0.000000	0.155317	0.340489	-0.042699	0.027612	0.194902	0.131786	0.086963	0.059153	0.089308	-0.003451	-0.025078	-0.099162	-0.200195	-0.211564	0.285259	-0.103894	-0.078466	-0.157183	-0.085847	-0.165086	-0.091397	-0.185030	-0.083535	0.182695	-0.038583	-0.154396	-0.169279	-0.093085	-0.241620	0.078646	0.145458	0.027716	-0.111869	-0.114761	-0.035593	-0.082975	0.239643	-0.001698	0.043698	-0.029136	0.118823	-0.027347	-0.027150	-0.056522	-0.193516	-0.197777	-0.147811	0.213542	-0.003205	0.506853	0.283322	0.049898	-0.079593	0.152050	0.268515	0.099434	0.030225	0.053686	-0.021173	-0.057148	-0.108689	-0.180731	-0.185181	-0.207026	-0.203715	0.118364	-0.145466	-0.160896	-0.091383	-0.153385	-0.124296	-0.187793	0.008471	-0.102411	0.044509	-0.113959	-0.210711	0.071176	0.083514	-0.141131	-0.066016	-0.036594	-0.110064	-0.173696	-0.217754	-0.073577	-0.134932	-0.041085	-0.040383	0.061354	0.173439	-0.018431	0.134615	-0.002841	-0.014001	-0.181668	-0.157107	0.214522	0.022447
0.155317	0.000000	0.432146	0.453322	0.517182	0.331171	0.266069	0.456892	0.297258	-0.049151	-0.041132	-0.024083	0.007953	0.002688	-0.035158	0.448421	0.010325	0.178971	0.037175	0.012263	0.028662	-0.036005	-0.010796	-0.079775	-0.041063	-0.066150	-0.078404	-0.142472	-0.034594	-0.105300	-0.061371	0.021175	0.047772	-0.033750	-0.038593	0.017240	-0.109373	0.021052	0.007623	0.003089	-0.129760	-0.082972	-0.077205	-0.089502	-0.069848	-0.123600	-0.095372	-0.095231	0.117692	-0.066414	0.222327	0.666308	0.346454	0.390730	0.431556	0.279387	0.425624	0.356212	-0.072939	-0.054539	-0.012744	0.002750	-0.024754	0.000107	0.026821	-0.038753	0.064786	0.039305	-0.019033	0.143421	0.017671	-0.026496	-0.013377	-0.001573	-0.036658	-0.066841	-0.026639	-0.079925	-0.065057	-0.000443	-0.133580	-0.160601	-0.086996	-0.054271	-0.090068	-0.138458	-0.073147	-0.142043	0.019216	-0.150264	-0.001288	0.001329	-0.003649	-0.065947	-0.099647	-0.099693	-0.114376	-0.110021	0.120527	-0.063560
0.340489	0.432146	0.000000	-0.051451	0.197353	0.595947	0.330253	0.440121	0.439279	0.087212	0.149583	0.139158	0.093899	-0.042997	-0.103233	0.213262	0.099949	0.132732	0.035651	-0.013077	-0.001535	0.052102	-0.081213	0.088620	0.130377	0.099875	-0.048315	-0.102550	0.029743	-0.164077	-0.075609	-0.137308	-0.228270	0.013661	0.015897	0.087136	-0.068178	0.041451	-0.000187	0.132037	-0.001126	0.105256	0.069461	-0.051299	-0.036076	-0.142729	-0.146311	-0.138173	0.345099	0.059575	0.182517	0.562829	0.011011	-0.082676	0.552830	0.643795	0.363234	0.425535	0.080012	0.130088	0.105129	0.076170	-0.003020	-0.026909	-0.046240	-0.099257	0.160735	0.078311	0.001086	0.103914	-0.008432	0.051333	-0.069695	0.126505	0.083691	0.151874	0.019496	-0.120566	-0.084797	-0.144396	-0.058937	-0.082255	-0.015042	0.007369	-0.077750	-0.189971	-0.068526	-0.125143	0.083129	0.024880	-0.187658	0.136643	0.009436	0.062879	0.065087	-0.066235	-0.140271	-0.143360	0.327265	0.080526
-0.042699	0.453322	-0.051451	0.000000	0.536841	-0.015083	0.082906	0.197233	0.034889	-0.171209	-0.153095	-0.110470	-0.026647	0.141476	0.152531	0.316719	-0.048958	0.119734	0.081178	0.029531	0.109506	-0.092093	0.153848	-0.137461	-0.186411	-0.143749	-0.049748	-0.080243	-0.023000	0.091339	-0.033298	0.222421	0.319432	-0.027391	-0.068250	-0.055734	-0.074783	0.006403	0.018256	-0.098668	-0.144245	-0.188359	-0.162578	-0.047679	-0.053363	0.002669	0.077232	0.053081	-0.098883	-0.099105	0.136061	0.277923	0.496615	0.734133	0.080051	-0.074309	0.248217	0.087679	-0.208424	-0.132169	-0.084354	-0.017968	0.060671	0.088696	0.150842	0.146039	-0.036985	0.021749	-0.002681	0.066086	0.071862	-0.067957	0.107635	-0.110026	-0.110496	-0.190022	-0.004529	0.070375	-0.032165	0.230361	-0.115209	-0.171382	-0.135988	-0.091392	-0.059979	0.034872	-0.032883	-0.091627	-0.028678	-0.214975	0.186243	-0.159561	-0.023833	-0.161687	-0.186941	-0.053634	0.002035	0.031882	-0.080079	-0.115803
0.027612	0.517182	0.197353	0.536841	0.000000	0.307907	0.088791	0.309464	0.283353	-0.087674	-0.067321	-0.065629	-0.011867	0.055085	0.037752	0.225003	-0.030903	0.110472	0.020051	0.070409	0.053069	-0.056479	0.049422	-0.100226	-0.137710	-0.095786	-0.042085	-0.059030	0.003325	-0.016477	-0.077969	0.030589	0.125177	-0.010695	-0.036367	0.070262	-0.020172	-0.055129	-0.005891	-0.080355	-0.085858	-0.123849	-0.111837	-0.023360	-0.032242	-0.054643	-0.006765	-0.016810	0.089664	-0.020023	0.090236	0.370847	0.317904	0.557638	0.455204	0.157657	0.270045	0.280828	-0.107992	-0.076366	-0.037620	-0.021186	0.017911	0.021753	0.057544	0.025699	0.009135	-0.005721	-0.025040	0.073118	0.032089	-0.061817	0.023074	-0.071847	-0.072056	-0.122337	0.005533	-0.024289	-0.081101	0.018975	-0.127243	-0.111323	-0.087655	-0.068887	-0.064093	-0.051549	-0.004780	-0.101607	0.051189	-0.151379	0.056530	-0.133879	-0.027637	-0.109806	-0.133589	-0.064880	-0.061587	-0.035460	0.090952	-0.040409
0.194902	0.331171	0.595947	-0.015083	0.307907	0.000000	0.368689	0.502058	0.625323	0.188144	0.170393	0.129858	0.138183	0.001208	-0.063122	0.126730	0.107159	0.161032	0.052730	0.065182	0.020772	0.071302	-0.063091	0.075906	0.140348	0.092178	-0.033142	-0.067887	0.094958	-0.138349	-0.072494	-0.166528	-0.208285	0.035347	0.036879	0.188521	-0.005800	0.025295	0.085356	0.202701	0.038048	0.080944	0.067454	-0.016758	-0.013536	-0.136596	-0.124751	-0.114692	0.522059	0.134188	0.067009	0.414595	0.005356	-0.013265	0.726009	0.743388	0.382923	0.533918	0.175390	0.130140	0.108138	0.108382	0.044657	0.003284	-0.017646	-0.067347	0.219778	0.090580	0.012470	0.117247	0.015802	0.067883	-0.062388	0.180340	0.073642	0.136612	0.077113	-0.096366	-0.080655	-0.187341	-0.083445	-0.068346	-0.020092	0.014255	-0.069279	-0.172281	0.003830	-0.098474	0.168082	0.032143	-0.161955	0.144258	0.110361	0.058871	0.050058	-0.037659	-0.139654	-0.127772	0.491079	0.150680
0.131786	0.266069	0.330253	0.082906	0.088791	0.368689	0.000000	0.531370	0.400302	0.230973	0.126431	0.123394	0.078726	-0.028659	-0.090735	0.316906	0.127856	0.190231	0.066770	0.059788	0.030305	0.065415	-0.041499	0.147142	0.159279	0.041006	-0.045378	-0.126492	0.057070	-0.150610	-0.014316	-0.107021	-0.129497	0.035089	0.024528	0.093668	-0.055069	0.137649	0.193709	0.460088	0.150005	0.091351	0.088241	0.007384	0.008630	-0.092744	-0.105314	-0.086291	0.297346	0.110224	0.078732	0.322441	0.212441	0.023634	0.329933	0.363855	0.476918	0.392973	0.158301	0.073150	0.077295	0.047288	-0.035813	-0.036297	-0.020723	-0.098382	0.476209	0.089930	-0.000008	0.114694	0.019846	0.070301	-0.055255	0.350038	0.088848	0.083324	0.035200	-0.111495	-0.028651	-0.126540	-0.079426	-0.092304	-0.001479	0.002330	-0.074976	-0.151172	-0.035133	-0.145544	0.103034	0.106514	-0.106846	0.174787	0.216866	0.083845	0.076158	0.013198	-0.081646	-0.105035	0.282061	0.126636
0.086963	0.456892	0.440121	0.197233	0.309464	0.502058	0.531370	0.000000	0.657388	0.114482	0.113549	0.107519	0.101417	0.038606	-0.041265	0.256801	0.172815	0.413765	0.136971	0.084125	0.122703	0.085833	0.008145	0.073066	0.042088	0.035784	-0.039455	-0.108140	0.072954	-0.118402	-0.076255	-0.179927	-0.174579	0.116600	0.037084	0.156388	-0.062618	-0.019324	0.055565	0.203302	0.030459	0.015900	0.011529	-0.046078	-0.015265	-0.120412	-0.125648	-0.101897	0.275053	0.044044	0.051267	0.486366	0.189721	0.143957	0.534537	0.480036	0.710269	0.720866	0.091964	0.095367	0.085455	0.082028	0.025445	0.044542	0.062712	-0.048271	0.270670	0.183023	0.110825	0.341101	0.103321	0.105827	0.027394	0.184224	0.091914	0.070331	0.070978	-0.084428	-0.088732	-0.195207	-0.077870	-0.096651	-0.013983	0.035079	-0.050096	-0.148281	-0.039675	-0.128944	0.151870	0.001973	-0.169823	0.060138	0.067044	0.000437	-0.000564	-0.054734	-0.111736	-0.105269	0.287722	0.055446
0.059153	0.297258	0.439279	0.034889	0.283353	0.625323	0.400302	0.657388	0.000000	0.212846	0.171626	0.134745	0.124360	0.039594	-0.022772	0.095732	0.125995	0.257458	0.080488	0.109700	0.080935	0.046439	-0.030251	0.084126	0.063841	0.035528	-0.014148	-0.072004	0.108668	-0.106229	-0.044457	-0.187301	-0.174664	0.070190	0.019570	0.298434	-0.004383	-0.003846	0.073870	0.210513	0.094826	0.051256	0.021936	0.010631	0.015449	-0.091535	-0.115708	-0.093851	0.372817	0.131697	-0.004139	0.354703	0.065426	0.046280	0.591264	0.609977	0.505954	0.767284	0.192319	0.143412	0.116132	0.105148	0.056916	0.053795	0.036483	-0.028675	0.295103	0.128803	0.030178	0.205035	0.068920	0.054025	-0.022572	0.208529	0.095970	0.084919	0.093810	-0.078432	-0.061052	-0.193853	-0.091107	-0.035392	-0.003381	0.004347	-0.043278	-0.161254	0.005818	-0.105965	0.232909	0.082235	-0.160881	0.072557	0.099800	0.019843	0.017538	-0.019108	-0.098564	-0.098475	0.380065	0.129756
0.089308	-0.049151	0.087212	-0.171209	-0.087674	0.188144	0.230973	0.114482	0.212846	0.000000	0.357708	0.316029	0.098476	-0.117988	-0.141518	0.046868	0.040327	-0.104296	-0.105078	-0.127813	-0.106419	0.035198	-0.185242	0.230100	0.512992	0.132295	-0.092238	-0.032252	0.037239	-0.150348	0.112524	-0.040552	-0.107093	-0.050078	-0.017225	-0.019102	0.020531	0.235098	0.210458	0.389659	0.040965	0.250663	0.128531	0.058449	0.029891	-0.167881	-0.214098	-0.194381	0.120460	0.003052	0.010185	0.006429	-0.088903	-0.184749	0.130234	0.207862	0.078525	0.119417	0.638906	0.230258	0.221432	0.038746	-0.067176	-0.124654	-0.161883	-0.152191	0.198091	-0.056842	-0.110573	-0.130653	-0.136849	0.003664	-0.188535	0.336930	0.165162	0.301681	0.021228	-0.087809	0.093623	-0.105332	-0.061042	-0.075578	0.099598	0.002653	-0.075804	-0.214087	0.028872	-0.048217	-0.046861	0.111450	-0.084791	0.296408	0.278773	0.224567	0.168439	0.059771	-0.158791	-0.204691	0.133515	0.040009
-0.003451	-0.041132	0.149583	-0.153095	-0.067321	0.170393	0.126431	0.113549	0.171626	0.357708	0.000000	0.625121	0.352864	0.131167	0.097344	-0.101619	0.246821	0.071345	0.141130	0.029746	0.074503	0.223646	0.020330	0.444245	0.270133	0.495086	0.073124	0.129957	0.212200	0.025660	-0.122135	-0.114675	-0.226027	0.128855	0.165834	0.143023	0.168027	-0.008464	0.087928	0.214948	0.199011	0.194068	0.289933	0.107176	0.067675	0.008684	-0.009190	-0.022866	0.228093	0.196500	-0.090155	0.014150	-0.168848	-0.157310	0.117903	0.195998	0.043908	0.147040	0.351491	0.571697	0.461523	0.288154	0.141603	0.073310	0.055144	0.075740	0.101907	0.159351	0.083574	0.028637	0.040018	0.192031	-0.003255	0.238578	0.350122	0.435437	0.193306	0.083310	-0.128089	-0.136347	0.080190	0.027678	0.059967	0.148168	0.040978	-0.077555	0.164374	0.073958	0.154166	0.212855	-0.190455	0.110455	0.122945	0.118002	0.240329	0.091377	0.003027	-0.038250	0.224209	0.222058
-0.025078	-0.024083	0.139158	-0.110470	-0.065629	0.129858	0.123394	0.107519	0.134745	0.316029	0.625121	0.000000	0.385625	0.197317	0.157929	-0.068207	0.342349	0.135259	0.218729	0.049175	0.152036	0.252075	0.103991	0.540862	0.222172	0.588377	0.108627	0.176904	0.227772	0.113627	-0.178477	-0.140601	-0.230829	0.139795	0.180222	0.150815	0.144146	-0.092709	0.051388	0.224067	0.138848	0.225073	0.337168	0.079571	0.057034	0.012699	-0.001273	-0.008102	0.156324	0.103612	-0.110250	0.002330	-0.120797	-0.118576	0.077272	0.142451	0.030079	0.130317	0.294275	0.576210	0.610290	0.322911	0.195867	0.122878	0.134101	0.133629	0.064981	0.245068	0.132704	0.075503	0.112760	0.254021	0.084212	0.238488	0.478994	0.521454	0.228326	0.186340	-0.183549	-0.150575	0.140393	-0.020591	0.052177	0.168038	0.089173	-0.054321	0.137720	0.094542	0.149279	0.161851	-0.236881	0.035833	0.097220	0.113047	0.280171	0.065013	0.014920	-0.015727	0.159645	0.126076
-0.099162	0.007953	0.093899	-0.026647	-0.011867	0.138183	0.078726	0.101417	0.124360	0.098476	0.352864	0.385625	0.000000	0.438729	0.337905	-0.113962	0.524819	0.227717	0.426093	0.183694	0.293237	0.478593	0.284911	0.339953	0.010394	0.326422	0.279458	0.290381	0.385291	0.254059	-0.124911	-0.133226	-0.163585	0.300533	0.396594	0.096176	0.201508	-0.109834	0.075648	0.118425	0.167605	0.083708	0.275708	0.100449	0.138918	0.198431	0.252643	0.192149	0.131448	0.184298	-0.154519	0.011253	-0.092027	-0.041127	0.067391	0.123186	0.039132	0.132711	0.095215	0.327496	0.373330	0.709865	0.476391	0.313392	0.294338	0.302232	-0.004995	0.414070	0.274526	0.177204	0.240943	0.389162	0.225079	0.102828	0.285668	0.207256	0.361041	0.286506	-0.149283	-0.140221	0.151009	0.049668	0.070255	0.264990	0.205464	0.153439	0.200211	0.182876	0.169519	0.081907	-0.193559	-0.042384	0.059311	-0.014573	0.143504	0.105815	0.179511	0.168527	0.126840	0.148371
-0.200195	0.002688	-0.042997	0.141476	0.055085	0.001208	-0.028659	0.038606	0.039594	-0.117988	0.131167	0.197317	0.438729	0.000000	0.746190	-0.141637	0.402844	0.290135	0.623583	0.263354	0.593007	0.296560	0.680898	0.177045	-0.170327	0.149156	0.351901	0.315488	0.413636	0.563981	-0.167586	-0.009044	-0.007888	0.253168	0.278183	0.086732	0.148413	-0.176046	0.000844	-0.049195	0.046753	-0.054370	0.064681	0.066159	0.046703	0.361798	0.514663	0.439620	0.009195	0.070602	-0.177528	-0.051478	0.016483	0.120127	-0.037401	-0.026673	-0.016961	0.062487	-0.116270	0.158018	0.172864	0.338325	0.561434	0.615601	0.653342	0.692942	-0.123614	0.441211	0.337230	0.214138	0.494652	0.280887	0.580123	-0.041064	0.176204	0.035305	0.429379	0.553206	-0.186609	0.000483	0.146335	-0.034870	-0.066746	0.145127	0.270744	0.374379	0.189821	0.213509	0.143636	-0.072486	-0.105060	-0.203209	-0.020758	-0.118500	-0.030427	0.048131	0.339979	0.412803	0.004865	0.032552
-0.211564	-0.035158	-0.103233	0.152531	0.037752	-0.063122	-0.090735	-0.041265	-0.022772	-0.141518	0.097344	0.157929	0.337905	0.746190	0.000000	-0.161600	0.254088	0.232245	0.461903	0.297404	0.610777	0.174708	0.654520	0.144737	-0.191776	0.115802	0.319464	0.351087	0.427088	0.634652	-0.171095	0.007351	0.023441	0.155715	0.188111	0.092539	0.136499	-0.203731	-0.040119	-0.091771	-0.016075	-0.090789	-0.012411	0.057369	0.009397	0.349185	0.464305	0.423495	-0.038313	0.023127	-0.173679	-0.100875	0.017575	0.141323	-0.101202	-0.089414	-0.067719	-0.002135	-0.126639	0.141792	0.164763	0.295658	0.544094	0.593622	0.673088	0.848702	-0.138644	0.341356	0.282503	0.185123	0.575289	0.218894	0.591756	-0.051748	0.176269	0.027165	0.462193	0.617939	-0.183192	0.033526	0.157629	-0.057194	-0.100256	0.102831	0.262755	0.389659	0.181783	0.232213	0.142957	-0.092484	-0.083300	-0.237162	-0.043054	-0.142389	-0.069073	0.036416	0.326884	0.423565	-0.033054	-0.008996
0.285259	0.448421	0.213262	0.316719	0.225003	0.126730	0.316906	0.256801	0.095732	0.046868	-0.101619	-0.068207	-0.113962	-0.141637	-0.161600	0.000000	-0.005039	0.116249	-0.042549	-0.091992	-0.072681	-0.024029	-0.089314	-0.046414	0.094655	-0.086298	-0.170264	-0.197223	-0.118778	-0.189998	0.035606	0.181457	0.229788	-0.019641	-0.057500	-0.122694	-0.181658	0.168485	0.069775	0.109881	-0.146208	-0.072703	-0.078997	-0.183656	-0.113003	-0.222312	-0.184139	-0.162100	-0.032374	-0.180082	0.384957	0.425258	0.473337	0.230080	0.172107	0.117774	0.286697	0.119714	-0.017560	-0.118646	-0.084118	-0.106993	-0.152475	-0.113132	-0.096492	-0.152744	0.131958	-0.027019	-0.043070	0.067280	-0.083468	-0.045330	-0.092747	0.036488	-0.033421	-0.064695	-0.109377	-0.149076	0.032806	0.123218	-0.091134	-0.170327	-0.103989	-0.063594	-0.155548	-0.188445	-0.151525	-0.178089	-0.132451	-0.157815	0.124744	0.092208	0.045519	-0.031522	-0.099626	-0.170144	-0.213031	-0.205891	-0.023343	-0.171573
-0.103894	0.010325	0.099949	-0.048958	-0.030903	0.107159	0.127856	0.172815	0.125995	0.040327	0.246821	0.342349	0.524819	0.402844	0.254088	-0.005039	0.000000	0.417264	0.620360	0.237057	0.403587	0.552367	0.334577	0.469318	0.031071	0.328063	0.253770	0.250097	0.432210	0.205430	-0.111134	-0.154210	-0.175019	0.494432	0.396835	0.076880	0.191079	-0.164465	-0.018305	0.088453	0.160806	0.066538	0.224750	0.027745	0.093775	0.139110	0.179900	0.170275	0.067542	0.128683	-0.163679	0.011508	-0.036215	-0.078788	0.050773	0.097854	0.096655	0.152034	0.022024	0.240853	0.252027	0.360398	0.297480	0.281858	0.322178	0.211186	0.002653	0.569342	0.455281	0.330851	0.321444	0.437352	0.297083	0.062669	0.394072	0.220574	0.387840	0.242775	-0.140467	-0.169505	0.289943	0.057585	0.057592	0.292778	0.233973	0.132165	0.190980	0.135712	0.171915	0.074494	-0.233951	-0.066516	-0.025754	-0.028691	0.120556	0.019315	0.129244	0.140774	0.062924	0.093921
-0.078466	0.178971	0.132732	0.119734	0.110472	0.161032	0.190231	0.413765	0.257458	-0.104296	0.071345	0.135259	0.227717	0.290135	0.232245	0.116249	0.417264	0.000000	0.439350	0.513566	0.454052	0.323352	0.332738	0.236345	-0.130337	0.127355	0.166543	0.123878	0.288509	0.147559	-0.124498	-0.184177	-0.114277	0.599451	0.261352	0.326376	0.083937	-0.238012	-0.088071	0.018899	0.198934	-0.051632	0.054583	-0.072220	0.025080	0.054545	0.144607	0.173773	0.126351	0.122734	-0.089116	0.143318	0.098219	0.077103	0.147452	0.130814	0.332094	0.333933	-0.103303	0.089000	0.087457	0.163745	0.193634	0.215104	0.313668	0.197329	0.070533	0.378790	0.498894	0.726229	0.459001	0.286102	0.321185	0.023609	0.194081	0.041869	0.288228	0.178442	-0.149183	-0.178160	0.223713	0.162353	0.009393	0.200231	0.161161	0.137050	0.100393	0.072262	0.412911	0.027467	-0.187247	-0.155164	-0.108611	-0.103029	-0.007344	-0.084753	0.051009	0.154443	0.146136	0.095130
-0.157183	0.037175	0.035651	0.081178	0.020051	0.052730	0.066770	0.136971	0.080488	-0.105078	0.141130	0.218729	0.426093	0.623583	0.461903	-0.042549	0.620360	0.439350	0.000000	0.288675	0.543359	0.375906	0.468992	0.269385	-0.108760	0.192321	0.260147	0.231115	0.449359	0.317243	-0.136319	-0.070615	-0.075657	0.424967	0.300319	0.085843	0.177248	-0.163391	-0.013986	-0.008795	0.095253	-0.016100	0.116917	0.029125	0.061678	0.204746	0.313984	0.264125	0.041178	0.116596	-0.160292	0.012637	0.044930	0.052119	0.011595	0.035936	0.078839	0.121268	-0.101954	0.162742	0.163260	0.314465	0.406030	0.455466	0.541535	0.416067	-0.067206	0.602488	0.467929	0.339580	0.438954	0.341285	0.414521	-0.020868	0.259606	0.083966	0.444708	0.344107	-0.159485	-0.064935	0.218952	0.008269	-0.019061	0.186543	0.214161	0.240640	0.204707	0.138889	0.175868	-0.022542	-0.143068	-0.143909	-0.036735	-0.085404	0.017765	0.022806	0.194408	0.242706	0.027371	0.071984
-0.085847	0.012263	-0.013077	0.029531	0.070409	0.065182	0.059788	0.084125	0.109700	-0.127813	0.029746	0.049175	0.183694	0.263354	0.297404	-0.091992	0.237057	0.513566	0.288675	0.000000	0.472130	0.161429	0.287970	0.157699	-0.194326	0.055420	0.264114	0.210896	0.441844	0.163526	-0.124257	-0.178226	-0.107337	0.386650	0.188568	0.387137	0.226603	-0.220505	-0.067980	-0.002290	0.256433	-0.073471	-0.011044	0.058366	0.093212	0.160118	0.222805	0.284634	0.209571	0.324433	-0.134124	-0.044032	-0.050223	0.040564	0.021242	0.019823	0.029104	0.127193	-0.122737	0.042905	0.044384	0.131045	0.193846	0.192603	0.285819	0.249535	0.083147	0.220281	0.358615	0.468946	0.562273	0.157000	0.266928	0.033054	0.113173	-0.036718	0.382120	0.194664	-0.149941	-0.165165	0.226483	0.260869	0.024043	0.118051	0.242135	0.193088	0.228991	0.140426	0.547481	0.158839	-0.141925	-0.167779	-0.047275	-0.112314	-0.035072	0.045901	0.167620	0.297654	0.213907	0.263601
-0.165086	0.028662	-0.001535	0.109506	0.053069	0.020772	0.030305	0.122703	0.080935	-0.106419	0.074503	0.152036	0.293237	0.593007	0.610777	-0.072681	0.403587	0.454052	0.543359	0.472130	0.000000	0.228945	0.530639	0.211777	-0.146232	0.127546	0.260640	0.226892	0.488137	0.412179	-0.135086	-0.059072	-0.059638	0.320128	0.173143	0.093424	0.097347	-0.205613	-0.066774	-0.037491	0.031893	-0.083882	-0.012100	-0.013270	-0.000992	0.216590	0.298970	0.302819	0.003958	0.061264	-0.157841	-0.021411	0.030085	0.081431	-0.015355	0.004586	0.055968	0.120058	-0.116526	0.109684	0.125032	0.213346	0.352230	0.423004	0.588551	0.552574	-0.067596	0.407792	0.422077	0.386614	0.743881	0.230461	0.482923	-0.020728	0.214214	0.045984	0.465969	0.417665	-0.153098	-0.053798	0.200601	0.001644	-0.092165	0.095543	0.232600	0.223996	0.138806	0.116666	0.196833	-0.044256	-0.151964	-0.186842	-0.066505	-0.147057	-0.054978	-0.036688	0.207080	0.305520	0.002439	0.033428
-0.091397	-0.036005	0.052102	-0.092093	-0.056479	0.071302	0.065415	0.085833	0.046439	0.035198	0.223646	0.252075	0.478593	0.296560	0.174708	-0.024029	0.552367	0.323352	0.375906	0.161429	0.228945	0.000000	0.326779	0.368607	0.010821	0.394119	0.350403	0.343398	0.326126	0.232631	-0.107759	-0.197846	-0.161126	0.502714	0.664137	0.047367	0.194841	-0.153970	0.066804	0.142238	0.212773	0.143732	0.450250	0.066564	0.191488	0.241616	0.325925	0.265261	0.044001	0.118667	-0.167098	-0.043257	-0.128068	-0.120620	0.029452	0.045030	0.030968	0.058651	0.026312	0.199308	0.174897	0.301519	0.268939	0.182032	0.178599	0.144031	-0.011101	0.375483	0.391774	0.267132	0.171579	0.577063	0.270399	0.066216	0.232090	0.218539	0.279580	0.230431	-0.145154	-0.224877	0.256295	0.140719	0.182360	0.478026	0.296744	0.259906	0.169001	0.244258	0.102342	0.097068	-0.210651	-0.048664	0.003256	0.037697	0.248692	0.047757	0.194165	0.197809	0.040423	0.076787
-0.185030	-0.010796	-0.081213	0.153848	0.049422	-0.063091	-0.041499	0.008145	-0.030251	-0.185242	0.020330	0.103991	0.284911	0.680898	0.654520	-0.089314	0.334577	0.332738	0.468992	0.287970	0.530639	0.326779	0.000000	0.164023	-0.206917	0.143187	0.430578	0.353786	0.348787	0.686799	-0.183184	0.022654	0.037383	0.284022	0.310772	0.074498	0.098099	-0.219070	-0.046421	-0.077529	0.032617	-0.075631	0.042967	0.013551	0.047965	0.421695	0.597466	0.591986	-0.049891	-0.014060	-0.159337	-0.078667	0.045024	0.130894	-0.082560	-0.097137	-0.015159	0.004506	-0.185326	0.069608	0.081125	0.211839	0.445777	0.482271	0.550490	0.641741	-0.097878	0.349505	0.339487	0.249420	0.469724	0.302083	0.741047	-0.064801	0.142732	0.008965	0.373195	0.660211	-0.202152	0.035900	0.190593	-0.021438	-0.059935	0.173979	0.357442	0.458330	0.132705	0.278420	0.125868	-0.071076	-0.088603	-0.242471	-0.075261	-0.148586	-0.043972	0.006622	0.409454	0.552214	-0.040412	-0.041441
-0.083535	-0.079775	0.088620	-0.137461	-0.100226	0.075906	0.147142	0.073066	0.084126	0.230100	0.444245	0.540862	0.339953	0.177045	0.144737	-0.046414	0.469318	0.236345	0.269385	0.157699	0.211777	0.368607	0.164023	0.000000	0.170824	0.478943	0.178538	0.203411	0.349868	0.119467	-0.122125	-0.156208	-0.201410	0.317373	0.275558	0.166827	0.175098	-0.129542	0.051069	0.281096	0.258279	0.169968	0.300671	-0.002724	0.062851	0.028665	0.062684	0.014236	0.062841	0.125331	-0.153652	-0.060894	-0.130155	-0.155896	0.017663	0.074147	-0.002837	0.077408	0.196604	0.372609	0.375293	0.221553	0.168865	0.070009	0.131564	0.106020	0.092173	0.248803	0.242410	0.132871	0.174503	0.315959	0.122643	0.284506	0.519089	0.392093	0.325968	0.196009	-0.143365	-0.160993	0.358672	0.032145	0.056310	0.233868	0.179323	0.024980	0.161987	0.104251	0.206456	0.280574	-0.234885	0.001355	0.094833	0.057066	0.257077	-0.005404	0.037020	0.003935	0.068502	0.123853
0.182695	-0.041063	0.130377	-0.186411	-0.137710	0.140348	0.159279	0.042088	0.063841	0.512992	0.270133	0.222172	0.010394	-0.170327	-0.191776	0.094655	0.031071	-0.130337	-0.108760	-0.194326	-0.146232	0.010821	-0.206917	0.170824	0.000000	0.204943	-0.126773	-0.062223	-0.013507	-0.191496	0.140283	0.128723	-0.079551	-0.085276	-0.048620	-0.091461	-0.051819	0.339816	0.125258	0.230298	-0.070766	0.282766	0.128873	-0.020742	-0.022309	-0.228235	-0.260692	-0.240780	0.068441	-0.088889	0.101860	0.045882	-0.062236	-0.204481	0.074123	0.181050	0.030558	0.010047	0.446118	0.178819	0.160383	-0.025767	-0.132931	-0.175769	-0.191243	-0.192099	0.103809	-0.075615	-0.123855	-0.158467	-0.172044	-0.015990	-0.208981	0.194313	0.128722	0.410897	-0.026827	-0.109593	0.145261	0.021220	-0.034520	-0.145833	0.062414	-0.016576	-0.105211	-0.254831	-0.046232	-0.072030	-0.125910	0.033035	-0.029065	0.451453	0.177304	0.309118	0.186169	-0.022922	-0.209757	-0.254090	0.063631	-0.044670
-0.038583	-0.066150	0.099875	-0.143749	-0.095786	0.092178	0.041006	0.035784	0.035528	0.132295	0.495086	0.588377	0.326422	0.149156	0.115802	-0.086298	0.328063	0.127355	0.192321	0.055420	0.127546	0.394119	0.143187	0.478943	0.204943	0.000000	0.211763	0.301241	0.252043	0.140933	-0.239738	-0.122283	-0.226775	0.185653	0.316785	0.092757	0.163241	-0.140096	-0.012386	0.129935	0.072391	0.262144	0.474508	0.072559	0.109121	0.044527	0.036884	0.027735	0.086163	0.049752	-0.125082	-0.034395	-0.161066	-0.163712	0.033711	0.089753	-0.033480	0.033993	0.149735	0.462725	0.459011	0.244120	0.166572	0.059632	0.089679	0.093708	-0.024308	0.209312	0.171994	0.063298	0.094571	0.353698	0.111621	0.141497	0.399748	0.604049	0.248587	0.225021	-0.238904	-0.135447	0.237658	-0.022064	0.100207	0.288893	0.200650	0.000739	0.136946	0.217668	0.100210	0.128208	-0.240896	0.018286	0.024987	0.112483	0.370733	0.054175	0.039642	0.010509	0.083521	0.069001
-0.154396	-0.078404	-0.048315	-0.049748	-0.042085	-0.033142	-0.045378	-0.039455	-0.014148	-0.092238	0.073124	0.108627	0.279458	0.351901	0.319464	-0.170264	0.253770	0.166543	0.260147	0.264114	0.260640	0.350403	0.430578	0.178538	-0.126773	0.211763	0.000000	0.563533	0.314834	0.384833	-0.156392	-0.158972	-0.088195	0.198635	0.510211	0.164171	0.211238	-0.195072	-0.001969	-0.024394	0.164007	0.079972	0.227910	0.220932	0.305951	0.612561	0.516169	0.531482	0.022188	0.134083	-0.208198	-0.118325	-0.132183	-0.048920	-0.064432	-0.058792	-0.083169	-0.005426	-0.074636	0.085554	0.096325	0.190487	0.297198	0.236682	0.259870	0.289083	-0.072871	0.224517	0.201691	0.128621	0.250433	0.315982	0.349789	-0.020258	0.131361	0.092362	0.303863	0.438794	-0.178112	-0.145102	0.194934	0.100318	0.207009	0.343483	0.684671	0.367233	0.198686	0.509056	0.169373	0.090678	-0.141346	-0.156317	-0.018026	-0.013116	0.137625	0.215960	0.571720	0.507689	-0.002721	0.073229
-0.169279	-0.142472	-0.102550	-0.080243	-0.059030	-0.067887	-0.126492	-0.108140	-0.072004	-0.032252	0.129957	0.176904	0.290381	0.315488	0.351087	-0.197223	0.250097	0.123878	0.231115	0.210896	0.226892	0.343398	0.353786	0.203411	-0.062223	0.301241	0.563533	0.000000	0.368745	0.435726	-0.163399	-0.143099	-0.095516	0.208484	0.405779	0.141660	0.315407	-0.239187	-0.059202	-0.068224	0.073288	0.110609	0.184752	0.250080	0.202514	0.479937	0.363258	0.400937	-0.012828	0.086556	-0.215788	-0.184464	-0.159442	-0.072592	-0.096629	-0.107946	-0.153271	-0.064022	-0.009523	0.175834	0.175215	0.235838	0.347261	0.241124	0.265067	0.316051	-0.135198	0.247871	0.227213	0.103862	0.225631	0.329531	0.327023	-0.032299	0.208596	0.210702	0.379692	0.523006	-0.188691	-0.143840	0.219321	0.071909	0.133114	0.314092	0.500223	0.329681	0.259626	0.642282	0.151972	0.039432	-0.164007	-0.179928	-0.050123	0.015483	0.120084	0.177910	0.400934	0.391186	-0.029596	0.040628
-0.093085	-0.034594	0.029743	-0.023000	0.003325	0.094958	0.057070	0.072954	0.108668	0.037239	0.212200	0.227772	0.385291	0.413636	0.427088	-0.118778	0.432210	0.288509	0.449359	0.441844	0.488137	0.326126	0.348787	0.349868	-0.013507	0.252043	0.314834	0.368745	0.000000	0.249394	-0.140694	-0.145572	-0.152905	0.354973	0.276242	0.196859	0.428973	-0.197810	-0.024534	0.058925	0.159799	0.054713	0.091042	0.123016	0.116128	0.190868	0.233864	0.231490	0.148903	0.242157	-0.178288	-0.049595	-0.095821	-0.022154	0.031133	0.072567	0.008151	0.111191	0.039854	0.218200	0.206399	0.282642	0.366347	0.266960	0.379447	0.361842	0.024804	0.402951	0.405367	0.244673	0.472188	0.334368	0.307990	0.111026	0.293167	0.197120	0.741738	0.335164	-0.161059	-0.157931	0.312507	0.098443	0.027974	0.201770	0.292103	0.196727	0.434939	0.216875	0.323342	0.157125	-0.197629	-0.110441	0.027519	-0.011713	0.078798	0.090358	0.189350	0.248564	0.152527	0.210342
-0.241620	-0.105300	-0.164077	0.091339	-0.016477	-0.138349	-0.150610	-0.118402	-0.106229	-0.150348	0.025660	0.113627	0.254059	0.563981	0.634652	-0.189998	0.205430	0.147559	0.317243	0.163526	0.412179	0.232631	0.686799	0.119467	-0.191496	0.140933	0.384833	0.435726	0.249394	0.000000	-0.165081	0.024426	0.044690	0.149019	0.221701	0.017846	0.076491	-0.190371	-0.004153	-0.076457	-0.028821	-0.064314	0.050988	0.017587	0.003436	0.468898	0.515224	0.517224	-0.140908	-0.048741	-0.198897	-0.171716	-0.031853	0.082092	-0.153292	-0.166888	-0.136689	-0.090676	-0.134377	0.087745	0.125490	0.215713	0.438947	0.447813	0.470910	0.626015	-0.194057	0.246789	0.217010	0.111499	0.377546	0.223810	0.625071	-0.078122	0.125279	0.032086	0.277210	0.718396	-0.182610	0.037874	0.132863	-0.064932	-0.096295	0.108604	0.313693	0.430085	0.096460	0.306073	0.029538	-0.101652	-0.087009	-0.231011	-0.058737	-0.139998	-0.033419	-0.020746	0.408259	0.496907	-0.133478	-0.083246
0.078646	-0.061371	-0.075609	-0.033298	-0.077969	-0.072494	-0.014316	-0.076255	-0.044457	0.112524	-0.122135	-0.178477	-0.124911	-0.167586	-0.171095	0.035606	-0.111134	-0.124498	-0.136319	-0.124257	-0.135086	-0.107759	-0.183184	-0.122125	0.140283	-0.239738	-0.156392	-0.163399	-0.140694	-0.165081	0.000000	0.176687	0.180989	-0.081272	-0.115353	-0.093784	-0.080204	0.242393	0.042655	-0.001534	-0.035078	0.127626	-0.035896	0.137407	0.092059	-0.104195	-0.129847	-0.123935	-0.084669	-0.055462	0.142256	-0.042468	0.052737	-0.031754	-0.063117	-0.055250	-0.026513	-0.066737	0.098782	-0.169898	-0.175292	-0.123474	-0.169678	-0.139479	-0.156633	-0.166466	0.027964	-0.138062	-0.131242	-0.112771	-0.153344	-0.154090	-0.202567	-0.020152	-0.136026	-0.134980	-0.141493	-0.184858	0.651744	0.184256	-0.112168	-0.018179	0.140466	-0.123052	-0.161349	-0.144533	-0.082950	-0.133081	-0.124405	-0.038476	0.202801	0.164190	0.027645	0.201869	0.006819	0.153305	-0.117315	-0.151972	-0.085011	-0.068443
0.145458	0.021175	-0.137308	0.222421	0.030589	-0.166528	-0.107021	-0.179927	-0.187301	-0.040552	-0.114675	-0.140601	-0.133226	-0.009044	0.007351	0.181457	-0.154210	-0.184177	-0.070615	-0.178226	-0.059072	-0.197846	0.022654	-0.156208	0.128723	-0.122283	-0.158972	-0.143099	-0.145572	0.024426	0.176687	0.000000	0.490778	-0.184839	-0.212550	-0.180772	-0.139224	0.377682	0.034417	-0.108829	-0.185882	-0.128942	-0.171405	-0.118982	-0.146768	-0.081485	-0.015027	-0.039191	-0.193585	-0.193245	0.314427	0.005843	0.260850	0.175062	-0.158736	-0.150665	-0.125701	-0.209523	-0.095198	-0.135502	-0.148864	-0.108773	-0.073121	-0.053370	-0.015725	0.027971	-0.132274	-0.131973	-0.164782	-0.213811	-0.098534	-0.205339	-0.037425	-0.147072	-0.146941	-0.127496	-0.122228	0.011268	0.197463	0.725535	-0.122496	-0.204531	-0.204773	-0.233510	-0.176098	-0.072238	-0.102178	-0.118294	-0.202662	-0.211422	0.380754	0.101547	-0.010980	-0.060533	-0.173007	-0.120128	-0.079818	-0.072975	-0.187789	-0.183931
0.027716	0.047772	-0.228270	0.319432	0.125177	-0.208285	-0.129497	-0.174579	-0.174664	-0.107093	-0.226027	-0.230829	-0.163585	-0.007888	0.023441	0.229788	-0.175019	-0.114277	-0.075657	-0.107337	-0.059638	-0.161126	0.037383	-0.201410	-0.079551	-0.226775	-0.088195	-0.095516	-0.152905	0.044690	0.180989	0.490778	0.000000	-0.081483	-0.107210	-0.122163	-0.087655	0.210440	0.066763	-0.136496	-0.075239	-0.143528	-0.129668	-0.034921	-0.054927	0.011230	0.081514	0.049607	-0.236408	-0.134948	0.241536	-0.032306	0.303140	0.260446	-0.160933	-0.232925	-0.135332	-0.206936	-0.184422	-0.220740	-0.208621	-0.140387	-0.077128	-0.038543	-0.006990	0.031359	-0.144267	-0.139583	-0.112594	-0.134595	-0.096919	-0.195097	-0.018792	-0.207952	-0.206306	-0.247227	-0.149419	-0.011438	0.169198	0.449730	-0.100145	-0.073012	-0.102643	-0.152737	-0.102342	0.028743	-0.080432	-0.056877	-0.160797	-0.194584	0.437481	-0.101001	-0.041802	-0.093361	-0.186685	-0.046886	-0.011646	0.002707	-0.225541	-0.175717
-0.111869	-0.033750	0.013661	-0.027391	-0.010695	0.035347	0.035089	0.116600	0.070190	-0.050078	0.128855	0.139795	0.300533	0.253168	0.155715	-0.019641	0.494432	0.599451	0.424967	0.386650	0.320128	0.502714	0.284022	0.317373	-0.085276	0.185653	0.198635	0.208484	0.354973	0.149019	-0.081272	-0.184839	-0.081483	0.000000	0.432434	0.264624	0.302609	-0.211715	-0.016960	0.046214	0.412123	0.042460	0.221115	0.002364	0.147830	0.126361	0.259157	0.254596	0.093024	0.270426	-0.186619	-0.064829	-0.080877	-0.052399	0.006994	0.010059	0.049101	0.091053	-0.064263	0.113144	0.077403	0.178530	0.158314	0.140227	0.218971	0.112098	-0.018376	0.356850	0.588695	0.506084	0.277492	0.345468	0.242723	-0.005976	0.142498	0.076423	0.281869	0.126860	-0.126080	-0.197675	0.313468	0.360221	0.146001	0.320310	0.190626	0.236033	0.265621	0.146566	0.348496	0.148445	-0.147072	-0.144732	-0.084536	-0.039520	0.080423	-0.017943	0.098404	0.197095	0.085868	0.204104
-0.114761	-0.038593	0.015897	-0.068250	-0.036367	0.036879	0.024528	0.037084	0.019570	-0.017225	0.165834	0.180222	0.396594	0.278183	0.188111	-0.057500	0.396835	0.261352	0.300319	0.188568	0.173143	0.664137	0.310772	0.275558	-0.048620	0.316785	0.510211	0.405779	0.276242	0.221701	-0.115353	-0.212550	-0.107210	0.432434	0.000000	0.134373	0.249171	-0.182616	0.051036	0.088994	0.258361	0.136761	0.473978	0.161833	0.331161	0.352770	0.424726	0.369391	0.076735	0.160852	-0.188278	-0.064632	-0.127737	-0.076772	0.003410	0.006413	-0.014523	0.031184	0.000346	0.157359	0.147433	0.263965	0.242976	0.168683	0.172915	0.155586	-0.015814	0.285741	0.310365	0.209470	0.146100	0.505855	0.243841	0.032595	0.162105	0.170113	0.237836	0.241750	-0.155917	-0.223191	0.209215	0.169205	0.290206	0.591416	0.422333	0.322647	0.212934	0.370422	0.144315	0.095726	-0.159550	-0.083964	-0.002474	0.049721	0.256246	0.170164	0.311103	0.290620	0.056401	0.104125
-0.035593	0.017240	0.087136	-0.055734	0.070262	0.188521	0.093668	0.156388	0.298434	-0.019102	0.143023	0.150815	0.096176	0.086732	0.092539	-0.122694	0.076880	0.326376	0.085843	0.387137	0.093424	0.047367	0.074498	0.166827	-0.091461	0.092757	0.164171	0.141660	0.196859	0.017846	-0.093784	-0.180772	-0.122163	0.264624	0.134373	0.000000	0.370147	-0.135561	0.010654	0.064146	0.392535	0.047580	0.062230	0.153684	0.157068	0.086088	0.126037	0.138915	0.392205	0.437575	-0.128417	-0.008605	-0.122150	-0.039431	0.148522	0.137585	0.078041	0.269275	0.006203	0.154697	0.126897	0.069339	0.078244	0.046379	0.081155	0.063852	0.149979	0.067632	0.127702	0.278858	0.136242	0.048051	0.052758	0.098668	0.123015	0.064097	0.166772	0.047832	-0.118124	-0.165483	0.094103	0.278295	0.094304	0.081185	0.127371	0.064325	0.323902	0.130550	0.676457	0.245932	-0.123706	-0.093301	0.013214	0.013204	0.037628	0.134732	0.081515	0.128897	0.360886	0.405237
-0.082975	-0.109373	-0.068178	-0.074783	-0.020172	-0.005800	-0.055069	-0.062618	-0.004383	0.020531	0.168027	0.144146	0.201508	0.148413	0.136499	-0.181658	0.191079	0.083937	0.177248	0.226603	0.097347	0.194841	0.098099	0.175098	-0.051819	0.163241	0.211238	0.315407	0.428973	0.076491	-0.080204	-0.139224	-0.087655	0.302609	0.249171	0.370147	0.000000	-0.123576	0.049750	0.021649	0.327717	0.130582	0.170938	0.283799	0.242139	0.195345	0.223151	0.202726	0.207253	0.452715	-0.193874	-0.140395	-0.170217	-0.038775	-0.022796	-0.045306	-0.106956	-0.019183	0.044259	0.178399	0.139979	0.145078	0.159393	0.078832	0.127596	0.096723	0.001989	0.187315	0.234368	0.078466	0.094966	0.182783	0.070325	0.047725	0.111715	0.128048	0.382616	0.104799	-0.108790	-0.146499	0.178509	0.260894	0.184895	0.194652	0.192642	0.179114	0.746811	0.256909	0.359615	0.231119	-0.070258	-0.103401	0.041934	0.091027	0.117434	0.250339	0.182880	0.188750	0.170037	0.407037
0.239643	0.021052	0.041451	0.006403	-0.055129	0.025295	0.137649	-0.019324	-0.003846	0.235098	-0.008464	-0.092709	-0.109834	-0.176046	-0.203731	0.168485	-0.164465	-0.238012	-0.163391	-0.220505	-0.205613	-0.153970	-0.219070	-0.129542	0.339816	-0.140096	-0.195072	-0.239187	-0.197810	-0.190371	0.242393	0.377682	0.210440	-0.211715	-0.182616	-0.135561	-0.123576	0.000000	0.429829	0.232054	0.069088	0.135246	0.059959	0.058805	-0.025448	-0.071314	-0.107439	-0.155638	0.021124	0.050966	0.248142	0.071490	0.076438	-0.044825	0.005715	0.054484	0.002576	-0.059258	0.148632	-0.084423	-0.122593	-0.110504	-0.193596	-0.163409	-0.196307	-0.190821	0.102681	-0.166048	-0.260397	-0.251657	-0.245405	-0.206295	-0.257126	0.083620	-0.188235	-0.068005	-0.223955	-0.230409	0.237997	0.290655	-0.239448	-0.099417	-0.028787	-0.216122	-0.261782	-0.216359	-0.121788	-0.189447	-0.172756	-0.000969	0.261690	0.435491	0.302397	0.178789	0.020194	0.060871	-0.099915	-0.195796	-0.002856	0.021583
-0.001698	0.007623	-0.000187	0.018256	-0.005891	0.085356	0.193709	0.055565	0.073870	0.210458	0.087928	0.051388	0.075648	0.000844	-0.040119	0.069775	-0.018305	-0.088071	-0.013986	-0.067980	-0.066774	0.066804	-0.046421	0.051069	0.125258	-0.012386	-0.001969	-0.059202	-0.024534	-0.004153	0.042655	0.034417	0.066763	-0.016960	0.051036	0.010654	0.049750	0.429829	0.000000	0.453576	0.276920	0.168890	0.271436	0.121422	0.085602	0.132914	0.132916	0.008641	0.079329	0.174751	-0.032924	0.008617	0.007860	-0.003457	0.053267	0.063882	0.033718	0.038146	0.172187	0.037318	0.033750	0.040388	-0.013334	-0.009917	-0.046402	-0.038006	0.142996	-0.012995	-0.080037	-0.105021	-0.106074	-0.010421	-0.101167	0.241331	-0.067776	-0.018320	-0.058636	-0.073353	0.024140	0.009945	-0.107485	0.037414	0.045774	-0.040831	-0.094299	-0.019875	0.042118	-0.050143	-0.025545	0.133759	0.120668	0.244492	0.524346	0.146918	0.143996	0.116940	0.081380	-0.044698	0.047433	0.110700
0.043698	0.003089	0.132037	-0.098668	-0.080355	0.202701	0.460088	0.203302	0.210513	0.389659	0.214948	0.224067	0.118425	-0.049195	-0.091771	0.109881	0.088453	0.018899	-0.008795	-0.002290	-0.037491	0.142238	-0.077529	0.281096	0.230298	0.129935	-0.024394	-0.068224	0.058925	-0.076457	-0.001534	-0.108829	-0.136496	0.046214	0.088994	0.064146	0.021649	0.232054	0.453576	0.000000	0.285122	0.210709	0.262225	0.019049	0.040492	-0.021998	-0.025295	-0.087067	0.196847	0.141799	-0.035735	0.048211	-0.040718	-0.129603	0.141372	0.203521	0.151843	0.160011	0.298832	0.148480	0.156137	0.063966	-0.021620	-0.066868	-0.077442	-0.099080	0.371127	0.014589	-0.027605	-0.034790	-0.053630	0.095267	-0.101333	0.510627	0.113062	0.171989	0.028242	-0.070142	-0.019626	-0.123600	-0.007803	-0.008496	0.057727	0.040455	-0.050682	-0.084424	0.022511	-0.074022	0.060795	0.257177	-0.081809	0.241084	0.413243	0.156889	0.219658	0.046571	-0.018211	-0.106966	0.185208	0.140739
-0.029136	-0.129760	-0.001126	-0.144245	-0.085858	0.038048	0.150005	0.030459	0.094826	0.040965	0.199011	0.138848	0.167605	0.046753	-0.016075	-0.146208	0.160806	0.198934	0.095253	0.256433	0.031893	0.212773	0.032617	0.258279	-0.070766	0.072391	0.164007	0.073288	0.159799	-0.028821	-0.035078	-0.185882	-0.075239	0.412123	0.258361	0.392535	0.327717	0.069088	0.276920	0.285122	0.000000	0.177643	0.340816	0.255092	0.260906	0.262847	0.296110	0.246019	0.315393	0.595687	-0.164845	-0.137781	-0.226647	-0.145476	-0.000965	0.027007	-0.036399	0.064315	0.009397	0.135477	0.053711	0.071598	-0.007053	-0.030453	-0.024646	-0.046417	0.219829	0.048975	0.134957	0.134482	0.001149	0.069602	-0.036672	0.133417	-0.016015	-0.012516	0.051393	-0.091877	-0.082821	-0.176897	0.076420	0.448941	0.182172	0.119611	0.054090	0.126211	0.241876	0.063564	0.362082	0.448358	-0.018767	-0.015527	0.137110	0.094079	0.152566	0.239885	0.207528	0.168002	0.257174	0.492234
0.118823	-0.082972	0.105256	-0.188359	-0.123849	0.080944	0.091351	0.015900	0.051256	0.250663	0.194068	0.225073	0.083708	-0.054370	-0.090789	-0.072703	0.066538	-0.051632	-0.016100	-0.073471	-0.083882	0.143732	-0.075631	0.169968	0.282766	0.262144	0.079972	0.110609	0.054713	-0.064314	0.127626	-0.128942	-0.143528	0.042460	0.136761	0.047580	0.130582	0.135246	0.168890	0.210709	0.177643	0.000000	0.425916	0.278651	0.223801	0.083850	0.003012	-0.015089	0.106888	0.139731	-0.000789	-0.028735	-0.162907	-0.201737	0.059423	0.116951	-0.008987	0.024828	0.256075	0.189384	0.166246	0.034869	-0.034070	-0.082369	-0.098708	-0.098364	0.109679	0.010452	-0.023650	-0.071947	-0.105838	0.104234	-0.096370	0.192627	0.083771	0.352927	0.028648	-0.038561	0.077657	-0.118607	0.010631	0.039427	0.252960	0.106386	0.033022	-0.054235	0.090971	0.124341	0.020908	0.191758	-0.069205	0.160373	0.157864	0.539647	0.398791	0.277273	0.069188	-0.043843	0.104002	0.125890
