0,-0.0179927295745387,0.418580457031133,-0.134325781568034,-0.123064302249996,0.277605950449003,0.0942047674553583,0.172197404655608,0.0838156146209573,0.19835823577766,0.0739227517834623,0.0303630653848516,0.122784709191699,-0.044750977192757,-0.0184485900000059,0.0950672404349623,-0.0652392189023073,-0.0265808555258291,-0.0460436874699076,0.136982198057531,0.132580114797236,0.0201887340563809,0.051449071892399,0.132168711504748,0.180435092838281,-0.0711025369504188,0.0619071905734227,0.117264526974169,0.0841678289823478,-0.0211520874731574,0.0908898078516053,0.36502786282623,-0.139977797844349,-0.00831946335010498,0.0408772714409633,0.102875547782016,0.0979156556800149,0.363788612005691,0.192296968340126,0.144829253217615,0.162461237185796,0.21266713964914,-0.00629288829333352,0.160581742152063,0.119777135534576,0.067161879317986,0.0903214404534656,-0.0137931320756969,0.363638054684788,0.204869122247817,0.179171852574404,0.0586567414456942,-0.379538100589855,-0.070613154205582,0.178850416491902,0.318770567121153,0.0765263917801036,0.128767876767185,0.201766315779779,0.14627766339099,0.0935809843249261,0.0845638268443978,0.0456634503012571,-0.0421922576511331,0.0250262363049601,0.0127186055154636,0.105343396080595,-0.0310772317791532,0.0235245166138923,-0.0315661387579063,0.144433058650684,0.0242338469027968,-0.0253209421314593,0.259412531981567,0.1499423421032,0.1743375669345,0.174374452569146,0.0673513921716135,0.0683298217532061,-0.313115276076829,0.063878816930064,0.00464006084603011,0.0247004641210612,-0.0788716779508885,0.0125066739095049,-0.0930561665905286,0.0682375532505316,0.0808960909410795,0.0968840914573448,0.0963206904676782,-0.468000367826703,0.385805296472227,0.300444967983819,0.277633890454013,0.166006356309123,0.212292795509661,0.0531568499468526,-0.00147737739001176,0.389708716876963,0.113044124404159
-0.0179927295745387,0,0.398633818105902,0.487994340645453,0.658768209162359,0.292076220122494,0.338102729275601,0.578307311791291,0.349068520490633,-0.133339892145854,-0.00844535341609317,-0.16391970119217,-0.0110086611676765,0.0214674427947682,-0.036966451415559,0.57745854638628,0.140578721595635,0.389670538742368,0.259637582590698,0.130562837054826,0.00164297402958063,0.225628909262564,0.161335774690923,-0.197542127452022,-0.0559437812418288,-0.0196718693542436,0.0813880912340896,0.0772904042324603,0.0884164504317832,-0.119025947059459,0.102888001514938,0.207348727049336,0.180992208957256,0.23464796264709,0.300370109302408,0.324392839348874,0.202944041290893,-0.0698579561681357,-0.201724167930983,-0.163367792438796,-0.015718267412491,-0.280959368599978,-0.012308302459253,0.0928536775925402,0.167268426463567,0.068899837807162,-0.175964365416364,0.0599661920931451,0.172107797730918,-0.0763286329199139,0.351636502798075,0.800753506214808,0.492974044939953,0.548983350206883,0.532507195064915,0.308869374349249,0.686875364897891,0.287905002003273,-0.0813800381354752,-0.125955208974077,-0.165257818399277,-0.0580022646328917,-0.0279558124607536,-0.0457854847219665,-0.0709563332045951,-0.0294029017666478,0.377762166795924,-0.0318887021080432,0.159940934526548,0.386132775963287,-0.0944137767295607,0.2052114424694,0.0626060061482941,-0.115068974065544,-0.117710730977183,-0.129085667270054,-0.0410985924025781,-0.0848300193079366,0.17554408310082,0.272989511427329,-0.0817852253985465,0.135724790140574,0.236475455181603,0.246106812981161,0.141490649572982,-0.043787181559992,0.127822247368912,0.111054149410179,0.175183325562801,-0.140206369679751,0.187122706304375,-0.116092867403262,-0.219511817810373,0.0273961929718623,-0.14191744017332,0.012039317993574,0.0672721874119719,0.0635674290630501,0.113866278739163,-0.150418534058887
0.418580457031133,0.398633818105902,0,-0.0551213206524047,0.158344388627897,0.714789384717953,0.320399298589074,0.327162499532403,0.597223969133492,0.139896764562429,0.174361958141921,0.104742692592202,0.175235580369761,-0.0336285960514264,0.0737063159335535,0.171009367880004,-0.192040036434842,-0.0649063552187745,-0.00166386759162137,0.132810331361596,0.0976787762318397,-0.179823250481023,0.0184893612393366,0.166751046077759,-0.0797755959142069,-0.0133117414865866,0.101973875658392,0.0483610302677059,0.0846975336978212,-0.121568073570705,0.0959037141770217,0.0879535342544412,0.057020595859942,-0.172869221227948,-0.0622551399181311,0.340163090465963,-0.0485518639873828,0.122242214260527,0.130521067631644,0.211576719468736,0.111645565801115,0.0551416707792189,0.0500881328834988,0.188824758197987,0.151070370853258,0.1305421800674,-0.00596229142437816,-0.0627494083841753,0.589254148344216,0.169678174515892,0.345824928548635,0.532402833640406,-0.0167262665414969,-0.0148005258087539,0.64745954708878,0.803453927363493,0.296160598695227,0.520661254890907,0.121511513738508,0.126134730126946,0.0731192221358064,0.149351358305313,0.134706785726177,0.105743073479585,0.105194942166277,0.13107850407588,0.489646401985291,0.00792813459340366,-0.276997214707666,-0.0243138370508559,0.00723045399958795,-0.0103901016221509,0.0389493857169098,0.195276753513197,0.124177329454621,0.0158992821393531,0.244425648058214,0.032989290407824,0.0346361276299577,0.0334947073105759,-0.242278988125389,-0.299688468351792,-0.0662872365972711,-0.226916016375421,-0.000849382977526148,-0.301943251459754,-0.0888410397233619,-0.0636383681398601,0.115177370488508,0.063974148779353,-0.0275619524204396,0.0728685868675166,0.16131062459098,0.0457891933560939,0.104428809044909,0.201040735249007,0.116201638563631,-0.0307966102857016,0.444906444109659,-0.00925999270398572
-0.134325781568034,0.487994340645453,-0.0551213206524047,0,0.565430460464835,-0.121775395562167,0.163148020959526,0.130123275083809,-0.0938510017302006,-0.0384869726963744,0.0110628162213899,-0.010340378225302,0.0532185527544898,0.0321911603325095,0.115473774714123,0.376246807277117,0.107159844712469,0.20603066435896,0.176718223982449,0.040922901794928,0.041285311144377,0.164966257386338,0.30446758178721,0.0388688199615351,0.0652193627115462,0.0623657157569531,0.316725781155182,0.253131763032134,0.0650267718925279,0.29654761087358,0.0306726787729183,0.114083525415089,0.0261120312475743,0.162386922339627,0.325772243092592,0.0455087544600891,0.187091491170105,-0.006554816698307,-0.0115648255045502,-0.0501347038141567,-0.050226331718949,-0.0261890975924494,0.111671065821005,0.152643745070368,0.234227297324535,0.375066714814227,0.171404982110607,0.35269621461764,-0.160193352002083,-0.0695944283752261,-0.0721036757227919,0.230068744062216,0.637002570038723,0.854303042192025,0.00650167020560823,-0.114556688567304,0.286488461303597,-0.136149944072912,-0.015207770791483,-0.000149653519535902,0.0448547285832933,0.00489020238758479,0.0976954410252427,0.018423316576956,0.0305145375528943,0.11947758354917,0.179745212020471,-0.0483001904007783,0.170505759256328,0.123422408763079,-0.0632208364150686,0.228187664121794,0.234044826665231,0.0070213051674401,-0.0317566834724534,0.10876008911523,-0.0114273190908439,0.211482496115259,0.0603725361144947,0.342776181560184,0.110357747932343,0.238766961417845,0.328939390410736,0.196838614756696,0.347912503927217,0.196548331746284,0.149203885878009,0.2465964605097,0.0229995709905729,-0.0389996335304503,0.184022465023221,-0.0644886846673296,-0.0602810831212506,0.192983004219156,0.0796749253415956,0.109288781054976,0.381628679328569,0.39709291790216,-0.1062468449923,-0.0622583086116759
-0.123064302249996,0.658768209162359,0.158344388627897,0.565430460464835,0,0.272921905229698,0.328568182590055,0.548652415035038,0.350536552410476,-0.00899708929155463,0.130259687381967,-0.0697398641253385,0.0810697821499392,0.222331535252976,0.162533554943444,0.335254469410289,0.215238659449103,0.349144146746865,0.275526604535121,0.251352365313512,0.137590799393463,0.261817402801558,0.214634359133061,-0.116909788717542,0.0550877572790035,0.0597884515858286,0.104313398451705,0.165335518723002,0.248267271968411,0.0149364633125702,0.0935232805327713,0.108774955987172,0.0429529125205399,0.246295975507612,0.294095770872932,0.295037315900422,0.305455126094456,0.0111817138219069,-0.112876696881477,-0.115457948512468,0.0154439337531326,-0.159186612532428,0.0407270010967069,0.281334074336865,0.276667618244075,0.130859270645978,-0.0926595250005267,0.154749248019399,0.188697456798329,0.0750162830205514,0.0390683229137785,0.424517738916982,0.424667291420513,0.667832345090934,0.482808409397526,0.203268801752332,0.496403824657291,0.307941109470395,0.0168875587478113,0.020064458902516,-0.0711265708883804,-0.0211437362668225,0.0670179183988523,0.14142955466504,0.0612048712363744,0.122395874595894,0.355244403740971,0.105713983068737,0.0995878139966297,0.376753673317021,-0.0262026042780596,0.246854004486008,0.128627168913017,-0.0291980759138909,-0.0193383468668076,-0.0326721878789819,0.137747274072702,-0.0241826655833475,0.192224672959375,0.122927071257176,-0.207814673627994,0.0908840399199908,0.313025681128524,0.098919830618399,0.179314745428577,-0.0521093077385137,0.289851343631268,0.138918053179013,0.26791339254726,-0.0524858411855894,0.0773086833588225,-0.0336358245775201,-0.0714557341963622,0.118089815546084,-0.093166296916766,0.207896419962308,0.140654259546521,0.12467406343478,0.116918965922049,0.0167713786732326
0.277605950449003,0.292076220122494,0.714789384717953,-0.121775395562167,0.272921905229698,0,0.442086578609199,0.459573547097011,0.791181684803369,0.28097480560342,0.371095364353558,0.201385476968153,0.314492689219451,0.212415747209235,0.214422585758024,-0.095481536200901,-0.091023440122342,-0.138929608369873,0.0969187914225802,0.247283445856321,0.214627011557898,-0.141467724742128,0.0197634384359341,0.221550758699196,0.0856998743229882,0.135833805581652,0.0681035202437395,0.0411676264159006,0.281869332580292,-0.141635814932646,0.0173509626920043,0.0118032762195841,-0.105018099628189,-0.215085466610512,-0.081785052980225,0.426082259652199,0.0622640126568112,0.172741129807248,0.188488610772481,0.321913094089905,0.187302409890594,0.221555924378734,0.19278019848523,0.354237861804179,0.233477113171079,0.111765514606719,-0.000766909419709242,-0.0622118706721094,0.780180819444841,0.355061157953631,0.026619581754197,0.386014053484978,-0.0618491256678598,0.0193569433149029,0.784581141226022,0.85457185350238,0.198173004497469,0.748931827393187,0.184405071356021,0.292426437185499,0.183250544743385,0.244561669921888,0.271132727936168,0.300072764118836,0.247485949792413,0.229877604934348,0.571710512022459,0.147177783123614,-0.430147899773627,-0.0657108296120188,-0.00473538834675914,0.0388005814144283,0.0304806518025969,0.345073953109546,0.228704087208963,0.114234108747918,0.421705169029944,-0.0164008892508155,-0.00503008052179728,-0.0893954223048887,-0.383603476160603,-0.409693214994386,-0.0451724916165121,-0.380152624634909,-0.0361889892861818,-0.417655964173036,0.0506002767027627,-0.155514002917035,0.231971018751608,0.22560610143935,-0.12601280258713,0.171700015840385,0.282405645387919,0.0931190972368418,0.125673928501011,0.314025679565965,0.107421453577575,-0.0636341774093239,0.579007328969412,0.196114243326336
0.0942047674553583,0.338102729275601,0.320399298589074,0.163148020959526,0.328568182590055,0.442086578609199,0,0.357930070170818,0.461532068214536,0.136026772335484,0.0621640452713712,-0.0109041586639002,0.153834676590784,-0.038887575079951,-0.1136284624975,0.19729611021196,0.0748561254507561,-0.0198184432311822,0.0910384558885486,0.173894419107269,-0.0212679114142085,0.0445117950960255,-0.0320016230965302,0.125030344656352,0.0884374367783232,0.0706517460605444,0.0447265088453379,0.023363101394573,0.102403110718558,-0.157279497623679,0.103619842977438,0.141702608173433,0.0927604825311434,-0.0366105247085542,0.0648561905869184,0.192226931472922,0.037599502937728,0.150097471921529,0.112140563279381,0.416924528562577,0.209305880176604,0.0430179368250879,0.127375267898423,0.245291837260195,0.150662111802173,0.053901628090349,-0.0813085629974155,-0.0637310050157404,0.336031584501615,0.181642474728544,0.137426205975258,0.28826887831079,0.224484144829324,0.253687174999696,0.439224194059952,0.374196039441046,0.270710454016235,0.342419832757804,0.0813723804537668,0.0432208282013827,0.0337193979800633,0.153123203229038,0.0461522186013157,-0.0104504357961988,-0.00414374606452376,-0.110879093822549,0.695845807377242,0.0264620423612044,-0.16114863769731,-0.0276096749191203,-0.15056071145957,0.181123443508607,-0.0579719476280609,0.380684917769411,0.0569116225433019,0.0186087994382898,0.0983362474411523,-0.0742787044847711,0.134948464710808,0.128365092060561,-0.0673886688151154,-0.084315735231603,0.107727474425011,-0.0713209382957217,0.0656217568354979,-0.146859032135522,0.026735944392762,-0.0779517171317386,0.141101300358534,0.382452366413708,0.0843839386696738,0.161844167766904,0.197595309350578,0.116861465149909,0.160515887655054,0.234602241399782,0.0725583142342007,-0.0105226809859121,0.274813842967908,0.169701838000425
0.172197404655608,0.578307311791291,0.327162499532403,0.130123275083809,0.548652415035038,0.459573547097011,0.357930070170818,0,0.55281520542826,0.0223135223597179,0.245144447887872,0.00622473678611473,0.0139773562216402,0.284989435446724,0.0542884265566593,0.34911319841377,0.30157192116011,0.498761910027345,0.415222002827773,0.312697760010252,0.289216787471349,0.341962348525968,0.210910088291128,-0.147862486882899,0.162384993825615,0.0673587952393547,-0.0372802956780419,0.0678179477982538,0.304159277955374,-0.134327836022873,0.0573559913654542,0.0856003549305625,-0.180421402712323,0.357612968357028,0.215089817548049,0.445565983951749,0.384773824256206,0.0434384905490982,-0.172850568785341,-0.132226037587573,0.124741998639686,0.00291403576057242,0.0066882108523408,0.182165595920049,0.191714241691784,-0.0751381777315427,-0.190857621047078,0.0133826094366381,0.403135556482025,0.131362169023333,0.0266736960227087,0.483769927126963,0.122377018944494,0.302840051441373,0.594089506080702,0.353244594719626,0.645711587483498,0.577078941304815,0.0153759907088695,0.157476066506974,-0.0181467682105378,-0.0620607424796284,-0.0584250817743457,0.13165381350117,0.136354397204007,0.0358950576198683,0.346901461323202,0.287937310425314,0.168995562342612,0.533247094714208,0.125103258248994,0.351593849606508,0.0580458881946233,0.0421607711562905,0.131488651433788,0.126077053393189,0.184301921735531,-0.0936846099285457,0.115214162636132,-0.241555742691271,-0.163010410357326,0.0125869053538197,0.280553345521192,0.157439227484976,0.0333665477897704,-0.106084218701815,0.358105140885559,0.106328497043062,0.449852225155357,-0.0736430524499068,-0.304813836896289,0.0930696044402444,-0.0801252292968097,0.182926465256135,-0.0490254650052651,0.0826105207254016,-0.056885437778781,-0.0603449161659414,0.388278397388713,0.0848581162416575
0.0838156146209573,0.349068520490633,0.597223969133492,-0.0938510017302006,0.350536552410476,0.791181684803369,0.461532068214536,0.55281520542826,0,0.26423511784819,0.410705185577886,0.156232369416763,0.204758680899447,0.297589122762095,0.260438267060639,0.0426732449132223,-0.014709809922699,-0.0201601437782046,0.21415752601581,0.278394272823599,0.274487838382819,-0.10770742452996,0.0210513154820556,0.125184626932727,0.127458489697454,0.085190732063471,0.0775247713945628,-0.0112902843354646,0.303776216133035,-0.191936044970771,0.0282338835637771,0.0121477737952888,-0.0583656274284335,-0.127017675124474,-0.0284975116205374,0.511825438296941,0.0808117640955796,0.179104805497909,0.153728488003701,0.247113348501184,0.227538115787039,0.116184015026324,0.121967910586237,0.323046396511674,0.224756622021889,0.0773406624689802,-0.0481301988668093,-0.0485628164283158,0.641216074931342,0.319771794567534,0.020503619830629,0.40395793233258,0.0851979171143613,0.0199315283829349,0.71825594246636,0.758848236392624,0.273799762503483,0.849939512003469,0.189035578012792,0.334214678237665,0.158017197901159,0.133014293216352,0.188636276426124,0.371737072888516,0.304003037319712,0.266925722836572,0.594958652592553,0.25040232806969,-0.371472214471592,0.0903497583399273,0.0152872144618778,0.0764167067934146,0.0619096770758683,0.233897410034665,0.255674783004736,0.0969069014506406,0.356820592373652,-0.0602726167334732,0.036281140347179,-0.0202305989949569,-0.459535501317215,-0.355305465240725,0.000397836562735343,-0.3103123103114,0.000299739867231032,-0.410642647731907,0.0789666093465489,-0.143058783920229,0.322117994871357,0.210029765039408,-0.0352442531942217,0.11726562885481,0.163178257072337,0.129834795725033,0.0438446759828365,0.251258526454754,0.0806125848316998,-0.0686018739968765,0.445329158047246,0.191978129347646
0.19835823577766,-0.133339892145854,0.139896764562429,-0.0384869726963744,-0.00899708929155463,0.28097480560342,0.136026772335484,0.0223135223597179,0.26423511784819,0,0.564406515716114,0.351813975740665,0.403531514616057,0.10828460084947,0.178723070503712,-0.280811492535374,-0.161895778874836,-0.270084933542392,-0.107760882328926,0.156176811214872,0.151874204721181,-0.126719884075313,0.040607734496186,0.522743022084312,0.58391578690594,0.110413662159686,0.105280722143531,0.0589040500056902,0.323206339644884,0.0622198476039037,0.0126031893270091,-0.00337685092133969,-0.299524594863447,-0.201980984521184,-0.0983898976799367,0.215819323330401,0.117180456758772,0.543895767203542,0.520427272278289,0.584781602255258,0.289847089934806,0.492637330260207,0.261895220564331,0.310870745396506,0.092205661565876,0.171438143772562,0.28917464378007,0.0465977705992256,0.326357841223901,0.453097419965013,-0.286817669762042,-0.169289831451204,-0.259691916347375,0.0220558681741565,0.0932931171571337,0.267987730260582,-0.250128526145665,0.22334293920476,0.763808978667841,0.62358994296452,0.530917028524282,0.349362177633529,0.360645315823815,0.119368646923282,0.104123156140594,0.182003626878854,0.215282550754656,-0.0097840526764338,-0.2696673377663,-0.249607772778101,-0.0551865871554204,0.00572228184169059,0.0312814936015953,0.632783987553841,0.627496151950788,0.405270689769202,0.447862129898345,0.0997262811838815,0.0267770468864788,-0.198587949550462,-0.00721921204564173,-0.121706731055866,7.9414286695155e-05,-0.338697606468876,-0.0368114269700471,-0.171453239356229,0.17702588654941,-0.111115949060349,0.208631057467462,0.403531324904154,-0.23889716901973,0.468777147140714,0.641205111830149,0.497976564047162,0.460878928867369,0.32454719335334,0.183783317800521,0.0782160044781778,0.328841529256606,0.433654328309685
0.0739227517834623,-0.00844535341609317,0.174361958141921,0.0110628162213899,0.130259687381967,0.371095364353558,0.0621640452713712,0.245144447887872,0.410705185577886,0.564406515716114,0,0.601002556312954,0.467219275665721,0.388326580358725,0.398267191406415,-0.160187701232229,0.0817779677530575,-0.0788252242829822,0.176365650403576,0.233373212979792,0.337035895319348,-0.0165333019120317,0.146569862385223,0.461024277776012,0.42820286392013,0.294457501306372,0.116938770075621,0.196259099487613,0.438980388715959,0.153840103982998,-0.0830632595716983,-0.102112302602422,-0.347221369913105,-0.0602550102439994,-0.0208741481540734,0.348661826761749,0.337817324122686,0.190691161722462,0.268932837858824,0.252479303717857,0.255247809947657,0.468425019488914,0.28069641227449,0.350953394957056,0.218365707909645,0.201742068299507,0.227473182683294,0.16471138023121,0.371145374502278,0.418697561103816,-0.316327493309902,-0.0281574856528247,-0.0723319378899333,0.0826817770247574,0.230860728115443,0.325675565975234,-0.0546550243507135,0.407380695644349,0.371501303213112,0.705112308086692,0.558200070425172,0.393189042004802,0.388340633568983,0.336571705158107,0.332878328022803,0.367971036361065,0.166904436919485,0.247035406528043,-0.237767808513564,-0.0283209971185817,0.0578201412305099,0.20949983196625,0.132126696301463,0.29896883183451,0.550866579744414,0.493686796114618,0.528778619487501,0.181367398103677,-0.128352676993588,-0.175210004969152,-0.129168900482823,-0.149453842075467,0.130258582369271,-0.270382531209704,0.00978215032218873,-0.198599604000814,0.387462035980156,-0.01481504415091,0.314717252764143,0.196626699926447,-0.23792270129338,0.177019975456389,0.266429321616656,0.317263271265896,0.325147432349658,0.290591927946729,0.20747078909742,0.11127301224534,0.320970080833618,0.311280630196034
0.0303630653848516,-0.16391970119217,0.104742692592202,-0.010340378225302,-0.0697398641253385,0.201385476968153,-0.0109041586639002,0.00622473678611473,0.156232369416763,0.351813975740665,0.601002556312954,0,0.445656872873115,0.336676708974437,0.366552531544714,-0.13577471373456,0.223751762494775,-0.0744393344242219,0.213153022582352,0.161687169843665,0.305664711683607,0.0595331276661767,0.155200886452852,0.55353394498244,0.179063939640682,0.612427054679359,0.163646858151769,0.277092862151164,0.321327624348739,0.278855182679273,-0.306657047653589,-0.256254463196559,-0.365857643591881,-0.0101883906128087,-0.0592418827656863,0.246637602452575,0.297725972190471,-0.105119947520514,0.189899494835385,0.183250215134207,0.279332669067658,0.530928367324845,0.498722911996115,0.160493886224099,0.219251596171943,0.242821681072701,0.247731419942202,0.18996498740101,0.192038642043636,0.325455691392763,-0.266417902530007,-0.170589935623521,-0.0202818914167808,-0.00892028770826417,-0.000113291828919118,0.13780799747365,-0.207064110275895,0.170095076139092,0.154516992258731,0.585524660557619,0.692703192492832,0.451296123813296,0.301720857526133,0.29761938062791,0.37029552658181,0.33445077612828,0.0676693071898346,0.456832991033241,-0.172329822643255,-0.0734602720230636,0.107451936964844,0.365369972283738,0.207437041283191,0.247892056126471,0.531658938384108,0.635544206403953,0.491213222904888,0.308199301476709,-0.398207269398299,-0.217369075911136,0.0939572810110323,-0.0740842450426223,0.21991678443725,-0.266337368205765,0.100077825096112,-0.128707751595635,0.330777979580856,0.0523540212663142,0.207727181117134,0.188558805061774,-0.20869374217078,-0.0648770392416359,0.223778501091384,0.193560727844735,0.398871178618458,0.19884771236406,0.253346800299162,0.194440168501764,0.14826639670555,0.209335062770757
0.122784709191699,-0.0110086611676765,0.175235580369761,0.0532185527544898,0.0810697821499392,0.314492689219451,0.153834676590784,0.0139773562216402,0.204758680899447,0.403531514616057,0.467219275665721,0.445656872873115,0,0.23221196565046,0.351076719946633,-0.193046855943073,0.045808653498223,-0.239338138961001,0.0481860953307874,0.209283985423745,0.19383947869519,0.0830086596356693,0.158684360882434,0.495974459214578,0.208142605864123,0.320052352237446,0.229244237844284,0.4324976789047,0.427962910755473,0.218201941725395,-0.150955838851356,0.0129178483542258,-0.18336376280252,-0.175107666823021,0.0874565182862147,0.117113178022826,0.228436613744865,0.119099462349224,0.31260894033399,0.313855361433472,0.195355900390257,0.336317358338874,0.419816969547692,0.377845168334205,0.333219734587432,0.306864859652048,0.294990208241583,0.169829169094936,0.323336142079019,0.396699815063583,-0.169275573656566,-0.0690197658830341,-0.129287488868416,0.112787209526576,0.161465305116632,0.290051343249672,-0.17932029528553,0.203554497709358,0.294859220532321,0.383712397564798,0.538152714863805,0.844399230818434,0.659427425986737,0.162139799377858,0.178097842716279,0.31761584077161,0.220694141216433,0.037578264043664,-0.273051981760612,-0.252324566709579,-0.0271859818562189,0.235166019931783,0.105326263214443,0.320364610565966,0.316404938540011,0.305227277643381,0.568111231906476,0.29045854191586,-0.174042105902403,-0.133774749484962,0.0285191958295629,-0.10782303999289,0.111786303426493,-0.227009762776011,0.174595431932551,-0.0941598323260859,0.215927590461011,0.143934181760297,0.0222653640658336,0.271654059036799,-0.115393702930566,0.122662023287777,0.383176390279836,0.170184796696627,0.28675097962176,0.374760356788352,0.28999780764223,0.217753030715066,0.212438675495773,0.217745926557861
-0.044750977192757,0.0214674427947682,-0.0336285960514264,0.0321911603325095,0.222331535252976,0.212415747209235,-0.038887575079951,0.284989435446724,0.297589122762095,0.10828460084947,0.388326580358725,0.336676708974437,0.23221196565046,0,0.612869599040935,-0.0386615206389626,0.337539926527495,0.2082080012327,0.541262354394144,0.328540503644769,0.568657531350298,0.231237864259717,0.554284230031614,0.0194888795620561,0.13508903940868,0.232143876617233,0.357591262291679,0.362779133692145,0.400689995807895,0.367256640658607,-0.268900931875463,0.000336055128563374,-0.234363604477717,0.0835449003514066,0.30720285164985,0.234636931951242,0.294257327630796,-0.0350725763517216,-0.046852259005044,-0.142484582440873,0.0253709706638848,0.116334280473093,0.10559878608763,0.218856200451623,0.383511869189879,0.329907862573077,0.260896808826146,0.370976723473918,0.205152613428406,0.198535668080638,-0.303154866181268,-0.0607541428315849,0.135264648507908,0.092297198538241,0.126262669023517,0.108683306698106,0.0927499523046256,0.38638410947183,0.0768428453692104,0.377633274723718,0.285090403354323,0.103118022458184,0.349324874790606,0.616508417816029,0.558766921220696,0.533948012531526,0.14285065208974,0.502882769899328,-0.00944413293218273,0.255882912759606,0.355605240006639,0.327798019377717,0.558297863642176,-0.0170922143889376,0.345218879408078,0.246998425266512,0.351337324183678,0.410180874739692,-0.23342956971681,-0.122727282534288,-0.210003050665862,-0.144984168589145,0.109186627337232,-0.0801714806537601,0.35440568365581,0.0318428975042961,0.276634412715684,0.247163476849643,0.248566487446645,-0.000340243437140315,-0.185607859125096,0.0293257108878075,-0.00360956398334479,0.0752297785564658,-0.0648844108089408,0.222941530594706,0.359685039751581,0.365686004990943,0.115464435974164,0.153037700602964
-0.0184485900000059,-0.036966451415559,0.0737063159335535,0.115473774714123,0.162533554943444,0.214422585758024,-0.1136284624975,0.0542884265566593,0.260438267060639,0.178723070503712,0.398267191406415,0.366552531544714,0.351076719946633,0.612869599040935,0,-0.157106215381826,-0.0184760470693957,-0.0310671590477432,0.342525517892637,0.451382624179877,0.570496874301716,0.0133493159063344,0.578667284100165,0.31107244103058,0.0691105044577817,0.30407632092448,0.565148071835193,0.562710327710947,0.446827950343623,0.531875615832032,-0.42767626273891,-0.0673522002319348,-0.313224408844526,-0.131225068154644,0.327444146717144,0.225271323897098,0.155174640528014,0.0148214155765584,0.109942845514979,0.0725575767192674,-0.0686639652760657,0.172383186476217,0.256570757851205,0.194771097563675,0.426055689387818,0.558679113602738,0.487114507766344,0.5124346271766,0.256123274878221,0.177898746501503,-0.358593426731248,-0.0845823142329929,0.053311210386174,0.117652811305764,0.0442933101841524,0.215197887771313,-0.058265871414409,0.347076328932005,0.134972428398275,0.397652953813754,0.397802847195513,0.231414261410464,0.571544402127911,0.654525893160742,0.643941222583891,0.905849262580534,0.231497436471317,0.200873334329643,-0.181502465125328,-0.0451940374901357,0.472545141902582,0.255431501589025,0.638449295201212,0.167970796631163,0.344071958861819,0.305965967579896,0.560689559769298,0.642110619121692,-0.416656042406631,-0.148833691612956,-0.0774539618259691,-0.210531322982478,0.0856379184363008,-0.0954492012026042,0.515905356666483,0.144088023542388,0.149856217908929,0.411075562842133,0.16883061284187,-0.0112561377319978,-0.207162449525203,0.115320691739033,0.202477293447425,0.0917101603842837,0.0504570883661968,0.179706326188968,0.576910561586184,0.553714273374539,0.184061552389691,0.0255997385065996
0.0950672404349623,0.57745854638628,0.171009367880004,0.376246807277117,0.335254469410289,-0.095481536200901,0.19729611021196,0.34911319841377,0.0426732449132223,-0.280811492535374,-0.160187701232229,-0.13577471373456,-0.193046855943073,-0.0386615206389626,-0.157106215381826,0,0.265698546172888,0.535697290409875,0.326843294400129,0.0499390296082744,0.0329739075758316,0.339894992992528,0.155222869554523,-0.2450432372645,-0.122106937831631,-0.058575526614955,0.0734276665563567,0.0339005421465522,-0.108341973607373,-0.0671672854903111,0.0216164878365228,0.326816210310845,0.163175538896796,0.442516102028304,0.345430171737798,0.106904199739846,0.131910235588914,-0.156614162717744,-0.315965517015816,-0.307458201026815,-0.063010696132501,-0.28351456922588,-0.0476893017446848,-0.189840101226962,0.112284138563708,0.0270284199518568,-0.181676605868211,0.0909988784848283,-0.205249308972673,-0.29660248421743,0.425721510556026,0.511958650689725,0.52714770772028,0.323079353810061,0.146823225564476,-0.0809041670246719,0.547108302169731,-0.0212411525675617,-0.206602892554673,-0.177292415578902,-0.170488050907564,-0.175225651081168,-0.267469376187471,-0.122035359087646,-0.0484952080534899,-0.1564205959216,0.127102109639537,0.128192881894071,0.401317840575021,0.448101573102093,0.0728461633280134,0.279240224473401,0.0464611906908598,-0.27362358870656,-0.162342320591967,-0.0730000654386819,-0.256100318501916,-0.0661254942675332,0.019834619459551,0.203517081166626,0.0683260749100522,0.276185504091156,0.321594320271918,0.42592140601698,0.19228705443567,0.11022223693664,0.074527953705931,0.200503443800159,0.0280615668444751,-0.293403204578091,0.0614290434918189,-0.150989335190251,-0.364688432090122,-0.0432569269919007,-0.147889351071669,-0.209114900040841,0.0269734473300992,0.0956850993335109,-0.18486164528783,-0.331450922120569
-0.0652392189023073,0.140578721595635,-0.192040036434842,0.107159844712469,0.215238659449103,-0.091023440122342,0.0748561254507561,0.30157192116011,-0.014709809922699,-0.161895778874836,0.0817779677530575,0.223751762494775,0.045808653498223,0.337539926527495,-0.0184760470693957,0.265698546172888,0,0.500200008974709,0.531506513305688,0.0939269199952868,0.260043262645901,0.685834483167455,0.168520621905545,-0.0887496736026985,0.10416234150755,0.343169687587001,-0.0830093270594772,0.199154169440812,0.368084705681093,0.0634922714610029,0.0646479099507286,0.0792106553726568,0.0211341842776117,0.588943017911232,0.234838092452025,0.0820547750892499,0.482712801600012,-0.172902652912176,-0.273189351272234,-0.346153460562536,0.0768614849211477,0.0147646316308194,0.195667171646443,0.140424166858974,0.137733155577384,-0.112432621988539,-0.158671671123607,0.0585689933515871,-0.159673730683303,-0.0559563019412784,-0.0418106958571673,0.00175228168574428,0.176896063117187,0.152767322012386,0.044334541741809,-0.218090304170178,0.245514858490149,-0.0375952948909733,-0.202678883451953,-0.00753420320339315,-0.0167494152796242,-0.0401421456078485,-0.170927325792177,-0.0186351769694167,0.0391285262532548,-0.0872173673675142,-0.0173705904431778,0.494541193617974,0.404086564539598,0.475192574961592,0.0961628352734762,0.535748430661979,0.0512514129828325,-0.252372058235734,0.136648512920032,0.219677557003677,0.121232138725818,-0.0277529270304055,0.116310438430283,-0.0894906246489295,0.0761095159896143,0.245500945872934,0.42039010581594,0.281158472826072,0.0856883596638026,-0.000528434614000474,0.452151223368715,0.179986560413052,0.2284460726865,-0.128872007887333,-0.0890258572188889,-0.216486397134843,-0.262682451985323,0.0188734872925544,0.0370930747477502,0.114025472278851,-0.0946395863769292,-0.0235272516320689,-0.107020864225963,-0.058509412617628
-0.0265808555258291,0.389670538742368,-0.0649063552187745,0.20603066435896,0.349144146746865,-0.138929608369873,-0.0198184432311822,0.498761910027345,-0.0201601437782046,-0.270084933542392,-0.0788252242829822,-0.0744393344242219,-0.239338138961001,0.2082080012327,-0.0310671590477432,0.535697290409875,0.500200008974709,0,0.487840364669948,0.349870545637346,0.255899139407943,0.597345231741829,0.389295205129196,-0.283018030950793,-0.130303543100625,0.0386054656526405,0.0329908635389732,0.16910454459681,0.08616882574782,0.0605848234164068,0.0626269621325237,0.0381357511213726,0.0222200392106928,0.810965921032906,0.484299058864832,0.27015064871682,0.396332015575368,-0.230506414136028,-0.395736233958966,-0.492843933898838,0.0236589261147033,-0.254067701292587,-0.0707280226832509,-0.127105629906904,0.152140352932584,-0.0641751383360508,-0.135971060435938,0.234121526661891,-0.178776844232587,-0.174301917986487,0.0894595387379091,0.230295822600796,0.306713766091582,0.2355873817919,0.0901557375234408,-0.221157353720194,0.596438309224102,0.0125742977418659,-0.216333717482812,-0.122114429299411,-0.209363864651425,-0.290325384713106,-0.24365597343584,-0.0205006777611826,0.00235440483490003,-0.0702021445029699,-0.0408414415035171,0.346971139044431,0.742410251202232,0.860038913913701,0.33599932616285,0.431657382190548,0.213512844329928,-0.32213752408142,-0.0215556150288565,0.00942943978724968,-0.105312843628188,-0.00351311417285699,0.1160969340799,-0.123420866436435,0.166320752146722,0.416110274376409,0.436182278943177,0.57335968599212,0.223648921268845,0.280549077698365,0.341340482631895,0.336566663017443,0.424387870564675,-0.402900004493123,-0.115763827872945,-0.187573425758061,-0.366526548014193,-0.0562853446820073,-0.165349326259047,-0.171124860292389,-0.0351246778382567,0.103480202628891,-0.0730528941236263,-0.178654234745737
-0.0460436874699076,0.259637582590698,-0.00166386759162137,0.176718223982449,0.275526604535121,0.0969187914225802,0.0910384558885486,0.415222002827773,0.21415752601581,-0.107760882328926,0.176365650403576,0.213153022582352,0.0481860953307874,0.541262354394144,0.342525517892637,0.326843294400129,0.531506513305688,0.487840364669948,0,0.313398696026069,0.509846481359037,0.479199362507245,0.450585528728444,0.0203675076526313,-0.0489246274551976,0.235399764755421,0.268028274961715,0.378186582738537,0.370997593955319,0.195657681987942,-0.231863071250452,0.0249446946042245,-0.167043465803675,0.417259940362334,0.490556181792101,0.28836404952783,0.464877039261596,-0.177865326346611,-0.21298415496971,-0.287674336048737,0.0184010165030647,0.0222439225699591,0.266491478110249,0.125474725822771,0.452616016342184,0.230491416926545,0.0861021690975923,0.356577836882178,0.0191842092360085,-0.00247794111347571,-0.116303603829206,0.149275438918395,0.377989773844027,0.202781657750947,0.150826466970544,-0.0127334033840357,0.32060342118331,0.285935648807733,-0.118968590438851,0.159855041279262,0.10263254406844,-0.00932522909560834,0.168870637739751,0.42251269391432,0.444066601075739,0.321575829145917,0.154729982861509,0.559450169998284,0.25681100741091,0.436700202085485,0.329037647411545,0.602027235289066,0.449917993720047,-0.143543526424824,0.177310844874568,0.211066195263941,0.254000152708652,0.247160777812275,-0.210312644290213,-0.0565320260444142,-0.0624210138319827,0.081528642601647,0.435318346528452,0.276418494850943,0.40121116573633,0.160881322658339,0.382031193883694,0.366060155017234,0.205756550821943,-0.193133525287368,-0.184380414479152,-0.11849445622878,-0.171555839517184,0.0281055590522315,-0.0181509326035741,0.0967970561026783,0.243902802635394,0.320160513000326,-0.0302340285473336,-0.126787538717791
0.136982198057531,0.130562837054826,0.132810331361596,0.040922901794928,0.251352365313512,0.247283445856321,0.173894419107269,0.312697760010252,0.278394272823599,0.156176811214872,0.233373212979792,0.161687169843665,0.209283985423745,0.328540503644769,0.451382624179877,0.0499390296082744,0.0939269199952868,0.349870545637346,0.313398696026069,0,0.548748849597499,0.194906293211345,0.44350947342839,0.227771281176015,0.0259582996184358,0.23569633007259,0.355912183066068,0.4406620438142,0.473118056703629,0.191789860844174,-0.155988905205736,-0.0329807873210387,-0.184051994482309,0.28554753680773,0.420666258875206,0.453608334740359,0.335017061062119,0.0226023795485032,0.104729233179813,0.119155956288733,0.265558211916679,0.13043978756603,0.258583266093055,0.241890707997068,0.454198946865514,0.31194770695231,0.234341431767873,0.4046685098462,0.327840888427489,0.351909812356451,-0.133770559900947,0.0456984534465581,0.0151626077936086,0.119154468318974,0.214111630498559,0.186889451208531,0.205533111377382,0.359712981342306,0.122686859084759,0.189902165100929,0.17908099074253,0.123549796410553,0.283954713712282,0.295714934146142,0.355236299882836,0.436844836785912,0.356167905625065,0.20429855839952,0.171918403306005,0.317630820892122,0.517600299950063,0.332139296931145,0.386405386887537,0.260795862566255,0.249737453834814,0.203430705830456,0.471606229274885,0.280031602408922,-0.149742228108248,-0.273549680121806,0.172527626801826,0.141678356903279,0.371459870106033,0.126341244222917,0.399701128954364,0.105807369819861,0.300642003175483,0.332524513864761,0.567742959205907,0.0702904940909012,-0.207503735743386,0.160648629616478,0.228762624771179,0.0835866476857189,0.141483051925276,0.223843774864368,0.335774554766499,0.339101733157111,0.328624132667838,0.210709721942168
0.132580114797236,0.00164297402958063,0.0976787762318397,0.041285311144377,0.137590799393463,0.214627011557898,-0.0212679114142085,0.289216787471349,0.274487838382819,0.151874204721181,0.337035895319348,0.305664711683607,0.19383947869519,0.568657531350298,0.570496874301716,0.0329739075758316,0.260043262645901,0.255899139407943,0.509846481359037,0.548748849597499,0,0.233060434831988,0.416574300090466,0.231572511202968,0.155292396240148,0.182199582722115,0.313578408867362,0.312244013047642,0.564966131423464,0.20783234009915,-0.0776330587667642,0.0289389958818238,-0.267248652476061,0.253860036583941,0.258986266761923,0.224280811932476,0.304749937897575,0.0476158479918512,0.0559965132707051,-0.0523823297217823,0.150655537987586,0.223938030498661,0.20588646495704,0.253538422188694,0.394999415366959,0.278704564080418,0.201582195459885,0.324846737079436,0.206813682894411,0.275595591970785,-0.249180156242839,-0.0716778281462305,0.047680371939074,0.0612859840892047,0.12477972610719,0.136881009271572,0.101125197234528,0.386543251667741,0.124063269361063,0.361296515772427,0.236214554080204,0.0847794120862858,0.260584367373073,0.542115919021678,0.701532713181234,0.550661887006684,0.159012238845579,0.535019070269892,0.0760388676569136,0.255726768565418,0.69395093033448,0.412699838018713,0.420392220298076,0.0796741161948984,0.430908742727031,0.30830938541159,0.526187021911936,0.290157935155949,-0.124644111962946,-0.267424121701927,-0.0568887352074257,-0.080889706050011,0.248975924245169,-0.0238994289615544,0.316480088963737,-0.0252218458217926,0.285609502573231,0.204973633391233,0.272995601234869,-0.0539504675328705,-0.353236533483381,0.077530834491926,0.0844506263570838,0.101550275772311,0.177605367986936,0.250845375699775,0.300357236053934,0.272639574364792,0.147176848132589,0.116475113351757
