0,0.274301218556058,0.173016322850309,0.00434265542854928,0.0631257955276998,0.0787771353446936,0.165398723252589,0.146127140880584,0.0842707650032137,0.0556749448597051,-0.202047328379965,-0.324542197557652,-0.0643053437036439,0.00449572857279858,0.0256429786762791,0.401463469229361,0.00711763335574954,0.0608316571347967,-0.0841471610076983,0.0882027310994541,-0.0335956182242953,-0.0829529103926712,0.0222000795343266,-0.10309386679234,-0.158308302099973,-0.346115059224213,-0.0930753871207525,-0.00752631562051501,-0.101249934327415,-0.101280735270627,0.163057583524444,-0.107441703277945,-0.0128249256043797,-0.258504327744024,-0.135427801341997,-0.0282545858750958,-0.151009444462294,0.173229493663083,0.0209870897056282,-0.0335400008370667,-0.225333443093284,0.124796293532523,-0.294456318502864,-0.162122742103522,-0.165505120535923,-0.116719741218833,-0.184659467137151,-0.180839021674872,0.0804814825783651,-0.111584879979486,0.136479814622121,0.226587957020462,0.0993805035216148,0.0284362684010579,0.212317922219783,0.057229532563831,0.290454639921881,0.0964286265334676,0.152673957078009,-0.390346888190466,-0.179214583797415,-0.0264839277207684,0.0364661273875805,0.0981689501410096,0.0523144686576274,-0.00701115323397336,0.170885048936183,0.0279333618206744,0.146998312556896,0.212645390429573,0.187502945471042,-0.129224351324939,0.0421574294727692,0.131684047168417,0.0221514561417298,0.0459625588795787,-0.0306350292305016,-0.00505590876025729,-0.0227076686400376,-0.137439721714704,0.26883185442408,-0.0681822933641592,-0.0292621605504873,0.0428665051512412,-0.044776474604712,-0.0214314949621565,-0.0333610900488551,0.0589129354257647,-0.0406752552820922,0.0819183039675294,-0.211058637658623,-0.0158440630833949,0.030903509977775,0.452869252704071,-0.0228145781368822,-0.104494479370096,-0.130625820088184,-0.133283477202111,0.0700579884142031,-0.092604540582804
0.274301218556058,0,0.359178994041081,0.275494194048234,0.253087044887334,0.260938781583996,0.168833512839408,0.408259308187657,0.193183413648967,0.205513455793049,-0.0368532423323553,-0.0861369922132862,0.00682991600724869,-0.0916982583669046,-0.0958620011747488,0.520676256669467,-0.102387749428844,0.192718436971982,-0.125247838484662,0.126227846370091,-0.0882182382558072,-0.0253156584926765,-0.0259846346497092,-0.0106444679726272,0.0987211439050419,-0.0452602023217434,-0.101387146734308,-0.0939306999954844,0.00974322685119801,-0.221527093868098,-0.170518252619182,-0.0896409001117474,-0.0467914570347352,-0.24835657405193,-0.101262981186938,-0.155523007062637,-0.293029899678689,0.138023630423191,-0.130649046545795,-0.045405722098886,-0.22975253612187,0.0180311630312976,-0.172772521932814,-0.25079217642531,-0.25439023723968,-0.221579556284771,-0.262416689351602,-0.282255577935715,-0.0635320722629213,-0.191304694190709,0.261531313613508,0.284934935416404,0.153982232673424,0.0229437434443419,0.280531120018899,0.258201361555425,0.509877280475968,0.319055907621451,0.206598342535264,-0.108021874791745,-0.0815112605441251,-0.0163386984019631,0.0881055776141257,0.118025221072473,-0.0500293166360022,-0.122242963605812,0.161036699612674,-0.0493294200351416,0.0919938138668278,0.327014879614673,0.0728548670321023,0.184192749806546,0.192087251193364,0.0725281433415524,0.114916664334744,0.143561974189202,-0.012301680782291,-0.066434461188072,-0.0746302910903964,-0.154124114016403,0.193102468620544,-0.0356824815090291,0.102604194946169,0.195744254183883,-0.0851912515990049,-0.0565797085048316,-0.274732210483356,-0.0680319895794917,-0.0113446930645659,0.295010683369797,-0.127430604151803,0.198496317459646,-0.00123353724049391,0.13935949731872,-0.00985610354425305,-0.23608935401244,-0.266369693171835,-0.226965849620311,-0.0932617984008036,-0.139638250438685
0.173016322850309,0.359178994041081,0,-0.201818531331007,0.134827265302686,0.560830189565571,0.404379427640502,0.375077386947274,0.384278807551358,0.191704435754036,0.0893344289145374,0.0945896981266482,0.218531746664348,-0.113921828913237,-0.10353789958187,0.319079409142717,0.0622177448142527,0.403323182355881,-0.011299697459026,0.310018479868581,0.10737535710118,0.195309653952418,-0.0712758077095979,-0.0629154664570577,0.142961624976088,0.0261046560494183,0.147992388818154,0.00897891807507631,0.165087501202223,-0.174032880100567,-0.145184775780793,-0.373494854478486,-0.223642986528503,0.0947289513143016,0.141528770035811,0.120322650007711,-0.000708282250187473,-0.0495938618605422,-0.172243233274823,0.122551479857061,0.110958667757778,0.0860986115870467,0.147636516424462,-0.174282079469322,-0.0900398401433023,0.0863692642701857,0.0329363699508126,-0.0281284289966494,0.282717558418832,0.178495743068753,-0.100422518556558,-0.0155583909776843,-0.257630078251966,-0.331449423620109,0.455646760987106,0.58087194124173,0.334778332511326,0.354512091685367,0.28200171676414,0.12767586966367,0.210755405288534,0.0624567290683612,0.051837241991977,-0.101369601535103,-0.0630057554742574,-0.12012957294878,0.33781316336242,0.101626336995251,0.0813490006716405,0.379511011736083,0.17616328181995,0.235622346214356,0.0218067510638441,0.219501239791566,0.252571536770173,0.147970732162346,0.0209182260444403,-0.0988212052245504,-0.34223821940339,-0.399214124957388,0.0332182670829832,0.170824508358911,-0.0359458680623868,0.326907348759119,0.0152621565034703,0.0598405360162661,-0.136073685549475,0.0981643788035281,0.214072387915227,0.270166763549843,-0.341607797381965,-0.00744831510114883,0.0821045324742506,0.059314556749163,0.177042962974089,-0.238041823219492,-0.000384914602349122,0.0208248986496977,0.228908637348187,0.193995005281927
0.00434265542854928,0.275494194048234,-0.201818531331007,0,0.462492827136129,-0.174026698957872,-0.23824514783377,-0.0744874103832499,-0.0814158640494832,-0.148190489348118,-0.207171789920061,-0.241586393660151,-0.354494227625688,0.0804165687480999,0.114418520046523,0.165350761924367,-0.150227440843939,-0.180163750436233,0.0251364361832594,-0.109565139669371,-0.0225925341742506,-0.260026470195613,0.167582404040996,-0.0387168252973363,-0.267523916905852,-0.116979640482928,-0.0468221356567669,0.038967933470385,0.0106604497999108,0.113230544810624,0.0674894197119845,0.356184662654327,0.335792283392428,-0.233322494305658,-0.348833448949603,-0.234876717115373,-0.230703640728514,0.384103635873773,0.127619931114888,-0.290862739516677,-0.239126045091578,-0.347749213734551,-0.400540887424254,-0.0347838903660975,-0.0590291625724149,-0.216056377892956,-0.266711568576535,-0.170618486344932,-0.306851019310974,-0.286109832111268,0.321472483962571,0.442336219324705,0.475978928761928,0.529149119203092,0.155823018296524,-0.166639625103797,0.132247967822727,-0.107878189596589,-0.0556075310886919,-0.320656487124055,-0.481086721599787,-0.206775723029849,-0.0263027407630995,0.158239444537384,0.0703348789116374,0.0952770266340129,-0.103482229857011,-0.155386026071477,0.028992087025791,-0.0648300181976321,-0.0664565278209905,-0.0397797147405273,0.116346264593249,-0.240617170911315,-0.191401740640236,-0.374375279533958,0.132849046527691,0.089334179442684,0.275500146666147,0.17343408191867,0.0345145328932229,-0.184494595356124,0.00732206195923182,-0.231442305555241,-0.000378292285689303,-0.0722594408149256,-0.0958619117702822,-0.0328951286327939,-0.0411130301830358,-0.0491093061496588,0.325554186138926,0.100036943375917,0.0824827096535935,-0.186448431420355,-0.150028631239697,-0.0637801810641314,-0.104152549046174,-0.241617956769937,-0.252254811208338,-0.32665970190658
0.0631257955276998,0.253087044887334,0.134827265302686,0.462492827136129,0,0.324521188640481,0.0866751105972959,0.0724671665527169,0.334908471606596,-0.15480657821068,-0.16783257558293,-0.175484667790629,-0.15342406893094,-0.198395626278137,-0.121904836405391,0.0882207310517795,-0.132724451441428,0.0680377928754567,-0.141970876977086,0.287806050756742,-0.101471261573052,0.101313160019933,0.0290528807669902,-0.00578271722884365,-0.307422047488102,0.073841721395248,0.231641547348487,0.230200348643054,0.0397123958515483,0.0632446039471073,-0.0567580707247807,-0.0783258754407621,-0.0270141532183582,-0.114780310230458,-0.0205162032150701,0.0465603254545633,-0.0630803443146287,0.237384079123826,0.131398880266054,-0.103740881614901,-0.017526279594742,-0.227880650219397,-0.0534404492084334,0.0503476297642692,0.0405305450251716,0.039267477187136,-0.0495895591953672,-0.19180159446214,0.0618623158726227,0.0393140949767785,-0.085950426765542,0.174113513138674,-0.0561345441451963,0.180198846374209,0.473196601990056,0.22291950829857,0.0639230024170415,-0.112311879148713,-0.0677685182367569,-0.285530768841019,-0.273448282091113,-0.218312639424968,-0.159751944145575,-0.217330019508584,-0.213146031489176,-0.220851761195551,0.0201957529740694,-0.190224939609327,-0.0625709948572614,-0.0048931477920337,-0.0505298708480971,0.10050793168091,-0.00594190163142561,-0.154046626736488,-0.129956839830636,-0.28042186156694,0.0108754012003864,-0.0672389941849067,-0.119849312999619,-0.317068743498401,-0.0337761431552269,0.00322565497428174,0.0681693529844677,0.0483590749927909,0.116484460938933,-0.0184289609418586,-0.0893069836354954,0.0945645474015276,0.113198907863461,-0.0497369498988375,-0.0259528873965652,-0.0686744835246511,0.0734116527221894,-0.0211923426070693,0.0470326390394552,-0.203985529184403,0.0199777726526235,-0.17042091735039,0.050320368931896,-0.0259313652808346
0.0787771353446936,0.260938781583996,0.560830189565571,-0.174026698957872,0.324521188640481,0,0.528109663314704,0.329961002985927,0.502401456464552,0.283370292167658,0.0366793373374084,0.139684603347838,0.195271939049327,-0.280251395523933,-0.253042369283735,0.195580826972058,-0.126754557520402,0.268048481626127,-0.214998998776747,0.260438858322783,-0.0549030525827383,0.362225158078006,-0.182872874787568,-0.0286102595317622,0.129910073649745,0.16177270234198,0.212706805832054,0.151403506689885,0.0330953064947277,-0.136273550070033,-0.230104381593118,-0.397977357626418,-0.224997217809952,0.0869322503565548,0.357670584474753,0.274902417994304,0.140962323837798,0.016347165517321,0.031957652840003,0.184361379659215,0.220576606824233,0.139783864074701,0.38698963208362,0.0536923015068784,-0.0030950829708519,0.262610010501677,0.171029816521833,-0.0393480899877089,0.601785674639631,0.413955526085257,-0.177164780639008,-0.256514228540995,-0.464690516935586,-0.464190956005957,0.620311151116316,0.737933727718416,0.147264367686558,0.221223040121059,0.24871729183422,0.128153167429339,0.275540178340622,0.0568545512903837,-0.0711999659794785,-0.29585888152876,-0.281434992125077,-0.268705107413252,0.298854329364055,-0.00965837524278642,-0.12517962126438,0.200337960890383,0.0540075185198887,0.329612502128939,-0.0406507220288917,0.235974440593366,0.246144938200785,0.18030775992659,-0.0609814874026853,-0.153054219398075,-0.381035291309439,-0.47928420084666,-0.0618561312204683,0.230482267773298,0.0582801050602364,0.391962002028454,0.0842786988928567,0.0596549023223966,-0.0533319091399072,0.153024290595218,0.205578123680219,0.177832421159153,-0.344618292700765,-0.0851637881165335,0.0413558337904496,0.0604631059278136,0.287043660248116,-0.052620997290598,0.128711332317984,0.130792629106988,0.477794787227936,0.397087841052979
0.165398723252589,0.168833512839408,0.404379427640502,-0.23824514783377,0.0866751105972959,0.528109663314704,0,0.564174946906034,0.57207906377519,0.432655618223734,0.157947129044622,0.230189131840056,0.350275628556936,-0.361249820817389,-0.278157414366127,0.170856079042978,0.0743914505652052,0.346544525604613,-0.236732156025733,0.334359554664234,0.00520040739845855,0.404654145132301,-0.304608862153734,0.140139575724828,0.0216153865839989,0.132882249011773,0.177881199911433,0.00268901467893394,0.0809298397829486,-0.266657823075245,-0.0993194012124807,-0.580569789055516,-0.241233499847049,0.0422208235788492,0.375793584151259,0.380242956793829,0.236355570724314,-0.0544111212253494,0.0831794024589083,0.524647320844977,0.364807783191328,0.294921509348827,0.414225486609735,0.0231857194013176,0.0420208659322374,0.229083379942152,0.090745516658732,-0.0937300446187857,0.586124377257275,0.524082749311779,-0.303650944294354,-0.358712774363129,-0.415359108973876,-0.38199846673916,0.426746504638297,0.454826637661849,0.321573920677416,0.409069099518814,0.258480122432333,0.0506589127748136,0.304392688086386,0.0926336476473159,-0.175085873201375,-0.32536587309007,-0.277676830057106,-0.286974706251119,0.521702505628912,-0.0438718990771133,-0.122489249510563,0.33225846853325,0.206757951022831,0.217185531015438,-0.179541018573172,0.486178341161492,0.318140092171091,0.237038210172133,0.00593990460942463,-0.239124754018371,-0.419415486240075,-0.45978004230547,0.0507972456329555,0.26427388116562,-0.0397669237383634,0.418085300485179,0.212740296914814,0.0888670670495783,0.139047370532966,0.172369396600672,0.266986999217593,0.326335073273419,-0.468453647810384,-0.181027277634935,0.0509451624515475,0.266388620097208,0.240825250392659,-0.1456480432919,0.17368985595962,0.127768407835737,0.472827823794072,0.505877781933298
0.146127140880584,0.408259308187657,0.375077386947274,-0.0744874103832499,0.0724671665527169,0.329961002985927,0.564174946906034,0,0.488471533146411,0.476503571555879,0.193858885097355,0.321605582044113,0.322789586246874,-0.211973269080852,-0.176322073371289,0.352697255802598,0.145718558570849,0.466273758965767,-0.163633343851411,0.267457443316108,-0.0276048618754602,0.365844989381461,-0.214574680487928,0.27106877169449,0.222565775427039,0.243114388449522,0.118229984185728,-0.100008438262974,0.139658259402757,-0.241323298339491,-0.262035516200337,-0.48318299876371,-0.279305872533925,-0.053227713628587,0.225674796351876,0.052232364293974,-0.0267911023119266,-0.300785568393691,-0.238579843459067,0.40898578387085,0.0349489799952138,0.230694477830305,0.226120130031243,-0.290836243052062,-0.175181005802272,-0.122449753470137,-0.176420893260138,-0.237540654475713,0.191561002404573,0.115193979744243,-0.0616591946110066,-0.126412535167042,-0.0779427700964974,-0.253010954169244,0.320881639550299,0.318482122536016,0.679943036857306,0.718110646334651,0.214725661389794,0.123568338758874,0.302272857830952,0.126272498920618,0.0986406459038662,-0.00216778483592541,-0.0373229403965056,-0.160080075637334,0.28629272453037,0.107868405451916,0.201655298491509,0.583561973491131,0.196957560881121,0.406157003680851,0.101923923901291,0.368275800283727,0.449124886418249,0.354716893807519,0.0612985865172542,-0.0668982133086718,-0.374413414662419,-0.356990743872514,0.31291936035098,0.0703655766734048,0.0309099299263311,0.469317682014568,0.19146175126393,0.166931686618942,-0.0243080281556545,0.0864909468697294,0.215475346801432,0.5177145024511,-0.430367470523836,-0.0690545509462675,-0.136611865507917,0.188680246083826,0.203690684636887,-0.425866195822547,-0.123271898347562,-0.0495703915449778,0.122548392590313,0.165477225308306
0.0842707650032137,0.193183413648967,0.384278807551358,-0.0814158640494832,0.334908471606596,0.502401456464552,0.57207906377519,0.488471533146411,0,0.31675686733923,0.177681692508555,0.239757451105403,0.231040231634765,-0.306852706091734,-0.213927891301629,0.0978875503891048,0.0935563775420782,0.365484234520682,-0.180632560137578,0.482207220894888,0.0357450250953883,0.354812537654707,-0.184811382915037,0.210224026530411,-0.0359887831951359,0.26555304612649,0.318811025261978,0.161139875590753,0.208350486413587,-0.190824454778291,-0.109076676393283,-0.486400900899964,-0.227952659531398,0.0695137249607655,0.203494538665954,0.487022581086333,0.234560713246434,-0.0696351842318779,0.00964494523308664,0.297673600338915,0.313184950687612,0.0927290636522322,0.271102267058147,0.0771295087708818,0.121414615684091,0.0660919383298098,-0.0175107733217384,-0.131958616179073,0.461712548335687,0.439611881862375,-0.303257805956455,-0.219001394298958,-0.305559768395896,-0.235147363371614,0.407668444394965,0.485732198730971,0.303512601454657,0.388035235419327,0.203043442742618,-0.0032438061540297,0.187450214996782,0.0838840754266334,-0.132297917100982,-0.284340922166418,-0.309280195240906,-0.296742986475217,0.333976177039897,0.0804041972225097,-0.0928592727010908,0.276836116830081,0.17298680761047,0.219565889874667,-0.132645684093825,0.256097044814405,0.341189784545849,0.0886512557327298,0.0617151832023255,-0.153403915400831,-0.376485684633873,-0.510498022025746,0.100438000209916,0.275904530732676,0.0584130760784631,0.317019311236679,0.290314565174078,-0.0395331422451391,0.137923466709052,0.158297956085681,0.391643321221273,0.268753630291797,-0.375849938342718,-0.278616762798565,-0.0350323301624605,0.118785668653711,0.133678482617332,-0.246430628608169,0.0149131566083906,0.00614916887339493,0.365719533528153,0.419997201193247
0.0556749448597051,0.205513455793049,0.191704435754036,-0.148190489348118,-0.15480657821068,0.283370292167658,0.432655618223734,0.476503571555879,0.31675686733923,0,0.285913638862483,0.44938338902782,0.313242082549247,-0.241195558754888,-0.255923010760782,0.259372388230897,0.0792739139967357,0.211986707605111,-0.169442095092348,0.123566389047639,-0.0641244114723002,0.271699487421863,-0.366328770147297,0.297639326937327,0.400976594276241,0.215997388545329,-0.0368303223660219,-0.150816596366833,0.0551354505263241,-0.326911264670075,-0.128355875770371,-0.393447806740286,-0.16924313371104,-0.0439292938884237,0.214410407012264,0.159415540356861,0.0408284942561933,-0.105849844193072,-0.048173510422758,0.404329060103122,-0.00982911770760572,0.298056485760335,0.280527001290122,-0.195382240721051,-0.127500278152283,-0.134484749210286,-0.229220886482611,-0.247249371267147,0.229474570646783,0.183675039103464,-0.105844076124913,-0.241827476585965,-0.153129892647625,-0.318543100335386,0.168352810924569,0.36252463976011,0.324953909511747,0.473643269719028,0.44236989890464,0.182959561156093,0.397350746129482,0.228386266643535,0.106201958289492,0.0855957839536491,-0.099265482489557,-0.173819020829141,0.255234449032577,0.0690543486383307,-0.0134871200545307,0.327758222682349,0.193467954093675,0.230839433338918,-0.098417290612814,0.357142400274971,0.494389560843243,0.430848936352572,-0.0148756261502898,-0.170552866553994,-0.175119738665605,-0.281517285678624,0.219709558635386,0.0656532205844378,0.0481058686039242,0.282348903052259,0.145002085189365,-0.00547401913835248,0.0475091469257779,-0.0207353600942371,0.204278703471689,0.365382328376034,-0.29128190130071,0.0351312025350817,-0.0747245018145022,0.182574259832818,0.192379004541953,-0.183412957564175,-0.197496700163767,-0.0372026239963897,0.188478598286873,0.249345122842986
-0.202047328379965,-0.0368532423323553,0.0893344289145374,-0.207171789920061,-0.16783257558293,0.0366793373374084,0.157947129044622,0.193858885097355,0.177681692508555,0.285913638862483,0,0.631984219217408,0.460354723340944,-0.0943465351673551,-0.181619484614476,0.0118625542118297,0.199871788890028,0.220004101349697,0.0456333996830966,0.0681099154632337,-0.0746150134340333,0.368849690789527,-0.12068956343036,0.227247562579636,0.243186777509696,0.488293813047988,-0.0629411213219895,-0.220074738176329,0.0963977800001641,-0.207870938026549,-0.166131811716302,-0.0690659741333061,-0.0760371483692837,0.241313725547874,0.306360767645015,0.242245327084102,0.238698708191441,-0.0953832485853627,-0.17297903988123,0.192006725882165,0.195326704091317,-0.151133743479397,0.366351647990676,-0.10954264389944,-0.1680897820687,-0.0602889798546427,0.100909193070833,0.00771241213106753,0.213875002402847,0.32507888521216,-0.011405123064308,-0.227759164458346,-0.0702893991041028,-0.308151889385234,-0.172165018996042,0.251908527399772,-0.0857016904029801,0.153091459219113,0.0903909642117595,0.573706275838694,0.254784759499573,0.366328254330057,-0.0376440188001281,-0.107568099460472,-0.206961242157842,-0.119171082893601,-0.00517695874266717,0.212532554704964,-0.078739824133203,0.0763960170028513,-0.118498335503517,0.171597487019336,-0.17409573110196,-0.0182238588241907,0.25354064225499,0.0406351114799591,-0.0900391922083345,-0.219992462471865,-0.133375420420256,-0.0763811631861442,-0.1699692492901,0.211277156151208,-0.123454907083191,0.136113386447979,-0.0902100014094126,-0.0367802296098923,0.152032053655565,-0.0594274160744385,0.242542722886092,0.119594452428602,0.0508255227657597,0.115943034782231,-0.0843119217609652,-0.336838600608129,-0.0321987888219571,-0.0281808683358842,-0.0851592015142162,-0.0106846572987359,0.20004180289606,0.379822944088613
-0.324542197557652,-0.0861369922132862,0.0945896981266482,-0.241586393660151,-0.175484667790629,0.139684603347838,0.230189131840056,0.321605582044113,0.239757451105403,0.44938338902782,0.631984219217408,0,0.536668202531526,-0.103492831995533,-0.132273603173871,-0.0659025957908413,0.276436204575946,0.304745472610888,-0.00253644165332798,0.164915505610267,0.077048585405961,0.506290516382622,-0.180490212517387,0.457391840370763,0.393953923528231,0.638308278903549,0.0568734743498396,-0.145664405248317,0.196641313669353,-0.120136185589247,-0.283923410633064,-0.207348293674544,-0.186347767200658,0.290649144992338,0.405396571138076,0.287127017588133,0.260777529836853,-0.336367089552652,-0.212925244887334,0.299603227209516,0.206040578502399,0.00314270971017638,0.50850866680857,-0.109670969660949,-0.0809161806790333,0.00518189814786991,0.0765311944885459,0.0149779272407803,0.239174327341303,0.306464642457298,-0.101020028684057,-0.395163470086947,-0.141754779004344,-0.371889353789649,-0.0879910869287571,0.256317869845684,0.0118750840629242,0.282014576077052,0.101152528712591,0.583936479985476,0.487858654489559,0.3725109179939,0.0337468639351551,-0.107089148581243,-0.101758121264834,-0.0884159736394065,-0.0917854746979611,0.209251924902889,-0.0262813197281575,0.14947176896359,0.0391544963308417,0.352806412647585,-0.10206856543685,0.0415830127195919,0.485259854185179,0.268537271802075,-0.00899316570639115,-0.0818042062676113,-0.223729478240299,-0.117702019479185,-0.0235013815227727,0.0778186348073382,-0.129231397174901,0.255731418593082,0.0672064871751081,0.0282384059789172,0.158838707427117,-0.0368046370209899,0.256458300535415,0.159020902054025,-0.136071121950038,-0.0870044581976475,-0.2627689543006,-0.263938422025145,0.080920264708854,-0.151033106889147,-0.099431182302262,0.0356019034877834,0.211681476035861,0.320847948428417
-0.0643053437036439,0.00682991600724869,0.218531746664348,-0.354494227625688,-0.15342406893094,0.195271939049327,0.350275628556936,0.322789586246874,0.231040231634765,0.313242082549247,0.460354723340944,0.536668202531526,0,-0.161287565090739,-0.138522640720187,0.0148114598955588,0.4684624396423,0.362507434480935,0.0804952447273468,0.213395692785898,-0.055644222374927,0.489287305539923,-0.182923933280416,0.397571286232589,0.219084370648547,0.332675998721578,0.256710514028275,-0.0474943872581213,0.254199602176463,-0.147582975963193,-0.092066103211238,-0.349585412549332,-0.180522624735807,0.331096936853024,0.426227670430257,0.316801971077007,0.310196547026796,-0.213640976180774,-0.119747934057542,0.36444263165338,0.311368546975208,0.244004844265463,0.383917283079012,-0.00191225466510844,0.0377909993129367,0.124751098433141,0.159469351018634,0.0472072990934757,0.248340909221626,0.334830309734435,-0.199376790952215,-0.350791300336978,-0.249427769595507,-0.407685496656833,-0.0142041836568447,0.187262199873878,0.0850888348800444,0.278317811354772,0.0749644555803726,0.318096211655453,0.394788718167475,0.448839500387935,0.171401923670436,-0.152577486529456,-0.160137067999523,-0.116148607748979,0.0866680463532905,0.250916804382483,0.0373023052397541,0.260126635562452,0.171440155352261,0.21941826665865,-0.0910710634323929,0.0553683005778286,0.319858184962549,0.331689618457164,0.0869916535379667,-0.0682323625687929,-0.232065190892089,-0.23386359325511,0.00323905306767489,0.182293544548917,-0.129534695040375,0.24963936874571,0.139902868787855,0.0853304617457982,0.224148669587431,0.121305114075029,0.294663045749484,0.195485375362505,-0.308317588735929,0.0271229300922948,-0.215853333673145,0.0875485648361555,-0.010796208272831,-0.052854107529722,0.0148003545263731,0.192085348979148,0.245065646722532,0.31894584096607
0.00449572857279858,-0.0916982583669046,-0.113921828913237,0.0804165687480999,-0.198395626278137,-0.280251395523933,-0.361249820817389,-0.211973269080852,-0.306852706091734,-0.241195558754888,-0.0943465351673551,-0.103492831995533,-0.161287565090739,0,0.656384618670948,-0.0818392956242378,0.130756935884684,-0.153871939423936,0.584771949184989,-0.355713748978095,0.463445203001988,-0.319354729278248,0.690514899739198,-0.0757225124411764,0.0925879881147769,-0.085917705521948,-0.0969076198246588,0.0535711160485983,0.0551911490920543,0.540857955480824,0.0296321120140897,0.415209756466968,0.0767056333993346,0.0258881761442782,-0.299380408854201,-0.235821498817922,-0.11342619972957,-0.0823295653000252,-0.0793732555731542,-0.229846714265306,-0.236072298360727,-0.0166576022601133,-0.322189606766492,-0.0527756947806172,-0.150114774174728,0.118473795342911,0.177545429439705,0.43495089931679,-0.257672225194924,-0.351819096595415,0.186350356544061,0.149333614549435,0.320392736304717,0.224521738899366,-0.285790875759405,-0.206504418119859,-0.0341681910144885,-0.200492746408656,-0.123060855027111,0.00678753440258494,-0.00983891762601428,-0.00731846070194915,0.2351543911659,0.352639182870802,0.49555867182918,0.719575507622212,-0.205792919823384,0.127839746483236,0.169244323891706,-0.151790856309835,0.0459560719720522,-0.207061737522426,0.311048942201873,-0.166866426286985,-0.161957359912439,0.0225833850870755,0.086462433046026,0.595615393867844,0.126174029120283,0.45086192372724,-0.0154802386810802,-0.298519901596205,-0.22056709626333,-0.264974461301496,-0.178310201059173,0.0938071949459585,-0.0904636791794953,0.0558082396358297,-0.200359803631462,-0.137496646873136,0.127857192428389,-0.0559944426885748,-0.134900076893687,-0.0590683150908844,-0.104234202972465,0.0381944063333379,0.121505633680998,0.125503525516101,-0.228887977189776,-0.367239257015107
0.0256429786762791,-0.0958620011747488,-0.10353789958187,0.114418520046523,-0.121904836405391,-0.253042369283735,-0.278157414366127,-0.176322073371289,-0.213927891301629,-0.255923010760782,-0.181619484614476,-0.132273603173871,-0.138522640720187,0.656384618670948,0,-0.126921714412877,0.140953584469802,-0.171861619301887,0.473196851737755,-0.191331480194886,0.590666442979551,-0.400016705186647,0.565094434031769,-0.0306023233163299,-0.0642586697200682,-0.197448789051147,-0.0014155926406459,0.199613476987432,0.270416148446303,0.501701314854536,0.0897015902957625,0.277891154818907,0.0721263472320593,-0.108378459237004,-0.428156182073319,-0.210607043712787,-0.106185512536182,-0.0462668688109388,-0.0289192876898238,-0.206247801053202,-0.242092578641903,-0.0540760034788717,-0.451344483431855,0.0827372544072811,0.0132056623026197,0.0974355340347264,-0.0228263857926855,0.351116203911104,-0.276677803751086,-0.304306307852469,0.115990055361299,0.185155742059066,0.348228998203045,0.258233978428746,-0.188104110029916,-0.262417580093153,-0.0271262613814756,-0.159097196469642,-0.00127208514493815,-0.17182586881379,-0.0707357795428495,0.038428321642646,0.197971506168698,0.272216580327431,0.558183076693935,0.773467214388627,-0.157095410664778,0.149677322753239,0.168426349299216,-0.127266999714973,0.258489583100981,-0.233559810383434,0.214810536918338,-0.0800503119930276,-0.0804596044611059,-0.0262321814087526,0.288014895391019,0.620154677048653,0.18825707584021,0.364130624972359,0.110730300019332,-0.220511422405929,-0.127312973722739,-0.298520753552913,-0.0417061462386468,-0.00334385170765417,0.0443150353701243,0.145040909964361,-0.117548498855919,-0.110599789422746,0.0669926564242186,-0.204085014329832,-0.0400506116464681,-0.0264992655890656,-0.190776743121296,0.0950223837167782,0.057485067663271,0.105903963555674,-0.244586930700603,-0.35099277909428
0.401463469229361,0.520676256669467,0.319079409142717,0.165350761924367,0.0882207310517795,0.195580826972058,0.170856079042978,0.352697255802598,0.0978875503891048,0.259372388230897,0.0118625542118297,-0.0659025957908413,0.0148114598955588,-0.0818392956242378,-0.126921714412877,0,-0.0901992959269541,0.415064467651025,-0.0931760656565417,0.200522690655533,-0.085260235636015,0.117261022366883,-0.0877848066053586,0.0214488043843491,0.0641113867651298,-0.128773751442052,-0.193672930425756,-0.241057208056465,-0.0656990540523584,-0.35472891248615,-0.0626702312924084,-0.112549485997339,0.101382215939684,-0.0745829041261831,-0.00631860823136706,-0.0891840015765714,-0.268751994259815,0.100312445527207,-0.25101952714429,-0.17130527371132,-0.205484847609964,-0.106237641615392,-0.193055097805118,-0.444803378940522,-0.252796497416867,-0.39378247479445,-0.242429043944291,-0.2781668093842,-0.0142489307957683,-0.246272389756915,0.247754981022961,0.327680720519289,0.228818946293243,-0.0257998510896021,0.269102196450937,0.227472742464991,0.43956768059961,0.312755387676971,0.216070374444295,-0.149518596421387,-0.159451433033515,0.00986261716597898,0.104029770613274,0.201578358155943,0.134895985494715,-0.112537017645697,0.182725426431459,0.0612653227209733,0.274417508985128,0.520615097618366,0.169308021133934,0.190689796635809,0.211178678499079,0.0281251264052263,0.110370841766928,-0.0173403348269374,-0.0900664240144011,-0.190074013720892,0.0744100700439954,-0.192056279999925,0.319370708554312,0.0525889713140446,0.0337266528636409,0.233743575152206,-0.124305119118146,0.0113601870160679,-0.297738354788107,-0.107809615288863,0.0575773472831628,0.270767014143102,-0.040133857020432,0.155283261674433,0.0140614294943062,0.0451237891328731,-0.12377433779866,-0.314716075993881,-0.341817642594786,-0.206860744309643,-0.0638077171587706,-0.128011484701171
0.00711763335574954,-0.102387749428844,0.0622177448142527,-0.150227440843939,-0.132724451441428,-0.126754557520402,0.0743914505652052,0.145718558570849,0.0935563775420782,0.0792739139967357,0.199871788890028,0.276436204575946,0.4684624396423,0.130756935884684,0.140953584469802,-0.0901992959269541,0,0.289079943287538,0.412147019496842,0.145237674415818,0.160946120892508,0.273135791212541,0.140180839357334,0.55996878119245,0.168372421668765,0.224136695013091,0.355516595694993,0.2129103399404,0.455861632496161,0.18154731421379,0.0981646550137784,-0.0884347098819968,-0.152241249317205,0.37322190952246,0.221578358915283,0.156895753686201,0.340244232573897,-0.248768935907734,-0.14760110612184,0.200374586207467,0.157367345543693,0.21914307020698,0.0174808315418303,-0.00288788452421646,0.0884189427713221,0.168557604258015,0.172415761901512,0.229323618670556,-0.058077138933818,0.0580792651000633,-0.116440277292992,-0.160580507205106,-0.0460136332900478,-0.0572761506901937,-0.135607839156366,-0.0893260962508384,0.0639166576098408,0.0906393898093485,0.0191894958603064,0.096896753212503,0.174772770254237,0.0738668486029111,0.15612476532177,-0.0823002833380417,0.11999329945881,0.103326059357327,-0.066612241435418,0.214624352522807,0.229898179553389,0.140412171387703,0.255232822822813,0.0569025836398564,0.0691571587614376,-0.0424415796346119,0.148813147846476,0.317432433527744,0.416476016491826,0.27264950938161,-0.0477764792324243,0.0112115677544088,0.181077748611578,0.00542977805511727,-0.144678484384107,0.0680140091710584,0.288501764625018,0.264491470743943,0.328255232871425,0.316685352845805,0.235026037734444,0.0752136770882696,-0.229759433342099,0.00274171961195023,-0.190469255193531,0.160819496223498,0.0196008743844778,-0.159073233251942,0.079905672014014,0.218788878915731,-0.0291501975059085,0.0279602597677743
0.0608316571347967,0.192718436971982,0.403323182355881,-0.180163750436233,0.0680377928754567,0.268048481626127,0.346544525604613,0.466273758965767,0.365484234520682,0.211986707605111,0.220004101349697,0.304745472610888,0.362507434480935,-0.153871939423936,-0.171861619301887,0.415064467651025,0.289079943287538,0,0.00770122127258376,0.550343526254711,0.103879279483616,0.49442068275567,-0.0374857779067915,0.334278269273426,0.125805305931319,0.208420124500388,0.124641397823523,-0.201353998109318,0.182843050294505,-0.241679043898972,-0.228014006239756,-0.343340994750591,-0.136577491938535,0.499656711211932,0.311996837624613,0.320929999916496,0.0926687196684806,-0.279936645107407,-0.345577629678421,0.152193561098058,0.263897514476664,0.0135080060175337,0.209948219745383,-0.230399941881666,-0.0925555704603584,-0.03632092099145,0.082369561022903,0.00935460340349413,0.206320212513663,0.118812977052516,-0.0842107002012498,-0.17044910965521,-0.130359427000386,-0.309616805575501,0.132974397557579,0.264999267134591,0.29552288582702,0.283822662229441,0.0109058298276491,0.128421813688515,0.154563228241916,0.0941199414975618,0.0058890160222653,-0.170641076007852,-0.000610716957005599,-0.225452378813986,0.291041169942112,0.107904088404606,0.311981336116367,0.61744525922709,0.276818296362124,0.310630638442771,0.206435878787408,0.0752838574239926,0.173321507675224,0.141025776741547,-0.00761338095062845,-0.141012224783699,-0.195325513270988,-0.304292768843587,0.192128590683131,0.311967144242336,-0.0128107857684819,0.407243055771922,-0.0038711331670641,0.222253180637971,-0.108611394569686,-0.00412303096229211,0.410458083640498,0.34029859171446,-0.246193407423457,-0.0832863749790325,-0.205973402154711,-0.0193054951294911,-0.0420354212066196,-0.342486314822855,-0.117896446942143,0.0961570765408625,0.218185337902046,0.238493050021429
-0.0841471610076983,-0.125247838484662,-0.011299697459026,0.0251364361832594,-0.141970876977086,-0.214998998776747,-0.236732156025733,-0.163633343851411,-0.180632560137578,-0.169442095092348,0.0456333996830966,-0.00253644165332798,0.0804952447273468,0.584771949184989,0.473196851737755,-0.0931760656565417,0.412147019496842,0.00770122127258376,0,-0.176597550636791,0.421333831535822,-0.19214782846343,0.425962650272595,0.119864173672488,0.0870219580170464,-0.0308777337573852,0.103061643504582,0.20465389221821,0.337801000226041,0.343005198704343,0.0692969878660949,0.230485518415057,-0.0215583836593397,0.222922893761066,-0.205283476827697,-0.06941233306814,0.106154353097422,-0.0616050454797189,-0.0368767297462656,-0.134538576891063,-0.0194880590527312,0.0329322630380171,-0.2379659785173,0.0763230338950073,0.0171586358591905,0.210210366207153,0.205132536149688,0.438008820959472,-0.172497098854344,-0.129145424303855,0.0697027452155792,0.0596783290478786,0.195578437717143,0.138842399279486,-0.210406401257155,-0.123943098965319,-0.0487548396736239,-0.133771989487568,-0.0809531236817065,0.0485159685757722,-0.0512667339222741,-0.0375889816842143,0.175592519528741,0.122702308676032,0.410620434880843,0.482116150424033,-0.106700572495327,0.153737962161478,0.192381822324424,-0.0194861878483194,0.145432231655139,-0.199652800735108,0.187203348038905,-0.148737123825441,-0.169972814378253,0.02200734608386,0.292317780203134,0.459188535515273,0.11595285630169,0.26474568131546,-0.0606344147962089,-0.0539956852284937,-0.0764346852500844,-0.206571543067002,0.0177842464667107,0.1828483608646,0.151166073305091,0.215555484608472,0.0849039845887393,-0.0913540277367942,0.132027055165922,0.00584096490858583,-0.0568931298513918,-0.0812892601573081,-0.0785665398001354,0.107161844670721,0.213086405487975,0.233997496378218,-0.136794292995237,-0.169513939047496
0.0882027310994541,0.126227846370091,0.310018479868581,-0.109565139669371,0.287806050756742,0.260438858322783,0.334359554664234,0.267457443316108,0.482207220894888,0.123566389047639,0.0681099154632337,0.164915505610267,0.213395692785898,-0.355713748978095,-0.191331480194886,0.200522690655533,0.145237674415818,0.550343526254711,-0.176597550636791,0,0.0941664726086587,0.322930444784891,-0.174162961026833,0.333078462867205,-0.0680047947353554,0.0868898919000031,0.256545606977814,0.0336788424868512,0.283250127648,-0.283337616986763,-0.161899431922247,-0.456986976946076,-0.244656863519806,0.0957854379252135,0.102958360587716,0.366451111473103,0.109567976729737,-0.152595845674848,-0.321166821411103,-0.00196902410314284,0.17458167383781,-0.121950289684969,0.0790090917646398,-0.068443394465241,0.0474466651175239,-0.0676259892126806,-0.130549081061341,-0.167597578731142,0.232740935720568,0.237221911082857,-0.221908247539266,-0.180272422572682,-0.235514737119963,-0.269251915815244,0.178820040641592,0.228066686844963,0.124924307140766,0.123648735413538,0.067014033219505,-0.0711554485906034,0.0337438756525589,-0.0192143023282636,-0.122987232195389,-0.240782069871832,-0.0457940894837984,-0.388150206088906,0.291541892525826,0.0477205688890057,0.133754170656939,0.417623821983611,0.445443280027784,0.268293920228718,0.0160505598896342,0.0473767653024252,0.233745382748284,0.00674847506343201,0.0423518677604354,-0.269098673586536,-0.281562837438608,-0.538812868875869,0.297137433652142,0.333425645215558,-0.018480095344365,0.33118168730947,0.25339339541631,0.0822324021288492,-0.00207600609005341,0.0837151384792294,0.497261415602579,0.269166701680636,-0.352180041293103,-0.149279048257767,-0.133180144990995,-0.00741755356329535,-0.0214896868678445,-0.269679727125715,-0.0725649200431485,0.0323080132479894,0.265464801596635,0.277291976483372
-0.0335956182242953,-0.0882182382558072,0.10737535710118,-0.0225925341742506,-0.101471261573052,-0.0549030525827383,0.00520040739845855,-0.0276048618754602,0.0357450250953883,-0.0641244114723002,-0.0746150134340333,0.077048585405961,-0.055644222374927,0.463445203001988,0.590666442979551,-0.085260235636015,0.160946120892508,0.103879279483616,0.421333831535822,0.0941664726086587,0,-0.230990494215888,0.342067154954447,0.0508075910660715,0.0377588176566232,-0.0331539372342656,0.0111298392311771,0.1263146526306,0.286476180280814,0.265539955942412,0.0489309814752242,0.11730855104664,-0.0953217258018109,0.0888971091614816,-0.310383064090354,0.0078642539030782,-0.0554768636193241,-0.152774350884358,-0.112488249716416,-0.103750449456778,-0.0614218044420604,-0.0652854673375379,-0.196738862934628,0.0608839762002038,-0.00195632631201004,0.18817565737821,-0.0382237498943999,0.332233331713042,-0.052416263456199,-0.0783029685100812,0.00709601598009929,-0.0232157060176587,0.166339011280404,0.039156154000587,-0.105060707982601,0.00078708182032595,0.0339466698533629,-0.0502459922649234,0.145002813337677,0.0671818471549904,0.149095649243616,0.0653233481598123,0.0239291958442796,0.0171339874235539,0.477363519597874,0.523342814569493,0.0360556690245265,0.112377432558199,0.128317176271154,0.0613954542975338,0.49048038669135,-0.0931473522642241,0.0818976846589166,0.0705846999935763,0.0795640863152513,0.0155177710766594,0.188091664396924,0.369217059183402,0.0144084014937606,0.208774679140682,0.0773785716967597,-0.0551265348648105,-0.135807433945777,-0.104322024109263,0.000218114184920317,0.0348979013330028,0.0135526046801438,0.177232020930593,0.120430225079866,0.0137307550592637,-0.0130923834887329,-0.314954011579941,-0.0109317840003816,-0.11791975238691,-0.0203336315985083,-0.0289930088717689,0.0885414420866487,0.0831214894975798,-0.0740035631085062,-0.0967851118977301
