0,0.165902957778362,0.48285357038808,-0.305117749861342,-0.193671466983057,0.29789342417795,0.226486196183863,0.0967251601046227,0.158911726322784,-0.0821142706724634,0.060168548567933,0.0397397026539679,-0.0500580737604788,-0.161811903507635,-0.152317572561405,-0.16849588027609,-0.0904616065910451,-0.0350113501532904,-0.0466081919599671,-0.0921641594243739,-0.206994451762316,-0.11351482360721,-0.240894745652708,0.0622624915420232,0.0740640135042219,0.198511047687145,-0.200762765904371,-0.272470056514048,-0.0498946558497459,-0.331379790239145,-0.105387368925976,-0.0948403412706658,-0.339962510451322,-0.163360325888976,-0.148768491436325,0.0758618540625511,-0.11316231495039,0.126868503691105,-0.0370674301175759,0.127626789079323,0.133520250682966,-0.0104155029474383,0.0546541091401401,0.0063704906167615,0.00305066222009955,-0.228678687399568,-0.260930912835058,-0.209337191524741,0.196283747898961,0.0673361173993037,0.266193583501421,0.246228819246745,-0.236591297741514,-0.358727151777709,0.201224425464747,0.362318343512903,0.155372520738165,0.0658691112134247,0.0878086266407067,0.161346349474806,0.0339090455890485,-0.0868699642318433,-0.136663783304375,-0.11411550042987,-0.172110523716637,-0.154043577056248,0.2392994106136,-0.0626691160108139,-0.178826307402328,-0.0686261036953874,-0.244091525052873,-0.0366513990615652,-0.200567626200252,0.184734884811281,-0.0380435064188506,0.22881556359982,-0.0649162318136002,-0.271621167066357,-0.192812347506032,-0.0794842789489416,-0.145000204908608,-0.043964991075473,-0.084646519872698,-0.044552486143403,-0.320985643036688,-0.257786908836502,-0.116811808037454,-0.355554269925928,0.0630916256511934,0.163091711090392,-0.248644182633262,0.168633934717574,0.0520436340550343,-0.116595576946266,0.0307403481946112,0.11388783458618,-0.206797491978187,-0.262521413998006,0.345481418687302,0.175018974852062
0.165902957778362,0,0.621252613048772,0.232628988833958,0.524784648700993,0.566815240410052,0.520577572206095,0.754269258714497,0.652133090363306,0.0245593789448096,0.0953539200635956,0.0039836411490044,0.049916618570831,0.0142194883932462,-0.0751695161064899,0.406086819836988,0.248553306308794,0.405125414866538,0.291294240282007,0.0639856176578431,0.247468417809475,-0.0645580415801946,-0.0699049081964122,0.0992308419409214,0.155622820994788,-0.249456210795997,-0.196379713045106,-0.259745184996733,0.0576670050257649,-0.293817448150852,0.0445577870307224,-0.170375123263498,-0.167696099764887,-0.0723645590814225,-0.0932188211121986,0.118398589686644,-0.24707461674246,0.155776023190319,0.163969846669122,0.23463565726628,-0.185086898153391,-0.129725115131109,-0.146901706362273,-0.163640854023211,-0.321518600482164,-0.13158525824967,-0.253189326320131,-0.226341316751022,0.405862339220311,0.108574325801132,0.444409762898251,0.822249212248999,0.381102699338904,0.26304987460558,0.721734950423374,0.543341022216889,0.635946561370752,0.662284002206145,-0.0227704263262503,0.0595469378670586,-0.0653911681219765,-0.0331997918805096,-0.0281184013635578,0.20008191442595,0.112916290401864,-0.0729532563205054,0.203914359643975,0.320426745770366,0.189591357180693,0.346889163741094,0.166499535759404,0.10216626478194,-0.0570123848254878,0.178885096795305,0.0677796766056821,-0.169704798873397,0.0240864632743802,-0.285224415089499,-0.246261835215606,-0.101729413310451,-0.315452154372777,-0.27950337773966,-0.269934479802841,-0.0684497968803702,-0.384046945943483,-0.333928115842339,-0.184410682869743,-0.362269112493877,0.15954761291604,0.0224928021770567,-0.140541451863387,0.349181718755017,0.206564983279167,-0.110099650633197,-0.132003552670185,-0.140354830001033,-0.106541040022915,-0.27461784194451,0.351283746555469,0.0282318842482659
0.48285357038808,0.621252613048772,0,-0.180649342806,0.117606928182464,0.710270246479236,0.580789716146706,0.573701642087715,0.643913830380117,0.0275471231561369,0.262120891646011,0.158564918522864,0.229566045024997,-0.0377977631363719,-0.0543325213747008,0.06639684738526,0.298342819189699,0.396601601406747,0.354412667951921,0.0856028749395523,0.186443801707052,0.155228326967001,-0.136641881267469,0.324690356191848,0.165382247305986,0.0940149905049718,-0.105076086894568,-0.24591500948324,0.0540219137670508,-0.29465344025435,-0.134122495945391,-0.33440149958541,-0.490516937059107,0.0838529525950077,0.0346866630939129,0.175849396239399,-0.31574388505248,0.0960537885310987,0.117197821549432,0.386221319600569,0.104587998563263,-0.0672674307767725,0.113253952598145,-0.118864778960953,-0.268358054032056,-0.0448580329952203,-0.234702836829967,-0.187950675788608,0.490279352333741,0.22692616464861,0.301484338157352,0.703940477275507,-0.000386374129260895,-0.224829913449588,0.70693650762618,0.772616451159832,0.590423734023695,0.560733580530702,0.0931950572406508,0.317712317533196,0.101794717653893,0.0919793393649094,0.0656510763896667,0.130820502170393,0.0700467301824885,-0.046948590669608,0.363909243880264,0.31554162189897,0.206293232675863,0.373222504732022,0.118857467367201,0.258812576917935,-0.0709611122502214,0.393455197067747,0.196122325461794,0.114233475426977,0.0710714370358216,-0.276040267053861,-0.358919733478998,-0.312526835955903,-0.218495513907417,-0.122071125413705,-0.223905563892391,0.103576028671532,-0.353874739889474,-0.274358168275137,-0.289543964266186,-0.387029857614463,0.247441064167735,0.280661086968542,-0.456714369336628,0.380097233218954,0.269192035077138,-0.0936451676553024,0.100999785496317,0.0114387119658943,0.0276445176379184,-0.227814297507299,0.572496296739849,0.190697488615463
-0.305117749861342,0.232628988833958,-0.180649342806,0,0.649448037040514,-0.149816093296519,-0.0508022292259076,0.178515056637064,0.0141709802893806,-0.0948427237186092,-0.259390365829772,-0.181428822478577,-0.00507808831207615,0.309572127704692,0.313106242023198,0.567006755453247,0.0703675292111516,0.0829851976313825,0.121816164027714,0.0748146553214545,0.296231872964338,-0.0266962926877294,0.370038307733381,-0.333849934130134,-0.207122485155375,-0.475055201905646,0.148822537572797,0.108446415493354,0.171848052397226,0.342788931523848,0.303120436370132,0.378250182285608,0.479595255178833,-0.134155427859138,0.0360656968734118,-0.124952213499812,-0.0754084879471616,0.0966498658962885,0.0247182079922533,-0.192159553945972,-0.468029311889106,-0.228611758418692,-0.341145908676278,-0.0855542815452956,-0.134798829986617,0.0986574155594384,0.2429647127334,0.240821651376461,-0.0979492715798706,-0.0660322365175219,0.35352153825502,0.134640209452283,0.656427776939186,0.854956405367399,-0.0187373484681476,-0.268260167346827,0.0858676725211564,0.104841564541959,-0.335159462104438,-0.309206102648646,-0.14313453998395,0.0345468441318217,0.155370648833075,0.312147229735358,0.30899431465245,0.314945596471065,-0.353722569001474,0.154948456510209,0.108119005841818,0.053566265501079,0.297811956643894,-0.134266767285364,0.287822741795418,-0.336139380381963,-0.2012816759223,-0.491951393862051,0.12872366217208,0.257692386331761,0.201891245667792,0.416586948489524,-0.160740768099566,-0.366015377881266,-0.274545735400551,-0.19128181859438,0.0561569114396541,0.14501460306956,-0.0609665533283304,-0.029015937960949,-0.143276284214458,-0.423479199778363,0.383039975492606,-0.0902438573719158,-0.0892083044922009,-0.26725713711247,-0.393582625031068,-0.247604539101813,0.066594176804934,0.24835137654434,-0.220504608549822,-0.254448170160578
-0.193671466983057,0.524784648700993,0.117606928182464,0.649448037040514,0,0.0947221381991875,0.0751396610964698,0.418100604925308,0.282012076960645,-0.0627451208948691,-0.0935439051525012,-0.0509774645288798,0.0227773879697408,0.205189275408149,0.180170283932009,0.444259070008579,0.203422076437481,0.179193450015356,0.202249865339938,0.0317237164184392,0.295085504231892,-0.0387048565599546,0.213670587733635,-0.159790752195826,-0.121256691055943,-0.405334921908955,-0.0342515145477203,0.0450360831856424,0.107684281939897,0.123865726335553,0.0990831598826221,0.11997636471032,0.201750771505364,-0.0827050289135295,-0.0448342091316093,-0.105154112800082,-0.132367378286726,0.0810905052158022,0.0316972579757749,-0.0524255830238144,-0.406684035081085,-0.172009947731224,-0.311763138066278,-0.104839491353537,-0.301610406280485,0.00475134314772059,0.0263529450554896,0.0264688241651115,0.0601727251351725,-0.0343966758000047,0.311196359418069,0.359594212617197,0.480723881264737,0.682546160584559,0.328520814191615,-0.0179317471686081,0.195404148455105,0.330127673597211,-0.253772993241651,-0.169056482240318,-0.122264302690045,0.0285036729484908,0.0966777010332684,0.252862960307124,0.223537221927451,0.154082721946299,-0.25983744260917,0.237017253708701,0.136377059297677,0.138984355661178,0.250151177901749,-0.0452178730343511,0.161183782099445,-0.217563353722359,-0.117959684300004,-0.376428769859576,0.0953992617872951,0.100908741632343,0.0719140320315751,0.108373409784713,-0.255755795426189,-0.362870735816956,-0.361304662229519,-0.211835247175068,-0.0754995168898594,-0.0508067467107925,-0.114602207214222,-0.103942324654915,-0.113908348472186,-0.310106299072469,0.229908906895501,0.00755726428008948,-0.0443916740307454,-0.272200038595474,-0.336826285638347,-0.230862093871755,-0.0304622576380376,0.0299494235983601,-0.0660008211993269,-0.201150638940062
0.29789342417795,0.566815240410052,0.710270246479236,-0.149816093296519,0.0947221381991875,0,0.644733678331276,0.637552760631665,0.744163415164113,0.237785942575056,0.366454967090885,0.312665972203775,0.342912035765627,0.0345162472863462,-0.070514988870061,0.0427528627801559,0.4387383734554,0.406509644607276,0.411380226840985,0.0754766335178947,0.16627783121267,0.156295568605074,-0.0863708544223135,0.488989661577798,0.41913966197787,0.095900582188861,-0.133327186446902,-0.290024785470521,0.059081328550086,-0.286301296699519,-0.157720354274476,-0.350845269484439,-0.490265834285477,0.0909526133234459,0.0204537755810337,0.310592940091105,-0.315981831416537,0.219665346390025,0.413236628779033,0.577622331084571,0.244446624385311,-0.0239979280764435,0.207876659411812,-0.0540940439371052,-0.114802422992691,-0.0833341747036383,-0.225665406890792,-0.176168874169546,0.688306109015717,0.263332841443773,0.168192585871393,0.588318832363525,-0.136174658133442,-0.219250996716358,0.822864390578618,0.831562167018776,0.638026696348326,0.626868973812773,0.312589010180681,0.382948067744432,0.265178014356983,0.219021161278837,0.083403848028714,0.241350427818134,0.156467132754312,-0.0593426529920915,0.513196668097587,0.455633576045851,0.245185969340358,0.401154373046662,0.123064274780908,0.324041690998939,-0.044709645074273,0.585757695400278,0.446174174736657,0.198384941952528,0.0770002065061224,-0.291543587721536,-0.592698571400471,-0.336901625540433,-0.163352437994452,-0.000370586352259646,-0.0678216882562636,0.255486345969693,-0.453113965108687,-0.311968392799258,-0.195943606460709,-0.38372126036641,0.41873934371429,0.48480036849999,-0.518344052740364,0.565318956020817,0.553036078384192,0.068970687552307,0.183142974652366,0.119865340469136,-0.00954056204614965,-0.231636035715245,0.667050578325921,0.249664855748115
0.226486196183863,0.520577572206095,0.580789716146706,-0.0508022292259076,0.0751396610964698,0.644733678331276,0,0.644409032986929,0.645899834433601,0.162209395257961,0.356238723218417,0.255863931369422,0.20795143566737,-0.0216414090930675,-0.0982776296697194,0.0812222333085855,0.239564487991595,0.41097935827944,0.264135854980183,0.139803552796716,0.16119441400292,0.036398076182919,-0.118128561412553,0.39285092942059,0.403189479095582,0.0879364658288063,-0.124547740831392,-0.236383932480886,0.0467682064679868,-0.299650987089854,-0.0523416702356486,-0.373305400576355,-0.394028797078059,0.03744424634098,-0.0675308562360615,0.346531551428019,-0.231131892578113,0.109402053036953,0.204631065126557,0.516332892248508,0.294665045992405,0.0460372813656744,0.188288096737112,0.0236897368557105,-0.120195715568199,-0.0594498637838731,-0.230593653641965,-0.118018540581268,0.582488054566588,0.218096330500411,0.219164808864822,0.49457699026523,0.0751121736184747,-0.108960073701807,0.601566345790259,0.639843128015106,0.698743942963141,0.614046330927708,0.223451367506917,0.371546751210487,0.219354990435236,0.0932251220687375,-0.0120467300356385,0.138719327157094,0.077120109443975,-0.0917323785695991,0.644482072078327,0.244939978832657,0.113214843307237,0.317291054942041,0.110622383068599,0.0950688511017217,-0.121940677723355,0.539745756895854,0.310840487806523,0.180430464274439,0.0435324611447128,-0.282680431278639,-0.406446331492474,-0.341364165089445,-0.170212411015966,-0.0766803251076452,-0.0913910411758686,0.111589343744741,-0.420516703646981,-0.329772574360347,-0.12185588548334,-0.356723103812241,0.400405810209835,0.373939513174133,-0.418016383684208,0.367513502358158,0.298094995621238,0.0768216061412704,0.1400330634962,0.160988956677075,-0.0370723367558768,-0.213179891963225,0.595946337605724,0.236109203970251
0.0967251601046227,0.754269258714497,0.573701642087715,0.178515056637064,0.418100604925308,0.637552760631665,0.644409032986929,0,0.788238200780737,-0.0106414659276661,0.229776206656918,0.093675805656659,0.197699888394717,0.11641465520676,0.0275444343708437,0.149495739101984,0.377652915891355,0.667694136400933,0.454970318973135,0.222756514827162,0.436596421156639,0.0329261026608595,0.0514229440515818,0.172406859480305,0.161671333382338,-0.164804227350349,-0.0308172272032123,-0.184224339567291,0.078811256053953,-0.18206110417647,0.063519957149439,-0.386140659848998,-0.377315656692727,0.086345121164185,0.0486735640699263,0.39903212615861,-0.248752281697495,0.0394448378387876,0.197340428992695,0.363462483795368,0.0330745244921815,-0.210174082746581,-0.0194652588087492,0.0677020944487454,-0.1847245865397,0.0694746170590857,-0.108076085479977,-0.00263181484930167,0.509701379293332,0.238508868679812,0.252197492048032,0.665745465391027,0.212532389539699,0.157557508999804,0.726587823399342,0.567148169137636,0.83856178690669,0.869848500764324,0.0477145919590324,0.273868752463013,0.0705864278383077,0.0244810832572258,0.0994366938391782,0.361843402664987,0.326126491405617,0.0432796045787903,0.320736218307979,0.490279719874092,0.314078178973504,0.604508418686405,0.327038122469972,0.205677909003629,0.0975940635241583,0.213161189430461,0.167142931528221,-0.0589471218153428,0.0402048102712746,-0.204448157543525,-0.416318344296853,-0.33416584668715,-0.4175744930178,-0.110903805759702,-0.162757984551987,0.0429550227947483,-0.31498479944508,-0.262147045335672,-0.201749624775974,-0.343308397116525,0.406323957094179,0.13595576887989,-0.378878369380593,0.387094892886872,0.23915962271301,-0.144047100142696,-0.1175428389446,0.110486114589413,0.0949909287825181,-0.0836394319887493,0.468845449359269,0.178977410514562
0.158911726322784,0.652133090363306,0.643913830380117,0.0141709802893806,0.282012076960645,0.744163415164113,0.645899834433601,0.788238200780737,0,0.134895628728015,0.352013092505062,0.203240795222888,0.324437329907442,0.0974029508418471,0.0539071618237894,0.0280700321479025,0.324318849140037,0.564909594157899,0.419562969841338,0.180021250423735,0.311578374097012,0.109815353111862,0.00684548691125769,0.328369042658938,0.217892068809527,-0.068742952429663,-0.0892589535203083,-0.171309158286055,0.0703683483156619,-0.191796487241882,-0.00195612322786788,-0.401872512107611,-0.408841097463586,0.0642537649760721,0.0294425491931764,0.502979265498861,-0.276847693791438,0.16963966064529,0.330557448376854,0.562764454272616,0.244629659188811,-0.118614283011114,0.185401381906001,0.0873636331128884,-0.169490520672925,0.12986987734163,-0.118537353331092,-0.00280654944169812,0.623294796769487,0.318081693042778,0.269524076302107,0.647986948352298,0.0316972849587999,-0.0158199836102773,0.787960344037774,0.70480730273184,0.747041368922802,0.816904969915231,0.212029213091245,0.400178886900948,0.211923386420246,0.12017020674106,0.147269417849616,0.37970685192806,0.314511273204007,0.0784836775453256,0.436831647248577,0.460238878526944,0.198143506776236,0.50687724915283,0.228037180321414,0.197659358382298,0.0833120440530716,0.384609318126026,0.269674628426176,0.0261321610737534,0.049019529679176,-0.219744127899699,-0.42364528066699,-0.37281465651896,-0.364062805981812,-0.0355573435713008,-0.14039886685824,0.0754545503621813,-0.412342183295461,-0.253842291432011,-0.221746597763924,-0.322229278236405,0.430554374222546,0.325525178129437,-0.402985971665773,0.475579911798363,0.389996684756129,-0.061785257104229,0.0646231650422117,0.173726461008291,0.129461874885838,-0.102722095276308,0.610332553950312,0.239332625931339
-0.0821142706724634,0.0245593789448096,0.0275471231561369,-0.0948427237186092,-0.0627451208948691,0.237785942575056,0.162209395257961,-0.0106414659276661,0.134895628728015,0,0.473639548113635,0.629837233896705,0.339317541885575,-0.0633836993788121,-0.00697313180028201,0.0306194895852022,0.133717515693716,-0.136073420519222,-0.055242335450138,-0.230601173607829,-0.237549173154812,0.0434147374292071,-0.140979356705159,0.561584860355377,0.587525931221938,0.273241406267404,-0.19848743743288,0.0390682085882051,-0.016182348622822,-0.0100510410586963,-0.0516671157328854,0.00652835116663468,-0.0369646628547277,-0.0443633736229912,-0.175181777312541,0.0331648534572412,0.00494138453773746,0.302453113588201,0.335343925468795,0.457463489882843,0.178479059470062,0.267261050587249,0.31982681821056,-0.133685615507938,-0.106140117810703,-0.212290461925894,-0.240447947289702,-0.235673679189135,0.305102177354394,-0.00117275757459817,-0.0208140912523,0.0334396231624298,-0.228512879927079,-0.146561020848872,0.200084123320706,0.190911570906364,0.0349382366705051,-0.017836617056933,0.750851516736659,0.38084531800217,0.55421916549776,0.365562310536933,0.07284230016785,-0.0494148293194344,-0.147711413189529,-0.0278333828241022,0.293682888662699,0.0665359614444265,-0.0936769838246575,-0.139279531441571,-0.225179320826922,0.0813776783290536,-0.137132489957787,0.470244294441228,0.616225229641514,0.40631663777355,0.116496667037905,0.0815527774616859,-0.140432993361775,-0.0900507922402248,0.147615891161151,-0.116767587471408,-0.00508971026975524,0.166515086572495,-0.314013750810767,-0.204759517109577,0.164699201469325,-0.0427360399743128,-0.00791974570462058,0.241708018974493,-0.117323581562586,0.268093180506828,0.413726356222909,0.277005534241392,0.423836847627724,-0.117004059901012,-0.248904209658189,-0.272758804284059,0.289053543742181,-0.0118794364721836
0.060168548567933,0.0953539200635956,0.262120891646011,-0.259390365829772,-0.0935439051525012,0.366454967090885,0.356238723218417,0.229776206656918,0.352013092505062,0.473639548113635,0,0.644857543254626,0.514367780896917,0.101774820568682,0.142283017775146,-0.2086293315407,0.351886087832991,0.225320612357978,0.248943444670136,0.021261629612993,0.0144181189243751,0.19226538769,0.00526418622491319,0.662227027441607,0.419041232082937,0.514953977096311,-0.0162905600556126,0.140113814100217,0.108640277525988,-0.0428206796899572,-0.179125288455498,-0.230522476929832,-0.354930000762868,0.249279844511119,0.0554862121578526,0.286221347262139,-0.0499615323553684,0.0241148112383212,0.11160790879549,0.417313592204593,0.43588431258487,0.0652186268885117,0.391813033369286,-0.00337110325252481,-0.107027216182194,-0.0426265331381293,-0.167675662699643,-0.102905036270833,0.304797255343107,0.171899027417043,-0.116536368659096,0.0728787554790783,-0.326707787008254,-0.322635181889332,0.351949674309747,0.323907033476123,0.237228085746504,0.297358609593043,0.466780421331172,0.744490762826861,0.536472776871512,0.379980935610261,0.214291804233039,0.13784529906895,0.0648117771257821,0.126336813749535,0.39164497717111,0.265186784759415,0.0727451258299601,0.18896870439602,-0.015602242640155,0.2592147529509,0.022618833790806,0.363643173736388,0.573959356283848,0.504115634100318,0.20229378103848,0.107543983382745,-0.360164225255612,-0.350325688414809,0.0732130856658083,0.0452483001948078,-0.093552392783618,0.252540720680378,-0.201987345774799,-0.152635233913068,-0.0305368656336781,-0.00506072737368088,0.230944518252056,0.33316669094313,-0.389365337167948,0.168030295094334,0.197230637485214,0.024507026017692,0.304038576665002,0.132588918870712,-0.0293236527084305,-0.129753228361507,0.356076618229234,0.183545413521779
0.0397397026539679,0.0039836411490044,0.158564918522864,-0.181428822478577,-0.0509774645288798,0.312665972203775,0.255863931369422,0.093675805656659,0.203240795222888,0.629837233896705,0.644857543254626,0,0.507765149917335,0.0942322083847568,0.127833609667306,-0.062450094048512,0.394535217657506,0.0774339450069865,0.146561156248065,-0.158887569280221,-0.0784797173180869,0.160957269156449,0.0534817281394579,0.680275769655384,0.47871446285378,0.51216551956135,-0.118754481440218,0.0750804383984491,0.0849214852724052,0.0820185787510661,-0.266168272815246,-0.0841901802325039,-0.232702064283896,0.0678479264983035,-0.107212661962314,0.0855253926720085,-0.0521541986481197,0.157663585304827,0.177444425162419,0.436779024895861,0.267124826804904,0.160289164299546,0.353490763450961,-0.116907854026042,-0.144419282144823,-0.174279747553336,-0.191666004273747,-0.151679846128167,0.222234632933886,-0.03415189067105,-0.0790936116395841,-0.0104593421147222,-0.351641059377002,-0.262400105662282,0.27336267731423,0.213619536144884,0.10067774565064,0.113778258045313,0.581469522156072,0.641358935898583,0.736453135715034,0.484804386576461,0.209538164966798,0.0993895744328018,-0.0127025613715133,0.0991492438409522,0.293904286230866,0.263078643553119,-0.0454700792964222,0.0134377171841739,-0.0741219422370538,0.207936091706453,0.0270004924417034,0.408707835358929,0.722343597462166,0.610676146182943,0.171252036893213,0.198831943653625,-0.345602427545654,-0.198182893926048,0.150798109691967,-0.206961654822267,-0.217426231636627,0.197087377612835,-0.27501757903974,-0.210363795772155,0.00768822166667105,-0.113548263719424,0.0539285274298531,0.280624048224309,-0.298610491255366,0.132253841435977,0.292060182735712,0.0511141521740689,0.389638731156764,-0.080015717932324,-0.153465714440812,-0.163657799375799,0.280222354095039,0.00429707443916801
-0.0500580737604788,0.049916618570831,0.229566045024997,-0.00507808831207615,0.0227773879697408,0.342912035765627,0.20795143566737,0.197699888394717,0.324437329907442,0.339317541885575,0.514367780896917,0.507765149917335,0,0.442176532157609,0.471105549134502,-0.0345943263938961,0.63628286529744,0.346610142234796,0.581088348210044,0.15767711203212,0.32207378289382,0.572808794566766,0.363066524101968,0.525494692538774,0.165936869463622,0.316773386805152,0.23392665134938,0.286372216619923,0.342469077068072,0.374366547125097,-0.064144641781074,-0.0962891929973858,-0.213267129699522,0.368231606622792,0.348188162724211,0.23726438499783,-0.0955233797548931,0.040839443516861,0.251984641216766,0.387819029662742,0.317212027288357,-0.247705116620775,0.267538828629715,-0.0248540789584082,-0.209487336188356,0.176573345163264,0.182756822119171,0.224960653183933,0.211294112283491,0.296718653736882,-0.0926953731500071,0.0694549222650393,-0.196746365130299,-0.110122848768467,0.318163896002845,0.219005479827236,0.189636121145122,0.284845867559451,0.255413571519318,0.524505544122202,0.570715990068696,0.798766301088954,0.678677609095437,0.505014113476777,0.449481817338255,0.490601547930813,0.0406520753924122,0.597091547973135,0.371264004098125,0.332432431382104,0.292345861029669,0.520269999240997,0.387453668036177,0.236994529299146,0.572630295585676,0.196264581192719,0.405966221698925,0.404025636835839,-0.335883688662428,-0.217286077170604,0.11864856982346,0.018652946964044,-0.287550738897481,0.420674326411847,-0.0281856107273871,0.153423013527507,-0.0696132183390617,-0.0070888422824873,0.224169934937789,0.220393367100704,-0.314501661846726,0.279814944234818,0.353252227398623,-0.183692475626941,0.131560367394526,0.0446743390854635,0.20657187068965,0.199318023667491,0.246891995368457,0.164692703743207
-0.161811903507635,0.0142194883932462,-0.0377977631363719,0.309572127704692,0.205189275408149,0.0345162472863462,-0.0216414090930675,0.11641465520676,0.0974029508418471,-0.0633836993788121,0.101774820568682,0.0942322083847568,0.442176532157609,0,0.821390532812358,0.108849153201778,0.415757609538638,0.262846164905226,0.594361988566601,0.284523644874405,0.470947979437901,0.465191843554178,0.774726542932382,0.0891546578775951,-0.217771178115248,-0.0364103382746862,0.453335389618836,0.202900413179376,0.570436813431826,0.643391149934975,0.018187156302538,0.121579544276183,0.083386613561919,0.264711574201743,0.421610197153955,0.220714519539421,0.0703550429799276,-0.0751590239918041,0.143461542270873,0.0854583392845677,0.0792523906222024,-0.47109725987063,-0.00823325393368055,0.109486752622652,-0.0609559212308127,0.266330965163255,0.643084509330563,0.530102569972148,-0.0175445985271768,0.255708962482307,-0.140955485973926,-0.0988009817437001,0.0786602018778175,0.232159289310514,0.0183619814704159,-0.132315996782033,0.0142466316221709,0.172075107908052,-0.217583281916315,0.0653518018130137,0.140843183396308,0.318100875350856,0.675941311567817,0.692140844172665,0.73823736231148,0.790687182388672,-0.280469878377333,0.399883243461185,0.446969646068881,0.212656983731001,0.481794908532405,0.19140332822177,0.694204010736746,-0.174270844793983,0.139054841158062,-0.21504659693275,0.534235189530269,0.515685752310625,-0.252353420934386,0.0851569998605719,0.118502702211605,-0.0348908636394073,-0.337327132858165,0.277817449582861,0.228854615277715,0.485960591031809,0.0218591201412721,-0.09241957217477,0.208238938247632,-0.0913229630015248,-0.100737488433779,-0.0388417838293503,0.108933357644134,-0.42860851537773,-0.247513558037866,-0.00468094181589832,0.320349099164983,0.544755290618084,-0.0363369214418707,0.0580202611632762
-0.152317572561405,-0.0751695161064899,-0.0543325213747008,0.313106242023198,0.180170283932009,-0.070514988870061,-0.0982776296697194,0.0275444343708437,0.0539071618237894,-0.00697313180028201,0.142283017775146,0.127833609667306,0.471105549134502,0.821390532812358,0,0.101961465117594,0.35048173340186,0.28963111637822,0.496598118471206,0.331833857700895,0.489043648187793,0.475513141385841,0.766865821346863,0.0962341258534237,-0.278540918881841,-0.0216648363052771,0.49837253473351,0.425993799950019,0.54691604854633,0.740703371057224,0.0270166896815594,0.175989981683475,0.140988229298966,0.281757376374329,0.398729269915902,0.220673877428793,0.0498562855248862,-0.135052918649107,0.0334026934843081,0.0314289602522327,0.0829754264874051,-0.460365862429926,-0.0297788755048712,0.0766710728051363,-0.169452222976457,0.336538266461915,0.647850611522365,0.593320112746457,-0.0612840616928454,0.190820281844491,-0.0604197477671059,-0.138024834100848,0.0772441852389591,0.230019983824811,-0.0539288282405826,-0.202542950923467,-0.050587244195532,0.112951792690722,-0.195987303418843,0.092661580395962,0.134517411699306,0.332638518033895,0.677699448081449,0.649601554251868,0.720153227027904,0.903853541198188,-0.319024557801602,0.33929053759962,0.354870609593028,0.253574329249976,0.529889583429291,0.188175668413189,0.73242426153037,-0.243643772726697,0.121243631521889,-0.230424295871277,0.559324706150841,0.693571032020571,-0.12737818549525,0.132085643087643,0.123103740700621,-0.0726947557426877,-0.411160196588605,0.197696348191411,0.267398640599165,0.541191351688662,-0.00976182066443276,0.046402026147842,0.143153369059479,-0.189061158572881,-0.02303362545358,-0.13882236400758,0.0129997065230454,-0.474217154464291,-0.271323770553397,-0.0662244964684608,0.369746397192008,0.615601990002126,-0.0528989701035747,-0.0321928995620742
-0.16849588027609,0.406086819836988,0.06639684738526,0.567006755453247,0.444259070008579,0.0427528627801559,0.0812222333085855,0.149495739101984,0.0280700321479025,0.0306194895852022,-0.2086293315407,-0.062450094048512,-0.0345943263938961,0.108849153201778,0.101961465117594,0,0.134710766810164,0.030368374086409,0.073557668184724,-0.0630118853923929,0.149296801211644,-0.0733592257514576,0.139069950206425,-0.118306982404927,0.0219723835673163,-0.377845557479532,-0.0949311927470445,-0.012030574622985,0.102292163617549,0.0957528792125921,0.0758376398810354,0.375645475769366,0.473365719969905,-0.0998697219774408,-0.168770854434748,-0.337735124744135,-0.13105296415696,0.16022589777815,0.0625507387643374,-0.0612078166114615,-0.478383770101131,-0.024924228155964,-0.381995788682406,-0.404995662914197,-0.385559690938423,-0.182047877885903,-0.05967293060286,-0.115325228272436,-0.0140488778563375,-0.198343891202935,0.486012884459927,0.368220809116874,0.689419685080844,0.591808337892147,0.158356865436945,0.0208359653569497,0.0930558575569331,0.0295875929699817,-0.23610923692794,-0.322256527730561,-0.157925229263819,0.0360140380288039,0.0369959334863617,0.107044817420543,0.0578389754143096,0.10183512918961,-0.162131552101348,0.119606845656606,0.107767914657856,0.00229423583936565,0.185119706264577,-0.0314633762908238,0.0505983283182856,-0.058613075113043,-0.0743828128234249,-0.357501985997454,0.112572717427536,0.0985182549033646,0.181138959742687,0.417736678062138,-0.0209934714104773,-0.440887062259947,-0.367060691127784,-0.186312410857325,-0.147947506025208,-0.0318301100979295,-0.043809194063288,-0.0585362917660882,-0.238032275928252,-0.304896495809728,0.40020121438755,-0.037939111092273,0.0808488862505538,-0.0672003603560475,-0.231526676681575,-0.483710191864674,-0.153863040334186,-0.0740785213926315,-0.120979236036255,-0.356385736015931
-0.0904616065910451,0.248553306308794,0.298342819189699,0.0703675292111516,0.203422076437481,0.4387383734554,0.239564487991595,0.377652915891355,0.324318849140037,0.133717515693716,0.351886087832991,0.394535217657506,0.63628286529744,0.415757609538638,0.35048173340186,0.134710766810164,0,0.512850612206378,0.727776177329243,0.24280039265043,0.474324945199477,0.504303181241985,0.397294477332861,0.451783572057716,0.122755805361077,0.205251136932343,0.283763119743208,0.14536974019138,0.396164113887522,0.249000417834109,-0.158646351424284,-0.2194759735529,-0.255521034870091,0.486722237967902,0.39749802865332,0.143595714669166,-0.105582204828494,-0.0982677231687424,0.169748767146234,0.260509273897513,0.142810109562042,-0.341238556585993,0.0811763400743046,-0.0971831032729046,-0.235153629720635,0.0588529644219923,0.134962359617053,0.134995343934916,0.220483277518366,0.244526995964754,-0.135322258085156,0.22124527669592,-0.0684825892494797,-0.0181041038796473,0.416753479868685,0.28703952737108,0.315248281299644,0.381732213742367,0.045549936040562,0.347318482262494,0.320262192596454,0.517657694987182,0.489024500443759,0.442560610648073,0.433260738896981,0.343007882276934,0.0448047406559046,0.717339507022776,0.595120093720684,0.521548763980735,0.429100702395699,0.622351004876591,0.393710363006905,0.156505759104389,0.497666665918601,0.117005362297588,0.443888951101226,0.249781401177803,-0.478767850290732,-0.290749841734153,0.13714436247383,0.00855168367454559,-0.302446394677678,0.460329368568342,0.0254461847611418,0.0874627466142653,-0.0863336055118124,-0.124124739669533,0.318446773907617,0.198615611909494,-0.370843394088914,0.266476448048207,0.3042157869966,-0.217027867347759,-0.00828636246416256,-0.00820852868594775,0.150901003866447,0.15076923948043,0.221017746698598,0.0996814414883218
-0.0350113501532904,0.405125414866538,0.396601601406747,0.0829851976313825,0.179193450015356,0.406509644607276,0.41097935827944,0.667694136400933,0.564909594157899,-0.136073420519222,0.225320612357978,0.0774339450069865,0.346610142234796,0.262846164905226,0.28963111637822,0.030368374086409,0.512850612206378,0,0.605413331043935,0.525730351582837,0.670681891422263,0.334412799725931,0.277770514693634,0.206468375655441,-0.0946660208438087,-0.0546618874391249,0.275029031277637,0.0882323285866613,0.198070356523645,0.0855251692527861,-0.0268386692150045,-0.372698691342866,-0.382561719697264,0.449275302683538,0.31391486642013,0.509550734586664,-0.21195743857226,-0.189148901331394,0.029458493222015,0.241622441078875,0.231258181791976,-0.363947197011483,0.035157916352375,0.0775268418150987,-0.195329435780039,0.246770482720186,0.174870995101772,0.280469447883633,0.280625415347326,0.274307108604013,0.069358786219192,0.392507225643433,0.11058768591487,0.0464575763992574,0.469403584591785,0.35608052138083,0.651495818526756,0.702481239622079,-0.0743675892862886,0.2934159435675,0.039353172201056,0.102092456365823,0.273855733193449,0.45818042576088,0.500074707480664,0.305383876919836,0.191930371015296,0.546721094577608,0.466052110415778,0.851354051725801,0.576107135372515,0.393938379458423,0.323853826758061,0.0650406709509481,0.17176334274837,-0.0966814878689554,0.171908349925652,0.0527487163283392,-0.386941282536684,-0.338709976490742,-0.228231526985782,0.0854176483318635,-0.226497920238322,0.198629780138064,-0.0307801886072104,0.0376914401502032,-0.257144875104584,-0.168971832775827,0.519700806962264,0.152411265131376,-0.392107835740638,0.204478344596217,0.13037020812959,-0.329829656419634,-0.131570601885273,0.142480445145206,0.329332087949959,0.228990544011962,0.307390912641772,0.146082810039569
-0.0466081919599671,0.291294240282007,0.354412667951921,0.121816164027714,0.202249865339938,0.411380226840985,0.264135854980183,0.454970318973135,0.419562969841338,-0.055242335450138,0.248943444670136,0.146561156248065,0.581088348210044,0.594361988566601,0.496598118471206,0.073557668184724,0.727776177329243,0.605413331043935,0,0.32771152591344,0.635421746580627,0.625104089483527,0.52463174091501,0.275799206392006,-0.117542723211524,0.0764862191660119,0.370401701401936,0.0960437039481825,0.483160034779629,0.32902202486989,-0.129083751699936,-0.25546442924701,-0.267033528480274,0.4992531896356,0.500384625472686,0.281405476394133,-0.116518604299974,-0.0721839740223047,0.222014876196036,0.28945844513213,0.201722420805155,-0.476038528915588,0.139854924675771,0.0523577440837175,-0.18126792269074,0.30576048968722,0.363070963307595,0.347735134129733,0.215698650512227,0.457227097043775,-0.123118455078788,0.238547652540612,0.0213292016480384,0.0291772272902454,0.410424446694409,0.283928894199183,0.398175062130667,0.498253186543245,-0.124564547971963,0.289190452098578,0.153868819159514,0.341533492937677,0.615041335746559,0.641631097387406,0.674837448339085,0.522753721064423,-0.048534084751893,0.732082796185868,0.705732146510173,0.617340671758264,0.552912985666728,0.527677741097995,0.557418791842893,0.0473407097586883,0.247135608738744,-0.0996907309811732,0.478771725942178,0.234891554484474,-0.470874930963341,-0.263660185290892,-0.0259474991289343,0.0783384362553184,-0.32027999210013,0.438231927420355,0.0866297967792551,0.272227178887046,-0.171278087305195,-0.176878243379676,0.371035007589063,0.203814560155365,-0.364874730476071,0.281265254981363,0.306600910611064,-0.373337483281833,-0.102846928762442,0.118606118967718,0.4107958207559,0.3404453220275,0.251369785509024,0.241113217194457
-0.0921641594243739,0.0639856176578431,0.0856028749395523,0.0748146553214545,0.0317237164184392,0.0754766335178947,0.139803552796716,0.222756514827162,0.180021250423735,-0.230601173607829,0.021261629612993,-0.158887569280221,0.15767711203212,0.284523644874405,0.331833857700895,-0.0630118853923929,0.24280039265043,0.525730351582837,0.32771152591344,0,0.606650312755921,0.214976870917621,0.222834531717274,0.0132839348370758,-0.230918770400512,-0.118913321974735,0.519236682889758,0.276980694016375,0.430398808629864,0.1683620756484,0.0969631894326924,-0.182371739568356,-0.116333249399431,0.466851453875882,0.410458144211119,0.436632634082125,0.0510877709747299,-0.353156666163015,-0.201895168822609,-0.0530790774216961,0.250704646542682,-0.401078578927473,-0.215339534365742,0.182746108225738,-0.00224229401446212,0.238396821176208,0.350420357722153,0.452217556253234,0.219679182198597,0.327241712825115,-0.0121612377855809,0.0523557878392373,0.0882539325971931,0.108905738992462,0.0421970833995497,0.0589866242298143,0.164112938348249,0.328852319441496,-0.267848001627012,-2.97787890159998e-05,-0.150232043828861,0.0236203051653916,0.274725414391039,0.255049768572652,0.393391659683665,0.307627301342141,0.0346982964913146,0.142517958359455,0.366608098032093,0.523763130087546,0.634093017227381,0.0559774653219664,0.187164252093594,-0.100713675489772,0.0123967182719014,-0.255246962901323,0.320018288113553,0.178490799801618,-0.208030433184849,-0.18095462983543,0.0778601150192507,0.33017689490438,-0.135785396090497,0.0710389087001577,0.307499718681868,0.171302521686208,-0.050710839619318,0.0215103134244472,0.611920292004226,0.0795319919992657,-0.166233369092554,-0.0882905905112455,-0.135350598365174,-0.321304597472772,-0.374648282213482,0.169363553318691,0.317705611971943,0.470664357741461,0.207965390743508,0.238775546511357
-0.206994451762316,0.247468417809475,0.186443801707052,0.296231872964338,0.295085504231892,0.16627783121267,0.16119441400292,0.436596421156639,0.311578374097012,-0.237549173154812,0.0144181189243751,-0.0784797173180869,0.32207378289382,0.470947979437901,0.489043648187793,0.149296801211644,0.474324945199477,0.670681891422263,0.635421746580627,0.606650312755921,0,0.411246330197599,0.468479106952581,-0.0283207663240955,-0.312711222444859,-0.215953499378594,0.463254400196152,0.285119035284953,0.368840995715425,0.403403038511764,0.0566361619919008,-0.199955521112276,-0.125487050000738,0.376975283190711,0.402272660659715,0.234330603438753,-0.157590294387581,-0.233473123477819,0.0158757075849167,0.0427062025415455,0.0171513698434871,-0.428252974777221,-0.138724454651307,0.10224102820828,-0.209535641576742,0.394749937247107,0.456121018592234,0.517356788332066,0.128372568446317,0.270731355486831,0.0567503008743576,0.185735857760187,0.23144138036984,0.266803343776377,0.229917015931612,0.103177967923955,0.349728438336996,0.493750301783059,-0.3010738301737,0.0562748361971956,-0.0743836850509667,0.134747868993851,0.493147799896484,0.560560452513946,0.70322142046526,0.495301673653593,-0.15525731505884,0.517761002904294,0.574487146377231,0.697616150890034,0.869458811496112,0.283147232043101,0.510010311778491,-0.18530313832596,0.0313312826755554,-0.316848633161905,0.334905433596764,0.346339566997975,-0.226757220327911,-0.176425534073399,-0.127657531990018,0.00208162135543244,-0.322928866818912,0.120571229994395,0.253203245458619,0.268927832381995,-0.237112782385108,-0.0402824997157088,0.337545723435077,-0.0791785219739892,-0.213541103147771,0.0304890870083566,0.0138410902104697,-0.4292211857439,-0.321714573702521,0.0447375921049751,0.446823686040003,0.526504673672861,0.103188276537763,0.0791977718364319
