0,-0.0630450529604456,0.323260834568535,-0.232239144519266,-0.0618376844080736,0.212329489008467,0.0180880140628487,-0.00968168580287649,-0.00718620296424352,0.142436215813174,0.0326802550738489,0.125354645367305,-0.045129171369634,-0.130060342449484,-0.168380145872288,0.346541819002004,0.00797355435737788,-0.0699992016563724,-0.0601213712129657,-0.0504411874692877,-0.147616697453116,-0.0325943161254706,-0.138123603905131,0.13539993408465,0.0955601764154193,0.169349960289953,0.0556600315069605,0.0961261115597636,-0.0445961980614695,-0.0854222496069432,0.105887012343827,0.288101373419574,0.062484329823188,0.0461780507563418,-0.0492295269786501,0.0325965167742981,0.0327723786827088,0.262379677246181,-0.0447651171619162,0.048798458520395,0.124167965294714,0.126881554479338,0.0747674415020565,0.0749506219035689,-0.0588567442114639,0.0407482599465638,-0.064644491797459,0.0112163135372587,0.248085476666583,0.117189200749435,0.309371541250614,0.173703701302133,-0.0185069022286804,-0.193466180315353,0.120664469056378,0.365862257228919,0.0931440148931172,0.0404578994040197,0.104170554394007,-0.0110923379941251,-0.049060752110103,-0.0164001105823489,-0.131838013668224,-0.176260723796465,-0.16364628855175,-0.171908000145682,0.214655799557088,-0.0395190050878755,0.00061728642170588,-0.0439296052504171,-0.094290995518673,0.0245842188873324,-0.204203810094741,0.164632665594249,0.0452205166778269,0.0635551282475338,0.0199806516417036,-0.0427535752830038,0.059570533170136,0.240209383880424,-0.0754659051386002,-0.0554731784908104,-0.0428762974325629,-0.131925840098669,-0.0956245631442392,-0.188210715095602,-0.0664201548334973,-0.0213780804082982,0.019095892257468,-0.0536738010693941,-0.0453238530782867,0.0930749875745783,0.0333179288335086,0.00403581436547337,-0.0203589066059351,0.0316227886187659,-0.0340533889374543,-0.144861403005241,0.277314401384101,0.098320811925272
-0.0630450529604456,0,0.515378525213435,0.441973506538793,0.255650755805978,0.393871834943833,0.501289915503077,0.621912823768154,0.55551599483433,0.0564025974769495,-0.0247047104485976,0.0885867665689408,0.266746811724001,0.0226729762225375,-0.0721286887270067,0.270652197844648,0.0293652982126696,0.239691433361801,-0.0302170449256088,0.00804206397542508,0.0615947264174328,-0.047888119342748,-0.0892771112050351,-0.00278678068599597,-0.0296871184041848,-0.125634708611221,-0.0134876134503768,-0.255161562077725,0.00539511285836026,-0.164717678353254,-0.0263074680384712,0.130011437401192,0.114365513035572,-0.0953208357150663,-0.0402208540722736,0.0692389835771001,-0.138994873929853,0.0891919176582265,0.119557103007116,0.10144168693205,-0.186687444597332,-0.132695861376329,-0.0187106612990081,-0.233690002309457,0.0423113509656829,-0.0521540447014186,-0.120072402999695,-0.158886229133607,-0.0232207782036456,-0.137789444529826,0.164747702470999,0.686994194500134,0.38891368822458,0.449359006758018,0.524478404801565,0.418226680702981,0.66281699674126,0.555324016972134,0.144962027021296,0.0217477022807494,0.0827900148571532,0.277306623313272,0.19778417973939,0.210749477166029,0.209799946634045,-0.0333902641840539,0.212626607366996,0.162642015256,0.0785180153077384,0.263271882680388,0.138847465317151,0.0153257498852155,-0.107150722115492,0.179416107889306,0.194636557700347,-0.115703336168216,-0.0274961896426288,-0.134371810514935,0.051088765745008,0.137314545994042,-0.0609051878658063,-0.0915718331799852,0.117642896799053,-0.0455560170148124,-0.118822407757077,-0.0371583047845487,-0.00141169138134971,-0.184910831222029,0.062188327440418,0.00762309348315271,-0.00518010528656933,0.261991706697257,0.195850070756795,-0.0672189334954575,-0.127114607171476,-0.147841762791362,-0.0731974846796191,-0.105723029057034,0.0225606699214536,-0.154214968511701
0.323260834568535,0.515378525213435,0,-0.0305163242526028,-0.0342896238394115,0.528966410035283,0.399633487474476,0.420870004317309,0.392116357304812,0.259418690370703,0.0725771374446496,0.149209096035896,0.118470071362103,-0.0415483720266933,-0.132908067621454,0.355683179816636,-0.0477445121577465,0.102034572763021,-0.122112585046682,-0.112528349564646,-0.0530758393662372,-0.204599480870462,-0.124729373352683,0.0768913811617307,0.0509969109290335,-0.0356266232520221,-0.00566508674070973,-0.144334937734454,-0.0412464596359046,-0.131130219306869,0.0441059520483203,0.291396726538409,-0.0457086707726617,-0.106926134882295,-0.134010318012734,-0.0555236567522946,-0.103815332648039,0.320735422304307,0.0509452623995218,0.233994547042944,-0.0449198805033666,0.0658874095276275,-0.0514355253101898,-0.276564679898103,-0.125702614918765,-0.0503555444577861,-0.150073957072252,-0.13589278636419,0.247408787164418,-0.0644375311630847,0.241650844601265,0.62146463445682,0.104474986414864,-0.0545303810209764,0.49994624748553,0.71076925898768,0.542178807466268,0.419227642082353,0.283028074637886,0.0865860013976673,0.105015655225126,0.247790144224177,0.0814460457984735,0.0438455466919319,0.0239662334434995,-0.103976198627054,0.34647478073238,0.123990436227345,0.0836745635337766,0.164956422366796,0.0421991975510736,-0.0185147332340534,-0.147380604646889,0.365430922512469,0.278297924511637,0.0277884248934543,0.0477561524243384,-0.0580818096641857,0.111185329117172,0.260471743692057,-0.0152074500112656,-0.0614884819523808,0.0327072336247289,-0.180165189548028,-0.176682084133122,-0.158870024465887,-0.0289877944206247,-0.168230379089198,0.00640092699909541,0.0938411963056605,-0.169543997621384,0.33857186492364,0.219092850168329,0.109468011257108,-0.0883897989294912,-0.224328581049655,-0.109732424410366,-0.168094741445696,0.339983160852102,0.0368874948969843
-0.232239144519266,0.441973506538793,-0.0305163242526028,0,0.347700634950575,0.0523101421727292,0.297066827228529,0.427325842484246,0.35583767753026,-0.0509794323512108,0.0152654693724763,0.110913598390167,0.135355550938033,0.0392225561710454,0.0577317770876736,0.191334153346376,0.0618393635834954,0.147153471608229,-0.059547083575701,0.0190198477465456,0.182725465045548,0.0511860190353004,-0.0371724566313055,0.0775208177759856,0.118103465123657,0.0661244849646521,-0.18671589378411,-0.143281606496588,0.110668830037304,-0.0188115821630943,-0.237779207118754,-0.113659905624936,0.0666028619236017,-0.00927528330078417,-0.0801665830492518,-0.00579628657908944,-0.147207151278148,-0.168629580194693,0.152818589228854,0.0613339644060968,-0.150716242598768,-0.102568247961892,-0.132824068489232,-0.108894656825238,0.0864654601688878,-0.13281220012755,-0.123833772498661,-0.167398921258527,-0.191162071212747,-0.127508432120662,-0.180922883657596,0.218225454068796,0.149790482431524,0.684616168461921,0.18566411839283,-0.0142159921583601,0.323656381077682,0.325537004679052,-0.0263588794435893,0.0216058209583223,0.0793940218622816,0.0869303409768357,0.172473423137929,0.184885479112932,0.163107845723755,0.0559833745621804,-0.162430248411695,0.0941040478727597,0.0615989267102829,0.0926382524435859,0.108152501957454,0.000101737565233914,0.116730128301125,-0.0867053836946445,0.0479175572957317,-0.0199492343950451,0.0223464163749948,-0.0518290660178323,-0.222494364155324,-0.282732764299191,0.0562574400853868,-0.157522986395677,-0.147953768435147,-0.115487891600385,-0.0626226020399128,-0.0287931036810797,-0.108356370095858,-0.161291432192064,-0.0617928046145443,-0.123625138855288,0.0371481077708615,-0.10051634279668,0.0163678978094533,-0.129065832597728,-0.138094494061492,-0.127037316043637,-0.0747858986480695,-0.0778372134699738,-0.194938801085353,-0.236472270330954
-0.0618376844080736,0.255650755805978,-0.0342896238394115,0.347700634950575,0,0.287933490059495,-0.0396378492658977,0.0030739644331109,0.180801648676255,-0.16760659003907,-0.16943460813228,-0.237014213889206,-0.149277564711167,-0.181702671529618,-0.212404515721054,0.222598667218377,-0.0448287464434242,-0.0243674977835023,-0.120988917733269,0.0155786250970869,-0.089044862565873,-0.0482574620505244,-0.164718697003261,-0.114849223507295,-0.0603149187922621,-0.252344316155517,-0.175865469899479,-0.142962445377109,-0.0587695746826829,-0.138192744138661,-0.0558452042227676,0.0637592678190805,0.25579234844016,-0.081665690317853,-0.13233684448598,0.240507643918531,0.147742863990857,-0.0144640040000712,-0.158760697911095,-0.249883205257818,-0.0653218704109095,-0.20641066328305,0.0446682312741282,0.0425123410812554,0.0599511385572023,-0.140339315004824,-0.172816068401348,-0.105837057893875,0.0671810906822699,-0.0736250395300803,-0.17359529601625,0.0496915203380165,0.202727953209619,0.412273106063764,0.396981081609004,0.0414713844215564,0.0273985512838074,0.134315435031566,-0.219551796081883,-0.298614937548062,-0.227052911457849,-0.206459978484777,-0.138143196346749,-0.0757158490549171,-0.153445514417209,-0.179559374703747,-0.0807156231829141,-0.124096518530757,0.0305864491025262,-0.0409203693574167,-0.124217905180666,-0.149986105233197,-0.152064495243682,-0.139395917180897,-0.235923603927072,-0.1701565402753,-0.107910032305567,-0.219039310577429,-0.0112204271783505,-0.0522846301723029,-0.124370819700598,-0.0267752677124263,-0.00983633547433728,-0.0783470903981867,-0.0260653640819779,-0.0797080376210298,0.0560150515441602,-0.150299954046363,0.0389518976010028,-0.105709534967158,-0.0313842447824678,-0.206521030485467,-0.168919774983829,-0.0859080342280354,-0.185850764407226,-0.146083702877216,-0.125351849184047,-0.0390747535593043,-0.0431483915651029,-0.134443134451408
0.212329489008467,0.393871834943833,0.528966410035283,0.0523101421727292,0.287933490059495,0,0.329159817181019,0.391643983512777,0.50312804173802,0.178210187490025,0.0792270462509232,0.0685794420327213,0.0817649968101653,-0.0107662746361656,-0.154536239021137,0.229714751487325,0.0314220550760183,0.199812352960889,0.0516705986755399,0.0140978742785552,-0.0803189376639032,-0.223274009284855,-0.112843727542465,-0.0149115378025474,0.0489704031032551,-0.112219944089078,-0.0169903731477636,-0.252890278314566,-0.0607436781723759,-0.194842963826912,0.129259999652347,0.149951930152599,0.0504830661521841,0.0409877573213587,-0.182093524408907,0.28497762019943,0.0220235728150908,0.188829607640341,-0.101147200918245,0.0339962095399125,-0.0166697079505025,-0.151170370987578,-0.0966177909469878,-0.159379138180407,-0.0575446230676646,-0.094955839868753,-0.121612363143035,-0.0215055713698948,0.445808738439174,0.0560672670914839,-0.00225166297351644,0.332861883449716,0.0817559498119148,0.10370973094852,0.728012875913639,0.700130399030991,0.384674818676929,0.52771013442746,0.234606816629169,-0.128148713880931,0.0341864471268831,0.134299494263695,0.017350486109379,0.0874045701517789,0.0272766653705474,-0.108496032827427,0.259392751213819,0.0981298965822607,0.152296619500337,0.182936217699376,-0.0161241862915144,-0.0338679528035819,-0.139042195513906,0.160241914669929,0.139116493304152,0.00474526074078583,-0.0667686302723793,-0.0937022989973929,0.0874614607862406,0.159991413169983,-0.168549325133445,-0.0215082780756623,0.0707272114463653,-0.0833289823899071,-0.119490998511132,-0.18134757340638,0.0881706143808311,-0.102668282865814,0.140495857480325,-0.11535965024738,-0.177878897004847,0.266886515674917,0.0976429580141612,-0.0536366969215328,-0.102889922682475,-0.115951308968667,-0.114423305554502,-0.0723005144696706,0.399468468496031,0.0866560940555862
0.0180880140628487,0.501289915503077,0.399633487474476,0.297066827228529,-0.0396378492658977,0.329159817181019,0,0.675737600057327,0.597194659775681,0.311471944496156,0.18737397061564,0.226031018680588,0.172804601233011,0.103948404290025,0.0584246627851364,0.131074658758645,0.0198466893030803,0.346919180859233,0.0287499596096533,0.0951075699901051,0.170827927888987,-0.0425232199326084,-0.000504009638185841,0.211557839112436,0.196035863030368,0.0137456650864085,-0.0218753692984292,-0.124977240682273,0.209755973404554,-0.00845171084772402,0.00583908752437203,-0.0633674631463887,-0.0357472873965797,0.0734001458752639,-0.0314085098151139,0.0859737827545103,-0.0258123076326237,0.146675684187717,0.261432616787938,0.514067575133228,0.141715772599528,-0.0885649770395068,-0.14192086479138,-0.154490112805945,0.0297645060575778,-0.000822939481293684,-0.0488529756613851,-0.068721628901878,0.220825681535305,0.117581220047008,-0.0650553314296249,0.408415565072697,0.0954586034924841,0.23542763273203,0.324048062483442,0.423539691783884,0.631467460178499,0.536144547029657,0.3691371758342,0.264137541320327,0.137690082536904,0.25613001720584,0.170745253729568,0.273440348888605,0.246162883193185,0.103565621294228,0.312775585188082,0.290527432435885,0.267629178426885,0.342895923918568,0.239253721547248,0.0065087249843595,0.0434203914092499,0.392827326369333,0.338981531094753,0.165681791927783,0.168279580413571,-0.0300413253363347,0.180516270608848,-0.026817655083926,0.0715472700900802,0.0872664297963586,0.0760775413241442,-0.103369742206928,-0.10512007349436,-0.0545662063150303,0.117734654912379,-0.10284557852412,0.125465817631556,0.167714438713203,-0.243907636385035,0.251511423936753,0.202611980019657,0.14623470603219,-0.054032522793981,-0.16510321017814,-0.00773657696943182,-0.0306608160433497,0.282240978208802,0.186378745772006
-0.00968168580287649,0.621912823768154,0.420870004317309,0.427325842484246,0.0030739644331109,0.391643983512777,0.675737600057327,0,0.759144099855942,0.242111635299685,0.134552482513413,0.284356029195012,0.324173680196166,0.146386090494757,0.0372701148686169,0.155586362162835,0.129589369873092,0.356801085047472,0.0963183208167155,0.0132924316025355,0.119100275813102,-0.0358881142905877,0.00193074385065204,0.178549600603528,0.148096121159518,0.0607479492372364,0.0376767225532344,-0.198857902520784,0.155302108789411,-0.0667567762817453,-0.0939218731019875,-0.0289610279180023,-0.026718068635812,0.0118726461591741,-0.0477465604937516,0.0973227394236161,-0.150345920329752,0.0439439978885868,0.233655360234483,0.322213554916329,-0.102111219992891,-0.08799474038363,-0.142400523597729,-0.283566705961828,-0.00924338339072815,0.0103884319655436,-0.087574059428551,-0.103077851551029,-0.0306347965752785,-0.10144283096326,0.0214633137263124,0.539437580037941,0.207340865457675,0.373616095501579,0.447334561122846,0.470207286476477,0.747767139644939,0.738389765147547,0.357923814324327,0.198647638190944,0.242501395491862,0.353297916674055,0.253729122323324,0.320604732965584,0.29158033208201,0.0636841403647974,0.242744122040375,0.281192164472095,0.179515736803699,0.333553323531113,0.18093436725061,0.0671385173229241,0.0364170129823231,0.320920522939612,0.393348865058027,0.0540499908725454,0.0500200484401196,-0.0204968883330044,-0.0339124988666032,-0.0355301233050316,-0.0211347067877217,-0.0587790670437958,0.0862931731102761,-0.0478086390197059,-0.0642549193999526,-0.0446860240203559,0.0353188003367652,-0.115541608987465,0.0620099616802076,0.036429222403253,-0.135296204438033,0.335879237280457,0.318932482452208,0.0167554080763215,-0.0667139480300223,-0.14434911727104,0.0434263506131937,-0.0733360133659986,0.0789991288047287,-0.0890625587372348
-0.00718620296424352,0.55551599483433,0.392116357304812,0.35583767753026,0.180801648676255,0.50312804173802,0.597194659775681,0.759144099855942,0,0.248582849063462,0.108412757167207,0.192656501106439,0.222425280788801,0.0996737220851728,-0.0153220160243855,0.0807612787047247,0.105240765105969,0.351845363557146,0.0474919102076332,0.0738033634057548,0.0813840963703248,-0.145762778685988,-0.036235512047201,0.145671234624223,0.176922755565242,-0.0259890177729918,0.0208645332934064,-0.194266801661836,0.104380661973415,-0.0982622875972565,-0.0311191042571961,0.00223075092939985,0.00973940151850899,-0.00307070873328945,-0.139560477598788,0.328066993211796,-0.00759619430178709,0.109021448972716,0.152576308345713,0.244899732076978,-0.0447799070332042,-0.150401693652852,-0.164918794969436,-0.203650410594972,-0.00175606054815141,-0.00669751568982234,-0.134488927076424,-0.0908451892463312,0.122862189581043,-0.0272619522991162,-0.059548913662153,0.456014940812745,0.164515355110524,0.370036353059934,0.526553104531153,0.538962303572494,0.655404301037168,0.782639733979453,0.35426567499796,0.0966882402335577,0.126154473088565,0.252236410109593,0.165633808675895,0.26231597649517,0.202577154228978,0.0153554038848187,0.208179528290546,0.214126398445387,0.202151132357685,0.349436482784115,0.167529012222058,0.037989380838322,-0.00545035561317094,0.26673751988882,0.342730768556071,0.0710565603800171,0.0465202616113573,-0.0200123675558204,0.0230650358886808,0.00642638934024929,-0.0327823702627493,0.024036065764646,0.132851861834976,-0.0560349728087459,-0.00714076780917773,-0.0686293810543382,0.141778935968662,-0.071218110749893,0.22752143000328,0.0809468075300167,-0.26862249864032,0.246192774391723,0.206657910864524,-0.00846923109498514,-0.119601921761495,-0.13441063388924,0.0301783383697624,-0.00870377075152471,0.191472034369805,-0.011925344040566
0.142436215813174,0.0564025974769495,0.259418690370703,-0.0509794323512108,-0.16760659003907,0.178210187490025,0.311471944496156,0.242111635299685,0.248582849063462,0,0.497071585079846,0.429506894009673,0.194258654232874,-0.0388726777854431,-0.119678898399637,0.0544001886281565,0.139811568574822,0.181391343357566,0.018475215379751,0.00641883990859774,-0.0261916183404497,-0.121789041399827,-0.15728665018994,0.43977129470313,0.519050797049367,0.198495107602606,-0.0112115513483516,-0.00895319918299982,0.159909405194414,-0.10588657180294,0.0594592330119568,-0.0460666140654799,-0.219993041863608,0.109286630896949,-0.161328786707586,0.126166106669713,0.154980900629122,0.0897112782613063,0.1933001947622,0.391515637647348,0.234379630067399,0.253001271848179,-0.00794655587326258,-0.104604593898774,-0.143564780339486,-0.0965895481886713,-0.181458939123324,-0.153375640063046,0.214437276928274,0.209125471651327,0.00340446978260541,0.198597074070722,-0.0375483946175496,-0.121682737242353,0.168381800377743,0.327757219293447,0.247957698641982,0.279965305306552,0.523405470661872,0.414977344397357,0.475007329877253,0.376955571949821,0.129136111224924,0.0851092317012518,0.070601505910376,-0.100439061366274,0.0811420589764093,0.283704223915791,0.229161858483726,0.237220859052039,0.0230262736942785,0.203294083081576,-0.0809613889745993,0.468819650811888,0.516035459973169,0.385643955169499,0.310753014742514,0.0410765097557124,0.127948698492513,0.0411338853281603,0.210005550856082,0.092334736854807,0.0352815941809012,-0.0992232305110654,-0.0826035303413515,-0.182793239603886,0.207733454942273,0.0176039540267151,0.209878937477766,0.247903444313454,-0.309602602340837,0.134048154452752,0.253591264590532,0.271965850520869,0.191197458064841,-0.0580011798650763,-0.133704336741931,-0.14356540408817,0.297967442661514,0.202979734754559
0.0326802550738489,-0.0247047104485976,0.0725771374446496,0.0152654693724763,-0.16943460813228,0.0792270462509232,0.18737397061564,0.134552482513413,0.108412757167207,0.497071585079846,0,0.570236838710732,0.212461334755831,0.107410508202639,0.122232502503802,-0.105433406354669,0.217534035292516,0.233465828825113,0.18570953899683,0.126973256334515,0.145771903462559,0.00286821598854066,-0.00138173739954795,0.376308562022153,0.36844072734476,0.380391358115072,-0.0450918935375937,0.0165718294224112,0.15965751937209,0.03734246575608,-0.0417429429661995,-0.257769730878929,-0.3243777882307,0.269890120914225,-0.0461667831525316,0.0313678103227454,0.0717242280193671,-0.0671829179069301,0.0140329654421697,0.258570058758679,0.266342816549184,0.174401500248111,0.110235558229772,-0.102944078235563,-0.189027047872443,-0.0275735941833739,-0.0217645851565066,0.00718192744025263,0.161539079588742,0.300558340385381,-0.0907514152584708,0.045271865323593,-0.128817462219006,-0.0774722772481681,0.0369273581607251,0.164081131007689,0.0969245822669814,0.117835589937739,0.331647015219165,0.390383868458754,0.408283601250434,0.345813254957302,0.2113519584272,0.190022857537288,0.149897291380031,0.104144043172977,0.0369974232779642,0.310674647843905,0.234193629685268,0.191023005481102,0.0946537120058325,0.233241440895275,0.0317082304211395,0.171985365939138,0.420487059669559,0.450054007028716,0.155966187862268,0.0828390966219198,-0.0325024193662795,-0.183677517979127,0.246815238320314,0.169656516881425,-0.0477747169194404,0.0426771787705095,-0.0488481312043851,-0.063634548697395,0.13669451680155,0.0155322749335844,0.101837753409178,0.0660033313513568,-0.221312371820967,0.0458994869803511,0.0945315564004175,0.124318277467885,0.198418768824345,-0.0477335546572682,-0.041485843801144,-0.0391529012782967,0.211497375971143,0.280565445249309
0.125354645367305,0.0885867665689408,0.149209096035896,0.110913598390167,-0.237014213889206,0.0685794420327213,0.226031018680588,0.284356029195012,0.192656501106439,0.429506894009673,0.570236838710732,0,0.362857432506066,0.136114495509777,0.115045011297847,0.00161177320370712,0.329453122014981,0.195899679571104,0.187182513450722,0.00588808187690494,0.0938604455318299,0.0804450914669929,-0.0067709005144534,0.476277100943743,0.414143308325703,0.619764028740619,-0.0305832591430074,0.122888901752692,0.242565782236156,0.016200127933622,-0.134941791482412,-0.0972424996127429,-0.163452223691995,0.192810355310207,-0.0908294989448815,-0.0165253953423385,-0.0223886524797279,-0.080369220775079,0.277677884965265,0.291881853494377,0.0911549178168221,0.266215235354797,0.14214640204423,-0.0143569585398383,-0.0660898582509249,0.0295931105520795,-0.100635021323282,-0.0734245501689693,-0.000507273901929171,0.126288288375277,-0.0526138694146424,0.124672294836814,-0.109728541530628,-0.0050173119694729,0.0746407680230417,0.216316863413159,0.19543079232385,0.218407129250729,0.325313704085244,0.405326602086077,0.494384215342833,0.444288608700222,0.254703771792838,0.208839541107147,0.219736789164437,0.121834642884695,-0.00267274516857707,0.342995275641426,0.172173672064453,0.169345655803995,0.0806433719816249,0.246966322794835,0.0470180183335352,0.176681448839289,0.460160179238123,0.372866196976102,0.208748281901938,0.213533876381479,-0.2152848545892,-0.119915031720853,0.239583021161499,0.00194079233359112,-0.064220336805754,0.0341403050391151,0.0100636305529051,-0.158391260368438,0.0116593692174748,0.0968904340891695,0.0799125825026311,-0.0402258739361313,-0.0944768135757121,0.0835182666123907,0.234903301860567,0.0692873843194007,0.160659441798285,0.107869710995984,0.0605961025554086,-0.0504586063373673,0.10558093234217,0.0314984585291188
-0.045129171369634,0.266746811724001,0.118470071362103,0.135355550938033,-0.149277564711167,0.0817649968101653,0.172804601233011,0.324173680196166,0.222425280788801,0.194258654232874,0.212461334755831,0.362857432506066,0,0.334455814165625,0.15566543630355,-0.0641465428316006,0.364129379975264,0.298623737298695,0.303049106618001,0.24050744847676,0.200398514707821,0.22275694911585,0.20516079939151,0.0987729792187109,0.0379087651587496,0.180120540780441,0.220045134017046,0.0275361562761322,0.232508540167491,0.0144820143024114,-0.105179667422825,-0.0304892183756078,-0.15527502105653,0.104334003782628,0.219789977107461,0.0837890135386119,-0.0093000404759902,0.00695203859632157,0.184705986238145,0.100802333272133,-0.113194507445978,-0.0225373900948842,0.18775563659807,-0.0250468545053991,-0.00713253096836302,0.162164664223365,0.121637908963987,0.0514719826710818,-0.057805084462503,0.0138316241349741,0.0820211960391348,0.31551905053089,0.166576126942987,0.119103747616111,0.166351812455914,0.122760502451989,0.315961141196239,0.223222103467734,0.209994625574633,0.134952264935566,0.344241100914706,0.68012552811157,0.465501671107615,0.350309824270494,0.369861656342182,0.158774333298158,0.094480529056224,0.321476201591649,0.0901338639072785,0.236650381084645,0.270701756217278,0.319336147202424,0.110398131324657,0.179464438679281,0.280566103583979,-0.0146784811498751,0.145981237277322,0.113781947466624,-0.061746102454843,0.0550330347351835,0.104111089189239,-0.0111610174231873,0.177120689651343,0.267335849357053,0.100380049816989,0.150695833990569,0.145434473222823,0.170621406885011,0.125277100440809,0.0224784660910091,-0.0429034675122292,0.225737156864576,0.314344362152792,-0.124528324300694,-0.043059943073757,0.157969028495462,0.172266006467209,0.0869379323429425,0.0483928376304591,-0.0827011936712821
-0.130060342449484,0.0226729762225375,-0.0415483720266933,0.0392225561710454,-0.181702671529618,-0.0107662746361656,0.103948404290025,0.146386090494757,0.0996737220851728,-0.0388726777854431,0.107410508202639,0.136114495509777,0.334455814165625,0,0.724889127664978,-0.166912963824248,0.260542736106031,0.255938559873977,0.523815177485878,0.219656420149998,0.465299428273116,0.258102425479322,0.631827116962559,0.0845653816448553,-0.0651498290950601,0.0912732728517162,0.167023015970711,0.155318891303359,0.328368834279853,0.336146690561725,-0.0721239603678607,-0.168359711387519,-0.0578993443379073,0.210943266361108,0.257067551144387,-0.0644485137601849,-0.0736967572266864,-0.0480420290475516,0.0914852697424129,0.136210711971651,-0.00294547835374226,-0.0570506355447807,0.0746219191965828,-0.0158815796446234,0.145127941529647,0.30490335786095,0.301613681370466,0.268077945287135,-0.0363670923337131,0.0589873370222292,-0.151761889479876,-0.0240792905439976,-0.0183844820472229,-0.0238802320420993,-0.0505709333397404,-0.0256009939717521,0.09243720094366,0.0673221655172286,0.0796391998079285,0.028710939810798,0.0199758378070518,0.14195583282534,0.385160673146702,0.562605888776412,0.474394185283959,0.67396589281127,0.0162334512939609,0.226930639000224,0.0353615569177591,0.118041371592016,0.435724601901762,0.204901162897966,0.532219301869533,0.0809684351712321,0.0734981273644481,-0.0442536267855763,0.0940282968465685,0.454124818774425,-0.0526895795066779,-0.10132062218726,0.0663089087154591,0.0119633265645924,0.188572158228403,0.363434414743032,0.307792699019107,0.363790205376094,0.0211657000940329,0.255091141211515,0.0381696613554109,-0.00601148374265451,-0.0322911112837146,0.150485840909201,0.16419306617014,-0.149346436212373,-0.0487744071221693,0.14758523393602,0.387026024323615,0.355433617563224,-0.00406863776915938,0.0222137370039074
-0.168380145872288,-0.0721286887270067,-0.132908067621454,0.0577317770876736,-0.212404515721054,-0.154536239021137,0.0584246627851364,0.0372701148686169,-0.0153220160243855,-0.119678898399637,0.122232502503802,0.115045011297847,0.15566543630355,0.724889127664978,0,-0.228314978548398,0.103553024072602,0.205229485060381,0.347813923332415,0.231698148264036,0.565442543079166,0.227148037551368,0.618111823939066,0.0459768500962965,-0.0601676371010223,0.0917669524389529,0.0633741224930041,0.1937415807189,0.309214000265148,0.46324992043642,-0.0531520653920434,-0.252147506807578,-0.0492176307505547,0.157495038153816,0.203431199818177,-0.157319402273963,-0.106288449001123,-0.116331856938565,0.0273418506758382,0.127712392183164,-0.0386438366029594,-0.092607038179399,0.0104597268875367,-0.0272855218552211,0.0780375208791018,0.204710652310177,0.281231955663696,0.199222538426563,-0.120898048784651,0.0286134087571263,-0.219734171172203,-0.146422078827403,-0.125832959234638,0.000984024111141661,-0.161663954493966,-0.154925298804655,-0.0148637634091044,-0.0422399895461881,0.0182078077714353,0.108967714253098,0.0310353699135496,0.00898120795212275,0.329125009588424,0.500402602819179,0.501640459321673,0.82390264123797,-0.0617622212485227,0.18197104404434,0.0426809889123851,0.0879612186074087,0.527421909909823,0.166172681401917,0.62814419290359,-0.0234279004145576,0.0729855076929476,0.040714511654717,0.0877709154836681,0.476311721289568,-0.0465431375594426,-0.18279960852306,0.0819097747231163,-0.0331730271718763,0.00551295232079768,0.22320083398482,0.217789102994558,0.372015718004988,-0.0570245809325149,0.218832913999912,-0.0185904565977196,-0.0637512321690295,-0.0217423831322523,0.0339306669459513,-0.0114630886112031,-0.118849434598168,-0.038763793692168,0.0428375526761806,0.28238156389683,0.374203857619927,-0.0915735088059879,0.0278880329487678
0.346541819002004,0.270652197844648,0.355683179816636,0.191334153346376,0.222598667218377,0.229714751487325,0.131074658758645,0.155586362162835,0.0807612787047247,0.0544001886281565,-0.105433406354669,0.00161177320370712,-0.0641465428316006,-0.166912963824248,-0.228314978548398,0,0.0976845944123043,-0.0903663245242992,-0.0564948376167099,-0.202418713577348,-0.126317426123154,0.0393612738869939,-0.27919989127175,0.103360864086461,0.0756614360708689,-0.0146882183555245,-0.215309781388424,-0.0561762733667539,0.00296643258225161,-0.245877029990575,-0.133086644906505,0.273244795188006,0.0649564032700288,-0.0368727423859435,-0.0442539850754266,-0.0958870529541517,0.0431513729460523,0.173283316563953,0.132167546508976,0.0754347097538615,-0.0412651873624088,0.0277247349750629,-0.0621289806375669,-0.0826175232459524,0.0233518516647771,-0.218578777557951,-0.206378573791456,-0.244444614296899,0.0209753385344783,-0.12533113738163,0.219364094500978,0.330285556339588,0.181283144950927,0.139638877358413,0.355687908162914,0.241028365335311,0.191190461867239,0.144167759062703,-0.0144941120039989,-0.0973399912594506,-0.00895406590900181,-0.0395157569225515,-0.1119546681797,-0.108463978151932,-0.149796904879988,-0.232321952114536,0.110356701180557,-0.0707627060578993,0.00991001898216543,-0.133163019954057,-0.195579919937488,-0.0781807451981521,-0.216670815366018,0.138955778842848,-0.0139544449990526,-0.0983956577189225,0.0695766931443675,-0.208041346792231,-0.106816347624757,0.0745658884115305,0.0378100977567227,-0.174582694846892,-0.173528173501924,-0.181741226171828,-0.210142778302126,-0.179228322142662,-0.036338676966899,-0.164722500950004,-0.219744793948852,-0.035186492760265,0.139140100483037,0.0106251368981452,0.141029234202041,0.0472755138462795,-0.081753302015469,-0.120000891062192,-0.215382169493052,-0.325876585867904,0.0572222236481449,-0.187270366790107
0.00797355435737788,0.0293652982126696,-0.0477445121577465,0.0618393635834954,-0.0448287464434242,0.0314220550760183,0.0198466893030803,0.129589369873092,0.105240765105969,0.139811568574822,0.217534035292516,0.329453122014981,0.364129379975264,0.260542736106031,0.103553024072602,0.0976845944123043,0,0.31437239853268,0.541321298216995,0.244043273661929,0.196035117816861,0.27377301227704,0.125447010130724,0.459953697295414,0.147282892029703,0.3727544183195,0.0492051031239704,0.0476277704474643,0.309276039523601,-0.0270019593883956,-0.0967031100096262,-0.0756377724960303,-0.140325692000861,0.471828827568996,0.112710931124965,0.0910540285068251,0.0302478502760618,-0.0055688018394685,0.0545788018775194,0.110023908794167,0.0856461671994973,0.0782724578953913,0.222754388399618,-0.0978168623827308,-0.212017389234107,-0.0326907249977287,-0.0582423671192084,-0.0709525705276364,-0.056563105296536,0.113072208476511,0.0217467991056257,0.125165590233424,0.167377800912471,0.0427931522593879,0.0643899966215637,0.0575650572308869,0.0740335523941038,0.132358431893809,0.00562851070887789,-0.0315559383198574,0.0987468880116553,0.277668782076192,0.125585521751101,0.145046121143242,0.199141670194377,0.0441170661544456,-0.0401741160475736,0.353867370992048,0.167716403886649,0.173505390350527,0.148414983781014,0.404230779993498,0.064345617708363,0.139297671893743,0.293257388896596,0.0780228577683679,0.219319027271961,0.0914151537354862,-0.112891256389824,-0.00241576037927546,0.322079682737335,-0.0638273246894814,0.0444191033867325,0.257040900007885,0.102133278334373,0.0435165689187685,0.0875342040699188,0.0233840075163459,0.115795019735714,0.0548656505326513,-0.136936287104716,0.0135021229157767,0.141908845743851,-0.093526055334425,0.050081075752631,-0.0317454410607526,0.0471340713797382,-0.0591355552405258,-0.028142219848128,-0.0762474143333991
-0.0699992016563724,0.239691433361801,0.102034572763021,0.147153471608229,-0.0243674977835023,0.199812352960889,0.346919180859233,0.356801085047472,0.351845363557146,0.181391343357566,0.233465828825113,0.195899679571104,0.298623737298695,0.255938559873977,0.205229485060381,-0.0903663245242992,0.31437239853268,0,0.445234018474464,0.659377397063294,0.482481653465697,0.103821823852026,0.235949503728443,0.133785549507776,0.0497129304923249,0.0408885183225116,0.174237417949269,-0.129770960976127,0.146516766083468,0.138647917184981,0.148840894679612,-0.189072797237602,-0.0888534661135301,0.591345636135059,0.155409316632866,0.346201663677915,-0.0490016363922777,-0.00785120798950826,-0.120542196256128,0.185709278147054,0.262472455904009,-0.130046696926554,0.129702108800723,-0.172364287028883,-0.205249620329982,0.0887065812509187,0.162233784167539,0.180341298728441,0.222808267377089,0.283963987066251,-0.0279777450538066,0.186665894226773,0.15920661254232,0.136551446331141,0.168776362812297,0.207736717575707,0.322686531159641,0.305391042519793,0.137903765729945,0.0476083938042697,0.0425057643287458,0.272945241326627,0.156588585725679,0.230321529335873,0.455448074175286,0.154304088411262,0.0487303942294764,0.41607471598354,0.454046524745061,0.725207679505103,0.530402244847667,0.4253931118343,0.137798585130523,0.143395969747507,0.195741593349946,0.219444846305713,0.0352672278890719,0.0541486232674542,0.221839583880986,-0.0260052444109333,0.157893460930194,0.288552216854248,0.138934390607687,0.244285712673998,0.00332194411253072,0.176449003282617,0.101493256138212,0.0327515320125247,0.508711713987999,0.0487914827879717,-0.237568763263174,0.158339825566843,-0.0710408895832401,0.0194735695865488,0.223793353621691,-0.0978921373923514,0.0803500511213475,0.142820719601264,0.212679992170616,0.282029814818226
-0.0601213712129657,-0.0302170449256088,-0.122112585046682,-0.059547083575701,-0.120988917733269,0.0516705986755399,0.0287499596096533,0.0963183208167155,0.0474919102076332,0.018475215379751,0.18570953899683,0.187182513450722,0.303049106618001,0.523815177485878,0.347813923332415,-0.0564948376167099,0.541321298216995,0.445234018474464,0,0.317239209694747,0.265916062655349,0.290449371962541,0.3416501090203,0.186834117866806,-0.0692484987042726,0.174825414841348,0.115017629042769,0.0628427247380181,0.30176225088991,0.111197437982384,0.0365968865643343,-0.162605542070876,-0.0980462793845353,0.559910006671982,0.216712476755974,0.0681445640233879,0.0754454736179235,-0.0410927299581021,0.000493750434610335,0.0896955653577759,0.171830965321665,0.0413613924100945,0.234465367633087,-0.0258246177781975,-0.0257833316331094,0.132261706537734,0.158749743028298,0.20777219456943,0.0428988508570142,0.198976313732042,-0.0333489404555632,-0.0265300754067934,0.145617338444388,-0.0449836691670423,0.0233978575345316,0.0105344344130237,0.0381942957433411,0.0926728794677448,0.00898080233796053,-0.0441004510522982,0.0331445923639911,0.211698030536355,0.173812221251802,0.32238527832927,0.331199060423842,0.300515926522104,0.00735801815613569,0.396199366093789,0.223060679785718,0.268375572962202,0.23287527742798,0.345576225127002,0.227651496806176,0.102149119447953,0.121231647368461,0.0440601268472893,0.117065474604943,0.211652417935544,0.0380231719677399,0.016703933920041,0.176280494338055,0.145458811492318,0.251328060453474,0.457855539048717,0.151525563687464,0.232772148433964,0.217289946069066,0.1739457727552,0.155521676279375,0.0230087164583663,-0.042502739149463,0.123184606589179,0.0794724273050746,-0.0728312299991428,0.174189921576279,0.137706932718531,0.219228862760862,0.194705182806022,0.0233853031752279,0.113603151523
-0.0504411874692877,0.00804206397542508,-0.112528349564646,0.0190198477465456,0.0155786250970869,0.0140978742785552,0.0951075699901051,0.0132924316025355,0.0738033634057548,0.00641883990859774,0.126973256334515,0.00588808187690494,0.24050744847676,0.219656420149998,0.231698148264036,-0.202418713577348,0.244043273661929,0.659377397063294,0.317239209694747,0,0.557927999692517,0.157322624138767,0.241823626931509,0.0720071038739298,-0.136864165321085,0.0178805165271085,0.226926326726745,0.0408918821319278,0.205191331400487,0.143281991246546,0.0871189335908901,-0.229199649475784,-0.0472625196109693,0.510237514816051,0.227696603999733,0.362818078075176,0.0698260483501182,-0.0053431306412738,-0.163962334713327,-0.000547508996237171,0.321280531067754,-0.166806350923095,0.217726980713178,0.063010299800917,-0.118927739280533,0.132857654548356,0.208957740509872,0.238421256616746,0.234709004773788,0.422406468881223,-0.0635486962439268,-0.0265571890936527,0.0198030305581752,0.00633340527119719,-0.00268282122187041,-0.0210348942088036,0.0364451614148877,0.015938757038007,-0.0942113156316604,-0.0736451190498919,-0.121640565226818,0.132555061662374,0.163306599334316,0.180240836131778,0.399605881764349,0.198441383594704,0.0146084476309011,0.285232310919769,0.391584785476608,0.560278870404768,0.628951397938696,0.408272282387777,0.186061867640897,-0.0425178258801485,0.0073411996915854,0.119770359738968,0.11237410430764,0.0568174915440598,0.148154965945957,-0.0742719279709029,0.256755471650292,0.32679803509752,0.0747545646631267,0.23637226866632,0.12284662051687,0.253559962200359,0.0875263879435655,0.144443973314206,0.537644789093632,0.0890771097534897,-0.187047211972962,-0.0675576679134458,-0.144022772060775,-0.14444891259843,0.120483404725066,0.0337048840777198,0.0841713082523218,0.229182803684627,0.190255300877283,0.324826007360671
-0.147616697453116,0.0615947264174328,-0.0530758393662372,0.182725465045548,-0.089044862565873,-0.0803189376639032,0.170827927888987,0.119100275813102,0.0813840963703248,-0.0261916183404497,0.145771903462559,0.0938604455318299,0.200398514707821,0.465299428273116,0.565442543079166,-0.126317426123154,0.196035117816861,0.482481653465697,0.265916062655349,0.557927999692517,0,0.280673396925698,0.366362744200278,0.144525907727466,-0.0557929187047555,0.0721373645107999,0.0586048564272088,0.0659487959105482,0.372834624001438,0.291945487151242,-0.0910650271856989,-0.215809681161192,-0.0385638314304407,0.360833920938658,0.289296762086897,-0.0657432723961168,-0.160007976526616,-0.057627434943312,-0.050737114812291,0.139315946834866,0.128169801615763,-0.121812641573203,0.0669192123315224,-0.124734048743858,-0.0691531981358099,0.0836999212560862,0.248862840192246,0.131113890012122,-0.0368328523342871,0.144221825145349,-0.163425308559276,-0.0297009873100042,-0.0882847412075882,0.0560792170259653,-0.0792438426041086,-0.0936788452066104,0.0900666048862268,0.0213154562506148,-0.0796398745403907,0.0304075184396501,-0.0623067402378407,0.0440244334054537,0.303303709625832,0.380853877110033,0.528715666115852,0.474024600645591,-0.0956764961962384,0.212722532851409,0.236618176348211,0.317155174502737,0.723097511419457,0.32530143881852,0.408952078946632,-0.0731772777395731,0.0171978853339754,0.0733424798940957,0.116440167305342,0.144235584522714,0.000704730542521543,-0.196165244787261,0.180756229921442,0.0658735704941307,-0.0697819024754245,0.111041041700559,0.0324843249176237,0.320339934113716,-0.126405084152139,0.0786943361550734,0.110677886354561,-0.0689681241822285,-0.0908163412693036,-0.0445163546089091,-0.0912201306056059,-0.131996639729589,-0.0113061471696775,-0.121570797167502,0.0604730895700625,0.219498695156056,-0.01940025149616,0.0926873484357888
