0,0.333010250145452,0.192400795685769,0.44903492156015,0.212508992007049,0.39201449317739,0.241108404815479,0.54937566680074,0.350641887165553,0.167239871995967,0.257844307176255,0.146600963533231,0.100316434161782,0.0555078276075994,-0.114109025783749,0.196904329470693,-0.114695313754838,0.00311870149444818,0.120763301126683,-0.224098556372093,-0.180442492812248,-0.0738055436123414,-0.206195753665868,0.0391756824656289,0.0123472991728543,-0.0342741011284645,-0.328698669375082,-0.200336328883926,0.17408506365254,-0.154304526071488,-0.304747981907844,0.44218272601814,0.44189411766903,-0.204578524983733,-0.0548951977112368,-0.0219044677969467,0.134135684516734,0.323762311801415,0.176202272400527,0.167819847699156,0.149929743830585,-0.0732266670369548,-0.0447943989047833,-0.352718021741461,-0.155156932673173,-0.327219369706549,-0.173870924947347,-0.253982772064643,0.216283470207373,0.123961316837415,0.71272628678934,0.451359074063229,0.21473646200457,0.219591489480126,0.418255110010445,0.384177606849828,0.0924136463077943,0.229669390089965,-0.076595609790602,-0.0404695014845129,0.231498777819127,-0.0248286123054404,-0.187023024867184,-0.00503731908044424,-0.10012593905199,-0.190147572860914,0.131613508579625,0.152146406346688,-0.190196236370606,-0.295029965610375,-0.235322418513966,-0.244216892584128,-0.158981864293562,0.136412881608551,-0.119004913896925,0.0794398862935775,0.0680107781758257,-0.255317078722452,-0.249808921119297,-0.0455886421341204,-0.301961895032387,-0.0877197879317074,-0.396345897493644,-0.231674776888572,-0.327830643598596,-0.152082535635094,0.057100377134183,-0.467230424199396,-0.0184429433025844,0.0141937264766704,0.432684946984642,-0.0462727059505063,0.197358254594635,-0.205793430556832,-0.263148825227427,-0.291529561245789,-0.267843590095258,-0.278782801949106,0.169477687486533,0.0648729613716102
0.333010250145452,0,0.461057704173482,0.40660305309377,0.398906755582433,0.423534909913614,0.348251041768642,0.291692339082536,0.0698856105091607,-0.0311919983441375,0.0995660180790449,0.0456999518223701,0.0670050237171634,0.203535145540355,0.116484726845921,0.551949455459433,0.087827749394748,0.00191653080985716,0.1353331280994,-0.083081555861228,-0.0628726946081436,0.168590488208935,0.108183361089511,0.0456228947719925,-0.0302371292533259,-0.0926916258678976,-0.0727512639383541,-0.079275155267904,0.215456225206049,0.0149468006913218,0.0140799377035701,0.135834557480568,0.0547041435224178,-0.00154209687515716,0.100874710216979,0.217400566730354,0.211270791526765,-0.0239311468272722,-0.000896632570727479,0.0577477211892833,-0.0703187333019517,0.0790824483142806,-0.099373220376422,-0.241030556074912,0.136667698511418,-0.082438883427656,0.100793072044634,0.0294230481050763,0.32268554453448,0.12486663366986,0.259586189474666,0.734025412781686,0.290612557212836,0.379104503432081,0.575279847878217,0.337570259333572,0.44608224598449,0.331950508135657,-0.104092350213257,-0.0718207616752313,-0.0472280779266557,0.0689257008559668,0.0439711984886426,0.193733306185571,0.135624013540229,0.0695808688333993,0.126155342762722,0.21152158893946,0.0654065369152208,-0.0202202115470161,-0.0397712136613043,0.127844888694844,0.144366125575976,0.283029627194707,-0.0296048885515139,-0.0430509644336323,0.177795531741082,0.023491293592137,0.0449181334898321,-0.117818685111922,-0.0359411811038865,-0.0313920480183366,-0.00482584730341416,0.0422374321865893,0.010313630665181,0.144672311406688,0.198566451831216,-0.157421569001744,0.203559155115752,-0.0015332237290388,-0.0295191701841704,-0.0422164866789877,0.0615227033082887,-0.023196583069335,-0.0473766774092864,-0.0994737389310761,0.0160543811725414,0.0391393105588416,0.288132098247192,0.187702782922855
0.192400795685769,0.461057704173482,0,-0.140056293196942,-0.111351722716192,0.49433242985123,0.396454078736967,0.0112041009426203,0.022776614130357,0.0642453524398284,0.223647215514023,0.115917110392313,0.231619821869786,0.197262331049354,0.207931646585252,0.447702850694868,0.398610459031714,0.210013718944441,0.157856852391645,0.313263832288369,0.384860084697284,0.338700245702364,0.360898294544546,0.294358560468965,-0.0243414472637529,-0.173526448604518,0.406278378843344,0.168623718754979,0.411211463696817,0.204898509679602,0.0948592633778459,-0.283710018681133,-0.419947659305061,0.324310398799714,0.295825652875027,0.137120559024722,0.112728265920602,-0.246783626552009,-0.133597675397962,0.0676681281673061,0.103868047216648,0.137797781812515,-0.0933815984768471,0.0531117826313577,0.231741460276571,0.324393432663413,0.367923960386754,0.389590497240079,0.582080335459833,0.436611300757266,0.0694571965751574,0.391938211117397,-0.252749931151389,-0.158245193001379,0.395628659602144,0.606712713175907,0.242140227597494,0.27197932938191,0.105320290609686,-0.12497732080563,0.0378469055062228,0.178790071380832,0.394000459769919,0.221101344599237,0.174556716457476,0.253107758886139,0.131369179018836,0.191292509502122,0.406897703118832,0.303450664776725,0.410439065900712,0.46621034470329,0.371122534596519,0.239903859076971,0.0559474553194492,0.00921116845416566,0.323891706529386,0.245199539491687,-0.0453337720066479,-0.327544864535373,0.39189013251558,0.380026479638086,0.332934495483732,0.332960128021929,0.411685435984463,0.406017643556318,0.166352991176856,0.284446057780448,0.286694966032637,0.0838613319405715,-0.346140995649924,0.0731047385365559,-0.0723914444586232,0.174295040309017,0.189740874021561,0.0191908050068986,0.351498413420279,0.3350320564612,0.579016157352746,0.535414972874546
0.44903492156015,0.40660305309377,-0.140056293196942,0,0.587206509086842,0.253118980976364,0.134371279930284,0.497304993138279,0.104728625650804,-0.210314651561644,0.031665015745847,0.143844573011765,-0.0163962059601623,0.13094221214828,0.00644454255265837,0.242164717424856,-0.287505921587271,0.0344250450712553,-0.0420682474904517,-0.248150626864403,-0.258327732238377,-0.0766278670078843,-0.109090894634203,-0.0974271155644037,-0.190444082820375,0.129124401269829,-0.356060765603244,-0.221613700057018,-0.034982215361303,-0.0478596177780682,-0.438409199512968,0.316419861670444,0.360769654291079,-0.184464558484994,-0.096973348791308,0.199320794193107,0.0847067941093393,0.120244885340052,0.247343032892898,0.208278480721374,-0.10634059733559,-0.249515361981219,0.0732153656361287,-0.367307847561716,-0.134652100679637,-0.280060432872176,-0.145940261749087,-0.261626705157539,-0.0531302815173387,-0.149345468467149,0.420914993151547,0.420007179044938,0.605974314467132,0.682901433999572,0.416448241865399,0.106870934774512,0.336333948317614,0.211170434723904,-0.341380458307982,0.0995983751039055,0.121575221465583,-0.0203573424603471,-0.11309280444455,0.0665396389758732,0.021460258423602,-0.0572526258527918,0.0438217193142737,0.0555392377924648,-0.180816816715928,-0.252612489802269,-0.230645160045484,-0.245670069105678,-0.0796955852834243,0.203248953847978,-0.0619128615088478,0.0323537919977875,0.00754847374510829,-0.0990222844510531,-0.280963646452773,0.153903873333977,-0.329179125986174,-0.333950761464194,-0.425343800939476,-0.215288047506958,-0.326626752156032,-0.109832106676688,0.0184431606043737,-0.41933099311721,0.07224972101877,-0.100006273930206,0.304565238089157,-0.181048718984855,0.265315321833082,-0.231007521790225,-0.130061194879377,-0.287501126806039,-0.208397173386396,-0.192288458311046,0.00464430615102314,-0.154043484799452
0.212508992007049,0.398906755582433,-0.111351722716192,0.587206509086842,0,0.160412800323567,0.0490530955570517,0.0354854513062103,-0.128012801445136,-0.279475754321194,-0.226167289780423,-0.148464331701369,-0.00896905262079601,0.296018757272601,0.212552037314037,0.183415359508806,-0.235373715411216,-0.133449105438812,-0.0159950475081542,-0.23159977507386,-0.38614991380007,0.0494220389200665,0.0899012344448042,-0.248583492356403,-0.319469898680729,-0.109049673886377,-0.254706944529962,-0.105355569939216,-0.0716644017439591,0.00543668545038176,0.0109957309971404,0.168218139673755,0.175066550392535,-0.0736363018514952,-0.00660164477465842,0.302392680230586,0.20404827661066,0.00122568008608777,0.0851577584976218,0.0141371499525757,-0.139284301287114,0.000397101145992581,0.0626672192367585,-0.0172051042932201,0.183724357587806,-0.144877148312003,0.0462799726434995,-0.0900585801271561,-0.0790419044115965,-0.0903039220925375,0.0780819271057866,0.371686632962596,0.604504392278127,0.738183517404827,0.311103532988371,-0.0582683751466434,0.360023892237165,0.0391471542450237,-0.373808275532003,-0.0196447728771435,-0.10066541575659,0.099775451536659,-0.114072510765267,0.224411993804354,0.263457283455938,0.123551738040913,0.0103974599746853,0.0345422031940733,-0.0998062364645674,-0.0957534568307287,-0.296672305146653,-0.0917327839575957,0.0260914585063356,0.0576917296379841,0.0198483269033583,-0.293161860383931,0.0244246805166565,0.0381459800727679,0.18705106298302,0.192567500515632,-0.29835295542404,-0.26543581532935,-0.196399415048516,-0.0672811075015203,-0.213337650770937,-0.0228094996460294,0.20740912042054,-0.261508995942755,0.247782385050934,-0.183611269440054,0.0900236413469859,-0.375430944225827,-0.00801286380337374,-0.127574941777293,-0.0314427247708733,0.11282534288553,-0.0732367537719123,0.00997339890130466,-0.119141554358671,-0.0727744289016412
0.39201449317739,0.423534909913614,0.49433242985123,0.253118980976364,0.160412800323567,0,0.42194115869554,0.548289826356948,0.565561820793702,0.139084610113095,0.298701591037848,0.202700254264578,0.245358435067954,0.29881287919231,0.21113321205238,0.342574776014733,0.135127322990794,0.186713795932241,0.24921763035917,-0.0011607810657294,0.0647509548033102,0.146957605150377,0.113914850508556,0.120253550151767,0.0807401393647687,0.0407290632750352,-0.0450066799725261,0.0446819457952694,0.448694126710908,0.0456153902595303,-0.207108005735292,0.0173991546201128,0.0659629696192187,0.0390395200320407,0.182126571749737,0.149352770318529,0.275830006784159,0.0175854919206214,0.0638199437321128,0.176613881618924,0.0968395295829154,0.0102438708698586,0.0126724016107207,-0.142406669339556,0.0508156529707301,-0.0914094124556484,0.0764430739261997,0.0112476219670467,0.551178971418616,0.354569868250077,0.417200686353657,0.438523655729683,0.0934272926994772,0.269624204381075,0.771483784072738,0.796865571520444,0.294834048446758,0.702332928704709,0.00985707161981095,0.0033065574728673,0.0119960844311118,0.0848789576280362,0.0781308761125997,0.18147294161427,0.11214830225007,0.116446714781038,0.228834937812674,0.27468721907065,-0.0258568511160995,-0.12332727461185,0.0560516406368358,0.0112607257689339,0.113835160669689,0.353640754226837,-0.142918734678711,0.132958838285699,0.331869912832215,-0.028248090971682,-0.230699107604668,-0.281488304370022,-0.134840569372731,-0.0343901721567355,-0.191634321961957,-0.0140846555166488,-0.0331594408056831,0.0616897439343191,0.236440652085924,-0.125003244801805,0.156444388033337,0.00866722605777157,0.0755016629314944,0.110812096284213,0.19463161907357,-0.0295577659870139,-0.0519647138745305,-0.101727590684792,-0.0291586840244187,-0.00757492264078367,0.519680939548987,0.325879238848012
0.241108404815479,0.348251041768642,0.396454078736967,0.134371279930284,0.0490530955570517,0.42194115869554,0,0.331513330396256,0.297708874347596,0.149910051246284,0.201601326894162,0.207481581271351,0.238428601777432,0.264002825239753,0.1581380010889,0.700802222461951,0.240562584206527,0.0769737018856236,0.302808457988267,0.0216756169295811,0.0132977613309771,0.238311895898245,0.182066294007427,0.38523230371825,0.128757122195372,0.0484627342567315,0.0157254104695901,-0.0347600271975205,0.362922976334619,0.0232662199058798,-0.117476729750691,0.0538844357496924,0.0942604808828377,0.0455441605443117,0.213263378688296,0.144305035859717,0.212361822905453,0.0830797898527092,0.31309043054307,0.497144107826438,0.177997725081943,0.0650034529468702,0.0810314339152356,-0.0681944001374654,0.120319728605484,-0.0304607328997998,0.129383275686517,0.0882465925636454,0.397297451282233,0.358462398124056,0.265413651584646,0.27706430847005,0.268130232698455,0.177102174763572,0.357108600178432,0.490216180516083,0.317139771630407,0.378181112928511,-0.0188545769189793,0.00372824027217004,0.00874584129668614,0.120767260450953,0.0251528126631199,0.217324003542053,0.17094710975894,0.0634747315427343,0.426508057385147,0.296619748046184,-0.000528266899379844,-0.0984326597364113,-0.0132119757879345,0.0953591524141445,0.135747012094827,0.483869075043463,0.0219421773120746,0.118654345315572,0.233945380518258,-0.0167996093589284,-0.069871374189101,-0.154319534751251,-0.0839289485032537,-0.0721865885120785,-0.0473089665534687,0.0893868935146105,0.0277142516718912,0.119539939724209,0.24013380852993,-0.13601937030451,0.175273778533327,0.154257641367115,-0.00149641841596251,0.0436357074386661,0.301097159828591,-0.0876117505265769,0.103468360512999,-0.040707588064276,0.0114457823165008,0.0812471190125433,0.381232181220491,0.274575796519798
0.54937566680074,0.291692339082536,0.0112041009426203,0.497304993138279,0.0354854513062103,0.548289826356948,0.331513330396256,0,0.758566419801157,0.180814976735059,0.322611113704274,0.337280094306405,0.117128415814913,0.0605052332733508,-0.0938513282463341,0.174950209138248,-0.0921162055297167,0.204329498473897,0.242489366768532,-0.246783944757606,-0.13960009546441,-0.165069124880533,-0.288175355561907,0.0901662778131925,0.186249917310499,0.306205045682156,-0.447988488035835,-0.207300540269818,0.235245588762846,-0.16410984964431,-0.569415726645623,0.376371422655287,0.526731734741024,-0.231093193590528,-0.0835630774997522,-0.0158509178254585,0.194933958535253,0.321154329228663,0.256222838388523,0.222355359946127,0.129211900528119,-0.246879806381474,0.0241085115195642,-0.407000143718944,-0.313730615983641,-0.443098459190222,-0.348093986055133,-0.409364652356339,0.121684733129719,0.10180013539185,0.686793488363268,0.344843332943036,0.266008150148653,0.245121863765164,0.577991565207128,0.468758458977784,0.185366757757302,0.644802426036455,-0.0262186418566226,0.172758827536081,0.211745037416355,-0.0099191643112907,-0.239302768403105,-7.88320232575113e-05,-0.120218475581546,-0.228242647079822,0.204064324824559,0.311913247708516,-0.287815934302761,-0.372147221442957,-0.237634755168054,-0.342593873915203,-0.203896654007075,0.281040448929995,-0.117359493625033,0.375462715080519,0.108631074917641,-0.359510723933575,-0.477083801781783,-0.105729661186417,-0.437791429399743,-0.23800284317096,-0.5775983006678,-0.295099338814658,-0.442006111530908,-0.265516498948819,0.0620005881833229,-0.514444685645738,-0.105251852975929,0.101756719889036,0.519493460970766,0.0613597370552749,0.371228043827831,-0.25808378954602,-0.240151659701254,-0.374756760418665,-0.407279648397846,-0.410559485853891,0.130663132392971,-0.0510426935817033
0.350641887165553,0.0698856105091607,0.022776614130357,0.104728625650804,-0.128012801445136,0.565561820793702,0.297708874347596,0.758566419801157,0,0.399138722203243,0.306088105971409,0.254234730987773,0.130909646078403,0.0520553150772307,-0.0835877473363877,0.0616469638491394,-0.0292924847654913,0.196357568429074,0.285375766202568,-0.20038032100479,-0.0786986207556281,-0.12073188373411,-0.261064440621874,0.114336605245117,0.3538252376473,0.283261771047118,-0.375313425334923,-0.106892491218442,0.283181798044012,-0.222327687992175,-0.373439455492137,0.255064232801262,0.419454138243505,-0.168932548159988,-0.0327415713228725,-0.166484164570301,0.223653468486101,0.362428212427483,0.222610164072309,0.156724450712326,0.280131359038853,-0.0833157491621808,0.0594961743275831,-0.160856467635178,-0.254256587357039,-0.399105816999762,-0.302719841770779,-0.362136670536866,0.169308982572198,0.222325130584583,0.538959380817563,0.12801986929091,0.0341248482144684,0.033162696458762,0.469643182787348,0.513936435455687,0.0690917102693862,0.688104192565551,0.180872716635576,0.129000013151978,0.0985711838079262,-0.0100246711488349,-0.277941488556274,-0.023990024518321,-0.114760544009433,-0.220663237075148,0.253027574259789,0.303900825687716,-0.285063869203774,-0.344401173401422,-0.203814121598604,-0.341820000813407,-0.239810101804494,0.175405793557313,-0.158477132050897,0.384268204175864,0.091758206883569,-0.395770101059859,-0.328799380319122,-0.148775325163816,-0.400729597990623,-0.104821499824757,-0.478974220253586,-0.256621706362571,-0.399131312833122,-0.311747470663039,0.0929179789481777,-0.378036325992963,-0.190309989025698,0.169354901297438,0.47955460001816,0.198245709978238,0.309794732659815,-0.142999954360988,-0.189392349553157,-0.167310408850146,-0.408515814427363,-0.395966891497066,0.131894616545953,0.0454816287727101
0.167239871995967,-0.0311919983441375,0.0642453524398284,-0.210314651561644,-0.279475754321194,0.139084610113095,0.149910051246284,0.180814976735059,0.399138722203243,0,0.457193673318547,0.208584553016737,0.163759169795351,-0.0426169842821944,-0.144680776044671,0.0675954009311467,0.0849150322024457,-0.0913649510896523,0.19877126043545,-0.12188561936443,0.0559024409525088,0.143273783807789,-0.161233008669847,0.273828810523326,0.757501866570311,0.110874465198083,-0.0567934887512848,0.0420280332298802,0.216320498829635,-0.138263335662582,0.156537414276025,0.313524354602038,0.203355297879459,-0.0990562118680566,0.0217145539215456,-0.347217716602329,0.0889007826007271,0.489079657593214,0.159119385943857,0.154926177440922,0.25568347172196,0.349641369919983,0.0871233466606768,0.116080278229478,0.0189204468316896,-0.0960210081362301,-0.0718747680114206,-0.0824762258200834,0.265387076010882,0.151218403476025,0.278987095132069,0.0174836854987496,-0.292035944573843,-0.267979701038489,0.0261857642038099,0.246228166687414,-0.0544515263633837,0.111909724482599,0.620815178522008,0.22650701773621,0.0991776058406374,0.0214683490394247,-0.0806196599151952,-0.0839175993830896,-0.188312988629801,-0.184921846354674,0.245998310392119,0.0902935510251656,-0.168640585195664,-0.183384196005124,-0.0973216500324721,-0.0828584381760686,-0.161039889952254,0.0116738957299346,-0.0585472227007643,0.358904995295705,0.0228792581511891,-0.184712774617085,0.115214451048558,0.0147367017304184,-0.144506884408602,0.0339326526689825,0.0216537087545916,-0.0405522244180272,-0.130074105960568,-0.10155632722586,0.0400232704312533,-0.0928395978487787,-0.305945761658885,0.180051621419878,0.224813526916248,0.549983147321715,0.381529012261045,0.295158333154124,0.0804875059979301,0.0480435317625025,-0.115940304232607,-0.216662796842192,0.132210002528119,0.121955346194853
0.257844307176255,0.0995660180790449,0.223647215514023,0.031665015745847,-0.226167289780423,0.298701591037848,0.201601326894162,0.322611113704274,0.306088105971409,0.457193673318547,0,0.588638096118841,0.218601177563952,0.120971045536923,-0.0187632567613209,0.144621949595665,0.119557493259859,-0.000457461246745506,0.274672491303742,-0.15450542740778,0.0630122932262967,0.119744615790687,-0.0481486869785608,0.344327825259293,0.528498194845148,0.365130881902979,0.0137725595640561,0.098144417367767,0.309502805199171,-0.0103909091333276,-0.0812605669664699,0.230108422956093,0.064465328188335,0.0200352325829224,0.135528948084454,-0.0783199415133922,0.154650543508477,0.226474038212742,0.160492323300557,0.227814753849022,0.202822659394717,0.134212787749671,0.100320680426164,-0.0366787380189861,-0.022910432150681,-0.0631580518749571,0.0261044256358563,-0.013859773817675,0.379442172860812,0.196041097356685,0.356489238124569,0.266487618202174,-0.19559693901334,-0.0972165803620288,0.205815108109447,0.440916444731081,0.0603952761301128,0.214009008073414,0.421989059945063,0.395824974705807,0.374157321815888,0.0446252570632033,0.0842337682221274,0.0761740546307523,-0.0186098128964957,-0.0357590494174878,0.217549901422774,0.238471401289771,-0.0264342493655967,-0.192084742788535,-0.00459245389561938,0.0480067043537925,0.0135462273579739,0.115176436264626,0.00916718080898519,0.557111830609363,0.270729886557318,-0.047349688467526,-0.143496705114795,-0.0898703976702824,-0.059034294076306,0.0399438449799753,-0.0475855695867273,0.0375828214932298,0.00326619723777328,0.0468777879519974,0.185875534097284,-0.0670972277243155,-0.0927162154379666,0.211783984217979,0.173664619408311,0.305169140218775,0.267780595222014,0.198140360625863,0.0467047433970662,-0.105640769679764,-0.0340219718051827,-0.0806825441502745,0.282700105107809,0.160243968744476
0.146600963533231,0.0456999518223701,0.115917110392313,0.143844573011765,-0.148464331701369,0.202700254264578,0.207481581271351,0.337280094306405,0.254234730987773,0.208584553016737,0.588638096118841,0,0.452200818683927,0.389751499247397,0.267525478302342,0.119284634492222,0.303060585508969,0.148051868542569,0.477522226611949,-0.159426518261602,0.0817509135021341,0.28291865642973,0.164635626920809,0.522162690487942,0.273446279397434,0.625486286023063,0.120394002016463,0.342190456741655,0.399470968115728,0.308424945723922,-0.330373613179739,-0.0524514658966292,0.0266929817045064,0.115639025826857,0.388866738471079,0.0580704379525204,0.240738242273637,0.0866721276296274,0.333355571052911,0.397208662226752,0.278318510793641,0.12193655162319,0.436071450779064,0.106293910928763,0.0610152495299362,0.105098397843933,0.177073808538704,0.117900364321988,0.286130675965529,0.238671750407989,0.255725045663225,0.117317936035947,-0.0363208714267499,0.0541853022556036,0.131088153364054,0.339862709338918,0.152081085109546,0.203259409051219,0.254333170291704,0.411012020748084,0.451947866788167,0.184591489709471,0.264251369515772,0.357446701876799,0.255646006626214,0.239653180180756,0.154642059134935,0.445032041313331,0.0782738853943746,-0.128996091762299,0.0544685418463506,0.193368922139871,0.213218096379375,0.0388426630602808,0.234700336906789,0.586266146015408,0.46570185588513,0.189491645857761,-0.310714357640529,-0.234799203182997,-0.0644418834220563,0.012444030974597,-0.108165874030699,0.217179935772158,0.101986008616686,0.185991974326226,0.275124236809845,0.109205592196346,0.00931550793350282,0.120169108632693,0.0827112596937673,0.0700456959013322,0.337607208187175,0.182142747142445,0.269906850042724,0.0137683146467798,0.0938919922942329,0.116410407684292,0.259197469033458,0.103786067704282
0.100316434161782,0.0670050237171634,0.231619821869786,-0.0163962059601623,-0.00896905262079601,0.245358435067954,0.238428601777432,0.117128415814913,0.130909646078403,0.163759169795351,0.218601177563952,0.452200818683927,0,0.662275632135199,0.618871645843407,0.148932878976946,0.516329405765674,0.100157410218546,0.581038078387579,-0.0387282486337993,0.109982642794121,0.588938945362217,0.495636357534156,0.51029909351606,0.0548337620598713,0.13733859891297,0.282554579134921,0.40363405193701,0.568047825533759,0.534649162287589,-0.0684168023244537,-0.136102836885387,-0.084576422981437,0.315717471043828,0.520832103083422,0.194409794316032,0.487072773070481,0.0170866460582384,0.212410706345945,0.351704991234834,0.358703438243901,0.390244824728917,0.52374109442642,0.270577479354073,0.353952626715273,0.354352380081371,0.496608959095623,0.380021564303387,0.290817852701234,0.433235966491466,0.0726585729227498,0.0695676210216678,-0.05479667087958,0.152015100961853,0.135860407483745,0.337107740232982,0.198179388527462,0.218215788435687,0.109590791613383,0.227919489299287,0.279059449645309,0.656981549712732,0.53524914972524,0.603832853368231,0.519665012397597,0.536438070083855,0.211897651747766,0.498068714200206,0.243115076709306,-0.00527019680351174,0.128424370903403,0.383499186401956,0.451121909957935,0.0979233914299501,0.298863252989426,0.193823056195643,0.598343213938543,0.414024924784402,-0.0250921670582241,-0.25249373815761,0.0152335196939378,0.124247662473917,0.197178193330359,0.408033760225094,0.259352336338172,0.430073344181887,0.534378197333318,0.153989437574446,0.275844236722534,0.0905458807712645,-0.114574013098502,-0.0920617537052445,0.250740137667974,0.242593971253132,0.381347446727518,0.244609913057794,0.356852830644315,0.385305904734453,0.279395128703157,0.286682830480053
0.0555078276075994,0.203535145540355,0.197262331049354,0.13094221214828,0.296018757272601,0.29881287919231,0.264002825239753,0.0605052332733508,0.0520553150772307,-0.0426169842821944,0.120971045536923,0.389751499247397,0.662275632135199,0,0.846813192356151,0.181053282253254,0.469081710016297,0.180198527318899,0.671140026528491,-0.0579881994743071,0.0401113526291368,0.605191109693558,0.705140948575387,0.271486204292612,-0.101839548131667,0.114442215241397,0.250713485050915,0.489700371507132,0.571929377300601,0.657523864080188,-0.00256644788312249,-0.244048968495981,-0.194263575209397,0.309603334431284,0.606279454384322,0.389128796272208,0.603566117275774,-0.219575748973604,0.0765369192265883,0.214824435830579,0.16755668131789,0.374273469585183,0.406348381597731,0.368705281241198,0.532718513449069,0.382847271193972,0.586120370534347,0.472832165827108,0.30844744118899,0.38391950619,-0.0264864101186989,0.135763095501231,0.124416372302722,0.423700244524278,0.215912105325404,0.284560707301556,0.444175032173745,0.280147833121177,-0.0486520444240377,0.166537550362456,0.21099855312816,0.501777707435956,0.48448997139766,0.840707891540801,0.825934379416721,0.745536451518795,0.268201779652596,0.613735098445044,0.325790467603977,0.0872907790352973,0.106264817803532,0.492309942023128,0.630368044652076,0.102931717718068,0.32128590562074,0.0911291771013352,0.688231149132004,0.574824270326021,0.0840814678819709,-0.315118731818692,-0.0382731336808119,0.0626143243419514,0.210887675020246,0.485390653633867,0.304568687385579,0.543041258837119,0.658692604765123,0.221589801253823,0.392098562229086,-0.0123322414558568,-0.244751487770305,-0.226841802600389,0.114241506557016,0.251096524567668,0.382398638964255,0.424162294449979,0.4395541241765,0.548825635894073,0.296008667326628,0.296904929134546
-0.114109025783749,0.116484726845921,0.207931646585252,0.00644454255265837,0.212552037314037,0.21113321205238,0.1581380010889,-0.0938513282463341,-0.0835877473363877,-0.144680776044671,-0.0187632567613209,0.267525478302342,0.618871645843407,0.846813192356151,0,0.0695090462211706,0.52361512662983,0.271942221334218,0.535478771150531,0.175134735759684,0.231142735857679,0.624610374848892,0.806064773265764,0.271114808174182,-0.211453160834359,0.0116747964502017,0.425479375962253,0.587111244792854,0.599397698703045,0.769563519632361,0.103104668153327,-0.40925529325635,-0.310514818238782,0.435295978121601,0.620113745828988,0.483644818848105,0.57877361597962,-0.365700980693089,-0.0171304304395801,0.165731690286359,0.177651736345074,0.3803214534625,0.38224409287192,0.473398222849133,0.59190959357578,0.581593866275899,0.697330673589504,0.644216084558397,0.314879166727095,0.430672473912193,-0.214124473562236,-0.00494869586225437,-0.000470747004113451,0.326361704779332,0.148630067477281,0.196891302589641,0.339396649835844,0.206309086759358,-0.0676002880112937,0.151187529607518,0.176121109655671,0.506021553470801,0.597537836062343,0.825275422756164,0.831348961843912,0.874647816111821,0.187999050742403,0.497257280745351,0.44895244651843,0.283215545174612,0.329736260010997,0.589731252720776,0.747318517389603,0.0971321991208719,0.375536747806621,-0.0198962006588504,0.697428708036104,0.718973186390666,0.124328187293734,-0.405386642109725,0.169770720656551,0.182841112437736,0.38077069518046,0.568950719197461,0.466401092138338,0.677366991429425,0.630642824790835,0.378450176051133,0.490127793909018,-0.00656772225928931,-0.382341507338548,-0.268091801585501,0.0178362014904768,0.354282100206768,0.428118258846659,0.525164170280456,0.616536264883201,0.703096327618317,0.319331173197138,0.343301210296606
0.196904329470693,0.551949455459433,0.447702850694868,0.242164717424856,0.183415359508806,0.342574776014733,0.700802222461951,0.174950209138248,0.0616469638491394,0.0675954009311467,0.144621949595665,0.119284634492222,0.148932878976946,0.181053282253254,0.0695090462211706,0,0.148152322223597,-0.0514811712906084,0.161270296129179,-0.0301613200847509,-0.0136030691018755,0.204401259132429,0.139674048648993,0.277450519879012,0.0649971330544642,-0.0959620008226619,0.00013133170019509,-0.160506982537858,0.21445141118254,-0.0376550204538787,0.00801320170427425,0.170975176553114,0.0630344797751607,0.0427992989999867,0.132821517062329,0.168680944668528,0.120691855436975,0.107343486911225,0.303503196890162,0.435058621617674,0.0659474502625502,0.118306108891717,0.0546249121800539,-0.180906306040147,0.130150607487147,-0.0391733257710111,0.152602778779152,0.0627875249962018,0.359775041649051,0.253409695594491,0.254127645442718,0.502918471804959,0.332985093785816,0.290602209366065,0.352769767084689,0.389512749491569,0.381848496718748,0.191030986812733,-0.0784262002450661,-0.052770542413615,-0.0285893427115218,0.100439086917501,0.0604370176496744,0.144123352355961,0.105025628535014,0.024592863015332,0.287482621212306,0.186643243305306,0.03240957185417,-0.0578682766933669,-0.0206067050387381,0.0923777761301569,0.121734577261461,0.432778486604231,-0.0182978953260229,-0.0390465777812692,0.125376942118022,-0.0118035249465415,0.0677041848102946,0.0165924178961976,0.00190778249685486,-0.0534763192577205,0.0363849265060971,0.0553291844263529,0.0590022548464845,0.144378109774939,0.125109224146367,-0.166683746447433,0.160931119031469,0.132629932241186,-0.0476116206595888,0.0706104669754004,0.267732789158064,-0.0621221285307329,0.0781841577438879,-0.113276495969537,0.0465949603937688,0.0786865910071435,0.329885196744111,0.240149684444887
-0.114695313754838,0.087827749394748,0.398610459031714,-0.287505921587271,-0.235373715411216,0.135127322990794,0.240562584206527,-0.0921162055297167,-0.0292924847654913,0.0849150322024457,0.119557493259859,0.303060585508969,0.516329405765674,0.469081710016297,0.52361512662983,0.148152322223597,0,0.412646001574103,0.599850819039948,0.410964980883822,0.573120054031251,0.609293676144667,0.647725247825666,0.543908106095441,0.024506651298521,0.00189331696849787,0.618955033524306,0.415328425381978,0.586728204972677,0.53519985156767,0.139972246206945,-0.420523880026069,-0.338610876272298,0.567363277839844,0.5893064809452,0.206057118365696,0.31162275785379,-0.311495309161246,-0.0501109473311939,0.17430627295685,0.302356198536786,0.310171502892676,0.178781656480397,0.267168076531251,0.477339688270658,0.589397682853746,0.620655999843844,0.64976227418261,0.383070609741608,0.453941952948244,-0.174535689178078,-0.0387150077175643,-0.288004703190053,-0.17795519933962,0.0340789503977865,0.203488458118708,0.100414584566137,0.193368403861663,0.0962252752956674,0.0656142297396072,0.0931597962623776,0.284400182683065,0.530408410365854,0.499431711975172,0.454855126200977,0.5656639227678,0.0649549754504083,0.427562733735132,0.542609230438033,0.409956399141806,0.55426829828386,0.618302521329718,0.62744718964052,0.0189019310464008,0.306025918188243,0.067259736576949,0.534046331136094,0.548695804347099,0.0546979042343677,-0.489472002292638,0.472882688355498,0.392595549273178,0.489606603818244,0.514805380009875,0.61073816417459,0.585112028600099,0.355418833139432,0.446093935670481,0.238046730215077,0.0584653341643923,-0.422659629053363,-0.0391276525878057,-0.020822006462991,0.289375089072774,0.346739635030653,0.274498264283831,0.588434497645754,0.574702538733942,0.374455431963438,0.391994471377341
0.00311870149444818,0.00191653080985716,0.210013718944441,0.0344250450712553,-0.133449105438812,0.186713795932241,0.0769737018856236,0.204329498473897,0.196357568429074,-0.0913649510896523,-0.000457461246745506,0.148051868542569,0.100157410218546,0.180198527318899,0.271942221334218,-0.0514811712906084,0.412646001574103,0,0.23283594689521,0.624902394039781,0.642586676713238,0.170621494039846,0.383008573448352,0.293502489375712,-0.101679500855532,0.136624234366284,0.329597169627506,0.217554684084267,0.386848248454114,0.252034712218058,-0.152129391894076,-0.338432488717558,-0.160492956429716,0.579045602723117,0.288991231015264,0.364529019243368,0.10824219021014,-0.360020776864589,-0.159707658603894,-0.0395368616908077,0.287741003298565,-0.0661753919569664,-0.0124409091085704,0.0760778375314449,0.161635099919538,0.301040358860956,0.260090735688751,0.342078713857242,0.206480284568288,0.262989133994572,-0.043151068780752,-0.0967576952469227,-0.151179364453355,-0.109942315202838,0.185425565761671,0.207083876567476,0.139390420358707,0.394203905885416,-0.0970933357249661,0.0799629805453189,0.0783457323792419,-0.0243484248272449,0.308546664670763,0.245974858997029,0.250383685747483,0.35160234046254,0.133740822041792,0.180449279938921,0.536455147156561,0.575620314563113,0.628308470576328,0.322600572010804,0.431311663329416,-0.0104776275221801,0.159343954091655,0.0690179245858314,0.36616259035795,0.29883391224027,-0.227576129003382,-0.298637068099222,0.419655419266948,0.45500703910861,0.146015804372973,0.256513535868211,0.335159561746458,0.321646037737567,0.0792006359807724,0.26353803981672,0.36245369498266,0.0832023860481973,-0.181094399858037,-0.168651375342945,-0.0873686615101274,0.0940479524331012,0.114197183401376,0.067145556376298,0.292487305959619,0.327235343374713,0.316568506094008,0.222830732145664
0.120763301126683,0.1353331280994,0.157856852391645,-0.0420682474904517,-0.0159950475081542,0.24921763035917,0.302808457988267,0.242489366768532,0.285375766202568,0.19877126043545,0.274672491303742,0.477522226611949,0.581038078387579,0.671140026528491,0.535478771150531,0.161270296129179,0.599850819039948,0.23283594689521,0,-0.0962092146540041,0.125673444082642,0.469451457220473,0.428292050641038,0.362126893926901,0.141099882743689,0.226674112034277,0.12122434593631,0.279986759256962,0.562693151351381,0.407350794693403,-0.107117645615847,-0.112890719840711,0.00702353269701789,0.218401772091577,0.502378064041903,0.0898827158741236,0.489591474898954,-0.00559383996387443,0.104972811639243,0.204703908384672,0.255264608718054,0.301645657507458,0.305579613535435,0.230717456343368,0.303803825644042,0.181953643630827,0.326716790538333,0.236370866834618,0.230744191272643,0.340482417226871,0.128079047418343,0.0746058684172193,0.0251627552849225,0.117902444560075,0.123014975065913,0.277561561098819,0.257548649339936,0.309862448299104,0.125170200995921,0.250621464699064,0.217284657658006,0.36155438121525,0.249294543323895,0.634213468120202,0.575805106696209,0.441395603809085,0.225339440157052,0.732774566797828,0.208618426802181,0.0534273286282529,0.0697611762423288,0.323717816462075,0.398055914970911,-0.0224021229775776,0.311246864770215,0.272796281416545,0.554725265156758,0.270563330651293,-0.0359852682031897,-0.305997508414765,-0.0714703479200697,0.0840933304590862,0.0549641213079994,0.326470342236691,0.162461059406093,0.293039437453076,0.467114537171001,0.0239699821821222,0.0824346590259556,0.0695303286550955,-0.0241620423055994,-0.0513720959275129,0.150847667130581,0.132371249545992,0.216096235306586,0.211665519999827,0.189907561003703,0.248714982918804,0.162381138325358,0.188272632522525
-0.224098556372093,-0.083081555861228,0.313263832288369,-0.248150626864403,-0.23159977507386,-0.0011607810657294,0.0216756169295811,-0.246783944757606,-0.20038032100479,-0.12188561936443,-0.15450542740778,-0.159426518261602,-0.0387282486337993,-0.0579881994743071,0.175134735759684,-0.0301613200847509,0.410964980883822,0.624902394039781,-0.0962092146540041,0,0.781734453705424,0.179990451408355,0.408081372467168,0.251780522276098,-0.15637427426866,-0.179242128405797,0.596751651925214,0.218422732739878,0.311431664467015,0.258760912099316,0.15036357319021,-0.456515252921681,-0.3520719149463,0.606792199317401,0.203285427252034,0.308461126385193,-0.076837439442291,-0.515451128896336,-0.319738583857265,-0.148352989921495,0.115841272076939,-0.043225091411176,-0.166422428714271,0.170144581073244,0.260169513556956,0.543039187584282,0.368562540584338,0.560023197879272,0.266437145792635,0.238738382711255,-0.310535554038106,-0.16328020795333,-0.338526321400933,-0.32553497211226,0.0072484736419723,0.0788066404437643,-0.0716189962233055,0.0712173590496187,-0.0389898180099894,0.0222485029459068,-0.0206360795253929,-0.0317643491629237,0.397428014876589,0.0659165487216887,0.0812037045837676,0.313816434714093,-0.00973797124349624,-0.155001930482582,0.599954731569307,0.747577098051301,0.808840054657904,0.434588693514156,0.46954253407449,0.083175027454907,0.200499123460924,-0.141263249376737,0.160689522516904,0.406884019287893,-0.035186877924436,-0.290364501567212,0.71578827520261,0.57270202574913,0.466883498815433,0.311942316725352,0.582099879949493,0.448860336183908,-0.0384904666338139,0.4710351080941,0.405369979686884,0.101701169653214,-0.445880739906314,-0.0789607022705351,-0.202339261096635,0.170507761929385,0.227945512291378,0.143285391706458,0.518894907857424,0.508073826307821,0.321071584885767,0.32944813147046
-0.180442492812248,-0.0628726946081436,0.384860084697284,-0.258327732238377,-0.38614991380007,0.0647509548033102,0.0132977613309771,-0.13960009546441,-0.0786986207556281,0.0559024409525088,0.0630122932262967,0.0817509135021341,0.109982642794121,0.0401113526291368,0.231142735857679,-0.0136030691018755,0.573120054031251,0.642586676713238,0.125673444082642,0.781734453705424,0,0.327561656226379,0.472083120002532,0.417759203782403,0.0149196693006755,-0.0838190900955684,0.667413881105054,0.277782668933879,0.431458949797496,0.372273848954753,0.122943185899898,-0.419958086433474,-0.367374677952441,0.616484582840279,0.308291024111458,0.151918009358461,-0.0192680618199262,-0.387251191057735,-0.23009973001844,0.00280111652792817,0.235027591065257,0.104818480403483,-0.0517815040707688,0.182719338353543,0.245011254747725,0.610456882685686,0.474497352984473,0.599333387979018,0.370456004986472,0.310719168892342,-0.188194033827556,-0.138994162611504,-0.477298509824804,-0.381452362353991,0.0313228182799843,0.169861110494502,-0.0937166692659432,0.105181504291535,0.123088982998733,0.0810504791621256,0.0669260866894155,-0.0112885621356629,0.528373802651776,0.157096962635884,0.118224944040841,0.404754129867652,0.00341131594811221,0.0130135111881567,0.65472308904442,0.679143213018773,0.890598941222333,0.52279532319517,0.559666652724249,-0.0248978280354143,0.177277543193584,0.0103645300657977,0.319821237362755,0.477514250521066,-0.0948792627330951,-0.359820579699348,0.756823069699161,0.613973549532022,0.491798444927071,0.389777544018154,0.64307821722618,0.540536332389076,-0.00912421828248661,0.478682753191901,0.198314373548506,0.0547832603992549,-0.382302613487263,0.0934747806289003,-0.0474546438664209,0.304367713361739,0.274131679684736,0.112721550925069,0.591609902490903,0.503214530059209,0.401073708642512,0.371660971400661
