0,0.229476336736157,-0.00622349767268249,0.0771442603284739,0.356460446651062,0.401732927281246,0.129067804860457,0.126742542725542,0.118572697436433,-0.154220253368125,-0.308822976139858,-0.261574350279653,-0.247647773852741,-0.13161079343174,-0.143664064309355,0.10965453126129,-0.347165951107751,0.168651337350638,-0.372099610325772,0.221322909512579,-0.34252576194395,-0.196097909124287,-0.019076036797145,-0.456745071238568,-0.196457672336244,-0.3301772441302,-0.306260395734497,-0.119288953481262,-0.306023907810899,-0.242895095865471,0.015335416343455,-0.148147890403066,0.0278648348335192,0.0919856308403986,-0.144289693267828,0.467154252750856,0.18315897992704,0.100311056687474,-0.0767264954312981,0.047324096598717,0.308096654195091,0.124348839476912,-0.125869240398546,0.0536846011236231,0.123869996684078,-0.233104162783795,0.103387171085231,0.0989046164823934,0.591078725472381,-0.00522331635197651,0.576996331567019,0.174954449614848,0.054699454727878,0.142109912445443,0.327602360460371,0.307955114334201,0.246025549610057,-0.0400091836629509,-0.0907197635085824,-0.246467995770191,-0.26406815588183,-0.308718449309911,-0.154019562336007,-0.0505981910437467,-0.200850208210502,-0.128425433844317,0.541355170130357,-0.289369465824303,-0.279621102019297,0.0502705627383947,-0.178247087706904,-0.409714488154101,0.0657442196978565,0.0859318328984077,-0.389745440297482,-0.351988404353551,-0.240927721845171,-0.206392375409232,-0.0740083138867657,-0.085074452688134,-0.333676280697261,0.0944204360840502,0.0776479910812937,-0.315960320816967,-0.269997927677543,0.0498499969459157,0.2233684743328,-0.0927081504784224,0.221529890258627,-0.0821146223127609,0.0201007774562427,-0.143631151197916,-0.200878349919387,0.168239202235552,-0.091922948655636,0.179469677238507,-0.209414463859657,0.223381536750888,0.57196089766915,0.129981854368732
0.229476336736157,0,0.263147901975874,0.535098290150899,0.728655979681116,0.337809534437794,0.23266847121074,0.528570529600797,0.100205454434203,-0.204601418616476,0.0128253327483869,-0.135188601489492,-0.20414883130483,-0.137315691714059,-0.157759706740217,0.43663631838955,-0.147867626583727,0.119614913241833,-0.159442140597003,0.254136951392381,-0.0997784772784211,-0.13404437580454,0.022373903933395,-0.238132200535164,-0.237787091958253,-0.0711672849447421,-0.270948604152714,-0.253830846225727,-0.224514295832734,-0.114309803568074,-0.315345843891029,0.200459064701267,0.207277467667715,-0.0828295013996587,-0.197885697703632,0.064669771736079,0.0988158565242973,0.188259666358148,0.0846252696343004,-0.0886695067730803,-0.131912519870788,-0.11268697963001,-0.0559331060722381,0.0381694679920146,-0.201476812085992,-0.104608441630383,-0.0210972570137844,-0.0250795150711059,0.181447246449112,0.00114465916390024,0.244254737674664,0.756606065121001,0.324310401585501,0.442698352245285,0.525789966679902,0.228335021721713,0.529498278583263,0.178545169599232,-0.274178776621181,0.0730165404532844,-0.177494585214909,-0.166291932154732,-0.252082691666142,-0.207085834648983,-0.085046348991612,-0.141881603556219,0.0318279937718468,-0.219806278102309,-0.185970562919138,0.0847044415922734,-0.0743503882495652,-0.229244763933526,-0.134291727200878,0.0158012073305075,-0.240363791689102,-0.081400198454993,-0.301777055500501,-0.224112753390113,-0.289452627910696,0.17473105352995,-0.2576997537721,-0.10706615986268,-0.27791577817234,-0.342625990026302,-0.351673400171988,-0.179629324283187,-0.000356268712029993,-0.153859965730961,-0.00944423425146739,-0.0555907298016865,0.143974928144236,-0.122165077749563,0.0316554157677321,0.0128934488587639,-0.163166765953909,-0.0341229996379287,-0.210374893861578,-0.0615691119156974,0.129672885837099,-0.0511730549937779
-0.00622349767268249,0.263147901975874,0,0.0723964227172215,-0.00083168139268176,0.295255148226854,0.239496055691069,0.342871815300463,0.245200429680217,0.121535150359065,0.219777365791163,0.295136891666653,-0.101989922957694,0.040242081942325,-0.12749273783569,0.152708533726763,-0.100708658009448,-0.223120330649106,-0.066318413568538,-0.135529140851274,-0.0710624311696612,-0.119923590531173,-0.116961528307417,0.0741560070993789,0.265781652801309,0.248824998942834,-0.0139730093207638,-0.0123213751218259,-0.202654410446627,-0.0535835653412026,-0.343177397523684,-0.0413463978162482,-0.0266079506657061,-0.248085772953092,-0.0670969046514813,-0.139059426315925,-0.151405090746142,0.0303886491418496,-0.0780702429585363,-0.16696905734562,-0.18061973354443,0.290035743866495,0.209154616825743,0.316277940365321,0.162745740283194,0.121152624634191,-0.132060217150963,-0.0869358239563722,-0.00440191132270849,0.131606500198472,-0.0227838230542541,0.416426828064487,-0.0108932881349439,-0.124151161215093,0.340343813711441,0.555507946027163,0.310508198528185,0.335028711190571,0.00358809559168374,0.157030513296453,0.207927443065081,-0.0967098496753894,-0.0285375109830197,0.0185622598927706,-0.0711562873483884,-0.0910215347130446,0.0281310105667344,-0.177561463615851,-0.134740087035194,-0.0727220420443059,-0.11780861660578,-0.087431916279926,-0.0459557189159017,-0.0578697394669996,0.0104383168436786,0.366629785556688,-0.248641715434701,-0.0736307757583801,-0.337438253614333,-0.0952186306892756,-0.196149779728097,-0.185450212926832,0.119747091486904,0.0798368404007104,-0.0562082526046372,-0.266026197785454,-0.30346759026874,-0.0313262585541473,-0.0995170025349387,0.0133766769324088,-0.180536983295114,0.0452961467735366,0.0198442700464834,0.297435803701789,0.0698103947583019,0.215467094203146,0.110747236699498,-0.0657532129009838,0.0187691221678966,-0.0194605562676834
0.0771442603284739,0.535098290150899,0.0723964227172215,0,0.597078385365741,-0.0376681365703766,0.109838397253041,0.141707026710236,-0.323047422635001,-0.341099582542049,-0.0586549727987868,-0.2463287448379,-0.095883079972322,0.354744556706117,0.318215828600727,0.0222392395192064,-0.0766761951317813,0.0206760585193063,0.117757613716221,0.188623422274529,0.237830062058849,0.0184589988736747,0.324909424311526,-0.248284360660606,-0.317019080992827,-0.148746882488105,-0.163072702902018,-0.300383506078727,0.0239248729200742,0.246328974706525,-0.166699888192524,0.684146477174627,0.559959608594203,-0.0166086772350352,-0.109401410870324,-0.0364251372730724,0.222867261574205,0.387710343702988,0.167859612206869,-0.063638992903977,-0.080619878408607,-0.35559502928101,-0.18293218916541,-0.0352597463564325,-0.181268621105314,-0.234157774554798,0.31139986342479,0.137692044745465,0.0419683271078623,0.0731193268469831,-0.0856567953745819,0.386281078469219,0.319847209636979,0.821825357632476,0.151036796508973,-0.135216391814185,0.168958648207899,-0.254996387276357,-0.41241516249254,0.0444161064559415,-0.26186555193027,-0.0854596793343557,0.0928025279267044,0.0995865472613069,0.348943541287375,0.320220171831262,-0.136088051022577,0.0293676723098303,0.0448772383365431,-0.0852646184125967,0.15798072618686,-0.166258250355228,0.122940515925458,0.0307830051487787,-0.23869862198034,-0.147634415363254,-0.0977078069859186,0.0750913606516416,-0.107190981156024,0.690841515001544,-0.333368181795173,-0.245959637694505,-0.325823504721865,-0.383012768927677,-0.213340396618768,0.0675066043933116,0.206295314905083,-0.328169695413138,-0.12255534782855,-0.218006834106215,0.344838274569116,-0.237185276404764,-0.0229673125653376,-0.122126266991158,-0.20235935806313,-0.123472416938854,-0.267463665604141,0.124534194741486,0.0178516810289714,-0.0281319375332615
0.356460446651062,0.728655979681116,-0.00083168139268176,0.597078385365741,0,0.365772019653779,0.183006679700715,0.348606696320678,0.0316656264185124,-0.305630203331776,-0.133142299622988,-0.290300577303912,-0.256957690111324,-0.0856663894119212,-0.084180369260485,0.322513907584577,-0.225697300648814,0.19566283961307,-0.138468084615093,0.274684452682895,-0.116566031719615,-0.125629847746792,0.0923246768746495,-0.436169108463893,-0.326685607893818,-0.252421097300502,-0.373749823542401,-0.375199443665082,-0.272837096078476,-0.131556675633746,-0.143626870503997,0.303390675293991,0.354982850184809,0.0320467830422582,-0.234376817319861,0.194382294237228,0.245446050447978,0.337421554211589,0.159254349808773,-0.0243897146161317,0.0941082287115913,-0.168818323084379,-0.0959862626199465,0.0196613065548126,-0.19146654882472,-0.240628000888368,0.144531179612295,0.0462580864737858,0.287310884574726,0.0413462618033032,0.316813331163546,0.54469841138015,0.366187765892851,0.616871755716097,0.534251534256138,0.122407202847468,0.421716665599335,-0.0228464644553844,-0.315862673283514,-0.0408862898052536,-0.314674248154859,-0.220241216693382,-0.279869677673397,-0.117276684974993,-0.0123568897959574,-0.0754373258395281,0.117212908284303,-0.200802421298572,-0.174682777331264,0.0593081498557155,-0.0939412431338369,-0.333396065271479,-0.100686689940534,-0.0229903784944791,-0.409608234124017,-0.329480785028132,-0.32679168830137,-0.261584521758364,-0.143428590021985,0.331084072225037,-0.314091751581014,-0.0449274309501987,-0.262500618108889,-0.478594842731252,-0.431969446830534,-0.061781917474767,0.178695255559276,-0.306427653522266,0.0277420759465381,-0.114539365553566,0.273714904830118,-0.185628384698623,-0.0593082153910259,0.0208225507205841,-0.178788949279087,-0.0748873248277853,-0.329822806294375,-0.00684582594014391,0.213950058748223,0.0104817716701724
0.401732927281246,0.337809534437794,0.295255148226854,-0.0376681365703766,0.365772019653779,0,0.39478021115024,0.423772734143847,0.481549000676309,-0.0173103730194194,-0.107738537895419,-0.0982821384064329,-0.0981726361185157,-0.255730382843906,-0.3479235496012,0.222194213529063,-0.212597705601565,0.194177103630605,-0.195165228578974,0.161204854305001,-0.303370781215512,-0.0820203507371577,-0.0784611667790055,-0.353012659877206,0.0445623836019598,-0.187198016969193,-0.175965118078601,-0.179542593079914,-0.319329100048107,-0.300706728828306,-0.104212558087439,-0.212810013886101,-0.105074743248385,0.100065044570003,-0.0313189102288165,0.268305550717182,0.156287379972758,0.0379738174619107,-0.128594963166513,-0.0569324979582536,0.242325307544151,0.205878891125158,0.0829066572645895,0.187608194993237,0.108444553652829,-0.0181709127553163,-0.0355104348612562,0.0303562267235746,0.485822607923471,0.151194179426092,0.348636190846743,0.359835399692421,-0.0300882172322716,-0.0191017111471714,0.695305240553093,0.701478005308715,0.472864304529104,0.3139416348814,0.0195765729770018,-0.0461361681112504,-0.128834061566491,-0.104205940735496,-0.351643311430073,-0.0931888592779205,-0.250762579390791,-0.327292692185954,0.362153970419488,-0.28279390286734,-0.215246861529632,0.167311468212579,-0.2126410676213,-0.2316526779112,-0.050391486206328,-0.15367526489622,-0.34889503549003,-0.152950778628075,-0.338501984884727,-0.328208534317942,-0.232977218169579,-0.223202480123415,-0.274083924651534,0.0857967044001383,0.125413824397288,-0.159540100692809,-0.209557669234947,-0.0865506593586128,0.084044800028257,-0.0727994710317604,0.104663153579983,-0.098576185558675,-0.0766683236810156,-0.064104036255897,-0.218749574457044,0.342623091536994,-0.0317203757460273,0.227562846510944,-0.0438718206955371,0.0280289269063258,0.402230000382271,0.138595376416565
0.129067804860457,0.23266847121074,0.239496055691069,0.109838397253041,0.183006679700715,0.39478021115024,0,0.472251307756032,0.40967961342819,-0.0170465754478758,-0.113515563914808,-0.147918273050131,-0.0745974378434521,-0.114229014513407,-0.178998665328746,0.134859932008752,-0.120423317255544,-0.0676566855400945,-0.124348418964646,-0.0704801906089069,-0.160862474961476,-0.23433746265724,-0.188466653875274,-0.270486337547785,0.0139653466928298,-0.227206130614861,0.00778824133959366,-0.168467455687794,-0.18193238853463,-0.193114241721072,0.0978025444534959,0.0639976006150103,0.101393137521439,-0.194000545446693,-0.145067625296927,-0.0403390045105357,0.0674598967389675,0.270834263207269,0.149865983098852,0.0765764206001223,0.0617807491604083,0.0168136797376556,-0.0297271899321386,0.33710051769846,0.0122313529282891,0.124186049247975,-0.0435404878343704,-0.0453174245384462,0.211894172410559,0.304336802292699,0.168343566340271,0.310119033881936,0.111611763826538,0.0937063740969432,0.379917537289117,0.40923710240695,0.445704984499889,0.406200493365184,0.0173589258272466,0.00239521643271482,-0.165894540876901,-0.0771385610906465,-0.193076497309726,0.0243390725582323,-0.139802698867766,-0.175084998452278,0.319337107837858,-0.166887226617114,-0.25792405189311,-0.0372909418304576,-0.153545089049817,-0.321910077480371,-0.211846656552339,-0.0474490406927048,-0.267213734358625,-0.252233764153872,-0.263644925452971,-0.306182945169472,0.0257068310055952,0.0433029995563559,-0.37129641655919,-0.243699409564417,-0.0725785997648458,-0.271819832322512,-0.148035014410176,-0.233258054401878,-0.0434178793837103,-0.163818556660706,-0.084457451967284,-0.0652696062584801,0.0547905568475177,0.178105610854567,-0.0233891524325641,0.0749208821734431,-0.20746311984849,0.333421543029762,0.0402415240475485,-0.0541232940099252,0.153728225085862,0.247937879686031
0.126742542725542,0.528570529600797,0.342871815300463,0.141707026710236,0.348606696320678,0.423772734143847,0.472251307756032,0,0.57529313400196,0.0998315904951988,-0.0342225033866973,-0.0411575622187772,-0.115318654105234,-0.242082789244742,-0.301354255731562,0.36139940823927,-0.0896471473332126,0.116917070691319,-0.172657258793712,0.0431570522915838,-0.153844201742826,-0.155618555742331,-0.19142884203754,-0.118746472250893,0.154155325364191,-0.0521577244134118,-0.169707922836524,-0.174836997546007,-0.266873750652123,-0.231877173141596,0.0239200737450563,-0.0703487670044883,0.0382175912075702,-0.174630492761842,-0.148306835721321,-0.0433743386059243,-0.159905257196012,0.130417126147812,0.0447957686064002,-0.153902045513984,-0.215648665116233,0.0781916710567403,-0.0325302615227773,0.137608638718749,-0.0753516542697204,-0.0386452338736842,-0.257013648149963,-0.153269219997126,0.0953093429924511,-0.0313823326952834,0.228260195064668,0.523950385615857,0.11158921976128,0.016919253993444,0.555900628155142,0.50398584587959,0.753575631734872,0.660583250357122,0.0711614837926128,0.00608383267416088,-0.0606493879889261,-0.0976465401363937,-0.269889173114639,-0.218162374270742,-0.225611528136652,-0.284211248755276,0.153876190732005,-0.255531924152652,-0.206164489206793,0.190364004995332,-0.100326936618919,-0.17604053083277,-0.197267428687054,-0.122337388778963,-0.112911765038288,-0.0198435864269748,-0.282516261115901,-0.254848649972453,-0.0401270088994111,-0.0882242376256451,-0.180280742656439,-0.174396672933373,-0.127264217569643,-0.138554587453178,-0.267098658894538,-0.32896968086661,-0.22163339871057,-0.127435951084215,-0.0782280204664294,-0.112208055492506,-0.0420928829458694,0.199326813769625,0.0853593960445828,0.0429885220141377,-0.0785596783162636,0.0919126701830987,-0.15583776034761,-0.174490778898816,0.0645391445472179,-0.0195119553815004
0.118572697436433,0.100205454434203,0.245200429680217,-0.323047422635001,0.0316656264185124,0.481549000676309,0.40967961342819,0.57529313400196,0,0.330732824404893,-0.0654230371905287,0.133817777712005,0.0485474382721038,-0.27348602990561,-0.31483997431379,0.149856498942371,0.00856403286830516,0.0917558855462502,-0.148409975953611,-0.0545200534570618,-0.208081058746173,-0.104588140814766,-0.236926081434689,-0.0656809096219483,0.36538945119988,-0.00780040481155573,-0.0551083727077846,0.0436152355639002,-0.171597586189878,-0.303008949103542,0.189777187334244,-0.295497202691218,-0.229989837928975,-0.0756755971984815,-0.0461771455903596,0.115665804618866,-0.119933906570953,-0.0878439005686353,-0.069445878790312,-0.0838120896611807,-0.00752088257862943,0.337573974090917,0.0888170359282628,0.220809684790019,0.130040585527586,0.0303241873886201,-0.302594827218044,-0.0743564142225754,0.205187989402558,0.0137032188076556,0.157467013364356,0.148437830558544,-0.0272740756082096,-0.304291799177768,0.416924921405618,0.591081949330763,0.514340977621445,0.738942767378732,0.316830035043311,-0.104961595133935,0.10294244462904,0.0173365553708336,-0.185325817748922,-0.12822389170951,-0.312718724175644,-0.317037822062461,0.347868012357654,-0.153243060353489,-0.143991745949853,0.176981374642896,-0.127790679667963,-0.121671875557818,-0.118011402184559,-0.134881183401689,-0.0372896835705983,0.0231082400988854,-0.103117322030689,-0.223637975909135,0.0968321504932168,-0.308747312605638,-0.0586905909700421,-0.0662261486604307,0.0595535472285199,0.0911340447131617,-0.105296845660534,-0.263737575724464,-0.215084218146175,0.00768903726341483,0.125510616065146,-0.0871845138031122,-0.257265769625784,0.173852911244646,-0.0547436838981418,0.174199692206091,0.00655705961447218,0.197346878488557,-0.00798832756027481,-0.134475518443444,0.161085261605392,0.0958016268043943
-0.154220253368125,-0.204601418616476,0.121535150359065,-0.341099582542049,-0.305630203331776,-0.0173103730194194,-0.0170465754478758,0.0998315904951988,0.330732824404893,0,0.204254882025064,0.466538564927048,0.0719641774113888,-0.116371396872997,-0.0887620529284727,0.0338925483941792,0.149773599044647,-0.309664008589813,-0.0945654721473623,-0.284560476346986,-0.109068098186883,-0.0662970012048335,-0.28919024843319,0.279351110088683,0.602869298660785,0.237806736172434,-0.0221440596141626,0.192994876686858,0.14078295173792,-0.115805441019578,0.157477897424432,-0.288666708127234,-0.17044188602994,-0.187489321165251,-0.0205388012704649,-0.258216587644948,-0.227869007231773,-0.190081497906116,0.00141367664600198,0.0146124956884564,-0.292162820018506,0.327204742865809,0.122920730761733,0.0763216301084029,0.0942842165903341,-0.0112370553812259,-0.417301124159768,-0.172232653887593,-0.174909233024331,-0.262050688731277,-0.00341814444921664,-0.107517437628521,-0.0372664073230451,-0.34326319400481,-0.0332932402584435,0.161770681631749,0.0182285103583593,0.334501361803447,0.742889465915785,0.0359024436201018,0.470190485735671,0.13888484407095,0.0999936872305624,-0.113783028545485,-0.252039307429856,-0.0935449843975621,0.0322090307373341,-0.0595147649211334,-0.130822821758982,-0.254319055859066,-0.129408080379944,0.16773219940716,-0.0818971796167957,0.0708864609552762,0.356016036394281,0.365587591913431,0.15922718162811,-0.0154228559132258,0.074481752352964,-0.303017142027502,0.121189280381671,-0.156982293140771,0.191011923720067,0.311915142261316,0.083352856803353,-0.19876364579856,-0.180493019313467,0.18953768500368,-0.0973091752735272,-0.119205579464772,-0.240633231840648,0.236982028711446,0.411877894807925,0.0747787255514179,0.208318242279441,0.0970532382054301,0.04016134827779,-0.173215934684644,-0.104684101990927,-0.0867404205090173
-0.308822976139858,0.0128253327483869,0.219777365791163,-0.0586549727987868,-0.133142299622988,-0.107738537895419,-0.113515563914808,-0.0342225033866973,-0.0654230371905287,0.204254882025064,0,0.511962569502002,0.200629163012383,0.02220948417141,-0.0680818799901385,-0.0659127862910872,0.100822185126037,-0.0431634264854805,0.13696932145668,0.0162081919356946,0.128259550948805,0.234262810086818,-0.0881576628726549,0.337945394163314,0.145792075482354,0.63178784393612,0.140322944305183,-0.0100593822216771,0.284732476498802,-0.0650185830121387,-0.284660441654461,0.00278742043118102,-0.223452507062941,-0.0208004876727728,0.292025416978587,-0.0688554943838451,-0.0435784485769898,-0.193134729569884,-0.162232784039568,-0.195863762475342,-0.0696235011408031,-0.0360683763501511,0.397147761085671,0.00641370985974411,0.193641875248984,0.0873218905058546,-0.196003589409863,-0.0423519811623127,-0.00800836458370562,0.265910601521432,-0.219470540123427,0.11132350265333,-0.254141805662999,-0.215831267220037,-0.0781691768016253,-0.0443198367989259,-0.181073769870914,0.0304216622371199,0.0920960203678747,0.675152425031441,0.537505639862366,0.297252278967611,0.0801481107725533,-0.132848577414971,-0.068713877868584,-0.0705624997569928,-0.216673623052482,0.0676678344172862,0.141638597945448,0.0453635305070501,0.0438114127611304,0.332571870503473,-0.0286595718294013,-0.0879843474589264,0.304781735122555,0.606106867600085,0.141089585212601,-0.0679555440783629,-0.193299749559692,-0.119028620975924,0.150207688258442,0.144648922090221,0.0399616831511395,0.417209690658592,0.170441816895152,-0.165879185830896,-0.159813618412463,0.077168631924867,0.130281118805236,0.16848634075304,-0.147925449721085,0.232337300923575,0.107466493746734,-0.0529529824505383,0.2538789801636,0.0230162732675472,0.150869391751936,-0.0880216960660391,0.0927404690312372,0.222681683595735
-0.261574350279653,-0.135188601489492,0.295136891666653,-0.2463287448379,-0.290300577303912,-0.0982821384064329,-0.147918273050131,-0.0411575622187772,0.133817777712005,0.466538564927048,0.511962569502002,0,0.329113141228089,0.119047769806578,0.0671902596508686,-0.0283447398029638,0.264619486182863,-0.191164792502565,0.135326475180474,-0.141328033524757,0.143859181184819,0.123275139085641,-0.105005634478458,0.488313777727007,0.489355456395003,0.644349657946271,0.17010216666622,0.272562894417072,0.272075874018501,0.0843136183157471,-0.231012183226145,-0.184834620036931,-0.361273102698878,-0.178906130299034,0.142196669040526,-0.16853136548687,-0.225564938086099,-0.307793680101389,-0.116807454701662,-0.0364242747771018,-0.227021232318438,0.354283685423894,0.437879581674283,0.134151665768827,0.174322081304359,0.106210105087459,-0.28685461446426,-0.0697976051322109,-0.242428339563486,-0.039070870982455,-0.261853381787196,-0.0436449696084489,-0.0800159953257156,-0.350953884433225,-0.0997527615215629,0.0441086462691579,-0.0990713755212028,0.225021774609506,0.366903503468312,0.35080514169286,0.754388534511049,0.36204782968622,0.243863310023424,-0.0417822394557667,-0.0484603599296077,0.0697433748181561,-0.121652665401277,0.220786002687784,0.161492462653325,-0.0716958515403061,0.109708262144217,0.382998179669945,0.0202190288829439,0.136849765980669,0.522621334553425,0.657710653376277,0.287465071209071,0.198377449058052,-0.168637344500588,-0.227806921497316,0.260598097246675,-0.078646403357767,0.0786817156118749,0.53264635806861,0.275592764681635,-0.15295520309303,-0.302917022553596,0.212855662764585,0.117850341628617,0.136253949881897,-0.32649649091443,0.112089323414672,0.290790102501865,0.103601683873343,0.331536138368049,0.0355287731556228,0.190921642984003,-0.107453373656596,-0.161167835088351,-0.0234784965577688
-0.247647773852741,-0.20414883130483,-0.101989922957694,-0.095883079972322,-0.256957690111324,-0.0981726361185157,-0.0745974378434521,-0.115318654105234,0.0485474382721038,0.0719641774113888,0.200629163012383,0.329113141228089,0,0.377014979958118,0.355521633902914,-0.344436606250475,0.428835577296675,0.0479687601477005,0.331619272429545,0.143301765251632,0.36907134052002,0.30724286462249,0.251499911988148,0.263737804799901,0.0519675244451015,0.197220400761467,0.497881042026592,0.386235625003647,0.514153189867218,0.387978197823936,-0.0568685982928976,-3.50966421863442e-05,-0.291106901086421,0.0768193652059995,0.322529384838312,0.0171225281999403,0.19748668749763,-0.329862783240608,-0.175137854032822,-0.0582367346684684,-0.0131667873357413,-0.0933032011898547,0.00346145008473372,0.0169466043375813,0.0841650387370483,0.257433495491298,0.113117647760214,0.288410286481182,-0.0265006529832431,0.135717676157668,-0.322398879253324,-0.231717127576306,-0.229081735188885,-0.127228436865165,-0.232631410186243,-0.0978328589077452,-0.214775260442368,0.0815278615597474,0.121514352257746,0.165587152097384,0.424230164144722,0.785221998216361,0.470148092938907,0.165895324524302,0.222115655230565,0.32392199340944,-0.138189394788835,0.497590939868132,0.350536091073249,0.168760094790494,0.379129063337119,0.375291907238623,0.283072723188007,0.0298882410580418,0.2877724027375,0.194254760651414,0.463031484744309,0.446083901096672,-0.0221920947461903,-0.0439685303253598,0.203386876737547,-0.0174959271310791,-0.0964663020608728,0.315587116018671,0.518957222825369,0.190663997266783,0.0926942014713728,0.229918758260018,0.192373071280699,-0.0350380021738661,-0.170775953485858,-0.0528837605831862,-0.027197877106843,-0.221347445507092,-0.106129189527735,0.0210444681420063,0.335150722078296,0.29198513132901,-0.0199159675187996,0.141967931838218
-0.13161079343174,-0.137315691714059,0.040242081942325,0.354744556706117,-0.0856663894119212,-0.255730382843906,-0.114229014513407,-0.242082789244742,-0.27348602990561,-0.116371396872997,0.02220948417141,0.119047769806578,0.377014979958118,0,0.789024921044486,-0.358855154893042,0.228653265041292,-0.0177050993070634,0.488026015598088,0.110310626418604,0.649409083629082,0.259814734114953,0.604139713887198,0.115998348704367,-0.0883002954860178,0.0493487736142607,0.356512993422265,0.189616716867092,0.449459481579718,0.68397223434076,-0.153392670413428,0.369227111852211,0.136270827725189,0.0855151931351469,0.165571356793645,-0.0249833762557439,0.169917674061292,-0.0891651908876738,-0.0310768448380439,-0.0156716839365049,0.00162222210523163,-0.173478961139039,-0.101514252765446,-0.0147125430368411,0.0600018293405342,-0.0206411704626242,0.48779544439698,0.487130604677102,-0.105100543968097,0.0692300926561208,-0.359121258183743,-0.194630612296859,0.0726817181814965,0.329838318781738,-0.300060418649541,-0.209516432675148,-0.232655207165914,-0.304485941720508,-0.137391826242895,0.0370758941849626,0.0987979429623917,0.265374751937485,0.68533202332751,0.601433487124093,0.685792097061464,0.779249094977941,-0.112558706588094,0.482635871104254,0.463686797129266,0.0481152322791067,0.591810987250264,0.191006735657889,0.584166322499904,0.106799765974761,0.109148488539726,0.0441414385582428,0.430415287536086,0.606767991598958,-0.0817248886774686,0.388481623668488,0.0135304391659976,-0.107350396191408,-0.145694881213949,0.0512592636882327,0.333752437831688,0.419261117880167,0.225582255790354,-0.0593548634630261,0.1131325848992,-0.157548554235603,0.04527457460634,-0.315386407579545,-0.0293259043509261,-0.182763870215454,-0.144622705813402,-0.114484827384062,0.0981815989948173,0.543237971654761,-0.0835914188108275,-0.0131447861908947
-0.143664064309355,-0.157759706740217,-0.12749273783569,0.318215828600727,-0.084180369260485,-0.3479235496012,-0.178998665328746,-0.301354255731562,-0.31483997431379,-0.0887620529284727,-0.0680818799901385,0.0671902596508686,0.355521633902914,0.789024921044486,0,-0.36461945631334,0.182236966123062,-0.0507267471672137,0.320544652382576,0.124232996353349,0.609967748056721,0.1319679623187,0.613043460171545,0.102962682229598,-0.0907608922736503,-0.0454910182285743,0.188445468150582,0.152860167469249,0.468217628968517,0.751851595363404,-0.00593536176159482,0.367290258678509,0.167263711405009,0.051121293042811,0.00873945834244017,-0.0387169321647016,0.131073444418239,-0.0969416304208351,-0.0331357628519299,-0.00755118795000485,-0.0685401998229846,-0.242654669639432,-0.246969429143324,-0.192856838292628,-0.133445070364017,-0.136806643081055,0.402695396968884,0.440117854888459,-0.181186180494193,-0.104007867772757,-0.302999478499711,-0.237977770407213,0.129173175777863,0.322644872550304,-0.350559297617783,-0.330888393521767,-0.284673672774861,-0.350722135067574,-0.0584586836454894,-0.0668903602277433,0.0952362316357617,0.298094030518673,0.700708654515786,0.592444652294579,0.688819386477475,0.880051568692926,-0.179307102195887,0.430559306875582,0.360955669788126,-0.0173181190453943,0.579197248811186,0.112047581947344,0.584929876558705,0.116496882866823,0.16519587650126,-0.0283696593739873,0.46030040537801,0.692895639612493,0.0627432658984344,0.403847360934195,0.0648621689593401,-0.173575163145173,-0.269694552185369,-0.0802059679378453,0.206519728442577,0.372919388087874,0.237362598160828,-0.125718080692222,0.0492867112958826,-0.221704076040244,0.0405959319331667,-0.284896546359399,0.00454584975866402,-0.277717385884298,-0.255869405051391,-0.305837762897418,-0.0571794452490663,0.44515181580752,-0.16562851018125,-0.137494381738184
0.10965453126129,0.43663631838955,0.152708533726763,0.0222392395192064,0.322513907584577,0.222194213529063,0.134859932008752,0.36139940823927,0.149856498942371,0.0338925483941792,-0.0659127862910872,-0.0283447398029638,-0.344436606250475,-0.358855154893042,-0.36461945631334,0,0.0472647142265534,0.176399959908465,-0.0994006186438406,0.042842329121367,-0.138026582265792,-0.0593728807939994,-0.149855490378634,0.0866694235878748,0.0813922639597701,0.0797821903542955,-0.292388725244843,-0.193639166717631,-0.195669798247315,-0.369228211144271,-0.0244884552766613,-0.132614243301746,0.0237757349406245,-0.0273886894308223,-0.174183397438342,-0.128071612603464,-0.22398994881073,0.0582208670271182,0.0187352723456929,0.00237624890697314,-0.189062463518393,0.100344833604518,-0.00801397763219054,-0.042863420492585,-0.0885279500716673,-0.1430271150863,-0.298704905687351,-0.184188053359862,-0.0909265120167934,-0.186247742200734,0.435221768929994,0.484982292720741,0.409601010354833,-0.0100456019873321,0.388781062417606,0.169345530263523,0.383257229286066,0.20227506726623,-0.00217463024794282,0.00415624345468128,-0.0884739747182703,-0.26900307878786,-0.367640908170539,-0.29157693346581,-0.149416365642222,-0.333807262339449,-0.0074065942424632,-0.186368194764149,-0.0515908795017828,0.109616228699976,-0.115940682759803,-0.10415026371042,-0.29450140076837,-0.148431565010994,0.0484620834092892,0.0253451558192735,-0.202990587292995,-0.328579462454833,-0.0911875258775584,-0.155513419437307,0.116861093136641,-0.00218835414063605,-0.0980054593470143,-0.112989152824103,-0.381211762456344,-0.37280015005087,-0.184540039000733,-0.0720539432328786,-0.168982371155347,0.0445549166488439,-0.0399994920225338,0.143511540735558,0.0786444516120252,0.0786041978421909,-0.0213534920581914,-0.0995561874903925,-0.231214134267233,-0.343195569844021,-0.132120520520999,-0.194939428638979
-0.347165951107751,-0.147867626583727,-0.100708658009448,-0.0766761951317813,-0.225697300648814,-0.212597705601565,-0.120423317255544,-0.0896471473332126,0.00856403286830516,0.149773599044647,0.100822185126037,0.264619486182863,0.428835577296675,0.228653265041292,0.182236966123062,0.0472647142265534,0,0.172588654857347,0.568367384185756,0.111431997957104,0.477105788052811,0.412043542135429,0.243658977256655,0.531703019475202,0.253414608713204,0.29221429027637,0.304330617822657,0.366404256960615,0.474065574907379,0.220876742897391,0.0106619443366464,0.130679038607389,-0.196002254881428,0.12806979755701,0.215256538673462,-0.165216833831843,-0.0628338417689843,-0.349632165300544,-0.192819079823704,-0.0622531360221835,-0.209832765844757,-0.0129155816083749,-0.0617373723019185,-0.0583346796969801,-0.0605659999599073,0.104922525438793,-0.102477905674425,0.198250648418787,-0.271986706104198,-0.127715305390438,-0.292830745801863,-0.160692028579066,-0.00160392707868832,-0.131306995275838,-0.236689211994653,-0.150554688293002,-0.141235082784849,0.0780641130003858,0.0995725180804352,0.070390457716692,0.259246341708129,0.370783312662964,0.198073202468061,0.0660247005713654,0.290305175293732,0.173382482534455,-0.228010043669156,0.570782521810897,0.519031040848653,0.210407781949049,0.436211464570284,0.506003990405336,0.151698006175349,-0.0786694324442162,0.5125128832019,0.315531633179019,0.507027409459705,0.32183441834254,0.0537306117136599,0.0495966204137271,0.456366257588965,-0.0564437780942133,-0.239037365421419,0.332884841593188,0.281939700739411,-0.0430266045917671,-0.0613600883267164,0.252673473994127,0.0446675282327732,-0.0399029621621793,-0.147211137271323,-0.0342136523685268,0.058507636352544,-0.186574317076755,-0.0512182156167132,-0.149460142890148,0.128412709090113,0.0418139705737837,-0.258001000308694,-0.128265753128291
0.168651337350638,0.119614913241833,-0.223120330649106,0.0206760585193063,0.19566283961307,0.194177103630605,-0.0676566855400945,0.116917070691319,0.0917558855462502,-0.309664008589813,-0.0431634264854805,-0.191164792502565,0.0479687601477005,-0.0177050993070634,-0.0507267471672137,0.176399959908465,0.172588654857347,0,0.284347081516867,0.606438905626512,0.219680579525068,0.467083433520281,0.388407450958998,0.0337112129285572,-0.208381831407748,0.0278324989315031,-0.0181053025546664,-0.0781395627731753,0.0649694298125935,0.00193121125970462,-0.000864078367053147,-0.0697382384297572,-0.172570954175155,0.649630285330952,0.341208204699317,0.513478884001056,0.0335550157324553,-0.24158015703026,-0.210989209311826,-0.0804870920269115,0.352059922184306,-0.0868522757678428,0.0676692037380202,-0.294152630194478,0.0456627704889254,-0.133961480399011,0.17466532985593,0.329660132136581,0.2535545914309,0.00988312127666157,0.137521796644755,0.0161342285122205,-0.0473581310492681,-0.00265281466699171,0.0965363054470771,0.0592919454475804,0.199359154756213,0.00162561014934992,-0.240341350249234,0.0136857980256214,-0.157553642988037,0.0539529527094463,-0.0979800834092646,0.0236017777643774,0.138801633161266,-0.0440591565410958,0.191429204713987,0.169194991314029,0.439775469035551,0.767150668560539,0.37942722893664,0.208416624962829,0.339497904002033,-0.172757574878088,-0.0507509240193366,-0.0882225237448392,0.0798613749447631,-0.00141633786970661,-0.000474832966824895,-0.0744145936762982,0.33767584772933,0.490928482083737,-0.0979556738968425,0.0907896491998776,-0.0785269532403807,0.143236314348197,0.0982343559696549,-0.113237396924388,0.432512172552245,0.0366064999054018,-0.167643302437349,-0.171780759230602,-0.264168257052065,-0.0616711025425789,0.0496116340755276,-0.229256688508291,-0.165655145686046,0.166162365963773,0.219700357024235,-0.013961625712625
-0.372099610325772,-0.159442140597003,-0.066318413568538,0.117757613716221,-0.138468084615093,-0.195165228578974,-0.124348418964646,-0.172657258793712,-0.148409975953611,-0.0945654721473623,0.13696932145668,0.135326475180474,0.331619272429545,0.488026015598088,0.320544652382576,-0.0994006186438406,0.568367384185756,0.284347081516867,0,0.142112257587157,0.649272543570078,0.549491069144528,0.470943854514005,0.330998495756733,-0.0791869540104533,0.260812590368163,0.420082026959659,0.233892976617838,0.483903996507622,0.360287991306507,-0.144922932435399,0.230139806363968,-0.0394019833953009,0.264567549186848,0.349711153564502,-0.0733844377596471,0.0619852376299537,-0.247457825237082,-0.0973947283794577,-0.109164567682145,0.0317735698755382,-0.216923838036376,0.079090449003505,0.019807395497605,0.0940528252816246,0.155379867761288,0.230770484140857,0.377171944208545,-0.142537970148174,0.132158555347618,-0.419866310542416,-0.172642185311042,-0.0130284274182467,0.0872410216683542,-0.256231453442683,-0.212319574918779,-0.178256137591327,-0.135024514159642,-0.199672326167992,0.172396223623155,0.0815640724406977,0.25126100080494,0.232349444832455,0.333242831203457,0.509331892716953,0.285773040838928,-0.273127374558836,0.658909902093212,0.690695673417725,0.325168747503722,0.540398447709327,0.499656360032981,0.305380777453004,-0.17428286628198,0.22994669349664,0.174100809396128,0.459424478947612,0.313023029725112,-0.0407436180726073,0.181660629338844,0.368440428785175,0.1055206178054,-0.134176363839119,0.277066034484281,0.325088924417487,0.199732384954347,0.106137634016709,0.055025712580213,0.110323927392014,-0.054987552091006,-0.0480101985784312,-0.214378116055421,-0.12577718295237,-0.232663307072599,-0.0405965039147414,-0.0903075058926418,0.204162605834359,0.225577210233438,-0.176005416772017,-0.00736692348174784
0.221322909512579,0.254136951392381,-0.135529140851274,0.188623422274529,0.274684452682895,0.161204854305001,-0.0704801906089069,0.0431570522915838,-0.0545200534570618,-0.284560476346986,0.0162081919356946,-0.141328033524757,0.143301765251632,0.110310626418604,0.124232996353349,0.042842329121367,0.111431997957104,0.606438905626512,0.142112257587157,0,0.19422553944647,0.281099355305277,0.391020946094157,0.068501782707722,-0.268358964066104,0.0441247902148443,-0.0292478911112044,-0.00452448066505277,0.229962192326225,0.151286629703318,-0.262779042272576,0.0234676415140192,-0.141934316967387,0.394088805775976,0.22385841101027,0.552729084351775,0.0885527224336471,-0.270618896316385,-0.221234705116867,-0.00874105183089602,0.253418334159801,-0.187558269604454,-0.00762385307313822,-0.260428965420962,-0.0203009674636271,-0.127901472313291,0.17890456756283,0.382171884029349,0.347692815611474,0.0746338804898501,0.103569274993843,0.0956685346541454,-0.103994503188421,0.130718260992562,0.0623022753262389,-0.00470003663271106,0.012960668017387,-0.122616057377526,-0.28474023196059,0.0341321589508291,-0.059909345754946,0.147502228767045,0.043939998829869,0.0052946263035002,0.148916985608294,0.13122243069989,0.153494778441091,0.117137238617414,0.251541697726414,0.501677938329074,0.392309691853954,0.177244675917232,0.367252176165088,0.0750676862601241,0.0224180916671841,-0.00195165618249236,0.14459789662831,0.113344464271517,-0.167033849267598,0.00919981822856613,0.18631397416784,0.308805030908385,-0.19277247643718,0.0105523419125648,0.00864959618320399,0.157317150246368,0.0999490183308422,0.0121303157811297,0.496419490297282,0.0775599571544862,-0.0815311262951771,-0.240232060802385,-0.229835417715484,-0.124240529778723,-0.0546387108628978,-0.192354739620048,-0.106287632472905,0.343021511335925,0.338273590306484,0.0663042651975138
-0.34252576194395,-0.0997784772784211,-0.0710624311696612,0.237830062058849,-0.116566031719615,-0.303370781215512,-0.160862474961476,-0.153844201742826,-0.208081058746173,-0.109068098186883,0.128259550948805,0.143859181184819,0.36907134052002,0.649409083629082,0.609967748056721,-0.138026582265792,0.477105788052811,0.219680579525068,0.649272543570078,0.19422553944647,0,0.422129005845928,0.588432520483832,0.372992813472038,-0.0126505290277193,0.25231573198551,0.340443671159033,0.177871295210504,0.576392096588225,0.571822382213446,-0.0616885765933847,0.371724685370629,-0.00617166600029267,0.142329782599455,0.214592001515272,-0.128445944663614,0.0239910404134111,-0.185570936946259,-0.128971999205365,-0.174752716588289,-0.158550236898514,-0.264463893861253,-0.134183682443479,-0.204871295551058,-0.0450169139956314,-0.044428077267354,0.19667592038082,0.440125880427329,-0.254041187807309,0.0138603108577338,-0.328419978054036,-0.105426827281121,0.0870936327414232,0.164558614295448,-0.275494187826276,-0.297432029623232,-0.166827626551066,-0.165748883740059,-0.145394852230095,0.196447405680812,0.134709496930614,0.300219240591851,0.447615808576345,0.453379284909337,0.707791690521143,0.590280175887372,-0.280856917129182,0.611175336129542,0.683024275658196,0.307409759494713,0.793192054240324,0.392785888291892,0.459068231212968,-0.119728977808538,0.359369021867956,0.196051921308264,0.567340885933509,0.529130444524611,0.0781398150778688,0.329511644074504,0.363284732540973,-0.0659121664748548,-0.355887431276358,0.170251652403543,0.249638105838792,0.131649727616047,0.0831913862927069,-0.0730430423213982,0.0438660585414889,-0.152358301856928,-0.0700354635882367,-0.132472449269675,-0.0547659382788584,-0.394693440827308,-0.236933655184137,-0.317130361173722,0.0164334260418394,0.286531129134002,-0.223671191201499,-0.0796623125533045
