0,0.407848089719622,0.0160387104798072,0.5508729146521,0.339755506338624,-0.0573251751242123,-0.142994966140325,-0.252579426736867,-0.301164969987974,-0.0803605038654009,-0.176466291461365,-0.302011385189786,-0.447144854431116,-0.302336255255102,-0.20390106967007,0.433559926929844,-0.44971969723151,-0.415008840390327,-0.294926292330252,-0.364672476298625,-0.30194074445582,-0.421634567917048,-0.30140303894177,-0.295419050189759,0.171963464315679,-0.411986726436797,-0.497130173520923,-0.47073094592349,-0.464584989783414,-0.234617108774094,0.22308109970655,0.353457179887959,0.527542021580962,-0.453143732902197,-0.497031911485406,-0.396770212140899,-0.412651310201109,0.540294647065076,0.0248422391228586,-0.143073361335731,-0.455613193946609,-0.144649777567803,-0.375715336197393,-0.168023278862123,-0.206838952720862,-0.422702414248717,-0.442526634210927,-0.308533740708347,-0.102801149652968,-0.315799404959387,0.654217014589647,0.220088150004681,0.482560248668166,0.580640765771112,-0.107792741385067,-0.159820483145159,0.0279986110798487,-0.323296486668534,-0.0312436924179593,-0.385409610356533,-0.295879078767892,-0.370439364544686,-0.258715291469522,-0.227590370911229,-0.253795591845964,-0.17785902164147,-0.144787761626287,-0.362155557954214,-0.455037676568156,-0.413826231526478,-0.325171039199832,-0.54500950586821,-0.397853201141336,-0.335771644104723,-0.378445518046941,-0.345570026778892,-0.456419611734108,-0.234918131540709,0.2162301671717,0.385725559125472,-0.392028894508223,-0.418692680141054,-0.189794791601038,-0.471509507906432,-0.496390089230833,-0.412444528497788,-0.294200123511963,-0.246075747483295,-0.387247209595586,-0.464820747758381,0.470241272548479,0.211078362104225,-0.0353600366325756,0.0645182110793625,-0.238515633212293,-0.252942946898788,-0.432543286119381,-0.396947119185789,-0.202897498265778,-0.288648782702837
0.407848089719622,0,0.448777708351605,0.566537502731398,0.685191257694476,0.314467953201212,0.321172219479277,0.286280075581826,0.188018210289025,0.0611282120276915,-0.273441435113633,-0.388896000289163,-0.204445894189598,-0.307707783999714,-0.345425559025484,0.582895299297378,-0.120613341206511,-0.155524690582971,-0.231840444992893,-0.2782921161361,-0.267653007577968,-0.0742415880953938,-0.323732059926255,-0.290254448297937,0.20596369828283,-0.314533112246473,-0.176763687791543,-0.371735329638731,-0.270415331261715,-0.348681526967578,0.25656392516196,-0.0461427273024537,0.236048351965017,-0.0915417995664057,-0.0634558076781709,-0.0861743477946823,-0.318884620789705,0.351216037806572,0.130514320527439,-0.014827299177149,-0.0557159574814623,0.0478699992393436,-0.0111061571088946,-0.0792451560939253,0.200222531530497,-0.260655649465107,-0.252452035764514,-0.20740738590615,0.135552017011868,-0.0503614059687857,0.244123290651177,0.711493343636863,0.46338310565087,0.48459557656831,0.40255658573032,0.183177835063789,0.23384598769351,0.0684450364129916,0.010915238007836,-0.429767357848146,-0.248425473241085,-0.286964985320354,-0.160718835229138,-0.298079880510226,-0.330292099915702,-0.350630001291478,0.0533985805881015,-0.205725395380316,-0.26405651716901,-0.201054636508465,-0.331496171847628,-0.205308816965181,-0.379184845742101,-0.270793680005075,-0.414838171783381,-0.20906129126657,-0.356317908169206,-0.37749546879639,0.294901695746472,-0.0782409393523411,-0.365644723302278,-0.118021090452237,0.230862165029885,-0.0524820406243987,-0.218263534445496,-0.186878229196571,-0.23966352512946,-0.239237628297434,-0.134149733963681,-0.254299711284268,0.234478950915347,0.242014253142061,0.122444401444192,0.267789935087808,0.127176991175901,0.0876214556652554,-0.245832551374967,-0.277341756117807,-0.0119183702345153,-0.124968666509282
0.0160387104798072,0.448777708351605,0,-0.133239507806974,0.587499119400305,0.782152138185755,0.621675001738319,0.388244653073178,0.518469590743218,0.22130082578156,0.0240014127011706,-0.121622704583211,-0.00448862142533599,-0.2718714352397,-0.355025412648721,0.247194289422647,-0.0216120667847896,0.0306963496186347,-0.18361069692962,-0.100356741347107,-0.226747794561496,0.0995461936401149,-0.281204665409632,-0.237610902798062,0.356173442650783,0.0797941113889015,-0.00616253033910648,-0.172301713285118,-0.0708339457369525,-0.395657935207741,0.158646978717622,-0.359509966597721,-0.326651608555102,0.0179040602276761,0.156504564984894,0.216114122095569,-0.115713634384334,0.161213543565728,-0.0115197338852104,0.2129303971061,0.190850698102469,0.417724036108399,0.409269308691478,-0.0260050984044469,0.296854866822935,-0.253936271753241,-0.150125558953541,-0.294281656342071,0.523735142934312,0.185448607037957,-0.228061086225188,0.738973876283692,0.14569760481049,0.00458595490454273,0.815708824440631,0.771049529727053,0.590415867677304,0.524069237916225,0.397218728785963,0.100015609378367,0.0304723952126877,-0.132396315234063,-0.0253799536500899,-0.226871076614489,-0.258163577703516,-0.28268909474243,0.535088519496381,-0.0845229817552463,-0.0154586454769524,0.0191148153865631,-0.241249225076376,0.182876516279308,-0.197935812567494,0.294740818565163,-0.0657199439422233,0.35369412137312,-0.0347117049692577,-0.424590248992109,0.194446354601094,-0.249332468750457,-0.0680509633697729,0.0888076700907373,0.344084491716667,0.291746474601746,-0.0247203740821247,-0.0579698307105866,-0.0619065561435647,-0.263714432422232,0.168516325585294,0.238393937872351,-0.0156898685886927,0.566203591336037,0.213714609019498,0.434790658502063,0.560126828294656,0.130737435112095,-0.236220226978115,-0.233218934858773,0.35892820512034,0.176710281909072
0.5508729146521,0.566537502731398,-0.133239507806974,0,0.497020569086538,-0.1161724785321,-0.101282055027371,0.0629040874737551,-0.1785630566205,-0.207672382733485,-0.370806548394401,-0.451731038460834,-0.360533619624987,-0.184235091996773,-0.125733709441951,0.578402487050799,-0.259452837849063,-0.248006072574765,-0.171530452328963,-0.306106109482934,-0.159065189591895,-0.272544092495964,-0.207762435968035,-0.284146302234799,-0.0702902901721582,-0.556165016476219,-0.367026645840053,-0.448018796740721,-0.331183977825177,-0.131137715640055,0.175592963137431,0.399030041340809,0.678579199209627,-0.213874763731344,-0.34234927770782,-0.303178614926691,-0.374509471355639,0.426233020436214,0.124442537332741,-0.176736574324263,-0.292295709890676,-0.331552635901909,-0.437647472542022,-0.259201821574956,-0.165193953256443,-0.256803057149565,-0.247584081780102,-0.119059419008959,-0.18357543952166,-0.271761390826907,0.550109831706997,0.248821695200074,0.580476457576741,0.783526351068503,-0.164128872057361,-0.294957861643904,-0.0279981552629252,-0.301341841629272,-0.293678827495747,-0.670962506620965,-0.46220484866665,-0.327063465874594,-0.222750713514868,-0.252647678361029,-0.242488680567535,-0.187164357985495,-0.336289144236313,-0.316624071020164,-0.399242402388619,-0.276912516521246,-0.216910167898415,-0.521548667944312,-0.361251771891026,-0.585061731834727,-0.534669023852978,-0.601862506297993,-0.420948743732978,-0.207822819192973,0.28330028697623,0.352615116577345,-0.459489879904082,-0.295065607660893,-0.0979211709059769,-0.432443250610876,-0.397167610065884,-0.264678319839303,-0.282352508835597,-0.201779763078378,-0.303179680216346,-0.60037674025945,0.502677365245016,-0.0206706662845501,-0.0774733600460868,-0.0919529087038945,-0.341258337787605,-0.148419413680815,-0.255695684107567,-0.250198532235483,-0.277466236336886,-0.311889789147472
0.339755506338624,0.685191257694476,0.587499119400305,0.497020569086538,0,0.566789995067337,0.404330400042157,0.298093694364564,0.297880212645311,-0.00327917929488664,-0.322807326200665,-0.487867418702937,-0.157300821092147,-0.244033326084196,-0.26913229532133,0.481268477840075,-0.118994662006171,-0.0289767809829389,-0.133155478774064,-0.16185484467586,-0.188167165673287,-0.0202601867668946,-0.261671631516345,-0.429280228460685,0.160180931141929,-0.363211411716639,-0.222480787284282,-0.352234083345737,-0.156200312622793,-0.292905634875122,0.285624757656624,-0.0703731874293236,0.217407797846064,-0.0166193200056953,-0.0321761678880321,0.0594173622976494,-0.266347676325314,0.301129841085146,-0.0295625142160383,-0.0490224772412258,0.0260480479255316,0.0279128762747477,-0.0239265908660001,-0.203628709176415,0.0402931430351043,-0.325361261324255,-0.17886037297813,-0.213999726390426,0.331793177685902,0.0452604767475265,0.127343993351974,0.681496403692012,0.427525534808343,0.538122985573255,0.584184857280148,0.37529790500076,0.421953361726385,0.189209813346195,0.116843086798128,-0.416717976156901,-0.268496544521663,-0.251500020284153,-0.0889947253116525,-0.258511592667633,-0.283525407714215,-0.273967994115668,0.22030041095073,-0.163343747211843,-0.125878708381341,-0.0534080739797458,-0.239845530173287,-0.0664407615367778,-0.294486375252955,-0.200901112499578,-0.36565223492321,-0.129010888645775,-0.202302152586183,-0.396073398944731,0.395240481291711,-0.00915595432336403,-0.249002413292234,0.00416300281175376,0.221600579085134,0.0381055356419188,-0.237007721396427,-0.0748257798539428,-0.145158014777374,-0.337959098283324,0.0387194161793515,-0.153303406965877,0.306626049972515,0.387945017253107,0.0986107308905054,0.277457718627912,0.220567398716455,-0.00467066912026147,-0.30151354421368,-0.219723677949524,0.118606541953103,0.0113427036664741
-0.0573251751242123,0.314467953201212,0.782152138185755,-0.1161724785321,0.566789995067337,0,0.679892582290957,0.472134313670201,0.674362701721231,0.202265317414017,-0.077520129392871,-0.19809388915228,0.047966975996731,-0.193597980061982,-0.276084422009709,0.171845806317237,0.0584419169062787,0.154641590376813,-0.106106145587648,0.0185343092157056,-0.144415319784415,0.193531668958439,-0.203078720534143,-0.196057661998859,0.286969817202611,0.0306614117145907,0.0596846998031206,-0.0758589244971841,0.00722238382065914,-0.295511110952258,0.0838373398720448,-0.359589458194134,-0.309697839396467,0.116026735151756,0.274436096679697,0.305007190443678,-0.0756877145730757,0.0645514858409129,-0.0475685792001988,0.216013208385419,0.270642702612588,0.251302754463875,0.369563795925263,-0.0222226856223155,0.32107693444776,-0.16238619045017,-0.0773182709962753,-0.227277396830755,0.677776225642501,0.277416873369776,-0.250896815518253,0.590604776045816,0.0996069401413378,-0.0216032026498621,0.863600676310888,0.82824674507079,0.591626099394393,0.583731393055418,0.35830014300758,0.0314225708321175,0.0396690504375738,-0.102565822369258,0.0270953381179031,-0.157396724507759,-0.176536708487495,-0.217249139909223,0.538511964658379,-0.0242351992103909,0.0664264323930533,0.123987976659239,-0.14822075021106,0.262509988195777,-0.141002520424834,0.2219110102135,-0.127135531194243,0.281517480160096,-0.00712376204589724,-0.386854261568772,0.21606142219214,-0.287915075979413,-0.0724653576343814,0.150265428605756,0.392618973433776,0.384050400480537,0.0680661059997978,0.0423963791161619,-0.0492231669741439,-0.193139927406134,0.249338080652894,0.270565188159277,-0.0490426812518629,0.431198916326418,0.20867028466727,0.300273919369057,0.535583445739686,0.141288395035797,-0.146724343457794,-0.138771466129156,0.473908523790953,0.234173436070767
-0.142994966140325,0.321172219479277,0.621675001738319,-0.101282055027371,0.404330400042157,0.679892582290957,0,0.565208958835592,0.568984698382634,0.336502079012996,0.0327287604126516,-0.0788503080767765,0.0200077534704482,-0.218521769709775,-0.349466781315236,0.176280937267768,0.151010695057228,0.0807928269180352,-0.149473302002309,-0.10475801719103,-0.171600183948563,0.210785422403874,-0.258468613316626,-0.0404033061813132,0.405584407194389,0.178598413449382,0.153974882525977,-0.0502014067514018,-0.0133416769395983,-0.372919278319196,0.0390313625216536,-0.360170386581305,-0.361707220814528,0.100570400234274,0.325671584127233,0.229233987793338,0.01702331186358,0.154067009055182,0.109297155838681,0.389737896960166,0.326189316209288,0.336417769018113,0.442768853584064,0.0587033910642414,0.44478919687374,-0.135061227586652,-0.0977257058483895,-0.233262306201711,0.487969078423916,0.255661824726655,-0.223597181037027,0.523878864866993,0.160331533905128,-0.0996013033252045,0.730568244610523,0.640908723730786,0.483826553760664,0.477877055675039,0.404222934018059,0.0968030766732272,0.0826546100390064,-0.129584881044135,-0.082032244325847,-0.103532951967424,-0.197414495538969,-0.315295706046599,0.632449402594455,0.0128651842350134,0.0194539011546686,0.00463321085618257,-0.211715145221093,0.250818663463562,-0.184504888203632,0.292971406862219,-0.0318933024733332,0.34873523679415,-0.0708167895360338,-0.400329618971392,0.217921975526404,-0.367774138902093,-0.155008793606927,0.0830462979262856,0.430726304395815,0.411020816276843,0.163975718632562,-0.00858214326351019,-0.0160585086756737,-0.110391174471309,0.112154699228671,0.303942272881981,-0.0091268210281953,0.407392249904921,0.306985334345902,0.361356927012008,0.565986479391934,0.277540103638908,-0.0928139135894459,-0.171579795416899,0.413923200453104,0.227768483809024
-0.252579426736867,0.286280075581826,0.388244653073178,0.0629040874737551,0.298093694364564,0.472134313670201,0.565208958835592,0,0.741493104104859,0.116752881174169,-0.0820894634390593,-0.133836122936509,0.112068058064532,-0.172994700223027,-0.331155986419737,0.330118668002409,0.207314020441057,0.265170400418177,-0.166469868830686,-0.041519090466533,-0.0738048227400255,0.242959614857428,-0.219619969014295,-0.00698680546128165,-0.0628771432737381,-0.0491152201227872,0.194548433713336,-0.0421883710898065,0.111210366847673,-0.2854186678194,0.0893279472936849,-0.317647362446185,-0.212416849472281,0.272401035154162,0.354350423189085,0.297516760035061,0.0837633543468339,-0.0574220530712081,0.070212822533076,0.243116817990618,0.431839302256388,0.136848424679419,0.243911515208171,0.0843582873202146,0.424545797030494,0.02506469999337,-0.0261156355590156,-0.0417918602412857,0.41186509250466,0.347553134984745,-0.218908808820022,0.463367632814437,0.216507283038634,-0.0306399102744798,0.471982719058168,0.539048380142113,0.504484057009177,0.619807046483538,0.0143933088960705,-0.107914552398891,-0.00505002671307058,0.0133140065174816,-0.00848540500856833,-0.155322379941162,-0.183956231127121,-0.333810818542289,0.451973280733316,0.0455920964997416,0.0887130574631335,0.165318821473631,-0.0933533720973566,0.221758972102723,-0.0969763047098616,0.0648570787382212,-0.159926579382155,0.0136943216167013,-0.00143978242235642,-0.337828096577973,0.228420758688448,-0.263384035449638,-0.139084621263899,0.266206581457999,0.393654217988263,0.303230979982972,0.157051183873357,0.0543319091190495,0.0516319411003845,-0.119155165622728,0.237574969990745,0.201756286366609,-0.00521582571640915,0.119336688288917,0.190880463068197,0.0981171269548446,0.251995365540669,0.317863065845322,0.041258822744096,-0.0706289258443236,0.431871752289484,0.311599914095693
-0.301164969987974,0.188018210289025,0.518469590743218,-0.1785630566205,0.297880212645311,0.674362701721231,0.568984698382634,0.741493104104859,0,0.184983531132413,-0.0123934342106062,-0.0769429068964859,0.229782122321086,-0.104391535502554,-0.239366991149385,0.0929008070295351,0.307318221375765,0.338771608023494,-0.063990384142583,0.127586491509043,0.00130974684820533,0.312845585083966,-0.141346637125106,-0.00271045312283072,0.0358741188128634,0.0858452329487091,0.273738698271048,0.0859607715378255,0.204217461640888,-0.226016357696561,0.0972994609883749,-0.441762819104794,-0.347470403675882,0.328230817822674,0.426742484988507,0.501719798335067,0.0951510193641588,-0.136109791692143,-0.0185036499083109,0.239656339891805,0.526144987389565,0.178659946384893,0.330976347998537,0.0918770604345004,0.415087717362578,0.0645770710573173,0.0423058058338638,-0.0643855563161241,0.621760369574198,0.47943949771832,-0.366539252273904,0.452601116260135,-0.0117224934625281,-0.17244029917487,0.669992048479476,0.742147716808515,0.570353453065509,0.802053704831374,0.141356102411861,0.0607069989467706,0.144839970100651,0.055789687455122,0.0209815037717232,-0.144058321136051,-0.146410101459007,-0.254922105677547,0.549572369183193,0.0792245639032295,0.1758254499529,0.234962532073025,-0.0471874443555518,0.353537720960842,-0.0817481958506029,0.17095621765563,-0.0834903483364097,0.145881705174491,0.0849710851743183,-0.302680908497346,0.270907837667889,-0.407709779380808,-0.0611653512304315,0.335776873324886,0.444997065327444,0.42258139831041,0.24819748538473,0.122778571164374,0.0164524832985321,-0.0887138220535828,0.384996667158388,0.404881271115252,-0.167975589349455,0.206319596297744,0.192238587586217,0.138371045084241,0.394032130082705,0.335848192661518,0.0730387152068628,-0.0107928275926029,0.551647258549373,0.390536842572544
-0.0803605038654009,0.0611282120276915,0.22130082578156,-0.207672382733485,-0.00327917929488664,0.202265317414017,0.336502079012996,0.116752881174169,0.184983531132413,0,0.407841962068797,0.290634870638045,0.0501052830932852,-0.211433542827725,-0.278809924316938,0.141960001364945,0.0417788945716002,-0.288448259623538,-0.340772890277071,-0.342234929151346,-0.199903035784887,0.0360533010614045,-0.303954029643716,0.122012730182332,0.608976827350172,0.347500383726733,-0.0196490745266079,-0.0116068941508629,-0.112036238858224,-0.329117738541176,0.0317371608563942,-0.288117358313357,-0.243291173368481,-0.202885049210593,0.0436640987688238,-0.151163746433824,0.0175144495682237,0.183143030349362,0.531814589190165,0.66272315064333,-0.0585854187168233,0.436494272036384,0.387690407328514,0.226490270444393,0.389096301028076,-0.146838444206976,-0.301677924781156,-0.171544201914124,0.0289349236090032,-0.126169570403536,-0.116208777375579,0.165142050660879,0.0284330629405351,-0.21869882269844,0.220718916799899,0.232360662520768,0.227437018172813,0.150963794326819,0.702215001917343,0.284851790695568,0.45419449876422,-0.0659727452982056,-0.295964448558241,-0.135540548024082,-0.360209252475887,-0.318955547776597,0.386797677926884,-0.249980516008965,-0.188022260258761,-0.336369533222459,-0.356303275698776,0.0122023572351756,-0.232454822268759,0.400337676066527,0.0739242080265153,0.480270750741442,-0.12706413128485,-0.131417582738032,0.0857819232941115,-0.347505512666806,-0.237023882152341,-0.0617510657915742,0.500119290692877,0.215747406607996,0.0421386653558728,-0.304542346075941,0.0288487588551447,0.126036096533827,-0.263101509773313,0.105922625191006,-0.00917510900036302,0.265313356408029,0.591398649065993,0.521180562342326,0.462277806112378,0.332147118410307,-0.0694559503197874,-0.232721427327849,-0.0131067619910189,-0.123189270518953
-0.176466291461365,-0.273441435113633,0.0240014127011706,-0.370806548394401,-0.322807326200665,-0.077520129392871,0.0327287604126516,-0.0820894634390593,-0.0123934342106062,0.407841962068797,0,0.70912583031069,0.194324416394156,0.084654023693302,0.0211853130624395,-0.142629654237456,0.133440777336808,-0.113706375314871,-0.0798013843506773,-0.0905239572330749,0.0673169740830403,0.0369007871741325,0.0188498772828805,0.33570477436569,0.221481640040178,0.64987933129211,0.168540104614914,0.202891701379802,0.0883563450347494,-0.0521628233221026,-0.197762499743713,0.0170575199335106,-0.297529728194965,-0.0649891882234945,0.0574169842510559,-0.00508675237231519,0.208439627950858,-0.0427145154907685,0.257633397166771,0.372705119524257,0.00916390933583003,0.290671569882568,0.303250908297688,0.107942614334855,0.143271063530302,0.0511578700273929,-0.058393143024163,-0.00581372626580425,0.0710931142964397,-0.0694004301219905,-0.0711398066169583,-0.123216946061237,-0.163651268038829,-0.349831992876064,-0.0846583933524076,0.0833407454745403,-0.0233401040224437,0.0730537184826027,0.26845367107967,0.606757886825235,0.333111441266837,0.100978600091614,-0.00561341314760691,0.100981692343191,-0.0165328659443826,0.0462896303777814,0.0967526696515016,-0.0492018585703311,-0.0651845705027848,-0.131237927138888,-0.0142677788771886,0.0108614548726604,0.0202682940984571,0.480803630169026,0.344766735855576,0.403116171140302,0.144119037551483,0.16095181343967,-0.256098699561462,-0.0257611511545855,-0.00612832916272672,-0.0889152305074419,0.0112561525074823,0.0551240351955693,0.107164389035685,-0.168799688546953,0.184498020801698,0.223146742271315,-0.0716390422440861,0.153446415517202,-0.172706943862136,0.0820095154259915,0.171592227201697,0.152947274760831,0.0958010259942318,0.0804628657240653,0.0971109985700609,-0.0450222958805589,0.178741810520499,0.0347176380919454
-0.302011385189786,-0.388896000289163,-0.121622704583211,-0.451731038460834,-0.487867418702937,-0.19809388915228,-0.0788503080767765,-0.133836122936509,-0.0769429068964859,0.290634870638045,0.70912583031069,0,0.317010163390382,0.169592329409021,0.0704609404096714,-0.270053812496463,0.225704147658042,-0.0468222155028103,0.0813132072516492,-0.0171140023508425,0.138662790023015,0.0734035655443836,0.112467960194651,0.517321512876864,0.134841472166371,0.738086716441225,0.215502770985841,0.285817303909935,0.140011940652565,0.0785239192983993,-0.322844693356522,0.0443064056286372,-0.33271100433813,0.0399402414554525,0.0567924818154057,0.0733494422066123,0.273520960122654,-0.177976024203635,0.196718380938379,0.321913933276882,0.0140855676818328,0.206163085307733,0.265188899139872,0.105014735786353,-0.0347685867806226,0.105762090576231,-0.018901700024675,-0.0255342580269707,-0.0684139852061777,-0.0272305032092783,-0.132105016518511,-0.293396348149712,-0.26572620719413,-0.454457534971003,-0.1862800008921,-0.031496031155876,-0.206572580936459,0.0166231277894085,0.133938089871072,0.677653508084863,0.600526984279822,0.365061531466639,0.148320259956854,0.250758847655358,0.201289330899626,0.145441617109298,-0.0278096854535147,0.195048220106876,0.0870810256820773,-0.0239429388362268,0.119596100721763,0.159322295777149,0.179724594396095,0.497261294049033,0.621091391862397,0.485651305911967,0.229739916267902,0.284642324405003,-0.358128575897698,-0.0170652050390997,0.161186830276472,-0.0750970124957988,-0.127351929623356,0.0830169917050923,0.196095320351852,-0.0623628646441128,0.143566272109283,0.237934660498031,0.0022079916071422,0.178731063295523,-0.297622551078916,-0.0613104785866212,0.170485307172397,-0.0309060067818925,0.018876402210601,-0.0279395350696517,0.145436763141182,-0.0130883467792187,0.0825621444615316,0.0455095632690669
-0.447144854431116,-0.204445894189598,-0.00448862142533599,-0.360533619624987,-0.157300821092147,0.047966975996731,0.0200077534704482,0.112068058064532,0.229782122321086,0.0501052830932852,0.194324416394156,0.317010163390382,0,0.510074909466538,0.406839304930715,-0.324603129281717,0.702847315498446,0.512691707938471,0.50868119968083,0.473642532121409,0.5259354388854,0.525567804904297,0.479474468609045,0.496006412753046,-0.132556047948181,0.304024262300621,0.637101390953754,0.655272490226187,0.642578750099932,0.458602798796355,-0.130085432753875,-0.126053549109344,-0.180267980260524,0.669986024505182,0.581596633475855,0.496110039292757,0.549354907250627,-0.379171623570119,-0.152297086107466,-0.00578574594205118,0.566523669802561,-0.0162271671878763,0.205459580044007,0.0765860286213409,0.1219675619947,0.528542654302139,0.529424487562562,0.463338771917121,0.119439837499957,0.400671132755696,-0.470075039377036,-0.128816874223615,-0.430838157750434,-0.443620056752517,0.130371841564422,0.124210601795936,-0.124376246368517,0.170603142243383,-0.0220948673690679,0.307962337806477,0.416709406867946,0.690374410261905,0.380196854887824,0.171206482068239,0.234650940844535,0.28441409531518,-0.00640356432592504,0.402208484223335,0.485972713895255,0.464533576708734,0.42334458554012,0.582206736378281,0.363162528385276,0.176527261631678,0.331131759065003,0.265941147748299,0.538254185960298,0.438390664466016,-0.0141500896878437,-0.200659126050987,0.344266952205187,0.395046557284599,0.111336098078005,0.463128927137592,0.590050305217096,0.453007823082092,0.388686767891111,0.31994421955531,0.508073829825939,0.413067231279066,-0.508215541410508,-0.101437694695504,-0.112455791029875,-0.0887583545055907,0.156450558943775,0.178952236172379,0.53824441115598,0.513529929428718,0.125820611633058,0.303839380093512
-0.302336255255102,-0.307707783999714,-0.2718714352397,-0.184235091996773,-0.244033326084196,-0.193597980061982,-0.218521769709775,-0.172994700223027,-0.104391535502554,-0.211433542827725,0.084654023693302,0.169592329409021,0.510074909466538,0,0.863980257298618,-0.445793278818897,0.508255462363113,0.596873848457504,0.757253102183593,0.693995324588313,0.851072910562295,0.298572675710614,0.875663412028745,0.334418670757308,-0.303668565407568,0.16543663860815,0.401360737037052,0.530006699095965,0.693064929841462,0.827858005938525,-0.307786103557589,0.221848505502046,0.0379444987318739,0.602827336777711,0.288062795288673,0.391101235734332,0.444439856138977,-0.395245699648156,-0.247027277905296,-0.241281087731809,0.364401205979228,-0.245229623565124,-0.110924646096653,-0.0922515944453146,-0.205883895370472,0.511428222438158,0.676142901922917,0.584291038176235,-0.0526926016342962,0.283940612741532,-0.247672988042822,-0.405704233775005,-0.521136887188673,-0.356187662116244,-0.192771952402025,-0.193466973361121,-0.446079680965489,-0.181468702691088,-0.245615246386928,0.169786935200464,0.0694788232653092,0.411386916347323,0.467226859007709,0.535342236943941,0.592590459173494,0.762735592633861,-0.401295631130413,0.555024249830832,0.586557804563529,0.617917875215793,0.785612717292184,0.379982453957531,0.645153256584816,-0.0813179175988874,0.32180193297557,0.0489561073150465,0.655306786340019,0.706944455150772,-0.206644515555229,0.061816754084565,0.456933922757296,0.344386157248578,-0.236003414823987,0.154149125219604,0.417816969802672,0.551519189001711,0.353731842234422,0.292569740748501,0.521144741557326,0.170474763956004,-0.382861232537603,-0.404880613447156,-0.27177762310344,-0.338027914412658,-0.190020846871982,-0.0840937079500064,0.499717874608387,0.705446569477438,0.0230464260749629,0.247144542847461
-0.20390106967007,-0.345425559025484,-0.355025412648721,-0.125733709441951,-0.26913229532133,-0.276084422009709,-0.349466781315236,-0.331155986419737,-0.239366991149385,-0.278809924316938,0.0211853130624395,0.0704609404096714,0.406839304930715,0.863980257298618,0,-0.509212465410299,0.331159472997863,0.527453021855293,0.71535916976145,0.679982854459525,0.801837868285924,0.134377941531279,0.842332207854719,0.241453519625277,-0.299721297974743,0.0489082750108781,0.285802971962398,0.4647798264897,0.559144835433869,0.860494696728658,-0.301096672754813,0.364638506778439,0.180918866947249,0.435868739903324,0.116324246296059,0.313600303584274,0.337773781493204,-0.33189781214164,-0.29001579898353,-0.341216968651219,0.238733691019798,-0.318496023741476,-0.222143772055184,-0.141987540968257,-0.314461922547165,0.43979052998955,0.587151413073356,0.510158884826248,-0.14391368121008,0.163849970751443,-0.159433704083788,-0.500727675955583,-0.48025029619121,-0.274566393877926,-0.290971504715809,-0.2960248461223,-0.516092292159618,-0.324197776322933,-0.261288529971216,0.100689395597673,0.00503589831187428,0.371057346138932,0.447572264126351,0.481538199915172,0.600280995409855,0.849490329048006,-0.494611959150869,0.448008544952219,0.454856057477923,0.52836270198572,0.766654292221644,0.247052840679537,0.581784088935174,-0.141382738859139,0.258754633865589,-0.0210011686704282,0.575096977943598,0.702268123918613,-0.214670208758178,0.213523446813294,0.402620994596672,0.183385820769652,-0.324344187986409,0.0185869828453348,0.287038092556966,0.4933144525985,0.280457574273159,0.222878755511615,0.437874768957433,0.0632433558368596,-0.297826458344179,-0.406263945738757,-0.337343781111451,-0.368281038951677,-0.250859192565283,-0.17382789184253,0.401181257067004,0.63401173590789,-0.0898651564071812,0.129166393952846
0.433559926929844,0.582895299297378,0.247194289422647,0.578402487050799,0.481268477840075,0.171845806317237,0.176280937267768,0.330118668002409,0.0929008070295351,0.141960001364945,-0.142629654237456,-0.270053812496463,-0.324603129281717,-0.445793278818897,-0.509212465410299,0,-0.165851625522172,-0.360711825501369,-0.430459132453442,-0.51377333884306,-0.393344280396128,-0.101558792124694,-0.413405990561761,-0.214844135196095,0.146402958250773,-0.304282621005808,-0.249868528722315,-0.425742849168098,-0.344807535322035,-0.468700347790919,0.174908930915905,0.0610854826989771,0.268385105060854,-0.255279473911776,-0.161708945552469,-0.384261499830855,-0.329374810377024,0.442374854577848,0.267266188210701,0.195940523571226,-0.279492753579547,0.0395136381256952,-0.0784206082174957,-0.131327806928286,0.110830659596537,-0.313101217082549,-0.379327968081956,-0.182820486639266,-0.0044335849588896,-0.256391724480193,0.395552556144894,0.541205929106181,0.602454383146306,0.488896460138789,0.117412259984028,0.0949896636693016,0.323632809068074,0.052708397907108,0.0472421499760603,-0.417475485195656,-0.265441055276854,-0.387758314158023,-0.360467590667999,-0.391851316524664,-0.476004044659768,-0.48680842410372,0.0815879468939402,-0.400499586401339,-0.415083342895902,-0.38946088875142,-0.450133005901552,-0.419133741916011,-0.397950165800568,-0.260955161836676,-0.423900288350473,-0.287387741345114,-0.38220035804405,-0.382024896790719,0.217757325386136,0.102198300048876,-0.440169438448342,-0.213500381212211,0.133298702744404,-0.226262425145106,-0.30382474765181,-0.437584732847065,-0.216629307521829,-0.146300213178533,-0.363837903097719,-0.397102731201071,0.416060463212912,0.267968867008165,0.206724375779744,0.187624213532853,-0.065587043375847,-0.0298314943276033,-0.275838636206759,-0.39757383290617,-0.118568150650687,-0.241598506392514
-0.44971969723151,-0.120613341206511,-0.0216120667847896,-0.259452837849063,-0.118994662006171,0.0584419169062787,0.151010695057228,0.207314020441057,0.307318221375765,0.0417788945716002,0.133440777336808,0.225704147658042,0.702847315498446,0.508255462363113,0.331159472997863,-0.165851625522172,0,0.50837792710684,0.546707295535956,0.412397402851808,0.544603280021207,0.636733179442564,0.502668939044977,0.596567667642458,-0.158489821776375,0.307189861986241,0.719677507987407,0.658416842024041,0.689636314742411,0.394032301923954,-0.146581111160134,-0.200622204507793,-0.234258952909761,0.75704615644868,0.657081122795162,0.406915051945346,0.490029970595867,-0.393075379048258,-0.103896272699758,0.0905118894105702,0.539893103596961,-0.0429764865372241,0.251097865529727,0.00307190575592336,0.18911280603651,0.610940177498037,0.504948768046817,0.531774775770261,0.0902114203543356,0.334000273698555,-0.440118876596253,-0.0828326530635425,-0.34979014378164,-0.379644765940501,0.109104690937365,0.0885490041607856,-0.057678464433916,0.231446643741312,-0.0634773997383864,0.219580200241181,0.171983714243378,0.329827194783066,0.199384161289925,0.173128049473649,0.199861911852202,0.175086640621334,0.0638024088597456,0.421302466122125,0.476202881494122,0.439163623645778,0.412917733542637,0.496000564793319,0.341810996282829,0.0996098176726,0.310738647444284,0.184883195354836,0.493033249055799,0.412612394714774,0.0119223612719511,-0.288642704979475,0.285451370350181,0.357721212183068,0.123420276198412,0.471052767750841,0.689614823981293,0.386046825206589,0.286412619442119,0.393330831365269,0.403146600771867,0.322939366271038,-0.473534987557519,-0.204625604946629,-0.135129683797576,-0.127457341146047,0.127929304828368,0.165741582963518,0.617643899474591,0.516122109318372,0.0670235306574096,0.172080998954173
-0.415008840390327,-0.155524690582971,0.0306963496186347,-0.248006072574765,-0.0289767809829389,0.154641590376813,0.0807928269180352,0.265170400418177,0.338771608023494,-0.288448259623538,-0.113706375314871,-0.0468222155028103,0.512691707938471,0.596873848457504,0.527453021855293,-0.360711825501369,0.50837792710684,0,0.675807723881557,0.822575028669951,0.611213446845576,0.50552152069574,0.58702797387686,0.244595781479954,-0.312427001616604,0.0793841311865993,0.43162353601111,0.428298815967952,0.653407363950246,0.5167115944146,-0.196601807227163,-0.0340769946142612,-0.0729154555774927,0.792093138289414,0.51179812639156,0.727867875790927,0.457257803246362,-0.480579594038014,-0.453532402208747,-0.269552413893538,0.719526036800077,-0.251843954151408,0.0271519404096225,-0.0871213696017746,-0.0461519850985248,0.342337198166078,0.588281439870298,0.365669023247963,0.245369454714646,0.585691002538707,-0.389421322546779,-0.103123371218865,-0.418300331413213,-0.365311735732505,0.210907895235397,0.151111240404466,-0.161347724229762,0.175746431349541,-0.268773735397711,0.0730451082244099,0.0301309252022013,0.433880996453383,0.566154868716927,0.438328610419271,0.568513073375217,0.524883091164154,-0.0694070726361994,0.654274386564039,0.727074643062857,0.861173955257829,0.716717121101743,0.617429812709686,0.574223383640751,-0.0168000206725094,0.309062345230407,0.0770934078994287,0.640513289395383,0.29224923881956,-0.0680810691426968,-0.0943869880197819,0.547248314021222,0.532808638458315,-0.0368576910176612,0.428444392859602,0.41461492775547,0.689540926756138,0.360123600729552,0.0719117666600823,0.825158282573636,0.396783867430995,-0.407126751877643,-0.229901161210168,-0.27828076194471,-0.342781559058093,0.0449129942355539,0.0199322285114061,0.284422327408072,0.532120258019846,0.298078106832342,0.515963242668784
-0.294926292330252,-0.231840444992893,-0.18361069692962,-0.171530452328963,-0.133155478774064,-0.106106145587648,-0.149473302002309,-0.166469868830686,-0.063990384142583,-0.340772890277071,-0.0798013843506773,0.0813132072516492,0.50868119968083,0.757253102183593,0.71535916976145,-0.430459132453442,0.546707295535956,0.675807723881557,0,0.718662099668885,0.648296853917546,0.350303107951977,0.736478288190718,0.392957667942693,-0.256048329188479,0.0955397821328354,0.445982469797471,0.53708469899981,0.623876092945192,0.721225541305706,-0.266705793466654,0.158214142160704,0.0536563018618404,0.65228181981987,0.314802822288928,0.4665346239356,0.402629344718347,-0.348378174139884,-0.381322477126139,-0.316394855930438,0.399153366645511,-0.299978305248096,-0.148386545489292,-0.187552630460085,-0.28673368527343,0.431176729050899,0.63971815152689,0.454224803052285,-0.0652141623632788,0.281523253827179,-0.260129502370847,-0.315200256882985,-0.425401747286915,-0.278364315224313,-0.0489463411228417,-0.161613419736633,-0.4177560122317,-0.173853874831822,-0.257909941141953,0.0869397900121533,0.0201638285853211,0.405549004760622,0.57371572807691,0.567263285179459,0.664435878029588,0.69941220565812,-0.365507568271233,0.68783846699407,0.595619243530489,0.653634440834021,0.732062861911501,0.441130200206004,0.604734370895344,-0.074281223107882,0.430240091073529,0.0599238249324395,0.637126000664843,0.594101248273008,-0.174652130350649,0.0569412351208762,0.540271335805949,0.216353144345621,-0.301364784324237,0.208764350493577,0.444617598584289,0.611089916683067,0.312160343669986,0.238941682299371,0.565361650810802,0.172199510455421,-0.387056923584537,-0.280026218999324,-0.305507720999866,-0.361477126158071,-0.132171252073551,-0.205907633308786,0.381591948945542,0.594876442354724,-0.0529622590624564,0.188917482905649
-0.364672476298625,-0.2782921161361,-0.100356741347107,-0.306106109482934,-0.16185484467586,0.0185343092157056,-0.10475801719103,-0.041519090466533,0.127586491509043,-0.342234929151346,-0.0905239572330749,-0.0171140023508425,0.473642532121409,0.693995324588313,0.679982854459525,-0.51377333884306,0.412397402851808,0.822575028669951,0.718662099668885,0,0.68801572313519,0.350885175814305,0.683441212406243,0.188424429305738,-0.328786303273826,0.0631335694995484,0.412937813912574,0.460746048813127,0.674024180039518,0.61917252010441,-0.187080142476674,0.073373502712026,-0.0275648064628607,0.6604597020545,0.378952286471591,0.671535881831093,0.492625550316153,-0.43552039015853,-0.469980677733047,-0.390378352091543,0.591123611526044,-0.310397731064136,-0.101573769383057,-0.027110803743716,-0.173932886787242,0.348724913719878,0.653918109293522,0.361881653720956,0.202239067417186,0.561184946954288,-0.344891913996066,-0.261498592783149,-0.524389542139946,-0.381122142310883,0.0616677808997367,0.0259420657160268,-0.331632337318614,-0.0174874763291364,-0.248929359493203,0.13182308800821,0.0434235786118299,0.444919390828242,0.577533151335466,0.512129509059278,0.670594240653682,0.698176007729177,-0.233852951494217,0.619223669569893,0.701752446377073,0.823741341035286,0.822294185963884,0.523837395709538,0.631998042504344,-0.0351741481555874,0.298230036707735,0.0577757989982837,0.704997830868191,0.391684029565749,-0.152203105324459,-0.00216995465539061,0.586121560504063,0.499267336080487,-0.192755210719581,0.268021436450814,0.377199775371471,0.714386965026926,0.410699267337368,0.0995782217921912,0.787754087136333,0.39362625986586,-0.388161710974009,-0.265092086576187,-0.308199101764601,-0.381433809485621,-0.0543845650069699,-0.0292200142042424,0.306377626783645,0.604953340511193,0.254534832831269,0.515921290751874
-0.30194074445582,-0.267653007577968,-0.226747794561496,-0.159065189591895,-0.188167165673287,-0.144415319784415,-0.171600183948563,-0.0738048227400255,0.00130974684820533,-0.199903035784887,0.0673169740830403,0.138662790023015,0.5259354388854,0.851072910562295,0.801837868285924,-0.393344280396128,0.544603280021207,0.611213446845576,0.648296853917546,0.68801572313519,0,0.2675230602424,0.824243081093627,0.308640150504894,-0.348704771499533,0.117084107160614,0.443264938115047,0.487781367682932,0.731134979348314,0.72373495006065,-0.262780203852085,0.20855071399737,0.0317274642109622,0.620099695405659,0.302131036244112,0.431550168325932,0.440222531166447,-0.37772831111405,-0.268263225918601,-0.187245165368596,0.421590506354255,-0.232764647973842,-0.0815357335226461,-0.0873360801435657,-0.130781051234361,0.499627368357374,0.616371552682373,0.515788519042128,0.0139199386570751,0.34760905036667,-0.256500881852401,-0.34742076698723,-0.455729125420594,-0.30861028380935,-0.152507551955629,-0.114095457441364,-0.30911120800846,-0.0578256331956227,-0.232342239381376,0.148034141159941,0.04636095076414,0.3913832559034,0.361137002145707,0.409568844745687,0.515721039505642,0.672798780114522,-0.285733243106972,0.495862365541808,0.546511639554442,0.5952256741277,0.80381636770428,0.350832686340836,0.574841698962415,-0.0200202479357434,0.296923914722718,0.0343501338085973,0.655206761786521,0.598565053018504,-0.143702131868651,0.10408580477886,0.37964265221283,0.368104806783391,-0.171202350312142,0.160012795500911,0.429966169981197,0.48806626181159,0.346577045992208,0.208786706307688,0.537606714516994,0.198827564512177,-0.304245894511292,-0.37184176156101,-0.282955785924007,-0.31234191600207,-0.125318411260224,-0.0537907716642062,0.501584117641142,0.63242639759192,0.0570891253589965,0.281371830947555
