0,-0.00197357460016889,0.127993014231227,0.0290001808397512,-0.0987909469145212,-0.015203178927263,0.19521857030883,0.104081828178774,-0.131308591381334,-0.0772331752917188,0.123528553228532,-0.0416430284857598,0.0679251305397719,-0.0879640930956481,-0.203321589488105,0.222915815200946,-0.125272218392246,0.0430724531423812,-0.0344020285545804,-0.244900429904637,-0.186924765969796,-0.00585657590998322,-0.097861501469488,-0.0635634613884076,0.306063414911587,0.143084884661102,-0.0343427289203788,-0.0293219005700807,-0.196519113344252,-0.233486400460499,-0.030670814612709,0.103289127579258,0.0661988245887966,0.0833136391597929,0.0845243566775225,-0.0731772436222089,-0.0573771735002719,0.224257029871885,0.0816791272712454,0.142467792460381,0.0390250785598016,0.180706714565,0.0312053537341979,0.0171436629014757,0.0213928221621529,-0.0898666006675961,-0.216425859667722,-0.035338654753225,0.243793901660515,0.10533292093937,0.255029820612706,0.104345042525507,-0.00544667463350483,-0.126213385676099,-0.0550320398155637,-0.00539939903084284,0.109280171906331,-0.112491529324023,0.00986428607911059,0.194881156421163,-0.122510787888154,0.163025926034417,-0.0365601191815135,-0.0481801913709808,-0.0990663351809296,-0.209994489721797,0.178309432980073,0.0421361708696073,0.061422196966408,-0.00736441611015299,-0.317223561931798,0.0875912416488534,0.00931887873344959,0.189906471940689,-0.0891939558374852,-0.0512075380139719,-0.168569857426226,-0.0502141512413803,-0.0600408147857486,0.18491886569887,-0.0839677676732697,0.0351308547266403,-0.0681136790952268,-0.0415718082270431,-0.184598572306481,-0.00134462515417846,0.0995907421736209,0.143022088219669,0.0561613452747776,0.159993832556754,-0.00956738797937001,0.0237736978851147,0.0626329126622117,0.0144411587422484,0.0660224166434603,0.0244366592251692,0.0238165423466304,0.00947805940979056,0.181797391791171,0.207726983643943
-0.00197357460016889,0,0.218856385067939,0.597450703148368,0.573807602206265,0.194803873493205,0.465168376466495,0.673579674276519,0.256672783650054,-0.244735607426949,-0.316979159015192,-0.263112567075142,-0.238942761044981,-0.343848701850519,-0.224563932800493,0.485554418450649,-0.400721365139931,0.260757481682262,-0.311671701201075,-0.0151558404250557,-0.457338285229,-0.351567890709633,-0.468533033297674,-0.19823808459299,-0.227886200045414,-0.407510987330712,-0.500713661780704,-0.37350210049514,-0.379238996629971,-0.500698637270917,-0.157733492025317,-0.0104521657333145,0.166179890939945,-0.218330991809613,-0.362807622317308,0.0608112744001454,-0.350207348414885,0.0520025988548456,0.0582257587461267,0.199126943856597,-0.205543612089689,-0.458754732561101,-0.321904924595131,-0.15865039546348,-0.343611151880861,-0.512321264808245,-0.415637106460184,-0.370371769839909,0.148346217152069,-0.100463739846428,-0.00961713474711567,0.583607086801235,0.181048807284184,0.617875956692984,0.268874011997162,0.0967041715590668,0.71863129659799,0.450073098438664,-0.152988359515153,-0.299761863201587,-0.0895038459455884,0.0412701873210689,0.190424076489952,0.241933942037373,0.206377798889526,-0.213305196256154,0.261132031124373,0.135881482420378,0.27684335968533,0.612610882306568,0.0315746492738078,0.0613822137870252,0.201667969878115,-0.0940404078208863,-0.135760897498548,-0.282453208076181,-0.346389434332955,-0.39218456718266,-0.111948502933142,-0.121922605334628,-0.0638105146071483,0.254755190970953,-0.0150710688199332,-0.00220618512367937,-0.342558395722936,0.179205544592846,-0.293578636131907,-0.437691300324361,0.152074080904697,-0.0364353892194152,-0.122105052670455,-0.0499850747353838,-0.0626415859835421,-0.0844970664693122,-0.076460517168132,-0.107907681861632,-0.290636786225636,0.144072367825836,0.120583791267217,0.0903294771585456
0.127993014231227,0.218856385067939,0,-0.0108521466239116,0.314299874618219,0.609035311886814,0.243893990239385,0.349258754380964,0.508214483267484,-0.00871979794392043,0.194833373620099,0.0466483302791122,0.252240111503633,0.169257592596758,0.114774534556027,-0.131719135609343,0.0990262241871797,0.223463508230509,0.145695996567599,-0.0699727417494146,0.0533512149364992,0.108654665108054,0.0821124225150408,-0.0139863417784973,0.0999927400128612,0.140614723967529,0.0865070782385896,0.0657992274376126,0.0512508839121489,-0.0409273962059544,-0.0205345698569368,-0.0562208160005443,-0.185741734595095,0.115161434231112,0.125398419433459,0.310142573260011,0.163716336330947,-0.0280617870216361,-0.0371952235778349,-0.0683741578746079,0.111995536891044,0.136848819980555,0.126083696949221,-0.068067502993181,0.0481314988498166,0.0349031323024128,0.0737782316720336,0.09439208490788,0.446946051951276,0.154924285170896,0.178754384193272,0.433324034904337,0.0931352967023225,0.040293719098471,0.46946656791773,0.524476583527274,0.11318512083369,0.315535718828905,-0.225284463307216,-0.0596180683635868,-0.272428480334377,0.0663274805418875,-0.150519829644834,-0.106433346462525,-0.0697186550134683,0.0935818914737543,-0.133490475849282,-0.150272446698022,-0.298655769289612,-0.0484154420112564,-0.176256635335399,-0.284855859206313,-0.153391677726397,-0.0745193592457353,-0.2018061717649,-0.0806273982836859,-0.028858235698045,-0.152680979331196,-0.0866247811752885,0.0500653916873531,-0.225350823704705,-0.25132182705273,-0.29868027480892,-0.227890526899868,-0.146963476524655,-0.211796553724204,0.181740741623825,0.0741668735111261,0.0233882495967242,-0.193076501805926,-0.0837639350823657,0.0193206560485118,-0.173660862752442,-0.102065610687318,-0.195830014223128,-0.16991636792211,-0.111190468812604,-0.117157447728535,0.33044042780811,0.0516395756926575
0.0290001808397512,0.597450703148368,-0.0108521466239116,0,0.477867860519051,-0.00187562163268185,0.361164511142109,0.644686384174161,0.0158761436933835,-0.453365076632393,-0.374615608007795,-0.436241354763259,-0.354258449597743,-0.363627604382896,-0.1847789224137,0.574963995732511,-0.565360746299503,0.285781422507049,-0.324768847839273,-0.244881200799687,-0.503450209844863,-0.230000241358796,-0.470282344995081,-0.330888912296219,-0.316864056206847,-0.514524541937851,-0.4446267605189,-0.539529801929901,-0.554405723971889,-0.456918393292021,-0.0546358260250179,0.0200433729831925,0.322486515164728,-0.0704483591299908,-0.369451785325593,-0.214449984784561,-0.45914548700351,0.237003429726414,0.211362991788696,0.0861157543176528,0.00360459130437654,-0.375587862708259,-0.294251154607549,-0.109589238410251,-0.252159925015257,-0.283118769337579,-0.27308905636119,-0.195242905703145,-0.000196860076327763,0.0283975396669912,0.0766198259061228,0.519781263448326,0.239436353669309,0.798114466502099,0.125401919995796,-0.0620621176605469,0.712585467941825,0.270116181654992,-0.321650653756257,-0.396872662826003,-0.300309410281937,-0.0197457630586194,0.160560177902125,0.226779386415332,0.168818786587499,-0.165749676625142,0.292398784216557,0.119588313999523,0.328330750417709,0.671890515300348,-0.193416622678042,0.151081261836772,0.149937107387117,-0.0541854588984045,-0.444870991637507,-0.472903767546762,-0.549901292202525,-0.492063598038774,0.0824700984883872,0.00336323774161719,-0.278861848547362,0.465190541280856,0.147269480088268,-0.0276343615058896,-0.470373190726835,0.265962127827816,-0.330969576244383,-0.499935584921,-0.0121790551559348,0.0252006551952882,0.0846394057389367,0.126441303034253,0.145855606335186,0.0422426250362388,0.0731177900038781,-0.0557015141299471,-0.0397944892666953,0.210342411732134,-0.0742970358185412,0.151166248084907
-0.0987909469145212,0.573807602206265,0.314299874618219,0.477867860519051,0,0.485331557835046,0.316124849154603,0.633904470500068,0.561833847082431,-0.400993288076029,-0.242013553719916,-0.313742939765012,-0.179271254948594,0.0218897322466581,-0.0364978633509765,0.14755409436127,-0.270596696911783,0.427727269644645,0.0561571418051658,-0.0205046529578749,-0.185985225091149,-0.214686065952435,-0.174302914202634,-0.337537081556865,-0.314703230288557,-0.340146827114444,-0.328610720173335,-0.283582303719555,-0.331813163049653,-0.223765985003498,0.0231993498260502,-0.136081324972409,0.0864312707499691,-0.122620904188071,-0.29234464592099,0.214109568531174,-0.22501423906703,-0.0166096352626385,0.00895999230484669,-0.0735572025015893,-0.126357469935251,-0.345635786633211,-0.261713110495942,-0.137686552988597,-0.251214029451654,-0.211593520751772,-0.148438820277194,-0.134374812452143,0.281116963433274,0.130643791990535,0.0110532696153753,0.54552911728769,0.308200635693603,0.682920566082732,0.697693460249332,0.297376943142859,0.530847133317113,0.696361272035897,-0.400693106485035,-0.394830641347465,-0.405770816234392,-0.0624179199393547,-0.00043431843967432,0.234633049253341,0.223331169652379,-0.0418867604626176,0.0445618457115537,0.0442693367968185,0.0477342056210145,0.563893456651545,0.078944992465057,-0.193429320319687,0.0202060845921606,-0.265156588467084,-0.370913010207456,-0.442858428345454,-0.325452536069251,-0.387296631828445,0.0649058080417274,-0.0463454303363355,-0.280083772984277,0.132973361181635,-0.101166021661629,-0.26004058257548,-0.344662952069184,-0.0522027632299005,-0.26166514449114,-0.367998755462089,0.111914697991005,-0.243658356374783,0.0549850973717868,-0.0372952293253484,-0.145388012963953,-0.104277732495202,-0.122734770895943,-0.12198820232268,-0.238055235304157,0.0414020595911429,0.209665554671684,0.175867163010978
-0.015203178927263,0.194803873493205,0.609035311886814,-0.00187562163268185,0.485331557835046,0,0.166579191706913,0.292744220364977,0.727480035714647,-0.0968070190275151,0.0761205537151343,-0.012596541084866,0.18094140383062,0.315957505805039,0.219193915841974,-0.16765813371711,0.0193453880422267,0.194449445325528,0.210114647075491,-0.140465421517845,0.0266999086140817,0.083151899863914,0.111114596954768,-0.175025910486622,0.0405589664246668,0.0450760467093345,-0.00159118968045623,-0.0365459558480077,-0.0105231007555578,-0.00108347931374306,0.124710218227473,0.0449437549891037,-0.147768435802328,0.0756646698716978,0.0616490265848238,0.28753671300049,0.0881419564146005,0.0322506049438586,0.00187828356181923,-0.232868639644795,-0.0517691309142128,0.0896993722872113,0.124564816526998,-0.12876974180893,-0.250257547065075,-0.0467766574627467,0.125730343485483,0.0316210499837142,0.356909153607118,-0.0113254610833741,0.146716584877619,0.33336229311705,0.0837360164233435,0.131595501401748,0.717181669300193,0.702591639125599,0.103867660880382,0.548599410664523,-0.214095737447112,-0.191775967485585,-0.324823752439912,0.0692517117310159,-0.0559781471157608,0.0825204053599782,0.121104317202161,0.230087219235703,-0.250795077822528,-0.0546385858361615,-0.220323840492176,0.0665455498195799,-0.118100574882279,-0.250287820715996,-0.0817053300607478,-0.227882988480015,-0.355040170461165,-0.122418250320984,-0.0461884170794473,-0.0836449678603872,-0.00196818791579162,0.174847369916825,-0.331857864655696,-0.20804063571632,-0.276370934091726,-0.215821294733093,-0.221277909608407,-0.228574942087999,0.150383694143805,-0.0278618650027211,-0.00456110121573424,-0.347704282993284,0.0917038163495923,0.0934891883140909,-0.133490702386004,0.0284475003164565,-0.0542044420514203,-0.155821956923298,-0.137684915036328,-0.15893006144273,0.330686322143556,-0.0653440286972897
0.19521857030883,0.465168376466495,0.243893990239385,0.361164511142109,0.316124849154603,0.166579191706913,0,0.654315716374438,0.200894112778237,-0.301466228560496,-0.288408195058213,-0.230701893729995,-0.234774225722257,-0.262144384839002,-0.353565770564872,0.406676384285008,-0.236739661223513,0.260574714044136,-0.0982845482362904,-0.198173345629187,-0.436970648814232,-0.322025460468269,-0.379836558225942,-0.193368638230316,-0.0384377533057667,-0.280948612456719,-0.461121332792917,-0.388609171092345,-0.420113008886651,-0.425587819621299,-0.242768121201872,0.0259763944216105,0.0062031248293349,-0.191887768176775,-0.390554750712713,-0.054503662543417,-0.381972888399142,0.194998462537362,0.0995214594528768,0.328546933097835,-0.0166937299808071,-0.233222367882819,-0.222787105670078,0.00397378414130542,-0.196270716191019,-0.288516789466495,-0.382033413825167,-0.308279387862585,0.160339363099162,-0.00521793474908891,-0.0387046609277718,0.480720157638301,0.380024382295032,0.339752689265683,0.254043931609984,0.111292355776159,0.602789314272686,0.383790936416666,-0.15540797381732,-0.196463493788833,-0.218342531251434,0.0781445266212151,0.199881517689259,0.231995358534353,0.178017194710286,-0.342383266113244,0.456115353380913,0.229255173534575,0.233250003106177,0.425719801203729,-0.151002119503164,0.25682163133999,0.255655614480243,0.164005187070767,-0.182607086740407,-0.228698536472073,-0.418821870426995,-0.355221360209228,-0.133045802041442,-0.0141885701122859,-0.031669102260368,0.173609819532068,0.0189602824791074,-0.00345229957342766,-0.27224458480472,0.243003500944164,-0.272586171071614,-0.284629220354803,0.13055748152755,0.14666580817488,-0.0580557583848871,0.105631336413707,0.114204530906241,-0.0369608087183666,0.0386743556444735,0.0427382137394489,0.0175655561442644,0.310931172427088,0.113484886778196,0.187667233880861
0.104081828178774,0.673579674276519,0.349258754380964,0.644686384174161,0.633904470500068,0.292744220364977,0.654315716374438,0,0.375297124238694,-0.486541865752817,-0.369679621453826,-0.405753004358372,-0.202038803170918,-0.196370438868368,-0.189970827883347,0.417355232150527,-0.372079896282147,0.539357217899575,-0.0999218622294938,-0.187121049987322,-0.434578677476882,-0.252041846835498,-0.367553663916756,-0.312345197449575,-0.243010771370081,-0.427831644268965,-0.463260016039507,-0.416409933197429,-0.489245462729355,-0.424240051385049,-0.124983057367949,-0.101056613563516,0.131262622718235,-0.0182683328514832,-0.356979841728701,0.0696849311718234,-0.360180398941339,0.0864199485710178,0.073915502563344,0.0683197822475457,-0.0297291774675211,-0.347773539705813,-0.287245715159486,-0.0221939089910024,-0.220837225051858,-0.284842077902217,-0.284538935910563,-0.218512743837913,0.253065064373364,0.0267538862683676,-0.0467004617542503,0.651226367460728,0.320985743312871,0.648870163777433,0.418828655630961,0.156094035999958,0.799430485991747,0.575384167698924,-0.388383421296889,-0.416076020203094,-0.406559508879863,0.0584243067412225,0.148145406920034,0.260652323695311,0.214119977320405,-0.172919530204951,0.20560185046308,0.182289406682673,0.238761418426687,0.68041490729061,-0.159969005630604,0.148255521922534,0.250974992039856,-0.131307712337501,-0.399169236743635,-0.424416861349375,-0.490722456714676,-0.44166370574919,-0.0100862487568505,-0.107522698835683,-0.179061277652854,0.271014323911461,0.059312747161588,-0.0245517504801192,-0.328504919972311,0.238157781048797,-0.280606908216597,-0.345779501066605,0.111594249913715,-0.055721847666827,-0.064441232569422,0.0191394724207699,-0.0319748877397412,-0.06236667388355,-0.0712922014851308,-0.0038465085729997,-0.0316938499884493,0.270131777308071,0.11784954908264,0.146796644240215
-0.131308591381334,0.256672783650054,0.508214483267484,0.0158761436933835,0.561833847082431,0.727480035714647,0.200894112778237,0.375297124238694,0,-0.209147665868901,-0.074250848111363,-0.0944002344010793,0.0360575160156671,0.184365612336919,0.0629196278555928,-0.0614861110592654,-0.033237087684229,0.187830023344558,0.130114427463752,-0.106173923849422,-0.041682884843163,-0.0560066029105732,-0.0285764561720097,-0.162624275826385,-0.0424931241956372,-0.0928585082829784,-0.190107027474384,-0.119922848084169,-0.143430143462698,-0.0450133522007194,0.0397096744401161,-0.00393245813570905,-0.0417861879263887,-0.0612768870575996,-0.161258761013359,0.378899810901247,-0.0614234358171195,0.031494349596859,0.0563203963361972,-0.14571657348452,-0.136101501816864,-0.094041598897037,0.00762065407726269,-0.0181847062591014,-0.231804149757796,-0.0303678726246595,-0.0228735299556795,-0.120905692958596,0.234673027810796,0.0441408487252723,-0.0693316697658707,0.21297938661997,-0.00389338477908934,0.195241273901375,0.701586235308145,0.562669206927551,0.178735012923858,0.703306641850991,-0.16921004991131,-0.172386412299379,-0.217626062217379,0.0683183267130723,0.0804866164580256,0.178326886165766,0.214997294811335,0.105716744212365,-0.208666278780222,0.0440068976849929,-0.105807741711572,0.173392740045018,-0.0211428827712736,-0.0949501769896394,0.047463841621365,-0.261213774478857,-0.272288079969378,-0.145134351173652,-0.156019554542842,-0.121995786078708,-0.0125126220262065,0.0952597688533991,-0.182296677255545,-0.124281811601217,-0.117993424271287,-0.176409473710065,-0.182514571316764,-0.0896990356001656,-0.0764067773240394,-0.118685678925639,0.0791923924878587,-0.251672564325008,0.0852585035966976,0.0896609314516703,-0.058804906218322,0.0528322100574955,-0.0345185016612374,-0.0374295156385309,-0.00234269290529559,-0.00136498527183447,0.228985157500458,0.0781587448734182
-0.0772331752917188,-0.244735607426949,-0.00871979794392043,-0.453365076632393,-0.400993288076029,-0.0968070190275151,-0.301466228560496,-0.486541865752817,-0.209147665868901,0,0.548291838293282,0.678441372986863,0.304265972098471,0.147997771666062,0.22746395950474,-0.3030272400981,0.390602910127136,-0.338862867646714,0.0408306105535393,0.078483643104828,0.32892890318964,0.319815448239621,0.27651117235772,0.44755877053517,0.476011886094216,0.590356084372131,0.321074185294239,0.503787218479794,0.492458921027307,0.236899576561182,0.029852685602429,0.0170549690638244,-0.111495506707879,0.0594078030214194,0.399532479198169,-0.0138232802135773,0.347567393581625,-0.172012578239368,-0.219698705114026,0.0434311308699728,-0.0421489782319313,0.347293497588159,0.281392643478617,-0.0456678789754533,0.109349115577954,0.00839502003140793,0.139543443645097,0.0897988729724663,0.000670602991773544,-0.19581628747175,0.11421715189396,-0.220582485680338,-0.190086046092449,-0.441803137775491,-0.265985142116012,0.0366094811098419,-0.492246491827104,-0.432974553224205,0.613555536136777,0.520661913397703,0.576369113093037,-0.0650337496665959,-0.161982752209132,-0.368734223096042,-0.233602334521121,0.16949745178441,-0.160535204163147,-0.198086675876922,-0.25955815224168,-0.5336709533307,0.0594042299100399,-0.135029273347191,-0.303182137550262,0.137846087801991,0.57747784123913,0.678342623983958,0.537081973796116,0.387444566487494,-0.157674749383243,-0.0331698191147676,0.22343178724558,-0.412233036262378,-0.301577632167231,0.132557846797987,0.209570711082316,-0.289728271920001,0.289324874777313,0.364980330229348,-0.186527307538663,-0.119222657024124,-0.186796265705757,-0.116101007451878,-0.186170991561864,0.0583341362828902,-0.0885217142271193,-0.0470832411781574,-0.217433808372395,-0.357523965686033,0.0933202647735238,-0.282081677433878
0.123528553228532,-0.316979159015192,0.194833373620099,-0.374615608007795,-0.242013553719916,0.0761205537151343,-0.288408195058213,-0.369679621453826,-0.074250848111363,0.548291838293282,0,0.635700207838998,0.467650589784544,0.345363030086925,0.309475215325895,-0.412478883387746,0.270050205263648,-0.164919007914958,0.193258344042085,-0.175874519473827,0.374639575502701,0.56759185848888,0.488785169066111,0.333478887071019,0.557149874999947,0.725411080436964,0.446844941201724,0.396561007937689,0.292286699482382,0.257787945548446,0.210575413277446,0.114460431049614,-0.266333957708901,0.267312567885722,0.591722211591666,-0.0386458805413236,0.320800089373066,-0.0180614976912661,-0.137539268253946,-0.167338564085457,0.163033952671443,0.620254431308383,0.507805893343153,-0.162931875758998,0.132759253819741,0.248686405987133,0.342096153509622,0.373938111074901,0.0547251564010136,-0.0821635536374154,0.492432378937212,-0.00726125917797039,0.0441273878320127,-0.320084486853463,0.00640905079380838,0.283155173413518,-0.483278948255168,-0.405559363412221,0.2610983605611,0.502790683732028,0.200266122472728,0.0440137577090355,-0.388879636635238,-0.441678866029599,-0.350116233350475,0.198681661971993,-0.152920737616354,-0.331780022569239,-0.411362454812032,-0.562757400539844,-0.221540218648575,-0.340670369282943,-0.483171114122577,0.241514386103874,0.154094217340949,0.494548088240992,0.308782271159202,0.272706631525345,-0.0843876031677768,0.252006504556478,-0.156655667379555,-0.435233750114291,-0.416731041249111,-0.198198642888126,-0.0558671385919365,-0.509629252707115,0.326795407744917,0.393621084131808,-0.254948497604088,-0.174331777439869,-0.0201159803926735,0.0245714526511408,-0.122362237015816,0.11968220158145,0.0711541527693849,-0.216218227575431,-0.128082140440544,-0.536948113811129,0.244937292879182,-0.235342307157266
-0.0416430284857598,-0.263112567075142,0.0466483302791122,-0.436241354763259,-0.313742939765012,-0.012596541084866,-0.230701893729995,-0.405753004358372,-0.0944002344010793,0.678441372986863,0.635700207838998,0,0.477258907273685,0.327473067412571,0.233223589650557,-0.391129690417737,0.50798897236998,-0.212174092049107,0.23136047063112,-0.0495130536183162,0.356826533418662,0.521510384646025,0.451998173957156,0.517493581360269,0.555699759926964,0.710281757481015,0.33842881027503,0.37931344888139,0.33579576448519,0.2444165649779,-0.0254894865975587,-0.0123296358423926,-0.302897535176491,0.160352387516335,0.465639897239706,-0.00879292279143756,0.237515167527422,-0.159836441999077,-0.135198733265921,0.0263721225250284,0.145132399267778,0.377517182852795,0.511875178951571,-0.122255894343365,0.108519661813819,0.0995920855480067,0.253726928090993,0.19822205073879,0.0328294704595708,-0.185712335918028,0.191485201237989,-0.173050867943756,-0.0632936795726315,-0.36433093822874,-0.128161377900497,0.182101437619549,-0.505207069725591,-0.388843723801694,0.348369903356133,0.569013878972021,0.454092299528157,-0.0441320417365422,-0.25610254904496,-0.371915363482577,-0.318049636901548,0.0956449378411804,-0.174840760044009,-0.22050703290012,-0.356296119756638,-0.549803043423631,-0.0566091187561739,-0.251459825261411,-0.38417504107509,0.129022245868502,0.39567116576787,0.620783436540101,0.3733360128026,0.300560216017613,-0.227319141419583,0.0235013197283679,0.0441102067902689,-0.438681505567197,-0.391518876216324,-0.113559045621703,0.0502192754237712,-0.450102106130783,0.178159541430538,0.260518811426466,-0.222448782443346,-0.163495366731079,-0.161850262612511,-0.118998478105822,-0.165164724477531,0.0331030947710127,-0.0967160352191978,-0.102883641352198,-0.209517142826107,-0.469510729710952,0.173665870649096,-0.270613880678238
0.0679251305397719,-0.238942761044981,0.252240111503633,-0.354258449597743,-0.179271254948594,0.18094140383062,-0.234774225722257,-0.202038803170918,0.0360575160156671,0.304265972098471,0.467650589784544,0.477258907273685,0,0.489347835384669,0.364038007488008,-0.490037951803694,0.449420223695987,0.0218121505267023,0.325758010808578,0.0470934995868998,0.406733887866267,0.492308229550803,0.475281408199517,0.179408986363469,0.309637075132802,0.521836965298723,0.42738516527429,0.414515405899611,0.371643751628984,0.328393050002811,0.0906751358163359,-0.022312002353933,-0.346249721031084,0.331197906409919,0.536154575744592,0.204426930393217,0.33294387919925,-0.302478925165561,-0.234736509514866,-0.151518433548494,0.101770595728536,0.358317874388122,0.447820798714674,-0.162184092014618,0.0972256964432336,0.113724397608911,0.350489930535981,0.240627342714326,0.167058540347959,-0.126548127183994,0.201974813326356,-0.0494030109721417,-0.0414036068177312,-0.319858865082448,0.0104614858792123,0.265425725820787,-0.365886082379647,-0.207882776242442,0.00437533759225858,0.278178454990801,0.04301183670056,0.442858485673972,-0.248358591848634,-0.327422096684448,-0.322315363234807,0.26009855527886,-0.271489576445136,-0.175474947208568,-0.308080824753916,-0.386167046567156,-0.0166723718551745,-0.368236534366229,-0.347494773212268,0.00485752420444791,0.113108916339457,0.285379780461248,0.360067734931942,0.224826030284852,-0.147195500761177,0.014959559090568,-0.0202977042920959,-0.315791883648945,-0.30952988772354,-0.0608338005201287,0.10316757275588,-0.347521193078746,0.341833545841079,0.418144044165061,-0.0271643898888733,-0.15251670692007,-0.157572883105798,-0.163074727356485,-0.258368428759815,-0.131194039017718,-0.209373492084873,-0.188060025913036,-0.155747388899264,-0.38548337137498,0.173775680491142,-0.245514753923091
-0.0879640930956481,-0.343848701850519,0.169257592596758,-0.363627604382896,0.0218897322466581,0.315957505805039,-0.262144384839002,-0.196370438868368,0.184365612336919,0.147997771666062,0.345363030086925,0.327473067412571,0.489347835384669,0,0.633841256929828,-0.560476179189359,0.463466022932071,0.229499114513056,0.711981068339038,0.0636426407034729,0.645153120825021,0.482407910844694,0.730301289981564,-0.0119999638412685,0.051888043721992,0.396900993517914,0.493950757023834,0.311141485580973,0.388517414538536,0.546167079059152,0.279404013541089,-0.125276084400929,-0.330663772089234,0.427061571895065,0.474223987997591,0.164722127062918,0.272922533991652,-0.32731040265796,-0.280461224390698,-0.324435153249152,0.0480491574424193,0.339705033714864,0.324005677841134,-0.22479407901861,-0.0600677061735494,0.265485727039496,0.555654117737887,0.426859892944671,0.0356665957711722,-0.160037620515952,0.23074592796228,-0.0292401991979045,0.0961874923262692,-0.213729739901731,0.178720730927124,0.305628659527633,-0.384244745462794,-0.0563820915184004,-0.1213139952763,-0.00263450102031127,-0.137545345988323,-0.0836650230911413,-0.335307682150399,-0.144980635230029,-0.0884031591980835,0.513172458740524,-0.343490157466855,-0.184612716756848,-0.329949402737739,-0.318444992575889,0.0909516003262015,-0.397283150157143,-0.317315926613366,-0.0892744954946916,-0.0773509301390138,0.114371678859265,0.334065090696564,0.36923452143347,0.0925800256302065,0.060676991856608,-0.153861223595253,-0.385861917244849,-0.283022576548177,-0.20525831211469,0.14053730374641,-0.448651398805017,0.204023360988051,0.305930185020632,-0.160317178745067,-0.411856850388924,-0.0457821480428174,-0.179865007411837,-0.296334715301387,-0.0796003421426993,-0.196630217523628,-0.234146542164598,-0.110496642327625,-0.384634517743027,0.106560072677226,-0.347469625200756
-0.203321589488105,-0.224563932800493,0.114774534556027,-0.1847789224137,-0.0364978633509765,0.219193915841974,-0.353565770564872,-0.189970827883347,0.0629196278555928,0.22746395950474,0.309475215325895,0.233223589650557,0.364038007488008,0.633841256929828,0,-0.450467991653939,0.217625716074638,0.0840647388384768,0.320077811994909,0.0983892309584862,0.604724535190829,0.411506864609133,0.571888966611918,-0.00745988345617499,-0.061787445374656,0.270405632959138,0.485013981076799,0.318598913901532,0.410486927761029,0.527999244291222,0.278699272367364,-0.130902368356184,-0.199811392730004,0.35030193541904,0.42663750489957,0.145266332330629,0.301471315046467,-0.299946922540094,-0.330099517649062,-0.328344643496034,0.0232915646263419,0.266401109438028,0.200754024141931,-0.150658135927468,-0.0283637070240649,0.240514564131606,0.499042940726426,0.447131519615188,0.00351603880437785,-0.101308471053551,0.237346084623467,0.0317099628742403,0.0332311808349943,-0.122477744821318,-0.010893103645483,0.150813829647438,-0.344394199296478,-0.172901403661362,-0.0099222414859314,-0.0821183568403205,-0.0173166796683345,-0.163341328458892,-0.297982334908665,-0.188727336257375,-0.0672383371443262,0.787951592517882,-0.309929546147652,-0.333713786377724,-0.353766727338637,-0.317560835073655,0.147491423758998,-0.38582085932834,-0.328565633595372,-0.0920135496066668,-0.0359998689636012,0.129594398316164,0.405205955391771,0.403825252099184,0.126821197652303,-0.0102584688119607,-0.23029594265919,-0.353378436405008,-0.274347682771719,-0.107386265282904,0.149455307005711,-0.389979466910812,0.263716837869621,0.260970554626745,-0.207311324289889,-0.42156719282795,-0.0907683727113978,-0.156798907414277,-0.305799719096141,-0.0817927139360537,-0.207621779651884,-0.176827655184202,-0.0967445655160359,-0.293877398172382,0.00515654610702511,-0.307109150761924
0.222915815200946,0.485554418450649,-0.131719135609343,0.574963995732511,0.14755409436127,-0.16765813371711,0.406676384285008,0.417355232150527,-0.0614861110592654,-0.3030272400981,-0.412478883387746,-0.391129690417737,-0.490037951803694,-0.560476179189359,-0.450467991653939,0,-0.471359471004492,0.0490731876679766,-0.438579264232485,-0.281402217428315,-0.62964236108288,-0.43404650052015,-0.65405327151277,-0.101175508839984,-0.176868578876126,-0.541570383432708,-0.617488278061925,-0.571508967095999,-0.558790396087845,-0.544789516097276,-0.261876206032313,0.102567515793276,0.434830711612303,-0.256266844847804,-0.545467730103643,-0.257567900450257,-0.5389965895004,0.447991458324489,0.438431307974516,0.377827287321072,-0.110045689091062,-0.471839820767789,-0.422162782212263,0.0746422303214508,-0.263307472606625,-0.438323797722301,-0.547698560104217,-0.478421198036793,-0.125333061399982,0.0232218373290609,-0.130097388048979,0.195099723885825,-0.0316415096146576,0.364718879547014,-0.0602637539999806,-0.220924691277322,0.592223640054015,0.19081460272755,-0.0401879025116355,-0.0442245034755509,0.0448235703173551,0.0590076017794698,0.425458252372572,0.344995813349392,0.28543662885488,-0.360369786816521,0.345682733294278,0.391074870409639,0.53129417897765,0.579866622588872,-0.165157158564009,0.533345001455554,0.436990779168522,0.103462975433548,-0.122369211369697,-0.257581747127598,-0.493851363321289,-0.361691618057155,-0.0190009016936905,0.00777433752399632,0.0834895066420012,0.530330002540946,0.313034365049071,0.158901738490916,-0.359988189105097,0.478630319611685,-0.382581874087042,-0.487961583971455,0.130433836186484,0.32981128878872,0.0652104335954687,0.263430478267341,0.415327225794198,0.130431919216136,0.168461670464853,0.163149999852788,0.0399017359356353,0.352883694653382,-0.107607064018222,0.33488902536236
-0.125272218392246,-0.400721365139931,0.0990262241871797,-0.565360746299503,-0.270596696911783,0.0193453880422267,-0.236739661223513,-0.372079896282147,-0.033237087684229,0.390602910127136,0.270050205263648,0.50798897236998,0.449420223695987,0.463466022932071,0.217625716074638,-0.471359471004492,0,-0.0122572690270955,0.597807628574631,0.204427252425506,0.531582572550224,0.398674263987885,0.556687149525578,0.444233295492392,0.145483077226904,0.394687669261803,0.366563953500964,0.468155037350198,0.511031761886839,0.529926613029241,-0.058686399863798,-0.19828935923171,-0.231420797206571,0.283863004526117,0.393008629004787,0.196494956685961,0.365894142367205,-0.386942674530034,-0.245863851510059,-0.010516377009535,0.102020299429281,0.178077454390602,0.213388851040684,-0.00425271220317917,0.235657275325976,0.148722936625095,0.319739412162981,0.191855026402652,0.0676600489271888,-0.0447958450743222,-0.140738424559729,-0.290500915647622,-0.0192746912317288,-0.508481288988727,-0.09979816905076,0.0485800928772957,-0.509906130260367,-0.210606701643206,0.0137298367640378,0.265161199965905,0.1588341101951,-0.0566921646839424,-0.223739215667439,-0.152677263456503,-0.15762959806186,0.127370553566343,-0.323008595011591,-0.050080755202939,-0.25518018457247,-0.461452851984101,0.220360658542513,-0.203612281882568,-0.172088096143486,-0.104960930683123,0.40257243966941,0.326984260958431,0.477371257355928,0.386367442151805,-0.0644892700716203,-0.201025488750047,0.279612268153586,-0.423356801564219,-0.224764802022343,0.0164769175248452,0.383988507918319,-0.283201594385048,0.194516631747045,0.339117597949377,-0.0967235892700994,-0.175020987442761,-0.219644406051432,-0.264192532847605,-0.287503288567812,-0.24286036423195,-0.326346910126024,0.0037026766339936,-0.104707803819485,-0.252775178982676,0.0233035110572594,-0.233496105757728
0.0430724531423812,0.260757481682262,0.223463508230509,0.285781422507049,0.427727269644645,0.194449445325528,0.260574714044136,0.539357217899575,0.187830023344558,-0.338862867646714,-0.164919007914958,-0.212174092049107,0.0218121505267023,0.229499114513056,0.0840647388384768,0.0490731876679766,-0.0122572690270955,0,0.311272658066603,0.0454385845813986,0.0544184149165323,0.0899006761554814,0.211245625870246,-0.216764497923364,-0.250159932397691,-0.127972336714638,-0.0526632255809619,-0.0903015563539414,-0.161097576379166,0.0184647139107044,0.0458574159169141,-0.277490578050443,-0.00342646480984921,0.440735863807893,-0.000849700147093192,0.282419212443787,-0.0649162240651571,-0.250226198268041,-0.217641146438248,-0.259508422602197,0.0174666457232852,-0.117943040068337,-0.112561185369526,-0.125685151235846,-0.0977900675329042,-0.0935467952919723,0.0980360562493477,0.0866848104155562,0.184523173133536,-0.0260287643357285,0.0353436622788833,0.43717907649479,0.340326665232588,0.385507568041369,0.246954242377336,0.169326175676146,0.363009268226813,0.248003907106863,-0.432530314053525,-0.344696100346326,-0.478208981748095,-0.113634726508249,-0.173624938898305,0.0577041816873604,0.0295846618908575,0.0491316753286325,-0.0891604011944616,0.0479291392306441,0.140091272693982,0.474996615991591,0.0477196670576858,-0.0471795116069731,0.168607607676403,-0.241901582615371,-0.333398313802349,-0.28068015824345,-0.201363376411748,-0.158287967938089,0.102700945885779,-0.279111460618615,-0.0481803244898755,0.0662922794345266,-0.0314284639908749,-0.0816597647480678,-0.0953751432643424,0.00768677138861236,-0.11882290309356,-0.0300563737215052,0.122609248044617,-0.31124889733113,-0.159400451476296,-0.236221621357263,-0.284688280666509,-0.188967688914323,-0.267796154286313,-0.103664624206774,-0.152154456273229,-0.0140579385899493,0.141890225597353,-0.0877289026904924
-0.0344020285545804,-0.311671701201075,0.145695996567599,-0.324768847839273,0.0561571418051658,0.210114647075491,-0.0982845482362904,-0.0999218622294938,0.130114427463752,0.0408306105535393,0.193258344042085,0.23136047063112,0.325758010808578,0.711981068339038,0.320077811994909,-0.438579264232485,0.597807628574631,0.311272658066603,0,0.016734151996879,0.541233875075667,0.314906084182055,0.626529671080865,0.0855613374293051,-0.00362071269575405,0.26206335148461,0.361840638925353,0.26122113308242,0.30671367328339,0.516728427297163,0.162847402220062,-0.115067591815814,-0.202103127188854,0.345433476185648,0.308797514002565,0.0679157956724616,0.185203416895177,-0.239983068506168,-0.172464651192004,-0.203040154309748,0.0484821913200892,0.26835963901525,0.237984330918283,-0.0963348040577704,0.046811826374857,0.268734262833493,0.392268959349257,0.300480523351753,0.0583505520360314,-0.0655041765412868,0.10598115227074,-0.063280209121875,0.182954265324406,-0.208123712387946,0.185903929730782,0.237755502626881,-0.276271405165057,0.00948168222593268,-0.217141114272863,-0.0013646649295248,-0.20549436509815,-0.0909558796356354,-0.248236005049693,0.0606104241856948,0.0531333030930674,0.263169670208228,-0.277847977189884,0.0442129842714906,-0.184145540523428,-0.203104696497074,0.109258873629708,-0.280867372007781,-0.129422867406715,-0.150055973079007,-0.0127398256506296,0.05911761791764,0.209490284169368,0.276647185830705,0.107414124842416,0.00809052493934482,-0.00358940286401735,-0.379775307223343,-0.215223824940691,-0.213030716424377,0.174537988792119,-0.357443630294455,0.104890421363856,0.235234414338403,-0.198190253642099,-0.360360102561582,-0.105870353209754,-0.153605307592126,-0.262622807126751,-0.148980179346285,-0.201524034674892,-0.121669641775981,-0.00255948930947762,-0.209216702935546,0.0503747756252226,-0.244064638866009
-0.244900429904637,-0.0151558404250557,-0.0699727417494146,-0.244881200799687,-0.0205046529578749,-0.140465421517845,-0.198173345629187,-0.187121049987322,-0.106173923849422,0.078483643104828,-0.175874519473827,-0.0495130536183162,0.0470934995868998,0.0636426407034729,0.0983892309584862,-0.281402217428315,0.204427252425506,0.0454385845813986,0.016734151996879,0,0.330768785108898,-0.137262427788113,0.122619166861881,-0.0158937314602516,-0.237242861699641,-0.0789475151539399,0.177767891311869,0.259277835725802,0.496442367470594,0.134704043332627,-0.0999380256271636,-0.272069160290491,-0.171478390953398,-0.0772389189818789,0.0401958806806555,0.439548262766077,0.305688868690149,-0.502749137514687,-0.429042011146339,0.000294480667033348,-0.0762127442497991,-0.221078841836702,-0.235774762932425,-0.0603454834142137,0.199303226214577,-0.127848729658132,0.0241126642103182,0.0413733688405186,0.0969066202706132,0.0394423472104976,-0.217915565173961,-0.122485982949829,-0.00556580051176582,-0.0815284984545724,-0.156405101305856,-0.122744801340781,-0.115554842227563,0.0257455091764431,0.046454480616508,-0.23170479585947,0.100816165394506,-0.10057556779838,-0.0843637701015164,-0.0832794041309298,-0.0797243363653143,0.0465844817004238,0.115302048379723,-0.159726191442716,-0.117949036448568,-0.0426510701673666,0.711511064582339,-0.263187426155222,-0.0788912552116213,0.0239292718473059,0.348142804916229,-0.0196915427104787,0.473520979442975,0.11554921161594,-0.0609004152066848,-0.374829708955428,0.233929740810023,-0.0467945532020308,-0.0488818872032141,0.0857900696801885,0.420303518285392,-0.0513046973213502,0.0348332881997103,0.0394045968703987,0.477131832473492,0.0582071564278017,-0.291878494613152,-0.384738983703159,-0.302518325865716,-0.338828723518814,-0.34513243227738,-0.0514340852774387,-0.318496614421746,0.0187635911406404,0.0778760749647038,0.000294547916875832
-0.186924765969796,-0.457338285229,0.0533512149364992,-0.503450209844863,-0.185985225091149,0.0266999086140817,-0.436970648814232,-0.434578677476882,-0.041682884843163,0.32892890318964,0.374639575502701,0.356826533418662,0.406733887866267,0.645153120825021,0.604724535190829,-0.62964236108288,0.531582572550224,0.0544184149165323,0.541233875075667,0.330768785108898,0,0.41347666017581,0.722261925622491,0.243841387069203,0.0118982317088717,0.436663767535559,0.617796942203411,0.522997658439562,0.653621463751402,0.675296908240061,0.0923000165419558,-0.26500375735679,-0.26970290895022,0.332668821740061,0.456966953621499,0.173251372527858,0.402797153087778,-0.459602753826972,-0.38196883272902,-0.200344606779515,0.0614364061832171,0.34001708550345,0.231218221057456,-0.166858961869407,0.255288760555892,0.333492754346336,0.48994726703463,0.383411010002897,-0.0713019040199175,-0.0368702394709436,0.086963088547926,-0.241840251894487,0.0364192150781114,-0.403376113397633,-0.0943635256838386,0.0383624054444322,-0.584216875268004,-0.290165427711965,-0.00950646327010658,0.0952395788966544,0.0602846557097758,-0.156155996407478,-0.411291425900623,-0.317632318150578,-0.19301788665482,0.503248345895357,-0.317444113892271,-0.320500779242955,-0.442697949406674,-0.515506519548784,0.374540777045022,-0.428641876675456,-0.406127393535137,0.00101252944669176,0.276853584687691,0.259631243417072,0.61516266274026,0.441241845031881,-0.00634930269698252,-0.202125719787946,0.0490023062834865,-0.52318999900113,-0.251054849871045,-0.147586246379097,0.422560694140943,-0.460787814908831,0.20897227183106,0.350760957842662,-0.148895617839975,-0.278997252566964,-0.278353589956586,-0.310961204499571,-0.371183447949597,-0.277241797499189,-0.326204531173546,-0.227765606625628,-0.134919487014763,-0.412462090633023,-0.106157887238757,-0.329607891299036
