0,0.0249156842515166,0.423414868933846,-0.18558468108491,0.127463472948994,0.360723946242381,-0.129140906212089,0.071194788548345,0.254306125240643,0.13655818589068,-0.0585680893369841,-0.0689742081465253,-0.0951752627799198,-0.144099421657614,-0.0879245303010274,-0.0280923534692428,-0.240541767058288,-0.195987335678221,-0.166737488872419,0.121131385255886,-0.277892676590137,-0.320344582483853,-0.240924249634178,-0.179065746243078,0.214125950786907,-0.0570212939643689,0.104904976387233,0.239173931174731,-0.0512505890756159,-0.204826660144049,0.0709099297627923,-0.127716494964906,-0.2509859360066,-0.311954805141932,-0.187342159324679,0.0846391708606529,-0.233839709874236,-0.0801489211005545,-0.257124718655829,-0.294422721442119,-0.323036797118809,0.0415724432730177,-0.233814243130612,-0.0947834922892516,-0.137487723924768,-0.245160582069232,-0.357159122336353,-0.0586837362448668,0.220697064579493,-0.221422279045905,0.618179879237823,0.0690777220472037,-0.252399158076017,-0.0921423821839362,0.29022865853539,0.475697490522441,0.0401966079528082,0.258597691329929,0.151307502851686,0.0127975244148084,0.103175215752862,-0.118155353389378,0.133660175469102,0.152454009831076,-0.140318854950636,-0.0386574385926782,0.0940550062784846,-0.177173563845803,-0.335601806172627,-0.239173175976553,-0.14401005652413,-0.262236177344378,-0.0879900406868355,0.0132724811491513,-0.231568362184875,0.22138811530904,0.0444960780138345,-0.0411989697272158,0.0760342740969487,-0.149061808362556,-0.248693330441442,-0.34991330203017,-0.120269755748771,-0.199377233383216,-0.0162230966413437,-0.245645785349238,-0.253996409820452,-0.0105608734445729,0.0029938924439923,-0.139536104354144,-0.263850705683638,0.0681627762762152,-0.0609874488612008,0.0368756675460793,-0.0891506274531845,-0.223129922450116,-0.3494356543854,-0.0646186394744938,0.427058507613959,-0.205681396174683
0.0249156842515166,0,0.170891452140786,0.590332692287915,0.387175196871232,0.0355892721378867,0.0422977954981094,0.160805229737802,-0.118361288105363,-0.170286665000942,-0.0242736757976525,-0.13197427032695,-0.0110840354157993,-0.201881000878026,-0.218734413417139,0.332106072431798,-0.149692057761014,-0.0648927961601899,-0.168570401351155,-0.296213451164451,-0.259803872207086,-0.087753313248742,-0.240226283353047,-0.143288898970712,0.0913987994624851,-0.150394080255513,-0.305712626699193,-0.246540370667605,-0.243581224814979,-0.293717478031846,-0.113298671601729,0.0528770371133113,0.192402746554101,-0.019109999113814,-0.010098248518438,-0.189726477873529,-0.260194236657517,0.138136548335217,0.00367897533544328,-0.0580252450707022,-0.160358391602971,-0.199857898403176,-0.0338384953088057,-0.187883420570357,-0.00581624033060625,-0.123831304965958,-0.108779512527929,-0.0343463141581531,0.00281304112166245,-0.0825473995711414,0.178088550455677,0.698139509002901,0.205843533768903,0.473388348047853,0.225476645279347,-0.0827534718530442,0.219221296909206,-0.110569263113739,-0.131947654563527,-0.0124337664053465,-0.0516583933779694,0.0166623208425015,-0.173201110917817,0.0444308094136268,-0.152340958142502,-0.2476522152209,-0.114208102998965,-0.0825271634174986,-0.0605070338736477,-0.0734851838817774,-0.299389986632293,-0.0347111745438514,-0.204114484069404,-0.233281222167403,0.00100286783597506,-0.109848671800369,-0.343631896780066,-0.28493611614882,-0.0289989545514298,0.0321191957809676,-0.13226800771634,-0.109800374814206,-0.0153083938676286,0.050077859911959,-0.187562458128203,-0.0614071510596632,-0.293159726665556,-0.228408136636118,-0.213520916692608,-0.196447860960824,0.021384815919015,0.00601049575480734,-0.120629259905912,-0.111423151933528,-0.121523724332077,-0.207183279627023,-0.183209580378999,-0.204087726461448,-0.0311982226265696,-0.126207020903041
0.423414868933846,0.170891452140786,0,-0.236879629655368,0.116173595747714,0.756095704178447,-0.0190348391299672,0.478502494641878,0.650514085395914,0.00942980600055403,0.194391328024203,0.0930461738277957,-0.0249831518025674,0.10559232190743,-0.0181874563357178,0.155848978902434,-0.0212999468931846,0.0698291863311879,0.012572074257196,0.0558474173011002,-0.111018418992511,-0.13539760070748,-0.119644803626269,-0.0913293839607806,0.255081248082813,0.129756550894938,0.0754495025767428,0.0502068090230611,0.0353398546867033,-0.219141004910022,-0.129599600472771,-0.19865993534415,-0.242617617987571,-0.0351297394902493,0.0205277671166724,0.139652782593693,-0.151008244490507,-0.236408566983337,-0.310810415415088,-0.301836789812337,-0.241423857423787,0.077176938075731,-0.0262677303656626,-0.269235688385298,-0.143917237051777,-0.24018749034519,-0.173760482134198,-0.193017411134061,0.349194315747042,-0.199087461023242,0.240936620624433,0.291103172285837,-0.16820587376887,-0.179796812446174,0.550159133019922,0.691277471975446,0.327472002546035,0.620547845614853,0.138646948095729,0.180963411372811,0.159861746189714,-0.0639656876174546,0.142333094563343,0.0221867171890587,-0.159088635897362,-0.00392906130641833,-0.0318967969230377,-0.0739096727803617,-0.0989241577481605,0.00966144703552358,-0.10092636889492,-0.0845694521237921,-0.159219509584824,-0.142122861459326,-0.0648569308322508,0.173924890893612,0.0745427664794191,-0.118751980125544,-0.0210613490962332,-0.228500775641688,0.00457325792964898,-0.117043136535387,-0.10489753541899,0.0228502545276164,0.104840877900425,-0.237368866931348,-0.196276158207991,-0.0950226078139456,0.0969905114147109,-0.0651543801633107,-0.361867051231437,-0.0936054297102364,-0.208182195243233,-0.0593656103507157,0.0127962854931648,-0.252350286863133,-0.265198119042436,-0.228950168501579,0.437566060332469,-0.119317749669181
-0.18558468108491,0.590332692287915,-0.236879629655368,0,0.551594252235964,-0.19956104625747,0.00821900997993659,-0.201007914996632,-0.438530360435817,-0.334784174816847,-0.277650101795086,-0.289471485573663,-0.0367305460147603,-0.150214276724132,-0.0151812011092549,0.0802051991592836,-0.206484023824007,-0.15664984268152,-0.178843397125652,-0.0794345615688486,-0.0487155251978011,-0.211537352934795,-0.0758337100764371,-0.11885119168845,-0.143332095064811,-0.337345824601393,-0.341586076204189,-0.127878903444858,-0.169537067605106,-0.0441486563896613,-0.210342280954601,0.22531060657126,0.35020831585094,-0.0983114419625708,-0.250624294238419,-0.302912989099723,-0.166699954181461,-0.00283765598035668,0.00914372373506035,-0.0783140751857473,-0.109735081172214,-0.405330571969373,-0.252664170565974,-0.093926330043278,-0.0849881783614076,-0.105974636017039,-0.0503272299016286,-0.0888938516674056,-0.276121519135497,-0.08588999759212,0.0141557330545448,0.498911135990446,0.284610343146129,0.808568057585702,0.0672518540298069,-0.439696144619974,-0.0650516174659487,-0.338050674862862,-0.437923715251797,-0.239196786552769,-0.250240533587707,0.0195697583866568,-0.0851116723073402,0.0566379869094317,-0.0317134510882006,-0.0349058609110376,-0.254609897763911,-0.0717027624054699,-0.0670941409664719,-0.112809511906163,-0.01676213864839,-0.143307249069886,0.0559803563482345,-0.260428022292094,-0.048188532281122,-0.393748039746641,-0.241007345613913,-0.00200183438206251,-0.189534543362107,0.206389360342457,-0.150566083959209,-0.122875616076522,-0.215050060453043,-0.22694428327177,-0.34812336226868,0.0509951635689488,-0.201520700487247,-0.155893586903762,-0.263707202907382,-0.208725376147677,0.128353364495495,-0.135450679164836,-0.182254447546361,-0.304813025007121,-0.320815560104942,-0.194082891112153,-0.162144924907626,-0.0986327023862891,-0.30250311604217,-0.213533357605607
0.127463472948994,0.387175196871232,0.116173595747714,0.551594252235964,0,0.328160234381833,-0.266203722575425,-0.174436021536231,-0.0978827918959779,-0.321500176766342,-0.244946604341726,-0.371591916333135,-0.0564638702045176,-0.230725102620315,-0.072816205710775,-0.189857168500579,-0.484695443692625,-0.374985863608757,-0.414239737487996,-0.0150482979581945,-0.218924959525445,-0.448164002557692,-0.270238957601613,-0.302973410082218,-0.000411639843711671,-0.249297177431165,-0.260738510775873,0.199970318452489,-0.188830400652788,-0.0722214307196388,-0.383629608669319,-0.074135439059925,-0.0116454770718028,-0.31929475460244,-0.393572384148918,-0.236957136589733,-0.100755687807716,-0.266301726800076,-0.303097142568639,-0.319680073875433,-0.348958531036364,-0.421299345764405,-0.39349547142096,-0.30668895337269,-0.328736041085436,-0.300682640999142,-0.258503438133391,-0.298267306834177,-0.134179864762697,-0.21894055737249,0.00771784144687276,0.432617883480889,-0.114140891784417,0.738232494444668,0.638876408251264,-0.00698850753192873,-0.192140639750156,-0.016982573679124,-0.324979248167713,-0.197340226060534,-0.0481842293100599,-0.0282196567317751,0.106030507023442,-0.0132899043649595,-0.322305535080359,-0.0378923510183343,-0.268101854837905,-0.316277745830207,-0.350824157965656,-0.360688776858533,-0.0981710347617075,-0.423198352776302,-0.137321109914644,-0.341747054082735,-0.3682203120169,-0.207429778464283,-0.150839758056582,0.0834349442725519,-0.256610896010226,-0.151456655824985,-0.308139055153396,-0.19404960493358,-0.359741090533798,-0.37857770210294,-0.302400000603104,-0.0234929105577071,-0.183300913081113,0.110779723866125,-0.262498193874059,-0.203916957118098,-0.0576186806782032,-0.177808835683454,-0.335742559195701,-0.369251022677202,-0.334338291346703,-0.328137841544157,-0.306233114459923,-0.26206585763971,0.0144507340304316,-0.222399814515772
0.360723946242381,0.0355892721378867,0.756095704178447,-0.19956104625747,0.328160234381833,0,-0.142741882238368,0.268592715506049,0.684859192480913,0.0769773145802634,0.216288425399127,0.0478324825293225,0.0275255114467238,0.107320108849218,0.0731689154930932,-0.126112739045906,-0.183855976428606,-0.155126122014857,-0.0733392047160759,0.131541417767648,-0.0773730643282606,-0.252229687007771,-0.17721060957233,-0.199554506172426,0.268752791988583,0.108142979746305,0.0639268655121815,0.22465624303908,0.12775839535789,-0.0994638834913111,-0.27446048762038,-0.212138899458015,-0.304087264434071,-0.191077138877684,-0.0931486121318887,0.176935883247084,0.0378331884231478,-0.277082624325593,-0.274546065572234,-0.296830254624653,-0.306686538578125,0.0157694250183292,-0.142176679722456,-0.232713796944622,-0.273401767295998,-0.259984143762796,-0.205604848992687,-0.209173050258643,0.434901379871628,-0.089655073489087,0.103356007044166,0.197261780027521,-0.390924865609468,-0.0388487074053698,0.728622596687766,0.74182124103112,0.0808411674945726,0.618178409277526,0.174149171665979,0.209058167300089,0.208732924000183,-0.0153363677644002,0.251482090221902,0.0266679242706553,-0.235591720245311,0.0818565486829588,-0.0633025131612954,-0.12282062993324,-0.243177554916334,-0.158297660821036,-0.026186289518016,-0.225415611118128,-0.229597147113462,-0.167973955797749,-0.223142361741324,0.15423820248309,0.181230706995581,0.00216295723733086,-0.144069085087657,-0.274467306189656,-0.111542781710637,-0.075454800333749,-0.220995412397892,-0.0892478031742743,0.0418765155984691,-0.194649205618989,-0.00177817748465917,0.105322700140302,0.122991340076351,-0.0425711926348829,-0.323361894554463,-0.0702925082350757,-0.192731630422015,-0.125079231148347,-0.0749456442447568,-0.185817579913006,-0.283129397808055,-0.243906781341734,0.536998509440552,0.0192534556371379
-0.129140906212089,0.0422977954981094,-0.0190348391299672,0.00821900997993659,-0.266203722575425,-0.142741882238368,0,0.0967051737922057,0.0756167266406329,0.261118355775567,0.169672214584725,0.186709712769569,0.08980138513086,-0.0877561638679655,-0.024008173901123,0.29119345572424,0.0858404691603203,0.18585736795015,-0.019928769278653,0.076731942233807,0.0280736241483557,0.139502786644689,0.0199431611297271,0.332939187131433,0.173619633299228,0.0818819747750719,0.10710908546596,-0.101153325056994,0.0584997165232528,-0.0657956175933206,-0.0111693353271041,-0.144286334431086,-0.113263887757435,-0.0176962164174831,0.0470072781450762,0.0626889450998491,0.00388990800162635,0.0898383621599498,0.165296542361868,0.314069478402428,0.238491870207284,0.258932307483255,0.116456916914567,0.198859898285995,0.0580106053672336,0.234471894647334,-0.0787466585631966,0.0625239982050042,0.0792563079166462,0.208384049415169,0.0108557527300455,0.10303843528477,0.426962560416332,-0.0995531706636244,-0.307092003144246,-0.0260094236609432,0.325041807803764,0.0367875879481746,0.171487647330546,0.174652224405411,0.0946032528098608,0.00841897594552745,-0.0403271276599377,0.0330942874523008,0.0910798325198147,-0.047196080560963,0.428197668641254,0.0311750965000421,0.115401809982666,0.180268916520408,0.0506273769802088,0.378301344772272,0.0864158916952559,0.577066244769852,0.176979766559651,0.167920103382366,0.0478051995443972,-0.123339899713483,-0.0828749851168532,-0.0895073351158444,0.0527618998975405,-0.0480938536079319,-0.0104087399292002,0.155844268818038,0.0959819995390533,-0.114589892796149,-0.0371316851136196,-0.208891836602439,0.128200142003809,0.257259671108849,-0.16709446170146,0.191025604759686,0.308415994500208,0.149338332003918,0.285824759960496,0.127396494531639,0.161449435302924,-0.0158176857032878,0.0300061561006349,0.228573608852677
0.071194788548345,0.160805229737802,0.478502494641878,-0.201007914996632,-0.174436021536231,0.268592715506049,0.0967051737922057,0,0.481865130511118,0.0352337462800297,0.194296212926662,0.226460046728694,-0.237153653803367,0.239345765879074,0.0133013413340297,0.450445069780819,0.372418083386664,0.503895169383828,0.349528299752486,-0.0870124948079012,0.0912379259858882,0.21448442867871,0.0660105412815768,0.0410847290537767,0.147254720171298,0.143007212125575,-0.00820104065453872,-0.114133597715313,0.109184340398774,-0.0895140731428821,0.0463265610422565,-0.243283222528532,-0.190330217147466,0.329033469283227,0.174012243969882,0.098337295329329,-0.124405760332623,-0.233528429142504,-0.234892611259798,-0.187092654767159,-0.227611851056664,0.0268931002060899,0.0638850995319383,-0.291532598439071,-0.0647195989592016,-0.244312431976052,-0.09475273949743,-0.17226803174792,0.182490778369845,-0.255765764381345,0.136523490881732,0.257189466292053,0.16228028760667,-0.294199655756498,0.120339214706981,0.350670680705071,0.763081706441489,0.578416089384418,0.17622266902549,0.23337522834056,0.0820164077848312,-0.252053663966932,-0.0894813962219843,0.0184582964966754,0.165485448448491,-0.0250611184617384,-0.183835030557903,0.182317628045543,0.329137343696198,0.462221845272678,0.00680353996786633,0.242905324824042,0.107692823740092,-0.120570996007474,0.338302126325061,0.188286132325687,0.144596095803132,-0.103828755550787,0.0654208515866403,-0.219321270399791,0.179712616025333,-0.141411477562856,0.0771046896426973,0.215276334279997,0.202925621704307,-0.263532707412041,-0.0839212038929128,-0.169105365689971,0.0384944655746098,-0.25878572451009,-0.424982152935507,-0.11340165579934,-0.259056416168174,-0.0877698265475842,-0.0731831875927064,-0.299712287829943,-0.268578504569495,-0.221777614783231,0.148199261735092,-0.147899796337732
0.254306125240643,-0.118361288105363,0.650514085395914,-0.438530360435817,-0.0978827918959779,0.684859192480913,0.0756167266406329,0.481865130511118,0,0.262439363005966,0.339419676761546,0.207479471826851,0.010686134957205,0.175173682103029,0.0317619489858508,0.0363789429750255,0.0633319501743874,-0.00764276069308403,0.1464699916311,0.0403833254500378,0.0245740031067947,0.0029083042093702,-0.100184199029958,-0.0309392054741064,0.260092565243453,0.203266492497424,0.123050548325461,0.0462059765764391,0.114591098808886,-0.0712306364129221,-0.0682684082000103,-0.339528724764537,-0.317776994520361,-0.0676575918015257,0.123169829778808,0.299884476070909,0.116293134824076,-0.0929953880555705,-0.0974663088097387,-0.070953498008613,-0.151775576914528,0.240521434361937,0.115796749572541,-0.145052784292271,-0.155109496144933,-0.0939055102237546,-0.110822331429501,-0.102733387155511,0.427237499367724,-0.0228738392220075,0.0105266764172202,0.0176251841418084,-0.261335956317852,-0.351591852989855,0.380756673995893,0.726086613825873,0.314857033832618,0.799493551904122,0.335266807280231,0.343944062856796,0.236383220040777,-0.0260315808553321,0.2297719761959,0.117245037715782,0.0274075154684724,0.0230786115242154,0.130530665137585,0.0726526089002617,-0.128320787000692,-0.00511248046314668,-0.0217536236486385,-0.0305763595458247,-0.161430508994282,0.0377792351158938,-0.0546157078393385,0.285084029847105,0.183865544335991,-0.0799796263181849,0.00650353504287801,-0.307547320328487,-0.0811815086012633,0.0153711778043787,-0.00733565000990429,0.154637944063113,0.105840981434088,-0.221981819364096,0.111924983817468,-0.0393551585191427,0.163582601818335,0.052844985489311,-0.294593710584793,0.0653672607902872,-0.0418423173829905,0.0555356136059475,0.111385615497489,-0.107590844611653,-0.136280772858893,-0.201099893786325,0.490831423663612,0.132330184418197
0.13655818589068,-0.170286665000942,0.00942980600055403,-0.334784174816847,-0.321500176766342,0.0769773145802634,0.261118355775567,0.0352337462800297,0.262439363005966,0,0.439574441282776,0.47668336774425,0.231082715246143,0.0244629456905192,0.131827752308489,-0.191953808873859,-0.00608980608782931,-0.0971643964880668,0.0364440922051496,0.111119134397079,0.0152386591245931,0.213929153706752,0.0730816712690359,0.255216688069401,0.392568784261956,0.349009915982513,0.118329926031745,0.118746557965227,0.245953520109457,0.130560163418691,0.0867450679482092,-0.0237967563160171,-0.188381725924716,-0.189762124124802,0.147310087624115,0.225477089514036,0.17834279864382,0.251686476312922,0.178533828905007,0.386508461566717,-0.0424225640524894,0.399304377621122,0.150970631416438,0.316123096675678,-0.0134556589966509,0.180768252315797,-0.0562886567342827,0.231402021090621,0.288310569473894,0.164881638609491,0.00490859000738621,-0.211031297005129,-0.318521335970774,-0.371223273584434,-0.130919312778677,0.254790094934193,-0.0110248832947118,0.163326902800428,0.781157972712342,0.37511942319764,0.393722175548412,0.131521144775508,0.139359722500226,0.112957338614522,0.0331410863226585,0.101935847783252,0.326884478607076,0.0946035798345671,-0.148381501104157,-0.128012217498921,0.011504681745013,0.177146416470455,-0.0875055534802003,0.479014961121785,-0.0489557622274096,0.466468090409171,0.260291451089541,0.121220504746977,0.0795567861348167,0.0264450633796392,-0.109544366404283,0.00231883618837401,0.0350168277906498,0.0985736406055779,0.0993317681962998,-0.1322395597364,0.304915436079565,0.175308278782491,0.236382271245658,0.259655786074326,-0.0739998363804562,0.445108649651861,0.508443974195275,0.350242209785235,0.249252648994374,0.323050537285881,0.0700349635078586,0.141025856002794,0.32486675032686,0.268140010711647
-0.0585680893369841,-0.0242736757976525,0.194391328024203,-0.277650101795086,-0.244946604341726,0.216288425399127,0.169672214584725,0.194296212926662,0.339419676761546,0.439574441282776,0,0.685932605206875,0.387366300726835,0.288652619290251,0.283131176503243,-0.138687525054045,0.28220620461854,0.0857001240990116,0.230206058612274,0.0125082890620135,0.237745328929115,0.412236131971537,0.174773245946174,0.348674063827644,0.519494249371772,0.643192670590027,0.11434069932462,0.146229944304321,0.363118479286451,0.199205123861509,-0.146132403069151,-0.209851938160678,-0.184084478810806,0.129188810521242,0.427583874918843,0.268853947852835,0.221627364685469,0.0145407549076963,0.142957227261517,0.237234933408303,0.171346113994422,0.468935205078169,0.360977844427889,0.27382650293184,0.169546992170465,0.244025848726552,0.229896382311408,0.223877176073158,0.350023530824,0.299301333133515,-0.225318732276041,-0.0501768355559834,-0.318794095969206,-0.317494561346942,0.013090157985081,0.302967368322014,0.0325367105452609,0.278266342610776,0.520181589496333,0.756966645793607,0.492353546907777,0.314458189970308,0.066120871082807,-0.0862278698235015,0.0854002537738796,0.223027081231936,0.183617293613376,0.186883480365057,0.0701799190563113,0.0924270385600348,0.113220531519189,0.364827528413859,-0.0945969403710889,0.243805483698616,0.262128166123913,0.513832813260423,0.319381209618199,0.116541260951523,-0.202854977797922,-0.238234407127157,0.119098652857538,0.285022637813812,-0.0201444486441327,0.410925907073124,0.223165236612734,0.0051117626040479,0.304649241966658,0.224272864863444,0.355357914455161,0.393529743586098,-0.170183072569144,0.0687781083468642,0.167628607530645,0.278942109726148,0.253150364511859,0.33519123353165,0.231949099611249,0.188925731509979,0.296413786597626,0.430797048693989
-0.0689742081465253,-0.13197427032695,0.0930461738277957,-0.289471485573663,-0.371591916333135,0.0478324825293225,0.186709712769569,0.226460046728694,0.207479471826851,0.47668336774425,0.685932605206875,0,0.323697355846548,0.446228022753725,0.306845860532585,-0.160550695085006,0.542572654499466,0.27398320850994,0.428255261485449,0.121992287627262,0.381595276904129,0.506399602067199,0.35325006000869,0.538313662537698,0.489817098277996,0.664749337571027,0.176814074219215,0.104116123975666,0.4306524082251,0.317555727198514,-0.0668697061654071,-0.131758601544121,-0.131406109678018,0.198439110952526,0.355842166072358,0.231995644884444,0.142403950214358,-0.102100560141067,0.0405228342398122,0.141908352966543,0.155278873651414,0.413036328298043,0.343751413387655,0.237790368891551,0.171237618118258,0.186813411084283,0.181302032174525,0.163418960781053,0.196645933898812,0.138662841693186,-0.157669298738958,-0.185872891504302,-0.250591602694333,-0.417963044430612,-0.162306997865903,0.142154730971634,0.0522658998100251,0.185502416500495,0.498845821012596,0.631841145029439,0.486783756917326,0.216351858135299,-0.0277379716110096,-0.162525482766695,0.209302370866176,0.255817769385795,0.0943283225084672,0.266807565050896,0.307927882693928,0.274670836800869,0.233647010235399,0.454352695237132,0.161535071757197,0.224411899342385,0.5005486641411,0.571379341613898,0.419511712522919,0.194009911570144,-0.118267705783119,-0.172914431900849,0.359268289302543,0.276744480273158,0.00433494169333847,0.418860452647869,0.310693076313136,0.0274331177648233,0.238589439241217,0.1641489485351,0.36967349682662,0.327596226545713,-0.293536357393469,-0.0844024434518791,0.0584844002238664,0.271760683794773,0.261562975356774,0.275103592508563,0.203437936174974,0.226567299374526,0.164449121007072,0.254202335730158
-0.0951752627799198,-0.0110840354157993,-0.0249831518025674,-0.0367305460147603,-0.0564638702045176,0.0275255114467238,0.08980138513086,-0.237153653803367,0.010686134957205,0.231082715246143,0.387366300726835,0.323697355846548,0,0.110056050416619,0.301301164620636,-0.367429675471,-0.0160155596727731,-0.159442464283601,-0.00648490184050469,0.133168915064112,0.189862915944495,0.244003315483393,0.210232440297503,0.147318239686009,0.087665328878045,0.18267838965272,0.0304498683328104,0.0174048429291004,0.151414737224396,0.325253466097641,-0.124087817247451,-0.0432099150179338,0.00778696884191533,-0.0137960756597263,0.220757831129644,0.193795165708931,0.186115290120683,0.137556481202642,0.307918750033792,0.346478524304754,0.182534840133771,0.187902455043274,0.151533542184872,0.268512447846497,0.15573969237568,0.402860922625012,0.270737730029759,0.336238586772004,0.181275558372489,0.402442606321344,-0.275452046458877,-0.0256753700458814,-0.314287113544753,-0.0377920737893906,-0.045022555197515,0.0745313255368608,-0.280029922827547,0.00376229783721166,0.213019437154351,0.394242594378024,0.397877015677343,0.821336860619503,0.324253611931086,0.140213583382825,0.14242540177955,0.315286772611261,0.241278062668008,0.266929352099853,-0.0697652740677629,-0.0314530928992175,0.199076201904172,0.110629997078429,0.0682112808271883,0.265088984354298,0.0154690807364365,0.118941825057095,0.120307280730104,0.205494037186782,-0.0964811464930975,-0.0225779586439183,-0.0977451206201814,0.238813682126211,-0.0438844887310602,0.0574594394836003,0.0312753305474551,0.0852291779398131,0.240828214281275,0.0720869970785095,0.343691170794431,0.395719271957266,0.065754295828622,0.0768972270444671,0.273427805659236,0.161740114432499,0.228549967565912,0.300264381244543,0.388274226107665,0.403671284091399,0.173686799996824,0.403530261453994
-0.144099421657614,-0.201881000878026,0.10559232190743,-0.150214276724132,-0.230725102620315,0.107320108849218,-0.0877561638679655,0.239345765879074,0.175173682103029,0.0244629456905192,0.288652619290251,0.446228022753725,0.110056050416619,0,0.530782420753392,-0.181329134526357,0.562620343852609,0.37028381163503,0.681543932211163,0.274781654618831,0.696845163910851,0.340719046518191,0.56551273740713,0.254248781851447,0.0200008273221483,0.216287344177756,0.173914161243413,-0.0438773825428687,0.417990336036448,0.453411903375193,-0.110621851666343,0.0170912703056388,-0.00505503177776953,0.299911601353597,0.178722054224238,0.127002388981243,-0.00518922668882457,-0.193766344329564,0.0486548119762237,0.00170044539195641,0.0466191831727589,0.117001729736467,0.10192496967936,0.0484795786932792,0.134145476336921,0.0671746179183035,0.323514546299802,0.0814856530078276,0.0155341485876661,-0.0117847788067259,-0.161504202692574,-0.114519819478032,-0.174189119071031,-0.215015671495737,-0.0168497887815698,0.0769679031198828,0.0226155420351566,0.242542996952206,0.00445076145693355,0.219791513125949,-0.0536491852809455,0.0576590482855023,0.0270388038583868,-0.0899433389692031,0.43601373575843,0.461161611752879,-0.325198774735422,0.444000932140034,0.499501159032678,0.444336997698515,0.550049484155146,0.243795378657861,0.482878648766024,-0.225071239006035,0.494824055352985,0.0216212636523609,0.439100527902432,0.305933444038565,-0.12817300385727,-0.0527421464237415,0.456169120293451,0.243692139241617,-0.081997859179712,0.152248045545198,0.265084274796985,0.0967236204344965,0.14044822566796,-0.0498916561826491,0.235974569186628,-0.000503486240913283,-0.214517381536914,-0.354153634812094,-0.198624315091715,0.0197750405679087,-0.0432647674143857,0.0415468852083467,0.0553914015029058,0.267570469725884,-0.0311929837143486,-0.0677573426895896
-0.0879245303010274,-0.218734413417139,-0.0181874563357178,-0.0151812011092549,-0.072816205710775,0.0731689154930932,-0.024008173901123,0.0133013413340297,0.0317619489858508,0.131827752308489,0.283131176503243,0.306845860532585,0.301301164620636,0.530782420753392,0,-0.242108561639686,0.188149577795634,0.21545284746334,0.306248777979762,0.488434306474871,0.662652271522295,0.261453186692139,0.555278559532574,0.214212042351095,0.034005047735185,0.254086086366671,0.262164282994017,0.328826072318115,0.610924213687516,0.622413602828017,-0.284150912421129,0.121028284741259,-0.0418147939203534,0.174724539655147,0.068047034777178,0.178586439829462,0.0646835587238679,-0.255063325429813,-0.087745491971508,0.0510810504233977,-0.0592061633266343,0.0434642164394436,-0.137786158933533,0.230832759286576,-0.0266231017470224,0.112180212015104,0.268538556966652,0.128746249243181,-0.010681814564931,0.00768757302598059,-0.160218380839671,-0.167286390586813,-0.245842122786163,-0.0459522110303959,-0.0457820718451177,0.0503832836547939,-0.189438336549411,0.149735890035102,0.10552539568361,0.228996020016176,0.0492025952103786,0.262354674582248,0.338489062867936,0.0961210907283791,0.341978017412417,0.856110009531599,-0.267284510883608,0.315142961806758,0.217597316402716,0.255070534929984,0.724031357843566,0.154732386073885,0.456449220794743,0.0216212692847602,0.170686878540061,0.0248951167863985,0.61797056061892,0.687614341934744,-0.304632986432853,0.0619121992663372,0.147310783241692,0.0235254069983821,-0.361624786171179,-0.00199453030921612,0.207316410974196,-0.0960278106371214,0.193763021290615,0.219716631767601,0.310239867348869,0.0505609495930342,-0.282504168759657,-0.203788705827665,0.0365532785435025,-0.0803820331595901,-0.166467504413739,0.192322872742112,0.0648651101536381,0.403228884502554,0.0261408402212131,-6.24651492931263e-05
-0.0280923534692428,0.332106072431798,0.155848978902434,0.0802051991592836,-0.189857168500579,-0.126112739045906,0.29119345572424,0.450445069780819,0.0363789429750255,-0.191953808873859,-0.138687525054045,-0.160550695085006,-0.367429675471,-0.181329134526357,-0.242108561639686,0,0.176844938586463,0.387251444859255,0.058357028672521,-0.215322425176767,-0.211341919064993,0.111824587547981,-0.154410438786059,0.0204668867616115,-0.00257366494655088,-0.0931687548355005,-0.10331507493979,-0.213193192702558,-0.157385186294149,-0.36864777115848,0.188514241954248,0.0235817706786844,0.0707039505140785,0.292536640423856,0.137173582045173,-0.132178084159475,-0.238533610072163,0.0708041594368623,-0.105173979699202,-0.0701278951497763,-0.0428961320207244,-0.0691958071299327,0.0653906502813639,-0.263981946299226,-0.0385489403435914,-0.22435799871513,-0.130104049121629,-0.114181335916955,-0.030576440500201,-0.196518982225384,0.268027330527516,0.275821520943893,0.611856865640937,-0.080375541687637,-0.128650428717616,-0.00618923520391202,0.573519783281279,0.0492441190267754,-0.0977230348977899,-0.105615558036215,-0.17373477735451,-0.33137592981711,-0.270040116645588,0.0265961790855227,-0.0497506608490915,-0.287100888413187,0.0267370618149211,-0.0369160448809847,0.192846820241655,0.268985952236788,-0.246352210295461,0.176717639152704,-0.0687241457389574,0.00260905260915826,0.154660624602122,-0.0535048020614127,-0.20455977663014,-0.335627321152082,0.124126692242404,0.0451278670926497,0.0804801610174253,-0.229416371919891,0.1140703385337,0.173883043680995,-0.0178265266068052,-0.238482713993977,-0.297179206864366,-0.294696608114027,-0.174320798703822,-0.258848317290621,-0.0703419029255934,0.126571278994014,-0.0465331997871411,-0.0732022098351153,-0.0407183367091739,-0.285844803331086,-0.243747596475673,-0.321743144293971,-0.0964479045452772,-0.182472263431795
-0.240541767058288,-0.149692057761014,-0.0212999468931846,-0.206484023824007,-0.484695443692625,-0.183855976428606,0.0858404691603203,0.372418083386664,0.0633319501743874,-0.00608980608782931,0.28220620461854,0.542572654499466,-0.0160155596727731,0.562620343852609,0.188149577795634,0.176844938586463,0,0.577597696612645,0.71257555234589,0.100515728263487,0.474470790487176,0.53070591652484,0.467839442065302,0.434446120756908,0.0623206481023055,0.329010309737651,0.222638204845173,-0.131724475493712,0.328067640194527,0.205307517441838,0.106054355201494,-0.0586243670864513,-0.00971906884924914,0.478868379024581,0.355444575522056,0.108757258852311,0.0197007206052226,-0.102030737269354,0.0608793418393339,-0.0479823547304127,0.207240200079441,0.173392308606077,0.241906185478512,0.0713167696739149,0.226124155030193,0.133205696225309,0.236016882896044,0.138741193039997,-0.0246014753876673,0.0326432827676897,-0.124599532713003,-0.176232099802277,0.141091694854161,-0.390625224542882,-0.345743571989946,-0.0794542680936351,0.252377285623161,0.0848697039791679,0.0382061051479936,0.278601878099545,0.0303109433651379,-0.0532649362555301,-0.25107779022124,-0.153105582616128,0.368069749406683,0.095161202810138,-0.113514259670302,0.439427751795613,0.637353017084188,0.553276147715494,0.249394096917641,0.519138051073487,0.387073209779978,-0.0514822921022285,0.724803165107038,0.171722243393727,0.291325416184324,0.0478949802337281,-0.0447930385654707,-0.0591731635420961,0.618815656370747,0.207468741694649,0.0795914568807132,0.409572094419733,0.355075105785969,0.0336880751233801,0.0833636215478167,-0.102083713676026,0.201650897243973,0.0487652026355834,-0.18609998261854,-0.212872514349365,-0.110993925140814,0.0696189589160963,0.0727149129820087,0.0800280877903948,0.142847869717979,0.180134902798509,-0.129791182291321,0.0357543932045045
-0.195987335678221,-0.0648927961601899,0.0698291863311879,-0.15664984268152,-0.374985863608757,-0.155126122014857,0.18585736795015,0.503895169383828,-0.00764276069308403,-0.0971643964880668,0.0857001240990116,0.27398320850994,-0.159442464283601,0.37028381163503,0.21545284746334,0.387251444859255,0.577597696612645,0,0.478842134496508,0.30457833564783,0.430720510031421,0.478273414758208,0.540719710207338,0.321363821801069,-0.101378704594291,0.192424921863485,0.273785034221338,-0.0733285169771061,0.371707307219742,0.141776590418225,0.0167542312442199,-0.12225882822783,-0.122854697257989,0.674932115982205,0.332444553272713,0.193016281098682,-0.016651176239669,-0.328944167407096,-0.207095109997174,-0.0991464814999675,0.18382047394119,0.109786827454278,0.15117076754104,-0.0160666773754675,0.175235633276796,0.0473141308060942,0.222858888022592,0.0537956159591256,-0.00586893042517851,-0.0124951483026362,-0.0150492327728825,0.00189781670825495,0.302110518126782,-0.324168303881222,-0.306112910046566,-0.112543007403341,0.415765935130009,0.0709672353694902,-0.0619979647824789,0.0709525240061154,-0.137262613529197,-0.197609515203687,-0.235762564696888,-0.202412860049028,0.200034539100565,0.136122767613633,-0.125937581753368,0.220989928004744,0.685829441948323,0.807956506724947,0.334547803203742,0.539314143405864,0.429861776384818,0.00798561684782761,0.546697833069249,0.0450753950845387,0.315795925033492,0.0570065871003101,-0.0821383561254064,-0.0905619067862502,0.565732787615891,0.149419590003899,0.0609769034575525,0.347519675100432,0.410359028838366,-0.0827977073195888,0.00362597400913802,-0.0949646692235577,0.35260920059072,-0.00627175309432941,-0.313257247162145,-0.316714813824135,-0.141152933358259,0.00409757341294273,0.0451071328926889,0.00591858760015359,0.131386758168032,0.199367628434945,-0.0889578768421896,-0.0136309557249547
-0.166737488872419,-0.168570401351155,0.012572074257196,-0.178843397125652,-0.414239737487996,-0.0733392047160759,-0.019928769278653,0.349528299752486,0.1464699916311,0.0364440922051496,0.230206058612274,0.428255261485449,-0.00648490184050469,0.681543932211163,0.306248777979762,0.058357028672521,0.71257555234589,0.478842134496508,0,0.248091571396896,0.599226448741439,0.476217497009383,0.505905602352781,0.279261281916066,-0.0937519564632003,0.241489067920034,0.27323605648069,-0.11755491561614,0.422595752901982,0.277783561636312,0.0482427458570274,-0.055601023031707,0.0100573246971326,0.446558191493056,0.383010991237636,0.250887354709696,0.0776179547768318,-0.162688397102894,0.0580326255036777,0.00602531623447721,0.158537442143986,0.191968240534899,0.232911614003221,0.0489852890835531,0.259037939628942,0.118425266002101,0.359492241324336,0.183272534382041,0.0872767605348162,0.0852257396669089,-0.119702689047873,-0.0885195651557574,-0.0444399269179064,-0.321674716125906,-0.228214634078472,0.0139327511801108,0.189293898697745,0.210971978543733,0.0285449395405714,0.221176000670523,-0.0818083477676335,-0.0654436453045062,-0.145675548460689,0.051983185717121,0.521418772829526,0.187868950956513,-0.185637269689442,0.677071616818343,0.643211888646354,0.557539920029735,0.427440808063024,0.434788085953886,0.439602601232344,-0.105697864622846,0.67571591734247,0.0562578465610255,0.38273194581861,0.12245485467061,-0.0460359005758075,-0.0508335292717028,0.500066828389331,0.23846646776092,0.036599490104327,0.33362746146094,0.355943471790691,-0.00178886604083431,0.179683310897518,-0.147094979829226,0.317440284933474,0.0224043902046711,-0.24118733141706,-0.299396406255982,-0.126400634342318,0.0405954567238064,0.00551924768847806,-0.00107655738895581,0.0562427406976189,0.252259036784423,0.00583261479006188,0.033680040378377
0.121131385255886,-0.296213451164451,0.0558474173011002,-0.0794345615688486,-0.0150482979581945,0.131541417767648,0.076731942233807,-0.0870124948079012,0.0403833254500378,0.111119134397079,0.0125082890620135,0.121992287627262,0.133168915064112,0.274781654618831,0.488434306474871,-0.215322425176767,0.100515728263487,0.30457833564783,0.248091571396896,0,0.490453350033314,0.131358386761242,0.550766560708589,0.265590508744164,-0.142456940491206,0.151455707221867,0.516595740649201,0.26427480360859,0.645915808852624,0.310951434087042,-0.206713792426409,-0.036851398383872,-0.224336962276509,0.125587160988871,0.0807732754543537,0.413679205912652,0.142283581419783,-0.409233232072466,-0.27360240969984,-0.152202150290736,0.0976363918996592,0.0597117300387308,-0.218911456232547,0.152175283086741,0.0491399054892942,0.0671745120699442,0.134883470069543,0.241429572749583,0.192201655114878,0.158534599881925,0.00215117423276327,-0.182983127817362,-0.271182489307555,-0.0925380946219447,-0.0553240992775459,0.0780385552410944,-0.209791363437185,0.0741584087944204,-0.0326741819134803,0.0172087997417778,-0.0929622244160486,0.0833826770239203,0.175103139459687,0.0614436324632795,0.146907160516637,0.404444912632297,0.0174119373333113,0.282678316389616,0.21905688677507,0.295207691668787,0.607480773302799,0.16931814689135,0.450728513968302,0.0773282042977728,0.160373209716294,-0.00281515956137513,0.607622983770122,0.397853220339413,-0.250779186508597,-0.0424509054974724,0.258642958516713,0.0234075173954765,-0.31062361361017,-0.0436710932010104,0.350656888648999,-0.138553953367505,0.144320054712869,0.0873294121856626,0.598013202715518,0.199094035503682,-0.331280565663748,-0.270658322691782,-0.000556685578947994,-0.084685201497575,-0.123453064445917,0.0999440664724666,0.0707885575127047,0.474393104003838,0.291024413519565,0.107187858656439
-0.277892676590137,-0.259803872207086,-0.111018418992511,-0.0487155251978011,-0.218924959525445,-0.0773730643282606,0.0280736241483557,0.0912379259858882,0.0245740031067947,0.0152386591245931,0.237745328929115,0.381595276904129,0.189862915944495,0.696845163910851,0.662652271522295,-0.211341919064993,0.474470790487176,0.430720510031421,0.599226448741439,0.490453350033314,0,0.404074212557832,0.706086379459329,0.319527028198714,-0.125420994803717,0.2624948047725,0.330986360579919,0.0543064171140086,0.610540577626295,0.601125357191108,-0.215430705236406,0.0406831717777902,-0.00128643614881805,0.341226291835837,0.202558699807096,0.218651628778747,0.118105523162018,-0.267511788833239,0.0204286995193209,0.0845972020144539,0.20421077677969,0.143287953864413,0.0757844253373361,0.188749050550754,0.197633407735386,0.237239625242111,0.433751367951586,0.198379244569155,-0.0118475278470494,0.15770265819909,-0.309265167464358,-0.185582889693793,-0.152302217663969,-0.148474785529285,-0.210506635870425,-0.156013875551133,-0.114809734024955,0.0978988532150299,-0.0750825933243471,0.137125153232047,-0.108349239319425,0.143858777144537,0.0887805493346088,-0.155494857602866,0.447257385032467,0.579216810010866,-0.26513318307575,0.418494887818671,0.500537913894846,0.490597894463256,0.771972265916255,0.309224541340192,0.530775984080923,-0.0688440222882243,0.437205195322237,-0.0564588176265479,0.55798423693854,0.476850159593961,-0.265949124335445,0.0139994649966203,0.395697329112977,0.298923609181558,-0.151209207137684,0.170644124944206,0.301608060625582,0.0582940834501435,0.217717670326689,0.0315690352327911,0.363060534524673,0.10619235965386,-0.182202111930237,-0.380577263947175,-0.0803902101416301,-0.0418739083922279,-0.0565553802154658,0.18414386784338,0.252043084537029,0.451509360916582,-0.116936226631563,0.0823932612883679
