0,0.0026383191690864,0.47518214270908,-0.160524094483814,-0.191416204256141,0.152671554498337,-0.0284102079467186,0.0569850829623605,0.0485781784662037,0.119116884663935,0.173970899192226,0.104885015428738,-0.00936857898594056,-0.27061067316048,-0.244816447208748,0.0165312198181219,0.0261070935737264,-0.159608495402163,-0.118114398692162,-0.108271207424853,-0.19602094486083,-0.00199940437049536,-0.282526127991377,0.058018940898159,0.0474438816062197,0.0516911251597931,-0.1611950515938,-0.0987501147706615,0.0833853260243876,-0.325615229807216,-0.130060605103631,0.130607071097592,0.0208871211969821,-0.124088085820697,-0.0904791201369794,-0.165536463642387,-0.0625821022445776,0.0541082945074698,-0.130872523274287,0.112148173217593,-0.0545799667828477,0.0352952047466904,-0.0638202741439503,-0.115535234074732,0.0328183946506791,-0.186894925637149,-0.223424345908259,-0.218098979643619,0.17567667563395,-0.00537747161303078,0.410838327312813,0.110127107847666,-0.0180427824933855,-0.203421496085028,-0.0468049910137879,0.22575126942915,0.0977646514477988,-0.0273326555234818,0.111120119845819,0.102503777379698,-0.0280509302252547,-0.00409902603309103,-0.24043573308556,-0.248837594257341,-0.22934712621634,-0.280078760044766,0.122969968152902,-0.105749527941593,-0.175386904613351,-0.159552915331116,-0.164443347667161,-0.0226305024943577,-0.181459365409404,-0.00836899343373321,0.0532543796522161,0.0784157060431896,-0.100536148910691,-0.279716962539015,0.0423762718037249,0.129030389590718,-0.110601873056778,-0.135151222412349,-0.102930528584134,-0.0856099195194858,-0.116838344874944,-0.233090609659058,-0.0734676601654037,-0.0386688927574564,-0.0845512947976455,0.0261862589127097,0.0396248280220439,0.16490939554899,-0.0118785401616788,-0.0221277091588225,0.04770274992769,-0.0365723755113262,-0.241846887004074,-0.186136495803017,0.254034090971909,0.0316980973373849
0.0026383191690864,0,0.284983247657153,0.765157828085326,0.73698180976153,0.0687458659896522,0.571545102881199,0.407547858634518,-0.225073895794126,-0.379784918659151,-0.143285688763725,-0.216506079920657,-0.131209634472702,0.112112615449733,0.239827041015142,0.702399525049767,-0.0120897934566283,0.402536150653525,0.168576217437987,0.31053324111599,0.318187326772295,0.0599400605056729,0.325945632873052,-0.105294388068725,-0.209988936026318,-0.156779837198319,-0.23160706254045,-0.24926196031493,0.221848779312581,0.182008510144416,-0.103777228075513,0.105847130845223,0.155237216632649,0.12205365274891,-0.0828491690139482,-0.207635825618295,-0.163702055227814,-0.128342427596282,-0.386874054644492,0.126538469243417,-0.192561013328508,-0.306513192583412,-0.171698734280863,-0.265082355523591,-0.470611107096917,-0.0482118051848157,0.00283205055236126,-0.072272502470451,-0.0105795337096593,-0.165342253469431,0.519357522474658,0.794412536883928,0.68846952076731,0.75618207805667,0.45261591531091,-0.148381269976845,0.491222640744163,0.273922117137053,-0.335302854727239,-0.199061932405997,-0.0922117738797632,-0.174829474065462,0.158703704914063,0.0127880281181142,0.209738652556176,0.172438824026315,0.335527228235982,0.0246790229475661,0.35665385430318,0.329376849413209,0.451812234682025,0.306400815680694,0.269016500105006,0.247473361394372,-0.0266971201639061,-0.145393150809878,0.260042883646478,0.195862199560975,-0.156494652509126,0.036476897394268,0.0442813487188396,-0.17098527977656,-0.401863590117225,0.0700503696604655,-0.0362171459637902,0.171160063463962,-0.0634496674625936,-0.204988836336439,0.316745032191647,-0.162555052538325,-0.0641224972644476,-0.14271765742838,-0.0481024150041502,-0.324076494121701,-0.172278922531109,-0.275206047304062,0.0725249210522909,-0.0284313262229835,0.0838342218899963,-0.100782239303736
0.47518214270908,0.284983247657153,0,0.00157670860448587,-0.00322463361549622,0.66324275560101,0.469533770358491,0.580983758853602,0.423375837235034,0.228232109161664,0.242289151253983,0.306732502642839,0.0550258212890184,-0.421185014726079,-0.399449317315334,0.197306254246613,0.137938923539855,0.125346983834846,-0.203433004191217,0.00697183664541201,-0.108437586872233,-0.0149767973233589,-0.335521496290507,0.347075046333084,0.138277356104446,0.119902487362389,-0.399297173871369,-0.183473439089271,0.0893627902474672,-0.447751436125208,-0.132990416194293,-0.122713251051575,-0.354082739330766,1.20299820996699e-05,-0.250134541798563,-0.0273829429645526,-0.109916394995369,-0.0333230741724851,-0.155297606606264,0.421168295138135,0.014879350146597,-0.0999386331156994,-0.168770063245608,-0.371755695324909,-0.305832768860166,-0.459725636937647,-0.537807522871332,-0.530290550533403,0.390877176934937,-0.0196775344959004,0.304796240348161,0.320127413510301,0.0430664982164141,-0.0880733020658714,0.373704634130302,0.5946750632996,0.548006886803231,0.487449781385371,0.177322958351179,0.162634634125769,0.177875383170361,0.0780351118931163,-0.268674103618662,-0.342133596770927,-0.347246040709391,-0.452699207629157,0.358714033506728,-0.0260385029033325,-0.0270188685319866,0.0988114628541272,-0.0378726090361415,0.138595609833735,-0.241691888354112,0.399066391726755,0.315722031498006,0.200356705902719,-0.063478286758163,-0.337290502405522,-0.049234779503813,-0.194934775293028,0.0191045003206054,-0.167786593706249,-0.22153890628961,-0.133468330557616,-0.275316241660908,-0.411214881662639,-0.1805334484798,-0.228589003997603,0.213113657798972,0.254691293227493,-0.364173148568011,0.223878971872127,0.191014789858547,-0.185596054917233,0.0987820128060595,-0.386297089586189,-0.464202620379621,-0.496192423796039,0.311704762626888,0.141328345617165
-0.160524094483814,0.765157828085326,0.00157670860448587,0,0.785065978260092,-0.0693499337634049,0.426763078718466,0.279354152123747,-0.319237844473662,-0.459354711276141,-0.170085009396983,-0.240306567525263,-0.105078708653239,0.305380883774132,0.413977958429035,0.594272466659962,0.00257061109166426,0.449852727893246,0.27576382193514,0.332611865031788,0.37583761964849,0.0822901694558033,0.454044170146342,-0.157749416750395,-0.251960456876816,-0.150134128515433,-0.13682767798305,-0.141466415753331,0.196300404050666,0.351290202288114,-0.0611715776969562,0.108500788333349,0.227738481855637,0.178315018655987,-0.0191821245263789,-0.206358809215506,-0.139977908064088,-0.170827130644678,-0.360777330860458,0.0194908637602063,-0.171568241515569,-0.357585254635928,-0.117820321328064,-0.169441396652698,-0.410438627636881,0.0762481386649061,0.142678910296753,0.0592987388126647,-0.16148738869863,-0.198804870161622,0.37126218330181,0.710836620109596,0.717534673274192,0.884972643749834,0.346113738640388,-0.309679460444802,0.37421538961268,0.166914443515078,-0.380323888969997,-0.186401274279214,-0.0683749482761602,-0.131893489322607,0.276245346885896,0.10579804558511,0.332317023350263,0.354322884640088,0.217146013499433,0.11929379173413,0.404954131708965,0.37904335038859,0.478738917793295,0.269016811813557,0.327374286381773,0.103002155416058,-0.0832000910247463,-0.153114477221992,0.29220165945447,0.294849642955694,-0.201453603086995,0.0363747367650992,0.052191510489319,-0.115869394338957,-0.325011957902986,0.110624562663435,0.065396080676107,0.255372384903303,-0.0532610072383652,-0.197876650279132,0.239124674500841,-0.257710011075336,-0.0480465283104958,-0.258186778767764,-0.126140229292459,-0.294689715409378,-0.219814832558587,-0.271778544721037,0.148934713030008,0.0711583775275224,-0.0356504627129033,-0.174385654402135
-0.191416204256141,0.73698180976153,-0.00322463361549622,0.785065978260092,0,-0.0101651423939817,0.383518319656338,0.281255564738621,-0.285085603177582,-0.439393935157157,-0.252930096851941,-0.332015605808891,-0.262826635222202,0.190624002391454,0.317645977543541,0.476174474265951,-0.0606671942097808,0.308636070805077,0.185943295260807,0.322040112151472,0.285246203065618,0.0613859957474645,0.380373010467734,-0.200474317833286,-0.255287350788244,-0.236981290216391,-0.0767737271206914,-0.199358867113647,0.204044683164903,0.287610697236322,-0.0090491829014191,0.0486860371735393,0.24197301688904,0.0701960560000652,-0.0620216677915864,-0.211717945515928,-0.156927360615457,-0.134085285076128,-0.306653267691431,-0.0451676177352901,-0.122916301715983,-0.396429060604796,-0.104605753270457,-0.0572808278847824,-0.337948765739964,0.134343543071896,0.172315057125306,0.0937982125896318,-0.106524655438661,-0.125521099130796,0.312751487448966,0.686349718186468,0.625288828010232,0.825323997401397,0.534032374053245,-0.276763730602626,0.348534514726835,0.210657758226098,-0.387340723932218,-0.237135216020111,-0.119950132508629,-0.252790836744769,0.24681707043608,0.0974058425416482,0.273090192942077,0.278337187848757,0.251701799648696,0.127956222116234,0.353498492946909,0.282188721450751,0.442311318288234,0.227306157849884,0.293409340693608,0.175945276211031,-0.105333486807672,-0.210848797589255,0.284877769274537,0.208116266611339,-0.20070734317876,-0.0245994438098486,0.0935363952056717,-0.0504719478294675,-0.239103887434584,0.0875132598362723,0.0596018838377975,0.251736491582394,-0.0642140724546021,-0.292505268516838,0.23486450921162,-0.176494615334408,0.0111836880723216,-0.193447661190649,-0.0169882251942335,-0.277942330744484,-0.175905256283918,-0.231229908973235,0.208969362345019,0.132123789252948,0.0245391512706064,-0.119624306900429
0.152671554498337,0.0687458659896522,0.66324275560101,-0.0693499337634049,-0.0101651423939817,0,0.418008745604217,0.631800095605165,0.645392028407477,0.333707243781262,0.0495712157236152,0.196341506374023,-0.0245259943719871,-0.411914546527584,-0.390914139703905,0.00463623836880566,0.074234565176554,0.0726841913877589,-0.249916263785973,-0.0278948993006885,-0.182517248631722,-0.134976459757014,-0.334847180833656,0.262502632108437,0.297991673601083,0.00933648278046378,-0.304356318178998,-0.181780723550304,-0.0268238674674749,-0.410515164288336,0.0748411471590214,-0.160638292851777,-0.375957163961754,-0.106667448771757,-0.277378096902761,0.0655181866034737,-0.184263863641989,0.0383031482735903,0.0957601607817798,0.430919631431505,0.101012479637387,-0.0646089066873829,-0.242671688965672,-0.297153467829871,-0.264880870378992,-0.39382321926451,-0.500726797693299,-0.480327320950472,0.548858527502919,0.0163809229086413,0.0820079866394612,0.166932796702064,-0.0532531306658979,-0.158797475937192,0.487904093881786,0.786384279474591,0.51881269456522,0.561006173756307,0.208025984043551,0.000578880694587259,0.087685465097358,-0.00670957855967544,-0.262735029293882,-0.357581869401138,-0.364586356243059,-0.417654438630747,0.354460020861548,-0.0974678408782227,-0.129476216867291,-0.0112923250519248,-0.138881223921405,-0.0573403394867318,-0.294651805150232,0.384853405545242,0.185600938520475,0.0834295296111359,-0.0958570059371948,-0.33970345107263,0.0767739502967845,-0.256647073386317,-0.0429039594131886,-0.155619059223656,-0.0833738815455616,-0.20911521655645,-0.244769344207927,-0.405693392188567,-0.186302449924415,-0.200059207131006,0.158108812532881,0.273421536730923,-0.322806064862349,0.326244893585703,0.32365455347663,-0.00850254633966809,-0.00282108805796202,-0.308968211781477,-0.398204632958521,-0.45619937962294,0.348017286528412,0.114212323667672
-0.0284102079467186,0.571545102881199,0.469533770358491,0.426763078718466,0.383518319656338,0.418008745604217,0,0.772415613678232,0.289183450885296,0.0263069143335276,0.0494993093452215,0.112878656865682,-0.00213196921824535,-0.0982666585738098,-0.0337410268202311,0.627537959514409,0.174196971719278,0.53115674539108,0.081395519020574,0.271486718170986,0.266696900837224,0.087690156927142,0.106933126522782,0.240197169432541,0.0192712673717645,0.00805422256118237,-0.376934917306779,-0.213799055022794,0.221707841727694,-0.100771403700355,-0.0648478310306337,-0.189019290881494,-0.282163769123796,0.265965739257535,-0.149731547432625,-0.0384118989416744,-0.256163931062497,-0.118076231742696,-0.22219799314748,0.59545916152319,0.054325036183587,-0.209323837654188,-0.212690184061029,-0.382005016689754,-0.542547612256038,-0.240076218167248,-0.286858740025015,-0.299619778510691,0.296409058186311,-0.0763474132223299,0.328875985735411,0.527547393374311,0.452970064155235,0.386470346375216,0.470640828931486,0.293324629183256,0.769581762572739,0.611354740193344,-0.0628853390439265,-0.0499631440823,0.0977981616804177,-0.05282199916243,0.00120838596739398,-0.15971564936381,-0.0735721258755679,-0.138397540082314,0.594413022956778,0.15129412672476,0.344736122762157,0.434993660618458,0.38816636144449,0.344575660107348,0.106538838457669,0.55839511196934,0.313513300074235,0.0214006286323271,0.249030768180648,-0.0279355952452702,-0.0938952685892206,-0.315142390911036,0.191231647335022,-0.146726533191812,-0.401155376441449,0.00867558241773083,-0.194377702095796,-0.0967176931369345,-0.238088470523762,-0.31602840843854,0.415569172734476,0.156317900638238,-0.359080851324827,0.00676126936717678,0.131291967399718,-0.254707145280377,-0.0277082820552231,-0.519844885313047,-0.224294208410861,-0.331914931756662,0.24612467899688,0.038972756814425
0.0569850829623605,0.407547858634518,0.580983758853602,0.279354152123747,0.281255564738621,0.631800095605165,0.772415613678232,0,0.56998503229048,0.241564842647041,0.18561640886631,0.247660959198943,0.0185392474926312,-0.294390469781341,-0.270194106877588,0.361386201668756,0.178846645005123,0.41504380898584,-0.11676857554139,0.194059441628948,0.0505438753251925,0.0957494369881819,-0.134775108884307,0.392813023496759,0.0398876258773096,0.08235908213546,-0.369765201131416,-0.208589296521697,0.19104788110774,-0.319911941955292,-0.0551458003042108,-0.348078828742216,-0.444285408759608,0.221774064218379,-0.161735773923241,0.0327290421632884,-0.197976082489109,-0.118639036362086,-0.0867304003831081,0.625840740616073,0.219323773647173,-0.162535876211708,-0.133367381485575,-0.33577122704782,-0.429343434475357,-0.317446641811462,-0.422733928533555,-0.451124952596099,0.476991434911087,0.0690696574145503,0.221495344490545,0.421018158490996,0.267597001256617,0.211257836072799,0.621127510459875,0.557473583891771,0.828699942257812,0.817746862194836,0.106414876243906,0.0614144134645059,0.186798559738506,0.024504642229749,-0.0780723214030226,-0.282142370975625,-0.246732091163481,-0.347661472322463,0.607881669793685,0.0490784487726854,0.21132000649282,0.386271663660351,0.172699098284352,0.316598683074529,-0.0866773479664596,0.62720309536614,0.378739163008514,0.119029916382208,0.138683940621039,-0.24309846541679,-0.0740496266708488,-0.443476561312924,0.193271806568248,-0.0314418866231531,-0.258677620013902,0.0342723939321561,-0.199996917165651,-0.207807221285516,-0.182348531930126,-0.312897159423585,0.447999275330005,0.376092680858808,-0.368668401143352,0.1068165476955,0.303491451918467,-0.168439340466327,0.136349352513471,-0.445776039884302,-0.342664105222071,-0.436580568831491,0.396640980447218,0.19045816333352
0.0485781784662037,-0.225073895794126,0.423375837235034,-0.319237844473662,-0.285085603177582,0.645392028407477,0.289183450885296,0.56998503229048,0,0.62752929995975,0.284065647003716,0.438386177123848,0.0794775415650689,-0.384424927576138,-0.438896212706607,-0.184344590678873,0.169815380300362,0.0318788429710442,-0.296435075289071,-0.18378268053792,-0.242473766532375,-0.0750049787392661,-0.383078620268293,0.428709518554046,0.310117732310039,0.209802675220442,-0.21347665063854,-0.0821425023629279,-0.0795866657615697,-0.446729442007263,0.0747563421025824,-0.31281238996298,-0.48608160384454,-0.0238911456484581,-0.219859273487976,0.311874782586007,-0.17672029974373,0.0601294582561532,0.237111022782576,0.513083579778243,0.308235998422736,0.127556206581495,-0.0364457386624515,-0.0867901347875864,-0.0718248584890118,-0.325156206759819,-0.458972264799927,-0.428799407147927,0.510182491305323,0.0809040032508481,-0.127704687895648,-0.183474783058072,-0.261360449003264,-0.39158909913722,0.250192464411353,0.739581797952508,0.407810987526307,0.60107881400605,0.451464321284533,0.171464630348539,0.260022331516393,0.115934403123543,-0.215819054469782,-0.289004162584992,-0.398584146039354,-0.447477392489268,0.348478503475931,-0.0587379159534238,-0.194470423717297,-0.0126792145598062,-0.272664327081611,-0.0483914075154576,-0.313143899262332,0.44898602234074,0.327028890802364,0.281505264244664,-0.153439888379228,-0.384393888922438,0.118534956904243,-0.348612594381095,0.048304993719729,-0.0518309220385127,0.0768209452961216,-0.168446415682588,-0.212258474799672,-0.392308616945916,-0.186249677766681,-0.138564561187793,0.11011090298044,0.457362946142317,-0.280363951953443,0.246640011983766,0.370893969903194,0.123879603828005,0.241773256203617,-0.19482054271798,-0.413582306100164,-0.434537511081057,0.2763837807491,0.172498858957297
0.119116884663935,-0.379784918659151,0.228232109161664,-0.459354711276141,-0.439393935157157,0.333707243781262,0.0263069143335276,0.241564842647041,0.62752929995975,0,0.424222851641468,0.492130958872002,0.0413637339431659,-0.378142650357892,-0.456374067861401,-0.314325334100552,0.0496190276831432,-0.164068051734525,-0.407231254995811,-0.335230534235321,-0.343008316607176,-0.0275905026023147,-0.488458030698262,0.417911203371665,0.494565450301966,0.261133906200278,-0.198254569905497,-0.00863051103418573,-0.154772838976516,-0.431968020504685,0.194960349989038,-0.316324988274734,-0.450588062316611,-0.0920889321421195,-0.16508582392141,0.175416780724234,-0.0601589541769246,0.179713854906282,0.332511690734117,0.447111806726504,0.25271681097026,0.139342116497899,0.0883872851458736,0.0146555148590461,0.102883078607862,-0.257744181566161,-0.361842336247481,-0.354691200251676,0.377893081010756,0.129034635341402,-0.201783884040886,-0.380671836283114,-0.453324981225629,-0.533355920060202,0.0137630205852754,0.560473805347567,0.106185483313053,0.228347845944709,0.651409330950868,0.283169960339867,0.306779196267107,0.0344015343537575,-0.256371966608242,-0.316106778641217,-0.411513873707091,-0.477705978475556,0.127024846383894,-0.174796574303062,-0.340461341392668,-0.230631085345318,-0.413761326075336,-0.139247174430401,-0.407318226406752,0.303996606994187,0.267422970068883,0.326871434088813,-0.314108262335368,-0.446530495937856,0.115424246141426,-0.301215133338813,-0.0264381547388469,-0.0440305957651018,0.16940236328901,-0.131568768044191,-0.264623191826226,-0.346242961628643,-0.129344121434886,-0.119266441716322,-0.0520400531500291,0.394724876816842,-0.287958042267143,0.245936014998862,0.361760293473491,0.306898703591079,0.289183038184373,-0.119974480831143,-0.399798128500808,-0.377321703631391,0.200842733057595,0.214387819613128
0.173970899192226,-0.143285688763725,0.242289151253983,-0.170085009396983,-0.252930096851941,0.0495712157236152,0.0494993093452215,0.18561640886631,0.284065647003716,0.424222851641468,0,0.763366617069358,0.379134991412158,-0.192443200667844,-0.271222489476295,-0.0939978844896347,0.388464752963282,0.060337366127724,-0.192308968822208,0.0474992293976102,-0.040106663967692,0.422597777725636,-0.33546649418151,0.686261605205206,0.14123894659959,0.69436951535026,-0.000588877513905086,0.301431507670595,0.316657413748594,-0.286412179679249,-0.0873486304092938,-0.398212578446871,-0.430221033655452,0.371898695004529,0.172781640564517,0.308692272708508,0.348322461396654,0.0072666013017327,0.0530633884736411,0.301768253880586,0.3661847501214,-0.117260614568214,0.428805034976879,0.116442139907696,0.216232416541633,-0.0462124393769171,-0.165775391405314,-0.291223771899312,0.235481230099137,0.38319822367376,-0.188680981765192,-0.266057409102256,-0.268940349316386,-0.264814704413529,-0.0954087419170166,0.17912612410037,0.0989647775766819,0.218157106775861,0.363371511272205,0.734344286088251,0.584127908978238,0.337767106172752,-0.0439019001595399,-0.170110784906543,-0.249262585551805,-0.389470998598049,0.0733123646890018,0.111321340134837,0.131088475658686,0.188481626860957,-0.0818861672777523,0.288344955361459,-0.285960212088101,0.214562374439939,0.529969328909844,0.596530276954195,0.0828642985441795,-0.333187306371369,-0.239240896860191,-0.395913434191997,0.410391889296455,0.320706469865221,0.186931300213701,0.260252860236052,0.0342868360039462,-0.124438963937535,0.213920637897451,-0.0650397813114658,0.31503441538588,0.520726233087699,-0.292738113457226,-0.0576560859317249,0.181716747269388,-0.069001375967527,0.567914056258652,-0.155166213415951,-0.210529330675211,-0.210080141043693,0.237931972933049,0.496837547838072
0.104885015428738,-0.216506079920657,0.306732502642839,-0.240306567525263,-0.332015605808891,0.196341506374023,0.112878656865682,0.247660959198943,0.438386177123848,0.492130958872002,0.763366617069358,0,0.496507456085983,-0.178637999712132,-0.253563701439033,-0.123414160641396,0.373633238716752,0.125500240665147,-0.200039014630573,0.0365737983790378,-0.00355732208973334,0.3878595217805,-0.334235989899114,0.79156479645909,0.188900412436337,0.687012032372339,0.0217683587260088,0.280445254166059,0.196906934108562,-0.265043975313639,-0.0474535534802341,-0.411986247549073,-0.518180300904172,0.381501407101274,0.163936548418817,0.407651772998536,0.27231257072117,0.0145070301457165,0.160716277804512,0.398066258073273,0.483827232845197,-0.0903828973554756,0.467346253724249,-0.0256448572446344,0.138695387859837,-0.109126220311286,-0.211711865164092,-0.297712745691085,0.293343161197851,0.342749102152037,-0.259113124160785,-0.325739073173153,-0.346788570332712,-0.367738275250789,-0.0838274723564855,0.316768352628929,0.119050928039993,0.307469430336875,0.353872602508601,0.629910785683489,0.562783707102571,0.368014217554956,-0.0572268847444912,-0.181306784389426,-0.281380889048049,-0.374922428435719,0.0518698401627851,0.0838563034952697,0.073578974465166,0.178585845867241,-0.102063953622553,0.253882341896713,-0.289227279327982,0.237021263802619,0.521186828655883,0.56308203586966,0.0575364152649582,-0.272575210660269,-0.196421598371382,-0.436266407778005,0.323307638188978,0.252818723326745,0.138191472807538,0.156354165427785,-0.00532979570601661,-0.175690308856055,0.135243934471661,-0.0673677323630339,0.301676601024737,0.502321444604526,-0.371288536723773,0.0162080966795131,0.170796802866724,-0.0510639770224345,0.528906238357841,-0.255454565181297,-0.270848052654557,-0.273211770095068,0.200399929400385,0.455810053300358
-0.00936857898594056,-0.131209634472702,0.0550258212890184,-0.105078708653239,-0.262826635222202,-0.0245259943719871,-0.00213196921824535,0.0185392474926312,0.0794775415650689,0.0413637339431659,0.379134991412158,0.496507456085983,0,0.259290348881056,0.156826316588363,-0.047337105293021,0.580065412649541,0.225297789262064,0.276497291073522,0.170614684330745,0.248579345860405,0.443911797137588,0.0840878317242759,0.484358881024837,-0.0270517235963363,0.388345938172085,0.195670173715869,0.320323140149917,0.30553379755098,0.0266653273668758,-0.185595667135317,-0.134365302860498,-0.193207109922686,0.495602976692881,0.415604940982439,0.20162270872752,0.335964459759474,-0.0994852566207286,0.0667529546347646,0.135842225367774,0.275705605483992,-0.0261716762944469,0.332854899853994,-0.134274309662812,0.144879011777145,0.0164353384504849,0.089327277733859,0.0820667405251858,0.0173470107144292,0.127206595334641,-0.190943872322089,-0.226098008386022,-0.153266725697544,-0.176353212718986,-0.228761234659673,0.0159630589602966,-0.0752048538081866,0.0819743036156566,0.017968143774476,0.403279154581241,0.391174395916855,0.653407338366766,0.242172852906642,0.116985440856612,0.0922124580515419,0.0597489001567894,-0.143739092892881,0.295958330991869,0.300203957787065,0.266379718130652,0.134333321978608,0.355963013230241,0.0502197969920783,-0.0712579920870223,0.380710773889727,0.280308670146916,0.296996841793287,0.115686205315858,-0.22033051559132,-0.153963870945096,0.323969346819642,0.240901374294445,0.0299004077898904,0.218461118839447,0.24045980380661,0.0582864850470504,0.253827956262714,0.143500522612677,0.16507848434785,0.178418427041843,-0.136724531106331,-0.191271901404937,-0.187444356421557,-0.209840562612896,0.237643722085988,-0.0549429858752786,-0.0166332716306177,0.00802671364033064,-0.0251623901262078,0.160769807624905
-0.27061067316048,0.112112615449733,-0.421185014726079,0.305380883774132,0.190624002391454,-0.411914546527584,-0.0982666585738098,-0.294390469781341,-0.384424927576138,-0.378142650357892,-0.192443200667844,-0.178637999712132,0.259290348881056,0,0.822876579662338,0.129996112785578,0.0224440187508752,0.344843823407873,0.544854792253727,0.277798842866283,0.64328214895085,0.142708966445107,0.77082366511734,-0.181518676700949,-0.350622334173769,-0.130289458504264,0.388902978687685,0.139144699008834,0.0885250849922386,0.669089826352352,-0.150540324065671,0.0959138609596034,0.281056589938581,0.264635056060448,0.282052715230361,-0.0119915232410345,0.0349960512421954,-0.138684568667438,-0.0453807415387187,-0.211093865929889,0.0481392035423685,-0.071857442154138,0.0853957842122688,0.091409790908778,0.0650236036567661,0.429363975301876,0.672328306566751,0.582259506987639,-0.31422043246717,-0.113856352378276,-0.100790838599233,0.0066835644805294,0.21204273566775,0.331658286398022,-0.209299822883205,-0.446791132054569,-0.288073773242903,-0.242093572870597,-0.415361821157392,-0.158541125814794,-0.175482000682537,0.129776566954469,0.570082622682805,0.671489990152772,0.765465051093893,0.807704809252764,-0.236634935146316,0.295340723920009,0.414813672385132,0.268593881784353,0.577959990896021,0.112058205113981,0.65032464390983,-0.272122674381926,-0.213017547485415,-0.244151283891064,0.409849677638088,0.639351452388951,-0.164403185688873,0.141702370739819,0.0816347533534653,0.129715328735525,-0.116822667842118,0.139547412409685,0.49774686570068,0.552564111569226,0.124315748741232,0.182602108965636,0.0216488899818206,-0.304396196173416,0.114082425870798,-0.445435702546806,-0.370117284904434,-0.214028154574891,-0.173443384979444,0.112674773427135,0.543660597479002,0.59605772353987,-0.229573583118477,-0.194882136024426
-0.244816447208748,0.239827041015142,-0.399449317315334,0.413977958429035,0.317645977543541,-0.390914139703905,-0.0337410268202311,-0.270194106877588,-0.438896212706607,-0.456374067861401,-0.271222489476295,-0.253563701439033,0.156826316588363,0.822876579662338,0,0.171963716147361,-0.0600010419578229,0.308579238054289,0.505122244973279,0.294072664719759,0.687129783515082,0.0118957540838436,0.734265793851158,-0.273841788199486,-0.289451909127197,-0.170788031639547,0.351620391686015,0.102868539534851,0.145008919162777,0.734267482786259,-0.0515816994225172,0.22101722393989,0.371998988386593,0.187229546101555,0.190617500324133,-0.0404988673822506,-0.0236446263493624,-0.100297131313615,-0.133876127190494,-0.247189855041875,-0.0922442357176346,-0.1645715134635,-0.0363736821354818,0.0111711981210315,-0.048361676145665,0.428493341927661,0.594162000005483,0.581144798309513,-0.350179868031419,-0.171267307491071,0.0220452574606698,0.134567138804536,0.338912914813717,0.449335279111041,-0.168699291463679,-0.505566539281737,-0.245887826156601,-0.252892790946317,-0.446641850354421,-0.219583600639941,-0.155781315432136,0.0775352279970156,0.501950074814122,0.567023706753962,0.770021600617402,0.878962914597812,-0.209965926807778,0.222606384599306,0.404740729913295,0.232959298756495,0.625902321955308,0.0422636040498567,0.58398678671252,-0.253029333588682,-0.245485222738999,-0.273758530678059,0.440186490192778,0.685641729370055,-0.123678323524962,0.250562873678178,0.031249684134399,0.0228880812330494,-0.129637368568197,0.0636011188597487,0.474142572061349,0.488561323539692,0.0994024623559757,0.149633311391182,-0.00512795968344533,-0.402907033566211,0.165715197506279,-0.379613721400103,-0.361794803483299,-0.202479450184909,-0.274941759450197,0.057793912921556,0.576281987047497,0.555619255410015,-0.304486063242229,-0.251518276523552
0.0165312198181219,0.702399525049767,0.197306254246613,0.594272466659962,0.476174474265951,0.00463623836880566,0.627537959514409,0.361386201668756,-0.184344590678873,-0.314325334100552,-0.0939978844896347,-0.123414160641396,-0.047337105293021,0.129996112785578,0.171963716147361,0,0.105020683998992,0.563077542438048,0.250810285637753,0.365190045758786,0.381025019786042,0.199493124614381,0.34422477488274,-0.00833390719603209,-0.18700927271192,-0.0643167051797814,-0.223567661248624,-0.147199964100526,0.22480905894165,0.175852740182353,-0.141958346326753,0.0516013754012425,0.13974034295153,0.334106999185355,0.0726967031114724,-0.223670649550584,-0.181070715541862,-0.172712394989817,-0.40576673716221,0.223262081812142,-0.122304415484922,-0.291229052037978,-0.127500399886898,-0.332031407834481,-0.475088300575419,-0.057855509312799,-0.0159466484824671,0.0143711027094911,-0.0217812117887242,-0.202079042995151,0.450565085257832,0.608268800628414,0.641979439669333,0.564914719391259,0.210622646877734,-0.145390883338591,0.480365550004294,0.199235543922056,-0.318435355993571,-0.181347917749284,-0.0980041709812471,-0.16102956101666,0.157302739111151,0.0544872410185558,0.191503592203724,0.0881622718855095,0.360390295040771,0.136838011039429,0.403005414853245,0.426018761954333,0.449965676409211,0.388999127155192,0.329144298218387,0.182609723312795,0.0587350090495826,-0.130374106402769,0.257171034434974,0.189660433987965,-0.122613798045639,-0.0754727704656864,0.107543034600005,-0.192021849183886,-0.44208446035836,0.127411430700158,-0.0328755442633016,0.175051609359775,-0.157143788652737,-0.187838925687954,0.2378824288017,-0.168013718220684,-0.135680055321676,-0.180318298394303,-0.191754797124164,-0.350333259201477,-0.166462099187508,-0.396136427849871,-0.0113267672437147,-0.0629268123087191,0.0836302102723847,-0.154589785422014
0.0261070935737264,-0.0120897934566283,0.137938923539855,0.00257061109166426,-0.0606671942097808,0.074234565176554,0.174196971719278,0.178846645005123,0.169815380300362,0.0496190276831432,0.388464752963282,0.373633238716752,0.580065412649541,0.0224440187508752,-0.0600010419578229,0.105020683998992,0,0.120634971136019,0.379907706808184,-0.0133059468369239,0.0702486081002543,0.452703877782012,-0.0281043886958815,0.474431231495016,0.00810053243891481,0.398399804752583,0.00216755483291392,0.303256687740736,0.404865581701373,-0.0902056393190541,-0.118352770928625,-0.118718891422217,-0.192367414563364,0.448322465597964,0.288406462797328,0.0296964813516494,0.196163530948692,-0.250470379952817,-0.131181752837462,0.156643166724603,0.0939988804347854,-0.0974650284916665,0.176477707202699,-0.00717109235161248,0.0573794959660887,-0.0721593889505207,-0.136714607773062,-0.12703904110845,-0.0310784792197841,-0.015589910924796,0.0132272638389515,-0.0223733607767562,0.0590105723950916,-0.0114079887280056,-0.0640753232485556,0.0602883144793489,0.143467000242756,0.136053490985914,0.0864486310499833,0.431262987674459,0.383126697801388,0.432581703721568,0.109109774149228,-0.0132862928287837,-0.0142798728336558,-0.111419750783225,0.0299852157906971,0.485721994186792,0.310259725649273,0.178109107586592,0.0661846581327301,0.403542562280659,-0.014450919692508,0.10068818082452,0.521635851182568,0.414284451594611,0.237684137758679,-0.0701208701698666,-0.17706466331007,-0.153726899144822,0.451206705242592,0.101466620382246,0.0464568052731642,0.182670078543689,0.0317717241529652,-0.111892416972699,0.0507027714429283,-0.0724854769990497,0.0579220803832358,0.216982545465158,-0.223390764614768,-0.183988165303899,-0.114594555856816,-0.237149703751717,0.287522902247714,-0.169473191479112,-0.204921922927811,-0.183851644187,0.00738170968590475,0.0683927740957097
-0.159608495402163,0.402536150653525,0.125346983834846,0.449852727893246,0.308636070805077,0.0726841913877589,0.53115674539108,0.41504380898584,0.0318788429710442,-0.164068051734525,0.060337366127724,0.125500240665147,0.225297789262064,0.344843823407873,0.308579238054289,0.563077542438048,0.120634971136019,0,0.326292972372267,0.635954934246601,0.609931444088231,0.20496352402426,0.475623895028032,0.209342737748526,-0.276494347303614,0.0706336280518277,-0.0403211434002507,0.0665102072685216,0.233788613139022,0.214254646051691,-0.144494166263616,-0.287429034469573,-0.15064294985675,0.597508552969943,0.107918466459854,0.0275388929427553,-0.128414567171066,-0.350906338083099,-0.359248524637401,0.309823925993054,0.213943296682464,-0.355503012388745,-0.0301000366428711,-0.23396760664041,-0.343896598498542,-0.0336669918469806,0.00421753162155068,0.00968581672712161,0.128182355186895,-0.0512457910001333,0.120300890353685,0.311239284172539,0.413262828488283,0.360084118406918,0.14277209698964,0.00861502927122256,0.426227120220041,0.355223452629389,-0.284558196015922,0.0718509780872249,0.134619434373281,0.155033424354113,0.437703592847475,0.310794813781208,0.375724718344074,0.216580367612784,0.34506505282906,0.435099580609879,0.599622148216701,0.737263091006436,0.626550399827725,0.434237754176028,0.45297539235237,0.226477597045014,0.277784909772257,0.0255558522954279,0.455436867696196,0.29366237620716,-0.244321184464629,-0.357435759546078,0.275362957021404,0.048927783592503,-0.344105768069162,0.169908454877328,0.166010559055188,0.22798891681432,-0.121484375070114,-0.167338377589953,0.446364747473064,0.0650178032766611,-0.387297410384078,-0.427993078696034,-0.237296900569687,-0.468976537021438,-0.00357037642962839,-0.473378265537312,0.00412840700256311,0.062144497426978,0.201657281559143,0.00045190450873971
-0.118114398692162,0.168576217437987,-0.203433004191217,0.27576382193514,0.185943295260807,-0.249916263785973,0.081395519020574,-0.11676857554139,-0.296435075289071,-0.407231254995811,-0.192308968822208,-0.200039014630573,0.276497291073522,0.544854792253727,0.505122244973279,0.250810285637753,0.379907706808184,0.326292972372267,0,0.0980928203571765,0.425857695867994,0.0402838173130692,0.56161838281776,-0.151858523676753,-0.204279377069948,-0.0310884834293707,0.174651512315399,0.120768233662645,0.173365315740364,0.411079180724516,-0.16306135443743,0.232509657288236,0.302142008785078,0.273111235360625,0.206721682675805,-0.222847660707405,-0.0525596726041041,-0.241688658743561,-0.294061479691918,-0.142843563560774,-0.218021768061228,-0.0465752013970105,-0.0602676130528181,-0.0569543523604381,-0.126157020057827,0.112251632765584,0.209507243479385,0.312438971832164,-0.353198855151769,-0.36436583189023,0.174051360488345,0.212442626587708,0.400635395873046,0.318029433388724,-0.150739232938148,-0.355255473010997,-0.0508807904929393,-0.15908636489957,-0.364831237149144,-0.150809422583091,-0.116117850065445,0.128664126730833,0.297090124545321,0.398464986763664,0.500927845956907,0.513151123879253,-0.0873973252735957,0.462521997058365,0.361438542830035,0.187820746484792,0.41813163028193,0.164445271494847,0.476636900515674,-0.202901525790963,-0.0562752886117106,-0.123951394940279,0.357015166352518,0.44856761547935,-0.0504940952845842,0.209021846929354,0.0712288684007436,-0.158083377121752,-0.180434353557333,0.00990422737164789,0.21092217324753,0.172269368257781,-0.0386826708085891,0.12970861336049,-0.160157940268789,-0.372499778457561,0.0237281523437536,-0.364222231517166,-0.425781805725462,-0.268508681500321,-0.258948359197549,-0.0164237905213137,0.153225701784488,0.209585382543005,-0.24560308754743,-0.369206457450855
-0.108271207424853,0.31053324111599,0.00697183664541201,0.332611865031788,0.322040112151472,-0.0278948993006885,0.271486718170986,0.194059441628948,-0.18378268053792,-0.335230534235321,0.0474992293976102,0.0365737983790378,0.170614684330745,0.277798842866283,0.294072664719759,0.365190045758786,-0.0133059468369239,0.635954934246601,0.0980928203571765,0,0.613727305777882,0.253750578376656,0.3614979870886,0.155670650773015,-0.341912570086598,0.0498212359105807,0.198650919882156,0.166880833265954,0.522029623365272,0.196262837975179,-0.15931928537282,-0.269742034273093,-0.0917892601956414,0.557475914862315,0.222503982889747,0.0431114830969301,0.168358076438974,-0.212647897959607,-0.269638683679712,0.0581267116984311,0.302327568248578,-0.411429143066272,0.0407602339367414,-0.121468021478939,-0.101835030940505,0.169123454919551,0.210989120655197,0.171676286225844,0.227852050496708,0.326426321713813,-0.06146521399526,0.154577439209619,0.166518532661147,0.288167257289367,0.163292296426442,-0.12235224334188,0.194781475110725,0.22576113855145,-0.352745970613781,0.0870684949375616,0.0930820843148666,0.141009754440323,0.421260254765498,0.305293891161428,0.31520688368181,0.177850455140999,0.232498973235092,0.243550470117655,0.594350132808726,0.655789908069243,0.672303056853364,0.34070619253345,0.351420916933583,0.132961245431816,0.193967177012045,-0.0497119060558585,0.60917576827101,0.244371528838077,-0.333611539183967,-0.328821501355403,0.381746430813406,0.364788820254232,-0.219282684418102,0.274237980666677,0.395573324738032,0.32967006651538,0.164019072472708,-0.136105136117459,0.583459674652784,0.177638028914086,-0.204000539070605,-0.299914308698101,-0.180016252733621,-0.469562955268263,0.0265845810430291,-0.298176200350925,0.240105450899506,0.341834354883486,0.360730956975437,0.307433674339718
-0.19602094486083,0.318187326772295,-0.108437586872233,0.37583761964849,0.285246203065618,-0.182517248631722,0.266696900837224,0.0505438753251925,-0.242473766532375,-0.343008316607176,-0.040106663967692,-0.00355732208973334,0.248579345860405,0.64328214895085,0.687129783515082,0.381025019786042,0.0702486081002543,0.609931444088231,0.425857695867994,0.613727305777882,0,0.184072863238003,0.6243038447489,0.0365143390257349,-0.351979935980835,-0.062264445413824,0.243281378684001,0.147881823017472,0.402697167376565,0.553094399192855,-0.130958938145814,-0.0489195259055245,0.0669069434433419,0.506764943338964,0.177310451521279,-0.0101395161584866,0.0453288585797386,-0.166011182891463,-0.221034556920534,-0.0116691032139458,0.126318030447957,-0.310672430145929,-0.0222606149817208,-0.130243360532516,-0.176900875472391,0.313372029436761,0.360153531670309,0.372874504491645,-0.0825908201825371,0.0549873762831157,0.00560725938313477,0.146963206178459,0.288015910213209,0.368694339875374,-0.00282889821928743,-0.288267877087565,0.0524594174113933,0.0783618845228353,-0.406477994088517,-0.0159266040918981,0.078757921400384,0.204471642828681,0.491187569999196,0.542026123211752,0.624173062126054,0.561927361701184,0.0514861328322189,0.376653761133865,0.599462502146126,0.546645354137384,0.830750914100571,0.292770742656974,0.561940663706648,-0.00337983269891324,0.0816076851095883,-0.142052044268761,0.564074316064864,0.534791654257254,-0.227775194901041,-0.0575780645755784,0.284975186399698,0.189512469615998,-0.237531557136112,0.192310428419754,0.432307041467554,0.384336482206045,0.0528110700568437,-0.0790964277636852,0.308087250989561,-0.0761225574058719,-0.103954231461457,-0.395906153494225,-0.297791049661389,-0.382942782333375,-0.0939735665848208,-0.246512304258532,0.424542732712141,0.43481686878665,-0.00704202553599619,0.0287835868763486
