0,0.224408830184407,0.39173677010989,-0.02137025561112,0.167078535255004,0.218284134340211,-0.144059193042224,0.0628869418464864,0.0832554902210302,-0.415717992340036,-0.480722534648383,-0.45011700422298,0.0121668865428706,0.00984920188716234,-0.17830168975292,0.243571126625353,0.0505886270354283,0.2508058044325,0.1031286494892,0.281259192195261,0.00690181067739851,0.0388637372908392,-0.0904124990065214,-0.236304098913559,0.0590416440725874,-0.0289196995693694,0.103252926309104,0.235293122247292,0.166539218681599,-0.362753898417645,-0.311024693940704,0.0755399593240774,-0.1437354441462,0.116676288349732,-0.146949504542743,0.23174098235342,0.264209147340937,-0.117245466080143,-0.571367070049515,-0.403865229968575,-0.147074900358503,-0.00881971960546289,-0.298204314344848,-0.274437270729192,-0.0951464621684962,0.0348692475003118,-0.0505766218092672,0.0465408825092339,0.282896624909899,0.0927275626455213,0.454139842533972,0.44197718970517,0.0728771879186853,-0.134513379902572,0.156374948020986,0.158395470751699,0.114338883810858,0.0870844993868241,-0.44452026749801,-0.112269902311804,-0.440449110490792,-0.0390143566238706,0.0295050097689344,-0.121704439646932,-0.0811969996323074,-0.20784584643715,-0.0733930737927364,0.126927046340239,0.0882574273160374,0.21914820641815,0.0822284881475401,0.0466851850006962,-0.092996493307908,-0.564030360793307,-0.15582244838125,-0.14180382855442,0.0618177021552223,-0.168403525883023,-0.307276348532117,-0.0851998560160813,0.180867550240397,0.231393283910542,-0.198750117888158,-0.0767549820013792,0.033628182335047,-0.0624402743076322,0.136555942602474,0.0512231983472596,0.231821222583764,-0.166275498907303,-0.239496473401599,-0.0299255185040885,-0.350499370748862,0.0611400321402914,-0.131663009667993,-0.267995764646513,0.0292395505360782,-0.0211713542766815,0.135630217334955,0.099179302324953
0.224408830184407,0,0.644651511947856,0.501413222733086,0.649739853497151,0.45468428806919,0.25924534930866,0.666283287692771,0.511930046374277,-0.280935326668975,-0.28883520352973,-0.37099661580747,-0.186473291136649,0.0676829201345158,-0.0766336096883175,0.518146444079912,-0.00761265764337047,0.383659978376976,0.158967200151158,0.138043310407442,0.0963918287216902,-0.072527300782139,0.101784404940746,-0.224679816035267,-0.0375656375158307,-0.14766837996775,-0.11160641251892,-0.155183638875485,-0.0179515855074357,-0.380006716790437,-0.361265078795464,0.0170149677448599,0.0727945613575372,0.112973204903087,-0.283233642398969,0.220115001110682,-0.0412471165806407,-0.230616477352653,-0.24713069077171,-0.219997965574395,-0.270831190359891,-0.0869841084140206,-0.319328265853492,-0.317014438643204,-0.249239074064576,-0.176676594909314,0.0389361034818533,0.0145147654844998,0.304140459912782,-0.0918983453142095,0.557385617092582,0.793251761475422,0.452919656809257,0.467346988583266,0.610653071473542,0.499727939498387,0.626576034307092,0.556327570289142,-0.314447702581612,-0.338667134194579,-0.39253779201787,-0.197474452428632,-0.0497867887766528,0.0677411071073188,0.0999968315036739,-0.050704597144926,0.20299393609861,0.0682969566554508,0.107773629138146,0.33553633180974,0.142624881407864,-0.0463471741274775,0.0910080643119997,-0.323277494549576,-0.305911406822573,-0.0803676650898329,0.0458071038722226,-0.0323917888360991,-0.33206481345983,0.00873699957194222,-0.0335887327075051,-0.124578513094935,-0.189014915197046,-0.116171719696626,0.0310322906942571,0.0904673260980809,0.0863830126420183,-0.0277233586077293,0.199778146525563,-0.369145028572646,-0.0782826801138933,-0.12988627345333,-0.244637994394912,-0.0813106591497671,-0.193556939602459,-0.303693885403615,-0.0786576930009133,0.168940822664879,0.307980953766344,-0.0407919089517974
0.39173677010989,0.644651511947856,0,0.0849744789235253,0.453701968473207,0.684183816036936,0.216120081911992,0.602670123694095,0.684155567542126,-0.36118195845738,-0.352463054691697,-0.386504863235131,-0.146169125909997,0.343991497306464,0.0878110452724449,0.372466235583454,0.214849644407332,0.422085278691903,0.385017058392492,0.295088057099008,0.273291156909308,-0.0594945778720139,0.237356225840038,-0.0648349070137409,-0.0865151243847507,-0.178207346790059,-0.0832744442532208,-0.0699655804605916,0.132614653242227,-0.263712416369259,-0.433904125152781,-0.0328299601461473,-0.113648512594853,0.104301888474797,-0.361564957826444,0.331473215941281,0.0377174918535889,-0.218718523339676,-0.332984597306855,-0.225325221482595,-0.258864899014008,-0.141408622607327,-0.42640202282008,-0.293963077239717,-0.2714974688417,-0.0709958001597107,0.0122628232702918,0.0729731598077604,0.574507219739579,0.0888896824291786,0.452408239613698,0.694679938058225,0.264201400107284,0.0812874863502672,0.679298801516633,0.73923827776998,0.518257798610995,0.644881980583834,-0.41175768759678,-0.294765763630675,-0.444847009742517,-0.179179332757101,0.083355455076956,0.249739116349583,0.282588529478747,0.0849370614532078,0.194442924086355,0.297142173063228,0.118746383924776,0.256080305287763,0.273671103694606,-0.0750395193180112,0.1699481577886,-0.433674888958934,-0.103089643479468,-0.181368820650597,0.194865223392192,-0.0445617805011017,-0.358577152378181,0.043377739216198,-0.0668703952377561,-0.181877711018844,-0.383757909221087,-0.262649196329492,-0.0159285945946193,0.00850362622814666,0.0803489497171783,-0.115011839185968,0.388262212028578,-0.350739337308335,-0.220374833603955,-0.140163699432843,-0.290654292600493,-0.158916348749771,-0.288120958692309,-0.26792776241765,-0.0413397901784528,0.217537908183892,0.510552780094271,0.151609265245368
-0.02137025561112,0.501413222733086,0.0849744789235253,0,0.40576844502502,-0.017794841530397,0.226645345742013,0.357918970546833,0.0330218192970421,-0.107240359917236,-0.196866962439137,-0.249749637315892,-0.111108040278732,-0.124256298083411,-0.231287446342197,0.46895745773675,-0.177521527493191,0.325153932722495,-0.0152641193379832,0.0350909689969488,-0.0700193912581375,0.111623996593449,0.0171496486999981,-0.325757376422327,-0.0609851587447074,-0.0965947196043694,-0.154691227013599,-0.119946796348433,-0.143369808371377,-0.30504909895802,-0.230190406122614,0.13673806425198,0.289450629153318,0.280136164665339,-0.0935582399949112,-0.0870814661592734,-0.0650619079622234,-0.149419290763371,-0.0485485397849426,0.0104001932242684,-0.192375591432883,-0.143367990003623,-0.187992032850102,-0.279931619236389,-0.313295848219189,-0.250340847660299,0.130105981570777,-0.0374968142235224,-0.0691601080154034,-0.244502123468718,0.304860247458554,0.361607128562995,0.528640238171268,0.744888219289834,0.113832608420349,0.0364539735147413,0.373367535346327,0.145545330803223,-0.145620452809973,-0.190923082386445,-0.208215127691397,-0.103150680007928,-0.127659626046048,-0.0906529584323124,-0.0590741840128005,-0.185089040701744,0.153664882880553,-0.100253807723106,0.193878093818537,0.39875699534012,0.0329838164986142,0.0279043581915636,0.0355874293081412,-0.0634179046775784,-0.386210816529905,0.00366614421046877,-0.1210518265367,0.00372311240637263,-0.272440049681871,0.0677097979243824,0.0205765428305903,-0.108715461788365,-0.10072785464896,-0.000490624314611696,-0.0655531144181019,0.165438853583731,0.0376994443173606,0.0152515302857408,-0.0600626297282561,-0.240580440436769,0.106853578574128,-0.105554559689229,-0.0715094563000896,-0.0688789189324152,-0.198931928780411,-0.31947275015697,-0.174139159010775,0.0548638598049482,-0.00515302906406808,-0.210120229337813
0.167078535255004,0.649739853497151,0.453701968473207,0.40576844502502,0,0.462227277798735,0.133778776186462,0.573544801182824,0.473252062771783,-0.147152417595226,-0.194908161124748,-0.253616245085783,-0.232563014637949,-0.053037093065906,-0.0726541203760449,0.313015926038478,-0.0750088772711643,0.252760895236752,-0.0197401056613087,0.118256125557481,-0.055820517340012,-0.136547668765325,-0.0474050107344684,-0.0924066982724174,0.0683332060379993,-0.159848957256773,-0.0931142160224314,-0.0869590001587086,-0.0298104699422547,-0.361092877590782,-0.418098891535216,-0.055320120294282,0.085075961614228,-0.0265590689678073,-0.236866664378045,0.363332838880983,0.0657266301922328,-0.260888083830042,-0.291279117551338,-0.239072173222062,-0.360099918776679,-0.12635686304723,-0.349264345047789,-0.324771113181558,-0.294672359792522,-0.256644333543703,-0.132534662279737,-0.117465319509436,0.247528420909534,-0.136062109387088,0.418044758516231,0.534070651475981,0.256315609346359,0.483697325398147,0.675598806295237,0.352749941922382,0.494559582570023,0.545954838378634,-0.185041326753087,-0.300613577536929,-0.30698243141077,-0.243568455012936,-0.15412846879237,-0.0767487263160776,-0.0785260190057893,-0.0679722323622555,0.083899352062097,-0.0757217041296561,-0.0483171245576142,0.175641885845035,-0.00673137580279337,-0.137345658701317,-0.0636893414584492,-0.289071826612227,-0.247684009922815,-0.119222378223825,0.0512277392397267,-0.0849185246163761,-0.39007173394986,-0.159019682457531,-0.0538386787599694,-0.0939012245871314,-0.206708612873557,-0.0464066065801559,0.0245388334091032,-0.108649163921224,0.180046240839579,0.0692297959126092,0.18730746459994,-0.27648815314338,-0.157716139146653,-0.163798169823489,-0.293506059466516,-0.153197574187441,-0.247420468886687,-0.349523829528459,-0.171288453075497,-0.022946916208419,0.198906679035953,-0.0781496850889011
0.218284134340211,0.45468428806919,0.684183816036936,-0.017794841530397,0.462227277798735,0,0.215264215924925,0.398727865019187,0.661588450937893,-0.0821098405461814,-0.0486805729770117,-0.0903857082649936,-0.106819163612401,0.260929503212086,0.133185529148318,0.138249078401716,0.0743586637532855,0.155095258940796,0.163741352534527,0.247172661023244,0.106504460277344,-0.28343483759294,0.0375185076017472,0.102088089064708,0.176696966987843,-0.287867229460453,-0.169598453664652,-0.182598360459124,0.0777267407068461,-0.22655122035858,-0.277897899459535,-0.0799020295798616,-0.12814046916786,-0.16420332988489,-0.320871692309144,0.317565545109872,-0.0982090383841589,-0.151998373036314,-0.0628960670898034,-0.0241127588016167,-0.26230613277715,0.0497969355851082,-0.304336201314986,-0.199982532622657,-0.236799549079774,-0.156374450260932,-0.144116697509511,-0.0585360249387063,0.710596332746793,0.0848868037468513,0.329065234248891,0.491443902644195,0.0807404820555466,0.0822781804313014,0.681409020330056,0.735409540007828,0.275903647737241,0.531266774203375,-0.100260498825421,-0.324855188190623,-0.180551272030962,-0.0875345688892105,0.0693790823307721,0.198401516265343,0.167702390247224,0.123406791418902,0.127795170140255,0.0709134320620999,-0.176277944983429,-0.0720411191488685,0.129922316378747,-0.30763509795196,-0.0259820315875681,-0.200313321776287,-0.0339736420560988,-0.212895431692561,0.202219136646442,-0.0914894857285213,-0.190327315947675,-0.0816782072839514,-0.273401711010174,-0.327939245032113,-0.363290350813679,-0.275296551535104,-0.138011954190717,-0.216970123680553,0.0191854138587919,-0.156809874682014,0.333290180418402,-0.240344568818674,-0.169112472412205,-0.0501257040363491,-0.145116104508113,-0.1901637447088,-0.241790746291717,-0.210647009008638,-0.131505918359264,0.0824579955146174,0.601861411205775,0.121395216604504
-0.144059193042224,0.25924534930866,0.216120081911992,0.226645345742013,0.133778776186462,0.215264215924925,0,0.324683181969943,0.293681994999649,0.101575160702289,0.0227517048473209,-0.0125619402258194,-0.0616532398482862,0.0210304439185249,-0.158224679205073,0.280071229223779,0.0819629982223909,0.15174724162734,0.116644389412457,0.054550892823245,0.0151669188262284,-0.0473528934972511,0.0399057254718594,-0.031748842657826,-0.0149210809713013,-0.0514168584806025,-0.0928484236682688,-0.339766415929878,-0.161855407104589,-0.085786077674195,-0.118330427536086,-0.0680352279090745,0.0814954719113104,0.0754115485667509,0.107177926179549,0.014456601924189,-0.258518472061299,0.114711563963153,0.245850009824768,0.459486680134492,0.201323164644948,0.133870225253409,0.146459266568822,-0.0501138835247524,-0.00127519734153995,0.0315848066038518,-0.00443090854733366,-0.0300320700941787,0.146841012818567,0.0957205887334964,0.0885237054587409,0.228067216591588,0.422367311593354,0.158811173046817,0.211674184504401,0.282022914088302,0.210364389326016,0.272677610977488,0.0186170161390577,-0.202130950564597,-0.0387082928939839,-0.0620074126686735,-0.0458623111621275,0.0282651966568242,0.0926999451181746,-0.131694213254496,0.644950856450629,0.0186956540538543,0.0310654754458289,0.0911031075657427,0.0595648029105207,0.065460312140059,0.0243985547584022,0.266923193885157,-0.0546425528280452,-0.0715213515341451,-0.0738987160387788,-0.0698568598422074,-0.156780207054198,-0.0582633871512029,-0.153435153920839,-0.204178864050298,-0.0822684407286322,0.0357308484281528,0.0061962330171019,0.0222833856564188,-0.197650222733654,-0.132264018362428,0.192755147815037,0.087778829367903,0.0647472338838508,0.16089711306953,0.243893041979453,-0.0805665044277039,0.0499580175728788,-0.0115287507333219,0.0426344955459491,0.073440562090712,0.284849617345846,0.0938913888532709
0.0628869418464864,0.666283287692771,0.602670123694095,0.357918970546833,0.573544801182824,0.398727865019187,0.324683181969943,0,0.674267678496313,-0.305232570055542,-0.253211612368433,-0.368365121130006,-0.238249851419166,0.187805687540923,0.00028707275063813,0.416640142487744,0.193383768123282,0.625596579932621,0.366350578927905,0.191408443325805,0.212440369136385,0.00775785762935853,0.203056623480713,-0.116057607979643,-0.238126012852946,-0.268428094880692,-0.147023323330095,-0.228032490716087,-0.0535926542654406,-0.320858137826815,-0.411705889914264,-0.159772183789887,-0.0284107408775838,0.266807151840499,-0.313378786954525,0.320932914738638,-0.0237926186942451,-0.341668611392715,-0.280859357590225,-0.26274219033142,-0.315467412055074,-0.32418277609748,-0.406166197620207,-0.316995485691385,-0.32364994355826,-0.260697970413277,-0.0647805464610897,-0.0645791482232919,0.313388468041495,-0.135146793974826,0.425644168254152,0.599607554989796,0.402199931794317,0.400941913567869,0.640537774778293,0.520762796025434,0.816293830992016,0.786061119098217,-0.358814132017275,-0.288995854516283,-0.394745998375089,-0.260156970657632,-0.11690906567338,0.203362943538926,0.261311056499939,0.0006288442106111,0.317187570727191,0.233439576486229,0.230643765885856,0.504718982668428,0.236134586678863,-0.0292747457510411,0.178874785351583,-0.311143282660704,-0.167086614214076,-0.237264588258075,0.066994636828374,-0.128127225117815,-0.337524792532648,-0.0597190697595133,-0.099012164516391,-0.189824224004759,-0.188851364378887,-0.0918733040220107,0.00869502222633395,0.0150452116279949,0.0778691906061336,-0.1423875884831,0.286110274930019,-0.398800530481544,-0.216810767793926,-0.233191511710712,-0.314302481618773,-0.239344705177978,-0.324290605865168,-0.277363990050593,-0.164229930363689,0.125296145509896,0.381861553558939,-0.0497642928377988
0.0832554902210302,0.511930046374277,0.684155567542126,0.0330218192970421,0.473252062771783,0.661588450937893,0.293681994999649,0.674267678496313,0,-0.196077110709582,-0.133990661210482,-0.214613029664151,-0.182518095863878,0.329905283893503,0.113784148646761,0.204619626891435,0.223271626439689,0.336371950230362,0.3822445398807,0.173315599689783,0.226116074574324,-0.164671940556055,0.145546280819333,0.0674712500391929,-0.110672159614119,-0.273431466844387,-0.130799536918347,-0.238097507473419,-0.00285880519599383,-0.18280675006284,-0.311468942508352,-0.140634622139318,-0.0696382578340441,-0.00241862960207549,-0.302514083494974,0.369118853345571,-0.114710302539762,-0.160015180650723,-0.126707527697579,-0.131286062725455,-0.189138821017703,-0.132045182830945,-0.273503500818148,-0.216156520125508,-0.230101131831142,-0.13383392839926,-0.113032782982269,-0.0369602986759473,0.513720868554287,0.0495263906151257,0.345221203807301,0.50723506022958,0.194270020961177,0.121147767400528,0.666767210101911,0.744196166287785,0.535254962150747,0.788010274553333,-0.240403597747434,-0.270738178003493,-0.276041323842321,-0.189984328210587,0.0124852622188089,0.298730013421197,0.315959636229863,0.12416776011084,0.307317438677607,0.22133028994096,-0.037446736621565,0.113328297835432,0.18853819914147,-0.17603714042395,0.0821261232025709,-0.175605011257441,-0.0412801740372599,-0.197436255659318,0.13646697396684,-0.0969358809659326,-0.239493661354405,-0.0564468022292883,-0.221718602420872,-0.276966352811395,-0.260231526626384,-0.166512409430883,-0.0327640526085154,-0.110020920677636,-0.02838233710496,-0.192780287674996,0.362850274685554,-0.244642127792713,-0.206601126255401,-0.121991510096623,-0.168238689526346,-0.176076510504596,-0.204679027939854,-0.180627674931125,-0.0832034733752302,0.113296683158725,0.528450897843526,0.100558476763399
-0.415717992340036,-0.280935326668975,-0.36118195845738,-0.107240359917236,-0.147152417595226,-0.0821098405461814,0.101575160702289,-0.305232570055542,-0.196077110709582,0,0.678940737632622,0.751952888950581,-0.0123687642745875,-0.195123699417851,0.106998385498264,-0.275109372949923,-0.374292990844074,-0.408293434791661,-0.425849854667172,-0.212692114456455,-0.255866994373571,-0.296349369306215,-0.2370511808499,0.303180014814166,0.413850111648745,-0.0234006251854238,-0.0775624448822929,-0.105623148705567,-0.078054716919148,0.226858872373098,0.285134321591224,-0.0654151920715554,0.0765508548146317,-0.402319092399529,0.184299840563366,-0.242656211528864,-0.348883914146622,0.31608003926267,0.57315684325678,0.557594943732596,0.0371233315593037,0.238670061308069,0.306477169493972,0.170008160008069,-0.00633218651855919,-0.0793165398250232,-0.203562215144975,-0.217407145340269,-0.153452473292399,-0.0741286547627391,-0.342945531622751,-0.421560747115938,-0.201677917492894,0.00755417884432447,-0.248912971709829,-0.233918815472938,-0.345312466699436,-0.316258377998618,0.847862730545841,0.201035704129464,0.581487216911622,0.0282454500159669,-0.0662994069070926,-0.165579913966041,-0.26432405756281,0.0647702143201909,-0.10890608731276,-0.470396358990305,-0.398952424589977,-0.427196419379821,-0.242761959632563,-0.26909297122548,-0.292626197692096,0.582412094540961,0.0152937865869943,0.175328020139529,-0.0173697845107856,0.0593663085423949,0.368700044520616,-0.0868402916581227,-0.325778624697939,-0.304778406543823,0.0220844815357629,0.00856816734679284,-0.182828535955558,-0.258479630922372,-0.198172325089084,-0.0264494409139948,-0.296116640362337,0.235305438280008,0.292573913139541,0.313062753827802,0.43940142728672,-0.0460296041648111,0.185784923939402,0.159494739470253,-0.110232523629052,-0.190058723491343,-0.146882544021873,-0.121477990440903
-0.480722534648383,-0.28883520352973,-0.352463054691697,-0.196866962439137,-0.194908161124748,-0.0486805729770117,0.0227517048473209,-0.253211612368433,-0.133990661210482,0.678940737632622,0,0.78817651951485,0.115354881778566,-0.197386037265964,0.203174747703588,-0.400050597848567,-0.253557456981988,-0.408148827723863,-0.407422979211242,-0.197726003482607,-0.244518095954392,-0.174868990940514,-0.216483366385492,0.477156200130195,0.29264126219781,0.0969470623970481,-0.155591332953202,-0.17406080795053,-0.0383558996004216,0.256221639741373,0.257208432663493,-0.265611275923996,-0.119143628041973,-0.372129276087967,0.0891236772771388,-0.0933662446878668,-0.27981536294873,0.0970896324868237,0.495139819406719,0.364291621695752,0.141228955083774,0.142674302278064,0.298793966632574,0.321117188841112,0.130017852110752,-0.0664696318972478,-0.207312538971326,-0.172268951328184,-0.0456332945759214,-0.0244870797759833,-0.402491769226538,-0.441911580856288,-0.351017249144733,-0.0474346775792252,-0.179942683935563,-0.187960080951822,-0.304791669680492,-0.23222008663875,0.681272251740195,0.456879495263425,0.731679266883161,0.133491136032731,-0.163468570775112,-0.144516630067045,-0.196899843614132,0.14901894185577,-0.0959345289099527,-0.456962781134601,-0.452318792270128,-0.415680110147981,-0.256883607738811,-0.34147145754773,-0.23357938370326,0.540020149713896,0.251615575429443,0.235695291478266,0.0886417082380471,-0.0509128871579261,0.325186390359929,-0.224172148816868,-0.337766686064878,-0.188195426595955,0.106247333911066,-0.0362756370803754,-0.213429746046923,-0.285172516464883,-0.140124259413661,-0.140785394554779,-0.203485199173741,0.289837253066326,0.0500271929044064,0.0655429580266058,0.234900419088965,-0.0980678352573538,0.15806267223912,0.352255632664112,-0.120597260546914,-0.165662357267661,-0.00547003458969062,-0.0695320223155931
-0.45011700422298,-0.37099661580747,-0.386504863235131,-0.249749637315892,-0.253616245085783,-0.0903857082649936,-0.0125619402258194,-0.368365121130006,-0.214613029664151,0.751952888950581,0.78817651951485,0,0.174143331783978,-0.194880471224505,0.0847992424834203,-0.378429997891704,-0.19149034611657,-0.432641063810531,-0.39567431547256,-0.223879268499514,-0.282415994263001,-0.152519170489208,-0.279177373689575,0.436557577162664,0.33277406710291,0.185130887911085,-0.0310894524162867,-0.0161672309403665,-0.057566778746813,0.289982179576522,0.248516860086441,-0.227461384492524,-0.0680685525069039,-0.342341535761523,0.182816646889635,-0.12206495168492,-0.209386028234595,0.230897389933762,0.526609986487897,0.43510650264282,0.167577542469283,0.226554559899852,0.356882292084922,0.287934945462631,0.142250451822465,0.0157128570999107,-0.198707838536574,-0.179770230395132,-0.0849109759697284,0.0221818138388605,-0.479290339679418,-0.482818520370603,-0.327107316933713,-0.14255056849006,-0.255976666643183,-0.227515596822144,-0.412026143865068,-0.315553153887224,0.762501855399105,0.419316592569984,0.785099631927513,0.189619973973413,0.018579729345127,-0.140375538925016,-0.241576541326332,0.0389809515938894,-0.172195336385029,-0.376585678618183,-0.39087081297571,-0.440532223023159,-0.283345370983026,-0.24148602187073,-0.303018862212019,0.533226211767636,0.250135070673457,0.316892470272136,0.012132042467633,-0.00710440405577826,0.316917692750245,-0.202437437257539,-0.319723092582953,-0.168357534820901,0.0934184264792556,-0.0089334849236653,-0.174353902396298,-0.278515916603591,-0.114571768074303,-0.0446332985036574,-0.224998718396828,0.284984527554322,0.115598925379686,0.199790782072748,0.350927603553611,-0.0552808506292039,0.200750850932371,0.288775209286903,-0.0704642822572146,-0.231143130900079,-0.0872307304721737,-0.0349432770991831
0.0121668865428706,-0.186473291136649,-0.146169125909997,-0.111108040278732,-0.232563014637949,-0.106819163612401,-0.0616532398482862,-0.238249851419166,-0.182518095863878,-0.0123687642745875,0.115354881778566,0.174143331783978,0,-0.0673624527747485,-0.192229104980765,-0.226125194235945,0.0753552143913177,-0.143461869645595,-0.0539351059463177,-0.148881739288084,-0.143946346573883,0.131725123733225,-0.140771473046695,-0.0440845710469632,-0.0338419188854979,0.0094322501269701,0.0235083015109084,0.0490699050216545,-0.131954642383291,0.106008312043115,0.136670663747811,-0.0182182594629595,-0.141868277422479,0.0507142842833493,0.197689070877951,-0.102078041515134,0.0677345802792206,0.204253022026919,0.175828913824528,0.19590673637906,0.264864166900615,0.0360971807728543,0.159821341865163,0.0469508641666397,0.160357306401917,0.194099187864423,0.0508002317134989,-0.0671906341418326,-0.0890626145312071,0.109882247036661,-0.262554368086162,-0.19423474455346,-0.140261923301444,-0.141419971944537,-0.16138721917948,-0.159273174983166,-0.241669188999433,-0.169224659522813,0.128676112133882,0.268754815009375,0.278009533917105,0.845690385834777,0.359070108683768,-0.0909576343226869,-0.0646358626306257,-0.203343800305323,-0.0398573832358649,-0.0277963039175756,-0.139743618521399,-0.0878645954612938,-0.168779247729601,0.0658683687144408,-0.138722854114669,0.14707506956407,0.151394726117841,-0.0527878666497615,-0.151565676797881,-0.148333263036662,0.160160228757963,0.0246862070943254,-0.0689156490778069,0.102785980756575,0.111752372189875,0.0880424915801122,-0.0585511189573719,-0.00523820002450732,-0.0440641204935979,-0.188047994491852,-0.0413393520290601,0.221012211191739,-0.121366367415449,0.104584945220065,0.243226747911999,-0.0059550759976019,0.0331734144707727,0.133806677714288,0.0893329619015676,-0.134777791216161,-0.0711221445478014,0.0623087950103142
0.00984920188716234,0.0676829201345158,0.343991497306464,-0.124256298083411,-0.053037093065906,0.260929503212086,0.0210304439185249,0.187805687540923,0.329905283893503,-0.195123699417851,-0.197386037265964,-0.194880471224505,-0.0673624527747485,0,0.591822385810404,0.0348381418527734,0.435246274365336,0.249054707809072,0.66470692886574,0.288533219124724,0.726665955208056,0.0657137963330743,0.62573643395846,0.181338103893275,-0.207280822362919,-0.0847577134997723,0.0668562724386424,0.00719108476694526,0.267401758879339,0.185041314435228,-0.0777214314607076,0.0507440949852315,-0.0672093913943639,0.181511818692178,-0.195218063589332,0.0288821029985216,0.0562284189369205,-0.0861108579984425,-0.11544640367259,-0.17964341022792,-0.0536752830369653,-0.100946369569359,-0.261915105579603,0.0603700798006917,-0.132939774666048,0.155105174182509,0.345905931547499,0.370706558439186,0.346008249470642,0.276582605650933,-0.0218528494999121,0.105537239195093,-0.0370806938651417,-0.16059264796909,0.115289775711371,0.394280641106128,0.0661227229795872,0.226108157156666,-0.25493600395935,-0.120742588171873,-0.253903261258609,-0.0917729723600111,0.46459007033716,0.701657539935889,0.734882613203116,0.606465364400335,-0.109521111249878,0.518518216295925,0.260978654190952,0.0661888859675213,0.579934079560797,0.0624064514809491,0.515921372126534,-0.280703024674527,0.178047175411428,-0.15283224764964,0.387339427118739,0.404074721418163,-0.00980682643003208,0.240757880775867,-0.0754500825694574,-0.314038435422291,-0.280185274594291,-0.189837467303863,0.105929942303704,0.296779232045501,0.114685088560393,0.0597672303162946,0.158312843702333,-0.25472153049787,0.0206392744410666,-0.1633787447126,-0.147534018035009,-0.0387983655070192,-0.194898665201977,0.0668274202681883,0.187535736048411,0.470251050597606,0.278395768377172,0.263454491794677
-0.17830168975292,-0.0766336096883175,0.0878110452724449,-0.231287446342197,-0.0726541203760449,0.133185529148318,-0.158224679205073,0.00028707275063813,0.113784148646761,0.106998385498264,0.203174747703588,0.0847992424834203,-0.192229104980765,0.591822385810404,0,-0.266023422339007,0.00431745208550566,-0.0588671166023698,0.177675513014513,0.285973852022214,0.599271903747638,-0.151519324363579,0.536625826919241,0.390446393495629,-0.0417527975694961,-0.0295935102835255,-0.00736754005547853,0.0245797491876371,0.420171677749686,0.379067094103633,0.107708941245231,-0.0306006675625083,-0.123090595304084,-0.150791258943373,-0.224338667822868,0.0730874508960262,0.0352091384625989,-0.207782083463391,-0.00995430028112704,-0.0892178712445915,-0.0940761431167785,-0.104970566001841,-0.220886296308885,0.222895564887694,-0.0645758547197659,0.0269284113612126,0.255155503848361,0.295264771892211,0.257987984867295,0.195462218413434,-0.1500857403513,-0.147131668066402,-0.349206125805932,-0.144963957411911,-0.0135501319461411,0.14288034176965,-0.0984311881111551,-0.00164326843096587,0.0616115790521897,0.0531280574064509,0.00216233366434144,-0.174479618673509,0.239337656371207,0.438111313813853,0.492210643750957,0.868826553939658,-0.272911683588755,0.0455900376976198,-0.0251186643823335,-0.162229610557712,0.49614385108963,-0.182814527022936,0.425616533397443,-0.0604506300600009,0.176073522380441,-0.0612696942091806,0.586312284972803,0.464630290419961,0.194062702639517,0.15872118468533,-0.0716851611036078,-0.250881162629354,-0.167419554035315,-0.218379319097946,0.0348545355236614,0.177450282910138,0.217501494671616,0.127530162155365,0.0925234641962635,-0.0549898198661846,0.00451565649114494,-0.242933311646442,-0.17750679997426,-0.0490796827335407,-0.185586632946641,0.238252040999195,0.0459687061569263,0.456408947145677,0.196904915048285,0.168599941764705
0.243571126625353,0.518146444079912,0.372466235583454,0.46895745773675,0.313015926038478,0.138249078401716,0.280071229223779,0.416640142487744,0.204619626891435,-0.275109372949923,-0.400050597848567,-0.378429997891704,-0.226125194235945,0.0348381418527734,-0.266023422339007,0,0.138811613051161,0.48476447405737,0.258204996046145,0.10415191232222,0.0697329470816031,0.248993785228766,0.0957909242613523,-0.225008948839513,0.0134403780839679,-0.0872007608622476,0.00927535710072539,-0.0674675777931773,-0.146379830499034,-0.417850291045453,-0.467104923257814,0.0361044213719801,0.305461614746298,0.371007342312593,-0.102441911075869,-0.0194552869996999,-0.0936861706076663,-0.130988354637716,-0.180702149523962,-0.0770284481765612,-0.21663884782611,-0.0904458750420761,-0.281217116229545,-0.383073376628552,-0.284473572201964,-0.0854317415922371,0.0626462841825823,0.0217790134221763,0.0199888691195105,-0.236118675245752,0.474493387623138,0.52616021246286,0.638958980277281,0.30012170400221,0.204421980348729,0.238103873089804,0.416975318544544,0.266789411097344,-0.339132305689011,-0.354603368339353,-0.38009914912518,-0.240800960245031,-0.0532743722129268,0.103781449662086,0.110807019508767,-0.213676036030815,0.196144660320906,0.245898403853473,0.390034738316369,0.495268801368777,0.152326052320323,0.239029419394165,0.122216948826623,-0.299643160522334,-0.211189516546276,-0.0310653974518793,-0.137318678083701,0.003431873450991,-0.494864966912819,-0.0783167647439005,0.0998735001350724,-0.0622012126980223,-0.197304753800737,-0.0388177754901283,0.130701722079245,0.168391575958471,-0.0187025226292536,0.0735680811492294,-0.0617777557331796,-0.372516369777671,0.023281651435242,-0.0156999075951125,-0.17507108988271,-0.157516553856731,-0.240412619044876,-0.413071572163194,0.0155290227497963,0.120663269487362,0.0115146813920801,-0.193892748422416
0.0505886270354283,-0.00761265764337047,0.214849644407332,-0.177521527493191,-0.0750088772711643,0.0743586637532855,0.0819629982223909,0.193383768123282,0.223271626439689,-0.374292990844074,-0.253557456981988,-0.19149034611657,0.0753552143913177,0.435246274365336,0.00431745208550566,0.138811613051161,0,0.316265750511593,0.692857476690155,0.0317271607545477,0.344790049745215,0.41548339603608,0.284217132686753,0.107659336836217,-0.257837418862101,0.0620494649216454,0.0452008866872983,-0.0367584819148194,-0.0473972380910129,0.0551697333072006,-0.16787881212498,-0.0770885076207908,-0.0907712958260465,0.426043334035598,-1.06725903046288e-05,0.0346096588283038,0.16555200641907,-0.0408908039927764,-0.163807811220151,-0.192477042400892,0.103444365306888,-0.11933582585538,-0.0550195127838961,-0.00730736617741712,0.0244183728579942,0.162291220124982,0.0588863734096043,0.18284536967732,0.102716630518842,0.160319144473295,-0.0877406407926421,0.0442571384102826,0.0866254644843623,-0.189956191002697,0.121727214392687,0.210138169512819,0.125030945524618,0.253759411337116,-0.356587396161935,0.0610011805792277,-0.131872439970056,0.012367684017395,0.184438818578514,0.461921631836342,0.475762385717725,0.0176664817501472,0.0840559439068082,0.723535138893072,0.406898071699816,0.191424718446076,0.225705441237459,0.368024026580511,0.283242306317824,-0.263411094730293,0.43083480661335,-0.110834987470939,-0.0198353970073381,-0.00635332689197672,-0.150423504144944,0.0234570087446938,0.0490751432918817,0.0239137978879475,0.0154089451542931,0.0696114426848444,0.0844242608376527,0.173321623749174,0.0668369978042148,-0.0804348838966024,0.138187268799437,-0.0897964531777862,-0.147500579509,-0.0712574641368802,-0.0837597801185516,-0.0366192539903054,-0.0323247678869679,0.0480178512550006,0.193179089061979,0.113279419202548,0.125616863813783,0.195931951302521
0.2508058044325,0.383659978376976,0.422085278691903,0.325153932722495,0.252760895236752,0.155095258940796,0.15174724162734,0.625596579932621,0.336371950230362,-0.408293434791661,-0.408148827723863,-0.432641063810531,-0.143461869645595,0.249054707809072,-0.0588671166023698,0.48476447405737,0.316265750511593,0,0.4888392069282,0.441036239084626,0.325383056357784,0.340017449821735,0.307619563686642,-0.170686218750655,-0.222343934624143,-0.0569312953838412,-0.0277809828496143,0.00294103482837644,0.0898130755821053,-0.318887919847056,-0.432638060693597,-0.184397502220163,-0.0926921414168447,0.62914062582115,-0.236921645683198,0.248845723059874,0.114027785105695,-0.37828762627028,-0.448855769017325,-0.331423803298022,-0.333123566867359,-0.349185033000483,-0.501552112130256,-0.422687974988468,-0.309407067462813,-0.156761767612606,0.0282871835214482,-0.00607283095996857,0.195124602902643,-0.213873827396348,0.309718670063778,0.432665755240821,0.392076160626983,0.216859758587277,0.287232089592515,0.302382644182087,0.599753047449348,0.502844767126708,-0.448345870374904,-0.15128446900178,-0.434323305070964,-0.187773678396776,-0.0288559575089842,0.247992865137855,0.358123890685913,-0.0557560058029125,0.187696803435998,0.407260113021574,0.587049377981824,0.805455913078349,0.480198642112694,0.213951729284243,0.321324539209409,-0.46000266413802,-0.0516967124487243,-0.137128623562516,0.159645805275234,-0.0517738462239714,-0.372930928134893,-0.109334504616605,0.172592683317335,-0.00375297694576166,-0.18606601082862,-0.0827141928499599,0.113556729166035,0.157099057726043,0.130128066585236,-0.0385555438301348,0.266939621575168,-0.424057079021076,-0.287712075451264,-0.162750197926046,-0.385411414061116,-0.193290859595265,-0.373216930887813,-0.333302441909551,-0.117074190407108,0.141697945070886,0.198925721036497,-0.12842772961045
0.1031286494892,0.158967200151158,0.385017058392492,-0.0152641193379832,-0.0197401056613087,0.163741352534527,0.116644389412457,0.366350578927905,0.3822445398807,-0.425849854667172,-0.407422979211242,-0.39567431547256,-0.0539351059463177,0.66470692886574,0.177675513014513,0.258204996046145,0.692857476690155,0.4888392069282,0,0.201949003580089,0.581811986220153,0.248878402917401,0.490551537984065,-0.0211318087952323,-0.331912978160889,-0.124087180533669,-0.00539567154311537,-0.0511001653818736,0.0708930280848474,-0.00973724320181097,-0.206226887410565,-0.0108270494278737,-0.054004050112423,0.4412701782021,-0.205794601278176,0.021166246014535,0.133117628726202,-0.100849822334178,-0.22076462472265,-0.246074660462045,-0.0314044332041001,-0.218731256409093,-0.275725633137293,-0.0949889159769978,-0.156947399350163,0.0926161926126009,0.216806304016683,0.246897172143859,0.232600844665156,0.154157293860435,0.0837959514990838,0.212083175171211,0.185941595107902,-0.0865974003623951,0.162515650769893,0.380996909233277,0.270456607481097,0.379369199983191,-0.460992279778799,-0.15063258267817,-0.378934261598797,-0.0981839715924832,0.287518174668585,0.633689187219883,0.694780688844905,0.225025277663412,0.129137910342587,0.752381994685622,0.477762542429644,0.340692946154861,0.485534363359363,0.22094733823762,0.460861380004289,-0.324441114223057,0.174280164633382,-0.219514939308023,0.151277999306921,0.138458245721863,-0.172679978639211,0.179896442099572,0.00490391474744612,-0.0979963319333852,-0.169468731371613,-0.117184542227248,0.083033766746424,0.288916542764376,0.0895213763526783,-0.108245555900775,0.212565694615366,-0.262750799239549,-0.107085703124218,-0.152201872780219,-0.157380141217538,-0.0617593581290236,-0.208055794232247,-0.0464673369571546,0.153809825104366,0.314794030803728,0.236676187591832,0.19532891378167
0.281259192195261,0.138043310407442,0.295088057099008,0.0350909689969488,0.118256125557481,0.247172661023244,0.054550892823245,0.191408443325805,0.173315599689783,-0.212692114456455,-0.197726003482607,-0.223879268499514,-0.148881739288084,0.288533219124724,0.285973852022214,0.10415191232222,0.0317271607545477,0.441036239084626,0.201949003580089,0,0.41688839186543,-0.0299739116199514,0.331128266062559,0.103453408877039,-0.129678022266842,0.107937056540349,-0.00758146437779388,0.188297004276948,0.616876292527913,-0.101506935512803,-0.305725812894289,-0.0571342428310118,-0.225542483240292,0.360056279440531,-0.295109234317699,0.426762974509072,0.313986005929346,-0.408106904602694,-0.382924441623764,-0.181858982322051,-0.137163353921255,-0.142132414962416,-0.445643301419587,-0.220750501195193,-0.241374490395576,-0.0914343600519696,0.152262018278283,0.157430119004586,0.451825334613349,0.138545457008485,0.14039937726051,0.253868703118933,-0.00093848700182968,-0.0561681425687549,0.160643324252851,0.287423811621112,0.102100646855695,0.180383922770413,-0.252978906642296,-0.0760972919489569,-0.246418601885765,-0.181862353997328,0.109051629169407,0.151282550904183,0.29263970803536,0.266993774542348,-0.0205132792904074,0.120885245160846,0.348012530116205,0.377475775819218,0.63390698903353,-0.100527126281834,0.297169443781107,-0.334630707738887,-0.00856569678971355,-0.0356179629038613,0.650441610384562,0.150915676687218,-0.238416659696829,0.0154615467004424,0.262382170853225,0.0326472634399865,-0.253036764762792,-0.280873620217147,0.0922798028404536,0.119341169705967,0.408161417435936,0.11453048994958,0.561687722172628,-0.0852888463613349,-0.262119549150879,-0.237787676936595,-0.336859274360434,-0.0588393525743286,-0.27321861548534,-0.087873378693758,-0.102920405417598,0.296784763969021,0.391818886950335,0.161950640587613
0.00690181067739851,0.0963918287216902,0.273291156909308,-0.0700193912581375,-0.055820517340012,0.106504460277344,0.0151669188262284,0.212440369136385,0.226116074574324,-0.255866994373571,-0.244518095954392,-0.282415994263001,-0.143946346573883,0.726665955208056,0.599271903747638,0.0697329470816031,0.344790049745215,0.325383056357784,0.581811986220153,0.41688839186543,0,0.035713923242322,0.651471460885788,0.168181823809934,-0.297116905735096,0.00421665886790782,0.0634464776038867,-0.0138638182878812,0.369690516013797,0.153755546301656,-0.0650619766777465,0.119133094068285,-0.037055203134102,0.284886648895071,-0.214430630298983,0.0886570618123339,0.11236249276258,-0.173616962385229,-0.1797221406763,-0.181802204044626,-0.0395279982963352,-0.156421353725829,-0.27809072665185,0.0109232736000829,-0.105045266032785,0.0690547746450528,0.33430579912331,0.296158283560399,0.239695120876356,0.210122225932909,0.00680374605503764,0.110523830350981,-0.0193727259279052,-0.108904498360688,0.0617418812651645,0.270587833250188,0.118001091241383,0.208203052807314,-0.320031336162707,-0.121897825518957,-0.318820253821293,-0.17199459631293,0.28033756255182,0.577426633885161,0.734965449316888,0.60275300944436,-0.0148597558264102,0.421415843968042,0.391249647026737,0.201544317339906,0.761259883562606,0.0754200771297593,0.562460300664045,-0.252323083440536,0.0824730737167682,-0.149145819251843,0.461379546907222,0.39854910396558,0.000546126801045258,0.304705674808769,0.12783603767466,-0.204178722301163,-0.160045185280405,-0.120256621913918,0.135763291756938,0.319374331186439,0.205583592288098,0.099628592436409,0.229497045653596,-0.170383067014001,-0.0222045607486533,-0.211085242313948,-0.174584029909486,-0.0256079118588124,-0.161624918057214,0.0340424855744454,0.110147835599877,0.444774282899636,0.192217803009613,0.219046424496756
