0,0.128688955905729,0.502363972210158,-0.0862004016988769,-0.136327685649065,0.0856184605350101,0.114847483773576,-0.0412461770216112,-0.102515647401432,0.0769441133021329,-0.0245214950798373,-0.0389612073898696,-0.142117878998091,-0.26728328979712,-0.30422654611167,0.346875382471625,-0.139527632237646,-0.305132884170201,-0.167866484395029,-0.280219763112072,-0.324092904462929,-0.115350867224147,-0.297831821791703,-0.0752825735669555,0.39891913608661,0.0311845859474999,-0.252497083368254,-0.245968277733173,-0.311749804026211,-0.308168694716977,0.283336275345894,0.187174597202059,0.00231401349792939,-0.263318832705047,-0.138403827897737,-0.0881140647959137,-0.245148558861057,0.470262195279655,-0.16449316837575,-0.0096788101241312,-0.233490746067965,0.120072396576503,0.00406904558217976,-0.0960780904381522,-0.125717137673798,-0.322934437784738,-0.370575079038717,-0.370358824506029,0.16666160463383,-0.165440310410281,0.731155890760688,0.436997241655815,0.158433748998237,-0.0220770677339177,0.0765712751698571,0.223553147066158,0.00313856895423186,-0.101397726193096,0.0542195269354257,0.0031838419294382,0.0237011162417841,-0.0851586810526945,-0.21252266375813,-0.0747291393706208,-0.259246541166064,-0.21017417582748,0.127027813034495,-0.0981145538574135,-0.298267237551818,-0.309602637562752,-0.334980053013148,-0.064202109369776,-0.319490208776763,0.00869919748628354,-0.0415962055565388,0.0456658833821155,-0.243686238137675,-0.330959910400027,0.162408692988452,0.0651979091867822,-0.22445031465246,-0.303410252553302,-0.143497160273936,-0.0657161024521301,-0.315384374676869,-0.339117616953612,-0.303584404672753,-0.230591146263937,-0.192961059986758,-0.0733217869198746,-0.0694408270658712,0.628298503424443,0.113422666366017,0.160371181662496,0.00167978260843581,-0.146751623564983,-0.256332601390116,-0.196107254992971,0.166280456962142,-0.00659584527081719
0.128688955905729,0,0.0554842695338996,0.791267509905203,0.637953499015846,-0.0693902169385065,-0.242626529842144,0.0413094448881975,0.110186418423891,-0.374787153020764,-0.480485586225985,-0.470480714047991,-0.12342669735671,0.213077404956071,0.296508647583949,0.631683484928983,0.140831548984177,-0.00169856168423061,0.294239019686009,-0.0923053490786153,0.0836600072366808,-0.266771310975905,0.296371990890394,-0.354134431549796,-0.0936129356618033,-0.371916211315724,-0.375665958259879,-0.179242821789592,0.219348549915297,0.0609024911162893,0.420672423735145,0.626900359654687,0.606180829532167,-0.216444864446533,-0.45065570823001,-0.230629047505966,-0.293898321537217,0.28939025550542,0.122693563821858,-0.357962455864728,-0.494345479004673,-0.348337303645,-0.482368933609243,-0.0213248439428748,-0.307633520517274,-0.267239272147207,-0.0210389393489436,-0.144725727112648,-0.378365451015069,-0.427023278087468,0.430114518334939,0.552280058543799,0.769503638921077,0.785883794292859,0.135526665298209,-0.212856987482677,0.0390342012235603,0.0225903029944428,-0.404588264065888,-0.514002370298688,-0.475199433686925,-0.200369551954618,0.0371900028318631,-0.0162224294310764,0.390923567355607,0.187178796775641,-0.556712124389945,0.00148742292732034,0.0509161873063408,-0.158307768059548,-0.00043458763810974,-0.293120255167685,0.259261080110067,-0.506803854928724,-0.162157310146705,-0.444893097020829,0.204070645593835,0.162971036905155,0.39547344892527,0.608549814094405,-0.0937982114746189,-0.456019573566501,-0.327320378201923,-0.36554549363271,-0.235824813957892,0.0485968227034781,-0.260560013398324,-0.160987809229443,-0.278807699023412,-0.385420289990446,0.496543220910233,0.14856248744722,-0.0408085413073151,-0.255984817906256,-0.447464330569934,0.0506067452512006,-0.308353918561584,-0.229651521506416,-0.407809940342402,-0.419391521424716
0.502363972210158,0.0554842695338996,0,-0.269364487230292,-0.147707998608139,0.618278598299041,0.555334469531628,0.444984774554087,0.252945242355325,0.347559919709893,0.198491816136906,0.304852687366815,0.0560329968727093,-0.292925796920967,-0.381335730253207,-0.0643725995590924,-0.0403445439498557,-0.0216712555083015,-0.237368088503668,-0.0518845500934816,-0.219810244852534,0.0402829446886595,-0.364318590211713,0.256014334199775,0.570781577414239,0.357320407297836,0.00763581388415711,-0.213794804436837,-0.297476516410908,-0.350478211209577,0.158138479036197,-0.224675786584486,-0.371438124702511,-0.25740122436414,0.0357591998990098,-0.146371478348811,-0.218126617019355,0.15885266170432,-0.0822872902967056,0.385584867128527,-0.140165047074864,0.255480686329608,0.263258253707866,-0.154218608531944,-0.0283278783969912,-0.295371985729824,-0.418319017208313,-0.331806758404461,0.269636735102099,-0.163227644126968,0.279369864842868,0.695959699995347,-0.124630280257961,-0.201378258461599,0.459698041860142,0.737199746374716,0.446761795443231,0.298488921010913,0.360867961596416,0.174405380158416,0.380805180392574,0.0806488829614986,-0.164831069091435,-0.060665349135001,-0.335322429755521,-0.331130755768775,0.375740278073256,-0.0256395835628355,-0.145085209178085,-0.0235631466671656,-0.186091132602311,0.212887407791756,-0.358777978385656,0.436906184378962,0.278669872181745,0.342842132824729,-0.194596213012225,-0.238490209509841,-0.210260292073148,-0.306539413756939,-0.00852392989329948,-0.24080307272635,-0.0693926468593933,0.233768883731934,-0.0679783225307662,-0.540822388523972,-0.216737437618436,-0.122438676842634,-0.057958040236267,0.194261480679857,-0.350054699247524,0.423443209256892,0.310692262650472,0.277647846856532,0.297032981459672,-0.315367536015883,-0.299180024281595,-0.24141951401412,0.319380965173269,0.0237533321213048
-0.0862004016988769,0.791267509905203,-0.269364487230292,0,0.677510220123983,-0.277582734471652,-0.38510804529669,-0.108186050568417,0.0225426032117195,-0.555162493376929,-0.559140264122405,-0.587422864626202,-0.143643151308136,0.409664085059349,0.486775868506348,0.63548312095369,0.153293487025179,0.101552434005635,0.385193637400993,0.0240563240010084,0.261435660827484,-0.303382517639438,0.478432472987579,-0.487098813496232,-0.366768487163196,-0.552910730905791,-0.256417056995438,-0.023169061039593,0.361376245277135,0.240981231107897,0.350678569970247,0.6726341603046,0.724941526455752,-0.0649915408952016,-0.444484871990653,-0.134607501869508,-0.175802665453241,0.165970548200866,0.140149357609697,-0.508098196527513,-0.374547299402092,-0.472370921557231,-0.613785047284577,0.0313405841297933,-0.305942136839021,-0.0308962071002549,0.247888780804561,0.121581873158112,-0.401879198731508,-0.26851050038129,0.287420616661324,0.227937060802481,0.781372684546125,0.862552409794893,-0.0940320286727206,-0.459340732637395,-0.153490833850233,-0.0736789185022002,-0.574193346605513,-0.563396551227779,-0.614717436545339,-0.211949084123206,0.166464487964344,0.0771130827977138,0.517616670388081,0.346780489728358,-0.680920239831184,0.0610705923426039,0.166570604146207,-0.0202605473719482,0.199303598617292,-0.40892213736286,0.428613082552119,-0.677948253934103,-0.306658420025055,-0.603512771737511,0.3296427433974,0.301294526306817,0.468084745837224,0.695071447159545,-0.0595562437464672,-0.264231085642511,-0.362989905639751,-0.463545384917876,-0.112455482487595,0.315848516877362,-0.118664334923441,-0.0562233049978761,-0.162387138410517,-0.503047756267209,0.625836339408952,-0.0927744827523403,-0.208771373286031,-0.392957788086761,-0.596330650177971,0.15649007543814,-0.0770758992177414,-0.0224038636563596,-0.466144061339461,-0.357972580624034
-0.136327685649065,0.637953499015846,-0.147707998608139,0.677510220123983,0,0.0306537943190286,-0.302317098943444,0.119453570516582,0.32441087956759,-0.265495901660722,-0.342341077913026,-0.355085849337553,-0.226389703223425,0.117879335403589,0.253760443415474,0.372072745244151,0.00750374943869388,0.0949139990444048,0.13327301470434,0.0459713978133133,0.141841121042782,-0.292042342319452,0.29863166303848,-0.297115847158778,-0.179143553564232,-0.384379336720183,-0.2502892827925,-0.231499209544925,0.146402581768276,0.236514924302557,0.300982758687413,0.357836671454189,0.423855332821935,-0.174996403052253,-0.387308674978076,-0.0865417403949274,-0.21600767016847,0.126328209578448,0.201892902236568,-0.282265154225982,-0.30208057877114,-0.244871663750013,-0.440564814812587,0.0926581291339294,-0.214796006345323,-0.189886232558409,0.121939000112968,-0.0261682516114607,-0.271472479765279,-0.292726030371317,0.0816872457315121,0.209525255856692,0.488387447556898,0.75087124482269,0.259992365798432,-0.220037416618584,0.0601183297566881,0.142283580016401,-0.296160527847699,-0.443529046652969,-0.396229915431513,-0.290159069637725,-0.0027463761694096,-0.12244885754224,0.304374706316704,0.171156096433669,-0.51011418273181,-0.146920643496043,-0.0254489049566619,-0.0513350850219251,0.0755221649462648,-0.37526859029557,0.285286616110781,-0.447102792799679,-0.199985301347431,-0.35124787526157,0.1354023281356,0.243456239743935,0.312050606338702,0.394690726529025,-0.0903410180526636,-0.373320594391577,-0.188166104402154,-0.366701750603706,-0.131552390890573,0.0803850796420624,-0.163534740739784,-0.201783904659324,-0.154682037951652,-0.427732204863236,0.361785722595976,-0.0676062374162479,-0.0183273262753084,-0.201151580611194,-0.357232786460401,0.105210285018244,-0.212414665177314,-0.144642724434567,-0.333232680331985,-0.371279631455724
0.0856184605350101,-0.0693902169385065,0.618278598299041,-0.277582734471652,0.0306537943190286,0,0.563277003371491,0.565044688151173,0.577850901852023,0.451502942405637,0.325399475125838,0.431136733766804,0.154673153179664,-0.26714351799425,-0.313276674177629,-0.32732062478528,0.0129803243849025,0.0783687128688795,-0.164769376055955,0.0576526434336076,-0.137104557873353,0.147083030677282,-0.279197185795602,0.345634152375819,0.395171457155383,0.473114191312182,0.134761370864871,-0.116112383291929,-0.121350443149238,-0.24978917162017,-0.030477167960237,-0.341068818521527,-0.403930476153402,-0.170854953860347,0.168008994319464,0.0773550822222972,-0.00634737425255835,-0.0659258661670983,0.103453705876223,0.596848151665184,0.012005283434397,0.261258726490424,0.316682792447297,-0.0458630240499566,0.224919679814767,-0.242970195351261,-0.247377393157263,-0.196404819947331,0.501723513946859,-0.0613773181773415,-0.148257813796708,0.35451219445635,-0.244465446179663,-0.209396918436748,0.74262273448543,0.807556903109169,0.464703131072516,0.508016471794332,0.43105031098552,0.31248457006103,0.416658672429054,0.183186429767558,-0.0851603651076614,-0.141232962389008,-0.279379473817199,-0.314504970317296,0.360244637382018,0.0146326538207925,-0.0726660947616293,0.0696268867946226,-0.121797553154245,0.318984653009542,-0.235395573516735,0.465664619857433,0.317948452826893,0.484325385286765,-0.0347195431858553,-0.0849221312440919,-0.411588828334725,-0.304873644136288,0.128217669574346,-0.141820878789989,0.108154486462007,0.329616380281942,0.0861255637475784,-0.37492623456086,-0.0130812343744782,-0.0966219169704036,0.112441871114653,0.273211690599464,-0.362974991117837,-0.0164363649683633,0.271928087027546,0.241943024597598,0.403530559349851,-0.212558826530263,-0.289007266381916,-0.165429936246663,0.483703316920696,0.0055044839823046
0.114847483773576,-0.242626529842144,0.555334469531628,-0.38510804529669,-0.302317098943444,0.563277003371491,0,0.576294774516364,0.31847418754265,0.44825988914092,0.403055223923206,0.528705755572866,0.263523460347642,-0.170618879953092,-0.371732167446934,-0.354569322531199,0.0934480625025615,0.128582203094508,-0.137734798093102,0.0261519971014064,-0.0598310955906772,0.218644090884266,-0.360462422764389,0.423506197048397,0.375150786564933,0.496001433607133,0.118314772042985,-0.105539694247248,-0.177251800396747,-0.342322762649041,0.074678448651722,-0.493341643271383,-0.459387911299146,0.0156234640228979,0.301767168827772,-0.00373954878567309,0.0685186217523849,0.00470716700217735,0.0542019568158574,0.586526639669352,0.230802039544488,0.353405982428378,0.47788884005684,0.0597215300465368,0.261177762680748,-0.0626374597361294,-0.257899276222693,-0.0731330991747293,0.482134672751856,0.250258310794034,-0.195344650243419,0.232452433277702,-0.321293400841132,-0.385382343544855,0.413180643371541,0.669100792143184,0.561718548763682,0.416811944326368,0.44441889029226,0.46276235479866,0.512922560545797,0.269240954256212,-0.098425628504887,-0.0182872321046213,-0.371748343573078,-0.303432636477452,0.664872785903776,0.135831969409612,0.00393233934934163,0.148608505084384,-0.0378829569495452,0.357420619555643,-0.355588564903165,0.609380337418656,0.35045606093092,0.508360224868345,-0.149818407951913,-0.274923356838503,-0.34709550103223,-0.485107844427692,-0.0786320641577615,0.0555035613848852,0.131752188640394,0.335997210935639,-0.0215286225364303,-0.434566992467518,0.0177454197439008,-0.134302977762555,0.0969252559556112,0.343954456689119,-0.343206804136299,0.0742892937015597,0.250623179681669,0.315539733435527,0.402387099109598,0.0178328370110687,-0.0600059211988279,-0.0455977787044988,0.501391301931944,0.361570365058937
-0.0412461770216112,0.0413094448881975,0.444984774554087,-0.108186050568417,0.119453570516582,0.565044688151173,0.576294774516364,0,0.70615031877828,0.376693439600384,0.330657174253762,0.40894251053646,0.31213423078135,-0.0354984540561979,-0.203316431734329,-0.203775975214358,0.242179961464637,0.404732365393747,-6.37827190330465e-05,0.135561439163453,0.180395959323757,0.192605529615378,-0.14105560794878,0.40860431850518,0.287138826335134,0.420931850614694,0.224646634914624,-0.110880338027118,0.0541737328370477,-0.156672663754729,0.181052733377089,-0.350371306875905,-0.417349908116482,0.00922847746083113,0.200046328156965,-0.0952543755317708,-0.0511601666530247,-0.0637995810996009,-0.0178450514197601,0.397312189919445,0.0536174415078944,0.306545153317942,0.254127823271707,-0.0101755108997527,0.232138257832887,-0.124416921146416,-0.16936650138819,-0.0756788703983809,0.139706293448707,-0.0372602585645114,-0.222728656221055,0.341144023019018,-0.148627858989715,-0.0112466620687212,0.667044280415587,0.543815994108939,0.810632604693251,0.811843049034289,0.347223958453267,0.348972364133192,0.358979859672356,0.286070282888308,0.0170243677698265,0.00682272723898333,-0.152285763735987,-0.238596015913577,0.323239356010585,0.209530118241668,0.181002504893496,0.300255197863511,0.114910619663091,0.34703336903179,-0.140768324563907,0.459680056941886,0.409504180630942,0.436243773542459,0.0909126429702672,-0.00962108539703386,-0.267931875903798,-0.342019996596911,0.121516476711188,-0.159621612282113,0.100712714470414,0.373093243714499,0.119489986157885,-0.419955879764775,-0.0751945143809078,-0.0817168214307588,0.0802886025593833,0.261530852681932,-0.387821603566378,0.0215661672866879,0.220686655206377,0.130953250343682,0.278224628758484,-0.0695963272009972,-0.200362223390137,-0.153613465611668,0.210811980800634,0.0439448792173253
-0.102515647401432,0.110186418423891,0.252945242355325,0.0225426032117195,0.32441087956759,0.577850901852023,0.31847418754265,0.70615031877828,0,0.297831281254209,0.243238627510476,0.286933535594206,0.151399785874469,0.0305327397528827,-0.0186170113246174,-0.0602147694308684,0.167655919262729,0.368675077614307,0.0215196984864082,0.169541867152539,0.0903470733005618,0.0882319270510819,0.0426905011545915,0.245708705674341,0.122248456550825,0.26467034890382,0.174632738481635,-0.159565850707759,0.141750837261412,-0.089415054261222,0.120954761188038,-0.196675309541268,-0.279871889151477,-0.0738161124350834,0.0104497563920147,0.173917030670301,-0.0331115990563998,-0.144441421868477,0.0427369750952242,0.42678141787759,-0.0562121657932716,0.136732027745642,-0.016562990274648,-0.0780491064484475,0.0693730863163691,-0.273728840713174,-0.0901941052985889,-0.143619916482981,0.160004168378383,-0.188183764191222,-0.201918945448559,0.168484177475429,-0.0166599631425941,0.108132159658549,0.646203839128548,0.444542682906469,0.606553928512098,0.816331579995253,0.235487654448199,0.204262091590886,0.149801324717869,0.123080119796305,0.0922948571590895,-0.0110620663063301,0.0555044572092075,-0.0439264551692827,0.0849574778821529,0.0916098593890589,0.123619278617547,0.258084531017558,0.0406870803003019,0.19143437860719,0.0968862030260934,0.215027105096675,0.271254336967678,0.314653123317725,0.197405840584249,0.101925650734782,-0.20915780448846,-0.155718767448124,0.295691880316073,-0.222922867328041,0.0491740082693032,0.258763035584731,0.155127472598888,-0.253579298208907,-0.0309595868029769,-0.139169206292537,0.224955790710404,0.0825387692135575,-0.281330906927356,-0.122726692914689,0.119974690163292,-0.0363387457301061,0.117460191709879,-0.141841135737564,-0.324295269421602,-0.217754200466773,0.157390274343158,-0.197905452546332
0.0769441133021329,-0.374787153020764,0.347559919709893,-0.555162493376929,-0.265495901660722,0.451502942405637,0.44825988914092,0.376693439600384,0.297831281254209,0,0.645428402526729,0.663170132996704,0.0493848791843403,-0.400048765403471,-0.488694391152163,-0.440745913090384,-0.115132286997751,-0.171790866766241,-0.316704300330015,-0.16245336776399,-0.335708449697193,0.137860736684881,-0.458687041791687,0.516947306877632,0.629774174242115,0.569523675950049,0.0672332905719288,-0.259176478767976,-0.31817228226953,-0.425030382031295,-0.0643091038895423,-0.461742175735597,-0.575595131105802,-0.122348401984089,0.202041168854725,0.0757413093264317,0.0519407955378357,0.0342593337008556,0.0271140813295143,0.627353337661297,0.206824352304346,0.545957402654297,0.540029578466442,0.221623727246187,0.26691531806875,-0.25513304766984,-0.386883690934604,-0.321613082330587,0.415440543314435,0.0451614003043069,-0.22531936013713,0.03252520679212,-0.516609820140555,-0.516928908820518,0.431364549609446,0.587466686763925,0.409305553211743,0.270711431333074,0.855713134847994,0.458458325210675,0.61847177142589,0.0863624475161703,-0.266919446389427,-0.281982009509356,-0.459804184029944,-0.398933005189359,0.648166125296377,-0.153642270342794,-0.232595148584469,-0.153090404369318,-0.332920885131615,0.33980481610258,-0.46092582375527,0.699780233573556,0.342283212563158,0.694138943382007,-0.280438124281726,-0.339073676327106,-0.323928759645504,-0.507556097381251,0.04746863430424,-0.0264023497752393,0.453577267929191,0.405731388009574,-0.0849103369406183,-0.486374399875272,0.0369717408592221,-0.166207844628445,0.0274888197565646,0.381439699548379,-0.489791266639294,0.277948316124083,0.46156658685028,0.472065488293627,0.638854420834584,0.031083273400308,-0.268302505031296,-0.226995186658746,0.497914113331366,0.118037915001383
-0.0245214950798373,-0.480485586225985,0.198491816136906,-0.559140264122405,-0.342341077913026,0.325399475125838,0.403055223923206,0.330657174253762,0.243238627510476,0.645428402526729,0,0.803203363365901,0.182089843911227,-0.39963131408306,-0.523485133263624,-0.510837513295272,-0.0121140954018445,-0.0773649064364036,-0.292447113259762,-0.0740121383702605,-0.156882519039259,0.259547400622239,-0.478996923576894,0.712992073686085,0.338856242654925,0.751251393053091,0.169947311239593,-0.0604571585126416,-0.189171428282364,-0.356887688223146,-0.245242812523895,-0.498493718680317,-0.560613561816181,0.11444902328952,0.396437038280509,0.167122786186495,0.255284763016402,-0.200499902712267,-0.0588302295685647,0.510317793639489,0.509323598504877,0.407783870191031,0.570481370403461,0.278327117124933,0.440897933888838,-0.0809807768447452,-0.291039524548238,-0.14910183320819,0.438361958274676,0.273045418564343,-0.315294633035718,-0.130362357574784,-0.59834404463409,-0.547515171016001,0.252947411452629,0.447669729943185,0.344713924358027,0.28272100052589,0.7380273562693,0.786255691109672,0.68624359533958,0.284895537956475,-0.258523207191136,-0.338147730036198,-0.504780770117519,-0.49907402279585,0.655716048341289,-0.0199490299916383,-0.0753662494195811,0.019340118531723,-0.170934267297327,0.491642849143771,-0.470655157114106,0.640588469228387,0.510798383254393,0.716154878846431,-0.259318439775937,-0.312398080499432,-0.436398405014912,-0.524337268261217,0.0811761851162801,0.169914099981065,0.432455115262728,0.608448154227882,0.0248223645902278,-0.415002104885626,0.209781087707029,-0.0578148800741874,0.175585496185056,0.587220274891697,-0.474586449281834,-0.00750815034043342,0.178813884224529,0.297945070675729,0.615273392230399,0.0920561373471955,-0.124329504783354,-0.082028963926521,0.549435524198405,0.329792089754747
-0.0389612073898696,-0.470480714047991,0.304852687366815,-0.587422864626202,-0.355085849337553,0.431136733766804,0.528705755572866,0.40894251053646,0.286933535594206,0.663170132996704,0.803203363365901,0,0.303948505983263,-0.35374841682323,-0.507306737218166,-0.536420184489046,0.11039284298152,-0.0516061657545171,-0.211507945932448,-0.0912187215326359,-0.117297783988533,0.335826015758715,-0.466747247336024,0.788246279710319,0.396245626308026,0.778870176351211,0.141714164422939,-0.159822887435937,-0.194321639373263,-0.354011494890901,-0.193394842530126,-0.542585136657179,-0.588508591650875,0.0728439440424427,0.426850727232274,0.0596217540286253,0.185398665741685,-0.263600237255259,-0.0249315864065812,0.636977451679445,0.438039378271375,0.393219838083959,0.656752580796058,0.139076675341279,0.393074100880269,-0.115020559864352,-0.302006211326136,-0.155264349723241,0.48443536735578,0.194186250376632,-0.306350460193224,-0.0448886055163368,-0.602574314793825,-0.558850627635051,0.267679978672332,0.555609698119749,0.37193103749704,0.318035756957089,0.69858820498334,0.74181276881552,0.823743461949896,0.370862222938504,-0.211180710844142,-0.301404217348266,-0.481445653175974,-0.503709495644095,0.684267427807272,0.0797414559959822,-0.0219342762766148,-0.00336166319214158,-0.167378348667562,0.583569954548949,-0.498465203783536,0.735094770310077,0.639276881708668,0.756881154368101,-0.237297805604345,-0.322534805020088,-0.506481199646895,-0.571973330797759,0.115094234544869,0.157318794256469,0.341265957318206,0.589100283540183,0.00531695459804529,-0.477864684276164,0.153216971254058,-0.115548418499892,0.0604860674204092,0.591038399156723,-0.509607656544239,0.0226358205866495,0.202420803712555,0.335548855226952,0.660499364901522,-0.03582271780535,-0.160000587596018,-0.123276448927777,0.562208859260625,0.285826063838862
-0.142117878998091,-0.12342669735671,0.0560329968727093,-0.143643151308136,-0.226389703223425,0.154673153179664,0.263523460347642,0.31213423078135,0.151399785874469,0.0493848791843403,0.182089843911227,0.303948505983263,0,0.253129030072962,0.0288544745242938,-0.156051844401665,0.729451554248575,0.228376529146505,0.550508675606076,-0.0383014130539119,0.260619042579057,0.670509646380131,0.0254110802013774,0.507687515455529,-0.0210853540854721,0.318463455528281,0.262562999579744,0.196042617310514,0.363238438862049,0.0520468349784253,-0.0652341835844337,-0.185367683628691,-0.13594625795429,0.508323777227535,0.59908317717613,-0.0909688387170181,0.310907045962213,-0.194654592417582,0.0331242016816488,0.200265653325671,0.33238408216472,-0.0813817857204172,0.26332351097817,-0.0748295057457509,0.30126002021918,0.228295618879815,0.13832827847153,0.168075124888025,0.0478943321290675,0.253016787757495,-0.223013712251536,-0.0301100758665991,-0.143488044491469,-0.17195888931784,0.103257397138839,0.175400486481332,0.176055677115794,0.292725735103118,0.0359044669389062,0.316032053758791,0.20591457637352,0.808867386644501,0.413451243900953,0.180496521189979,0.0141705346911308,-0.0597651827542837,0.116596717081166,0.696433039166155,0.581346050328751,0.164743910300365,0.165577678297964,0.677441041464953,-0.00694266884696706,0.193742282644012,0.487518114653605,0.15492548546626,0.380273585950015,0.057040886801721,-0.270689115686812,-0.153777811550095,0.342131549104558,0.34716981653924,-0.00304030462619222,0.431812628931617,0.175418932868852,0.0584210157639019,0.358848413305356,0.0763107727507491,0.0890235128512276,0.383290900084885,-0.116703662219934,-0.179045745917597,-0.0544329866275205,-0.158403125206809,0.081269884400515,-0.034594810586867,0.137674449822192,0.0581194232775696,0.0805397595175145,0.271996530727412
-0.26728328979712,0.213077404956071,-0.292925796920967,0.409664085059349,0.117879335403589,-0.26714351799425,-0.170618879953092,-0.0354984540561979,0.0305327397528827,-0.400048765403471,-0.39963131408306,-0.35374841682323,0.253129030072962,0,0.745124061799937,0.242115529606303,0.420173922916947,0.476820126821755,0.652247133502699,0.178725409523063,0.428288745299444,0.13609452807843,0.783133916018498,-0.277579855405415,-0.383176045243649,-0.419190680678411,0.189217308203089,0.206462169974633,0.450768302218169,0.399225946590959,0.0330955281850528,0.211990649647676,0.340506900145892,0.329508955525921,-0.0665248677845628,0.0460541086186408,0.00993385196811761,-0.109622535604192,0.115468006117109,-0.258768772465624,-0.0745031836750514,-0.390911267658363,-0.378961585703561,-0.133889970580547,-0.197718314969055,0.340276431626347,0.641078337415616,0.433810381867798,-0.241528698305235,0.0536224653250832,-0.0891115554878079,-0.070044179967482,0.348065975327936,0.304124832507051,-0.226051671003235,-0.306773386011267,-0.138505841183717,0.0875086165487009,-0.478795406298747,-0.289844218414781,-0.439128820827492,0.12417966325222,0.697171839293758,0.586754073789234,0.762610474394634,0.704674855847234,-0.443950304846021,0.482413134970505,0.514119845927135,0.339930989304965,0.425315278811144,-0.102472178866124,0.733793073985645,-0.432812668775698,-0.175851781741317,-0.470438892169976,0.51147593990172,0.469945336527849,0.0679177099992402,0.258413197369679,0.246075310869058,0.11447392463018,-0.341873970215533,-0.25465495810591,0.274850919910239,0.457900242404154,0.0897291279466861,0.0801149154123796,0.117415678876089,-0.383289907262415,0.311280872585679,-0.288075836849326,-0.235886080714952,-0.415916992905326,-0.513684282440102,0.00757148558154028,0.248936498314121,0.216804535437503,-0.300290417454234,-0.0882743719080377
-0.30422654611167,0.296508647583949,-0.381335730253207,0.486775868506348,0.253760443415474,-0.313276674177629,-0.371732167446934,-0.203316431734329,-0.0186170113246174,-0.488694391152163,-0.523485133263624,-0.507306737218166,0.0288544745242938,0.745124061799937,0,0.278197934254854,0.197807049895452,0.375948141568041,0.488809479917679,0.320394032217379,0.504736355349036,-0.107841815643174,0.848549898567139,-0.399676721771988,-0.400966222605113,-0.485502421296845,0.122796124113198,0.247070167695752,0.537748655644313,0.619981185914172,0.0272256804624566,0.334012804002919,0.410152502877015,0.104589935749458,-0.256785817593009,0.13961904849179,-0.00493299184681447,-0.100451047016293,0.161327577726946,-0.302413277213906,-0.189264142941269,-0.438222661505243,-0.534465572018164,-0.165177772503619,-0.305473135253942,0.268959517516612,0.624998074173616,0.472577514887757,-0.32236712788528,-0.0523456791347575,-0.0176616058887923,-0.0667894086725428,0.437662254553338,0.394692184660046,-0.269008332386321,-0.437989098173651,-0.259853411177764,-0.0380081849890878,-0.554838208093059,-0.484372516571307,-0.530644175518122,-0.126789669075549,0.510024800334341,0.400441560971004,0.755182647009703,0.795595135860481,-0.602138891237212,0.168962953706927,0.329079290633775,0.28932791633993,0.529780462608502,-0.299887623356672,0.796225355441679,-0.520018498950635,-0.304420975994214,-0.574797591655605,0.574112414427078,0.705893556730592,0.145653070789604,0.398435629748301,0.254827977818943,0.00876196787822104,-0.359529855108194,-0.395997780134871,0.254916277884534,0.517237139188192,0.079284393101747,0.179850301958156,0.131050640675614,-0.457086901321871,0.399251614202894,-0.265158431923613,-0.200515790498865,-0.444747072430174,-0.588366799695658,-0.0107239674135172,0.18826894435895,0.289570823980672,-0.396071657120402,-0.209517465026956
0.346875382471625,0.631683484928983,-0.0643725995590924,0.63548312095369,0.372072745244151,-0.32732062478528,-0.354569322531199,-0.203775975214358,-0.0602147694308684,-0.440745913090384,-0.510837513295272,-0.536420184489046,-0.156051844401665,0.242115529606303,0.278197934254854,0,0.137246904750085,-0.061616198390364,0.322388174491056,-0.15386053020999,0.0554311634647773,-0.24102799286252,0.274484644319378,-0.45759420285722,-0.156337535614809,-0.508139981124104,-0.372851166184316,-0.209953997773812,0.178795505066426,0.0775502446205698,0.430198235639517,0.746890329247736,0.624896683477433,-0.140074672417017,-0.456266224584755,-0.188848191163734,-0.342746366809171,0.35735883836793,-0.0224380836326526,-0.406862866152458,-0.511292035175456,-0.319881798348811,-0.570714037046608,-0.143636037693804,-0.494019579075439,-0.255440383974637,-0.0132525858129801,-0.131791999303124,-0.396868872138875,-0.38211674793155,0.658100098017752,0.289206256495482,0.775355442702373,0.653966051717284,-0.143566444186731,-0.35124640066692,-0.164964329882793,-0.12071995381027,-0.49187750876843,-0.500335807521684,-0.565641447099364,-0.198090071405544,0.105664118131292,0.121928420727798,0.326096387258002,0.245891911770138,-0.569355677807233,0.051978585656083,0.0425764446932641,-0.187222764781228,-0.0285746981432488,-0.36393020556413,0.234589486946149,-0.598675692808986,-0.29503782876962,-0.503805529912874,0.149561640769917,0.101666117898892,0.57854533751123,0.685950903279096,-0.0327977908555018,-0.354926595912211,-0.409388554831296,-0.405801090615063,-0.250225203842875,0.128504233799335,-0.266737318737954,-0.248119896619359,-0.248129558652452,-0.482708870651263,0.488614468232184,0.299654494192132,-0.119922936879998,-0.281456470770785,-0.551253402458764,-0.0790355370628836,-0.19836876211843,-0.166763240717669,-0.434881012151066,-0.394504671679119
-0.139527632237646,0.140831548984177,-0.0403445439498557,0.153293487025179,0.00750374943869388,0.0129803243849025,0.0934480625025615,0.242179961464637,0.167655919262729,-0.115132286997751,-0.0121140954018445,0.11039284298152,0.729451554248575,0.420173922916947,0.197807049895452,0.137246904750085,0,0.252599374752514,0.73400125808246,-0.0772986596429212,0.348638118265935,0.547879591580796,0.224554494098721,0.340479225341259,-0.154684036992489,0.0442814748277734,0.0416389547871298,-0.0294591046904023,0.402583787259725,0.0990524428863311,0.088621414114904,0.0381025737735496,0.109023306940291,0.457155288411906,0.396864281049623,-0.227910997183994,0.0923138258053235,-0.107440800415051,0.0706327713232709,0.000922730528834883,0.0925215407018717,-0.267303203606797,0.0101865204194495,-0.0155596638498486,0.0421028559914841,0.122354418322459,0.146919182583658,0.0936423995654511,-0.115295731905718,0.0627478858603271,-0.086454551243083,0.0565286754193807,0.159598888932645,0.130031624573502,0.0242222870369198,0.0421177821205183,0.143082952732183,0.241517890473936,-0.122460923608641,0.0658799730284645,-0.0358155281254598,0.614355583495599,0.418735784569272,0.293356372830343,0.256586869191475,0.118425065052272,-0.119133100401373,0.774415931389217,0.690892011523998,0.115678016659233,0.193333770285541,0.484917395937014,0.184166269676207,-0.06685935199314,0.435292467993419,-0.0752482218060663,0.387595615023159,0.10514735183576,-0.0756985347894284,0.0619669112906251,0.308220947013782,0.202324837231725,-0.194015736151965,0.250923070148497,0.045134048002827,0.12090853444004,0.202830396450859,-0.122591441379801,-0.0943029504098789,0.0989736829686261,0.0646966462850866,-0.132278811952511,-0.0903125671607343,-0.26704165640622,-0.179599839090226,0.013483008057529,0.0470263797483181,-0.0327229825287252,-0.0965864374838424,0.0436450910224068
-0.305132884170201,-0.00169856168423061,-0.0216712555083015,0.101552434005635,0.0949139990444048,0.0783687128688795,0.128582203094508,0.404732365393747,0.368675077614307,-0.171790866766241,-0.0773649064364036,-0.0516061657545171,0.228376529146505,0.476820126821755,0.375948141568041,-0.061616198390364,0.252599374752514,0,0.234017402010592,0.681969968370792,0.540341614687326,0.137218869513991,0.381902982072705,-0.0172355851344378,-0.236801629415764,-0.127503147738482,0.559441195821496,0.360872802635574,0.352101584475493,0.269597285197451,-0.0652060701096807,-0.162101045210779,-0.125249401889337,0.420836808517607,0.164428649601116,0.279233227251397,0.172960604086947,-0.298775264946742,0.00528421811192708,0.0500159313669694,0.133109983503746,-0.158731610513525,-0.224200278419356,-0.148748787664485,0.00462713301785047,0.327100460709943,0.411282899199776,0.456182912832126,-0.0435383252654236,0.245837745705109,-0.311951909486636,-0.0290633675501513,-0.0132283100304844,0.0848547668451505,0.0965968156595053,0.051318972512413,0.291573018923304,0.518888545456433,-0.209961707616922,-0.0410651601502536,-0.14619700952386,0.141049911290524,0.435679643212895,0.353456864601788,0.35860468312574,0.247431436308872,-0.137042796595105,0.284681352402732,0.469013161660858,0.844983976828461,0.610261315389718,-0.000883014547776334,0.400747995804575,-0.0722664890523613,0.0612017429253309,-0.187943485139786,0.410000651175731,0.440279579438267,-0.206986701618988,-0.0856593849581279,0.279429324868768,0.210924502844043,-0.150028153297007,0.0589160896277764,0.548990899123367,0.172821316614991,0.187361440636469,0.340704707918757,0.564808804549399,-0.0776445520925933,-0.060023235852785,-0.322216929123881,-0.16554563324764,-0.308531054224449,-0.29777432551816,-0.0548529482463627,0.25221358395661,0.325647792048289,-0.0346879641396899,0.144546743975004
-0.167866484395029,0.294239019686009,-0.237368088503668,0.385193637400993,0.13327301470434,-0.164769376055955,-0.137734798093102,-6.37827190330465e-05,0.0215196984864082,-0.316704300330015,-0.292447113259762,-0.211507945932448,0.550508675606076,0.652247133502699,0.488809479917679,0.322388174491056,0.73400125808246,0.234017402010592,0,-0.0950759654602813,0.348038076067942,0.374426306736308,0.48681020480903,-0.0383922058272341,-0.284996805275841,-0.241160947071918,-0.00830719904463117,0.0606491266080349,0.541549680327969,0.250936504011735,0.0810693201335833,0.315699365942319,0.377564984407013,0.421274226335889,0.146778041572333,-0.105562382763769,0.062544467636562,-0.0312214658501484,0.128858940060172,-0.174711125332754,-0.0692282807274169,-0.437238166347174,-0.263431671249745,-0.0671290607202541,-0.0839926403908397,0.158567296167325,0.399952847889158,0.220647186153024,-0.192111060718176,0.000176883899246564,0.0169716422132728,0.00993304748635333,0.388281125382733,0.314338366947958,-0.117981621672943,-0.203052886318505,-0.106797851347905,0.0715883590533002,-0.3680892524121,-0.195820123918873,-0.347716358167942,0.408015924955393,0.542581182165219,0.390793591609552,0.541350505124493,0.397673045555841,-0.394514186883478,0.702818507968271,0.662035336173749,0.0744864226045684,0.208298187623944,0.189297862605411,0.427879303880442,-0.388856356258701,0.0698183003715741,-0.349674095214749,0.569757576102932,0.25835195494376,0.0188877304486273,0.339465159603379,0.260275499772364,0.140094667385796,-0.296156879508369,-0.0912991681678493,0.0664066785835897,0.37766441655283,0.193774407714235,-0.0951038495243512,-0.0727240489342101,-0.195318243367053,0.288800326157965,-0.159979174453199,-0.183259996496517,-0.378122897048709,-0.44661669570319,0.0287975290932311,0.093858168508949,0.0511973057676213,-0.232020186083564,-0.086883665316359
-0.280219763112072,-0.0923053490786153,-0.0518845500934816,0.0240563240010084,0.0459713978133133,0.0576526434336076,0.0261519971014064,0.135561439163453,0.169541867152539,-0.16245336776399,-0.0740121383702605,-0.0912187215326359,-0.0383014130539119,0.178725409523063,0.320394032217379,-0.15386053020999,-0.0772986596429212,0.681969968370792,-0.0950759654602813,0,0.579462749013318,-0.134302208622967,0.264216962580375,-0.073324709267372,-0.225806842124648,-0.099606770002089,0.562566351380711,0.460306243703291,0.326220415628962,0.363147594061249,-0.185068300736462,-0.166568795249074,-0.145711663179758,0.237309753459622,0.0673304752131117,0.322244880258861,0.17582605988023,-0.306813003469062,0.0180980728842022,0.0882399641977542,0.129164101020949,-0.129417976211663,-0.231792011461309,-0.0981409045030441,-0.0171263467417944,0.318830626794631,0.317263269487101,0.594710532149062,0.0199705592737406,0.257597963816499,-0.26545418611219,-0.0907319164291591,-0.0887069404540496,0.0150003325437994,-0.0228749758165666,0.00272562381066038,0.0804507882832434,0.218211023541683,-0.165548688943333,-0.124512157791009,-0.0862369703768017,-0.107953696279037,0.127870566143163,0.068868365973153,0.166111741767865,0.129596723946417,-0.101326989732266,-0.0869011984969147,0.209154414615058,0.784625226657598,0.745499400085724,-0.162027723059619,0.325077938009322,0.00118549663495211,-0.0094683777835046,-0.162602907025337,0.283238792474081,0.528677961950769,-0.172739191765284,-0.0572622721751562,0.177932543829354,0.222161660906721,-0.0551586892760502,0.0298429947681296,0.615505856246513,0.193943062867165,0.211365776428852,0.481879912103217,0.571099475081636,0.0373726146955603,-0.00190819595416584,-0.291038091147585,-0.12590271486962,-0.228081151495537,-0.210262380728045,-0.0488745105428137,0.288628400958064,0.602576534641482,0.0195502113721123,0.150796280028557
-0.324092904462929,0.0836600072366808,-0.219810244852534,0.261435660827484,0.141841121042782,-0.137104557873353,-0.0598310955906772,0.180395959323757,0.0903470733005618,-0.335708449697193,-0.156882519039259,-0.117297783988533,0.260619042579057,0.428288745299444,0.504736355349036,0.0554311634647773,0.348638118265935,0.540341614687326,0.348038076067942,0.579462749013318,0,0.0184535823126289,0.443955067586218,0.0405788515314952,-0.289090170691518,-0.110373872172442,0.353420016536317,0.36530432419437,0.586110755152568,0.554075838058065,0.0494677271359055,0.0512937909735905,0.123454964358977,0.336753456153343,0.114409865273917,-0.120007837018232,0.0927722836142223,-0.242937592902672,0.101960829879496,-0.133550580785881,0.0870216725245507,-0.236375816307263,-0.219552091601933,-0.0800755779491247,-0.0197891195145679,0.409788991617503,0.45737916468312,0.686877355089523,-0.188850693540518,0.154174969343515,-0.186760805445173,-0.0746995122671063,0.13033167036962,0.236534615438491,-0.12113268868733,-0.217326406319722,0.0448886968038466,0.17441159228161,-0.34270568345754,-0.112532362754773,-0.115490524891944,0.153192721004514,0.220742296259405,0.178169932149399,0.366190764705733,0.265794103550993,-0.286304689100655,0.325403977805073,0.573404990925411,0.547353375320841,0.856211077196932,-0.0227157060440102,0.421270868936525,-0.106990611253974,0.144334656365966,-0.248847645569249,0.475690315013521,0.627652474151082,-0.0789487380038395,0.100972382632709,0.154073778316609,0.18164855750359,-0.196403267470822,-0.0121167282091273,0.439470199911139,0.293269436335618,0.164386546848157,0.258796977459258,0.108516404427076,-0.0268732188750744,0.113495853854913,-0.325087243623902,-0.174757435544628,-0.340408462463209,-0.315189986161147,-0.0117940613217608,0.302711362592592,0.540067331440007,-0.189781372605853,0.0578721641069825
