0,-0.0656792578599626,0.181318093283717,0.0994364608521184,0.0219768381389246,0.274051784971694,0.311114612539052,0.271085865021826,0.102128303612234,-0.0794873806707517,-0.00613845206297766,-0.162997736729869,-0.161780707250638,-0.309306988711445,-0.287174620775564,0.157626511633728,-0.161512968381931,-0.0259438013895531,-0.146013934933773,-0.0329185420270973,-0.199940162177138,-0.109419846387337,-0.0673470756221129,-0.136900846017084,-0.0437382167608338,0.0120815331187235,0.0123782828838217,0.0339309618516234,-0.118250849038119,-0.106486311523027,0.182048053651461,-0.0943069235008259,0.0915623911912044,-0.101453833137475,-0.0617137006299404,0.0144614213598491,-0.145396561062474,0.0692408843384976,-0.16724800681386,-0.0841666052152107,0.00388237124412611,0.139292881153924,0.0434358814574957,0.196655869161715,0.0123477366030169,0.0404666131082215,-0.0145634399232368,0.111178048208068,0.33479698708478,0.0336570419125609,0.346238783522466,0.12520657049672,0.0485510836897713,0.0239377093062365,0.1059503849571,0.17040405673382,0.171885954306642,0.0969501067870476,-0.0687513935289463,-0.0428423309125751,-0.0527749088424422,-0.112726490322749,-0.215371449659701,-0.248542953860266,-0.243301809690278,-0.28839624783289,0.0893455214567215,-0.108753215645837,-0.048539490780728,0.0414255703879348,-0.154355890350958,-0.175395272990237,-0.083704841591855,0.104718014468461,-0.176577824434439,-0.0306409521856084,-0.201482736098544,-0.103403215604468,0.156213929828108,0.103152462552333,0.14792982446456,0.0666583865616008,0.0516206808031327,-0.112760252782319,0.042068969255537,-0.0810297307122431,-0.135782842497625,0.0304678451829615,0.0953362190972645,0.0246755033643202,0.189799837851567,-0.0240219910427112,0.107986474094226,-0.0295206710464952,-0.0344470307631253,0.199291925785393,0.0747836956709958,0.131501381719122,0.243584642486824,0.0534159362177512
-0.0656792578599626,0,0.3988365835054,0.351201806685255,0.55929366353521,0.347591618490893,0.0859754769483728,0.305621153538149,0.429651897919009,-0.146885497936555,-0.166716380127751,-0.146465536064965,-0.168077658553341,-0.0976037999937066,-0.0321857003309974,0.291470597805374,-0.219390146312056,0.0988382937511924,-0.162894316148998,-0.0764777928402313,-0.035035961677612,-0.32202539644089,-0.0898342515975572,-0.114622733590863,-0.285928897908883,-0.156336832985128,-0.270176945638026,-0.331918707619945,-0.193568475206872,-0.0491311120793707,0.0325795575469584,0.129556548800648,0.239068851466999,-0.0750931654808867,-0.286829837685987,0.234749941013093,-0.0792700015249131,-0.231379578493346,-0.108241619769906,0.0438789169418943,0.00616430223380208,-0.276291560274327,-0.210694110159116,-0.239153318162268,-0.315112475524373,-0.20664342687452,-0.17702250812798,-0.194957087264921,-0.109091724465714,-0.0616694551673826,0.287061748573185,0.629998351768118,0.351733262312557,0.445358852766769,0.505904276274013,0.296448427018973,0.347518930681316,0.411966035803907,-0.0888373190112139,-0.0917536555605003,-0.0870199992327975,0.0151840451125299,-0.0346036042577633,0.0654755734804708,0.0421618841144515,0.0332714098091568,0.0846548810085026,-0.128475886595474,-0.0153193113560027,0.0142902503098622,0.0404854921055062,-0.145925482914777,-0.0764475578922968,-0.0825309765872288,-0.143209873511776,-0.0608244027418087,-0.159718262439779,-0.0587343043598381,0.0326751720865588,0.139491589434216,-0.0422394487550015,-0.0246189481880523,-0.268195824946622,-0.307360095813509,-0.277723777386206,-0.203067142809377,-0.133731504974025,-0.28627863694441,0.00265578112977825,-0.185302232048085,0.0343202303724584,-0.122524074545556,-0.230896803573235,-0.173372011998388,-0.0783118618870569,-0.228643776519501,-0.189344323266107,-0.180901846307725,-0.0337057456446126,-0.104310842643379
0.181318093283717,0.3988365835054,0,0.0922390457357063,0.247581133731599,0.604501473600369,0.328620991769442,0.319362499864506,0.407372567290568,-0.0499225283977626,-0.00477756995313003,-0.0469246168540426,-0.101624146412816,-0.178954241105677,-0.140810185530636,0.288873396228932,-0.191210681790004,-0.0624945271228535,-0.219632948992223,-0.260513983955015,-0.171444584767431,-0.189541041089941,-0.0908485534547809,-0.0799111419729572,-0.0466493410975904,-0.0645644484625508,-0.0592691496468473,-0.0554868405266286,-0.185869258843227,-0.0402116903745544,0.078435774425605,0.149998283082036,0.0108223985437928,-0.23091760057522,-0.17793294622228,0.335002121866803,-0.0866113918244167,0.144294378859923,-0.0146147687578254,0.208046765894548,-0.025599227953433,-0.00988536940384872,-0.139332556033641,-0.144609034494493,-0.207710257277876,-0.0378160252428934,-0.140092434759503,-0.0196462981014314,0.303021844809028,0.0236533914656205,0.286796518744128,0.616198917697078,0.174492288408181,0.117691358878574,0.610559265368781,0.510841608398388,0.347166517777219,0.393082090515492,0.0593952342775423,0.0125377904607025,-0.0914570926706207,-0.0707805915371263,-0.150916762647833,-0.176792715566672,-0.199962501415651,-0.115733987718906,0.258663655948747,-0.18573794842457,-0.203545047130278,-0.107283731631076,-0.163801109987769,-0.222062680683444,-0.0999097177549229,0.172825304983657,-0.0840266185583253,-0.0447527008115775,-0.165494232939662,-0.0491159596666556,0.0192248681877944,0.185341048359741,-0.13115005488199,-0.0301459932400699,-0.144945212478425,-0.248473304499099,-0.0308497107050747,-0.230137075394834,-0.0431345850884776,-0.0642012721017622,0.0537574298144466,-0.0711757967590115,0.0440496009812305,0.0324238501877681,-0.049324466728186,-0.160170163122375,-0.184165316043712,-0.12267739425877,-0.0427786575928986,0.0171514971694025,0.373453642923492,0.0528295733733091
0.0994364608521184,0.351201806685255,0.0922390457357063,0,0.594695335960977,0.114163777355779,0.200646418222752,0.409229663742515,0.348434517982916,-0.0691869148279556,-0.184627327132308,-0.206475750122157,-0.181154897204521,-0.131583409519671,-0.0541569969844572,0.0749454825260181,-0.213798873790328,0.141264846558457,-0.12881955436125,-0.00396893316512495,-0.0536014026220318,-0.0986470385961165,0.138150398704184,-0.182171620096142,-0.18655598359236,-0.201525711460792,0.0304995706335709,-0.0952638500759152,-0.146758635012334,0.0161020685772414,0.0992979176960013,0.0725328232037891,0.321943232607551,0.00437348893479366,0.00572858978372632,0.163721723806775,-0.0971033887997285,-0.0668330203522376,-0.0440343314194732,-0.0729206322925538,0.130223350220146,-0.216894275030575,-0.0195444633927366,0.152973569509521,0.080109138726163,0.0581455420351825,0.0419265912000387,0.0515392789807032,0.0170255458062038,0.0328038752859404,0.279124766785504,0.250740031675527,0.299584472104549,0.555754269233492,0.181607764157745,0.121833142813463,0.518727615185919,0.388235674592496,-0.0650856019582891,-0.140787005551242,-0.117738080060188,-0.0886535979827881,-0.0383122453981739,-0.0658293505122823,-0.0279264672642381,-0.0414936739281803,0.208128063375551,-0.140092870371021,0.0475108291408656,0.0544978547851797,0.0536412910019813,0.074637580879942,0.0439748395783102,-0.168624302820439,-0.26167737986023,-0.0832552672556352,-0.194020345024918,0.0668038138951133,0.245397951539864,0.163458290283321,0.0744167064144236,0.0764765953856034,0.126220870000322,-0.017989131625163,0.0299898033902227,0.0448658237962939,-0.121937380419077,-0.0186171299114558,0.102341149637248,-0.0381430349776967,0.25821724486166,-0.0808583867150559,-0.0562644906151231,0.0229956000052835,0.112180152181585,0.189632634073218,0.11577621817185,0.0712679798815084,0.0855017735304735,-0.00585289801465374
0.0219768381389246,0.55929366353521,0.247581133731599,0.594695335960977,0,0.363297447271207,0.0671111926515643,0.416208294343619,0.4892260163376,-0.145895879363625,-0.121525494871578,-0.147551212610688,-0.0858877348335724,-0.0657733353106667,-0.00365873398877721,0.0120336155132857,-0.184594780323926,0.112740453913075,-0.17325609253595,0.0408500155628401,-0.0884997579043729,-0.186295451884796,0.0405318276971077,-0.193490830509361,-0.252489884310392,-0.198049985752444,-0.109324676371779,-0.20619611442101,-0.132524359258112,-0.0330153323043287,0.0993503768469388,0.0563872242643971,0.162555132417786,-0.0936025417661427,-0.166362858993151,0.264103932262577,-0.0291262858318282,-0.134005913816348,-0.0893669068914347,-0.116924094687723,0.0371688113994274,-0.291015498644157,-0.10822745574139,0.0328948288520027,-0.0571659334207499,-0.0733271249873519,-0.112348202427403,-0.0689218841540909,0.00937889929143806,0.0768136642706995,0.188704903933407,0.413369800079321,0.207401578617841,0.500229760747105,0.54630545044015,0.31830280860863,0.485864857470864,0.555282023800878,-0.0108222551862699,-0.0831505770530286,-0.153573749569706,0.052321263263571,0.00486539722538718,0.00734970481536047,0.0146327422365502,0.0349217469905894,0.221604430896534,-0.123587758900008,-0.00576159163648368,0.0853948050904981,0.0409262841972649,-0.0100295313419561,-0.00834089363578937,-0.111498532476455,-0.231677866698959,-0.0650316440791577,-0.137680078278555,0.0245242381310451,0.192026911361758,0.109617091967059,-0.0596461411001222,0.146698847049515,-0.0511002440157859,-0.175968505459338,-0.111282382303088,-0.103609632749072,-0.0634939320891579,-0.10645420837865,0.174688400410077,-0.0608124724316915,0.134820175383945,-0.0230161856589059,-0.177429767977833,-0.118533036441874,0.0321756394060771,0.0289966214662859,0.00498813863006094,-0.0113651689565157,0.110746684595116,0.0597133236167126
0.274051784971694,0.347591618490893,0.604501473600369,0.114163777355779,0.363297447271207,0,0.339587487731679,0.405151207378675,0.572229077624726,-0.0592655452947651,0.0777675653175354,-0.0715825793898454,0.0119951481539605,-0.0414439121977003,0.0101952664214458,0.0528414297302663,-0.153009303231898,0.0016390153911524,-0.100262754012481,-0.0559886766234004,-0.0526945556926139,-0.188869276703791,0.0217334636909034,-0.134392847889159,-0.151500817953215,-0.0967589429678276,0.00540272343309552,-0.0356541153516744,-0.0661847068018262,0.0595114919862955,-0.0447906269996229,-0.0796701613519419,-0.0568794170489951,-0.196520877983615,-0.152288555586292,0.437272952663132,-0.0399975836295754,0.0219035505376955,-0.124575100287258,0.0720985896687778,0.0447123245944759,0.0572664395196455,-0.182786395670153,-0.0566060074428428,-0.160966015584012,0.0132962796002557,-0.0460690306314114,0.0542079087479969,0.436099209062846,0.217304732661256,0.255337801312955,0.51157751985997,0.0336270269612552,0.210413140935949,0.771945538757157,0.68030132335128,0.304465247453338,0.554246160352635,0.0976617299613331,0.0420402001856008,-0.128919244929382,0.106071214146773,-0.0138337751039129,-0.0666043768863914,-0.0415097752077635,0.0344964354842133,0.182146784982901,-0.0172055058168924,-0.0568929897267269,0.0885374654943778,0.00477586962326711,-0.147107965128942,-0.0503950540069376,0.167667255510274,-0.0704222125680006,-0.0390630673976804,-0.0538269974240744,0.0523507569623087,-0.0656291203762381,0.0661478679119822,-0.0407998820926,0.177198816766665,-0.165211271991831,-0.181776438604873,0.0112545060149517,-0.142835071795268,0.0270488183675788,0.0553089090760107,0.281644933809551,0.0656025126207844,0.0192579740885078,0.00369547221433566,-0.0393209376275298,-0.249555753200431,-0.217509969426776,-0.0659039117719152,0.0115274977635519,0.0517070342160545,0.47007165461117,0.260857967776204
0.311114612539052,0.0859754769483728,0.328620991769442,0.200646418222752,0.0671111926515643,0.339587487731679,0,0.586011144361822,0.462878862460125,0.0833185182286544,-0.0371030358625354,-0.148317274364537,-0.064213428564676,-0.183577667716044,-0.174269388217385,0.298779796317558,0.00881865517274154,0.138365839674729,-0.0709612376233033,0.0069146071703071,-0.00363570587366896,-0.0174503644041607,-0.0624779451885355,0.0152234152949675,-0.0623955282229509,-0.0202913709891793,0.00208554247777585,0.091234701314982,0.0285854951904775,-0.153047440016582,0.0451643963529921,-0.23651193725829,0.0864681003377209,-0.0555156026167556,0.0896980603705131,0.403524620487013,-0.0402600676571952,0.0980757793421569,0.0678660389016505,0.336554707385926,0.179423885102918,0.189925443824922,-0.0190728184026237,0.144988125044519,0.000277770732967494,-0.0694659600832514,-0.0973989347786599,-0.100513556994809,0.34530385841031,0.0965223362436218,0.0649763444041566,0.153127570929137,0.173477830289929,0.146913791732235,0.219915030139011,0.2410431367451,0.391820820915299,0.40996179049031,0.0301539934286352,-0.0895656851662354,-0.0609191003788606,-0.016933618366962,-0.0608162031532714,-0.143110129974507,-0.164033492925605,-0.185943743137851,0.390844232982897,-0.0277582015125157,0.021709200162324,0.143361889919891,-0.0485206354260055,-0.0172310635432134,-0.111661587564882,0.18190601111769,0.0710347479326862,-0.0617394035097706,-0.0209193488607545,-0.0667685502461771,0.017684578530784,-0.168775880298871,0.0545994473095598,0.017017770694036,0.0834463452445625,-0.0569696380365519,-0.0216393248514917,-0.214692379517544,-0.0302561887931503,-0.0351357163760428,0.19947193902641,0.120802712903964,-0.0138579520509748,-0.0899090920355368,0.0933840110536444,0.0132088485626912,-0.0500973279790967,0.0883402889589794,-0.0796619953095266,-0.0962520774121432,0.288888943960012,0.0540288984073835
0.271085865021826,0.305621153538149,0.319362499864506,0.409229663742515,0.416208294343619,0.405151207378675,0.586011144361822,0,0.664898971873835,-0.0495357019826223,-0.115350035230565,-0.244114009282983,-0.128157388305811,-0.220682615360475,-0.214130863574489,0.054704676484881,-0.103236554582885,0.115693123810428,-0.167198941329988,-0.029051673654418,-0.1197316116045,-0.0766855727155503,-0.0428837530910404,-0.162459939325794,-0.151453973917497,-0.151978137972523,0.0121857196595596,0.0140687555001039,-0.117430947770218,-0.159768856463918,0.113292628270374,-0.257607988710823,0.00396169925614802,-0.127483608009556,0.00645270750365858,0.326729213094958,-0.139326350675586,-0.0214060865463452,-0.0595448839609136,0.0266423648744206,0.0234323114887586,-0.094783780959944,-0.059009814078036,0.120241048964496,0.0288341786544729,-0.00952733414105291,-0.100918600928637,-0.0357335766786875,0.205631894288541,0.0242397853304275,0.0928989445647499,0.312054193526556,0.0883151888743834,0.342107595545865,0.41195015144229,0.353340319860267,0.640237989171684,0.705495989746134,-0.00598327541230205,-0.209910717573961,-0.220637354798157,-0.0903721388223702,-0.0930075320134185,-0.187984362068715,-0.164736881862196,-0.23906839362846,0.268659421504265,-0.133929665376009,-0.00591481548513927,0.06941394430497,-0.0701195234125304,-0.0196607750663935,-0.128758502576326,0.0111408132031462,-0.185443206480032,-0.118005430218787,-0.13955275896014,-0.0781052215327262,0.107458273736086,-0.180013609282119,-0.00414067393916661,0.0304099344178548,0.114989750954379,-0.0815504648062977,0.017303061126802,-0.12593846446929,-0.129245868132665,0.0109535414873553,0.160146039583354,0.000974021448506267,-0.0330961308181902,-0.046003987566614,-0.00584594752316307,-0.0518013459507614,0.00227993619784221,0.0850976107147949,-0.00183305692262095,-0.00734838177041136,0.203278058344186,0.00960454597655603
0.102128303612234,0.429651897919009,0.407372567290568,0.348434517982916,0.4892260163376,0.572229077624726,0.462878862460125,0.664898971873835,0,-0.0242593953089823,-0.059462855325835,-0.16549756121754,-0.117366063050267,-0.124816357414364,-0.0992274739861086,0.0641738353517977,-0.176867256528721,0.0838571304126986,-0.123892833440311,-0.00268720691956366,-0.0624638233195301,-0.261119047532969,-0.01904077308199,-0.0716618189342106,-0.220910108231197,-0.206944103114518,-0.0255444626440116,-0.0748059953655527,-0.110624212704325,-0.0287720185947927,0.0719893716433788,-0.0874860560266796,0.0969243360330518,-0.173277210698044,-0.148030445801829,0.504735664063741,-0.13510120946621,-0.0653815315854107,-0.0874912076979707,0.147709298510159,0.0779004268986681,-0.0371162758993803,-0.220143829693773,-0.0285627846082063,-0.102771543496527,-0.0483123145568215,-0.0927712832425795,-0.0567000545962629,0.194399543367672,0.152308852820256,0.183398979850412,0.477581217777361,0.23582804172685,0.484093994002987,0.605605035883155,0.565164372730878,0.589456849342601,0.783271694930664,0.098788603743275,-0.108660585994093,-0.209124286066178,0.0189419286650634,-0.00819881444967241,-0.0797337762298679,-0.0340287799138935,-0.090087298124786,0.28202613047135,-0.0670055064438288,-0.0575784057935553,0.0407592904476286,-0.00778238174041186,-0.142245190599891,-0.118697469981939,0.0870735734705292,-0.115995888209755,-0.133812781749695,-0.149770384367856,0.0156160038270324,0.0937287932167616,0.0141646140807384,0.0397084900986613,0.131076653904576,-0.0750496794952577,-0.212155862420518,-0.0188693034102139,-0.212206612787268,-0.157930404196906,-0.037184210940026,0.25195190067486,0.0498358156184897,0.0218111819166987,-0.0762469033767214,-0.0665535275899911,-0.204509204911465,-0.135713321337351,-0.0900205906631588,-0.0486288672634892,-0.0396120919812505,0.224823326344481,0.0921663763965954
-0.0794873806707517,-0.146885497936555,-0.0499225283977626,-0.0691869148279556,-0.145895879363625,-0.0592655452947651,0.0833185182286544,-0.0495357019826223,-0.0242593953089823,0,0.32676884947943,0.319606862029397,-0.0324250561655412,-0.125023297963361,-0.0979776635832953,-0.0818733190838829,0.124252965571153,0.12954799149379,-0.0187902099631608,0.110251786109727,-0.0944463194811818,-0.0612281131847445,-0.0864701730746632,0.5198754905574,0.493028791364302,0.136998816899393,0.0132646488500342,0.153774929894706,0.184010381086251,-0.0227501357722202,0.0533277509351523,0.0972387052052264,-0.104414043602495,0.190053265135878,-0.0855681186632209,0.127936483213553,0.0940103655859007,0.208780792071706,0.342074902885796,0.291556990820149,0.235381121996769,0.0828238044612731,-0.0343776003505459,-0.0326279827279796,-0.0855174248025488,-0.0686617735409965,-0.100749272094615,-0.101654872890202,0.0802628254559365,0.208979407911359,-0.0792540029303451,-0.130269438946789,-0.0303608052033906,-0.0443976404810958,-0.109790218876049,0.0348180509055365,-0.0220393870600234,-0.0241271310293416,0.378712956156749,0.241444091740847,0.252530685338329,0.104164222900574,-0.0163805360979614,-0.175067972360957,-0.119874245083831,-0.0871699657865032,0.0418189368574687,0.12668785966219,0.041249367853695,-0.0446228810142817,-0.0791258267693653,0.148502057590395,-0.0321834994482895,0.185005860604812,0.37033287995682,0.304541619233316,0.22300210288679,0.0221822104567575,-0.000893533154457498,0.00923543327126469,0.107765390664331,-0.164107786588388,0.0606047832116793,-0.0435867545416191,-0.00379131934076612,-0.181404130900055,0.103108639166299,0.0844493616489376,0.144098546383731,0.158779031907147,-0.163319510506757,-0.0457511326526837,-0.0528525162444062,0.320386194511468,0.26454401967075,-0.0278902813960556,-0.0535072828564853,-0.0861826433150145,0.0391586238492112,0.118336238590203
-0.00613845206297766,-0.166716380127751,-0.00477756995313003,-0.184627327132308,-0.121525494871578,0.0777675653175354,-0.0371030358625354,-0.115350035230565,-0.059462855325835,0.32676884947943,0,0.722459218932403,0.261988775378473,0.0484233009777785,0.103196475363164,-0.0836205294240145,0.375318394836213,0.238949959491326,0.253653425634661,0.222419504799384,0.0783340668979486,0.109538263581533,-0.0731522482400523,0.601963408970897,0.404156082099371,0.573182227118772,0.0925850284600261,0.126148445941483,0.346010390989387,0.0942186064855567,-0.168842716130489,0.0758651246902475,-0.116525619963053,0.357098805632479,-0.0510735403487952,0.084412773316896,0.24368357054665,0.22165417111741,0.208725497679313,0.25982921138464,0.283642168985802,0.270938292017218,0.355092686081944,-0.021674519798439,0.0230329976670885,0.0978198751966814,0.0376859890349577,0.00648038540542481,0.189847102329609,0.374104808444304,-0.10618208025221,-0.0792662972024424,-0.15418715392263,-0.180833927333095,0.00468816759432684,0.082886423395055,-0.10173337915066,-0.0063317610294333,0.0615819804111467,0.662349405868168,0.483034886804535,0.0713557886113238,-0.0671733770244706,-0.146528556793537,0.0528946832364727,0.0760914479391545,-0.120250281899932,0.276203129206983,0.248007349843463,0.14243552203278,0.105054295562267,0.0849339466064734,-0.0950173072845549,0.0369788569703352,0.440191187571214,0.538533654104674,0.304101216340055,0.100190640735778,-0.281695282620483,0.00554030006775116,0.240730042326354,0.015613144856714,-0.0254629105677327,0.00791203940637165,0.0509925243594853,-0.169367831297303,0.305557759235155,0.156723887279063,0.317245957925613,0.100052254582667,-0.100538560311678,-0.195293079713834,-0.129307525006867,0.272854854003409,0.266073532029648,-0.0428151283250441,0.0752678707147843,0.0243368673504207,0.147325838891624,0.311549066857268
-0.162997736729869,-0.146465536064965,-0.0469246168540426,-0.206475750122157,-0.147551212610688,-0.0715825793898454,-0.148317274364537,-0.244114009282983,-0.16549756121754,0.319606862029397,0.722459218932403,0,0.274282250273676,0.160056425715495,0.218270537664053,-0.0482182422578973,0.382781170086373,0.305499984003259,0.304389532558101,0.209190540991844,0.171428291112911,0.150171121182107,-0.0266199207971179,0.672883442569007,0.393512913951177,0.536193516775465,0.0712814698474593,0.0947420709660655,0.329791644462062,0.133836268401314,-0.170090398353284,0.153294304463519,-0.0838545486682829,0.435036046975299,-0.0151310904451218,0.0390046129454874,0.224408838641044,0.147215413204758,0.156174648057242,0.248256597414316,0.296919188208847,0.146828557832241,0.336270842804459,-0.172808267973186,0.0392264117156642,0.0364709355630236,0.0267193205235245,-0.0372256253515512,-0.00463896305053214,0.26049505266656,-0.142087185533601,-0.12523357233001,-0.0850804584936959,-0.20144978175617,-0.0785229906448245,-0.0443623583250449,-0.139045702160671,-0.115027839794082,-0.00593704820975973,0.678733811676848,0.547768069263276,0.0672877694533057,-0.000651794786051356,-0.0872681672304816,0.146554097948266,0.176469251422074,-0.166447157759844,0.302643412240028,0.233065132645798,0.132357434306178,0.150063674366802,0.112138728690208,-0.0320915756811999,-0.0402331900393855,0.527699675335396,0.510860449045409,0.334750109264452,0.111577077612951,-0.280959157046977,0.0316450476839983,0.181130015076792,-0.0566719498992476,-0.0391632610406686,0.0261791847396229,0.0409702477070689,-0.158450269209551,0.285545492547481,0.0555820459188624,0.22040631622112,0.0101562065411823,-0.154713349307581,-0.179117513444733,-0.222411303481221,0.287896254407959,0.25160965803227,-0.175430060041307,0.0299781267818209,-0.0322094268132404,-0.0112311288533329,0.173546002814066
-0.161780707250638,-0.168077658553341,-0.101624146412816,-0.181154897204521,-0.0858877348335724,0.0119951481539605,-0.064213428564676,-0.128157388305811,-0.117366063050267,-0.0324250561655412,0.261988775378473,0.274282250273676,0,0.604749331101196,0.455438166362748,-0.264343599475713,0.543184613438154,0.0900080123749491,0.461747986196175,0.210447021826067,0.431990292006662,0.570813354563845,0.288526027198719,0.135315604996186,0.134644815847106,0.411847346415706,0.172104126031636,0.114582305165493,0.440084572901499,0.155203390454971,-0.233232090697093,-0.184936737585022,-0.22867969484081,0.133441286986072,0.442571288147806,-0.0409326254066757,0.420158483920414,-0.0295863414142941,0.0541453401118759,0.0974214033124622,-0.00812947700112595,0.228219915619996,0.461458570406295,0.0254000257542177,0.277263163609889,-0.0345688939371392,0.168342695732544,-0.0432110483212846,-0.0108184679789568,-0.0568598412939252,-0.303651866459627,-0.200050371284746,-0.279401259769734,-0.173533649446932,0.0205912097156731,-0.105352713334056,-0.182674137767813,-0.0641066867875,0.102476742072854,0.276990719900447,0.237918843925092,0.496241574966343,0.422470557905522,0.210449407042372,0.239097961494547,0.41229569111155,-0.135532300120682,0.285825255957252,0.174350718170655,0.190941536308156,0.372293143404862,0.361481734753591,0.167123266957833,0.00554122802135449,0.241864324187957,0.24745591086903,0.454681923159768,0.159812339227723,-0.29904765876732,-0.24971162460696,-0.152728318394862,-0.0132093199138034,0.0682505816291843,0.312391159888479,0.0347931677668395,0.0667159390149829,0.507289004711485,0.00427656694808035,0.0716173735425301,-0.030292755670997,-0.208310549958541,0.0610278976701895,0.0375350532534231,0.053126678396076,0.115388479877868,-0.0517292258566805,-0.0590339030081516,-0.0861007334031732,-0.0173008666877987,-0.0177311574217936
-0.309306988711445,-0.0976037999937066,-0.178954241105677,-0.131583409519671,-0.0657733353106667,-0.0414439121977003,-0.183577667716044,-0.220682615360475,-0.124816357414364,-0.125023297963361,0.0484233009777785,0.160056425715495,0.604749331101196,0,0.774345079656494,-0.312099570155656,0.329054450186026,0.104486609690535,0.497236426233943,0.180773135189153,0.607625229651887,0.478960498627535,0.489415234631198,0.0535187616540675,-0.0686745716971653,0.118482800764015,0.216957534037921,0.137881403923364,0.29334889573072,0.409071271774248,-0.338708661834477,-0.208269114481594,-0.19903066851131,0.135071588058759,0.430384417352061,0.00244992849686864,0.246818461051521,-0.178902014499626,-0.0488691749552575,0.0037650494667476,0.0669670049782536,0.0278300122694417,0.102948785335132,-0.0602066557000294,0.195897198551727,0.0786004407458459,0.340971616451399,0.106351916058207,-0.114173236458284,-0.0169276335076749,-0.286780063803656,-0.246149838364133,-0.238649947274407,-0.103661737775917,0.00109036455720073,-0.0913269380440172,-0.24351054028188,-0.0924042042735214,-0.0851126245962642,0.112732068906297,0.0735424470392078,0.368485771806827,0.600887720977453,0.577207922285025,0.592825068578738,0.731747118829635,-0.128003585476223,0.272620921295061,0.16296415900698,0.183185450780394,0.558693064217339,0.376069474611949,0.454152154379578,-0.0492285758052581,0.1665811009809,0.0299507683656573,0.368518334397761,0.390967717399044,-0.34628899310115,-0.228600725647705,-0.183495274085677,0.0197750130099813,-0.145274180653693,0.339101693163503,0.124900418571792,0.229878058539791,0.350545331394583,0.0502831554837283,0.0464538134171235,-0.00345361027190974,-0.246279600576584,-0.0274601550414387,-0.0713871778888785,-0.10220926772968,-0.0799586182668806,-0.17530558427165,0.0277768131246188,0.00144670279344885,-0.0721436600665508,-0.0207378798437276
-0.287174620775564,-0.0321857003309974,-0.140810185530636,-0.0541569969844572,-0.00365873398877721,0.0101952664214458,-0.174269388217385,-0.214130863574489,-0.0992274739861086,-0.0979776635832953,0.103196475363164,0.218270537664053,0.455438166362748,0.774345079656494,0,-0.253772427349428,0.215350194322725,0.11902115457557,0.430497666116423,0.217588253026935,0.61023372218066,0.367359653551073,0.494239707332925,0.112985906365517,-0.0985267788477764,0.122282371467664,0.252484769729939,0.215545868876219,0.270043413253544,0.518111811947843,-0.379148401702465,-0.195871172811725,-0.102637177833868,0.179600553148867,0.357306621631591,0.0273462485003945,0.13481071596423,-0.183214608157249,-0.103693784443155,0.0390726104906047,0.0875732008134235,0.00180063025912725,0.048799394508621,-0.132442401197032,0.148967264268758,0.149180516817811,0.368517149290204,0.171442836125884,-0.0819374862583675,0.00703880825710078,-0.203310765855987,-0.182625302382065,-0.180455337643075,-0.0683415994871156,0.0322774312946405,-0.0244741833942755,-0.245518578497241,-0.0982305740283451,-0.135900362492426,0.138998047216769,0.0681185272372851,0.273277260564837,0.536554866607956,0.592314543547126,0.702794322840769,0.840436862546327,-0.162161435322504,0.261918076366103,0.219113043862498,0.222368754394307,0.634062309729931,0.321012951160943,0.485752276320668,-0.0611687671144445,0.189021670753196,0.0710494192558882,0.345023483228668,0.49905092215545,-0.327374473930005,-0.15229449721179,-0.0375186318169527,0.0635010072530343,-0.213159721441987,0.334034415824756,0.167566500164189,0.255261125821939,0.24697499666842,0.133345820646949,0.083812825568865,-0.0209544105074623,-0.206854906310843,-0.0683727813513285,-0.1506760640759,-0.160032087962663,-0.0952446376143223,-0.200019636367665,0.0980916614651492,0.0654083943895633,-0.0353413847254789,-0.00213527853278977
0.157626511633728,0.291470597805374,0.288873396228932,0.0749454825260181,0.0120336155132857,0.0528414297302663,0.298779796317558,0.054704676484881,0.0641738353517977,-0.0818733190838829,-0.0836205294240145,-0.0482182422578973,-0.264343599475713,-0.312099570155656,-0.253772427349428,0,-0.0590673155526054,0.108574598631586,-0.107200906675045,-0.138614655087972,-0.110963467698262,-0.179842082388295,-0.200401077270603,0.066788007651822,-0.0921557712736328,0.0637024290478245,-0.188993604721672,-0.117373325044202,-0.113219818802068,-0.182884335234227,0.106804740171933,0.272371593700716,0.483452928285805,0.0954147258657992,-0.104251966494075,0.0999529694304067,-0.0861934861160975,0.0363067353222172,0.0828649446480472,0.244268334597131,0.107475176779112,-0.0019838443653448,-0.026828296124558,-0.0315296883125899,-0.140739070383229,-0.122239857439886,-0.166212313957689,-0.172043370766981,-0.0129296819581058,-0.0391748880816994,0.335244590903197,0.278992365094497,0.534072680849217,0.143466680492102,0.0216520696617386,-0.0086410877765973,0.136966166849266,-0.0427634431569466,-0.2431600461094,-0.0319723677621818,0.101292939946573,-0.16928106080627,-0.20737485436687,-0.0961696321789369,-0.156039093147832,-0.213497983977453,0.201279693206767,-0.046338559342176,-0.0572946951737527,-0.0186357286553423,-0.144581712956479,-0.202786144934113,-0.116035791366744,-0.0429634838644473,0.0278411934955706,0.00148040243015098,-0.171528662880604,-0.175033700527737,0.0407245815567812,0.190154459101274,0.0788242736377261,-0.149188726171299,-0.0771897030894839,-0.234469912414195,-0.153809443955547,-0.253090739654034,-0.151251295839826,-0.210549460906204,-0.129513027549303,-0.126079896335481,0.172858151664073,-0.252048403091186,-0.122430194566477,0.0763001186017534,-0.0269229124528853,-0.0432455601562938,-0.11142124712772,-0.127647081872756,-0.0318768672288255,-0.141404439845448
-0.161512968381931,-0.219390146312056,-0.191210681790004,-0.213798873790328,-0.184594780323926,-0.153009303231898,0.00881865517274154,-0.103236554582885,-0.176867256528721,0.124252965571153,0.375318394836213,0.382781170086373,0.543184613438154,0.329054450186026,0.215350194322725,-0.0590673155526054,0,0.304916426174545,0.624944569866625,0.303845000988751,0.444692660181807,0.439125886640555,0.0851094830133662,0.398200191474592,0.217003889502101,0.443675664967095,0.010605852439879,0.0628425350622033,0.600466868425004,-0.0122579790047261,-0.140986776447243,-0.193218377899121,-0.1222653187529,0.381260208457275,0.299164506028821,-0.0557241506280927,0.420020466486964,-0.0739093109505705,0.0831006822227831,0.134297497615749,0.112949490549149,0.139506808837804,0.408282308106419,0.00643994106679738,0.139675981557221,-0.166474483808187,-0.018592842172673,-0.209379528546304,-0.0737583962349172,0.0423210093708375,-0.305743920773402,-0.302323397350902,-0.188117617361652,-0.222843530892029,-0.180474215915488,-0.188009080544742,-0.154454538511768,-0.148516874810343,0.0397591294325676,0.261800011086363,0.287521108585862,0.191409721783053,0.232131647502311,0.140103703712128,0.165323671127113,0.161645816092136,-0.081818020555121,0.526190224189356,0.398567088575619,0.290147915799613,0.3145234847994,0.208950315302349,0.0457800256038526,-0.113217677354723,0.396276856466085,0.311509148542991,0.55051630066792,-0.00746232487039341,-0.260220812365712,-0.349180942693006,0.0276284582851481,-0.0436882507448742,0.10093901893156,0.167163782314014,-0.0555579080464018,-0.0915324361725094,0.442206948101756,-0.0692170174528922,0.0679477335943564,-0.0378992199524069,-0.259829773678294,-0.155956809808418,-0.106935034906,0.193847030818507,0.1772831027882,-0.0615436518338662,-0.160824503205404,-0.204754238148363,-0.13097798822252,-0.00583460303708266
-0.0259438013895531,0.0988382937511924,-0.0624945271228535,0.141264846558457,0.112740453913075,0.0016390153911524,0.138365839674729,0.115693123810428,0.0838571304126986,0.12954799149379,0.238949959491326,0.305499984003259,0.0900080123749491,0.104486609690535,0.11902115457557,0.108574598631586,0.304916426174545,0,0.287718647541939,0.511628891011706,0.415528555093075,0.0662102076222269,0.0786234715101936,0.407307152776291,0.0794391645152908,0.190626305718699,-0.131159493015126,-0.106675683119743,0.350760592472348,-0.0263273640666579,-0.0856949828690742,-0.00268377416169644,0.0971262809046697,0.686989198638955,-0.0221257629379951,0.279759379090075,0.122388196222411,-0.213436725687878,0.0161358425655856,0.211248923837996,0.420425357235857,-0.199702901793202,0.0678442682433918,-0.170519987128538,-0.139492916612308,-0.190461477938183,-0.139459726653152,-0.233208013775996,0.0294717515619237,0.195439833527218,-0.0101831986262837,-0.0436732603065139,0.172155347843017,0.153666021545788,0.000836130729216862,-0.0474501848959241,0.233687930502031,0.13599176053292,-0.159556685894244,0.291412422435507,0.29943027029093,0.071408879514951,0.118801343818224,-0.00154904622986186,0.196833300294648,0.100457703241201,0.121389909786068,0.285098443547794,0.429872911798406,0.568584171515741,0.40160216227074,0.167841663018565,0.0490777678877765,-0.198286119365454,0.389307511283122,0.285004155544728,0.323516956147619,-0.0412425991208035,-0.206544945322484,-0.171476710682152,0.159959212467514,-0.115206010211822,-0.197493696541213,-0.0680957561880369,-0.156538968561294,-0.223545306293282,0.156673719959895,-0.195993115856851,0.335554318890518,-0.0834620659060085,-0.235692570694426,-0.406796437535192,-0.422709999329856,0.216827301138231,0.163803348211258,-0.203574204529741,-0.18336202345834,-0.226189396758383,0.0376778468847436,0.0579271204918454
-0.146013934933773,-0.162894316148998,-0.219632948992223,-0.12881955436125,-0.17325609253595,-0.100262754012481,-0.0709612376233033,-0.167198941329988,-0.123892833440311,-0.0187902099631608,0.253653425634661,0.304389532558101,0.461747986196175,0.497236426233943,0.430497666116423,-0.107200906675045,0.624944569866625,0.287718647541939,0,0.308812277998794,0.623614029626855,0.249654062414877,0.179628509596019,0.2782024690583,0.0162514674602216,0.198577843221243,-0.0250200745162068,-0.0687275443056808,0.522691309677386,0.161394415217835,-0.224916226803763,-0.177717288086536,-0.068549116817134,0.393015413422273,0.164865082268304,-0.0398553907285823,0.217719933685675,-0.177197427863462,-0.04881774367974,0.0935702850604282,0.164794353595191,0.141724467233421,0.184844170824361,-0.114666218296736,0.00378814819741754,-0.0864121151045559,0.0785829147941939,-0.102519066347265,-0.0925545492423239,0.101186628463772,-0.16569293303513,-0.247827408320614,-0.127536651627947,-0.160381815415667,-0.131876290848719,-0.109789531147483,-0.185008011994077,-0.135554227597987,-0.0633210210356179,0.176752254137413,0.174896568992038,0.215344653639277,0.287050074224461,0.326619573138866,0.430398054022687,0.371787054900237,-0.15087458785897,0.561494107091835,0.443819331490376,0.334220105182645,0.493415846388225,0.153532034908718,0.14646684045397,-0.137687159423859,0.276067045791013,0.127612662449948,0.449957027820703,0.115203553302301,-0.234544458422676,-0.170432892580491,0.160043342190054,0.0940512327847595,-0.0694476950471803,0.0993378207552465,-0.055586848868058,-0.00651322205891087,0.278452848046788,-0.057847636367782,0.0838966455527254,0.00610629183697888,-0.146401434552886,-0.191256634960864,-0.101681249648148,0.0305517261748507,0.0438798208831938,-0.160678334400176,-0.0959408447747915,-0.138244664101033,-0.128898870927191,0.0489685625069233
-0.0329185420270973,-0.0764777928402313,-0.260513983955015,-0.00396893316512495,0.0408500155628401,-0.0559886766234004,0.0069146071703071,-0.029051673654418,-0.00268720691956366,0.110251786109727,0.222419504799384,0.209190540991844,0.210447021826067,0.180773135189153,0.217588253026935,-0.138614655087972,0.303845000988751,0.511628891011706,0.308812277998794,0,0.476986286758032,-0.0119582156847265,0.0801416332307037,0.324987638640052,-0.00620614269141773,0.204209887584156,-0.00254665087035282,-0.016448838063045,0.533614170271571,0.00445624827848826,-0.182817944683129,-0.134121190584733,-0.0850175298235792,0.38251796299523,-0.0415028616830112,0.256848427771431,0.146323682260608,-0.240733368794478,-0.119567924991861,0.0712809703416978,0.17967336083755,-0.000316753136720282,0.00687953320245817,-0.0804993887821823,-0.0641807901162786,-0.207826394279067,-0.104016030468932,-0.12223876142465,0.0388261681782411,0.189267192106425,-0.126555644766222,-0.203215184078433,-0.000869587170760844,0.0542840009966591,-0.0449164706876104,-0.161040809625766,-0.0113845753858838,-0.000151549424127337,-0.0130778112876205,0.197442543685031,0.140420302996458,0.153074901598731,0.124558395590214,0.0718318639161259,0.297731236006529,0.177907217787556,-0.0108491197037461,0.323087280419717,0.38770739014902,0.497513192565013,0.534130194463547,0.0403172272352365,0.00156265660849229,-0.194081731287202,0.341966445798987,0.164739142171887,0.476627897722562,0.00553976531747406,-0.148229072255241,-0.204305892864653,0.250727010266621,0.0103445709048132,-0.133553132289915,-0.0698035991693533,-0.0360885720161666,-0.186682734093904,0.175975612337139,-0.132610830648494,0.460752539743479,0.065657765461437,-0.274433150880593,-0.264486793327497,-0.343902134734102,0.000685523824531984,0.0318150979142152,-0.188411251110219,-0.221033781540998,-0.161166724579312,-0.0188730291023575,0.0571083357913668
-0.199940162177138,-0.035035961677612,-0.171444584767431,-0.0536014026220318,-0.0884997579043729,-0.0526945556926139,-0.00363570587366896,-0.1197316116045,-0.0624638233195301,-0.0944463194811818,0.0783340668979486,0.171428291112911,0.431990292006662,0.607625229651887,0.61023372218066,-0.110963467698262,0.444692660181807,0.415528555093075,0.623614029626855,0.476986286758032,0,0.226683829842155,0.285231896689047,0.219805716462187,-0.0881443634879942,0.147110433527881,0.0191246318339205,-0.00870248453474303,0.466214628747431,0.243434905300271,-0.306840336561563,-0.230343124935559,-0.0680401443040299,0.337437898750019,0.181437721034022,0.063140451877241,0.0984774904948621,-0.28376334646204,-0.182442397555041,0.104095452650305,0.0964056675910297,0.0226663383921723,0.00986161350168552,-0.203059334252827,-0.0570363545803462,-0.106783755701204,0.0671666460036628,-0.0860008824543439,-0.119704297060888,-0.0229106574436315,-0.171029056009674,-0.156926482252319,-0.0483911223910917,-0.0376786845691727,-0.0435117125797964,-0.0767561004121391,-0.127351339999933,-0.0867037917422789,-0.103134411434942,0.11096436873009,0.104239917492825,0.238226105418847,0.371941827448651,0.425506579346611,0.582835109565184,0.545088836410728,-0.108845211058065,0.447763405995325,0.409937159492252,0.446910881680833,0.760937452653081,0.151182981607515,0.26564979269534,-0.155235284126723,0.311028931821092,0.0920270753093878,0.427476334634176,0.147445394531136,-0.305573266881019,-0.25593197170451,0.078082100616515,-0.0217342885560263,-0.236644536297572,0.0886328277070171,0.00980246372072705,-0.0746786318216091,0.179180289121191,-0.122591502530836,0.106498956362178,-0.107628105442971,-0.281752039160566,-0.208160661492771,-0.257653381666818,-0.0898618739692578,-0.145376609126912,-0.306854337172898,-0.158237787696998,-0.158258955878285,-0.150839874334067,-0.0976533502421483
