0,0.354195512925617,0.430704213636475,-0.17180437030828,0.354427480524551,0.303508662920172,0.268996322143166,0.240827959167031,0.138098843678234,0.406930296232686,-0.179750043491914,0.106829630444625,-0.261078717884339,-0.495762464562829,-0.222842729710584,0.515724013795493,-0.156134323048969,-0.0416258533161755,-0.432281105965958,0.112507094312137,-0.462543584370265,-0.305194627876401,-0.523193039215764,-0.0690695378847596,0.264409885751087,-0.292389602239621,-0.404209016163186,-0.357245818910691,-0.300777173583708,-0.454721572829887,0.134732093726644,0.0529401613602033,-0.00633631047513009,-0.278631087406814,-0.237619492065073,0.0869358146556104,-0.218603858206123,0.352890567265424,-0.163449687894551,0.178372565628361,-0.114716736715314,0.0733105861011389,-0.19575954316673,-0.12751793278339,-0.0792729639355439,-0.38787043224261,-0.60368168390016,-0.603900428544674,0.254963656347462,-0.100444931486327,0.785074318464472,0.507607433635664,0.118252778310027,-0.350684457901067,-0.0113038177931627,0.500168115805293,0.0416732873945457,0.251035182893826,-0.100417188699174,-0.397111052077074,-0.046432805400437,-0.193867328071269,-0.387697587853435,-0.234800457635069,-0.387697889184703,-0.264598570947326,0.117682768068541,-0.295397151757327,-0.487845503834831,0.0798756052621545,-0.288092767915407,-0.268088006461405,-0.471878240377696,-0.0434859768918351,0.0503166683291665,-0.262066944907071,-0.211298456326964,-0.430539705250348,0.159992066018573,0.100615527845072,-0.377031960858859,-0.0547101243992703,-0.304710148374656,-0.2004114011608,-0.515444635271036,-0.563854413321766,-0.219514688497558,-0.25302774232859,-0.0135598037950657,0.0183061660624532,-0.0565149442409615,0.147627041244034,-0.018101296704397,0.275381131687065,-0.430079249116459,-0.128071660175713,-0.378370717594189,-0.556882679516179,0.277373946846272,-0.172592743410713
0.354195512925617,0,0.742541226565084,0.0659641952945208,0.410115532109659,0.643969845101395,0.615682855999179,0.776371858812782,0.625621800817078,0.315122664219416,0.268408100031792,0.30365303480593,0.137106811099126,-0.0547963664553253,-0.0046781011672134,0.442915863084062,0.125552020026369,0.203917768832713,-0.0254331197939492,0.127591611863918,-0.0757371634940621,-0.0998626538419478,-0.233315094608062,0.215283267509836,0.179874667920201,0.00867179558378036,0.00289494561716991,-0.0497524135449435,0.145106303334106,-0.215195973553624,-0.0580679167512896,-0.267929509955859,-0.240072499656677,-0.267698373107459,-0.0889366522527392,0.0598608146655676,-0.21654254051469,-0.0910355364573738,0.0458259755554549,0.273181319513782,-0.303279907289573,0.0235678255840606,-0.0530906476381792,-0.300000751319898,-0.207143656846223,-0.18662791855418,-0.316094802058636,-0.424399470695818,0.24475197176899,-0.233514439946371,0.433120563759015,0.773645679965019,0.329782483039714,-0.148765923802879,0.484959899447853,0.6585573357911,0.422999421838853,0.700859086200821,0.224849394926719,-0.0494547515091616,0.243706423519222,0.246530689180483,-0.0460005547170822,-0.0329021570582975,-0.17472059646015,-0.0547288869911103,-0.0224916967229349,0.109975995392074,-0.284956595046823,0.0206582159350197,0.0336054653109991,0.0603581779524677,-0.208442415878433,0.324811236778124,0.33812873784343,0.123977237332455,0.136297703714511,-0.0640895340595354,-0.167518198196311,-0.280712099892073,-0.111707445067377,-0.394786856680936,-0.242794613818608,0.015118120599576,-0.103250972734999,-0.324823572028382,-0.220705203223939,-0.0778004264463332,0.0429655003596083,0.236802990685184,-0.318076944033067,0.219338986167461,0.329886251511141,0.245312995638998,-0.0605668245893978,-0.416540231188231,-0.204286757624321,-0.38355682957803,0.187447536279184,-0.293720439391247
0.430704213636475,0.742541226565084,0,0.08051539468525,0.227617888273424,0.650019686156044,0.640678187683984,0.675702184855786,0.598584882863487,0.260362323834488,0.170433386750443,0.3926170986977,0.0840494732368586,0.00887453662466842,0.127312279284929,0.363348842622489,0.156000681027491,0.240415835282575,0.0427548077807273,0.0769034461408512,-0.0384769796646814,-0.0480188178968339,-0.0933092708193586,0.371117875098763,0.200158403119624,-0.0466420112598673,0.0390235719122257,0.0354668771474441,0.177139281119967,-0.0752887046954452,-0.00781255224070374,-0.219629710050984,-0.189754240925007,-0.177915742882867,-0.0867629069106056,0.0205224283965281,-0.279450019766055,-0.041437731854728,-0.0874714458525342,0.273419264573438,-0.310922994970167,0.154039930297131,-0.0793618252311354,-0.325051912633743,-0.29092574825017,-0.164195756720645,-0.236948800925834,-0.378002992535955,0.198345285223308,-0.209963209101938,0.442730118687369,0.671279522816903,0.292303103526295,-0.113544364727726,0.284871240787564,0.732109940484835,0.462600534543472,0.649173607499255,0.132054599097382,-0.16590363407944,0.420950471592073,0.278459329824045,0.131398138487347,0.0640081139947321,-0.0521346814753131,0.067855605846852,0.112427725872779,0.196915013428437,-0.230861537383392,-0.0195389119153799,0.0239028500781201,0.16919817881513,-0.0703877959381388,0.347735619903604,0.454361909330923,0.124961395153853,0.225230848172423,0.129360246603762,-0.139870971716651,-0.189842480478008,-0.0905161909600323,-0.460963084082884,-0.164408373536469,0.0995983087936381,-0.0668869481931931,-0.194073670165742,-0.213811237933312,-0.0842742071108719,0.0429419692758948,0.296755266573457,-0.331256915216845,0.148984237110672,0.289446408738344,0.389342250478184,-0.0894843824572268,-0.448427720558732,-0.169237949195819,-0.293080423894798,0.163563123064848,-0.245012833437559
-0.17180437030828,0.0659641952945208,0.08051539468525,0,0.197120664765884,0.0240516652088134,0.241671510982206,0.16500893043551,0.408054382216513,-0.168434555211198,-0.0382499546408915,-0.0308498274715178,0.0689922472723313,0.40668970409951,0.529874996005871,-0.0275904321813058,-0.0463876944555594,0.289489610123661,0.389199925557573,0.107620026213411,0.392427995531111,-0.0651786606868136,0.38842156311023,-0.0285867181703456,-0.289963115550778,-0.231048565333461,0.0310604980401576,0.0169423163295346,0.278067566756484,0.256064175431833,-0.0141096020643908,0.220504270682146,0.173056300304886,0.0941417220960925,-0.140130564503436,-0.0304335505862014,0.199963261862013,0.0406056376650793,0.0315692047531194,-0.114941890286706,-0.0575701922435248,0.1368647258481,-0.24768052571435,0.130429867396868,-0.0727902621510696,0.122764694956781,0.324029178169795,0.234579093539806,-0.0144312450056779,0.027631591172518,-0.322790997224606,-0.0606592531896369,0.28781450800002,0.811908483523935,0.0402626323797287,0.222695349349732,0.528749061974431,0.320743076391655,-0.236873044209743,-0.147976765124396,0.176987646462133,0.251360717952592,0.434852107821752,0.534319735995628,0.512939579574549,0.512381438157842,0.308916155264467,0.413143357596093,0.195214412002762,-0.102296322777757,0.376585684279795,0.162999920491564,0.301898930388765,0.158445046487657,0.0299946216616764,-0.153757584664508,0.408377104499865,0.311616722208083,-0.0837603948824031,0.0946036639488412,-0.0379720937589269,-0.222680639269797,0.0587974485896689,-0.00234823155250937,0.0480066158877013,0.365239881410467,0.214539267656252,-0.180132064288465,0.088407377217779,0.0374365730921163,0.0358378276930361,-0.216096178160511,-0.00503604621248129,0.00997041264137195,-0.221013716127535,-0.014062380899462,0.0818215181745903,0.306739966849158,0.137258792019493,0.0324112133944189
0.354427480524551,0.410115532109659,0.227617888273424,0.197120664765884,0,0.331165905730377,0.234610130503833,0.351168767907324,0.346923909727808,0.161458356979681,-0.063841698623373,-0.108386344534874,0.0347193886150168,-0.0643095817807482,0.0749108486541617,0.394683301875242,-0.1286147730988,0.11942455407209,-0.101149388867363,0.206109145795545,-0.0646078744157199,-0.243578059310928,-0.216851821494665,-0.262326908914969,-0.0957436340376906,-0.30707625352432,-0.239429014912378,-0.19977322443454,-0.114354184268381,-0.272471772098565,-0.233852997255018,-1.63601503628423e-05,0.0109954739885384,-0.164763035383112,-0.157230224387118,0.146901500361189,0.0227506642804914,-0.0269905098417257,-0.0728839758896339,-0.00953310919565045,-0.0755888833204604,-0.214959994397931,-0.259265141643578,0.0343224562076578,-0.0491093445255964,-0.155624563562079,-0.296199088352333,-0.228364273438393,0.326380110147368,-0.0445492588504819,0.345672472111698,0.427230160920872,0.204578624235725,0.0547054267598772,0.37605277858915,0.32982615222706,0.153955160439952,0.368159826719182,-0.0676915890595235,-0.204547937152922,-0.132777912892359,0.0299022669180166,-0.154504797120175,0.0698683841558871,-0.0662991726926428,0.0166924295901552,0.0596579594827607,-0.0658691951768981,-0.23034680865795,0.0313182196655093,0.101385419371277,-0.203120126050448,-0.23277894111798,0.067409252404729,-0.105181508783884,-0.321325576862702,-0.039042575618777,-0.295643951543145,-0.067641982278782,-0.169526142754842,-0.326674529503064,-0.0874331208386568,-0.302313049228035,-0.123949218441563,-0.27049021485148,-0.276825838564323,-0.0465070631891769,-0.163296923210438,0.107074856095662,-0.162400046489634,-0.0293171271796149,0.0463258395028231,0.0907153400489915,-0.135718010927831,-0.436912952403467,-0.101142731836615,-0.208224215702443,-0.22902235270335,0.30530383470109,-0.0671387789075348
0.303508662920172,0.643969845101395,0.650019686156044,0.0240516652088134,0.331165905730377,0,0.559478707794716,0.584558639626481,0.472892735479882,0.296793274128787,0.184561633926421,0.35382362064944,0.190254390947393,-0.0323459770466475,-0.0451746055190637,0.222059681691787,0.209774136471962,0.233239498370701,-0.00398564219207093,0.161167415937418,-0.130740113986991,0.134000460118164,-0.192975901353184,0.288757354769217,0.0799292765770973,0.0749124898390656,0.160961170680724,-0.0366565704360184,0.122512570900786,-0.180551520288435,-0.0195876884637718,-0.426386791298428,-0.251971337502748,-0.0480742555824797,0.0882264545018466,0.0712786690836818,-0.223355401860994,-0.224265413047509,-0.0211264767978075,0.300978089154475,-0.134735189621258,0.155312380147932,0.142970588256352,-0.313885097950522,-0.0658794756934552,-0.117833906322616,-0.203371500610412,-0.31733007713391,0.42822454555425,-0.0870950305027588,0.350067398477174,0.572881333096672,0.112000522290567,-0.0999753125086946,0.617116476342431,0.628548047125788,0.292310265823053,0.499915789557244,0.232354652061083,-0.115668003283402,0.181266908214798,0.110035773889335,-0.0295575818983161,-0.0542033383017554,-0.177869477298042,-0.127502275740269,-0.0374216451965374,0.0435556331862423,-0.129945886507852,0.0114076120148393,-0.085403148777726,0.121069373093704,-0.19581059579178,0.259703030751904,0.235634527879939,0.113597453721879,0.0360515262356589,-0.0276558757817678,-0.0795888533754237,-0.297571101549955,-0.070415816881016,-0.29397830089922,-0.105276201776598,0.145312536732364,0.0553072311142059,-0.231061558677403,-0.245700644256311,-0.00357639282785238,0.141404499236643,0.147158987704898,-0.322099900433909,0.0437546294632718,0.179335067544708,0.302500455222003,0.0300232029110984,-0.367074422391893,-0.0880786994180429,-0.320830097020799,0.349732036059931,-0.108719671977129
0.268996322143166,0.615682855999179,0.640678187683984,0.241671510982206,0.234610130503833,0.559478707794716,0,0.612734002663583,0.608785254742419,0.205533585104033,0.220666680884521,0.311270120780461,0.147692745262284,0.0282091122064425,0.10928858789766,0.346948686711948,0.152822800313023,0.266732509897346,0.0781398443314198,0.246987120831017,0.0185148803824274,-0.0120674754307146,-0.0562010240867051,0.282585170809805,0.172795398511649,0.026840778152125,0.0654654667560521,-0.035447935513325,0.260236706495825,-0.142383332158068,0.0713605918663358,-0.186878122431445,-0.221925807677265,-0.161638593788589,-0.037583207652066,0.0631149591741608,-0.0761293886079053,0.0403595717266577,0.0359765549208891,0.380661318821339,-0.126281164739715,0.0842757050828799,-0.0697106374768747,-0.13311793939888,-0.133128013001168,-0.114463554472285,-0.129899234878333,-0.26475428659039,0.272517837989651,0.0493423762032093,0.300168096509779,0.55648587359796,0.355601769038424,0.0647637238891547,0.301006759804057,0.632260535807819,0.524244557212119,0.60835438328502,0.102214451697374,-0.0730302690194636,0.262475047638716,0.283629462277554,0.118751168615889,0.0805961853548626,-0.0167901149204043,0.0899677915739157,0.33069220419309,0.218934211371623,-0.230769401111699,-0.0602077315172765,0.11989790707874,0.12009180787276,-0.0901548850868746,0.247209854632483,0.315990359632587,0.143000760838149,0.324449201805995,0.0523638397088248,-0.0310073236017675,-0.108051734927372,-0.12197686710049,-0.398972619660571,-0.0870550959510893,0.0674732231373658,-0.0837516087119861,-0.152837373964403,-0.0245404279968694,-0.118978087892491,0.123201166320718,0.318452404326764,-0.209478482991866,0.191580833283106,0.282788990705461,0.276841347501429,-0.0928603553345698,-0.245472205692168,-0.145786644568681,-0.185224810503813,0.272679761444267,-0.0520945487948781
0.240827959167031,0.776371858812782,0.675702184855786,0.16500893043551,0.351168767907324,0.584558639626481,0.612734002663583,0,0.703906482159364,0.314014519145499,0.288542978612932,0.295118996553856,0.158934652849289,0.0647644389276845,0.125988015419487,0.410459033597277,0.205118331044173,0.412853691287232,0.0985714342304765,0.200898963821877,0.0397633227006651,-0.0828705434240667,-0.123721916449965,0.249004700771912,0.156946710114919,0.0150041611727569,-0.0222524399064873,-0.115606960201679,0.219179196864183,-0.181025729181397,-0.0281480755737374,-0.203823589974483,-0.196499224715657,-0.219037050990801,-0.193535686461753,0.0308471912233317,-0.271686286673856,-0.0898894480018845,0.0790998480876202,0.240972231397111,-0.403457351486817,-0.0530128232003022,-0.0923188572622044,-0.297125730614565,-0.259658099869936,-0.257119307557214,-0.273240284934468,-0.406327649025154,0.205250733734699,-0.304009778163182,0.329034453162936,0.678526130954897,0.386114222496229,-0.0659464126728374,0.470832566422814,0.608875799674405,0.587380661850946,0.791044463129541,0.226946503872301,0.0253465403760207,0.278801882858683,0.272819582798284,0.0744489737447233,0.121043474745031,-0.0298050864426505,0.091234127681188,-0.028531297068591,0.212483223416487,-0.244569334200165,0.10811200475573,0.152805333821905,0.0655963912032396,-0.140620588000655,0.349561333783262,0.3676206471926,0.132042181829736,0.182176386775375,-0.0156092473708165,-0.163612644243002,-0.284894680349082,-0.0575630971825678,-0.450779010735334,-0.24081000794807,-0.0368725283101812,-0.0909573937630131,-0.250108527118072,-0.247143618078563,-0.192855755575008,0.0612086005745005,0.172835064220103,-0.319647208787158,0.18600924919734,0.334282560558875,0.151619476398186,-0.0744549478293151,-0.435979219921728,-0.26544162625522,-0.334432843740143,0.170036216437065,-0.361080662929658
0.138098843678234,0.625621800817078,0.598584882863487,0.408054382216513,0.346923909727808,0.472892735479882,0.608785254742419,0.703906482159364,0,0.154863868004411,0.255157949556157,0.208488676930035,0.165778475990062,0.181976594721611,0.374170952200125,0.343415219014333,0.158709392525619,0.439725640682208,0.216829353230173,0.325837820469573,0.183973602849509,-0.15242334175459,0.0941852787174833,0.157715920698384,0.074823939972095,-0.0996906169533348,-0.0674804072344959,-0.0863639183342998,0.305816201992518,-0.00402707632143623,-0.0950176709357612,0.0448997175574974,-0.0574113012442813,-0.121466251062211,-0.302384882078479,0.186930210545923,-0.0564628678738826,-0.0186293188362495,0.0430238817023618,0.15116232412677,-0.342049897077818,-0.00911824351233224,-0.292015692569038,-0.183383732337903,-0.291161570008154,-0.202053185244095,-0.140888596902566,-0.219349252942157,0.22109071949315,-0.191554315044505,0.154982502449921,0.54152634916773,0.495261467576057,0.202233586116396,0.382166188321965,0.675103499071433,0.733069058701257,0.825058327712643,0.122972032376163,-0.0283482845041344,0.312666911761386,0.424185800140853,0.287843587020049,0.334770727948213,0.244348727343919,0.352216672632531,0.235390917862887,0.386415596175263,-0.061329230470701,0.103966097707387,0.34441205148574,0.121539818149476,0.0786301495871044,0.439522798736098,0.348098687827742,0.0376981646141474,0.362881665453735,0.162766395959925,-0.204800197018662,-0.112445918119647,0.0025179893804042,-0.39815990168223,-0.187194826932031,-0.0566300992675243,-0.103698292247005,-0.0427804279182456,0.0146780203682121,-0.204861293962306,0.286679899568904,0.221493666688797,-0.217959013770141,0.125491737692061,0.298013274394076,0.0979004802626775,-0.194593880177257,-0.392534622155004,-0.248482770816991,-0.0810864553504109,0.29027739858001,-0.25905114265066
0.406930296232686,0.315122664219416,0.260362323834488,-0.168434555211198,0.161458356979681,0.296793274128787,0.205533585104033,0.314014519145499,0.154863868004411,0,0.192372206271557,0.37423910921363,-0.00369008076585734,-0.271151838638178,-0.153788212329086,0.278336364221577,0.0888850959079531,-0.00801879915692699,-0.293782784977871,-0.0343660909938354,-0.320195513149804,-0.0428944791009407,-0.401567760122718,0.202963942114205,0.350706749816865,0.0389410895384198,-0.158968985767659,-0.157331702916923,-0.128729327833594,-0.236170151333088,0.1607561425517,-0.262925487262896,-0.19057188360221,-0.187316973616443,-0.093328126469192,-0.124475100939941,-0.255106858151644,0.0668448095108514,0.199032927040194,0.390946054215888,-0.105352939891854,0.24798982872927,0.157357537484567,-0.263150875054927,0.0522356435894104,-0.272080214570065,-0.401936746458891,-0.509964550452015,0.0607793845858563,-0.153158309692186,0.427312283189003,0.347885181756577,0.122472979778897,-0.200221089145609,0.0896098256067729,0.325668008530955,0.0473623746771019,0.24597155227677,0.39516093586377,-0.118167147829363,0.0366328751262046,-0.134913928127524,-0.262779587723823,-0.169968848603561,-0.390331638512119,-0.236730592933892,-0.116448520716806,-0.261757973841257,-0.383062140577678,-0.119524202754685,-0.301462869522396,-0.202108598516329,-0.370460457549452,0.182423315471989,0.236846563701882,0.0696726280412912,-0.184639425538321,-0.183217903810621,0.0621974691635154,-0.192354568832591,-0.152012372048859,-0.161558870776407,-0.260511693526587,-0.124502338087703,-0.204958237932186,-0.45269552687296,-0.333973819255955,-0.135437639323339,-0.154635983191634,0.121266941993427,-0.162189291859934,0.0711092247261727,0.191279848251899,0.36579877548461,-0.0817813025685527,-0.253139359498615,-0.236909770712073,-0.538851734256804,0.03243717832632,-0.199160329067715
-0.179750043491914,0.268408100031792,0.170433386750443,-0.0382499546408915,-0.063841698623373,0.184561633926421,0.220666680884521,0.288542978612932,0.255157949556157,0.192372206271557,0,0.401173061140843,0.317284206104292,0.120548140461999,-0.0020723786436704,-0.000637555433834833,0.221335503356746,0.128669184320266,0.195817847138646,0.0222336166112543,0.143634075394139,0.13143399746634,-0.0364819205617734,0.269362412865605,0.262437279753228,0.39226461872163,0.121495044755729,-0.016831708382837,0.325781659280759,-0.0273953837012724,-0.0231727415311664,-0.212058647918744,-0.219897615782185,-0.00243596670885053,0.0933853651702261,-0.117663645370957,-0.0518726718933319,-0.184397739764003,0.211009837795371,0.253531768478059,-0.0806131079391958,0.0855031898933274,0.241550678331427,-0.309833138248908,-0.0032318002249756,-0.111662673224533,-0.00390987960383273,-0.0917596241929416,-0.0898121592057003,-0.102983943189902,-0.105017126171696,0.173323563515376,0.123880074000275,-0.0257875531476614,0.184910559525436,0.146801418767456,0.157149722669957,0.255728974373748,0.510404031126501,0.326953209460216,0.295140332495134,0.318566168825922,0.033869747097913,-0.0312559194397591,-0.0582300201616625,-0.0110906115429355,-0.0981904996846485,0.186423078550075,0.0320912546350646,-0.0266892658554853,0.0272691776705284,0.232365432163189,-0.0646420580613319,0.245343499194119,0.214402582856424,0.346513766173695,0.205838496150171,0.0429346402987151,-0.0717624222338888,-0.172899759995089,0.239175908571215,-0.164830454957686,0.0406526968915407,0.122883891835012,0.129094082172832,-0.078893625937973,-0.0149449706209478,-0.0557149144069871,-0.00259616085912465,0.244048942721272,-0.150885120209814,0.229217306291314,0.263543916339722,0.0885790845724534,0.382521510996902,-0.333838496652131,-0.114198500131674,-0.136073798403685,-0.0765101395698507,-0.192993523906999
0.106829630444625,0.30365303480593,0.3926170986977,-0.0308498274715178,-0.108386344534874,0.35382362064944,0.311270120780461,0.295118996553856,0.208488676930035,0.37423910921363,0.401173061140843,0,0.31796951151197,0.0972513509365013,0.0350307596166423,0.0751757530673725,0.392728078039795,0.14502890989818,0.138464190518206,-0.0197607588462307,0.0825126946420371,0.353295283979509,-0.0778147796671772,0.692555600426156,0.275209098034301,0.384719546742958,0.197152783200015,0.00133447407985137,0.313312033880012,-0.0248105835860342,0.184753685082741,-0.421464550284767,-0.236113100610057,0.0911705237538976,0.212211966502714,-0.180175405673576,-0.163622485865397,-0.208723992034149,0.0853752867182759,0.420975413930634,-0.0729996556203481,0.395308704852072,0.421819526134329,-0.352572102036651,0.0272132557722693,-0.145019182809838,-0.0806238212852337,-0.291920758924981,-0.0825465177987802,-0.069864314305114,0.160701434526921,0.271813596127346,0.154614799524111,-0.0354783780286978,0.0133927230261641,0.356096550231895,0.0803734415303392,0.233869777919913,0.43415224230112,0.0591176136079335,0.540320155732921,0.0979698481350115,-0.0171253064178405,-0.0981722954300845,-0.134270583251751,-0.0386657079215798,-0.00311721766098907,0.0984888073540108,-0.0895877356002186,-0.129216208208318,-0.0500680443557613,0.310501236505156,-0.127685744651474,0.326216305721531,0.479340799695369,0.327955899727008,0.265287623789201,0.110815604814701,0.0843317715969732,-0.272634859336611,0.142218192614543,-0.311920460715974,0.0787422296100897,0.279898948599275,0.13069427759003,-0.163492353938403,-0.213745405884039,-0.0995201744740181,-0.137432090277559,0.338041895712177,-0.33769178009459,0.111288384985836,0.317718951367619,0.490655184521839,0.257528260197566,-0.352397197967367,-0.0814131536764811,-0.285830462315493,-0.0748384812720879,-0.173741229045358
-0.261078717884339,0.137106811099126,0.0840494732368586,0.0689922472723313,0.0347193886150168,0.190254390947393,0.147692745262284,0.158934652849289,0.165778475990062,-0.00369008076585734,0.317284206104292,0.31796951151197,0,0.416769141509719,0.0833734642657279,-0.12044807426546,0.35787495227709,0.143593786088015,0.28109909246356,0.0682194954165783,0.337851340877724,0.504025071600548,0.143091717796174,0.282630790547268,-0.0540754686287458,0.312747922757436,0.354242478052255,0.233008162039927,0.275718554355525,0.153551353764572,-0.0473984122468808,-0.3427959596857,-0.2067142195304,0.188928893700145,0.481649449290721,-0.0412832858304888,0.0531553235566565,-0.390692124430551,0.147359480351633,0.19302477752967,0.0586915602922232,-0.0282834615957188,0.364175772688312,-0.225602915927557,0.0694657325546878,0.143484264248162,0.235593457547204,0.183522631489402,0.0664001099614869,0.0664864209819965,-0.161854559244691,0.0368938945704107,-0.0821005229528939,0.116928567975612,0.235646649199123,0.128015616274511,0.0547714286531611,0.153155798306439,0.233336613570391,0.263249650338969,0.211612392091943,0.41841762083337,0.102840981647176,0.0219970048447504,0.0237980200220022,0.0309400978493367,-0.196527685943384,0.216633762179298,0.136353507197247,-0.0860316354507593,0.174388687137598,0.365173142787485,0.0142142310329092,0.21420578945962,0.025094574337667,0.215515079428021,0.237496878333533,0.0975247404309684,-0.00570599157386487,-0.292085071522222,0.112697698738908,-0.188324088832547,0.0907248577116379,0.365969031327472,0.293406613296222,0.0150896228828167,-0.0113108818128419,0.138385423289741,0.00325520474200004,0.00163431416839859,-0.225143325313148,0.0128108345469335,0.141324758687949,-0.000643623314209199,0.240482275669297,-0.202390140245331,0.102394600301947,0.0163331935028316,0.00634102529035244,0.02441578872911
-0.495762464562829,-0.0547963664553253,0.00887453662466842,0.40668970409951,-0.0643095817807482,-0.0323459770466475,0.0282091122064425,0.0647644389276845,0.181976594721611,-0.271151838638178,0.120548140461999,0.0972513509365013,0.416769141509719,0,0.666790846230543,-0.284408761315653,0.280944945921229,0.346560455549422,0.693408010118403,0.0302667598052823,0.72074117929774,0.290367878507579,0.597633826300866,0.196762216602158,-0.321751466627934,0.0585129833937561,0.318888004699037,0.257655697590373,0.479038882685189,0.394166410892578,-0.205270601601946,-0.0538412008619777,-0.022113202144502,0.290836132630019,0.103781262400761,-0.13764861397104,0.132029792658818,-0.270121226395458,0.0675672289533212,-0.069556929410911,-0.0561193451709578,0.0997435930629537,0.0115356754357643,0.00682345457838726,-0.201914188001198,0.290871677634371,0.566497976487698,0.4492782003469,-0.119826448141059,-0.0127234336914288,-0.479909508392258,-0.222770221194591,0.0381584560380039,0.453399864879674,0.0534605386246804,-0.0296048476456199,0.228196716213337,0.108459635418577,-0.076047141015183,0.114341597439763,0.334250864841502,0.304187169097858,0.584275917995862,0.556478042202358,0.651176971014632,0.585679674901969,-0.0337903720622252,0.490225003957221,0.345839585028505,-0.0430394486350242,0.547760319482882,0.300851849920784,0.423047828191452,0.215136473577058,0.0695682419425711,0.113650749926253,0.424750455117413,0.444932898235628,-0.271997655034269,-0.179461417205989,0.171832044800273,-0.300975532094804,0.0574621431783068,0.160226551177017,0.34696122486848,0.488900303263649,0.141133973826842,-0.00377647110804584,0.0337674755428146,0.0576843924588908,-0.0971129624902561,-0.245152151698444,0.108583399885081,-0.0437233204077848,0.0855609092100805,-0.162497756451583,0.212591076062469,0.476918086946554,-0.0924226478292124,0.00234796077302064
-0.222842729710584,-0.0046781011672134,0.127312279284929,0.529874996005871,0.0749108486541617,-0.0451746055190637,0.10928858789766,0.125988015419487,0.374170952200125,-0.153788212329086,-0.0020723786436704,0.0350307596166423,0.0833734642657279,0.666790846230543,0,-0.0730309139018959,0.0861646664947874,0.332840754391431,0.603324102353599,0.104527146971773,0.607259766513734,-0.144675656735343,0.574137319253166,0.116528893674069,-0.274733558268731,-0.312067935330784,0.0127410346890192,0.0883865591235918,0.443962179197272,0.380936722370579,-0.177450593517295,0.169689212232479,0.149835769808666,0.121900687873604,-0.330484792444885,-0.0433363515330504,0.150573444282047,-0.0691420842747488,0.0102380929063021,-0.114267759292947,-0.178473661997463,0.145877468511678,-0.394472597402064,0.0970106557434487,-0.345174859209217,0.116223071266436,0.328446646623549,0.236224775411373,-0.123442223725649,-0.0646114046044203,-0.273456754447547,-0.0711786006360591,0.306918825181994,0.496427422049988,-0.0876905101901998,0.166110556188568,0.377488464915712,0.292655704657786,-0.111780873190011,-0.1344228805911,0.373494238336607,0.343669601230666,0.671080006408066,0.777554402131416,0.757388384114223,0.850158182446074,0.2431679170955,0.548041588871173,0.230359674013515,-0.0682328446462153,0.621639500341315,0.160950044732045,0.500666887334166,0.305545833649631,0.262317915789528,-0.118172237354706,0.51382130031006,0.489552589571332,-0.231842750261024,-0.0754891220480152,0.112359058310743,-0.30580770209228,-0.127617523683779,-0.0417914931131561,0.0771149901252585,0.502524188225777,0.231341921149467,-0.159364508872875,0.122680177300619,0.185722388035312,0.0721072160324288,-0.25439500646248,0.17907829458512,0.0657701917164248,-0.214447225283378,-0.150442227690953,0.0607094248054459,0.423552521000779,-0.0351950849848415,-0.0752343439226085
0.515724013795493,0.442915863084062,0.363348842622489,-0.0275904321813058,0.394683301875242,0.222059681691787,0.346948686711948,0.410459033597277,0.343415219014333,0.278336364221577,-0.000637555433834833,0.0751757530673725,-0.12044807426546,-0.284408761315653,-0.0730309139018959,0,0.0747814853613173,0.133749455075586,-0.223223532355968,0.118086981697121,-0.150099960852105,-0.188925423055169,-0.369722959929781,-0.0363782586350595,0.321333029506057,-0.154358780843156,-0.464695964424279,-0.354970942270247,-0.0424384439096204,-0.436002570631555,0.181501981104818,0.187491934603448,0.130513202043263,-0.124263230359165,-0.276388492251898,0.0298792524390092,-0.138640864442719,0.247574029694446,0.0036231659501766,0.165889448578576,-0.276073753480822,-0.162848139336906,-0.211584344687612,-0.123368393564163,-0.160400422938771,-0.447018831051098,-0.557622137354395,-0.548185323124987,0.0895646212119854,-0.185305090399609,0.57284262384984,0.580889119613057,0.510039422041297,-0.26630162266564,0.0702406733350563,0.403459549713726,0.219332071558297,0.414164625893244,-0.0268598567763883,-0.110946563476479,-0.0469205368048248,-0.00350769089308805,-0.264579615536088,-0.108903752610255,-0.196686418802425,-0.0821455534633809,0.0921475861739085,0.0025649629982434,-0.302117702384619,0.162511263344053,-0.00300847852112269,-0.136940233673438,-0.349886547034556,-0.00457336003333727,0.123738380741693,-0.12759458215906,0.0563116254804252,-0.350074418417611,0.145114886346201,0.0775376176389129,-0.192818800441806,-0.152570742541466,-0.270783075916483,-0.192540321382674,-0.545575011266564,-0.483554295775508,-0.148392820790507,-0.314348799648322,-0.0274145314820398,-0.0140472316164516,-0.0235723125054685,0.276775848203326,0.100760814345544,0.050113532533412,-0.347287243347559,-0.168091891524389,-0.479213706536173,-0.515439139391144,0.127454069087923,-0.276081960480929
-0.156134323048969,0.125552020026369,0.156000681027491,-0.0463876944555594,-0.1286147730988,0.209774136471962,0.152822800313023,0.205118331044173,0.158709392525619,0.0888850959079531,0.221335503356746,0.392728078039795,0.35787495227709,0.280944945921229,0.0861646664947874,0.0747814853613173,0,0.457998223300131,0.345725800225898,0.223509717932143,0.317026464232078,0.509940272123869,0.126195130143657,0.518723855130234,0.144382319921743,0.282049785318399,0.190103703525815,-0.0384640670579968,0.450891579697871,-0.056848680163192,0.287669141496454,-0.184520351384961,-0.0787007545308197,0.472793315140655,0.154342314637081,-0.130941954302244,-0.112165939762384,-0.251773888517133,-0.0391019562319888,0.0506762639344067,-0.108462400271638,0.185997547450043,0.286629888520143,-0.247064918196006,-0.111118960497451,-0.163003165242571,0.0165947269602543,-0.080833441496158,-0.0937266945406686,-0.0459507721603023,-0.0765456526818711,0.081750621095058,0.270804352561147,-0.0328832414690992,0.089919804385097,0.0877590526824296,0.14113012753189,0.148726559147117,0.245109932965368,0.138253694708378,0.234546489385998,0.0702972349672745,0.0652914581768188,-0.00121335525737112,0.0850499929440059,0.0376796920034902,-0.148416659407139,0.38262547627305,0.223137983048234,0.275282864556232,0.223332859451049,0.362659502726875,0.00340072907247593,0.0111872222050535,0.331411815091867,0.248536490022918,0.286480302473506,0.101300775666603,0.0646964305546616,-0.0862632087369171,0.338330105661723,-0.197397094209416,0.122381184441482,0.172713120985908,0.114211562212395,-0.0318669132523443,-0.156751921847856,-0.119556421399501,0.00712668311486292,0.0437960980436429,-0.205583044953757,-0.0403838966127755,-0.0534840557421732,0.192304238661595,0.26544764698581,-0.210851024023219,-0.135185999369341,-0.117701925730706,-0.0257768445098957,-0.15239162596838
-0.0416258533161755,0.203917768832713,0.240415835282575,0.289489610123661,0.11942455407209,0.233239498370701,0.266732509897346,0.412853691287232,0.439725640682208,-0.00801879915692699,0.128669184320266,0.14502890989818,0.143593786088015,0.346560455549422,0.332840754391431,0.133749455075586,0.457998223300131,0,0.366685580581168,0.476874961900574,0.325048914506199,0.165118222766997,0.260943653019769,0.197296510609155,-0.037070425597727,-0.0896080964812451,0.0474562052131757,-0.182940401893305,0.336736118037943,-0.0195649806029325,0.0725826190086249,-0.000660927771192185,0.0208399775801038,0.362016343200119,-0.162406349483356,-0.0100327467620589,-0.215545790069353,-0.177429681952962,-0.149758761114159,-0.127007815128984,-0.240253459478908,0.0745231841009797,-0.103532066989849,-0.20725555977317,-0.274968750748848,-0.250620669709735,0.00252448133625533,-0.0895627585739653,0.0432070995681996,-0.243608324031874,-0.0577112773400355,0.145964574977249,0.374207914858629,0.206678363485995,0.179049351353325,0.310087159646356,0.493868892164083,0.448218718778199,0.0723134562115487,-0.121453613441892,0.222221510694194,0.153266833011005,0.298293562935116,0.331859163925851,0.337087623361103,0.299183229827864,0.0128234828385207,0.429774679150348,0.268863995060637,0.540694759622108,0.421925403510915,0.271043959696656,0.170443156874277,0.126587259276374,0.197473255711966,-0.105333921818748,0.235025338602802,0.118031967973592,-0.0857078123014553,-0.0683190564243087,0.245033448965959,-0.171317656673182,-0.0106797990223851,-0.0226223498201095,0.0136979923045097,0.142282676518961,-0.185680027420316,-0.286287302846858,0.266823651573014,0.00510231917215459,-0.161393226747421,-0.0978729684256256,-0.020261965981363,0.0813414143610934,-0.0825258011925248,-0.317746304060567,-0.257338744541145,0.00688318581350604,0.180334278181909,-0.28621675854706
-0.432281105965958,-0.0254331197939492,0.0427548077807273,0.389199925557573,-0.101149388867363,-0.00398564219207093,0.0781398443314198,0.0985714342304765,0.216829353230173,-0.293782784977871,0.195817847138646,0.138464190518206,0.28109909246356,0.693408010118403,0.603324102353599,-0.223223532355968,0.345725800225898,0.366685580581168,0,0.0771346189034278,0.650429319080722,0.202532803396358,0.549176548666844,0.259194192349797,-0.23892019621725,0.0555970087505344,0.206331527853689,0.111729061348322,0.579598341883736,0.291925638083471,-0.0894135460912484,-0.010667918959739,0.030226775921273,0.299765873335382,-0.0200557656182911,-0.112708201347769,0.217848089382816,-0.256506414731071,-0.000774875146576422,-0.157176474956237,-0.0991472219569221,0.201508294207041,-0.0438591208160176,0.0751788635954393,-0.189524883730261,0.143214498349118,0.412032556764821,0.315651895969961,-0.0981055881915507,0.0244151020728525,-0.467349178250195,-0.167261537274103,0.145783269454837,0.428146349135075,0.023633720770415,0.0336580846663977,0.241033461117637,0.148668721854537,-0.00386155550491424,0.1278998781882,0.416175164856677,0.307143443719172,0.540133519725098,0.545382599208858,0.635533055957188,0.562672307750338,0.0624097883337189,0.640504777819904,0.327733910961514,-0.0271790873558935,0.505120777187005,0.359293237342626,0.386846938530108,0.158946202637476,0.183232864231193,0.118552337358623,0.529093791032674,0.416688303107764,-0.172339027705046,-0.0963857866055315,0.206458696464236,-0.323215714149743,0.101898816064256,0.126759125021465,0.237731639284875,0.437338173859543,0.254484926022792,-0.051846534232807,0.047593895283705,0.129356994811583,-0.0316999508368339,-0.220530822511277,0.0696658173096371,0.0535353774999521,0.154117736860021,-0.0501428563394079,0.136623029465198,0.400537085617944,-0.0500684633705211,0.0241020383423569
0.112507094312137,0.127591611863918,0.0769034461408512,0.107620026213411,0.206109145795545,0.161167415937418,0.246987120831017,0.200898963821877,0.325837820469573,-0.0343660909938354,0.0222336166112543,-0.0197607588462307,0.0682194954165783,0.0302667598052823,0.104527146971773,0.118086981697121,0.223509717932143,0.476874961900574,0.0771346189034278,0,0.0348305130015407,0.0393542683421672,0.0971687375171655,0.013839939587654,0.00478772400018756,-0.0996862360179605,0.0382405933826588,-0.186432159328867,0.214198061190477,-0.147886937434523,0.038302343685689,0.00641142296278276,-0.0574468573738832,0.204546917223611,-0.15519934485786,0.346186835798188,0.00948967280475433,-0.143591951422392,-0.272057303197802,-0.143190456401294,-0.0264668959349233,-0.0773266456613846,-0.210589695620931,-0.050311566074313,-0.0859235728830887,-0.297693645461464,-0.10677713743613,-0.0371979702863335,0.36262391340232,-0.0080702303744557,0.0744472872419156,0.122155259310186,0.200999335184687,0.0686764576999582,0.17738305535613,0.255079653624136,0.267996912306369,0.319345577436769,0.0176213117151147,-0.0928536009701144,-0.0198619799949949,0.118653577938231,0.0788246875977464,0.100643846842815,0.129541134059522,0.0981089089600751,0.100210856319219,0.229343680000269,0.0759879592920525,0.483063121244623,0.342982397161493,0.0845008879746981,0.0415214724477552,0.0324969586505734,0.0783778725843859,-0.113497391940204,0.155461949548801,-0.052701466591609,-0.07651998693446,-0.0315168968617247,0.207213432216135,-0.000978477687175297,-0.108228239361177,-0.0613247231334455,-0.00978989183871992,-0.0268232634621432,-0.0299810346293662,-0.16167150218848,0.52234290851867,-0.0175202719429029,-0.0885490563481803,-0.0244174768077299,-0.113129601011176,-0.0719223609135625,-0.243721329704998,-0.161209405293677,-0.343317104431551,0.0280418928782398,0.481163243124556,-0.164092755481637
-0.462543584370265,-0.0757371634940621,-0.0384769796646814,0.392427995531111,-0.0646078744157199,-0.130740113986991,0.0185148803824274,0.0397633227006651,0.183973602849509,-0.320195513149804,0.143634075394139,0.0825126946420371,0.337851340877724,0.72074117929774,0.607259766513734,-0.150099960852105,0.317026464232078,0.325048914506199,0.650429319080722,0.0348305130015407,0,0.222840397803669,0.455937945240605,0.208437925409609,-0.160338539147139,0.118147586778041,0.117249060322448,0.113584257016857,0.627803785108898,0.248025716250932,-0.0492847319535098,0.106643239735586,0.0206099345688615,0.299708363469691,0.0172670292442292,-0.091828494087336,0.218189094713405,-0.202330464959039,0.0202476985885574,-0.142804899613409,-0.124900114540141,0.00172621648137388,-0.0746789158878467,0.0472649798696973,-0.30538333814207,0.112844176781119,0.3865223643731,0.272193225609844,-0.202153323101544,0.0588532393956475,-0.404458220381286,-0.156979656400855,0.18596766435471,0.374902717247003,-0.046565919149471,-0.091868604027987,0.169798574850898,0.0826639310640279,-0.0722675243463805,0.229387792917757,0.261910545548201,0.331635366172895,0.475805888798571,0.433375795238955,0.670262683568954,0.575831221706212,0.0895754299278697,0.589318587045726,0.399807804085731,0.0202597337998189,0.708736846981319,0.313649498831076,0.306206703558452,0.146830911448106,0.201722219165555,0.195784147362166,0.629763225832133,0.305165521893387,-0.088907108368781,0.000153239619619071,0.254102769026552,-0.245898451598039,0.0636602631548544,0.156574825885317,0.15517377992117,0.364565194332769,0.282668183559813,-0.167183076623763,0.0345134268073643,0.0863267338739056,-0.0251188942060363,-0.0374132137488383,0.122403096257299,-0.105767670248729,0.0971807326763876,-0.113746721921167,0.0767653223822532,0.330017114853537,-0.12004817412147,0.0612485225848113
