0,0.0491258619863842,0.438227072716131,-0.192149967212888,-0.121128798470105,0.260754785744588,-0.0581582895341112,-0.111540834784248,0.0629362725599634,0.0927866622152299,0.309551328141341,0.251944995359842,0.0897659810359926,-0.241877369308833,-0.309541798487869,-0.19161318773062,0.0106081902945841,-0.150466354837613,-0.122463230138153,-0.151475792064162,-0.267000459827835,0.120956768829998,-0.413419324352344,0.144868448318575,0.307424404227754,0.296762719343725,-0.100104211347083,-0.156336644270657,-0.198598360852317,-0.410418087695437,0.0111603994781285,0.0511395692853189,-0.206351356243109,-0.0162546599064114,-0.0684692608585717,0.0465693170637021,-0.24105683476672,0.295215226041649,-0.21697909635993,0.104067682189203,-0.00061378374418274,0.0251388315459937,0.0938103170228333,-0.0886494908285309,-0.0989840148454595,-0.213343125789872,-0.293393693975924,-0.203577691389591,0.332413541715209,0.193245440770886,0.428797928052616,0.134048135904502,-0.140595918457513,-0.305356737889497,0.181566955399932,0.38052924422376,0.128735532214807,0.014799816227263,0.222499025898773,0.269982404880838,0.281215420732375,0.129735239367595,-0.118580642027521,-0.196093554652088,-0.140926541584505,-0.339197542196226,-0.043142879975066,0.0297786707191439,-0.0751286523120146,-0.169289737213273,-0.276051220511648,0.141753264717643,-0.422090122323518,-0.00758104956951885,0.205277451700131,0.369932251105801,-0.204763413495432,-0.295840396697095,0.137757429012767,0.165420118385708,-0.041579804182022,-0.0270104308256074,-0.0929222245576905,0.0538743726553354,-0.182329149320124,-0.209118780542651,-0.174860180689079,-0.113151128175384,-0.0243785675565532,0.0194566378303357,-0.0453380317891874,0.272069992723592,-0.02221386062694,0.251673237523646,0.183318474146733,-0.0857881528428876,-0.235951977856348,-0.328600683712264,0.2434583958009,0.0720428198544129
0.0491258619863842,0,0.392366624257748,0.418354058485655,0.487351053811174,0.402236034416306,0.348139407074741,0.603674472314976,0.368609983366278,0.0245818673329007,-0.0801043477875226,-0.022244787754798,0.187528888292363,-0.126290380005822,-0.142923082514746,0.354844355705882,-0.0386659052303402,0.205357459374461,-0.00120868155803465,-0.0663699092453505,-0.045334031195687,-0.113525600907679,-0.136396870644761,-0.105146116114485,-0.149735255819637,-0.114176736288671,-0.235334204290758,-0.29807064907772,-0.25280365166173,-0.188864494934835,-0.0207428803984778,0.138693263021021,-0.0623622004757651,0.00749916495141683,-0.151460367018016,-0.23293393580573,-0.203289488336212,0.0986543371840419,0.0994886825596035,0.107045286103495,-0.219674232927667,-0.187780408811018,-0.28211429602898,-0.220430631522139,-0.0594746384130676,-0.329993358290423,-0.290446581811397,-0.352459478279673,-0.143071721220741,-0.238006224084131,0.309914532345515,0.627098807667548,0.272805672687548,0.349756282229654,0.544109648591925,0.353243197699946,0.599058651094968,0.458575655112474,-0.00398607114208446,-0.0673276002461284,0.00607298241448017,0.150956710521916,-0.0489494412068988,-0.0684646658882037,-0.0943196190993559,-0.110723481185516,0.363073170660825,-0.0235595875886775,-0.148511919101967,0.0983086232385415,-0.116776371917164,-0.1181710720982,-0.0623913134606711,0.155100682375147,-0.0659578437337285,-0.208854626719097,-0.179844503365113,-0.154637758254221,-0.0270491798289684,0.103432369253906,-0.356894524560528,-0.349012996060923,-0.32233137659777,-0.268199186313736,-0.276702406265748,-0.323452773738252,-0.165926702321097,-0.373198830380522,-0.235687326155762,-0.317679918809465,-0.145589269690694,0.104777446946575,0.067035727090216,-0.244473829669499,-0.340922394785013,-0.24804735652446,-0.394763892969744,-0.291079670714569,-0.0916036358858308,-0.257022251198474
0.438227072716131,0.392366624257748,0,-0.156880781332105,0.130497302881793,0.553347858781671,0.20749648666471,0.233813744796281,0.311969792509763,-0.0548270971811559,0.341414288527495,0.38113998405801,0.300168529780507,-0.104118236123006,-0.144951194333394,-0.15176256105653,0.202971563890414,0.0761089194110151,0.0936283130914829,0.026576079921856,0.0380281474982816,0.0888062918379521,-0.231480654464348,0.307169680202544,-0.000631763391169465,0.357192902938149,-0.141188155674193,-0.267075756743154,-0.155479027988979,-0.259211387108304,-0.040423484974569,-0.0920755928008131,-0.340160937983025,0.119991235270622,-0.0701413326483936,0.00818453858151113,-0.448610199885556,0.0725389509977303,-0.15490874478625,0.23230170051534,-0.0743810107542495,-0.0248778968535794,0.00682032601669374,-0.086193944232773,-0.189795251197972,-0.255066381250543,-0.29144168226623,-0.240806876718632,0.357028741079403,0.175877082503234,0.105120635698616,0.325980645904567,-0.267407089699649,-0.294033620076422,0.442056666555612,0.678855373909429,0.432027825799558,0.32870459331365,-0.0704208422995857,0.445846265525744,0.330853369378439,0.34512977470741,-0.00150366460527092,-0.019086526161901,0.0375066737936747,-0.1694262493354,0.154672572962875,0.20452600880218,0.0517305949476467,0.0895491923903563,-0.00251433261396129,0.232752925993137,-0.208718773739517,0.121356477466158,0.312731375819397,0.311630994465621,-0.332035090306277,-0.179781886859994,-0.00692733378700972,0.100137389392994,-0.0441556909124314,-0.171809029318701,-0.307302332174337,0.0180075656689149,-0.189269529070518,-0.261117774380817,-0.339911570016306,-0.282937600168691,-0.0329247385498454,-0.0697967509743078,-0.183242899878783,0.00929396740654351,-0.0523763672523229,-0.00959514555990969,-0.0338921109104276,-0.15651440756175,-0.239492409435299,-0.321406162248218,0.214754872710371,0.0187088062991055
-0.192149967212888,0.418354058485655,-0.156880781332105,0,0.65841239340286,-0.0592778019684712,0.159825007813213,0.42496901682514,0.10520485705714,-0.162174539302466,-0.172804012867085,-0.257690433879193,-0.0971777718239518,-0.142280473657442,-0.0201819573492417,0.386268962220843,-0.179204218311768,0.15356268430968,-0.125505987433228,-0.0333503347557743,-0.0669607899211874,-0.1309110765951,0.0201195930764248,-0.296276336883109,-0.154734842696917,-0.239011453865974,-0.248762493406066,0.0170301667218554,-0.157687345785787,-0.0243336946312656,-0.0876016876660984,0.210501498576976,0.165165011356543,-0.010175975151772,-0.115680730116907,-0.0978380877495856,-0.061365367572821,-0.0706905406186505,0.151409298514742,-0.0606527420138046,-0.142466001751673,-0.17251740171469,-0.329855309307248,0.0652859005906988,0.0351669239622498,-0.142449659477175,-0.12119567714413,-0.138146165635139,-0.169922009214931,-0.305377142455136,0.193572121245462,0.412824080039951,0.429428420238585,0.716046240157405,0.161200891456741,-0.0683224384412315,0.317109731824405,0.244141445250839,-0.178038498980657,-0.217439315581314,-0.221765190922886,-0.0257001073447398,-0.0429592457152802,-0.0537223347783486,-0.0586079142958782,0.0269683567141384,0.245752824840277,-0.0413289800287202,-0.00637161956595969,0.0734856829493276,-0.0439645655737649,-0.224015982008942,0.0237909652884841,-0.00621238544420242,-0.227631275212285,-0.242714084018311,-0.0335196729181759,-0.106312494851456,-0.02721674674806,0.142370871250361,-0.14757022264937,-0.0957169975792277,-0.140530199511713,-0.191610983765969,-0.174637144260916,-0.0806097233939109,-0.123500963954525,-0.199781997051849,-0.087043807581767,-0.19302649224596,0.133410734498071,-0.149446037646686,-0.0262226497667729,-0.158807617970203,-0.306114402266498,-0.0312601396544303,-0.19649779859063,-0.105175015077332,-0.125680523582377,-0.227903946066165
-0.121128798470105,0.487351053811174,0.130497302881793,0.65841239340286,0,0.151684641846674,0.189962079447704,0.420522822603682,0.181779431278573,-0.200136913594445,-0.0334613819366093,-0.0860619212217821,0.0326018776554968,-0.117371268525767,-0.027543459029087,0.200871247475651,-0.0531860177620335,0.208309034620487,-0.0773615288279766,0.0328755377604848,-0.0211816938303523,-0.0701721913231727,-0.0188164942679798,-0.0906802000670929,-0.150218859208135,-0.063868337050654,-0.247116927914987,-0.126375117180104,-0.157486632040771,-0.0828649722084534,-0.0402942968499868,0.0674330088273285,-0.0792274925240824,0.113452646005382,0.00527469740317293,-0.0158255090002782,-0.175284263459474,-0.109926092109018,0.0855358739002781,0.0636952251476795,-0.0799505134069098,-0.0870976172815636,-0.142172697812003,0.0194553605444911,0.0735190666406797,-0.228843266928306,-0.142339324285725,-0.185212368091947,-0.0163708512768182,-0.11108299089,0.0197232370658247,0.433710146925345,0.165984288310128,0.622625483737118,0.357631683246211,0.208039802156201,0.388263497813309,0.331833255966545,-0.218967999090138,0.00329226882094833,-0.0243841281502984,0.0868135541370023,0.00692978714263333,-0.0399805888204033,0.0162740473122487,0.002771595632268,0.190979760356763,0.0270040912506142,0.106673504967851,0.173563279582026,0.00719176306362788,-0.0199230217479856,-0.0285025579505492,-0.000122292891174178,-0.0763612935762367,-0.0706134761047494,-0.108484820098244,-0.156213747405837,-0.0926927930771465,0.0638274247079245,-0.0320623793564519,-0.0519093829493213,-0.0846663105877485,-0.0924699302146449,-0.0703979022502318,-0.100099563581127,-0.148581175122938,-0.213878024216739,0.00700284125361891,-0.162120817116368,-0.0024783917448222,-0.2159821070154,-0.104152482279692,-0.104643648907583,-0.180732638334098,-0.0819636210663194,-0.201778968506269,-0.204621678139689,0.0439503970605378,-0.110041645843614
0.260754785744588,0.402236034416306,0.553347858781671,-0.0592778019684712,0.151684641846674,0,0.482229573595123,0.457922055585944,0.611952000306617,0.280009524717597,0.175233105072454,0.175464259289267,0.236057270350693,-0.22950326246226,-0.307803527371367,0.0167240760400952,0.0646203051125947,0.0912652939760317,-0.0661053204562497,0.0593868799975745,-0.0321596666471658,0.0245629481089805,-0.307643168923753,0.167914191278039,0.138301942447311,0.0907455818558692,-0.222329038234221,-0.246825130505694,-0.0946760905135467,-0.257052639509432,-0.134314978247426,0.0588733292434553,-0.1780659029485,0.0541188489942457,-0.18059603231431,-0.0259640734938809,-0.148645039578782,0.254784838889092,0.121718474192176,0.394851931624714,0.066150713263494,-0.137405965843986,-0.173407679211627,-0.315864494439384,-0.0464028039583112,-0.253799414131155,-0.367009607582991,-0.244644279401265,0.220404109264872,0.203662397784871,0.154789153412112,0.275315972955248,-0.0968504085242907,-0.0918911460898648,0.64287621663559,0.663996108917291,0.549525633971051,0.596884081845535,0.213170603643803,0.0871813520416857,0.0968014704672588,0.177667940953042,-0.101381053449976,-0.139279259950604,-0.139047449897063,-0.284815251409803,0.426375149665295,0.0429893132394696,-0.076126572600871,0.105574960241265,-0.0818429943179779,0.021971913118784,-0.257272306979139,0.365628691447239,0.103055815886157,0.0169575284423486,-0.156394092482066,-0.280048305626841,-0.0407572540341877,0.112074402099543,-0.13752043872308,-0.0856150474413968,-0.267268698961362,-0.132639273614869,-0.287302816371282,-0.314193100786287,-0.0829884164603514,-0.261293239725048,-0.0535188160070228,0.0899013109233652,-0.170486945684469,0.175428136194288,0.246886714543871,-0.0351793446845354,-0.137201219242804,-0.32678947929074,-0.321194608937104,-0.317325094176049,0.254185107903417,0.0838628017042399
-0.0581582895341112,0.348139407074741,0.20749648666471,0.159825007813213,0.189962079447704,0.482229573595123,0,0.569727771407195,0.556115465109711,0.238451815935909,0.0485612731600964,0.0135896232233687,0.0358657732603985,-0.153402443180842,-0.205272102170994,0.314052511826281,-0.0364328693505482,0.170385776648267,-0.00586272259427607,0.119335262776127,0.00945471922957278,-0.0993901785361672,-0.0566048078174494,-0.0250168447371503,0.00329018823846652,-0.120952673338655,-0.164414185503765,-0.0302052016787305,-0.0856915019924125,-0.0089880652358515,-0.0719112354823181,-0.002084918223557,-0.0104986038857251,0.037388072114574,-0.143402350813524,0.0605452572476977,-0.033980914932823,0.100047639212997,0.221836509355978,0.412678544340665,0.162560991493992,0.0250646864909686,-0.146499287357282,-0.0512982318258876,-0.0079934183035136,0.00160226775309265,-0.14251580628819,0.0240064736692824,0.135908989553074,0.0248767952736624,0.0868492714763012,0.215141912413286,0.0502722609180216,0.163390375890916,0.331913603582449,0.238932722593193,0.46197219469911,0.529219871064427,0.0106131956213526,-0.11799843718557,-0.183039739412231,-0.0167911517730423,-0.172172555650032,-0.0961875086398218,-0.181343624409972,-0.179285587248631,0.517794922063921,-0.0955287028202417,-0.212848094062312,0.0437680556651089,-0.106380436227255,-0.127530885851783,-0.0714478347034545,0.269957542852243,-0.20568024964558,-0.146038483343778,-0.173691101375146,-0.132678074083185,-0.0249453115945322,0.000869424927053398,-0.31585122380464,-0.132151856294516,-0.166991678127749,-0.161419775666796,-0.23292447425967,-0.206262246094639,-0.0564232325586329,-0.137938434642885,-0.0784193012959045,-0.0182171106514314,-0.100726646957476,-0.0314405372639402,0.0996699873106357,-0.105426503073399,-0.22063012058051,-0.0989536163966374,-0.11483887686135,-0.0744645213017306,0.108855824041695,-0.0442626523197266
-0.111540834784248,0.603674472314976,0.233813744796281,0.42496901682514,0.420522822603682,0.457922055585944,0.569727771407195,0,0.723236777077031,0.165721168589581,0.0358946313666053,0.0298340972295037,0.175422351297892,-0.129199597570202,-0.114153703787531,0.301056411919492,0.0219049844665597,0.452567589348261,0.0406500054699814,0.196251644699057,0.163480278931281,-0.0528924647145486,-0.0787777091185991,-0.0605227513599293,0.0087809819622885,-0.119932428513709,-0.228048028586567,-0.0389929807860039,-0.0289356954316066,-0.0347274475004362,-0.213240357381517,0.0586427826110492,-0.10323041588572,0.243952217391484,-0.198573683777698,-0.0364329952001623,-0.149107651785694,0.0414096658747086,0.115724346694544,0.254540293346176,-0.0325590702231733,-0.153345393885216,-0.360290751152743,-0.187921984727624,-0.00963878280568771,-0.201916440833396,-0.326337945503741,-0.242495349311929,-0.0384739135509227,-0.141970771520137,0.105718974306357,0.371077495646532,0.107187178948691,0.349761578525134,0.457190556356599,0.351306408007749,0.725062101309392,0.784226003993886,-0.0617652979163692,-0.0805496487914763,-0.0905781698225719,0.107695004020567,-0.125731237798303,-0.096119078440769,-0.0733894972391106,-0.110536029746094,0.42695736375781,0.0169362358497166,-0.110652336959316,0.280938695203601,-0.0115881435136562,-0.181969509730635,0.00657606787939087,0.102301797379665,-0.108474932670309,-0.126645472526853,-0.154636585079731,-0.127057738838764,-0.167243621243761,0.0372311588235873,-0.305711585180344,-0.162847498243298,-0.333444206858251,-0.278539450265604,-0.352417182443066,-0.372867870147391,-0.206615436714636,-0.359874663031852,-0.13443535135268,-0.174942964309268,-0.207462127135966,-0.113574442451,-0.0250737521851061,-0.230635896754364,-0.379457112565423,-0.319912620791926,-0.333571814922727,-0.232759312523828,-0.0200333132234977,-0.208292708526508
0.0629362725599634,0.368609983366278,0.311969792509763,0.10520485705714,0.181779431278573,0.611952000306617,0.556115465109711,0.723236777077031,0,0.347965079436994,0.220067264408523,0.191589158034981,0.201339917238398,-0.180550406041186,-0.191986025639203,0.10502361467162,0.0439954944363453,0.281220717425156,-0.0262739304784266,0.218237362315097,0.136086621643107,0.0253364450432075,-0.193666902745162,0.0649546365472499,0.183788525563751,0.00834290487686757,-0.204513835191492,-0.0226396127422114,0.0461189252836005,-0.103696981688465,-0.215400101184953,0.0304694711698027,-0.137015067697424,0.198173197469679,-0.213427587153404,0.0901168582123527,-0.0628439823251526,0.216076220983307,0.129031032960665,0.431538054155161,0.132793235254206,-0.076207808675074,-0.220445504107444,-0.214584680291728,0.0628952289287457,-0.138848049543607,-0.364827157224543,-0.200857181224453,0.153078188172431,0.10163658793408,0.0282501158006972,0.12133738649062,-0.140561435934507,0.033061795936898,0.392197484668351,0.483731080383457,0.589185343868704,0.807350610757979,0.126621926664353,0.0490064117405484,0.0042949715985103,0.12300351950395,-0.163274144177908,-0.11473331513761,-0.106337496934754,-0.182739174457535,0.412301328652626,0.00787625354938626,-0.121957105384898,0.200542886915169,-0.00995752776620118,-0.100931696449246,-0.11115500351799,0.220014037112048,-0.0107446307708944,0.0304585764229545,-0.137552970929444,-0.231785177834241,-0.146936842264347,0.0256788396606278,-0.226173142579018,-0.0130841618944312,-0.234207246449998,-0.188195227178131,-0.332963790702105,-0.363301488036312,-0.138451363128915,-0.26146057494597,-0.0489485158036391,0.0660239455983728,-0.242198316783285,-0.0145365417145715,0.0640527754023072,-0.0912825023349296,-0.188131405218298,-0.319360180599442,-0.27203440266283,-0.27889555918619,0.127951487868461,-0.00364179587680299
0.0927866622152299,0.0245818673329007,-0.0548270971811559,-0.162174539302466,-0.200136913594445,0.280009524717597,0.238451815935909,0.165721168589581,0.347965079436994,0,0.150105781431369,0.248557365829562,0.171449303637868,-0.184558829401407,-0.310108994421186,0.0863588157017432,0.0393856949537919,-0.127106921928274,-0.0637242158677454,-0.0156241397666138,-0.0671097633288224,0.152438913312235,-0.333630343447602,0.185955263725074,0.61571614441973,0.0778798551204866,-0.120005469211075,-0.0325691447532649,0.0715361829588914,-0.178842388824919,0.0587033000514701,0.0697185217874037,-0.0854106963426854,0.0105964546056216,-0.136936411795329,-0.278690499658252,0.140064872892733,0.36406440213995,0.277153793248591,0.5372060964067,0.0577495685570283,0.10043927001701,-0.0248742505507231,-0.353064142947866,0.173353555373018,-0.185235414409253,-0.370544810469336,-0.224406396734041,-0.189330668609807,-0.0156034625386919,0.0480709430262326,-0.171311720049969,-0.157769342445706,-0.158013817553192,-0.00567603105965984,0.0487897234302863,0.0540336635395525,0.163905076031114,0.547507341671964,-0.0436567700655395,0.061487525061224,-0.105597097369804,-0.270401179763839,-0.271334146435474,-0.320681374015259,-0.336085396089759,0.0975414617341698,-0.218583920103151,-0.26469591295713,-0.181652504191648,-0.162112116813556,-0.106678877350721,-0.208792225459574,0.280799630434912,-0.0689258475685971,0.114354117330652,0.00648941809191032,-0.141933900418962,0.141398109097359,-0.0646447724572964,-0.224934471564758,-0.0949620845123888,0.0141786091221986,-0.133329382233712,-0.294783707418581,-0.368035912922426,0.103264277572479,-0.0888476017116982,-0.276175564454949,0.0192209481472449,-0.346075759685806,0.33478357752122,0.255134944692202,0.223796224712097,0.10041519527346,-0.316866907750381,-0.284890313400787,-0.209904072821952,-0.166979455702666,-0.0816877548910184
0.309551328141341,-0.0801043477875226,0.341414288527495,-0.172804012867085,-0.0334613819366093,0.175233105072454,0.0485612731600964,0.0358946313666053,0.220067264408523,0.150105781431369,0,0.687938292511987,0.26043580877825,-0.167259616719041,-0.190565695723242,-0.200676765996876,0.241103032980579,0.00449929442042546,0.0406060839211349,0.0841129724690077,0.0229435276831141,0.256620723696737,-0.262905422018324,0.551118662334015,0.285621903428122,0.634725884505005,-0.057627930777758,0.0556184317478327,0.139862477924596,-0.197344378332178,-0.119445341030092,-0.175131442117805,-0.378164664948373,0.297754478740018,0.0148839578712474,0.162792310905003,-0.18894885937501,-0.0684552390982204,-0.203581964479442,0.325579509232724,0.149887751331372,0.109607257785984,0.293025464832477,-0.0151355851827567,0.0320639743967222,-0.125276906441918,-0.214243395895978,-0.0794246840965981,0.422996153265709,0.246977090704922,-0.116531674722474,-0.154757233080499,-0.401790202114688,-0.268316784375566,-0.0226988549248319,0.350670381747886,0.0974456523975421,0.128253557152079,0.0416595162670222,0.62268465171992,0.47446848731996,0.220094820624448,-0.189552942671317,-0.242024046074192,-0.133079623614024,-0.269605965062556,-0.114860946874536,0.144505912165392,0.122486166940714,-0.0104545869010116,-0.00701521751298582,0.273204188099038,-0.277362276760386,-0.0210098914081289,0.347374787288225,0.577028088719547,-0.0579307158773386,-0.171772412809827,0.0517745377971391,0.0336841876429224,0.156244505403533,0.0875674579374026,-0.0340644008552338,0.162722271186715,-0.121716143712285,-0.255135389298246,-0.115258710618475,-0.022241748235218,0.107810614898744,0.104075045083488,-0.228014017350299,-0.192457141353361,-0.206250610284862,0.13642638440561,0.381322843077568,-0.0568733933271326,-0.0865819219327628,-0.186352359687882,0.263092961076972,0.0821115284394748
0.251944995359842,-0.022244787754798,0.38113998405801,-0.257690433879193,-0.0860619212217821,0.175464259289267,0.0135896232233687,0.0298340972295037,0.191589158034981,0.248557365829562,0.687938292511987,0,0.519696778167826,0.104237233085094,-0.0127913635751563,-0.263778479064383,0.52313139335091,0.0424980624888272,0.364062585417682,0.0694784608860609,0.181168269930431,0.430514247306433,-0.191237294146586,0.666780373685798,0.325709734637074,0.731514298061426,0.0260835171954825,-0.0103266565772934,0.158815164411263,-0.157456032679816,-0.149473012948458,-0.276249667593883,-0.420159468275758,0.354565097287802,0.124752425394596,0.0377064711980142,-0.250940235073539,0.00146431079949618,-0.143082181738257,0.372387190123597,0.0787229384887996,0.126776076388878,0.332695836023645,-0.0546158982984648,-0.0702616414133928,-0.131055019199376,-0.239238211026088,-0.176378810435885,0.287848331006774,0.195908861283722,-0.211400124641497,-0.173780291597186,-0.487268723069179,-0.364232395079317,-0.0960371214177168,0.299751873872488,0.0643715053171385,0.0999031908173285,0.00175752041210269,0.670802726050863,0.612594969931296,0.417906105233624,-0.0158568390686338,-0.0662403694549991,0.0630151627376764,-0.11763606314737,-0.20829679018298,0.331129090067858,0.134847186939405,0.0115491604021574,0.0897577706827397,0.423398047617002,-0.15898264995744,-0.0625977299911087,0.500606644462939,0.637757891491433,-0.0574380287005411,-0.0628839774009546,-0.0554892949703377,-0.108420442278721,0.164557280229042,-0.0292722134172674,-0.105477205622538,0.27516012791188,-0.0805444702887975,-0.259184376525654,-0.179390710356656,-0.0999178031697409,-0.0383944972665611,-0.0137636884517817,-0.380623427826984,-0.136744161455151,-0.224142595673987,0.116812861954258,0.434163741680624,-0.136117654944047,-0.108417329037345,-0.212363576707664,0.100093128877848,-0.0200497656284564
0.0897659810359926,0.187528888292363,0.300168529780507,-0.0971777718239518,0.0326018776554968,0.236057270350693,0.0358657732603985,0.175422351297892,0.201339917238398,0.171449303637868,0.26043580877825,0.519696778167826,0,0.268822234776384,0.103751255764817,-0.117781671448379,0.645758272174057,0.124142112864032,0.479958312831445,0.138252091327155,0.238836145893583,0.503751133908239,-0.0303189966923913,0.491831893058461,0.104256046489846,0.38488143725531,0.165464176456854,-0.0943845242332744,0.249449914966316,-0.126238071530686,-0.149937996305974,-0.218678350681042,-0.268450753532379,0.379471745698547,0.348006591530939,-0.148274089560622,-0.137546644859066,0.0129019157286522,-0.0716610096993041,0.187589597440306,-0.00514834725134058,-0.068705108410008,0.195807809691325,-0.102232123030532,-0.0316182304651809,-0.0624855828973756,-0.0664394515115233,-0.106276064653205,0.093139478033225,0.175389711734301,-0.112749387243263,0.0695328748913975,-0.255752787563032,-0.149797849042502,0.0227018425912958,0.307464330899244,0.183116494617666,0.170574435472057,-0.0691451913222619,0.313320095110641,0.423058821466144,0.690261617020761,0.226001209472366,0.147021555600259,0.180605850638665,0.0498167012369994,-0.131104189173136,0.461333139716639,0.159689155297779,0.0692317086548525,0.202305518828407,0.417019933872345,0.0403834743421556,-0.0788667103081722,0.28757334961329,0.228638464599828,0.145002372692362,-0.0131349417276201,-0.0968583041845062,-0.112828643284008,0.0493330105454916,-0.146735223912945,-0.101841535592243,0.259615720897836,0.0876208289846523,-0.143110476553792,-0.0279679506820486,-0.127908053500945,-0.151079876836705,-0.205027891228852,-0.346477600384832,-0.0184923797789782,-0.149617758951883,-0.046375778127457,0.0717491098467234,-0.122875504331732,-0.0466115820435825,-0.0785858954336235,0.00899847189950627,0.0219800296651234
-0.241877369308833,-0.126290380005822,-0.104118236123006,-0.142280473657442,-0.117371268525767,-0.22950326246226,-0.153402443180842,-0.129199597570202,-0.180550406041186,-0.184558829401407,-0.167259616719041,0.104237233085094,0.268822234776384,0,0.747164855080931,-0.119918495750231,0.371208570615465,0.1706438188271,0.587191396156157,0.160868244603923,0.52091482420522,0.153988487573571,0.620798724653303,0.0766454800108003,-0.251673324305244,0.0239751454136102,0.335108488176837,0.0885257932790947,0.249513925569181,0.441700409098467,-0.187271493761521,-0.297442964566215,-0.086727538728606,0.105847463129023,0.331978784961509,0.00376679788130627,0.0721158921887765,-0.200721076589739,-0.0677973646858613,-0.156356250059576,-0.0743421604871559,-0.00857325010370685,0.0656949675321987,0.165501569112657,-0.260598953248341,0.305675022651426,0.399274849935659,0.193983421684278,-0.14741052848981,-0.15195460354081,-0.279566189018012,-0.131224648063203,-0.0583201414020276,-0.0760439864112161,-0.260001213750314,-0.249543608014518,-0.224361518949353,-0.188071896332669,-0.283376978119176,0.0159857292633325,0.0412155686132218,0.166367495286481,0.475694955058596,0.572560682496165,0.574129103942429,0.620700646305486,-0.228082440222525,0.25616891464707,0.0955909401572223,0.133132102343563,0.448210954000945,0.209709405135478,0.581652001336812,-0.183927861587856,0.1291678936837,-0.0840130886329785,0.19591387934323,0.516738068454638,-0.223897127690835,-0.387598415305649,0.081179063514947,-0.110793890472383,-0.106783347570733,0.171468096835276,0.354724920008698,0.407575527759403,0.0631035108203314,0.0653412404480609,0.0176873436751014,-0.131501109235555,-0.112045456526075,-0.164687907564939,-0.0930632979186655,-0.180048579646875,-0.017065878558903,0.133857745240223,0.320762509783328,0.363677060422946,-0.229616383094744,-0.118247490673709
-0.309541798487869,-0.142923082514746,-0.144951194333394,-0.0201819573492417,-0.027543459029087,-0.307803527371367,-0.205272102170994,-0.114153703787531,-0.191986025639203,-0.310108994421186,-0.190565695723242,-0.0127913635751563,0.103751255764817,0.747164855080931,0,-0.0390682857317454,0.233074162664874,0.240914986757553,0.45387588129492,0.238585916568745,0.584268269674415,0.0390307428616768,0.675308440687661,-0.025744510747155,-0.320589585605419,-0.0151679246079256,0.161390554819973,0.137108471714497,0.281780749846869,0.552805195834571,-0.318380536713474,-0.194314959857847,-0.0716928593132741,0.0930947499733439,0.195076893614818,0.0883440548563879,0.0856159771491309,-0.324991068569887,-0.121247696273962,-0.231796327723327,-0.0920238553836203,-0.126089572530519,-0.11876111742447,0.174001874651802,-0.154170937951597,0.236212860831612,0.350610100782118,0.157927197836496,-0.122714264493067,-0.187330916755286,-0.275261112381281,-0.0757037120139414,0.0124601212814604,0.051969168634584,-0.268325697567365,-0.252632205833546,-0.180262150335997,-0.1494060036214,-0.361433143196598,0.036457778671392,0.00870731098008617,0.169988938510031,0.550753167503845,0.692070998570864,0.685573775622882,0.83387207069131,-0.152113304739107,0.341350877338705,0.228575650490674,0.295826896404658,0.607625909890841,0.190422808177104,0.673088670610223,-0.171351185347009,0.179911714260261,-0.0865455738146742,0.259433020524102,0.558196925299566,-0.311859667670883,-0.263690014376847,0.205913545516955,-0.00268009558112276,-0.184358229272204,0.0660239640062828,0.295485783807506,0.445647997743808,0.0168844742244001,0.00103059494702953,0.119894301065328,-0.0684339816519546,-0.0370228689614323,-0.313711435624802,-0.142022039290239,-0.231936454152953,-0.156944767480947,0.0576508554999556,0.226814120295423,0.323134478485365,-0.16782606467896,-0.115781736008929
-0.19161318773062,0.354844355705882,-0.15176256105653,0.386268962220843,0.200871247475651,0.0167240760400952,0.314052511826281,0.301056411919492,0.10502361467162,0.0863588157017432,-0.200676765996876,-0.263778479064383,-0.117781671448379,-0.119918495750231,-0.0390682857317454,0,-0.19547966874246,0.0559028311113036,-0.0333484583990648,-0.140512748446721,-0.0354429265728174,-0.170906436537772,0.0203348758255082,-0.245778687811484,-0.0705005395150984,-0.268860745208745,-0.248200569067841,-0.121071602093884,-0.114406942405764,-0.00238009698446911,-0.0846501940954737,0.382289771477327,0.343472287860255,-0.1265079555518,-0.0870681904721598,-0.225350767496611,0.129174414112217,-0.0202532294993484,0.146864130894031,-0.0179573762207765,-0.140540247960321,-0.154716358549117,-0.296108941680712,-0.133386236790068,0.125716722918087,-0.183957975043032,-0.109449148341149,-0.139030638692906,-0.280223842393351,-0.24279085935157,0.272043277142729,0.323921606617723,0.527670561934449,0.419388823290814,0.110134289602771,-0.18487840263887,0.197638358292836,0.109074144469009,0.0358664946458777,-0.314779872122801,-0.286488418319194,-0.110965055737951,-0.0924024762475499,-0.0474222287554175,-0.146584930169174,-0.00568333585809434,0.315957685409859,-0.176650410392872,-0.170583598079661,-0.0304572193530629,-0.0635984749751479,-0.199240932751792,0.0717810716055206,0.118303581080978,-0.249924915590838,-0.365318796304696,0.0135428745144647,-0.0102103831380789,-0.00217417045296071,0.199722095317686,-0.271678445602755,-0.15227697078112,-0.117378761568029,-0.275071843598875,-0.177128334880089,-0.154819445635701,0.0544826050968258,-0.155750880134177,-0.243651417514078,-0.151480266600711,0.144585378360407,0.0193554955810517,0.124234448007487,-0.225592322315591,-0.337111505293088,-0.157819197110838,-0.284493517550812,-0.117972256505723,-0.226647098659965,-0.188748416100834
0.0106081902945841,-0.0386659052303402,0.202971563890414,-0.179204218311768,-0.0531860177620335,0.0646203051125947,-0.0364328693505482,0.0219049844665597,0.0439954944363453,0.0393856949537919,0.241103032980579,0.52313139335091,0.645758272174057,0.371208570615465,0.233074162664874,-0.19547966874246,0,0.24176354480702,0.6727309278508,0.281159893834886,0.411212059101837,0.567481663560014,0.161010866442296,0.624203530169139,0.0279845292042877,0.423427404279203,0.331588064398728,0.0442903706549745,0.424460432031186,0.0805266112816163,-0.178814030085851,-0.361450559945241,-0.352295654344815,0.562084696350126,0.436388371453125,0.0419549277259959,-0.0367414257735243,-0.135205755761578,-0.19072534447554,0.117191596228333,0.129795639145263,-0.0169530975102078,0.247319193100303,0.0144732783936671,-0.194997188169829,0.110860745599187,0.117245426047164,0.0540019684487351,0.125374725865912,0.219858977048928,-0.261450389699441,-0.107142065419567,-0.324844865125576,-0.268656144021059,-0.14195266719493,0.119231958542111,0.0162312660529923,0.0582995618633027,-0.23173175587911,0.315406411997013,0.317024022737597,0.443554206312765,0.267683132550461,0.215049335418161,0.245992506423539,0.118671227545174,-0.247100748299777,0.546701416501614,0.305733085845449,0.20571102723962,0.277637709717247,0.490806630912774,0.199212033099637,-0.184042178336756,0.375611945828042,0.277025435932201,0.229720198327466,0.160921782861357,-0.10329163458794,-0.225752007371754,0.239794012347141,-0.00489838544065733,-0.101789579679222,0.384877822661753,0.245032692112641,0.0573135708987398,0.0468059216177336,0.0116302860977569,0.0430660839057195,-0.0889265926773138,-0.302661557818815,-0.143453492653394,-0.249574831970799,-0.0718342363552089,0.155126062262253,-0.0375050257799447,0.121573443272303,0.116326262226643,-0.0154083030388533,0.0665801522408456
-0.150466354837613,0.205357459374461,0.0761089194110151,0.15356268430968,0.208309034620487,0.0912652939760317,0.170385776648267,0.452567589348261,0.281220717425156,-0.127106921928274,0.00449929442042546,0.0424980624888272,0.124142112864032,0.1706438188271,0.240914986757553,0.0559028311113036,0.24176354480702,0,0.28209207096612,0.655281123137474,0.578982584917649,0.0317822925409324,0.234649714020316,0.0361547743770898,-0.228805655732101,-0.0446414035926352,-0.0250480543547047,0.151530476474702,0.335305174798586,0.238359415751039,-0.272785259786811,-0.212799063827505,-0.301266275082597,0.667260840960348,-0.0379760789012654,0.422070254515261,0.0354700633206848,-0.319782483908186,-0.17655747342833,0.0251987020756091,0.254731275602818,-0.161106432149666,-0.175057895109479,0.000468042429742274,-0.0323937653919994,0.0323483351664088,0.0459331845614052,0.0844180749899524,0.130381210278897,0.0417988797048101,-0.220207767810495,0.0408219452909255,-0.130390385659207,0.0672436564492949,0.120130656856831,0.0851268430792726,0.293815943381835,0.395288679105428,-0.376208547162687,0.0448275528213572,-0.00771263328608489,0.106260758104808,0.16271929896542,0.132564623489995,0.242875710798697,0.193480543980757,-0.00416468040483152,0.283790383425574,0.307031833587501,0.734476036431614,0.420222544595701,0.0236779481234992,0.326234827991532,-0.223875107105306,0.0834758185164725,-0.072783654667332,0.166588641937537,0.176111276116996,-0.275185388378011,-0.263857473643385,0.0977706303141652,0.194296166450492,-0.218900908036212,-0.0862370971785791,-0.0643636518149489,0.0301102028826128,0.0195394412228169,-0.0211911484962394,0.352873588899895,-0.0332813733920352,-0.269368537573801,-0.402311233724773,-0.298661202384841,-0.318106851401346,-0.236511411168427,-0.166143371688078,-0.0285955683943823,0.152920969462671,0.123103628863303,0.0145823757793048
-0.122463230138153,-0.00120868155803465,0.0936283130914829,-0.125505987433228,-0.0773615288279766,-0.0661053204562497,-0.00586272259427607,0.0406500054699814,-0.0262739304784266,-0.0637242158677454,0.0406060839211349,0.364062585417682,0.479958312831445,0.587191396156157,0.45387588129492,-0.0333484583990648,0.6727309278508,0.28209207096612,0,0.225919772981625,0.576892415848573,0.287006355623435,0.296888480475667,0.309471234820497,-0.112563405739628,0.216049931945645,0.234908139016132,0.0325107609403707,0.347232614847843,0.200954897323719,-0.19117973583575,-0.25923795718331,-0.204348905139832,0.385467343758313,0.269112652451263,-0.0493742888913614,-0.0610613309672322,-0.180138666369249,-0.151929202921403,-0.0759327626024954,-0.0527379305675797,-0.088645844969741,0.0611165871380439,0.0698127614903871,-0.206706494357946,0.140145963530428,0.135038577790977,0.0527324619568923,-0.0172275497886826,0.0568654557335161,-0.20595695994034,-0.0207880175757254,-0.126996632239318,-0.115490027612593,-0.184526421328872,-0.0457987347907642,-0.00986091605583579,0.00281918024855079,-0.286581960594351,0.205444043574936,0.242199526939797,0.374384624559841,0.378310197078515,0.451467766752286,0.468415470507958,0.337954921494004,-0.189194455656958,0.511777737461538,0.199102991942943,0.232403033842441,0.411420377239778,0.330707630918373,0.363998189498972,-0.255499715216256,0.323239636029146,0.0719790024045202,0.180677754501933,0.292429866337602,-0.141606600697206,-0.235540067629836,0.0829789824451243,-0.107079212712849,-0.164842486485748,0.154830697929043,0.176630065800929,0.0780776450518865,-0.0230997044691154,-0.0880204319989418,-0.0677021020559048,-0.202331309361464,-0.213318636116497,-0.145610832782785,-0.212973473864372,-0.192921733617739,-0.0219352201976029,-0.0172701168570997,0.102060932552387,0.128971058925479,-0.152835899181547,-0.0505122016775088
-0.151475792064162,-0.0663699092453505,0.026576079921856,-0.0333503347557743,0.0328755377604848,0.0593868799975745,0.119335262776127,0.196251644699057,0.218237362315097,-0.0156241397666138,0.0841129724690077,0.0694784608860609,0.138252091327155,0.160868244603923,0.238585916568745,-0.140512748446721,0.281159893834886,0.655281123137474,0.225919772981625,0,0.583959483490445,0.0414718965070062,0.236213363220396,0.162637021651053,-0.163786298411189,-0.0163117361913238,0.0311245455088572,0.251343379118743,0.551627096991429,0.309867313313801,-0.233170844722839,-0.282892346760108,-0.273818389736644,0.591294580110198,-0.0539340482208504,0.407307111685685,0.141203269099204,-0.264030245260765,-0.130799310599603,0.112119550722972,0.356753706422405,-0.0953913029870746,-0.133616594783465,0.0726802373020896,0.0202295317104262,0.141945174374798,0.103149238824924,0.209974008026859,0.210137650538428,0.227043610800956,-0.325363824456808,-0.139038131150184,-0.267132447257759,-0.0953509626620339,-0.0485539831866418,0.0756771823435137,0.0689843402221963,0.240865088777704,-0.294020710555742,0.0537904999936774,-0.0403665354183758,0.121166363121896,0.235590148285628,0.194172825304411,0.224056180038107,0.214270312596655,-0.0115459868158209,0.30690279811795,0.355509348924697,0.652867205956585,0.581607217411712,0.0561936126294301,0.311906378639039,-0.041906698166489,0.0689612949932805,-0.0544712037882233,0.330400997348279,0.15191994129446,-0.121201635353712,-0.297648029420722,0.176920701219703,0.303833319091262,-0.156194404083431,-0.0490607700450026,-0.0265025663572567,0.146296975173957,0.101092835208117,0.117419345232511,0.474993203321878,0.114881237944698,-0.218279425284392,-0.36640546057716,-0.216220863305056,-0.152652315748554,-0.209671731898691,-0.0569450309494033,0.0804390762481383,0.257800416703996,0.227324371863232,0.205644317823683
-0.267000459827835,-0.045334031195687,0.0380281474982816,-0.0669607899211874,-0.0211816938303523,-0.0321596666471658,0.00945471922957278,0.163480278931281,0.136086621643107,-0.0671097633288224,0.0229435276831141,0.181168269930431,0.238836145893583,0.52091482420522,0.584268269674415,-0.0354429265728174,0.411212059101837,0.578982584917649,0.576892415848573,0.583959483490445,0,0.0882508638587391,0.435389004678129,0.197462298450553,-0.176159312902669,0.0872701277881601,0.145926561720951,0.165498192659436,0.5000548297863,0.384638331090597,-0.322405852348939,-0.230227892275859,-0.246514421037973,0.487781226367569,0.0564886276891148,0.175851619400924,0.0247333194902929,-0.28273273626717,-0.0990035139826631,0.00495058857603982,0.0794724694935357,-0.135572009513999,-0.165196991447683,0.0604999482084168,-0.0852794757519014,0.108462373718756,0.140501661051477,0.0595554420475712,-0.00342344569828544,0.00997852654534171,-0.330582712760033,-0.092651354605372,-0.152751657416874,-0.0713129136721746,-0.141274767591504,-0.0388456841863142,0.0534443583646638,0.165367915554482,-0.335454146641526,0.134014282529771,0.0588566483394045,0.194074790322668,0.332479470209297,0.416022010929084,0.49309479845919,0.468705115283522,-0.034380798687178,0.378621885594785,0.295596223394711,0.548623052348265,0.718910260382143,0.133650991810568,0.488492013060654,-0.145571780485271,0.221194069053441,-0.0102877932173197,0.234282541876562,0.375598296619324,-0.170783318464427,-0.290691688695947,0.152143403445732,0.0623470015571535,-0.250643549324037,-0.0495108005372866,0.0678771499566468,0.136956951310409,-0.00500307009226451,0.00523087280236312,0.207995727064041,-0.0557216599995708,-0.233847271458818,-0.342377539064623,-0.168444639482439,-0.249770310929361,-0.206011865076822,-0.0791942284214982,0.0607717095201996,0.198792096064768,-0.0559657292970645,0.0117173774372795
