0,0.405005478594712,0.491234056899989,0.208711283111975,0.00896774020099405,0.315637599195333,-0.0805775604809381,0.0340214693830598,-0.120956059272314,-0.225254281311596,-0.406538967694637,-0.19987638176665,-0.295465417951412,-0.179964478260336,0.0118669710709826,0.38177516852134,-0.307416325658761,-0.0253719324520742,-0.388884541753808,-0.04363104013602,-0.0630123057095679,-0.255263289465337,0.200361644721048,-0.269092691647552,0.16799996035989,-0.148533316947996,0.138552687741394,-0.11017903513115,-0.0261669633849611,0.136144989521481,-0.161083267907016,0.325362474153502,0.0735239777694512,-0.433757912750133,-0.172811238787571,-0.05542362589069,-0.188582704903407,-0.000187216780929671,0.0830341468745233,-0.00303332626000239,-0.273998082572825,-0.295711975413441,-0.171189671737492,-0.385695369774113,-0.0186376959046811,0.0515231102177527,0.00996340517552996,0.224922957741099,0.377639338563048,-0.0450735282048318,0.743241645919329,0.143640924822663,0.249095861181471,0.112830384256775,-0.110038828705798,0.465852784545429,0.0639672856669463,-0.0725374595438923,-0.169022536952411,-0.346852144166985,-0.187050300757417,-0.207855395970493,-0.0377843864107947,0.136569687402907,-0.0286461653990434,-0.00911885915121496,-0.291688299725118,-0.313861937911546,-0.259113641176965,0.0253292519127677,-0.0718364555660509,-0.174668113453359,0.216967215150176,-0.0552987207335822,-0.247976465022478,-0.122324860507836,-0.178696487141955,0.288817491051218,-0.236658857795853,0.246281779378063,-0.219658496640371,-0.202807165648165,-0.238360727355652,-0.23209902568664,0.0595308287320889,-0.125371136282527,0.148359488109068,-0.0249010333900069,-0.15291938326342,-0.369511714920105,-0.02153035247048,0.08795991641827,-0.0192443732248777,-0.305721033576798,-0.220071517239862,-0.309324128902621,0.131735680107195,0.144167551740242,0.0688942554030093,-0.119086034748824
0.405005478594712,0,0.507413752118695,0.5745827823224,0.361879081557519,0.410553641690837,0.168623713755683,0.570216620019578,0.140949747088892,-0.106112768461801,-0.250719286644457,-0.0516361536037981,-0.0701730607760079,-0.0660560243592006,-0.0490685663776593,0.464095044865954,-0.0934056391973877,0.179515022255057,-0.108855964270346,-0.0497558025459398,-0.0971615539033411,-0.0660189213094743,0.0142608359719186,-0.156138218281678,0.134989375889286,-0.0481759851570294,-0.0524496622289093,-0.251583426077622,-0.0667993181611139,-0.0681221102579252,-0.0526657735779928,0.135702758206154,-0.136581479877453,-0.268506369052165,-0.187056648180087,0.108097498804016,-0.109242655978479,-0.0412010851790921,0.0811398528342046,0.162940236180328,-0.409325278206673,-0.190289198382117,-0.200215203131357,-0.401106831364567,0.0161960403469014,-0.234349938562973,-0.281933392167648,-0.19007604336102,0.228498871831679,-0.218380517105589,0.39364216665868,0.686906689686132,0.310141270964094,0.328138394657906,0.37014551035525,0.394534311259057,0.55415436989655,0.32205818523845,-0.103355249326422,-0.180069790515882,-0.0635844483005437,-0.0404950410898389,0.0460333312430142,0.0588065497891295,0.11020271205691,-0.0720640252827089,-0.141780604807561,-0.040599468226166,-0.0945475779231816,0.268348683334779,-0.0090275315131316,0.0538392635455939,-0.0118832809573073,0.203899852217134,0.0239934655120296,0.00562666818134253,-0.00915489395055618,0.156251030983064,-0.0546546365327726,0.0789970595393155,-0.0663764494889611,-0.334336569167801,-0.119060835830458,-0.0600204617749043,0.128905221331375,-0.129983461676834,0.00528838564137442,-0.195232540800172,0.122656142818691,-0.333886596211362,-0.208724512328418,0.112699063096213,0.0432905980426464,-0.14040095925164,-0.0973066922227493,-0.303826118148716,-0.094783696273547,-0.193594128756286,0.197060623957965,-0.216489655077012
0.491234056899989,0.507413752118695,0,0.20669956401003,0.0851993958279749,0.684547814418925,0.267293961598778,0.364163934984708,0.417509366198809,0.0715014667987055,-0.25955507453756,0.0703086501574629,-0.200278322222684,-0.139229986361114,-0.0488819558041676,0.405056606548255,-0.0810422362475097,0.00729420782548151,-0.276394985223255,-0.122442242735436,-0.125046655208937,-0.164657032403969,0.228297778468773,-0.012563624273861,0.338888869345134,0.0217902140600688,-0.0802521976938556,-0.0797278792216449,-0.0562434441825702,0.128296434541949,-0.200188034659746,0.342399710601955,-0.0907369179689352,-0.392911231879819,-0.249684512167889,0.156601849962731,-0.214023156800428,0.011340545855763,0.160903673639026,0.30756483722586,-0.492223698412766,-0.278727164606865,-0.213111403004812,-0.496245271472597,-0.181246403831208,-0.22011914090362,-0.202407135757641,-0.0536034573451353,0.32832740097892,-0.36853496932461,0.406467637152863,0.37898017763488,0.28060161719552,-0.00672527742204328,0.22338185896557,0.719380377223062,0.350314902186635,0.31194109440794,0.140358415004073,-0.216190692887699,0.065797289125408,-0.0645346573414113,0.105417623066235,0.123731957454744,0.0761076412709618,0.0222070333827654,0.0694211342431084,-0.138364152748081,-0.245497127632025,0.0403229407584377,-0.180460264747806,0.00681871851769064,0.152238029533575,0.174608101588228,0.122199661924468,0.152659158206604,-0.0364156284433898,0.408963186755873,-0.197853887247443,0.257059887036474,-0.130341625115861,-0.439295481294637,-0.220542196995625,-0.112227175985742,0.114311373183605,-0.225323537565936,0.00885504069664861,-0.0748269827712635,0.0180457916734217,-0.412898539646834,-0.165124055336339,0.22828067895333,0.22172059954845,-0.16052723181684,-0.126229835424228,-0.407408239479288,-0.0772894484368914,-0.124894876530531,0.0670477168288885,-0.371713617367507
0.208711283111975,0.5745827823224,0.20669956401003,0,0.646588062294615,0.240593995068934,0.167032784865538,0.607380907165255,0.100030226295509,-0.0523717689030105,-0.151324597922537,-0.0128187642776183,-0.0359517326279933,0.0290815153231822,-0.0513581786942523,0.468278807408557,0.0583769891226081,0.153806391740673,0.0339203986205676,-0.174660879602621,0.10952931006204,0.0149769124954705,0.0614108074780868,-0.178730241319702,0.0360014355362455,-0.104693667439759,-0.128163028506517,-0.31308842322218,0.0732076309894258,-0.215245707477341,-0.184690146032088,0.0348579147073641,0.0586133282686333,-0.0178822361051926,-0.0902021548930312,-0.0243987537942817,-0.112407778842418,-0.14293072062108,-0.0897945840794943,0.107348374722527,-0.323738638075907,-0.258838197326668,-0.240858475837312,-0.356394634916202,0.0181261824543102,-0.304617543283679,-0.280302385357137,-0.195660434208307,0.199656623519437,-0.199633863411654,0.313741940361823,0.558626534121897,0.496641110251064,0.696604358805721,0.412262836033282,0.142965513965355,0.611327988939838,0.340729869016081,-0.0914615376052712,-0.123078583454634,-0.0692930907410804,-0.0169149840251746,-0.117703734512597,0.0105287466535516,0.155637079939287,-0.0252650359873938,0.0411848520995515,0.0365058622632716,0.0521413571159888,0.269537190608282,0.103176714467866,0.0385037639501386,0.0665243987087199,0.175288410664072,0.0501143178251394,-0.0207569836715484,0.0272831741316595,-0.0148643728381338,-0.271515956743727,-0.0147414988096911,0.00500127350017387,-0.260881790583615,-0.312766501124726,0.0806201047610792,0.117867415449043,-0.168098990543099,-0.0373089868523211,-0.243332739394104,-0.0189414094026703,-0.30162303408286,-0.130531305414747,0.0480184275630151,-0.0874681603754646,-0.14330019423444,-0.145254937582159,-0.323092082897219,-0.209253195185445,-0.24035227141617,0.207500409332195,-0.239651385699179
0.00896774020099405,0.361879081557519,0.0851993958279749,0.646588062294615,0,0.210334813591889,0.033119530708541,0.419214254633681,0.128777417975673,-0.102637029776374,-0.113039290062227,-0.0811931482305769,-0.042356851275302,-0.123673010413403,-0.158620269735716,0.117716609347894,-0.0682544349125677,0.116873107634068,-0.10443055135734,0.0118561879260747,0.0116002470190657,-0.0796983855343429,-0.101334232354311,-0.172564126554599,-0.057893425392672,-0.127613320933173,-0.18279415578785,-0.156908758696254,-0.00884419349163201,-0.214287901992281,-0.109087206890001,-0.0940883754275556,-0.0389204109475485,0.0299672037434477,-0.115373446396445,0.197851107262854,0.0246422780608486,-0.202377843151636,-0.143103373632039,-0.0749446644735396,-0.157865131741704,-0.191922353945896,-0.273522668497299,-0.1392087205797,0.00282917839327225,-0.254897957654195,-0.228854618805527,-0.222345719110725,0.188661494827777,-0.036553409166127,0.0177659137443739,0.438658168420582,0.193418179143025,0.663714649975256,0.497131901406293,-0.00706277472674473,0.422902382630023,0.327483438003549,-0.202374069692643,-0.144373122568183,-0.160847341230323,-0.0346513663720555,-0.14458693373482,-0.182516146940205,-0.0640280086173248,-0.22452726106788,0.0724324665164251,-0.117349599380409,0.108922099698032,0.193276708288329,0.0742193647830276,-0.0691175675770436,-0.17192560721387,0.0311668054674254,-0.0128419617356318,-0.0990603167545724,0.0376618652222789,-0.150435004861508,-0.114262344972723,-0.116732133813677,0.0384261441154497,-0.0319101401992394,-0.190718401986645,0.00846902704546754,0.0257200877475356,-0.0592691869596449,0.0740685245888868,-0.149920973500512,0.213345065161179,-0.0727857742910386,-0.0924215311822523,-0.061275616978904,-0.146363818702468,-0.103412578945094,-0.109799326841739,-0.11616589049676,-0.148690569846085,-0.19910846378794,0.217955881996246,0.0239957422604778
0.315637599195333,0.410553641690837,0.684547814418925,0.240593995068934,0.210334813591889,0,0.219173009339455,0.458158894378941,0.635469489642359,0.138706974665063,-0.150674518526567,0.114651268960416,-0.0236136920047704,-0.03546126644419,-0.0509546989639823,0.25298144757981,0.0112853566181771,0.012010423511936,-0.123761531465924,-0.143566147613097,-0.0204221928796653,-0.0467575915897655,0.207882710806423,-0.0422905970321283,0.31405537479132,0.034957287470835,-0.134198696224791,-0.0411874332724249,0.0340631194621494,0.023347048721914,-0.234788207626666,0.278193047720946,-0.116914755231916,-0.237670260760314,-0.302222916311907,0.256550008021203,-0.186949907675612,-0.0337864136872911,0.0289453399415494,0.201048966597503,-0.47599870026712,-0.153871314216088,-0.276562135503096,-0.439145552389266,-0.241156631322882,-0.278124919798998,-0.315098997054034,-0.144929456793194,0.345437723870009,-0.356786004233966,0.273045057560602,0.403209139572415,0.184907276699137,0.0117374642221241,0.536527363074246,0.751383232643534,0.452595418357665,0.496875029139139,0.139121049865501,-0.142352045360899,0.0736136222255931,0.0393917541711876,0.146026393207303,0.0786391147406703,0.165436172903048,-0.0301148999259222,0.133710553450459,-0.00193190884836267,-0.0771538335103368,0.0743612869540306,-0.103703065171087,0.0995441895266748,0.127827094116212,0.180843134502549,0.133315348047668,0.173414780845756,0.146748552269963,0.352267352003969,-0.200191549146758,0.205986668271063,-0.0528709957697033,-0.39266392266325,-0.249050226463069,-0.117231898327294,0.0874348004762324,-0.156210311311829,0.0621860849857668,-0.042962535185699,0.158281613937272,-0.311081535240801,-0.152969078474663,0.224186401256068,0.134590441991548,-0.0909635495195452,-0.021657194634969,-0.394656527976327,-0.159127723918249,-0.17967763768758,0.275991106491815,-0.288327711231342
-0.0805775604809381,0.168623713755683,0.267293961598778,0.167032784865538,0.033119530708541,0.219173009339455,0,0.316643144930766,0.243863209358246,0.46732539900744,0.211108777771764,0.438326330495582,0.00413317665696153,-0.0291079920066637,-0.0717208502305624,0.316288057600011,0.381820274298211,0.04913668257098,0.0602516916598329,-0.25542155562072,0.0752212999433855,0.222096742233771,0.178721474740478,0.454023270770008,0.437470482042653,0.367460004760816,-0.353906688402339,-0.00881292753286097,0.201434546740131,-0.0588560981279931,-0.0319885882254192,0.251669742474123,-0.16549920934657,-0.0210666622692177,-0.121531605633386,-0.0757956731887687,-0.235117317610493,0.109532056858122,0.103740580467346,0.511611039753743,-0.30280643055905,0.199065848782938,0.0585465839479718,-0.222452240638545,-0.146147511043213,-0.287337093464775,-0.328443177112904,-0.143858320133389,0.206877209907679,-0.434569088694156,0.11578373385537,0.21680072876738,0.308901361153519,-0.0386828565839955,0.18152349048554,0.37173888523118,0.183625368840582,0.187893162444581,0.511724685296928,0.271162477501937,0.385854817231428,0.0959981361501491,0.0369467359770035,-0.033486597254023,0.0231747538784761,0.0931456258979351,0.619834125554371,0.157419225848051,-0.0969722357353552,0.0465415498228471,-0.0949102702367146,0.299586024695317,0.0919925171869466,0.584688121855401,0.579782714160778,0.533180481674363,0.153733766823852,0.287301488374212,-0.0449791559168537,0.191650440682062,0.181037814016885,-0.194883085507089,-0.17724794908739,0.201139410639059,0.0316814691520259,-0.214780092871741,-0.161886048597247,-0.00861630162046327,0.0107914567690108,-0.0981943137100745,-0.0182880835431045,0.423505127987429,0.424435485461232,0.355947721080682,0.25272914093313,-0.0656523467944556,-0.203893820699111,-0.213574349957284,0.241345993796889,-0.308621612838154
0.0340214693830598,0.570216620019578,0.364163934984708,0.607380907165255,0.419214254633681,0.458158894378941,0.316643144930766,0,0.550835284035281,0.136431345099149,0.0172447683784353,0.0829851334476047,0.158736454018411,0.186823607099546,0.0829778622300073,0.407284334089469,0.286824632151239,0.346562787241629,0.249219674617146,-0.251440446021886,0.179524645540241,0.21971892028808,0.113127872283892,-0.0522818547842091,0.0715935510246462,0.049461822488787,-0.203101239945533,-0.310046777134856,0.0479144069965992,-0.236464908652407,-0.0954416240604534,-0.0084236228348627,-0.239668137023219,0.0552579640810037,-0.0687160382185251,0.184868949114697,-0.217453983890078,-0.145534919374604,-0.129328725532348,0.160994114309951,-0.512549609265773,-0.155367082161631,-0.200745729631257,-0.4681841704526,-0.119520798118398,-0.442209168266044,-0.417628976849582,-0.3375135179422,0.0696644251066751,-0.42867754843333,0.117411478816374,0.636994526080608,0.409219967691945,0.309367577740185,0.521186672862146,0.309269626595574,0.814378679222364,0.703546031710421,0.0788128742854312,-0.0339512337621179,0.045369883236843,0.161646562570431,0.134726059529237,0.156969666534549,0.36059584133049,0.0810481033290437,0.150296429249576,0.31281431427274,0.137680093453863,0.483866239196708,0.117523376860742,0.260021957791901,0.119571422124396,0.248009521602125,0.256621258565933,0.086983122870368,0.204608233398863,0.0929216800844918,-0.056184275617442,-0.0702649660901611,0.153055083608836,-0.352527486448071,-0.156709090211831,0.174716850475895,0.160900359560667,-0.131020924428863,-0.173257495643335,-0.212496970769165,0.121343211583188,-0.349572650390006,-0.346525321525939,0.0549883186030763,-0.0416928712662302,-0.0758236647134806,-0.0674369781659792,-0.430399644281933,-0.328591640000302,-0.341077935677731,0.201689259144088,-0.385723315023467
-0.120956059272314,0.140949747088892,0.417509366198809,0.100030226295509,0.128777417975673,0.635469489642359,0.243863209358246,0.550835284035281,0,0.258095076657533,0.0890732090933956,0.206936574315319,0.167249052686799,0.229215838921078,0.0822605291741239,0.0815138036509886,0.283062200021609,0.163476567541332,0.197238192974241,-0.0669585359707213,0.187099006825945,0.119009135504109,0.138655586589368,-0.0195660933545313,0.156978680461868,0.112165787368257,-0.273946851098023,-0.140774999560871,0.0337115151768194,-0.194087670681114,-0.0929847990880877,0.061782176047892,-0.217319902319981,0.0391809990260249,-0.170757345460205,0.354889599314057,-0.205036908680109,-0.0790162650395721,-0.105542101123735,0.145236618033568,-0.401531958328277,-0.0620413955769702,-0.210819203461419,-0.323977964859105,-0.357347510392557,-0.412894348747274,-0.389569049139257,-0.275673267923956,0.134564099151579,-0.334026285884579,-0.0952414192635224,0.293784004465161,0.187107053429306,-0.0591626288986838,0.401666228116205,0.447655228514364,0.499346366868717,0.692724090347541,0.21186324807683,0.061274898001365,0.175873106678207,0.232780500963843,0.20541941787389,0.183556726497791,0.327191987379627,0.0985653475316213,0.289782958824999,0.324809494094714,0.0724388537417032,0.257573793569572,0.0766175155927618,0.162780827546258,0.0887235928966116,0.113919719035546,0.233299031477004,0.169709257247211,0.154817228631402,0.101553957611927,0.0390426850352884,-0.0175852769622919,0.0179695038667694,-0.235410652515199,-0.0738428730011677,0.0322746477725213,-0.0368929943558836,-0.196634210923338,-0.137928958947773,-0.193365172108862,0.170758706967036,-0.247127669128444,-0.246885078918927,0.087050724024609,0.0287161584241504,0.00358086745634704,0.0244661301163918,-0.394771867150969,-0.391857561114845,-0.32328031291368,0.178509341870077,-0.293831933956467
-0.225254281311596,-0.106112768461801,0.0715014667987055,-0.0523717689030105,-0.102637029776374,0.138706974665063,0.46732539900744,0.136431345099149,0.258095076657533,0,0.643983231090942,0.751207288012928,0.157007878738678,0.120855551875858,-0.0538303772807985,-0.0601919771549048,0.192060663465503,-0.318051764237101,0.125578620725104,-0.331049992987025,-0.0730615882721642,0.0845259678352046,-0.136088215050712,0.369894967054708,0.584264196091188,0.416975544513152,-0.442542159882876,0.0415232877540497,0.0177884734457821,-0.0669300920894107,0.0271674772501323,0.397229159871286,-0.0191905972384458,-0.181914619143156,-0.286826106778047,-0.134451604958478,-0.175503503670679,0.390100883402271,0.263249848138455,0.518701543028899,-0.0449981804908249,0.433366569605486,0.212728162610396,0.0661783046465174,-0.227515131983223,-0.166683720789316,-0.210938520230517,-0.162559753571271,0.16503213103057,-0.270097723720686,-0.00839370132442545,0.0623733779460561,0.0777861069983968,-0.151684598878469,0.0646800599247476,0.32932687721169,0.0962142274281911,0.11932491974624,0.810775818680468,0.666030653548129,0.647066525798326,0.185199281853027,0.0631434954462468,-0.0433452123427822,0.0294854766730343,0.163618128207098,0.350419050022766,0.106347664203449,-0.284915088223158,-0.233193688194844,-0.271189966995031,0.0942583892938621,-0.145195497752855,0.446694359229097,0.477811052720794,0.71292863567958,-0.0965962745863176,0.0414373404923495,-0.00292148500030168,0.347762224336865,-0.0451305836500705,-0.152929228692364,-0.170631085856233,-0.0212854790690338,-0.348613020517961,-0.35611352967044,-0.202849882968206,-0.0646207689566916,-0.101032905012384,0.152426284709592,0.254915093609957,0.54782929203792,0.487003814542257,0.524147775105234,0.416143741301719,0.143820178918146,-0.224398260624245,-0.272247717742579,0.31085807292319,-0.165492011291669
-0.406538967694637,-0.250719286644457,-0.25955507453756,-0.151324597922537,-0.113039290062227,-0.150674518526567,0.211108777771764,0.0172447683784353,0.0890732090933956,0.643983231090942,0,0.608900529899906,0.361670776112913,0.269509295430081,-0.0436975079800139,-0.344224314950921,0.269743138399007,-0.283879046261523,0.32211781872041,-0.314456951215619,-0.143568716470167,0.273313285745172,-0.217084144057859,0.45135559759794,0.227659410417088,0.487360953851984,-0.247826979428365,0.15673482223528,-0.120144017445442,0.0200553548495208,0.0348942470115977,0.106698635673936,-0.0961660838720606,0.00923263407861401,-0.0636654510411372,-0.132729981144189,-0.117838946929664,0.340056877288954,0.204034190403579,0.230390100851546,0.151088603965954,0.553433005422958,0.367561070965746,0.35089993815059,-0.0873019485573116,0.032759042073323,-0.0227139659374653,-0.172619503511963,-0.138066654052526,-0.11048971191032,-0.23207092570316,-0.0276560349130255,-0.160545534632502,-0.213449699132744,0.102782816955508,-0.0878998010738607,-0.0271758646917979,0.0907356529003747,0.565001704503443,0.782642571440625,0.536966110140828,0.295304451443339,0.126670760019224,-0.0558356860399208,0.0163610994197811,0.1202814005717,0.122430064765221,0.197244656605306,-0.17695678835098,-0.271489442829234,-0.279331570679103,0.137841529066738,-0.196556776888143,0.314893325521451,0.434854880245874,0.513985653875656,-0.0834358601941978,-0.0233763708843201,0.0553381107782536,0.0416072246434355,0.0266326046672451,-0.0315507166315106,-0.02516445942697,0.0888150595253117,-0.28775048615002,-0.120011454351719,-0.289161534154094,0.10675645767507,-0.133154548700768,0.341716297028753,0.150166550696779,0.255382212250536,0.231817084851087,0.480191421901806,0.390707723043608,0.321463289366505,-0.10197911446775,-0.180440694105834,0.209453112128413,-0.000925284917805765
-0.19987638176665,-0.0516361536037981,0.0703086501574629,-0.0128187642776183,-0.0811931482305769,0.114651268960416,0.438326330495582,0.0829851334476047,0.206936574315319,0.751207288012928,0.608900529899906,0,0.213168651596762,0.131005281002456,-0.00644735189235622,-0.081979939034522,0.277543780615466,-0.222007229069583,0.108838048892137,-0.209821114568101,-0.0230094469924098,0.125711038115339,-0.0591369909630694,0.452989223823763,0.463808882611225,0.574019405976831,-0.428871738944633,0.0332986720880421,0.00436185036065811,-0.00214302078359289,-0.154081871977812,0.264437478015844,-0.138377558471954,-0.0684432601683956,-0.256500633291969,-0.0252568306062739,-0.210755313127098,0.178290104294984,0.123454929314142,0.362911702063603,-0.146760954793303,0.343634617113265,0.168829266160346,0.0171188599727224,-0.220834178793269,-0.243394347236086,-0.290992794562754,-0.216832228161218,0.144082730062327,-0.340575456222411,-0.0192755355366931,0.06590189820183,0.0197373473581141,-0.0578150028375671,0.0653161434157751,0.241154766548118,0.0296217594476317,0.0905886535481608,0.675597393853613,0.694254254495016,0.819196422323792,0.241607345206842,0.163205167754462,-0.042134902902196,0.0210715400006558,0.153949904930449,0.310670941121317,0.131185138559749,-0.154751536261539,-0.177512717748344,-0.157421321629813,0.164532170633115,-0.0811302188391774,0.338864734567043,0.591320687328256,0.760099389638038,-0.0790424914412277,0.142209157501943,-0.110118405451162,0.197984343986444,-0.0226567746178574,-0.17948463371561,-0.182844636236605,0.0742578255993755,-0.233188084498446,-0.317378896629064,-0.290335468476565,-0.0735968592423768,-0.024065763066126,0.0605369420593288,0.0684906100947716,0.41070007165782,0.281420885895615,0.372629575483112,0.453648293562741,0.0246280770953199,-0.273285144630499,-0.286107040844113,0.324766441255234,-0.236618248068802
-0.295465417951412,-0.0701730607760079,-0.200278322222684,-0.0359517326279933,-0.042356851275302,-0.0236136920047704,0.00413317665696153,0.158736454018411,0.167249052686799,0.157007878738678,0.361670776112913,0.213168651596762,0,0.628790909239527,0.228165059430371,-0.213441826821432,0.391439036995606,0.0206238628627032,0.513443700361063,-0.089581727944109,0.0113963505564476,0.37396474086693,0.0459232052686517,0.193097194187999,-0.180785671667638,0.26276864538405,0.0391415722430966,0.0797793479917189,-0.0112002433970168,0.077885605960102,-0.0529052315858002,-0.324018126884064,-0.298470155224657,0.121556373905341,0.118541723689932,0.0940483486024089,-0.12243210254187,-0.0817095107205626,-0.203861516956595,-0.0787666738880715,-0.119629537777966,0.0990204029012413,0.0808243785764573,0.12316944420328,-0.00142882134774243,0.00595070285343591,-0.102874661249066,-0.0794185244601997,-0.118838762082255,-0.0627028598766101,-0.246882728727074,0.113744170286197,-0.0423227838927954,-0.0897877093101459,0.172412912737261,-0.143966685214425,0.170519739800152,0.261929016172354,0.18698811924981,0.387384628616682,0.346729031220705,0.754599193777016,0.590852543503616,0.312877580612667,0.357380386003367,0.178137715757917,-0.0771214965019742,0.54314978868018,0.00536672115335459,0.0529317291776682,0.0222036141760913,0.236076801689575,0.0453757798131026,0.0432049933386271,0.234275492555789,0.0689226643686041,0.101862065448126,0.0889092009176286,0.065310524069119,-0.301787821840237,-0.0786491640120705,-0.155875104786013,0.0223191989243736,0.152248004724976,0.025580513683975,0.0263644192203688,-0.233107736520441,0.131144541139611,-0.0181272171308854,-0.0521875165334936,-0.30063097227,-0.196658536096635,-0.176701517544718,-0.00059831659351614,-0.0372150141019647,0.0294732418632517,-0.10417940224404,-0.0345536389700624,0.149664434905154,0.0265054853920108
-0.179964478260336,-0.0660560243592006,-0.139229986361114,0.0290815153231822,-0.123673010413403,-0.03546126644419,-0.0291079920066637,0.186823607099546,0.229215838921078,0.120855551875858,0.269509295430081,0.131005281002456,0.628790909239527,0,0.55619627225569,-0.109660686376316,0.437848417959429,0.0377323559129173,0.677357938785058,-0.157437112274166,0.163705596638643,0.325996765965818,0.182580309070097,0.0623250854775725,-0.147902827971362,0.145106448554628,0.0839875529866769,0.0686300854205075,0.104082502558683,0.12711959706985,-0.0606158583151457,-0.22630877519663,-0.127878698319917,0.157765907013705,0.123339254885683,-0.00545881927137726,-0.139246954631338,-0.0491685481409489,-0.117398663638663,-0.0519064750230115,-0.144677150797022,0.0190501184193519,0.087649418616267,0.0562243911479977,-0.0662134015800457,0.0384807966902568,0.00900062965509761,0.085070787144058,-0.100200026820932,0.00054380302064999,-0.131393548603689,0.0220616220572309,0.10847120574054,-0.102369465783466,0.0439020497008748,-0.091084233787928,0.169807972996339,0.255652156033532,0.182813083396954,0.331893619917689,0.253271974024737,0.541605814725531,0.540251570709547,0.645290881487298,0.64654698830851,0.524107376947977,-0.144717231115155,0.617477886802659,-0.0211794143351005,0.0470196493118107,0.0892516201436708,0.168122246480805,0.2606767899166,0.0238628811108638,0.0856293897930693,-0.0104236794122638,0.125049930761353,0.133399142812789,-0.00647799108713814,-0.236865631237067,-0.156172958314158,-0.182658134610778,-0.0241480579763316,0.0806507636557331,-0.00157448960754668,-0.00974436557599877,-0.14508436245648,0.112531412743466,-0.150513485662919,-0.210552293841234,-0.288933851041096,-0.172717263444842,-0.14097888428222,-0.0276504491381186,-0.149755485342797,-0.0783413721077744,-0.130047151352405,0.0277040003751459,0.0700714026471312,-0.00961634946816761
0.0118669710709826,-0.0490685663776593,-0.0488819558041676,-0.0513581786942523,-0.158620269735716,-0.0509546989639823,-0.0717208502305624,0.0829778622300073,0.0822605291741239,-0.0538303772807985,-0.0436975079800139,-0.00644735189235622,0.228165059430371,0.55619627225569,0,-0.0208882127587571,0.112407248367914,0.177135429338703,0.311408951052728,0.054026459450018,0.487511390431179,-0.0920231790908214,0.384263557682346,-0.0150240469202609,-0.195214085147608,-0.0201279594248589,0.111355442148409,0.0399083779140458,0.454481431067329,0.2013058262836,-0.0250357199857384,-0.143524974112268,-0.118320718288861,0.0888739245749944,-0.0732513303537592,0.07776776047872,-0.0151791338253649,-0.147200525475738,-0.150787186059152,-0.115797525154639,-0.201080314198124,-0.236723087801439,-0.191846653734432,-0.192506937753612,-0.03216578648515,-0.0184421620169798,-0.0258976201667765,0.196542272735693,0.00780413040778041,0.0525291316113972,-0.0361513060482081,-0.110274877636916,0.0161406945623762,-0.0387667291028532,-0.169072522747949,-0.0148820733998171,0.0289249767021279,0.0758314256788208,-0.0626020652624415,-0.00566386283431062,0.110671247600136,0.113327913080924,0.442522544747709,0.574950225342288,0.601314163910851,0.696778278313427,-0.12083237109211,0.22219294122535,0.107895077288178,0.184758534489826,0.408948166111366,-0.144722584859573,0.414238834764701,-0.0942469743068109,-0.0973173902643244,-0.147569345722668,0.300410022202922,0.225352816334296,0.0455059831077782,-0.0928510330517813,-0.0833530629612364,-0.141934251036247,-0.103021944667008,-0.141361868710998,0.0640219135974944,-0.0474074042861628,0.0717376990663133,0.00580028500398781,0.048616115919468,-0.301333558959138,-0.280497454288883,-0.256616933482422,-0.159884336357364,-0.283274820430052,-0.337148874614175,-0.235788760738608,-0.052290469691326,0.129317849541862,-0.0401882169593641,0.0321314774460395
0.38177516852134,0.464095044865954,0.405056606548255,0.468278807408557,0.117716609347894,0.25298144757981,0.316288057600011,0.407284334089469,0.0815138036509886,-0.0601919771549048,-0.344224314950921,-0.081979939034522,-0.213441826821432,-0.109660686376316,-0.0208882127587571,0,0.0970987275010045,0.318117738692297,-0.0665779308242733,-0.0164214445687032,0.11089929953102,-0.026323414266922,0.25037084416253,-0.166836655819529,0.132625334458854,-0.171310056991641,0.0176587480637038,-0.19023021801644,0.159063485514725,-0.116545521079773,-0.100557753519863,0.210880602728341,0.158715208971837,-0.0735536520461054,0.0294105990969998,-0.0545626407835126,-0.103637534437827,-0.0329172279814404,-0.0293534852731481,0.242197367921735,-0.261459018798932,-0.275641360340788,-0.137380709710066,-0.413743564102224,0.0500798909169584,-0.182975944685095,-0.138958851743627,0.0564462831599873,0.31319589833352,-0.201726373802172,0.420980183823775,0.393346657150879,0.629806459731133,0.302177727049635,0.0398197200348743,0.2950188570213,0.40590402770537,0.119152753728756,-0.00773480877112454,-0.274014530948982,-0.107384506489864,-0.167871172262218,-0.140789513017256,0.0912467338381835,0.0263663694424762,0.0231451148235001,0.183182457325367,0.00451576806699619,-0.0741205762405064,0.344149463616945,0.096889726433289,0.0615459219763127,0.198261217860653,0.112142935339084,-0.000321216739749871,-0.0108452641029098,-0.0290834311957729,0.121458248704108,-0.204132659695495,0.106599681476555,-0.0714932753354053,-0.2203683279791,-0.10715014497127,0.0683229844458805,0.169031065111748,-0.208565665417467,0.0171753985715578,-0.187506434864466,-0.125248339199067,-0.383615975707637,-0.0934668564297557,0.140811959289342,0.0531891920912505,-0.173053076341161,-0.142606965766135,-0.311974467798643,-0.0771411632749023,-0.046827037037467,0.101146679650394,-0.298621979899887
-0.307416325658761,-0.0934056391973877,-0.0810422362475097,0.0583769891226081,-0.0682544349125677,0.0112853566181771,0.381820274298211,0.286824632151239,0.283062200021609,0.192060663465503,0.269743138399007,0.277543780615466,0.391439036995606,0.437848417959429,0.112407248367914,0.0970987275010045,0,0.253984021624863,0.607440885822832,-0.211557427710548,0.135194893339178,0.687059390752543,0.211494273698129,0.335240672117248,-0.0354336818610807,0.362831828547518,-0.0380449351168495,0.112918431190068,0.0579960282027103,0.0172500033622469,-0.129879184434101,-0.255466990716123,-0.241166591960677,0.458980574788313,0.382391607296195,-0.0703932750681075,-0.192824852967212,-0.19297308551382,-0.246871825795295,0.0148695393079771,-0.222786769360153,0.0878237655322544,0.198500211322813,-0.0353524109468031,-0.105175141323451,-0.173391267702296,-0.136318736135701,-0.07646505871899,-0.214097649516111,-0.389073607007372,-0.214797197438951,0.0269073837726197,0.200419424386028,-0.135412197354316,0.174623971374248,-0.0774619799099619,0.167852554145997,0.288502401294867,0.277088457178709,0.275046337113135,0.317638488660692,0.365951478198331,0.220217450744087,0.229445189044011,0.326457569668995,0.204070190705174,0.290727516238722,0.70559071816144,0.247040833826073,0.199077661078355,0.0373184912317827,0.629017850183395,0.287860116515084,0.0824832526745839,0.546530276052727,0.251260837292433,0.239498274875022,0.180769344350752,-0.0332615987184776,-0.294392820901389,0.31216065196148,-0.0826093924178996,0.143104072091222,0.538006451195149,0.200755817377935,0.136468564282365,-0.348800775020515,0.139181688797388,-0.169299270865556,-0.149599624215017,-0.358041840853017,-0.0145949037559292,-0.106432702674414,0.112204461705614,0.136374643133972,-0.122199049655709,-0.229052382399115,-0.091761464541176,0.0211051208514162,-0.342880220624201
-0.0253719324520742,0.179515022255057,0.00729420782548151,0.153806391740673,0.116873107634068,0.012010423511936,0.04913668257098,0.346562787241629,0.163476567541332,-0.318051764237101,-0.283879046261523,-0.222007229069583,0.0206238628627032,0.0377323559129173,0.177135429338703,0.318117738692297,0.253984021624863,0,0.111946279582564,0.429017068119202,0.338534726153732,0.245157296853591,0.144502183374105,-0.154598928475025,-0.303493442185958,-0.0787291793976377,0.0113567467800156,-0.182483119707989,0.163872335756117,-0.266754079201092,0.00930209908470784,-0.355949744601221,-0.24553604191575,0.51116143089359,0.244119547865405,0.46443035034364,0.158848621767839,-0.487373669497392,-0.492392015432836,-0.394000643028339,-0.194495392982882,-0.286458246208452,-0.25789675565075,-0.266748773487131,0.0470114104903752,-0.307768228769304,-0.226319280293208,-0.0911374368474348,-0.00661828968318879,-0.0204499540603681,-0.0899085846516548,0.175839213254903,0.15671271395138,0.212659230212911,0.0841878465257001,-0.163818719544265,0.292774174598725,0.309198901325057,-0.28797250698342,-0.302603410630813,-0.193569648789297,-0.0229124289169438,0.0863975047686623,0.0651343248915814,0.123304137710728,-0.114019228977213,0.0540562702149956,0.228346977254868,0.474454870615247,0.686725431599162,0.46894710680791,0.22013081768159,0.128861033633476,-0.279027618060627,-0.00780103533790929,-0.293538309429721,0.220034949774076,-0.0492509369013192,0.125434543719023,-0.322763871733352,0.189706330111265,0.0486669835519159,0.133750853791286,0.16397219275462,0.22386283910697,0.0896037842028413,-0.0128297527747239,-0.123972130742638,0.387752792037423,-0.310519269766277,-0.455758642997742,-0.379004378992888,-0.447617995168912,-0.312287425330418,-0.237702685527999,-0.326805604023325,-0.25592105682324,-0.0900606068314814,0.0455472197277989,-0.0180490790922586
-0.388884541753808,-0.108855964270346,-0.276394985223255,0.0339203986205676,-0.10443055135734,-0.123761531465924,0.0602516916598329,0.249219674617146,0.197238192974241,0.125578620725104,0.32211781872041,0.108838048892137,0.513443700361063,0.677357938785058,0.311408951052728,-0.0665779308242733,0.607440885822832,0.111946279582564,0,-0.18812590629218,0.151194108749448,0.479181494619403,0.0265047647291431,0.0645454338091784,-0.198416018342555,0.101617025577277,0.0366298966038183,0.0521420656877385,0.0568024824950582,-0.0169711536263935,-0.00909527060625175,-0.277673066765391,-0.116187460474476,0.37272892440633,0.261898480868227,-0.0400850019418986,-0.0434543473836897,-0.0209723109421948,-0.0887655618928839,-0.0225853024573563,-0.0120839712250434,0.136490468139193,0.163186289849493,0.145327325826286,-0.0413124123963328,-0.0122568897176612,-0.00272311759904242,-0.0469614476836641,-0.216920979019004,-0.0316116203713508,-0.308403267589204,0.0425964399468334,0.135280117000007,-0.150397902303743,0.119440396717351,-0.228914554058461,0.194299061146212,0.238123266031699,0.152719956579189,0.306783187661465,0.153437592206877,0.411176977900357,0.237498099270962,0.383705424993661,0.51806253723608,0.337266449486177,0.00398548353969183,0.746303740196397,0.162258115339682,0.105745087108025,0.0807719646406713,0.333295787978185,0.174730102580529,0.0284302918328953,0.160013559522783,0.00103892311576149,0.156140916399157,-0.0409195447182193,0.050942159083057,-0.299309283110733,0.0420533285025116,-0.0667435393648035,0.148572373019237,0.260014297210989,0.0263516860280889,0.084776377586783,-0.233752793050053,0.0982970567329097,-0.144379282822733,-0.0418670816773514,-0.200357006722008,-0.118766002498706,-0.0925571170726673,0.10340077421243,-0.00803026320295315,0.0293721434621748,-0.162333641218922,-0.0473464840420723,0.0463489069685736,-0.0292363754878273
-0.04363104013602,-0.0497558025459398,-0.122442242735436,-0.174660879602621,0.0118561879260747,-0.143566147613097,-0.25542155562072,-0.251440446021886,-0.0669585359707213,-0.331049992987025,-0.314456951215619,-0.209821114568101,-0.089581727944109,-0.157437112274166,0.054026459450018,-0.0164214445687032,-0.211557427710548,0.429017068119202,-0.18812590629218,0,0.202509491424134,-0.247267967963226,-0.107952269195942,-0.320999702835576,-0.231879610117147,-0.202571321359735,0.066229151101772,-0.0448089384128607,0.141167831443163,-0.218519723089835,0.0822734211483461,-0.239575903442808,-0.067651223431056,0.212995205193989,-0.0204376285496254,0.526542478970034,0.465551501766106,-0.193254634219711,-0.222948092875339,-0.33391441097345,0.214052829430507,-0.175035745046084,-0.256105081423846,0.0858971782485537,0.0472895523302977,0.0105151004114835,-0.00764751101237568,0.0645259287945411,0.194680132990191,0.480138580586373,-0.114422169429887,-0.0602412583490561,-0.0824340006127353,0.210425202622308,-0.2191364571942,-0.202058279790375,-0.212920743625057,-0.107791808246971,-0.338446269070668,-0.261787637497061,-0.195859871940895,-0.0936451946260838,-0.0317075604501402,-0.108537795967104,-0.20199245697543,-0.240386079410031,-0.133410250366191,-0.101163196746167,0.195780408508216,0.24862184803614,0.433027767793066,-0.22199444641352,-0.162959947525773,-0.40615097597551,-0.344057990563745,-0.321529250552161,-0.105656007531558,-0.277658462039112,0.191759568961975,-0.18876791577351,-0.217600592061273,0.263256088324139,0.177020163129612,-0.222483618973722,-0.0994482372806132,-0.0327537252369127,0.255648513020473,-0.183421536004535,0.457832614947134,-0.0476334717555626,-0.0526295140351145,-0.311825274350701,-0.266461457744835,-0.234879308735672,-0.214790229058099,-0.022146498973815,-0.0323945163983991,0.0444295664746972,0.0412869988798468,0.386418842409505
-0.0630123057095679,-0.0971615539033411,-0.125046655208937,0.10952931006204,0.0116002470190657,-0.0204221928796653,0.0752212999433855,0.179524645540241,0.187099006825945,-0.0730615882721642,-0.143568716470167,-0.0230094469924098,0.0113963505564476,0.163705596638643,0.487511390431179,0.11089929953102,0.135194893339178,0.338534726153732,0.151194108749448,0.202509491424134,0,-0.0692929714910054,0.39420503025669,-0.142797214823751,-0.168686203060368,-0.0473961915265744,-0.109928158100712,-0.303988571526872,0.606337052744984,-0.247572958142673,-0.124861897392353,-0.127070764881229,-0.0446281391144305,0.214415152318571,-0.129272493599935,0.112684379252835,-0.0337109183581965,-0.281954545072114,-0.427712477217658,-0.202050880530054,-0.184738751533877,-0.304491410763223,-0.423032419693818,-0.379293415398096,-0.1886040256071,-0.326265579005338,-0.272042016789571,0.0346307855568679,0.0833884475053665,-0.0096672756877216,0.0424375798209141,-0.0634932656209705,0.157056436378236,0.208544295696061,-0.146847149936392,-0.0482533955365688,0.094552979482137,0.121322304608749,-0.149850801833795,-0.192597364474134,0.00968103378865224,-0.0993919686967172,0.0361966140630881,0.152660434611608,0.304026379494991,0.300165637131563,0.261569827969787,0.112784409499904,0.344811910208919,0.469283178477099,0.761093419133763,-0.127411215312128,0.375652587755044,-0.114949357865812,-0.0555096806013427,-0.136380657120722,0.365798361575628,-0.0204929033855959,-0.0243588684060373,-0.132162676424991,0.0926126642364441,0.0606031860813554,-0.181061080271087,-0.0435465268209609,0.0718554432626445,-0.180475611298265,0.0546981839556448,-0.308388520281633,0.165899568143185,-0.221785782514521,-0.152151865759893,-0.221498998456888,-0.25879942447215,-0.299754245595328,-0.257377207184363,-0.405616629711052,-0.265946980156022,-0.0524801235214788,0.044713718402132,-0.0568885637976629
