0,0.0782112865586321,0.457878172826299,-0.307095509468804,-0.0291551624153146,0.389452209109845,0.109805713847591,0.0253029843836491,-0.0378780260815766,0.269215712598681,0.0405043233081828,-0.125371820548782,-0.222980375680833,-0.3692490134709,-0.385239178524024,0.138897857146223,-0.190200180651742,-0.162590351650163,-0.293631096750277,0.00181977749223481,-0.284651334156719,-0.21447658196624,-0.330273254395089,-0.0959279833234375,0.210793104942905,-0.12582248968019,-0.225914077627698,-0.256788695657705,-0.164076890895991,-0.440079569047914,0.0712591770988193,0.33494256424717,0.107835131827068,-0.23480547190567,-0.24080959475055,-0.31144498883173,-0.00734950398811983,0.292219309501083,0.00749829879172725,0.0938205887494252,0.0799249002750853,0.00942032566386917,-0.0369933935783387,0.127794870223661,-0.0858758726657872,-0.286239295715368,-0.349035845091282,-0.30583994461766,0.449057001736986,0.13708341012625,0.733967563957523,0.371341787474885,-0.250085579333495,-0.31067595885186,0.434017500679271,0.27080108215097,-0.0439397353638201,-0.0468017305633045,0.23492304522071,-0.0640270809242232,0.0238141391478066,-0.229161929567554,-0.286355034435584,-0.362964872038433,-0.385228506377009,-0.378275630852604,0.167227680767954,-0.275087175439339,-0.222756608118259,-0.258154670815951,-0.0410867524495499,-0.231765845005782,-0.324553516685075,0.110853026802698,-0.124528761999826,0.0199656429477816,-0.157572918870668,-0.386025451366576,0.228730692818761,0.325708994892111,-0.17453256394944,-0.00696829271247619,-0.0921703094873334,-0.184867360242766,-0.293005464294207,-0.369118700107945,0.0239227563035772,-0.268256768131244,-0.0401256766589314,0.0812935438857976,0.130614863297742,0.323964600848777,-0.0760931571316315,0.156916900813033,-0.108709951379494,0.261387201834957,-0.260849855743588,-0.297646146382832,0.504721819028556,0.256066960887847
0.0782112865586321,0,0.293569181465492,0.645378112192032,0.567174643858931,0.421329843652806,0.54934705563372,0.730365212581492,0.594107430179568,-0.103879459452406,-0.12929973820502,-0.0539403146167928,-0.175397386822943,0.0229021463644948,-0.0541179249724259,0.679436568639053,-0.0553599601848256,0.394886719868993,0.108007294813419,0.245783437991988,0.231897675113296,-0.170268964979059,0.0228147734148906,-0.113673484340287,-0.222986972720203,-0.246319832960973,-0.0211952010787302,-0.218845164182633,0.0424418251004411,-0.120851825016451,-0.13805036063808,-0.0122154305183176,-0.0896466067484945,-0.18238291393134,-0.120928088168856,0.221549031266077,-0.229006782340726,-0.280942757272855,-0.0464152063946055,0.108165002134702,-0.425719271723315,-0.368687817572974,-0.401860990979475,-0.43218178778739,-0.222597291625651,-0.254230115705562,-0.147293621630996,-0.186383859126102,-0.0984161019956452,-0.369325229647169,0.284856661778723,0.603230352926447,0.691371268193984,0.618664141748385,0.475756420146637,0.380397705671822,0.713392641500949,0.655149336203977,-0.181183422027561,-0.216685558309501,-0.191322864188901,-0.166957405398125,-0.152974447705327,0.0977216686770553,0.12299619440443,-0.0178773695873704,0.265219868296005,0.0163133441446603,-0.203361836895871,0.45575886964877,0.317381470672025,-0.0803780171494196,0.00153098746377615,0.0755505428169879,-0.000841544126389493,-0.291755308286794,0.171281078421832,-0.0441053338167111,-0.173931973176024,-0.128059683890308,-0.187776641933741,-0.367997205639374,-0.22516425519386,-0.107587966642826,0.017221046130426,-0.224887184228498,-0.0812407902837938,-0.0569607736039578,-0.142431389304716,-0.198850800792601,-0.158793998883873,-0.279757702284475,0.0306090943507721,-0.339297859588486,-0.363641173401631,-0.385310839061597,-0.190267063242801,-0.128026942636247,-0.0623960205454027,-0.404011734450909
0.457878172826299,0.293569181465492,0,-0.253317407078516,-0.139443936417766,0.497285401883199,0.537769554711359,0.388926914951502,0.32526848628961,0.211671937828589,0.172674062755172,0.226604946362357,0.093802371438016,-0.173751377917045,-0.191482016514889,0.355219098953231,0.19499077177875,0.324865492595691,0.0783836053523159,-0.161979087202699,0.102826170515198,0.129211165298568,-0.234842621989936,0.231583217348308,0.34645814488565,0.135365713053646,-0.162310338187431,-0.184166259220932,0.0819733846417022,-0.273709321205132,0.176319096980987,0.0665245976090738,-0.24187212314558,0.0420997721384052,0.00595885817015313,-0.10866439516999,-0.232315824116006,0.106815865586158,0.0750879292873109,0.364883971875934,-0.204201014012599,0.258034015506827,0.123034446856993,-0.235090057960589,-0.143621992924896,-0.360774235139841,-0.392495261107805,-0.334144676205925,0.15088270201383,-0.164666306707893,0.539343740816222,0.677306308584735,-0.0387336976016449,-0.281868595470911,0.40970456916603,0.649669000363955,0.337212101249188,0.377072553951058,0.287810402290201,0.18703136850448,0.326171162588549,0.0457624233800409,-0.0833999872357551,-0.182228215321348,-0.0466804301437851,-0.202628144438834,0.268725677411095,0.098848895968832,-0.0167441058473404,0.171827524137852,0.283398814813857,0.0954302298370102,-0.158320758148758,0.435435215929799,0.241849165386776,0.241211235624029,0.0699200075659499,-0.218687531647468,0.234625394284369,0.0224406941824918,0.095610088423662,-0.375470076540135,0.10910833729699,0.0183543396323897,-0.123749542550199,-0.2843792246679,-0.231237590697887,-0.226453910123961,-0.204185015359373,-0.0371248595169537,-0.232098748889447,0.464833973285972,0.0214995596903977,0.250441188402272,0.170299371174637,-0.155747030121964,-0.37488859174894,-0.396150215781203,0.234874164115992,-0.0561654667658405
-0.307095509468804,0.645378112192032,-0.253317407078516,0,0.652226081860173,0.130473982036638,0.138026535378626,0.487736431936946,0.402148617061696,-0.218123537790124,-0.317432847908512,-0.2313611451101,-0.27458320058695,0.118098103177142,0.0633771053819263,0.446708327626539,-0.196876554182094,0.173585508977314,0.070601816094522,0.392243029212437,0.202136979294023,-0.246603390012167,0.160060555501509,-0.327081087513339,-0.4735563993952,-0.334594743123557,0.077988451399366,-0.0725984404640532,-0.00895025247424347,0.0940245728646217,-0.282075892706283,-0.102046436583885,0.0205998429599714,-0.187226505846219,-0.113604937204492,0.310296170375235,-0.0973198509377226,-0.296421226658548,-0.0703731519387573,-0.114008386257313,-0.320048414090763,-0.522792034801782,-0.51613114070968,-0.299050542763917,-0.0783621276251318,-0.0368097245765144,0.1065266277039,0.0322913432268805,-0.192527640236935,-0.202301320569275,-0.0927928355108734,0.117780598437007,0.785960441513838,0.887924434769335,0.156380720255671,0.00921066055369045,0.512096277102011,0.398913458707567,-0.363069066756215,-0.399125019553779,-0.447495698886854,-0.220305778399805,-0.167545131327244,0.210270969780844,0.17206952272645,0.112423092176189,-0.0149138110460568,-0.0484656769634111,-0.191345130081968,0.37445585962473,0.128436130165071,-0.18474910785511,0.10774663980804,-0.242374981679042,-0.234418540814954,-0.477670556238733,0.0831468923539859,0.116793786086153,-0.34237020258918,-0.201677995215968,-0.310827044682224,-0.119954011444203,-0.274328154689092,-0.214871742633818,0.0958813646109506,-0.0500805352884807,0.0548666863827275,0.115461101470329,-0.0382341586405269,-0.243133124379684,-0.0777236982916653,-0.60611367718718,-0.0198933775873516,-0.569924447915177,-0.465940553544224,-0.336376966273705,0.0159712984405146,0.118222670141984,-0.243776134085986,-0.328305023354724
-0.0291551624153146,0.567174643858931,-0.139443936417766,0.652226081860173,0,0.311199327664637,0.0811458346439947,0.427238330714135,0.293287132657161,-0.249642851386546,-0.307567378591717,-0.319988249941975,-0.408277490734228,-0.0452884319962755,-0.148849655007334,0.310867308890179,-0.307987211344295,0.149463466583607,-0.120605216071804,0.505696256445529,-0.0351199375516361,-0.311284043165676,0.0452258458049054,-0.34635635239031,-0.43525918134924,-0.352084469763286,0.0149964679712462,-0.176493718177759,-0.115954461359311,-0.130681790290086,-0.236667904725805,-0.109552309769227,0.0647381318502836,-0.225872318967894,-0.203937044238519,0.228291326833521,0.0112047880569295,-0.346029311510437,-0.2209694561493,-0.207254210920021,-0.105294655383844,-0.450336377370082,-0.35425110431379,-0.0379004259710844,0.0212317634467873,-0.0754887146112725,0.0323228596705672,0.00469272867148286,0.0764793119681832,-0.077125287936964,0.0376742914472625,0.126784151852459,0.494829245557776,0.621638304495463,0.452007041712362,0.0374122587732886,0.312792614208547,0.335092265718492,-0.353029922582468,-0.433199384606462,-0.432054751018735,-0.315469907626017,-0.230374302054541,0.0740916686988266,-0.00813635962434981,-0.0933336251319304,0.0606416784706938,-0.180958277857314,-0.106441626750474,0.300355884676896,0.0618434036417184,-0.253425173520364,-0.00661535784070725,-0.30995899947783,-0.27510725146496,-0.41574115572184,-0.00586069194490302,-0.0486175147469166,-0.180438794589476,-0.120981336295409,-0.238740286373578,0.0188355598684635,-0.191592249809258,-0.132664413456042,-0.0257673298013404,-0.0548064893073474,0.143355650441808,-0.0238568557371531,0.129115664887592,-0.118850604758699,0.1316805497559,-0.457083252381867,-0.144515775384851,-0.381634686966316,-0.372502695552298,-0.108348467514565,-0.00720642669060618,0.0790112153681413,0.0179482654030602,-0.135219101224967
0.389452209109845,0.421329843652806,0.497285401883199,0.130473982036638,0.311199327664637,0,0.369190411265055,0.514760866927326,0.574338081321062,0.10087018764825,-0.0472828372643262,-0.121247705226926,-0.149714413420266,-0.163386838139091,-0.183357001215233,0.370637900150622,-0.0887621782245294,0.303234343942568,-0.0711557696767696,0.256377663482071,0.0600612917367214,-0.0863378618450736,-0.147081240694838,-0.113302690564187,0.0172745500902696,-0.115224885730567,-0.177215577577297,-0.189589999892623,0.0228416686705311,-0.261757074540841,-0.038737537839836,0.00799870556174931,-0.118717353442655,-0.0535597505901155,-0.0896633251163811,0.0408593646249159,-0.0677846201154937,-0.0521961282355955,0.0343535195127334,0.202462918787565,-0.119468629118237,-0.136904546823512,-0.136225327621484,-0.175777878950299,-0.0643705735142763,-0.379167860089732,-0.239807803085991,-0.303941902170234,0.43380034636553,-0.0114798253269406,0.458639918898755,0.521793668344303,0.229543683758924,0.0968506335021279,0.700912283065675,0.7680735958453,0.441983469683338,0.51494546831627,0.0541889880322934,-0.0963752711176069,-0.0807404473453513,-0.140921800032151,-0.210831722421883,-0.0825414468907737,-0.113727736908109,-0.162091428518479,0.288445172534215,-0.0999433080631148,-0.0457367006363582,0.340582084469691,0.292994359980935,-0.108465807298207,-0.15463712284447,0.131032487085056,-0.0810409944806724,-0.102230712386083,0.0845461675910587,-0.225245006694022,-0.0259889121271021,-0.0266224470624718,-0.14506619977913,-0.124691963514677,-0.0593126343612553,-0.060578794870954,-0.130128785118755,-0.284920428086844,0.0606192480048724,-0.1897961004645,-0.000416252860232115,-0.074856326769885,-0.0495128191611617,-0.00336954478119006,-0.0319820435204319,-0.105682357163159,-0.136084080174369,-0.205363220934432,-0.361863316234448,-0.25500715463244,0.468268125417202,0.0194241563288405
0.109805713847591,0.54934705563372,0.537769554711359,0.138026535378626,0.0811458346439947,0.369190411265055,0,0.624222351229101,0.547668624649516,0.0479427452842749,0.156685630714128,0.251412059260138,0.132169694557839,0.108797414437886,0.0932184936327437,0.5299419404102,0.238146102517143,0.588455482114364,0.220218017921998,0.00796816637574479,0.340107582416463,0.125519635381934,0.0394833348390624,0.222942394806141,0.151568880987543,0.0927479418530788,0.102302243606271,0.00358130031127717,0.227673652102702,-0.0542875841565763,-0.0313817027936618,-0.00166147639507493,-0.201912316639616,-0.00128285841133686,0.041579318845257,0.254773097186578,-0.240561192222148,-0.0592089872521667,0.0416846097751204,0.410928426777292,-0.31766906305573,0.0499128488045258,-0.0885088060117161,-0.392444466837481,-0.109592175771153,-0.178081180349573,-0.157003734490993,-0.200528459999782,-0.114922868750276,-0.395774603384448,0.24142180100653,0.598154561587792,0.343059587531708,0.10375871076633,0.347360339034139,0.529039305039288,0.606908101898601,0.637092285964989,0.0221175708783184,0.12495032027414,0.201360414964044,0.111704902040259,0.0464249713691213,0.105169686450326,0.205442179417798,0.0663195611030466,0.521211019380054,0.222157909057203,-0.00447749914895978,0.426513451632271,0.464942756793112,0.183942960156868,0.0401024024841955,0.435085955890208,0.331232953109618,0.108543202623746,0.30240174674106,0.0953302460075881,0.0158978886635432,-0.0543735971450652,0.141475134353174,-0.483215642336705,-0.00909289856074761,0.123532891906008,0.175297194193063,-0.120248122010685,-0.179240176905265,0.0647980631267514,-0.0741221973256269,0.0354705970564511,-0.1837206962745,0.138269992071969,0.181616894742684,0.0552357399552754,0.00831132691179251,-0.280561846677279,-0.0988107371486264,-0.192247036041872,0.00958400086952427,-0.328345826798661
0.0253029843836491,0.730365212581492,0.388926914951502,0.487736431936946,0.427238330714135,0.514760866927326,0.624222351229101,0,0.692535264953598,-0.0676941918774076,-0.122400159694662,-0.038813206415265,-0.182032742960536,-0.0462229332788511,-0.124117535166183,0.6422197450495,-0.0680273828850279,0.551240015801492,0.0743926156795151,0.238668655658634,0.211412979692721,-0.125282899015196,-0.0464588101526035,-0.0997342317439747,-0.143671409299357,-0.180590262438768,-0.0478173286038068,-0.173599434547472,0.0388841979705496,-0.141366002647892,-0.0230779484985363,-0.135701030302077,-0.282446400125952,-0.161115275077864,-0.114874013084385,0.297756501489124,-0.262033162915672,-0.278984633851845,-0.110629546339033,0.090604422598281,-0.486480196219958,-0.237314750716812,-0.329085479060206,-0.371103215300776,-0.137907484374108,-0.289825808062822,-0.191589618026082,-0.259234076295704,-0.0923454250355431,-0.330231125398878,0.212693484945284,0.530278661870605,0.601616131111643,0.414314334778332,0.48004695188231,0.511271654440011,0.813338456758212,0.771001106060313,-0.124801655193901,-0.171245461290838,-0.149377099547178,-0.179977978544399,-0.168854742040752,0.0255147986821675,0.0886782743932629,-0.101444041381012,0.277930660720618,0.0437364084692229,-0.120485964852011,0.60986140255063,0.344311533935166,-0.0369961438511771,-0.0433163182586392,0.0887103382315609,0.0142878136804754,-0.20476962394434,0.131539978818329,-0.0511980754409246,-0.0576107960832238,-0.209226714711093,-0.106541686702927,-0.381252183886414,-0.101097005380605,-0.0552846773819784,-0.00767991998267829,-0.200117516342622,-0.100250629451496,0.00102664800653327,-0.0898188207511671,-0.208302812811636,-0.233234860813794,-0.177942608874665,-0.0503188697167289,-0.220786322334946,-0.235432298365162,-0.361554005279116,-0.255484057189874,-0.233473538074527,-0.0544577848643275,-0.355837509173177
-0.0378780260815766,0.594107430179568,0.32526848628961,0.402148617061696,0.293287132657161,0.574338081321062,0.547668624649516,0.692535264953598,0,0.0287066920905425,-0.121532101269004,-0.0409867582611396,-0.0931433642931412,0.0409237955223158,0.0443471757019531,0.436280642707472,-0.0243581334363961,0.501048204608918,0.0715459018752654,0.166400583820608,0.275288981291951,-0.0676762984391828,0.0601383646769195,-0.0308946615331914,-0.0954280192242136,-0.150089628788248,-0.0308657769390561,-0.0501901807948281,0.0308960939846123,-0.0175553363521211,-0.02166748580136,0.0121168648645678,-0.104930317992263,-0.047016499051721,-0.0866744310577374,0.372551016879082,-0.294471741626534,-0.205841035431709,-0.00728369393769644,0.0882498310045844,-0.316269064956673,-0.260943917550635,-0.350781882115834,-0.36291979445524,-0.126096892815775,-0.241887620536477,-0.0962439212822669,-0.141134407699388,-0.0863749317801859,-0.363171631095947,0.119241297157282,0.400647796781347,0.513695192326896,0.378585432758012,0.509638832229753,0.552591779140741,0.721110429251692,0.838091363646813,-0.072089195492788,-0.132240803709498,-0.119318784881142,-0.112586858773338,-0.0787817904451208,0.0861001268344488,0.0815976253559564,0.0477547661792806,0.369615308750654,0.00126687896304897,-0.143116463559819,0.471611382526396,0.337165133890003,-0.0213811976945648,0.0572657524861999,0.0754794337016983,0.0435189564890938,-0.187502771930594,0.14286047337483,0.0407280876373793,-0.110396241439598,-0.0991745195521672,-0.0840947153150561,-0.36768574809959,-0.188736440787712,-0.0414265951621069,0.0246725844917953,-0.155370114586768,-0.14599397099386,0.0205625796518435,-0.118281211478925,-0.162606760746159,-0.196702080930876,-0.20832878738048,-0.00155852086759113,-0.29435450021926,-0.328267284706825,-0.388008907498377,-0.209677154961675,-0.147412632495173,-0.0204918847534846,-0.418298088856534
0.269215712598681,-0.103879459452406,0.211671937828589,-0.218123537790124,-0.249642851386546,0.10087018764825,0.0479427452842749,-0.0676941918774076,0.0287066920905425,0,0.362621261252251,0.420329996060009,0.0711693075293123,-0.144589910414261,-0.0830831692677045,-0.122721644239273,0.133413082157433,-0.125944155647709,0.0148460322217827,-0.133152428410121,-0.0289492581373105,-0.0182944987884855,-0.177308093941694,0.426322793612361,0.538063577187651,0.10220756239553,-0.142541523208618,0.146097114756514,0.063259558975578,-0.20513819949675,0.0452933982195742,0.0433761896140563,-0.0986637284203856,-0.0238130521474313,-0.117394550737802,-0.147218001547621,0.0268964120897805,0.300782346876679,0.22904451524113,0.419276748817801,-0.023539516723996,0.240201396285436,-0.0921140088112128,-0.0164131587991331,-0.115674944570593,-0.249392982305615,-0.196746728366829,-0.187635887394003,0.0573473708440303,-0.0334695510013934,0.197181014869324,-0.0412370511738836,-0.207322277763255,-0.182527983921152,0.173196863858122,0.179369128290198,-0.0854561456537002,-0.00523708949604828,0.739034650394006,0.222015837539498,0.309669595897255,-0.019652885908714,-0.0624515852241141,-0.166361761750524,-0.198305025171555,-0.11266410641889,0.113647495941537,-0.0498750594013664,-0.171788145906015,-0.243609266780552,-0.0217113542336153,0.0111076732472038,-0.153889001549437,0.352021163455821,0.243050780096055,0.218399930566516,0.0888731567678413,-0.0577911451864532,0.0853078176610581,-0.0127444195096902,0.0341809295316131,-0.095691774499884,-0.0488976622450602,-0.00480725201424436,-0.0787889010200386,-0.14449572281504,0.00974713131339044,0.0712845056881,-0.00909293088646132,0.298266398888629,-0.111149263067929,0.347098948110345,0.437609751796917,0.33824975221418,0.0475102994592862,0.107319453186409,-0.171754754595521,-0.188058256647676,0.217321369357674,0.0780328811969589
0.0405043233081828,-0.12929973820502,0.172674062755172,-0.317432847908512,-0.307567378591717,-0.0472828372643262,0.156685630714128,-0.122400159694662,-0.121532101269004,0.362621261252251,0,0.708392260918147,0.598407174224192,0.397794366884581,0.292980332591255,-0.162925813235233,0.658571826049534,0.207947758601182,0.529125514830076,-0.250837146196377,0.21880882829206,0.576740100379536,0.263136389735183,0.651622798834881,0.541530088470894,0.671835585953722,0.184562492538447,0.419686537801316,0.604006925381718,0.136347326000964,-0.122680906339633,-0.318764362920676,-0.335401098785988,0.419105768589688,0.446427055636657,-0.133763459794169,0.334806256836308,-0.137685981085769,0.108062442031391,0.361439678891677,0.0568373781816979,0.552417558550277,0.48794152526741,-0.0244091658106425,0.0780296177299118,0.117324340371317,0.177882423799255,0.0867850583538753,0.0814430006185391,0.0457726355860798,-0.140096208880762,0.0347081407341812,-0.370638180498291,-0.237917349841541,-0.125474114315666,0.127816364137381,-0.177204630734973,-0.0861287376755911,0.519401791392012,0.768207284517461,0.713575948673008,0.547068924515429,0.503640495305565,0.338346696320173,0.316559192941041,0.294427042725101,-0.0378378546206176,0.571988630167217,0.328494025406621,0.00699552862084963,0.178691223923958,0.570303563429769,0.26648205003203,0.348858260226154,0.663420466922669,0.661025042895136,0.538328095569339,0.281757836043896,-0.173734166916625,-0.325199169404415,0.438357525249272,-0.104445654487427,0.128510522921183,0.430101420601116,0.150577187027755,0.247839772259283,0.228911198109928,0.229947527983536,-0.00921588472929494,0.24320309715536,-0.305572421760718,0.357626437083789,0.230221463904229,0.4555527795656,0.516568841901838,0.0674357075895114,0.130531244607965,0.116275884388141,0.0967697309653922,0.137422699877692
-0.125371820548782,-0.0539403146167928,0.226604946362357,-0.2313611451101,-0.319988249941975,-0.121247705226926,0.251412059260138,-0.038813206415265,-0.0409867582611396,0.420329996060009,0.708392260918147,0,0.632406825556028,0.372710044905957,0.392045613925416,-0.108271514594757,0.669750986265094,0.248865650725826,0.529341437256987,-0.298149051067893,0.308237476933052,0.53538714658355,0.232066411985809,0.772243366256734,0.518418809740597,0.567670538577044,0.148577042278451,0.422599531638101,0.513855921376086,0.198852981183245,-0.0358506103952773,-0.327605536832544,-0.419876373786139,0.324927334765363,0.343780420094311,-0.0345981859741628,0.0775601113780806,-0.0877728752368749,0.111177950212889,0.4467668800753,-0.140803932278395,0.557547857939224,0.336010170781401,-0.199151178459976,-0.113497024159335,0.0034727333079199,0.0624801599920324,0.0442204980565993,-0.108923164040842,-0.185720794816374,-0.168778726060885,0.0514054018473313,-0.217840399426166,-0.182230432545697,-0.197721436000194,0.165885433505061,-0.0748618063342674,0.0275568004014661,0.558561654443096,0.666557248845703,0.784081799518488,0.565983081588355,0.490015968411157,0.329690539915746,0.335007126841121,0.364334555311408,0.0721528889612223,0.549139762269249,0.1835666372752,0.0517744234104116,0.230008260472173,0.557731671605234,0.244150131678129,0.521125118446494,0.750293766904933,0.563779191114638,0.512291500656796,0.333418834179738,-0.084835368525013,-0.374038185829322,0.403600449123292,-0.331355116272701,0.0981931851742559,0.344099825617076,0.159943430331194,0.186177020116585,-0.0191058475859945,0.264927233665556,-0.1026160085757,0.217531991846246,-0.368516421801779,0.340587997474953,0.387276762495211,0.484752163329432,0.466712497884436,-0.0514193877419185,0.0458368378702086,0.0452968011223975,-0.00929866805168662,-0.0737746193390593
-0.222980375680833,-0.175397386822943,0.093802371438016,-0.27458320058695,-0.408277490734228,-0.149714413420266,0.132169694557839,-0.182032742960536,-0.0931433642931412,0.0711693075293123,0.598407174224192,0.632406825556028,0,0.690633528535861,0.64975044074904,-0.212435856016225,0.779621357571359,0.343837423993192,0.671571999659977,-0.306635490987529,0.336120053139906,0.772643610625243,0.521295918691794,0.552855592677147,0.248600504357021,0.600484875208128,0.355498777511342,0.57377901839351,0.657524140986615,0.481695138060228,-0.0510155259985129,-0.345222440045262,-0.338474409895789,0.51142175409703,0.647874650562758,-0.0103802288384002,0.176937386933123,-0.151048750465511,0.182844565185207,0.370316417690844,0.106811703303025,0.544191903507944,0.518885779910055,-0.139016735350919,0.0488086981855037,0.325408307532336,0.392919693961469,0.368761574418826,-0.0238747502701775,-0.0473189195756969,-0.290297365639103,0.00650134910219332,-0.274214047129795,-0.205190791551887,-0.334462676165962,0.105986845757346,-0.130307965568585,-0.0577102093801569,0.217384564127181,0.671956361114853,0.622343806346562,0.874862811725972,0.78276902937007,0.595789996527212,0.57238673117129,0.645031394326715,0.0855708137273272,0.698595657473222,0.444808426261875,0.161620493587085,0.256838788788079,0.732832545739166,0.538213172844775,0.394221970958746,0.631026635133696,0.465626024486766,0.599372254594501,0.522728073195207,-0.191861398333468,-0.376043871292605,0.486973478566466,-0.0932173585778833,0.222737957881711,0.474030777525501,0.366965797562315,0.52163181764842,0.075762566101283,0.364545505059296,-0.0179286383655945,0.204849971073059,-0.363432418567548,0.210217776674137,0.285145555013837,0.369286515404611,0.458713635662506,-0.0612303185972386,0.330025298177615,0.383950028704635,0.00438653278651616,0.029074989941108
-0.3692490134709,0.0229021463644948,-0.173751377917045,0.118098103177142,-0.0452884319962755,-0.163386838139091,0.108797414437886,-0.0462229332788511,0.0409237955223158,-0.144589910414261,0.397794366884581,0.372710044905957,0.690633528535861,0,0.779172514687709,-0.119739228901081,0.632139352526697,0.40085808808963,0.711374158852696,-0.0443822181269261,0.407087302488224,0.64394348555291,0.783487469728998,0.327261789648111,-0.0731357518214764,0.405591959875726,0.559133030483964,0.659673971214722,0.664828042193422,0.623890935125137,-0.287980528231293,-0.377289296780909,-0.20168575273423,0.417985708740608,0.633922327308411,0.243507727886056,0.248950124716452,-0.379450830463898,0.030688532990815,0.134007378305645,0.060964136709119,0.174100655475608,0.284038889413406,-0.129611738478502,0.133302308825507,0.522697366328637,0.680751825544314,0.614434303413644,-0.122844652204141,-0.103198253236497,-0.440136163262511,-0.0714923025713861,0.0159492672130019,0.208539896123793,-0.282366509187937,-0.0667336185297333,-0.0181137980945808,0.0821832745360488,-0.0845464375294851,0.425168321556816,0.306440161301371,0.712458744435402,0.796635802532892,0.869840308982321,0.785382336107849,0.799465019496152,0.0490970210035543,0.657510316767757,0.437944972620938,0.306344229800026,0.275786723093511,0.643506313773041,0.719942581544595,0.0979231720854882,0.489872129709186,0.226930041313343,0.68322690651661,0.744282288210176,-0.397728324310398,-0.420121423459613,0.420696273786572,-0.0515747087474273,0.0434364958248993,0.478971995456628,0.51589850382908,0.684125707563135,0.24935048547974,0.601218858678431,0.114666487366473,0.104468198744439,-0.248819044050824,-0.162476865564219,0.197504890240192,0.0692006352590507,0.182259089329472,-0.0886096127332367,0.577450116042707,0.632550362907958,-0.132730068471004,-0.0995841847863127
-0.385239178524024,-0.0541179249724259,-0.191482016514889,0.0633771053819263,-0.148849655007334,-0.183357001215233,0.0932184936327437,-0.124117535166183,0.0443471757019531,-0.0830831692677045,0.292980332591255,0.392045613925416,0.64975044074904,0.779172514687709,0,-0.10080471423352,0.551383637062674,0.303398352147199,0.511886975607193,-0.0991260449676216,0.507310083713376,0.525954448831467,0.69864806465178,0.313706687481825,0.0313243669518505,0.397033016686234,0.499299299980637,0.630004934067453,0.52652351236395,0.675446485454289,-0.240296807601237,-0.205424133709271,-0.110671934774093,0.292714161215945,0.449742720405673,0.234306927724542,0.0739166416996756,-0.21662197222019,0.0230107229741086,0.139429564002277,0.00796031307340074,0.147693128334127,0.168084355627253,-0.142409123551045,-0.00175380324001965,0.434359802005596,0.55987994441121,0.546696507322686,-0.199087971101927,-0.183559798964596,-0.402309416346706,-0.0963055624158469,0.000570319904667404,0.133178611529296,-0.312679723346007,-0.0443051671780116,-0.0678099642822578,0.0669619168662413,-0.0564442016185519,0.409934587692257,0.324051806876814,0.669865105781989,0.69738268378542,0.749054712790128,0.719235568781556,0.906494385432503,0.0769607161871027,0.467418396861551,0.27256032772814,0.187232907138859,0.353785626100318,0.489666847230075,0.647979956141473,0.138428890949363,0.481486863115368,0.237360976435618,0.5522587276243,0.735204071178863,-0.305412251493075,-0.228957559202931,0.352870254291206,-0.134194329861981,-0.0492760440500631,0.301549319573283,0.438849724404861,0.553758512952773,0.0708436897687745,0.504249357271937,0.042244946803506,0.073613027618612,-0.172789038755053,-0.16035626598272,0.210034801064909,0.053189030931511,0.0997531454252299,-0.144129934429928,0.470735667577313,0.54947685453597,-0.148947662470257,-0.158585402654861
0.138897857146223,0.679436568639053,0.355219098953231,0.446708327626539,0.310867308890179,0.370637900150622,0.5299419404102,0.6422197450495,0.436280642707472,-0.122721644239273,-0.162925813235233,-0.108271514594757,-0.212435856016225,-0.119739228901081,-0.10080471423352,0,-0.0640959673054166,0.358712165722734,-0.00319462799989534,0.175208498557659,0.276149336301145,-0.158545176471453,-0.076838196804583,-0.0731968224031357,-0.0946263364517105,-0.1630289982988,-0.104715931861935,-0.270153727987312,-0.00904160146900363,-0.10797998047169,-0.0337974257096922,0.155670687063391,-0.0188127244898587,-0.149987006514884,-0.11011280227825,0.150025312916285,-0.267926520906525,-0.092128139109188,0.0644849089895022,0.172014065587174,-0.467518588222118,-0.328431729959101,-0.309138924972148,-0.457792471435312,-0.228104292838743,-0.369224872026667,-0.291296015611492,-0.330573888079901,-0.150376833707214,-0.359684119000026,0.373977865809668,0.593708409412277,0.59834719407114,0.380240967728469,0.374410065304061,0.390601281647245,0.582671999802211,0.555127551980154,-0.16709931654288,-0.21030831688221,-0.138013344708161,-0.213409079029757,-0.228187165738637,-0.0351349605705125,0.0925455809987961,-0.0617383386343523,0.151577646104454,-0.0145709113328289,-0.14546077995124,0.402740425333263,0.350189510532659,-0.130559943475687,-0.0850875718669424,0.0936660790455546,-0.011722738294959,-0.182140973433479,0.100324231596989,-0.0754423995458766,-0.0021634776589594,0.00241941462200662,-0.126420700375126,-0.413547739109494,-0.216285139575392,-0.159639038132719,-0.0756384553885929,-0.364396284414228,-0.141444882703391,-0.176748748026106,-0.202064701341369,-0.32748087349459,-0.063270040931475,-0.14030140397966,0.0161908578153826,-0.322606127631919,-0.289509237509053,-0.449982097465161,-0.339038812362871,-0.340143202675397,-0.130518051836111,-0.390034573663611
-0.190200180651742,-0.0553599601848256,0.19499077177875,-0.196876554182094,-0.307987211344295,-0.0887621782245294,0.238146102517143,-0.0680273828850279,-0.0243581334363961,0.133413082157433,0.658571826049534,0.669750986265094,0.779621357571359,0.632139352526697,0.551383637062674,-0.0640959673054166,0,0.40923450566734,0.778430908878903,-0.243378380042057,0.453921805261928,0.784997655041753,0.478408049279369,0.692538309862801,0.350480509137179,0.687655960918762,0.322216335654524,0.526336327271346,0.754437576795275,0.360192568068062,-0.133217042229227,-0.37524201536968,-0.387564525977635,0.602074626658845,0.614325869088435,0.043078588041665,0.28851399762689,-0.213675016076472,0.110545511622209,0.365800113302759,0.029810843295888,0.528525882217034,0.498081284891878,-0.217052585879502,0.0946319413286895,0.234073177467425,0.263880332396884,0.257052053651146,-0.0571593500747699,-0.0569795949886553,-0.234725326205816,0.053606362992225,-0.197585688860648,-0.115973312242091,-0.24725775446717,0.143624250840088,-0.088836611942885,0.0247808684282778,0.283637484306728,0.694436200498932,0.660384686652896,0.71578888395109,0.679783555463785,0.557789673499579,0.58471389976221,0.527902969187384,-0.034952000480548,0.789467004141226,0.478015199983339,0.201984102272918,0.344164141547687,0.721605933884936,0.510904113306001,0.365668356363802,0.752291694743597,0.595202030116367,0.680075478625847,0.482444287693053,-0.228275453433473,-0.443598809265319,0.546963427833405,-0.183112616720326,0.214453487593594,0.452750649904904,0.31261971652237,0.375030651148536,0.174704731384031,0.285605564949745,-0.012239554546867,0.155775795776495,-0.461266839169788,0.266160627734778,0.249086319764057,0.351647576579692,0.497198936673889,-0.10249334774998,0.226044920590448,0.233972860107884,-0.0803918235064402,-0.00284828378137671
-0.162590351650163,0.394886719868993,0.324865492595691,0.173585508977314,0.149463466583607,0.303234343942568,0.588455482114364,0.551240015801492,0.501048204608918,-0.125944155647709,0.207947758601182,0.248865650725826,0.343837423993192,0.40085808808963,0.303398352147199,0.358712165722734,0.40923450566734,0,0.462373210879397,0.23353169211932,0.504320181277849,0.392929327588101,0.363772212174042,0.20936543882056,0.00305191706674778,0.207980218938471,0.26639374612677,0.225354054016335,0.409722162550232,0.225131732369135,-0.0850720096404157,-0.260679168436506,-0.302375290593061,0.383262362957601,0.352538785458037,0.458337296281326,-0.145881848059715,-0.356453882329818,-0.0344301684022268,0.162447166441719,-0.147201258450232,0.13024281005646,0.10541983908709,-0.36444858547061,-0.00286629241900627,0.0513579022171796,0.15550851892679,0.154871418641064,-0.0753903668405047,-0.280977669003471,-0.0430513593673226,0.380609923961374,0.26896320147199,0.159121648971598,0.140432170134124,0.438043127636546,0.500265503893948,0.609813019760283,-0.099776473013539,0.22402890715223,0.203974573121382,0.316968974546195,0.347929335165465,0.39889293326966,0.513292440540804,0.296003883160198,0.290075502369853,0.444114120681902,0.375134405108653,0.764925530519621,0.581239876644647,0.404598088927745,0.336411363651679,0.180973211993802,0.370469597634548,0.104534505245774,0.43911662472448,0.323715770941994,-0.157528930851042,-0.308501430815244,0.334191923910593,-0.274339184527488,0.127914802304389,0.317257769768749,0.30305573507751,0.249814722038835,-0.0841308136490523,0.226098244295406,0.143456704497252,-0.0541951833535731,-0.276335446204025,-0.0439182779779747,0.0206489732178224,0.0261532957412581,0.103346839636855,-0.394675499165572,0.0972879201256461,0.108547254801274,-0.0387636751542606,-0.288152890848324
-0.293631096750277,0.108007294813419,0.0783836053523159,0.070601816094522,-0.120605216071804,-0.0711557696767696,0.220218017921998,0.0743926156795151,0.0715459018752654,0.0148460322217827,0.529125514830076,0.529341437256987,0.671571999659977,0.711374158852696,0.511886975607193,-0.00319462799989534,0.778430908878903,0.462373210879397,0,-0.0721419505792332,0.535210390710992,0.673213019093189,0.518191292494288,0.496376340847214,0.0886339032193805,0.483550547129879,0.367933485000743,0.492482502078933,0.776134326405725,0.352728198108942,-0.21353635678335,-0.467021344739623,-0.436557054245999,0.565629248968255,0.619684811354722,0.159007746400005,0.283404926103866,-0.353026454651712,0.0701702478284005,0.278868170349561,-0.0603527504188512,0.378960579897829,0.322540408525239,-0.269401823145326,0.10615381009142,0.259257053808614,0.351489909987518,0.314142267925377,-0.110792268305392,-0.0446526719089415,-0.304038809322122,0.0615909572716412,0.0373187895206287,0.164338587763645,-0.214481371960602,0.130914444103192,0.0849879863817454,0.145514541206505,0.141151783418312,0.559852008639176,0.440647011424102,0.642156538905602,0.62456756155426,0.655448239045726,0.690142883955487,0.51471358983669,-0.0678678896611997,0.810668040859931,0.467555287359032,0.361773804950875,0.363504419849806,0.666650942351739,0.531019747363561,0.233553292633043,0.615531723076578,0.337535593148721,0.71138913224361,0.473067334029052,-0.329160820921433,-0.544242516548648,0.457178230279238,-0.128136235764992,0.184639274673197,0.418910231305063,0.379879092327762,0.413237665576637,0.250272184594228,0.409930737837932,0.0296834725607127,0.0770293558085586,-0.488985212321087,0.0262447082933532,0.220347001030303,0.16503565046967,0.346516586642279,-0.159491356721029,0.282659566757415,0.323716927561231,-0.148467430158594,-0.0513710315473371
0.00181977749223481,0.245783437991988,-0.161979087202699,0.392243029212437,0.505696256445529,0.256377663482071,0.00796816637574479,0.238668655658634,0.166400583820608,-0.133152428410121,-0.250837146196377,-0.298149051067893,-0.306635490987529,-0.0443822181269261,-0.0991260449676216,0.175208498557659,-0.243378380042057,0.23353169211932,-0.0721419505792332,0,0.184561794907063,-0.293248533765542,0.0205922700740782,-0.364038115922152,-0.27991151681065,-0.357898669627932,0.0803760419784442,-0.0833778588169967,-0.03832882159494,-0.12418352800333,-0.214038212705557,-0.143827420829953,-0.0528564047517329,-0.110868306578151,-0.212147878058489,0.324528115062051,0.0380815404121603,-0.192775017790106,-0.127203872500152,-0.11826683976199,0.0819648269071076,-0.344887983465449,-0.386535374424067,0.0592930574025295,0.0586373302614377,-0.0675701734321688,-0.00679912844168952,0.0197156011704713,0.279626880931234,0.196982237016444,0.0705715385577911,0.012222947738706,0.246421486242605,0.360622164284187,0.220207457336298,0.0859966203937431,0.158782652718594,0.195104909681361,-0.254453650012995,-0.331865177725145,-0.362320081779282,-0.228343646548287,-0.201037823659992,0.0450562480594972,0.0500986401154708,-0.0940370406242932,0.122065380442891,-0.158213748897642,0.0641659551957396,0.386259227414693,0.317294855165345,-0.262577117909248,0.000170775500707886,-0.208076470863523,-0.240151678502272,-0.400682347932746,-0.00700350665418829,-0.0415152659632406,-0.148367330280343,-0.0720334494153453,-0.0535089041158043,0.281204456146621,-0.0251305684554574,-0.159947370287224,0.103068095422791,-0.00831828506639743,0.183018611053669,0.0474601084146505,0.486838028210171,0.138294039055454,0.0964339947707718,-0.274500549912475,-0.0699406337166362,-0.250489223480233,-0.334688459334755,-0.0436934783429298,-0.0160293950107122,0.10250953642847,0.263778150276902,0.109826436178074
-0.284651334156719,0.231897675113296,0.102826170515198,0.202136979294023,-0.0351199375516361,0.0600612917367214,0.340107582416463,0.211412979692721,0.275288981291951,-0.0289492581373105,0.21880882829206,0.308237476933052,0.336120053139906,0.407087302488224,0.507310083713376,0.276149336301145,0.453921805261928,0.504320181277849,0.535210390710992,0.184561794907063,0,0.266415326685941,0.297972540726596,0.2631415862924,0.0651477211172617,0.260808227479933,0.23048866983812,0.322175339075999,0.479130299155742,0.338854714055702,-0.216703971996016,-0.14343101971501,-0.241664510383123,0.290995637827774,0.259246238857567,0.280620680439197,-0.101752245651292,-0.153513046834406,0.099132231938704,0.206733612052146,-0.218957551680983,0.12282227705959,-0.0223884576719376,-0.376692273907248,-0.0229874278207152,0.0228361305497003,0.109495857301796,0.101499693318847,-0.200744483476377,-0.216941199755944,-0.150069578640761,0.177415147135729,0.278346151955984,0.233137815827259,-0.0994731748197116,0.251238493399882,0.238223188353703,0.31111186741993,-0.0454906361450657,0.291989508442773,0.217350433743033,0.30648634039311,0.266225234243409,0.420446585056966,0.61653539076755,0.464430786539566,0.0451856551771215,0.424772187987422,0.236621437183417,0.461018761470143,0.766786909854427,0.236560411632934,0.351638744273471,0.201904565293693,0.455145693644887,0.156071242045578,0.44011793931291,0.394614651609403,-0.247720660597996,-0.264857407271946,0.339413502800278,-0.28271333560284,-0.0897061650948155,0.0813868055908953,0.221361049528962,0.097879213652098,-0.0837811838944579,0.283058495915549,0.00582651181085083,-0.0367444363320305,-0.31586783928553,-0.0557618130463012,0.184276885204439,-0.0393724739950145,0.0317658950851836,-0.365922544629072,0.0367915333961225,0.0533953226647423,-0.197886746569686,-0.284182199331032
