0,-0.160079137509502,0.233226845519001,-0.21276023618717,-0.326013636230871,0.0783474367766898,0.1871405612622,0.0137804980685847,-0.0192831563427567,-0.0708801343751064,-0.149568236081163,-0.048678097661325,-0.0894081116650537,-0.294735653916919,-0.219589465820252,0.176451814392749,-0.0709682776741278,-0.10966885933804,-0.114756999841392,-0.0345234274863089,-0.119917777307073,-0.177370767368978,-0.187311862385818,-0.0813001199766056,-0.146266016687654,-0.23176196940252,-0.22666327928402,-0.33504992252878,-0.0768023416353473,-0.322495625591889,0.0689329805938395,0.172419342409373,0.114465229431633,-0.204668952044746,-0.211266961819833,-0.186397667346786,-0.0395501048947166,0.0844268536697062,-0.00879656586149307,-0.0377299671672478,0.0338484220613769,-0.206761524163227,-0.0929334420774707,-0.0478453402342858,-0.130722177992087,-0.225184151102526,-0.249960073541112,-0.204594518369184,0.126040606772016,0.00321140325588323,0.602959406966664,0.0470150619876708,0.00472878194106786,-0.232658744513319,-0.0710409709602211,0.239622165062542,0.149320236687163,-0.0894305918072646,-0.166790345062978,-0.216827708569542,-0.24434660185101,-0.211877446656037,-0.260195580958816,-0.373030571771423,-0.230028047977937,-0.262198635258599,-0.0116106460609331,-0.163309746340407,-0.255702318867942,-0.160268959022726,-0.196972938150564,-0.242502779976388,-0.239168989848689,-0.153505741656203,-0.186876187661501,-0.294908890172126,-0.127597435147053,-0.263963741636805,0.0843293555314695,0.166099938844455,-0.103901174546415,-0.189227687930089,-0.0642608494494561,-0.0593425026388276,-0.195325532370487,-0.0532613884164385,0.00495555762534044,-0.167878338181395,-0.0594161763344542,-0.0594085573037631,0.083860831515361,-0.175820598834869,-0.119578800945725,-0.190562265206988,-0.204474493638381,-0.0286987071776071,-0.241543526073262,-0.137018860448243,0.191577132911138,0.0700278441839839
-0.160079137509502,0,0.468046889224298,0.616840198571821,0.644005216173309,0.340569583784093,0.199253143678962,0.517016452987492,0.263689417788541,0.155872560395387,-0.0437800878832257,-0.117412950385562,-0.0232176507213231,0.12558622902052,0.0291656370111811,0.43661726403927,-0.0142348677463032,0.226249688085608,0.062281011874601,0.0827429010453145,-0.0551542480056143,-0.0951902491978332,-0.00448392537514389,-0.005478795983305,0.116114936832682,-0.112656131479474,0.104322207004038,0.138983123607057,-0.00572491511748134,-0.0010679566546495,0.0447408616793265,-0.202671502432598,0.0300245850571998,0.117077159551186,0.0671521191994323,0.0810299236539413,-0.0783257548821886,-0.0557407393632087,0.0815658503763315,0.0709592606214073,0.070297716094348,0.00218634973184557,-0.0827934242318248,0.100274379868343,0.147923231777361,0.144522618336809,-0.00932197108623761,0.0919434064229154,0.110635764527758,0.109917772670822,-0.0842058245937062,0.687865111706897,0.479208142424592,0.682895033867635,0.551841383960603,0.141972313617309,0.436880413556058,0.303930582509145,0.139184688831598,-0.138190976004845,-0.0483586456091453,0.0168094552272737,0.0158293807644894,0.154171164067072,0.100336711212287,0.0513668155572391,0.142712874302612,-0.03309795745426,0.118776205366904,0.112549263238964,0.028695531728962,0.0213716301593344,-0.0111158991418971,0.170924440468827,-0.072304803118017,0.0240912855225007,-0.0147331225457785,0.0865365525615945,0.0213613407581946,-0.261820217713938,-0.120393733206419,-0.00284308415490561,0.0405438104751479,-0.0645903605597992,0.03465557166861,-0.159286086515973,-0.111040983865807,0.175538162809506,0.136357419442185,-0.0322873591107416,-0.00075252364280152,0.0566280412050934,0.139026233460191,0.0775931052131615,-0.0991556825877463,0.0954215377590447,0.156852195935926,0.0667229159998624,0.157268714966161,0.0726748460642314
0.233226845519001,0.468046889224298,0,0.177374482638309,0.277974106776253,0.602704902372615,0.44428180028167,0.510294627077483,0.531484791431594,0.137505729499511,0.0115802651173046,-0.0867454959058767,0.039634141655052,-0.0209920688591596,0.0148010946414688,0.273334864469811,-0.104221850276112,0.062690661347818,-0.101764528791683,0.159245114901959,-0.0231525341892761,-0.170765736735893,-0.124943491539988,-0.11309993559883,0.085428264600005,-0.147519690771069,-0.0590791322113375,-0.160597283626037,0.0463118474967769,-0.263861789574103,0.104373524201796,-0.0714142665078349,0.0337975126330309,-0.1545863150063,-0.0889900551611093,0.0945420901098563,-0.084560848364483,0.0734350073711759,0.0417149716954159,-0.00581831356794486,-0.00802585706938716,-0.0339602134005505,-0.156154565628275,-0.00178664905821252,0.0675586249670971,-0.0482729125920011,-0.193063449283142,-0.0381461734909318,0.341546624541488,0.187041913436802,0.173149367604007,0.629437781150843,0.260756689890849,0.282793312641359,0.553521717769347,0.544546308234219,0.51084427398761,0.452272042287446,0.125930584388379,-0.135604609147128,-0.179880196518011,-0.0830279474970758,-0.0565423677480463,-0.0388098015477643,0.0214446456271813,0.0138106384080632,0.281710147667023,-0.240190364878055,-0.110054687591002,-0.075256629771429,0.0224088406423034,-0.105828350950092,-0.206544026152014,0.102633412937731,-0.13832635344945,-0.111152097448186,0.0541140658124898,-0.122653040823195,0.0886658866427168,-0.0466209777378651,-0.146985594941549,-0.171890383563977,-0.0363230209718121,-0.121545255266713,-0.103681168982671,-0.233894860610526,-0.020162643223785,0.0150381566918436,0.177291740850314,0.00730404798898603,0.0956069930784546,0.0415497706118003,0.140467981060933,-0.00906327024028613,-0.229354928951211,0.070562862996195,-0.0340799850807002,0.0319437460393546,0.472610811842394,0.283149948090156
-0.21276023618717,0.616840198571821,0.177374482638309,0,0.699637068743459,0.197924152174042,-0.0165166281208696,0.499633047648556,0.227993708902047,0.194099176545198,0.035888823917406,-0.094434672568394,-0.0363290159597209,0.183630371441525,0.122038051271391,0.350780549178183,0.0331240267738873,0.292657346285805,0.163255664195042,0.117688475594637,0.0246105330957416,-0.103518752419278,-0.0318264223712743,0.0424973403393675,0.21190767812742,-0.129196744861209,0.00291508212102527,0.1604086367129,0.0103341697594581,0.0573944901345714,0.161350086221338,-0.130905123535287,0.0383430302878306,0.178061901696643,0.0317583510248079,0.133986994569287,-0.156549583347539,0.0417474023072877,0.153199438419012,-0.0122944731777451,0.119803169847214,0.164544294699086,-0.140314735849899,0.186842871487022,0.272118927994146,0.0411372191474074,-0.0506330491416764,0.0195054359123582,-0.0197134723108469,0.124395557429343,-0.118186272645864,0.471507525306759,0.450941505904259,0.729633316313349,0.414160377602809,-0.00312533231582128,0.34373513590406,0.297879987647411,0.156232496556054,-0.0995762310527592,-0.0243243435994462,0.0763692697054514,0.0429280255862523,0.252355151098011,0.22688399052147,0.151945604697984,0.0665177617139583,0.0765718022671826,0.192711991753687,0.162739100808715,0.112960726783499,0.0593493564836656,-0.0175137357437126,0.121424117659356,-0.0310118265555959,0.046141690379223,-0.0148773598672151,0.0811201218908782,0.135066881932125,-0.13605521203738,-0.0957974735175142,-0.0166620562989203,0.0466262193933267,0.00410850209483006,-0.00551275710122842,-0.130973078020934,-0.176632356774525,0.130435968147851,0.0851946342527373,-0.0955840732644397,0.0484807326042549,0.0442233939880998,0.0857123832989059,0.0559990440990654,-0.0743317045202682,0.17517721280204,0.0152132600662408,-0.0168200311602694,-0.0143178276981754,-0.0482238353037482
-0.326013636230871,0.644005216173309,0.277974106776253,0.699637068743459,0,0.405728835458363,0.0767476636717642,0.50023480264642,0.373524411885269,0.239775675015358,0.106868126626552,-0.0693293370924272,0.00716877717199261,0.244942804507929,0.216854377820112,0.247591377404476,-0.0424523967600703,0.219688314809316,0.0422275873561164,0.17316597553104,0.0306663358069697,-0.042137714014994,0.042550333734484,-0.00194150334701156,0.235979023519336,-0.0111799613259415,0.188234468230136,0.219813523622139,0.0934188668086475,0.0997996114626253,0.0925726126087348,-0.174066579479574,-0.0152398316532666,0.143770271750552,0.0670798668181909,0.181411130706081,-0.0828102421667048,0.00351489726984529,0.096245697020958,-0.0279947352286366,0.0572934974796519,0.145266517341826,-0.0566569087138018,0.203034296473689,0.237824659633674,0.214290858284685,0.0669680756285852,0.118960400108097,-0.0543065040547263,0.141091128627192,-0.198795748370022,0.466817240960938,0.302727358677991,0.734054531373333,0.634784365273531,0.125684147687066,0.310838552717421,0.423744896002086,0.202244301709653,-0.0122250988089173,0.0253064062406296,0.0320284776573554,0.11082030533162,0.277500363738725,0.223035958251043,0.242659674720847,-0.0372531422852644,-0.0285864425011744,0.120568278852202,0.0938614668520368,0.178766699555562,0.0480000828398088,0.0265777112373001,0.0615064263051858,-0.023291663002532,0.0823344428523605,0.072390368843565,0.0980104576070426,0.0466451982690501,-0.177182400770543,-0.113054937364073,-0.0179324279822274,0.00932651044649776,-0.136705367681869,0.0896203581302562,-0.140719432153496,-0.0777148265600628,0.155797504934366,0.131460174630032,-0.0445114460116665,-0.0289808502642483,0.0904654348110703,0.0715044836818593,0.102904401232132,-0.0503962197395788,0.0896879958407949,0.17367349324774,0.0748410033257776,-0.0107919094566156,0.033167447691462
0.0783474367766898,0.340569583784093,0.602704902372615,0.197924152174042,0.405728835458363,0,0.464218909369045,0.479427454427351,0.659382203731489,0.188831901316643,0.100784631282831,-0.147000544786192,0.0320618798205912,0.0476293407425929,0.18011915575234,0.0710425474292311,-0.205796642421395,0.0954247355494514,-0.159218685577338,0.300259714191262,0.0318468663313441,-0.146003244806108,-0.046051237000543,-0.15729109691009,0.0645176577500212,-0.114859715261466,0.0591633927440667,-0.0840585083504823,0.178430746386652,-0.179035442404761,0.052952985622281,-0.0640456067538382,-0.0770097955932622,-0.044379411717997,-0.136327616984809,0.221860552955264,-0.108496262721861,0.11869219699536,0.0885787625676013,-0.0076750399733629,0.0691170521322217,-0.000627635350384155,-0.159966792368551,0.0553521639003551,0.0348799960670148,0.067293728040158,-0.105196368107487,-0.000814648335494514,0.28871689448957,0.255028700482412,0.0296871237097483,0.400475527079097,0.0412590373229099,0.305388197434143,0.649936045793675,0.696572717575452,0.405954796314904,0.615145703380551,0.126924281074478,-0.00982196690297667,-0.0730582718516521,-0.0438064017701107,0.0102159803059871,0.0319112819945903,0.107034778884449,0.18675279053531,0.205175982213165,-0.221319626537041,-0.0761729034566724,-0.023281909685375,0.2080298907202,-0.0646596470614685,-0.140132303652323,-0.00902559905445857,-0.123380753032581,-0.0867491067905113,0.15846306918345,-0.129786930539754,0.0093988550912352,-0.00304829890494391,-0.150733860865654,-0.107811018184046,-0.098281857652558,-0.222633269641648,-0.113970869236523,-0.265790302213038,0.031134495457027,-0.0367086818194361,0.294332299782999,0.0745793095174222,0.00302196883479548,0.0173061143364116,0.0656809866493207,-0.007901501286689,-0.150990780094582,-0.0330578916806287,0.0280253119176676,0.0472086558227353,0.322821839470271,0.281162314350416
0.1871405612622,0.199253143678962,0.44428180028167,-0.0165166281208696,0.0767476636717642,0.464218909369045,0,0.450393264747252,0.41689676314618,-0.028669489660974,-0.116682891781762,-0.156697205297777,0.0025888060036584,-0.0581413320774944,0.0686462655171733,0.296254302726118,-0.0569950176984895,0.22798427495615,-0.0537410747397818,0.339358032792873,0.170706620687424,-0.225764592590968,0.0400268920655737,-0.0623290639435549,-0.0198619374556139,-0.117246998274493,0.0598162566993057,-0.134973194259867,0.13391481119059,-0.204914659814688,-0.0234528809561077,-0.0158043505501763,0.0314198946325037,0.0141155200858242,-0.174701401828016,0.174631931366562,-0.157318867235019,-0.0165410715687343,0.0345921941902706,0.145770671601366,0.130970194958686,-0.115678910331184,-0.241533228533562,-0.122761582584723,-0.0694492864653174,-0.0242591762925866,-0.129235149138525,0.0227274455574611,0.25589349868807,0.129024983770823,0.129306772041571,0.312800214701394,0.182739426121306,0.070591777972126,0.336720278191432,0.467351488854042,0.467649743892779,0.417723825099139,-0.073035643785136,-0.11563996348059,-0.155929447310599,-0.0700289409404135,-0.158753038214428,-0.106447181053206,0.000516455146048244,0.0359987885634808,0.2772525844523,-0.23829263075663,-0.111130712033844,0.10063621189431,0.16908333463353,-0.215467571963729,-0.134901633887815,-0.0549049158460909,-0.0878378659942233,-0.129030223830927,0.130444643289155,-0.133761491048638,-0.0790109521479728,-0.119292433634509,-0.0803783859652474,-0.0961012904700817,-0.132910417763365,-0.236870556299388,-0.0662678292261337,-0.263156857131232,-0.0903111302798651,-0.0302876476407944,0.362527601356552,0.0849419718891514,-0.0582321752221996,-0.0574333654040163,-0.0316168533204571,-0.113247799135133,-0.239619381112383,-0.0884470489407149,-0.0463195414796483,0.125795069608964,0.318085959358711,0.191204814051977
0.0137804980685847,0.517016452987492,0.510294627077483,0.499633047648556,0.50023480264642,0.479427454427351,0.450393264747252,0,0.526506465468999,0.0791132023535374,0.0483386546014147,-0.115751730529092,-0.0552951119550152,0.108820504064029,0.115895393962837,0.250180807762157,0.0480622382009009,0.418239772911164,0.133832484714613,0.224250160482338,0.189823321342395,-0.074953872027142,-0.0350633919585821,-0.155675898769901,0.131342731507791,-0.0749761474432246,-0.0149931170551082,-0.078231646341928,0.0447828842585006,-0.144811709513483,0.0655117485752053,-0.0369518710399566,-0.0083073416866005,0.129918582655328,-0.0610254543138548,0.152002997414177,-0.196534037102473,0.0436731041585606,-0.00158926221305505,-0.113126426716234,0.0618011108545966,0.0482453938546576,-0.228526245166872,-0.0645284612405709,0.15444586223964,-0.0479055145225113,-0.113054065682188,0.00223241502865754,0.189698499649022,0.106031318752597,-0.0210812206025653,0.511949208039575,0.254926292324904,0.51669120864948,0.633507854635399,0.355621193655759,0.627033972078725,0.620611413689939,0.00677805500615508,-0.108299058305167,-0.177917927545597,-0.0788079901269797,-0.0747762805613071,0.134479943613264,0.151508274705193,0.145120371998541,0.155212960990944,0.00564982597522115,0.152161895134973,0.242926210839259,0.176055015559346,-0.0619460705446913,-0.0648947777958853,-0.102033692957913,-0.071641970987015,-0.0234418799754241,0.0923485321881886,-0.0582916362827356,0.0513956754255602,-0.108953734881035,-0.14058775247835,-0.0639291255998572,-0.0974601503900274,-0.0898263948283779,-0.0649415556203622,-0.231560895858808,-0.153262123203939,-0.0559770562936951,0.292154667968869,-0.142615618531493,0.02138160558299,-0.0602856430724664,-0.115522015750846,-0.0426340326292309,-0.245032215216739,-0.0125679853523602,-0.0744429107691146,0.0199350146642321,0.207895111880734,0.122512977060622
-0.0192831563427567,0.263689417788541,0.531484791431594,0.227993708902047,0.373524411885269,0.659382203731489,0.41689676314618,0.526506465468999,0,0.127914004135171,0.0681364940782626,-0.146729082743813,0.0773598798615475,0.0503873082347749,0.224304451205529,0.0578022149291878,-0.167183415486755,0.152006084758384,-0.133893871405564,0.428848479968539,0.103655606191989,-0.130224013905179,-0.112007281018273,-0.192614273698259,0.136205305620302,-0.0269439999015252,0.00142536606221558,-0.0133894005613576,0.179374658775752,-0.219148757501578,0.0700641237610165,-0.0762752472852431,-0.0015431673429656,-0.0970010382226941,-0.0698228769781981,0.427378700831398,-0.249440453840499,0.148744852764127,0.151534493882496,-0.102420649203591,0.0853939014684042,0.0708070450422075,-0.170433114157119,0.0784245115252128,0.149938413348732,-0.019370288091854,-0.116125780945294,0.0364474130733739,0.351551233502591,0.253299312071454,-0.0440560742071967,0.321599338310103,0.0725605862351535,0.294602233403313,0.539806781423009,0.608539064846169,0.425965635824371,0.744749903376702,0.077811566606457,-0.0548359389340732,-0.123067259857201,0.0281451186948837,0.0493007007172518,0.118127309179469,0.12397487798517,0.218204338964552,0.33643767274657,-0.268925773492839,-0.125309626215094,-0.0204366773746867,0.270006502963352,-0.0311384021248825,-0.166391745067539,0.0563769456382482,-0.182376587548995,-0.0112400265097804,0.106987686331629,-0.168704081871249,0.053028102776005,-0.0151023697290123,-0.196895360982142,-0.17911341147256,-0.030709163511045,-0.16033926514127,-0.116713460638491,-0.244514097282727,-0.098831563128516,-0.0578652639805181,0.348270333924303,0.0195565936501531,0.0382227711637793,0.0496368851401213,0.145313854586145,0.00500317277003002,-0.122231060950706,0.069558480467691,-0.0511989875866658,0.0688003583196863,0.37254001261146,0.197151675937379
-0.0708801343751064,0.155872560395387,0.137505729499511,0.194099176545198,0.239775675015358,0.188831901316643,-0.028669489660974,0.0791132023535374,0.127914004135171,0,0.198715638912126,-0.0327987720505312,0.091382900583335,-0.0499795803844019,0.0600374836351197,0.140826380619425,-0.110137832488803,-0.0716552619937911,-0.186610457127916,-0.0740726492699182,-0.027688499751443,-0.0601562340307574,-0.14439604177912,0.208728823471405,0.542378325738861,-0.0321341553707632,-0.0366117312858226,0.0402762898590093,-0.0437565157558081,-0.0248294213087289,0.202450593517466,0.0599891642214873,0.0694946237670239,-0.0815103873086304,-0.077762960467266,0.0319968785459716,-0.236169582176317,0.242708585355608,0.261154197570002,0.0825315355368813,-0.0547299859340994,0.254240758662862,-0.0538681152184263,0.0727681251861888,0.0457231802480205,-0.0568573614064526,-0.100423256609273,-0.0705454234298988,-0.130503854896823,0.0479233965474779,-0.00102487794071821,0.124834422880502,0.0542393213016438,0.196383810565982,0.137266029720977,0.056225453981279,0.0331794073008785,0.0804092470078344,0.513201048431974,-0.117452953538103,-0.0446133980788921,0.0946979328285559,0.0741315004253283,0.0276527138334404,0.106438471696882,0.061967819114593,0.0182448021970156,-0.254554037076847,-0.140036900452932,-0.106088821085805,0.0194872181984861,0.0292169706783615,-0.140408470741911,0.267149430837261,-0.162655442472936,0.188354954306488,-0.108396130425971,0.0417780829531145,0.103753786862678,-0.0215777826486258,-0.217404611279591,-0.204022372472539,0.0463900152029233,0.109764773890234,-0.00557304663484579,-0.0113378646592873,-0.241396729435588,0.172282448747967,-0.0907872326415827,-0.0562106334974899,-0.00140541374774308,0.369285463282309,0.178513140625584,0.0909970306705572,0.000310961454324945,0.128084628585656,-0.0488820455044846,-0.0762845105952613,-0.0603057732869112,-0.00428137574843099
-0.149568236081163,-0.0437800878832257,0.0115802651173046,0.035888823917406,0.106868126626552,0.100784631282831,-0.116682891781762,0.0483386546014147,0.0681364940782626,0.198715638912126,0,0.560027268728429,0.28686944797123,0.141180515994385,0.308077957063835,-0.137387708021212,0.286567053457412,0.0147314964714153,0.200052927252397,0.012074118004398,0.184403323258276,0.20458573980077,0.0513044875797446,0.347908654743321,0.380381746730771,0.364569295799844,-0.0180180206092188,0.0632380841088215,0.170776877363666,0.0807888221262818,0.0336755599182721,0.0406339969666293,-0.0976282499199883,0.136657391420987,0.108883707882792,-0.043604706355794,0.0980707224966255,0.215033112162053,-0.0884565729373372,0.0678551862716915,-0.12321236006695,0.319687969255339,0.163947193706677,-0.124918660802268,0.0348922100340181,-0.0801118158440439,-0.0190330851558359,-0.0814440001541504,0.0299542233185421,-0.0730822309412052,-0.17847836197596,-0.0801350097009343,-0.147677122226245,0.018553077008927,0.0667989434748187,-0.00076435865170248,-0.108868875621695,0.0340254123539241,0.335712809287247,0.5198287580437,0.225315068626946,0.160902063697445,0.124341308451563,0.176159627532824,0.158615635722115,0.257980945960858,-0.0644621301343242,0.156114452788824,0.156761217715159,0.0353570892255753,0.179102100612818,0.0905038951240146,-0.0110014184751499,0.148760035245166,0.324903301699247,0.329509844386018,0.2513872132463,0.13025173271784,0.0132419092323048,0.087727689705876,0.149233886294386,0.0353818326592768,-0.0571180361811971,0.0571799810779076,0.00437809493893845,-0.0989247528087617,0.208325970895447,0.0314462761361582,0.0142868923171761,0.0900034618146758,-0.109386636290935,0.0523246240204235,0.0142970649454296,0.0527553766079004,0.0657645847719388,-0.0366899869220784,-0.0157468678449251,-0.0609555649729876,-0.0389104842509219,0.0158107073114439
-0.048678097661325,-0.117412950385562,-0.0867454959058767,-0.094434672568394,-0.0693293370924272,-0.147000544786192,-0.156697205297777,-0.115751730529092,-0.146729082743813,-0.0327987720505312,0.560027268728429,0,0.355564623581021,0.21558567325424,0.151640211571128,-0.109594727868535,0.396975844118254,-0.0664665622292109,0.297828130336926,-0.0717169411790075,0.118724735089817,0.288208003987512,0.224013777670171,0.411892911963258,0.18637287184655,0.515870017565067,0.0707553515526533,0.068803505683378,0.0152487636196677,0.222130309628969,-0.105093022116807,0.0354613076326607,-0.108297793767267,0.0297309493080453,0.250274416488724,-0.206185589740469,0.148002426175096,0.156744204818769,-0.161640445619066,-0.0721272494018395,-0.210029373924771,0.167891487227481,0.379484663695482,-0.14866417436952,0.0179166798737707,0.0131891705721508,0.17179495812433,0.00767907423182306,-0.115143876402103,-0.194368120109935,-0.148957016563289,-0.118605413904118,-0.0858568135422013,-0.112974251956449,-0.139210331413561,-0.18524313653694,-0.188081700494089,-0.17699767277197,0.154311273712535,0.45038674399423,0.383079295567242,0.217030025725855,0.209143208597953,0.125609449127607,-0.0438142910539736,0.0942850621732026,-0.151019331889096,0.167788728517482,0.0123075036375619,-0.0562323382690496,-0.0429400117954666,0.216439825240393,0.177618323387699,0.115495288587532,0.356030956164048,0.318406415533349,0.0704880518743028,0.260635681191245,-0.0781524236528087,0.0413293464835589,0.131191722663141,-0.0495393822277001,0.0685831249543561,0.201855930195603,0.153155641625588,0.164666433805935,0.228687766730058,0.0562621099887006,-0.148245628470469,0.00882128256708575,-0.130953122492323,0.0131619420154774,-0.014936127946046,0.106155471945611,0.290725475240582,-0.0677835335273834,0.0794371029993664,0.0248424286767064,-0.150372644580311,-0.146892380347428
-0.0894081116650537,-0.0232176507213231,0.039634141655052,-0.0363290159597209,0.00716877717199261,0.0320618798205912,0.0025888060036584,-0.0552951119550152,0.0773598798615475,0.091382900583335,0.28686944797123,0.355564623581021,0,0.249380143653511,0.174864774753307,-0.0230588208975173,0.323602692170425,-0.218233216382736,0.121676517253402,0.0182266884120255,-0.0563247161116343,0.484214289511419,0.312959418026753,0.225620853221457,0.0978508051600271,0.345373363214339,0.0505378263527532,0.101674558641437,0.194746497957865,0.288238154809475,0.121454416554022,0.0357469129304618,0.0347764453327669,-0.152190243028637,0.358602586987236,-0.128681340163168,0.00964013507452572,0.0516631742301009,0.0956362479743091,0.0877562518686284,-0.183798149991483,0.0365952421987525,0.410139739783453,0.00635057092224007,0.20094460156559,-0.0224176401895624,0.239606786956117,0.0603814065567594,0.104707980359032,-0.1043197803888,-0.0422832068581169,-0.0183021589990177,0.026237218639753,0.00712088069688544,-0.0582520147106324,0.0350653409645904,-0.0122913108283383,-0.0613927816479309,0.0299252906976602,0.192051823853927,0.193794962218588,0.593062911074807,0.369262209983665,0.175552461175586,-0.0621396658841131,0.197065467279634,0.151969602954532,-0.00120106554288848,-0.126032428313676,-0.198450395745096,-0.0174533214622167,0.32085459127688,0.176656532502939,0.317989426434077,0.0334549865564193,0.183842061954741,0.153564790937047,0.225803779693935,0.161176986917379,0.0791739944720903,0.0707175636528539,-0.14327782173078,0.247141660292806,0.267804482095742,0.041100478835141,0.0557295098581501,0.0817271102694333,0.0435946496573875,-0.12595375631749,0.0369466672637609,-0.144840575057662,-0.060782310261554,0.11893206718651,-0.0691754508850077,0.201847517585156,0.250404444534402,0.0346126854858512,0.148185157323129,0.0771954405024661,-0.0957069661424398
-0.294735653916919,0.12558622902052,-0.0209920688591596,0.183630371441525,0.244942804507929,0.0476293407425929,-0.0581413320774944,0.108820504064029,0.0503873082347749,-0.0499795803844019,0.141180515994385,0.21558567325424,0.249380143653511,0,0.461965538573151,-0.0821130093586076,0.283943058619066,-0.00362104244477999,0.396794083395848,-0.0155499320176909,0.0548589557095739,0.275004861410636,0.461259288958062,0.114357171217386,0.0173809572047269,0.111375309172241,0.258268166473148,0.193438764462235,0.143586500077008,0.435032846562766,0.00682696756935455,-0.113020169625349,-0.0134029686010332,0.0872852641867694,0.285700201729109,-0.0812866600554934,0.133858502134419,-0.0462546685674289,0.00800107196948879,-0.0333628632479171,-0.0400349729299952,0.143682342292515,0.139007216911152,0.154360204120532,0.164547184076793,0.269957713026062,0.282954573063164,0.229556849421573,-0.0266154341699734,0.0306586799054598,-0.239450151235309,0.0501752069150988,0.0282183657712283,0.170409648359404,0.138632671659533,-0.0605300333086908,-0.00660876434857128,0.0362802810059058,0.0568018237397056,0.0924533985146801,0.140054074153222,0.101999078163855,0.325693951457571,0.503251848559691,0.4035939366588,0.51477150423174,-0.0310559554495287,0.174655086754878,0.254698480795094,0.00544912163053099,0.130296055899556,0.236057868303961,0.329023609269031,0.0766887029742812,0.185383024559249,0.0707218165219577,0.197620104582244,0.319546639996965,-0.0265711493348095,-0.147105096931008,0.0771041542966962,0.0368278454045261,0.0651505605542509,0.143273304615283,0.212250224069107,0.0550197979454745,0.159788619709908,0.0900707150074208,-0.039686854022209,-0.0028258766743375,-0.0989598854924286,-0.0434376469964157,0.060061786006713,0.147590384985182,0.10007904172524,0.0321800118453842,0.236791225793086,0.206905790867942,-0.0516539481786168,-0.0128683856044338
-0.219589465820252,0.0291656370111811,0.0148010946414688,0.122038051271391,0.216854377820112,0.18011915575234,0.0686462655171733,0.115895393962837,0.224304451205529,0.0600374836351197,0.308077957063835,0.151640211571128,0.174864774753307,0.461965538573151,0,-0.0983482836476741,0.16099253120576,0.220088348109842,0.357351408141695,0.359044188886645,0.482055929140248,-0.00317451010896972,0.200725050210591,0.146734025327817,0.194116085445446,0.100797698715112,0.14569733482597,0.197614997638772,0.345533710611919,0.17850452933357,0.0891488210078166,-0.07213433423264,-0.0344662182313087,0.1760236244383,0.0365581850640848,0.167892952598548,0.00133100139575735,0.0604278986640146,0.015918683868457,-0.00693414423545875,0.0348055084430594,0.240150994465288,-0.0221284535484186,0.06517297772642,0.17685488704773,0.0896519593070832,0.0527576177413653,0.129121997239845,0.0532748539852664,0.102576596316531,-0.181847067999322,-0.0133935195269855,-0.108954633564834,0.0645258951141823,0.121869811963547,0.0929083479667291,-0.0246297079186049,0.178587403793751,0.16895058255208,0.176457096762554,0.118192930449464,0.172555444187222,0.17996272956055,0.370242487716103,0.5387989240661,0.785687529938646,0.0718337481281465,0.148703681889827,0.302871770970443,0.213489193237334,0.651151671465102,0.0483998870312394,0.0538458590827686,0.0727123135471819,0.210411688337455,0.169127750380525,0.384352787238882,0.194044830306296,0.0931484668005654,-0.0802595375927528,0.231747561569314,0.0697457500832614,-0.00707740021537899,-0.0614920872781864,0.0779253591761165,-0.152788751372918,0.110561275489429,0.084156825644851,0.22591922940891,0.0760337700019367,0.0192918421606731,-0.0292840566278089,0.0985839125709533,0.11172945662702,0.0356471486330377,0.0645628590678331,0.0731681371479441,0.131275124309736,0.0244070234507887,0.0461805413195073
0.176451814392749,0.43661726403927,0.273334864469811,0.350780549178183,0.247591377404476,0.0710425474292311,0.296254302726118,0.250180807762157,0.0578022149291878,0.140826380619425,-0.137387708021212,-0.109594727868535,-0.0230588208975173,-0.0821130093586076,-0.0983482836476741,0,0.0476534933653515,0.0782463952928831,0.0256228197720931,-0.0713412194353352,-0.167472420644423,-0.189444862469555,-0.0700415983338592,0.223463152024735,-0.0545698720184596,-0.213048225198227,-0.0632489045962175,-0.0211525372308018,-0.0703346903858692,-0.109662864237595,0.112170689328278,-0.136929462300275,0.16186872474163,0.0741484172691571,-0.0647689767684868,-0.0449583260095799,0.00583015021763743,-0.145600914037343,0.310969002802848,0.275827210452906,0.211373579501321,-0.114568684565035,-0.108876251689281,0.114848573152899,0.0865785231505885,-0.034027932523706,-0.102515928308686,-0.076397584276053,-0.0131840193244188,0.169853640959836,0.214872621628237,0.474457760352024,0.645517015144395,0.286069752235637,0.200163660730868,-0.00639792796256998,0.335640048770747,-0.0154064157859911,0.0407957862333821,-0.178315239210878,-0.046499775366483,0.0365534388448081,-0.138182727012384,-0.0386718410526445,0.0500644393457092,-0.0668730529820532,0.192339773969489,-0.140345792108466,-0.0088991738501407,-0.0167585670792689,-0.115310067490807,-0.0881242736606069,-0.170080184754966,0.314305955050918,-0.0267453788682648,-0.135607119711216,-0.0824829620323711,0.0287917444428898,0.0646532914222984,-0.302453513045916,-0.0315403701417538,0.0344873980239681,0.0832230598923404,-0.0794631797172656,-0.104089236329388,-0.16261994182185,-0.108078967593799,0.127743249537038,-0.0349413450214732,0.112136812261758,0.0418680897875449,-0.120989515380677,0.207312153405506,-0.117982896313688,-0.124863261979831,0.217038713493607,-0.0171949363591373,-0.0530437731927806,0.123521443868821,0.121440492865138
-0.0709682776741278,-0.0142348677463032,-0.104221850276112,0.0331240267738873,-0.0424523967600703,-0.205796642421395,-0.0569950176984895,0.0480622382009009,-0.167183415486755,-0.110137832488803,0.286567053457412,0.396975844118254,0.323602692170425,0.283943058619066,0.16099253120576,0.0476534933653515,0,0.199330103818318,0.648320803792921,-0.0924260082973926,0.261722685912057,0.365814891092239,0.224709951453771,0.414567704345934,0.0228006811666308,0.267552325599996,-0.139005737969145,-0.0426894798697992,0.316896675923077,0.144159658542416,0.156894013362419,0.0834730147949305,-0.000582720359113512,0.27769105994612,0.122122623283276,-0.230898488435204,0.171978683043601,-0.0755903122782617,-0.139864426753907,0.0603582186306253,-0.0651309678616782,0.123515117230659,0.195640427788709,-0.181207151024527,0.0874027657645575,-0.194345450721391,0.0347900850013611,-0.0806075787109682,-0.041046268822472,-0.217789848874606,-0.119234322752041,-0.064706719918553,0.0988511003240984,0.0338384487261922,-0.101973748472748,-0.23954704817759,-0.0266923600883404,-0.153908614267031,-0.104911940502952,0.178320703227138,0.117759093182071,0.0575175361720565,-0.0335994802122395,0.0514255442224274,0.0416896147716547,0.148793883000984,-0.0887591203662174,0.289493901636406,0.246134411353076,0.149715296443884,0.0163685192153527,0.0579170671787069,0.113642070351168,0.171696124955729,0.268611205635247,0.119340701588506,0.359770234925782,0.104711352236834,0.125281282889764,-0.0272372757443568,0.218089386296908,0.0872095133029718,0.0371405889678082,0.21166327960026,-0.082035453988784,-0.00867764135795113,0.125279026149526,-0.107968065147315,-0.0729083306836519,-0.0211930655194665,-0.120727163651512,-0.173513406640562,-0.0910601755818553,-0.138930707256276,0.0434894734512119,0.00860429097823717,-0.154406011465878,-0.106422610837289,-0.112350840551947,-0.185478921239166
-0.10966885933804,0.226249688085608,0.062690661347818,0.292657346285805,0.219688314809316,0.0954247355494514,0.22798427495615,0.418239772911164,0.152006084758384,-0.0716552619937911,0.0147314964714153,-0.0664665622292109,-0.218233216382736,-0.00362104244477999,0.220088348109842,0.0782463952928831,0.199330103818318,0,0.338588994310494,0.392839442875624,0.556347974829713,-0.0791798246902469,-0.0286841299321843,0.0722429637462605,0.0873615033746506,0.0260302222669978,-0.0237867114639577,0.0368679713846065,0.106496827001708,-0.103335458432335,-0.0379325312082516,-0.0484608708078724,-0.00692428635117144,0.645753570197869,-0.0660532358171355,0.340521917758654,-0.218921288666244,-0.0382649619995099,-0.116776164537975,-0.0780089041659781,0.29121029036335,0.0766917065340075,-0.191422057093919,-0.232017890880101,0.0494154622268941,-0.12112481384078,-0.14941287644028,-0.0643123590466804,0.0508627666253798,0.0181152390074123,-0.110125124799847,0.119634560532245,0.0853000731177192,0.197388363649597,0.191366195943103,0.0110243198665989,0.225223786619493,0.343542432636894,-0.0609128452123048,-0.0523085259465936,-0.00686756183746867,-0.090192995952015,-0.146391674955654,0.0693776372423542,0.149461226247311,0.17834825884668,0.0216192600491988,0.113221495967676,0.355395412895596,0.706804978741528,0.426648262362195,-0.109474229345155,0.022868236813764,-0.10065437293859,0.0818175537316072,0.0538824398088925,0.15100268009937,0.0153069569466348,-0.0427369811819469,-0.0593245050607191,0.0635939528157904,0.258833514624777,-0.196870961760617,-0.110865631527755,-0.0584519708039459,-0.157983781332005,-0.247664152755473,-0.0379317266026881,0.555104688589056,-0.113457748319613,0.0777926416380016,-0.0104727821911973,-0.117001362196623,-0.0476652428221037,-0.106362854671995,-0.177199566102736,-0.152919765069542,-0.104349995940029,0.0377733704988058,0.0273869712927016
-0.114756999841392,0.062281011874601,-0.101764528791683,0.163255664195042,0.0422275873561164,-0.159218685577338,-0.0537410747397818,0.133832484714613,-0.133893871405564,-0.186610457127916,0.200052927252397,0.297828130336926,0.121676517253402,0.396794083395848,0.357351408141695,0.0256228197720931,0.648320803792921,0.338588994310494,0,0.00238861184142768,0.424354994200842,0.142190356759596,0.135083884995699,0.316267560135483,-0.00216704748418709,0.064043768004275,-0.060391174609005,-0.0198921758862024,0.251688749178356,0.103380137654169,0.0922704568867311,0.0150368942092837,-0.0458834176725074,0.408007090270488,0.0473639507268091,-0.0910718312476808,0.179930969349933,0.00461006693544349,-0.0810127185184521,0.0634954932050585,0.0877151047867841,0.135840206301027,0.031219146030396,-0.222431729728775,0.0764445161786959,-0.155113886380119,-0.00926214670293015,-0.0506286279208837,-0.0289792995926516,-0.0534857255824327,-0.140117172253673,-0.0194444310142452,0.116661354836232,0.0809049125344298,-0.0267157975507318,-0.230143463184717,0.0057964631253541,-0.0804481297587354,-0.0927254874394895,0.0329620770092076,-0.00254942660010483,-0.00754925919173782,-0.10098399629655,0.160949169186808,0.271862654592476,0.306182038365817,-0.0468486699923722,0.475258895416419,0.49203420015774,0.350581632025129,0.187540299494669,-0.068498945653914,0.0712692856103488,0.0765290888174442,0.261032511504265,-0.0169438043393166,0.338138768439527,0.066466443035115,0.100660387340674,-0.0381552941819091,0.315170866544737,0.207463342913984,-0.0715612774837632,0.103990622801363,-0.0238847148161791,-0.0122123426010481,0.189122672950502,-0.072586493287715,0.0499164926696656,0.0219106619455883,0.0641773336624329,-0.150320071013524,-0.0592181491545281,-0.10549830886695,-0.0275847909417924,-0.0272375561125128,-0.118483168565674,-0.122240210107011,-0.106000846748882,-0.048231352511887
-0.0345234274863089,0.0827429010453145,0.159245114901959,0.117688475594637,0.17316597553104,0.300259714191262,0.339358032792873,0.224250160482338,0.428848479968539,-0.0740726492699182,0.012074118004398,-0.0717169411790075,0.0182266884120255,-0.0155499320176909,0.359044188886645,-0.0713412194353352,-0.0924260082973926,0.392839442875624,0.00238861184142768,0,0.477918742251092,-0.284270250805333,0.00776755847650414,-0.0770797705575982,0.089646699891061,0.106341755192456,0.161903245779791,0.0990371128622755,0.485176252423196,-0.134580492940244,-0.186408998978133,-0.127944534227186,-0.0368741441794564,0.151546981510505,-0.0710524586484822,0.479410897118062,-0.210994955213402,-0.0243979445091184,-0.0685506231006434,-0.157562922531593,0.121576252717664,-0.0344316083499907,-0.166452362360166,0.0108614905136786,0.047859156071754,0.0102300003804572,-0.0492077591775012,0.124218933275729,0.267049276334233,0.199472270332441,-0.0727676778315755,0.101218012539449,0.0129407039728994,0.0973905133439011,0.162155079501207,0.365266754434631,0.200019050873253,0.44649435488805,-0.0314239713777077,0.0199942840109144,0.0577239983474575,0.0923081325951917,0.00861921739737054,0.033507874801586,0.0368543764766481,0.257201033965023,0.290972567804512,-0.168555826294231,0.00446796453140624,0.355188835002224,0.570704028542318,-0.0400922487374379,0.00236408730001469,-0.000701621354361275,-0.0333905371592469,0.109289620118354,0.333603963214701,-0.0168606566959755,-0.131494710243593,-0.055916451668963,-0.00677794802948901,0.0439773783202302,-0.00500935861360644,-0.213387761333467,0.0621516967183982,-0.173281577291868,-0.0339780415910844,0.0848151075816502,0.640222631372603,0.132883021335414,-0.0503058133036692,0.0376806848852802,0.0789562680749078,0.0731208574358981,0.00908787481640416,-0.040313785588053,-0.0118198648677938,0.221203238910382,0.267177773854147,0.109538655191532
-0.119917777307073,-0.0551542480056143,-0.0231525341892761,0.0246105330957416,0.0306663358069697,0.0318468663313441,0.170706620687424,0.189823321342395,0.103655606191989,-0.027688499751443,0.184403323258276,0.118724735089817,-0.0563247161116343,0.0548589557095739,0.482055929140248,-0.167472420644423,0.261722685912057,0.556347974829713,0.424354994200842,0.477918742251092,0,-0.135482002583713,-0.0167976642447991,0.131854673830832,0.169408273283504,0.142106584933927,-0.00708674890392847,0.00285758945406817,0.325036124016215,-0.0699788222216701,-0.00434165782464646,0.0411103128299637,-0.0691563592328993,0.357061815898424,-0.120966004334712,0.160808132811732,-0.170225788506638,0.0312817853090087,-0.218512070612518,-0.143530814591853,0.0380994386325336,0.131546122020004,-0.131511020848536,-0.267888537405443,-0.0180210618754303,-0.177376955916639,-0.130050754125083,-0.0854484838625127,-0.0389171879176851,-0.0871340327618125,-0.108545339631744,-0.0777526505080904,-0.111698112933245,-0.0117504323597737,0.0143048612590598,0.0185997983667641,0.00415722839319849,0.20222491659812,0.0113745245116328,0.084752832749668,0.0676851972994496,-0.00634721931954343,-0.131264734064546,0.0388840020385997,0.182108254474961,0.330935171882756,-0.0303761259205107,0.137938244706986,0.272108889343758,0.565744891133106,0.641117368492945,-0.131135903584073,-0.0277112032974023,-0.130297843466916,0.214521983067091,0.147911121815174,0.343502068789765,0.00897951915291423,0.0162819386140046,0.0371163623423141,0.111925894936814,0.0939739874461736,-0.178594403485656,-0.0684231403557694,-0.0181859816755693,-0.116819620907445,-0.111282411503837,-0.0505647095842237,0.371605574700534,-0.0706074444608311,0.0285517727098254,0.021289309034521,-0.177825769091372,-0.0128817734151331,-0.0371011533247401,-0.163010389049607,-0.181513348872845,-0.0353115986997662,-0.0754278301654414,-0.0620528651948555
