0,0.317911520899689,0.405178538920441,-0.0778311264449906,-0.0231432590618811,0.155097887975585,0.138434177516903,0.0472901192694163,-0.12424869148799,-0.0534847257317132,0.117190204897309,-0.0320052011438413,0.116005938074806,0.314033236537824,0.259347199529948,0.483381815065794,0.189263887471345,0.250950003688489,0.221505844841522,0.232635721262915,0.332528470601841,0.19504233814884,0.292461760508085,0.0303224098088917,0.14592098569212,0.041977155617567,0.286704364072037,0.231961865243848,0.200857054033431,0.0944393205905845,-0.0521166201053654,-0.0237881261931077,-0.11428685166056,0.278954130284008,0.21710267571596,0.285860548841317,0.0416249733951179,-0.0170180803383567,-0.0302518924751452,-0.148294058261887,0.159727144614408,0.109786403630853,0.242298171192238,0.0349618966698138,0.251423933860487,0.273624882790817,0.270433235435745,0.416533697796494,0.413350630019672,0.146303443887148,0.657654038109228,0.324248782807378,0.0666908070037315,-0.286430647589631,0.321310028898109,0.209300888802885,0.101956784092369,-0.03536161535019,-0.12312562931313,-0.057276828031445,-0.0101294253515374,0.147040087762758,0.0893605898694723,0.170161675072828,0.190825588789653,0.142053615927717,0.152925739869565,0.267272391754204,0.107730070529041,0.127963270179373,0.182152694620538,0.161164895961082,0.127400475975129,-0.102350722121807,-0.140269302127707,-0.114720065013309,0.131498383080699,0.0746882781439756,-0.0417993861650525,-0.179220945056155,-0.154561552828426,0.0102488672200223,0.127425758138466,0.193590393643333,0.132835544334899,0.1752198689579,0.104009067238966,0.145391265244704,0.134845646985211,-0.26569101908545,-0.0741673457790444,0.0443130748617645,-0.172561661224879,0.0995399863851561,-0.10895002832671,0.0869147964492848,0.226619564105023,0.201118975411111,0.368475940780459,0.180070602213263
0.317911520899689,0,0.739694290727692,0.397891640709664,0.422033467499148,0.217696027465685,0.252639518898693,0.561852440478632,0.165406983416471,-0.0270384762278674,-0.0630270921441071,-0.0616842049372601,0.0737586881163741,0.205987768213685,0.175266048997039,0.371722521565833,0.209457858663891,0.470124353339028,0.20942289248873,0.0390711173166309,0.38411237254274,0.148884919723922,0.356842979386523,0.300305722421632,0.151095356675672,0.173785202586714,0.0488405671911178,-0.0549329301578084,0.188223224333715,0.194495000016014,-0.337484007200066,-0.0592458262992909,-0.361607651149404,0.146002526670294,0.037682563297604,0.126075790901087,-0.199034559258332,-0.129892378744035,-0.134288487352698,0.0649522279460406,-0.146713749964242,-0.195955488267398,-0.0882573088413782,-0.382935915487102,-0.0441971595143554,-0.0286155070196555,-0.0904225823614109,-0.071404289271121,0.0233953586266477,-0.228314858528035,0.469133317558353,0.692207644120004,0.188584497386184,0.0489151775171784,0.519783659087678,0.30519088415621,0.44228970577458,0.426953907175431,-0.0360220266769761,-0.0594802189715763,0.228329378334576,-0.0269271467316873,0.187179078328646,0.0734386372005434,0.403896539385431,0.165848129103253,0.196921772908921,0.275074238423703,0.155865975458342,0.461095019346953,0.380573827856889,0.325043910041462,0.355118784929842,0.218529400886014,0.124634935262327,0.101623762452932,0.243654612045989,0.266941800538978,-0.215054436867292,-0.115103207695164,0.193843585457469,-0.169212148467967,-0.0719609168973933,0.140860272463399,0.309158558246568,0.103229328595361,-0.133694736546838,0.0611456964938005,0.148700426411831,0.0278387855232084,-0.203948509257023,0.00243409005608266,0.111723671973132,-0.173786190391462,0.12219192653276,-0.263298764923534,0.035816356974937,0.0116848367668676,0.0654248165645848,-0.0208181064191222
0.405178538920441,0.739694290727692,0,0.230474525372829,0.318978572379931,0.459325670346821,0.243777587779941,0.542801629952408,0.38163157840944,0.0990676714213187,0.0206428874626941,0.125112469109679,0.275239297688949,0.399879236408206,0.336671335743744,0.41192822287858,0.381035488932404,0.456425940833374,0.345730916784775,0.0694568360802468,0.533726034023326,0.321849114524364,0.460828105761117,0.474953263389795,0.240745938191491,0.362272192487742,0.168591873736517,0.0553068481559152,0.340094244327422,0.365308246879283,-0.229819409334663,-0.13941073005819,-0.485422724693481,0.246228478417806,0.169102485525548,0.208928266585494,-0.0939420735656546,-0.264082439251284,-0.187033136309854,0.177405803926451,-0.128278035203087,-0.177140645536249,0.0429931743355026,-0.401318133626881,0.03253369528364,0.0465103429363324,-0.0098139312510757,0.0783317511304548,0.145464712795086,-0.230742810836145,0.446371391560597,0.689466301093565,0.154247084153355,-0.085048851806561,0.658394117927533,0.500407642741354,0.356030011333837,0.481606806483516,0.100982151018579,0.00437057002202911,0.372387488254585,0.139280813223133,0.399500898620572,0.159073674263673,0.494778538477033,0.302312618184024,0.210568702665,0.420022791656577,0.303887710300024,0.45725214382755,0.492207466848385,0.487079596274341,0.495721000893858,0.327831297041408,0.281229753820956,0.232113810629652,0.43686563056255,0.432045587624346,-0.184429014322325,-0.244283280818827,0.338912874479971,-0.106739465224929,0.0446504135147045,0.304103595821256,0.455791164333323,0.209374750063792,0.0273353649440418,0.147128350141866,0.241886626469087,-0.00833809443624452,-0.256988360450062,0.0678459132479673,0.210545716854964,-0.117786287980068,0.21560844615193,-0.288040658853047,0.0799907654716041,0.17363465341736,0.191044632329946,-0.0406493805913414
-0.0778311264449906,0.397891640709664,0.230474525372829,0,0.580507652175245,0.0573203424745785,0.377283561615038,0.400112879456031,-0.0283403818644791,0.0534819429089386,-0.0253776872146944,-0.0821254232550602,-0.196101981138918,-0.0728477887333591,-0.0759971565986903,0.239023799226134,-0.133457155126192,0.29201894829102,-0.118537879434709,-0.0112533802513864,0.13706477616418,-0.0705111277056996,0.0821848572847489,0.146487396710102,0.130323279985187,-0.0930488417984609,-0.208967899073541,-0.290963936800113,-0.000884404701664458,-0.00374810851483497,-0.144508885482345,0.0718458421884159,-0.0697215254530946,0.0185793883542398,-0.143509925800359,0.0195375503391367,-0.0642128426537861,-0.00794882437466504,-0.0638869451739669,0.200502535051359,-0.152024479358912,-0.347218024500584,-0.306789736440871,-0.245311518615964,-0.162222415036571,-0.215287045193029,-0.205638142626735,-0.187172921717804,0.034137663996261,-0.200848889588614,0.222428642597874,0.492367997323552,0.368793113013835,0.681054461658276,0.28225440688902,0.105548890205366,0.48857646806403,0.384132883583713,0.0503287802286487,-0.0858463013239893,0.180689950344247,-0.126870501732684,0.0829849912378136,-0.0500955893709908,0.174174952081769,0.0527616036303077,0.297691016091318,0.0581373429815069,0.0419036610960711,0.402552734862219,0.232489851072988,0.0941846262453592,0.20991488383765,0.317449304080466,0.0165631704748889,0.076900973239034,0.152742061031451,0.0960621725776448,-0.0690022970898811,0.0866157882833692,0.108442691500999,-0.0748988755433949,-0.149007387625832,-0.0862520280426064,0.0198484065028572,-0.0305081078937319,-0.0440238262449124,-0.202624054284719,0.0605934056031484,0.0296652601559878,0.0252561379797494,0.0817691402846129,0.237931468240786,-0.144507825077013,0.0804431249361665,-0.197362734244137,-0.146334466382582,-0.164729929568947,0.0455044787951083,-0.0584228851273246
-0.0231432590618811,0.422033467499148,0.318978572379931,0.580507652175245,0,0.210642229188786,-0.0772151237091914,0.0987235990540498,-0.00594652785639307,-0.004842895486371,0.0376314957296446,-0.0393053963647225,-0.212632098245545,-0.0858928755251247,-0.0485855275121346,-0.0377531642211711,-0.190602332088896,-0.0662447356701427,-0.185862296514087,0.0330786066813937,-0.0162359741616039,-0.225425734713907,-0.0448315472332365,0.0612113015464102,0.155077045527587,-0.0950044013908304,-0.105242457420743,-0.183264434782755,-0.0461530503277371,0.00247048110350725,-0.204991001001541,0.0418594063361843,-0.00960500425780164,-0.198566423245057,-0.300447210010127,-0.128337914691983,-0.00855806818458451,0.0465868284557307,0.0461174755225394,0.00892116381335278,-0.103186217149448,-0.334706013888979,-0.22594318832919,-0.147195845527906,-0.153845493179703,-0.156381576569525,-0.112094137746485,-0.210685341010429,0.102078567320052,-0.0556749332069345,0.159754150634027,0.232656469319529,-0.0553490182892185,0.422185420047074,0.489156894693741,0.163241484944331,-0.0221689144777434,0.188854287707796,-0.0532762169399116,-0.135633513208352,0.236237886717168,-0.198652863473507,0.00364955608600768,0.0411271816263866,0.0584911943512453,0.0599039686777286,-0.146053300086041,-0.069301655772301,-0.0550402647387293,0.116334107969144,0.0589085485187753,-0.0429261474859232,0.0282965909728513,0.0319864086055246,-0.19504513044207,0.0138107432250748,0.0287772820861456,0.00516634525966689,-0.0853886234339665,0.073840622079334,0.0270117953279564,0.0574950785732207,-0.161046405386358,-0.1087502667678,0.0694209609188971,-0.00390065027345544,0.0436194234853572,-0.0275507075005501,0.0590649197905528,0.0452977635566872,0.20558214142625,0.0671928373843513,0.17631988860034,-0.0587046082979627,0.0822633431963301,-0.026638965934809,-0.0381951381866308,0.00204501387359305,0.104703112034267,0.117581449553932
0.155097887975585,0.217696027465685,0.459325670346821,0.0573203424745785,0.210642229188786,0,0.211377095142929,0.323798419890614,0.630580099855812,0.597419070987138,0.259267358992893,0.367239283800026,0.188486682954332,0.273458880072332,0.192320536040729,0.189392610383229,0.103550553465376,0.147493119086091,0.103705664444289,0.0568466838920998,0.257876693241655,0.161980523117427,0.289420527391019,0.380753292084637,0.654501887755944,0.397551349379818,0.175998857909236,-0.0272284615481245,0.101534114432371,0.208627888009739,0.224857634515036,0.222875445464676,-0.0992507076744406,0.113525607251772,0.149252738505665,0.310657588679341,0.240105914700355,0.0614446158541095,0.132201340073887,0.398591616922236,0.0162450077134536,0.0178263855411537,0.212988952759415,-0.0191314943806485,0.115358365383474,0.0514803670815116,0.118963285317718,0.178849868145509,0.532204759877295,-0.0733659065033699,0.236007544969111,0.304510646394571,0.083119280844657,-0.157048428827021,0.692628862725095,0.872191283081727,0.106434556158879,0.382864858965183,0.430789822604268,0.164907907038704,0.476864943583371,0.114476979345043,0.303308030957987,0.17259884418937,0.220148680894632,0.153354640700265,0.247323549404084,0.266641942939318,0.22089411398995,0.178568316879801,0.214972515502414,0.257312306881853,0.256514520263601,0.312399735340905,0.0992148451925223,0.544366376133493,0.279789739121236,0.233099477390544,0.239288398100851,0.0217027528360459,0.18355307036482,0.0992380343066063,0.144251019906029,0.264057229532686,0.321188818244639,0.135216865775764,0.398498264240042,0.127956612929594,0.286061089814774,-0.0800459915961372,0.163741365690779,0.584210821724572,0.403414531621504,0.306562908294015,0.239544558257113,0.053026437796662,0.137338795000906,0.276811846831202,0.592090163774929,0.117119332073482
0.138434177516903,0.252639518898693,0.243777587779941,0.377283561615038,-0.0772151237091914,0.211377095142929,0,0.537382671618748,0.122397751626296,0.200870206585792,-0.0296579178107067,-0.0453627004673018,0.074168210228448,0.260699120751354,0.219467329099028,0.504069114538396,0.169814349321928,0.5363698916897,0.297024831489655,0.233540719647588,0.390829826494292,0.247645009344309,0.364570693413557,0.363902271657258,0.22323639812864,0.0537411368019588,-0.00757216882108146,-0.167504315726689,0.276373459640562,0.0969646799868687,-0.0369200404448581,-0.0230548000972503,-0.233060633900762,0.316623466115151,0.222912480839487,0.38554311059802,0.0808831562279216,0.0626708193085142,0.0695751605502247,0.484378073507563,0.190919385444536,0.0623927758371204,0.0394649929272163,-0.105546240150462,0.0788472166151369,0.099659643875801,0.067937884007307,0.171642375762756,0.172727777188358,0.000354960172166849,0.302757896851974,0.589157523053365,0.552991215564592,0.212158902421046,0.207355629898726,0.291584416546224,0.734887644755342,0.370065273691546,0.183027657483293,0.0532230988974475,0.112069621721783,0.187384883863451,0.143993663311896,0.165207337702769,0.370683185017822,0.185854314096677,0.761974242500447,0.301788031571761,0.042150476750808,0.412417406274221,0.39411288513849,0.245128718274814,0.333602504805474,0.545178881982859,0.220424368612501,0.20312309703576,0.279802617826837,0.202963274509562,0.0166772786239235,-0.122117702993761,-0.0536882226102361,-0.151707011809997,0.0154838883570056,0.0697032045741632,0.0220569827574318,0.0801973177892925,0.102717180311099,-0.180936200006986,0.277772909612899,0.019220603497929,-0.144850257758745,0.310112642212108,0.340459734703949,0.0652904605307333,0.120328556587048,-0.151556922978402,0.105866395027817,-0.138926534163693,0.22059859034597,0.124679506018197
0.0472901192694163,0.561852440478632,0.542801629952408,0.400112879456031,0.0987235990540498,0.323798419890614,0.537382671618748,0,0.508904532364736,0.287026709743176,-0.0616868470600527,0.117892843618502,0.162504874850624,0.213756805102597,0.151399973138821,0.367251415581477,0.298506474986073,0.692452148314426,0.331586127845894,-0.0184708101679516,0.432983161497342,0.225049889423618,0.427599982260726,0.524997102048559,0.271352852974424,0.266325797744795,-0.0429341772980827,-0.222787198976816,0.230932203538766,0.173016980365921,-0.11532693346397,0.0186886368064559,-0.382130699161701,0.282218185339942,0.154868420613518,0.338212965142446,-0.0948914968860457,-0.161244021899841,-0.212474476723098,0.33149752148514,-0.153415326471597,-0.0752692058535059,-0.111205508393944,-0.335200341992597,-0.0430205637429254,-0.113880495565909,-0.181547620118582,-0.0845287113500986,0.0163537666970751,-0.302188615333375,0.224835638335371,0.680460130246034,0.35173607019978,0.129325508936715,0.35117583248683,0.418942493279484,0.746393682814534,0.788124695983687,0.346718041519437,0.144233255569451,0.327874401305435,0.142347640940961,0.341234322841617,0.0906968051668626,0.486933383091501,0.225617424952418,0.509311029415655,0.373099991359923,0.15841072959162,0.600044771722089,0.50793938846026,0.375076480001795,0.483807065576465,0.511380731090982,0.487705090278501,0.385979272954188,0.454953498680666,0.387642237037427,-0.0371715941510802,-0.0950664763551146,0.283375338232067,-0.271145366323296,-0.0451584500906409,0.154589370818712,0.280601465365306,-0.0114717402651386,-0.00931470146918966,-0.162013689659529,0.306150686864629,0.100387326988314,-0.280404613876966,0.187903261429546,0.283197089709638,-0.116343604063234,0.181997947588826,-0.331673009133273,-0.0567015131929147,-0.142458999379644,0.0794127946825386,-0.0994887827699221
-0.12424869148799,0.165406983416471,0.38163157840944,-0.0283403818644791,-0.00594652785639307,0.630580099855812,0.122397751626296,0.508904532364736,0,0.460696367272363,0.0554438179389554,0.364521193087493,0.302544767720205,0.179302888383493,0.142574717107689,0.053363094793478,0.260899445108062,0.228903116875184,0.159717153187429,-0.00201024126789988,0.248961600125075,0.194256229770004,0.200439805078798,0.460881905910709,0.342054153762841,0.435997971736849,0.0539615574945766,-0.0461086382478276,0.153602881516174,0.149382557902172,0.144579361966562,0.0896227037852247,-0.187856998471482,0.109070788938787,0.167975522983225,0.35030392395853,0.136635155115498,-0.10502721864029,-0.099981408872404,0.337766918854275,-0.0553219708579326,0.0145084017351284,0.0698221985767473,-0.083280060781592,0.0854714711287823,-0.106788783364037,-0.0949439790692994,-0.0361474057260073,0.166305108501691,-0.150779104306548,-0.00433444867426797,0.246064786716385,0.0696334756367809,-0.103261411158253,0.295298243851146,0.585308855990595,0.219811258678481,0.639155377454322,0.481096493427254,0.269199010543885,0.391008617498435,0.142168909215712,0.283105443334884,0.0475257257468854,0.240399342758067,0.128320442785656,0.271056945097865,0.253301497476157,0.216209386503648,0.256387583756127,0.271133547289647,0.266708445306081,0.23508796012222,0.387391205016233,0.467319688214445,0.454492821391089,0.330451669526871,0.267747714887357,0.161097993838764,-0.0326923075439286,0.343840306539728,0.0100680047850805,0.0575092834284124,0.194073311734256,0.295696024472307,0.00733970696173086,0.227950084544691,-0.024295090643982,0.358608530488882,0.168805792365974,-0.0918016411034887,0.264970088957462,0.335367647815581,0.0268697896746307,0.242111767206066,-0.0637266419564519,-0.0410378716317445,0.0408705918980058,0.220091376850767,-0.0158003092321874
-0.0534847257317132,-0.0270384762278674,0.0990676714213187,0.0534819429089386,-0.004842895486371,0.597419070987138,0.200870206585792,0.287026709743176,0.460696367272363,0,0.406628210456442,0.519510312696386,0.0974133165268557,0.00226738762552758,-0.0330680391435695,-0.0206580193735256,-0.0500435486690365,0.077041636497418,-0.0711130754275605,-0.193745662968633,0.0297709767771192,0.0145551877229877,0.0669452870721333,0.392636253233144,0.719191912699225,0.347265409718832,-0.0279201213905731,-0.246550863962356,-0.0422144622240777,-0.0347425803563855,0.451755149604162,0.354038136964127,0.022080693599588,-0.0510674170666163,0.0376671685192662,0.152897606714066,0.135421056905928,0.21289353772943,0.104674334318843,0.577199682005317,-0.176478253207968,0.176516670514711,0.11429704632068,0.142099202801936,0.0637366529926595,-0.151464995023218,-0.135525427810389,-0.0683267814978619,0.295340073867984,-0.147008907289462,0.11690547614776,0.105742483300147,0.0682595335981224,-0.0353301409424642,0.255833795648824,0.592736431459976,0.164787771329139,0.32787247940067,0.812648473514679,0.414243881148951,0.483610488847797,0.0698736485535979,0.182539546686099,0.0421976731274666,-0.017158544657721,0.013536767331605,0.287729041324855,0.0280761402502019,-0.036168051565619,0.0436805921907837,0.0111810338150425,0.0566121106072011,0.0432507091553052,0.355047320733177,0.185927088168692,0.684378353431521,0.124001156159322,0.0260883134521799,0.368839439357751,0.172491502929414,0.0461294541305002,-0.0658385641033909,-0.0316057418868213,0.0407935950020508,0.117963457737541,-0.110523400588747,0.225761325737538,-0.0976362061607819,0.152972058292879,-0.0405537792961816,0.153467578980973,0.718095152386725,0.415729024514817,0.289168325850241,0.203381073274571,0.138540405475811,-0.0379154272325351,-0.013705427478189,0.372851757911626,-0.00136564833957466
0.117190204897309,-0.0630270921441071,0.0206428874626941,-0.0253776872146944,0.0376314957296446,0.259267358992893,-0.0296579178107067,-0.0616868470600527,0.0554438179389554,0.406628210456442,0,0.669749020802424,-0.0977862721843702,0.0253239292998583,0.03775971031703,-0.135572311578835,-0.271660190819109,-0.219762476317003,-0.173083142155067,-0.0371230667619385,-0.145797945847556,-0.24950641109046,-0.0814215007906576,0.0339550155629028,0.366605027925621,0.235679792899018,-0.0752166446961188,-0.13798221936134,-0.213175354980348,-0.162300684714796,0.100425900182491,0.19200569483888,0.0191717161865947,-0.251351728613636,-0.227169812200887,0.104405745908809,0.158211685388306,0.182740843299913,0.126080174572244,0.0809828407311711,-0.164435909813072,0.255005684243769,-0.0357804278425282,0.226402036109027,-0.137913119840882,-0.0160235025682987,-0.0428684184445923,-0.00654321282749765,0.40573160866389,0.164393093896662,0.206543872052625,-0.057202765966104,-0.194592874199068,-0.142794320819651,0.152381193078837,0.269882757872761,-0.121046150122285,-0.012681136738782,0.312018242090686,0.644271758177798,0.396829512080734,-0.085639974486834,0.0390670113664514,0.119208319054056,-0.0911630222061383,0.0334776986418689,-0.0413842191941037,-0.174383456777972,-0.246101799943942,-0.273289023192533,-0.135284685059788,-0.223954681355617,-0.1744296619998,-0.0831691020354089,-0.121579695024646,0.435351127588533,-0.128328003148148,-0.0806353301902878,-0.0460649448445423,0.104039209542039,-0.264615592898119,-0.205346882565051,-0.12555128269474,-0.153857773715953,-0.0738529842411669,-0.164401516482318,0.179523354794974,-0.0204079824008265,0.13621884524658,-0.139089465057484,0.0480936059474129,0.30224777220481,0.0830022083835961,0.435447858311822,0.0373596722150359,0.330850617585682,0.0786765972195798,-0.00352788559189782,0.41559545939182,0.287645238424852
-0.0320052011438413,-0.0616842049372601,0.125112469109679,-0.0821254232550602,-0.0393053963647225,0.367239283800026,-0.0453627004673018,0.117892843618502,0.364521193087493,0.519510312696386,0.669749020802424,0,0.241367053767935,0.206382729723622,0.163968404720661,-0.106205628503849,0.0557299929474553,-0.0519910329222071,0.0572182366793699,-0.12901542513512,0.0779159036130936,0.0172868582579841,0.109068384439121,0.339654968349975,0.348086072322025,0.548972925659834,0.0189451175437352,-0.0724501758378086,-0.0396715465030119,0.119023691375907,0.161221735487013,0.026824849250551,-0.147861706727937,-0.0872218442748848,-0.0637199350117124,0.0878671131344385,0.103347462239364,-0.092869319562596,-0.056788480351313,0.253931082812697,-0.26233464301681,0.146960510621835,0.0428102455442174,0.058512150976188,-0.0164799396810365,-0.0955715177384285,-0.134487751230234,-0.0422987857467592,0.210421235102027,-0.103732855088376,0.0130892752836231,-0.00224238910239193,-0.127379501284953,-0.128236096920085,0.163867514149106,0.355050571063678,-0.044854634487947,0.182451199315488,0.481129506795451,0.634330793142779,0.592753410910319,0.118584693656032,0.342219857910168,0.195425762594726,0.13455118015324,0.162974311720015,0.00674665770130874,0.137057111688948,0.0238571064863075,-0.0576043761978486,0.0687864647410382,0.0973498715598447,0.0916465874266136,0.160081669630435,0.225511328975908,0.583467819534168,0.104795288768875,0.230445062386385,0.0696825783441638,-0.0822003319370564,0.0820911481011043,-0.161262244073791,-0.0784531864091149,0.0853820901400447,0.193085631211807,-0.0874189627483444,0.126978228936572,0.0092479189267518,0.139653643403895,-0.0336357949663904,-0.152874292666074,0.218678330009492,0.229470521113961,0.278979740998409,0.109988651878411,0.09493624117422,-0.00293195191127259,0.0928242293789452,0.283036912094197,0.0377469539679328
0.116005938074806,0.0737586881163741,0.275239297688949,-0.196101981138918,-0.212632098245545,0.188486682954332,0.074168210228448,0.162504874850624,0.302544767720205,0.0974133165268557,-0.0977862721843702,0.241367053767935,0,0.687137547942365,0.61909497635016,0.219655445407302,0.629892894237689,0.190548051092551,0.552445512575056,0.162331544513099,0.43949608411099,0.553918841195851,0.545462872964245,0.331410356394453,-0.0158879444175999,0.436271401650368,0.534774454299806,0.484127151981309,0.482107745695082,0.648173906203938,0.0482237295822463,-0.34290843234895,-0.392195794404914,0.410221625493909,0.494288022262213,0.101438608405979,0.115304819375256,-0.249553696755613,0.0559163641738169,0.239738657357247,0.167531381672161,0.143479309668821,0.465266119227813,-0.131210053285714,0.332042108853583,0.452039972316877,0.38053545066957,0.381359274807187,-0.130592695526928,-0.0413665038642663,-0.0521569537524235,0.193839063378158,-0.0336109809483535,-0.257286630440957,0.201645100570412,0.178125613851011,0.0409019813746231,0.210916667578529,0.190449305564333,0.0577499505930744,0.234091909760297,0.759869907102184,0.622486663505154,0.353087311023059,0.472239142158797,0.578308980293724,0.0840651630809759,0.614828722444975,0.438713574642391,0.243815514700355,0.431771549539287,0.599500406979175,0.517252010209721,0.293528648384562,0.385332046210746,0.120695349965012,0.439485815372684,0.559459297646064,0.0286232939138329,-0.441294018810619,0.329916946067173,0.170884167656245,0.405347978699083,0.575079843570847,0.609544728601554,0.410511243873857,0.163142773823168,0.464437752157824,0.158783805868819,0.228827468423571,-0.188947549806491,-0.0409036003062271,0.239809321331547,0.0223544360927216,0.378066694097357,-0.125788529703744,0.397946653278562,0.4698472809143,-0.10217682249769,-0.0329579582451505
0.314033236537824,0.205987768213685,0.399879236408206,-0.0728477887333591,-0.0858928755251247,0.273458880072332,0.260699120751354,0.213756805102597,0.179302888383493,0.00226738762552758,0.0253239292998583,0.206382729723622,0.687137547942365,0,0.8336892083279,0.374863745323717,0.579340818692586,0.306282616281044,0.613378635054054,0.404961866694476,0.597902329023413,0.494043935783683,0.702150889575068,0.342749989242239,0.0014348167955853,0.346766254371496,0.573940301098516,0.463735320310556,0.508774455530081,0.657755238986269,-0.0821969533859326,-0.363551593488164,-0.431184359866855,0.471939933704483,0.441743174757234,0.30106532883336,0.236650247340675,-0.204234695842034,0.111229179604223,0.173838462242774,0.298506053652119,0.158372674880857,0.429732878996972,-0.131805299611969,0.330179091853863,0.61369618208638,0.547459796613459,0.608166914719814,0.119491418982663,0.0912206450863749,0.124014095085351,0.325439794793936,-0.0458794140827686,-0.277747107183912,0.380657391922437,0.293892064980162,0.110783218144905,0.166651835247062,0.0235142013094663,0.0482762810442393,0.197227983813372,0.667938663820354,0.635899275784926,0.608398346992277,0.679327025010503,0.746531332113355,0.171001682720258,0.699093151015691,0.38320297288413,0.256066573529071,0.566126747961559,0.564850985505271,0.594979618952272,0.27623299132331,0.213374484526283,0.060938977431703,0.525454666124849,0.633329424765278,-0.0922999074485981,-0.495829494242899,0.14267349022492,0.0907328743532719,0.377771227501669,0.535549612249976,0.580850547413575,0.503249954840828,0.304211874184069,0.455885079073175,0.310722158551712,0.106998440504846,-0.220865074611083,-0.00342087111027718,0.207844705513126,0.0965863781051439,0.254473616157412,-0.0931520632283884,0.552922122611673,0.581832805676513,0.147427111911682,0.135787149905006
0.259347199529948,0.175266048997039,0.336671335743744,-0.0759971565986903,-0.0485855275121346,0.192320536040729,0.219467329099028,0.151399973138821,0.142574717107689,-0.0330680391435695,0.03775971031703,0.163968404720661,0.61909497635016,0.8336892083279,0,0.264534492117484,0.533766280404134,0.222898770049942,0.564961376584481,0.489653810966367,0.564727166826045,0.402387938022437,0.611667763784546,0.396997334448558,-0.057386096517501,0.290019602265959,0.533025322875703,0.513730360884405,0.596737554323844,0.611834806196805,-0.123692940194619,-0.363514182547686,-0.409866497771728,0.3559063157803,0.346693155254857,0.309721695514503,0.328169176597461,-0.145054814547961,0.106077343204452,0.182359124340867,0.272544280887507,0.138593748783933,0.310786737840777,-0.0548433659171942,0.277577458333751,0.562237919195792,0.452835252834741,0.516359952480972,0.111213418881708,0.147135052290688,0.0629499217180355,0.23248735294683,-0.146878724142772,-0.285519127828303,0.305546234421957,0.208718739153947,0.0476980992140366,0.147481344296802,0.0140934894156947,0.0805698192212314,0.224131092049763,0.577984275431192,0.568120103670364,0.575648116682031,0.652248292942081,0.80975107857314,0.12538902301836,0.569001583709304,0.257618173833033,0.167597208050525,0.593371643443358,0.458369680536603,0.488489219256238,0.291936917314192,0.203891443584916,0.0114098985446599,0.563317105733753,0.632112799041758,-0.158698355705653,-0.492171760546487,0.123049656861599,0.0724357867439195,0.301000231421373,0.415872847300641,0.524943368001432,0.420835429879189,0.365210918174039,0.438886290729721,0.402403182995638,0.216774538392732,-0.232353459136844,-0.0690484014939939,0.241644001515669,0.0434316348037748,0.182319006896877,0.0106272179056058,0.500328476617616,0.488504556063672,0.0903592676456221,0.20588987050886
0.483381815065794,0.371722521565833,0.41192822287858,0.239023799226134,-0.0377531642211711,0.189392610383229,0.504069114538396,0.367251415581477,0.053363094793478,-0.0206580193735256,-0.135572311578835,-0.106205628503849,0.219655445407302,0.374863745323717,0.264534492117484,0,0.437001905836795,0.673884581143687,0.387174504366359,0.0815245031034156,0.570126883502816,0.593526763631701,0.540633835771726,0.240842652385987,0.138573701985731,0.180558483534688,0.21596433677884,0.0710529174489256,0.258106726796833,0.332130371810579,-0.0954007131639155,-0.084226940426282,-0.140745375885905,0.690362264592421,0.481810312450155,0.155201496462055,-0.101049347866381,-0.2488168039575,-0.0578705581294228,0.138942948282489,0.110841616238576,-0.0905354881363383,0.258153594902942,-0.358141041023507,0.0640176807010175,0.139936740079963,0.177565897551799,0.328748905378651,0.0625871931261199,-0.291062434212512,0.477474422722515,0.626128987574507,0.553961793789164,0.027574984096737,0.333859540217212,0.269347152786621,0.493039484813792,0.221176340071887,-0.0493617075076161,-0.149140495465007,0.0185369422053756,0.240611173228404,0.239442614556088,0.164869978802848,0.420802647205644,0.195980344660579,0.417203728634389,0.519140481683685,0.478481072934363,0.596698302366377,0.431514068358224,0.490982641063999,0.49405602355887,0.289501580682073,0.189027692952546,0.0287937690939179,0.315985594866664,0.334036347048861,0.0508459412571475,-0.183975327366838,0.215082446732523,-0.0109544947601081,0.143768114850574,0.415600323857805,0.222504321415742,0.198325965200313,-0.0402055826666221,0.031824339440463,-0.0339771333538778,-0.263135219212183,-0.0828314620619725,0.0388856594485332,0.0532285400674673,-0.02690743006542,0.0925534875625046,-0.359735732903767,0.0767909603436612,0.149960997769659,0.138705585118745,-0.253196277681507
0.189263887471345,0.209457858663891,0.381035488932404,-0.133457155126192,-0.190602332088896,0.103550553465376,0.169814349321928,0.298506474986073,0.260899445108062,-0.0500435486690365,-0.271660190819109,0.0557299929474553,0.629892894237689,0.579340818692586,0.533766280404134,0.437001905836795,0,0.524785115784637,0.757644211823878,0.11754641055741,0.67746432074759,0.7206893174211,0.627522332064852,0.484106924940783,-0.0330675075280636,0.454812236492508,0.378355379974773,0.337852054328642,0.503003715599299,0.608199278676403,-0.0775637136233982,-0.304586369568017,-0.398844284651946,0.671266898308694,0.583186360944564,0.0969733814089261,-0.0612771811426505,-0.490454732517917,-0.213886129137633,0.106834348879979,0.0909953045708765,0.0539865458127955,0.34074014551979,-0.37806146864876,0.200817417130154,0.255053002439561,0.224966374994939,0.28979904988405,-0.222560202330471,-0.281163230113266,0.0219131354139772,0.293500007908869,0.166248411814109,-0.255692619014581,0.139543614255272,0.169362664032389,0.187226953007491,0.249887016945752,0.0937721469974941,-0.0111096800542516,0.0789559974259149,0.495781491283319,0.437149233639234,0.290376152354331,0.596429578237663,0.420247307107284,0.169441913608229,0.69938107029284,0.5881041983615,0.503376046403837,0.589180313812878,0.671570176915538,0.609537669438992,0.320397877871507,0.602611267545126,0.113065051300024,0.513719229412378,0.597450418448115,0.00468897669548016,-0.351204028596972,0.511556108601699,0.103154762688601,0.305100870415908,0.58346985986002,0.498033938827786,0.337538340434265,-0.0222071564867857,0.247950094088253,0.125698415391292,0.172823006159336,-0.285889089518008,-0.171554748051739,0.0565358273839166,-0.176594230811742,0.301266598242191,-0.401761357432187,0.203701957637482,0.332318215476823,-0.159541424128042,-0.268075473979926
0.250950003688489,0.470124353339028,0.456425940833374,0.29201894829102,-0.0662447356701427,0.147493119086091,0.5363698916897,0.692452148314426,0.228903116875184,0.077041636497418,-0.219762476317003,-0.0519910329222071,0.190548051092551,0.306282616281044,0.222898770049942,0.673884581143687,0.524785115784637,0,0.500649538666536,0.0423299266592126,0.681920325917193,0.577573734421613,0.613033550539616,0.475281292763036,0.129387493653408,0.270289360715107,0.000659164475209935,-0.105066708198426,0.306521488840047,0.345977063169374,-0.184479899478913,-0.10358527457216,-0.369404907421913,0.676406833209894,0.466379975335414,0.289900400528379,-0.237310846796284,-0.401520646738592,-0.305826553475867,0.186931260006418,-0.111849296341423,-0.0864017337056371,0.0047866188286703,-0.536303084363931,-0.0256118566164477,-0.102167900687775,-0.0975370300702896,0.0680922427399219,-0.06557655579343,-0.491742768094794,0.316330447572779,0.638174518062195,0.497998224438194,0.0344378472594411,0.218223901919051,0.300697573643307,0.687339447644162,0.46938079060454,0.12743388003638,-0.0173377184015517,0.113272402990877,0.179889142851554,0.308861501431092,0.101195109598461,0.548805180960659,0.209852381650283,0.54308172799309,0.512854695926867,0.461354378980269,0.76718994073901,0.611532282261511,0.553890791509496,0.62796867394564,0.472724421534727,0.460853231304028,0.209788470042706,0.47209590100435,0.467511553734998,-0.0732795979013634,-0.183685182102447,0.365268900501322,-0.146865215686024,0.0581721025377589,0.350630298661715,0.21221530772644,0.161172942125413,-0.138112143152426,-0.144332233107602,0.159679106245691,-0.0755204279398546,-0.355820928987349,0.0267298988125795,0.0766108066338767,-0.216039358211006,0.0994410375743884,-0.547936204077067,-0.0934843349324873,-0.0342574687244423,0.0496904105520785,-0.349424831355296
0.221505844841522,0.20942289248873,0.345730916784775,-0.118537879434709,-0.185862296514087,0.103705664444289,0.297024831489655,0.331586127845894,0.159717153187429,-0.0711130754275605,-0.173083142155067,0.0572182366793699,0.552445512575056,0.613378635054054,0.564961376584481,0.387174504366359,0.757644211823878,0.500649538666536,0,0.205136392024372,0.641485048363555,0.554755223908001,0.654384582622471,0.438868382311463,-0.0379274938118184,0.344595466385016,0.348376051743539,0.289300705813503,0.452361355223242,0.530500327014146,-0.120198560208742,-0.318117182414822,-0.422232623876375,0.574770976017352,0.405625111990149,0.167761838642787,-0.0220620323071728,-0.383876407974948,-0.162388540670179,0.0898093179651844,0.121193487420956,0.135950417664265,0.234400040800837,-0.278528359573462,0.162188148284476,0.287015093029545,0.229685259116719,0.316928361489406,-0.123039758523626,-0.130900367080127,0.0593452794867825,0.330498519524882,0.154134474450536,-0.240305074919064,0.179937337901793,0.164261960684971,0.247506833539814,0.229842185369928,0.0122545071614743,-0.0156195285272349,0.0303901880564831,0.534586265289498,0.390853204679981,0.342777601381367,0.651234748442723,0.46959850370193,0.201749228928076,0.690995050506245,0.449132995542472,0.455492525964285,0.597903846107659,0.56293307623841,0.594660743788087,0.274256759116327,0.539233699022528,0.0719276612527986,0.486045398725889,0.569331924971604,-0.0852655388432376,-0.351277413241489,0.338634788875308,0.00394596029242449,0.257256982443786,0.495935169520103,0.436508872189243,0.297242890270691,0.0594978226988251,0.232682743611176,0.199158909422366,0.126391834280126,-0.310103290623425,-0.144806511622542,0.0343731455210184,-0.092795720285866,0.177536502444103,-0.290109866530252,0.225158053259676,0.293511272552057,-0.0589793414341188,-0.0958603757820382
0.232635721262915,0.0390711173166309,0.0694568360802468,-0.0112533802513864,0.0330786066813937,0.0568466838920998,0.233540719647588,-0.0184708101679516,-0.00201024126789988,-0.193745662968633,-0.0371230667619385,-0.12901542513512,0.162331544513099,0.404961866694476,0.489653810966367,0.0815245031034156,0.11754641055741,0.0423299266592126,0.205136392024372,0,0.289766300488997,0.0563025666661084,0.230056450926965,0.106070280865564,-0.211656755435999,-0.0535119857839029,0.362295329541682,0.360699465001544,0.485244641783042,0.163848613079744,-0.132552323880275,-0.285389392798165,-0.14987888183147,0.16222617911884,0.165867962585163,0.535163990649566,0.552612091188542,0.0446059892200186,0.210307038200367,0.0944144165960266,0.582322013202098,0.0793600999547503,0.106770460205383,0.200503616976782,0.279072972618256,0.410497618002958,0.431028145550065,0.429120452839564,0.302585807552807,0.472241199378512,0.0094020398887965,0.0143286976953211,-0.253944128923049,-0.0828509406454267,0.118392215326296,0.0417055001229986,-0.0349105948205608,0.0278736424751648,-0.131303854454058,0.0154328628560205,-0.0421766837039537,0.241511569720912,0.167075373550183,0.257457391550001,0.282207473396819,0.401685983899329,0.168559647196615,0.14430241457301,-0.0169835201165162,-0.0155821006153465,0.315704447930893,0.0722668205175558,0.0816099363522653,0.204735929856687,-0.0564178910219926,-0.208095407433559,0.347863907092839,0.226726124378481,-0.146963847364373,-0.349106515255304,-0.11896058439543,0.273656841618021,0.232033191026718,0.0878232757260407,0.199084878776395,0.284786938111962,0.507162683818985,0.230751327548721,0.636726702864961,0.388090943458936,-0.0152224327003622,-0.0558600625098754,0.176824589714756,0.0263350781893799,0.00559775837218705,0.209585285440457,0.341927038041328,0.268569030940465,0.203400342824719,0.509527454444123
0.332528470601841,0.38411237254274,0.533726034023326,0.13706477616418,-0.0162359741616039,0.257876693241655,0.390829826494292,0.432983161497342,0.248961600125075,0.0297709767771192,-0.145797945847556,0.0779159036130936,0.43949608411099,0.597902329023413,0.564727166826045,0.570126883502816,0.67746432074759,0.681920325917193,0.641485048363555,0.289766300488997,0,0.633859029694509,0.678344793856332,0.605321399116219,0.0781983780112064,0.465444069594749,0.328877189125325,0.180546490816863,0.559868501164833,0.581073183006437,-0.112749901434716,-0.325197833477269,-0.505346334971595,0.626738635737587,0.48587613774963,0.244515322916736,-0.0680224233059396,-0.480399122440854,-0.252674202008134,0.228379217643872,0.0288067511946557,-0.0610431138572867,0.197669076230181,-0.45548659436575,0.19922866123196,0.130810798746604,0.138171421071749,0.267294605460228,0.00906520244374341,-0.351808158559654,0.228990780345188,0.516252174400452,0.241943724787898,-0.0838427270783527,0.33497861119109,0.344771783587643,0.37969480314765,0.336271615089781,0.0970086945068669,0.0348719620885859,0.237519593645868,0.354182316375152,0.492983520562136,0.313460966545811,0.702742076403591,0.492757354755016,0.37592740621466,0.67323614622879,0.570853978921454,0.651991641406488,0.782730886596542,0.673235082094803,0.672404808192803,0.491904884180978,0.443320804644072,0.214136721036642,0.617993827492474,0.661099093129467,-0.0830411946973484,-0.460178366977393,0.482291744791874,0.103189496014311,0.201261658281087,0.491107509727482,0.493063064948774,0.35873416550461,0.0454079821897117,0.097971083391252,0.276520166922798,0.0738050820981248,-0.365934070527682,-0.0404672358958387,0.174305729175807,-0.211590584905483,0.141582424416238,-0.455411341582858,0.0975168828689952,0.301271652746447,0.0850046383198851,-0.207559659101954
