0,0.0679536053899354,0.338048749345533,-0.286734938825607,-0.101556498376074,-0.0751733544132376,-0.148160469023688,-0.0654408136402423,-0.00344488937035368,0.157067341566282,0.0647047781606491,0.023834670069836,-0.309855294836636,-0.290989423660338,-0.188480540214766,0.0776440695744513,-0.305778887360954,0.0865901499218442,-0.413336657480965,0.0482972392763195,0.0319112830116397,-0.292967795984771,-0.197458931907649,-0.215577887841844,0.465640392205986,0.00810522951862473,-0.254976540547579,-0.274624349705467,-0.351933384867208,-0.0152972136253826,0.223456773492532,-0.0858305868766415,-0.157594456840017,-0.209191215875618,-0.230448780742429,0.123377776358063,-0.176620941186637,0.141547210558511,-0.147923788175924,-0.0909957349580864,-0.18018192517142,0.323224154964507,0.116616753692373,-0.0483486630462278,-0.159434869185602,-0.127406678924059,-0.431565439129975,-0.149607292101771,-0.0529912256497383,-0.208891796078481,0.465942492407337,0.292451311179633,-0.182807835635069,-0.343786725429215,-0.124657067254062,0.112182110964963,-0.0518548190607076,0.0555138301606268,0.0986273236802431,0.0280735546294406,-0.0887561727511351,-0.232801873907936,-0.315379419555038,-0.218802390550739,-0.258052959989042,-0.153377608161207,-0.043968452432213,-0.321743048768417,-0.375548663125465,0.0742646819487561,0.183377649828595,-0.325537818295164,-0.0354832629918273,-0.0346513980226539,-0.178231885333437,0.122961316568903,-0.347621087934992,-0.182853941560161,0.194547311392519,-0.131562226119026,-0.0765205084720343,0.0558220894006027,-0.00273069432750077,-0.115791405672073,-0.239196732141531,-0.285001676701204,-0.179787405417817,0.01789779950564,0.0233519503145487,0.0260342203001299,0.0451363826829988,0.423936865186443,-0.239227844157713,0.240521577262209,-0.0976485201479978,-0.123585412212044,-0.102906384334404,-0.115873515244463,-0.09109905338385,-0.19578791715718
0.0679536053899354,0,0.370605397931999,0.39805257803966,0.666843865795438,0.245681587636767,0.336583296362695,0.630254855923016,0.546609838078071,0.0313731602664733,0.0517040668542651,-0.0538122514977074,0.0902151414586992,0.0939165566473662,0.188089436652134,0.420550635524568,-0.150434656402143,0.0180259506598109,-0.0200643808919589,-0.0350312810696263,0.126350238151217,-0.206263967742095,0.00825315978175083,-0.154260162271348,-0.288454690782261,-0.233940617758875,-0.171964948134368,-0.141180924488047,-0.164960553843637,0.0202822408562343,0.0599249176008887,0.0123922949493964,-0.0250233194691702,-0.210857029233767,-0.179745068838772,-0.00265030725581697,-0.214139581969607,0.199407444212561,0.0410975581794897,-0.0525834048170417,-0.106114822322866,-0.036732595098563,-0.0673823270109726,0.00909489460168201,0.0558658341325914,0.0785882808100929,-0.00973406840704298,-0.108786332065679,0.16839110378197,-0.0511063780060619,0.204582758568536,0.675170744106521,0.408930733864382,0.285940003733507,0.607367501888729,0.40507399934434,0.585836243345592,0.503368913933783,0.113564691682343,-0.167150803354624,-0.0853260533251573,0.194426082400973,0.0913297681570335,0.269954698615831,0.157034840817829,0.213547376649855,-0.031379987631152,0.0911694311634258,-0.0648199077006408,0.099934132040909,0.0725022876606608,-0.235965797722906,0.0676102275347956,0.0667198399701011,-0.167781362814132,-0.221536752630453,-0.203226546819844,-0.140430239739349,-0.167477005030071,0.0552081095241925,-0.248665764215218,-0.167909321320286,0.00291471445408133,-0.276058294818613,-0.35300000437157,-0.194397568182682,-0.169730366185875,-0.292954533618394,-0.0647502657284886,-0.37621691186907,0.107059823255119,-0.044798639073709,0.0993336979611342,-0.0176281437147058,-0.159302656044535,0.0222903221713588,-0.066424478007913,-0.152048478759203,0.231260884914747,-0.0831872259424942
0.338048749345533,0.370605397931999,0,-0.343103546121354,0.355530095238362,0.375982740365377,0.300991926895203,0.256726050966589,0.397061059953899,0.289667989605595,0.236030021379499,0.283821679069735,-0.0980847070075479,-0.278416270207374,-0.329032735444462,-0.0282277743081845,-0.0287458014040036,0.199291569421988,-0.302651162675635,0.0387628198567693,0.133661279794219,-0.0434635802091978,-0.342860341385673,0.129671388260761,0.228022724040077,0.188109216052623,-0.024760295267828,-0.264317669553115,-0.313020830400002,-0.176668603344563,0.0634547791985974,-0.413040264753316,-0.498363411985152,-0.144243384122134,0.00609560946789521,0.13275785320689,-0.188653456629336,0.0679428274160105,0.0638090093649299,0.162020938007102,0.0565152298869274,0.421766518900122,0.422387198806846,-0.033935684864005,-0.014145702160121,0.0436018099636854,-0.300780132343539,-0.139174624588051,0.261847335528142,-0.107472520406453,0.00436626150991881,0.487877931386274,-0.303237199981554,-0.430152670919,0.440477530294079,0.58877787167918,0.211675067389772,0.435933912436762,0.272870009305294,0.243950545622834,0.145547751943696,-0.120522843193004,-0.311057834691313,-0.129960658917872,-0.301201925431892,-0.186736992168047,-0.00459269027228136,-0.236515896823532,-0.282600317103925,0.163876124891237,0.263232583468321,-0.19816716667551,-0.13539058759964,0.151855531755585,-0.0323423916601185,0.27648383521429,-0.359870373182488,-0.325505439183793,-0.0207645214315508,-0.432173249084606,-0.0999785182241957,0.0835721830455037,0.166812745361949,0.123737587517818,-0.131589041662516,-0.375175553065497,-0.147681101741839,0.0160702054910163,0.0921141030069331,0.0640734774153736,-0.260584572795782,0.295156509504822,-0.0264597793228838,0.40635415277703,0.218284052915666,-0.0918069091747147,0.00604180972902235,-0.22088158481544,0.268428176450777,-0.0788905913920985
-0.286734938825607,0.39805257803966,-0.343103546121354,0,0.364063956176246,-0.123376867477184,0.133775830938925,0.411548593724278,0.0533135281883223,-0.358953375535963,-0.197126243310256,-0.316269496661183,0.464436312463657,0.644341686861278,0.580370205341393,0.401993028543839,0.190769950972591,-0.394438047171418,0.574286483508299,-0.372649907031454,-0.146811166410071,0.0451976346425995,0.532670592619761,-0.088718743541485,-0.267034847571746,-0.27574112791918,-0.172806211061923,-0.124986652220793,0.3491924875272,-0.0534873149734058,-0.108979802548863,0.5273889210861,0.557660498006958,-0.125661019025011,-0.0737486359912541,-0.314544441650872,0.170087031452005,0.140343802039912,0.058304251215388,-0.259969411760052,-0.216885737305203,-0.424387900777212,-0.455446724808055,0.113939731475494,0.160103947314325,-0.0499974270613522,0.444472669360576,-0.00587433518195055,-0.0900710173513979,0.152525935939333,0.173241305873084,0.300633011021432,0.620681198542576,0.847366629276824,0.164288069069223,-0.105057961924765,0.396760840463148,0.0266531641325465,-0.346013795093602,-0.184712418160471,-0.233290201626661,0.548831515207872,0.61434150297274,0.4951459948769,0.660640348945023,0.403711557146857,-0.150414512325694,0.610414740504054,0.434878156719122,-0.328716061246005,-0.484547024439777,0.1772409277132,0.0916652258442817,-0.223304694835449,-0.0378647201748581,-0.448680341586525,0.298671746633871,0.0618771300868622,-0.129562038680268,0.605009502520746,-0.170351541439507,-0.434189749550206,-0.265268545954427,-0.26150206119366,-0.198442082877013,0.203162110797653,0.0963644078875009,-0.316567629913087,-0.319498305224676,-0.41201678665662,0.232998360653548,-0.319712280720246,-0.00576088815041545,-0.411410073488063,-0.318825277474048,0.12194005268558,-0.209552823470614,-0.0566712037030832,-0.0915567198185357,0.0597800435954336
-0.101556498376074,0.666843865795438,0.355530095238362,0.364063956176246,0,0.349397083020569,0.38568913174539,0.606958579160083,0.52874309491328,-0.0249342285267025,0.0459433989275746,0.0114422815899037,0.278989615071884,0.159707232839904,0.128903834766362,0.218505521008981,0.130339690050102,0.0907067485449672,0.151720178354401,-0.0621628975204024,0.12829031650811,0.0877254598116504,0.06131473706462,0.0438018334261098,-0.191938354662191,-0.0327806458550495,-0.021487679006067,-0.0696805484049644,-0.0218947350237367,-0.13340422056081,-0.0489721418796603,-0.160630868785364,-0.131133317275329,-0.0565109298252913,0.058121592139444,-0.0597684692227832,-0.108069219419666,-0.00645286437656003,0.119285869544713,0.0575872410632228,-0.00665327502655241,-0.0324042622129706,0.0274911754251468,0.0392360324611004,0.0637097396085549,0.068172210611255,0.106658433866986,-0.0268128849914365,0.233916204841436,0.0501073548441801,-0.068579662275945,0.567119585050752,0.142584228192614,0.25903877983172,0.70797167006625,0.411486751797316,0.493521499866844,0.54628964035577,0.0125260906365005,0.0629311067887985,-0.0243425039111115,0.291597739953779,0.156124502025056,0.280445067725072,0.171172905983579,0.181766884913277,-0.0618987134023588,0.210716303870291,0.0795679891162071,0.103648016287128,0.04071707534505,-0.0369840245117063,0.0613493966041701,-0.0326468502093045,-0.0604681502271523,-0.118199248089886,-0.128172960875042,-0.159485246254865,-0.179119120446362,-0.10115822312052,-0.227417451202606,-0.069430883539108,-0.0177627308264018,-0.0471343768596292,-0.187972388622789,-0.180513685194759,-0.166532295337213,-0.0726923546781071,-0.0807935750690809,-0.27599155133149,-0.0480613016730735,-0.0206185959407044,0.0790972162591362,-0.00504814523108896,-0.0538244158614902,0.0434986124420241,-0.0825098043833714,-0.126772521494347,0.240608540788578,0.017889146277709
-0.0751733544132376,0.245681587636767,0.375982740365377,-0.123376867477184,0.349397083020569,0,0.266715322942835,0.153365222134576,0.263886991563699,0.115365249460962,0.162065027694292,0.102360158303127,-0.0522283890188085,-0.141919930163848,-0.149478590821746,0.0116505364195952,-0.0573725857407884,0.190594774053331,-0.100053772839783,0.167175745115907,0.0342000677429964,0.0164480401402648,-0.137635493179171,0.00364924495130877,-0.148033527186172,0.178017196872671,-0.0556182174710018,-0.0144527823685986,-0.0401946017165466,-0.0994515147019262,0.169583514594576,-0.3312665494299,-0.328166889269512,0.0137821221661241,0.090140245930162,-0.0037623316099957,-0.166314601533479,0.0213955960685781,0.340600249284594,0.294837009252446,0.0307987969477921,-0.231441991334546,0.119904717960884,-0.181769982360777,-0.0607528766124684,-0.0673320784725753,-0.11521448667381,-0.133822268781065,0.466946501428827,-0.0849268366087588,-0.0485108336115552,0.235567683997378,-0.155497706676192,-0.122480352009641,0.420552411460683,0.477925063561487,0.151141692673619,0.203072148883454,-0.0210630233739702,0.244790363528859,0.0967295098502656,-0.0521971480751197,-0.175266787074271,-0.0264480367702256,-0.141631279119951,-0.063103449652499,-0.169099162701336,-0.128833085247749,-0.116423840734324,0.158439412819721,0.167410953601465,-0.104571974325711,-0.0259625234220022,-0.23214362382834,-0.0933257687964323,0.0638276525739527,-0.208843390941718,0.0463047394657697,0.0497395623434816,-0.250030256451357,-0.0559599399752726,0.0802188695231389,-0.0321901579676548,-0.000502847190455994,-0.124196213069092,-0.232390821702715,-0.300158824808151,0.142849297577156,-0.027107713952642,-0.108034900947632,-0.215358161070515,0.29643962685992,0.0488263821909424,-0.17640740492366,-0.00989438519228705,-0.130127555108609,-0.0990351567210036,-0.247508599114021,0.22775814656986,-0.1375932660526
-0.148160469023688,0.336583296362695,0.300991926895203,0.133775830938925,0.38568913174539,0.266715322942835,0,0.54063985001894,0.384769965485167,0.151173944133837,0.159851979757183,0.072043159185725,0.189221630723349,0.0972455431133514,0.0540615093164163,0.0841444820575919,0.059585152866565,0.0656654643726969,0.0617731089160731,-0.0181026682300412,0.225607198285857,-0.110468827784523,-0.0538425316749256,0.0223752017426163,-0.234612161037694,-0.185987759105709,0.0781119934959837,-0.156400582276241,-0.174092406440698,-0.183724370635941,-0.0556788767591151,-0.110823413675205,-0.103431843732773,-0.29230750578919,-0.121636734054372,-0.0833404401785063,-0.122041232127481,0.226437380349386,0.290001691302247,0.137355144467011,0.282965044551605,0.0297502285125728,0.0831719661144137,0.110377062054134,0.104238559880817,0.304949023290706,0.0962774335247578,0.15919237495252,0.321198490734432,0.194710267867909,-0.170694032724633,0.344315816868915,0.15541344132195,0.108056516959383,0.462941482775389,0.492395843589871,0.506857614682606,0.469090669268494,0.0573865506513414,0.0292737721655504,-0.0180298474911158,0.204862907678905,-0.015596875370229,0.247411299572841,0.103175137220194,0.109647587455864,0.244673429181301,0.135417035190409,-0.0558113454052474,0.10826669098473,0.130207300168755,-0.175686699611248,-0.0837022658367383,0.19994530138662,-0.121877825465804,-0.158930478277484,-0.218551178092226,-0.287693709991923,-0.0423082230920461,-0.0623473914498091,-0.348708586683036,-0.0244962217944725,0.0030313082796694,-0.0888626143307099,-0.270136994694412,-0.291300880576502,-0.142183030094135,-0.14564228412931,0.024973137767166,-0.176789801993093,-0.101130855147619,-0.0588185166901823,0.275425800791905,0.0246539528382884,0.0784728640387303,0.201394711827665,0.189513167034135,-0.072821745206925,0.398350903648846,0.181713283192882
-0.0654408136402423,0.630254855923016,0.256726050966589,0.411548593724278,0.606958579160083,0.153365222134576,0.54063985001894,0,0.594365608384589,-0.0274990481421934,0.0919511696024482,-0.126261914111177,0.298518116549512,0.210916724385123,0.199840040345103,0.199106830352032,0.0126162747035401,0.0671088951311388,0.0964376350193253,-0.129752098047982,0.282238879519543,-0.143931169362827,-0.0233824212948039,-0.102166539907573,-0.288938713808454,-0.279750153804403,0.038755373032929,-0.185233551644404,-0.144242331952074,-0.230872736178871,0.105016354162808,-0.052786651681174,-0.0589861810881618,-0.338725354136966,-0.154206825092524,-0.0431679602480778,-0.085008217099332,0.214521564454184,0.218717957924879,-0.0954294074399407,0.129181002940858,-0.0383826589832246,-0.0285150213644941,0.190839663320617,0.155796756702097,0.260489111243293,0.120666586100152,0.19063940564349,0.17441769262716,0.151924474829044,-0.0694290242677066,0.56728772088217,0.264480976769333,0.321652082221088,0.505852168866928,0.412186573467644,0.78722199678123,0.729032472762651,0.00181266293928314,-0.00141321349937066,-0.144825516438357,0.341370743156548,0.115166727220828,0.335305113940126,0.249485270462883,0.258187192288259,0.203090078904024,0.25392261313841,-0.0222228369451421,0.146022350135544,0.115253494961612,-0.221669206045281,-0.163437085661754,0.0689883264380648,-0.167677281331613,-0.276637789863234,-0.15060472536506,-0.328187408731349,-0.0408298032094388,0.00501482705556927,-0.398546843847352,-0.0496086226866101,0.0477655167740951,-0.147854503721769,-0.301806432480072,-0.317834347472636,-0.112458056936647,-0.216699616765775,-0.0310955396499006,-0.288151885813186,-0.0107767863019517,-0.0940316419160227,0.18210410815662,0.00500110602328742,-0.0979720229928921,0.234456502768812,0.106450086418461,-0.0299214254568274,0.225085113207695,0.126659295060557
-0.00344488937035368,0.546609838078071,0.397061059953899,0.0533135281883223,0.52874309491328,0.263886991563699,0.384769965485167,0.594365608384589,0,0.181959346028394,0.0904907790476753,-0.00949604762884018,0.00200793166918538,-0.0581461168423396,0.0733771591706588,0.141285735634723,-0.121391995688726,0.162610851853499,-0.130655916144666,0.121066075640093,0.240894372997642,-0.163682262100552,-0.207349224003345,-0.0944738929662066,-0.32148805137801,-0.266314221315625,-0.00417787040811131,-0.0404351690604423,-0.241059385517471,-0.0740370396596271,0.116896182515821,-0.221640058603851,-0.227074285268575,-0.0768011623705918,-0.121413438744754,0.255856946749765,-0.110396079888892,0.0285125904633776,-0.0289517651215558,-0.0621361451004146,0.178831285334071,0.127374890046632,0.0727642243595412,0.095097853505153,0.0995223623777647,0.204493039809331,-0.0557421308714911,0.0990290119587962,0.292477862194346,0.0726715864902963,-0.0393483286743613,0.424990982618587,0.193739912817111,0.0498978994215466,0.581753801014808,0.477781212049508,0.472504108550195,0.650098391063947,0.263422534062274,-0.124848965032853,-0.0464788493022097,-0.00322090006636643,-0.10311466255962,0.191119545781427,0.0147013327807031,0.139354356929075,0.205680748785036,-0.0304754937317112,-0.171225757333248,0.268634123893758,0.259111779271042,-0.293930489035994,-0.0536674571529531,0.19044017868376,-0.16662445131032,-0.162092634515204,-0.26657202159461,-0.306915207665445,-0.182620051383782,-0.215507476675039,-0.236994722146666,0.117971864499559,0.168659828130366,-0.125716041418148,-0.222512099449733,-0.1808121972333,-0.108979629687878,-0.186516629045905,0.160353181772418,-0.24547701392848,0.0189319164718961,-0.114077171318477,0.156930063738483,0.160414766245967,-0.00562619021606028,0.112263944942791,0.0384760445573467,-0.0078459306229167,0.405702902176574,0.0768755690215118
0.157067341566282,0.0313731602664733,0.289667989605595,-0.358953375535963,-0.0249342285267025,0.115365249460962,0.151173944133837,-0.0274990481421934,0.181959346028394,0,0.411112483423244,0.602538970894809,-0.141529205527396,-0.424055944451041,-0.347080735936989,0.121598822625509,-0.0862517487154826,0.30064683406397,-0.338310699354315,0.225344449837519,0.135586727554274,0.0201901433501637,-0.432120316342279,0.191507821215943,0.0364564595171067,0.254088358069184,-0.142501573731406,0.0770126012740596,-0.317340347810886,0.175379381664388,0.076092616559914,-0.336369092229456,-0.385528484380288,0.0809688625303473,0.142948032907105,0.146377115126011,-0.201685039112641,-0.0835998890404837,-0.212626611945822,0.42444462846067,-0.0749545466850422,0.368103718040216,0.451111115632935,-0.0549514243297164,-0.0826008495879986,-0.214076152369147,-0.409031770995781,-0.134679406608258,0.175757848364292,-0.248343192401122,-0.0186617598990752,0.0472849808286113,-0.0607093118991779,-0.337882504008289,0.141629414045966,0.295468295327739,0.0126589305933487,0.0909641199629629,0.74669872096019,0.0953264552757626,0.472476372498919,-0.286896194165102,-0.31440369971129,-0.264539439411666,-0.423905778553924,-0.269074208878257,0.121624099658409,-0.384393367783241,-0.231752907352608,0.288803784143624,0.341034989324112,-0.0521130713386713,-0.0546962671960278,0.388813533945211,0.224704409343763,0.49432856324836,-0.238078161945036,0.028929917119945,-0.0754961121743962,-0.379374678748601,0.102675478031172,0.0832721031851234,0.281254664899188,0.210704768534924,0.0489919462735602,-0.202859223823892,-0.100211822810802,-0.0743675075188552,0.119701289864489,0.0613406947672652,-0.183090637119133,0.0996599109309715,0.173076758961987,0.283372543487457,0.285746560497964,-0.0760509690355579,-0.131235810091087,-0.154642800844277,0.302419996299844,-0.146554446653613
0.0647047781606491,0.0517040668542651,0.236030021379499,-0.197126243310256,0.0459433989275746,0.162065027694292,0.159851979757183,0.0919511696024482,0.0904907790476753,0.411112483423244,0,0.540660460843078,0.122954407830649,-0.107757794234671,-0.128878874401677,-0.0509304206696594,0.148256635813562,0.11717987787176,-0.100726560492485,-0.00449860987504259,0.089238266595786,0.147080779029589,-0.157927354543446,0.309057164432247,0.120556901166071,0.34129012899841,-0.108778639660252,-0.0712605646951769,-0.105491873812357,0.0154698928408009,0.00229605389502948,-0.16784076638535,-0.217727441701639,-0.0200674076095014,0.205071675200514,0.0856939928271604,-0.0150976015016694,-0.145132811479433,-0.0710833873527704,0.289731159150931,-0.0112072657678142,0.260567597241578,0.393103797660296,-0.0123875889635282,-0.000528489375700558,-0.164324182968575,-0.208434383909269,-0.157378563691571,0.247592544169807,-0.104457172648646,-0.0877661516296215,0.0494238224612646,-0.165187307580989,-0.244295273183663,0.175519490849994,0.350400504874858,0.0926016504455582,0.198180661788678,0.422939252858196,0.395098015331065,0.474627067312752,0.00962762275450052,-0.0725123507210373,-0.0502451082160222,-0.129738051277181,-0.00281477565094692,0.0906006202006156,-0.0691335956889081,-0.0984368997568184,0.0438887835638937,0.165307804421379,0.098428194472198,-0.0520258401753512,0.414677880109348,0.185634617719292,0.463641977510153,-0.105655304279948,-0.0289332520107121,-0.0830174774379082,-0.219684281769608,0.0302188731271878,-0.0647396750521453,0.0713919625779601,0.275757052482328,-0.051988092899556,-0.237146145110246,-0.0435890164990933,-0.164849063533125,-0.0490207637802203,-0.0211358595186152,-0.200153347866685,0.0992032231114227,-0.0317784080266416,0.222897305044574,0.350675335887386,-0.0239261524530136,-0.18588231859135,-0.184132776558789,0.30294113079783,-0.0856424462641904
0.023834670069836,-0.0538122514977074,0.283821679069735,-0.316269496661183,0.0114422815899037,0.102360158303127,0.072043159185725,-0.126261914111177,-0.00949604762884018,0.602538970894809,0.540660460843078,0,0.0776376452755368,-0.232365059797082,-0.335802506234833,-0.0263827499961086,0.292167743334843,0.151041487279337,-0.0978625329399561,-0.00459617222170697,-0.0646833784385853,0.376042415134323,-0.250183004817561,0.556002313986635,0.234184485939732,0.617797187099476,-0.0746364071696732,0.0389577687305863,-0.00515436476266638,0.150318319366969,-0.213877089944065,-0.298486567590453,-0.381727028358713,0.139976973489237,0.45691238576236,0.0353615288807933,0.00222225686846305,-0.341901870624941,-0.162813805823032,0.517018908678343,-0.159125689314318,0.400408396357528,0.624171941151941,-0.14060996023096,-0.0945980500710748,-0.320822384745787,-0.246553698555014,-0.285689026244557,0.150817056216093,-0.256830022597578,-0.203887689278822,0.0253128715861167,-0.24319517339053,-0.336454919451849,0.140001663992934,0.238205296773176,-0.112732748314081,-0.0376395289400479,0.595302935120832,0.34305161706024,0.70665472299144,-0.0825034962023926,-0.0999265985892699,-0.261606294927651,-0.326251026373305,-0.271661825752598,-0.0574028375150551,-0.132771095193747,-0.0286635899978964,0.0314509180356638,0.130756999892701,0.350279847246139,-0.0714250310174415,0.412460815511986,0.525398460361899,0.731167399536218,0.0086262518921373,0.107412793458179,-0.228337970249333,-0.370964871071503,0.287167311077589,-0.0963456811634035,0.182789523212064,0.532712041745277,0.196092581265049,-0.120910648616498,0.0113128087824529,-0.110119246545237,-0.058082205590789,0.211616953794608,-0.335840938948669,0.0459170549665472,-0.0207558330545891,0.331950933762375,0.52901591334338,-0.219565345211448,-0.304935537877629,-0.27315339923523,0.219806418579962,-0.20791411004397
-0.309855294836636,0.0902151414586992,-0.0980847070075479,0.464436312463657,0.278989615071884,-0.0522283890188085,0.189221630723349,0.298518116549512,0.00200793166918538,-0.141529205527396,0.122954407830649,0.0776376452755368,0,0.543638457745146,0.336676450260064,0.113332867341601,0.587658165326637,-0.249683368049478,0.584856733013252,-0.385423891529039,-0.0210427387961246,0.439186748307592,0.304514443704739,0.391058726506654,-0.0520507785586111,0.0967652815471987,-0.0270879405576644,-0.108250936752475,0.378341735824169,-0.155981457137674,-0.28335013377932,0.138036965862849,0.195063096829425,0.0226831101266493,0.244756885496508,-0.280708251727433,0.300093145397167,-0.175320056450685,0.103447752372627,0.0642033042465073,-0.0425213209307107,-0.186662802796987,-0.0450928594317718,0.0804911406416608,0.0833249404719945,-0.100836596839029,0.313282515327727,-0.0195073498296678,0.051212446145912,0.183489117901881,-0.207657735461123,0.17037857934285,0.192320023285008,0.440206799191616,0.155104973744661,0.0585442314883892,0.274437519307183,0.1089373750039,-0.132661057421511,0.270407371078597,0.1715076288402,0.786530371309131,0.55963863951121,0.38227698811844,0.42525306097571,0.301110571710465,0.0333188130302265,0.603500962654086,0.494995460905396,-0.242828291759877,-0.322538249537155,0.456928725709848,-0.0821715679477955,0.0238133020554333,0.293872626927098,-0.068051735257168,0.326870116732218,-0.0363946727018627,-0.185007076531181,0.143354626382323,0.00441467545675541,-0.264342864925542,-0.132582605260672,0.183580246665825,-0.0154219497704288,0.0476333002294986,0.205846593548063,-0.168795198287064,-0.210210286936898,-0.0765928781911895,-0.156624857253974,-0.375019170645452,-0.000554543406784495,-0.159705433210202,-0.00108881664478055,0.057563973172242,-0.24873184699027,-0.102938708840193,0.0974668997084492,0.162163045996829
-0.290989423660338,0.0939165566473662,-0.278416270207374,0.644341686861278,0.159707232839904,-0.141919930163848,0.0972455431133514,0.210916724385123,-0.0581461168423396,-0.424055944451041,-0.107757794234671,-0.232365059797082,0.543638457745146,0,0.735765946393296,0.03348073167316,0.434862692527625,-0.561198439450437,0.769591472152625,-0.620039591990294,-0.23498364423455,0.223889843370848,0.72002423871555,0.145666037402476,-0.133055924940516,-0.230353404820752,-0.148406314825871,-0.27172535481532,0.470308270763385,-0.178313582192158,-0.198173323041683,0.551461268748588,0.514431807440097,-0.117457775642168,-0.0132754750487449,-0.400168190805164,0.345072604941421,0.0664743785242653,0.0518717026362877,-0.3463409236565,-0.0984797494223178,-0.242201882905707,-0.324292516268144,0.185364135852368,0.110488461821329,-0.00830631592456938,0.604187942446963,-0.0887952478791936,-0.0660299064682764,0.272245778194043,0.00909086697217906,0.100056889937806,0.320459194766986,0.571508503545602,0.0693042296460693,-0.049195554508738,0.22446346963085,-0.0320695657460208,-0.41372305842105,-0.0299485476854708,-0.19962967793247,0.621743693008917,0.696923576560088,0.675746762665323,0.840345734420654,0.564894676781861,-0.112679480460092,0.845633529713962,0.589559362006957,-0.542999210012101,-0.641767015708425,0.366725084356144,0.184522356091485,-0.105656647777227,0.034644972814415,-0.361991577683009,0.392784894840387,-0.0347792304303412,-0.0291750894010047,0.564218122041456,-0.102207366241617,-0.419833896172042,-0.237579409814415,-0.130558192336953,-0.192747173812572,0.384223355118235,0.297555554317884,-0.405039774333365,-0.342192217151365,-0.25852691127226,0.169001633119809,-0.316089605965187,-0.0554288979187256,-0.219561283602643,-0.0655212360748999,0.181521983314215,-0.132682347627345,-0.0201320004131524,-0.0296362928893646,0.222562990549906
-0.188480540214766,0.188089436652134,-0.329032735444462,0.580370205341393,0.128903834766362,-0.149478590821746,0.0540615093164163,0.199840040345103,0.0733771591706588,-0.347080735936989,-0.128878874401677,-0.335802506234833,0.336676450260064,0.735765946393296,0,0.218106003182224,0.140893549311115,-0.410373549155034,0.539976557759459,-0.378236818051299,-0.0100748357076563,-0.0423340435045385,0.652148213267555,-0.112983851177794,-0.31385881971326,-0.47405897398394,-0.240077314953855,-0.148278029074969,0.300261771034374,0.116831587008165,-0.00411323831231134,0.552303316123228,0.547116841912991,-0.107860786121452,-0.204030996091111,-0.308366962087642,0.19200699037207,0.156211434208768,-0.101604194842644,-0.351972683469602,-0.110459906495511,-0.349778507738923,-0.483174408856879,0.0957362246608726,0.028883910204158,0.0379298228654772,0.457423301885763,-0.021367098603022,-0.0817759379779649,0.188431158918869,0.164089564439084,0.0721104876492147,0.449135290663476,0.578670703779895,0.102122303996381,-0.0509392860023717,0.224421185816935,-0.00579541854448054,-0.326493164441336,-0.27670556689416,-0.321280177314171,0.466164112453445,0.597545773287162,0.687204337249845,0.766558358387952,0.778458873943225,-0.059326837457793,0.608733343771499,0.430076787018181,-0.358152500418998,-0.395504305897856,0.110036572033426,0.338915721708144,-0.100201407372822,-0.1184662673577,-0.521798678663846,0.28734310755815,0.0945120233128668,0.0883606574911052,0.572954025338509,-0.118128472964531,-0.297684789828833,-0.266828837262334,-0.395805600856359,-0.334887034065391,0.372979904242436,0.184220603202732,-0.396937350723818,-0.310283029014611,-0.405573040803928,0.296821322451999,-0.307545678636483,-0.0115562897801636,-0.328546119280318,-0.328726218919986,0.152082550382804,-0.0848922766619928,0.128107785056188,0.00275485459999589,0.127389788719576
0.0776440695744513,0.420550635524568,-0.0282277743081845,0.401993028543839,0.218505521008981,0.0116505364195952,0.0841444820575919,0.199106830352032,0.141285735634723,0.121598822625509,-0.0509304206696594,-0.0263827499961086,0.113332867341601,0.03348073167316,0.218106003182224,0,-0.0954646515494833,0.0608943762655351,0.080106897620913,0.0440490603614843,0.131880039629985,-0.0715790096511738,0.058745474297483,-0.239810586172308,-0.274596902768568,-0.174300020258506,-0.381524859811339,0.0511934142328276,-0.00972508768405244,0.313311417869981,0.112547728535071,0.154960290607042,0.24000202335889,0.0747596418747137,-0.0887512773025089,-0.0805859643901718,-0.150375036866523,0.128719936144878,-0.106650257384863,0.187026963405231,-0.371010339212403,-0.286818351950305,-0.228103232206658,-0.102404025854964,0.0517978401591597,-0.167810804286157,-0.0780497950121028,-0.138779877370612,-0.0438723947137843,-0.214049570691508,0.361854928785079,0.326325581797367,0.616337083299732,0.427920172276543,0.149235209741788,-0.0422357152699489,0.216485633608839,-0.040986951322254,0.0954802653771163,-0.307890581298641,0.0617259761498203,0.136686374016413,0.213142366550528,0.136688206536372,0.104836743239616,0.144098321667888,-0.163905198337534,0.0241542486908301,0.0974523158821135,0.0990396029430377,0.00969101242155122,0.000440743138442001,0.0793657194210607,-0.0644518554133357,0.0368398373923641,-0.17172927501025,0.0107331237030125,0.173107915456683,-0.0155758014102812,0.201229963178691,0.0132151863131716,-0.238218032401269,-0.081180842498105,-0.239900613746551,-0.255666705389809,-0.0175660518986032,-0.135709699102986,-0.252507104683835,-0.21052715598421,-0.380767837011607,0.205517505360013,-0.152154633395259,0.146023985919472,-0.353507745411278,-0.347895934623141,-0.0819528427539689,-0.293300387345965,-0.195002603493965,-0.0434388219061942,-0.275798839383759
-0.305778887360954,-0.150434656402143,-0.0287458014040036,0.190769950972591,0.130339690050102,-0.0573725857407884,0.059585152866565,0.0126162747035401,-0.121391995688726,-0.0862517487154826,0.148256635813562,0.292167743334843,0.587658165326637,0.434862692527625,0.140893549311115,-0.0954646515494833,0,-0.167543146152083,0.675795113057776,-0.416263246670816,-0.123277309689122,0.720942051162715,0.355191239187335,0.663437663032801,0.131850129758632,0.363197176840469,0.0696729697044811,-0.0110181785939842,0.466180413103805,-0.0544831766739901,-0.384552413290284,0.126203794751069,0.088712425719095,0.223678535647202,0.48865972192661,-0.247671918617109,0.307886913868667,-0.385039389911504,-0.123534250058139,0.12742185632139,-0.142149470277387,-0.00415648236307492,0.109410376561099,-0.0380590206295186,0.0165078028470226,-0.274625334366394,0.242276591253881,-0.0664426061600382,-0.00922649196278316,0.0515093768970645,-0.341628058256595,-0.00708391430398917,-0.0932560231175041,0.148350243289433,0.0870842221934456,0.0208241962252695,-0.0200446202370015,-0.0704501299420064,-0.0530236771242854,0.358275516830505,0.357318155057377,0.41593019986674,0.503851076975029,0.275054369065325,0.307825221456329,0.121174599905821,-0.0912837952245653,0.574655415554119,0.610823278520065,-0.309279793765957,-0.351839721638951,0.70903325574919,0.0649490827148459,0.104452054342461,0.598288895785016,0.247793839403199,0.401547634150198,0.111014464648286,-0.209024892447805,0.0723810673652504,0.316363410054511,-0.277323434567743,-0.0948648811319461,0.508264989259627,0.297387446700117,0.220250075615646,0.271828469837169,-0.111222283319419,-0.23506480412223,0.165353100193565,-0.260478585092645,-0.266408787902625,-0.142404807989676,0.0158057215078676,0.210454958266827,-0.113417678557621,-0.309998753425995,-0.0666414032793902,0.0681536001783902,0.0742295090387326
0.0865901499218442,0.0180259506598109,0.199291569421988,-0.394438047171418,0.0907067485449672,0.190594774053331,0.0656654643726969,0.0671088951311388,0.162610851853499,0.30064683406397,0.11717987787176,0.151041487279337,-0.249683368049478,-0.561198439450437,-0.410373549155034,0.0608943762655351,-0.167543146152083,0,-0.360939421663618,0.711539448823352,0.619888416848932,0.0494885060536554,-0.380186078777185,-0.136990399776443,0.00176853427379947,0.168264773471869,0.168834536746761,0.342769581238266,-0.360017375707134,0.238641984920412,0.20566753028145,-0.548073507244334,-0.482662607626165,0.402589685901781,0.0271010360785445,0.442708025218529,-0.428442296141038,-0.204397344206968,-0.0947316402800498,0.342606488424962,0.117215541088152,0.0259687345313253,0.16786735794766,-0.248757413079665,-0.120304482890967,-0.0402474606865507,-0.451976633012661,0.185504422007218,0.037553614985329,-0.196211797869445,-0.0602179994133344,0.0474689461917964,-0.238953343846193,-0.365234625221991,0.185766741546907,0.171667139551823,0.054399305786471,0.279432837067512,0.232778040437336,0.040024639188075,0.0736917708040833,-0.254708068883142,-0.438973626117803,-0.218957698173617,-0.48461152904104,-0.222191168520295,0.127452750794358,-0.476188169053629,-0.170269979832068,0.823116611017968,0.763978449575405,-0.234431808286258,0.0983807285496369,-0.0782350046736839,0.0557162154380396,0.169165788731104,-0.375818702145202,0.128892578487988,0.0627870930823656,-0.530948948424917,0.0613137483299915,0.556841288937513,0.203734273660662,0.0483930262960346,0.156753103839518,-0.357447251664641,-0.473220299408565,0.387682970502138,0.408852570008706,0.0629331693384333,-0.196560228874378,0.249030079934175,0.0306349895544908,0.0678817331560486,-0.0527424564865381,-0.202063437600995,0.059503961443089,0.134206972843718,0.0808106893891875,-0.172226420498114
-0.413336657480965,-0.0200643808919589,-0.302651162675635,0.574286483508299,0.151720178354401,-0.100053772839783,0.0617731089160731,0.0964376350193253,-0.130655916144666,-0.338310699354315,-0.100726560492485,-0.0978625329399561,0.584856733013252,0.769591472152625,0.539976557759459,0.080106897620913,0.675795113057776,-0.360939421663618,0,-0.481729366639886,-0.125833851337105,0.448662104911043,0.685811891666296,0.28860680044412,-0.130856331342875,-0.0376262284922374,-0.0663552722168359,-0.0317053948697784,0.608896877990667,-0.0204680657385846,-0.29016295184643,0.470084095659371,0.441412213245067,0.138770130608419,0.151375059829444,-0.353631741720807,0.306515572539399,-0.133082525233898,-0.0642649378508884,-0.194768089323315,-0.206348666673768,-0.299394615438563,-0.29899540042955,0.0368518593333713,0.0945658364718287,-0.170205629355185,0.494875328273291,-0.0252375363776145,-0.091079599850088,0.173288120235887,-0.1285575216939,0.0104721352482239,0.310755166227837,0.547992436902591,0.0700105149827041,-0.0972663446120353,0.101599830822104,-0.133104788920741,-0.33256893078538,0.0261700846734927,-0.00623106876526325,0.589016214497302,0.71409577988189,0.573383910460303,0.699241398373101,0.388054334549795,-0.159151019986204,0.826574499222238,0.775111071711241,-0.396161040169294,-0.530887615809235,0.556449163513726,0.235816990900097,-0.127484735519772,0.324520939744758,-0.207519962958284,0.526446672522899,0.190682911077456,-0.139782583694646,0.472811176447381,0.0990054595058607,-0.381405591239342,-0.212706014452912,0.0388329842269854,0.073188502543808,0.375687293643416,0.256243381827404,-0.289836694640647,-0.302178824311253,-0.153821404246416,0.0289211598218609,-0.372016129126725,-0.104741996662847,-0.284311043089319,-0.0935168735439499,0.0233278392426558,-0.243616648224656,0.0434054004085456,-0.0488761943067922,0.140880806103215
0.0482972392763195,-0.0350312810696263,0.0387628198567693,-0.372649907031454,-0.0621628975204024,0.167175745115907,-0.0181026682300412,-0.129752098047982,0.121066075640093,0.225344449837519,-0.00449860987504259,-0.00459617222170697,-0.385423891529039,-0.620039591990294,-0.378236818051299,0.0440490603614843,-0.416263246670816,0.711539448823352,-0.481729366639886,0,0.455236204927814,-0.193303891583604,-0.420861683481601,-0.288234570725204,-0.135683614725301,0.0329898916801024,0.274577951196219,0.452537573536197,-0.25333201836698,0.217216573583767,0.175911958364321,-0.500155426979295,-0.346406913084885,0.365243018274934,-0.0539503592930344,0.597089718192344,-0.263299165309031,-0.136180982971156,-0.0167702262808753,0.279344833783451,0.254184272140218,-0.0548002650087888,0.0130188790344965,-0.128781496645778,0.0354395464422442,0.0955037226746207,-0.34859347762017,0.273208959486699,0.160230316861275,0.00626116005491725,-0.0215675207360595,-0.137166058403646,-0.146261038196776,-0.310134670572759,0.0663959751938651,0.0182552478116247,-0.166102330940756,0.0422084794583721,0.172318179928298,-0.126137532507064,-0.00980458738371667,-0.38869200195894,-0.508144686905373,-0.357553732921143,-0.547388968623769,-0.292455133863749,0.207256961586361,-0.61523568454874,-0.272463729522936,0.729241968197344,0.686075679771382,-0.380806322529301,0.0447890683651084,-0.0956053698373679,-0.0990823720842055,0.034906654976728,-0.258412341826873,0.154258267871083,-0.00874189632644421,-0.459079657601265,0.0671883629309884,0.618986366718152,0.277216747063951,-0.0962383813760251,0.237713106686146,-0.221706411344959,-0.321263005740123,0.473266858981882,0.577169725181906,0.153547310826068,-0.0911766147543432,0.144492396130256,0.122537004509444,0.00778093411940546,-0.109200051555015,-0.0751371814216623,0.183881365657536,0.268022710680657,0.133504196619625,-0.00335105573118441
0.0319112830116397,0.126350238151217,0.133661279794219,-0.146811166410071,0.12829031650811,0.0342000677429964,0.225607198285857,0.282238879519543,0.240894372997642,0.135586727554274,0.089238266595786,-0.0646833784385853,-0.0210427387961246,-0.23498364423455,-0.0100748357076563,0.131880039629985,-0.123277309689122,0.619888416848932,-0.125833851337105,0.455236204927814,0,-0.136588490578999,-0.228523328271952,-0.22132614757272,-0.173520211145255,-0.182283310686837,0.149387555029634,0.154860435028938,-0.219675936558396,0.218467885911266,0.177343625031165,-0.28320572728731,-0.225261230502937,0.0803254724319288,-0.173569957517747,0.212732966916616,-0.321155192537056,0.00421801255673724,-0.061407474277171,0.0421002182671892,0.130221495065916,-0.00372670238951169,-0.0220913064851781,-0.0645734520977174,-0.0570733698679867,0.146566193244315,-0.181021455949184,0.457827147644753,0.0110017620996416,-0.0218094554204335,-0.107451142247669,0.0778819318446057,-0.0227396280627583,-0.134416994648249,0.195574004655647,0.182692661672492,0.250901688065143,0.376809631952776,0.106311525891568,-0.0776042406900322,-0.107619046090936,0.018530145302925,-0.267278846334828,0.0583835300294558,-0.141285988395142,0.11559574296073,0.245667972315132,-0.18437553720533,0.00170434091408278,0.643288217590634,0.712855539885605,-0.299286097627273,0.0390029835804166,0.0309532062695475,-0.037631062708988,-0.112373217873286,-0.202656293893452,0.016812915397261,0.0850049666287864,-0.267631147723859,-0.109440182178164,0.452312756203846,0.145971867884034,-0.127344650945782,-0.0422787924532481,-0.329447877272633,-0.271920745356992,0.124005185383105,0.263188095689684,-0.029464514366344,-0.124321775389336,0.00572231324560351,0.125592426002186,0.0696979533719166,-0.174351483685134,0.0163146125981414,0.228367558160778,0.394430021605607,0.10606343023668,0.0163346819760376
