0,0.219076085087912,0.271571896314305,0.136240371014293,0.0344935056608636,0.193541460596268,0.112716067873934,0.125063862870396,-0.0462535955897084,-0.228290886905817,0.13156485891155,0.097391459480445,-0.0414592841445138,-0.128898274698302,-0.00925969851774984,0.10402295598941,-0.103743965756617,0.0597286935241135,-0.0588752845749069,0.137664288199279,-0.00016279557087482,-0.147109216141361,0.13812905121956,0.198778752406644,-0.114281810983427,0.158918931063507,-0.0218397943882031,-0.266212100396828,-0.0433924437015321,0.0760636643950798,-0.12296253014854,0.322965447736653,0.00215107356039868,-0.0215230727015696,-0.109465508338126,0.142139122728712,0.0788647565713054,0.23756142166266,-0.0467393634934142,-0.0766177330612699,0.152430368882452,-0.0482787546583263,-0.011285418540785,-0.0389288811411953,0.134908386406422,-0.101906198481656,-0.00368280278595566,0.0326227038296466,0.349066446915316,0.271164108102107,0.469922628632122,0.211130052260337,0.11117215127095,0.106905659292263,0.118200684823025,0.0975311988796951,0.0148827968700816,0.060848499702165,-0.207358837173049,0.106510144234027,0.0339969947382265,-0.0754968442797434,-0.0244524822805163,-0.01790580431964,0.117209292492869,0.0374724681923265,0.0275598541919018,-0.0446270525222194,-0.028802592844674,-0.00751165182703755,0.121313750583025,-0.214438828323824,0.11657482211437,-0.153566341488611,0.180828178290653,-0.0895326198928748,0.0755671083376199,-0.137589017211811,-0.102745537900508,0.167348599997678,0.00454938748619526,-0.260911660499315,-0.0840766948403254,-0.239390787365442,-0.239098723959245,-0.201644598135083,-0.0746119635297051,-0.308030256633415,0.192872145986007,0.0500043798807682,0.136452169053619,0.244986516710503,-0.115402169603403,-0.169910374547501,-0.0570616761650444,0.0618711362914298,-0.140164106981823,-0.0815724135310983,0.369007893542879,0.229522907903133
0.219076085087912,0,0.145228394373743,0.587750265952071,0.593154357294552,0.43803691310057,0.340329226991277,0.435545214878025,-0.0956911931061957,-0.316300920303285,-0.0472663223873801,-0.130072710594103,-0.0398968114925699,-0.0541446725505195,-0.0405994094029918,0.465910348861637,-0.157569974018931,0.102205065461616,-0.109001325045204,0.287823829549901,-0.0803358842331486,0.0375829439620511,-0.0215856622346738,0.0693774667239588,-0.188313801018971,-0.108611707515569,-0.194607915617669,-0.197236085174006,0.092663916773587,-0.0394051274843925,-0.148711017961557,0.132749526653191,0.0669546905545413,0.0467469818467392,0.0187736101768225,0.0508154576452421,-0.11743145403675,0.0509997106838353,-0.0766217055515121,-0.213435865233478,-0.0838879859942794,-0.200052355345682,-0.186187268629602,-0.160824059090714,-0.282680461117685,-0.213342830571655,-0.0960676806039981,-0.0625616034340555,0.27738927030542,0.0307114281841493,0.310176662901878,0.649414457357995,0.447331924281161,0.41130735762301,0.294852383296604,-0.0124089569904897,0.269727260548509,0.119005029841384,-0.228632818176973,-0.260855213292699,-0.117933519305257,-0.178880237575914,-0.166327183776017,-0.0467916948733341,0.0147258842515961,0.0314072690985465,-0.021165761226771,-0.0802291587394685,0.0201737625896786,0.212134817653992,0.0366001358246146,-0.121897080612397,0.0399191868264244,-0.260515623312064,0.120369243586214,-0.204893854529959,0.0158491399679091,-0.224982075449667,-0.0748433500228262,-0.0583328438478282,0.0109995595602036,-0.200668736520161,-0.278565568481866,0.00349050188038334,-0.248588244113212,-0.160276160903833,-0.113721221883453,-0.275388918609214,0.107244555845934,-0.0933349440990545,0.121529886858471,-0.119687956316614,-0.131230987533108,-0.19952370544097,-0.116274284995708,-0.193371536724271,-0.23627722760309,-0.128092442754315,0.293373075067069,-0.0306391006089772
0.271571896314305,0.145228394373743,0,-0.0398190767251805,0.259901562818902,0.41224836472514,-0.0308011007561507,0.241588308747188,0.137047343142538,-0.12214269852092,0.136665485280736,0.228549279029545,-0.0334039174615149,-0.196209411949397,-0.171299162692041,-0.0592725835927551,-0.105338999722673,-0.0835086923887936,-0.177424234309944,-0.0403057656696034,-0.00654927005773127,0.00233497016014678,0.0662680476102547,0.0727049509147976,-0.0662484318677986,0.352615702671846,0.0273648632157758,-0.24063544666927,-0.194779263721727,0.0527727571951002,-0.135508367265898,0.140120851078635,-0.0198063093467921,-0.0167004835324938,0.00248231130681492,-0.0166021919649455,-0.0575572810878729,0.0562253642070761,-0.14390725743331,-0.177110483884935,-0.0788782168742573,0.0670697037009198,0.199394913264293,-0.215392855441127,0.0800803507823954,-0.0656912622380464,-0.139599169918208,-0.216050890721324,0.0258356199494064,-0.16421804754076,0.159790437762454,0.0975744561646727,-0.211786331384682,-0.0408090253867086,0.395893390655578,0.344395680669379,-0.0233706105794969,0.210984081544822,-0.239850250563102,0.271775187287142,0.201715175900633,-0.0542653331628528,-0.159460064979227,-0.243419424423446,-0.0643163689672933,-0.123864241452011,-0.263458967012553,-0.180886232641647,-0.0142758179128571,0.0123435094264393,-0.0361923349299339,-0.00635086722438197,0.0506766453503784,-0.131972648308291,0.125545000381825,0.0597054015015895,-0.0992893938669387,-0.181133041683197,-0.11254485745033,0.0887004689099068,0.0729895818567145,-0.062838581002281,0.0544800140154636,-0.0346283747849435,0.0370567789390369,-0.183670981635415,-0.0361840260768753,-0.125761949300506,0.0310091784847405,0.0637942026741302,-0.122021351888677,-0.0052116912117953,-0.138818624674076,-0.0408178264927851,0.11831323635452,-0.0424993800912314,-0.0492858341034824,-0.139718113670813,0.110288530647227,-0.115705108507304
0.136240371014293,0.587750265952071,-0.0398190767251805,0,0.614969097891408,0.231858751755299,0.265643513408173,0.319989054708473,-0.150462485693137,-0.328453849780163,-0.0419463392910226,-0.1632275311664,-0.00744321926041876,-0.0933111865801606,0.0794878537792809,0.396787129451847,-0.156165901340958,0.13936032264143,-0.0634870418757545,0.188347810690702,0.0608341924151316,-0.0836575884450546,-0.0278520789511343,0.0386202893150289,-0.151837245720791,-0.202881199175872,-0.284884037239431,-0.155371664565926,0.175584148254259,0.0624075497697325,-0.276278426987036,0.280567465134588,0.223471408192113,0.108787911132194,-0.082395667380162,0.0901139321475584,0.129167076984258,0.12705502403306,-0.0677630218400524,-0.286480491182151,-0.0174781107517701,-0.345992616260516,-0.292608286307447,-0.180400136326492,-0.399755000855449,-0.293214475876736,-0.0638158196342106,-0.0863422855076659,0.226062611102801,0.121470029403434,0.113036444552739,0.470425537872088,0.543582308914288,0.756314901858961,0.0528071372632417,0.0082143007743566,0.215853712006752,-0.0511179798334599,-0.292793220653662,-0.228329882212674,-0.192398413949582,-0.100163348064784,-0.0220766949893342,-0.0726842745531084,0.116095634564022,0.165791530538831,-0.0546397043260955,0.0257009578215247,0.103072880016993,0.09566131977746,0.109517848093326,-0.257607332799796,0.00581710080568729,-0.172622807397812,0.0405241582897069,-0.297536960594435,0.0926283940565041,-0.175901376765605,-0.134395220408278,0.229552755587977,0.146589570845101,-0.35261378309517,-0.420014808650784,-0.0333786716547,-0.275595964916051,-0.028996260456944,0.139015409609345,-0.344970295179628,0.173423625116915,-0.0501669852590023,0.18376031708126,-0.0322277571275248,-0.0236203648596012,-0.125391238962006,-0.247763081090711,-0.321917512557994,-0.310541724474689,-0.091371250301933,0.27772883939303,0.104549697846368
0.0344935056608636,0.593154357294552,0.259901562818902,0.614969097891408,0,0.363418484214891,0.212012406320465,0.435159612508171,-0.00495568797867823,-0.184303834284269,-0.0304113786006199,-0.119965433895344,-0.0467563015956304,-0.176070380732884,-0.0252310329389553,0.28434677461522,-0.155771637104143,0.0843018879056914,-0.153028582108754,0.162656708323002,0.0381004142650637,0.032142139940878,-0.0498125629816936,-0.0493733024060949,-0.109806545296305,-0.104633540234898,-0.138287782618598,-0.063537775405152,0.0878532909244778,-0.0233932894951167,-0.169379041712748,0.100557822483579,0.11519529740031,0.145912308972874,0.032936246061602,0.0487169364013197,0.0335468310328479,-0.0225157252337429,-0.145942747679903,-0.283374360539335,-0.0333805412430052,-0.186936160596459,-0.174053647279638,-0.162326867117776,-0.365247608569392,-0.116320224822584,-0.0341671429432947,-0.0984351302494609,0.135474840524203,0.00345381937745903,0.0080297458865398,0.519826780192063,0.322993004820719,0.510163013670787,0.330227392079315,0.126623846737926,0.258206886881297,0.0798949623398389,-0.262649407076214,-0.0621792738252723,-0.103796347372354,-0.141421848554566,-0.0796604225743077,-0.186863594506158,0.0159590522834636,0.0075091500231763,-0.173684801278367,-0.00889505399814861,0.111238375125653,0.129522243981443,0.0502729491652667,-0.101545111759907,0.00826845862065171,-0.201116450067639,-0.0271263485241831,-0.156159474384355,0.0335111628992349,-0.153922154056353,-0.0564448174090265,0.0236084109602047,0.160880641519293,-0.229350558367417,-0.278477048794956,0.087286090411573,-0.0862846727103505,0.0436634645502834,0.117091044063557,-0.222688380518564,0.101834296702043,-0.0747857052837814,-0.0191354377038141,-0.172688844138973,-0.0853419276115863,-0.0157990063039849,-0.118725427707022,-0.271967288109797,-0.149555242969772,-0.0492085722208351,0.200022420538122,-0.0304079953293714
0.193541460596268,0.43803691310057,0.41224836472514,0.231858751755299,0.363418484214891,0,0.260920545106781,0.480511667329261,0.372200336595446,-0.167284824893598,-0.0116992615002706,-0.0245996561538382,-0.013875079138141,-0.00992052602929763,0.0195778574192903,0.238751512190064,-0.100629932828045,0.247803331767167,-0.0570252351608272,0.395028396502571,0.0329963462425689,0.142468733866129,0.185456028397635,0.0739969709728982,-0.12421000244939,0.0505833753976899,0.0703527320552466,-0.079599138528341,0.150023733761471,0.0847891003867788,-0.0302941282086767,0.0121417351170505,-0.0351115287962557,0.152820062639357,0.123117081002811,0.312311772685512,0.00397633995462559,0.0041480747293448,-0.0565574488764968,-0.188878158265756,0.00860807185165063,-0.0427894171682304,-0.0589640660816807,-0.23437111072773,-0.102430021117804,-0.156900307020186,-0.0319323511211579,-0.0389594518893487,0.312031405143654,0.00451097345175181,0.158224773141754,0.350432337744069,0.184783300968265,0.140384960316012,0.484098711879211,0.394491788941365,0.254618613810595,0.447154532308232,-0.0813830013867088,-0.0452172809788602,-0.0396440074978728,-0.104178305062328,-0.053097887909411,-0.0637482996208005,0.0838405964017907,0.0614858457753105,-0.0569326215155767,-0.0613554712147944,0.134810256494827,0.264406422886161,0.140120302342628,-0.0297528243757465,0.165277466755911,-0.192947739503681,0.076113260214068,-0.118062714554504,0.171943607518388,-0.0671244550321211,0.0106986054573528,-0.12974691214232,0.129386523139436,-0.108480385436267,-0.0337780833130053,0.0694997196699494,-0.00135015312283397,-0.053850770099595,0.130707953630331,-0.0533256239222453,0.269685248742565,0.0257687098755785,0.0211658586432368,-0.167249125783141,-0.0581242515246502,-0.158176771150847,-0.103355582589224,-0.139604313102814,-0.147167803263896,0.0465576801901962,0.364574209171544,0.025456803219359
0.112716067873934,0.340329226991277,-0.0308011007561507,0.265643513408173,0.212012406320465,0.260920545106781,0,0.530960394992727,0.26569669296952,-0.0229944795844648,-0.117060822375583,-0.0385602908382105,-0.037340051315934,0.046810237963678,0.0465173988333817,0.504395879679686,0.067516892271942,0.214893823976306,0.0140295323696754,0.299090908645187,-0.0330689693560296,0.0366494907336429,-0.0221784734522862,0.0883407358965957,0.0308848981422673,-0.0365924190806734,-0.0703178146781355,-0.111908169967318,0.219560299315771,-0.0351368071475036,-0.0302419697304006,-0.089478864947712,-0.0295606280739559,0.135049600286154,0.0843326419102111,0.144330561785154,-0.137538796360639,-0.121029184669626,-0.236149454337615,0.305326098181175,-0.171729398925269,-0.102736650580737,-0.209009890875156,-0.134802349924028,-0.244944016880078,-0.275664124759118,-0.127591242206558,-0.0342198989148746,0.186247578496456,0.094577675488439,0.225840747696491,0.481284428453677,0.397906711190921,0.130371244883569,0.337014780127465,0.0882290824258187,0.454847379598969,0.296350574501845,0.0683546326153724,-0.118210080322746,0.103081355016957,0.0832572881347701,-0.0110047400204825,0.0884944522834623,0.0705322979993505,0.0708778922314633,0.44895760025609,0.104335258528941,0.122799477901409,0.231327088712074,0.107479810885235,0.168454318698827,0.142351803832177,0.276700977114005,0.123498932228063,0.0738549767208026,0.133497985902691,0.0549246628099101,-0.0312181496140696,-0.0270052280003341,0.0185735876072984,-0.22382415411063,-0.209183830115373,0.114007334556077,-0.07386944978123,0.0916883143786375,-0.0316909826115094,-0.0524331790432564,0.227145407023971,-0.0389633352575845,0.132572672127665,-0.0449281335674581,-0.0276422622906532,-0.101568791011042,0.0238735969078421,-0.0898473639757371,-0.160625632067107,0.0294934085747631,0.338202973056259,0.121535411560666
0.125063862870396,0.435545214878025,0.241588308747188,0.319989054708473,0.435159612508171,0.480511667329261,0.530960394992727,0,0.289177092605829,-0.157687025276577,-0.0856449340298801,0.00109772502775679,0.02557233569715,-0.0255270261626372,0.0195259092755851,0.353695683468354,0.0842001843924017,0.322114138540911,-0.0419702883879357,0.354890711447347,0.0207891512750509,0.13123592137918,0.104174442953218,0.0998018413945151,-0.07067383937185,0.000433749329894498,0.0702241668340914,-0.0405699020745029,0.123439582396873,-0.0028186363751565,-0.10074950601608,-0.191491928480577,-0.105999002527702,0.255804576422765,0.241273482105356,0.260262659414973,-0.0276182870045322,-0.245474712616451,-0.240990623166872,0.0370826248914741,-0.0313934011435315,-0.0857634760421032,-0.126946685621875,-0.235572041854239,-0.217068546195521,-0.210449791252772,-0.10945910078263,-0.0618053616785456,0.204823420258289,0.0721117278342857,0.0980727462156397,0.508206220488961,0.293781745574094,0.219382114445353,0.454800470674395,0.202487183686275,0.517378133170943,0.502494868531628,-0.133773300867415,-0.0705181028663006,0.0383275123477156,0.0890242467649895,-0.00540391157551956,0.00862759830164128,0.0479563898954456,0.0482353297143548,0.129285805781586,0.0250102993334426,0.210453458246968,0.431455147712062,0.147508695996298,0.172895189078999,0.193440054544201,-0.0261672437000339,0.111728480472938,-0.0273693305997614,0.130361164482246,-0.00226726128850564,-0.119455291623356,-0.156982950485217,0.11227396931425,-0.110575814105829,-0.0870517292277832,0.265747128233628,0.0487853015279778,0.146967559214613,0.0435971379958574,0.0560321010431859,0.357354070370034,-0.0572499386871599,0.0172988090310334,-0.211850464486853,-0.116715192202399,-0.111465593172826,-0.0329779915424441,-0.011122984892955,-0.0366863782207034,0.138463112214096,0.360593134190866,0.0829558202048056
-0.0462535955897084,-0.0956911931061957,0.137047343142538,-0.150462485693137,-0.00495568797867823,0.372200336595446,0.26569669296952,0.289177092605829,0,0.136389322003063,0.0466068909505356,0.0658468039266165,-0.0573769125231399,-0.0165706907038646,-0.0364260366718026,0.107388148853146,0.0979666419016458,0.217923637725909,-0.0434965541944109,0.276536728366787,0.0312879822857494,0.212583678435499,0.240929277475557,0.0024033324976422,-0.012137447834173,0.107879602173865,0.133492393526987,0.065800020285492,0.10712328002828,0.0682773659741175,0.0250516327765276,-0.144573805792449,-0.136087565244626,0.197555573817,0.144914337490292,0.32715666547234,-0.140693892382539,-0.208873682792827,-0.189827492599758,0.114110902698389,-0.107015437002684,-0.0145258715055278,-0.0886475356973551,-0.13495669212507,-0.117234620597738,-0.0950350001037864,-0.088066315791279,-0.0436542488161912,0.0106376075920133,-0.0839221979235086,0.024963631676714,0.011611845985759,0.0145988479303468,-0.17130750704247,0.246288752494608,0.325132422063888,0.225628885923206,0.520861703575694,0.0717655592396449,0.0663691042063481,-0.00502358065090679,-0.00573137926097509,0.0819655178878656,0.0138691869593968,0.04961855910556,0.0144757257325178,0.159534847223148,0.0313099070344652,0.166248560395147,0.212504045861581,0.134946700073532,0.164392031980725,0.235693812736189,0.101572527046831,0.00998732818686002,0.0215866210358918,0.157855674115787,0.161788984635101,0.0745127460770357,-0.139642923369672,0.0536492292525536,0.00694900097182034,0.117797025457385,0.21938032077775,0.195412378238075,0.193580796931817,0.0528785505077639,0.268981361390676,0.273485166278449,0.0263816373166898,-0.0378773555367548,-0.0621564516638209,-0.00583865561355379,-0.0619762298675856,-0.0345755040625248,0.0347854729051181,0.0146746956104445,0.211347752890295,0.235574563966906,0.0457940368462485
-0.228290886905817,-0.316300920303285,-0.12214269852092,-0.328453849780163,-0.184303834284269,-0.167284824893598,-0.0229944795844648,-0.157687025276577,0.136389322003063,0,0.0546813490656701,0.131773306244421,0.0146262820130776,0.103386282727762,0.0877782365347123,-0.084707284117994,0.0242085763826144,-0.0367300592999519,0.0200450073965266,-0.193254053861571,0.0751829091752578,-0.082406181767905,-0.0947444959436597,-0.0901955378818676,0.374118959616676,0.0638375872135439,0.196962560057569,0.239372215470176,0.0724847580210686,-0.00726077986996685,0.146462626307358,-0.138677026656867,-0.0621270255334837,-0.064080266263414,0.0682730482035234,-0.0324486635277319,0.032917284593115,0.00866018502313481,0.0815424015427187,0.350254644028425,-0.0600831976510692,0.234334336803763,0.176363105236688,0.247402652059729,-0.0339102596232227,0.223510758341831,0.179064321584184,0.13041804670791,-0.287060418150167,-0.0383375228657689,-0.226261059787463,-0.211035498071963,-0.178562080643894,-0.306835789011778,-0.112059220524828,-0.107504712253372,-0.062182462056221,-0.0851517419459547,0.61596228283117,0.266568734619181,0.236118711332713,0.027390048081803,0.14238115725922,0.094449462844957,0.0650759411190494,0.0396092670923197,-0.00436101497284803,0.0510032033370331,-0.113141126526501,-0.193550090381912,0.00655218074182955,0.0770233702421868,-0.124464185107768,0.361921381032121,-0.211056658407673,0.438349857924326,-0.0874396526043472,0.254441154804585,0.208938404778211,-0.13407326434225,-0.0581063889652288,-0.00363525537010186,0.26984837577064,0.111436015124816,0.270037068595833,0.130228635599657,0.183220652070923,0.40315872531139,-0.173465584062533,0.0102542851946822,-0.084325398325009,0.0643508466786653,0.174837602936071,0.238205006467851,0.232521891789649,0.21453356166375,0.229899973099896,0.128257942734755,-0.272212539413536,0.0442516933424975
0.13156485891155,-0.0472663223873801,0.136665485280736,-0.0419463392910226,-0.0304113786006199,-0.0116992615002706,-0.117060822375583,-0.0856449340298801,0.0466068909505356,0.0546813490656701,0,0.694163123355483,0.34993084936629,0.130420773222449,0.172730679021797,-0.241746887919858,0.145571668805073,-0.0705944459138275,0.0406855938253521,-0.172751205732356,0.234821318426524,0.142287119570999,0.168687405374385,0.415350161635173,-0.161701294060739,0.553798493227715,0.105866961967964,-0.1111013853049,-0.104729597998595,0.29207555506581,-0.138448345710979,0.246015013362782,0.0443933839425655,-0.0326257922008792,0.0481394894993336,0.0420251216821993,0.0995538543401289,0.166737698058154,0.0503873000128514,-0.196822730424542,0.082196322474116,-0.188837223985233,0.195635796586369,0.206935998611242,0.167400403684564,0.116907015471087,-0.0550638618441409,-0.1459177862718,0.121193254998917,0.00259445882806871,0.143601456425465,-0.246035789993301,-0.211938825312639,0.0100655034939723,-0.1962244375946,-0.0173341285931554,-0.271542472912548,-0.251583913257511,-0.126519765463243,0.404380096448058,0.115503530698872,0.192931073523501,0.149768591606342,0.126290751220536,0.180754737887865,0.295209883620266,-0.184364820625191,0.0629976127345127,0.0221144810211575,-0.242177118926036,0.0945846345370981,0.0563066109770538,0.176199637168334,-0.14766555685799,0.443310290531058,-0.150210935387852,0.0377149674959023,-0.00375084093406611,-0.0459716296627996,0.0389729039733904,0.208529074250799,-0.0983310761602864,0.0818698977263675,0.0947266250328792,0.0948096447663516,-0.0193150607269299,-0.0381928693607508,-0.0425892182680711,-0.0321129371748342,0.16568713427642,-0.0692807618750455,0.240042219261813,0.10752254673806,-0.160273008833066,-0.0421034924175139,0.218978486364171,0.0321976238209774,-0.115099084142223,0.0482213694158864,-0.0412895861012913
0.097391459480445,-0.130072710594103,0.228549279029545,-0.1632275311664,-0.119965433895344,-0.0245996561538382,-0.0385602908382105,0.00109772502775679,0.0658468039266165,0.131773306244421,0.694163123355483,0,0.394163275182521,0.212541589509153,0.197319603355513,-0.223536998867021,0.283037290934668,-0.00173957452614534,0.150843532479751,-0.235803364835278,0.284682057296101,0.130334104813315,0.128452601386317,0.477562611100969,-0.114616456641587,0.665353119867165,0.133028805003948,-0.157711167025895,-0.151503701250221,0.252381779209373,-0.239769321548709,0.159691063904946,-0.0374775642999074,0.00697808366143307,0.124012103811543,-0.00525510287493374,0.055126818899288,0.000410262060868508,-0.0550444496231942,-0.00800190981280927,0.0683595126826656,-0.150633643245873,0.29677316487039,0.130711992216791,0.175978677734701,0.0664870435861591,-0.0954126253352498,-0.169663129708718,0.0601005113235273,-0.0325224226952531,0.0059549643102498,-0.303075274393488,-0.293894330334167,-0.105780945625806,-0.0843358881620105,0.0289447432052068,-0.336458058234403,-0.184607830355588,-0.0889364676460163,0.528396117052958,0.361510409481391,0.33794965203657,0.211663175798169,0.160479784465543,0.200587394866381,0.274885807007751,-0.216921541199177,0.149685805653222,0.0930967361361241,-0.179413176112039,0.113009040759559,0.171703328939764,0.173851662846136,-7.29310108347795e-05,0.557309637191599,0.0627661601049623,-0.0330276369457468,0.0450769517583271,-0.181491256287423,0.0313468100586378,0.263243450027469,-0.135989088646897,0.0931603533682151,0.120634120305992,0.123389579758309,0.0121349845536959,-0.0510211537195166,0.0280545223393655,-0.0104396077075599,0.1502768240177,-0.140364146106062,0.11668285762969,0.0185868480302353,-0.181141447859574,0.0708996546637659,0.218702509587609,0.019984082203957,-0.124705179812258,-0.025848322537596,-0.0208641501135817
-0.0414592841445138,-0.0398968114925699,-0.0334039174615149,-0.00744321926041876,-0.0467563015956304,-0.013875079138141,-0.037340051315934,0.02557233569715,-0.0573769125231399,0.0146262820130776,0.34993084936629,0.394163275182521,0,0.275900530657396,0.182947082344779,-0.103135160137586,0.353226917321803,0.187706090021858,0.195713052919075,-0.0111925798977798,0.196503173642648,0.363066710711925,0.241712958801283,0.409221902210072,-0.0845895527640965,0.243423860077856,0.280513490009991,0.170286796953576,0.0311156767487358,0.257506571376276,0.031363375585506,0.106064102603331,0.0339082165738676,0.156430483254967,0.298905494508445,0.0427310649778643,0.139378660610079,0.0064846103821561,0.12461325741997,-0.0732074010980951,0.263491399440776,-0.139257158708396,0.153259774630737,0.184922644924186,0.190882451019769,0.244852164281466,0.188145813903736,0.0866286157724915,0.0900448480832204,0.0475304533283578,-0.0523348644788733,-0.184137286045522,-0.0793166937390771,-0.00926205941059994,-0.151639200736035,-0.0683928058132225,-0.145266268634395,-0.117349910849412,-0.132069378530341,0.0664851792396399,0.0467222924909952,0.558348734004126,0.274558660524779,0.0951995075771739,0.0939230808837238,0.218492539270352,-0.112307958583796,0.153447228176791,0.138625266700193,0.010278033163399,0.067588165835902,0.210887072309623,0.171752019615729,-0.103463687438635,0.286366527669774,-0.153364086106428,0.135205208378276,0.111807425619552,0.0392793073549167,-0.0283358090056222,0.219957763092428,-0.00285065319255131,0.164198481462673,0.256840894274139,0.238194093104569,0.182780427016588,0.036328264779433,0.234170194111646,-0.0131365834558688,0.0922415473000245,-0.0356373806547141,-0.0302368100490515,0.0204824052705592,-0.0827664193634101,-0.114789938320378,0.27138043917303,0.215226682771441,0.143376042773559,0.0245209550727754,0.0127939684446121
-0.128898274698302,-0.0541446725505195,-0.196209411949397,-0.0933111865801606,-0.176070380732884,-0.00992052602929763,0.046810237963678,-0.0255270261626372,-0.0165706907038646,0.103386282727762,0.130420773222449,0.212541589509153,0.275900530657396,0,0.541662841963293,0.0201465613952246,0.416017248122584,0.391666611433998,0.626637305950095,0.085367402214091,0.471456896556924,0.115649754825019,0.41210820298672,0.326226475040474,0.0800798267921008,0.0675871439278081,0.178284937998859,0.18602274529653,0.222617508733591,0.327927026491668,0.0883262391879165,-0.0997417688172112,-0.0234746871351478,0.294304795337988,0.227524085986108,0.0694184899562731,0.24670327408635,-0.0217921568848115,0.217711680520707,0.137976776270762,0.21605251131634,-0.0574083227163433,0.00790849370213146,0.139324034243338,0.104710144591145,0.118864631895201,0.124968448630022,0.210791826954837,0.180078196696097,0.130010886337222,-0.130634103795356,-0.0967635221753365,0.0923682301918004,-0.0336016940851509,-0.0611669523168527,-0.0554210642392201,-0.119264671927466,-0.173673405874234,0.137076201527518,0.0334007579720123,-0.0216655924204304,0.169581961833082,0.288101595400326,0.401945059308399,0.377102420125627,0.408058561530074,0.0195946910836173,0.408561800046072,0.235340140429281,-0.00238102160956564,0.269474833628269,0.170066416678182,0.255963913032393,0.113341998700901,0.210892891492405,-0.0127523351816208,0.239118844864029,0.310511752343191,0.0481338105238835,-0.152209619721544,0.181291688733974,-0.0776270135013989,0.0552945123868524,0.0978131176437605,0.0985316790847822,0.242402164989671,0.197828750475388,0.208300302325925,0.113596906103351,-0.0448862651559412,0.0457698718276999,-0.020144014820213,0.221786139437762,-0.0498717288569415,-0.138252871626445,0.146389036036843,0.0804324301957499,0.139589585729889,-0.0137246054659744,0.0908940591573722
-0.00925969851774984,-0.0405994094029918,-0.171299162692041,0.0794878537792809,-0.0252310329389553,0.0195778574192903,0.0465173988333817,0.0195259092755851,-0.0364260366718026,0.0877782365347123,0.172730679021797,0.197319603355513,0.182947082344779,0.541662841963293,0,0.11124259211329,0.376940948677606,0.556492243220407,0.574270724782562,0.0920051797454429,0.651936188391836,-0.0499703575853366,0.329198666139798,0.372972543563301,0.260791267012943,-0.00598027738703987,0.0156746618778921,0.264948177672966,0.493143932296035,0.485321375782764,-0.0902006043975368,-0.0660557050914579,0.00351564786372692,0.471907975524263,0.0813194430182854,0.182405430269517,0.400476345484927,-0.00245907017635592,0.0803484477697868,0.115095619902877,0.207117175016006,-0.0616669629514847,-0.111795361160537,0.087866822382585,-0.0855088712630631,-0.110194598436067,0.137638843551072,0.0883033181855647,0.166748785968358,0.250256907438885,-0.195790774211682,-0.0770728140911399,0.185363794784644,0.170901559198731,-0.0413680259147067,0.154495825164432,-0.0823581037791782,-0.174739039933551,0.227760066347898,0.106981383325443,0.0292617704597542,0.146005941446029,0.576568859252172,0.512654191534779,0.672522430378218,0.742871088175637,-0.0104041189581199,0.5925890189981,0.430576747474974,0.0831989502628848,0.61632943212745,0.0931175895964462,0.341728537862713,0.248307544913665,0.290268994627478,0.121667157903999,0.474404373481783,0.474594600584134,0.00947048815288286,-0.0585080306742467,0.427201710377351,-0.365367043211115,-0.252576577997891,0.0253586330754082,-0.0886314763594534,0.348340454430432,0.39747785554587,0.0271636607819244,0.270912870711869,-0.0909630005249614,0.0117759014108641,0.0483375832030804,0.29450683247757,0.0965615849048915,-0.0482511099197505,-0.109187402151119,-0.205002513982907,0.0320315979659002,0.0360740413520543,0.237288608741798
0.10402295598941,0.465910348861637,-0.0592725835927551,0.396787129451847,0.28434677461522,0.238751512190064,0.504395879679686,0.353695683468354,0.107388148853146,-0.084707284117994,-0.241746887919858,-0.223536998867021,-0.103135160137586,0.0201465613952246,0.11124259211329,0,0.0507297551329012,0.359039201727389,0.0704466370483604,0.349287955439196,0.0258043897483123,0.117139793033976,0.0249570095890817,0.10302649082271,0.136425110980827,-0.15600211262876,-0.187057573731427,-0.0225363704565447,0.404369863485145,-0.00623929426138146,-0.143923244289474,0.0979657706217747,0.108640966099168,0.373749763100986,0.0622866840933922,0.0539147574649294,-0.0813131050250737,-0.0304744744542786,-0.190980525065772,0.0398131497723468,-0.120752719568985,-0.0744527368435514,-0.237984528781178,-0.243046837890043,-0.341496091604378,-0.364691697910962,-0.113283609307602,0.0521689279720965,0.0452290476118528,0.0303918079723879,0.190835607628638,0.437456558088584,0.588310904881115,0.265545010351522,0.21631656781227,0.127352203285712,0.254511623643036,0.135458474270827,0.0576705274310896,-0.174713350578589,-0.0579544874701677,-0.0670651146117693,0.139278265420055,0.120646019849194,0.217683067957951,0.131264140116848,0.185771502216922,0.266302881744149,0.257754482637174,0.312402169379634,0.238953955639248,0.0589217856047621,0.167730088483931,0.12845902473268,0.144234430418389,0.10478035629799,0.309272720455507,0.132868583159603,-0.0295628774683181,0.0750541092369421,0.196776128949826,-0.389480425204604,-0.37938954531625,0.0323134131342302,-0.242691506465767,0.0800044166568372,0.00813830333289968,-0.149357774325108,0.206241849126599,-0.219515039528896,0.134889250098145,-0.0880658419482848,-0.0398226997001194,-0.0196446138579997,-0.0689701016739019,-0.302514915461942,-0.374841867356438,-0.0348524990570887,0.198094849528071,-0.00497762783308085
-0.103743965756617,-0.157569974018931,-0.105338999722673,-0.156165901340958,-0.155771637104143,-0.100629932828045,0.067516892271942,0.0842001843924017,0.0979666419016458,0.0242085763826144,0.145571668805073,0.283037290934668,0.353226917321803,0.416017248122584,0.376940948677606,0.0507297551329012,0,0.406562879690349,0.419884591134033,0.146774818950278,0.388742950636861,0.344991730483793,0.339248148137098,0.405762961433848,0.124272428649204,0.153265614361058,0.235384233329113,0.253195918680729,0.226482361525727,0.234518116514517,0.0951617103847435,-0.137610729714991,-0.0419397324753709,0.491282667451015,0.33146640760696,0.0655815817193447,0.0748185734246382,-0.210793050482979,-0.128739318242994,0.167648418656534,0.12940058015767,-0.0716262907715629,-0.0692001551169784,0.0096015867777841,0.0616615742698715,-0.0112970928480864,-0.0398145304302522,0.0666292198817793,-0.00558407206038385,0.0374274846126034,-0.186179853027098,-0.13920427912292,0.0482107940735588,-0.0992331286743696,-0.0736626017527872,0.0286882830041528,-0.00405782118667839,-0.00328974514011771,0.0509564139275243,0.0415152334897218,0.0395022282706929,0.349716839671603,0.357446891209474,0.33459548358117,0.315963439241627,0.357446328997704,0.0993154699158772,0.45777273839791,0.318894697711084,0.188136155934517,0.33716685194217,0.470292551571993,0.394239014576971,0.135689013126526,0.362498328356071,0.0058438463041337,0.247748145345579,0.332761289617064,0.123991053906808,-0.111446540006785,0.290314871949435,-0.0855280375583608,0.0581319110015989,0.29817373626585,0.173427299637872,0.371975739176604,0.035739711424404,0.299790489628783,0.192803116697917,-0.203238364063267,-0.0381641935207524,-0.0249044996214308,0.0711073120043515,-0.00811801809478276,-0.0981062823204325,0.106779984461867,0.0459253323912237,0.171462328512026,0.00557131482576563,-0.0340032088948375
0.0597286935241135,0.102205065461616,-0.0835086923887936,0.13936032264143,0.0843018879056914,0.247803331767167,0.214893823976306,0.322114138540911,0.217923637725909,-0.0367300592999519,-0.0705944459138275,-0.00173957452614534,0.187706090021858,0.391666611433998,0.556492243220407,0.359039201727389,0.406562879690349,0,0.519566617938553,0.460748297543596,0.535147133028704,0.0952186098401665,0.429547876947191,0.325468359360577,0.136458264647055,-0.105894143682512,0.102956307283669,0.279746479798945,0.516431984467938,0.325654101778152,-0.0890557152666371,-0.113313260147946,-8.17596133901666e-05,0.673803064718095,0.106887046978438,0.38509015280571,0.253331840356745,-0.149036899419349,-0.0698550934512306,0.0804240927589961,0.220483434397916,-0.0254951807935919,-0.261616854492392,-0.15317756993014,-0.161748029396706,-0.205651714712845,0.102158318700429,0.12990791501905,0.151651603796927,0.188374795424827,-0.10290888522191,0.136690041706449,0.404916994225527,0.156247103597843,0.13851314314722,0.316680591650509,0.159869093096215,0.217231550832848,0.0577084048096155,-0.036991332039863,-0.162724737337109,0.145780718263399,0.538555792645414,0.361595731700723,0.574623466685717,0.502724548107811,0.0937398114746153,0.566613181378181,0.602943387111912,0.456683115296578,0.670806519781351,0.121066280167983,0.407748776624572,0.136456561407408,0.190817799812564,0.0382518389712622,0.569075406396847,0.468799698998471,0.0495733526836328,-0.107580294603026,0.436713123541885,-0.301582479258828,-0.182620065782707,0.0705999908639515,-0.0501892721044205,0.423693419020651,0.355875675893627,0.17219256502871,0.549655408331822,-0.0932469449761625,0.00304056836589709,-0.16624639001632,0.0889210046890952,0.0427473954078514,-0.182548959076576,-0.111468991788784,-0.177565967545372,0.258241205580454,0.257869516405304,0.240331544640537
-0.0588752845749069,-0.109001325045204,-0.177424234309944,-0.0634870418757545,-0.153028582108754,-0.0570252351608272,0.0140295323696754,-0.0419702883879357,-0.0434965541944109,0.0200450073965266,0.0406855938253521,0.150843532479751,0.195713052919075,0.626637305950095,0.574270724782562,0.0704466370483604,0.419884591134033,0.519566617938553,0,0.0789257388651538,0.561958928715216,0.00348626626278487,0.339869946218439,0.257812635764699,0.0969948617294491,-0.0368550891364192,0.0303959352611855,0.163700097640337,0.29842346409799,0.33982821602334,-0.104184780526132,-0.0206943393568305,0.0139259026049491,0.476442281130999,0.0310861535823638,0.111030684981415,0.216202023099653,-0.0494004483624302,-0.00298617649697295,0.123368523656772,0.234492425691568,-0.0447076251658891,-0.0993074866635382,-0.0254903117111548,0.0303939581518575,-0.0453735327061028,0.101775569762943,0.188906885150513,0.128786055872568,0.171221255104043,-0.120394623840101,-0.12924374944335,0.0863478843514152,0.00854142219854006,0.00284512484836322,0.143784151261027,-0.151015999583879,-0.124441978414611,0.0693024840297844,0.163377808507661,-0.0195370372051891,0.205228035501175,0.48271188741943,0.348488234023919,0.5187436107623,0.412027371369823,0.0498555924734207,0.568923518619489,0.448485218898829,0.0967002385660692,0.425802089622933,0.0928651402363997,0.302196607459139,0.187815994406047,0.20758110980535,0.13370048481484,0.347814645609371,0.436133692849747,-0.062767443588667,0.000995437809153523,0.331247282011847,-0.184137799857705,-0.0920665381909452,-0.0296590302216083,-0.0967988791812122,0.37566734474152,0.209524051911759,0.0433206859313787,0.249785759280865,-0.0690377152006231,-0.0216859110272075,-0.0153831865913075,0.106852444368756,0.0647932536282323,-0.0552971513691675,-0.0329488338263931,-0.0890231527948886,0.155724170348679,0.0504087113393904,0.154223192701395
0.137664288199279,0.287823829549901,-0.0403057656696034,0.188347810690702,0.162656708323002,0.395028396502571,0.299090908645187,0.354890711447347,0.276536728366787,-0.193254053861571,-0.172751205732356,-0.235803364835278,-0.0111925798977798,0.085367402214091,0.0920051797454429,0.349287955439196,0.146774818950278,0.460748297543596,0.0789257388651538,0,0.0281786851373815,0.150294264871827,0.299295929337423,0.0628665859293663,-0.174554367464205,-0.243198989756316,0.169715089427307,0.136007243377051,0.369882896314143,0.0378613560932931,0.05887919562092,-0.213487011501366,-0.0270843587234966,0.375547694420383,0.0607125854838269,0.496546077630861,0.0407158418483347,-0.220853898315888,-0.17776550843312,-0.0866213507517603,0.00352500171250584,-0.129465842989276,-0.417007156728137,-0.240937728335622,-0.19440268947309,-0.18378259454516,0.000181626406489868,0.118763986332081,0.248625221204723,0.186211432956685,0.110154049353803,0.389472389307166,0.485626632153144,0.0431343014752569,0.168261644472377,0.157789014441331,0.317110271963034,0.43877624824371,-0.0830976549064604,-0.270624672620053,-0.230236371862924,-0.0385385043754157,0.111473997795688,0.189298578260967,0.202702745940796,0.121234481785825,0.241730970700143,0.130007411043148,0.327921539272205,0.551205133549075,0.351535864824956,0.070306324256439,0.330428517026138,-0.0902919337644907,0.0378951584335919,-0.250213784498669,0.342539757612752,0.0822224332203528,0.0917782498298788,-0.254803368520599,0.083787490647486,-0.0263823583857837,-0.0782168277649324,0.0626244573924193,0.0657035929825769,0.209674999616427,0.14382501146071,0.104748780369197,0.579302936213663,-0.0744240500700644,0.0654659742130561,-0.228168582303271,-0.0718425662669356,-0.208940974805943,-0.318029319904508,-0.0738316182442682,-0.064389350581971,0.327047010308112,0.46005979070761,0.167370542574376
-0.00016279557087482,-0.0803358842331486,-0.00654927005773127,0.0608341924151316,0.0381004142650637,0.0329963462425689,-0.0330689693560296,0.0207891512750509,0.0312879822857494,0.0751829091752578,0.234821318426524,0.284682057296101,0.196503173642648,0.471456896556924,0.651936188391836,0.0258043897483123,0.388742950636861,0.535147133028704,0.561958928715216,0.0281786851373815,0,0.00274926349439041,0.381050621164127,0.329422284888348,0.162692733851602,0.169399290459201,-0.0237220318368618,0.0954002327217094,0.264552609701789,0.488128094242685,-0.167319070278192,0.0649625616171653,0.0526957341463129,0.47884877842977,0.0679034207071944,0.130847383556067,0.294216955617411,0.00249737661258525,0.0497587362251514,0.0241644901893259,0.250022694506516,-0.118111398564461,-0.0473024462454542,-0.0224367528135243,-0.107757201978039,-0.0431950096496021,0.105168595278395,0.0404206939574766,0.109277357713744,0.149689184649802,-0.209863247796265,-0.121498665225387,0.109893560172191,0.154187565042784,0.00731059810813846,0.2142137143683,-0.144835433738644,-0.150963086112287,0.0224630111527483,0.266872651542086,0.0821357646607133,0.15735573884349,0.486324905547538,0.338017215387437,0.624248364503302,0.590569552256961,-0.0922639231933747,0.539157855493201,0.484454381792735,0.132411858854324,0.617292018301362,0.0732685285186304,0.376698404828312,0.165810881946513,0.239611012445695,0.0591588963519956,0.312107545852197,0.373363538546326,0.0112310574628225,0.0405888943179415,0.452097944130069,-0.257074890246174,-0.182201608072849,0.0104632632724115,-0.0773850481736087,0.333612739474123,0.308234043063916,0.0614406263837217,0.280589066895857,-0.027526744743851,-0.0567854275563573,0.0359811254018494,0.152343721505844,-0.00574937008217235,-0.132497697416831,-0.110111514613771,-0.123615577880804,0.116039471263394,0.0763125720488111,0.1903685540199
