0,0.2289414,-0.01740686,-0.0360933,0.03112172,-0.05016113,-0.04148997,0.1322785,0.1107313,-0.2581707,-0.03079874,0.05053681,-0.1227195,0.06250168,0.01155532,-0.09955069,0.05293966,0.09410776,-0.153549,0.09831794,0.02099285,-0.1364864,0.2073678,-0.1350208,-0.3788497,0.2018575,0.2784013,0.03899718,0.1816674,0.01654908,-0.1259095,-0.03261918,0.007110318,0.00143938,-0.09505459,-0.06243583,-0.001128944,-0.1476573,-0.3338757,-0.03803171,0.06666067,-0.17258,-0.2176164,0.1932243,0.02988087,-0.02483995,-0.1086804,0.08150356,0.2817412,-0.05531968,0.4044794,0.1287694,-0.120118,-0.07638124,-0.03549512,0.03042817,0.07291768,-0.002655475,-0.3316657,-0.2720722,0.1177829,-0.1349949,-0.3078858,-0.06265168,-0.09184635,-0.1055762,0.1304402,-0.2752289,0.02370234,0.07111237,0.0977589,-0.02119122,0.07104518,-0.2036221,-0.1931017,0.02330204,0.04496991,0.08820131,0.03634741,-0.08358574,-0.1483799,-0.1920439,0.02593035,-0.1489356,-0.003644945,-0.3412723,0.1594649,0.04895601,-0.08907516,-0.1252493,-0.1948357,-0.2422475,-0.3230369,-0.2731574,0.03635921,0.1345816,0.07450771,0.06524257,0.2181951,-0.01404565
0.2289414,0,-0.01915546,0.2288189,0.354124,0.1518515,0.1586484,0.2742237,0.02612218,-0.08807938,-0.03252161,0.003442969,0.09361452,0.02271943,-0.287385,0.2860152,0.4014164,0.4158336,0.1734578,0.06893441,0.2099119,0.1273679,0.1435007,-0.3626123,-0.05183535,0.2343401,-0.05733454,-0.1972432,-0.03467855,-0.1045124,0.309035,0.3985401,-0.05039446,0.1908245,-0.01642176,-0.1240734,-0.01431228,-0.2106252,-0.2103409,0.1035278,-0.2670654,0.06297393,0.0569413,0.02377139,-0.01111598,-0.1277802,-0.4483329,0.1395104,0.04970148,-0.3481277,-0.03150057,0.4129112,0.249966,0.3019218,0.3034807,-0.1312369,0.3766406,0.07418412,-0.3736031,-0.2996451,0.08165807,0.04218664,-0.224963,0.05929573,0.1815743,-0.2585905,-0.2259198,0.1196541,0.127172,0.3574281,0.1127053,0.07857499,0.1905927,-0.1773276,-0.2832736,-0.001249972,0.04416677,0.04075144,0.3288195,0.2616425,-0.1931459,-0.2580726,-0.06387881,0.1069481,-0.01579068,-0.381775,0.2096655,-0.02310377,-0.4119857,-0.2497238,-0.1293886,0.03386734,-0.432428,0.04608274,-0.2204075,-0.1742291,0.0001209198,0.01287729,-0.08705729,-0.02242425
-0.01740686,-0.01915546,0,-0.2147095,0.04476542,0.2591596,0.2277693,0.5765591,0.5728277,-0.2231017,0.2683037,0.07263807,-0.1116123,0.04307908,0.2376175,0.053193,-0.1496771,0.06822488,0.05367427,-0.00789966,0.1771135,-0.2894422,0.06794076,0.207193,0.07885522,-0.345551,-0.1789521,-0.2012479,0.05737722,-0.09897945,-0.3171863,-0.3598839,-0.2097984,-0.02577457,-0.1456528,0.247368,-0.2315946,-0.1518656,-0.07096431,-0.3736997,-0.0796571,-0.1715765,-0.337103,-0.08885313,-0.1932131,-0.4830331,-0.02072278,-0.3629616,0.2346029,-0.1051067,0.005161313,0.549795,-0.09330969,-0.2270493,0.4229376,0.5785257,0.4704595,0.5923648,0.0104465,0.3956716,0.03254627,-0.032783,0.1747736,0.1506912,0.2652237,0.2653625,0.07034702,0.1154385,0.01446207,0.1501564,0.3011255,0.05501226,0.1641014,-0.1687973,0.3013104,-0.1131855,-0.03042297,0.03402269,-0.3987714,-0.3337977,0.01037363,-0.1100065,-0.188289,-0.07483271,-0.1425858,-0.1076289,-0.2367928,-0.2623355,0.3061685,-0.2622215,-0.3104996,-0.1454196,-0.09758144,-0.1234319,-0.07568862,-0.09051023,-0.4019606,-0.2138733,0.2899107,-0.2477386
-0.0360933,0.2288189,-0.2147095,0,0.07845818,0.1675471,0.2625176,0.00566593,-0.2923622,0.3795415,-0.1683235,-0.339018,0.1235388,-0.2022276,-0.1075201,0.4221355,-0.02745502,0.1535633,0.1532675,0.01124859,-0.03093535,0.1733667,-0.03758386,0.03061076,0.1928954,-0.02142012,-0.1299268,-0.005922598,-0.112044,-0.2702008,0.3143611,0.1719327,0.5185252,-0.06538966,0.2757749,0.1793908,0.09069015,0.2043975,0.1403877,0.2192186,0.0240487,0.2574206,0.3039652,-0.1994959,-0.1722164,-0.01116464,0.07913966,0.1514605,-0.01750853,-0.02748169,0.249882,-0.2000528,0.3782259,0.1951011,0.1352043,-0.07001451,0.2184773,-0.06410363,0.0716005,-0.09662423,-0.4369858,-0.007365815,-0.001070065,-0.3184973,-0.1688933,-0.0005707672,0.09602103,-0.004987539,-0.1047573,0.09897377,-0.4029577,-0.01954707,0.03587153,0.1070839,-0.0007282009,0.04431734,0.06870981,-0.2727209,0.1943027,0.09123804,-0.1068773,-0.02982722,0.0187916,0.0970175,0.1325372,0.2022416,-0.1189067,0.1820752,-0.004376192,0.09346612,0.4530863,0.2659704,0.1419792,0.1706357,-0.1165506,0.1353137,0.002719226,-0.03642529,-0.02669998,0.138338
0.03112172,0.354124,0.04476542,0.07845818,0,0.1241487,0.06433044,0.3870299,0.3099058,-0.2565451,-0.07572205,0.1457845,-0.03317998,0.1557736,0.04382295,-0.1348635,0.1336059,0.03141467,-0.130096,-0.0430288,0.2653824,-0.1720223,-0.09393454,-0.2880569,-0.1427528,-0.02927775,0.1436339,-0.168583,0.2449812,0.02880111,-0.01502506,-0.01731778,-0.1498038,-0.001287618,-0.3243792,-0.1761163,-0.06166773,-0.1581033,-0.1335623,-0.07842259,-0.196945,-0.154391,-0.15537,0.1375696,0.1431693,-0.001954471,-0.2984962,-0.206268,0.2513525,-0.03726912,0.004962604,0.4057313,0.07861101,0.6283196,0.3576614,0.04190467,0.2431273,0.3496298,-0.1978263,-0.197483,0.2132792,-0.05102533,-0.2908226,0.09410504,0.101594,-0.02866701,-0.08414056,-0.06281602,-0.06886197,0.02240453,0.2606845,-0.217931,-0.09430254,-0.1348482,-0.1954581,-0.05581471,0.07713331,0.1349899,0.1923386,0.1012305,-0.2126619,-0.2148279,-0.04606155,-0.2458624,-0.2100287,-0.4392321,0.1744344,-0.2417709,-0.1790284,-0.257709,-0.1509198,-0.04781703,-0.2216513,-0.07231673,-0.09596408,0.01848458,0.06598457,-0.103022,0.08190748,-0.04322652
-0.05016113,0.1518515,0.2591596,0.1675471,0.1241487,0,0.3381434,0.0928136,0.4321886,0.4268647,-0.06063184,-0.2689489,0.0548056,-0.01105521,0.2207212,0.3440009,0.08696323,0.1521868,0.3088777,0.06507018,0.2993331,-0.2099549,0.03360345,0.1542736,0.1921067,-0.01106721,-0.3908715,-0.2236295,0.16253,-0.4176333,0.3844801,0.1765559,-0.05224382,-0.3481206,-0.1014305,0.5792996,-0.3651181,-0.06477237,0.1210088,0.08247621,-0.1104721,0.20479,0.169907,-0.4026011,-0.4677851,-0.2859961,-0.2810121,-0.2365912,0.5369962,-0.3602454,-0.1450199,0.03401951,0.336612,-0.2090621,0.7392474,0.6167534,0.2694393,0.4020429,0.1425608,-0.01050885,-0.3890064,-0.004558656,0.3384893,-0.1364333,0.01804522,0.3841229,0.1362874,0.1074318,-0.3155917,-0.02738367,-0.01424836,-0.208177,-0.08670897,0.1242448,0.267052,0.09801154,0.3532102,-0.1573094,0.1661002,0.06675149,-0.07753969,-0.2963194,-0.5016291,-0.04717173,-0.1329039,0.001984823,-0.4138968,-0.02473737,0.3294293,-0.2232762,0.3090004,0.2786239,-0.0461794,0.3121292,-0.142809,-0.3313874,-0.1575382,-0.3218372,0.5345864,0.09327728
-0.04148997,0.1586484,0.2277693,0.2625176,0.06433044,0.3381434,0,0.3401342,0.257353,0.2321141,-0.1142913,-0.1466814,0.09004573,-0.1536969,-0.06802253,0.3997909,0.2458013,0.2009285,0.3022843,0.1811447,0.3101114,-0.001599103,0.2204014,0.151851,0.2146492,-0.1126722,-0.1243806,-0.1097928,0.02653957,-0.2697115,0.1425957,0.1188788,0.1217364,-0.05606817,-0.02886771,0.2242041,-0.1830557,0.1442918,0.1329978,0.1893825,0.01691748,0.07629856,-0.05962159,-0.215124,-0.2431423,-0.1701502,-0.09627929,-0.1386037,0.1523759,-0.1135922,0.06950784,0.1997697,0.5744345,-0.0841851,0.3854386,0.2519993,0.4987692,0.380048,0.07507341,0.01542733,-0.2157824,0.0977598,0.1072725,-0.08489424,0.1282747,0.01274935,0.2940899,0.2601282,-0.04386018,0.09807876,0.09891938,0.1472277,0.1972971,0.3375678,0.2902589,0.001987698,0.1640228,-0.0186334,0.1015841,0.1011208,-0.03013629,-0.3527347,-0.3468889,-0.2209888,-0.08154421,0.07731427,-0.1918236,-0.07497945,0.1428935,-0.05418759,0.2100628,0.2919611,0.1218143,0.08166038,-0.214365,-0.07780033,0.05961967,-0.1594315,0.09886614,0.05360322
0.1322785,0.2742237,0.5765591,0.00566593,0.3870299,0.0928136,0.3401342,0,0.5671862,-0.4254479,0.1523097,0.1049212,-0.05890042,0.09752653,0.1229095,-0.007374137,-0.007308353,0.2778258,-0.00527508,0.1193543,0.3309059,-0.244718,0.1971447,-0.08627518,-0.08417712,-0.2276817,0.003625117,-0.1933979,0.1212296,-0.03553212,-0.390527,-0.2767762,-0.1759829,0.1280563,-0.2091789,-0.06577439,-0.1233292,-0.1922475,-0.3170494,-0.3382285,-0.2509075,-0.3358589,-0.4641569,0.08396289,-0.08876033,-0.4361009,-0.09098987,-0.26781,0.1291021,-0.146529,0.1593788,0.6311859,0.02394634,0.1579971,0.4250364,0.329955,0.7046773,0.7357368,-0.2436824,0.1813717,0.1920961,0.02097163,-0.1034168,0.2111481,0.4076292,0.1163645,-0.01786419,0.1293485,0.1764378,0.3635648,0.4737446,0.08540726,0.3242203,-0.2822963,0.06775216,-0.1326367,-0.02823313,0.1728261,-0.257312,-0.2965976,-0.1110305,-0.2261408,-0.0598616,-0.1074943,-0.1612733,-0.37642,-0.01153379,-0.2824844,0.03678049,-0.3727401,-0.4127154,-0.1766814,-0.2907354,-0.2997954,-0.1290584,0.02003177,-0.2892321,-0.111834,0.07327363,-0.3104427
0.1107313,0.02612218,0.5728277,-0.2923622,0.3099058,0.4321886,0.257353,0.5671862,0,-0.2645783,0.2149018,0.1504926,-0.1040788,0.2792056,0.3615179,-0.1614604,-0.01105535,0.01380005,0.00113484,0.07025667,0.3742693,-0.3174244,0.2287549,0.1115061,-0.04449179,-0.1999619,0.05458343,-0.1946021,0.3610777,-0.0054905,-0.2741838,-0.2443278,-0.2892424,-0.06663782,-0.331702,0.2532299,-0.3028908,-0.1251321,-0.1137572,-0.192793,-0.05497489,-0.1805835,-0.3628377,0.07105751,-0.0746222,-0.2459193,-0.08948443,-0.3329087,0.4629841,-0.08616732,0.06374082,0.4665044,-0.1006498,-0.0882578,0.5141547,0.6974003,0.3383263,0.7423752,-0.06723275,0.2233878,0.1833756,-0.02001374,0.09721898,0.2220073,0.2971549,0.3458871,0.1811312,0.005290187,-0.04697785,-0.003106182,0.469347,-0.02450442,0.09495007,-0.03914485,0.21293,-0.02327815,0.1606985,0.2082889,-0.1977483,-0.2145856,-0.02098106,-0.2540076,-0.2538583,-0.2784223,-0.2828573,-0.2923189,-0.1562539,-0.2900094,0.306145,-0.3077441,-0.3317618,-0.09176598,-0.1482415,-0.1328864,0.01181456,-0.1006946,-0.1413735,-0.2500438,0.4655556,-0.1556256
-0.2581707,-0.08807938,-0.2231017,0.3795415,-0.2565451,0.4268647,0.2321141,-0.4254479,-0.2645783,0,-0.04350393,-0.1510877,0.3603459,-0.09580417,0.02165553,0.4367394,0.1005444,-0.0350176,0.3166299,-0.09677505,-0.04965794,0.218391,-0.03426147,0.3372813,0.43832,0.1855024,-0.2888788,0.06027735,-0.06335327,-0.2357854,0.5160744,0.2755977,0.3077246,-0.2323909,0.3142647,0.354607,-0.08649762,0.2823898,0.3818922,0.430654,0.0539138,0.453085,0.5213256,-0.4031931,-0.3286785,0.04755918,0.05439833,0.0519846,0.03955392,-0.109503,-0.1192763,-0.4225743,0.388709,-0.2598593,0.1572354,0.07623638,-0.1107239,-0.2053493,0.6104125,0.05743652,-0.433936,0.1939592,0.4354239,-0.3124886,-0.2578428,0.184531,0.06970042,0.1095487,-0.2545534,-0.1879055,-0.4503644,-0.03479915,-0.1212535,0.3858247,0.3316184,0.2657606,0.2391145,-0.2283731,0.2209767,0.1694865,0.04246886,-0.1117193,-0.3467667,0.08167738,0.09255537,0.4149374,-0.3447735,0.2215212,0.1232948,0.1372845,0.5993997,0.4419388,0.3635003,0.4056115,-0.03143162,-0.1577949,0.007570684,-0.1799176,0.09367901,0.2159128
-0.03079874,-0.03252161,0.2683037,-0.1683235,-0.07572205,-0.06063184,-0.1142913,0.1523097,0.2149018,-0.04350393,0,0.552729,0.236674,0.2779235,0.2909144,-0.2813473,0.00458874,-0.2339528,-0.1143209,-0.0489417,0.0567657,0.05813163,0.07258409,0.1499378,0.1702363,0.1329298,0.1420343,0.1012194,0.09146114,0.3012161,-0.2899465,-0.1254274,-0.139783,-0.01478282,0.02524708,-0.006095899,0.121039,0.1310711,-0.1999182,-0.09323429,-0.1494917,0.0373144,-0.2552358,0.1580611,0.0939821,-0.07018663,0.09887078,-0.1368823,-0.0758001,0.1239634,0.06132435,0.2018197,-0.3554254,-0.09478422,0.06597368,0.1995962,-0.06027237,0.09751549,0.2082049,0.5827119,0.4446177,0.2533692,0.01555588,0.2265608,0.2736008,0.1459243,-0.1237841,-0.080673,0.1357536,0.008474695,0.1233896,0.2159314,0.1724622,-0.05504904,0.1804627,0.1499049,-0.03009161,0.299573,-0.2564664,-0.1361953,0.1863284,-0.01025369,0.04048325,-0.04636189,0.02651506,-0.06440602,0.1471382,-0.02364548,0.008429686,-0.01546916,-0.3646072,-0.03619558,-0.05945472,-0.1194338,0.06504189,0.06539627,-0.1092315,-0.08890904,-0.000471123,-0.01325911
0.05053681,0.003442969,0.07263807,-0.339018,0.1457845,-0.2689489,-0.1466814,0.1049212,0.1504926,-0.1510877,0.552729,0,0.2267278,0.3561707,0.1036782,-0.4900251,0.1472997,-0.3363531,-0.2428052,-0.0983967,0.01870742,-0.006676906,0.0409326,0.1123769,-0.06818962,0.2609486,0.3437686,0.1485652,0.1120611,0.475976,-0.4392345,-0.1827137,-0.1635126,-0.02275156,-0.1916538,-0.3496292,0.124975,0.09675378,-0.3119817,0.01757815,-0.1586344,-0.1633167,-0.3705695,0.3240441,0.2344547,0.1090482,0.09659634,-0.2057228,-0.098843,0.1883923,0.1672381,0.174404,-0.433172,0.04961307,-0.1225969,-0.02045039,-0.2061352,0.01526597,0.1725557,0.3387457,0.7373217,0.3286029,-0.1893006,0.3128072,0.2086081,-0.131239,-0.1430152,-0.1414915,0.1210952,-0.2049831,0.2312764,0.1084312,0.1120887,-0.04334078,0.1511921,0.1671107,-0.1742813,0.3424969,-0.2862665,-0.08710758,0.1200672,-0.07611319,0.04394062,-0.2494835,-0.06134309,-0.2771333,0.2771152,-0.09301803,-0.2324417,-0.03038869,-0.4454965,-0.1773927,-0.03604297,-0.3708915,0.1927345,0.1017087,0.06642179,-0.02248739,-0.144655,-0.1128711
-0.1227195,0.09361452,-0.1116123,0.1235388,-0.03317998,0.0548056,0.09004573,-0.05890042,-0.1040788,0.3603459,0.236674,0.2267278,0,0.134883,-0.09352843,0.1101833,0.2603631,0.01539823,0.1541454,-0.05306789,-0.01857139,0.3289459,0.05651041,0.04473025,0.1910938,0.1232142,-0.005620408,0.08603994,-0.1183787,0.1506365,0.09441631,0.1427944,0.2162188,0.1129658,0.2200723,0.001787766,-6.651603e-06,0.1695869,0.06633816,0.1848948,-0.05277299,0.06181245,0.1324586,-0.06821226,-0.01066636,0.08057727,0.0877362,0.1099322,-0.1551992,-0.02792654,-0.02019187,-0.05986472,0.110521,-0.07056481,0.03511281,-0.0204182,-0.04732284,-0.09113933,0.3264253,0.2604853,0.08125164,0.724006,0.1923301,0.005726488,0.007994602,-0.07905655,-0.05412954,0.1906136,0.1478908,0.06001866,-0.1135294,0.2084653,0.0482423,0.1264093,0.1443672,0.09644017,-0.04896712,0.009675897,0.04334237,-0.02975105,0.08187739,0.07369911,-0.1091424,0.0674723,-0.01796968,0.1201752,-0.06405294,0.1266462,-0.05448822,0.06819152,0.07137857,0.07505968,0.05708171,0.002581601,-0.1023444,-0.05750109,-0.005647033,0.03884232,-0.140841,0.02318112
0.06250168,0.02271943,0.04307908,-0.2022276,0.1557736,-0.01105521,-0.1536969,0.09752653,0.2792056,-0.09580417,0.2779235,0.3561707,0.134883,0,0.3114838,-0.1915826,0.1806228,-0.03982341,0.1810502,-0.1341178,0.2845345,-0.01811935,0.2744645,0.06447936,-0.1470208,-0.02724472,0.2574325,-0.03339837,0.2713075,0.3696507,-0.1631113,-0.1856919,-0.05969634,0.1328917,-0.1103554,-0.0802114,-0.03664554,0.02499787,-0.09089276,0.04990299,0.07354587,-0.1871672,-0.1412793,0.2021858,0.1747704,0.09905703,0.08006955,-0.03249115,0.05802717,0.08154685,0.05813654,0.09252233,-0.2590066,-0.03480607,0.06119656,0.09625555,-0.1518949,0.1285415,0.03150192,0.1775306,0.2508905,0.1165878,0.1331217,0.3913632,0.3195745,0.2024186,-0.1825214,0.05153341,0.06493532,-0.07571666,0.2378815,-0.08628342,0.04629297,-0.08360483,0.06152727,-0.09535323,0.03713945,0.2598966,-0.09042998,-0.1270923,-0.02952089,0.02367668,-0.01380681,-0.142523,-0.05293304,-0.1983289,0.02026755,-0.1039709,-0.08870593,-0.09220282,-0.2175277,-0.200163,-0.08148728,-0.19971,-0.008797619,-0.05139246,0.07865097,-0.02696327,0.02668056,-0.08742393
0.01155532,-0.287385,0.2376175,-0.1075201,0.04382295,0.2207212,-0.06802253,0.1229095,0.3615179,0.02165553,0.2909144,0.1036782,-0.09352843,0.3114838,0,-0.2013796,-0.2366084,-0.1599521,-0.1094476,0.0518996,0.2709261,-0.3559685,0.1952281,0.3481299,0.07171016,-0.07866565,0.07437829,0.1583808,0.5424652,0.1573404,-0.1901526,-0.3050731,-0.1130815,-0.2337544,-0.1060435,0.2560942,-0.037311,-0.06198331,-0.1673756,-0.3049789,-0.09734147,-0.1455597,-0.2693094,0.06438018,-0.1818442,-0.1677473,0.07968117,-0.25213,0.275477,0.06116347,0.163857,-0.01287563,-0.1336159,-0.08415086,0.1309662,0.4300053,0.01689382,0.2451963,0.2429691,0.2917199,-0.02210203,-0.1223496,0.1562435,0.03485847,0.1338102,0.7315814,0.1372929,-0.1203448,-0.09883232,-0.07664639,0.3107013,-0.07017936,0.129667,-0.09288424,0.3596666,0.09054931,0.4033985,0.3451788,-0.1872727,-0.1904325,0.1304205,-0.1808498,-0.1100552,-0.1390638,-0.05286517,-0.06239353,-0.1233174,-0.01731022,0.3926667,-0.147394,-0.05429053,-0.1094425,-0.03485254,-0.06721807,0.08679616,0.1022592,-0.07382574,-0.06069639,0.3424244,-0.06384036
-0.09955069,0.2860152,0.053193,0.4221355,-0.1348635,0.3440009,0.3997909,-0.007374137,-0.1614604,0.4367394,-0.2813473,-0.4900251,0.1101833,-0.1915826,-0.2013796,0,0.2127895,0.4482387,0.5549001,-0.0253513,0.09462675,0.2143017,0.03869006,0.1061968,0.3560008,-0.0908718,-0.4537561,-0.2452567,-0.2273712,-0.4132309,0.5473332,0.3735563,0.2783375,0.1070531,0.2765494,0.3146552,-0.2493944,0.01543898,0.3599847,0.2119757,0.08859975,0.3277487,0.4844884,-0.4166288,-0.3198208,-0.2928073,-0.1648206,0.1482001,0.06838567,-0.3010379,-0.1224948,-0.02569726,0.6354342,-0.1359343,0.2433227,0.03766251,0.329166,0.03705675,0.01982193,-0.1458566,-0.5962012,-0.01269861,0.2631013,-0.2377068,-0.07991379,0.02327189,0.05867297,0.3313734,-0.1090044,0.2061926,-0.3008825,-0.0006023352,0.0008270151,0.1358783,0.1253198,0.0003001401,0.1510824,-0.3021541,0.2787564,0.2003392,-0.1390352,-0.1268485,-0.2929311,0.2376039,-0.002837428,0.1799548,-0.3955807,0.02028134,0.01382998,-0.1098083,0.4517611,0.2628286,0.02360955,0.4091862,-0.2121642,-0.2109528,-0.2169039,-0.1676465,0.05891751,0.005506007
0.05293966,0.4014164,-0.1496771,-0.02745502,0.1336059,0.08696323,0.2458013,-0.007308353,-0.01105535,0.1005444,0.00458874,0.1472997,0.2603631,0.1806228,-0.2366084,0.2127895,0,0.3236768,0.5429221,0.1254269,0.4610259,0.2597555,0.2263681,-0.02243911,0.1850269,0.2954833,-0.002670075,-0.0581184,0.04670406,0.05120907,0.3774612,0.4513384,0.01324532,0.3122103,-0.0005352828,-0.05615921,-0.03900717,-0.03816289,-0.03576735,0.1258412,0.02713574,0.1510889,0.05178111,0.02864971,0.06825424,0.01546116,-0.442082,0.1279145,-0.05788553,-0.2419564,-0.1848289,0.1085916,0.3002771,0.07126916,0.1695502,-0.1655409,0.05373501,-0.05880494,-0.1943267,-0.1529936,0.062282,0.1470924,-0.1509695,0.2336307,0.4151267,-0.1936847,-0.2949615,0.4593297,0.2411758,0.2223197,0.17071,-0.06589942,0.2555936,-0.01545265,0.03738148,0.140336,0.1515073,0.1915207,0.3694775,0.3036272,0.03734025,-0.2058651,-0.1534712,-0.0328039,-0.02675688,-0.3082107,0.1183571,0.03179227,-0.3383232,-0.03404569,-0.0317699,0.09910554,-0.3344283,0.1527316,-0.4255012,-0.1846804,0.1505701,0.0169669,-0.2147758,-0.004560423
0.09410776,0.4158336,0.06822488,0.1535633,0.03141467,0.1521868,0.2009285,0.2778258,0.01380005,-0.0350176,-0.2339528,-0.3363531,0.01539823,-0.03982341,-0.1599521,0.4482387,0.3236768,0,0.4341212,0.4087002,0.2813345,0.1286064,0.3937622,-0.06308176,0.02963605,0.07721386,-0.1399042,-0.006781658,0.06354734,-0.08056964,0.2251478,0.1488948,0.1111976,0.5477483,0.2659965,0.1291103,0.02704472,-0.4173539,-0.1870102,-0.1443441,-0.02266237,-0.07206745,0.05237161,-0.2051668,-0.2184847,-0.3183306,-0.2996409,0.3653619,-0.03050834,-0.4408844,0.01685375,0.154937,0.3025975,-0.0656881,0.2010478,-0.03607106,0.4488258,0.1386925,-0.3165543,-0.2421621,-0.2746125,-0.01843761,0.04642295,0.09016449,0.1895434,-0.018323,-0.124125,0.4460518,0.4238059,0.7314407,0.2079528,0.2012248,0.4569234,-0.2894888,-0.001076261,0.03733044,0.1588064,0.09412228,0.07391291,-0.01933892,0.1349275,0.03044457,0.003540156,0.4320114,0.1686476,-0.1666631,0.01859672,0.1839592,-0.03528354,-0.08601394,0.029241,-0.1731761,-0.3854899,0.04687368,-0.2854727,-0.2840175,-0.1313003,0.3071197,-0.1171788,-0.2187784
-0.153549,0.1734578,0.05367427,0.1532675,-0.130096,0.3088777,0.3022843,-0.00527508,0.00113484,0.3166299,-0.1143209,-0.2428052,0.1541454,0.1810502,-0.1094476,0.5549001,0.5429221,0.4341212,0,-0.02700802,0.3752051,0.2390468,0.2316905,0.1710018,0.3379914,-0.01638363,-0.3505352,-0.185855,-0.06547119,-0.1896688,0.4201707,0.2467586,0.1173886,0.2997986,0.1912812,0.2862201,-0.2336565,-0.03576031,0.2522316,0.07724139,0.128978,0.2184791,0.2930563,-0.3286478,-0.2436519,-0.2133351,-0.1950936,0.09900562,-0.02643002,-0.3163876,-0.2759858,-0.05532307,0.3774058,-0.2635589,0.2805076,0.082348,0.1931487,0.08490281,0.01599139,0.03894999,-0.38768,0.1070775,0.3364352,0.1269917,0.3540157,0.1364538,-0.1841308,0.6765383,0.08534626,0.2121432,0.003068386,-0.09671633,0.1615204,0.05151414,0.2613186,0.09036687,0.2122447,-0.0875195,0.1552952,0.08318716,0.05829045,-0.0165981,-0.2957645,0.1614793,-0.01307441,0.04766425,-0.3262704,0.02794051,-0.000802364,-0.02942214,0.2567282,0.1160706,-0.109352,0.301406,-0.3834251,-0.3581958,-0.1424366,-0.1025549,-0.045791,-0.07425328
0.09831794,0.06893441,-0.00789966,0.01124859,-0.0430288,0.06507018,0.1811447,0.1193543,0.07025667,-0.09677505,-0.0489417,-0.0983967,-0.05306789,-0.1341178,0.0518996,-0.0253513,0.1254269,0.4087002,-0.02700802,0,0.1851697,-0.03878851,0.318947,-0.002874212,-0.09543736,0.07637015,0.122218,0.3268763,0.2311529,0.04461432,-0.01856496,0.01878386,0.1451732,0.1631679,0.1685135,0.1653034,0.2875853,-0.32239,-0.4005547,-0.2465827,-0.03997348,-0.1882901,-0.2752884,-0.03911311,-0.1184925,-0.1140702,-0.09183338,0.2792953,0.06923116,-0.02496093,0.2544091,0.001978469,0.1368459,-0.08504453,0.03420696,0.04175707,0.2275318,0.06339578,-0.1756546,-0.08598489,-0.01133359,-0.01318431,-0.1941195,0.04794725,0.09728129,-0.0381927,0.22731,0.04329729,0.295706,0.4722445,0.2242766,0.2692591,0.4225142,-0.08320379,0.06026137,0.01381196,0.1301053,0.2000971,-0.08481359,-0.002689409,0.2371243,-0.004090178,0.1870333,0.1714505,0.2651927,-0.06421128,0.265108,0.3001613,0.2870024,0.1463348,-0.03206759,-0.1576012,-0.1885337,-0.1780449,-0.1139573,-0.07137852,0.109729,0.3511287,0.0004811383,0.07136583
0.02099285,0.2099119,0.1771135,-0.03093535,0.2653824,0.2993331,0.3101114,0.3309059,0.3742693,-0.04965794,0.0567657,0.01870742,-0.01857139,0.2845345,0.2709261,0.09462675,0.4610259,0.2813345,0.3752051,0.1851697,0,-0.1141793,0.3211126,0.04943868,0.1572055,0.06233505,-0.01522591,-0.05016579,0.3451299,-0.05092842,0.1485678,0.1021156,-0.1267046,0.1072142,-0.1604651,0.1739496,-0.09588978,-0.1569956,-0.128348,-0.1492015,-0.0472319,0.03019861,-0.1828999,0.02967916,-0.0869223,-0.1626098,-0.3944485,-0.1548239,0.1654033,-0.1746147,-0.1317282,0.2274878,0.2410795,0.09347649,0.4036687,0.1854243,0.2996626,0.3892074,-0.1529413,-0.01557227,-0.04137235,-0.1014845,-0.0525727,0.1846429,0.5087819,0.2615334,-0.1774781,0.3232496,0.04943997,0.2115044,0.4927332,-0.2026735,0.2691095,-0.09547305,0.1418115,0.09779524,0.3525828,0.2575631,0.1891699,0.07989648,-0.008998022,-0.3094953,-0.2467815,-0.1729532,-0.1333098,-0.3674981,0.0006098441,-0.05126329,0.0234226,-0.2069574,-0.09012553,0.03693347,-0.3452911,0.08361445,-0.405508,-0.1075121,0.04797588,-0.1045703,0.06086816,-0.03067451
-0.1364864,0.1273679,-0.2894422,0.1733667,-0.1720223,-0.2099549,-0.001599103,-0.244718,-0.3174244,0.218391,0.05813163,-0.006676906,0.3289459,-0.01811935,-0.3559685,0.2143017,0.2597555,0.1286064,0.2390468,-0.03878851,-0.1141793,0,0.1383964,-0.02214646,0.1825617,0.155541,0.05100264,0.04977334,-0.2903135,0.1543734,0.2691523,0.2979093,0.3213668,0.404338,0.5280281,-0.1301564,0.09883133,0.241656,0.3455316,0.3623511,0.2809767,0.3008906,0.4364829,-0.02837828,0.2257545,0.3517019,0.1768388,0.4998308,-0.4069306,0.06408923,-0.1200914,-0.1335308,0.07674638,-0.03617149,-0.2108171,-0.327212,-0.2072588,-0.3093605,0.09260792,0.0006406699,-0.04584862,0.2182697,0.07151937,-0.002846645,-0.05233515,-0.2965489,-0.1860452,0.2164405,0.2518611,0.1015609,-0.2479817,0.2541493,0.02368617,0.1908461,-0.1119782,0.04655623,-0.1440437,-0.046961,0.1895553,0.1398608,0.0916298,0.2763717,0.1392419,0.2632953,0.0941715,0.2913114,0.008662617,0.1450769,-0.2529672,0.2444136,0.09846891,0.1210028,0.1510109,0.2033304,-0.04182719,-0.08457117,0.1466354,0.1360488,-0.3841477,0.04907855
0.2073678,0.1435007,0.06794076,-0.03758386,-0.09393454,0.03360345,0.2204014,0.1971447,0.2287549,-0.03426147,0.07258409,0.0409326,0.05651041,0.2744645,0.1952281,0.03869006,0.2263681,0.3937622,0.2316905,0.318947,0.3211126,0.1383964,0,0.2138022,0.002895433,0.1679404,0.2601079,0.198553,0.2993321,0.305072,-0.07760706,-0.0847631,0.05935714,0.2818012,0.1910259,0.007033117,-0.03665252,-0.1657661,-0.2026438,-0.04625902,0.02995779,-0.1193129,-0.1849076,0.07784677,-0.03977674,-0.05980422,0.08666338,0.3309191,-0.004522101,-0.211785,0.2392856,0.0540528,-0.003467341,-0.2554227,0.02125922,0.1159791,0.154089,0.1318978,-0.05017067,0.06018572,0.03911442,0.0661958,0.07631594,0.131448,0.2165966,0.1501103,0.1118045,0.2286765,0.3674173,0.3653096,0.378859,0.3297885,0.5632265,-0.07176359,0.1997951,0.1286818,0.1973834,0.4009533,-0.0887465,-0.1220525,0.2514932,-0.09136733,0.04099329,0.09810258,0.2029179,-0.09747211,0.00845727,0.2013071,0.05833825,0.0132431,-0.2011287,-0.1819845,-0.1942012,-0.178996,-0.07497223,-0.07257495,0.06944697,0.2576906,-0.01047684,-0.2434887
-0.1350208,-0.3626123,0.207193,0.03061076,-0.2880569,0.1542736,0.151851,-0.08627518,0.1115061,0.3372813,0.1499378,0.1123769,0.04473025,0.06447936,0.3481299,0.1061968,-0.02243911,-0.06308176,0.1710018,-0.002874212,0.04943868,-0.02214646,0.2138022,0,0.2641923,0.01275972,-0.09813575,0.1362185,0.260518,0.07840119,-0.09642906,-0.239158,0.09477422,-0.1367366,0.0891301,0.2640181,-0.1193552,0.09435696,0.08975765,0.006669735,0.151371,0.07382322,0.01136551,-0.2088284,-0.3124185,-0.1665825,0.2313476,-0.2049992,0.01783364,-0.03513618,0.127828,-0.2448494,-0.02329189,-0.4635198,-0.03028632,0.3201716,-0.05726613,0.07262798,0.4278294,0.3512662,-0.1532478,0.02370067,0.3271952,-0.01904275,0.0429962,0.3782473,0.2224079,0.1236514,0.008021574,-0.1434869,0.007450081,0.09751797,0.2119322,0.1780823,0.7042247,0.2982203,0.2487317,0.1049786,-0.3493041,-0.1830923,0.4531418,-0.06336916,-0.2085203,-0.02886511,0.1156916,0.218462,-0.3415874,0.09085423,0.3159933,0.1365217,0.09394365,-0.01319233,0.257099,-0.003569763,0.2226922,-0.09955221,-0.1382822,-0.1319051,0.1308124,-0.1666804
-0.3788497,-0.05183535,0.07885522,0.1928954,-0.1427528,0.1921067,0.2146492,-0.08417712,-0.04449179,0.43832,0.1702363,-0.06818962,0.1910938,-0.1470208,0.07171016,0.3560008,0.1850269,0.02963605,0.3379914,-0.09543736,0.1572055,0.1825617,0.002895433,0.2641923,0,-0.02467369,-0.261474,0.04639808,0.007230369,-0.1431296,0.3386088,0.2433635,0.06441104,0.08579132,0.238689,0.26331,-0.1139698,0.1614822,0.3564009,0.005112309,0.006112645,0.4978212,0.2746986,-0.10519,-0.1211385,-0.08046062,-0.103285,0.002260451,-0.02141697,-0.08787739,-0.2561703,-0.02692037,0.2943009,-0.07365795,0.1348234,0.1299799,0.09343056,0.0185671,0.3409432,0.3086297,-0.2624644,0.07721744,0.2884199,-0.1160811,0.04890948,0.2129462,0.0008634462,0.3191111,-0.01190859,0.04006218,-0.04104887,0.05552734,0.05289149,0.2123609,0.3091723,0.290985,0.3004206,0.02676298,0.1940775,0.0891289,0.1383362,-0.06290172,-0.1669402,0.149594,-0.01673664,0.2135058,-0.2469046,0.1054507,0.1779412,0.06528034,0.2223245,0.42762,0.1031209,0.4415195,-0.2140853,-0.03490129,-0.1099066,-0.1267643,0.03206793,0.02450451
0.2018575,0.2343401,-0.345551,-0.02142012,-0.02927775,-0.01106721,-0.1126722,-0.2276817,-0.1999619,0.1855024,0.1329298,0.2609486,0.1232142,-0.02724472,-0.07866565,-0.0908718,0.2954833,0.07721386,-0.01638363,0.07637015,0.06233505,0.155541,0.1679404,0.01275972,-0.02467369,0,0.2271172,0.3343108,0.14588,0.2347178,0.1504686,0.2311858,-0.006731148,0.05174514,0.1055626,-0.1783841,0.1509139,-0.1049026,-0.2364969,0.1793833,-0.1925307,0.1906633,0.0839953,0.09476396,0.01947658,0.142179,-0.2483423,0.1763259,-0.1507536,-0.2337144,0.004760281,-0.2109006,-0.08333622,-0.03747091,-0.08367334,-0.259783,-0.1947727,-0.2945212,0.04371513,-0.1846945,0.2761967,0.03901108,-0.1623284,0.02054598,-0.03297366,-0.1230027,-0.227754,-0.08705089,0.1359638,-0.02013145,-0.03761945,0.09823605,0.1574645,-0.1028533,-0.04696785,0.5451022,0.2120653,0.2982864,0.2005145,0.1614264,0.1446873,-0.1931391,0.0309689,0.1280156,0.208342,-0.1860541,0.2537806,0.3456793,-0.3577397,0.01390369,-0.0737603,-0.123392,-0.2059901,-0.0003943232,0.03572321,0.0254198,0.1694339,0.1441166,-0.2371949,-0.01032934
0.2784013,-0.05733454,-0.1789521,-0.1299268,0.1436339,-0.3908715,-0.1243806,0.003625117,0.05458343,-0.2888788,0.1420343,0.3437686,-0.005620408,0.2574325,0.07437829,-0.4537561,-0.002670075,-0.1399042,-0.3505352,0.122218,-0.01522591,0.05100264,0.2601079,-0.09813575,-0.261474,0.2271172,0,0.4298682,0.2963672,0.4722738,-0.3327994,-0.1684966,0.1994995,0.2022918,0.1168173,-0.28181,0.3669387,0.06629269,-0.2544868,0.005092441,0.1275291,-0.1737268,-0.3256612,0.4963759,0.5457446,0.4294486,0.202308,0.2548889,-0.0645804,0.3008488,0.4419104,0.0427069,-0.3097149,0.1551478,-0.3056912,-0.207499,-0.2181281,-0.1492125,-0.03701108,-0.06037451,0.4500357,-0.02932701,-0.3220704,0.1461766,-0.0311285,-0.1612928,0.01482624,-0.3045008,0.2003128,-0.04538998,0.123358,0.1862943,0.1822241,-0.1106331,-0.1710678,0.1274767,-0.05457587,0.4350892,0.004218287,-0.06614766,0.08851117,-0.01856243,0.4255859,-0.1276821,0.2825024,-0.1622237,0.4971801,0.1771739,-0.1686909,0.1563934,-0.2683371,-0.2651565,-0.005136344,-0.4125551,0.1138952,0.4408232,0.4087813,0.3566223,-0.1799851,0.04342455
0.03899718,-0.1972432,-0.2012479,-0.005922598,-0.168583,-0.2236295,-0.1097928,-0.1933979,-0.1946021,0.06027735,0.1012194,0.1485652,0.08603994,-0.03339837,0.1583808,-0.2452567,-0.0581184,-0.006781658,-0.185855,0.3268763,-0.05016579,0.04977334,0.198553,0.1362185,0.04639808,0.3343108,0.4298682,0,0.2317947,0.4245507,-0.1540202,-0.1508904,0.2558668,0.1348433,0.2757813,-0.0686739,0.4676946,-0.1141335,-0.2814009,-0.1433131,-0.05688654,-0.05563446,-0.1536395,0.1814391,0.09962717,0.2524113,0.09645561,0.2801123,-0.1567597,0.0922638,0.2983036,-0.2459482,-0.09563348,-0.1176395,-0.3049506,-0.1814513,-0.1696233,-0.2642634,0.2322446,0.07648765,0.1682433,0.08651946,-0.05436103,-0.005031582,-0.05630589,0.003097455,0.02797689,-0.08206261,0.2865351,0.106623,0.04004646,0.310634,0.3398463,-0.1010473,0.1954932,0.3827644,0.1544058,0.4914588,-0.09794975,-0.05130723,0.3445067,0.0728983,0.3469404,0.2182867,0.406479,0.04689978,0.3604506,0.6588618,0.02966526,0.2377028,-0.002528846,-0.15572,0.01890095,-0.2269731,0.113083,0.2878534,0.2537163,0.4252933,-0.197423,-0.03002519
0.1816674,-0.03467855,0.05737722,-0.112044,0.2449812,0.16253,0.02653957,0.1212296,0.3610777,-0.06335327,0.09146114,0.1120611,-0.1183787,0.2713075,0.5424652,-0.2273712,0.04670406,0.06354734,-0.06547119,0.2311529,0.3451299,-0.2903135,0.2993321,0.260518,0.007230369,0.14588,0.2963672,0.2317947,0,0.1954781,-0.1272516,-0.201445,-0.1379656,-0.02559849,-0.1659433,0.1582036,0.07294584,-0.2490203,-0.222359,-0.2179025,-0.0441895,-0.1535677,-0.2983343,0.1571532,-0.09010654,-0.03343424,-0.1928746,-0.1504961,0.3296221,-0.01322008,0.2111033,0.06437521,-0.0973176,0.05200304,0.112906,0.2908026,0.09532075,0.1895323,0.05081196,0.02525703,0.1058526,-0.1283172,0.03373915,0.159456,0.1365339,0.465091,0.1482033,-0.02942519,0.100665,0.0632869,0.4630982,-0.019231,0.2163299,-0.1445789,0.2422961,0.2591854,0.6273677,0.4559448,-0.0323157,-0.1000744,0.2207964,-0.2590906,-0.07326528,-0.1657637,0.03796369,-0.2513986,0.1370301,0.1114995,0.2449926,-0.06437503,-0.1723492,-0.233863,-0.2108343,-0.1542923,0.04221671,0.07165967,0.1322228,0.0523238,0.3063084,0.004014337
0.01654908,-0.1045124,-0.09897945,-0.2702008,0.02880111,-0.4176333,-0.2697115,-0.03553212,-0.0054905,-0.2357854,0.3012161,0.475976,0.1506365,0.3696507,0.1573404,-0.4132309,0.05120907,-0.08056964,-0.1896688,0.04461432,-0.05092842,0.1543734,0.305072,0.07840119,-0.1431296,0.2347178,0.4722738,0.4245507,0.1954781,0,-0.3847151,-0.263552,0.001057072,0.2769831,0.07107837,-0.3468981,0.2198057,-0.01643509,-0.2233716,-0.06218136,0.003395438,-0.2232581,-0.2076932,0.3363234,0.3038167,0.2958331,0.2042114,0.1999982,-0.2389896,0.1525387,0.164224,-0.006721617,-0.4479936,0.0318615,-0.3186905,-0.1811723,-0.2754389,-0.1421209,0.0844183,0.2239058,0.5072895,0.1973487,-0.002936186,0.3794963,0.1575423,0.001564621,-0.1397733,-0.021417,0.371534,0.02697712,0.2395761,0.2973127,0.2764397,-0.1256057,0.04590578,0.09693836,-0.05330224,0.5711443,-0.227953,-0.171872,0.2265892,0.1618368,0.2471318,-0.01415216,0.1023018,-0.07232808,0.2711192,0.1644762,-0.1809866,0.07959395,-0.4077485,-0.3485568,-0.05322002,-0.3535356,0.1693988,0.1321761,0.1678148,0.2439483,-0.283452,-0.1900821
-0.1259095,0.309035,-0.3171863,0.3143611,-0.01502506,0.3844801,0.1425957,-0.390527,-0.2741838,0.5160744,-0.2899465,-0.4392345,0.09441631,-0.1631113,-0.1901526,0.5473332,0.3774612,0.2251478,0.4201707,-0.01856496,0.1485678,0.2691523,-0.07760706,-0.09642906,0.3386088,0.1504686,-0.3327994,-0.1540202,-0.1272516,-0.3847151,0,0.6735727,0.1613438,-0.001980967,0.2499639,0.2906221,-0.1130713,0.05419195,0.3316316,0.3045586,0.06459286,0.5472481,0.6023253,-0.2100454,-0.08451906,0.09735452,-0.3689863,0.2389312,0.1032884,-0.2404661,-0.3492264,-0.1744136,0.5545905,0.07070933,0.2258447,-0.1151989,-0.03781719,-0.2520842,-0.01547898,-0.3771079,-0.5272726,-0.1445209,0.09666869,-0.2787254,-0.1333607,-0.0432059,-0.1105462,0.1693846,-0.2058307,0.0462899,-0.3354909,-0.1879224,-0.1764021,0.2060008,-0.1094765,0.07606471,0.2401408,-0.2524489,0.7028323,0.5051976,-0.1784199,-0.1592957,-0.1952997,0.1780395,0.04866688,0.1062623,-0.163525,0.1170393,-0.1000706,0.01095533,0.5239736,0.4902117,-0.03131674,0.6651571,-0.3092984,-0.1466611,0.1735202,-0.08072604,0.04616532,0.2815659
-0.03261918,0.3985401,-0.3598839,0.1719327,-0.01731778,0.1765559,0.1188788,-0.2767762,-0.2443278,0.2755977,-0.1254274,-0.1827137,0.1427944,-0.1856919,-0.3050731,0.3735563,0.4513384,0.1488948,0.2467586,0.01878386,0.1021156,0.2979093,-0.0847631,-0.239158,0.2433635,0.2311858,-0.1684966,-0.1508904,-0.201445,-0.263552,0.6735727,0,0.1359783,0.0642213,0.1335222,0.02791166,-0.08450482,0.1797505,0.1846509,0.3401866,-0.002327693,0.4377089,0.4030521,-0.0641285,0.08109819,0.1467122,-0.3435697,0.2620348,-0.04541227,-0.1859867,-0.2220314,-0.04122052,0.455887,0.1652255,0.1165127,-0.219368,-0.06516157,-0.2547273,-0.1502031,-0.3726361,-0.1915103,-0.03283368,-0.1826508,-0.2406972,-0.02687255,-0.2724488,-0.1553147,0.06829295,-0.1090985,0.03723288,-0.263317,-0.103117,-0.1278607,0.1746076,-0.2546881,0.05855316,0.07897345,-0.1334965,0.6192673,0.5796883,-0.1903233,-0.2210775,-0.09357891,0.07506122,-0.04546746,-0.05881886,0.01411551,0.02179421,-0.3027004,-0.02256525,0.2932851,0.4069773,-0.07988785,0.4504433,-0.2283129,-0.09772968,0.220451,-0.06869275,-0.1161776,0.2453517
0.007110318,-0.05039446,-0.2097984,0.5185252,-0.1498038,-0.05224382,0.1217364,-0.1759829,-0.2892424,0.3077246,-0.139783,-0.1635126,0.2162188,-0.05969634,-0.1130815,0.2783375,0.01324532,0.1111976,0.1173886,0.1451732,-0.1267046,0.3213668,0.05935714,0.09477422,0.06441104,-0.006731148,0.1994995,0.2558668,-0.1379656,0.001057072,0.1613438,0.1359783,0,0.214113,0.5276995,0.1271995,0.2628548,0.2839191,0.1250452,0.2320501,0.3196005,0.1000253,0.2437872,-0.07754184,0.1397639,0.1742546,0.2893776,0.4327871,-0.1382404,0.09813151,0.4315196,-0.2969016,0.238748,-0.07564249,-0.1445989,-0.1422344,-0.06552275,-0.2295267,0.1692461,-0.05079406,-0.2596268,0.05099599,-0.03611122,-0.2114779,-0.1753486,-0.1249538,0.06930352,-0.02637529,0.1045384,0.1034248,-0.4635303,0.05285022,0.1007661,0.06192659,0.01483753,0.07556345,-0.1089594,-0.1522491,0.07357284,0.003794849,0.0216636,0.2172346,0.2599091,0.1737976,0.2868501,0.2469799,0.00878723,0.2952411,0.003194068,0.2295808,0.407349,0.04304918,0.2797812,-0.06568418,-0.02844669,0.2345968,0.08993427,0.2036333,-0.1964739,-0.004549519
0.00143938,0.1908245,-0.02577457,-0.06538966,-0.001287618,-0.3481206,-0.05606817,0.1280563,-0.06663782,-0.2323909,-0.01478282,-0.02275156,0.1129658,0.1328917,-0.2337544,0.1070531,0.3122103,0.5477483,0.2997986,0.1631679,0.1072142,0.404338,0.2818012,-0.1367366,0.08579132,0.05174514,0.2022918,0.1348433,-0.02559849,0.2769831,-0.001980967,0.0642213,0.214113,0,0.3974899,-0.1539559,0.2090783,-0.1783756,-0.02979003,-0.1069301,0.202543,-0.04103908,0.05042907,0.1263951,0.3153674,0.05449879,-0.0290169,0.5370573,-0.3631566,-0.08831153,0.006072888,0.1932439,-0.01973538,0.0523597,-0.165857,-0.2571996,0.07937895,-0.08250555,-0.212237,-0.05211442,0.06407349,0.04757464,-0.05771261,0.2527386,0.202307,-0.2056029,-0.2680716,0.3927214,0.6297385,0.5306428,0.1732607,0.3021829,0.3614538,-0.2398279,-0.1421142,0.04592367,-0.089943,0.2360785,0.025291,-0.06606566,0.2097442,0.3331141,0.339559,0.3864739,0.1433738,-0.07829303,0.2427154,0.1379689,-0.1901442,0.1275142,-0.1858788,-0.2968615,-0.1911958,-0.05300182,-0.1776908,-0.05382748,0.02287254,0.4478071,-0.4070358,-0.2484839
-0.09505459,-0.01642176,-0.1456528,0.2757749,-0.3243792,-0.1014305,-0.02886771,-0.2091789,-0.331702,0.3142647,0.02524708,-0.1916538,0.2200723,-0.1103554,-0.1060435,0.2765494,-0.0005352828,0.2659965,0.1912812,0.1685135,-0.1604651,0.5280281,0.1910259,0.0891301,0.238689,0.1055626,0.1168173,0.2757813,-0.1659433,0.07107837,0.2499639,0.1335222,0.5276995,0.3974899,0,0.1510212,0.2603878,0.06855261,0.1222787,0.05602614,0.1604631,0.2647963,0.3198432,-0.0864152,0.1236634,0.08308098,0.2615909,0.59371,-0.3065111,-0.02328567,0.07095663,-0.2095582,0.05999596,-0.1913265,-0.1588127,-0.1824093,-0.08605075,-0.277054,0.1899142,0.0736328,-0.2470389,0.06216982,0.1625002,-0.1198481,-0.1006241,-0.05323019,-0.08029522,0.1456345,0.2757874,0.309855,-0.2991086,0.2943024,0.2350752,0.00240838,0.01369506,0.1571876,-0.06511971,-0.04408931,0.05557424,-0.1100065,0.1904612,0.3372998,0.2954259,0.5221884,0.4343343,0.3639463,0.02064439,0.3443536,0.07697067,0.2613286,0.182082,0.01843316,0.1042068,0.1191647,-0.06713719,0.06741823,-0.009467534,0.3320874,-0.2800904,-0.01791404
-0.06243583,-0.1240734,0.247368,0.1793908,-0.1761163,0.5792996,0.2242041,-0.06577439,0.2532299,0.354607,-0.006095899,-0.3496292,0.001787766,-0.0802114,0.2560942,0.3146552,-0.05615921,0.1291103,0.2862201,0.1653034,0.1739496,-0.1301564,0.007033117,0.2640181,0.26331,-0.1783841,-0.28181,-0.0686739,0.1582036,-0.3468981,0.2906221,0.02791166,0.1271995,-0.1539559,0.1510212,0,-0.01017676,-0.04517107,0.2186423,-0.05639568,0.2311079,0.2756604,0.1931219,-0.3197918,-0.3024299,-0.200809,-0.0161212,-0.03086232,0.5054855,0.06310789,-0.03535046,-0.07209839,0.2075092,-0.3201444,0.3691495,0.5312505,0.142706,0.1796349,0.1952676,0.1612907,-0.4708682,-0.05319562,0.3643232,-0.08666515,-0.0209259,0.4117174,0.2711694,0.1005105,-0.2639973,0.02882745,-0.1469287,-0.1227532,-0.05595193,0.1499911,0.2887932,0.07514502,0.3292788,-0.1480498,0.03450783,-0.06447133,0.05653478,0.01210684,-0.2403137,0.04786592,-0.01186334,0.2247631,-0.2433346,0.05482879,0.6494662,0.03801408,0.3380089,0.1961885,0.06309234,0.3637481,-0.1042631,-0.1469089,-0.09431874,-0.1692165,0.5243912,0.3227773
-0.001128944,-0.01431228,-0.2315946,0.09069015,-0.06166773,-0.3651181,-0.1830557,-0.1233292,-0.3028908,-0.08649762,0.121039,0.124975,-6.651603e-06,-0.03664554,-0.037311,-0.2493944,-0.03900717,0.02704472,-0.2336565,0.2875853,-0.09588978,0.09883133,-0.03665252,-0.1193552,-0.1139698,0.1509139,0.3669387,0.4676946,0.07294584,0.2198057,-0.1130713,-0.08450482,0.2628548,0.2090783,0.2603878,-0.01017676,0,-0.0737578,-0.2732004,-0.096458,0.01496199,-0.09085863,-0.1526746,0.237542,0.286295,0.196515,0.09820697,0.2967773,-0.2490389,0.337464,0.1971812,-0.1632987,-0.1754354,0.1333962,-0.3227587,-0.3649255,-0.1821336,-0.3018972,-0.02175055,-0.01770011,0.1798271,-0.02370861,-0.2255321,0.1440018,0.02358811,-0.1612259,-0.1644733,-0.123755,0.2537673,0.1947189,-0.07201773,0.1490168,0.2319659,-0.1809754,-0.1563169,0.06656327,-0.02781515,0.1567982,-0.04090201,-0.001623103,0.1596047,0.2098417,0.4943712,0.2101422,0.3754083,-0.005524162,0.7121584,0.3406475,-0.02417785,0.3231173,-0.05699346,-0.1315814,-0.05048491,-0.1822125,-0.03207523,0.2737357,0.248574,0.4078099,-0.3412184,0.2504705
