0,0.267790216242711,0.0807827448062655,0.155280003199928,0.0381459518983096,0.0863257251519645,-0.0385479811832636,-0.0359263919432535,0.0295735939904934,-0.00911655355827372,0.00130043767468887,-0.10824156599236,-0.0100152531720521,0.047759773965124,0.0782839597530426,0.228328277727368,-0.102046889178665,-0.0609300745959014,-0.090778099842191,-0.0338198614318548,-0.00787126530549273,-0.0849587374887543,0.00193909350507548,-0.119511511871733,0.0660065246421125,-0.0737582430316602,-0.123975364124271,-0.0224738797437649,-0.0310543470416646,-0.121708922904527,0.121208746760503,0.280344654276399,0.175319015938601,-0.0777970188488471,-0.112531881230923,-0.0340386075244495,-0.161098422826403,0.381117934692171,-0.0920898445447075,-0.127179243823065,-0.0475012877932584,0.000906413568295276,-0.100971107040678,-0.145538529177236,-0.0501196237553555,-0.0522297547198937,0.0781734678402334,0.00328575033382987,0.112621816088315,0.0965933102720059,0.325496121630169,0.246825491911666,0.0784263531828935,0.0399012459890696,0.119825051902382,0.0601111327176587,0.00695789712999304,0.0651788390957451,0.0110257658060989,-0.0310692836580354,-0.150549715345605,0.022083345742205,0.0591231428569523,0.0887129429441888,-0.0128310733818125,0.100419428388029,-0.0018410621259798,-0.0863634990117972,-0.153255156570434,-0.0320068776761772,0.0249538988535631,-0.0923264766623272,-0.0049020455466205,-0.0277575095629089,-0.02448979513977,-0.0955676981091306,-0.0504546704138404,-0.0914735364248724,-0.00484334598804815,0.124077055987434,0.0930199986630787,0.122788362376447,-0.310932091528844,-0.183356962923688,-0.224663587930493,-0.0526576428512103,-0.0319841816554495,0.0412295529282506,-0.0272253891596376,0.0462956064948127,0.0943422896331548,0.259088089632015,-0.110629807950214,-0.0317383104949409,-0.146099868657968,-0.170379293842845,-0.0507795860961824,-0.0430385090298307,0.0153684314024841,0.027479145211364
0.267790216242711,0,0.110609252159956,0.313233277870756,0.384965819072459,0.232515486549519,0.32145973813553,0.346908074942146,0.0429321191131211,0.0321060364570725,0.0875861683564828,0.105014097051831,0.109016427093884,-0.0268564515847098,-0.0038248861474554,0.387531412064044,-0.0886436608814999,0.0542027032404401,-0.180654544910878,0.0247465619512348,-0.0368581824963234,0.0666053523294439,-0.037898679297502,0.0322371052803339,-0.00975621361651233,0.0772480509899272,-0.0233203487558108,0.186285509146954,-0.00230122239458849,-0.0564658489353835,-0.0762733735225027,-0.0944276353436307,-0.044402223448397,-0.0122185387144913,0.16049838073927,0.0529992053875688,0.18481008142381,0.104279075444661,0.155995395476261,0.0565633968331755,-0.0253120849587612,0.166868401972407,0.0530675574222035,-0.00950567959672399,-0.0834795330388918,0.0847928582281973,0.0858234650967853,0.0792823342502716,0.121696588576492,-0.0489385663997569,0.282659679911986,0.56478873454444,0.336799639935303,0.386343051225876,0.321463393644644,0.149185669416182,0.260871287740536,0.149677749440612,0.176671149819487,0.123605583914788,0.190462020524705,0.13963274287687,0.123779800224153,0.168061279420117,0.0467744625904205,0.0514880021928286,0.173338473113737,-0.0866196092325422,0.00775088499710199,-0.0187474208935423,0.0985387857161945,0.0810989616906864,-0.0156921733481655,0.200568637356126,0.115123011781633,0.0726112824430933,-0.0298848093644165,-0.0947081589356941,-0.133042502635141,-0.0432288597522591,-0.0646514772122628,-0.0424439002024224,-0.176488507362353,0.0770411056176113,-0.0209350450208179,-0.032423884655717,0.151450166214498,0.224505945838467,-0.018259712686095,-0.0140951986510359,0.083302095181773,-0.0337964054579,0.265896847086814,0.0679089944740609,0.0280951852795204,0.0435787169511451,0.072858782130923,0.0490595357994911,-0.0197199272292308,-0.0191165310825283
0.0807827448062655,0.110609252159956,0,0.0404785032662438,0.111846555745341,0.345265285389463,0.402934888228753,0.450508294877227,0.372806624534957,0.115365226321307,0.125342872449514,0.27410487916335,0.260670614108691,0.0866755241288365,0.143570980004171,-0.315348228065561,0.0473834611462832,0.156959683792293,0.154892124976261,0.100678127779883,0.106818208174731,0.144348024207861,0.0496856561878839,0.208644403473436,0.2416884853462,0.21390364065193,0.0618485329941521,0.185712500759552,0.0528415387942215,0.0590281371026056,-0.252989050922159,-0.278005882289863,-0.267546586856965,0.0646178555794766,0.151763466121856,0.0696334283210461,0.0944000287976057,-0.054650545934393,0.0109250752648886,0.198353188503208,0.105749456663505,0.100055028699792,0.173423113463108,0.138155342143372,0.0125537365403469,-0.0523115542061301,0.0236104563810283,-0.0406784673635209,0.320301499936668,0.22949209018792,-0.191698879624966,0.448646397326494,-0.220194976714278,0.26343622697869,0.396720456373143,0.549929181235512,0.582573165890152,0.319007842109637,0.250673593321704,0.300221936810815,0.172298088954142,0.232866353442777,0.21090047683323,-0.0492057494193962,0.0354004126940177,0.150252017388228,0.292818209048009,0.0983220441832963,0.0866407704763077,0.0254317870985276,0.0447840975672921,0.134165878128354,-0.00416026730679495,0.140596651217987,0.0251513835925201,0.422614029963143,0.126683196631673,0.0736365647222122,-0.238245368281717,-0.340408381798924,-0.10755668559191,-0.0243641919852269,-0.0789263875826328,0.206416940704095,0.0162249903183587,-0.163138566365961,0.0243570073679251,-0.0597038703555367,0.0479021060110445,0.0137498361972508,-0.340620529027743,0.120993888830964,0.0520459495830685,-0.0857510610052914,0.167167529749449,-0.00339307203402997,-0.10699134229751,-0.00862314410013256,0.503471536462765,0.255283375792746
0.155280003199928,0.313233277870756,0.0404785032662438,0,0.450010180665697,-0.17427318883459,0.0138725395360836,-0.0215153816591059,0.0294901776050719,-0.117532132480993,-0.135740204085494,-0.0122017632018346,-0.0801394622928071,0.195645449491014,0.141555255908393,0.359972535140342,-0.175978680092624,-0.116293829397781,-0.0998964522692571,-0.0453593209432206,0.0753786374783245,-0.213026963699283,0.153112145689505,-0.0972950349044489,-0.0798277842325051,-0.122616442733984,-0.155407911141363,-0.145579914637746,-0.216562681571968,-0.0235230171657967,0.0551880610827724,0.31331085187229,0.403814574061401,-0.221251506118722,-0.184763148213296,-0.10810342662642,-0.164416942167778,0.131639834467676,-0.0254885915375128,-0.0847318127432293,-0.117740180621311,-0.222084426236349,-0.173833042421127,-0.123438066384359,-0.263995472086631,-0.0506349391016041,0.0624868177273432,0.0607694246848855,-0.0438702344389651,-0.154803438713779,0.282097396926768,0.123045760066035,0.375883572051136,0.56169835815946,-0.0344171300471138,-0.06593243810286,0.0745722317094977,-0.143903770697085,-0.0772109628983659,-0.097459077896428,0.105681378558195,0.0202402573142296,-0.00345760684706899,0.0196870564941263,0.0360218433447451,0.151635421137644,0.144194368847835,-0.153853280160037,-0.121999066201715,-0.212145800496939,0.0363925013425131,-0.171434283099523,0.111495298445683,0.00906712112835697,0.053781420511122,-0.0845204589360356,-0.138375052663244,0.0112398567838588,0.11681232388195,0.343683522048572,-0.00447355941733254,-0.0203103424197271,-0.174875959583053,-0.210627364688968,-0.150811722548982,-0.0671060114226154,-0.100325417883217,0.0117305067686493,-0.172517961476702,-0.0345272457564673,0.239369249318855,-0.143622071938305,0.0638195950739552,-0.115137578938822,-0.100200363344887,-0.117320762027237,-0.00654322550494352,0.050732720201851,-0.134801648045974,-0.155098821466574
0.0381459518983096,0.384965819072459,0.111846555745341,0.450010180665697,0,0.217650655008821,0.182565554589101,0.175933072167706,0.220243601304514,0.185749695504472,-0.00294027971322085,0.159666216246643,0.0281693078832959,0.111430923948599,0.00941789863065418,0.129541419514062,-0.0217669120446401,-0.0934205265206928,-0.137191753713312,0.0919368276901053,0.0372155093593042,0.020992790263041,0.0693859403079891,0.198038513178365,-0.0303061931531502,0.0806605498075847,-0.00567863781151159,0.0597303005556455,0.0213592217995103,0.0165151280657881,-0.102691417943469,-0.0846713505832557,0.0835148056985402,-0.047715482771135,0.117226424222844,0.0877500864488057,0.0619199218838341,0.00361017241254861,0.154162464722128,0.246292998426696,0.01636181992129,0.0672752151450323,0.0431273534436895,-0.0261866544855689,-0.120768697398554,0.0303175232726569,0.0578231955739693,0.163535145011598,0.119435276445109,-0.0716463641658653,0.121719994053535,0.356352887379258,0.379910119874974,0.684571864856758,0.276672363995889,0.130503386150579,0.262252579815035,0.091616387784828,0.250890539371572,-0.0207604817620843,0.17874686497764,0.0123667841186074,0.00686227455060525,-0.139539986828085,-0.00388402769128487,0.00386076975301531,0.414087744700021,-0.152766010622156,0.0287626693538534,-0.114440636537136,0.0850049405410497,-0.0120297770848137,0.0432349735214533,0.323861114784054,0.195267379341654,0.0736999429451543,0.00787360013772465,-0.013542313169686,-0.00246956762364627,0.0347255473746755,-0.0288332728439592,-0.000140997621389735,0.0330285586016841,-0.0734858723827953,0.0187474984663354,-0.0780961529332009,0.0436136400647019,0.14549153276812,-0.0118443930240367,0.0510997774894685,0.142814319796251,-0.184931469945115,0.329599477546334,0.0965483134417553,0.125472100747854,0.0671576295593416,0.078987575808725,0.168295145981717,0.0261828461930304,-0.0879912451884603
0.0863257251519645,0.232515486549519,0.345265285389463,-0.17427318883459,0.217650655008821,0,0.373491428786374,0.394251664610434,0.194034470911332,0.240673843466583,0.248368705744294,0.158420961543112,0.189221996910321,-0.0844802319700463,-0.12417393315092,-0.213407039933431,0.111591762949828,0.0257234609569466,-0.0300896536385272,0.0368244586306597,-0.0254361663711424,0.222800922350012,-0.151191514184378,0.179220371381724,0.0452526812263292,0.254333368981473,0.0638424632840103,0.231106758798751,0.263706282449424,-0.0552275489393728,-0.333537997959893,-0.421942283910902,-0.350466267650092,0.251905350386714,0.251814857530706,0.160573491788085,0.263373315810826,-0.205271524029979,0.0872850268872808,0.254307102358929,0.211700543817061,0.264350807552585,0.30440406991742,0.211314011792346,0.178115970706955,0.0217436215169716,-0.0236956153628342,0.0125184789708888,0.439295229090562,0.257798076137122,-0.130905183690129,0.29742392613221,-0.192299664569661,0.131115962450275,0.682383296350935,0.594590189215099,0.456469765169575,0.270320575089176,0.383306032215379,0.20836063105146,0.00112488431421847,0.101698519977312,0.0341101882784988,-0.072233043603131,0.00289458877177249,-0.107779592992818,0.233313798370647,0.123092033868467,0.156673617943813,0.0373741646387313,0.00457843849144844,0.218766747564455,-0.12967164370771,0.318083112752294,0.049107308497836,0.262009333744105,0.157135920521821,-0.133311020218726,-0.368524350632903,-0.421104696898794,-0.0519586436921571,0.0383211791802762,0.0814206984753202,0.171811749809006,0.0565492363300502,-0.111306656075965,0.223750516783051,0.0943667159594391,0.172834994147655,0.13714963716785,-0.251365043906839,-0.0961333559062185,0.00419301546092233,0.0298149674107047,0.216369494819007,0.143458610273308,0.00120965921088438,0.00580190881282965,0.266245381749776,0.256805507003494
-0.0385479811832636,0.32145973813553,0.402934888228753,0.0138725395360836,0.182565554589101,0.373491428786374,0,0.701775540893567,0.350013713922196,0.484196445241379,0.110654451519896,0.154392580494234,0.284287867628476,-0.179977414328824,-0.0529667373290145,0.00058447450536045,0.107290230740255,0.195611946353175,-0.0506363935562271,0.0111700414565352,-0.0396745588397869,0.207576426600646,-0.139911797927853,0.154182846707022,0.255590959092984,0.12462972414878,-0.0398833917696369,0.12490753550637,0.0865084143086862,-0.0963273297149068,-0.101361704331298,-0.317199852713101,-0.191353556706488,0.134506179205453,0.177092125331287,0.0636092666460034,0.124005020285608,-0.0811236089923738,0.0114500232987204,0.414284332436036,0.000679264933569639,0.285312507781519,0.204287194560442,0.245178117159861,0.179411244099512,-0.0642681243740773,-0.154090890631865,-0.196654337208316,0.332834547037602,0.120052036918135,0.0254513383510513,0.390867489408314,0.0186526562081287,0.208775114486986,0.343527662005646,0.346854363959661,0.497766820241831,0.346210689250564,0.373834500849982,0.158349174338737,0.179691382774729,0.160395698541113,0.173723568449768,0.0995653143606441,-0.00638537776481532,-0.0197738656897434,0.270258954349872,-0.0136973174091924,-0.00676937479081616,0.0870455323196271,0.00659789288684529,0.12997264058664,-0.158604182839807,0.201908136992615,0.064049005408912,0.301936595249618,0.0707114592089654,-0.106440565708885,-0.16769002384529,-0.277278044745617,-0.215800139002979,-0.172528536832283,0.0435343435536583,0.202519997597571,-0.0655116558142155,-0.114880245471908,0.0703454188979382,-0.0261441153296657,-0.0219722189145529,-0.157631821517026,-0.226136057459309,0.0224651397001535,0.095838223090704,0.0959303557760372,0.166669130558426,0.230595364285194,-0.106803868686649,-0.20083477353494,0.301911257526161,0.133015096347921
-0.0359263919432535,0.346908074942146,0.450508294877227,-0.0215153816591059,0.175933072167706,0.394251664610434,0.701775540893567,0,0.555865830080675,0.315588193568669,0.25562557060672,0.348462138273587,0.316287106396728,-0.032884738776309,0.0949662257385456,-0.0774627008686564,0.176010985878666,0.39673581631576,0.153349083830308,0.196490807637194,0.0683912244200535,0.244290735581166,-0.0392330758241147,0.169199677351413,0.0959223551138064,0.317449835375927,0.0297380434981116,0.272485527946038,0.111647990444148,0.0254336157637511,-0.266526695893408,-0.36465357136104,-0.312595767802138,0.226942349087787,0.195788028598524,0.280065871197502,0.237015988161835,-0.196609234298333,0.0210649324667069,0.367010962088081,0.188636072221166,0.317260043589333,0.300315520838557,0.21930754382837,0.155465828942066,0.031696559695704,-0.0363855960392407,-0.0548637559127954,0.270937672269621,0.211079647738568,-0.073949374474646,0.435854141545089,-0.0602737014417698,0.271061382209477,0.350245830789172,0.344784129715557,0.698647983977194,0.579679622251683,0.295135725938297,0.328948985590661,0.305664455126972,0.266216387536152,0.24652091754384,0.15715376384624,0.149143747205067,0.147209989268664,0.345765348955299,0.121243066089955,0.17295382551404,0.248707665913951,0.122879697974336,0.199968216218911,-0.0254965656602424,0.303184302562027,0.1219175847253,0.379933548864251,0.125192938527319,-0.0925516001938177,-0.328911322458498,-0.332705768943617,-0.0454851929654707,-0.0335166585012908,0.0265329381259119,0.257963922395525,0.0549269017096542,-0.0992676238002838,0.279688547360067,0.0378227318369602,0.195312747108473,0.0123076983855433,-0.338419510585852,-0.0315252698017158,0.0807962863808604,-0.0442790077249107,0.203829557379803,0.217111905342181,-0.037918042596976,-0.0381870480439742,0.292754937410523,0.160648082360043
0.0295735939904934,0.0429321191131211,0.372806624534957,0.0294901776050719,0.220243601304514,0.194034470911332,0.350013713922196,0.555865830080675,0,0.17522319224974,0.243250298508665,0.413145810459695,0.0884386505550801,0.139934364586761,0.146327858414663,-0.108339014644019,0.115734230307921,0.328287772367256,0.155981368493053,0.320418492415707,0.0988881642925604,0.0765196312624029,0.103231278881309,0.236261208989528,-0.0583357582866921,0.340347259814727,-0.0415857613232791,0.112666048757528,0.0874434812011328,0.0845964982771354,-0.196674505657906,-0.210537631261187,-0.150873431144526,0.226784386698206,0.0622766110008163,0.44234464507593,0.0981543415301877,-0.102052535539844,-0.0588655771954503,0.368566717663377,0.3480063348727,0.175243377976195,0.26734353919426,0.00726953588061653,0.0756423657007943,-0.00379661980873659,0.041513599612127,0.0609053818614135,0.190569194127024,0.300509791263703,-0.0740082930066439,0.151386654898348,-0.109678784078332,0.210883068502565,0.229389411532077,0.274544067728933,0.568763639991225,0.617986002307631,0.111611632102985,0.312696443960135,0.318986580574579,0.116208675633364,0.136313651144001,-0.0464141951809065,0.0588440552533725,0.146130960516103,0.565052479072234,0.0329861241328504,0.16705347707003,0.293378783358183,0.0998177555166553,0.082746830110026,0.109671431171038,0.309630566697536,0.224234926846867,0.34835058754335,0.0980176404420746,-0.0258577755644035,-0.280564254687575,-0.230057685308241,0.206021771435087,0.277687797526027,0.0290653537127958,0.094457588445098,0.0510970031732772,-0.049500055177875,0.252377972067192,0.0164569449818222,0.350044274291941,0.322329965687129,-0.268519381617088,-0.116394899684895,-0.0591551484837032,-0.139304764215186,0.310522568249187,0.0992031332277201,-0.0626611673836535,0.0662482513782951,0.260858678241387,0.185403397418315
-0.00911655355827372,0.0321060364570725,0.115365226321307,-0.117532132480993,0.185749695504472,0.240673843466583,0.484196445241379,0.315588193568669,0.17522319224974,0,-0.0141884727150106,-0.0509280363649853,0.160733776133257,-0.196328348328417,-0.152618688620648,-0.0526410845586106,0.0745250285831047,0.0361086696701531,-0.139668027326883,-0.026869066539627,-0.0579891683232359,0.253515716928638,-0.0677180608250507,0.114933062107395,0.44151709446444,-0.0232870589352484,0.00734460587339226,-0.0284666109180704,0.173482375840745,-0.0812863656133215,0.0610632736709345,-0.226900360025559,-0.0887159274466508,0.121103387139747,0.263398016469459,-0.0666276135963067,-0.00247843812457081,0.121794895750969,0.0614409411478451,0.369557623513074,-0.15151498557039,0.384378343296216,0.150093553787651,0.295661805971887,0.384198975384383,-0.144327605455653,-0.223191535007157,-0.066844567306587,0.201286957097344,-0.124635329673193,0.0526097064430957,0.243920259754582,0.0468419854879702,0.118578884614489,0.196455706283274,0.19044725977468,0.147806701450306,0.20156085517319,0.564337315392951,-0.00295917847824043,0.0493247059737309,-0.00698686205181682,0.0216833707804941,-0.0387290727094508,-0.0774147556302321,-0.151715893006875,0.12809171260214,-0.0862949641691802,-0.0277475422568634,0.0457693395812472,-0.0243642380246875,0.0865584839216808,-0.118766082951779,0.264692726537147,0.0712591950887627,0.260003047718925,0.129238171922379,-0.0188587468661131,0.0289165585785285,-0.15430497545192,-0.158671428480679,-0.14853500394287,0.278994062237284,0.114638395538706,-0.00689024373822077,-0.0948346016692801,-0.120281557599202,-0.128811883503566,-0.0822084437122823,-0.188680125777031,-0.0841050602251968,0.129722257125904,0.163491518199722,0.197798098929151,0.193933558441695,0.299935449953124,-0.133916810553428,-0.125212850008046,0.249120193362235,-0.0783223930796975
0.00130043767468887,0.0875861683564828,0.125342872449514,-0.135740204085494,-0.00294027971322085,0.248368705744294,0.110654451519896,0.25562557060672,0.243250298508665,-0.0141884727150106,0,0.548202185271682,0.139072545122538,0.0535499700548598,0.0237738379089888,-0.076796808672125,0.287924910402824,0.183424711031383,0.127921253908525,0.160944155285035,0.030836114745635,0.284143259342374,0.0309340707633001,0.169095223142163,-0.0600655040131504,0.716493545612556,0.174046881330133,0.271659121831581,0.139602357124586,0.0482232624433344,-0.2318386369636,-0.238467574432955,-0.328536574449095,0.301269968053854,0.199077927846965,0.162980786503796,0.366000744189135,-0.0821540009321615,0.145999778168296,0.133805570869411,0.388038851675044,0.136946224249539,0.47163395128352,0.0862158904949957,0.0353579149800023,0.214791203122405,0.0837149150909308,0.0896787516312576,0.180046646521848,0.273030854534521,-0.10966268318729,0.0970627134867331,-0.142036508491041,-0.0455816046957328,0.276800779558326,0.218810838693457,0.244139215585322,0.260534678392147,-0.0313863095463646,0.598729937876014,0.234060716119687,0.0707096753295986,0.0127326198480796,-0.000737437216353306,-0.0141748838799816,0.0269388170606932,0.138521679251321,0.127880261976825,0.245566461347649,0.199104435780676,0.0974670752023244,0.188173189250933,0.0396690484553563,0.154529681777463,0.228224436157637,0.343887190052783,0.000888012090939661,-0.0712626755272524,-0.318151195492358,-0.24514860061208,0.0424105297511237,0.059227166006498,-0.063957222757702,0.195050601804298,0.188968127589866,-0.0689672971572124,0.388966734903929,0.262679067952156,0.258003036037584,0.21515920998594,-0.187674527164582,-0.0841212700933262,0.0241160633486739,0.00702510254745486,0.241429770126193,0.115787494217823,0.168364148118005,0.0807322044756571,-0.076087461888204,0.238276065825032
-0.10824156599236,0.105014097051831,0.27410487916335,-0.0122017632018346,0.159666216246643,0.158420961543112,0.154392580494234,0.348462138273587,0.413145810459695,-0.0509280363649853,0.548202185271682,0,0.192939903652263,0.178006093080813,0.174207188677742,-0.00141097809798736,0.341004034265594,0.313923666096885,0.313974391986717,0.283983950908982,0.176266551111096,0.303725357190932,0.208145866861792,0.470426501514949,-0.119728271628596,0.725822057714323,0.219732706926475,0.328305834460365,0.108347261688179,0.147784659206989,-0.307794421976324,-0.164502110027844,-0.212430384274107,0.224750634003093,0.273453069526296,0.229494999346141,0.33678940394275,-0.194674130880798,0.0600130527946115,0.324750987591254,0.370344191813891,0.161667406609845,0.469319588816088,0.0489325554539862,-0.111898423275282,0.148347473487335,0.0634203604742818,0.0975741261030077,0.18098545494349,0.173687601962125,-0.209450090514117,0.0924139039990727,-0.0578373983010047,0.115424151738742,0.166312330511071,0.155884593765087,0.346556757528209,0.360007253686931,0.00391772090850169,0.630772799769812,0.525976564405385,0.170722609623428,0.0874824773370681,-0.0468135723933087,0.152893106627649,0.188764393982446,0.314757083326942,0.250131538531544,0.24830375311647,0.180036237118126,0.212417363880283,0.303961988329522,0.174651265053296,0.302455918625072,0.440699034775204,0.553974008039678,0.107584153442893,0.162190555933094,-0.287257072690376,-0.131477998566946,0.113542307033038,0.0535914730672643,-0.0249496860389339,0.268511121019962,0.266543284589555,-0.161596870626484,0.391968441672165,0.236905994993524,0.294515612910922,0.201572636297836,-0.169376656866346,-0.204632448410344,0.129628670831744,0.0175340533930785,0.3851842145405,0.117791961131575,0.0938772888978796,0.133484487955946,0.1137142693617,0.134576862153209
-0.0100152531720521,0.109016427093884,0.260670614108691,-0.0801394622928071,0.0281693078832959,0.189221996910321,0.284287867628476,0.316287106396728,0.0884386505550801,0.160733776133257,0.139072545122538,0.192939903652263,0,0.0830387689811059,0.169604696092586,-0.0802523971571454,0.348095922585965,0.205503239485453,0.169711069912677,0.148820134276745,0.156892839850287,0.496106236139657,0.0961134074784862,0.177858263651423,0.236958419895621,0.219840369244689,0.388301734664506,0.419026572145633,0.226508457631947,0.260292606939305,-0.279624956193803,-0.20306574153906,-0.159130580129703,0.299351003970534,0.434537561443953,0.0765727016595174,0.249440349308453,-0.137369435591132,-0.0222081186973089,0.0151960904163644,0.0825427673973462,0.166168772034184,0.174836185271265,0.223277271250551,0.199345688638058,0.0751265159606423,0.0415585932691988,0.00899209969952729,0.199796394249816,0.171985997473557,-0.151379821629317,0.215536581415043,-0.106503418489912,0.036858182792498,0.141068493206108,0.18122741282104,0.202113868553677,0.158802420430332,0.223901041584034,0.297458967909976,0.352384208111619,0.661408448981269,0.400943655800223,0.0349030692213024,0.0785493626696163,0.164589886324881,-0.0904699988571044,0.188485494813776,0.0579014280293956,0.0884526376563056,0.0858249811893226,0.292915089660298,0.0760265870879754,0.0464217114213022,0.16754496190889,0.377149676463634,0.138948889342029,0.192110883946786,-0.171474193417559,-0.15876743292543,-0.187141360012414,-0.274769316552122,0.0890022704347959,0.384340974993098,0.272174540627507,-0.0797751708252783,0.106371931158198,0.135643190216259,0.0665413185445052,-0.22611253175061,-0.219498824245169,0.184618825392158,0.148787100474774,-0.0565878268004187,0.0968920356962226,0.123901313664708,0.0907942299383513,0.0515299604223603,0.194169984618556,0.137460713986587
0.047759773965124,-0.0268564515847098,0.0866755241288365,0.195645449491014,0.111430923948599,-0.0844802319700463,-0.179977414328824,-0.032884738776309,0.139934364586761,-0.196328348328417,0.0535499700548598,0.178006093080813,0.0830387689811059,0,0.754003218188943,-0.134529413660656,0.158059303945333,0.328479192797067,0.531028192483936,0.410028251562117,0.672783084277682,0.0413200659860102,0.706758053677246,0.13291061105642,-0.127731203301189,0.135403646335247,0.320864225004124,0.229492962790486,0.172460521929234,0.56495032073936,-0.13210806909701,0.122507497274935,0.0599154897722792,0.15604241351409,-0.0179981011482749,0.203561524088402,0.053877420703544,0.0179866982964893,-0.0227545411259703,0.0467982069409866,0.278946829996324,-0.0899120920390635,-0.0403760437799018,-0.111517773833776,-0.224767680985925,0.381482455778898,0.604211796080953,0.454834028752079,-0.0810374270488127,0.0337932101240333,-0.0483779869879502,-0.0374327537775891,-0.0770342943273101,0.119787964586283,-0.0808603750787072,-0.0496310311691216,0.0918418347926765,0.0938898898990825,-0.118050683561828,0.06543497864475,0.0236690166205696,0.131251288364774,0.357930866963899,0.1926500823863,0.484350987798648,0.674273104114502,0.106092024167547,0.232182111499083,0.258385330351667,0.19526227713644,0.539521983454649,0.0342767138256555,0.650659147568909,0.0788707352795769,0.16047594786222,0.0534900076507158,0.166459369080979,0.350829646307854,-0.0262346730263626,0.169450165546165,0.304920900031626,0.209673314205867,-0.148401126278167,-0.033960562990796,0.257127530959057,0.290436194052748,0.197321780505838,0.225842998524297,0.246986948308946,0.272599249131582,-0.0715287102853597,-0.0517000739579254,-0.0677370335553159,-0.075943605830077,-0.023670354042532,-0.162625312270325,0.382380085568134,0.566030745130564,-0.0628104320536562,-0.0822419576899515
0.0782839597530426,-0.0038248861474554,0.143570980004171,0.141555255908393,0.00941789863065418,-0.12417393315092,-0.0529667373290145,0.0949662257385456,0.146327858414663,-0.152618688620648,0.0237738379089888,0.174207188677742,0.169604696092586,0.754003218188943,0,-0.0759847694827185,0.137807070910832,0.473022397455969,0.557589359063346,0.448174883976684,0.698225690526282,0.0272629236137695,0.697529930537223,0.144635577481913,-0.106426981035254,0.120211476666326,0.281196628212715,0.30139835901839,0.143371305587365,0.607157266590891,-0.145619200989365,0.149536546920846,0.0684269256852463,0.171190438735155,-0.0532903886867611,0.196064696627677,0.0311512985443159,-0.0436802319164645,-0.0863209456655693,0.0494905838492098,0.205946140386337,-0.0958904397640333,-0.0986037682606735,-0.128082729474228,-0.240443998110296,0.329890059900869,0.506236166735591,0.333350530792207,-0.0921349479973954,-0.0118067969589624,-0.092551923122883,0.00674586924457895,-0.0372022301228339,0.128656028083324,-0.113462326385455,-0.0801922753630026,0.169052189567696,0.182633091059551,-0.069881342138362,0.125219424059287,0.0683851808469705,0.229354270308693,0.427382214895567,0.248245758639103,0.485476701030086,0.821586431180358,0.10563453016291,0.271820414776809,0.244671283488106,0.32806277679994,0.595809675724188,0.072534211586429,0.666782068085985,0.0828988640258692,0.226788307730672,0.136066285889387,0.17812562470507,0.456913827098751,-0.079119493514838,0.194300874549422,0.279641668114619,0.163737345731129,-0.145909863674391,0.0425617142413287,0.263022549976755,0.270757532492088,0.149803360565812,0.22308953571577,0.244947431891103,0.159261610288009,-0.0631415100442727,-0.00566904195291123,-0.0568413740276663,-0.0618621255749484,-0.0354932240485602,-0.190481366916951,0.327955335418789,0.47554744027183,-0.0185389306898015,-0.106617534385464
0.228328277727368,0.387531412064044,-0.315348228065561,0.359972535140342,0.129541419514062,-0.213407039933431,0.00058447450536045,-0.0774627008686564,-0.108339014644019,-0.0526410845586106,-0.076796808672125,-0.00141097809798736,-0.0802523971571454,-0.134529413660656,-0.0759847694827185,0,-0.109516715990933,0.00929258984368142,-0.220968934556082,-0.0691103881676734,-0.0984167037819537,-0.0549431684151449,-0.0330773706950655,-0.0244606112422388,0.0340191771295091,-0.144676689814256,-0.17285219832448,-0.111844097627425,-0.198202661772889,-0.149703729402335,0.37034769686853,0.315388067587152,0.468084271074107,-0.153112655337203,-0.0793671039812564,-0.141038183892009,-0.16108838247009,0.336767576120975,0.157556252827448,-0.061473228371914,-0.212269554672865,-0.0602835507213604,-0.105002453700424,-0.145962283918802,-0.165785453199046,-0.0139496529591701,0.0148398066400769,-0.0330700472796398,-0.0786908874690114,-0.241986998339409,0.425398401116234,0.0176893010327586,0.532356645697711,0.0797784433815981,-0.0670853659172393,-0.185898087798643,-0.218191269244099,-0.116470622988029,-0.158583426743411,-0.0659323991227416,0.132350171025889,-0.0589124138533296,-0.134604537962682,0.105268805330282,-0.0553102042127411,-0.0480805475362688,-0.12158370215539,-0.15369849112284,-0.225816362354448,0.0328116106826225,0.00358428060820905,-0.0171135419142989,-0.0460888805850692,-0.0702511471678547,0.173739751148802,-0.147536811575218,-0.246280961957508,-0.0290974496373014,0.263929162677486,0.326012496503779,0.00306270726641738,-0.0147398944344413,-0.136202466147687,-0.0649810647414008,-0.158236165382959,-0.0923194474028031,-0.189459001342228,0.113264334684946,-0.165111736634189,-0.120332434676326,0.432515883940486,-0.0613486368107009,0.235255673434563,0.158576780493988,-0.0748497961402993,0.0439421116997139,-0.000149222633450605,-0.0535000432121452,-0.270602854292843,-0.241805030598761
-0.102046889178665,-0.0886436608814999,0.0473834611462832,-0.175978680092624,-0.0217669120446401,0.111591762949828,0.107290230740255,0.176010985878666,0.115734230307921,0.0745250285831047,0.287924910402824,0.341004034265594,0.348095922585965,0.158059303945333,0.137807070910832,-0.109516715990933,0,0.340803472881366,0.432015145423429,0.301206398512193,0.255497102930945,0.62342500441954,0.276545700031463,0.326148848923064,0.061800498384059,0.335627280937532,0.395252147417003,0.327673105913777,0.301142565738074,0.146137218343911,-0.140559087445545,-0.15949288731808,-0.223496054626952,0.498042920868524,0.344686628106875,0.0452594329655482,0.164047118843472,-0.147858635453005,-0.0233313323841419,0.191490462396098,0.197271026523458,0.162988787478479,0.178804984994738,0.0552082270584906,0.0827767168841729,0.146916041654972,0.00973707463245739,0.0580915320863509,0.0074140831930719,0.148409670944012,-0.20733452245226,-0.152819095180178,-0.105515342043861,-0.139463696850209,0.0163019320304024,0.0960422236647847,0.0770170511063844,0.0597995043493879,0.0336565655676914,0.198030041740098,0.122697552201593,0.122807793943622,0.0949723613471258,0.0532235878541756,0.221896269373602,0.105780710435682,-0.00803533606643435,0.418612273397123,0.42438751987135,0.32587759647246,0.344255796165684,0.418991074584082,0.262525417102741,0.0437364026814931,0.307721137424417,0.207458487339343,0.22203626257121,0.102400579075734,-0.131450148848876,-0.0847533125219403,0.12120206724343,0.0464680284754457,0.170719215288562,0.329155489893899,0.42544151446083,0.0261589834683826,0.242838424330794,0.142084741209726,0.198489025132922,-0.0668436163849719,-0.186373518180971,0.0108364477982507,-0.0803293801504502,-0.0978185155597353,0.151800954040705,0.133899367849895,0.208119391663384,0.157057268381351,-0.106227146959291,0.13309306022825
-0.0609300745959014,0.0542027032404401,0.156959683792293,-0.116293829397781,-0.0934205265206928,0.0257234609569466,0.195611946353175,0.39673581631576,0.328287772367256,0.0361086696701531,0.183424711031383,0.313923666096885,0.205503239485453,0.328479192797067,0.473022397455969,0.00929258984368142,0.340803472881366,0,0.547158875358591,0.664086793355329,0.45775194925763,0.271389822434278,0.346238656258344,0.258245338594462,-0.0985777169546803,0.28820261977107,0.222711513303713,0.285669754910632,0.264036264815619,0.294512491627842,-0.0779709147081998,-0.155925694690853,-0.153129158996019,0.489411653228196,0.0625996122147092,0.376543035762957,0.0909655790604771,-0.11808880148595,-0.0781638079669082,0.205940042845274,0.309535570415778,0.138455565750161,0.125687942785169,-0.027266322365687,0.0471013773278088,0.174875556894247,0.213659266123289,0.0980817845195455,-0.0223314176811935,0.0618139384392675,-0.132335632252679,0.0953103043187228,-0.00456240773802528,-0.010882596344164,0.0557662769993117,-0.00990363408253545,0.305631850025893,0.378224882490323,0.0349001975774818,0.215761318046424,0.212499210221581,0.16982983111538,0.25202731069397,0.189273644041692,0.282603298218024,0.470635316051796,0.147139578713681,0.37156730381287,0.350046441661664,0.657029843533075,0.502181120561773,0.265278317948631,0.352479437327281,0.122333702345037,0.304146731305488,0.25039461106727,0.205032638697688,0.241848999289636,-0.174060626889791,-0.112340240715869,0.236315854919247,0.214942099555351,0.0253853286622243,0.113258324966977,0.277869165499577,0.0322064277861343,0.224636639476225,0.114676637258601,0.443974866955539,0.0652590675028501,-0.192776204116092,-0.0671083744288611,-0.00777336784559425,-0.0139959225274065,0.12569196954743,0.0406086487538013,0.101597229017537,0.190903635652209,0.0255423093317067,-0.0497633818146675
-0.090778099842191,-0.180654544910878,0.154892124976261,-0.0998964522692571,-0.137191753713312,-0.0300896536385272,-0.0506363935562271,0.153349083830308,0.155981368493053,-0.139668027326883,0.127921253908525,0.313974391986717,0.169711069912677,0.531028192483936,0.557589359063346,-0.220968934556082,0.432015145423429,0.547158875358591,0,0.472734047534489,0.418726475206662,0.172750806074592,0.429837205880907,0.189231331558244,-0.0819181399088034,0.284776241847416,0.372349155828679,0.275377187644798,0.143472760000984,0.330004968435704,-0.199568494785828,-0.0678602676627397,-0.13416782564377,0.340239532539139,-0.0163602415935892,0.188090547055813,0.00311800027324178,-0.21492096401788,-0.129906061029796,0.121326928897623,0.217729992151311,-0.0158781353853982,0.0629735561342832,-0.12124998688575,-0.128049679160411,0.211977449670958,0.25166566335796,0.142103161311266,-0.124177833621379,0.0594896884010505,-0.316083263749687,-0.118601611362925,-0.211880882768886,-0.0602462820947487,-0.062562658860825,-0.00975025778830628,0.156976536520892,0.176956916853135,-0.0920654283085774,0.126264915960377,0.063730017046287,0.0928746858384897,0.376229083083671,0.178608585527615,0.415423226901408,0.506881814908783,0.00709704891502197,0.386121383900266,0.357607147885589,0.332829000595291,0.444723267956896,0.182387839885668,0.432755992304238,0.0338681311665332,0.169825134627271,0.185213353879965,0.196432609024631,0.278371165840585,-0.172569608509811,-0.0412705782178921,0.210280321675582,0.063958495339664,-0.0119721889735485,0.0732759360826371,0.401131044216792,0.200893022354139,0.233607122767996,0.0910890190020259,0.252970696971867,0.0614431078357391,-0.253759347240687,-0.0247864987731771,-0.145197376899827,-0.167644450158485,0.0196624211592768,-0.144971663270651,0.175320225217512,0.250294825635022,-0.041267225394735,-0.0503727100460612
-0.0338198614318548,0.0247465619512348,0.100678127779883,-0.0453593209432206,0.0919368276901053,0.0368244586306597,0.0111700414565352,0.196490807637194,0.320418492415707,-0.026869066539627,0.160944155285035,0.283983950908982,0.148820134276745,0.410028251562117,0.448174883976684,-0.0691103881676734,0.301206398512193,0.664086793355329,0.472734047534489,0,0.481656138336684,0.216611290506184,0.363705882572035,0.263684174652661,-0.173782606901957,0.292222395762747,0.308931090223783,0.28943469899064,0.33600051017823,0.253991828512208,-0.161316466810021,-0.179690022738779,-0.191945441839919,0.47917747825446,0.117877495074454,0.435658636892576,0.162294456169257,-0.159703111580245,-0.0479909821223938,0.177036019631876,0.406139218606928,0.115557600018191,0.13464845296071,-0.0164385214219505,0.0903620411328461,0.249306039056325,0.285776890870063,0.318925864911053,0.00726940615314572,0.198580743623068,-0.212757426447315,-0.00470873213698179,-0.0512679990769037,0.015432402923367,0.0516447608708497,0.0306308179755513,0.195644039123505,0.241251628250925,0.0337226426692982,0.170523915100695,0.168209861186474,0.114762345313027,0.17361895536263,-0.00975906970903807,0.263624591595937,0.407631464349466,0.266650250987567,0.281166004976784,0.452621944262745,0.583339514180553,0.60701812252783,0.185201533363806,0.412194304293275,0.182559184140285,0.289984279819341,0.19120455227113,0.256469723744725,0.215584949759609,-0.185711288743108,-0.127803474875136,0.269953268357215,0.36026054012942,0.132208804847197,0.0509807094085024,0.359310627640807,0.0936108995462159,0.269720861112342,0.178213079436121,0.492508626868803,0.246872922100887,-0.196222475891358,-0.156364609806469,0.00502543811133012,-0.0730903187478702,0.212725745092606,0.0382659614230139,0.25606210549396,0.401791757191125,0.081768408046772,0.109519402191028
-0.00787126530549273,-0.0368581824963234,0.106818208174731,0.0753786374783245,0.0372155093593042,-0.0254361663711424,-0.0396745588397869,0.0683912244200535,0.0988881642925604,-0.0579891683232359,0.030836114745635,0.176266551111096,0.156892839850287,0.672783084277682,0.698225690526282,-0.0984167037819537,0.255497102930945,0.45775194925763,0.418726475206662,0.481656138336684,0,0.231893250264453,0.679640015091936,0.219522219000766,-0.0338548460070549,0.132709858773392,0.296787817764371,0.247669954389907,0.345906449462358,0.516801156062148,-0.131485617579954,0.0795032616458821,-0.0153545198776593,0.258685597648784,0.0615302951050585,0.120096675933849,0.0657454426333236,-0.0663326675053124,-0.142618468898108,0.0538035641189097,0.147344969894194,-0.0442369798926068,-0.109172119829115,-0.0222685529690878,-0.124157708868557,0.20474206417064,0.392714262329427,0.26675375884195,-0.057116647924941,-0.0204122716284551,-0.088843231522378,-0.0444141415897221,-0.049445054856343,0.0488504915084663,-0.0916933643857335,-0.0174183424136376,0.133349371538541,0.106829294846323,-0.0318372399585147,0.132961812623502,0.0345667475122639,0.175118648564729,0.203816262160991,0.0896631327632853,0.477239574993179,0.626985869852897,0.0531077104184576,0.402326827410705,0.282487780356402,0.351073207719944,0.648548414232017,0.193381695014837,0.598407630001888,0.0583498064239684,0.257814127648966,0.177587854475669,0.361270477243983,0.404120653283777,-0.0214789102039745,0.143485773828449,0.247290271271666,0.189858901214937,-0.0288353818823831,0.0842707029241856,0.261293168352762,0.0432008938775287,0.0830880918312598,0.134306406889809,0.299626306203375,0.0803573798760962,-0.0948946825232932,-0.033981469098196,-0.0708583257605727,-0.0135495727439013,0.0133638034032281,-0.102575862497213,0.248745942596897,0.452853489196176,-0.014204787852509,-0.0789041628295282
