0,0.181198716424224,0.584616492705472,-0.354785209248072,-0.34271675401626,0.318490350081066,0.17430359305708,0.133884178699099,0.0623414718226123,0.158094737178235,0.2009259140403,0.0663851113367608,0.144453901805238,-0.245393661359736,-0.314453798159698,0.275178459726103,0.118989578825088,-0.0509761817885571,0.0114216253669945,0.22719669721364,-0.00439930905261241,0.0480326889996688,-0.372200187051477,-0.0307214056036327,0.177582522229812,0.201437593286027,-0.327293450690827,-0.193074695166289,0.129821066337602,-0.367092661477195,0.0286793401550828,-0.183464274330903,-0.449627397235239,0.0727210445368598,-0.111463857162509,-0.00421639733640774,0.00984140228967995,0.173685240306106,-0.151837758779025,0.0124826785865636,0.0887370793308971,0.351224709101622,0.145966571438467,-0.0587604108577733,-0.0156876408921461,-0.265435658176427,-0.383528997920878,-0.244008702189426,0.494885324880446,0.336200861762578,0.69548418459696,0.408764646651986,-0.368761525896122,-0.351326142281824,0.121181777177411,0.430075026629631,0.0859665183857315,0.0104997865618977,0.148836300299058,0.0737715477935923,0.252146022754949,0.0688894591894855,-0.143295373065375,-0.195116072755473,-0.263247350854304,-0.350241430309264,0.177624184671757,-0.022118608891483,0.098266484781303,0.0128123343465521,-0.179136992400242,-0.151675374947577,-0.368164743674699,0.0813879698335141,0.0410399632211735,0.311313201115405,-0.137097394631509,-0.418798566937565,0.0155334135099495,-0.293693691035524,0.00456259082305386,0.0745419468838451,0.117687217222154,-0.109133110253949,-0.296278800342838,-0.382204348895522,0.0190596893652913,-0.285313635673961,0.0567395850336002,0.201089200408512,-0.262644049616781,0.254296543263884,-0.116041627159945,0.299754862356411,0.281160533667543,0.151240523859786,-0.286644349947838,-0.263570931457456,0.428303003695554,0.351318073004202
0.181198716424224,0,0.653429115280869,0.343403607248048,0.470764285401538,0.51721791225047,0.47953679128801,0.7902049516094,0.580193267674214,-0.213891057710558,-0.0353645766560685,-0.00262040042418186,0.0827084689032321,0.0560292313360023,-0.120200524367145,0.607861921759664,0.276455199770786,0.622175508949831,0.296997752641771,0.1810780157454,0.282941686020056,0.121466228600555,0.150102348066353,0.00551256977616749,-0.036086336741368,0.128050422657404,0.0192668872176459,-0.324041680026629,0.00630765645637639,-0.205126858345429,-0.198732479428942,-0.206492107408183,-0.20042653829191,0.382190490210084,0.126625531003962,-0.018960065474284,-0.292739633984062,-0.1827969460413,-0.307561920508574,0.0750146357739844,-0.201644425270999,-0.139880762039645,-0.0244373755428575,-0.431179823125967,-0.0211630311261584,-0.205585448648339,-0.0936439498715956,-0.0790243100619452,0.235201579774652,-0.182520242278029,0.240843822969373,0.793991883852655,0.344971761717041,0.27057139254944,0.640619821568532,0.457331936939739,0.753926124040626,0.748486026826479,-0.24362838150954,-0.0525953788133262,0.0234658062531933,0.123576465359446,0.05974740795944,0.0312413926948832,0.108668809073469,-0.169964286388613,0.360569582437662,0.201839254793963,0.182649635179779,0.612785389421371,0.203786899364906,0.0278532027076741,0.113212274374836,0.0933735635375063,0.0771163925983194,-0.0431075823622075,-0.021183195247607,-0.10774136910614,-0.195814981547432,-0.224770281568039,-0.115242204167392,-0.195307264716454,-0.0730810686445459,0.0938530001627698,-0.0520484648732379,-0.0323708760487971,-0.241378024675824,-0.258895328303472,0.00897672753697246,-0.241971171794921,-0.332882812606026,0.0147661400837788,-0.168719731197458,-0.0948618167619242,-0.0908374959756275,-0.205832318713347,-0.146150039170944,-0.148413808523117,0.289265415972549,-0.119238955338436
0.584616492705472,0.653429115280869,0,-0.158396022271568,0.0370432784442008,0.657816188737709,0.365413333715582,0.556894645605494,0.570858092035632,-0.014485566122796,0.0505888112707712,-0.0616245469386691,0.0673574671323114,-0.159909941206177,-0.35893351223065,0.533959138994032,0.290724765442856,0.35240163855869,0.257581245673562,0.277812068168842,0.251067517635935,0.175740316463941,-0.16416480074443,0.00214720361777736,0.114150952534716,0.143106400293299,-0.215002399576683,-0.413903698911191,0.0793184995830044,-0.419853527648539,-0.151909880349649,-0.303288388119815,-0.442600212153552,0.344941145642552,0.0137995482377688,-0.13093816167455,-0.19060402290325,0.0368268461457297,-0.2947630176231,0.0508288829446907,-0.0890379232700904,0.0891115327287084,0.0886340914913543,-0.392032158044684,-0.0721683894108004,-0.331025925260917,-0.311628438716596,-0.233322704933644,0.400183797930898,0.0587296852329434,0.565008460104125,0.805627691554085,-0.096150566225739,-0.214970142237088,0.560835128759417,0.688074907582409,0.479873270468175,0.506410754452753,-0.052401513220842,-0.0154425544013316,0.0716373161566996,0.0132420466823955,-0.140278883924193,-0.128989913514651,-0.10459524220366,-0.413165624710772,0.267407860012114,0.177153689152761,0.265872844241003,0.341844179183289,-0.0614294118802653,-0.076841567814448,-0.22457679822934,0.0746447956454938,0.057239077070482,0.0882562901477548,-0.169224291094868,-0.424588584375558,-0.184287850481047,-0.370112658669891,-0.134347772454329,-0.123518406691928,0.0412194107978993,-0.0377637291940924,-0.258656641425821,-0.320745022958434,-0.190004442441922,-0.386291756680762,-0.0721533681998883,-0.0899986854315428,-0.362054875773375,0.255313995236253,-0.178705841390865,0.0850165739526374,0.0934767271807726,-0.17831759834383,-0.348636666228239,-0.30081181053339,0.414300173485627,0.0621411904247505
-0.354785209248072,0.343403607248048,-0.158396022271568,0,0.634850853232283,-0.170883861004513,0.0674270741035585,0.308917736236895,0.0446105359695234,-0.338623408545641,-0.223129274607918,-0.0345050448348396,-0.017715396404526,0.26376735587771,0.253760640412934,0.212016169452999,0.0621648795666782,0.442653263727359,0.0863376319534432,-0.10583241917197,0.0479231494375316,0.00614773078678499,0.390239981494897,-0.0565875107151027,-0.258108075557488,-0.0838414010752576,0.247869227048866,-0.00400942653207034,-0.154162940895161,0.269700718848772,-0.0081328530372664,0.296965726988506,0.435137200724201,0.1355736849923,0.138495047357441,0.0971926607099738,-0.238005021809858,-0.189618077196535,-0.0611574957684648,-0.047438924573333,-0.171651518684112,-0.34378663315817,-0.190978755498423,-0.0919836989989246,-0.0290856170652713,0.156828371265603,0.290914657406074,0.134654022913868,-0.197666439961967,-0.306622755162968,-0.303535648592447,0.101719903223153,0.689610773865688,0.819039146640863,0.0575940792193911,-0.220757694948883,0.435723046242652,0.217191978119635,-0.42550167092283,-0.159984374179057,-0.0947641262384406,0.102572372830391,0.12497008704824,0.136622028315097,0.222582588969331,0.258818302987852,0.0805853217014984,0.093851884670244,-0.01237819439812,0.454217146525277,0.299836128817147,0.171884474073082,0.371779423094565,-0.12993271669768,-0.00352708188721604,-0.165656157663155,0.115708792491158,0.367476479163464,0.0380499358204767,0.366773673535311,-0.0684522527861518,-0.0947412507032393,-0.276088314010379,0.106845025043795,0.18900375180272,0.365310304297285,-0.162162630037836,0.0417559265868569,0.107426193082477,-0.294242342653123,0.0602116652633229,-0.370945933996783,-0.0816980167356526,-0.346307406707361,-0.217926617765488,-0.0215173555079401,0.261919610526512,0.101645258943769,-0.167657367565097,-0.271081216320682
-0.34271675401626,0.470764285401538,0.0370432784442008,0.634850853232283,0,0.234130945472325,0.106711535229788,0.401642794656705,0.300832063428161,-0.343956698134234,-0.179632740742776,-0.0727611354775481,-0.0852955888919449,0.170075588824386,0.124211875243429,0.222274349956456,0.0112732457615612,0.396156117885438,0.0417978701956728,-0.03388446386512,0.08155046759661,0.0117908616832044,0.348421543961956,-0.0974110453984528,-0.129552487851949,-0.085211834358146,0.216955058961139,-0.0179192442010345,-0.0964074220205595,0.0851967878061693,-0.109950851724192,0.0903675443054355,0.284199585640055,0.18483006396351,0.179157879929204,0.0634649018143131,-0.074790450283061,-0.240690574254747,-0.0367087571270273,-0.0217727173550608,-0.103267067268018,-0.405862752271352,-0.11202635893982,-0.199405905692158,0.0727337099035291,0.0746679551079159,0.232811892820171,0.13262433594964,-0.147725113427915,-0.30772768148762,-0.282181737584737,0.222503085983431,0.521270260323323,0.657647505445897,0.52990066973149,-0.0189668042558897,0.392154418239286,0.498467100923618,-0.332826970989593,-0.111232552836059,-0.158248380827706,-0.0130673436960106,0.112098071507156,0.0912017129537019,0.123311227001081,0.135850965432452,0.0977851085734445,-0.0165163821868616,0.020930349074633,0.393189246466468,0.186336067123788,0.0897238265672025,0.321019995106992,-0.0324870452996363,-0.0453123978202194,-0.238616406991474,0.0990215631700102,0.241001230421077,-0.0753813770583474,0.161334970153587,-0.0226855421073611,-0.0633867031334665,-0.117909178490691,0.0956644947292693,0.158894299791142,0.269069620333217,-0.0382357588166061,0.0519295460451979,0.0668465877250298,-0.209958541940735,0.00545223144757527,-0.221823772806884,-0.0686663828454362,-0.313393255581902,-0.234169134324285,-0.100759224405327,0.18788273418288,0.0508483521855319,-0.0981796209403523,-0.256314436172023
0.318490350081066,0.51721791225047,0.657816188737709,-0.170883861004513,0.234130945472325,0,0.510179497490598,0.564085986227323,0.681624102522087,-0.0211624384805274,0.185436977231003,0.104310774546939,0.1428175173689,0.082928192176314,-0.0925998566909237,0.315379553835233,0.291687926777455,0.314026175591838,0.306309446899322,0.348270858891539,0.330033358028629,0.273953533875155,0.113484792784522,0.155293257845233,0.161085088094992,0.254405200639732,0.0747486037342499,-0.184897565917629,0.22797272217632,-0.268640512104196,-0.344849865275871,-0.419445525863343,-0.4208194700434,0.311247092812963,0.279795162185961,0.146363985933662,0.0467346201083182,-0.0895336477599561,0.0306968381710732,0.35782606157253,0.16356199577101,0.116091171040979,0.331691391773566,-0.267774082203443,0.165932585329702,-0.0195244230937525,0.0185080900648399,0.0453589430929098,0.563295324309178,0.12038334063318,0.271756935746019,0.624025841044151,-0.117675500362769,-0.141925158926223,0.769229817462008,0.796036236216889,0.411352039307475,0.647714232270093,-0.0123027111539129,0.170977308606557,0.152218460924369,0.0992194085323415,0.138150887160938,0.0954437179311539,0.0972220689002722,-0.133792495642731,0.415848340729998,0.242433037695902,0.199571428525089,0.27724496744335,0.099520103899843,0.101097373159585,0.0566958087522929,0.298025907235974,0.1830920221643,0.129317827088004,0.0159651680699394,-0.155938982714305,-0.396393373743695,-0.408551523238435,0.0795701626221484,0.00605040562983928,0.216739585859869,0.182306576912531,-0.0021929533580949,-0.0699560231622412,0.0144416619076208,-0.083130511444,0.201629506915716,0.124488749610544,-0.329602076052765,0.357171032512198,0.120999947373661,0.165740542450731,0.158634939651686,-0.0701513334938282,-0.0307339281340265,-0.0401776467909914,0.564825245888513,0.104451911286063
0.17430359305708,0.47953679128801,0.365413333715582,0.0674270741035585,0.106711535229788,0.510179497490598,0,0.631975445916318,0.443758517601363,0.0108622229908512,0.218221436650312,0.171556797481358,0.248791686991098,0.106023848683338,-0.0537598944255712,0.342239974003785,0.276379631892051,0.33335784126174,0.228479993278727,0.353796830258766,0.215509429733298,0.282361612319965,0.162036035216833,0.254072155246609,0.264439626801758,0.258303576366202,0.120476497567343,-0.147468410441967,0.222495577733761,-0.112141383634236,-0.270351068907459,-0.341790527905418,-0.440143032611505,0.249503217885471,0.301012969735925,0.149431615037714,-0.0417104781156107,-0.0594808561702496,0.0508692418467305,0.588087013880605,0.100644722385239,0.0974370069892206,0.218021270853065,-0.339319312783412,0.0809820995947917,-0.0273191718260715,0.0409924274240355,0.059674007617903,0.532742429905769,-0.0366722665124512,0.194961445212303,0.505177365056529,0.0440868041402314,0.0475122123487311,0.422204901673395,0.484476133032477,0.590970821121728,0.502582258809107,0.0174065476645676,0.168975575317858,0.165450472924994,0.235675179201648,0.23466163589663,0.110022330073738,0.0730814444428022,-0.0887095537473041,0.723392354920313,0.209001203484578,0.128574142002359,0.364889081017987,0.212499014254435,0.220986162540614,0.196619193991497,0.484157760394323,0.213112940384317,0.0597835118453973,0.0820712639994036,-0.0249631233173958,-0.311928095571782,-0.327872582846372,0.0852616512343809,-0.0827075469833892,0.0745081713713123,0.280847013329482,0.0616496236069951,0.112221917286008,-0.013850438885504,-0.125107870429695,0.240379084444466,0.104666516418164,-0.317067020333537,0.408858385874113,0.267371448523919,0.137981955829249,0.0496637203804847,-0.0364814533346758,0.0114218018435151,0.0300458237919985,0.575613167103484,0.0568241489229397
0.133884178699099,0.7902049516094,0.556894645605494,0.308917736236895,0.401642794656705,0.564085986227323,0.631975445916318,0,0.633213984920543,-0.140466060172248,0.154830132849911,0.136033628504144,0.239075172838063,0.19613957790947,0.0237706816521074,0.509398796830002,0.46291827038825,0.742049526230076,0.461314044833826,0.269750051749655,0.443686967159467,0.343141282348713,0.275528154112103,0.133131403199727,0.111632239660876,0.245366265567943,0.117431273274509,-0.258491969099347,0.161432292772386,-0.11109708694223,-0.259108660583372,-0.320055804153125,-0.327662099917021,0.487029185742426,0.327053318566982,0.0342815964569134,-0.214852367797064,-0.214561166031265,-0.188074963068641,0.23921417505,-0.109890723475099,-0.0238702182762037,0.149016569371206,-0.405721057576097,0.0452133865886397,-0.0719530485916286,0.0468671049562981,0.0256409349016718,0.370854907485499,-0.119760375679152,0.174415372725648,0.747696108524726,0.258780602581995,0.20189351039384,0.618471736243443,0.491913369540289,0.868674792117634,0.798008220923506,-0.200601371633807,0.099522154154961,0.145042127050727,0.261896333473729,0.188870319042664,0.128864022181946,0.253059949779126,-0.0624962536407154,0.453424163962058,0.41409143350998,0.326058432655939,0.734584258748358,0.357791851820348,0.254351990156589,0.24809954747093,0.160071303421233,0.236420069441284,0.0581605457161356,0.0843475649144335,-0.0240505184527676,-0.316218551234787,-0.332367129370354,-0.0326151745245489,-0.164963495978542,0.0174560544622108,0.290968689986696,0.043529752974297,0.110954292432378,-0.154243535794855,-0.177562223336109,0.0854302566246721,-0.179266348207324,-0.393499515309742,0.177119694704927,-0.0565685355030272,0.0366626265657013,0.062685732221668,-0.154485400704243,-0.0285659329531865,-0.0483733611571086,0.413453955612632,-0.0612067214574581
0.0623414718226123,0.580193267674214,0.570858092035632,0.0446105359695234,0.300832063428161,0.681624102522087,0.443758517601363,0.633213984920543,0,-0.039891970539081,-0.00847706212287319,-0.139727579166111,-0.0182862849262968,-0.0482300279815466,-0.210580966097332,0.439491740511568,0.209369804102563,0.459779239454077,0.288356507905987,0.343676711765426,0.34243879521334,0.15326258607464,0.070707936197406,0.0457096496298608,0.124597746093506,-0.0189763991853247,-0.0468378603793361,-0.337010135352168,0.0605407701469535,-0.243146875519432,-0.11504188957722,-0.22067572478569,-0.140210591066495,0.384004327837024,0.111103535755902,-0.033594854280988,-0.101586099623733,0.0617329537883235,-0.138244748639108,0.148449933409114,0.0368156621955903,-0.149329683351644,0.0375844272065999,-0.377694485937494,-0.137675979170306,-0.115959867120049,-0.0721147166400979,0.00549536908080134,0.305668683563738,0.0365068306770468,0.251336197237661,0.609097438691173,0.164854327086589,-0.0515070836030976,0.641051090976243,0.610589213607816,0.544242744573513,0.693283152102894,-0.116136382346549,0.0323061551502112,-0.0954129620901329,-0.0371711178151195,-0.0901957561363932,-0.0666848138195337,-0.00464048457153948,-0.264557590933788,0.391010935233516,0.205285479005942,0.205576812228558,0.409146278105216,0.0582332010754415,0.0197009631947603,-0.0186091439403015,0.104266155474002,-0.0280100668983866,-0.158778665309366,-0.128218897853321,-0.214909273492634,-0.231645543221628,-0.204770519488408,-0.211157795209422,-0.069320405915187,-0.0676903317501589,0.0191802731099593,-0.122625296024336,-0.129140603176217,-0.158664574643102,-0.230329054281881,0.045781063214224,-0.080662880088745,-0.162200481469707,0.292207542556491,-0.097184652831396,0.0114114938790645,-0.0986565754576032,-0.215463227314289,-0.139855864627511,-0.0907364853411799,0.403684347910889,0.0190468129146614
0.158094737178235,-0.213891057710558,-0.014485566122796,-0.338623408545641,-0.343956698134234,-0.0211624384805274,0.0108622229908512,-0.140466060172248,-0.039891970539081,0,0.482122255890907,0.366814746626625,0.161075123063374,-0.125790255765962,-0.225262899276125,0.00305392826974221,0.132925891198623,-0.22866426918428,-0.0253523811679998,0.0489832705619193,-0.120612722228008,0.0555885228465431,-0.248562481037558,0.385705104783559,0.45786170672122,0.121063567153105,-0.236734581018867,-0.0669906238310324,0.105410977238063,-0.267820661297418,0.217439731665915,0.0638844940205772,-0.228930805204469,-0.0242361839408312,-0.127077251864315,-0.273675722050479,0.0774881612174339,0.521411623939748,0.231047347132962,0.261850077855152,0.115225167823164,0.303935878026303,0.10349418140769,-0.0810207754946128,-0.149999484384264,-0.152919045622966,-0.269383643798974,-0.304665474252128,0.0601985541271524,0.210685929289852,0.236250862039606,-0.112307196573408,-0.244232165732333,-0.371120742446713,-0.174375414704994,0.125259816786438,-0.144609137138625,-0.197518595482391,0.706650428860059,0.422987531394438,0.329028979867679,0.0977212268840054,-0.0192001004805545,-0.0185421016516312,-0.182717959916663,-0.183161101168507,0.0732430733531241,0.0494926051343783,0.0645790369683956,-0.223785689159863,-0.262168234181535,-0.0700512120461901,-0.249388093888316,0.310754667362644,0.255527053230022,0.199520072021317,-0.0861868801286273,-0.243564759814613,0.17229433373841,-0.0692188503757579,-0.0367101287488688,-0.108606878645101,-0.0319746056234693,-0.152510526345033,-0.130406218301785,-0.309633361413019,0.0319475559174682,-0.138976731544903,-0.17891476587206,0.213682437052013,-0.0381177072185281,0.489521643170279,0.277720996271757,0.298593581371929,0.0446093488993279,0.0760741036585388,-0.192194995323986,-0.24906367306885,0.110614448716704,0.188588790867785
0.2009259140403,-0.0353645766560685,0.0505888112707712,-0.223129274607918,-0.179632740742776,0.185436977231003,0.218221436650312,0.154830132849911,-0.00847706212287319,0.482122255890907,0,0.719181446849848,0.507697477631831,0.311058470515702,0.219837506245719,0.0119786420449108,0.421699792484063,0.0733900453919478,0.294751083796687,0.0593550355437918,0.173891051139347,0.31123279386928,0.15809458054418,0.472007404180056,0.46543016644054,0.571198894734268,0.0140012955140878,0.0475531116647754,0.35803210798912,-0.00583334987070599,-0.144308307933257,-0.178360645617895,-0.453852349177903,0.129363208368867,0.208341663068575,0.0637987469510906,0.189301768564803,0.134057894368938,0.28434318492433,0.3656754722428,0.234771936174912,0.342602463054608,0.378200602828059,-0.0496008089360228,0.0450211000605073,0.109009967717978,0.0728898084286185,-0.0537597853323049,0.330780141289898,0.215162546091253,0.0929445432073589,0.0398004680830671,-0.284786616991084,-0.249625459408058,0.0630347059880183,0.206540005392082,0.0989142146609082,0.0694405214539854,0.487012486897598,0.719977118369616,0.648665030289105,0.488206672060062,0.381304104881487,0.392312101079113,0.242272539608486,0.229173638251926,0.145990727268299,0.351408933206758,0.227790655265192,0.0705930309634986,0.192331147227853,0.232385062953672,0.193298020474257,0.339159790690671,0.559085049828915,0.553256497183667,0.244659272637106,0.0800451913632228,-0.182993481871663,-0.226198833227819,0.292083299180463,0.0319202415684524,0.173197245071181,0.16671538716247,0.0761884405777971,0.017912677859325,0.209658283258514,0.031175394090725,0.0767382129421645,0.338568363066936,-0.310052999784684,0.47026655100642,0.345924160676097,0.279731951409316,0.355253018216462,0.168929049218159,0.120632719508334,-0.030868474979125,0.295711687115138,0.24101050023567
0.0663851113367608,-0.00262040042418186,-0.0616245469386691,-0.0345050448348396,-0.0727611354775481,0.104310774546939,0.171556797481358,0.136033628504144,-0.139727579166111,0.366814746626625,0.719181446849848,0,0.562964695359408,0.507437798382315,0.421842975827059,-0.0470359322671326,0.451430948366099,0.179496357209372,0.329719203122535,0.0488064828041736,0.215396820946972,0.335860530285869,0.386075171358058,0.606595813954599,0.18377252119544,0.663183670767067,0.252692750821295,0.244468604075839,0.393635796175888,0.14605130631092,-0.262526691821438,-0.0876749380983109,-0.316885519861061,0.17955836687998,0.34435423667598,0.315081435520877,0.127582680821654,-0.0367993109818173,0.307465365229677,0.457090744772232,0.254117859870464,0.334046147016928,0.424149440746344,0.0502466015513887,0.256612529025173,0.241882929222278,0.289251365270073,0.0837201031953329,0.260735565451139,0.128070258984868,-0.083577665236459,0.0134763989768561,-0.109281769749571,-0.0442426593940313,0.0336585595928748,0.15238800402988,0.115909843739562,0.117215305273459,0.402370658665989,0.769308363120778,0.76699696124729,0.57489490812095,0.566558395411885,0.572111528923235,0.462836862793508,0.451223305449451,0.192557113077316,0.439360259556086,0.143742000432685,0.123501859018432,0.326193790015519,0.33494823550551,0.400348865069109,0.463297565686933,0.721567621736375,0.580839062068393,0.419301283227911,0.346943199793689,-0.243651549179134,-0.132959147416419,0.425158634451718,0.0707967475486778,0.174821897673401,0.301886745303665,0.24330462415091,0.228709479708037,0.193701813744284,0.209124111848421,0.269592458288024,0.296047494998824,-0.311483696149437,0.24585029102862,0.447132142242004,0.242868049308572,0.295215337468567,0.173924875875357,0.316314906198578,0.114696874385213,0.23687400633935,0.0970534596574745
0.144453901805238,0.0827084689032321,0.0673574671323114,-0.017715396404526,-0.0852955888919449,0.1428175173689,0.248791686991098,0.239075172838063,-0.0182862849262968,0.161075123063374,0.507697477631831,0.562964695359408,0,0.546537652131192,0.410352071660176,-0.0124565352003643,0.628960242861846,0.234028324694561,0.561383676223797,0.246128570716848,0.422711799517455,0.649091158217202,0.353706465321552,0.325835190130697,0.0815488835639595,0.622848575219653,0.22206547642998,0.103436930787193,0.551433221276826,0.185395834154739,-0.240590009981737,-0.13406141781345,-0.310124122234134,0.345136085509435,0.550136768124961,0.151434423446389,-0.0163106535621278,-0.0670668630837963,0.182232942014255,0.310076894531981,0.18836423464092,0.20743709784518,0.452482866489363,-0.0672471395716585,0.257153372803997,0.164272247014694,0.342441622531275,0.179112776109123,0.314276840289111,0.0676648121129963,0.0271612406105448,0.143349678090805,-0.181204099155533,-0.0973628176346918,0.0371127046590087,0.258196305368324,0.19453170777802,0.141531992139822,0.0881534937997782,0.493180643788727,0.655622183637687,0.846728064977359,0.563244900617262,0.49469864434009,0.453835543117011,0.372689435868862,0.217185240214088,0.575818809234906,0.370351751968922,0.23349088074769,0.390174042673876,0.544152679236212,0.346897161104108,0.240012803535071,0.512761988197041,0.481599055258829,0.413648543814739,0.269230644347499,-0.233489909741134,-0.188619536659919,0.412272245855042,0.195827119903931,0.282276218922191,0.483647179267713,0.195577362148102,0.302746244216978,0.0586827984113359,0.120320026344833,0.247854896192896,0.215557858438796,-0.38488395462125,0.146348191292213,0.35559956569129,0.164031791561662,0.348883767778627,0.208225762258724,0.271577784838581,0.201102620802654,0.334444094675121,0.0782156380927393
-0.245393661359736,0.0560292313360023,-0.159909941206177,0.26376735587771,0.170075588824386,0.082928192176314,0.106023848683338,0.19613957790947,-0.0482300279815466,-0.125790255765962,0.311058470515702,0.507437798382315,0.546537652131192,0,0.802191072229576,-0.174315023650926,0.460953389184493,0.335393167842864,0.557630816557514,0.012467102425095,0.416229186790707,0.491467586220039,0.774439973147815,0.324820033821615,-0.139252770949111,0.47231907849765,0.605517288533664,0.25351106804556,0.343293698580122,0.526013807614048,-0.438488111710142,-0.0769845184584813,-0.0419388618042579,0.266899605252805,0.651000007108805,0.428072406351812,0.0219551337453773,-0.352537234231186,0.276238097541866,0.30128707287032,0.157029107704327,-0.00838140169937952,0.351128953272818,0.0538260230805939,0.290201448048829,0.487312307003648,0.748731763669783,0.447419103257091,0.167941264728276,-0.0991679354913899,-0.377059569305242,0.0107671161703534,0.0979160362966363,0.226543617490144,0.0668404539729443,0.074490845246679,0.179575098875022,0.19631506837983,-0.0943347376622244,0.402258170095619,0.403090463982589,0.563354931137846,0.702453057948541,0.780433888535817,0.764492316163054,0.784292834505589,0.0942390393111357,0.529960688680429,0.155992217555362,0.257253304273456,0.606410429344051,0.541256471978063,0.70492137255165,0.160121049258509,0.458238000637106,0.307232385920094,0.518200162180966,0.625212365160359,-0.405477664385026,-0.00392269578076255,0.403971454635391,0.192074412323706,0.192099808061774,0.545951419897349,0.445372039343548,0.649047491202466,0.118142147826855,0.33995402387167,0.370463676876484,0.0652951599605656,-0.214041713571479,-0.0725482665218822,0.395862792115973,-0.0207727200810105,0.185774672942291,0.102515021207672,0.592710642499867,0.434269756544359,0.146907711401997,-0.125787384379826
-0.314453798159698,-0.120200524367145,-0.35893351223065,0.253760640412934,0.124211875243429,-0.0925998566909237,-0.0537598944255712,0.0237706816521074,-0.210580966097332,-0.225262899276125,0.219837506245719,0.421842975827059,0.410352071660176,0.802191072229576,0,-0.325142037637142,0.253724726067643,0.204070827701457,0.342716184264735,-0.0220622078788028,0.405469258614431,0.344469942458667,0.727509012107851,0.277956431525544,-0.209399992866273,0.382059263058425,0.675048518617664,0.481073701774847,0.368534370169324,0.690508991150579,-0.354158640096243,-0.0296925400959064,0.0952700999252124,0.0734844441387589,0.527515293972152,0.459768234602293,0.0971591323844015,-0.452069586330955,0.207917683548959,0.18755411327215,0.0843887689832473,0.0166822964483227,0.252266045974735,0.243042243687927,0.332707968353761,0.577594024479902,0.764159658568391,0.557315265663408,0.0371377976845833,-0.14465043593994,-0.508210365412896,-0.196893854658945,0.0739650386135884,0.226974801013058,-0.0748197514224071,-0.135702151968397,0.0192383870356006,0.0586319886899143,-0.143330023364016,0.297459813273352,0.321692895656554,0.450385683921466,0.61991642838004,0.653552962448305,0.735742278707047,0.89351866027274,-0.0675384468831759,0.372735524093561,0.0655683155736613,0.141279297847659,0.699452480961369,0.536506262339568,0.720239924019183,0.0872187614373745,0.384669784837136,0.315657365910531,0.597549403203964,0.773396322846357,-0.310715930612827,0.0572753750409635,0.427903622801748,0.137942076622787,0.163861349951053,0.53221549483699,0.57661184606258,0.69361643483411,0.171232817797617,0.503383984583908,0.345227369017356,0.0301261015177126,-0.121569162171082,-0.223843997256654,0.287121444975574,-0.0538969995936709,0.194413637735761,0.121443748403912,0.652713515567235,0.552146864538042,-0.0135606744484929,-0.173399028878748
0.275178459726103,0.607861921759664,0.533959138994032,0.212016169452999,0.222274349956456,0.315379553835233,0.342239974003785,0.509398796830002,0.439491740511568,0.00305392826974221,0.0119786420449108,-0.0470359322671326,-0.0124565352003643,-0.174315023650926,-0.325142037637142,0,0.165559912074275,0.409662236793653,0.0931459480792287,-0.0372332456703837,0.0329782045324538,-0.00656285591274063,-0.092986343015176,0.0699688626765625,0.0958713643512826,0.0459527389622123,-0.219325357133527,-0.370713582880964,-0.105715933396038,-0.280305993190303,0.0274523957510687,0.0793748347041631,-0.00548240371990275,0.187326302813481,-0.128799222901856,-0.184031491086579,-0.276513646828776,0.160557780619799,-0.238240992793134,0.0238543951618711,-0.266778025916432,-0.083680702542088,-0.179144621756486,-0.410483205633585,-0.246305797016293,-0.315146867441958,-0.308437611792988,-0.359014169526177,0.0860828084249454,-0.1488586449821,0.399428729987607,0.611384375023637,0.453386785790036,0.108297318400984,0.388089616591498,0.304004581633762,0.546063323005906,0.423959673187378,-0.0501315410547819,-0.0316241166548433,0.0329401645762157,0.00181387092916985,-0.140895811217303,-0.153492156990596,-0.14797998630275,-0.325508285859956,0.304241119627888,0.100818225704131,0.158920034338,0.373154210798153,-0.117246000510139,-0.110022118563243,-0.157750473199191,0.0639555450729953,0.0538253917530315,-0.0491428296677609,-0.122133166030008,-0.251258214117978,0.0310072361587674,0.0465723207384809,-0.241646343597436,-0.318541770246324,-0.303653660934592,-0.113111565019189,-0.257781686938617,-0.271275093175065,-0.279896917665977,-0.3182226153769,-0.19166424755344,-0.223000999976172,-0.102884223839357,0.143936804588302,-0.14763609759989,-0.0562787827384726,-0.137851706163237,-0.217668606514906,-0.267719167754048,-0.362905255288452,0.12987756709598,-0.11092213085485
0.118989578825088,0.276455199770786,0.290724765442856,0.0621648795666782,0.0112732457615612,0.291687926777455,0.276379631892051,0.46291827038825,0.209369804102563,0.132925891198623,0.421699792484063,0.451430948366099,0.628960242861846,0.460953389184493,0.253724726067643,0.165559912074275,0,0.467594850908148,0.785237051025043,0.193754476285615,0.558703852278223,0.741257569398406,0.324134931206407,0.391284862803078,0.126485672397485,0.586498664475873,0.163738784002742,-0.107818587833542,0.423190376345245,0.0997121738354899,-0.300844848361471,-0.267081072149938,-0.37800964471047,0.588181054718939,0.513651313683103,-0.0222465773313681,-0.136639800039076,-0.0824114219155162,0.0556957807509554,0.272428723882519,0.0691725580534428,0.173073722797475,0.453805951899216,-0.26388391010582,0.166162648458077,0.141476585897995,0.216360084105295,0.0675404899026865,0.305925471792624,0.0546098798268153,0.0583797040067274,0.371652908185766,-0.100152500371492,-0.0683745045276048,0.179469433441794,0.373810084279777,0.422997473927664,0.298560373563252,-0.00854512200048085,0.40618411195706,0.447254872527061,0.560860737201611,0.336982170285365,0.361997097274321,0.466284280015255,0.160319679857171,0.166164745422251,0.783780550301567,0.528585517090531,0.397174830191915,0.368020841697836,0.547803098388954,0.301194174868687,0.0877202350582894,0.584499731450839,0.4058732325874,0.281883154318175,0.103480983100167,-0.319777277532487,-0.321295905400097,0.234956778785332,-0.00190498758646193,0.228861722005796,0.403249644328574,0.171974381355946,0.167747018305448,-0.0447906289359783,-0.0179480566049814,0.0418923354176919,0.0216657410366103,-0.43792917443099,0.221405716949429,0.244574092920272,0.126114984335457,0.360865427188769,0.0649492489164855,0.185773447650817,0.0761056878585993,0.311789441572046,0.0562767445689125
-0.0509761817885571,0.622175508949831,0.35240163855869,0.442653263727359,0.396156117885438,0.314026175591838,0.33335784126174,0.742049526230076,0.459779239454077,-0.22866426918428,0.0733900453919478,0.179496357209372,0.234028324694561,0.335393167842864,0.204070827701457,0.409662236793653,0.467594850908148,0,0.52597170175099,0.268171627450184,0.519406437200443,0.347138717347801,0.450594341859061,0.172411259352503,-0.125125701831315,0.220681284836203,0.239508052349657,-0.136659252709153,0.114753500154673,0.111510339979719,-0.263857721279521,-0.117581245848134,-0.0819867486861665,0.658200503728239,0.379733096936385,0.167301954215678,-0.316872625479427,-0.276332240930873,-0.167916204990842,0.0814843046405738,-0.103462459162104,-0.114716439835985,0.0751441490008546,-0.342277175961547,0.0448107372148486,0.0567997261262289,0.218436243207924,0.129441884081612,0.178003129777367,-0.144642325293132,-0.0238267161164639,0.549696804463608,0.383207719164961,0.300740199680279,0.421097298253802,0.273719438163653,0.772138744788316,0.670434962451625,-0.320964584496673,0.111500961840566,0.152417294431311,0.285607047450529,0.248283078809837,0.244465773718389,0.422511291326532,0.120165966702789,0.221958640505936,0.494690035389301,0.391829237547158,0.843371024513587,0.498485819257286,0.306643328317315,0.383094070743635,-0.0313410666596735,0.268474111873457,0.0333025489366713,0.144516704005944,0.188602409579004,-0.287123766221796,-0.112584843598541,-0.0163153557258203,-0.0568707820406723,-0.0491146364348201,0.334747854383114,0.141890736676621,0.261940706591845,-0.237701993902701,-0.0410383015749915,0.194432251374641,-0.292235948894809,-0.318045095824562,-0.0640171118862014,-0.0771919050815972,-0.107755259632474,-0.0129864775208445,-0.197002908636438,0.12021651796074,0.0494251107675375,0.185984701936983,-0.150897683194456
0.0114216253669945,0.296997752641771,0.257581245673562,0.0863376319534432,0.0417978701956728,0.306309446899322,0.228479993278727,0.461314044833826,0.288356507905987,-0.0253523811679998,0.294751083796687,0.329719203122535,0.561383676223797,0.557630816557514,0.342716184264735,0.0931459480792287,0.785237051025043,0.52597170175099,0,0.233745201136258,0.666022480673553,0.667336325723491,0.391901184459272,0.28335458713199,-0.0439305993965214,0.460984017580445,0.256075935264234,-0.0952460155786026,0.419613505770057,0.160224114710947,-0.332777628402139,-0.243454306408204,-0.247253389124568,0.603804673958667,0.546640364022951,0.070908915237329,-0.194110352018951,-0.19079424268464,0.0260938126814592,0.182650814480007,0.044968272201969,0.0606485485439246,0.385922302025684,-0.222483304818022,0.151185305216782,0.189497355837513,0.304589588398728,0.153864234284108,0.252353282504523,0.0228696575055968,0.00822441056107727,0.365165402705401,-0.0129971424874719,-0.0435251183261751,0.200140381861821,0.357290602174841,0.424717464021182,0.365585841929993,-0.12500440363934,0.357511762769309,0.353728534633429,0.510385726333895,0.326859542342289,0.415610997688572,0.575525953516638,0.232332163635181,0.138182948080047,0.768446040517172,0.458671056508993,0.432381476228416,0.470767498663562,0.512964896345244,0.351196599223467,-0.00907002016118768,0.441414853023149,0.270567213650578,0.320426663468757,0.162766960305489,-0.363728120590305,-0.254858325910561,0.157322637002023,0.0417566977799431,0.196840642245837,0.427733671429884,0.215101842958523,0.233503312806944,-0.0826747914145456,0.021463202440448,0.147709723195532,-0.0710132413473264,-0.368142572348503,0.0951905732798283,0.145709985843339,0.0557404780311834,0.262683484171998,0.0103098609183242,0.227695136241884,0.179870702727088,0.272684062828177,0.0226981832306451
0.22719669721364,0.1810780157454,0.277812068168842,-0.10583241917197,-0.03388446386512,0.348270858891539,0.353796830258766,0.269750051749655,0.343676711765426,0.0489832705619193,0.0593550355437918,0.0488064828041736,0.246128570716848,0.012467102425095,-0.0220622078788028,-0.0372332456703837,0.193754476285615,0.268171627450184,0.233745201136258,0,0.405000305157747,0.355327401001777,0.0766485346928378,0.20389496033626,-0.0396633308051111,0.175561600353881,0.141882672398027,0.0506288064774216,0.478676550503754,-0.0738367816460546,-0.100196223497399,-0.340139599473486,-0.24181055972899,0.484297939388045,0.306410999687756,0.130490484388446,-0.0740547186537695,-0.13522806615989,-0.0309900610305245,0.256452426615693,0.249432739440963,0.14609871740061,0.279049478628765,-0.073717271812438,0.219923139314533,0.00444177107700883,0.0884950397872592,0.272046142852552,0.425414117958404,0.243644570036501,0.159103310155,0.275032548645081,-0.246244381718562,-0.1512563000521,0.203179455976594,0.433929037316327,0.215139734322615,0.267106257880889,-0.037584223512923,0.109659873757506,0.112875439748048,0.163422450344335,0.0874663661458086,0.0165298023724642,0.0623984746312806,-0.100344477635782,0.368990398669178,0.164266169033272,0.356422038241546,0.334231107053468,0.285420318860686,0.208640527765313,0.075934719242194,0.200760034129875,0.104917494938648,0.167099086995028,0.0861354900021512,-0.0771100419885117,-0.193101254770903,-0.38679737108655,0.2118002081657,0.270695937913962,0.322368205535063,0.264751804104403,0.116588041465438,0.0798641114796071,-0.0830595420357475,0.0175144829266225,0.448402717076199,0.170439768445622,-0.277874355007805,0.124053425174287,0.000755655983913925,0.205816019303774,0.186402295878879,0.074667129938545,0.0240214271790034,0.17695933928082,0.503210502688585,0.217962968649911
-0.00439930905261241,0.282941686020056,0.251067517635935,0.0479231494375316,0.08155046759661,0.330033358028629,0.215509429733298,0.443686967159467,0.34243879521334,-0.120612722228008,0.173891051139347,0.215396820946972,0.422711799517455,0.416229186790707,0.405469258614431,0.0329782045324538,0.558703852278223,0.519406437200443,0.666022480673553,0.405000305157747,0,0.532261540834227,0.366374971418171,0.23732781719708,-0.0616672538918914,0.375848246201511,0.334897299682893,0.0559213599039055,0.483437335261926,0.178902888424051,-0.307186603086204,-0.291224158554167,-0.234101064488294,0.492641922779206,0.45162333825132,0.0667621132391611,-0.176547771079013,-0.28923760239011,-0.0779469591740487,0.176688128235509,-0.0145579094554818,0.024273976330883,0.285495317604837,-0.164306844290542,0.156984506000943,0.224870117738056,0.305953628641778,0.262037417663526,0.195955544291864,-0.0975146599475234,-0.100915078110154,0.323285375095087,-0.0735250311836011,-0.0518002981430798,0.243230404256347,0.340699463732588,0.400915165019128,0.426095423094424,-0.224053452075942,0.225189481439729,0.236448714677641,0.365799041967614,0.247267197839348,0.287920230903305,0.542395825734544,0.249514997930038,0.0697901895674279,0.585003259991525,0.409500173964486,0.445592038841073,0.655804109694912,0.478481187762621,0.360052538438664,0.0323826267531753,0.360718215003991,0.27415896637419,0.355873249406601,0.220793777614664,-0.379150124086371,-0.317029540967386,0.184121581187563,-0.0287888337440777,0.134749089499965,0.410603044510029,0.345742950999362,0.215139160346265,-0.121742194457932,0.108715862558681,0.10495496336456,-0.135210886068925,-0.450273630999322,0.0409267012028549,0.0473883074214184,-0.0508231305399175,0.206873104097424,-0.0336654170507158,0.23646254139892,0.235483770054708,0.181353968553065,-0.137605768619318
