0,0.151627161512937,0.364597433320109,-0.11807878772229,0.143892539764531,0.315834897019168,0.272886249097402,0.215695364536872,0.226135746975409,0.395635168981968,0.253859006704566,0.221727605027985,-0.219447973555095,-0.446442778668496,-0.490157816193492,0.636986432134183,-0.262903927786697,-0.360851673507746,-0.387415617225892,-0.485465452697191,-0.435978019564016,-0.227154568770109,-0.477935372001787,-0.159922976975634,0.0274326137018529,-0.0501478153630001,-0.380172201141351,-0.367106327706788,-0.38352187001884,-0.503491224106237,0.246505918725624,0.170239661624225,-0.0320393152591673,-0.344721299542655,-0.192606166054845,-0.0775973236623692,0.0550798476875714,0.467736105075909,0.129939483856574,0.25157195705347,-0.189516971474064,0.247042732361106,-0.0805242166955812,0.00536770773366748,-0.0953890024503428,-0.460048241275563,-0.477299825697924,-0.442512027431399,0.193846206540902,-0.180248918282842,0.575668256076606,0.3548758431826,0.058751625407129,0.00295837504942377,0.400703154623039,0.416969400234674,0.41737646358384,0.107338349546072,0.393561472529926,-0.0954155435616141,0.0021857663784578,-0.204469854928782,-0.390571384693583,-0.463479671399739,-0.433657660579542,-0.504251125401658,0.401224686128122,-0.278830462730194,-0.321770296208623,-0.399833632164041,-0.499965622492923,-0.15646686237326,-0.511186452715487,0.330304001589626,0.0674306064324905,0.241341681911795,-0.277108595648221,-0.488973074002962,0.391776288947243,0.105390198033701,-0.20439346277053,-0.153788555830897,0.162230118147765,-0.163361731499803,-0.395019608752992,-0.464114691492333,0.0735702680128932,-0.276097552606488,-0.170605405356727,0.0741589258996284,0.00020780927747123,0.301116862210036,0.0752532528205083,0.424494486101498,0.218926313408507,-0.0357298294766103,-0.530720893629459,-0.523903968589152,0.0963598981145033,-0.144279148101547
0.151627161512937,0,0.0342997997881261,0.357639305277636,0.503212666493437,0.1948995362362,0.15859148979179,0.260146750871232,0.177378041638706,0.0434769297351825,-0.137661224663047,-0.119425577252396,-0.00408026403370211,-0.00949669500452652,-0.0984213970367967,0.293204471722424,-0.202179365493139,0.00391423581321075,-0.058019690206141,-0.0697484813727788,-0.0543202084369995,-0.153698509969081,-0.12872274217264,-0.15523566783892,-0.0871079598557159,-0.263197928546856,-0.0852669303217986,-0.100801310331555,-0.038842009313589,-0.0817485304155063,0.0496068257032459,-0.0415801089767055,-0.0100039277389747,-0.0801533402671711,0.0270455782745223,0.0361687754285518,0.0553388497935507,0.137555112499587,0.283892769962855,0.00882867992445174,0.0603167246042162,-0.0690762952123875,0.0288776915980039,0.143486104446156,0.16000021558704,0.0201979473645007,0.00440364329755389,0.000747651738113884,0.25662695426337,0.180300830516415,0.051935976309165,0.590541384854332,0.323022381959814,0.34394912020113,0.236603649152033,0.0710846089515658,0.217592127545692,0.130434352686032,0.0924583066599273,-0.219925444899797,-0.154923173879281,-0.0857089816490353,-0.0853074296471508,-0.0258965643370771,-0.0014789905788758,-0.0832468382391846,0.0193446465946404,-0.217179448295305,-0.0874298336316043,-0.0817599570044327,-0.111299921717325,-0.121737636221647,-0.111721588669889,0.0320160985106787,-0.374316997125029,-0.202532585719527,-0.192459369029146,-0.134619829581504,0.0362194135033965,-0.0245896724102127,-0.330022824860116,0.0492505380758785,0.0128279633588322,-0.0828700322902247,-0.100106782138518,-0.0543398424796281,0.129046207639129,0.0299339944187035,-0.0389854286765021,-0.0542625450201895,0.136821868087169,0.0607806100053539,0.208994608270068,0.201026978115018,0.0288087608837928,0.170008049984147,-0.0210095776090715,-0.0666650353340259,0.178119571282376,0.128594076000201
0.364597433320109,0.0342997997881261,0,-0.0287189142762221,0.178438041788542,0.355632570116395,0.238828918200261,0.288022961007615,0.279059165630951,0.102266568358599,0.283715082350388,0.201250804499534,-0.128751751454241,-0.0152525326495385,-0.10621668026014,0.3336505853679,-0.0759797743583763,0.0152379833384388,-0.04536269271096,-0.172720471865339,-0.0631634833937252,0.0933657732890623,0.00568208195557819,0.0696980514098302,-0.224054519944798,-0.0182712138643692,0.124653443776089,-0.12662292462752,-0.158816993524916,-0.141991318113941,0.111311835108545,-0.101881582319019,-0.044873650794132,-0.0355552029947975,0.132936821349882,0.109174588251489,0.111691871977782,-0.107154953664582,-0.0836866513578106,0.203907751107691,0.166843957707874,0.530974397905882,0.0101685167146588,0.249451870626125,0.165143955738347,-0.0199196589548622,0.0491041094004496,0.0724196775532041,0.0455949550495168,0.0397182071020687,0.357509749018863,0.262528482275061,0.124026499263765,0.0652989681434821,0.417527317651032,0.744484181285309,0.336716643664658,0.281514509677345,0.0772922389226191,0.0202491643087537,0.176874029383583,-0.0900593059055229,-0.0551629496287807,-0.0502286725776151,-0.0423713049957932,-0.104625889117151,0.304772588166625,0.0174958228297086,0.0508911594518785,-0.0713680195111965,-0.13537698369531,0.129045039014083,-0.0719524311269781,0.158245007404697,0.217842619100097,0.409545082807002,0.0622928912453958,-0.129667141701385,0.105458791800644,0.0572937062869525,0.11906949697002,0.0140791899841943,0.242773274446723,0.0701505339033229,0.022143866812385,-0.0320588372413323,0.024689428460425,-0.112840848089263,0.064438283184753,0.200396545416973,-0.0649931984746225,-0.166161145132522,-0.00422117041925555,0.286243413444123,0.234368189091403,0.156316420781179,-0.0294436927833232,-0.0508328553167159,0.0152769830020513,0.0297491174285962
-0.11807878772229,0.357639305277636,-0.0287189142762221,0,0.412163048124796,-0.226662081308468,-0.245394354628155,-0.149111341173801,-0.262631725407453,-0.323417203865682,-0.34833446762894,-0.166328246634525,0.0380366982229109,0.467338750592347,0.457858019103131,0.00740345018295978,-0.0542570605832156,0.278900142828377,0.318637665444633,0.235328718657309,0.509177743419473,-0.0968616724098312,0.403663343185837,-0.221298008922214,-0.0274814347511935,-0.111806020656451,-0.0815271448432551,-0.146908470348557,0.151281562612235,0.379158917876761,0.0594724873340267,0.4156230190935,0.618911033054091,0.126090320682696,-0.180656967802933,-0.281713214889951,-0.263165966961062,0.00390761103440294,0.178322158339384,-0.175199130401309,-0.0346955381426837,-0.21774950227098,-0.284789565022745,-0.0880285423760222,-0.11530217247688,0.207586750098704,0.297951557463703,0.248734597306597,-0.212123735333792,-0.101194792079066,0.105144764169744,0.186912565723158,0.627427187107677,0.836120793921612,-0.127897332043044,-0.169312507760742,-0.196498898015713,-0.249409245540058,-0.309619751205835,-0.236652305262173,-0.0497220336150223,-0.114468383555568,0.250939860135623,0.417543253954002,0.453294066964425,0.471836187702208,-0.324195316720083,-0.0896227217124829,0.305254075322849,0.0775227284643565,0.459721347025769,-0.215279760120198,0.389801650291984,-0.375548609342624,-0.348394918273605,-0.228180307224419,0.0925327802441311,0.339358200562664,-0.0281244553538034,0.566799742334143,-0.141541051907585,-0.213025891513168,-0.339694133116246,-0.262631936989609,-0.112955745992247,0.280253797863585,-0.0794686449429236,-0.153849589288882,-0.336775449957433,-0.428508555490765,0.516040641735536,-0.244073464132833,-0.0367970731309788,-0.148514885161835,-0.284094196213307,-0.163552631721177,0.268956889788893,0.272872886640632,-0.232453202002732,-0.182734094662563
0.143892539764531,0.503212666493437,0.178438041788542,0.412163048124796,0,0.343337923691362,0.0176200773660554,0.135301539900225,0.28808261265415,0.0862715403047053,-0.0114993548432806,-0.103532972740211,-0.0393179433682345,-0.102681580641902,-0.116549603101799,0.227672904043777,-0.350905927701818,-0.101728593756082,-0.224663227429121,-0.124979900023792,-0.0671385025349457,-0.223576588611685,-0.119701984634602,-0.166502522567113,-0.199456082095504,-0.295444432387418,-0.115583914588663,-0.195608949793955,-0.036971015221986,-0.135245224913992,0.151905858840611,0.0178141067372318,0.125159346750692,-0.117455718164625,-0.0619997497515413,0.142318337875548,0.166879430552587,0.145297623321564,0.438587890901343,0.0720456062915576,0.22428023150396,0.153953160925753,-0.0286695124570637,0.230477227598264,0.0495080079102318,0.00820828255423901,0.01452390924913,-0.0541933620231308,0.176158523849471,0.248173059311458,0.0285169669584291,0.329023415443665,0.213014763785449,0.586929723809049,0.507416425834495,0.12128697405697,0.12023019425339,0.172433917345586,0.162299182578246,-0.30479824944658,-0.10789875345886,-0.132191620691709,-0.0750833393987491,0.0570957480213487,-0.0622588946330594,-0.0804366713214657,0.107237685850712,-0.320978486830017,-0.0818522265640075,-0.190882360278894,-0.124166188779813,-0.117186300433068,-0.153806095573525,0.0812142756687761,-0.299029713354086,-0.170160665568457,-0.0694134507274107,-0.194684866900518,0.0643924368991829,0.137207404044061,-0.278432887543654,0.062881107361148,-0.0657103887547921,-0.1775017820696,-0.224019272297564,-0.0152984247778837,0.187836244010112,-0.157852678538405,-0.0395140884829132,0.0683743236216753,0.238462965583164,-0.00490505035198014,0.389083188376822,0.302472650337601,-0.0660453941134834,0.184174259572339,-0.0190593441610007,-0.117626249164717,0.0474290838913005,0.196760382363266
0.315834897019168,0.1948995362362,0.355632570116395,-0.226662081308468,0.343337923691362,0,0.634956991829667,0.575871885383649,0.690939696569686,0.344236816381892,0.268420236807661,0.244158211512905,-0.0270186862124333,-0.4099361840945,-0.495445324633704,0.357053439108971,-0.147680429651601,-0.116457208054992,-0.360652272071746,-0.233142527241655,-0.431575800075381,0.085232862341491,-0.365463372079589,0.0986360536303462,0.0363320058841808,0.0892277989563281,-0.0189304583745793,-0.0481683330103655,-0.139121447498224,-0.396158193677952,0.0421590222229785,-0.145360172095061,-0.392275624095409,-0.105877167965394,0.0244665107111037,0.404502778010716,0.275940647566289,0.111119125787081,0.00151349001125618,0.449914603622619,0.179999326028363,0.443557686306281,0.252918569328146,0.180577656518117,0.19808743150388,-0.300538266067991,-0.293110132041838,-0.259617642299775,0.525368208009696,0.275539790523851,0.0636768243788755,0.235241772721302,-0.127156228992323,-0.208570679908582,0.670569569759281,0.653253364016338,0.600135223730548,0.609925896748708,0.332551130583226,0.0952139358426626,0.157430442934313,0.0173989854759745,-0.243210873778118,-0.308088834175582,-0.412835271156617,-0.494839319639823,0.553243753513805,-0.118453876868921,-0.20112519957959,-0.121332589954379,-0.416856781054394,0.181920879387737,-0.424715561314347,0.485941828676513,0.119675120568813,0.261745100521512,-0.0636646727066037,-0.384906666325848,0.0478260006349064,-0.176469580774325,-0.0893758583548407,-0.00559408539669086,0.171674680891106,0.0751120148986883,-0.120292424737755,-0.374303487807433,0.202477126028892,0.0191542281636423,0.237860532292656,0.330628188036983,-0.328918832002507,0.261047340950651,0.191082550830245,0.392637704574279,0.353485693054578,0.226148289381021,-0.353160910002194,-0.399646831696717,0.425352036357512,0.260398120946456
0.272886249097402,0.15859148979179,0.238828918200261,-0.245394354628155,0.0176200773660554,0.634956991829667,0,0.796054050375791,0.666934469462419,0.287173357960899,0.268850138403893,0.229415012768692,-0.043318671291935,-0.362297516978488,-0.492996415519171,0.350003741900689,0.0537115925091659,-0.0368194305880249,-0.243589521108525,-0.150940940285036,-0.342746889403834,0.231088474886975,-0.350335666519902,0.0372469191166953,0.0849635107046168,0.120889382569623,0.0101743570325844,-0.0117055185508812,0.0227806628686727,-0.344115631130078,0.149184046192205,-0.168434317789155,-0.462829313492241,0.0359179488544634,0.100674245497746,0.261399485416819,0.154709445909974,0.192501346591595,-0.0777118491385683,0.531327979407878,0.147545212513362,0.251909451365631,0.279886213065035,0.118627523767847,0.207346272248966,-0.265011130582958,-0.286946685005472,-0.223340163961049,0.55007667231135,0.217305445100315,0.0935687304533698,0.323749917942009,-0.0117982320258599,-0.350428534812648,0.490009860484167,0.533639616324734,0.7542449244656,0.618391236155463,0.258501012394356,0.0743165468026443,0.111783853149441,0.0135300852664287,-0.268711534055745,-0.427691982917722,-0.380410899964831,-0.509889901569186,0.644315987571877,0.00833573293070447,-0.0919635661372144,-0.0211120654229516,-0.351230587310921,0.214115388487219,-0.355428520635545,0.459924426446851,0.0827529998858176,0.240287049539701,0.062009158275578,-0.330129307075637,0.135028166950799,-0.267326730846723,-0.0714130854236306,0.0460895205171202,0.246161462450684,0.177348425703727,-0.0276426905777414,-0.348158530087791,0.153049960697403,0.0991192757838938,0.257628583548674,0.305491842915116,-0.420845592287461,0.260751652699265,0.0422008420170166,0.29059266633109,0.401998181684785,0.164070969998526,-0.324170775984726,-0.306626600864859,0.538364573454596,0.20004670582629
0.215695364536872,0.260146750871232,0.288022961007615,-0.149111341173801,0.135301539900225,0.575871885383649,0.796054050375791,0,0.741239567364031,0.238797035483452,0.22905079989037,0.114433056017811,-0.0271132191307809,-0.26771353812786,-0.443072704115266,0.286953713769789,0.0944406881812075,0.0724743311998072,-0.170518943830633,-0.101336189915073,-0.277274317303731,0.239135732679743,-0.257338498056241,0.0429829122375036,-0.0986962851545134,-0.0247463605062346,0.0759950548999401,0.0331162537099634,0.0422723698679036,-0.246330348486081,0.179247112784516,-0.315830109699361,-0.457734717445015,0.163077780944045,0.167101542889848,0.25889905027703,0.162534597093084,0.0235534115863521,-0.0500774599833234,0.443541909561967,0.230852582865316,0.26278714510149,0.256815649655329,0.204951537751434,0.264063251886795,-0.106010103569255,-0.158813901646589,-0.0865890043374171,0.515910924872521,0.286693645351762,0.0377629701551421,0.384235096751976,0.0240303072876299,-0.245239801396085,0.527783025803317,0.532555706536494,0.821039352116328,0.738056961466082,0.217355640149141,-0.01661907621763,0.0398446315528584,0.009182067480982,-0.219569146972575,-0.352185668157306,-0.302936432841216,-0.451998938667768,0.575426083593165,0.035099854929486,-0.0654799636977254,0.0448748839516185,-0.312064207710972,0.232331216224372,-0.247498081682979,0.351057901624442,-0.0183150819200376,0.137342185159107,0.074829387101002,-0.277167901098698,0.169607521256966,-0.377459020410829,-0.15577959435394,0.132589659450496,0.304907794233158,0.246665287104253,0.0343464012082056,-0.243311283318351,0.163227759425109,0.133529866468239,0.288535010119823,0.264733196888325,-0.346873102020793,0.101346748650651,-0.000821964716892762,0.283552903912394,0.365872070197978,0.25413293368188,-0.182526101844689,-0.168784436379822,0.517790149710801,0.219041311450951
0.226135746975409,0.177378041638706,0.279059165630951,-0.262631725407453,0.28808261265415,0.690939696569686,0.666934469462419,0.741239567364031,0,0.4582326046209,0.461384263108605,0.23432482538252,-0.0164421043107367,-0.380092078419231,-0.481148895936217,0.246497731609624,-0.0219571855593345,-0.0868323755432832,-0.298498419653076,-0.187036610157782,-0.366347996216172,0.184023044707871,-0.33044733202376,0.221468536052629,-0.206015614362021,-0.057763072219631,0.00928751651802921,0.0143336370598834,0.0297774372513029,-0.316479550837857,0.200408388396533,-0.395100533845951,-0.459434904662647,-0.000960720183194736,0.143121977404505,0.476752209529699,0.406552711965703,-0.0195092902840739,0.0474270170946742,0.597408419151664,0.273132180021735,0.375634073246261,0.281585515240034,0.289912709148571,0.254749322898177,-0.137140984248267,-0.211299127873885,-0.188979783016433,0.480079347812017,0.360919439001646,-0.0784910288520866,0.228968384428878,-0.188970786696332,-0.248750324550317,0.719244460054687,0.562171813393728,0.64319585516888,0.824710343502616,0.429685984589093,-0.0798010159091953,0.112216203332792,0.00338200100274986,-0.218841371389215,-0.309930179951164,-0.382770259710531,-0.47443759395899,0.719188832890576,0.00656203420628639,-0.147709095419454,-0.0182968127211149,-0.389444390047958,0.330589389218376,-0.354027381982441,0.61113527066031,0.156983004588855,0.170031381553762,0.0819625491554534,-0.361000428269187,0.153286044223519,-0.404118904762852,-0.0605437864319006,0.172038263676295,0.295928812819323,0.26026559590775,-0.0757017055611409,-0.259077735496566,0.348768252335054,0.112534868368143,0.393215651743007,0.461720296231769,-0.400490825072736,-0.00338749080928812,0.13724776245718,0.358330435613718,0.435722947285256,0.346955509440609,-0.221628980443257,-0.26696624985301,0.425380207999861,0.314791508675498
0.395635168981968,0.0434769297351825,0.102266568358599,-0.323417203865682,0.0862715403047053,0.344236816381892,0.287173357960899,0.238797035483452,0.4582326046209,0,0.554330940847053,0.391964280548186,-0.0175206964624894,-0.478544269154919,-0.42387986225211,0.309467954552362,-0.142742930948321,-0.407648421681128,-0.416823661709224,-0.482938869311635,-0.454526302110406,0.0392757160004684,-0.411334743873491,0.102971603070395,0.176575014145971,0.0390737296230057,-0.17234353393185,-0.0688683524186212,-0.216724900156591,-0.385910556855949,0.118088973558439,-0.127732154739708,-0.204355580083111,-0.258235246416982,0.0606497123541949,0.112551227632979,0.34441219539665,0.306685496729941,0.297217735958498,0.544602910431876,-0.0926440877340024,0.370426948696154,0.178410526770407,0.150175525873272,0.146751475773384,-0.422445555789754,-0.434476870719128,-0.407709968189003,0.158127949042133,-0.002380523528384,0.127322164268204,0.0708632923389865,-0.184739580415716,-0.161849414648412,0.491611085505143,0.33685997752832,0.312185228807162,0.260037654138118,0.8463675411344,-0.0739519356200677,0.233184792729598,0.00715073042696833,-0.346308746935897,-0.378986425470101,-0.46289393289562,-0.453942479221345,0.502449555359946,-0.165108671377708,-0.282847700935476,-0.37692595707383,-0.530060972546458,0.0829318271085736,-0.488794753002629,0.607100315029758,0.244639675462221,0.354349607276304,-0.0971994650843563,-0.36374967266437,0.218726136104414,-0.215677154708854,-0.109096629163858,-0.0611482147370177,0.402524070576896,0.118809562191073,-0.172237566561585,-0.348914910870807,0.340345154387654,-0.0192109631212513,-0.00240593135934005,0.272493782279844,-0.175351557113602,0.127756955538779,0.293515099468797,0.492316284094881,0.423777334277322,0.199344776693093,-0.461894926738823,-0.461790409189786,0.0515205543453047,0.00883037762919513
0.253859006704566,-0.137661224663047,0.283715082350388,-0.34833446762894,-0.0114993548432806,0.268420236807661,0.268850138403893,0.22905079989037,0.461384263108605,0.554330940847053,0,0.580629662337965,0.0886795668375497,-0.22379529145937,-0.220561133311757,0.0816076027658808,0.0333468018482091,-0.147720039488672,-0.162188438251477,-0.24160974193534,-0.225942769344882,0.242064355923055,-0.176705134691719,0.407284130521077,-0.104358197495937,0.265963232431774,0.0162883049710579,0.106927576631845,0.0495225938861086,-0.207101814479052,0.121469504059734,-0.215552999793804,-0.257646421416985,-0.0641802643003325,0.221260930293824,0.292809604669843,0.481879187783503,-0.0252664619421824,0.0404359928352002,0.504477729257186,0.191739133748778,0.428577680855891,0.342947331461522,0.398173392372551,0.247786268099356,-0.0938402774648515,-0.132225296733434,-0.149918429053999,0.149484368797479,0.168085901629659,0.0868317300863968,-0.035431242723012,-0.28728378131274,-0.232118925909916,0.409191322446405,0.407746813058298,0.205296805389839,0.403745501136545,0.48803120020841,0.249295508927422,0.421222110200893,0.13565450523933,-0.126362346815066,-0.184141573196203,-0.204882127014189,-0.246627214585429,0.544082366756092,0.107137489029873,-0.0714382037531127,-0.0952914776776545,-0.286539699600375,0.316514791246837,-0.235619419435363,0.523003464551911,0.457720100171,0.511779617124634,0.198762356573982,-0.186873027481662,0.119918390588396,-0.196792459432399,0.126467945695555,0.105288203544083,0.382248146474346,0.27000852863225,-0.0231773295207807,-0.107148943088444,0.417042792706531,0.0814524533545866,0.277153274875395,0.456477476348751,-0.265846422817206,-0.163387088168223,0.0559846265181059,0.297919295915972,0.507982875800309,0.352804542967309,-0.141820601965707,-0.183332451451593,0.169644453607863,0.192668189927705
0.221727605027985,-0.119425577252396,0.201250804499534,-0.166328246634525,-0.103532972740211,0.244158211512905,0.229415012768692,0.114433056017811,0.23432482538252,0.391964280548186,0.580629662337965,0,0.178855226244338,-0.0734014331656313,-0.06673136418982,0.1100002669416,0.143219122634485,-0.0710887223315809,-0.0374329111412822,-0.186074537334738,-0.0419285315889535,0.293564917057449,0.0137269598273399,0.445050996571958,0.197986197705136,0.616122996690045,-0.00651099757643494,0.0971184826415942,0.0169172172079058,-0.0416814083564247,-0.0798919947327046,0.0886301636635958,-0.11582523777003,-0.0670092382346911,0.0288836373590762,0.126742574800118,0.231063867368088,0.0214360650743351,-0.151785515834863,0.432878110830251,-0.050964785866866,0.277040890039233,0.230263859229597,0.104214899685987,0.0779747854885355,-0.230676716457721,-0.2081884930795,-0.119455808834174,0.0317710736626324,-0.0697224396602021,0.196055147707521,-0.014765185835213,-0.0659863986324982,-0.164817187311219,0.169883279588033,0.327281883712833,0.112229549487992,0.233555244516519,0.253049345178567,0.456007926422388,0.718305330034924,0.226160017586103,-0.0501778865299297,-0.101273021973089,-0.119105723660247,-0.105000214107447,0.339375681238359,0.175377511136611,-0.0210741203392497,-0.0853884062607089,-0.117630388875523,0.313344066191188,-0.0956863477744687,0.34314705190145,0.61047389053122,0.667746223989768,0.189820625506746,0.0295294890571166,-0.0219834403794732,0.061733348393458,0.152687397885618,-0.205198244289274,0.138968978340537,0.131984407890747,-0.0235681661933108,-0.219414219979921,0.240329184691837,0.0626509843055012,0.0746303670507006,0.215805932941942,-0.248786895005199,-0.0548259110400765,-0.116698411777724,0.147766100052773,0.436234109978525,0.051222497912537,-0.160710520540097,-0.158963973422049,0.0757375151400171,-0.0228281686540759
-0.219447973555095,-0.00408026403370211,-0.128751751454241,0.0380366982229109,-0.0393179433682345,-0.0270186862124333,-0.043318671291935,-0.0271132191307809,-0.0164421043107367,-0.0175206964624894,0.0886795668375497,0.178855226244338,0,0.446192349778901,0.411330459515303,-0.317446506318381,0.577015287612689,0.522939786565803,0.49006061680665,0.525477587855735,0.33739505152332,0.481286628448455,0.340366152731972,0.32930471761795,0.00290721331430207,0.16417382689905,0.368532334360222,0.47293008053778,0.452033575982542,0.420190189302249,-0.0473259052805941,0.0135929997747125,-0.0109729064721836,0.428076418859466,0.340974131672278,0.113586694478274,0.148932521026452,-0.102426488984111,-0.179469319129173,-0.00923132256817212,0.0478153045563607,-0.217868190049173,0.0400364051731578,0.0731825040912807,0.183380157232009,0.377236861593417,0.339640088532892,0.347179991870136,0.161458348120568,0.166329311239112,-0.224348572585083,-0.0337274415889004,-0.0657465938573199,-0.0180743136342622,-0.0985310128777546,-0.108402529743879,-0.153219386777607,0.0561203970993847,-0.0877788573214674,0.210943293950016,0.343588414010467,0.820448213127549,0.615486695892844,0.371763687061561,0.381757225135314,0.376389255374831,-0.0977950138920838,0.488257958229536,0.284920310893484,0.521995958349921,0.358346673105788,0.506068970999422,0.350394684591215,-0.0806386398383521,0.153563279781667,-0.0182076215169026,0.361881086569241,0.467052742460163,-0.0845120227230202,-0.0490376925751681,-0.000801764211203398,-0.0272704341819671,-0.0696195824163549,0.321612157640693,0.409647200223384,0.368018716551655,0.199239153818674,0.370374263665862,0.263771386435108,-0.127455882762414,-0.224998100830742,-0.26268034847902,-0.311213795685963,-0.320531730224857,-0.0119627695185319,0.052780720686618,0.374889224046527,0.418250935903937,0.194230232604013,0.135250342416131
-0.446442778668496,-0.00949669500452652,-0.0152525326495385,0.467338750592347,-0.102681580641902,-0.4099361840945,-0.362297516978488,-0.26771353812786,-0.380092078419231,-0.478544269154919,-0.22379529145937,-0.0734014331656313,0.446192349778901,0,0.873534815362989,-0.457404962670651,0.464426263112125,0.64020494652652,0.82395239901179,0.638509081901929,0.826393402093871,0.284752049672388,0.810258597644318,0.0922824318694675,-0.155639530645408,0.00965541098174969,0.359255542745336,0.278974605290839,0.464117328349708,0.75448430573699,-0.0849407530835654,0.102841769162383,0.349459253145263,0.456725605099395,0.193013522549532,-0.226539209926766,-0.207364675969208,-0.406585234764475,-0.262823137010883,-0.320834017018063,0.0479881769066647,-0.300228116421426,-0.20976647772778,-0.0450654369414368,0.00530858122749957,0.637320805118302,0.723161908818173,0.67139771081214,-0.239171351611055,-0.0872536810978761,-0.144257470551694,-0.10817906360855,0.280832423543542,0.334161344265283,-0.419900372305086,-0.224959370447343,-0.395021563783314,-0.280081947430957,-0.492882544011202,0.0125035499729265,0.134340303562269,0.328342282952586,0.741750044281023,0.765157811951774,0.844116531503337,0.859039762512141,-0.41478402628252,0.466339147253223,0.555811193014973,0.518673526284253,0.822942863233953,0.20570900332432,0.850424258699744,-0.461364813023325,-0.0592240898785854,-0.11643013840231,0.449858429507149,0.777022158701563,-0.198421261070224,0.261843102444749,0.125469764650349,-0.106945699375315,-0.289259825892981,0.110217268172926,0.386755302813258,0.717591190821119,-0.0710792319344237,0.15359208326774,-0.0777375694537254,-0.388369526970826,0.161445872282172,-0.513139362016178,-0.401281130921661,-0.517756284870215,-0.263107270042995,-0.13811274458795,0.693162497873774,0.769478011642561,-0.147291063888545,-0.140144083829131
-0.490157816193492,-0.0984213970367967,-0.10621668026014,0.457858019103131,-0.116549603101799,-0.495445324633704,-0.492996415519171,-0.443072704115266,-0.481148895936217,-0.42387986225211,-0.220561133311757,-0.06673136418982,0.411330459515303,0.873534815362989,0,-0.509367464895683,0.362848606267478,0.563550289789057,0.760193963964956,0.593759352568617,0.830478760952973,0.209339269696936,0.795918042231182,0.0845322506371786,-0.0906584511490157,0.0690455118900035,0.314041462892817,0.293758162819162,0.407503883298573,0.763240202755469,-0.18871143700016,0.124139190315716,0.411362527294645,0.348871786804532,0.12261966913543,-0.236736983296651,-0.193822447470402,-0.405889581133883,-0.240720665020321,-0.341119966532773,-0.035318468215338,-0.308076082877225,-0.249380975191413,-0.0839742800383654,-0.0353323080086683,0.573020680871372,0.653296842763843,0.603987540040925,-0.338818830963507,-0.133684421558488,-0.166108517876405,-0.230639367401905,0.218566092262126,0.35825474112255,-0.504518837523043,-0.323908947621832,-0.549721934636751,-0.390340411186794,-0.448482847688768,0.0310030585119838,0.175645851685417,0.306963321609096,0.716312945909344,0.786120290265689,0.852102467703126,0.923073757860082,-0.505527910844148,0.401598328444017,0.500163036296484,0.443885345583763,0.821867596660507,0.140674389074742,0.83726208863747,-0.458976757632677,-0.00921469700086528,-0.0971004089036168,0.369670026119112,0.800894255113548,-0.275170092408466,0.286184381365722,0.119561570830616,-0.171612058820169,-0.315714089666679,0.0627969093932605,0.331842034473828,0.708885179149483,-0.0848901806094761,0.131996702557172,-0.123484278926586,-0.430050467658983,0.217591131106036,-0.499910736412628,-0.351436611841438,-0.520795472304515,-0.302992995267909,-0.157428042255355,0.652509588682267,0.720554266082004,-0.255129471574012,-0.17579955505315
0.636986432134183,0.293204471722424,0.3336505853679,0.00740345018295978,0.227672904043777,0.357053439108971,0.350003741900689,0.286953713769789,0.246497731609624,0.309467954552362,0.0816076027658808,0.1100002669416,-0.317446506318381,-0.457404962670651,-0.509367464895683,0,-0.240373127683815,-0.373580672671953,-0.390953381736501,-0.515170003939882,-0.473065507495536,-0.180413428406872,-0.489274123116269,-0.189023697967885,0.127223576337379,-0.0601846212530348,-0.335176085906059,-0.371016524729314,-0.453495361149002,-0.458224263440319,0.123093574641418,0.167393375146656,0.0233404031313132,-0.425275780735725,-0.185752334115211,-0.0943498300865623,-0.110329968221889,0.456424021689908,0.17603165827218,0.298175219383568,-0.281298744653487,0.182402783634232,-0.0107539053113406,-0.108397862917383,0.0103208397679946,-0.520483242428168,-0.540374544087723,-0.474168090853632,0.129467008489267,-0.229319265836059,0.483066399966548,0.448915309223896,0.314043340370548,0.0703984568722046,0.453551327399855,0.383472523235129,0.490898407150843,0.161688912798071,0.364349348634353,-0.128142768215925,0.0234579155799152,-0.281857830608465,-0.432553241892538,-0.494716143420357,-0.471351253068001,-0.530065415751549,0.338079886182414,-0.306973246368766,-0.3246322391721,-0.458422564849136,-0.535416457567771,-0.201080083263299,-0.50741754789233,0.313293620409255,0.019050971508678,0.147568956083883,-0.327448472711214,-0.470877209854494,0.380975559973306,0.123258666142732,-0.15318649121062,-0.255046153470408,0.122871266226485,-0.164495020445521,-0.363693560690028,-0.499237478045513,-0.0618258783667271,-0.242873353191509,-0.26107784211725,-0.000707295874504176,0.0638276735439442,0.342014219061076,0.14802413726434,0.390983667369853,0.187433065735139,-0.0724524567860487,-0.571610263660039,-0.570741984946711,0.000149500186466431,-0.214513770142143
-0.262903927786697,-0.202179365493139,-0.0759797743583763,-0.0542570605832156,-0.350905927701818,-0.147680429651601,0.0537115925091659,0.0944406881812075,-0.0219571855593345,-0.142742930948321,0.0333468018482091,0.143219122634485,0.577015287612689,0.464426263112125,0.362848606267478,-0.240373127683815,0,0.58996949858866,0.598525877124912,0.591827503330686,0.407470629992762,0.650069847024578,0.391198425998411,0.362717118411887,-0.0158452597356399,0.186626167665358,0.4375640830541,0.446306908385545,0.474376467378749,0.409342163724987,0.0279620407702583,-0.040896213962161,-0.0726488786528166,0.550751951985022,0.309386869968376,-0.0313678011957529,-0.0402600106971114,-0.230823733762258,-0.412642993671037,-0.0559222708914243,-0.0676647841850611,-0.325089958457443,-0.0952921851912005,-0.120594311213006,0.11586487368924,0.32926224073554,0.258699331199334,0.366819328105471,0.0162683678255268,-0.0832911620437135,-0.178065267629374,-0.0664742165477575,0.0605794228670404,-0.202722484211938,-0.207439867518429,-0.0955029109519954,-0.0481342121693618,0.0944586261861957,-0.238292062279575,0.150557647948271,0.249647183857442,0.515713493458494,0.518560772949733,0.283597532062324,0.368203548115,0.308412984446051,-0.0512147814007268,0.785713294747252,0.423421360339875,0.622034205937022,0.437311746298681,0.573007886721422,0.446580660644705,-0.12431025290483,0.314780158537171,0.0229562165067425,0.547161618096773,0.461233791154119,0.0132471172995101,-0.122076896382628,0.236986363146906,-0.0297646750175217,-0.0552850293799989,0.421935006569214,0.570852269248541,0.38447059875232,0.0210291698635296,0.316162395289112,0.271880369164844,-0.139819750749946,-0.293363895466729,-0.283225791322838,-0.525386328689922,-0.451724462051899,0.00426121749024311,-0.143745254938763,0.349397168008024,0.486711731554934,0.0920949116637379,-0.0876899060592098
-0.360851673507746,0.00391423581321075,0.0152379833384388,0.278900142828377,-0.101728593756082,-0.116457208054992,-0.0368194305880249,0.0724743311998072,-0.0868323755432832,-0.407648421681128,-0.147720039488672,-0.0710887223315809,0.522939786565803,0.64020494652652,0.563550289789057,-0.373580672671953,0.58996949858866,0,0.681143196903286,0.784796287701023,0.569113612298087,0.422130912939397,0.529529219603162,0.201976356314474,-0.179318569831911,0.0469929291930563,0.412553130666421,0.417152004324798,0.507588294679406,0.511055859191343,-0.0970028995888131,-0.0824582314706392,0.104838456048079,0.649469432748825,0.297353326047582,0.182791766658292,0.0645606076815769,-0.438252744436053,-0.3722855237463,-0.235212484123996,0.203069208578557,-0.228019591671079,-0.133931340467321,0.0638875307040594,0.175685245472243,0.51958614481395,0.526946134564508,0.551858597062936,0.125391606337999,0.188384483314036,-0.220497386621847,-0.0420014078893871,0.156986666171549,0.111995000533199,-0.243585422835586,-0.0592212263562194,-0.0653392265363489,0.0652341447185129,-0.431314830313135,0.10010938725733,0.114802738133288,0.461518452755412,0.639294356135892,0.540801157751279,0.635736333864588,0.54916922673146,-0.186132282107886,0.590172008762914,0.549112337402586,0.809994818776196,0.651232001318887,0.355439252738668,0.589614103443795,-0.296742900537074,0.0174916391880431,-0.131638327566845,0.499051146513264,0.530059295859137,-0.171392515255631,0.011459839779585,0.102902514773852,0.0585107982021855,-0.14714199237399,0.295869665480675,0.452720252782759,0.55035499840565,0.114131911619333,0.286401910841766,0.371943810834017,-0.236500746938894,-0.0901375127156417,-0.426167035913542,-0.441231646955837,-0.487093870960738,-0.138304623701705,0.0246224119141313,0.531621537080412,0.623637447537406,0.200559768175864,0.127930857863472
-0.387415617225892,-0.058019690206141,-0.04536269271096,0.318637665444633,-0.224663227429121,-0.360652272071746,-0.243589521108525,-0.170518943830633,-0.298498419653076,-0.416823661709224,-0.162188438251477,-0.0374329111412822,0.49006061680665,0.82395239901179,0.760193963964956,-0.390953381736501,0.598525877124912,0.681143196903286,0,0.675081449492979,0.729655671546811,0.416532200091836,0.648323533815171,0.185841357400848,-0.149448559770286,0.0439042923359744,0.337713072834685,0.331715139429768,0.501580926202045,0.633016194481815,-0.0229193304593898,0.0305715710905608,0.268963795203184,0.463592171629068,0.208712063447061,-0.132538989738813,-0.148359349915725,-0.377308678769437,-0.341977505219535,-0.274793035078965,-0.0122294276123222,-0.342321242054068,-0.165172591834272,-0.0450350497023775,0.0429350877059817,0.561994431752827,0.572523496066239,0.544886045242386,-0.131706996930103,-0.0577076038983839,-0.108922008245694,-0.0656105804299985,0.185359095434832,0.145833539714283,-0.377623494192403,-0.205917315497913,-0.321631348858926,-0.173790465924076,-0.424769587418592,0.0615388630827554,0.164802543776081,0.3924440470528,0.735437863784499,0.653959849665616,0.791746819235463,0.732248549300547,-0.323830018542863,0.604511068322862,0.542566805739516,0.617055253005479,0.754222665091872,0.308625764922066,0.741882044456275,-0.344476476537996,0.0230395473770416,-0.0797124371408339,0.484343109798128,0.678301211509619,-0.104013896309996,0.137926694038012,0.156041895794513,-0.101116402171183,-0.238790770068065,0.215346036959361,0.401222749982405,0.662260350807871,-0.0179667789139544,0.205181022461502,0.051124524225047,-0.341418081961724,0.0297752790826079,-0.475352501467012,-0.480622618650747,-0.509157078352669,-0.16346364916854,-0.129315690674676,0.57689561093308,0.66175370284981,-0.0161308199938484,-0.102043177569597
-0.485465452697191,-0.0697484813727788,-0.172720471865339,0.235328718657309,-0.124979900023792,-0.233142527241655,-0.150940940285036,-0.101336189915073,-0.187036610157782,-0.482938869311635,-0.24160974193534,-0.186074537334738,0.525477587855735,0.638509081901929,0.593759352568617,-0.515170003939882,0.591827503330686,0.784796287701023,0.675081449492979,0,0.632249910463606,0.316292749358322,0.535632439773271,0.164808262255361,-0.188200475791102,-0.0425127018266538,0.391453412353142,0.373018373669028,0.590364127556891,0.511950665813386,-0.0416397673557388,-0.0352268731738237,0.0743415559972648,0.594320723915338,0.144524427307459,0.150110600067514,-0.0290847628521414,-0.362633861285224,-0.27846293531932,-0.335497830350952,0.184620318185344,-0.380650157430778,-0.233573841164907,-0.0390236560464277,0.0253947588685062,0.551502454237208,0.544335951744029,0.531005537278881,0.0359856430065555,0.208473618006648,-0.354100822137112,-0.145873635997825,0.0510434777906623,0.0881992497144394,-0.343632242024732,-0.272994639380441,-0.26640272768237,-0.0460180514742357,-0.510726568706027,0.0318591492749672,-0.00348673864272816,0.416234093158077,0.652757971062386,0.55764863388655,0.640641560702185,0.598491073092755,-0.241574611849346,0.574832507717522,0.517904970557049,0.805357868524283,0.750104489339943,0.334228585303481,0.617322088289674,-0.326563004260345,-0.0250525546624745,-0.299082911715116,0.502679052246966,0.535611700499837,-0.219020372594206,0.0128469774799824,0.118659958757675,0.133743527298965,-0.295297744733173,0.148846648473534,0.481649332374931,0.597519963848642,0.0185019738947867,0.267457896534573,0.386954892291936,-0.182924724240135,-0.0814992340566119,-0.384283821204321,-0.337658626629575,-0.57750892162163,-0.274804613000366,-0.0573592547008347,0.585759759175036,0.67787336858115,0.131735334655033,0.162027904861735
-0.435978019564016,-0.0543202084369995,-0.0631634833937252,0.509177743419473,-0.0671385025349457,-0.431575800075381,-0.342746889403834,-0.277274317303731,-0.366347996216172,-0.454526302110406,-0.225942769344882,-0.0419285315889535,0.33739505152332,0.826393402093871,0.830478760952973,-0.473065507495536,0.407470629992762,0.569113612298087,0.729655671546811,0.632249910463606,0,0.280408590547569,0.745471295563545,0.0574783844490873,-0.109253526284598,0.0529467366198467,0.21157745846246,0.156520435440786,0.531665107366192,0.644486633227628,-0.00492165328610967,0.160322594603248,0.358989582461644,0.493354197632841,0.0938232362691988,-0.282542306482162,-0.186546927546155,-0.336563021493489,-0.218297240551663,-0.312246059603647,0.091159121137676,-0.313504470824947,-0.253664235487624,-0.0583972672347237,-0.0971042970205581,0.525222259454986,0.604113140579725,0.553090725297295,-0.269802347259285,-0.0741455245815361,-0.140108377318703,-0.121957820021082,0.292226176264523,0.392351230137923,-0.419999450560979,-0.271618967975486,-0.422385117389193,-0.300185215026843,-0.485329058785952,0.00901581802751518,0.133221128948804,0.201928544719779,0.641383038962049,0.75092497871657,0.824010443132297,0.82152760260784,-0.405240679349881,0.434937982486774,0.62890441626929,0.47559493154571,0.884444433965878,0.182697056865712,0.791158651352699,-0.485673097356834,-0.0308458774148743,-0.0887596638002942,0.488150185342587,0.658207403658239,-0.217202910477437,0.312832892208652,0.184476576422207,-0.067898382289005,-0.324359424992597,0.0801329219308817,0.248045127764432,0.670514991485403,-0.0752379995254236,0.000101051079157572,-0.0980448766113378,-0.340646149225495,0.205809092953913,-0.481119482485489,-0.324647625432304,-0.457429941655867,-0.265245198398302,-0.174835974758582,0.618879448418358,0.663259161581033,-0.195041871225491,-0.138364713329359
