0,0.389603472853335,0.446175602747429,0.273354204343358,0.145082286665355,0.416388241377948,0.411060336660402,0.399800599277404,0.339312156712831,-0.00925499188529465,-0.0463660437110265,0.0193288894130831,-0.0470197129959729,0.164542031437748,0.118798653988307,0.429887741520737,-0.00490845731769328,0.339166859023829,0.151182453684871,0.29249820968792,0.133140069568483,0.0286152811149636,0.246379177606866,-0.019269926356709,0.260711842136633,0.0920586686443313,-0.0493058678374586,-0.230900890351907,0.127972499468307,0.0557662933786446,-0.0131707602124727,0.371482901901372,0.251433136873047,0.0683571534307653,0.100029479724029,0.0335971784751445,-0.182463074302986,0.294068472366177,0.0296431083515109,0.245707006772984,0.200617222523344,0.117922475754509,0.124422190334572,0.0457780215118359,-0.138833919781614,-0.169546932398073,-0.0172832399403114,0.109658098623844,0.55308288817101,0.0417573177938856,0.676784424545885,0.567372739725421,0.115373564942401,0.182331806644841,0.240373175611843,0.522199954213376,0.407642291340602,0.338099329533705,-0.16098605965604,-0.0249039378741814,-0.111772872256026,-0.256262673913755,-0.0704802021518321,-0.0811605362640626,-0.0579133645966391,0.0636048399385548,0.286549660145508,-0.23089877766759,-0.0364282972403189,0.328632913640461,0.242282281417742,-0.0511146976054916,0.0759281335096204,-0.00112141564117721,-0.124425258961583,0.157732977076549,0.0437704295231001,0.0824713357524893,-0.0460775485407084,0.00488051309765985,-0.238479061410479,-0.169252487350992,-0.0924384428555487,-0.234555995462322,-0.220464067659549,-0.24054114167906,-0.0809788035027219,-0.0859474007398339,0.0946056679536043,-0.198600839731957,-0.0453995120991437,0.290489856647123,0.0872887163631672,0.223489523789421,0.112699300636132,0.0465839194631165,-0.247879511478873,-0.101482010901914,0.49251255820615,0.0269115846554535
0.389603472853335,0,0.751194928944665,0.435627901022178,0.368479568911881,0.508262001128292,0.600190100383372,0.65854366578945,0.437620205997422,-0.224959040889622,-0.295723911582716,-0.132155863472629,-0.010240695844488,0.175629497333779,0.0688973685181561,0.451898323336637,0.024808930070386,0.512460569267177,0.200475754546862,0.349537708108661,0.189968635452964,-0.104929367030017,0.264821934704535,-0.0964490914819662,-0.127210476524512,-0.0928589902373475,-0.15708005093569,-0.24124219169487,0.0558220723556059,0.152471573326816,-0.181428759265849,-0.0945271748138318,-0.0668653012199849,0.25926291764222,0.026418172620028,0.176490651820182,-0.12673554235691,-0.0325680081726742,-0.145826222882525,0.268174895627244,0.164346885413057,0.0623901079505417,0.00350929273417228,-0.201389246253078,-0.208233511655686,-0.371457241876859,-0.145245877046229,0.0683755486978458,0.386662934396336,-0.0124351433536357,0.314640972558537,0.703593326691289,0.302550642330265,0.415478905819811,0.477177657746629,0.516489962045232,0.587581032387792,0.575955467284956,-0.145890465906477,-0.204828719267058,-0.200807819391155,-0.0963044800919609,0.10731654955217,0.0151648407827681,0.115628509252458,-0.0399804405028257,0.37303692845382,-0.0231276586633785,0.206062696986973,0.566089636689768,0.260589193136726,0.00090199125824058,0.175007748116734,0.0640698418053744,-0.130143769092321,-0.149312734275165,-0.0795859508128514,0.0290201170846003,-0.123880673627651,-0.196383259344011,-0.114459447018811,-0.0220821645307181,-0.101325749573835,-0.178436531342702,-0.332049971871273,-0.219404940077323,-0.143634226882794,-0.124974531041115,0.266066736858642,-0.188355756980929,-0.0255687692366322,-0.00131034322252067,0.0550976698280165,-0.0794277628313313,-0.00457221592437083,-0.209357554895836,-0.429886321022951,-0.131955411524823,0.354288982661342,0.00258365164789132
0.446175602747429,0.751194928944665,0,0.290085358076025,0.391895460976386,0.65033583272033,0.534630610196466,0.603934561737621,0.515127768049137,-0.214116356536461,-0.270778154723381,-0.153064430818923,-0.0305247762315785,0.13711108056263,0.0736323872017542,0.317521865558646,0.0184769742289772,0.41729572163043,0.148032721527253,0.298382784673343,0.140067596234155,-0.122277733551859,0.206124858245585,0.0166799802148095,-0.152214851221339,-0.125241033160895,-0.162574611707256,-0.279752112227398,0.0722120118399475,0.0739383662834818,-0.234582121077095,-0.00536616556943255,-0.0980814983969998,0.196721358036172,-0.0192330111747531,0.169086472284406,-0.182568315382065,-0.0459979596007975,-0.161266251289558,0.249158532117299,0.154101407363066,-0.0702776789485944,-0.067562626546428,-0.259594593704192,-0.216539774788593,-0.309659894371109,-0.0760374775185605,0.0557525480270399,0.420065362169162,-0.0381769129358897,0.328334407771589,0.569030380505391,0.10472774905561,0.352602380543853,0.612799226682625,0.622644383106038,0.44744952108945,0.582361304043089,-0.145919432760053,-0.16738683546806,-0.24657133960572,-0.128685056154501,0.06097263295493,-0.0273456069912217,0.0467181658353023,-0.0590902198853908,0.315475359709834,-0.153292176270574,0.0966695165850079,0.418367347769023,0.260883882980653,-0.108725951539179,0.0911725579518406,0.0255326794708534,-0.110953620969303,-0.209229440021645,-0.112649174758134,-0.0161299459248248,-0.162307566789265,-0.13488640599177,-0.0917323429353103,-0.00779800944426154,-0.198682830669684,-0.217227200548512,-0.335649752417339,-0.255666506750309,-0.20333280433221,-0.173287191515411,0.229268662081069,-0.190356173524937,-0.131687633892787,-0.0752563664825776,0.00613003623569091,-0.215435083436024,-0.0776454884122254,-0.255142809683447,-0.363301217284552,-0.176683585147346,0.374654314224054,-0.0240810723728132
0.273354204343358,0.435627901022178,0.290085358076025,0,0.525896810562692,0.317806180535452,0.244633615853404,0.332342588425953,0.218172499875944,-0.157419147210457,-0.178994100200395,-0.123541364111173,-0.198142278212341,-0.132374366894847,-0.0581155120127615,0.341219655838745,-0.256119325541099,0.174741142724992,-0.0797143277213424,0.205141423922611,-0.16088030976303,-0.218058560707572,-0.0835634256481291,-0.241362397615613,-0.112397753477303,-0.133525661128964,-0.281185467824238,-0.269681934452254,-0.193318833393482,-0.0862893543643942,-0.0211141087159254,0.0481932178441871,0.284365629263001,0.0534250114456634,-0.245877119531794,0.182346883953902,-0.047334323074706,0.0912165726885072,-0.0391582761998174,-0.00185099218564621,0.200742300982456,-0.0340572287689331,-0.10424591989733,0.0794438403103224,-0.158990548751011,-0.111568190697282,-0.140233153781272,-0.0989779958292472,0.226914118980424,0.141026065174492,0.271574625869388,0.467797307669881,0.316876834693081,0.662691233268149,0.430329380036666,0.323925736849845,0.474596743243711,0.268060372225733,-0.159174684834201,-0.168351861411451,-0.223630612429553,-0.181520233087068,-0.0477356446458811,-0.117843468394582,-0.0350580881763839,-0.129335403663165,0.354312385174412,-0.241233880688971,-0.0388741007639033,0.224470620781313,-0.0462372896757323,-0.220076652887762,-0.132465823570653,-0.0471992508366821,-0.272436509583184,-0.143533520467056,-0.174147072526742,-0.152537936193468,0.0396854902241065,-0.0106584029083283,-0.141269462104319,0.0875780359722138,0.0366036082463934,-0.148630572049195,-0.200948193311356,-0.0658618012686383,-0.00478292278169281,-0.128418076186411,0.218387450069794,-0.0216534816697255,0.114858739168422,0.00682525027176039,0.00121336223223825,0.00404453127412547,-0.130063802944273,0.00528408127371696,-0.0673424049057485,-0.0813080949619159,0.313903465228288,0.181482584332886
0.145082286665355,0.368479568911881,0.391895460976386,0.525896810562692,0,0.583090346051325,0.1914138880106,0.426504951815921,0.482019371056147,-0.00260499017319126,-0.164834744851379,-0.204376246731099,-0.220526281616366,-0.171783345631964,-0.0974066973021495,0.222767267852522,-0.176454243721281,0.135410272124331,-0.112275792936832,0.195292209828394,-0.0543731816853636,-0.295438277241675,-0.157493694475024,-0.0593434446324477,-0.239799474800117,-0.189077371653923,-0.31711522359232,-0.244202085954171,-0.0097247122711284,-0.171820021436644,-0.319745097523724,-0.059950516891515,0.0454052336224035,0.0246846358306662,-0.333218237373471,0.226622977208996,-0.0416742246262042,-0.170237365644771,-0.111195306824826,0.0310114313050276,0.133723654308319,-0.196399517803871,-0.240711552146008,-0.0498150329130214,-0.196563012981062,-0.195678410770292,-0.180379847988133,-0.1876495225634,0.274564200515384,0.0675778919425116,0.144313375040801,0.242820964893002,0.282428212034708,0.539375109984812,0.699811206897416,0.449409849932543,0.386549477574333,0.471689452035917,-0.0769550349239581,-0.150109744014751,-0.236074372793611,-0.156230205097122,-0.0379721690012249,-0.191214648659521,-0.124488883326295,-0.170439761605866,0.321318797918811,-0.282306705752591,-0.131188497121375,0.173878169520524,0.0950531003671944,-0.351074041952862,-0.198031897842043,-0.0472215400535354,-0.158082672524377,-0.285907003123928,-0.0497325889816571,-0.202126996445688,-0.187106480647025,-0.0893547372503854,-0.0742701849113828,0.10150072032952,-0.0594939956494988,-0.226679144980181,-0.243843015096607,-0.183361002900841,-0.082918986351701,-0.2074969962423,0.267529681476933,-0.00257266830718378,0.0469772841032644,-0.221354130860964,0.0174493364070471,-0.248024826767207,-0.257178769216917,-0.188837197674951,-0.124054152553413,-0.157385742551031,0.376069321508031,0.105296680817847
0.416388241377948,0.508262001128292,0.65033583272033,0.317806180535452,0.583090346051325,0,0.473875230341304,0.604369426605985,0.710892473416918,0.124329682568177,0.00468547327355145,-0.0356253148131204,-0.0212345157775784,0.13692895119505,0.108037834370501,0.367330590353709,0.0767463417903493,0.359421885230326,0.150777113975502,0.3229531354757,0.15301155290469,-0.102350561464591,0.100375589577006,0.014821739995543,-0.00752579646976494,-0.0447449004184694,-0.204414292073365,-0.237079072953288,0.196738825778442,-0.0130851369184636,-0.32225269482954,0.036329195181027,-0.0543025942405246,0.169913684522045,-0.025756721444192,0.287873251322566,-0.0345530794734528,-0.0690290526854725,-0.0574513498659648,0.320751317920696,0.230467127962885,-0.0276620037437815,-0.0121268289266996,-0.0636435558556906,-0.143787912550572,-0.30997740834519,-0.0973601060310142,-0.0191157625990555,0.55039934278476,0.124967873585176,0.278725896897442,0.421894014083579,0.217638782432889,0.336857777710743,0.72770844477707,0.755381351959992,0.488587942214419,0.622062337742368,0.067015060678986,0.0552520489548725,-0.0769371476959301,-0.084958845070665,0.0620912257847781,-0.0393919418598842,0.0247357333822464,0.0338429637682878,0.43616646419919,-0.131241569856664,-0.0219761570510542,0.359562327588987,0.288726975269927,-0.13084649022889,-0.0215969890119877,0.0629194924184513,-0.0389511217815482,-0.0630282854385214,0.0731093968437564,-0.0172423768676163,-0.198496159867083,-0.116488712875683,-0.0999252502874905,0.0441229642130267,-0.0796487473169553,-0.168544784034407,-0.35193938765526,-0.272311612647257,-0.0324860873719114,-0.175211419991906,0.342105857885984,-0.0859133469338126,-0.0416820305746246,-0.0116431046634427,0.133045709856419,-0.0833119049747201,-0.0505640865612937,-0.148056135776597,-0.351282530105216,-0.207338539927431,0.591544521705995,0.108587503664103
0.411060336660402,0.600190100383372,0.534630610196466,0.244633615853404,0.1914138880106,0.473875230341304,0,0.737474262618185,0.4451637704204,-0.0715606154855079,-0.129624553720961,-0.0588109288456379,0.0609492302396721,0.29852858399322,0.206650592075862,0.59068376351338,0.190608091251107,0.631512604855641,0.367275658267051,0.446216233488666,0.379103795839832,0.0562752321761968,0.427594335036243,-0.0521337312375901,0.00922263424818921,0.00737114129377453,0.0170610550516315,-0.0791724182081767,0.246528537556572,0.231951163398285,-0.0612368650155911,-0.140041539609048,-0.0184692205799326,0.228659593117971,0.23809293762186,0.148610194555437,-0.0641346460383318,0.00292223447864175,-0.0982505972221354,0.392532610065349,0.230434683070098,0.162806997113035,0.141213581866755,-0.0240405562190762,-0.141587876027621,-0.255914844049453,-0.0355912637563741,0.163592956543721,0.338413773563551,0.0937770744370529,0.229513281175533,0.51093689514004,0.35199721394101,0.218887058272719,0.30807131514598,0.441471547936261,0.646917360532562,0.555418000495662,-0.0972425146877116,-0.103895329820027,-0.09995734260247,-0.126122048542893,0.0459496801216162,0.114860080486575,0.192071032042271,0.145996686030571,0.466067950861341,0.145495115070001,0.183834393064048,0.626239871359912,0.454489263273041,0.132352375051398,0.345851184459623,0.0803684560322353,-0.0663687033988157,0.00387602477157972,0.10281729360523,0.213064224997861,-0.0314084358365075,-0.24820868889684,-0.210203021291304,-0.171598167614345,-0.0340728065554322,-0.14617227077582,-0.232122243637135,-0.271995668455613,-0.0876418824474041,0.026273727586908,0.22070300322528,-0.25750726048571,-0.0682716143171939,0.0302723461396725,0.0434617409599548,0.0552357959210937,0.102613766830308,-0.0145391859754881,-0.380046139993408,-0.0594983823883942,0.332370228459288,0.00836315216238961
0.399800599277404,0.65854366578945,0.603934561737621,0.332342588425953,0.426504951815921,0.604369426605985,0.737474262618185,0,0.658083734016447,-0.0695361588998824,-0.215155649358666,-0.149802715341947,0.109516841225753,0.326441095604479,0.204529335353957,0.615806551793727,0.28286474169552,0.670951705903858,0.413156387392966,0.430294374505361,0.414851852531357,0.0378333346586804,0.395618466058296,-0.0928796718639995,-0.0820841823683895,-0.113575929057462,-0.037893955244597,-0.123624131115117,0.272284523875583,0.213031388556615,-0.233172618469248,-0.135974228188632,-0.0707208187304678,0.347382461514115,0.148345926788567,0.164669993205891,0.0157176613540207,-0.083820369446664,-0.151132406145028,0.283828810563829,0.269491110029431,0.0672180136057486,0.0452219013311893,-0.0986144779461464,-0.207202333538777,-0.278229744722526,-0.0138693503882327,0.135923209259017,0.379994810239376,0.136196126575828,0.28096354026114,0.564776259881104,0.377742887519611,0.330092457850471,0.525675598823459,0.540575294521045,0.754428741557952,0.700422635843817,-0.125054570637238,-0.160334286468993,-0.176085795357741,-0.0909489482871801,0.0930949789542479,0.133765602561898,0.165121943409141,0.114184752653241,0.450621105225101,0.110047027567308,0.178862591533049,0.65778579965032,0.423325736999719,0.00383359320306587,0.256048092280948,-0.0164187312801767,-0.136567265523188,-0.147698460779812,0.0765641305417017,0.151776889659151,-0.139414630650608,-0.289587622393461,-0.182071797693026,-0.0581437939847543,-0.0532119760340073,-0.241559390823173,-0.331203942474397,-0.270128802167634,-0.0338982538836256,-0.0345709334609474,0.259294313086091,-0.160840350480071,-0.0654107113923469,-0.0265390121327429,0.0505631588391499,-0.0670571455060156,-0.0253213838658296,-0.132775662579158,-0.40633564179076,-0.102098756629655,0.361182111782731,0.0842678055398031
0.339312156712831,0.437620205997422,0.515127768049137,0.218172499875944,0.482019371056147,0.710892473416918,0.4451637704204,0.658083734016447,0,0.0814201653658895,-0.0255247541930656,-0.0525236893359256,0.0672936306809593,0.334506912613993,0.294212353772706,0.417867417356778,0.323429119070318,0.453548430729578,0.366349646399719,0.453849693702514,0.370647884187831,-0.0314516027484904,0.24751864216333,0.0606003387738787,-0.0210710169800911,-0.0430751905313457,-0.124686335265336,-0.126792849029364,0.40932931477101,0.103428736357515,-0.407486668802606,-0.0155374065301358,-0.108057281850667,0.405548096293909,0.00289840724837455,0.262804720994065,0.173951336859996,-0.0699825486881527,-0.0392028596573297,0.304791374883525,0.357875885236473,0.0101564935530223,-0.0315841672144726,-0.046906333572322,-0.077649387832438,-0.216743241415515,-0.0180415397172494,0.0482433237934425,0.526307036142189,0.314232032597339,0.245518273050025,0.402706252032953,0.241390140484124,0.219404587199406,0.598606436634456,0.638975779357038,0.497009208910832,0.627147933995012,0.013644609700492,0.0334505231705238,-0.0735024472438659,-0.0391889879264377,0.108092795418676,0.0767213894229311,0.144460303361208,0.188805415043279,0.431693319039689,-0.000440718875511052,0.0836131000262902,0.424696455983278,0.442493848261261,-0.138418758824868,0.0600081606910681,0.0229116589883148,0.0170451787486973,-0.0888822382180307,0.2205457806042,0.0392996691715577,-0.310668785009031,-0.195234859732107,-0.0714772899597912,0.1319129012475,-0.107500647666819,-0.188344483874958,-0.317686849499799,-0.267943705045485,0.156142474533827,-0.113635886327759,0.403223007067204,0.0241889133338816,-0.00904370590486243,-0.0244819720488987,0.124143514736161,-0.0890795393015987,-0.129599338508486,-0.179463421722593,-0.288601488248023,-0.19015690164803,0.490810465458297,0.26183926200775
-0.00925499188529465,-0.224959040889622,-0.214116356536461,-0.157419147210457,-0.00260499017319126,0.124329682568177,-0.0715606154855079,-0.0695361588998824,0.0814201653658895,0,0.57013032505702,0.445263024314038,0.145877124579574,0.0854173292666582,0.106803314288306,0.0366300998296437,0.15057502131656,-0.0660928845177684,0.111207394480034,0.0234278308840695,0.0478423277993438,0.158746974576024,-0.0202070638091648,0.278166667806656,0.588917651966918,0.320011116696806,-0.07573659495669,0.0491912364641578,0.255595015794456,-0.118562677598922,-0.0496912619528994,0.0862051228187619,0.0311865918313285,0.0705187968274939,0.199362163873883,0.149848145717556,0.179887871925926,0.160567019661744,0.328697486953233,0.280013198486004,0.0549672950868416,0.244823649060018,0.254755739807822,0.294768086961168,0.167881165677981,-0.19791520785643,-0.0415296660535296,0.0262298277782394,0.116810210613867,0.109927716628886,-0.085474750993429,-0.156098501804825,-0.0254352869850041,-0.238994295043885,-0.0918568059920817,0.0672825903288013,-0.109568216054023,-0.140151855459738,0.500351966771572,0.531759958510789,0.508606020172151,0.0865036922775442,-0.0333943832825681,-0.0431745045856112,-0.0579121836217336,0.101769231463698,-0.0394460058424501,0.0716211972461095,-0.00802621106160858,-0.112089362471609,0.00903922547905244,0.113794966604385,-0.114917829164858,0.200239779458732,0.263653475387135,0.486254900047597,0.305584467538015,0.112947305987568,-0.044728014463935,-0.0571172887193324,0.118292404866326,0.0871699823709572,0.242383665411928,0.123381525456814,-0.152026004363692,-0.145531335881447,0.226149992147136,-0.0273661432860349,0.089549853613372,0.0919436437348194,0.0524330375409664,0.266711609269869,0.366704292437554,0.332072715686413,0.319666071735419,0.130708430875848,-0.18298175951715,-0.118130804822026,0.158538244889646,0.0536106542657443
-0.0463660437110265,-0.295723911582716,-0.270778154723381,-0.178994100200395,-0.164834744851379,0.00468547327355145,-0.129624553720961,-0.215155649358666,-0.0255247541930656,0.57013032505702,0,0.671461365077575,0.145672266648248,0.15779029833144,0.270348332683238,-0.0735221189302973,0.0411992673292432,-0.16148187898044,0.0592992630924306,-0.049827630677851,0.0652736941659584,0.0769068121690542,-0.0208417713077976,0.240777163637506,0.478540294539125,0.553645911214985,-0.0206904459689075,0.203862222693163,0.278978938790661,-0.0184903683655265,-0.072526856890135,0.142876092673522,-0.0370438377861977,-0.0244505104506022,0.067252116760027,0.108320586417254,0.275374325606883,0.181265229698572,0.404887925021239,0.183993008520785,-0.0314638889134712,0.259748736646077,0.292943841449307,0.340247049437091,0.247705512889619,0.0179002419379055,0.0129564273544456,0.01262786314198,0.0911888558676142,0.141461784605042,-0.0929376553189164,-0.157725218512771,-0.0405900581947451,-0.223879050547465,-0.157172831940887,0.0136956293543728,-0.169293134537793,-0.151744585051008,0.525064153455189,0.725983074192758,0.653951411159762,0.181639430383877,0.00787075211633701,0.105103016349818,0.0664949529298273,0.338059300374374,-0.0722750272529702,0.113030054314786,-0.0434699474414104,-0.17061154550716,0.0356444755416541,0.126788516479041,-0.0975199938295204,0.152391619340175,0.225641335972523,0.567648251749604,0.406786984937313,0.143992038542885,-0.022719849621401,0.147546439818238,0.0636601991655099,0.0404660920908222,0.202061413540726,0.255411193882853,0.0121355299413958,-0.0520726954827686,0.308422759893027,0.0604418453362885,0.038136899158667,0.148008429985133,0.0568416125983332,0.277684798215537,0.337054639416424,0.349936208824967,0.346683602981228,0.216498041502057,0.0282274798119289,-0.0610014000172541,0.173193542407517,0.101995104972399
0.0193288894130831,-0.132155863472629,-0.153064430818923,-0.123541364111173,-0.204376246731099,-0.0356253148131204,-0.0588109288456379,-0.149802715341947,-0.0525236893359256,0.445263024314038,0.671461365077575,0,0.202638957273415,0.223273443547972,0.258092903575496,0.0246747697682571,0.104308477015436,-0.105590966234851,0.181932090144849,-0.0832973755050805,0.109257251445864,0.0616539598541905,0.0800265819606064,0.267867665122784,0.472224191066083,0.625070136321725,-0.0102064049698222,0.128747729828685,0.236808224000571,0.06953529344015,-0.0656951126019327,0.152173844613703,-0.0459257032761295,0.0280614469793089,0.0363692114728966,0.00485715989049121,0.129014960777338,0.283719449579066,0.452304042627148,0.243724038320363,-0.049126820240722,0.229075033129952,0.274718228033104,0.357377288080107,0.185299207927732,-0.00189261282613071,-0.0543104648748402,0.0742908915700222,0.141772029512135,0.0817833965390432,-0.0193644025332934,-0.0427827611832272,-0.00984123206335563,-0.138730486430783,-0.185102354770786,0.00544215722870658,-0.0941350089428468,-0.156018018860157,0.323501679364055,0.604317413345191,0.609197727337399,0.13526539713192,-0.0747637434590715,0.0119287527402492,-0.00233506252432199,0.283405965555616,-0.129811443094654,0.0760212482053911,0.012960454752131,-0.110945457308438,0.0257759630468129,0.0785198042605074,-0.0551157254480104,0.0551021988456786,0.168769547924105,0.513444751351031,0.328264619232602,0.187989483207116,-0.00639957254946982,0.154917760645883,-0.0826426353461196,-0.0458580045978277,0.150964856552657,0.125762704739716,-0.0830356630794843,-0.193648908484447,0.193509903744221,0.0307708513409216,-0.0888869459569636,0.00204556081658062,0.0226100246795255,0.223166208893707,0.292283330127212,0.22611411549564,0.291212248674007,0.150898588020089,-0.0569825674348033,-0.112007304898531,0.202981538319811,0.0233210951773711
-0.0470197129959729,-0.010240695844488,-0.0305247762315785,-0.198142278212341,-0.220526281616366,-0.0212345157775784,0.0609492302396721,0.109516841225753,0.0672936306809593,0.145877124579574,0.145672266648248,0.202638957273415,0,0.322788321711864,0.158604363827574,0.0938624831692182,0.536152363757608,0.0536800851255778,0.302526914846465,-0.009570444274159,0.0810237782125784,0.428945902313616,0.231119070900325,0.252717903793664,0.0737212568710114,0.108805275554542,0.260228594950348,0.224530478195855,0.180599891949116,0.22115504974781,-0.0674401611916142,-0.0749241806584469,-0.166587971188891,0.262535648576146,0.382748088217542,0.00756026944335985,0.29784001439816,0.0186990736635282,0.199966587493736,0.266544359547961,0.210429981921753,0.1574056332469,0.25457328663681,-0.0137121443779824,0.24118086317825,0.0653459569956851,0.27552956308827,0.300651326419038,-0.0509888531096141,0.217331964414719,-0.142888413405751,-0.0239889045831521,-0.0518403852300597,-0.290888933443279,-0.12970031485883,-0.0657632075453409,0.00525263307808226,0.01085031808417,0.0922943343380534,0.21931118370363,0.266426516398222,0.666994532904639,0.27997372837813,0.269232249925785,0.0431816707095827,0.132849657340896,-0.00641743947349938,0.296701848407342,0.169367236957806,-0.0341612784912337,-0.064400512003377,0.353836831273089,0.0665688743820072,0.179125563837877,0.144787798618246,0.02524619408146,0.0637044312022055,0.344569608755445,-0.0449623919577785,-0.157398927482655,0.205549926581954,0.217868034084479,0.108221877030181,0.18634096106053,0.033678178335595,0.0733990700966804,0.231504340464621,0.217933646710149,0.0295849838915134,0.288827596765523,0.0107679555698253,0.085639284275324,0.153060479056809,0.0169414311153442,0.117106383034364,0.126579775415668,0.0204624083517192,0.0693847557182436,-0.0850918267734089,0.177365743754773
0.164542031437748,0.175629497333779,0.13711108056263,-0.132374366894847,-0.171783345631964,0.13692895119505,0.29852858399322,0.326441095604479,0.334506912613993,0.0854173292666582,0.15779029833144,0.223273443547972,0.322788321711864,0,0.62315939438046,0.339036846843911,0.556309146949111,0.409012961916862,0.764328311981983,0.308149395309258,0.630109849037768,0.376134264986852,0.723243199766641,0.118597438102381,0.18931218878201,0.130328442059608,0.403983796932875,0.228939996999787,0.577417793304577,0.531089780243533,-0.0312135445877387,0.0170887088700747,-0.0388866334440382,0.420027073598118,0.454593921458121,0.0278785432037254,0.230049151476395,0.123787908146295,0.12436017050231,0.271428731062703,0.207648132132363,0.281683374268484,0.251102775683989,0.0613944566043766,0.0401003963523316,0.138697457766023,0.452273175879708,0.539541727224825,0.213858845528393,0.214866437784488,0.0708314287143388,0.150087233900949,0.129909026221652,-0.154302607958847,-0.0211962423843577,0.0966747623798915,0.177385109070247,0.207414384567447,0.032759412298435,0.0884969215961116,0.166231747401997,-0.0214545728021598,0.238442872554075,0.4375551626334,0.460009436609722,0.579315404993968,-0.0518228116549373,0.210207576837047,0.215582652918651,0.345032209797066,0.474805477526602,0.157461138752884,0.433557644913553,-0.113755732352596,-0.126290160123822,0.0906404061690708,0.45284180522351,0.495868890585657,0.0106685765461328,-0.188686561851802,-0.136412425708952,-0.0533113969094351,0.123640369707326,-0.0987389598866136,-0.0241812330406053,-0.0643896353238848,0.265503578934409,0.270849479880582,0.0333665387227927,-0.102187531939403,-0.0595394957059248,0.106134620387032,0.0887027128903355,0.167740812956628,0.12967764280176,0.0885101654839576,-0.0910513717897576,0.203594383357896,0.074055434834487,0.0942280623137069
0.118798653988307,0.0688973685181561,0.0736323872017542,-0.0581155120127615,-0.0974066973021495,0.108037834370501,0.206650592075862,0.204529335353957,0.294212353772706,0.106803314288306,0.270348332683238,0.258092903575496,0.158604363827574,0.62315939438046,0,0.192354031078954,0.255582061995667,0.289628478786103,0.439340230425309,0.248747807375469,0.505535555016432,0.189410414874387,0.522416623168031,0.0756893640414704,0.115714646681126,0.159474060413609,0.204616278494414,0.37023936007592,0.601493383821778,0.627458289125461,0.0624022050135594,-0.0526853149652356,0.0601663150558118,0.246493600859335,0.207902896548117,-0.0242382034016991,0.240449603315237,0.0703833157087739,0.109378027693996,0.15699631624888,0.0372777827203698,0.295204693569744,0.101349781748173,0.126598395274291,-0.0281711129532561,0.09698646553151,0.206361538494497,0.324297685061469,0.127038150972469,0.112842223623649,0.0196152834359838,0.0640540797001723,0.115517943147328,-0.125295747767324,0.0137670325609748,0.0753382023781764,0.101513417696102,0.097186003996732,0.0928814666343977,0.159213890715086,0.193804335315229,-0.0452163190421114,0.32414981782773,0.426725604409668,0.606723335597573,0.816918724900436,-0.0985328450514408,0.130021252978922,0.0953853992462152,0.269308250781863,0.533481144171275,0.0248438222946688,0.361114514721506,-0.173329426022787,-0.156638192025975,0.0959729000701109,0.583146596840103,0.499725832060389,0.126110790527069,-0.140783167480886,-0.253662829665478,-0.149550495170313,0.0677272797985862,-0.143641205037096,-0.0293373911606687,-0.0634407163800278,0.232398012151465,0.266820763458999,-0.0510476213925277,-0.236273200584001,-0.0563680701444414,0.0304530957163262,0.0606127743062055,0.168894350843084,-0.0326062294667013,0.108579483575628,-0.118187186098768,0.16883193215061,0.102116506548385,-0.0173873750199958
0.429887741520737,0.451898323336637,0.317521865558646,0.341219655838745,0.222767267852522,0.367330590353709,0.59068376351338,0.615806551793727,0.417867417356778,0.0366300998296437,-0.0735221189302973,0.0246747697682571,0.0938624831692182,0.339036846843911,0.192354031078954,0,0.23755462517295,0.558595371433545,0.434982490117615,0.295482891348451,0.404428040790609,0.102330546786874,0.413930191428133,-0.143399559780951,0.134297596066928,0.00829708101013831,-0.00812261271834661,-0.0845675108573111,0.217866489351113,0.180270792447304,-0.152733624881715,0.0446368622455139,0.116781619693479,0.279079339116945,0.161953266555107,-0.0137185350844051,-0.0335364546009377,0.145600608355998,0.11711309871566,0.395716763918267,0.170934386235555,0.175750879740913,0.0997716651196214,0.0791754192531978,-0.133779892735007,-0.140952784345441,-0.044278653962078,0.138776263740937,0.219011088531305,0.106005579650935,0.446799789286842,0.520802432071674,0.527772800258285,0.176204010195856,0.245421877909068,0.320269152208775,0.644559243246263,0.374794097973103,-0.159166103571821,-0.119295477123402,-0.0646313402398608,-0.154661697514271,-0.0551472885109754,0.115582043802021,0.152980840183976,0.177712165094023,0.365398942901314,0.0989431179037005,0.211753780028807,0.550560325604033,0.371871817078689,0.0326108824119228,0.305642577821668,0.0301761973966345,-0.184252124497849,0.0174940148066099,0.144197373484028,0.239028843186289,-0.0339985329763908,-0.204528157847083,-0.320456435335769,-0.197621738402432,-0.0105733654795971,-0.198475583477489,-0.258485126906535,-0.238776292110214,0.00306350295143728,0.0714828666981359,0.0332177273157886,-0.165724353167466,0.0722564853808836,0.154402343385551,0.191651824460217,0.132175114267586,0.0108062249354155,-0.00908300263855635,-0.252049674486385,-0.0646880869843286,0.214392480183593,0.023838915877136
-0.00490845731769328,0.024808930070386,0.0184769742289772,-0.256119325541099,-0.176454243721281,0.0767463417903493,0.190608091251107,0.28286474169552,0.323429119070318,0.15057502131656,0.0411992673292432,0.104308477015436,0.536152363757608,0.556309146949111,0.255582061995667,0.23755462517295,0,0.269968383906784,0.676874278139242,0.140879599098801,0.42275339159302,0.475492489513407,0.444473028663547,0.28014851499119,0.108480066262101,0.0193483357329336,0.345963628107082,0.232908644474656,0.492924427490238,0.259712587320192,-0.152056401738678,-0.0586459788882322,-0.168556746582249,0.483404959877757,0.447699977241868,0.0333957074954863,0.410134872619876,-0.0228507988089423,0.0935680448569129,0.226063827236967,0.264214151872309,0.163755078229851,0.159202716407903,-0.0446695094381934,0.21537965744209,0.0551756044903921,0.360824680995078,0.372900106065095,0.0907104057018378,0.253325340912072,-0.0858434413886992,-0.0103762378839386,-0.0016666889673595,-0.321435415872287,-0.0534372732842027,0.0167351618914309,0.0892943744514726,0.178429496288099,-0.0162423421857241,0.0631391133591323,0.0757802052301581,0.201403530671718,0.157286208822066,0.262928264724375,0.110211473899392,0.193394560664077,0.010213230636228,0.461540429180582,0.3000357911778,0.17952658169904,0.231148845374184,0.255291351464312,0.236423284959843,-0.0333934489996372,0.210249969537359,-0.0253222736157814,0.294185814020527,0.342627308586728,-0.176625421023695,-0.256822717976105,0.146443121501133,0.17062842276209,0.0166595756844322,0.0823863652294861,0.0134103388676376,-0.044247586137843,0.314922105515854,0.197070573836916,0.135619913585807,0.141497777749708,-0.0386437848626504,-0.0343301088436177,0.0260575436554624,-0.0250925731853977,0.034066163639859,0.00806534531449971,-0.0262473500773384,0.0416216916473857,-0.028368535114438,0.206293777568801
0.339166859023829,0.512460569267177,0.41729572163043,0.174741142724992,0.135410272124331,0.359421885230326,0.631512604855641,0.670951705903858,0.453548430729578,-0.0660928845177684,-0.16148187898044,-0.105590966234851,0.0536800851255778,0.409012961916862,0.289628478786103,0.558595371433545,0.269968383906784,0,0.435067497724944,0.556220001822623,0.587323338983036,0.196292639644476,0.544119449089607,-0.0949625321698419,0.00603523595106883,-0.0768155593213583,0.056000416969787,-0.0474685219194431,0.349182412557215,0.22826105934502,-0.0683700151561822,-0.0907818726921189,0.0172600884683273,0.526614460462539,0.307251568927328,0.161560956736475,-0.0287607411476397,-0.0758035349138296,-0.186709754878918,0.186629724305019,0.198986275251231,0.134892050590434,0.0883512044656657,-0.153216448214283,-0.178801923651123,-0.239409399496996,0.0435191185780141,0.246959765053089,0.288064944754612,0.039822558227173,0.270603716566608,0.430524247059977,0.376733640511642,0.235290567504359,0.255857098714759,0.294279344360424,0.601763314811975,0.500598314993429,-0.152426631089845,-0.207409632837846,-0.125802994860701,-0.215098320208812,0.0411089691677067,0.168550909219323,0.28328703098806,0.195291269164028,0.258804205015043,0.146343917888366,0.426292781952078,0.815544513436972,0.603180851531853,0.105363065102115,0.468794489352294,-0.110142699389064,-0.149706987731036,-0.087905649772253,0.234760748599712,0.260056102591223,-1.26780609230866e-05,-0.256352349896724,-0.195016813959693,-0.0737703696948388,-0.0127679830002789,-0.164783301634079,-0.281477620228559,-0.208150922612468,0.0181919473975674,0.0932258209292745,0.236056480095793,-0.341124518633157,-0.00438180107700837,-0.0422223919558023,-0.0915346172159561,0.04165608298289,0.00201376373172514,-0.14755730460043,-0.42782825105818,-0.00908932624592983,0.247067514490051,-0.0536852977346502
0.151182453684871,0.200475754546862,0.148032721527253,-0.0797143277213424,-0.112275792936832,0.150777113975502,0.367275658267051,0.413156387392966,0.366349646399719,0.111207394480034,0.0592992630924306,0.181932090144849,0.302526914846465,0.764328311981983,0.439340230425309,0.434982490117615,0.676874278139242,0.435067497724944,0,0.326949550494235,0.640885854942295,0.329145907114979,0.661186153887284,0.0768346103016145,0.188659215513889,0.0813176163003293,0.319131903321281,0.137600485749841,0.556436757999823,0.395669136711275,-0.0773975436023981,0.0348997405362576,0.0155604510286838,0.477721678383861,0.433119499757102,0.0518675702492693,0.254957080063259,0.14983024733501,0.121353516538186,0.305817592915427,0.290642587773259,0.220068006925586,0.217168221871686,0.0636909564132786,0.0608944065118177,0.0468975261708522,0.36097335514106,0.450015246615171,0.233878666251544,0.264748110265867,0.0857454999808817,0.192466391993002,0.203867616416291,-0.130662792459965,-0.0239821908700555,0.0979248921277188,0.241023095752279,0.233062108434347,-0.0509265307228154,0.0295492584359446,0.111820447084756,-0.0614067759286595,0.109632116291054,0.360355408760129,0.335814043699161,0.376283623556909,0.0255204371474708,0.335622924645084,0.28014693509602,0.382792825230603,0.416871570430471,0.123614976839617,0.389786382987712,-0.0784830293123496,-0.0728825178325514,0.0600374836111539,0.377990978501007,0.395032714093813,-0.0579141209346798,-0.214642958388671,-0.113783697332028,-0.0010320795172372,0.0775993767776468,-0.115168751848612,-0.104173472977,-0.130819449802489,0.263639011888463,0.192049562694414,0.107317928392806,-0.0407803775753767,0.0329206477198232,0.0806096044274404,0.110729033742162,0.0787019454697828,0.106604828924443,0.0616661823936178,-0.135178459611196,0.110544347093371,0.0811161431438928,0.175555758491584
0.29249820968792,0.349537708108661,0.298382784673343,0.205141423922611,0.195292209828394,0.3229531354757,0.446216233488666,0.430294374505361,0.453849693702514,0.0234278308840695,-0.049827630677851,-0.0832973755050805,-0.009570444274159,0.308149395309258,0.248747807375469,0.295482891348451,0.140879599098801,0.556220001822623,0.326949550494235,0,0.489843342977038,-0.0158768308481388,0.373249872895313,-0.114260911214814,-0.00954119023798586,-0.0803598098676101,0.0265334915886305,-0.141414491357944,0.371918806466848,0.12536726255248,-0.025474441555838,0.00520343013025565,0.101470419562748,0.441282149451952,0.167453711804641,0.308003022444855,0.0318413955183345,0.120435379435911,-0.0600180374446471,0.283987668953698,0.557284731327783,0.0306366016616669,0.100922379385963,0.0882939246788664,0.0103420480694874,-0.0677655336581806,0.182090860028487,0.250495514656893,0.455999118637168,0.441810866444868,0.159707308528539,0.284452840418622,0.244949198248659,0.29221212034711,0.220599465922239,0.280974108141239,0.326794177223037,0.357086934507881,-0.101117083117699,-0.0855412966400231,-0.0628589926389844,-0.155080593932554,-0.0150351379922571,0.0670070963714822,0.236545690208593,0.108107792265972,0.317026963114109,-0.0461307830609839,0.146186138768255,0.496464804841259,0.560319789787442,-0.0939952396007376,0.217320723969024,0.0967108485377741,-0.137311795384952,-0.0587870732746279,0.215706593458902,-0.0024328825455067,0.0138705069355869,-0.100136090695743,-0.0470615874984535,0.138851798493301,0.178181841893975,-0.201261543052604,-0.177109250563258,-0.0802296975037333,0.116447371519702,-0.0753882292982095,0.452344489608847,0.00266894742518878,0.130563420086734,0.0434699644528098,0.0225982427856383,0.0620730943387955,0.0276706097219041,0.12465890109613,-0.224666095833969,0.145247821418332,0.36712970640508,0.342050261930969
0.133140069568483,0.189968635452964,0.140067596234155,-0.16088030976303,-0.0543731816853636,0.15301155290469,0.379103795839832,0.414851852531357,0.370647884187831,0.0478423277993438,0.0652736941659584,0.109257251445864,0.0810237782125784,0.630109849037768,0.505535555016432,0.404428040790609,0.42275339159302,0.587323338983036,0.640885854942295,0.489843342977038,0,0.0961277469737334,0.635091020505801,-0.0808395029170092,0.0800663641442725,0.0339780945394685,0.153274070319181,0.0821134653041368,0.573859299911325,0.403119987387781,-0.0849435769418544,-0.00882575288465646,-0.0727423623771238,0.427796620735742,0.233254092854959,-0.0394516372069492,0.0460983895379744,0.0157412183858657,0.00751889466062669,0.209885356086857,0.183097170241009,0.116033097152264,0.0999636938185397,0.0191253403640881,-0.0556681893610147,-0.00488899512763243,0.168538759983665,0.273255017579044,0.200120273852304,0.170976331844385,0.121583044665542,0.172150529209878,0.339012599367756,-0.0573842358869074,0.0127205338891461,0.0726423440692825,0.289224933253617,0.26780470878403,-0.040332726937615,-0.00637789894249531,0.105614290005365,-0.147427512235174,0.046213604292147,0.327720256687503,0.46416833084961,0.457650540683822,0.065719529701472,0.266184144209722,0.2805940167489,0.563115798781373,0.7281994650403,0.00818417137447176,0.51923501923002,-0.0681224072070014,-0.0942373180278404,0.029050229916013,0.457256342682437,0.275902821385067,0.00846667032207414,-0.115840100194028,-0.216686425239153,-0.140485483284704,0.0307577758500224,-0.203591775221312,-0.137248976014353,-0.156858234584278,0.103378664294245,0.0472900351365906,0.0447006512393049,-0.178756748991721,0.096002036678891,0.0511049850443479,0.0740963392860137,0.0578912582598951,0.0190475209877012,0.00909901538389322,-0.230014683578856,0.0965488545006523,0.0777433029568412,0.0581954375672457
