0,0.319777904708967,0.140743622540323,0.114158293125471,0.197449459873377,0.196287296151767,0.267752896591492,0.131272374413861,0.205553655082286,0.203964011484365,-0.135369649434412,-0.129696088945831,-0.264889710382712,-0.299771313171564,-0.244186633139016,0.457153729544066,-0.198926266996702,-0.251998215519007,-0.261911306165383,-0.0480187419639358,-0.164618743345672,-0.232732967322271,-0.351169250899926,-0.308238925665432,0.0234366126395918,-0.206421337217482,-0.293157846292986,-0.396052260978283,-0.314763703548728,-0.29541497475319,0.346279256819781,-0.0480638190873544,0.115733445019295,-0.383788335667192,-0.20816199584874,-0.229545643032182,-0.377261470841647,0.347272007062424,0.168819588331956,0.196054454724172,-0.248382260304343,0.357255925762921,-0.0243534709642919,0.0467549834195311,0.0398066461263722,-0.257607059060666,-0.346985714646897,-0.294311347519458,0.171279324115365,-0.240813158851081,0.484233386898171,0.351674867567957,0.191640299185371,0.179631469028642,0.276658524845458,0.108615630931984,0.210262599613582,0.151620008320991,0.154531980454234,-0.0452600759377294,-0.248752328368132,-0.35357998065087,-0.320468725804166,-0.31114878644791,-0.295895800940274,-0.284625787729253,0.216747620166764,-0.338403960471732,-0.345571785368926,-0.12965079667407,-0.142539757479502,-0.228274952354,-0.385439893031091,0.0553499255929336,-0.35449606563864,-0.136102689751092,-0.324399455371316,-0.332042581256251,0.137727045966344,-0.00651932115686368,-0.406488846339146,-0.295586747877758,0.122443563865707,-0.217294461788982,-0.290125949026264,-0.427874327472339,-0.216178188905273,-0.164782801900822,-0.265671533062106,-0.255721954791356,-0.0113271516037734,-0.0275142771710368,0.0407262923921765,0.416777837345427,0.0555759797771476,0.196515206973725,-0.227975354710771,-0.280726090696204,0.158420160405051,-0.215291349735001
0.319777904708967,0,0.63917299036402,0.225924726180757,0.372146432605344,0.532216318392281,0.57372756773534,0.593905102853331,0.548726624146965,0.121637276946459,0.029123513990465,0.0336596540643132,0.0486247644374505,-0.251288352514803,-0.353660916888253,0.531401284604125,0.153430562352173,0.0540733377959737,0.0725198817842007,-0.145496061396879,-0.128155658382558,0.0375432364673076,-0.244858392375949,-0.143665822663972,0.125276811384883,0.0209539590390682,-0.184889287233991,-0.409104472704023,-0.130357687633585,-0.363129641629673,0.021859206080721,-0.222489882936854,-0.166909673598582,-0.126868115046731,-0.00100909909839582,-0.226399170037907,-0.34816288686484,0.360200738055855,0.0424595529453704,0.0526065209671694,0.00595712493067885,0.124233611511435,0.100587127500849,-0.112533554656662,-0.0447330084091511,-0.246040087544801,-0.323062246726022,-0.325065695949443,0.513860742906023,0.0258823967869243,0.0470904139837274,0.813934080930215,0.234518788159061,0.360071550607513,0.650160460637406,0.534420840463386,0.679557343112761,0.565670159630024,0.0197358789636696,-0.0333141169924477,0.00857632669045138,0.0978873330548747,-0.23438910683437,-0.121424353490033,-0.244173994244354,-0.311430843324937,0.38939029221639,0.161263762123474,0.0360975222214922,0.12889254998449,-0.157088398101626,0.144155316112929,-0.269201816782821,0.133715092353844,-0.102327719137942,0.0985669436317522,-0.228638379632687,-0.303079535579079,-0.015290960476643,-0.172831106583775,-0.35886781136752,-0.239635966215538,-0.0478792159199774,0.0326645026982505,-0.100743370510408,-0.394247294410658,-0.372439056783363,-0.240172058689868,-0.132611064641312,-0.133833373535534,-0.154793572147819,0.208954347227688,0.0288661132598027,0.135802792693473,0.0868628931856268,0.0105715750764542,-0.23157918459212,-0.31774347477254,0.538155225253589,0.0346688492180149
0.140743622540323,0.63917299036402,0,-0.323223576881989,-0.0178961192495092,0.665336551076231,0.575893087561903,0.467673581504459,0.581952838650375,0.34036129375686,0.330659118570134,0.269890366926779,0.0995614078620803,-0.350190414594407,-0.462430205853014,0.36898381588146,0.234332195355329,-0.0411375917533012,0.0589188116748011,-0.247755288514385,-0.234462827498844,0.141915521430748,-0.342701844863461,0.0814021339448942,0.44380565981876,0.292369787893338,-0.134122870363548,-0.284485298865536,-0.0170050647158781,-0.485556035837153,-0.192845301601772,-0.495170152907079,-0.519237027261127,0.0583668878923569,0.200224532949193,-0.262168155340828,-0.123182466235226,0.430362954885754,0.0701681608593605,0.22540579451935,0.215704924740171,0.146980583575587,0.251381993284493,-0.143671462798583,-0.0257520773980512,-0.227897388715687,-0.397293250311337,-0.347542617927034,0.616798565901684,0.256114168741344,-0.277669116319487,0.763073300762282,-0.192553395981293,-0.198846261417056,0.654160838967029,0.763176636548672,0.535359726776624,0.513162142666049,0.210105089426008,0.177348787643456,0.216716728463062,0.156663395219705,-0.301520363043957,-0.217319116410791,-0.322411674274821,-0.426430087996925,0.509521622659099,0.239445931929888,0.0911421989116173,0.0298362242992339,-0.26226434013862,0.217640015774694,-0.344924066173202,0.365475607025576,0.13980668971866,0.472024377579522,-0.184919505269584,-0.426569027028078,-0.119591973767101,-0.4939143558997,-0.236363354603811,0.0272743247499082,-0.0387503870596143,0.232252048673829,0.00021103168179085,-0.42663855884008,-0.395504281769768,-0.220099225469754,-0.107405822555601,0.241235087024127,-0.291268013934014,0.584409284139542,0.116486971709098,0.180686341163084,0.221716996887136,-0.196869716478078,-0.244198585697257,-0.336977994837298,0.579287827601715,0.278479571981958
0.114158293125471,0.225924726180757,-0.323223576881989,0,0.637226495392456,-0.243262300959815,-0.173073638264342,-0.0310344276544941,-0.188843412988897,-0.378089717903073,-0.419299950549774,-0.349621811814852,-0.0812644826661607,0.213505807184849,0.187437261567877,0.26631530345943,-0.119809856839512,0.0511531501604947,0.0326017005851719,0.0207574290706242,0.115633213186993,-0.202886968752214,0.238002229659968,-0.359594385088115,-0.377647070754671,-0.388156645600197,-0.164553020328454,-0.165019028720317,-0.208662729936499,0.217285714430922,0.421237192590557,0.6197489591047,0.688519679196681,-0.26732956950106,-0.377232791684251,0.0737342836321575,-0.244348375526895,0.0100638442622084,0.0162029353522385,-0.421354531378358,-0.301601949237694,-0.158413555609329,-0.219349479257719,0.0203577325545203,-0.146909463754752,-0.0383632052465128,0.180336729785461,0.0719347293703921,-0.183482077042548,-0.316262062840251,0.513322058567999,0.0258109198227647,0.678405912849094,0.853536149816414,-0.0427858338878616,-0.322619932671049,0.0242569162836617,-0.114755015180482,-0.362042110580534,-0.385745431581764,-0.246980986483224,0.0179655012064996,0.192212523757154,0.254807784185587,0.185024526563046,0.28122570605384,-0.27368798307614,-0.087802844464385,-0.113879569601027,0.0266933727723678,0.125260633393793,-0.152996205321902,0.216559546278438,-0.512326799883087,-0.332773006403154,-0.483591664945413,-0.0910787051508778,0.228117929442274,0.18502085927652,0.641822277877234,-0.145752103867103,-0.419693465052304,-0.183775873373106,-0.414527552602142,-0.271117818733735,0.10035967785967,-0.0262588719542297,-0.0957997164370351,-0.0589586106365225,-0.553884853867752,0.397877970404018,-0.463386663240828,-0.16532017659248,-0.223413842126751,-0.290693167372119,0.217344058459566,-0.0329869071910961,0.0468038805085635,-0.0894236639413209,-0.340475028543852
0.197449459873377,0.372146432605344,-0.0178961192495092,0.637226495392456,0,0.157680167331318,0.0604932010212519,0.218146475902458,0.155646944592769,-0.158671117660546,-0.176891394746944,-0.0840208065831183,0.112753011395029,0.213671885751683,0.083277115116806,0.273061968632814,0.0256614026835835,0.0817334351429317,0.0830338831156298,0.0137583605577164,0.0546506071040795,-0.00497838594992818,0.140442390256081,-0.143194102352764,-0.252607620414478,-0.173327059115127,-0.184953242396565,-0.0922534397967747,-0.104491106999443,0.130864372458776,0.102471231613642,0.408230758463267,0.387558418857845,-0.169478217979137,-0.210786075966291,0.0509145150902598,-0.130206587539354,0.0231441386167927,-0.014761620912944,-0.223713510658983,-0.0634587221070681,0.0407756859358319,-0.115113851487302,0.0909176028704279,-0.200572933571416,-0.0897112112816584,0.0670595690338565,0.0263931941267161,0.162495811085924,-0.0818525991457982,0.355113761100358,0.216882785864564,0.478038275576494,0.688682465782865,0.347164499888022,0.0681617907267392,0.250777258485517,0.192045107398565,-0.145512697481153,-0.104674790721543,-0.00560601014556503,0.155385010971548,0.227084178084483,0.291571967653327,0.156411779248589,0.183546231641502,0.0217203128444926,0.0249806830350275,-0.0488917912340541,0.0331476182882928,0.0558793070257578,-8.16992712886514e-05,0.168507401269759,-0.218624658063978,-0.0992727623862564,-0.240737730280035,-0.045485867048159,0.14314175782409,-0.147697741907426,0.306017732909588,-0.196153330073265,-0.313904704201168,-0.175757702861105,-0.228063373146617,-0.18994874424345,0.0657007286038398,0.000638166121063266,-0.130139668322217,0.0206204604583971,-0.272949077476446,0.13938479837751,-0.318857453709644,-0.0581608456486652,-0.121341077937655,-0.213651649269951,0.0988239826468998,-0.0599922904479556,0.0082428676348987,0.242938670530243,-0.0649722961244196
0.196287296151767,0.532216318392281,0.665336551076231,-0.243262300959815,0.157680167331318,0,0.71280234892926,0.633202900117058,0.736385459504243,0.481875215592448,0.418862459946062,0.266284617882498,0.247919028495753,-0.160356274964383,-0.360322179386163,0.360599582463987,0.34421802177177,0.0792754439560794,0.205492915756731,-0.0991406032359142,-0.107775716477937,0.289244875363313,-0.251877461446847,0.191037043113671,0.256249712360528,0.297267280030795,-0.0637438887044766,-0.181595593704341,0.0696300303103984,-0.300072001805884,-0.216371621925413,-0.485816028430715,-0.456947685734231,0.0732902529336288,0.2367529924592,-0.227871171789235,-0.168631945054154,0.247577807823411,0.222436018085608,0.3586792606405,0.227621632251298,0.28132827460617,0.224634423337,-0.0621455106647047,-0.017647411995062,-0.145690412179162,-0.354281695383255,-0.232703757047237,0.745094862344068,0.257455303362188,-0.22269702351089,0.65069944343726,-0.0660189333187374,-0.0572690400367256,0.798830810443191,0.807112738382493,0.662114371606563,0.667354636017831,0.353475322764192,0.266603414631182,0.154074818502643,0.185567178941077,-0.125953103367545,-0.0379350585887899,-0.169766586483365,-0.302792160476446,0.577515474933524,0.296927106245521,0.147251939650086,0.144870223328846,-0.154747280372282,0.250811874981584,-0.238683377658465,0.494990069628842,0.204589723925733,0.328450102838444,-0.0224134158922753,-0.240240045497074,-0.268076328585436,-0.496936419972477,-0.235784410984946,-0.0273986543462496,-0.0392634357263599,0.226260329533731,0.0259223457525759,-0.327404241772294,-0.283090570913879,-0.181048201603574,-0.0372388679799456,0.193327059591594,-0.383624875598596,0.308717040402192,0.284861776178636,0.265841386630771,0.258704924537147,-0.0258433744163126,-0.167497277945701,-0.250122531295336,0.669697980415955,0.277941167182849
0.267752896591492,0.57372756773534,0.575893087561903,-0.173073638264342,0.0604932010212519,0.71280234892926,0,0.685870500990477,0.667697219980046,0.520244033214349,0.39906864082669,0.31653622969741,0.0964428578811652,-0.324897578928592,-0.483135318107832,0.549962273658712,0.266124938543477,0.0276825919428096,0.116110393037788,-0.176916942233621,-0.222637780616253,0.235607999330028,-0.36243653201935,0.167498658246321,0.265110743565713,0.299754844526907,-0.139605836391877,-0.305036424135242,-0.0722328499798864,-0.404881041787645,-0.122530557034929,-0.520904957144604,-0.442344141778009,-0.0129823060676531,0.234613346789506,-0.342185170569337,-0.291496213486475,0.276728571787347,0.135944873776609,0.508842431452589,0.20488359170007,0.334541775144474,0.281750584003649,-0.0459687443608746,0.0821168178430877,-0.244091343031786,-0.475661804576386,-0.367856546218647,0.567304899817397,0.108053942380658,-0.173134672577053,0.615451405527456,0.0379702488153539,-0.0188254485739048,0.69513917338916,0.676843640378465,0.726266332904652,0.615704088853629,0.376796524603243,0.261800554120924,0.0901793907990515,0.0131706425027349,-0.289312389019653,-0.216312389823182,-0.32856534008735,-0.463399751226054,0.662252364575227,0.18243550358224,0.0634202978156084,0.139873828438179,-0.250312801651588,0.21539377711494,-0.386773760111922,0.573307061959538,0.0957257182456201,0.315875543864126,-0.189632464640932,-0.36349374028221,-0.111416477027788,-0.479524244517883,-0.342218984865926,-0.135899676435483,0.110483684867458,0.225119579039321,-0.0362373256949241,-0.469030428350052,-0.35194593456621,-0.247363870828911,-0.205800464295069,0.163973432897162,-0.395838926343056,0.285787083367044,0.221722272620455,0.345359319573721,0.298259691275445,0.0222105297367526,-0.238674630206168,-0.379989159782701,0.546101087909424,0.151139847447869
0.131272374413861,0.593905102853331,0.467673581504459,-0.0310344276544941,0.218146475902458,0.633202900117058,0.685870500990477,0,0.811388300975546,0.225183334476779,0.363964553208234,0.338816724618216,0.282823419632115,-0.0603412202523328,-0.228335333607449,0.2653126601738,0.445611345614743,0.429961704753966,0.328605670216311,0.121030686665383,0.100362999202702,0.438497203784232,-0.0585992676438377,0.204567204002924,0.0105076405627592,0.318828390777543,0.102026106643919,-0.121512658002943,0.171330934404692,-0.160349943718916,-0.174754516770518,-0.401200642391898,-0.395637090526641,0.194565787666274,0.376741431051402,-0.0298210824313868,-0.132873004939985,-0.00099773133500398,-0.00177996226433795,0.265046764808158,0.288760412460878,0.281766994114929,0.228700689009302,0.0740548587546321,0.0838072210123885,-0.0547574748020624,-0.221185460412604,-0.0968972285627862,0.596314483307365,0.300619739725332,-0.107672811467713,0.559376554944712,0.140285598556614,0.192069439876415,0.682895860147561,0.630211662578207,0.887437049255917,0.842276441006655,0.252515930607143,0.32423087280625,0.27551397114099,0.210933170100671,-0.104377733534881,0.0535630423724755,-0.0451117869810943,-0.179222850691991,0.600915493971544,0.384796015804837,0.322080617525407,0.488224054994798,0.0788094818331504,0.378967358613556,-0.0677429712589418,0.429127752947156,0.228235277254617,0.238300670788618,0.0656289259435492,-0.0885399052091804,-0.117877802629876,-0.333224672817444,-0.240119658316693,0.0290158287911839,0.15955840748134,0.309819925828888,0.165519577910798,-0.187782221050121,-0.141635919690301,-0.131111235246496,0.19298501792999,0.223111531195259,-0.244258980001072,0.0579218830550517,0.113734867235658,0.20024242104581,0.31540528346423,0.0615381892631244,-0.0225617710050942,-0.0960813646633971,0.620031699837125,0.342613465543793
0.205553655082286,0.548726624146965,0.581952838650375,-0.188843412988897,0.155646944592769,0.736385459504243,0.667697219980046,0.811388300975546,0,0.377020528997056,0.396686229906144,0.342311201639231,0.200535363435914,-0.156411135166798,-0.324375542873738,0.272241286652334,0.350366185324598,0.266414124673816,0.203090118555532,0.101129307024943,0.0107056503656987,0.374405111495498,-0.174448046749528,0.207890303879833,0.0595826586254114,0.279187790501653,0.0331722092523028,-0.175343745476059,0.124981195934633,-0.258798317604346,-0.160709650589016,-0.480791399568157,-0.430461986620785,0.171994284947877,0.349202567841723,-0.0498498566594889,-0.162718524785469,0.0954793195983356,0.0420339655563933,0.358144285021231,0.293508903366162,0.324146887212955,0.2524099859498,0.0249537296788811,0.0802523269467569,-0.0801367717430211,-0.290547761976457,-0.128627001547015,0.697959727416289,0.342276405412422,-0.13518265916602,0.602221694688076,-0.0115584723030925,0.0121211306245386,0.767018324228211,0.769988128229976,0.790535815504971,0.884823470047248,0.323250693336844,0.397228876922425,0.246974162926161,0.106643070955744,-0.231858480686176,-0.0898833881821042,-0.147765274083467,-0.293989243284301,0.676020106620218,0.269067147920061,0.210243725158483,0.332915744132392,0.0101559284405109,0.315198649927224,-0.190208216448336,0.451294757908457,0.202845928846093,0.283545772938298,-0.0140988214845203,-0.217827570139921,-0.170436284115304,-0.426596044116257,-0.283776255680656,0.0684242975251512,0.106266893761156,0.321602870944414,0.150187178627506,-0.293224954089945,-0.181235904689499,-0.134126224005162,0.160631870077935,0.280647386221611,-0.331338243857827,0.166958304393841,0.124214073436398,0.261824768000239,0.322336411074512,-0.000675811286564519,-0.0345476697387803,-0.134289834294658,0.699121161084344,0.39137730547133
0.203964011484365,0.121637276946459,0.34036129375686,-0.378089717903073,-0.158671117660546,0.481875215592448,0.520244033214349,0.225183334476779,0.377020528997056,0,0.556611173268262,0.348246205476957,-0.00637954575412459,-0.431293059791042,-0.543919152503343,0.339695204811953,0.0357539014609108,-0.248142335583226,-0.175828728528023,-0.27698040723787,-0.3904467082207,0.093408151955335,-0.511867417595239,0.221856582198047,0.536002281192812,0.329573548923722,-0.165794950092443,-0.204753491909342,-0.124794870797777,-0.497817310320787,-0.0544283080876936,-0.537938587959424,-0.283829908098758,0.0942986170150436,0.205569680459796,-0.341480885730573,-0.0548135399395318,0.280504982043563,0.223818033949518,0.620711034966168,0.141765702554821,0.372621839283435,0.287739322775474,0.0119174299522392,0.152196873954978,-0.297427866180917,-0.516451680024827,-0.410154877725942,0.302825676625363,0.0509072686074331,-0.102313669288536,0.299000726372517,-0.150108607456009,-0.293163159572974,0.418042439703071,0.407831203686821,0.215899456666323,0.211080145647053,0.720344587466093,0.383650585827193,0.0118061763219273,-0.137111022447037,-0.387561065075629,-0.449420657448852,-0.489937437534946,-0.574100379617784,0.461371112888393,-0.0715750139296883,-0.127227669746494,-0.245277268297108,-0.416875544162077,0.0533881695144523,-0.551676388122654,0.561511664125635,0.158100466334331,0.443691587550725,-0.155616502576913,-0.443061929704495,-0.0967599877876343,-0.491044995674722,-0.0807422233334791,-0.012030748375801,0.261922275589371,0.27944338899034,-0.0441357374836449,-0.485638789006808,-0.0788496431192035,-0.106242294107459,-0.346457265528581,0.315402640028561,-0.244133978943832,0.382822086844569,0.330347270044286,0.41813097591943,0.350008935375807,-0.051090959377379,-0.283435382906112,-0.452030051129005,0.192968994301994,0.10576234509386
-0.135369649434412,0.029123513990465,0.330659118570134,-0.419299950549774,-0.176891394746944,0.418862459946062,0.39906864082669,0.363964553208234,0.396686229906144,0.556611173268262,0,0.622990736184596,0.470764322708167,-0.0748479776667052,-0.283947837583284,0.0950562018647038,0.489522744010804,0.176578025676925,0.213270855909423,-0.0213257086032018,-0.037162084956251,0.501530264129427,-0.147201941105054,0.601330853639968,0.499379026501624,0.759642823461145,0.185260248543997,0.170294600601145,0.341456642737518,-0.249161453232513,-0.347666293267754,-0.436946885313682,-0.451711630925331,0.442974003281546,0.51328708094354,-0.1473307336371,0.223806412585672,0.0163941487014052,0.0361190006085425,0.394530168413228,0.403797397399644,0.172645557126485,0.342969757990892,0.0411922751813099,0.0973010899908274,-0.110083715508354,-0.246147770268907,-0.127965825553314,0.378217609595716,0.38396940122617,-0.262518730538857,0.222874382394858,-0.123273634418736,-0.256579666380522,0.315130762195677,0.451181258225625,0.277194106082921,0.309935754908709,0.59913254288862,0.53560498569948,0.470126064198044,0.324211902599153,-0.0809037465514344,-0.0521256088386789,-0.151086357215747,-0.256951942142236,0.440633994857719,0.351598091577083,0.309949974436884,0.139188241651781,-0.0676513881451335,0.39844948352234,-0.138112710091739,0.644560829006137,0.512430019172382,0.641188617860003,0.283130883172469,-0.117642547923068,-0.168795067546014,-0.388662462051493,0.125317130253068,0.26865634809119,0.193449565001784,0.508950493934035,0.269449483484876,-0.15833278703147,0.0968927133867219,0.0428045230254715,0.0470231057271036,0.480631512432546,-0.167220331458846,0.405081242616046,0.333018581735797,0.205190937854966,0.376278139439433,-0.0722573224465303,-0.0734979556026276,-0.147008945218526,0.281496704835687,0.435722506047062
-0.129696088945831,0.0336596540643132,0.269890366926779,-0.349621811814852,-0.0840208065831183,0.266284617882498,0.31653622969741,0.338816724618216,0.342311201639231,0.348246205476957,0.622990736184596,0,0.436270427304745,0.0495665850381943,-0.0114657466434969,-0.022676805709536,0.472119537737715,0.19727528784375,0.314864506505296,-0.0533800256055559,0.113781338533211,0.465158250814538,0.0225818785519496,0.583465481105899,0.320509908449172,0.705912411857349,0.169175474058257,0.207199402071911,0.312408959003828,0.00549932792727599,-0.363856937762618,-0.339843857716144,-0.460289269663681,0.301877560283846,0.492577826550097,-0.0980822875720378,0.152359649506969,-0.143527156685885,-0.231387094153557,0.460217785043398,0.341190562829484,0.369236901744397,0.465223569974147,0.0705551055403999,0.0908389901991535,0.00362874098389423,-0.144455589973233,0.03880966444345,0.235215234488273,0.163172321550936,-0.209208956543581,0.0914499439655625,-0.179278088318895,-0.23625202262946,0.321542156500247,0.390850835019962,0.270373909350165,0.285917482079636,0.453978260486729,0.700750960047927,0.736607297288014,0.378156806865349,0.0787245286157028,0.0796719586008637,0.035825678733086,-0.0488679037300624,0.446349437703885,0.382495381229105,0.35594144329156,0.175035618568029,0.0875551530932539,0.450124517451246,0.0320353443176618,0.505129571280359,0.55942999239299,0.726562117446328,0.242855171402855,0.0273829924736098,-0.151992053508421,-0.267723964326073,0.0952770129196952,0.0886258729544644,0.205359732009064,0.508800323559845,0.296391511683797,-0.041972891283708,0.0459946293099753,0.0427518473978897,0.0536169762757653,0.352894319622379,-0.205758409328036,0.216032075008276,0.0955575081481751,0.212650852637337,0.506460766189627,-0.0335995311423344,0.0561927608654429,0.0107273899492668,0.260655133408876,0.26501176642307
-0.264889710382712,0.0486247644374505,0.0995614078620803,-0.0812644826661607,0.112753011395029,0.247919028495753,0.0964428578811652,0.282823419632115,0.200535363435914,-0.00637954575412459,0.470764322708167,0.436270427304745,0,0.472321993189238,0.234586330104926,-0.104009088557759,0.661519550237605,0.371092788223877,0.527781384728782,0.123071639554771,0.347848413845789,0.621148330002339,0.345356944526661,0.54334318231679,0.149208374775979,0.567680698613899,0.423139448607104,0.460278525944704,0.639029851286127,0.289480215825635,-0.325779799699302,-0.0108608677848636,-0.215740897058794,0.472209364013379,0.461689777313844,-0.0293219501486023,0.309814768903994,-0.138673551176766,-0.124823641632273,0.0388834477112516,0.392580874995451,-0.0236252884976004,0.187751833483136,0.0348978602349829,-0.109743261163806,0.247441827137184,0.249986036545835,0.308581291409631,0.241207283986258,0.326925946021189,-0.220713766874145,0.0962021887986672,-0.0153709171039954,0.0326292624299244,0.220143017170353,0.217764923389773,0.150108121999489,0.251012309521215,0.15908684503661,0.218242416522931,0.530244523612419,0.796975100625987,0.4758302364286,0.463159955008908,0.326770236876083,0.270325192755935,0.0573333992421567,0.599183303741596,0.577763669078641,0.26991197502194,0.297357246918394,0.545505250672685,0.364336333294755,0.310563351608222,0.548275184669102,0.370229563992528,0.601847091174197,0.413397538068576,-0.168244881565278,-0.0231831362537479,0.266194326960688,0.273092130774683,-0.0258929914187304,0.396850287883793,0.415521574366117,0.323818563092502,0.200519178519273,0.258143995054951,0.20542201417881,0.216727972678978,-0.080051536284587,0.1164328749719,0.185370081266371,-0.0986190006373766,0.118788428507411,0.0697972484039456,0.264213391826023,0.326182784150503,0.249790557250224,0.34354034005231
-0.299771313171564,-0.251288352514803,-0.350190414594407,0.213505807184849,0.213671885751683,-0.160356274964383,-0.324897578928592,-0.0603412202523328,-0.156411135166798,-0.431293059791042,-0.0748479776667052,0.0495665850381943,0.472321993189238,0,0.775117800567033,-0.331096753408165,0.302359651462602,0.365620980403904,0.56471969717502,0.296779142345176,0.619267352361355,0.307812001543508,0.848751686233161,0.149363395808635,-0.31867677095979,0.0311654831189611,0.355671416379686,0.513113850331953,0.454330282701963,0.782331622041794,-0.217443670466136,0.442368110367343,0.211631464111198,0.175278914870123,0.0143558217790769,0.216959402053037,0.163879305320836,-0.43221192760198,-0.217701971111125,-0.267446226675853,0.0405285944655254,-0.195427974458469,-0.0982582905722856,-0.0056772338160887,-0.304686089313751,0.433341589261653,0.729690034912142,0.74189092676207,-0.151391211038252,-0.0203688460832,-0.0259377039745687,-0.330774054872993,0.0668479086023426,0.185329433061371,-0.152393649833445,-0.230172876389502,-0.166564791869362,-0.0628715172360024,-0.314567747424932,-0.0187263895593361,0.24091797427649,0.433204478669662,0.74699229470412,0.825376113159035,0.792932983430478,0.824737721451391,-0.327303953798786,0.340746724166313,0.392401592368008,0.28679000531454,0.591270850028946,0.253919335613603,0.822560955621293,-0.248110747523062,0.185372219137959,-0.112353370285232,0.507225316828778,0.815453198522483,-0.199767136061559,0.379771218908496,0.261079149107847,0.113020127581243,-0.272262770129441,-0.0449460218903146,0.272386417671012,0.708867063235429,0.181026847660248,0.315218562159114,0.307910234839681,-0.133447739349716,0.0619620363612922,-0.387027982518578,-0.163494471185457,-0.371106817812276,-0.216283883130402,-0.0102433240322633,0.4710354014892,0.662813334734603,-0.0662465326382028,-0.0316137484494724
-0.244186633139016,-0.353660916888253,-0.462430205853014,0.187437261567877,0.083277115116806,-0.360322179386163,-0.483135318107832,-0.228335333607449,-0.324375542873738,-0.543919152503343,-0.283947837583284,-0.0114657466434969,0.234586330104926,0.775117800567033,0,-0.441730978269005,0.0740127193497967,0.359767127920478,0.370037293147682,0.431548453711608,0.740681516413032,0.0738032329953521,0.76661338569954,-0.0053209168748455,-0.430504590725248,-0.135654220515149,0.312738681567046,0.45336592070731,0.348410495723452,0.848389374830661,-0.121010242852842,0.484551524166477,0.250946098295622,0.00730649986845785,-0.107397453549109,0.328080057774965,0.0947516274201589,-0.483848705186242,-0.261265778015721,-0.290535419505076,-0.160811461798385,-0.143650253060841,-0.16366417081977,-0.025826594741513,-0.291662072597934,0.412884573403958,0.651529520104879,0.722308529030119,-0.352036158864725,-0.148115296114594,0.0628122427137438,-0.479057867737817,0.0047327599633507,0.110145698289202,-0.349781121557847,-0.383561349894795,-0.306748283645798,-0.221956979737682,-0.40303318721253,-0.0125108279629713,0.2009187739494,0.239255121005015,0.662563877898277,0.672374763619921,0.833037415941363,0.90364615658208,-0.422273933152027,0.150806897401312,0.293937950005931,0.334106165033031,0.742643140848184,0.0802104675194153,0.792142268778179,-0.382020982987453,0.0478885096139298,-0.21476147743371,0.433665621682118,0.775795151941123,-0.101402436005917,0.425143276622834,0.173782016546374,0.00208345140320445,-0.256046333711425,-0.182636626725991,0.187799825815883,0.657411231022792,0.192300599296875,0.280702249498827,0.348466624515383,-0.264334004101141,0.0777856452388177,-0.49137276503301,-0.280636008081311,-0.324623372311085,-0.216436491139905,-0.0275267073142903,0.466020957365219,0.690333076961986,-0.244034580069128,-0.162812795530999
0.457153729544066,0.531401284604125,0.36898381588146,0.26631530345943,0.273061968632814,0.360599582463987,0.549962273658712,0.2653126601738,0.272241286652334,0.339695204811953,0.0950562018647038,-0.022676805709536,-0.104009088557759,-0.331096753408165,-0.441730978269005,0,0.0711024249077433,-0.174111332422897,-0.0531367726070601,-0.282375560339294,-0.267202242068509,-0.0578411869612715,-0.362735983609682,-0.0878230667979563,0.296085380358165,0.0111330678698671,-0.332223083621207,-0.43937632666036,-0.247483922704468,-0.454135027630921,0.212582164282666,-0.0950390482181704,0.0784225556441197,-0.180945706222229,-0.124955719370183,-0.409996396216034,-0.378717112601159,0.498060571588476,0.198091520487908,0.190610080311791,-0.110554555340297,0.13514034604671,0.10904605886806,-0.16328316491097,-0.0645015729306011,-0.425420750476686,-0.420455859554758,-0.430141038995243,0.244422562675717,-0.232711023160506,0.179160933612247,0.540263760172254,0.258347136261793,0.263358978164405,0.397963580265828,0.288052382328683,0.35556470655515,0.2432662042823,0.117519856459954,-0.118164299559469,-0.181093470289156,-0.112466409901824,-0.312199859072464,-0.250774770599444,-0.347591783292744,-0.430334837411383,0.203638526106815,-0.0188441831899758,-0.130393630024111,-0.071352690356362,-0.298770328060416,0.0130991648239455,-0.397952784997697,0.114565489333051,-0.178552371625002,0.07519910925882,-0.297662386134228,-0.363481519830311,0.0723504741230537,-0.103345239677604,-0.300793070544874,-0.328802213709574,-0.0128618071160314,-0.0516185015161935,-0.287531225707499,-0.529206720336854,-0.390044971454985,-0.232223507586265,-0.444243616454355,-0.225099036193259,-0.14979083280366,0.235545644431238,0.0862787904593586,0.182086872717256,-0.0593520165431785,-0.0115023300413331,-0.397827795535869,-0.470620811997243,0.179293016353343,-0.218219200072498
-0.198926266996702,0.153430562352173,0.234332195355329,-0.119809856839512,0.0256614026835835,0.34421802177177,0.266124938543477,0.445611345614743,0.350366185324598,0.0357539014609108,0.489522744010804,0.472119537737715,0.661519550237605,0.302359651462602,0.0740127193497967,0.0711024249077433,0,0.509420711719031,0.732802107746177,0.158549940075266,0.396424222056016,0.727151179961961,0.273947983161613,0.534579427385317,0.217516660608552,0.582757093890346,0.390895207522846,0.342561662762517,0.629132733283992,0.111194544757807,-0.325999822101989,-0.137378452624948,-0.293472323568215,0.555349442279632,0.491470261979007,-0.0817191934245962,0.183718967813084,-0.0927659527081182,-0.140691640061993,0.0641184592201142,0.344851441905848,-0.0189133787143785,0.23359373740415,-0.0402155046620081,-0.101385644541681,0.19840935283946,0.106235390742446,0.229862416148312,0.270093673008666,0.311485711161653,-0.292698172653168,0.217495144353554,0.0471342477400267,-0.0100259411459887,0.288785069990665,0.306136558947412,0.34185398188369,0.399334819393267,0.119761430353609,0.180640647049015,0.476745265952377,0.580432380913724,0.245963868729011,0.372676732874514,0.276159120489697,0.119909852040953,0.149159816614485,0.799344854249831,0.736552233309886,0.506459764738004,0.302047611934291,0.625950582384222,0.265136582286197,0.283130585051471,0.551709954909186,0.422663267017605,0.530841266252595,0.254506984011456,-0.0827479150839904,-0.128816878751152,0.279640623204842,0.287451445786813,0.0457709963652891,0.477169863981421,0.408060982277075,0.190992631696901,0.0248744579677105,0.184025284189013,0.165168682782347,0.246480668586991,-0.13870745830125,0.212902055135951,0.0516385067875029,-0.0322365735509074,0.134648832100014,-0.011609006745291,0.179105634758549,0.211431392398273,0.260280831840417,0.304910434997399
-0.251998215519007,0.0540733377959737,-0.0411375917533012,0.0511531501604947,0.0817334351429317,0.0792754439560794,0.0276825919428096,0.429961704753966,0.266414124673816,-0.248142335583226,0.176578025676925,0.19727528784375,0.371092788223877,0.365620980403904,0.359767127920478,-0.174111332422897,0.509420711719031,0,0.538311883567033,0.639499501124853,0.583386226667744,0.530490888552998,0.439657745239959,0.263042259921637,-0.237533483396901,0.242884982900354,0.459324734653639,0.353011257263275,0.508029856918527,0.351118535351535,-0.207171880627904,0.037023343441239,-0.103682619872689,0.480074011292811,0.397369262640207,0.475990659371322,0.14460170331184,-0.407942014360851,-0.165308842384555,-0.125535240585689,0.222587996223403,-0.0158641915769552,0.103363438240069,-0.0377836281555537,-0.0530363789352861,0.180118615109954,0.311469633169888,0.381473674709618,0.0966805487457761,0.34815079935491,-0.123698076055342,-0.0247291944259125,0.0877155971647948,0.133386265280577,0.0711492919185626,0.0732303720795468,0.294913648390807,0.375632137848631,-0.131749003956219,0.118034807120784,0.324308263416572,0.34218952797973,0.309561536299752,0.426689924660433,0.468696526828181,0.376526028648698,0.0216738739578467,0.505455738454516,0.609391826921435,0.841908080132578,0.591965376989416,0.403309222902558,0.461590704795397,-0.00717350050235038,0.309679182678386,0.0199996765572765,0.517111720267015,0.434134952160854,-0.0306875922495079,0.0481164266253296,0.132458941599485,0.333787894320908,0.0432558081813194,0.232717564660305,0.340311476550094,0.368800089429622,0.179265023860106,0.133187970077359,0.65548951188075,0.12796991649884,-0.0275409377301164,-0.211460691583453,-0.122797260499665,-0.11547402096698,0.0517964248143073,-0.0373954257784614,0.20582869227785,0.342336057376924,0.124041221421429,0.330322214664378
-0.261911306165383,0.0725198817842007,0.0589188116748011,0.0326017005851719,0.0830338831156298,0.205492915756731,0.116110393037788,0.328605670216311,0.203090118555532,-0.175828728528023,0.213270855909423,0.314864506505296,0.527781384728782,0.56471969717502,0.370037293147682,-0.0531367726070601,0.732802107746177,0.538311883567033,0,0.196169217865218,0.522236944345097,0.570004231793598,0.503184024821904,0.36300288314359,-0.00896544135598009,0.317376180089487,0.427988960601121,0.343747928348873,0.579874435279002,0.356576910840901,-0.293682790110629,0.0748993286667071,-0.124974034585326,0.378572848574996,0.291376657992882,0.0452793112223541,0.101102802233949,-0.199124632397654,-0.162795006076544,-0.0713714163845591,0.185757649174877,-0.0622813717996328,0.150229984439456,-0.0453263950156541,-0.224487000468215,0.284234579541723,0.353824892412266,0.448785442782501,0.124945777057944,0.152535416944142,-0.250256776710616,0.0570175586001551,0.0666310596276468,0.0689143431181136,0.174733525210306,0.142064157790892,0.248501431093299,0.287931023610409,-0.15538037651629,0.103539887474868,0.392884491147828,0.530473650143731,0.499483281429281,0.617405694641874,0.561427243672693,0.428340551556503,-0.0350849244758961,0.747538436894058,0.692443692323697,0.515532329514446,0.444791911183659,0.576221987972602,0.512876475376859,0.0330660528848508,0.391425857953971,0.198893535002684,0.556542388897926,0.508567270945772,-0.0834695949595902,0.0659375045286879,0.300810323353434,0.178129450621932,-0.0283910938474577,0.302695952814044,0.389030848301975,0.437502542786583,0.00395473806307748,0.229099873454048,0.229993681846818,0.0479280863820383,-0.13731693395835,-0.0507896944559909,-0.0362933985938787,-0.1801970868111,-0.00369703060319629,-0.0461836634059268,0.294707051969058,0.388119333112269,0.191505466614559,0.113187774041156
-0.0480187419639358,-0.145496061396879,-0.247755288514385,0.0207574290706242,0.0137583605577164,-0.0991406032359142,-0.176916942233621,0.121030686665383,0.101129307024943,-0.27698040723787,-0.0213257086032018,-0.0533800256055559,0.123071639554771,0.296779142345176,0.431548453711608,-0.282375560339294,0.158549940075266,0.639499501124853,0.196169217865218,0,0.61001400151589,0.187850453777983,0.388041510542738,0.0821602372185603,-0.377032123644128,-0.0504479839707104,0.426430666496176,0.361173427479174,0.464924847680701,0.381400082796326,-0.0649793203138676,0.127290616669517,0.0997162615975394,0.306785561507922,0.154822697179387,0.432878231103601,0.159727772424702,-0.414246009437756,-0.142685533402793,-0.161377828251916,0.131566541522967,-0.0482796405665056,-0.131298753422902,0.0848856750145501,0.0555026668006028,0.261406275872427,0.363703284225115,0.483518303371618,0.0248078122186817,0.315494604964967,0.078134467548982,-0.182674446561407,0.0840390998701919,0.103052299611235,-0.137337533722235,-0.0999736446580908,0.0090835019374776,0.188518604457413,-0.169994844577141,0.0546542276653829,0.0986107844165308,0.0376305705689776,0.21624582036934,0.260688358618059,0.441742468716491,0.395849218691337,-0.106617539947276,0.123366373095141,0.340574463889992,0.600876430918245,0.701048906153568,0.0471955369002806,0.408272626778968,-0.140511171064348,0.0572931677925554,-0.263458297786535,0.480362744566808,0.369790034426587,-0.00566432073986258,0.11827685886763,0.0961424295595528,0.33714667830174,0.0574288640354282,0.00372033733024915,0.302196666805866,0.389081118726723,0.334035231760534,0.195059382331428,0.604575402968809,0.0403865740742218,0.0340990563607114,-0.334446643308548,-0.158171960459916,-0.120005016629859,-0.109503752962308,0.0403403850533518,0.320310804906107,0.483261573101448,0.0331224855993702,0.281568735345312
-0.164618743345672,-0.128155658382558,-0.234462827498844,0.115633213186993,0.0546506071040795,-0.107775716477937,-0.222637780616253,0.100362999202702,0.0107056503656987,-0.3904467082207,-0.037162084956251,0.113781338533211,0.347848413845789,0.619267352361355,0.740681516413032,-0.267202242068509,0.396424222056016,0.583386226667744,0.522236944345097,0.61001400151589,0,0.285152205466287,0.669490297239413,0.15245717334368,-0.313837146246349,0.0654198595498754,0.446280986241101,0.40841659938333,0.618437928764683,0.659916985563107,-0.140371606609327,0.281442778737201,0.0918192453787413,0.259016707160021,0.0871098360533986,0.182318587847276,0.059259257153758,-0.438234207346177,-0.211300116826447,-0.206629500810835,-0.0520107387564297,-0.120435189286233,-0.0796311255224399,0.00667148420387313,-0.173182579361007,0.406898902487595,0.479829119984677,0.680266470467965,-0.124458719910591,0.0268344865296657,-0.00145455944988087,-0.20923851686441,0.0691878178485737,0.134026240099539,-0.13884662120926,-0.138606553040572,-0.00842795305172535,0.13292322352929,-0.26325103950781,0.0561370881920332,0.286363794486432,0.307918495062309,0.468170481061468,0.56821914051698,0.762344202814056,0.700975771302968,-0.238237655669007,0.414704006018847,0.585931190901184,0.6021107930337,0.90410095376261,0.256665652965249,0.703355377834279,-0.203413267655397,0.159491117450624,-0.09366108982324,0.612570044568523,0.641449630887128,-0.068524383088015,0.259170318329971,0.145164975422472,0.13784357311268,-0.137945472597562,0.00884833396909316,0.344767671250833,0.530532362473765,0.157532413333781,0.261733247108724,0.366653565460819,-0.176863564627767,-0.0249245579635568,-0.337201014282328,-0.18220307447972,-0.231858435739845,-0.126490269995381,0.0373786346525095,0.463231369444207,0.670843456514195,-0.0639307114055739,-0.00851284696177501
