0,0.0626866426315658,0.118170610441059,-0.357254327449441,-0.220948677058909,-0.0406682173690968,0.167054739413171,0.118661962358935,0.177364667173185,0.143587063015547,-0.177656621474574,-0.234309463146634,-0.234756368288342,-0.352408346861989,-0.294043858737095,0.0325168272495093,-0.384002192572319,-0.0658980159129491,-0.374177407347067,0.376521535929434,-0.322230794639315,-0.317891824581459,-0.431399674771662,-0.44901512153133,0.005421154351212,-0.265332085613714,-0.261833058443041,-0.289405261182462,-0.348892404901345,-0.345543045157097,0.228608821195547,0.160501040961519,-0.00901327949598798,-0.324460765283116,-0.260196943852453,0.00512776689749327,-0.344532594039448,0.389770034385785,2.16660518674159e-05,-0.176775203685438,0.0679976878890961,0.118757070645169,-0.19239717279577,0.0123501366622988,-0.128912390453,0.0762357125533544,-0.278487305475719,0.0659486483427587,0.191203069517828,0.0755041935901909,0.678278603578155,0.184702302289092,-0.209530306270631,-0.383188373355409,0.00646194573308395,0.24507761738129,0.284591380173101,0.231164795582332,-0.0711927818661482,-0.298844971828062,-0.362369766587403,-0.236199811219087,-0.258046040957929,-0.168370421614971,-0.471302521705001,-0.208224002252219,0.301947313807157,-0.430302091401096,-0.278220678284247,0.0239610602253691,0.414634230367631,-0.49778405293543,-0.341106207589464,-0.2775567086867,-0.501757489074711,-0.277475720310152,-0.361289287096288,-0.437932095864243,0.348425185069367,0.148324145326303,-0.443503242574189,0.238923855205025,0.0032971021091308,-0.270972437414665,-0.254647333045484,-0.368789208173077,-0.168134421646253,0.020372067354,0.332292304375873,0.110514899834563,0.00576642951942268,0.342396102142827,-0.086756912074205,0.243138239211673,-0.126715711364711,0.192093357314234,0.0968344364421826,-0.0210981940755698,0.263271185037035,0.158067699174596
0.0626866426315658,0,0.363174884952331,0.465778829583753,0.361284679466677,0.0431315624843369,0.361755756949708,0.540089578999311,0.492342516374982,-0.0647717815303545,0.0637566272289375,-0.0298091245761304,0.272335883490224,0.204240458521063,0.166297818022342,0.23703418427652,0.0675495034591007,-0.0140493624001618,0.133833272906563,-0.125549546354235,0.205518630949827,-0.0306801402648415,-0.114649451373908,-0.0923311567698461,0.0312622498523498,-0.115731308400792,-0.177641360933335,-0.219938796557003,-0.12071610538995,0.0178689090923752,0.0180463608207794,-0.153890711252315,0.146212858957077,-0.143872493392424,-0.0715570563290499,-0.0442044293891364,-0.114278341436386,0.154398035167043,0.258960559329951,0.0854430215735304,0.0438691723889796,0.0326527674194283,0.00583889084098925,0.0416275807989908,0.0511669561972349,0.102296516306223,-0.127982557665961,-0.135051362644691,-0.00529993121280791,0.0223328521200667,0.142147105563532,0.525386154828794,0.0750431981037055,0.15712748101408,0.476541589272019,0.26157817175073,0.236818712192744,0.455694311078998,0.0664778978251118,-0.11814286421117,-0.0138539900774201,0.312297422278207,0.185315873916189,0.386813520145505,0.0387381695281043,0.232612039219625,0.0513792549360626,0.186520776290718,-0.205110869517327,-0.0148416864179335,0.0676478919946896,-0.016866372956629,-0.13800396092324,0.0222289277234709,0.0313700723286133,-0.192913790616038,-0.130226855958281,-0.117479197388575,-0.0227459757828744,-0.120892661468745,-0.325797721056574,-0.142677937631684,-0.113615783649343,-0.0518996059939487,-0.293770421119081,-0.0567241458170593,-0.125510647021052,-0.306366922023468,-0.109387713216159,-0.103348068497,0.00701356393944988,0.0319823350751332,0.136786980106106,-0.0147897801739494,-0.0429369280960814,0.0790424379426345,-0.0206840068796847,-0.133023099041107,-0.0433983802933733,0.020687771068528
0.118170610441059,0.363174884952331,0,0.0620873081596183,-0.20117532906642,0.0672273247813283,0.313099365088364,0.480486620244877,0.52718935274456,-0.0135597903519387,0.30936932427984,0.335765731173077,0.366626352193248,0.309747173081461,-0.00970065975559401,-0.104391663157617,0.00991564897127866,-0.232336850649517,0.276961976205381,-0.363776233497217,-0.105476382855244,-0.0920292285352663,-0.161383460597338,-0.0211778273070437,0.195016153625442,-0.0102662990161669,-0.261775583881467,-0.519219489039252,-0.27429121527546,-0.221648833154365,0.0614000738960472,-0.0357705032353602,-0.0333107643143781,-0.216499172588423,-0.118373570088401,-0.32903020949795,-0.219919791109242,0.291753856033513,0.304871279139309,0.114250611881303,-0.0694975487901478,0.299917791594855,0.101784746042996,0.060615535192613,-0.0730040669431508,0.200831781586993,-0.0920763048354943,-0.0471219834748069,-0.0602692291558648,0.0215576474238805,0.237924033301879,0.692139300235964,-0.149992216333616,0.1710723398913,0.461863378806556,0.603573090431073,0.210714962694961,0.513090704766618,-0.0329746447568851,0.250816585663438,0.203005410240914,0.433557103227771,0.331623623372161,0.37807804080133,0.0465014624342278,0.12316569996329,0.00586118849882363,0.253184226883498,-0.317341194809026,-0.199377793149975,-0.130881251682998,-0.103220211597348,-0.166049367896151,-0.0431648752001057,0.0614739201901386,0.229570907524778,-0.123844341469797,-0.212866826274337,0.220397361760764,0.0325684891008608,-0.295303946984435,-0.245804408624104,-0.131564737869133,-0.101524399924276,-0.309430179360745,-0.247658095427911,-0.129129628394877,-0.490007542970054,-0.278733003651372,-0.0601486054301767,0.00898715562431258,0.322570773248648,0.102749150854047,0.267301305898154,0.129369427162196,0.00282348515940019,0.0805691632770714,0.0119770083580876,-0.012572072550957,0.0384931239582703
-0.357254327449441,0.465778829583753,0.0620873081596183,0,0.578894024085859,-0.0252701814137665,0.261280135717773,0.181186222582394,0.114791722452398,-0.173244529940374,0.0346770221056555,-0.168278603183436,0.223876600571128,0.390412354299008,0.355827856356435,0.122566779556569,0.0894845075606233,-0.0684618455458002,0.319831004086953,-0.113121866209409,0.267139542779235,-0.0277308704532595,0.278601804466691,0.0175381329488889,-0.0959779019829522,-0.252834783410463,0.0885028845555891,0.087765136173812,0.288058815106834,0.148086847019675,-0.149404033551284,0.133190127760397,0.200413786678693,-0.0109508144986222,-0.11807928501449,0.118338207260224,0.318358990312389,-0.00528118210280896,0.0300330479612455,0.0772949140164875,0.0900848251100472,0.0312666807506261,-0.268002356297215,0.191571494273606,0.258505006492364,-0.0460238860519213,0.148895121661749,0.101162780080782,0.147673021946345,0.13282668393554,-0.235151929054072,0.169591184418573,0.381065740513564,0.733151782445745,0.0924739914739796,-0.0787412681535667,0.0950835233222627,-0.0500297960371286,0.133125363825873,-0.120928788160915,-0.0294606271674466,0.272420046688819,0.257311271692031,0.320924461743744,0.385477686549636,0.353956371867338,0.0483149169993853,0.380597188874975,-0.0489462339502025,-0.202926060827395,-0.159160770989986,0.113552741584027,0.139490318280778,0.188803926208362,0.225107773945736,-0.212474604900401,0.251482275313163,0.300448552752406,-0.238143688715383,0.128785736706157,-0.0353715416938748,-0.370161908528902,-0.207061910333982,-0.0871892828063849,0.0483443394661314,0.222077852688989,0.264198782119597,-0.172694509536768,-0.0529161413432307,-0.107005903876946,0.101666977864343,-0.302043895891031,0.0968665786258513,-0.143529270624944,-0.260301987995711,0.104666227047149,-0.00973265315202735,0.178318202808196,0.0598970915475673,0.119056098563284
-0.220948677058909,0.361284679466677,-0.20117532906642,0.578894024085859,0,0.227847810644057,-0.072669795346558,-0.0793797189600709,-0.023162995663402,-0.125531374520121,-0.346450044391551,-0.264488004236893,-0.00304427424746704,0.0618961031970689,0.2303641903727,0.303703588915626,0.174409160131502,0.252727287459676,-0.0170115990362118,0.0530944674311587,0.31019406525979,0.174589967827169,0.219241167387594,0.0378401750018951,-0.194205696829861,-0.150216397664355,0.139802197982243,0.367311746981739,0.129811975870078,0.338988579362944,-0.105296139508659,-0.0552684026716001,0.221253688029561,0.240303104079684,0.119157852925356,0.228361420970946,0.13195997433022,-0.331297371499562,-0.160832767001105,0.103441967216586,-0.0455216358621573,-0.160041468374838,-0.081530610034675,-0.134422838386235,0.0885178509008767,-0.216750595567634,0.0462596195832554,-0.0933581008770038,-0.0129245057647955,-0.12628818218798,-0.280667992139821,-0.14485081818644,0.358747659925098,0.345200611368197,0.20677275038489,-0.288324653346152,-0.156175626033162,-0.166393802429155,0.111936931050907,-0.278936838091206,-0.166650705300198,0.000366460368256228,0.0348473181315927,0.0542475826199019,0.110153604686193,0.113950526735212,-0.162978367667262,0.123344040087767,0.254718546746436,0.187040769750616,-0.0745273601476085,0.233740258453389,0.220283706628987,0.228275107949348,0.133377560439778,-0.288337083206083,0.0471985757532406,0.290446790437209,-0.208860876158731,-0.120222078853206,0.0856524328036867,-0.0405046667204521,-0.1480474663591,0.148155292358737,0.184740040535122,0.362368992417913,0.00306004997587084,0.105670022134923,-0.0319229992880047,-0.176310095494264,-0.0732954420719496,-0.463061357402227,-0.110393116614028,-0.240687635200759,-0.111740308490378,-0.122683670839888,-0.175049851267385,-0.081029627134549,-0.136690984748294,-0.152120978542972
-0.0406682173690968,0.0431315624843369,0.0672273247813283,-0.0252701814137665,0.227847810644057,0,-0.155730258026856,0.07258093435536,0.081275935535599,0.243572993147333,-0.116832478393446,0.156404494090174,0.127705955319671,0.0135218898011997,0.10077968992464,0.0921155283150246,0.228311283789484,0.257235777328421,-0.0116024639424958,-0.0043317703415226,0.139827770994863,0.266691010106084,0.161824554140325,0.248132430835196,-0.0664526541050009,0.238931587767796,0.095982966528832,0.259776208387146,0.14398138329808,0.217783196474123,-0.202865804934257,-0.122686686679896,-0.0886290518129247,0.244636532485673,0.174052973494763,0.0761826745901252,0.0235720592664724,-0.200577889410216,-0.192218007013564,0.195064835435896,-0.27298322403886,-0.425648678281662,0.0966579945140093,-0.253032841393103,-0.133045588726609,-0.384328524904827,-0.159887193914559,-0.147698554026622,0.0754278836302219,-0.172672955745808,-0.263582002922468,-0.060406378123338,-0.0144056607155487,-0.00159881372458616,0.462159610200138,0.381652747545015,0.0317784286555643,0.00104547599993212,0.131622381566981,0.233842892982289,0.174530307981286,0.0639418688733724,0.0431252617448801,0.0116954938781387,0.0610895167128989,0.0989959659366891,-0.236430538471445,0.0839207369635663,0.255357730498617,0.231682228943633,0.0717249621859041,0.146075263131874,0.228513299205411,-0.00295691325695788,0.14182207325973,0.0245175390120738,0.0688606595080585,0.126509646972308,-0.105980634533708,-0.120200616430617,0.0230119342709408,-0.0780579574508307,-0.160059689120196,0.137070488399756,0.217832068089039,0.0307118483169461,-0.0262909858765562,0.0788343330903417,0.116699817281914,-0.223795288146041,-0.240503971096617,0.0750585430075157,-0.0575900769088219,-0.376773232958326,-0.0503265909135801,-0.184159247237152,-0.322382902042535,-0.14077492126229,0.0872462735217358,-0.142867174206608
0.167054739413171,0.361755756949708,0.313099365088364,0.261280135717773,-0.072669795346558,-0.155730258026856,0,0.475273320642921,0.432083517709563,-0.0312032166066026,0.110694274516682,-0.330979728440423,0.157569043533515,0.249856569389272,0.140883541108565,-0.298918629871697,-0.423827776992651,-0.516287091654656,0.161441561975405,0.0655364728602462,-0.209217158693361,-0.516366555166665,-0.217300681680974,-0.426418319084587,-0.0203367134056614,-0.45850121767847,-0.163609544663523,-0.495280380533779,0.0676771702800046,-0.411071205991897,0.126614909877836,0.0221891068422542,-0.0561908720138472,-0.607354306753618,-0.540029355709316,-0.105284104235533,0.108913025952921,0.609406766980031,0.584623879799169,0.120384493973085,0.514772492248885,0.401238326129212,-0.321429359501375,0.55038973460214,0.330255837774807,0.507811418223811,0.178264554227519,0.295971457185914,0.410467513479938,0.588650804723281,0.216483116686549,0.388087107211337,-0.228210942528092,0.217620458155089,0.180781679676617,0.265280275770353,0.342814989930435,0.440944244825269,-0.0838791990688188,-0.169028941013682,-0.276069987347417,0.302161618535984,0.163367699874722,0.32699243367361,0.0476381310460055,0.292541191901978,0.625247392847318,0.124291751994158,-0.58991347293885,-0.47508694790753,0.135551332118164,-0.287028084355847,-0.184403935129165,-0.0192096182304278,-0.172392221660245,-0.344150111426445,0.0140562422255085,-0.211187574616894,0.0403696602845282,0.0333571074022488,-0.451446613909633,-0.123061600582209,-0.0302852473358184,-0.503845419373844,-0.368950016796638,-0.0568458326509866,0.193458371699519,-0.278605533566531,0.177177739517442,0.335425074043368,0.248738800999647,0.336211498721714,0.596446361548136,0.298746906939235,-0.138095529198836,0.55733545544991,0.501202144692678,0.326654040956354,0.440391385658232,0.584282142330547
0.118661962358935,0.540089578999311,0.480486620244877,0.181186222582394,-0.0793797189600709,0.07258093435536,0.475273320642921,0,0.814169995352348,0.138628847384163,0.17869961636731,0.0315962758331478,0.19269236905556,0.226169840417147,0.149706241192559,0.116743830810316,-0.047969254228113,-0.00289933113458539,0.138464337643341,-0.143078040816538,0.105578843874899,-0.150000930100838,-0.123980393551221,-0.160065600033885,0.172390539015818,-0.104934951597632,-0.304428758131141,-0.393522172825149,-0.135941973655089,-0.0499431597785523,0.11339032026157,-0.0364414763239519,0.00348240901419675,-0.23831853997697,-0.276051034370852,-0.213929879134979,-0.329056561372634,0.344410060317743,0.248001159579824,0.156676757238173,-0.0532834793563962,0.0336902967694148,-0.0547646269612103,0.0461468869205222,-0.171592421635148,0.11216891563974,-0.324911073798706,-0.171930046628969,-0.0785659607139239,-0.0292119352054487,0.239225155301983,0.579158422652383,-0.0285734836346368,0.111943490395461,0.495801601453803,0.574892957630569,0.588797512193998,0.778787712565187,0.0732776450500913,-0.0465947361505385,-0.0196454095759485,0.278096218476747,0.210672784408519,0.452350609415962,0.0744983794753118,0.320690808671835,0.181897006367138,0.12760161430497,-0.25732017044208,0.0432217112640527,0.256746808776727,-0.221098285896134,-0.0509577721786984,0.0422767148928127,-0.0883513895964776,-0.0753679868189088,-0.0911843331692983,-0.112569206495562,0.168522600568644,0.0175794526253231,-0.358227673137547,-0.162722366397053,-0.223967358486307,-0.249208459053952,-0.414363674040648,-0.348775075762294,-0.219264796599833,-0.323463714650652,-0.0326474242417405,-0.0630262987482764,-0.0353378227463707,0.280509523329303,0.147642035711526,0.0568895262612373,-0.0970926693921215,0.0910663258904595,0.0171965115530126,-0.133877968520038,0.0176755045796025,0.0487229174580258
0.177364667173185,0.492342516374982,0.52718935274456,0.114791722452398,-0.023162995663402,0.081275935535599,0.432083517709563,0.814169995352348,0,0.0956230662023038,0.100909234243953,-0.0311392697962101,0.148907747820246,0.184022855099313,0.104213733985341,0.101082111194624,-0.107489521997508,-0.0281667818665547,0.0645382419914976,-0.143935970388305,0.0425039226232332,-0.185936246177317,-0.183611031672493,-0.267762626044759,0.17183891664028,-0.188492272552291,-0.330627078642628,-0.412880713528017,-0.236059082764906,-0.0813281623804003,0.2125311885269,0.0208130219904893,0.0249837921277094,-0.241457009248518,-0.300004479300407,-0.163878193823204,-0.376839741318038,0.376138085590475,0.270780648087705,0.133960285793652,-0.00402097884065187,0.112582038384399,-0.0669213623053535,0.00133169571909633,-0.155475233404468,0.168779598705629,-0.272496120788865,-0.163894690031686,-0.128716311402889,-0.0111931861339178,0.278413790539857,0.522839298814099,-0.0550484780883801,0.055771881990633,0.522401740297155,0.571610046123264,0.443951884366091,0.841745587257126,-0.000301067522265075,-0.167537941806199,-0.124162194908924,0.247775177033083,0.188054949588569,0.413201577733769,0.00396224782069161,0.242902493469934,0.177729705479013,0.0467287246470288,-0.258665691212408,0.0442797172859748,0.170440461664334,-0.27862238850924,-0.135288578141602,0.0284200482026951,-0.199622707991388,-0.134955369277851,-0.149624016050676,-0.164585411570126,0.234235584927327,0.0882036408237888,-0.347567434224056,-0.0711564908926634,-0.218962087140021,-0.264933188448281,-0.441496410719953,-0.32956988920674,-0.280003144148231,-0.324965629717916,-0.0561165469155177,0.026165160035875,0.0239620498056157,0.270990277974507,0.120532487816599,0.115536592732827,-0.0959279213782861,0.0421206919676138,0.0431969392716509,-0.136562955714968,-0.0259071747514553,0.0419583835788613
0.143587063015547,-0.0647717815303545,-0.0135597903519387,-0.173244529940374,-0.125531374520121,0.243572993147333,-0.0312032166066026,0.138628847384163,0.0956230662023038,0,0.200026150510078,0.22495171841873,-0.0680265266249895,-0.142851558005394,-0.069913752611997,0.157671834315353,0.130165307757965,0.23443271750361,-0.2464876774864,0.0583620330013732,-0.0225274308034744,0.180079357800347,-0.00168990646401136,0.22618691817796,0.435591712366348,0.345038534159866,0.0701051900129174,0.164151734525411,-0.10563536506318,0.13987882884899,0.0576113233015032,-0.0800316900326833,-0.064270111102585,0.126709370462465,0.157122709631678,-0.0131352655458136,-0.171205173222941,-0.0365076947382282,-0.15498020643857,0.332515652739043,-0.312799728365915,-0.00075357107980427,0.238503087993936,-0.263115306569342,-0.183561243933451,-0.210096477584996,-0.291140562849939,-0.184676056773912,-0.167201300610623,-0.291621012453545,0.0696011445913027,-0.00269208083005415,-0.112784685282044,-0.208897801459384,0.162940390969248,0.100038922704918,0.142407424854326,0.119909215165214,0.605504518533832,0.0702141645049692,0.00183261298384246,-0.164988962692146,-0.101592895255193,-0.0960580037551494,-0.172067828729714,-0.024206148490066,-0.16280746154751,-0.124797998754949,0.0764056028342704,0.189639033951788,0.219241011507293,-0.105547009096164,0.120334166660764,0.214210262531763,-0.0120350666014349,0.232260331540944,-0.0382254185626716,0.114000640394582,0.0401068923532028,-0.0963703976643348,-0.0965434056199937,-0.0202962745080301,-0.0130022670220858,0.0482980476719503,0.106421269854924,-0.240756036392938,-0.211101056176199,0.192253695245406,0.0494493239559227,-0.247165415276891,-0.29560952043696,0.191761838845817,-0.132632646081572,0.051638053661924,0.10897074840586,-0.161843782377527,-0.217566760114083,-0.291230512315568,-0.12310927345125,-0.249651796179786
-0.177656621474574,0.0637566272289375,0.30936932427984,0.0346770221056555,-0.346450044391551,-0.116832478393446,0.110694274516682,0.17869961636731,0.100909234243953,0.200026150510078,0,0.497263647610603,0.358255867380607,0.220848270474336,0.104050071563262,-0.221052548415408,0.109632329167247,-0.248083961915963,0.246639785448172,-0.15441356697354,0.0086777272497637,-0.00875567094472975,0.0174127249284522,0.296409048540438,0.338465285338005,0.316745663411655,0.0223126217027577,-0.167228709994669,0.0471031986317962,-0.105424496106851,-0.0564614887308278,-0.151556277640841,-0.0316657694281969,-0.17440615745459,0.0583834605144423,-0.0772005137410542,0.180331364715774,0.0955342099566623,0.153932852935539,0.0540846096792049,0.0277280803018249,0.237706811228849,0.137119222442584,0.169363005795213,0.0355158099274365,0.130769198603113,0.0789442503315506,0.113043638772903,0.0835006426645851,0.109960147822571,0.0802129928243609,0.231857009261681,-0.16613555170982,0.0532368934075063,-0.0530136509485872,0.144211282353272,0.102332410568386,0.10240168750155,0.314361952561002,0.383472711968407,0.4742044992179,0.320411859706656,0.246804558192964,0.192242394780613,0.139701145216618,0.142068241996369,0.0342752254880855,0.289249336404227,-0.292647177257345,-0.305371168077242,-0.040170009354165,0.033862189459305,-0.0313399013164772,0.0778165195528666,0.293086334444184,0.428385537542328,0.114212961773655,0.076493763189665,-0.0193259888750314,-0.107956894917141,-0.027679526516773,-0.249366845986539,0.0913838687708791,0.0138316970113667,-0.0368703615087478,-0.178084525919746,0.204667640084674,-0.15630272353075,-0.164729974683297,0.010205522862461,-0.0368117415807143,0.137718713312709,0.10414245326503,0.137774463655384,0.0662713176922324,0.0712655608989711,0.0677816251043883,0.112253964650615,0.0751192286681605,0.0943128886243804
-0.234309463146634,-0.0298091245761304,0.335765731173077,-0.168278603183436,-0.264488004236893,0.156404494090174,-0.330979728440423,0.0315962758331478,-0.0311392697962101,0.22495171841873,0.497263647610603,0,0.396408851794101,0.141707030434338,0.0169378548958941,0.103546593565479,0.545343404852943,0.163103507495507,0.235943154400609,-0.401258129547995,0.225874790402377,0.470172980788535,0.175527499384537,0.650524941737253,0.303392277509152,0.690809433704914,0.0642671271163939,0.0361224576185685,-0.0929019399541489,0.263577763476607,-0.215390867345309,-0.168848751925643,-0.0741060632595153,0.292851926246839,0.43721704285622,-0.203965303899964,-0.0878974909953679,-0.22483941904518,-0.0636512855057136,0.223176120748555,-0.45707703403287,-0.0544668666197581,0.528482637701777,-0.279780713973469,-0.253132686976073,-0.25159447001638,-0.168011726819736,-0.288822975055593,-0.302999855157759,-0.306414518599955,-0.171984200436962,0.230622769205124,-0.0396867954411272,-0.0640229252806254,0.101314815718288,0.203823122127939,-0.0868142499541817,-0.0079267450998402,0.201642183758815,0.628183858143584,0.698314365614472,0.272048648493308,0.229072312700827,0.105514662336547,0.126985545437793,0.00138578312811896,-0.454722765316215,0.306124437310801,0.143749511494947,0.0920969859637447,-0.101938510766436,0.259878168243599,0.12934042834288,0.0972771447588941,0.481393927490315,0.69140764600473,0.0940514903832263,0.162761286114481,-0.0119508273159964,-0.162376255662856,0.122253051608425,-0.257543796697287,-0.0731862304184087,0.309821711819521,0.0897006522999026,-0.206042864343522,-0.144861293160446,-0.165606666727362,-0.392970446059262,-0.35166717727531,-0.266959266971656,0.0957939071066888,-0.228019599441414,-0.0982279558622201,0.27373214465214,-0.378945500555591,-0.353576399004337,-0.285506252971306,-0.33379731071505,-0.34253627516194
-0.234756368288342,0.272335883490224,0.366626352193248,0.223876600571128,-0.00304427424746704,0.127705955319671,0.157569043533515,0.19269236905556,0.148907747820246,-0.0680265266249895,0.358255867380607,0.396408851794101,0,0.555573443783084,0.382275877641166,-0.03689865095615,0.349659250276664,-0.156137332138237,0.538335084571066,-0.303155587671266,0.259428133005641,0.166585422690744,0.275268930542611,0.279991273731702,0.146222756524291,0.147776018141485,0.0936611899125797,-0.119554971096666,0.236077276779241,0.12502096942584,-0.165398517415604,-0.0350189309835299,-0.0123719910244239,-0.0799887126609366,0.123687686226802,-0.156463412052119,0.248472029050806,0.100789596069277,0.25489410135877,0.130954520798988,-0.100907198720212,0.0797539198155712,0.0257443139131533,0.0233580783815716,-0.0662241228407082,-0.0126163196133876,0.184229450047421,-0.0196285129679172,-0.00302050265314598,0.0399706129350281,-0.118249012067027,0.354009415444841,0.136821532409245,0.231468906468727,0.222203072339872,0.275327849283893,0.0951522517334862,0.0874727000719881,0.0100694018620478,0.396826004189037,0.507604651936133,0.843241678597782,0.673795958763503,0.567479848761209,0.332406973826803,0.437269026399831,-0.0474840944273158,0.656663595584754,-0.0800760145857536,-0.127954651228663,-0.0390492788585863,0.379062256135891,0.209614477422075,0.105598939680083,0.505543927532479,0.253269440190194,0.309302070092826,0.298634306565137,-0.127231112856833,-0.0130553724840814,0.0563772284971155,-0.343375102845913,-0.16334924813174,0.129767819593006,0.00572341359234396,0.11690586652234,0.205705190391861,-0.303261530524743,-0.182800723696452,-0.120509254762587,0.00921728470751025,0.0612642326681032,0.171408525482662,-0.0577287097481975,0.0181131250613406,-0.100958435680883,-0.0244065485581336,0.082376469470911,-0.00956513882263829,0.0109504111549117
-0.352408346861989,0.204240458521063,0.309747173081461,0.390412354299008,0.0618961031970689,0.0135218898011997,0.249856569389272,0.226169840417147,0.184022855099313,-0.142851558005394,0.220848270474336,0.141707030434338,0.555573443783084,0,0.731927382488553,-0.11121700522356,0.124408331844835,-0.21869324628737,0.772206676314096,-0.324385086278148,0.436989972760153,-0.0454121047679001,0.582560998623308,0.0842545529632331,0.0171359189355282,-0.113725592082144,0.158444800297343,-0.0599307514573088,0.331429902456237,0.138902127140965,-0.286499659125481,0.0167524679141101,-0.0184859786608143,-0.100907511637149,-0.162409249287161,-0.162119352667186,0.236729202302334,0.0839949491264181,0.277109762653702,0.138496385718484,-0.0303159550254314,0.0652754103177758,-0.1918845694816,0.172656553089236,0.00638937562356144,-0.000600346990722959,0.387133694991596,0.100776634922603,0.086279196202232,0.113604053814942,-0.260005699237501,0.331905320879267,0.221760137558787,0.446975800027011,0.0961835517075106,0.241354610091362,0.183712370867505,0.0956925144197877,0.0636869653670592,0.278152265955816,0.294033537273207,0.626200503422527,0.76723219479183,0.728222544497325,0.746672015147356,0.73944577167392,0.0230359468284027,0.670500361855248,-0.0572411215520261,-0.237509518739089,-0.127025035342784,0.218226417452977,0.452682467034946,0.165292901734394,0.410055651635512,0.0886308419352166,0.477510946456141,0.402923904703355,-0.191345679109957,0.062849954065255,0.0183183720683712,-0.466994201598235,-0.321798506513209,-0.133423186375411,0.0382452631903616,0.33033400703395,0.258089230869081,-0.356856777633628,-0.16200622291051,-0.105658038952244,0.112463807554318,-0.0267918359509998,0.258147862415853,-0.0603329713140465,-0.121687408034819,0.0307186231881507,0.0189073826439617,0.306659611547442,0.0592897068576299,0.0802592474872456
-0.294043858737095,0.166297818022342,-0.00970065975559401,0.355827856356435,0.2303641903727,0.10077968992464,0.140883541108565,0.149706241192559,0.104213733985341,-0.069913752611997,0.104050071563262,0.0169378548958941,0.382275877641166,0.731927382488553,0,0.0400396855672993,0.113076730653462,-0.0615609037669093,0.555563676097142,-0.0510357651836597,0.65186911744039,-0.064617829342326,0.659221671104399,0.148881325088991,0.065922836789367,-0.0576714087651234,0.200163472694111,0.163229783283236,0.477032331107204,0.343304461028077,-0.376584836200938,-0.00113713877546039,-0.106884857275205,-0.0759117685542243,-0.211921916876843,0.0492780364147687,0.240352437788854,-0.0224862842604761,0.0929527230640321,0.142539294397028,-0.118599573054446,-0.147165028865047,-0.336939066008261,0.0584840448089552,-0.124631127564903,-0.227138025715432,0.204624667230324,-0.0514304674110408,0.10140258544151,-0.00367847021496534,-0.255226334793503,0.154997326553156,0.36022285001283,0.333358181828975,0.0144865633986435,0.103890766097371,0.265201833097635,-0.00602179520211225,0.227069185989108,0.162934347665846,0.249882238428946,0.447929619376147,0.614625719726713,0.639898103255853,0.717822819130227,0.842612228877537,0.0179434853729169,0.543585923399485,0.0504026408368396,-0.111924567949111,0.17632453875,0.106033677300603,0.537472696539147,0.344764688249593,0.461601250478731,0.014222073621481,0.604301592560974,0.582284119125657,-0.279104474053784,0.061278853147445,0.106602136246251,-0.497792318290824,-0.435600848854795,-0.218326767609349,0.11241752099503,0.200242852939607,0.206326592695571,-0.211552090070406,-0.0226615309989489,-0.185991925254339,-0.0147368951068449,-0.0657144702846612,0.151566572341794,-0.265384120289718,-0.317329824492761,-0.0221198837647714,-0.195411425431872,0.132152788325896,0.0438298470325612,-0.0327710477972465
0.0325168272495093,0.23703418427652,-0.104391663157617,0.122566779556569,0.303703588915626,0.0921155283150246,-0.298918629871697,0.116743830810316,0.101082111194624,0.157671834315353,-0.221052548415408,0.103546593565479,-0.03689865095615,-0.11121700522356,0.0400396855672993,0,0.58904568130894,0.714477948254115,-0.102461379424803,-0.21256183458079,0.385389929415494,0.613334762244973,0.144433047471033,0.300254148024951,0.169983704553312,0.220680651383403,-0.171244382407042,0.31683426515511,-0.157858944874867,0.578999152476396,0.026565844915849,0.0154942392097526,0.278521644552523,0.608397089627836,0.45446011213799,-0.114941029677439,-0.396024324646371,-0.255620361062454,-0.227606044664448,0.362574975025,-0.435704746182837,-0.254297439720577,0.295341970788086,-0.661679234424134,-0.311298450474085,-0.407550703151707,-0.420485869898809,-0.496138898536279,-0.588292354516857,-0.609744854282122,0.0642945437719498,0.0193440555091181,0.534715877608318,-0.0344696201319143,0.191098883749616,-0.0522462726525833,0.0966836705860354,0.0564496391605864,0.177139349227963,-0.166280137387768,-0.0595435173570299,-0.160933366037117,-0.120386501784186,-0.0126923401166796,-0.0729098448803743,-0.0350786578746037,-0.458339438479501,-0.00351543251737419,0.558190517194631,0.626576313958747,0.0544184026559033,0.258674396473897,0.127604785703414,0.198669059137528,0.0561171813193003,-0.0252028444011999,-0.0712380162399114,0.212920307541429,0.0415510981189421,-0.0335116181613684,0.0862000381220684,-0.0206458863108483,-0.265846993241405,0.370284679025427,0.0150943605939928,-0.0414248038328587,-0.522464677732165,0.0314492553219758,-0.322521818299153,-0.483073829890234,-0.264629741525798,-0.173108903029858,-0.448208676934454,-0.308187940685207,-0.0330660054543117,-0.61978845795518,-0.543124770981921,-0.546892847741348,-0.584538711282145,-0.623712915282134
-0.384002192572319,0.0675495034591007,0.00991564897127866,0.0894845075606233,0.174409160131502,0.228311283789484,-0.423827776992651,-0.047969254228113,-0.107489521997508,0.130165307757965,0.109632329167247,0.545343404852943,0.349659250276664,0.124408331844835,0.113076730653462,0.58904568130894,0,0.575541310099053,0.24826850037267,-0.453347080721986,0.434799429169145,0.840230102540757,0.381591052732913,0.73175765646185,0.264422470229273,0.600267919513885,0.115509559292897,0.396846331072523,0.121595202691887,0.659105306188608,-0.212450903695448,-0.171390731781161,0.112659517416439,0.668418272376653,0.718322127067829,-0.169124876756229,-0.0294577549318653,-0.439826289730665,-0.212769777780284,0.376730642996658,-0.55666357161209,-0.258148597406878,0.483001304230002,-0.585253644602885,-0.31015356565649,-0.414343775578627,-0.197646934251476,-0.423158336841615,-0.544584589225999,-0.566139988762471,-0.267686283158138,-0.0351329799005464,0.35534155112061,0.0768695400757395,0.186859902190902,-0.0502860142215079,-0.144670712836663,-0.161102873738329,0.23014577327464,0.331383895417119,0.414986684771824,0.16644610067652,0.1615367586662,0.0990911003495651,0.144768162076509,0.0202238010500103,-0.635243924936936,0.418082357745391,0.538070073615405,0.445336405122275,-0.167739739830353,0.609225910302529,0.357571976900731,0.279458413765263,0.547577338763124,0.416795347108618,0.174919183917547,0.430332061684091,-0.145023661677134,-0.173421604507859,0.303456242395151,-0.274173013974954,-0.218154777095023,0.581615222188797,0.269633870237589,0.0986512264518974,-0.240021192297227,0.0198712868504766,-0.494676993205838,-0.552966107659238,-0.323813025656988,-0.172539430877436,-0.375738732991456,-0.34788097873833,0.140203368224942,-0.673096707598864,-0.529987091067108,-0.445026540111509,-0.583217917126152,-0.62928470081133
-0.0658980159129491,-0.0140493624001618,-0.232336850649517,-0.0684618455458002,0.252727287459676,0.257235777328421,-0.516287091654656,-0.00289933113458539,-0.0281667818665547,0.23443271750361,-0.248083961915963,0.163103507495507,-0.156137332138237,-0.21869324628737,-0.0615609037669093,0.714477948254115,0.575541310099053,0,-0.190220919133993,-0.0210675142539687,0.359837679356497,0.708217212109006,0.245697340029036,0.389957431174591,0.0581094857967003,0.37197471930573,0.0533048257823999,0.523954086758838,-0.122395839093299,0.610909692695409,-0.0258308250450057,-0.0960832698947551,0.168191842695345,0.784425336824429,0.565842631534191,0.0477558230106853,-0.344453740958846,-0.521355176342602,-0.476488941319809,0.280594829457875,-0.507013807689043,-0.401512178478556,0.384116191719427,-0.72144382290288,-0.357212212903329,-0.500037407656173,-0.402996627224711,-0.419327790384673,-0.54109255228349,-0.687356146866889,-0.0787116445689258,-0.196778202855363,0.338556073561557,-0.137946046111952,0.178634627831543,-0.0821277287743314,-0.00147742010301977,-0.0625260417514966,0.219855942686797,-0.0723862553861626,0.00532915805282942,-0.281226102685734,-0.173478982026805,-0.182218809973026,-0.116883576954301,-0.168267655490181,-0.578692103270193,-0.116402562800993,0.735894082964773,0.80197937665969,0.09253814441782,0.275874298160425,0.300535263501227,0.203463467933207,0.0584549353568346,0.0880020922811051,-0.0594059807204457,0.290761896763186,-0.0370941550402602,-0.130917657492997,0.230485625145661,0.150305091495032,-0.134338189144873,0.497093787676837,0.321179560309991,0.0391293123837762,-0.468192673173629,0.275281407761761,-0.152797151604116,-0.488561601821863,-0.356826805021261,-0.23572125783458,-0.57234526462545,-0.349334064593875,0.0363326369782177,-0.617313726510806,-0.578528327758602,-0.499293531421155,-0.513948368006046,-0.672873614735373
-0.374177407347067,0.133833272906563,0.276961976205381,0.319831004086953,-0.0170115990362118,-0.0116024639424958,0.161441561975405,0.138464337643341,0.0645382419914976,-0.2464876774864,0.246639785448172,0.235943154400609,0.538335084571066,0.772206676314096,0.555563676097142,-0.102461379424803,0.24826850037267,-0.190220919133993,0,-0.432153711802412,0.370104408895001,0.0856410492279805,0.474404774673686,0.168782853797431,-0.00845601617589498,-0.040666293262383,0.0885431117618942,-0.0710747456798712,0.367530177771716,0.117370724109205,-0.247574717011644,-0.0264077816447011,0.0331930916977974,-0.000212253571785879,-0.0217147905444296,-0.227392990441508,0.264725720051815,0.0473144183534568,0.21479208936338,0.0625956094401869,-0.0176807041628267,0.0649871615271574,-0.12624086859898,0.194503374716511,0.0275368160309725,-0.00762268473645751,0.315511676459462,0.104349342834869,0.115173461567069,0.139052050711724,-0.236447009945154,0.299216259176108,0.156941838207033,0.403615320675407,0.0386038307441193,0.20394540671616,0.0983984895942914,-0.00502350644420364,-0.0443764682690846,0.365832579867135,0.348792441064658,0.58490806424965,0.602487084588435,0.578536161151005,0.653504612751498,0.551365792939943,-0.0508161361898534,0.708766840310844,-0.0228954374859759,-0.260185596742835,-0.238089297667083,0.3043557898123,0.305157893938312,0.0362854413893277,0.406278882158511,0.144330210590293,0.486372605956981,0.329556051091454,-0.102854710737294,0.0170600808067284,0.04526495346526,-0.456841354242616,-0.232650987045486,-0.0188635157360113,0.0100728975055501,0.294868826862497,0.302564928445939,-0.358669252883203,-0.257081023273099,-0.128006322923208,0.112273401456513,-0.0600170796349303,0.182208855395258,-0.0457260629994406,-0.0977981589377522,0.0245475191188097,-0.000100717232617676,0.266153867927397,0.0613763067901722,0.0928093273470862
0.376521535929434,-0.125549546354235,-0.363776233497217,-0.113121866209409,0.0530944674311587,-0.0043317703415226,0.0655364728602462,-0.143078040816538,-0.143935970388305,0.0583620330013732,-0.15441356697354,-0.401258129547995,-0.303155587671266,-0.324385086278148,-0.0510357651836597,-0.21256183458079,-0.453347080721986,-0.0210675142539687,-0.432153711802412,0,-0.133778517912309,-0.35542281790045,-0.10256522311634,-0.248561884802005,-0.141223067423944,-0.199521516397475,0.301584057528025,0.122542010431615,0.109655377335418,-0.238594139903761,-0.0185185436831232,0.0696059907942595,-0.133129623636414,-0.292797772551871,-0.215956123911884,0.628516122970413,0.188701214492405,-0.0200465274861588,-0.253557123212868,-0.301409635277895,0.189481586733882,0.0212350493218163,-0.370273230200299,0.185452072744664,0.135136013855656,-0.0208580061793251,0.0152338754367779,0.239752537822137,0.437863277985631,0.18534777727073,0.308486980001015,-0.228496886006176,-0.1355726904597,-0.204169951547894,-0.272574828600272,-0.146462727893161,0.221118877041266,-0.134423823050305,0.156076893549001,-0.369761750686697,-0.329064139480367,-0.308815831277491,-0.27287228865507,-0.292159408313051,-0.352614771477249,-0.136326628539471,0.378696060898994,-0.384587314281302,-0.180707416344401,-0.0294191777970556,0.564547126029467,-0.417893238900704,-0.0839777394502407,0.0299798039319412,-0.226690801191104,-0.284923711020423,0.0208358118051264,-0.0358976896439746,-0.0915450582790372,0.00993294048816682,-0.0532250259872495,0.223114133785454,0.195056329966185,-0.235991270452766,0.295428225735212,-0.109760942365674,0.306958019058397,0.38629509600325,0.769380112038333,0.227635101659234,-0.00124538078093869,0.0335565584322562,-0.0584736422310457,0.0745979727015716,-0.271849316901118,0.400410881894391,0.127825309794334,0.194120236983762,0.449736401660934,0.265753911765669
-0.322230794639315,0.205518630949827,-0.105476382855244,0.267139542779235,0.31019406525979,0.139827770994863,-0.209217158693361,0.105578843874899,0.0425039226232332,-0.0225274308034744,0.0086777272497637,0.225874790402377,0.259428133005641,0.436989972760153,0.65186911744039,0.385389929415494,0.434799429169145,0.359837679356497,0.370104408895001,-0.133778517912309,0,0.319926758171367,0.626279470150162,0.444117113582282,0.0836672563090325,0.228568105383077,0.19493218356503,0.349537490265804,0.348025710517421,0.570644917257105,-0.351168019912356,-0.0854286027916072,-0.0344573657929509,0.329903612148263,0.114680426247622,0.0649222410054156,0.0339962376429553,-0.306526377042861,-0.129084966703237,0.174085238224727,-0.382682061317264,-0.352905429934919,-0.0184332367444301,-0.284550067605023,-0.278261320163564,-0.462658531727993,-0.0713604234226515,-0.360467748250221,-0.265728970538759,-0.349211474904044,-0.306259694089255,0.0511130635283657,0.483898725580908,0.229738052633009,0.0180824157755849,-0.00878160942006524,0.193098113319861,-0.0832748159882623,0.27573206865083,0.165414688536347,0.348008472591657,0.2384038989425,0.39119246937452,0.373958223465791,0.590739417144288,0.528088609470992,-0.330077454191703,0.403026369494767,0.349613583630428,0.22870493755158,0.234558721141896,0.17976881041576,0.488781303495847,0.45627184414437,0.518160256249157,0.118847509987803,0.497078766969008,0.564452435209115,-0.261044979516865,-0.0476398929405339,0.194119103604713,-0.453295484553556,-0.494569950034724,-0.00787495572350926,0.151373244163543,0.0407957785938071,-0.0934588576698327,-0.14258145867058,-0.240873644641201,-0.416422640646198,-0.200224161815502,-0.201942652934079,-0.168533510641789,-0.441011920420154,-0.192387814310948,-0.346161284824406,-0.544901745300016,-0.300824468133571,-0.341426498394782,-0.401416423891952
