0,0.277854753079118,0.324118932993153,0.0696229615418234,0.117757977501131,0.250911349201061,0.278830118712421,0.16333642862516,0.111537852172169,0.302665519629547,0.115169920815449,0.0637743440784153,-0.00381180187230949,-0.136540513450422,-0.137627554574345,0.278866957496137,-0.259949786358628,-0.200131572848087,-0.340023149557524,-0.216070523188038,-0.171735420431102,-0.31408661556658,-0.156047617296657,-0.0523845341051959,0.438311059774969,0.0150545474665296,-0.227565293554743,-0.244142740954856,-0.0646419421637553,-0.245432437951327,0.130248666755157,0.082819550123418,-0.0368048216771303,-0.190296640688323,-0.166141798409865,-0.121714637684412,0.0982101852875038,0.34292468555779,0.0909446834125357,0.116223410448723,0.063659574507663,0.395147691392747,0.16441572959541,0.30229555715061,0.276130573281674,-0.283617211291004,-0.25404968798952,-0.201737054125389,0.257374947250979,-0.15787963133143,0.530257617316769,0.393231706352213,0.155278646649239,0.0293654359141291,0.271923998452711,0.212182482979118,0.148438857032567,0.0354451682723169,0.318316768543723,0.109609268355151,0.15516075708988,-0.0587398464295662,-0.0556836867823078,-0.240581379539077,-0.225252510274947,-0.179153291588372,0.369687827849061,-0.27639050400934,-0.301792802254506,-0.227914590163973,-0.227919183260008,-0.191223916606574,-0.217804507303811,0.246716604212178,-0.103593787907987,0.213059501435508,-0.114807217806744,-0.244080410849384,0.107865209887573,0.0110082145493746,-0.232336741597084,-0.119277983572237,0.266196622942414,-0.159377926131785,-0.232868057656465,-0.362183817760501,0.142312459434461,-0.26706090465036,-0.154976603231742,-0.0339023216928112,0.0193781960328679,0.365421116352811,0.261376117323148,0.481614281720003,0.233931467247238,0.310210083554025,-0.322129761397506,-0.214621455258177,0.289947805493306,-0.099997109190968
0.277854753079118,0,0.385069096340129,0.384227757696098,0.583773607491435,0.288426644041506,0.0665274191514146,0.375951589434925,0.284519883663755,-0.116102853800091,-0.0192801210009785,0.128373747253403,0.245292809524938,0.184803415651892,0.132024203307336,0.538710028066411,0.14872388372097,0.28560331791079,0.163715368963468,0.150774665506343,0.161253348453792,-0.0625440892880595,0.18994142299361,-0.0437653943859862,-0.0795664909627891,0.0106821987712076,0.158183817069755,0.0355037582977887,0.115463253842907,0.0533599255568114,-0.08751886416652,0.158694347798178,0.109005659076954,0.108851570832361,0.065418297295308,0.069334115120488,-0.0909747750684669,0.0475015589969764,-0.0266900832270268,-0.216675579301956,-0.139998105667577,-0.117037152387086,-0.111724782762939,0.0864510412178553,0.037789475150485,0.108823745816464,0.0742733881212743,0.0963119158481153,0.146368985483863,-0.0825076653344576,0.288613878110956,0.77610577379184,0.273465295922128,0.353498176713477,0.441145189386986,0.205600409383459,0.327356826718811,0.339234595733285,-0.08572013937148,0.0763063388545321,0.0744863643989739,0.203916603143276,0.021489606773423,0.0901613203416836,0.160726796920236,0.123968466232105,-0.0110410764627628,0.148862510249111,0.118215599243844,0.19665960862215,0.120902576735984,0.0156535725983307,0.0625875750398665,-0.265565113127209,0.0887356366900192,-0.0227286355663145,0.0671300620626654,0.0898766250121803,-0.105710290334932,0.158675124732507,-0.254105018024726,-0.231472817751179,-0.0934112457495644,-0.0845684783602075,0.0568261133768002,-0.16519498154204,-0.0185718254951981,-0.0542167481408601,0.0590452542621968,-0.283225218932595,0.0810554158272289,0.0399880978077154,-0.0874968845271221,-0.0184482434813611,-0.152574998558811,0.00844594490400424,-0.0523183014742279,-0.00893040985824586,0.162300643247083,-0.0920098098939466
0.324118932993153,0.385069096340129,0,-0.370544537999121,0.0185759749720525,0.758751838483667,0.45963924769614,0.676827527158017,0.640220878941767,0.346679653227506,0.443968603572592,0.342429699530743,0.324170435275616,-0.0942103307050385,-0.172404838787734,0.00589037358919361,0.208874766905716,0.319104662154845,0.0260924853722327,0.143201272040028,0.084754270151748,0.213463666258995,-0.057067457648722,0.243551609141659,0.188498478528978,0.2066256414991,0.0920372000089316,0.0168732615420463,0.247725311236672,-0.194608397421527,-0.447229466929053,-0.459478019049927,-0.596746617877395,0.259207457175261,0.306094360154672,0.278828738200316,0.0995615426299168,0.0220803696885032,0.0387155121467975,0.195316956279405,0.329847950569866,0.163072662931343,0.370740315476679,0.443507109352695,0.373993221275844,-0.0929269426048792,-0.110264787567393,-0.0899644419630785,0.619410357189487,0.327959959071281,-0.209808749271639,0.532928086825687,-0.339459967803749,-0.336268282027834,0.709537879695983,0.790617069499972,0.573858029061836,0.627500586396876,0.301425672270941,0.44514230988893,0.408343033719239,0.194478547795726,-0.193921516810819,-0.132061391874204,-0.149484708120887,-0.185286129910185,0.435820916269005,0.0878057414763215,-0.0212691468153129,0.227741988656476,0.0131026056061457,0.0443757851418424,-0.128063044519597,0.243056355084172,0.204664984130369,0.347271094385344,0.121621629633559,-0.226286357774156,-0.44018816334774,-0.493371237218052,-0.236572132198449,0.0327244120597885,0.247178922882948,0.239112471244715,0.0499790941984623,-0.285779457951003,0.0395394457418473,-0.288626840183737,0.152266304056459,0.275328019120139,-0.526319866599842,0.447387938718852,0.0393789329207514,0.167815576973087,0.201079711826037,0.278222184123604,-0.270036340993145,-0.104434715354286,0.594028061422612,0.323758248998797
0.0696229615418234,0.384227757696098,-0.370544537999121,0,0.592874571751723,-0.305158281751369,-0.212071634006738,-0.213019596772308,-0.265868051314927,-0.426530266797332,-0.393804071559563,-0.0973871882257342,0.0138919715464651,0.36515984857709,0.412198664060163,0.517392808781636,-0.057432104969008,-0.0825205251996379,0.117443010741666,0.0237027330277705,0.146161957252014,-0.279391324588559,0.357219228176792,-0.202045375163206,-0.187033883186953,-0.153594314217784,0.0477922590000695,-0.101277121876581,-0.0260594587439899,0.324561776522041,0.407063750353837,0.706413627006227,0.707988860869693,-0.112510876908565,-0.182476811361202,-0.106614352978046,-0.0979201688352507,0.166227112298486,-0.00226158695191627,-0.343680220159733,-0.356106093845936,-0.17982806187719,-0.384636170355045,-0.196630677276455,-0.389085595954377,0.198219314824912,0.212017928431002,0.225716085694008,-0.268731196182651,-0.265628019667454,0.506655700333497,0.18408597772854,0.557406987119814,0.801853913894225,-0.231395276923769,-0.391660602575015,-0.16649328414928,-0.220435994795962,-0.33852314383252,-0.205318925391687,-0.230488142882796,0.0956452710292317,0.262221227080529,0.313399664454723,0.389504452719687,0.431965329879687,-0.298231269345637,0.0878796087382581,0.16965203942422,-0.0446851860464273,0.16501762351594,0.0297511217024458,0.267174150196962,-0.370163989729169,0.0143813007853695,-0.267900389302282,0.0227457087733167,0.31826916866833,0.365892353392699,0.721015672369423,0.0178352716501104,-0.187353574466142,-0.370739465975659,-0.298441707899888,-0.0182244628481723,0.0951048948722228,0.0407792034345223,0.100721441415599,0.0284662385861454,-0.348966787484861,0.560545319328394,-0.277150429310058,-0.0155056870128103,-0.0763795164927204,-0.217234223339752,-0.160102721705875,0.215748153280803,0.143202592167873,-0.23339798070546,-0.241726092197955
0.117757977501131,0.583773607491435,0.0185759749720525,0.592874571751723,0,0.0881866332315908,-0.0577367199373912,0.119970173657628,0.159135338132361,-0.18456299663934,-0.256877171173482,-0.075561901687122,0.153970388120445,0.239753928363961,0.219129883976885,0.414312260584622,0.0804166157012827,0.135400187682812,0.133463462352509,0.17270883026464,0.190371854515081,-0.172440944667744,0.222596971082795,-0.0924448064809383,-0.151082160074305,-0.23598330838678,0.0994006991774535,-0.0747788718173788,0.0949199310364336,0.157471835309548,0.148987158441909,0.34736674070284,0.313624449096299,0.011865514408586,-0.0972117856407515,0.019022698333192,-0.0915889185375808,0.0889906072766472,-0.0051375240396173,-0.160160535931039,-0.188850748213423,-0.156393917858095,-0.302052111729032,-0.0742698250157855,-0.0868157636250055,0.172072405413964,0.0943976017230384,0.128467513897801,-0.000375486876566635,-0.100682122318263,0.300888912901634,0.461658008706195,0.440196991851847,0.692546794974293,0.187357509426637,-0.0355040079164425,0.0876267966479097,0.165811002526481,-0.13049062264712,-0.127945634069391,-0.0991137458450459,0.157017290640607,0.138454138106581,0.190981374134157,0.210695207960687,0.21047032825146,0.0189763136392808,0.142120263009775,0.11171427587917,0.0869166579162136,0.160618712308777,-0.0647290328894333,0.10681083339987,-0.243392445087097,0.00684703939737159,-0.277572599336134,0.0994567436331652,0.119124688384981,0.127221715910623,0.332355340877994,-0.232409893089539,-0.253079068894678,-0.208672456049817,-0.209411228472295,-0.00190726445668081,-0.0637068856646282,0.0197048457792209,-0.0864499337285812,0.078602369991158,-0.305134332668773,0.249067518359338,-0.150540616313234,0.0171895529629992,-0.0785221726284783,-0.210596535139303,-0.0672457642417991,0.141452195269587,0.0628665481201186,-0.0108050347157912,-0.144674585037038
0.250911349201061,0.288426644041506,0.758751838483667,-0.305158281751369,0.0881866332315908,0,0.53750409211901,0.749651490412362,0.802869839278978,0.445012097270747,0.392160366436753,0.24926670925011,0.400026843649792,-0.0680346752385771,-0.108136576472642,-0.0801546998856422,0.201572862544731,0.35127279249049,0.0209911711479101,0.283786916426985,0.133317286763542,0.246112997023135,-0.0300541988111221,0.230937162583804,0.0667562627151136,0.157923723631876,0.158698596477347,0.0779264542374551,0.296183421681339,-0.116676816416404,-0.464073643814896,-0.444157165568702,-0.532614696579909,0.285065681523982,0.358999389376781,0.363004294234433,0.207694397911517,-0.124500521104517,-0.0093271306039341,0.268179216489592,0.371046359984404,0.159761665906333,0.355313927330208,0.410324405455735,0.395826542025175,-0.0186785734861436,-0.0666453698925818,-0.0502657477149588,0.777633180035021,0.402396030465969,-0.190594523745212,0.432137023330591,-0.369040649695345,-0.251505205263891,0.848302094644492,0.873173418681311,0.623847930521557,0.734941602207895,0.413190012552216,0.376832472983633,0.39109630502096,0.293673801064634,-0.0921056039202019,-0.115951856827446,-0.117673629228171,-0.128167181329277,0.529417489139094,0.107489352430304,-0.0152881016110776,0.297128189897469,0.118102035408127,0.0647000490865318,-0.0775975345544419,0.307858373329931,0.191051391942864,0.24816431812361,0.195766268565044,-0.146967419266356,-0.426985681691831,-0.50314120777865,-0.28059245647585,0.0094751854267494,0.26297091160446,0.215019679960263,0.109240579220875,-0.230671940571946,0.174776374243742,-0.194571906896953,0.239200236112084,0.222955195870929,-0.527264918134355,0.242919314759425,0.000774824023444699,0.130908898185685,0.160476248289011,0.271622114248431,-0.186299845118868,-0.0230582192218494,0.757375165589243,0.348575634426424
0.278830118712421,0.0665274191514146,0.45963924769614,-0.212071634006738,-0.0577367199373912,0.53750409211901,0,0.573316575119735,0.405065463876049,0.628278520306216,0.23000442366198,-0.0406830888109025,0.174723284459169,-0.276013096105658,-0.2681554799945,0.087347872820488,-0.00874394543316365,0.0298393438108937,-0.20306100946729,0.0836234569608106,-0.0531889458199322,0.0799968689379664,-0.211057771705414,0.0984473399491243,0.289894956454254,-0.0755189307965007,-0.0828458945410407,-0.153499210092075,0.106711873568789,-0.232506486314734,-0.173522932049234,-0.420064893011458,-0.478468421549572,0.0823647403722538,0.175078630893271,0.0697238645453028,0.060795136687683,0.266232725857556,0.251652876183041,0.425949053206947,0.344455030775932,0.358888227634223,0.41849508474417,0.375641474636976,0.496245488610643,-0.171012154130764,-0.180809262633871,-0.183873089356298,0.472398360664464,0.352140633460814,-0.0815533873725315,0.303702858942216,-0.0451552989015886,-0.152483091462039,0.467437461886619,0.537998101547748,0.584777071476946,0.350804030808552,0.565632656645563,0.0981172796093535,0.210445184676145,0.0544272412346417,-0.217907639474081,-0.289322334744831,-0.313616397650681,-0.273142452971107,0.655580751244284,-0.102909508562894,-0.23084530318706,-0.0169780101234338,-0.0964617680550305,-0.0382898976402032,-0.225700246468019,0.486016141355753,-0.000670865706058789,0.161484670075697,0.000388030918724811,-0.267921942961778,-0.0999825935206946,-0.456324399755916,-0.302929821924295,-0.0350457273224613,0.405729714618137,0.056805866769982,-0.12172190857617,-0.333495711536527,0.0194434772526006,-0.367080396682426,0.0675660395480908,0.252450601535358,-0.42517363296945,0.477902668546723,0.370698222264297,0.289775017890787,0.280473175250883,0.347006978570113,-0.280104162317537,-0.100998246952788,0.487916275440422,0.257825581438395
0.16333642862516,0.375951589434925,0.676827527158017,-0.213019596772308,0.119970173657628,0.749651490412362,0.573316575119735,0,0.837273703368246,0.387814279398272,0.385052986651455,0.250493962106885,0.382970316133497,0.0547604049239395,0.0030805753292798,0.0190524083825431,0.378573276316422,0.598402010365057,0.238248438259325,0.383893673819741,0.342560718567318,0.359608425416771,0.146339196452933,0.301361720021002,0.0222186603896936,0.14469943192526,0.269098806941677,0.133923048480072,0.416571253134261,0.030425370742428,-0.40882118156049,-0.424818974247681,-0.547611953822681,0.449754946454446,0.439722979796204,0.385302043665005,0.210615417421797,-0.0971560611706139,0.0273838642369991,0.191638073100837,0.423795928752497,0.132179262012857,0.287520055261477,0.396449955524679,0.356872889963468,0.10802022178751,0.0904394424216221,0.0958703057437252,0.683750782293247,0.422118261283276,-0.264107075143414,0.473414537576341,-0.320840535452805,-0.161731733289291,0.78063892758152,0.750499463625528,0.860715881522756,0.844931726254861,0.35018508961167,0.315702671441348,0.372435881047958,0.257890651222602,-0.198175299497696,-0.0424155698776902,0.0167041729571319,-0.0176900804318544,0.548964196897474,0.277871133969896,0.183821059063104,0.522647921886098,0.276946165147768,0.210353768785984,0.0575218407991944,0.227426445718699,0.243019713350115,0.22350435890342,0.296673433877608,-0.00469442723649096,-0.408720031399846,-0.474818724074755,-0.231599482077035,0.0942787839506344,0.256164156559603,0.32262967281463,0.193530820490862,-0.133510516300181,0.183610263807809,-0.146365643532476,0.27267575990899,0.218010055800116,-0.545701791618021,0.291348707063361,-0.0215835605461194,0.122184652761044,0.140277224822784,0.247821542209,-0.13802447601358,0.112622723510566,0.654589605657796,0.354642596386988
0.111537852172169,0.284519883663755,0.640220878941767,-0.265868051314927,0.159135338132361,0.802869839278978,0.405065463876049,0.837273703368246,0,0.344398398212027,0.474812962648765,0.3711455305781,0.423396309580331,0.108399157595023,0.0409108177646641,-0.133366731917962,0.404029771363395,0.588246445059855,0.2497932130878,0.458396390566758,0.352085997538334,0.412511701675734,0.154305193327968,0.405341667887007,-0.0625107164594967,0.223183883028864,0.328761820187081,0.23529207193522,0.433672077827161,0.0736824108563257,-0.510950436854854,-0.412130955935904,-0.540993762695327,0.489231570262093,0.448651319738912,0.567464960227334,0.314338495889915,-0.220180935969037,0.000677887316414074,0.271313869746702,0.540505051116981,0.0851550971604124,0.317496514401195,0.387292440488857,0.320421404552566,0.173338492083818,0.126805040564427,0.149866452186518,0.731596650405305,0.504979089316543,-0.33762031097906,0.367333960123684,-0.411732816063193,-0.185257018806857,0.807223655446451,0.793748414508485,0.698040105914503,0.902342873460009,0.31165980750725,0.445030687592717,0.458365469481698,0.311156249793321,-0.121542343491297,0.0257309669270224,0.0630538824620892,0.0242375661277506,0.547655321302944,0.309761328968876,0.212339068351064,0.533828735572028,0.313749192053547,0.176465227074653,0.0980535775315258,0.298941479157598,0.307029048007656,0.259970113381036,0.359104414881642,0.0342233084689357,-0.496559554919806,-0.475871283913617,-0.184874202310873,0.150232988896681,0.16910011739868,0.314477531362329,0.229220189445262,-0.0695331487575921,0.255519415962509,-0.0596776100587524,0.405091502556614,0.318475570196542,-0.565112378364257,0.164447473372016,-0.0661107788404818,0.0708945138265009,0.15274907192609,0.204663566022491,-0.0448650487350931,0.16598803928661,0.719524017287615,0.44365836537633
0.302665519629547,-0.116102853800091,0.346679653227506,-0.426530266797332,-0.18456299663934,0.445012097270747,0.628278520306216,0.387814279398272,0.344398398212027,0,0.38423682719329,-0.0226281114534435,0.150431350177588,-0.39545109144234,-0.396791798260887,-0.101135245569705,-0.0211659760093562,-0.0362788227750242,-0.318389866152489,-0.0676344679475716,-0.149889559080801,0.16500729149559,-0.336534971008988,0.198935923684565,0.569456648667676,0.0315351445365977,-0.0795861839272246,-0.0098247173585573,0.0723470773023544,-0.325688058974375,-0.225430525650272,-0.471301352243291,-0.579468326541464,0.0605783390801982,0.230221047983953,-0.0521578594861481,0.211220869047814,0.263889566362007,0.241334715931115,0.530174710608527,0.328555750895938,0.420872112165211,0.578290286089143,0.491625798060764,0.6713618263412,-0.255622704763799,-0.25229667996352,-0.288312011278531,0.338882554639217,0.208294650441321,-0.177373426072777,0.132718298957985,-0.215454455291305,-0.316890555226128,0.393224492105331,0.44557491510576,0.38544335297873,0.230803081271214,0.832802231231276,0.16840583874868,0.329849802545836,-0.0284959640724979,-0.296007995416349,-0.440621612705527,-0.473581449302942,-0.421159074195271,0.60152005782063,-0.182562204194799,-0.313855253102883,-0.0989928281335382,-0.25133325329506,-0.071018048282847,-0.347839857039166,0.554047138145207,-0.00756663109529598,0.397683460522803,-0.0133573360946603,-0.339872871513828,-0.158543347946554,-0.559849812619633,-0.283697042747228,-0.0241728046469361,0.709700190870453,0.265686234943639,-0.0539232271615758,-0.315883023668687,0.131475009873399,-0.23642534564413,-0.0808312596940396,0.241749446396278,-0.493096779229415,0.495900772166729,0.289504118327514,0.413329148939653,0.494003580763008,0.469714379975944,-0.385774859211073,-0.191935031092063,0.34230424036643,0.109449669810034
0.115169920815449,-0.0192801210009785,0.443968603572592,-0.393804071559563,-0.256877171173482,0.392160366436753,0.23000442366198,0.385052986651455,0.474812962648765,0.38423682719329,0,0.701557446220979,0.412616126313773,0.0504894122565704,0.0389855357175867,-0.288208836858101,0.299640981478138,0.259558161514446,0.116296237002663,0.208661794562655,0.162458689079374,0.420014712909134,0.0205723207129429,0.626102478582357,0.215135393041872,0.611130538666537,0.283363384266786,0.348706587823249,0.383761716074113,-0.0123919434338982,-0.538417554498118,-0.35456196625475,-0.534909692441296,0.356612098845225,0.439663181303756,0.388030970634696,0.407883275912584,-0.171282541994115,-0.0777208392319918,0.23963723890395,0.519520219516158,0.217352473852341,0.599231836616955,0.485697324914394,0.360366691318147,0.0589735576254128,0.0836051485558112,0.0933515209878586,0.551959402299571,0.437348102108658,-0.385506519532831,0.119357850891667,-0.507785694252138,-0.383539356331651,0.343961059520138,0.518190140144505,0.281851673677549,0.416490017892337,0.314341616005239,0.810943826743961,0.71666831743735,0.272919284703865,-0.0759958959310706,-0.0234356125481238,-0.0424194666250629,-0.00978558201133838,0.377102393055405,0.197844976625228,0.0924264482746748,0.196413565409187,0.0949751631388404,0.19440474419565,0.00079749366937884,0.339498930275962,0.460414174229385,0.710482426476375,0.340918321655079,0.0207253888237644,-0.523305036937505,-0.425726916197922,0.127209982272633,0.259701520924066,0.276183197308829,0.41386678641208,0.222591215642428,-0.0215512050382563,0.178379894183089,0.0530228827342625,0.269688674516594,0.541048287469387,-0.569244521910761,0.262655991233898,-0.0769007241218563,0.198043215637746,0.443739151678999,0.330249448439041,-0.127716901304404,0.0705476067902264,0.524195748530404,0.428424657650554
0.0637743440784153,0.128373747253403,0.342429699530743,-0.0973871882257342,-0.075561901687122,0.24926670925011,-0.0406830888109025,0.250493962106885,0.3711455305781,-0.0226281114534435,0.701557446220979,0,0.444419490166312,0.337134022361568,0.314757911644979,-0.165099218735071,0.392070967902262,0.343467631659047,0.344291717447545,0.301689671240061,0.355712404620308,0.34639420859945,0.323569034373416,0.641490462977132,-0.0349053224438963,0.775047099857199,0.386312116047179,0.423901854200843,0.429461051309387,0.263783003720874,-0.532467324947052,-0.00304278945220008,-0.238953302414439,0.360984042685567,0.358792944431003,0.418595255577124,0.412549599905506,-0.271905616018832,-0.105744538501106,0.0828260959022252,0.373806788284517,0.0703541029203496,0.407136048678847,0.290259775641336,0.0337169670578429,0.252736406420401,0.318592816288414,0.342416081659364,0.391521424045411,0.271404329140494,-0.271798367095224,0.129617913452193,-0.411432139043938,-0.163747141806812,0.250151560641205,0.347372891532392,0.119983399941741,0.365711105357515,-0.00119436358550963,0.833894623071878,0.750033888189478,0.34010663468538,0.0859233494339873,0.237296987905688,0.290810249339654,0.297483771902953,0.140960429333683,0.374624873237784,0.305097238025018,0.277528478517603,0.306671907495784,0.292221558500946,0.259929435036847,0.175386942910451,0.658957709952178,0.670070923486217,0.48242253701129,0.321218024103513,-0.536356793177658,-0.0953733685898321,0.248884909512724,0.163445561806066,-0.11002451321845,0.263911077073958,0.343425146951013,0.157433228980789,0.231149406843886,0.238885562562037,0.322464930168562,0.357959228532266,-0.337558786157714,0.0435192676317016,-0.185467620552821,0.11874312736493,0.260393184148997,0.0972845200525397,0.104569558920603,0.239806004366305,0.361942567835736,0.33345399600918
-0.00381180187230949,0.245292809524938,0.324170435275616,0.0138919715464651,0.153970388120445,0.400026843649792,0.174723284459169,0.382970316133497,0.423396309580331,0.150431350177588,0.412616126313773,0.444419490166312,0,0.430773017860162,0.387502809752622,-0.179306972961433,0.628500352881033,0.395651144964457,0.455997997929042,0.483073955256481,0.471454916554985,0.54123856400346,0.389071148027753,0.516073546231733,-0.150895392208617,0.29450402858972,0.555960813684679,0.480317984705325,0.577250376449347,0.373832108885438,-0.396908659407322,-0.103669798724322,-0.247585287606094,0.481171089035089,0.552372082382439,0.316489152231724,0.359221554252675,-0.209267459299022,-0.0481296361326401,-0.00870823090893966,0.277721498092545,-0.0532244898159472,0.235072308234654,0.259147046240767,0.272211464061963,0.433772671221111,0.468027920603456,0.366268969755316,0.339075263875059,0.314184378596692,-0.251448704800669,0.30020713780894,-0.330030416994998,0.0336117843579801,0.36707547841636,0.422916016826853,0.269147399718223,0.43152316406265,0.146951049197854,0.427525681208482,0.51068444957943,0.79420350987057,0.376368841009698,0.346670822865271,0.368551740195219,0.371982987854709,0.190551392185605,0.576687006017337,0.423913890248686,0.402603633495809,0.455605866022384,0.464229702031186,0.343526627259312,0.0262821980477792,0.501427474405329,0.229867604565874,0.568255823235257,0.384565749137466,-0.387049256070556,-0.150606831812966,0.149786932583202,0.201510613116326,0.0558305168951223,0.383331859544232,0.447761281440924,0.26461994904275,0.238515169542602,0.219233225596615,0.393464926569363,0.238248877700106,-0.314872125842083,-0.0465591035784612,-0.101182706588811,-0.038475695527641,0.140816601734758,0.118034616749722,0.220033734718751,0.348662954437283,0.358982405137109,0.259444778164719
-0.136540513450422,0.184803415651892,-0.0942103307050385,0.36515984857709,0.239753928363961,-0.0680346752385771,-0.276013096105658,0.0547604049239395,0.108399157595023,-0.39545109144234,0.0504894122565704,0.337134022361568,0.430773017860162,0,0.885734146826698,-0.119273017339987,0.511724003324461,0.415150576498579,0.715875845949055,0.498898090264189,0.77072117173955,0.273682752452441,0.815903815328155,0.319337107761314,-0.399191811596736,0.155389066632904,0.533726593895922,0.376601589244169,0.559307347554284,0.720517690580499,-0.130475147131013,0.307597798615831,0.184654805359503,0.399086703111151,0.231803018068915,0.308151741817153,0.275937937341644,-0.251529606818248,-0.0721183607960179,-0.214630268746625,0.0536408462245331,-0.229698375478169,-0.162194244015509,-0.0833104380466298,-0.23835355386911,0.628284420061615,0.709866805160241,0.651914425018819,0.0469778487397244,0.101309583059056,-0.107387961498508,0.0791749824709957,-0.101105885282019,0.281657753425046,-0.0155440998983406,-0.047869253706016,-0.0127890947317181,0.172459554806301,-0.289266885982389,0.232196519066966,0.171367619825862,0.440668903545703,0.517218260436976,0.754902293385554,0.880795669085645,0.886103816466285,-0.202188003843061,0.63895626026079,0.715821053714681,0.49284079254465,0.765659843622441,0.465364996015877,0.764750791353934,-0.148547533177411,0.446834986812879,-0.0297737012361447,0.613774797105509,0.708974325538456,-0.190729552240222,0.296439171211348,0.416153840338689,0.220924336096604,-0.348165735362606,0.146222846069496,0.492257467848825,0.620403103585528,0.261519173702862,0.397190965586133,0.41577916041942,0.0402595965841555,0.0162043599620032,-0.240131980758025,-0.142767439773126,-0.0893339477864614,-0.110463748279574,-0.14518376273441,0.553412192886413,0.576319548660567,0.0342780998775727,0.116642743712332
-0.137627554574345,0.132024203307336,-0.172404838787734,0.412198664060163,0.219129883976885,-0.108136576472642,-0.2681554799945,0.0030805753292798,0.0409108177646641,-0.396791798260887,0.0389855357175867,0.314757911644979,0.387502809752622,0.885734146826698,0,-0.140676076885284,0.411646239541601,0.334561732894239,0.613313205786972,0.510721900851209,0.751706273289402,0.217685458447885,0.826883500630969,0.297289643384831,-0.400019856251396,0.18634854957475,0.535115195766559,0.395701827656601,0.56464579609715,0.775551891486959,-0.0982726199014115,0.381027913601252,0.261289355963166,0.341685304797304,0.208017932815615,0.268261182506143,0.291377146564534,-0.273207189028931,-0.136840245490565,-0.259875005401041,0.0241188504596592,-0.215858695595089,-0.171616646399526,-0.0959464052381148,-0.262008200917404,0.639425950189441,0.722288542507626,0.70651515191596,0.0543390645176753,0.071937659680853,-0.0408128071728516,0.0393953355285025,-0.0982351317022788,0.339874175771899,-0.072985741220331,-0.0827922310590372,-0.0668540687217209,0.10203782714612,-0.27451537852602,0.203821048197352,0.122073244852294,0.386839155332944,0.49700680530192,0.688879565114025,0.831627930288581,0.928500705383254,-0.238533841653816,0.536604202688468,0.633851301850067,0.430793244671776,0.776159627843741,0.439366630326854,0.774559563208946,-0.151266590067876,0.399249029273488,-0.0245312584646874,0.62698896520665,0.779412281477824,-0.175707492401026,0.369600262178143,0.391362049614855,0.207469569101054,-0.357911406364123,0.112814783722168,0.480243182401531,0.618051974701341,0.291948897462227,0.462165448969796,0.414762692307961,0.0155428683742822,0.067662478373093,-0.261755603830109,-0.1591828266128,-0.0834666203021525,-0.103006617626939,-0.115206482080781,0.60136450446281,0.640870576052846,0.0361489778801121,0.0999035442945362
0.278866957496137,0.538710028066411,0.00589037358919361,0.517392808781636,0.414312260584622,-0.0801546998856422,0.087347872820488,0.0190524083825431,-0.133366731917962,-0.101135245569705,-0.288208836858101,-0.165099218735071,-0.179306972961433,-0.119273017339987,-0.140676076885284,0,-0.224217688441788,-0.0418983319218999,-0.14045381242439,-0.156260192467249,-0.162204351396864,-0.353158148732833,-0.0428242949688825,-0.324285930155713,0.0954736675226328,-0.197481089187838,-0.155320706914872,-0.31537182290235,-0.255558676086628,-0.165130139511,0.303031532527579,0.348455999980717,0.378552496978575,-0.165135974859221,-0.185688213815335,-0.228725265528806,-0.330971203653551,0.366281696094309,0.159277752215499,-0.131460562135979,-0.321600559697421,-0.0754433951156533,-0.200129698426608,-0.0962012027744477,-0.120950404320142,-0.150829011952341,-0.139579620419642,-0.113212543314091,-0.191103723941948,-0.312947777123201,0.570772450686577,0.449932281354151,0.712746751420863,0.43540724896075,-0.00512125019529647,-0.157664704400695,0.118868569942046,-0.114039506103667,-0.0930154961352334,-0.204941458198009,-0.199194836433312,-0.169083463782746,-0.156315141495534,-0.163328956087226,-0.0920905576138952,-0.124159762660714,-0.0449775874618103,-0.183483409955736,-0.0981653926109424,-0.11244931865248,-0.187076153767142,-0.169182116617877,-0.139790810879612,-0.23445336954684,-0.118557358078222,-0.14244641035274,-0.251199550563075,-0.119038625136765,0.304512138603974,0.377014935688516,-0.263490331160701,-0.301135119559537,-0.0907057983155712,-0.24925073130314,-0.155106769059047,-0.24954084448243,-0.20675088747904,-0.196885319141892,-0.207952777910283,-0.369863059600522,0.421843321282926,0.10605619474875,0.120001384323222,-0.0421741137841285,-0.148383074183003,-0.0398955843991001,-0.18596148835385,-0.203244820267559,-0.152359263488386,-0.292784585240202
-0.259949786358628,0.14872388372097,0.208874766905716,-0.057432104969008,0.0804166157012827,0.201572862544731,-0.00874394543316365,0.378573276316422,0.404029771363395,-0.0211659760093562,0.299640981478138,0.392070967902262,0.628500352881033,0.511724003324461,0.411646239541601,-0.224217688441788,0,0.697707587518815,0.798839495476661,0.570447618231323,0.665002703439331,0.649273359126947,0.501751484363694,0.530318179297776,-0.293129239774075,0.249878474104322,0.570381602602452,0.518194719127141,0.696768224316911,0.422789240392497,-0.438924802029849,-0.216404629256732,-0.310380012803675,0.694431943912239,0.542029951762823,0.395056817206968,0.296186183515045,-0.348698502957766,-0.151116110746758,-0.147225175347857,0.284763071044544,-0.237028262575565,0.107009062515773,0.124126014376897,0.210260325876978,0.501779168527338,0.503294061410097,0.460583083345695,0.233905639001828,0.372185882657734,-0.395295030768866,0.154906512512466,-0.349865705740317,-0.0546129999862167,0.213567371429276,0.281374513286669,0.297222015115963,0.460251441943494,-0.0418483594252243,0.300964864023712,0.382390830129568,0.520087966994513,0.127402877838866,0.402764802991463,0.46492004415605,0.396376744549081,0.0656621402877717,0.80612480219331,0.687966677268667,0.665857564884739,0.603996138540177,0.640228345887142,0.484760910149493,-0.16031756331576,0.59589016028881,0.174768598311813,0.674703532931873,0.446505341194178,-0.450727195854295,-0.219576880283195,0.329943830575796,0.319195280712805,-0.0232638835074117,0.525160862390152,0.557954010697309,0.36259955703266,0.207337571386131,0.229203991577935,0.485453062484017,0.246562708801557,-0.366702302256515,-0.0672343266325395,-0.252135613383312,-0.159113776424075,0.0321888427105466,-0.0134217528526544,0.275331360391933,0.439010925296804,0.221407676182299,0.339191099780123
-0.200131572848087,0.28560331791079,0.319104662154845,-0.0825205251996379,0.135400187682812,0.35127279249049,0.0298393438108937,0.598402010365057,0.588246445059855,-0.0362788227750242,0.259558161514446,0.343467631659047,0.395651144964457,0.415150576498579,0.334561732894239,-0.0418983319218999,0.697707587518815,0,0.721013133730031,0.698891033954182,0.679545471004517,0.448053151385545,0.496845795440103,0.415083069581946,-0.3461108798825,0.207206602271637,0.480818398509145,0.389525146685275,0.598967191080086,0.38092426817988,-0.486820654063887,-0.223797153158712,-0.325678996406811,0.754971658869071,0.422732993119135,0.53904701719863,0.182214512060979,-0.4155725282764,-0.230762978165945,-0.10242894751245,0.287281738316258,-0.299373902492131,-0.0223185666377409,0.0100681347901267,0.0771926991368957,0.412104115785655,0.437329312496761,0.452788507948299,0.372140083946359,0.367764885025037,-0.348099161359178,0.283886615386281,-0.286468649332079,-0.0738134151088712,0.394980741180722,0.402448814434019,0.52878532109076,0.641154987824136,-0.0582316795764657,0.275651537794428,0.257433765683371,0.3030013702052,-0.0507384321633126,0.266299540996327,0.423270982597337,0.322545078610116,0.124002379470569,0.608042063201851,0.671921590395725,0.894422527700468,0.669564658817949,0.448648390903442,0.431763952441249,-0.118746179712644,0.460529390071627,0.10959365839776,0.558653448582529,0.40617437652385,-0.513897917423425,-0.246197138101013,0.145997250083776,0.259621492184783,-0.0977809750473051,0.384560330611135,0.459773975137153,0.284299985048476,0.153369035538905,0.201532721895691,0.532822917018916,0.117635671284761,-0.410370507559172,-0.0464583467241716,-0.324323980945786,-0.213976000193213,-0.126032300527978,-0.114465109774827,0.211457832109146,0.395573205646751,0.332455090720685,0.347552185660156
-0.340023149557524,0.163715368963468,0.0260924853722327,0.117443010741666,0.133463462352509,0.0209911711479101,-0.20306100946729,0.238248438259325,0.2497932130878,-0.318389866152489,0.116296237002663,0.344291717447545,0.455997997929042,0.715875845949055,0.613313205786972,-0.14045381242439,0.798839495476661,0.721013133730031,0,0.614349182006222,0.754803919170313,0.461993321436226,0.635905616628592,0.416175197584389,-0.451116202161709,0.171625369656855,0.548511372813018,0.446598331063716,0.649297371289425,0.513024232939878,-0.311421310688744,0.00551472222703831,-0.0615712518916703,0.618085377314263,0.363044969945045,0.38137730678954,0.197808058346239,-0.396910587038801,-0.191857363133214,-0.242847721956459,0.108937266793376,-0.344313937040181,-0.132288556733367,-0.0918770127577525,-0.100415455289611,0.556628817231105,0.579175153202132,0.528359315488216,0.0788643198984608,0.234049643452143,-0.284208495300755,0.0751499342047958,-0.222055211248006,0.0550909886621932,0.0528843953749644,0.0745844490575564,0.182704799515313,0.330090499562267,-0.280271841862025,0.207964796297251,0.2047851531228,0.451022415356764,0.296096404180138,0.597806929087783,0.717191019574923,0.608141512754319,-0.1407002307276,0.819480771109829,0.810615935876068,0.73051564822613,0.739263083703737,0.601735483402259,0.598038281201735,-0.265004592921487,0.558961471810601,0.010782350172658,0.680540811600544,0.562518367464162,-0.352286801455049,0.0178511828873483,0.416777856838927,0.255296787273177,-0.287020545527249,0.338833569019129,0.548353804747267,0.5044365134372,0.144636422381936,0.303645048101859,0.492726112897365,0.0741193001094297,-0.16712676145103,-0.202690441191354,-0.294011169493763,-0.246345188426499,-0.155311535484475,-0.190307924030714,0.434395381831226,0.459460589337579,0.0560405922064941,0.211641296882587
-0.216070523188038,0.150774665506343,0.143201272040028,0.0237027330277705,0.17270883026464,0.283786916426985,0.0836234569608106,0.383893673819741,0.458396390566758,-0.0676344679475716,0.208661794562655,0.301689671240061,0.483073955256481,0.498898090264189,0.510721900851209,-0.156260192467249,0.570447618231323,0.698891033954182,0.614349182006222,0,0.685744659372384,0.339996508216192,0.541809061183527,0.417885952858879,-0.448280896809,0.138374217686315,0.575143148039551,0.433395136306292,0.59943640828985,0.531178634162363,-0.43995033840984,-0.112728661448528,-0.183603099047931,0.638824789978846,0.398584153614269,0.623264584356784,0.206032868325284,-0.379542586602338,-0.202529791410511,-0.0308682161435671,0.316379535935017,-0.286012926580524,-0.0302920194409012,-0.0561283232441054,0.0402833715609308,0.600010602073083,0.612251437246394,0.622664073503118,0.332665634535741,0.475793344933529,-0.314435411733272,0.171752079824841,-0.252194125899041,0.084711659685368,0.250475558982274,0.293802534767454,0.278108759829267,0.502188060266532,-0.0796013044584215,0.246051244040348,0.170615148158821,0.374480127114062,0.15499804393094,0.319455968581213,0.467862444755466,0.477377638385038,0.115547672426554,0.526941076781785,0.586571311387925,0.740201629600469,0.786987046977279,0.37854094870999,0.509668049787758,0.0577272496301508,0.399677215307978,-0.0377385340669496,0.597251886165523,0.566338642179366,-0.444037795186058,-0.122578088687754,0.202065213197161,0.280148913360808,-0.217402895389496,0.236315542361467,0.472646191402347,0.433676925733076,0.15490919927151,0.309393626454449,0.768830532592157,0.204027179417295,-0.300170015618954,-0.138947670615562,-0.120755742284841,-0.236955025158055,-0.0943196509607586,-0.131601202633026,0.494376814484662,0.607038779352527,0.324178813453114,0.418210507922388
-0.171735420431102,0.161253348453792,0.084754270151748,0.146161957252014,0.190371854515081,0.133317286763542,-0.0531889458199322,0.342560718567318,0.352085997538334,-0.149889559080801,0.162458689079374,0.355712404620308,0.471454916554985,0.77072117173955,0.751706273289402,-0.162204351396864,0.665002703439331,0.679545471004517,0.754803919170313,0.685744659372384,0,0.411448928347764,0.817993149223997,0.438936149333858,-0.361358927196462,0.192881552946366,0.569186130239706,0.406475550047837,0.748162991053081,0.699249595574165,-0.32264354274277,0.0631040416117026,-0.0898085168359766,0.597869133442499,0.364640909994951,0.389699530164019,0.305603297642154,-0.30157512279307,-0.0927939871980228,-0.0937215614910831,0.22609514495021,-0.212506322838469,-0.0333077811873269,0.00687816281443645,-0.0233901699588978,0.605309845405463,0.685475195545978,0.695573573548801,0.23291457782112,0.279440294011206,-0.254405197637788,0.12403416805896,-0.257920775130904,0.137565294574683,0.178109222662093,0.185001027812953,0.266691209559225,0.432700527691063,-0.0828546182511443,0.269642316220581,0.271270115368828,0.407036044829664,0.188868060986097,0.519586116232921,0.69334330722284,0.731621334633559,0.0190880818256203,0.676339595956822,0.722705459360193,0.698202576545291,0.881922137358693,0.50244370064527,0.730774247552691,-0.0357277700981389,0.503365232071233,0.0592152142478611,0.733055660463803,0.673267025945244,-0.377561549295982,0.0393098445444455,0.299661881253227,0.290196332579209,-0.170711820101223,0.289823841895919,0.555906857939276,0.508668176653082,0.296819334364824,0.309429837395534,0.490405500577142,0.138575516845772,-0.239458070850467,-0.0835915705744617,-0.150577582474917,-0.0920671365705995,-0.0397060936680011,-0.0682429255649325,0.470689829517539,0.660175309184998,0.201022716199643,0.24692438362616
