0,-0.0153208208553301,0.379197107515299,-0.088548536887397,-0.0240112419484701,0.0522801609799163,0.177182692131163,0.0124279339864238,-0.0231179369823578,0.153641817646151,-0.102851980554917,-0.0688850022419164,-0.134689323612278,-0.145475439977882,-0.17408467920205,0.449132624737552,-0.10851574083464,-0.0771054341511234,-0.204053105004366,-0.0412670258432206,-0.157915073121654,-0.0814580194635764,-0.178564849638501,0.0176527300006085,0.150990451400543,-0.227078308500492,-0.133405281619503,-0.140168896512481,-0.160393298603897,-0.188434481798961,0.20551690783459,0.0735123900071172,0.0678315694486365,-0.0261267378159982,-0.10006030864292,-0.0171229453139436,-0.180681115787017,0.358228180450741,0.0556840857694593,0.235509247032126,0.0399170093385441,-0.0280394456985907,-0.115848324243042,-0.109798499149477,-0.254418890363066,-0.162565667637913,-0.176435112309242,-0.148530324536977,0.126562711600465,0.0479319534473967,0.568985242050877,0.305685980963533,0.0841452255037538,-0.129985234316172,0.102928074460477,0.257701104463246,0.0484509259472266,-0.140643809092814,0.0638211950336169,-0.0582259449477348,-0.111283258087592,-0.0493035076640386,-0.130558569710105,-0.0908358834344558,-0.133734861386108,-0.146277639089493,0.067084558386335,-0.0561995933779629,-0.0921711731156252,-0.0806211635212748,-0.134007458008717,-0.131094481070612,-0.158252390789456,0.129943344175052,-0.0760097871990014,-0.0864985140242056,-0.116221367345969,-0.190545596896725,0.194580212594034,0.0796705894026112,-0.143468755622443,-0.000372645741369701,0.0655343870108807,-0.0536007937834053,-0.0994466849469529,-0.153993086022156,-0.200581508005687,-0.169602404189344,-0.021031261758958,0.0621731671700732,0.0642328945806896,0.145058026404802,-0.0185624648096341,0.0103026994356689,-0.0789896003020533,-0.158395589149383,-0.17067760705858,-0.148934312300634,0.147973769809868,0.0175449273818965
-0.0153208208553301,0,0.370550641955856,0.523846376304872,0.599459835984519,0.220284978760124,0.059533394902288,0.468734767332032,0.0986833449144209,-0.181788405172248,-0.135294145928264,-0.105721168113894,-0.110452054675003,0.0125016688893781,-0.0480682490676994,0.259865075465815,-0.0429083612198356,0.176088500403986,0.00163655098922112,0.0166045414843187,-0.039395233370759,-0.0348426923256347,0.0819457091938126,-0.140367566673019,-0.0757850848988683,0.0631268764442017,-0.0321824253254065,-0.0363883620876675,-0.113906506090028,0.0303139924720736,-0.131577807026561,0.124177132402834,0.16197886155379,-0.0166110618723097,0.00460618400168149,-0.0653677865779382,-0.147008449877292,-0.0680501548585709,-0.0253124940438829,-0.267124381323127,-0.241800749751705,-0.256532372151047,-0.188774430827543,-0.190655326127416,-0.0357344232219149,0.116732950100576,0.0436888778577916,0.0556428194843221,0.0156460948422944,-0.215007817909656,0.153677539407959,0.743286752607867,0.385312095639087,0.551444648100285,0.505216875626963,0.0606804153716631,0.414165293906242,0.278650150329058,-0.0536392622605484,-0.131112796780529,-0.138554482564371,-0.120336438656906,0.0762037126049894,0.0523142863824218,-0.0216477750247935,-0.0328820347763851,0.017565385725277,-0.0103504465462931,0.0931952700791632,0.168290418972682,-0.00387302822896691,0.00714773505272712,0.122638518252703,-0.0109081051279001,-0.0467894530984852,-0.130687947731846,-0.0957894651986333,-0.0328093735442123,-0.0585246566208969,0.23511108035377,0.0231080967109263,-0.167659357233432,-0.267164967187572,-0.0451410910416538,0.0380015519021809,0.0451736205212809,-0.150817793368557,-0.0856982099225206,-0.0462126992038667,-0.165707220493578,0.210132369920191,-0.0164479419587166,0.0400164688313829,-0.186918590531364,-0.125896341851125,-0.193153971032566,0.0870371333761994,0.0237297460886141,-0.0371569053304705,-0.156591861099161
0.379197107515299,0.370550641955856,0,-0.0905254507777444,0.112483966219489,0.492285016802975,0.381179923378644,0.424673780392672,0.278614725360786,0.202136210478857,-0.139839285393545,-0.143149994754904,-0.102511795458236,-0.0762042475345041,-0.184723262696,0.317595185644832,-0.13919016566897,-0.10487497837031,-0.250267797890511,-0.119034264476697,-0.165585723778733,-0.0790471556379988,-0.100152640760232,-0.178763053838222,0.244114859629134,-0.198049669233467,-0.0937397565141892,-0.14356619465825,-0.147296318313137,-0.143212405854329,-0.018227912140354,-0.100718489496758,-0.125319863894573,-0.135244039730263,-0.0924737818959896,-0.036895658946398,-0.168879887180113,0.249380881245267,0.17543297004669,0.22360594114907,-0.173125399864253,-0.0168947839807238,-0.258473407934639,-0.140979203331315,-0.0924588572783619,-0.0844008657900214,-0.114437093366227,-0.102176561541697,0.240078351577075,-0.12570758666375,0.18586608339903,0.601429548189442,0.254151006689178,-0.0730769581324116,0.50938067825089,0.622668886927242,0.344407809912129,0.205769541494716,0.210196709559552,-0.0910291185416945,-0.152780998276447,-0.146001492685795,-0.0123776346436941,0.0202984969869914,-0.106624620607478,-0.144785151202185,0.221967278491138,-0.0245283431886918,-0.124618338032124,-0.125237922587706,-0.161898058296061,-0.180384824793259,-0.0985578374554134,0.243872097932643,-0.151261077839129,0.00262599970231514,-0.15803797208848,-0.18448360597255,0.0165081323321055,-0.02715667002528,-0.202944979450641,-0.264476120340326,0.0334155568071277,-0.227107555106092,-0.060774889662076,-0.162587497848787,-0.207676497551782,-0.193139348189071,-0.162005520927778,-0.129768731710102,-0.0408494841694211,0.329917706727005,0.188381353083347,-0.0489334128124958,-0.101543674157414,-0.191213749903743,-0.0870523327730826,-0.121717647805736,0.0953452661311807,-0.147217810940525
-0.088548536887397,0.523846376304872,-0.0905254507777444,0,0.632904182428711,-0.0807897058031975,-0.153726530407052,0.129266091377383,-0.0711076793036623,-0.287573050553525,-0.129096953897988,-0.0698944636452626,0.0101927170563969,0.0910545497659504,0.0901405421440053,0.305783082826055,0.0236576008656603,0.172130215264459,0.100951680725139,0.096705913205196,0.0593921847428886,-0.0385681796718338,0.20580144480562,-0.043231437448286,-0.237380082009703,0.198214785864126,0.0719537461764202,0.0922554535204722,-0.0519445519749382,0.22618240328754,0.0445275563341532,0.601120749296999,0.623545376375553,0.00435791465228496,0.0314876780767236,0.0235459393286139,-0.0165848353536879,-0.10485577545591,-0.0381286323090755,-0.392511409658078,-0.116772660103842,-0.231446787625471,0.0179695676003137,-0.0703450481943996,0.0541391061530558,0.296917156149982,0.157495494415343,0.206441896333377,-0.114698940008545,-0.128231581555384,0.394910347162604,0.366958605536247,0.482415262200983,0.845233614349527,0.175585117026942,-0.262069151409936,0.140630040147713,0.106483046683208,-0.220614513588383,-0.0135095103662044,0.0128636210790023,0.0432031128578353,0.146726051138702,0.144565785733569,0.0908893947110592,0.10589907047904,-0.1174150738867,0.0427214499842493,0.112258754916501,0.156348196490238,0.0914835546904085,0.0739804105434964,0.211611234323458,-0.172049633214145,0.042095532902223,-0.081422871434499,-0.0494768765733939,0.113106465866198,0.113042900182554,0.667661697055158,0.113057548148959,-0.0678210773943231,-0.294268880223594,0.0940885108888098,0.13510911768862,0.137360001704928,-0.0281380055501225,-0.0095733464773402,0.105574620227051,-0.0636510257111199,0.588369574544505,-0.191055777807227,-0.12433781080509,-0.115125988308912,-0.0106166800508874,-0.0832892110543242,0.236406923727871,0.120485447889175,-0.0923985847583717,-0.0621536940961841
-0.0240112419484701,0.599459835984519,0.112483966219489,0.632904182428711,0,0.236794168303078,-0.228496851957244,0.30920802895553,0.0742930647498815,-0.245965314531475,-0.0120515942580977,0.0855721600898988,0.123691296966446,0.182824060911167,0.164637558123665,0.124264861777689,0.14739699864251,0.279189269479561,0.105541240043068,0.142483473561943,0.157636315667091,0.108374287188074,0.2684276521591,0.130752898240594,-0.264724488692133,0.338939524945393,0.116478002980822,0.277793727144951,0.0801421741643552,0.238215895885544,-0.18687553100946,0.281567933722267,0.278697866973592,0.0920603483746686,0.168003059026455,0.0559807254930294,0.197723785070378,-0.265891138229667,-0.207624393008296,-0.399197498631714,-0.132650940766345,-0.201110960570827,0.0185305048392614,-0.0882071671220228,0.0378726923346237,0.291311743632245,0.205120359355957,0.186351830812615,-0.0165995121316639,-0.0982562870139304,0.225375921497933,0.360388659175552,0.345536781346104,0.626409363863506,0.52411592556075,-0.0909505449455929,0.231098515921542,0.266699610773516,-0.0979511559081772,0.103312119152505,0.12248508952716,0.0888223893448074,0.244147103766683,0.197972786613142,0.150109163180688,0.169746035478831,-0.160172853400013,0.0646095351854801,0.24081617401434,0.273542590004109,0.169292879718439,0.189359886915923,0.285791454945324,-0.228443532035755,0.166265111507079,0.0903653271944174,0.0422568020195571,0.218146038326962,-0.162042911650701,0.350206606992983,0.229596378007091,-0.0744406830240289,-0.285481155084958,0.188283247288646,0.218982885671248,0.216081173317908,0.0662727948191715,0.0676089544206919,0.126725162458381,-0.0998952804798504,0.253490290859728,-0.306456994199491,-0.111173902837218,-0.254205294481104,-0.00570070854376999,-0.112782776022999,0.240595300970866,0.127068684843562,-0.0371432471870954,-0.00913629917282689
0.0522801609799163,0.220284978760124,0.492285016802975,-0.0807897058031975,0.236794168303078,0,0.456867216438603,0.573855228576217,0.67694385421332,0.163095601615428,0.259492134619855,0.23962997136236,0.138824064193093,0.275446603480435,0.208990921282635,-0.125629417111273,0.12963001071152,0.19568026759352,-0.0822476583980375,0.204301099980125,0.227599055816998,0.0759172719759407,0.239339136626228,0.135028037549814,0.19751205147606,0.214169194742642,0.169452798417905,0.214514564593687,0.24291658517875,0.182352585624205,-0.371007800694911,-0.18950629399576,-0.337494924330407,0.0843557703320673,0.0592499202167893,0.326055237482754,0.158247776287633,-0.149188165191959,0.141833614374836,0.269002355055267,0.124059755279446,0.260272768962579,0.00917113338679587,0.164285826982499,0.14693534952592,0.226250805051418,0.167410154430251,0.220296454053676,0.634480068692915,0.133951432079083,-0.0731112985391422,0.258294111598138,0.100046450919858,-0.013858095415282,0.604885988699154,0.764622622580918,0.441799970138079,0.573083074960515,0.482949918095289,0.271624731013843,0.220074068609887,0.0259286007591955,0.163872086035383,0.288529672843372,0.201507176703142,0.220788545439143,0.371724695545598,0.0607173136117054,0.14214124135615,0.175387553201682,0.180183175514448,0.00254173854418926,0.23240706719631,0.320680509720106,0.143878847610172,0.385489015067449,0.17430584310667,0.137067297585637,-0.30561386265699,-0.12889731213399,-0.0515420553015367,-0.00501374905402764,-0.047325260280336,-0.10607247919043,0.186535632210067,0.0638984863285948,0.104874913961799,-0.0368639770239243,0.26797378674746,0.0806233253245138,-0.183578466561071,0.078737899127154,0.208668496828746,0.0243942901185817,0.0356954081748633,0.0899835432399351,0.207907982056633,0.18009959007466,0.446007435875945,0.157555363638229
0.177182692131163,0.059533394902288,0.381179923378644,-0.153726530407052,-0.228496851957244,0.456867216438603,0,0.49166628796109,0.477137311418763,0.280579966897499,0.0104011240909182,-0.0342873246800511,-0.198637437346974,-0.00700985406850731,-0.0212486740901643,0.194752403235297,-0.131330493638519,0.0638157685042265,-0.118202491589535,0.0939599383601733,0.0643460812162057,-0.178334589960551,-0.0159543441446876,-0.0490060851162905,0.405814991209284,-0.231256751169959,-0.0146153557099749,-0.180196238995462,-0.0562637737632955,-0.0185742946476213,-0.0445579078296294,-0.159297251382621,-0.201381725041098,0.00243447686895201,-0.189401029374032,0.0584199840087777,-0.286958022996368,0.153286756276204,0.168717668017349,0.579051775990683,0.137218310374548,0.170914163217392,-0.247672634263417,-0.0151127851224902,-0.119666695956577,0.0145240048772579,-0.067761046925905,0.0665929450727744,0.529036585940458,0.106206778588198,0.0585870428610591,0.295190737897847,0.242275546868372,-0.108672354709271,0.169235801203088,0.575654283608871,0.451762078992336,0.32059114764148,0.395323083724689,-0.0780854106348062,-0.118976361251735,-0.248335176391455,-0.204356589875636,-0.00485144170631436,-0.0110605143506582,-0.0253033169874434,0.543624843089595,-0.114876937882653,-0.0735865101132566,0.00589271739176069,0.0320473879646559,-0.261322612230828,-0.0363085880351108,0.498500820783575,-0.0652306497803032,0.0301751292455837,-0.0421811516397371,-0.123742315721653,0.0150042377369588,-0.154310536895072,-0.287679644999192,-0.0849226433817381,0.0464803947307319,-0.296063827400227,-0.0514095317339771,-0.160715524868972,-0.266441894646175,-0.215281303746139,0.0512841683673232,0.120160254811354,-0.0954620911870742,0.256772358020505,0.106419733896978,0.170686214964838,-0.122817893117421,-0.0607654344843233,0.0110098361029848,0.0661080916109864,0.317159811118229,0.0906115749306073
0.0124279339864238,0.468734767332032,0.424673780392672,0.129266091377383,0.30920802895553,0.573855228576217,0.49166628796109,0,0.593799770098299,0.0549672520495517,0.0513754220427468,0.0446794434610812,0.0200349179038489,0.16653768082881,0.102786033835545,0.0323211851062543,0.145252260990908,0.404977050251197,0.0949714288201961,0.133814952886677,0.208269558269445,-0.0172941649691619,0.210540468595584,0.0402037315086845,0.111873413782988,0.0616488840896893,0.0921882366920949,0.000426158983542135,0.0751521478602989,0.0927443866105988,-0.357409900595538,-0.169299543047784,-0.297831105787188,0.13518698056767,-0.0133582688729162,0.0406936523858859,-0.126640998948346,-0.143429108030366,-0.0457151280344886,0.111062877277091,-0.0575635818111436,0.0320209102373246,-0.220608841465744,-0.068422912603817,-0.0266248560289071,0.14950307448442,0.101071299784332,0.122563134470213,0.332627413623839,-0.0612969755346132,-0.0292581828908523,0.465878162247245,0.35478963367822,0.21087891427831,0.548626076069599,0.459441691652708,0.802158346270243,0.713575140348228,0.273090991564671,0.0772314048531245,0.0368443429986274,-0.0960679526459218,0.0388020680090739,0.132690681889117,0.123739254728528,0.110018665794342,0.352691165824174,0.0820572543994301,0.245777569295047,0.348793640195265,0.166490162430695,0.0625592719378153,0.216425744330958,0.235059012184722,0.115200834217676,0.176551412375674,0.0671295513264282,0.080346787534965,-0.27892840612639,-0.124939519999701,0.040295690412926,-0.0749362591346722,-0.205664309124179,-0.103404661424759,0.117923231941514,0.0607708662632747,-0.1539665644794,-0.0850348300929628,0.0903670440501935,0.0245209615961025,-0.181130928587215,0.0723036073761852,0.116506156238982,-0.137261650233168,-0.0941244198683162,-0.0944293493864404,0.147966586036815,0.12916320367353,0.149302632294269,0.00089135085543605
-0.0231179369823578,0.0986833449144209,0.278614725360786,-0.0711076793036623,0.0742930647498815,0.67694385421332,0.477137311418763,0.593799770098299,0,0.289089182265081,0.262504591654078,0.212033635014406,-0.0227442086445901,0.242037485633944,0.173066651084827,-0.140214254501227,0.0605648871780941,0.30208148385264,-0.0207635000248948,0.269559548595498,0.274472123348223,-0.0425102717012104,0.208754870899261,0.0873608193016795,0.140343341409946,0.136966660184621,0.151400855135974,0.112214692502246,0.180919630281684,0.149171670980543,-0.344119702655186,-0.168482720898683,-0.277376171321796,0.138258393990938,-0.0577605920126575,0.436514822935095,0.0778195474445778,-0.176178834756304,0.0493135297424332,0.186645341751637,0.262282496181437,0.320656579895419,-0.044313540983604,0.246640664676041,0.111759752607659,0.185681850658719,0.0922497959260624,0.179087487551547,0.592812658489917,0.272176944474947,-0.0826743638098267,0.151482165752745,0.173876516778625,-0.0287082479559743,0.302909591688662,0.596693383866217,0.504470235119457,0.739254760151731,0.420942645342605,0.271882966991167,0.198118222260274,-0.0870800828697451,-0.0183704517972189,0.189088873915354,0.190301485538674,0.156218435615202,0.371402068306811,0.0570682266838344,0.123251159347402,0.296465571798214,0.214863002414167,-0.0957690357666622,0.184998831226859,0.272400129538485,0.120527435960855,0.310029208897039,0.139658070539918,0.0807074189785493,-0.288647005372116,-0.150682118870213,-0.109375917442434,0.111433814392492,-0.00539445071554484,-0.171137533738439,0.113328731887227,-0.0203206687439446,0.0313961300743301,-0.0723814749594465,0.407220887591647,0.178978731872005,-0.207575649267688,-0.0096087602319663,0.123643026265606,0.0255876114215601,-0.0669510745954019,0.050889443160252,0.137532639352957,0.148273088773258,0.512371044356157,0.272258234060527
0.153641817646151,-0.181788405172248,0.202136210478857,-0.287573050553525,-0.245965314531475,0.163095601615428,0.280579966897499,0.0549672520495517,0.289089182265081,0,0.206239748972068,0.177774332789762,-0.140726256424498,-0.243083717286066,-0.285218226964788,0.0181285016561069,-0.17613230892666,-0.257201939234219,-0.378813436397263,-0.209504707344067,-0.217996582683515,-0.254923810856392,-0.279317358279244,0.0612772599537953,0.580620258706652,-0.259661775027368,-0.180371878319802,-0.257133038994809,-0.0754280641486683,-0.249472552103737,0.172176862807783,-0.139644561099379,-0.123574997685704,-0.15672875024542,-0.335640306003796,0.059330032289045,-0.101456273704122,0.217368627456746,0.0999301541358657,0.319491303415404,0.119672119599017,0.19616763209389,-0.157339436536008,0.107425780583256,-0.19303119779845,-0.307110454605686,-0.330889864577328,-0.263557778180497,0.296592812226451,0.137418329128977,0.000341329500070726,0.00285671215684445,-0.0357369445363615,-0.217869403542979,0.0824592944065203,0.399383327832185,0.0574845411808406,-0.0347830944689718,0.422179544480589,0.253296994069325,0.236271726084444,-0.136739457346774,-0.196525114746551,-0.226174802503905,-0.273457336351022,-0.275557825374868,0.155027928207422,-0.154210335660323,-0.269109142125216,-0.227874714939794,-0.261677097960307,-0.323180220377296,-0.31153916167213,0.174049369479762,-0.0319935173711599,0.238549781492654,-0.130021964823656,-0.253452675905831,0.117174584569011,-0.186471250178947,-0.251424501997108,-0.0750682287127939,0.366354364033369,-0.345925765202937,-0.236450038703112,-0.348357575463846,-0.0835698118392351,-0.24403814240127,-0.0216081595801528,0.0503836539939046,-0.146241399481395,0.188669987861345,0.0867408439171714,0.218821824156562,-0.0686587853474824,-0.11036867924102,-0.320199878742898,-0.241093625091807,0.425880305816027,0.0812898936629558
-0.102851980554917,-0.135294145928264,-0.139839285393545,-0.129096953897988,-0.0120515942580977,0.259492134619855,0.0104011240909182,0.0513754220427468,0.262504591654078,0.206239748972068,0,0.697290130158408,0.258290198256465,0.299384295396617,0.267784170531748,-0.263122005556211,0.21073734286043,0.111953240197225,0.0637902304485144,0.121856419329378,0.210307771129358,0.225486870065124,0.222100381325953,0.464304825254893,0.0361265296638618,0.510093883791363,0.157443223147108,0.216854589595443,0.339478405647895,0.181275626289497,-0.290141817715268,-0.0464764439633856,-0.188494774564693,0.0854726457126771,0.0525395095997562,0.3085732090797,0.291174632148932,-0.0712146293832497,0.0366797584602805,0.0756951869107139,0.323432846427293,0.304132696554314,0.319443783417527,0.355785838414395,0.14297972906433,0.195189240060076,0.135547462989794,0.218307492031066,0.33338346930252,0.362595385493578,-0.108410027465731,-0.188809916755567,-0.0953253661610484,-0.0801786281246565,0.0733545409670477,0.197316505517344,0.0424103428590521,0.244026122695806,0.232665284380647,0.629351803201963,0.450525181722949,0.0940346250738483,0.18510060817648,0.264945448442633,0.203674128557227,0.262794651223695,0.156494212413766,0.178516840143818,0.181890496008355,0.130153441063433,0.189329030130935,0.149974846596693,0.220785729923019,0.120241760785802,0.338569507610557,0.498173173365729,0.321898768104023,0.177597606974013,-0.286123601936585,-0.0483568259156591,0.124019409808959,0.18300822205969,0.0273041614765302,-0.0152009100915536,0.164143031375705,0.0695033612139972,0.294947833313559,0.00410065876975386,0.308397049610299,0.335493425700639,-0.116024723225362,-0.0153495420463281,0.107596392328562,0.0240100335710707,0.0710945582955579,0.192974490775444,0.180573833865231,0.184056046571331,0.451389715847864,0.366102618167505
-0.0688850022419164,-0.105721168113894,-0.143149994754904,-0.0698944636452626,0.0855721600898988,0.23962997136236,-0.0342873246800511,0.0446794434610812,0.212033635014406,0.177774332789762,0.697290130158408,0,0.289708974513194,0.294340497142955,0.30090353748589,-0.280102654757384,0.331504363952076,0.205616566869742,0.110723875533389,0.144868613421679,0.228151401146876,0.20444325591004,0.141606568278397,0.541796094152409,0.0478025658423267,0.590359735577331,0.0747728154642438,0.249065560826508,0.329335424509558,0.137501510423718,-0.329048228581027,-0.124148382595724,-0.18351969796422,0.199528935161975,0.0387774584494636,0.330721381601033,0.313431274551282,-0.148342562434407,-0.0264808814477308,-0.0101336410306741,0.323189733994887,0.328292953796503,0.333242844495362,0.273554491439083,0.0565761690707239,0.179679474202517,0.0811647598924526,0.167950953317655,0.293841779948738,0.350606663988646,-0.10029087769063,-0.150507221877602,-0.0629424904320327,0.0329484134715539,0.0646942766487685,0.148990458490189,0.0581457402185083,0.193778754397096,0.344985576165248,0.712325852821507,0.642778098659862,0.18900886691101,0.260328001183533,0.308407015241094,0.259495256258132,0.282174430781454,0.149446133029737,0.197949599327595,0.253637283019352,0.213541936516221,0.205322172732499,0.191603173507924,0.160615075748409,0.0758689601832032,0.497880191301797,0.62715012833272,0.322079855537077,0.139773814888847,-0.269107758227731,-0.0381710744593513,0.161671866824788,0.237610840522296,-0.0210699669968292,0.0459533280266756,0.141563309965942,0.0424595574581172,0.238747574485766,-0.11509095343709,0.353266809324897,0.250758971311216,-0.076010182758416,-0.102800632248166,0.061590731946194,-0.00436832941619944,0.123774523170763,0.149053143600068,0.139586799199452,0.111468350802967,0.358162336086693,0.378044622371591
-0.134689323612278,-0.110452054675003,-0.102511795458236,0.0101927170563969,0.123691296966446,0.138824064193093,-0.198637437346974,0.0200349179038489,-0.0227442086445901,-0.140726256424498,0.258290198256465,0.289708974513194,0,0.538649191740368,0.493575218287832,-0.234787903804279,0.564073976389394,0.291752959303738,0.474960228906632,0.277570824130523,0.413800217507595,0.5447540924936,0.355703420311546,0.268864739218655,-0.179630822852163,0.372411680125078,0.355206989771209,0.47364087850994,0.554394365802306,0.357442887791666,-0.271431783016663,0.0227344782195801,-0.138050102899432,0.277278333238335,0.452696077991807,0.143375928890032,0.443854826941618,-0.158380488547073,0.0225626493053627,-0.122890102260613,0.10998143979816,0.131533167913129,0.364143247956283,0.203981121815265,0.346811422091986,0.35649179777485,0.378684206740228,0.312288878555237,0.040845023103947,0.137759849783802,-0.153101373245137,-0.204162232918903,-0.188564044541614,-0.000621051719955821,0.0708752571295783,0.0137088926567971,-0.0310635214986489,0.134531486378839,0.148252659628914,0.350678912709118,0.351604911513753,0.754508813883854,0.723704560577088,0.573006885048086,0.511134360926287,0.494675152351806,-0.134140914115434,0.515397684231867,0.460550992599166,0.269645796843439,0.405474947688953,0.501398857682777,0.414622510678918,-0.164144216089256,0.294203804111675,0.266032775418963,0.530560644893006,0.422834559364912,-0.251530024200286,-0.0042905636476397,0.324452104065288,0.165034147292595,-0.139671139133999,0.342783199210649,0.344173033395053,0.390836805823125,0.451802628546645,0.272856547409029,0.20989105880433,0.0267035545325871,-0.116601525943066,-0.0621111424222121,0.0707433899893067,-0.0782753864226038,0.163385444708599,0.276273604469747,0.374316910942249,0.320118536462896,0.0214980379948057,0.104452357176495
-0.145475439977882,0.0125016688893781,-0.0762042475345041,0.0910545497659504,0.182824060911167,0.275446603480435,-0.00700985406850731,0.16653768082881,0.242037485633944,-0.243083717286066,0.299384295396617,0.294340497142955,0.538649191740368,0,0.852031088256002,-0.276397753966032,0.470347428113572,0.42384275808136,0.590830539986009,0.503109293212065,0.759223482129427,0.540174619395895,0.766380293985843,0.246735563208068,-0.208966667424934,0.519465766185604,0.637218719099956,0.560087280673414,0.56963288270476,0.73742553963105,-0.51821659202298,-0.0194896987425492,-0.246765682556292,0.304201180243638,0.476291956790993,0.266809218750243,0.362400248584364,-0.191333079251789,0.0941654173544905,-0.029770681064657,0.163576200258874,0.290380166776795,0.341288632051091,0.270227297855849,0.346620599671132,0.725194496752117,0.702815779917377,0.704096205766109,0.176593648049858,0.0955290148555693,-0.183829884381022,-0.0922461088281107,0.0288445018299433,0.134887905229716,0.0556803719764427,0.0646659645692098,0.151148124560494,0.378659650907411,0.17392749952296,0.304365339167504,0.263933342028201,0.282944950753501,0.629082077937073,0.820902660472154,0.831665615358642,0.846961833977673,0.0850281380485667,0.456524333862764,0.493646736774302,0.419945210212057,0.762919661818102,0.480574228427901,0.791514650203302,0.0591808822739146,0.299296817075985,0.342301574356177,0.572901180948177,0.663070789714966,-0.485612549597147,0.0309029806898366,0.283443003849725,0.147055242234492,-0.210249222397373,0.285316525668391,0.631681851097954,0.61461177744055,0.371658164853616,0.276969790485365,0.357412811941466,0.163139212229257,-0.134896246990862,0.000661395464218121,0.186926897804259,0.0128680678602183,0.126511367685559,0.210344330135706,0.704338671499672,0.696709993792887,0.0933837007094082,0.117320080462967
-0.17408467920205,-0.0480682490676994,-0.184723262696,0.0901405421440053,0.164637558123665,0.208990921282635,-0.0212486740901643,0.102786033835545,0.173066651084827,-0.285218226964788,0.267784170531748,0.30090353748589,0.493575218287832,0.852031088256002,0,-0.287111949166644,0.445136451372565,0.420626414299348,0.592668949691007,0.499499245790404,0.783693093292338,0.476736537515135,0.738073337553267,0.248151011948112,-0.177928787546872,0.524747711050334,0.630679772126873,0.597806714912443,0.615020316021145,0.751527077178269,-0.471657716876683,0.008474145621011,-0.1869987140041,0.288037852905765,0.484516869611667,0.256475198098821,0.386177329538032,-0.243110353701131,0.0141961201679251,0.00158585547126977,0.146268517738262,0.284023076299657,0.311748595222961,0.258712701478851,0.284706612343421,0.715454637911389,0.682267973790052,0.700362020290305,0.146651517149168,0.0748950669203412,-0.178437573491763,-0.161971140034562,-0.00181960270484832,0.129569798750207,-0.000561037135508545,-0.0229941121467447,0.08656901736078,0.324547095425519,0.2059471566583,0.255904168811611,0.246350283799727,0.279038806298001,0.611180409027944,0.737311202650246,0.827854504516669,0.906203988383448,0.0784476510833747,0.373571309536018,0.500859455081574,0.444152832623522,0.79374335923721,0.49001822617082,0.761474883610581,0.021493161043036,0.332388999769733,0.343503919297017,0.605317146680945,0.716775717104384,-0.432776632784261,0.0512405140298812,0.302912990456502,0.14229247717422,-0.227461686190682,0.340604230434291,0.650402059988495,0.63049344519784,0.403008563330336,0.316793629737527,0.357686750634296,0.119864287560946,-0.0928361895905607,-0.0658759173640411,0.0783413098339626,0.0786234506118778,0.120639114389241,0.2332366400823,0.688438521695285,0.699529380585776,0.043923784195106,0.106805197850636
0.449132624737552,0.259865075465815,0.317595185644832,0.305783082826055,0.124264861777689,-0.125629417111273,0.194752403235297,0.0323211851062543,-0.140214254501227,0.0181285016561069,-0.263122005556211,-0.280102654757384,-0.234787903804279,-0.276397753966032,-0.287111949166644,0,-0.0662548143940893,-0.0665230370934058,-0.134502831497183,-0.165210643023594,-0.275325532746498,-0.145013598336117,-0.16821834491169,-0.0844950402596043,0.155313869342843,-0.25299155556655,-0.142664099866834,-0.203833483320381,-0.324670328450026,-0.152179989603955,0.386017023116713,0.513043159104584,0.5312286814697,-0.0605977683249558,-0.090091054337755,-0.250891019624757,-0.354543415821199,0.361884675690131,-0.0743247101104569,-0.0220019173371963,-0.231635813753772,-0.378132144809038,-0.302044063750822,-0.335181613515176,-0.248806925946077,-0.0818419582348489,-0.22319619027501,-0.129921438660706,-0.119292476092219,-0.147881192220569,0.685121960556958,0.487451416873334,0.473092654368764,0.169250503754347,0.0932883183485074,0.00437170961756594,0.00659727771788714,-0.110181819456975,-0.107856943517337,-0.282289902583987,-0.328472683975911,-0.208931879936792,-0.16678158440696,-0.183967732209962,-0.247746540930871,-0.283237304171904,-0.0522629402464796,-0.00553199592755886,-0.0757928508279837,-0.0861507692690338,-0.252641334369487,-0.142329426602976,-0.177545399418449,-0.060220395234292,-0.0299004050459154,-0.314490888523401,-0.267360560911008,-0.220331056620538,0.384124207346395,0.430968387362903,-0.0165803772415226,-0.156051601648378,-0.0960400465883958,-0.0221940881462133,-0.117094671831277,-0.173036345550224,-0.31569554839729,-0.14025101690381,-0.206849261583839,-0.216189319894684,0.398375897589223,0.099297404562878,-0.223411476725613,-0.0171004300151361,-0.217480823581176,-0.337615536364576,-0.120201002016851,-0.155045529318372,-0.130690150436777,-0.134571235870898
-0.10851574083464,-0.0429083612198356,-0.13919016566897,0.0236576008656603,0.14739699864251,0.12963001071152,-0.131330493638519,0.145252260990908,0.0605648871780941,-0.17613230892666,0.21073734286043,0.331504363952076,0.564073976389394,0.470347428113572,0.445136451372565,-0.0662548143940893,0,0.501096757658024,0.638046940991988,0.310139773804524,0.480664380401146,0.442939710947158,0.387558795016537,0.441068786269591,-0.0604106822230826,0.397099386257854,0.316733352809156,0.400606914471517,0.497973033392665,0.319939150862406,-0.306644556743458,0.0321955599586904,-0.164074792304161,0.449597714140802,0.35039968543086,0.0363171391354776,0.275400795311797,-0.201958225381082,-0.209205446092962,-0.195531029980486,0.00652380082517987,0.0313443798601419,0.127824308709455,-0.013779214713258,0.160418947743498,0.350487211132544,0.265133591137724,0.273140431967387,0.0143164538219168,0.0579004122992112,-0.118628984529788,-0.141340794549551,0.0608906376122278,0.0416153920891149,0.0593495879574457,-0.0291508023606971,0.124918115491967,0.244869882394146,0.140981221294301,0.338459582609328,0.25968874814353,0.323789556557978,0.48400018593366,0.456473568862636,0.500101664448502,0.416206521833577,-0.043460991749239,0.686987043109022,0.627122557472589,0.452614306694165,0.456003670721389,0.5709653353725,0.407073086065734,-0.163136061856895,0.58000904188717,0.284606927554062,0.514453804768589,0.398893470922531,-0.256438055563989,-0.0388032752721722,0.493542155717734,0.138762058276067,-0.29171212306025,0.324311346369074,0.370830422176297,0.335214531230444,0.331723843135215,0.154972041227258,0.16035567978371,-0.0551841364679501,-0.177148223968039,-0.123904875576254,-0.0626703536323858,-0.0999903702315927,-0.00167651616681793,0.01298314957227,0.341909337669689,0.300452534676678,-0.0517204675057798,0.050103257266633
-0.0771054341511234,0.176088500403986,-0.10487497837031,0.172130215264459,0.279189269479561,0.19568026759352,0.0638157685042265,0.404977050251197,0.30208148385264,-0.257201939234219,0.111953240197225,0.205616566869742,0.291752959303738,0.42384275808136,0.420626414299348,-0.0665230370934058,0.501096757658024,0,0.47113514108944,0.640138744938383,0.514942265013254,0.395105224969374,0.441437007141475,0.433265239741415,-0.276427584911912,0.376117573703946,0.307795453625388,0.382264310850326,0.362094165767586,0.348971247704405,-0.44260578471999,-0.0637307060871937,-0.188744400465023,0.744411489420843,0.39577599084116,0.254361249884895,0.182357521714123,-0.360160358206241,-0.227138058198424,-0.176582641140277,0.250529443111181,-0.0333123261856005,0.120544309708839,-0.0562197340608347,0.122623486199038,0.351011907549866,0.306439710878537,0.3048268497705,0.156214301307057,0.167917935423937,-0.0388257080378651,0.0524980672638553,0.195327071692469,0.208937282765347,0.10036493275537,0.0108003037139554,0.429757120918279,0.47075149097529,0.136171269982607,0.207681048125182,0.206542974955586,0.224726615031734,0.290031052056527,0.385115328904705,0.400634111557538,0.386118844865718,0.145632634107686,0.296539750799508,0.755086820439187,0.8803247150151,0.560068831040616,0.462819203114383,0.468964704214133,0.00154690770866118,0.4101417613088,0.150093030596814,0.382435879795769,0.345364008727071,-0.355883377647862,-0.0885351258531115,0.435247651339586,0.392931063468319,-0.338130646591363,0.427182911448942,0.365500259193192,0.354526148445522,0.213546499283335,0.161153512133341,0.523747547054457,0.10236186484283,-0.150907298615428,-0.175988951694122,-0.0153392210699053,-0.202850016115826,-0.015972030333688,-0.0599806371493882,0.317893023268711,0.327300356504464,0.109382240883236,0.227175431449621
-0.204053105004366,0.00163655098922112,-0.250267797890511,0.100951680725139,0.105541240043068,-0.0822476583980375,-0.118202491589535,0.0949714288201961,-0.0207635000248948,-0.378813436397263,0.0637902304485144,0.110723875533389,0.474960228906632,0.590830539986009,0.592668949691007,-0.134502831497183,0.638046940991988,0.47113514108944,0,0.351858042268388,0.650975114600024,0.370593637008495,0.424631086505481,0.176156250598065,-0.204640430133037,0.283682917151707,0.363819343677804,0.391153585512141,0.494493372392448,0.409494859153645,-0.236693777832007,-0.0122496045732302,-0.110561658624804,0.331933899197787,0.376057975677983,-0.1068020243985,0.180207328082326,-0.20562172786248,-0.161436491340507,-0.20427930106416,-0.0621370533402043,0.0432400453052326,0.113729498522506,-0.016634979352635,0.0819362016814772,0.413058533033133,0.376094274269232,0.357582741137815,-0.1268858798164,-0.0275736312718295,-0.162144346011803,-0.117681008009506,0.0489302141413425,0.086104463943611,-0.132556560214198,-0.240408572796148,0.0785291252419657,0.219005466933878,-0.0721475316050249,0.0537511477892738,0.0418323529974695,0.269924444180867,0.463802865942024,0.479673393910981,0.651649520856643,0.533660849383501,-0.102525652345087,0.592853760530839,0.571124517495038,0.434084639454499,0.624236718844344,0.503587631482011,0.436788396356221,-0.136597189161682,0.300774735225225,0.0457012209011166,0.556769810196462,0.44245671391875,-0.181500581898398,-0.0336021642710147,0.402650338343284,0.0651180455305624,-0.366885121569497,0.28676657675022,0.361693741534764,0.412673025864148,0.218105365136253,0.258558419523898,0.0571878484241228,-0.0247309243195883,-0.110825819394815,-0.120647205384207,-0.0685810946309997,-0.0797331437193087,-0.00144204488724606,0.0362455847428682,0.400544546067902,0.391325066968827,-0.221316486044964,-0.0542134152355042
-0.0412670258432206,0.0166045414843187,-0.119034264476697,0.096705913205196,0.142483473561943,0.204301099980125,0.0939599383601733,0.133814952886677,0.269559548595498,-0.209504707344067,0.121856419329378,0.144868613421679,0.277570824130523,0.503109293212065,0.499499245790404,-0.165210643023594,0.310139773804524,0.640138744938383,0.351858042268388,0,0.593137855518809,0.298223670156233,0.461420824626662,0.334678446499509,-0.221453549435122,0.34941135451941,0.527791239311515,0.589291234383893,0.544697043475865,0.446990413615933,-0.427871523252106,-0.0105259781475926,-0.167544117464663,0.590069433943341,0.441668936798401,0.421766257407003,0.379272551148181,-0.27634412939935,-0.0334915099766047,-0.0128528740555685,0.332822988783889,0.13711938125449,0.180731847217307,0.185302304231061,0.268314409505899,0.454529059404694,0.397559397567878,0.438022535684182,0.251491420176271,0.281531212705955,-0.0394794394308632,-0.0410627979038296,0.0198909084333796,0.129806180154122,-0.0361885070976641,0.0690791541738718,0.177034237998749,0.343800613154854,0.164540192497235,0.154848248742258,0.178736207531867,0.259902983967636,0.357517503278429,0.492501623086531,0.476741750308681,0.45876384413568,0.146726778979473,0.18068639364869,0.561850699126465,0.667900284161107,0.698379663185263,0.262277308772464,0.494086616364194,0.127979571647635,0.239643229774002,0.159458969549445,0.556717918252401,0.459290160272601,-0.34052320422596,-0.051569589281936,0.293761914036927,0.410435490998726,-0.197676975353054,0.397467807825148,0.572257293859815,0.410947308681981,0.372903068986834,0.314951060470618,0.66975509192487,0.225741751790151,-0.136200357558798,-0.0611296766034176,0.08568658943797,-0.0306455935780812,-0.00519222635261104,0.132533773063977,0.431337972004419,0.497710922167206,0.252390574449849,0.288654171898477
-0.157915073121654,-0.039395233370759,-0.165585723778733,0.0593921847428886,0.157636315667091,0.227599055816998,0.0643460812162057,0.208269558269445,0.274472123348223,-0.217996582683515,0.210307771129358,0.228151401146876,0.413800217507595,0.759223482129427,0.783693093292338,-0.275325532746498,0.480664380401146,0.514942265013254,0.650975114600024,0.593137855518809,0,0.365877328068104,0.651657728155118,0.282951526184043,-0.163697661673713,0.427824382049046,0.615587224770162,0.524597085705392,0.639120495615989,0.607941715096174,-0.455488015726102,-0.0263192381592188,-0.245235887913785,0.348258121321114,0.412779728033834,0.196654620690595,0.281397049854326,-0.243932419322336,-0.0466357675034398,0.0128481527262586,0.117504737991487,0.290996730733185,0.225626269285434,0.237969738512532,0.255464786292701,0.60662387288461,0.536976131788962,0.577595281197946,0.155322656001697,0.0760191298342365,-0.193983928314238,-0.133833212330074,0.0552717642972435,0.102314188411052,0.00594060174295043,0.0223140501206196,0.190109992831333,0.393160695387099,0.202828494843113,0.215135707579307,0.231439677915431,0.207418256361008,0.483493274759943,0.63657648430009,0.806189608387957,0.730424867897147,0.0960717140674861,0.411202640696056,0.539500342136772,0.507730542951728,0.879570712188292,0.431304360155349,0.659985369147056,0.0625349223669724,0.331906133629028,0.297878328240079,0.610877960784215,0.601181912630159,-0.430078429622427,-0.0294758349990723,0.290761865026025,0.134999347977339,-0.20583661040251,0.279383010634732,0.622073387289392,0.50822483711613,0.321176092320164,0.237731204170881,0.347456298997754,0.13291968492828,-0.18870472681026,-0.0654909348675641,0.0517204953947118,0.0244164446065937,0.0528255540825102,0.157724755428751,0.583050055636278,0.607426821743251,0.0751694615395214,0.0961701159753038
