0,0.434795164214284,0.458543986729212,0.137497901323176,0.325415227840218,0.275662388310122,0.24373575574729,0.00753501139560877,-0.00274369968909837,0.321786286037909,0.123498433765777,0.179165499746244,-0.17842270116077,-0.370463585361787,-0.396526938518876,0.443643497609153,-0.183757052328433,-0.215487850638349,-0.311851910991062,-0.295628942534142,-0.358891906742031,0.0772563575110031,-0.286941869601859,-0.153995427931145,0.312927280073065,0.149160995733455,-0.105235879674777,-0.242942076381777,-0.263510492658163,-0.400101524722249,-0.116138632156442,-0.0841126577899531,-0.205658098587838,-0.232492978311196,0.065992621661279,-0.0588414276300193,-0.0771503151189416,0.194990940813413,0.0685130904744428,0.108705932030067,-0.129669468981549,0.290600105853761,0.165473269742517,0.255419646113398,0.141334430094125,-0.340428265252618,-0.316389771964901,-0.212606001095749,0.233653457498886,-0.104279227915325,0.453819921283085,0.517183582895561,0.348625071555963,0.0364821563982086,0.310881384200947,0.341683390962664,0.171412212869275,-0.123385226839939,0.355273857952888,-0.00183703865036381,-0.0705580790530175,-0.201586181759244,-0.403842139115008,-0.238064382104837,-0.162580458867305,-0.39253650447347,0.0794692136904378,-0.283928395795814,-0.329318783931502,-0.118347339600293,-0.334845627263203,-0.0946979935332209,-0.26558969196,0.039514867707379,-0.273444675214271,0.278143344277467,-0.251102358939913,-0.330822255704485,-0.0530633863071558,-0.0984791177973019,-0.260530545063404,-0.136775695666921,0.158064411517062,0.168030233173877,-0.116768444106473,-0.337912810382584,-0.0242853069151037,-0.102452201794353,-0.120777253973718,-0.127671483321865,0.00726686650914196,0.271084378970006,0.147831597275581,0.198362050321823,0.259654324610636,0.233704279285316,-0.295432213370055,-0.227611565512829,0.26282541722,-0.00701595427199026
0.434795164214284,0,0.360890647695036,0.460376879441916,0.331986661937977,0.051364253959554,0.084173108673686,-0.116210946025554,-0.147281986578366,0.240942862193926,-0.197095019755204,-0.0507250505425362,-0.34250144424007,-0.410345373344836,-0.309790440475559,0.642147471215698,-0.322960064428628,-0.335456457722732,-0.334615169171141,-0.3714953318071,-0.423029947823304,-0.181979344422371,-0.302011724914813,-0.352151135707542,0.275692464049198,-0.0557696800297295,0.00476852874122328,-0.207288012073986,-0.450724825292865,-0.41184390963922,-0.107924759059165,0.0178799438884636,0.129257966815666,-0.448312111365021,0.0264433601445334,-0.249069571203487,-0.225296581366327,0.278770482852703,0.0973479366183459,-0.00376913115783844,-0.427601936913427,0.115453592837384,0.0472334053151939,0.101433313005743,0.130659767167133,-0.265972112595203,-0.317404980209449,-0.258378259617185,-0.170335486159229,-0.314083340566076,0.489504435798825,0.739351397913272,0.605144769437512,0.333303936071624,0.219919950771938,0.145463162791472,0.100123067191741,-0.174588727617527,0.217295674908791,-0.245706757014421,-0.283414216474914,-0.203440016426795,-0.305306484042775,-0.151719733896916,-0.0553424163698689,-0.317477447314461,-0.110775431202931,-0.355090226137282,-0.45300441823107,-0.273816961304677,-0.344284338584176,-0.025362536666036,-0.216907304870537,-0.124835061532131,-0.25265060919706,0.0749675349112972,-0.348838477890331,-0.21863704664937,0.0228766859292512,0.0128965261922596,-0.251875454644805,-0.138117887431901,0.175820726645824,0.164799477847046,0.0479233826258094,-0.299890781944398,-0.183307354310719,0.054297260847081,-0.382817932740495,-0.343867410711733,0.0776606327322062,0.335087421931429,0.0519237036532095,0.0669880711636874,0.117190889875657,0.0605628329371377,-0.228529141173367,-0.290702443781837,-0.101263584688431,-0.26297340823575
0.458543986729212,0.360890647695036,0,-0.118481817120617,0.470883365631698,0.67968383752143,0.545764407489563,0.476842637404188,0.39402203432973,0.621352655023346,0.226384489737588,0.395163677650058,-0.0330945748130096,-0.394707530743123,-0.475123325833262,0.0846815992106487,0.102572172712641,-0.337604078279162,-0.395288069811609,-0.465274517425035,-0.341529709872405,0.354608372953181,-0.265883934408347,0.136185602956485,0.471678273563013,0.302040710310942,-0.251637796028759,-0.27878621317861,-0.158596223446102,-0.411460286658143,0.0197877273224248,-0.331818707803061,-0.472758337545716,-0.0377425033035733,0.118389066323521,-0.30100175270888,0.0183458855244429,0.0901007938214114,0.228088749176192,0.405074752116552,-0.0043874135587126,0.512512784385485,0.353617195022907,0.168001595096563,0.135148133879191,-0.425240612891756,-0.350825810277329,-0.260657731170247,0.344262760879575,-0.0856824974275316,0.18523310978091,0.606001061684079,0.253601766126858,-0.102781879135444,0.692629253536691,0.779890253914183,0.578435623074419,0.241325096849686,0.565273947158186,0.0873380661391039,0.0971252216899765,-0.154311314954327,-0.383231231372774,-0.351957604706382,-0.324082011623931,-0.47175328656869,0.343910830274512,-0.189371494690701,-0.320391939554964,-0.307776535629102,-0.40652674076652,0.113327001781358,-0.25676747612074,0.349915855940453,-0.197614246280491,0.512956810566535,-0.264512173449495,-0.336664992339691,0.0247956400841981,-0.263331852548087,-0.243229945422445,-0.306689584096037,0.300982809957827,0.164799913740696,-0.263331569930501,-0.366082555665623,-0.0472844089922772,-0.318472938232108,-0.278816154302656,-0.0497328024629922,0.00110280070701,0.406153264819396,0.352830449537579,0.547311401433733,0.542260327188322,0.0630257875883733,-0.392312704061988,-0.324492893974495,0.493459430006138,0.0248765546189415
0.137497901323176,0.460376879441916,-0.118481817120617,0,0.222904663311221,-0.253102301208552,-0.0646261784177401,-0.264881751681391,-0.317105885209169,-0.00391100565393228,-0.256126948459063,-0.192422868196908,-0.372988076928501,-0.1569114525714,-0.0657933079187686,0.669675904801084,-0.36763551116671,-0.245564591676013,-0.130012552097578,-0.231735852120666,-0.190197524873993,-0.428553455026606,-0.142406249832942,-0.38229344860793,-0.0994925741297502,-0.0666431822276965,0.0403606643653686,-0.0253071999584068,-0.298113895356718,-0.158817705536698,-0.375690871867261,0.0734785100010201,0.37413813327531,-0.443356946149357,-0.131682580759484,-0.286895676671702,-0.377578258765765,0.031062352570362,0.0233534440908621,-0.163058912010071,-0.527581083629357,-0.250289835716861,-0.257881822661153,-0.0448368558681733,-0.108905607577955,-0.0959774117040308,-0.197371869657234,-0.142250666540031,-0.432869943606455,-0.500581993146978,0.317632296727989,0.233292466638641,0.539780395463589,0.706190500779933,-0.0957728020663108,-0.194222471303568,-0.117152082803673,-0.342786581644132,-0.0754130892949258,-0.224141065414798,-0.289515132901122,-0.228914926750921,-0.0968114322760747,0.0147303479543758,0.0387928721569014,-0.0557162727940504,-0.400090408588145,-0.207331027354156,-0.251122792034331,-0.260662208669696,-0.137823685782061,-0.14215133476979,-0.0857070039543061,-0.299636260952026,-0.111253128660355,-0.0964956887773655,-0.13759418093406,-0.0803634505542929,-0.317396103345848,0.0647007374747429,-0.058356230470813,-0.147589490705727,-0.18619463848451,0.059225451884583,0.151886379039513,-0.0782297090445298,-0.206616144084793,0.101236240857661,-0.389490450224362,-0.488434854667445,-0.0702115634815973,-0.152802598365281,-0.0808268624158884,-0.271903120155756,-0.187613698511038,-0.103880478221208,-0.0590247184200357,-0.177775620089238,-0.36201620958429,-0.485477592622038
0.325415227840218,0.331986661937977,0.470883365631698,0.222904663311221,0,0.496400767976494,0.343093466121187,0.310322858005766,0.245405809776742,0.382310601155831,0.0782507130897581,0.181255071051751,-0.227007674617276,-0.253145818696266,-0.338968920759296,0.279516556796052,-0.0712806883602056,-0.269531285195605,-0.312826162594731,-0.32795715790586,-0.308313504806308,0.202804200988691,-0.120125850124789,-0.0486436760411272,0.229064888962756,0.225814913804642,-0.181625355124281,-0.155598473150607,-0.122282316369628,-0.273681209868296,-0.270081893074783,-0.255061350131893,-0.244164881332547,-0.081002419537394,-0.0374628626798873,-0.31941332674721,-0.102335028029988,0.0262844291615903,0.212042593442897,0.298960104665108,-0.0440089024408954,0.382864138398071,0.267801648993415,0.0597440839288678,-0.0887496859935728,-0.165797110488841,-0.194772392461873,-0.0783022907587562,0.214138177925451,-0.147429512138043,0.0617552810612336,0.364519596275189,0.210050880428531,0.178980366755303,0.62389422954691,0.482389574663115,0.399350988183168,0.0593809842683202,0.255105942801619,-0.0333752244414764,-0.0129868863708321,-0.25543154992947,-0.259654221734802,-0.225168968483989,-0.226253101846691,-0.345009175059551,0.165768150987631,-0.185757557265849,-0.282030152963566,-0.264868225459332,-0.379240254147014,0.0461351982080637,-0.129156028867118,0.101174279971948,-0.271974918719642,0.304156958640137,-0.184755062704548,-0.201019881816169,-0.311848210513261,-0.279741233371771,-0.190303801406678,-0.220458477144677,-0.105610050922643,0.0257495599018137,-0.0823317804973262,-0.142410329549509,-0.113853036533279,-0.200008564847041,-0.268613640499296,-0.129925259281184,-0.157055144273322,0.11251497077655,0.249578155757696,0.402150774735783,0.303707855031793,-0.109666790457536,-0.135932149051714,-0.140732086918082,0.324842535308717,-0.0341046008053952
0.275662388310122,0.051364253959554,0.67968383752143,-0.253102301208552,0.496400767976494,0,0.616031229511535,0.614605456702472,0.49981717552172,0.608553695084242,0.337890033653559,0.51810726934841,-0.00971950021965283,-0.1966396671816,-0.340407912428379,-0.165651273570783,0.161141792304285,-0.164472857304408,-0.227041067293571,-0.25775586359166,-0.206321718392984,0.433808206335808,-0.0983451999508442,0.192584403220715,0.307481093282986,0.397834492427662,-0.259260061812509,-0.23552670395203,0.0648252671255928,-0.254560039422652,0.00451597869757865,-0.353997118915131,-0.524295226869599,0.109911854604694,0.112575881635783,-0.168415487735863,0.167238069827213,-0.0745933509377317,0.27458205722819,0.621474135007135,0.240418630179377,0.598834675696205,0.513703295525302,0.185434751012004,0.103380249216199,-0.259740003667061,-0.164511272623535,-0.109459719068458,0.551032749837689,0.0835926051127663,-0.0563782325342492,0.252503387472775,-0.0370046947929568,-0.257179315482458,0.775749249856318,0.799820070330404,0.649467913547831,0.348047335703978,0.530684285149809,0.0614096407458086,0.168134755239253,-0.0950661455682721,-0.207555950849869,-0.236602729479301,-0.263272667458144,-0.342002952532858,0.55057759677602,-0.053128410247259,-0.109289910443508,-0.191356171158007,-0.320370703753031,0.199301646517303,-0.121272246615043,0.409050716980767,-0.126960500074919,0.528657811940058,-0.0862010722039805,-0.199845732364261,-0.0333434208091088,-0.263845080592893,-0.136435978936327,-0.19095425755774,0.198941916663306,0.077764369192561,-0.257336953973804,-0.18404595586879,0.0719115296804776,-0.291376540898997,-0.102923881374343,0.105267864709957,-0.0710496561794886,0.200010575186385,0.450649287386239,0.581070526532332,0.555285769012637,0.0531001711186904,-0.247926984874119,-0.112654407061475,0.659515669952345,0.171576636715436
0.24373575574729,0.084173108673686,0.545764407489563,-0.0646261784177401,0.343093466121187,0.616031229511535,0,0.664081538394292,0.450647663357361,0.590719543874173,0.422124711899145,0.547595239488459,-0.00534118013600657,-0.0699722846506372,-0.20368660967982,-0.0704858914192165,0.236178947415221,-0.11637656024789,-0.192610917836093,-0.203127239939206,-0.11669918882763,0.285376291063813,0.0255912407625854,0.232522199334777,0.179677754007077,0.451059890441321,-0.129021209778184,-0.122731362723599,0.148501622918478,-0.135716272568307,-0.151351663654581,-0.2285780755504,-0.49813722525258,0.136100958607676,0.00657051856233822,-0.305869192765978,0.176933205252682,-0.132899611229434,0.254052557674728,0.728359644134052,0.242133252344575,0.364089818727956,0.306250868502512,0.00868598723041564,-0.0326940852607563,-0.202020877065908,-0.0687537381350555,-0.0164225517081715,0.325230693776976,-0.0456930227149986,-0.093581460017826,0.153951613213244,-0.0485063100020461,-0.117804821690219,0.539605759707577,0.547727490235317,0.600451132742585,0.355488156658876,0.42813854957852,0.0412084672746931,0.0843010364751589,-0.101344007876393,-0.134972957723607,-0.0827280944612323,-0.0245780135914871,-0.212819298522993,0.423267952625803,0.0442465232287078,-0.0528384749685202,-0.184881619471858,-0.193082680658541,0.117932613420343,0.00172756340274506,0.377508451819122,-0.00213027444203809,0.520168114263082,0.0915241046169945,-0.070201476615739,-0.206356608327282,-0.25706918536065,-0.0873334066966741,-0.244147685315281,0.0370571551559493,0.0297503807737313,-0.11671835559235,-0.135258632680853,0.170543029916252,-0.243193321535304,-0.180423168016306,0.0189077617443934,-0.225661991172663,5.47564678477839e-05,0.361087121685231,0.31426533772874,0.359485223718068,-0.0556186239885822,-0.162081368752233,-0.0890579684967406,0.450641145290538,0.0885776144781538
0.00753501139560877,-0.116210946025554,0.476842637404188,-0.264881751681391,0.310322858005766,0.614605456702472,0.664081538394292,0,0.764366069523617,0.384872352056302,0.392589771453288,0.439679389657772,0.0816977033239191,0.0162024182628403,-0.10911178454143,-0.306880705175397,0.329000276125505,-0.0515877243111582,-0.182574086066295,-0.144733463201606,0.0251577542037475,0.344851003833951,0.149186415672414,0.428291010271304,0.0966733900780205,0.341837932676176,-0.240277132312475,-0.106252551095375,0.249421909857351,0.0401060489859841,-0.0306084781993306,-0.282883828134541,-0.544404155647952,0.317829314218791,-0.156999434993384,-0.228607904707976,0.20552403632853,-0.188638883866754,0.164977667788731,0.607715281566487,0.455566552328733,0.31323697584871,0.250362562758124,-0.161839321643089,-0.206185852855373,-0.050556159067787,0.0142510318246977,0.0770681376410932,0.460513149044756,0.171315464430986,-0.243426842127037,0.0343759813624125,-0.158842226507583,-0.24878195411434,0.480837674001791,0.565644957114577,0.721503802714073,0.704942049283851,0.242570030434313,0.161856884729023,0.180558355441956,-0.109252532644951,-0.0237816376637447,-0.0826657027797409,-0.122037458586548,-0.0980505758681229,0.53011880821019,0.0903260226402605,0.00775408543082785,-0.18061626969767,-0.0956467833076503,0.022586254662488,0.0856232935732565,0.532073153868919,-0.0645344284532109,0.370409150517266,0.116743819298825,0.00484261355503581,-0.141733738529071,-0.282001918930517,-0.074110914684777,-0.335286874933331,-0.0512820491919654,-0.230863943512091,-0.164480317143715,0.060955012527223,0.117211043373735,-0.412333646202929,-0.0571568052297129,0.214355965222066,-0.135483488634162,0.00142674064183385,0.35321709775218,0.382954159562515,0.30181282230263,-0.272413313952468,-0.0277845518644185,0.0461923563711932,0.578908365303969,0.298561998225759
-0.00274369968909837,-0.147281986578366,0.39402203432973,-0.317105885209169,0.245405809776742,0.49981717552172,0.450647663357361,0.764366069523617,0,0.28551602394935,0.332227070851126,0.314987975856667,0.143982448276058,0.0118559301796062,-0.0495179223962422,-0.332959485589529,0.33839445305883,0.00960107586815399,-0.216656546315399,-0.128999767798326,0.0281062729565283,0.368991865360302,0.18124559802055,0.511218324229844,0.172003312779321,0.256262898230676,-0.307169228203753,-0.101230420924448,0.206258484077563,0.103519983710904,0.0332800485394194,-0.273684777344948,-0.500044186102997,0.328377281782627,-0.0850312335616101,0.0200221803016378,0.169458627812593,-0.0670030218796741,0.119310880284601,0.41979330289219,0.546187550307646,0.276780412986694,0.233090365384636,-0.0869839929591897,-0.135238213448317,-0.0321678816939468,-0.0249119618524019,0.0818161350492122,0.475772737141723,0.318877728037735,-0.230731495237921,0.0221603727778635,-0.186650208103381,-0.232340573794262,0.389477181046372,0.492299450310327,0.687966387753267,0.826399297094341,0.193841590184954,0.213736142437359,0.209124027823275,-0.116786652972499,-0.00153896005728071,-0.040150628947878,-0.143289627986314,-0.023961177450194,0.60215347771968,0.0511522414516332,-0.0338545726365926,-0.0888084677692863,-0.13253657443141,0.0007662560752997,0.146705028513062,0.505183247845761,-0.0338602842210281,0.282236495548047,0.0309571982530064,0.0077510228698466,-0.0673936975612857,-0.271694111495838,-0.0945607434478481,-0.211687747794192,-0.0299732930138766,-0.193822778223836,-0.235661956110003,0.062053196208873,0.0292193433053293,-0.381538162160001,0.102746292379278,0.370778657446294,-0.0978564203511406,0.0455510343381155,0.247843360060103,0.328316151648501,0.249625330242131,-0.227514349792337,-0.025073787304936,0.0701839373882823,0.558841199126177,0.417033227584091
0.321786286037909,0.240942862193926,0.621352655023346,-0.00391100565393228,0.382310601155831,0.608553695084242,0.590719543874173,0.384872352056302,0.28551602394935,0,0.236174820425706,0.522616943535001,-0.0228441480375462,-0.380320921087751,-0.41902390783377,0.100237632829504,0.0926568701900536,-0.371531986569002,-0.356472157501669,-0.47893786872706,-0.349870056692331,0.313409585992848,-0.277666695952209,0.0995400644379326,0.528170829083915,0.403243135899833,-0.312667782442373,-0.312776892551141,-0.186577163088252,-0.382263324891916,-0.0194104892452435,-0.247019627175862,-0.379538059484726,-0.103658128014834,0.134816057366889,-0.361515422927858,-0.117095249687267,0.0886215481760263,0.323608729447604,0.60496384876283,-0.0680807742344164,0.520968911474488,0.415707097396613,0.210890789865725,0.12082823900855,-0.497813494471137,-0.413367585263759,-0.331126228114686,0.146382012536614,-0.205452611215607,0.115852491668212,0.392019556117321,0.203753117912259,-0.0492941147590644,0.589365570482188,0.598432606444278,0.457684650727892,0.127860572915854,0.738351802282784,-0.0534812682167891,0.00673855775558315,-0.102730242881336,-0.342957096577799,-0.269375668036944,-0.222547302969678,-0.403561890930325,0.375798555901438,-0.208863069255185,-0.286560315312961,-0.331127321565873,-0.40449539723272,0.0917900812099664,-0.260946183157703,0.320228170871396,-0.113011399307022,0.576789754263485,-0.27949293000413,-0.33338106526754,0.00441820450206486,-0.200000703502764,-0.20894654882259,-0.188952454192705,0.297766993091001,0.187126261413759,-0.330658372181245,-0.399636478657943,-0.159056371933079,-0.314660175664194,-0.372256537281115,-0.120272251133087,-0.0358754681344473,0.366276084964637,0.390700692494035,0.453427033741263,0.474600494962413,0.0945211768329844,-0.499702526473328,-0.360409290943512,0.314685659232482,-0.0833940507392611
0.123498433765777,-0.197095019755204,0.226384489737588,-0.256126948459063,0.0782507130897581,0.337890033653559,0.422124711899145,0.392589771453288,0.332227070851126,0.236174820425706,0,0.769219478260202,0.341916535479254,0.229439176009712,0.114650020444837,-0.192246575726165,0.305348722019686,0.142555226394672,0.119346915538546,0.109718575751092,0.219605365061422,0.403042693106668,0.210984719570143,0.554111454234077,-0.0751942925451132,0.70799553126058,-0.0310463351546319,-0.0412428051061332,0.271637166302959,0.135065923488145,-0.260310997949685,-0.153023353872732,-0.374252963835813,0.238542888816271,0.283383213363801,0.0428750765273515,0.258203041393173,-0.305324315225092,-0.173748088537474,0.43956722628275,0.414827342006223,0.124465837968733,0.372421874450292,0.131925684796729,0.021524218250844,-0.0247366016926226,0.0988623457693805,0.12614580760955,0.380426447561118,0.15874641268251,-0.280129141823841,-0.115881626951169,-0.387562301729801,-0.379549231721716,0.328983275618882,0.18516686880545,0.230323991634296,0.344887427793709,0.376371111550236,0.660565410631062,0.620527603542987,0.161115617048682,0.00315312890975851,0.119427839628183,0.16028597924023,0.0864096649163122,0.34571951112184,0.22343256204435,0.161807957349656,-0.00504862132119489,0.123414216551945,0.128106116725237,0.147447579995933,0.532039539581912,0.320432021850437,0.577678933375113,0.266504268121671,0.0777113300529786,-0.29288924638271,-0.311324243209381,0.0827461090545375,-0.186881977522961,-0.0357106204530779,0.225347918202171,-0.114541042976946,-0.0565990315625034,0.322487434537295,-0.0820092442087516,0.111620311891088,0.301020446692563,-0.379528057644341,-0.179645755253872,0.0136675383879464,0.053705710632145,0.39831415796764,0.172746921463876,-0.00811129904183769,0.055322726573073,0.383547135567862,0.221017357459843
0.179165499746244,-0.0507250505425362,0.395163677650058,-0.192422868196908,0.181255071051751,0.51810726934841,0.547595239488459,0.439679389657772,0.314987975856667,0.522616943535001,0.769219478260202,0,0.321959145756472,0.0478571283487358,-0.0828982034048621,-0.131842190285123,0.295577759943028,0.017048777411758,0.0057374551371089,-0.0978510356556947,0.0468507529093159,0.418248371725884,0.0368185141280621,0.439279373674414,0.0876729032567909,0.783797583214351,-0.17009469469822,-0.180463337981213,0.156244995702798,-0.0441524565742495,-0.217464136159921,-0.206858013382494,-0.432626104394593,0.163305759700995,0.291506716617091,-0.105434275210564,0.168722491649165,-0.278959160585771,-0.0584538526044306,0.562778317922573,0.247153079548932,0.314711177368754,0.484158457974643,0.187710769222515,0.12297263692037,-0.285790387382908,-0.118674941955348,-0.0930436652000406,0.285607741855021,0.0222982966121936,-0.156898694031,0.0423440393211126,-0.204007641891087,-0.326268300167299,0.457269488466976,0.345590461267231,0.346534405071034,0.305922123374824,0.604292124540967,0.406662682007674,0.504095890052628,0.177130461801598,-0.11196644985924,-0.0424965059014763,0.0111643571757865,-0.0975343678026371,0.36900927610313,0.128526049387167,0.0414048775888803,-0.10480140486792,-0.0532956199006294,0.155204080436714,-0.0258702467543477,0.499572374957729,0.273253642176037,0.753091689352295,0.145192780768317,-0.0605285057240178,-0.197642190919725,-0.230141157765934,-0.0214427496989968,-0.236314452196954,0.141788215594438,0.238457141651879,-0.273338932833645,-0.262753185373219,0.219048911895891,-0.226885771607736,-0.0627885749494075,0.156403920462428,-0.270496424800668,-0.044478398622655,0.245604366561614,0.201528825118741,0.512193200074063,0.170316874583124,-0.281780899990707,-0.157381752665842,0.340141273571433,0.107710706348629
-0.17842270116077,-0.34250144424007,-0.0330945748130096,-0.372988076928501,-0.227007674617276,-0.00971950021965283,-0.00534118013600657,0.0816977033239191,0.143982448276058,-0.0228441480375462,0.341916535479254,0.321959145756472,0,0.354903753606986,0.294086673220949,-0.355068618930211,0.507183635179391,0.287568825902031,0.385468607078286,0.193553304253051,0.275904083441026,0.433213110273094,0.210337301106449,0.502503638510507,-0.116571496151511,0.252177757262048,0.194143174940675,0.147233138512065,0.354799393331302,0.254587604642379,0.0719721358478306,0.0482701051028634,-0.135886182122369,0.392109316970423,0.361331860689409,0.236624132630297,0.321914975919463,-0.257068711118767,-0.100310842396225,0.056955321137679,0.338799696848815,-0.028994484444477,0.141464802447893,-0.0900869482098034,-0.0590726396856543,0.0671295749830389,0.23409781324233,0.0727097951784894,0.116866356112582,0.288530940352257,-0.205107095954124,-0.220706923816955,-0.384880871409884,-0.270857288822179,-0.10844839563339,-0.0637897937420596,-0.0627113717628029,0.261740510467248,0.082300925374797,0.344327614544433,0.493879652323736,0.717545840000013,0.235172187839847,0.15488776617215,0.169583513989693,0.257217004240999,0.0734510720374406,0.409182090535396,0.29465847802858,0.127485154707352,0.22425517784181,0.258528651160239,0.120622739894462,0.235679931325636,0.491880207838752,0.160573128855767,0.318480394371509,0.236899509266313,0.0702896023972098,-0.0136233493731293,0.225315193861685,-0.0240408781027277,0.0376942703027744,0.165902047977615,-0.0297925659528174,-0.0305210312589405,0.287059587095724,0.0902820551550711,0.243317614091739,0.326039987570694,-0.0633876855895656,-0.177262598327118,-0.0339113524521357,-0.025216058618818,0.116008938298875,0.03218314578633,0.0450432839882688,0.0230165854057039,0.0299755212427082,0.270350123281829
-0.370463585361787,-0.410345373344836,-0.394707530743123,-0.1569114525714,-0.253145818696266,-0.1966396671816,-0.0699722846506372,0.0162024182628403,0.0118559301796062,-0.380320921087751,0.229439176009712,0.0478571283487358,0.354903753606986,0,0.835422866487082,-0.31077207709127,0.394008985316093,0.643333376293768,0.753385187185113,0.69444395110478,0.70414564409354,0.0812040195459347,0.82056721474929,0.326875191372534,-0.41241798691791,0.142887929919695,0.322051225346578,0.488120835243924,0.703856454647932,0.768690853374648,-0.207077155259856,0.137924845396896,0.00748691091382097,0.548928911145227,-0.00247121679864796,0.299214749344696,0.379864291858699,-0.424534910293781,-0.136822688623746,-0.0113162163772402,0.417135290250954,-0.227072755976122,-0.107979760806864,-0.130660027157336,-0.159585470990419,0.654292072285784,0.755157183251481,0.713084521656403,0.023274942374853,0.296680907812474,-0.531146582453818,-0.545459672182141,-0.550481065117334,-0.112692958600886,-0.290922337224849,-0.340936902824608,-0.128644576072863,0.208826982108688,-0.374922288052098,0.1998030061669,0.22632953513155,0.412788002023768,0.722913858478859,0.670696200058458,0.613812043669019,0.794115819899248,0.0358252479452654,0.735405132396853,0.657882160574855,0.353136700863632,0.604062368902849,0.230903759725691,0.73456087613068,0.0721435688872622,0.505777626239444,-0.0969133049207191,0.776693652258007,0.783382548847725,-0.279183657843982,-0.0820720600051332,0.593935402168577,0.210069727518047,-0.33532255123141,-0.150421226455026,0.350999375290478,0.559318789953004,0.449410421159689,0.375843118959386,0.446794126156756,0.310377458290304,-0.383047320541063,-0.51007006368853,-0.0894899110524964,-0.263442259299933,-0.24943795599655,-0.0246701501002146,0.675551387732044,0.668030907669028,-0.121246523431233,0.197215855277055
-0.396526938518876,-0.309790440475559,-0.475123325833262,-0.0657933079187686,-0.338968920759296,-0.340407912428379,-0.20368660967982,-0.10911178454143,-0.0495179223962422,-0.41902390783377,0.114650020444837,-0.0828982034048621,0.294086673220949,0.835422866487082,0,-0.186101843467296,0.261023013253767,0.556421273931238,0.642640256138899,0.621485663452813,0.646293705097089,0.010828359570189,0.79541589690006,0.277885099335303,-0.3850764078388,0.0204648481468072,0.360764982736129,0.489615636638509,0.530063891829547,0.79444118765871,-0.18907676755345,0.208481872885793,0.15536688895824,0.370078057205966,0.0130004588189725,0.298141983497332,0.28522012495073,-0.337854084294004,-0.140274073881112,-0.121628773334805,0.312626347013043,-0.324321950357581,-0.191548544787964,-0.16367361275852,-0.140423960595902,0.68903660812041,0.68849539141711,0.685962867035072,-0.107494871001956,0.207328885306038,-0.437681830423258,-0.499733441808503,-0.434664258816314,-0.00066808625277192,-0.419951987287986,-0.441129469100487,-0.196529133767319,0.161799305542314,-0.427289257486283,0.192544649365639,0.147365641179283,0.363429020473523,0.718452843957224,0.759375026524363,0.676954472173034,0.90657518017352,-0.00993035586494382,0.596871368920178,0.524231545078757,0.291527876416976,0.559064187524048,0.216419757753369,0.781600094637096,0.0170666628475564,0.459076327118031,-0.200899334948315,0.626530649948907,0.808343604305326,-0.22255348967732,-0.0418855084880668,0.533985442202655,0.207350559323299,-0.295465351661937,-0.0920220331210803,0.404765938735641,0.575096699337634,0.336269364821985,0.42682491538136,0.364733147654446,0.254859549963484,-0.340793160842929,-0.451477227211634,-0.180099373862055,-0.352890579001174,-0.306924434568263,-0.0364382376402521,0.688252496086322,0.656528591454671,-0.248907050332018,0.100928003329512
0.443643497609153,0.642147471215698,0.0846815992106487,0.669675904801084,0.279516556796052,-0.165651273570783,-0.0704858914192165,-0.306880705175397,-0.332959485589529,0.100237632829504,-0.192246575726165,-0.131842190285123,-0.355068618930211,-0.31077207709127,-0.186101843467296,0,-0.393072064627367,-0.292162028113806,-0.245552601159775,-0.318537172168572,-0.369578940412908,-0.286128102215438,-0.247365478900332,-0.390124569566944,0.16106789833079,-0.0719283557995977,0.104933537213156,-0.11558095777291,-0.48267534024134,-0.31281452872196,-0.327623672156753,0.0265954850414193,0.314097344515118,-0.538515213268087,0.047700314680013,-0.27730424094403,-0.42510369342036,0.175143924582711,-0.017030444854731,-0.180612679617245,-0.553801390369468,-0.0523894315708116,-0.109763094974702,0.0836817570524769,-0.00783052401561949,-0.179509490731539,-0.280223803077399,-0.204654285488779,-0.331123636022363,-0.524360779837782,0.492906631582997,0.484320088370875,0.626653102654541,0.416499142557461,0.00431917242357943,-0.0391949087814919,-0.0702204218048013,-0.356945466813382,0.0800443330191432,-0.0935420426319781,-0.21656057071103,-0.252224820077607,-0.223282194444704,-0.0269388296431511,0.0494540524181793,-0.217841805339734,-0.277602234638471,-0.350649520803744,-0.419774616188392,-0.263710533578621,-0.303660846360511,-0.0732392272067751,-0.152264236197995,-0.245716473648557,-0.175938596992518,-0.0204234902702877,-0.296096479627679,-0.148389528688526,-0.190713943439889,-0.0439526943736778,-0.20610114320639,-0.176924705155035,-0.0588215316517692,0.204608953836086,0.141800254391837,-0.218092776559234,-0.272437820540342,0.15672385191414,-0.440295260904182,-0.519542531749244,-0.0815244142193628,0.107865089383037,-0.161608988445012,-0.140772834542472,0.00251626147878063,0.0492266011198894,-0.153730511381671,-0.262955499871508,-0.271015929260976,-0.485722770960101
-0.183757052328433,-0.322960064428628,0.102572172712641,-0.36763551116671,-0.0712806883602056,0.161141792304285,0.236178947415221,0.329000276125505,0.33839445305883,0.0926568701900536,0.305348722019686,0.295577759943028,0.507183635179391,0.394008985316093,0.261023013253767,-0.393072064627367,0,0.246177041646137,0.3982545565815,0.120774858682871,0.327504049791345,0.478886023005243,0.342253251836415,0.655874891999589,-0.0105611017347092,0.275871635523414,0.0712850893793525,0.282051638702493,0.50847020151871,0.297739476750941,-0.0477229078263471,-0.0918606806413964,-0.354238862090072,0.645069445191636,0.152687139235765,0.0663209398051424,0.373228811500723,-0.3945250145178,0.00093035291878286,0.229413953430753,0.420713321062581,0.0925240949222865,0.0850469580690304,-0.178731497272375,-0.225229119865611,0.134506963970212,0.211434933241038,0.138313036362386,0.165567666285109,0.329146744842198,-0.40224468298964,-0.203448381820517,-0.387364368460924,-0.277388083135357,0.0227023988249624,0.11881737584664,0.184979497899311,0.398667340963215,0.00216111879259914,0.173028092452829,0.236190603499102,0.279648323559214,0.213256604359763,0.169238480529959,0.134035896777943,0.240810124339533,0.214173145349942,0.537883926520776,0.378308487120942,0.108570944853323,0.204788378609447,0.328962375334461,0.250599611864475,0.308867961897228,0.511520051811239,0.196980747293543,0.3649854312356,0.247450822327191,-0.115481790831524,-0.185185832694033,0.366956093111535,-0.0915333463852375,-0.195986027302832,-0.00584100417694701,-0.00217514314517483,0.148957686125035,0.306390825520677,-0.0172581188904544,0.196524103307489,0.369255941189112,-0.253535536857265,-0.186891328924958,0.118558462546054,0.09038368075091,0.0525763687329032,-0.161831852597216,0.132043982205572,0.106610819407362,0.157292949783853,0.314480175028437
-0.215487850638349,-0.335456457722732,-0.337604078279162,-0.245564591676013,-0.269531285195605,-0.164472857304408,-0.11637656024789,-0.0515877243111582,0.00960107586815399,-0.371531986569002,0.142555226394672,0.017048777411758,0.287568825902031,0.643333376293768,0.556421273931238,-0.292162028113806,0.246177041646137,0,0.694679561606165,0.796615572053989,0.634471543250649,0.124559507890145,0.481410825543413,0.272903452400023,-0.287415084596922,0.109805966853577,0.243582239288686,0.371005728044754,0.549585095691532,0.489323510814146,-0.112087321892456,0.0233931187805271,-0.0939627084596392,0.596829930581518,0.120444533322532,0.609785057681332,0.471605843615546,-0.263922441127867,-0.0745221894739651,-0.0567801381564645,0.463389198212951,-0.0653350837454308,0.0359594305021666,-0.0850248661169732,0.0366043523877271,0.4358308380389,0.536871031811196,0.446643181429529,0.0697725208583853,0.456696525333563,-0.421052021811328,-0.364457828524763,-0.474370059614663,-0.28009155629359,-0.258141429657148,-0.318202605570287,-0.189105095916102,0.176633593773437,-0.286182719566551,0.0952438190065299,0.155321321722684,0.333368696292717,0.407595090342439,0.329049375004781,0.361066363266705,0.510204552940629,0.017274442710506,0.539644507488058,0.650665193380211,0.783062428733041,0.632158518645554,0.159482234510724,0.40066830143422,0.0261088757089038,0.3672629598169,-0.0889933934043648,0.639943499604448,0.484192867954108,-0.081650649104277,-0.124297310083611,0.400853467061842,0.297009121747194,-0.109920614795185,-0.0500388756970605,0.201249552204367,0.297151139433494,0.470638602176932,0.337988876207125,0.725399441153697,0.325774867798885,-0.235616174884174,-0.326109561262914,-0.0615990475424541,-0.23300576648492,-0.0968993363186269,0.095632613668273,0.429073337356065,0.414830195283966,-0.0827854775851076,0.322237169591676
-0.311851910991062,-0.334615169171141,-0.395288069811609,-0.130012552097578,-0.312826162594731,-0.227041067293571,-0.192610917836093,-0.182574086066295,-0.216656546315399,-0.356472157501669,0.119346915538546,0.0057374551371089,0.385468607078286,0.753385187185113,0.642640256138899,-0.245552601159775,0.3982545565815,0.694679561606165,0,0.683397589347956,0.60896767871089,0.0680124854920172,0.497737871202606,0.255157354630285,-0.335111447246216,0.0632605374593119,0.393305242077215,0.421881579817264,0.603227131803167,0.47233971226916,-0.129332832729163,0.12305215908371,0.0623455846793963,0.528593439695065,0.192208216235209,0.420626939042808,0.389601079931819,-0.33917039479694,-0.122953297736924,-0.109424428538456,0.271737500647973,-0.164682408255667,-0.0515924114940027,-0.0815845105800982,-0.0360494030187441,0.450059837526988,0.590036556069962,0.414562418825936,-0.057493458172061,0.302937119499784,-0.41953712616059,-0.419335595303318,-0.437208794528779,-0.169392813435499,-0.333719249553534,-0.386093498166822,-0.332056553460001,-0.0375909526405175,-0.290245934226802,0.0799842765689781,0.17141441662282,0.507625832632884,0.526107522124879,0.476177985018018,0.495337186092586,0.568615621290438,-0.101245004605993,0.711609173380586,0.669701799899003,0.48059465953294,0.593936766846731,0.284901374941226,0.434502571376158,-0.00326918432219089,0.550824785420772,-0.125824783181531,0.686052954366464,0.543143803178807,-0.0973184918360865,-0.039513007994784,0.557323919321794,0.224253468788216,-0.158114673458959,0.060670989170434,0.301537945780575,0.330184972756491,0.458817733536324,0.449685460175232,0.523330652489722,0.216368861033105,-0.255230591494198,-0.359696261328819,-0.0791922671782617,-0.271676886037199,-0.177289988203081,0.110021349078013,0.443548120522594,0.402129792625872,-0.215087587360466,0.146404936632826
-0.295628942534142,-0.3714953318071,-0.465274517425035,-0.231735852120666,-0.32795715790586,-0.25775586359166,-0.203127239939206,-0.144733463201606,-0.128999767798326,-0.47893786872706,0.109718575751092,-0.0978510356556947,0.193553304253051,0.69444395110478,0.621485663452813,-0.318537172168572,0.120774858682871,0.796615572053989,0.683397589347956,0,0.716879805604657,-0.0632411335764283,0.510254533869778,0.144778373583162,-0.422137131784635,-0.0196299951677785,0.328231031021812,0.422599968644278,0.606004078785546,0.5541548241733,-0.0840054828496723,0.0813188488735049,0.0126868028010342,0.527061743786557,0.00417236852087136,0.495696135464154,0.39515213945902,-0.257863231039011,-0.133123523833026,-0.123932536267264,0.385459790358616,-0.216151867871709,-0.0984348174227403,-0.120655659833251,-0.0257332005282623,0.561213026992549,0.619713553952975,0.538927191576246,0.044273622793082,0.419219887716112,-0.46287804423284,-0.472451884623994,-0.525317980107123,-0.254029326255344,-0.309948011937886,-0.422886335022994,-0.330793469851207,0.0163382520909434,-0.414293578871108,0.101760620320879,0.142781315931808,0.304791435610928,0.492898694176227,0.400272892536028,0.428655326800338,0.584103638658449,-0.0568065703515581,0.559798349347798,0.684337084860706,0.678093595933222,0.763064646874219,0.0754353006028871,0.444257008442786,-0.0308646916372693,0.328523682518776,-0.244427431254574,0.669749965905682,0.539794133172751,-0.112109008785031,-0.0665088199504018,0.431824111270399,0.386430207413427,-0.209387288134668,-0.113459119550837,0.336320853237678,0.41665460103637,0.402104830929587,0.360974121931022,0.661369172602268,0.283927838092431,-0.238656160298912,-0.391135767876407,-0.178907634583339,-0.343725850723416,-0.281281644731447,0.0439557084242122,0.540373858699086,0.526896600924914,-0.122372230769198,0.248418092658889
-0.358891906742031,-0.423029947823304,-0.341529709872405,-0.190197524873993,-0.308313504806308,-0.206321718392984,-0.11669918882763,0.0251577542037475,0.0281062729565283,-0.349870056692331,0.219605365061422,0.0468507529093159,0.275904083441026,0.70414564409354,0.646293705097089,-0.369578940412908,0.327504049791345,0.634471543250649,0.60896767871089,0.716879805604657,0,0.0450209586089122,0.549278054689782,0.385699237482715,-0.308918444664833,0.142829044679454,0.091308999744039,0.359243687168843,0.645375169235207,0.643962412499093,-0.0795190424866619,0.0390159703594763,-0.051613753857652,0.603266684436208,-0.0772444552706035,0.290858646569014,0.313510337294614,-0.387577221879686,-0.254758959627452,-0.0964787359695619,0.30722093062017,-0.22752332120565,-0.171450707680665,-0.234826397177216,-0.179361210264694,0.403579581239705,0.409936131662857,0.412929163866705,-0.0210830792309359,0.307818023679167,-0.510877097245285,-0.439020910258011,-0.491164839801495,-0.178801021443678,-0.257606442182168,-0.349875361455626,-0.221286502820715,0.135061104396861,-0.338906447653514,0.264379459027342,0.301149826063888,0.319645729210363,0.472404002563006,0.359119333913681,0.279928250750433,0.661285920496116,-0.033964751456688,0.597134017777303,0.659330773105268,0.460727115154605,0.827297369370195,0.074455196021572,0.454785600410716,0.112585881952335,0.459439267520339,-0.042377757798699,0.599077148259144,0.500832307048891,-0.171329893543138,-0.0950335245006271,0.533211052360025,0.161952553488682,-0.261677060554442,-0.167128198866832,0.171591998745322,0.382793515757777,0.341119780694057,0.141411305259224,0.464010012914067,0.336023111502193,-0.248638766215874,-0.40490469356865,-0.104188435478054,-0.303414498773906,-0.201714393356951,-0.122902812421749,0.426100924953364,0.412845119247421,-0.104228921560687,0.196900774282324
