0,0.234266259724921,0.13926224829049,0.301677788465855,0.181041201832765,-0.0254402038119856,-0.0984407144345422,-0.127895202790352,-0.215098439348909,0.044989928626685,-0.174075825962923,-0.271915513210854,-0.20560447474181,-0.283833790183462,-0.278437498233924,0.316561373819688,-0.232709089516462,-0.256930682515885,-0.339550594043172,-0.219824639614337,-0.333303695872999,-0.284587912762811,-0.25239851399678,-0.260508121166499,-0.043438637377224,-0.191251337452054,-0.416583255522675,-0.32154470362833,-0.258893643480394,-0.211130640916203,0.27174187150982,0.461419909543595,0.36398824620588,-0.263431967969836,-0.353097812633732,-0.22037278694621,-0.279544733837657,0.365742441603988,0.0294650842245858,-0.135481367953779,-0.286041258976715,-0.289287759618119,-0.333173201873925,-0.21724820906702,-0.474833535640372,-0.338655275361843,-0.249792603242277,-0.274604614400959,-0.157525060938593,-0.257367851695022,0.532146007792282,0.30088337888783,0.326318265129114,0.175489938105465,-0.0382674019641002,-0.0229173700730152,0.0856676393463764,-0.141737081415259,-0.00959132413354073,-0.266784255205222,-0.322238454461634,-0.1688504271953,-0.251093174191158,-0.248801125905839,-0.27787217211014,-0.220419145301307,-0.0125698538662684,-0.284402491303673,-0.264189516892364,-0.0906888513782442,-0.266983454376583,-0.22661520592503,-0.264031568629053,-0.129697708082148,-0.270623380124709,-0.289153530859415,-0.253235250040166,-0.233743264904518,0.251727339222733,0.368381165203276,-0.199786529271811,-0.193999352255777,-0.436646059213466,-0.308499725276351,-0.36449066939339,-0.298484418513942,-0.307525712371358,-0.359492892104285,-0.140977854364848,-0.241699586018982,0.371423839991932,0.133242944430673,-0.134207022509939,-0.270866365803038,-0.32355551879706,-0.294403840190204,-0.333428427632817,-0.270217474007837,-0.201160830707328,-0.322133459705843
0.234266259724921,0,0.346160081842912,0.504888799755105,0.695665157378603,0.291040210771245,0.260487522115378,0.395325023859642,0.224113493544251,-0.0921672465406852,-0.121296533603044,-0.189329892428276,-0.177816976083942,-0.102255855346649,0.00566933429767368,0.405389404764404,-0.108903142205692,-0.0632564057722049,-0.0556142816689119,0.00172249345830781,-0.029909384581689,-0.285097338965495,-0.0323157300558773,-0.380317353158936,-0.0553327027512397,-0.190439386010621,-0.29676924778719,-0.274206225420623,-0.140391649279331,-0.0569253834430136,0.232284361062347,0.0861653778037501,0.153003997825917,-0.315590623198627,-0.366989011397893,-0.210140950917216,-0.327531387818542,0.16937927719832,0.0290252398952806,-0.0563234907096541,-0.397692512425946,-0.107029613379748,-0.246590530103204,-0.104042133630396,-0.137417849431466,-0.284034072329184,-0.162587753373139,-0.249078671657499,-0.0121520804076842,-0.288521911679156,0.28147959444592,0.775143805025807,0.365365147998024,0.379065442074259,0.450961788399075,0.285349842440356,0.49578477538698,0.238931110929586,-0.0934162206764832,-0.130905561455519,-0.0888689118268985,-0.076825242953212,-0.155379003383383,-0.0680663339765043,-0.0785329353375155,-0.0297958636546853,0.0400784425993536,-0.0817386075945933,-0.235863910616231,-0.00321662021186551,-0.0911911083867634,-0.220472268081135,-0.100747463501656,-0.0351623799210921,-0.213823036542018,-0.163388842974499,-0.190820082507052,-0.117754811428144,0.210908046833482,0.106727784082185,-0.463129594210442,-0.475406460161729,-0.10108945378296,-0.242970433031095,-0.22827018919854,-0.276259237506525,-0.279724693793513,-0.383073987137321,-0.111647903539268,-0.379193046605261,0.10365608277094,0.0276991343844952,-0.0241560564599015,-0.102749884317148,-0.262251934130696,-0.106659135326203,-0.224125894334298,-0.180227040321614,-0.00966001124666709,-0.342105037215139
0.13926224829049,0.346160081842912,0,-0.284399987723527,0.108150397396482,0.757984120514527,0.60737705558936,0.664445631359693,0.642021179250925,0.440907499781203,0.275187752082082,0.243080545387435,0.168899406832742,-0.181660218235044,-0.170527154619506,0.465606256859492,0.146788073342949,0.323649549982618,0.156491600673855,0.228350789317604,0.132813381468933,0.201843211015693,-0.217150586919192,0.260141401214803,0.302660489360598,0.0696177891434702,-0.0714631164428213,0.0198638364022458,0.128231575630983,-0.420091551443046,0.203094202829409,-0.452801930745062,-0.504559748636767,0.208196333013864,-0.0803423246634383,0.269127113737073,0.107493456961217,-0.166378678771818,-0.0333680458962538,0.399043759219878,0.272168319163347,0.425880944174534,0.390939269888778,0.430380351617085,0.249871817551628,-0.406800423046318,-0.426691590912012,-0.369327530655987,0.434282151402609,0.339409838393432,-0.16874509182991,0.588767616574012,-0.397218035821423,-0.345890718518295,0.744184276942773,0.815855475218221,0.686430779243081,0.702177816584805,0.425799305047656,0.285254255223122,0.0987279470675838,0.311307126697499,0.00850556795755739,-0.119962927191054,-0.0556520881779079,-0.287798848099768,0.490927900389319,0.328657914359224,0.288325048367964,0.401294590466565,0.0844814397918733,0.236881343453523,-0.161728782378447,0.519065560768915,0.261777774899068,0.322132655378482,0.108793926422919,-0.345193938109178,0.0913783223834043,-0.531565991769065,0.0507982814892295,0.195897877763094,0.329168080659488,0.297870496395483,0.0931589059118136,-0.208307750121162,0.0640680415922396,-0.152114436501542,0.301077710664491,0.387103446843173,-0.445345513490311,0.371339690619553,0.182805887380014,0.315433786283342,0.320689820256246,0.45321725260325,-0.44293575722869,-0.278321238436894,0.323068161187745,0.283663404021173
0.301677788465855,0.504888799755105,-0.284399987723527,0,0.522894158798168,-0.367376202054009,-0.398275974054926,-0.295176971353009,-0.432968830357192,-0.493472893070901,-0.341132746223305,-0.343206260085239,-0.220295455260932,0.0986187349910258,0.145225639400781,0.0501375950010698,-0.245975450169121,-0.343773953524892,-0.240774998695329,-0.263078450894821,-0.163682271964395,-0.403668463831927,0.175209331296461,-0.508487491682453,-0.469533826097369,-0.166908219204463,-0.228538080536361,-0.33212904640552,-0.300532947052491,0.284239634876179,0.0962413615495163,0.584607542187639,0.657056071910555,-0.433417470188031,-0.260647892324929,-0.460710155688307,-0.437149410723604,0.329091729117723,-0.0417607325678215,-0.496846241875058,-0.583695629840056,-0.440847091669019,-0.505180273738444,-0.439868520587131,-0.435309692693833,0.120808384110989,0.224484246567675,0.125324318443012,-0.453444719032511,-0.566075508199331,0.579674722181935,0.217987788089761,0.760360228583661,0.72161255970057,-0.259175108957798,-0.413059108131325,-0.188331438377477,-0.418202064750553,-0.523350992591812,-0.348701129896788,-0.196459808376415,-0.29962272600974,-0.116324512675457,0.0532732628246829,-0.026803512463597,0.250294886179074,-0.521090942877848,-0.400731683182688,-0.450488891783113,-0.314232311780391,-0.133942496404704,-0.460503767641734,0.0321388182178613,-0.557188884233815,-0.425899484941841,-0.428716860158744,-0.293499626684913,0.217349338274659,0.0928935456394273,0.70383817345014,-0.408598504709857,-0.543289094692131,-0.417232842301371,-0.547519426764909,-0.309791604097132,-0.0687893892993704,-0.38799174939513,-0.308722688499225,-0.376957967417356,-0.642560449472829,0.523858839063055,-0.325972060547189,-0.277493814263848,-0.476114746765271,-0.550999190777695,-0.474068784841764,0.186958634914952,0.0960664359025828,-0.417085708095517,-0.605417567490173
0.181041201832765,0.695665157378603,0.108150397396482,0.522894158798168,0,0.167807419437532,0.0414204443859888,0.210742460122594,0.0897559161933261,-0.199477885887961,-0.150774053842577,-0.189351723762108,-0.180288669505686,-0.0559244869517076,0.0662270000658802,0.173165749646851,-0.171002775080937,-0.267026652848535,-0.090597014286932,-0.0977570593332859,-0.0829940949676866,-0.331946772361635,-0.00976280364122421,-0.471827880552724,-0.114626729270521,-0.164835210076865,-0.223494416788741,-0.229537967532843,-0.110742666558697,0.049479364215034,0.189698150456089,0.126572208245903,0.307827139521087,-0.388137648610439,-0.305156576384357,-0.263452687319597,-0.289176283928339,0.267525658885197,-0.0578105197330023,-0.240364292702405,-0.482858463979617,-0.170205714723358,-0.291598219866957,-0.0992482246257003,-0.0565461401079224,-0.146672246651581,-0.0715727970730047,-0.147081315487404,-0.142966635928461,-0.340582449583132,0.294228496941629,0.539984692678952,0.451004866193337,0.560643162137872,0.379476524038252,0.06091061440811,0.254110602487224,0.0911974639088471,-0.130303335697691,-0.143505307031611,-0.0159447926130132,-0.0720078865110917,-0.116382806775212,-0.0545111699633866,-0.0722655174857847,0.0290656252920955,-0.0611947508247833,-0.153124466227747,-0.327220709336362,-0.231260090503548,-0.147507317189276,-0.278856233147264,-0.100798507859662,-0.159910275911413,-0.181753733924192,-0.120571257344419,-0.201204206994783,0.000189907067146089,0.165238374165085,0.243965303277858,-0.505144983559396,-0.441377262032214,-0.0774358887723766,-0.243519288443644,-0.184799070971686,-0.212657667257463,-0.208508032265102,-0.283464403135289,-0.257419012566377,-0.46263995168149,0.240342023092079,0.00371593756760868,0.0762657090874436,-0.0752046676977334,-0.252507266985852,-0.0714468657546837,-0.0776162305225974,-0.0921960925305466,-0.103826733328145,-0.371806506923861
-0.0254402038119856,0.291040210771245,0.757984120514527,-0.367376202054009,0.167807419437532,0,0.735844145264206,0.726928508680171,0.745695101383798,0.536586605036592,0.365385633990773,0.210352823648131,0.128843703414351,-0.203660886627908,-0.163796426460632,0.365569087689233,0.130356178637098,0.245774540827062,0.156563098476501,0.201196108991594,0.0950695089248669,0.16934932808079,-0.226975087387761,0.199452115574202,0.500647122165121,-0.00301927770078729,-0.0835137925597544,-0.00392438019482106,0.120767162220132,-0.407174071806752,0.218424841370745,-0.456719714017622,-0.452347879137761,0.156705545057144,-0.108190814089081,0.26242557253911,0.0890853229779174,-0.00635121901358292,0.203125482224766,0.547231730175399,0.238692403680709,0.389890417737357,0.336888859786023,0.385387112200214,0.288403138558583,-0.42211602070761,-0.40187114244075,-0.373173963258348,0.614039589842256,0.352231039096178,-0.263002749616658,0.478745714300684,-0.37420829213154,-0.309111387739278,0.858606041676888,0.889953004080838,0.703362824363279,0.767544088352979,0.544429190515796,0.326972730669566,0.12804224369866,0.312723690458279,-0.00854009305277366,-0.140993197264464,-0.0600091896156383,-0.285000052310533,0.639910280994262,0.30414229210075,0.224818138860901,0.304194300747745,0.0262108778008276,0.212396759639059,-0.186429231451643,0.599142398135524,0.182330855607583,0.295494223574792,0.0578389762196429,-0.354253955491849,0.191594359571007,-0.524328260752604,-0.0421719758023391,0.152761347125406,0.356933036065895,0.29741585254208,0.106481692410041,-0.239101210410808,0.0765294543148002,-0.160554262400092,0.243176266555259,0.340553497953515,-0.405890271600513,0.463314324059675,0.352954421891871,0.405307780360519,0.300839811337345,0.428342844765055,-0.423273993453645,-0.274568664237401,0.550918448030117,0.293951182618356
-0.0984407144345422,0.260487522115378,0.60737705558936,-0.398275974054926,0.0414204443859888,0.735844145264206,0,0.743383938337879,0.688320158612451,0.525850913680532,0.294862936312342,0.200208991691144,0.0985617876658779,-0.155265836913462,-0.166669090865533,0.394239023150108,0.197469995755523,0.311429032588121,0.202866707712504,0.246939006812236,0.199824138557203,0.226246344922484,-0.133557653976152,0.243287700959865,0.530420047061896,0.00392191586247595,-0.0169950818183391,0.017253053998667,0.15511043771986,-0.323225799727565,0.11909872417497,-0.453626722589108,-0.509148627503194,0.148931717187398,-0.0750014473961428,0.260234060133715,0.0571954214998331,-0.0387093681456701,0.283756535092627,0.700649189385869,0.259136725478036,0.336054451586121,0.307757137640134,0.325468609984594,0.291411475957288,-0.352402064480452,-0.354298004793673,-0.346696816013506,0.594214936901024,0.317213972774815,-0.357295429621163,0.419855606442774,-0.311282334720368,-0.337480841670281,0.693921925750752,0.750056267648241,0.736818965361626,0.716552227010419,0.504974254903233,0.258317579710808,0.0942750006303181,0.209205521154765,-0.0352062267736537,-0.105660728467704,-0.0191146846340208,-0.282700665160516,0.755093942795903,0.318356180968806,0.252056190037434,0.326868373179881,0.0923171626290288,0.266097644388542,-0.0870551557540488,0.652497767855346,0.248396064077767,0.26556396982244,0.125037405246322,-0.299504472978095,0.113233850345183,-0.524476056270199,-0.0529556405987765,0.0566307209094866,0.359019439924465,0.280696779113708,0.147375917132241,-0.159683439298255,0.068826333736139,-0.10255009149112,0.237406723067941,0.346062231551546,-0.441758485625076,0.408992430338832,0.382749789850943,0.388428964273485,0.32080633404637,0.368103770191468,-0.341512536416071,-0.208041083719751,0.523438886020147,0.282682795237294
-0.127895202790352,0.395325023859642,0.664445631359693,-0.295176971353009,0.210742460122594,0.726928508680171,0.743383938337879,0,0.847949765467713,0.435420657193341,0.281366506273759,0.23812733339621,0.256819340978094,0.0969200210900611,0.0993836117009019,0.292320049371354,0.373747362395676,0.515216751395974,0.443102125317983,0.432276397614507,0.425441339937619,0.351391653022263,0.0512107535516061,0.258718033800628,0.410506484556434,0.00437231618139121,0.172851217141075,0.151872706878974,0.365951836008398,-0.257087222143788,0.174574470546033,-0.600913547435525,-0.561464902330706,0.332008198757685,0.0366006600143388,0.328666912167959,0.212042368590505,-0.168171477339811,0.105339184774841,0.474137234930279,0.268316900824251,0.444387787955536,0.392393647352662,0.457272086173114,0.410022512301532,-0.218671001370834,-0.28220156609289,-0.207291414736099,0.543156498279518,0.38819661561922,-0.371241956950691,0.539989868367493,-0.34377387220971,-0.228602113216013,0.761405496703632,0.763548909749488,0.834527947861887,0.842859501778068,0.406859407919189,0.289291536325993,0.209207544516828,0.354563776722904,0.158012353705117,0.0854043848992935,0.191978029233267,-0.0877692021180234,0.592189095838279,0.523081967165975,0.431993486316814,0.487883150354238,0.316101801832999,0.381535806071046,0.0991318896721364,0.606037690409442,0.307447457036129,0.33776898246539,0.3066831311206,-0.194238626393165,0.166453090251985,-0.623447500305906,-0.085309801667797,0.0483648639408915,0.451510815146974,0.441575269322609,0.325200421549494,-0.0304851774196123,0.22845967470893,-0.0243976454057339,0.3710438088155,0.316925372735707,-0.53446243698065,0.372016172098307,0.378736900625606,0.438856870558135,0.357821094600992,0.463664686087022,-0.223955806614118,-0.0517752883294243,0.497523290137921,0.331225388201037
-0.215098439348909,0.224113493544251,0.642021179250925,-0.432968830357192,0.0897559161933261,0.745695101383798,0.688320158612451,0.847949765467713,0,0.561277120201686,0.337441763067587,0.355596874599403,0.291532926253521,0.0536492603633598,0.0920806692790613,0.148781030523568,0.304644889547587,0.488467634843063,0.377420281044844,0.43217539954488,0.364019787918138,0.390067535641854,-0.0119888856934713,0.373246271577222,0.399290976170825,-0.0405181508860327,0.206550443470738,0.172896155726162,0.350196264695207,-0.274984839179367,0.185852561149152,-0.725474115241441,-0.641943164357965,0.394789917101563,0.0638362538255292,0.532345392500199,0.293099087533672,-0.210711556171477,0.113529192300123,0.620964261000287,0.479820330276238,0.57148099382019,0.481178432342106,0.558108586015426,0.498994018324645,-0.202312929933247,-0.254638117322935,-0.161565853115614,0.671384844839075,0.575495175802832,-0.449344816908737,0.366258028790138,-0.532279381811988,-0.330196939190866,0.765338140845852,0.810486242100083,0.681943623329924,0.901338430163205,0.502309760237808,0.446756831894502,0.34950074422428,0.423232793842333,0.19963798486424,0.0692003076057387,0.156149272541224,-0.0790542405088748,0.623707708523065,0.514484504418978,0.455181797661,0.481743939709676,0.283096429955719,0.379303323864272,0.0540333860523869,0.720621994429053,0.399952133567701,0.439445848068775,0.291178344253265,-0.209637995580478,0.122710353696466,-0.714068875155326,0.032365117805067,0.276987654345223,0.533166058505493,0.508900061794823,0.356879245508596,0.00304316352236759,0.303007376683471,0.00745735600593764,0.465672841272073,0.536961242897069,-0.603955369228972,0.320787089008547,0.383440252967759,0.538381033445441,0.448684441112486,0.567881215987869,-0.230387817815913,-0.0481053928193384,0.623343338454742,0.537789001943452
0.044989928626685,-0.0921672465406852,0.440907499781203,-0.493472893070901,-0.199477885887961,0.536586605036592,0.525850913680532,0.435420657193341,0.561277120201686,0,0.288002658012773,0.229458070599614,0.0227328814246948,-0.376967168852876,-0.336889101080438,0.266048027763211,-0.0122525050845044,0.0854771947133398,-0.0973350339894312,-0.020988421785466,-0.149081938260682,0.149680479791833,-0.354501858946068,0.223268887214544,0.716555513723584,-0.188871191371393,-0.0987739729412113,0.0181712360353073,0.0116482013156209,-0.447098180826263,0.276705036657035,-0.429175094631647,-0.442308090089388,0.179580680211746,-0.114119819653106,0.213638388754728,0.077396892568727,0.138838304979585,0.311814637465169,0.702945617841342,0.306260034065691,0.462271527705418,0.281125152296991,0.457617169681505,0.235308321551172,-0.406050830661549,-0.466549787771042,-0.365141004054094,0.42868120763631,0.319882618743611,-0.303649814805779,0.0790425808465854,-0.56645494189008,-0.425333203231062,0.50109052672937,0.613558782125994,0.440105988989613,0.570105271003619,0.829548305484879,0.389267690202727,0.182705447861744,0.185896327963947,-0.1156901712092,-0.332425321514729,-0.25415506093804,-0.398751408995228,0.616550952995588,0.144821723270591,0.185529762974169,0.19940341301982,-0.154216253683586,0.186482717164286,-0.291171994392208,0.678002063694033,0.223753986393462,0.389266917563408,-0.0367426773090678,-0.408429861346004,0.286455946619365,-0.53061427369765,-0.0025386105149991,0.227840818380127,0.316408897682805,0.298755776538863,0.0474995791798266,-0.231125548532713,0.0489555152535698,-0.0236894296863909,0.145909507157494,0.463724822592401,-0.299452231068985,0.549779447007381,0.349262720619115,0.584682473910138,0.356701962919479,0.455186939121391,-0.455706954543541,-0.310447270684991,0.434040949133026,0.300814579034789
-0.174075825962923,-0.121296533603044,0.275187752082082,-0.341132746223305,-0.150774053842577,0.365385633990773,0.294862936312342,0.281366506273759,0.337441763067587,0.288002658012773,0,0.665938856882552,0.473267355209553,0.0410119823581748,0.101041897582773,-0.0187078460658326,0.386937549420077,0.231399846118171,0.266887728761452,0.184172174826978,0.0998470638072431,0.40926083623158,0.00712061717558032,0.585379465682721,0.287282637799034,0.589561309622728,0.172695482208517,0.332215728993288,0.339260637218324,-0.204076907630999,-0.197039264676789,-0.259800315617627,-0.382742640764856,0.345489685339706,0.171904009968169,0.316504231150831,0.44787817217318,-0.286368902816062,0.0491090353630182,0.302388819574852,0.444935154672265,0.221465723507842,0.613244723309024,0.22208385020253,0.315522459920613,-0.058787873221715,-0.0555256719412375,-0.00188099276744217,0.429416732612362,0.463026149886087,-0.407750827079015,-0.0107998847632339,-0.393570675350805,-0.249626163551038,0.329289912899415,0.358412810402415,0.200676002945711,0.405734320873121,0.274846283117633,0.678027807302719,0.434377426961134,0.548663854039833,0.280800918908442,0.0906836904428248,0.159769575399941,0.0400278075596326,0.240954725317524,0.360665034906036,0.344340188183365,0.293748762724772,0.195527831631151,0.410995561753674,0.00899032471761842,0.328011317796948,0.504301179321731,0.330373175449321,0.328081654946103,0.0796140788100964,-0.172309998208431,-0.354523899254814,0.348908995034324,0.346388627528322,0.394231580375353,0.408539146070879,0.321200453104553,0.0716324971485918,0.395803000477346,0.165417859408432,0.37123022444521,0.458596488058332,-0.390892133174196,0.155690121299565,0.313781776925794,0.18658792319693,0.560540466653019,0.294364178371497,-0.0645948418076539,0.0469410078820996,0.398731921893558,0.454817875791925
-0.271915513210854,-0.189329892428276,0.243080545387435,-0.343206260085239,-0.189351723762108,0.210352823648131,0.200208991691144,0.23812733339621,0.355596874599403,0.229458070599614,0.665938856882552,0,0.480248925208568,0.202573599868321,0.188084246346656,-0.184705501240355,0.404514779198439,0.255019914110056,0.301845219183979,0.224430841030316,0.19364593431441,0.41905142670151,0.158726438629581,0.652905961325825,0.101039720659134,0.526068045659437,0.318617670463185,0.301905627460744,0.328713956768224,-0.0163379866874634,-0.173231751847982,-0.373306087151484,-0.467962076285649,0.365266217933371,0.23486971290906,0.452909120800202,0.441717856187764,-0.416820242904259,-0.146923975990151,0.283160402277275,0.498170651438603,0.399912777009276,0.622765459408864,0.298623600534502,0.358157457177563,0.104074162889289,0.0617067603475991,0.127249980186722,0.3366755976144,0.464494105706138,-0.384943374477033,-0.0639324957891401,-0.445037741328307,-0.271740722106658,0.225474705921795,0.245794712323646,0.0949135963274269,0.413812813201815,0.128050516919694,0.709101648633889,0.547829822010702,0.564987836174104,0.36065538696749,0.21269210842074,0.231393662083554,0.142353417984353,0.127529334028612,0.401187861494894,0.339652014064523,0.281430761221226,0.250661628202313,0.385346097021065,0.165333763205718,0.287615797551701,0.681394788360349,0.516982739110998,0.336917692950276,0.160838021456095,-0.215146548319415,-0.376593123021412,0.299801428570551,0.371273947228309,0.405956557570704,0.367842567045032,0.414749197157255,0.248379683579165,0.423195219253858,0.207490814596312,0.446013547606721,0.52354065685395,-0.448777914731203,-0.0649825110919171,0.201070648500836,0.224015125411991,0.56059606343958,0.362377519566632,0.0959705074032982,0.184619529307238,0.298751665542087,0.503646273136678
-0.20560447474181,-0.177816976083942,0.168899406832742,-0.220295455260932,-0.180288669505686,0.128843703414351,0.0985617876658779,0.256819340978094,0.291532926253521,0.0227328814246948,0.473267355209553,0.480248925208568,0,0.615060339517788,0.600477136456332,-0.182175109160515,0.81352907510898,0.5166492136279,0.71195047043181,0.568645312183855,0.596139171155026,0.816316359660925,0.498125295945315,0.656527099094044,-0.0477123954506546,0.352023590367708,0.693895290084009,0.651984009547163,0.770195705084377,0.130554278458322,-0.274703528519955,-0.359247936553361,-0.413444087237368,0.724586983401165,0.646189367133227,0.425025621094839,0.697558272423838,-0.480707259586713,-0.0969391358246878,0.0723769890130753,0.568752626205454,0.196660994906497,0.564740608140482,0.289170869631947,0.429771582539041,0.41635016616788,0.388603020822495,0.491809346201895,0.306945861368202,0.532059706914047,-0.396070868843957,-0.0786922730523911,-0.318008448336772,-0.144177704087378,0.138240383429167,0.15355687248414,0.0583845110759085,0.295226694935563,-0.0182370915253329,0.451579075876886,0.444744993648686,0.809053891007126,0.804705275634233,0.654318479317054,0.738469315211561,0.538181516510199,0.0125450665460766,0.693736173402696,0.728185968343088,0.420644353911735,0.768936715446882,0.590718149131193,0.54796106196314,0.242951053142951,0.48128679944579,0.268052940800343,0.800616895526528,0.515963913316242,-0.251382762322126,-0.368577484207246,0.404465243178264,0.324661362980341,0.414732481342078,0.571764471428639,0.77181378219997,0.622120645831642,0.713483056677249,0.483028418079438,0.536335624103903,0.410535076789825,-0.4603361718462,-0.0442656420842733,0.309266377112121,0.0957383159592201,0.425511441287986,0.309851570194836,0.397250061041688,0.535520797580287,0.234663719949138,0.492492884510714
-0.283833790183462,-0.102255855346649,-0.181660218235044,0.0986187349910258,-0.0559244869517076,-0.203660886627908,-0.155265836913462,0.0969200210900611,0.0536492603633598,-0.376967168852876,0.0410119823581748,0.202573599868321,0.615060339517788,0,0.840028479262716,-0.392081864345109,0.638430695263763,0.407805866846966,0.713828999878713,0.501001423621788,0.724030146307971,0.578784403378963,0.84618783379571,0.322951035450801,-0.370962308300316,0.152126263556991,0.758451184316659,0.474186390734423,0.605427283767688,0.528118378868847,-0.23161755446628,-0.131766194663959,-0.147238995858826,0.514591068901968,0.555839215369751,0.261121213902637,0.45771604127157,-0.387618466487418,-0.141397966855715,-0.21045922020739,0.260243262923236,0.0206416964095968,0.199705974481214,0.0208044062012207,0.223660662062512,0.748749911664977,0.733581234911785,0.767452988506917,0.0795837001160778,0.249963622407774,-0.20411403688137,-0.149808040858728,0.0478896650726804,0.0986214319897043,-0.205783273329576,-0.215905360644436,-0.155649140368473,-0.00264116321800217,-0.459719698600444,0.0989391181135465,0.285115570150723,0.339782618968577,0.698934287183039,0.834553071538565,0.854079727249041,0.813157078205783,-0.27464985300954,0.480390088756027,0.479869095711714,0.233796377623327,0.799624448066935,0.356272396867052,0.836307125887802,-0.0970408485151941,0.246264476753282,0.0522910893752531,0.641978454825033,0.686761775138993,-0.213242080394847,-0.0343659671372356,0.165235173781679,0.0447981452713838,0.156619570314017,0.291581777298951,0.664246537624926,0.742399194707936,0.515083043916796,0.383828870420999,0.349680724098298,0.0636064052528974,-0.284622939591405,-0.387447533150232,0.0643779653491945,-0.116279610843812,0.113141631215937,-0.0153586430933023,0.749516293053065,0.786641000135534,0.0483307443150121,0.241027723983239
-0.278437498233924,0.00566933429767368,-0.170527154619506,0.145225639400781,0.0662270000658802,-0.163796426460632,-0.166669090865533,0.0993836117009019,0.0920806692790613,-0.336889101080438,0.101041897582773,0.188084246346656,0.600477136456332,0.840028479262716,0,-0.366222345701341,0.589080896457894,0.325499805457483,0.622500276238492,0.482520745435921,0.657042899437147,0.50109975446259,0.759270590136114,0.230924397121522,-0.355435779622649,0.150611828798293,0.650732726462632,0.505558305703511,0.634084497292224,0.553412361192039,-0.26648648633024,-0.185354449734931,-0.130088482889321,0.440434812072783,0.547321864265272,0.202888716172621,0.435604894860186,-0.375837392294678,-0.0835212684616351,-0.234610593144635,0.199984868873759,0.0288792087252234,0.204502461473079,0.0310489190418021,0.254792051446528,0.641690063853704,0.669544128883724,0.676313040072309,0.0230856767609049,0.200255578681502,-0.215158239571715,-0.0750118533069902,0.0154740235366269,0.172237451020741,-0.0984138562204397,-0.178447978237347,-0.16335159069299,9.29730787935935e-05,-0.374753059000524,0.162640278200003,0.305226118020341,0.366137766165981,0.715166548608254,0.811140321943151,0.804953657528803,0.888110344679026,-0.29051548919306,0.387915528896403,0.375619685712402,0.143556473078438,0.720996108781649,0.30894768641492,0.726578571956467,-0.0682504025021221,0.195504912904941,0.0602993747118002,0.620339114207364,0.693707622730197,-0.237594225617096,-0.0792249053928131,0.0928578556562349,-0.0361672330883336,0.189808213064859,0.249255718335309,0.577335334741025,0.678457937451689,0.516760672437588,0.425623901152541,0.265683947789208,0.00142951453979189,-0.284007639641472,-0.330512439597157,0.108106993549488,-0.0583883939250838,0.117278947515442,-0.0240571335558762,0.629910703749841,0.674651789093789,0.00500906712929958,0.185754360343894
0.316561373819688,0.405389404764404,0.465606256859492,0.0501375950010698,0.173165749646851,0.365569087689233,0.394239023150108,0.292320049371354,0.148781030523568,0.266048027763211,-0.0187078460658326,-0.184705501240355,-0.182175109160515,-0.392081864345109,-0.366222345701341,0,-0.138704789520326,0.042904084025411,-0.159174279218719,-0.124499491530791,-0.103574025025649,-0.153352114685598,-0.368251004280623,-0.164976225925757,0.264663630460335,-0.192464166865044,-0.384991030026706,-0.178899421312083,-0.22102478693038,-0.399067474070095,0.236939044915,0.0616885810216345,0.00821811581279082,-0.133548435180226,-0.244617130418239,-0.186115041425064,-0.300773037181575,0.234609852848934,0.152977280982752,0.187234493286567,-0.161490251776818,-0.124986812834868,-0.10970635171024,-0.0107193559069186,-0.172122834804826,-0.530777907651508,-0.483489837067983,-0.499629748012516,0.0259409195985131,-0.159710889378381,0.27969259425079,0.442688091111975,0.0639348415192801,0.0202177140840135,0.366527083802572,0.363432171842922,0.520885029640919,0.202313718624804,0.341172346073547,-0.150143743323675,-0.275381251480958,-0.105518520632787,-0.314753758744967,-0.354038634210652,-0.317034100472373,-0.424794037261149,0.365707731397487,-0.0872967975889501,-0.0771437217468977,0.127669474056875,-0.214832740757567,-0.091073248896813,-0.369227701590836,0.159211454077773,-0.175093568265267,-0.170921705567279,-0.208514554876569,-0.419051933816673,0.185849464254671,-0.0612022180238764,-0.241678142795822,-0.147163057238772,-0.117524427078702,-0.0926734465152093,-0.337397007491555,-0.433599776128303,-0.338363947841793,-0.283501260570813,-0.155662133288788,-0.119684993349825,0.0383251729763729,0.373847224290931,-0.00459033933428058,-0.0127563338067964,-0.138405339674856,-0.0492596623017692,-0.544881395371436,-0.488138745036967,-0.0189476801476982,-0.238069625661914
-0.232709089516462,-0.108903142205692,0.146788073342949,-0.245975450169121,-0.171002775080937,0.130356178637098,0.197469995755523,0.373747362395676,0.304644889547587,-0.0122525050845044,0.386937549420077,0.404514779198439,0.81352907510898,0.638430695263763,0.589080896457894,-0.138704789520326,0,0.648229544318623,0.862945821351759,0.649802327112095,0.706018701566292,0.838463617907629,0.581235999532969,0.595637052817272,-0.00248414849775935,0.321021885417439,0.678231132681333,0.663639984232458,0.829396226221596,0.168365436067226,-0.265742080442464,-0.374238192668277,-0.45341473246086,0.777598052941597,0.659912456022267,0.382744849109746,0.718799999803935,-0.493413603579819,-0.0518065516176211,0.0331841354136467,0.50065693096551,0.221654194644754,0.53545980557112,0.305735630017,0.454362978158858,0.379253248881495,0.333270721236355,0.453713318267507,0.313828803512313,0.501788296760496,-0.432311579590159,-0.00128673936085217,-0.274769619408539,-0.157560114978169,0.132521512174573,0.156911946906987,0.162193897103438,0.306122682021631,-0.0302928725260008,0.359139553095623,0.374524194099821,0.620303736957883,0.708831317408242,0.642764439462938,0.744739551357754,0.492135460321283,0.0380064080656917,0.797578784274339,0.794059099060223,0.518378753586875,0.797257847095906,0.693364854830761,0.610655954662918,0.259980783931664,0.491466640170897,0.292739734146083,0.841729531827201,0.45933716269029,-0.212200597980061,-0.405132573135052,0.384046297467787,0.237104107194424,0.413938456220144,0.607492548924413,0.749776580501257,0.580149082087851,0.730327281685788,0.518713352208101,0.545363829154644,0.363244144356938,-0.502499717590656,-0.0128788359047375,0.318680562478396,0.157408037395335,0.425792657363091,0.312371300841239,0.372861049766289,0.516463943288349,0.229869011907312,0.452674738920932
-0.256930682515885,-0.0632564057722049,0.323649549982618,-0.343773953524892,-0.267026652848535,0.245774540827062,0.311429032588121,0.515216751395974,0.488467634843063,0.0854771947133398,0.231399846118171,0.255019914110056,0.5166492136279,0.407805866846966,0.325499805457483,0.042904084025411,0.648229544318623,0,0.690322134345202,0.812791582270845,0.731576287655053,0.614351955988388,0.322747479632874,0.560548313241473,-0.0230075395422471,0.14083997278427,0.445131325334581,0.43299561219106,0.602532958214423,-0.056373603228143,-0.124694535128691,-0.485159515482751,-0.530972970662417,0.750129419244885,0.450878423625215,0.56741329370211,0.497193006883254,-0.495987155659808,-0.138750502756523,0.192891440944363,0.577647654851008,0.248531725992427,0.44803905244222,0.321210284037503,0.335881606208241,0.10334035907876,0.037819138466835,0.180042181702314,0.37047173027602,0.597989098629335,-0.369952694818099,0.0130728559905951,-0.382989026670816,-0.317852979587856,0.212706643066281,0.353649394553109,0.339600954698807,0.480475921606361,0.0376617345417096,0.186638094039528,0.135590055252345,0.414488582053046,0.393887498178969,0.362719085790744,0.446414602002365,0.165522611126888,0.144060230739907,0.69444700231069,0.778159548628802,0.821701839125486,0.675316552430852,0.506170922153091,0.370866997953035,0.28489429758093,0.376930613802549,0.145528734012095,0.619077202065018,0.0940964362662675,-0.134871094962822,-0.522425474695761,0.414176573231737,0.374255309427609,0.367006170538478,0.492045160558392,0.479401578933811,0.27184438034033,0.464492191280414,0.31436179675102,0.723745791457092,0.453910856672816,-0.549175616347183,-0.0319738668823974,0.0818187203045111,0.0874948262777444,0.28121788366624,0.306143687127255,0.0768860386588639,0.212432630866529,0.325042556797288,0.526936072571191
-0.339550594043172,-0.0556142816689119,0.156491600673855,-0.240774998695329,-0.090597014286932,0.156563098476501,0.202866707712504,0.443102125317983,0.377420281044844,-0.0973350339894312,0.266887728761452,0.301845219183979,0.71195047043181,0.713828999878713,0.622500276238492,-0.159174279218719,0.862945821351759,0.690322134345202,0,0.699626399972652,0.841510794000597,0.760697188929055,0.584292644973161,0.508605619549859,-0.0885523348750158,0.221159934890717,0.675228097258839,0.59008188016358,0.803797380930139,0.157079651973942,-0.206413023965019,-0.416954481718805,-0.440675340010057,0.71623088682796,0.594233558080575,0.409654170082268,0.647379332031186,-0.485170321811431,-0.0732073867980908,0.0236857399865811,0.460320752599754,0.198384606171101,0.446297491382673,0.277765056000219,0.447599539534016,0.385940786791195,0.335348685385985,0.424475698953281,0.296981711255244,0.49730435620016,-0.403027250138195,0.0419100255256997,-0.238908139304683,-0.139439002978202,0.165716597820196,0.177362345067973,0.208688379961071,0.357978283048292,-0.10317660225061,0.226590660128549,0.282404565186673,0.494822461892146,0.673726383248892,0.669606467906865,0.783595518944529,0.483240831872122,0.0296107438108849,0.79855034292593,0.75748255748771,0.519603483249634,0.844516795505834,0.590410339977804,0.62764386348383,0.205819360414875,0.39073815097997,0.213265775213683,0.811948189767083,0.387785748518738,-0.195117632643794,-0.400321606073811,0.29263028359738,0.196348997886299,0.37609257325454,0.55012450535248,0.712152667255241,0.543858268058876,0.650982699012332,0.455637088174773,0.520615684421237,0.298480763691926,-0.511766372908372,-0.0523941513530522,0.268307094254698,0.124828881903595,0.338161814584715,0.27930564352944,0.374327805985028,0.482205103437676,0.217997637741252,0.448785341391108
-0.219824639614337,0.00172249345830781,0.228350789317604,-0.263078450894821,-0.0977570593332859,0.201196108991594,0.246939006812236,0.432276397614507,0.43217539954488,-0.020988421785466,0.184172174826978,0.224430841030316,0.568645312183855,0.501001423621788,0.482520745435921,-0.124499491530791,0.649802327112095,0.812791582270845,0.699626399972652,0,0.768098631242952,0.574196648708449,0.391715157724319,0.458835804362489,-0.168208976202892,0.0753598802656592,0.51528126271057,0.453931062184564,0.714457520105712,0.0615007577508504,-0.174188642713793,-0.436653362259293,-0.467957828362844,0.692324496181038,0.452155619181472,0.579301357106761,0.519811323937729,-0.489633593193835,-0.1246018302376,0.144344659574576,0.509052071172835,0.125329102970879,0.320451782437329,0.223031358894959,0.307704295179329,0.193028869571713,0.179118178899021,0.29040078341489,0.394845103616615,0.586626987701689,-0.357210300728116,0.0405824719682639,-0.308777673093338,-0.167833749272515,0.22614480467467,0.274534896832665,0.228067204908192,0.399893388331491,-0.0655375112479166,0.155298998019816,0.165021761546151,0.442665837160745,0.508394153137208,0.479824218347055,0.578403841950367,0.334609484270267,0.131179312106558,0.66157843295832,0.713634491975346,0.661752522547268,0.761860028287993,0.395184911916158,0.440793739803448,0.286236396250475,0.319047039763387,0.0590357501433318,0.695775637467588,0.224882285299905,-0.135829987117825,-0.43834440837406,0.386357106165711,0.298042666321254,0.304648498154031,0.411298951441509,0.562438884615815,0.385149556509306,0.560876722460684,0.363240657876844,0.737271169330836,0.366748543985044,-0.500027835848422,-0.0553012160464317,0.226987588739756,0.036490342181215,0.191065869116721,0.197794061690004,0.193933961185358,0.348117507049318,0.368582572569157,0.499963504226352
-0.333303695872999,-0.029909384581689,0.132813381468933,-0.163682271964395,-0.0829940949676866,0.0950695089248669,0.199824138557203,0.425441339937619,0.364019787918138,-0.149081938260682,0.0998470638072431,0.19364593431441,0.596139171155026,0.724030146307971,0.657042899437147,-0.103574025025649,0.706018701566292,0.731576287655053,0.841510794000597,0.768098631242952,0,0.641545521834513,0.597086594618985,0.400727784729142,-0.196486034179995,0.112838186753554,0.64259853838387,0.524053237597877,0.712822240343716,0.244101237607741,-0.219045413446679,-0.392860204313321,-0.397961101056594,0.647467357309028,0.508534139032067,0.411596704962134,0.491082816234604,-0.453270640931964,-0.0717460326137018,0.0342615825685174,0.399341249513386,0.0991926848952484,0.314358259667826,0.172687715500745,0.353090936251946,0.383653953345997,0.339464896287242,0.408442232709207,0.23087945056853,0.43426066510764,-0.329622299923023,0.0395988526175078,-0.187857191660119,-0.0726113874237453,0.121547466723983,0.134011531441642,0.21298052468183,0.323366116637316,-0.169552357866626,0.11451964129392,0.177770332776737,0.393781015638013,0.575734428445591,0.623660059033207,0.740263446960195,0.491045256972145,0.0229775196167479,0.670731675037138,0.664766588647251,0.510714952691674,0.859830088777168,0.440531873261399,0.621024306037665,0.136157408666719,0.294177278263747,0.0772590924486586,0.737931976121336,0.38085987380383,-0.225367566238008,-0.363996968716048,0.211857363670889,0.12609373972543,0.295055405527088,0.404843947910461,0.630585334539255,0.478559855424623,0.520374998828358,0.42394378964858,0.496302215504301,0.230376231709844,-0.468179215414914,-0.131130030805844,0.166393727780015,0.0100733676986086,0.197919820990624,0.161924523361394,0.372851222194998,0.449450611572222,0.167839847198228,0.383546486010137
