0,0.272447494926803,0.580171486522753,0.0263992242442675,0.119209203518885,0.346364440558597,-0.0504962492320489,-0.027253684993618,0.0338724993431597,0.0384409823310315,0.407288715252176,0.349900377657486,0.141415659965508,-0.024622240027362,-0.0822364378521235,0.268226414544021,0.199773679053626,-0.0550160384788107,0.107060032945608,-0.0821216371647445,-0.0742415507990864,0.0587120966191237,-0.0150874226629338,0.0669408982725476,-0.124405251893295,0.276941174435822,-0.20820252485628,0.415376405165194,0.134493920531032,-0.15044644942065,-0.204762902540183,-0.129134198288314,0.0277919723248305,-0.137318942779176,-0.147707916075534,-0.0130757203559032,0.0274152788173854,-0.0480614299457336,-0.251547131122558,0.130144940653579,-0.200002880872589,0.199843465823459,-0.170640685686853,-0.307097675962408,-0.308124473746526,-0.214468713622595,-0.252405962435296,-0.109669639313363,0.364374533738976,0.14819212457363,0.543771101463594,0.390638931875096,0.127153653251173,0.0273694021589773,0.308462473957832,0.428450581683255,0.178826286135946,0.180105556145821,-0.0567120422264713,0.569577076977544,0.221800892348025,0.245170170491096,0.0297634779352665,0.183159225262086,0.122684071869583,0.0998646077739509,-0.0437504827051801,0.301455761565202,0.0441137789078107,0.0825151642631432,0.0114578196940389,-0.00308885004996922,-0.136966703129147,0.178635177906796,0.26251328221492,0.410859603914618,0.0114576075138753,-0.00808540454023676,-0.448715045459134,-0.0847171930621915,-0.130010244090821,-0.134718481578407,-0.468086643765473,-0.267073501751789,-0.382515212711182,-0.406010141011382,-0.163352613728967,-0.0150818236074062,-0.0750682930932581,-0.245251169929649,-0.198032268450708,-0.305592035056462,-0.0932306477962648,-0.114761795164956,-0.2800938280075,-0.391146318084309,-0.367301823250874,-0.335201226672224,0.332776699292982,0.134836855679352
0.272447494926803,0,0.611041288252934,0.533379402908996,0.672811718622081,0.572631555754135,0.193397379405137,0.555079644608146,0.500803063580442,-0.0379324505182864,0.102797622570303,0.156893294923742,0.187183337556904,0.100969756743926,-0.0322618109532765,0.711765805900728,0.285970094146651,0.299595948879002,0.168067505447868,0.0815517490260037,0.147197221270633,-0.108768355254528,0.0435584666576268,-0.0896802516132148,0.0189846955269148,0.0944392440463879,-0.0861849571302184,-0.265879806247822,-0.0230878296253949,-0.119057862834484,-0.43169429921827,-0.0754480495230429,-0.0668396734849802,-0.244860800468943,-0.332235504455346,0.282525893996162,-0.445628903499632,-0.212295342142874,-0.298450017997509,0.0684816397193472,-0.560729642721347,-0.344827734374816,-0.49824428752389,-0.617947796719454,-0.472753572010726,-0.441017544183235,-0.444657119970484,-0.38411837351898,0.0306800008469956,-0.456027108179513,0.459401251475605,0.747271681513989,0.563000001950867,0.358883849526066,0.566062247124128,0.48727804541567,0.551705406157029,0.642962400630885,0.0231136071498648,0.227252315412122,0.140394972224316,0.221372961671792,0.217814256044151,0.297760815151347,0.242366545655404,-0.0516118232148766,-0.28137123600304,0.380774302432988,0.197727311184674,0.473136501476519,0.329793029667134,-0.0664031290451878,0.0687933269291689,0.0459599010348159,0.205208679895942,-0.0325471049276247,-0.109527550583215,-0.0398687890278666,-0.463229370239004,-0.222078985633959,-0.284729388888127,-0.54026451900564,-0.54178282132793,-0.284975544649601,-0.137869654163124,-0.520970934186117,-0.414560395905052,-0.419841295798823,-0.33144269417525,-0.620162698990389,-0.373669025362707,0.0323189829444131,-0.183202726411807,-0.511283959434828,-0.484833107460431,-0.592359802359775,-0.320133255394078,-0.475682340700379,-0.0187040702351671,-0.431788183908422
0.580171486522753,0.611041288252934,0,0.395502286355759,0.444846024792009,0.761195590056524,0.25222650429641,0.509822868651597,0.521021250011332,-0.0496077190739297,0.346841521710416,0.321283679846889,0.252146986484756,0.260368511534104,0.113008804940017,0.484841933245533,0.38874336106389,0.306682909545859,0.363892184987021,-0.0097548896491192,0.197097569894351,-0.121188394265692,0.222218258047995,0.124887765994229,-0.267610226336139,0.148139345933968,-0.211295668735719,0.153692681942718,0.0785361736217557,0.0788045927340164,-0.356085989833433,-0.23937452691187,-0.0318650682025609,-0.062582574626089,-0.356360763466893,0.204578321915131,-0.28513986276142,-0.193957982135498,-0.382415426670587,0.148006636180054,-0.33462807502463,-0.11302504349254,-0.482411190984223,-0.549206290777623,-0.515161174247562,-0.414774902786331,-0.400232325730655,-0.328867698901625,0.321087576676356,-0.169143831400774,0.485221726692854,0.753544460125192,0.467375856906674,0.432172257354411,0.706588818980525,0.710674765016853,0.588620651425541,0.565111452880183,-0.0222784813662054,0.507347533436596,0.246375221587959,0.317691689290388,0.233550448002687,0.31803327080019,0.341605463175717,0.163808065658404,-0.114332556121453,0.453858807125834,0.196969779451075,0.228011383963682,0.186108724729759,-0.162718023913745,0.11454029438134,0.125151159828651,0.317497991791747,0.184493292625337,-0.0295112326598834,0.125715444080046,-0.546296118742065,-0.101458113667225,-0.254239918907117,-0.493754127251667,-0.541444924796539,-0.436681303238603,-0.297783978138742,-0.527280289026253,-0.42390616565431,-0.278427917517811,-0.242979278699391,-0.500952636682481,-0.293639911909991,-0.298888344969379,-0.299688916072502,-0.482311227755809,-0.54798622829859,-0.563777051983226,-0.488608395706663,-0.497642856937733,0.196860400801262,-0.199009145304167
0.0263992242442675,0.533379402908996,0.395502286355759,0,0.660463911101488,0.411159014639119,0.383642608832957,0.542516298108848,0.468362085316922,-0.106374899264949,0.0741060906993052,0.11385945859158,0.258907576414429,0.342830016839054,0.203807102809348,0.433842280394506,0.280077210937356,0.393763447313805,0.284898685505242,0.0568266693575802,0.232734144868058,-0.0749269539097738,0.264372967607318,0.111007863970379,-0.178965454553376,0.10673982162451,-0.115547890145042,-0.222111555438728,0.0217820834649639,0.234964080678018,-0.436460090242175,0.0290173992107818,-0.0554577319370206,-0.0159268722501694,-0.269034493993271,0.12759586156096,-0.418469902201843,-0.214478997574846,-0.247800054062063,0.231610146886727,-0.256440515018522,-0.436523315781185,-0.515552498075443,-0.518664653249636,-0.436358336078187,-0.460618453497315,-0.300889193517455,-0.360947852899027,-0.135509602292052,-0.363049996897263,0.241590920531213,0.519559488648047,0.564478652277063,0.72552644467147,0.424442928586135,0.268440464150275,0.492598970953827,0.438755209862822,-0.0176323250893642,0.0525033866015948,0.0971827493195828,0.211064846233954,0.257276999152744,0.242369086177575,0.278067819116645,0.106841648850311,-0.137795374602273,0.247069971579242,0.136466908123645,0.205598631844779,0.260116979119571,-0.133641727321306,0.213175971966623,0.0445815726095879,0.112359735886853,-0.118432789525568,-0.0884206068366891,0.143947832581882,-0.303908517722906,0.108326806316654,-0.219021418407954,-0.534662977663127,-0.375941675483829,-0.314206555259737,-0.108617628098236,-0.379881506289812,-0.365382120846907,-0.418466873005815,-0.392998784368319,-0.490978753240174,-0.274863552374158,-0.145884541605839,-0.334244516165106,-0.571890127262691,-0.562415929126655,-0.478467604094041,-0.378116640037477,-0.43605818392863,-0.183484388445288,-0.376469973238803
0.119209203518885,0.672811718622081,0.444846024792009,0.660463911101488,0,0.44439190822373,0.169146792638604,0.409501433487326,0.395625744082702,0.0868908568038267,0.126654439351835,0.175365034052733,0.192875178339432,0.157009526677314,0.0257510950409347,0.46752445738296,0.182804557617057,0.228066145398351,0.146354045742455,0.0788109616568579,0.178797239600664,-0.0956902353807834,0.0931271783058212,0.0757163496595885,-0.00516859074668223,0.196505640525206,-0.0571254413871732,-0.198360664942537,0.059129801425038,0.0129322507245842,-0.455703800136631,-0.0638893414547509,-0.0795491661021266,-0.17460861035461,-0.249996143545707,0.102620723946861,-0.40376638444392,-0.258714039370972,-0.285780051074981,0.101423138485115,-0.358135279776616,-0.350941524420522,-0.453584898588249,-0.561826306513643,-0.398424018206863,-0.450042711234784,-0.363124673046837,-0.377119372643719,-0.0821501316987941,-0.368324152518689,0.288001034088483,0.529562563503171,0.37653520356379,0.487817109181398,0.519805639581169,0.292153426583828,0.342063616599522,0.444582031040342,0.0905721272556796,0.135842165747111,0.19312043045816,0.193433356945747,0.209244969322997,0.168402193180435,0.202680571232508,-0.014789547255913,-0.314502700626209,0.266015662773843,0.162229601999697,0.253662930003122,0.327864192560455,-0.0461127425601336,0.0875730115649189,0.0134894600992861,0.171699050770001,0.0230255320231733,-0.0356361713944602,0.114460771900751,-0.45132200993163,-0.19870261849314,-0.173851751808888,-0.463187464707787,-0.445416919494766,-0.255657938549639,-0.0785154440953745,-0.414629166073638,-0.366354608456765,-0.329732340649962,-0.346900881298939,-0.495191432120708,-0.410523978276032,-0.0376536895477103,-0.232310054907825,-0.457758681936901,-0.434796700300814,-0.534799228427949,-0.344571620470956,-0.424498043567893,-0.132523396487575,-0.349714262772493
0.346364440558597,0.572631555754135,0.761195590056524,0.411159014639119,0.44439190822373,0,0.343692179897438,0.606629056402844,0.642176333250099,-0.00674203110213791,0.296379757536571,0.301014600374387,0.282257770031466,0.283985139189332,0.164891704646039,0.409607821302388,0.403216248515576,0.31392599640587,0.371331295076692,0.0763129601523328,0.262015847858754,-0.154958536545594,0.192577602316464,0.156709367560289,-0.142779009788372,0.138053511080425,-0.2108480813828,0.0173294056178688,0.100242644912278,0.140628168028944,-0.33586273899962,-0.155516215107293,-0.0567098178578373,-0.0741182449779808,-0.382659926953656,0.293239704475149,-0.319183000486114,-0.164499501455037,-0.318113242704457,0.177668248899644,-0.304374569933746,-0.158322437091013,-0.481264002213925,-0.497707871500948,-0.480597533276862,-0.437026414446758,-0.407323569370171,-0.345709186475869,0.369861241451219,-0.203559522438633,0.368323334375215,0.672870244566518,0.473402561209929,0.435334506663361,0.708013010543704,0.751827020565455,0.619291323353876,0.599649718456576,0.0338751355126565,0.355262373722811,0.227259585486383,0.260496662922329,0.258043785601192,0.306165743567754,0.346276140804943,0.152241270497793,-0.0983137048186014,0.399804489993187,0.151879114283078,0.176710412358263,0.226634966658969,-0.213501814753646,0.133746064977203,0.0597968255091698,0.253561119737805,0.0593250558602826,-0.0290369325383835,0.154667703429541,-0.454798263147161,-0.0639320053512353,-0.315994345538512,-0.559505967312406,-0.505924561282212,-0.449139898393231,-0.266072920555352,-0.50916600698339,-0.388618444591741,-0.317805696640439,-0.2243303892267,-0.506904380022718,-0.306410847085474,-0.149411577169247,-0.303554965000441,-0.481892938005908,-0.548238373754352,-0.513416103478926,-0.468194839945268,-0.469060502734156,0.230113760921606,-0.228016962246007
-0.0504962492320489,0.193397379405137,0.25222650429641,0.383642608832957,0.169146792638604,0.343692179897438,0,0.586750446811977,0.449876826955342,-0.0194043922048898,-0.0565094007873295,-0.147435822827229,0.0976879236643108,0.216465269704964,0.15052372551267,0.295741064051782,0.19348046913609,0.505838427481892,0.194762821250397,0.236936096608893,0.205190277660065,-0.0406152436223173,0.388236376092199,0.134113931871126,-0.183273646504331,-0.28530698049649,-0.146957950917161,-0.112428671218735,-0.0299980005100593,0.201456248900625,-0.0121669638378936,0.0157095329370958,0.164367891723812,0.237550780070746,-0.197510173109612,0.244078668925897,-0.17023555695856,0.0284191868945344,0.0862999466040502,0.487666888269147,0.0715885662065874,-0.145375551184301,-0.266963642137811,-0.17304052180659,-0.161278234103717,-0.218474847611794,-0.014068747520118,-0.0326885492964664,0.155555153773395,-0.180951645516482,-0.0835859177723996,0.230698182810909,0.399193113007489,0.31885929292351,0.219421616967673,0.242716843409701,0.469893584013701,0.330910507497288,0.0584003319143045,-0.031166328233205,-0.0502340604146579,0.151710311476898,0.110996536993137,0.113218498797723,0.213668332081636,0.169999614853452,0.296670633728578,0.0588398465650653,0.0643772921246115,0.105668942751084,0.127606116591913,-0.151416777029271,0.247563252611601,0.230503995264011,0.0699099004240529,-0.173102574368743,0.0676595363601051,0.121369339661452,0.00597263069340774,0.135093205575618,-0.177820648724568,-0.284093299048062,-0.126877085998077,-0.254652460838452,-0.112095042114866,-0.163649810935166,-0.169327335344734,-0.189501313149338,-0.163863344816182,-0.185452971737198,-0.0987075782133176,-0.197204984959774,-0.061375315039196,-0.357905875547496,-0.341427110947851,-0.110578562145381,-0.206112338755399,-0.193801543288145,-0.013951369629299,-0.272952979230473
-0.027253684993618,0.555079644608146,0.509822868651597,0.542516298108848,0.409501433487326,0.606629056402844,0.586750446811977,0,0.809339100877987,-0.0996020621642218,0.113256190796107,0.120422648978424,0.299303755787236,0.354737335911968,0.261140478020149,0.422973998585154,0.394043418403936,0.65065784205061,0.360128352180128,0.283410352713952,0.467500126513573,-0.132178159170793,0.354841535048083,0.145771076294666,-0.169595307016129,-0.0746233123292898,-0.148979967351952,-0.225184576051248,-0.012493319227502,0.250182780505855,-0.279826543850212,-0.153055539477361,-0.0287511668511782,0.0535097065192147,-0.371719497438709,0.475343864671119,-0.50051232560961,-0.187689566669132,-0.19901155858665,0.229852984605082,-0.324461562498376,-0.412680591678978,-0.519285789397684,-0.470414905646304,-0.394405593070261,-0.382215277362968,-0.339688382942287,-0.267523299056678,0.010577137574255,-0.492253776073717,0.0487872559607834,0.543980968814132,0.604747784154741,0.489263950335682,0.443550719759174,0.463571903163787,0.765071738014376,0.736789460671812,0.0701437712089025,0.129511193013608,0.176942063463479,0.332451097629549,0.352359564320613,0.38710001075066,0.479189168548622,0.210180208868104,-0.0423761561810196,0.336066527266681,0.248774665979515,0.376925180379037,0.423969492810634,-0.159147120818202,0.381220271870924,-0.00222206069653732,0.259114065414406,-0.160444005645746,-0.0246233628431086,0.173286409298379,-0.244367757025512,-0.0258229359733961,-0.358885770755439,-0.6112542063794,-0.299129947186318,-0.328558782757332,-0.0229512094503813,-0.412760693195755,-0.482454763829463,-0.304587667522574,-0.392800679144234,-0.592002205686096,-0.272958564263209,-0.133652514059204,-0.353497827729789,-0.626011644371976,-0.566437418098718,-0.35193079156658,-0.272131721292664,-0.378606640900338,-0.147823924705885,-0.567209041031414
0.0338724993431597,0.500803063580442,0.521021250011332,0.468362085316922,0.395625744082702,0.642176333250099,0.449876826955342,0.809339100877987,0,-0.0261223091469523,0.143647131808406,0.188324434206314,0.344562701657627,0.385089011245275,0.306282283519322,0.318495349282822,0.324689367128536,0.500243378129247,0.368146212153355,0.245225368007702,0.452700256889679,-0.247982077748732,0.340342880824755,0.0971689560143663,-0.208550660182363,-0.0893775033929473,-0.196275487583988,-0.165395653152069,-0.0176941127547801,0.241484899576835,-0.252666315497599,-0.160214239656616,-0.0668919839261144,-0.0378836233399554,-0.426691653802813,0.461191737535046,-0.488646382186241,-0.200603137252964,-0.254288826548185,0.232301395560679,-0.323368880832106,-0.355030028386168,-0.540723563646484,-0.473558867232696,-0.398637507899421,-0.391473870923293,-0.376896045813218,-0.329210743416468,0.0765570193680134,-0.410513571322695,0.106053821465961,0.538186348069584,0.56990181148037,0.508491845169609,0.498690739394469,0.554608568278962,0.721448102292521,0.778276215734425,0.0690076998870669,0.185179558368285,0.167777948964872,0.356586987350598,0.338072637981215,0.427948297156419,0.530086867759458,0.243510813691355,-0.0969507170459062,0.344108243831045,0.225465460929335,0.265724754829144,0.418890074520223,-0.234175814277884,0.376672856272322,0.0688664899052733,0.234525566426652,-0.147248434789785,-0.0569291024887126,0.141641031996718,-0.291981317597569,-0.0125452155406622,-0.364075548747704,-0.608716423430482,-0.341486887245823,-0.396418546309931,-0.111163515705824,-0.464633815721827,-0.490692335590983,-0.358262548178567,-0.351772662089963,-0.567268973381575,-0.306691700008117,-0.155999997685177,-0.292551966599681,-0.591351083389353,-0.554666422614838,-0.39798453069614,-0.328114597320571,-0.41061897255655,-0.0813404635630649,-0.463688411301578
0.0384409823310315,-0.0379324505182864,-0.0496077190739297,-0.106374899264949,0.0868908568038267,-0.00674203110213791,-0.0194043922048898,-0.0996020621642218,-0.0261223091469523,0,0.209552609723231,0.349370195165541,-0.150561394245466,-0.0431144265421141,-0.0529394798926266,-0.110494396213399,-0.175775045775277,-0.203459010246357,-0.205074880840822,-0.184056666045121,0.00449208495266879,-0.265499964281399,-0.126010849804295,0.145681819586494,0.248361987732438,0.0460119308051087,-0.272025024779217,0.177954808822822,0.00224184130228581,-0.0330206584078086,0.0728411255804582,-0.0102551757283351,-0.00350531705988508,-0.332906879088085,-0.29229938529159,-0.183733006060189,-0.102488307510855,-0.0213941093667524,-0.0231545469812897,0.125198760873803,-0.314814500850261,0.112148270052535,-0.170005416147552,-0.205254195221802,-0.17682101595862,-0.280631728011648,-0.356629254514029,-0.257316255296348,-0.217006656287315,-0.281285615418628,-0.0477174616195906,-0.122426920785543,-0.17760864975225,-0.184910296159248,0.0154472091753279,-0.0714818480452932,-0.0714127639982458,-0.0139377579486074,0.629605155489931,0.156463622849448,0.301148901601101,-0.0795016529434458,-0.0382409003715138,-0.151951355040364,-0.0144917905220063,0.0129187327600952,0.177474624069997,-0.0591747220243499,-0.0106410541861839,0.000371726205453164,0.041519357240122,0.0512873235345483,0.0671898021221152,0.309172273747209,0.310340198577969,0.380552426714215,0.240463182027602,0.210066159159164,0.0634009066900201,-0.146329761784573,0.0705926621332131,0.0521891778189336,-0.090848961228505,0.0392238426245169,-0.0417789576723508,-0.186071223499687,-0.0916255286013855,0.0530552221645649,-0.113264526578473,-0.0585780592809146,-0.173900958413945,0.0903863192242376,0.278948308234142,0.0698122507107914,0.133592531748729,-0.186308255872912,-0.173160046998765,-0.19055134590681,-0.0898374094691156,-0.183398428942849
0.407288715252176,0.102797622570303,0.346841521710416,0.0741060906993052,0.126654439351835,0.296379757536571,-0.0565094007873295,0.113256190796107,0.143647131808406,0.209552609723231,0,0.635445102531583,0.326149077815276,0.244236066862275,0.205854914989913,0.0276094919629003,0.208044365296554,-0.0492683042529169,0.210557395988063,-0.118760642743943,0.236282633300572,-0.0481597667865067,0.0337913594192281,0.363808791292537,0.109176227737551,0.454164292021276,-0.218427183467164,0.257153984390376,0.234767824421306,0.164038633121109,-0.272234041506701,-0.136000041903569,-0.13460428789487,-0.227418085000328,-0.256692585321748,-0.131125783549351,-0.180577347133865,-0.0564294467489385,-0.144372986182391,0.124822937881158,-0.249224743726328,0.0637399469241917,-0.180595946098317,-0.326504145049864,-0.362005516579475,-0.245686811967293,-0.323378349492158,-0.234641531431453,0.0519235431971491,-0.108551296217742,0.223449436086098,0.204983376722258,0.068162977116792,0.0704680645348642,0.238858615180439,0.288274014749468,0.16195561492138,0.166791630231837,0.226966200801155,0.650750453526071,0.490222963190485,0.363939744508172,0.201209733215093,0.205672846202663,0.227700714654355,0.294079578659298,-0.0990788155085541,0.30578060248051,0.0111013250682163,-0.0474417710964284,0.110866190194412,0.0972712157073422,0.0747856442097697,0.13313060640214,0.392706294233188,0.421645474113704,0.157816844564091,0.250997536422992,-0.330611770022889,-0.100048268597825,-0.21306204130992,-0.264443318069321,-0.404048797622135,-0.264159347635434,-0.25055041678634,-0.384885970587036,-0.265123910782815,0.055856783512554,-0.267436533820927,-0.252445301514695,-0.1955851384858,-0.047817776133643,-0.101136154551531,-0.14401001155633,-0.176714876883281,-0.310570708331895,-0.273340437173154,-0.309193289026031,0.0796453484430198,-0.087350287024039
0.349900377657486,0.156893294923742,0.321283679846889,0.11385945859158,0.175365034052733,0.301014600374387,-0.147435822827229,0.120422648978424,0.188324434206314,0.349370195165541,0.635445102531583,0,0.351531764863174,0.212288637697949,0.155533576262071,-0.00796694997000987,0.351651695470856,-0.00664358325934638,0.220999341459138,-0.117314609898109,0.223445754659418,-0.0360286910614267,0.0148357251148464,0.464966083560227,0.0857787171465673,0.621512660761781,-0.18969744788974,0.410276706460794,0.229391429778942,0.238592511341732,-0.316810329121963,-0.150584549132375,-0.244625199596838,-0.186983145096702,-0.235426456085653,-0.0294761045336483,-0.178675626591451,-0.20264480156472,-0.269428314161334,0.0260254750478408,-0.410102508596513,0.00059506183121297,-0.26861864737862,-0.382391797126884,-0.447467631478863,-0.379144444098088,-0.4758307637797,-0.365309578276237,-0.0369606517172612,-0.225328628347954,0.198346369687508,0.182656183618651,0.00812658051769552,0.0486394091591182,0.277839851378368,0.282234714912891,0.1579817216175,0.2373162173733,0.322193263458424,0.592315546161565,0.719229896190518,0.355339821770094,0.298045899598991,0.159535879153494,0.29815193290372,0.241737941951908,-0.136105643216125,0.378450695838116,0.185123799946663,0.0365853369219719,0.178489187097589,0.188565660798355,0.108696255480179,0.0640281157595027,0.594083969624214,0.608182971348788,0.23679947648329,0.466724107786668,-0.383198295342204,-0.104433286206456,-0.068809105978815,-0.273211784946214,-0.381049734395078,-0.11239032165906,-0.0796357965444428,-0.359774781782039,-0.263432622293033,0.120231497962393,-0.307044059797283,-0.337946818283115,-0.263737482181859,-0.0607714356896753,-0.161354000198105,-0.191651397461061,-0.174786840567971,-0.366623437891878,-0.353056709829805,-0.41847474324573,0.0193988774857124,-0.156655657040561
0.141415659965508,0.187183337556904,0.252146986484756,0.258907576414429,0.192875178339432,0.282257770031466,0.0976879236643108,0.299303755787236,0.344562701657627,-0.150561394245466,0.326149077815276,0.351531764863174,0,0.429236412953061,0.293726925711545,0.00767294248608241,0.480087567958406,0.209467187681323,0.37764583601347,0.0485655007287514,0.306879174711374,0.123379688729288,0.112384717655071,0.11757562447121,-0.0616094289317888,0.166743169727241,-0.0601921718157617,-0.0225033871840738,0.155733671048625,0.23861028127338,-0.281686941140294,0.0663334217484395,-0.165937875828564,0.000152658227486211,-0.112885362536515,0.058696823559631,-0.305355773895792,-0.0628332494549134,-0.232977083485823,0.0493835361345545,-0.114528618443611,-0.206546136551069,-0.172172893305218,-0.214987717041859,-0.259957001440029,-0.18862542014425,-0.186062061996033,-0.186255448938196,0.0361324523359151,-0.0886390829816272,0.1488841170874,0.238641785896135,0.216855725725801,0.283423595557857,0.193435144061459,0.30717137304756,0.326543450591208,0.317755826267677,-0.161702662348412,0.324437474243723,0.284267713729518,0.727293148299107,0.421555560638283,0.413215323485614,0.356932000219785,0.305506141360993,-0.218885922910188,0.438743799471621,0.117947877373073,0.0689225385831848,0.222690772952627,0.0466654938363525,0.159203069101711,-0.152699297307522,0.187085614073795,-0.0257887114201223,-0.106858012908037,0.0942477462827036,-0.320190163827415,0.0430292719426265,-0.293689356810089,-0.379060543473072,-0.299286285226212,-0.266661005519311,-0.144626053599773,-0.281912493647913,-0.299488472592812,-0.205540344520986,-0.277777714154571,-0.329696706708256,-0.1380341122785,-0.0325232158459957,-0.318631617532785,-0.254418075713687,-0.3238456387814,-0.214980340583247,-0.184767258848511,-0.283393791478476,-0.0153504769580604,-0.101676915327419
-0.024622240027362,0.100969756743926,0.260368511534104,0.342830016839054,0.157009526677314,0.283985139189332,0.216465269704964,0.354737335911968,0.385089011245275,-0.0431144265421141,0.244236066862275,0.212288637697949,0.429236412953061,0,0.64134025044746,0.0223440445738914,0.340955051079583,0.344786277054289,0.563482812357234,0.0425746802835863,0.494536746640149,-0.0605212598801877,0.407286229013953,0.103426189540772,-0.229172607364872,-0.0732642729189114,-0.159428416974739,-0.0792431965116617,0.134887024886881,0.562719142029985,-0.055279353848412,-0.0381828006092739,-0.146228749348538,0.125051446351984,-0.296542056893912,-0.0411412247698993,-0.29521209176501,-0.0990297058399056,-0.239695693565786,0.125693561670221,-0.0678392643972133,-0.237967621291139,-0.33003318222587,-0.189616043585742,-0.258608771025183,-0.188352780313637,-0.0790082590818028,-0.188837099214173,-0.0290630129602082,-0.149962154617814,0.12222925351744,0.208562321956778,0.29778042775145,0.442709240183144,0.252365711622743,0.257428579477339,0.332402292937311,0.24732642208655,-0.0190629031260654,0.164189248782994,0.0523776469319939,0.289540868668175,0.450565287915478,0.500063732380528,0.516038092623053,0.502946552104809,-0.00554314842283325,0.262557601386372,0.174697071415937,-0.0801925648284901,0.271880177832429,-0.223063687970334,0.457163626810571,-0.0103278736018091,0.0560342489219591,-0.137288986507082,0.00744190212793685,0.235890293175124,-0.126465434068449,0.191446600379266,-0.178367777514725,-0.353547102670052,-0.162906167357955,-0.345072468859656,-0.166731830627703,-0.185978387606517,-0.286748071502755,-0.234391225386193,-0.276281273374385,-0.264454649896323,-0.13085548992375,-0.134101132949166,-0.308748125147357,-0.367443294669838,-0.426934176066355,-0.206263815088229,-0.21425969946742,-0.222825338025854,-0.110470151440859,-0.191417056549489
-0.0822364378521235,-0.0322618109532765,0.113008804940017,0.203807102809348,0.0257510950409347,0.164891704646039,0.15052372551267,0.261140478020149,0.306282283519322,-0.0529394798926266,0.205854914989913,0.155533576262071,0.293726925711545,0.64134025044746,0,-0.081129671304443,0.155676817789165,0.288537824740494,0.356680632437411,0.180743510710621,0.575540004996716,-0.0785036722611838,0.509453023218862,0.1524408778066,-0.130431530469635,-0.072747846524741,-0.0987529707059431,-0.0796690063002719,0.204426266856935,0.610629284341875,-0.0189501983450826,0.0379135056486331,-0.0758547513777657,0.115308876890551,-0.237535518487636,-0.0180608709397149,-0.181247823944754,-0.0292579723114071,-0.0787836627474552,0.134294208322637,0.0287626447675343,-0.206865984666594,-0.251071062497883,-0.0661538438364877,-0.182581343487296,-0.0736486467965959,0.0289717111081382,-0.0481843748923523,-0.0306495747797338,-0.089128144335961,-0.0410525309645973,0.0521815857729307,0.1433049268349,0.287099788994851,0.0781682728737125,0.131908537262488,0.207009769600545,0.18028545791887,0.0257694399578937,0.139449836284559,0.0765311670148334,0.229226785396786,0.359039846856047,0.442157860183158,0.532627432728568,0.719772032408667,-0.0392154431479195,0.14726844755987,0.0994114640773409,-0.147345693905053,0.377073822715328,-0.196660697507394,0.480558970243061,-0.0775778672896864,0.0114426203182765,-0.155348430241161,0.0837974618515552,0.227074141405053,0.00300718022924693,0.187833599936889,-0.197308269130806,-0.311882070701878,-0.0924330746238906,-0.278205043169144,-0.099005741139217,-0.0950928786513808,-0.163257510189612,-0.115907829968771,-0.184875930293096,-0.200722142033848,-0.0784529363658508,-0.0791302839567546,-0.200794756196744,-0.276629879459632,-0.330397616471907,-0.0206676720050635,-0.115071513973014,-0.133074950263276,-0.123212613769901,-0.157167750218971
0.268226414544021,0.711765805900728,0.484841933245533,0.433842280394506,0.46752445738296,0.409607821302388,0.295741064051782,0.422973998585154,0.318495349282822,-0.110494396213399,0.0276094919629003,-0.00796694997000987,0.00767294248608241,0.0223440445738914,-0.081129671304443,0,0.208034959199332,0.280384205463233,0.142397107070738,0.0249145500030626,0.0302507524232088,0.0386124214531115,0.0164635893211901,-0.150030254355925,-0.0360514184068142,-0.0198226288801895,-0.131845171917073,-0.306437292846986,-0.00248145116766923,-0.191416452945459,-0.312059860080221,-0.045666739214013,-0.00267673497784845,-0.0926909966225734,-0.215951426723348,0.231550469293231,-0.233163293946168,-0.13308022189611,-0.0932416176266729,0.179900882733262,-0.351426545151954,-0.209467862242824,-0.293467982258499,-0.439181398371573,-0.340116096569915,-0.295220209658285,-0.22500902628055,-0.226201957114257,0.110179426207843,-0.25327122318652,0.477192525349533,0.63322931986861,0.62387503528385,0.303653111191205,0.396097823210734,0.357384091667979,0.452200741546401,0.462392609477893,-0.0102669842554508,0.192531427358349,-0.0404405385286039,0.150328741001783,0.113058556406331,0.279486343205125,0.165052654440623,-0.129286508459184,-0.149422725263133,0.361405417363194,0.237582811906156,0.419120825374435,0.221899316798904,0.00591160551516018,-0.0238407268872959,0.128331052703683,0.126679788009731,-0.12388624569269,-0.140277296727373,-0.197245706676591,-0.366010870866812,-0.232245213966564,-0.181513539104475,-0.375198351875818,-0.4922537964178,-0.222699918709783,-0.236590232113751,-0.390915268191282,-0.250586487776267,-0.448256721513887,-0.192927919608892,-0.402234076384653,-0.282450930189778,0.0155613398696574,-0.0463911534531092,-0.389336029377807,-0.341978063099116,-0.477028703365055,-0.280583019451286,-0.415585703942443,0.0548202307558253,-0.270060598791603
0.199773679053626,0.285970094146651,0.38874336106389,0.280077210937356,0.182804557617057,0.403216248515576,0.19348046913609,0.394043418403936,0.324689367128536,-0.175775045775277,0.208044365296554,0.351651695470856,0.480087567958406,0.340955051079583,0.155676817789165,0.208034959199332,0,0.476214009882512,0.635068333303614,0.0402490733365103,0.255499980131123,0.326448452090716,0.170478141687674,0.394303167767089,-0.199467413490867,0.254511056714396,-0.0827099357966643,0.172526267549174,0.119326714019168,0.265328489313021,-0.233221881416546,-0.148029497401406,-0.0598903559246688,0.394275617194871,-0.0417746735743296,0.205949526158525,-0.121375412404012,-0.10555642743908,-0.253012243735991,0.0617194868108861,-0.204381720238524,-0.0929571091433432,-0.236428177516903,-0.282175698746566,-0.31451362068418,-0.297869319584196,-0.253772974318601,-0.21593560191006,0.0518849762044363,-0.156463063726741,0.144848917989873,0.313595631399373,0.280973119497949,0.253555971547462,0.300246100028151,0.330947149737696,0.353171668382638,0.313783645226883,-0.0527387898362646,0.17761601595598,0.309895320082698,0.361858119012561,0.314594773478881,0.260963209861531,0.3804250004364,0.106435329817142,0.0340343175730365,0.491296191554206,0.443325800650808,0.206840380081192,0.247193136537255,0.121008373132813,0.296372599377969,-0.0607408530383909,0.412277838729843,0.174644525592526,0.0744339645454033,0.254711364502306,-0.363578647114476,-0.0488930846227069,0.0431968046205051,-0.286520531299167,-0.204164345738109,-0.0913709757301649,-0.0394498317827955,-0.13479689173767,-0.174456073741572,-0.0791263531313042,-0.18809216699795,-0.316329511834985,-0.149846277953475,-0.216342003382971,-0.308097905161365,-0.321272300602429,-0.330683081803064,-0.235832877133459,-0.25717370522681,-0.311353957820974,-0.00739948503613034,-0.166868551792844
-0.0550160384788107,0.299595948879002,0.306682909545859,0.393763447313805,0.228066145398351,0.31392599640587,0.505838427481892,0.65065784205061,0.500243378129247,-0.203459010246357,-0.0492683042529169,-0.00664358325934638,0.209467187681323,0.344786277054289,0.288537824740494,0.280384205463233,0.476214009882512,0,0.467658760197096,0.433162857841686,0.424684568180899,0.190628020231663,0.481763489688146,0.234515533276105,-0.295826542488743,-0.101976370644855,-0.0143730819801691,-0.0706090406970742,0.0528205133439375,0.341259688315764,-0.101715435755851,-0.179927359091572,0.0266065496820528,0.537823655725765,-0.0741405827293003,0.515939239342559,-0.210976959841692,-0.177709253582384,-0.132591226709088,0.174449423415659,-0.0634269356872662,-0.24585861466395,-0.267019513046278,-0.250363190188412,-0.186655140928988,-0.184239570364723,-0.0483909393748342,-0.0626879379588384,0.0417495502408367,-0.249241287339972,-0.0657345849113467,0.334767895654541,0.409986003570994,0.337465423348419,0.235453561672826,0.234483584501606,0.540414513413823,0.497063827843243,-0.0598094390389351,-0.00606313196443876,0.0589295096370527,0.192885346086678,0.258598695012328,0.298333718955248,0.426440380783213,0.172148695809514,0.0284543381761588,0.268583797864254,0.383280701737734,0.436481614541884,0.390895605520349,-0.0726039406687549,0.413427632873607,-0.0512100654260449,0.155761842802237,-0.125463209109896,0.0922057524774444,0.167756178259574,-0.18704865069345,0.00342175290667643,-0.105039310010309,-0.330431184669705,-0.0965809376176752,-0.139752494107027,0.0640539586227685,-0.122667900018458,-0.227614261303114,-0.113444852080494,-0.134873734455049,-0.372728310724954,-0.171262875620404,-0.192043956242943,-0.325528401296553,-0.466621680734767,-0.382374063198491,-0.161244687368514,-0.178162844240092,-0.19017087982268,-0.128153581076263,-0.371792017814038
0.107060032945608,0.168067505447868,0.363892184987021,0.284898685505242,0.146354045742455,0.371331295076692,0.194762821250397,0.360128352180128,0.368146212153355,-0.205074880840822,0.210557395988063,0.220999341459138,0.37764583601347,0.563482812357234,0.356680632437411,0.142397107070738,0.635068333303614,0.467658760197096,0,0.140259862799757,0.394968124136414,0.167819979958917,0.235729574947962,0.295641227888714,-0.253458490900364,0.091258021346903,-0.154911749083341,0.0468637112826026,0.178715214713011,0.353434855742356,-0.149837986433892,-0.148851987564091,-0.0791831001601556,0.446101460202812,-0.143215617628327,0.126150933761456,-0.0999179707724059,-0.0881341611295431,-0.207122059850651,0.0812825604953343,-0.0348057244031819,-0.127829481092798,-0.249670241912698,-0.222060691896087,-0.280387909078419,-0.25596329006693,-0.15471806135974,-0.20102387122963,0.159771654038003,0.0251562694014186,0.144904245802763,0.31532134188627,0.336595290949101,0.393807321287817,0.339955903101251,0.338966665594081,0.32684070198736,0.293050839331522,-0.116339267141767,0.169788587926907,0.144482793424516,0.260295682755925,0.323188815745248,0.370670194745237,0.484586316614391,0.255588999944585,-0.0245727775396411,0.46243415185053,0.456329284577633,0.00606505539503394,0.288122447743681,-0.0896418756280968,0.296920229040047,-0.006532066317003,0.221719286077998,-0.00324874402759924,0.0532220456556796,0.184795395517862,-0.317497256380995,0.0640870865985494,0.013346986644219,-0.275976644115068,-0.203736224770724,-0.270822639166334,-0.204909854707474,-0.154622060149888,-0.1182970069679,-0.18565474838277,-0.0995832234507382,-0.19778100240428,-0.155069693974736,-0.203370244395048,-0.267054134372828,-0.338447016280871,-0.363899542617714,-0.243025545295123,-0.338614747867399,-0.286823917055648,0.067361578434025,-0.010309360053104
-0.0821216371647445,0.0815517490260037,-0.0097548896491192,0.0568266693575802,0.0788109616568579,0.0763129601523328,0.236936096608893,0.283410352713952,0.245225368007702,-0.184056666045121,-0.118760642743943,-0.117314609898109,0.0485655007287514,0.0425746802835863,0.180743510710621,0.0249145500030626,0.0402490733365103,0.433162857841686,0.140259862799757,0,0.340954188803933,0.0547358025259775,0.323510050302552,0.0580902492267465,-0.0503815602752137,-0.0949753806895557,0.188674496807374,-0.0665068358092044,0.33611475495362,0.143909041997687,-0.0394700660758635,-0.0400045632994712,0.0144096687761476,0.297158660235228,0.0385141281095482,0.420307066163717,-0.0424399388872625,-0.0113461013272901,-0.0537870942174529,0.125641199108467,0.191781415439996,-0.253575933765841,-0.0821222488819592,0.0170033849239106,0.0908464902995184,0.027291169420019,0.166208191963703,0.177935867821608,0.273663845695581,0.158714461032402,-0.0906991368808472,0.0438167506631853,0.0817492847691928,0.0308637088422103,-0.0789425742759574,0.0504082485400754,0.174402484709386,0.185457284072892,-0.14475684296815,-0.104855153924568,-0.0627702785319005,0.037179288921476,0.114391709874562,0.16086276497434,0.256955969684268,0.15522125371779,-0.0867604144786202,0.00711399805364164,0.212955746722174,0.139528775357189,0.474985617016615,-0.129177579787458,0.164214245259481,-0.117607492514612,-0.125077682879435,-0.201127043048579,0.152110212581629,0.0375358558364524,-0.0511607008172948,0.036489812955595,-0.0169371030974454,-0.0181725483814697,0.065703244822762,-0.0636753463578554,0.120641214319404,0.0733717620802424,0.0344994970095679,0.0740441630643726,0.217410198597297,-0.0314683956406511,-0.0546109356558447,-0.0170568244480866,-0.137552365802313,-0.230331359039992,-0.177110214150126,0.0776974810056049,0.0063902056854817,0.0951576521490506,0.115935876741079,0.0567471247819157
-0.0742415507990864,0.147197221270633,0.197097569894351,0.232734144868058,0.178797239600664,0.262015847858754,0.205190277660065,0.467500126513573,0.452700256889679,0.00449208495266879,0.236282633300572,0.223445754659418,0.306879174711374,0.494536746640149,0.575540004996716,0.0302507524232088,0.255499980131123,0.424684568180899,0.394968124136414,0.340954188803933,0,-0.164576381087162,0.32781317990457,0.264915829802035,-0.00201870086370359,0.0328650421156182,-0.207268774346311,-0.129954066902645,0.150595138889895,0.475342261226255,-0.093538526392045,-0.00244021923101196,-0.0556526324768181,0.0959200410034079,-0.375039554314634,0.0998171207276789,-0.436825344903747,-0.142016749952173,-0.151177876834779,0.152585987602055,-0.157497438001633,-0.349277278084367,-0.382600023264375,-0.293126988841582,-0.313213283201367,-0.212386583785031,-0.183329090976513,-0.158846973739846,-0.0897930743895923,-0.276620908198205,-0.0951508444599003,0.153214496663436,0.227545326990971,0.264808179038962,0.121775851702119,0.236359666347967,0.35653338527281,0.336508123033516,0.104621142466758,0.12526818285374,0.160184742786558,0.255046910919871,0.385027815497965,0.36424245397024,0.584165324882926,0.479274462082604,-0.0598100273641471,0.206543596479651,0.259902649220374,0.00930609613602589,0.65539726841328,-0.14145528452592,0.383731496029355,-0.0677113743413934,0.176737146507484,-0.0646121472203226,0.0720180496460764,0.287501778592083,-0.0881240525551987,0.105269285209223,-0.205010440777485,-0.397301398504945,-0.161316577609994,-0.327240962177939,-0.119061835907332,-0.224421981474273,-0.363644647453829,-0.109576787418621,-0.279515185856335,-0.339246912472032,-0.0950978747217936,0.0181323844898793,-0.235876236436917,-0.403273000962034,-0.341382496721677,-0.139884813352568,-0.15569246883109,-0.175432157584533,-0.167398807279595,-0.282020130452738
