0,0.171441805546379,0.268396091237956,-0.31287760709508,-0.147817831247414,0.00912565540719505,-0.0780319176668834,-0.19283552091086,-0.149622821365944,-0.335239145995436,-0.013524461726496,0.447566374320619,-0.0207396868579197,-0.118926787420085,-0.0328490889733857,-0.201632326077798,0.0569367176407587,-0.0375318844046038,-0.120868498077276,0.0428174034493825,-0.0320139136968371,0.127574216611995,0.0141665621557065,0.189357075610336,0.365757414891503,0.241609663902391,0.276498621357642,0.32114871857563,0.197726016436538,0.0480211456165645,0.0089776142909314,0.0167866767581042,-0.101281558398348,0.0579943099833014,0.159697514370232,0.176288045307174,-0.224720678845151,-0.00305828516012396,-0.0265454526065864,-0.264879851934424,0.129338761427489,0.521539887378527,0.335111256391076,0.0407250473560493,0.151320500254895,0.252426116281265,-0.109572438606562,0.0524672167893797,0.265175362681997,0.270714523390864,0.416013634098095,0.125704254812698,0.120264062612225,-0.0366007529735854,0.0691952968731913,0.146811417515248,-0.0974628609901746,-0.0201137578612442,-0.32754228700968,0.299400639689448,0.153291968422583,-0.0102566806203781,-0.206595695431545,-0.0432531948124001,-0.106236302698326,-0.0144170615998774,-0.17998806861029,-0.143580068370234,0.0177129973298311,0.103056122847134,0.0691314942683332,-0.10542169387423,0.0024235497277626,-0.399589426118783,-0.044021831410757,0.382552625022605,0.0190043181515602,0.2067693930333,-0.031042083783235,0.120282593646217,0.0332855895970934,0.26684118478285,0.192378819316583,0.128043248564977,0.120489461289925,-0.260566080658162,-0.282865407562934,0.281164893178355,0.109169560824341,-0.0687957541816065,-0.0749666571873223,0.0636010713189156,-0.21928600585525,0.404930397441703,0.466873345545967,-0.0164825387341583,0.165585506620293,0.103893260173281,0.305389789543726,0.212733621491595
0.171441805546379,0,0.157161199642045,0.258300119974559,0.238265907734059,0.136369130318448,0.388914590614113,0.34780704444444,0.122445921110944,-0.146015556309983,-0.0682665664221744,0.0814010719182743,-0.0501500636500304,-0.0775478214308139,-0.11832173245284,0.359511159655709,-0.0594901041078881,0.180209302122138,-0.061694776993689,-0.121235112380535,-0.0914542020314382,-0.156723309620896,-0.00394656509616035,-0.251152513856624,-0.20379581406174,-0.118229593047388,-0.0935045409598742,-0.119997856923843,-0.211340526292983,-0.116262507559288,0.107836075368251,-0.215608274343128,-0.0248575106811659,-0.0655684229884221,-0.101738721996934,-0.073396811995657,-0.255850644411665,0.140348230409722,0.0778033080567258,0.0467762156594669,-0.174288919200525,0.0679663134615826,-0.0823718862285518,-0.129238226671129,-0.0935242710440186,-0.0262593600263375,-0.109998870634017,-0.0834598760547235,-0.015828990828977,-0.0672002338923111,0.0679612994442343,0.557484291846539,0.431528725738307,0.331801513021095,0.323443670163633,0.0892640800441911,0.409192065004707,0.239340901911532,-0.120558945342906,-0.00658324217761112,0.0233890344478314,0.0964262993680728,-0.0705606108869941,0.0638527722225945,-0.0539699661971953,-0.0773778292320254,0.1552651604938,0.0819050232622922,-0.092061212817163,0.188131833088414,-0.0882157077536954,-0.0722534874751116,0.0384635515239659,-0.239699307957422,-0.163971968268484,-0.0437679216722065,-0.187657982767732,-0.102636731938647,0.134301187305865,-0.0514275985490824,-0.257679502402884,-0.0820264107598168,-0.0894383458465748,-0.108437416449105,-0.105203387324595,-0.183154362541582,-0.266392939116701,-0.0741900972327335,-0.181393954512971,-0.232842225196021,0.0556668943723925,-0.0219034985562553,-0.0285460908316097,-0.0304920076831375,-0.0466394878791443,-0.122909998266656,-0.0524645692956836,-0.031266391540818,-0.0465225798419076,-0.141005298307347
0.268396091237956,0.157161199642045,0,-0.382393878628169,-0.165595825831639,0.668529719043684,0.169005246839395,0.283861048912347,0.243003036280791,0.0297715218404077,0.126052491607777,0.340348415044176,0.325326425033746,0.0945219067318214,-0.0433897350307033,0.107666740728755,0.0819939114687746,0.0937100595630218,0.0612714069445721,-0.0780216072986092,0.0555737812862331,0.102903455146897,-0.0586443249066683,-0.0908483385166648,0.340642365573331,0.406120231598153,-0.0147263125966915,-0.330912393633775,-0.11319149326996,-0.0997539985630912,0.011557083178168,-0.0152213617204096,-0.275081172505326,-0.00391003746436273,0.123038517333094,0.0193151450848395,-0.395601787624677,0.208535432875091,-0.0848078129131134,-0.0469353323535523,-0.0875204480133956,-0.100789702003193,0.203565591893782,-0.224492381501892,-0.171045682224473,-0.26725843704153,-0.142696923083842,-0.155318137734596,0.498150336955364,0.0680058118487514,0.0103169479127113,0.488304987856097,0.136738490438203,-0.226972192263537,0.44309227971152,0.75165968620569,0.210010987024923,0.280065018481069,-0.0323914054140804,0.493200214544784,0.388794044158446,0.389930119092113,0.122901640505399,0.191701102907228,-0.0079350495843874,-0.0130500896467183,0.0661772059552186,0.18722652134311,0.0134208109699539,0.0848542130237544,0.0850907316565511,0.123774495653175,-0.0892839557600858,-0.338883145025705,0.0303408685205115,0.441272860935998,-0.213688164547824,-0.162758033848315,0.0559233246413697,-0.147322603622028,-0.115543298052758,-0.0479906659297173,-0.0837090880519658,0.085703504529803,-0.141386237782161,-0.185960699241002,-0.325838806662602,-0.310242423960274,-0.0477004819398394,-0.270914701696013,-0.12514609881504,0.327700212252317,-0.165065647078203,0.175805394440431,0.315957681163255,-0.278670147405591,-0.305304104249886,-0.141075042287498,0.486936514001682,0.153270397998398
-0.31287760709508,0.258300119974559,-0.382393878628169,0,0.569945332232374,-0.224706986073369,0.12412552159417,0.136810814070733,-0.0343309409256387,0.0254489340020527,-0.194972901428624,-0.429281064095399,-0.355961863300976,-0.211810074669888,-0.111799809719412,0.342494094450103,-0.322830029985231,-0.0773272214916599,-0.246549610569138,-0.166487808675405,-0.104686205040139,-0.439919148850171,-0.13636964334898,-0.362393013092377,-0.371851706370744,-0.523322456275103,-0.440426991480604,-0.0836934448101735,-0.320121488862431,-0.141104706244343,0.155407058043738,0.203352744234554,0.415987857721452,-0.268272244023308,-0.506887222771795,-0.288115729805494,0.031770371956477,0.0330286993235366,0.134036137403709,0.110284492917542,-0.35932668357118,-0.30377343825154,-0.494451133390199,-0.121733888680048,-0.198324756571963,-0.12492260782457,-0.189919405827709,-0.214846200870684,-0.380003481912605,-0.350521456565749,0.163413930081035,0.117833484656787,0.371237452794074,0.758360016604928,-0.0514730998122278,-0.31509426797867,0.167351414118974,-0.0237244966616853,0.0983335375612293,-0.447980635157437,-0.382330530133023,-0.216337754915198,-0.128025549142806,-0.117881355699568,-0.04764805532327,-0.082730309095391,0.0570136991298146,-0.166523241136184,-0.209488173041587,-0.139553249614517,-0.176185356541671,-0.40255768407134,-0.0898015888254081,0.167958664693071,-0.29246390891482,-0.472221723367374,-0.146675130108185,-0.133996268193377,0.240226550057171,0.297029706102966,-0.305185176788495,-0.368326749385011,-0.30511016387492,-0.460004758179768,-0.349335782208151,-0.171903384108859,0.0137449007621629,-0.0633998530501673,-0.250021525922326,-0.159997249613305,0.237477299368138,-0.188958427012,0.130736652426436,-0.374772937362608,-0.559868593272573,-0.0853932132575956,-0.145176081113398,-0.2042298390007,-0.357715818691394,-0.398983894665425
-0.147817831247414,0.238265907734059,-0.165595825831639,0.569945332232374,0,0.04876222792624,0.254013751201219,0.457878849361523,0.310794091913474,-0.0710393569501416,-0.154655341129059,-0.312585594214252,-0.234444099771494,-0.115363714393613,-0.0736670476001979,0.275706372169794,-0.164277630559924,0.203950584739834,-0.173750296431307,0.214552552482155,0.0726120237624204,-0.365475889086446,-0.0807770420417996,-0.283287250497052,-0.327779157502162,-0.365045334020346,-0.309641168777341,-0.0463582774111877,-0.0719901054624823,-0.196311765374938,-0.0443967755274036,-0.0214927798015121,0.145735222981154,-0.0627325382758075,-0.348444499221611,0.0370397850865044,0.107793951378141,-0.0818619653721921,-0.0491049947621744,0.123344055601989,-0.291390772666946,-0.289261110426118,-0.438533265160168,-0.0627503042480173,-0.0297258951877573,-0.173559951929698,-0.154914535435207,-0.187578965540241,-0.044241859519913,-0.09595811457452,0.113281589339284,0.277951196291332,0.392864968466313,0.564386057343929,0.226433593953892,-0.0962602667838292,0.325984663618294,0.313506692248829,-0.0730989129936136,-0.274583524233424,-0.36588606208584,-0.140464367279231,-0.0691518466083246,-0.0507661172327419,0.0279756469969327,-0.0688469668970262,0.165335936959997,-0.108830607944682,-0.106501730926344,0.139248964577704,0.0420194983184828,-0.329778487841105,-0.0876002534042412,0.11741115697973,-0.199764050390809,-0.35193666539221,0.00613316681231215,-0.146939992820906,0.0454739794453944,0.0466371909716114,-0.163908094732348,-0.241196031727531,-0.290561570123494,-0.353571118375348,-0.189618893488791,-0.163663848284325,0.0753493173834814,-0.0556251889686882,0.056628321395824,-0.123880464773258,0.0433937966440202,-0.217240222976191,0.0622226668203261,-0.302944217197722,-0.516443906033775,-0.12446604787694,-0.130368975510409,-0.160697116437582,-0.0177337590357956,-0.0802356654668385
0.00912565540719505,0.136369130318448,0.668529719043684,-0.224706986073369,0.04876222792624,0,0.372265358581123,0.541986236244985,0.586915416523356,0.225797246043063,0.199200668598921,0.222402457599723,0.450822214822636,0.217331481729306,-0.000240954556171548,0.328121659083105,0.190764782712933,0.307923369927033,0.181117938257769,-0.0423793777502757,0.0840116095033475,0.121992719007983,-0.0250086709711995,-0.152517527454546,0.0665826786358347,0.264240243077384,-0.147685854860754,-0.431983244686353,-0.14388514861978,-0.137772976707907,-0.0405979894300959,-0.22013127806256,-0.340976099683537,0.0578841208218875,0.0940726258957496,0.0431714094338268,-0.279589897897273,0.183455660175988,-0.0262241674852802,0.208346136782242,-0.137054967901012,-0.292883452976279,0.0139818927940228,-0.216681858196458,-0.19412891813877,-0.397780812418002,-0.157001221057868,-0.19696818736541,0.59028321123285,-0.0344520028114039,-0.0823082123402064,0.573100956229758,0.156891671382236,-0.235612973145567,0.678827465709137,0.810604976761574,0.452563148505011,0.521547261445293,0.148863380485151,0.380231678414843,0.281663972061139,0.485378747073119,0.273943439742256,0.288708743575442,0.137616163552866,-0.00447082698482301,0.285389107382393,0.285904587376628,-0.038019210959582,0.155522306686787,0.0252379194024431,0.143486774956026,-0.0962127163356369,-0.147121429414183,0.0833480114501554,0.223660899530957,-0.180550024594188,-0.273532357563725,0.0268064666304117,-0.339288632126476,-0.211877084709808,-0.185147139728415,-0.246853083330116,-0.0252194897506581,-0.226029224454775,-0.170100727428295,-0.248943295529353,-0.438513343611188,-0.0534344229600359,-0.247874419478045,-0.166227083680376,0.35687359461476,-0.00831851606409737,-0.0778322267582685,0.0283273022742903,-0.278407779767726,-0.410563571758615,-0.21611799045103,0.568232614893782,0.0599678826071969
-0.0780319176668834,0.388914590614113,0.169005246839395,0.12412552159417,0.254013751201219,0.372265358581123,0,0.616632732653331,0.554517725184489,0.137956898529718,0.119830188512874,0.0397285981079895,0.0842793302170867,-0.0215020100713639,-0.166553481929716,0.479035465899124,0.0926846864230832,0.283274930382787,-0.015279142883957,0.0162875120271298,0.00437647793103903,-0.23254853231902,-0.0789868716824241,-0.103897804202642,-0.254403139081192,-0.203792638138319,-0.282823228817574,-0.311983826401938,-0.0449060571105358,-0.346148181594135,0.108278842064301,-0.323835780971657,-0.150834056769323,0.050928589199313,-0.204096721223689,0.034245583789655,-0.0922021464294687,-0.0334419414345309,-0.0123913974846573,0.422984839618882,-0.043604376603432,-0.190367436261063,-0.315752028812662,-0.113270506544339,-0.065988731486356,-0.307006610019252,-0.228968405432356,-0.296588173374146,0.14761963316002,-0.0965765785444748,-0.0120374747442207,0.493490633696494,0.369823887012962,-0.00327138436590345,0.495444990949617,0.318699707820035,0.566920468819208,0.526996760418692,0.125969089543809,0.016846066786909,-0.0384397706650643,0.189453116452363,0.09767688914817,0.069606917589521,0.0494206526298869,-0.154925276677805,0.613808343528262,0.175291939129664,-0.0105024126946131,0.179356604724799,-0.0545577554742266,-0.0622388801456418,-0.125214110380117,0.162911282567697,0.0450350649641919,-0.190520143570735,-0.0560263774398812,-0.354911237593435,0.152527512045984,-0.254281876522756,-0.133316488084836,-0.100573398762485,-0.219213038935921,-0.214840657850073,-0.276683554422172,-0.189305139337429,-0.0188027819339664,-0.274580414943593,0.00349989021692599,0.0428234380794916,-0.123926850715874,0.0578947283937909,0.118773319921362,-0.238476007076865,-0.266592456403078,-0.153478494752587,-0.244508056420827,-0.26608758862004,0.182861942663107,-0.0412970800774851
-0.19283552091086,0.34780704444444,0.283861048912347,0.136810814070733,0.457878849361523,0.541986236244985,0.616632732653331,0,0.68639070768194,0.156218506830785,0.141872594688323,-0.00131975005046905,0.202388198744312,0.140182543129447,-0.0699719046354663,0.469957315624764,0.111981980417462,0.467682981886936,0.144714945795014,0.0787444994591785,0.11435717273651,-0.151972454309945,-0.044374152370757,-0.231294570605254,-0.254912286884412,-0.169337199304529,-0.28094113856509,-0.389975433106138,-0.0637084668302798,-0.293690783188118,-0.071898448645272,-0.312766586714624,-0.156685781082588,0.0787582810827238,-0.13033029207487,0.0144512130883269,-0.0738131630489515,-0.0226107774730727,-0.110819664665745,0.258949421784746,-0.225084283900438,-0.304808204118199,-0.298681968797175,-0.226535513767211,-0.163711610150213,-0.420966289501841,-0.207580765397505,-0.27559647155649,0.194462027554598,-0.143070412178288,-0.105498549455246,0.631832472055711,0.372474387831115,0.0663237191755839,0.630410130836063,0.439698555528154,0.727694268907526,0.740612956400762,0.1325887553238,-0.0221770806815738,-0.0359386657133664,0.311390781235949,0.215246698873055,0.2316499754615,0.176290750664615,-0.053349743552551,0.482248686287663,0.274977352466337,0.0250037225622791,0.326493785011958,0.0628577724658615,0.00821473728381203,-0.0858498768517681,0.0767875297343424,0.00733685788750895,-0.213638818538161,-0.0160501225130454,-0.362841849304239,0.0351020587694166,-0.314142565865427,-0.154411638118836,-0.237357040747841,-0.318311612896798,-0.179377640712927,-0.258225160471477,-0.144616709905329,-0.0139998111562229,-0.376473597983913,0.00955598618374234,-0.147265994534997,-0.136409524498727,0.056952930120265,0.00373393101310468,-0.283198678891835,-0.362874229270102,-0.187695349173637,-0.373582197563257,-0.262473814856136,0.219703617768005,-0.0583492364109915
-0.149622821365944,0.122445921110944,0.243003036280791,-0.0343309409256387,0.310794091913474,0.586915416523356,0.554517725184489,0.68639070768194,0,0.212335739141005,0.186133509558457,-0.0554350924018963,0.333733530193036,0.145948203186035,-0.0241313208313048,0.280303277085892,0.0900478750940306,0.403345364421738,0.094315951763051,0.143888667870657,0.00769295918595208,-0.0940136657624559,-0.10454314052982,-0.137338377145408,-0.237247661578935,-0.194581286691372,-0.196255000268663,-0.380284404908767,0.00772602102809847,-0.299559184782443,-0.0666656009055501,-0.377878503913019,-0.25505544840099,0.160331687847608,-0.0571709023262221,0.137647996947435,-0.0234557739308289,0.0155532976671637,-0.103711214638213,0.356936467980223,0.0594201177953931,-0.260633275359917,-0.253769678074155,-0.0572333032391948,-0.0599776337403322,-0.332236473941073,-0.220198244701017,-0.184626318786134,0.294323410989962,-0.0630184931012947,-0.161568512369711,0.467159265290785,0.209253517576648,-0.146310609449458,0.595903642710644,0.512418734501219,0.709996649230805,0.711036852616329,0.147675542507842,-0.0281696661869543,-0.119229794839631,0.349047329032135,0.273308115731495,0.257847257142313,0.197188741090368,-0.03530165711089,0.633900733172005,0.237775511342245,0.00584199451529708,0.264434501134363,-0.0116874925405134,-0.0407963918644264,-0.127037182148278,0.119454950151278,-0.062380941206506,-0.273063081602874,0.0840198333743377,-0.404876459812402,-0.0133001905285199,-0.36354680738362,-0.110487405284715,-0.0471905535855314,-0.252387742863317,-0.120347238637892,-0.261149591677378,-0.0694103678346826,0.0507507346621813,-0.456862652052056,0.12756058474243,0.0953509340458739,-0.205298943018632,0.0962475347732753,0.0199869710914097,-0.251149341381205,-0.32279227728324,-0.0784687169392963,-0.284475900000442,-0.186133959441517,0.315062486522503,0.02493198848786
-0.335239145995436,-0.146015556309983,0.0297715218404077,0.0254489340020527,-0.0710393569501416,0.225797246043063,0.137956898529718,0.156218506830785,0.212335739141005,0,0.300831233995917,0.0230022452167378,0.196693106951223,-0.0244947177249795,-0.142864776591943,0.363743683189146,0.0198897417676583,-0.19964662916216,0.0182002429911223,-0.393100714700999,-0.0641654737300719,0.0400532510014705,-0.269098127595648,0.0211326330519885,0.292952467812084,0.00493715769682803,-0.377980984055217,-0.270134224238178,-0.160734341998849,-0.235780870798579,0.0761110735557615,0.0597008073155532,-0.0474396776330257,-0.166605415042739,-0.155993909112335,-0.326904886338201,0.0374418195988802,0.195586596137407,0.0948334030881571,0.26551537301536,-0.301497542841837,-0.320213054987666,-0.174197855986922,-0.203426058833389,-0.165204194886315,-0.451102411054212,-0.264165226092942,-0.433729167570953,0.0547343643040466,-0.255387436191866,-0.0213673305131214,0.0877875634486275,0.109928110740232,-0.183487903892495,0.0992163919000184,0.173403469317889,0.0698361625603783,-0.0340311086680681,0.646938023719984,-0.0122660015328975,0.0666768721796768,0.110930225395849,0.126035430402786,0.00282145164079488,-0.0051911644230697,-0.165467724308984,0.104324354206655,0.024581546612012,-0.0743731081488993,-0.332287949782001,-0.254047111690566,0.107624251560386,-0.324607850841858,0.235359153408954,0.315682455795797,-0.0193330046499091,-0.0945014791820572,-0.291260388254769,0.142543151314921,-0.0488204806446123,-0.0224935794887707,-0.2749998752587,-0.201983954690405,-0.107874094658455,-0.279859793300265,-0.157883997330766,0.135484008657512,-0.30066253968531,-0.276441790249844,-0.0443219070524735,0.0028900290470507,0.382999020032833,0.23685296136306,-0.143511559587805,-0.278915456638952,-0.197333801667011,-0.403250784145181,-0.466238910837949,0.00642017222747572,-0.122984200392086
-0.013524461726496,-0.0682665664221744,0.126052491607777,-0.194972901428624,-0.154655341129059,0.199200668598921,0.119830188512874,0.141872594688323,0.186133509558457,0.300831233995917,0,0.330125617286558,0.226149996413932,0.0321468259505696,-0.0348281482577834,-0.0274336495114841,0.0233420788132416,-0.0874349016861114,-0.0224537821502041,-0.208979515111896,-0.148151532062447,0.122822310147078,-0.0986046939437704,0.0900195372768663,0.215533801296356,0.236476192527069,-0.0581089730267055,-0.0264764510080839,0.0549351159300237,-0.0234192057145003,-0.0865543275167441,-0.104290900746844,-0.196405320811253,-0.120340141509201,0.041045785611638,-0.153259313952545,-0.042324453171743,0.0584860311871689,0.0859506808898362,0.184330653262377,-0.0778612599686764,0.018790933253515,0.0412971887908034,-0.0944188314114614,-0.182735928176941,-0.117264680533266,-0.09992175548795,-0.191424601254824,0.18228417726741,-0.160134049059468,-0.0397119420568762,0.182339536816963,-0.00577421388276934,-0.256794912383981,0.136256538722417,0.183008892370391,0.112858825115392,0.0982883454464276,0.294234499455256,0.289594412794488,0.305210099724469,0.228140456125222,0.169662683327345,0.0753721083137296,7.79844393000537e-05,-0.0247315420696943,0.142797567360135,0.143960591401224,-0.0871397860887414,-0.143398326487161,-0.166661947265752,0.146569903179169,-0.115683115493205,0.106926830143353,0.19235502928811,0.222829025523494,0.0935164362658426,0.00395160765635783,0.0347937413917091,-0.186121240609453,0.00201046009962475,-0.102447430224591,-0.13559335412507,0.0503851816302653,-0.0686099857499692,-0.0874919694957193,0.0241889779979469,-0.0404931633274371,-0.110021664753812,-0.0170486418677849,-0.169967085948359,0.205957730111151,0.102991790368161,0.029066182135053,0.0848448724903318,-0.0515194411463565,-0.146742093983726,-0.186898561616601,0.220479076714975,-0.0307413754327317
0.447566374320619,0.0814010719182743,0.340348415044176,-0.429281064095399,-0.312585594214252,0.222402457599723,0.0397285981079895,-0.00131975005046905,-0.0554350924018963,0.0230022452167378,0.330125617286558,0,0.364223603956104,0.239713699301264,0.190988481680819,-0.0722437661862731,0.402437846933331,0.0499361583057677,0.220938097309682,-0.137987552640585,0.187628164547811,0.429905542372965,0.272724096306472,0.385886399529554,0.406599185054814,0.50787006662491,0.265413994489427,0.183837369776497,0.263726381322388,0.269594071341017,-0.166064160850324,-0.15057980546642,-0.273981617366459,0.157350025576162,0.315593375989904,-0.0894207798267935,-0.143410715369761,-0.0469457195477213,0.118764291848154,0.00808367827965185,0.0792643858317574,0.372046004666164,0.461061419061858,-0.0306487853547381,0.036833391072493,0.127300040524057,0.103121560519831,0.0658030401439766,0.184937998832046,0.0315025532580619,0.123754197231389,0.155082022667749,0.0201793953893301,-0.303869009483459,0.0740426796474479,0.246986754995934,-0.018012944977615,0.0456785385139047,0.0105407515319062,0.453199020025642,0.552608817689568,0.349679070473991,0.224424154569378,0.235144569509718,0.124033624433755,0.184885529798635,-0.0637698570063987,0.283289329048429,0.131173734591571,0.0698972159718438,0.121019720075145,0.286223004402489,0.168761556887875,-0.135042308184915,0.365909933477327,0.456556799505129,0.119243879870956,0.284024231637838,-0.167579019023374,-0.227673160739372,0.109588195537787,0.106480594535798,0.0527163332814888,0.20578073278243,0.152079445904489,-0.0338905062715057,-0.20833446302089,0.126532373399326,-0.154614171657143,-0.101060994794942,-0.175407521224282,0.147681205798135,0.0635673118473825,0.312837439301388,0.397963352453057,-0.116236543453799,0.0359697608383703,0.0310715973897136,0.208473660561857,-0.00655812862497174
-0.0207396868579197,-0.0501500636500304,0.325326425033746,-0.355961863300976,-0.234444099771494,0.450822214822636,0.0842793302170867,0.202388198744312,0.333733530193036,0.196693106951223,0.226149996413932,0.364223603956104,0,0.627776313430041,0.451187951517006,-0.0170993302302552,0.459433271421963,0.439163066689291,0.628545971553578,0.151625324364108,0.27178069804712,0.522158560773619,0.368082505880387,0.190089494843041,0.0776846020072085,0.28099538115946,0.333595799706958,-0.255983922029367,0.231903310888281,0.258598308451235,-0.234611852909205,-0.129671832783438,-0.254095643479271,0.468903858849408,0.514075724571224,-0.0151460224120664,-0.0652858478144223,-0.0826232302285489,0.00725402228008483,0.160008711708388,0.249859768684951,-0.011426041639926,0.222485175920886,0.0114696245181184,0.038964397687363,-0.142654274241324,0.281054095229842,0.295314847998308,0.334888490998644,0.104283266235407,-0.22590569545393,0.134569555703418,-0.144454136789567,-0.359080136808876,0.20323213224291,0.471149855516187,0.213082769518444,0.246276875007028,0.0151035712414377,0.304159408950551,0.351502703148566,0.741631087283792,0.626710225513709,0.593589601369922,0.482925413904492,0.40614352818197,0.149823262964513,0.615829249433135,0.295425953054389,0.303119269979589,0.290733920026237,0.466526990542519,0.270385542275156,-0.110032845430241,0.201390790413881,0.0889474967644053,0.213864917642752,-0.00470481999370934,-0.322827154864839,-0.309241215331649,0.147922191346766,0.110561717620535,-0.0287868777901718,0.283068193792855,0.179700741104008,0.315346134930406,0.0118806013488702,-0.329383633156955,0.0341009790972091,-0.0607966787372105,-0.158710788735242,0.140970827316989,-0.0284119911432897,-0.0236949070735057,0.123333959489804,-0.0330161917664188,-0.14182678841986,0.192922230441906,0.293081556962949,0.11232049456838
-0.118926787420085,-0.0775478214308139,0.0945219067318214,-0.211810074669888,-0.115363714393613,0.217331481729306,-0.0215020100713639,0.140182543129447,0.145948203186035,-0.0244947177249795,0.0321468259505696,0.239713699301264,0.627776313430041,0,0.802607636382299,-0.105331975318613,0.475365566619427,0.513068368329915,0.763702235609931,0.289551884378867,0.638734485754858,0.4401736419128,0.762107371093139,0.091371099953442,-0.0765268387850012,0.136235608710464,0.382591478948703,-0.130321427006237,0.424835812892756,0.503318334361467,-0.283748186627132,0.00823236582064531,-0.132076114815671,0.528041433827053,0.438286992668131,-0.0164207668891273,0.066039022318059,-0.140575166416057,-0.0356150616844974,0.000516988267713155,0.173806800786987,-0.0216331985705476,0.0937677404431871,0.022771670765817,-0.0700737372611298,-0.0480134286789761,0.569599659764397,0.536647770415389,0.159324477710087,0.0653838645996842,-0.287046338198935,-0.0557324684921965,-0.186369275160473,-0.204351438821536,0.0603004914517499,0.18651801625616,0.0929158329291544,0.190237571998701,-0.169372497588866,0.19582641441054,0.237349639708145,0.533842405725044,0.732924558748737,0.755928030041759,0.750347989583829,0.761008545152503,0.053256054693102,0.71623019360818,0.501965771602068,0.427129046370418,0.626543453790027,0.469436631348588,0.674230623097471,-0.0941004501080104,0.195776970948205,0.00797249959778276,0.441078949146111,0.217497191114823,-0.38836091709702,-0.217195120522141,0.251794600700205,0.123325800178725,-0.0970164828838005,0.268322054357279,0.390358225952368,0.619434735737685,0.0791920921803731,-0.161386323519174,0.0765771824320747,-0.101551032915833,-0.0391283828894958,-0.105260650092291,-0.0226985602341112,-0.171564439654369,-0.00306070631417479,-0.0597517729078592,-0.0232713271032329,0.414505193234237,0.136548278453351,0.024859116073875
-0.0328490889733857,-0.11832173245284,-0.0433897350307033,-0.111799809719412,-0.0736670476001979,-0.000240954556171548,-0.166553481929716,-0.0699719046354663,-0.0241313208313048,-0.142864776591943,-0.0348281482577834,0.190988481680819,0.451187951517006,0.802607636382299,0,-0.301347431149844,0.305929913546151,0.371499423097234,0.633979856273759,0.320128637735938,0.630238863594925,0.323834160884292,0.814637135435388,0.057776156387156,-0.0811842444472633,0.098311148334984,0.379915097674236,0.0483421722591043,0.44720325922369,0.660036860022193,-0.250961405994835,0.13675444663543,-0.0104738972772709,0.396723212346499,0.309286143908516,-0.0446320631127439,0.0222199570188807,-0.189287674991983,-0.108660361585989,-0.0927933841174577,0.0993212039416339,0.0618395748711327,0.04713592935106,0.0237551734829877,-0.0635348185201723,0.064597818044871,0.562410770458216,0.589692230034718,0.0320409870667142,0.031169228867522,-0.150062055976172,-0.175965428813295,-0.134804257198321,-0.0313475286807432,-0.129385937331901,-0.0359106960380423,-0.0498131297769502,0.0008440843067014,-0.238003204142558,0.146174164259231,0.141017192750604,0.397874194702469,0.677923148853038,0.713658756536503,0.772337944399427,0.897160406264278,-0.105230564364581,0.582046356474547,0.480111992124725,0.362474650524316,0.684647557137455,0.361885290371194,0.795258530746128,-0.14761176242324,0.121543951085218,-0.00186417407865079,0.496586343932648,0.437268827540679,-0.325934944607065,-0.0225076775010379,0.296744508964887,0.122421135934076,-0.10907382488395,0.20941414636177,0.410672238614193,0.631237250736485,0.0308147111857893,-0.0398076060498741,0.0658742208441257,-0.11302922321198,-0.00573890934681043,-0.214066750728551,-0.0893862375657289,-0.155332632252528,0.0098829638480136,-0.067631379066612,0.0689115074295144,0.505036450172268,-0.0010265993773757,-0.021994407470214
-0.201632326077798,0.359511159655709,0.107666740728755,0.342494094450103,0.275706372169794,0.328121659083105,0.479035465899124,0.469957315624764,0.280303277085892,0.363743683189146,-0.0274336495114841,-0.0722437661862731,-0.0170993302302552,-0.105331975318613,-0.301347431149844,0,0.0405408005753763,0.157129401400875,-0.0370126262619283,-0.170849415558402,-0.0536224980097155,-0.203117441637568,-0.234137774265673,-0.132217967861111,-0.142180667770856,-0.235633489937222,-0.399725205538025,-0.266981606233204,-0.236817743694142,-0.415692599492027,0.10004312023034,-0.191971228303365,-0.015038830279328,-0.0997493679415401,-0.219464979863049,-0.189708280307718,-0.0259870729967377,0.153349439789026,0.162004999866885,0.333959560299033,-0.235558809333507,-0.238535504981273,-0.281373110763187,-0.117071872447573,-0.0533736858731758,-0.362215151723603,-0.312590900092722,-0.416782460359324,0.0388859587532272,-0.181332657721334,0.0455171544125534,0.456987223619504,0.285450813095025,0.102984612217548,0.433748342797353,0.250607548748826,0.401665363574319,0.31483209159721,0.290696228092338,-0.155195751881142,-0.0511216481086392,0.0407432425950961,-0.0386789723184825,-0.0604067625516152,-0.109702051700043,-0.328716845242561,0.349869849671213,0.00903045661357195,-0.121758742900439,0.0445988127728784,-0.227522048670534,-0.088549055547792,-0.280545364181135,0.249550334720923,0.0636119609146525,-0.210896193734056,-0.230699298494645,-0.415782640283767,0.0859549067908608,-0.157817833585859,-0.243733392661869,-0.297418586668456,-0.229160144328086,-0.206090464041337,-0.307644816294404,-0.282138783109565,0.00516974208253217,-0.213721531224808,-0.162277641789869,-0.0712194536644947,0.0148134166280362,0.177416858134476,0.322566401844641,-0.254822401789735,-0.382240531884201,-0.140241543241115,-0.316806157037432,-0.427513020395504,0.0926617942603434,-0.16548682786847
0.0569367176407587,-0.0594901041078881,0.0819939114687746,-0.322830029985231,-0.164277630559924,0.190764782712933,0.0926846864230832,0.111981980417462,0.0900478750940306,0.0198897417676583,0.0233420788132416,0.402437846933331,0.459433271421963,0.475365566619427,0.305929913546151,0.0405408005753763,0,0.480118841467454,0.551086743226579,0.199200529223443,0.437941118367288,0.521005254497892,0.421627211080843,0.377602262065751,0.0762283312883015,0.245476079479164,0.330925128551793,0.0333967904558824,0.307151445216444,0.275326707339143,-0.23939101324688,-0.19662416073092,-0.159336369825796,0.563548198764714,0.453206645560282,0.064780943710442,0.0226460515935995,-0.188225006298024,0.0216800617956466,0.0363873965235138,0.243184032414253,0.103492802724772,0.213330870553729,0.0188875302801419,0.0761031353630045,0.0890427241656038,0.298583391279737,0.364505858085255,0.1399546776892,0.101623425639721,-0.19380758318725,-0.0468360418854794,-0.145801201209506,-0.30924513423022,0.0553855887644107,0.166515023299243,0.0137576241029613,0.134665440780705,-0.0860549045173095,0.202872879711205,0.330525663443685,0.360327817870969,0.319384601275658,0.317872302161878,0.350107470474895,0.259140015465913,0.0956824921859624,0.456807248425367,0.367647145673369,0.367076733364199,0.384930830321968,0.439010105756525,0.302772005261172,-0.03828405199635,0.432435280068666,0.147039869423863,0.196683502909771,0.193855343940146,-0.315018305376179,-0.268490656627926,0.320704421668821,0.196356153324434,0.0185135883722631,0.24136908698033,0.293165924048396,0.235966719927878,0.038307880254513,0.0578707574776237,0.107042592679337,0.0249968606381749,-0.130297485943075,-0.0450154428290624,0.106181308567967,0.049698603035513,0.120503548683931,-0.0447499028644952,0.103532820599743,0.249899041378191,0.144255741664395,0.0824718485167568
-0.0375318844046038,0.180209302122138,0.0937100595630218,-0.0773272214916599,0.203950584739834,0.307923369927033,0.283274930382787,0.467682981886936,0.403345364421738,-0.19964662916216,-0.0874349016861114,0.0499361583057677,0.439163066689291,0.513068368329915,0.371499423097234,0.157129401400875,0.480118841467454,0,0.590526206265448,0.569657986071776,0.472556872721949,0.253886403220844,0.433765115178319,0.0408795083627174,-0.314486620381993,0.0134596867738541,0.283661457311923,-0.17456126837687,0.316412130375753,0.115180649314589,-0.239263121282028,-0.328827920664435,-0.178480937376365,0.607582870009708,0.373794314748453,0.308532525918326,0.0278570590991999,-0.258166892991151,-0.16997730839791,0.0320151444729883,0.218772555312553,-0.0424203316597621,0.00343105285065599,0.0844879054488593,0.128706523802782,-0.0565392788444011,0.269405974269115,0.392802993786546,0.219617339438091,0.182628483874219,-0.229500796322783,0.172219012798603,-0.0353313866906729,-0.0452918402356511,0.329697132273267,0.246541523666128,0.401292738893753,0.551217552197351,-0.197654323055196,0.0437862069325696,0.0794778860385304,0.376844316674187,0.369827789643387,0.400180709428072,0.436406419340419,0.321564548090723,0.29243356529565,0.42421358157937,0.415040237480935,0.767815355066959,0.54446866295786,0.274346848104803,0.368989595249007,-0.109800496210227,0.0566830898230817,-0.116445794341427,0.308781557553607,0.0215009626746681,-0.28212268266333,-0.357403240827649,0.210399888727898,0.19328121272167,-0.0391896576408805,0.174926422686456,0.257619153453543,0.291666277047816,0.0688261536490986,-0.140814016421986,0.431946713997518,0.0205701039626644,-0.122066492807623,-0.161454498446935,-0.060303933035141,-0.14212351856473,-0.0352213596553209,0.0811340028143142,0.0113478077440205,0.315076107889596,0.249923899228376,0.17618235458391
-0.120868498077276,-0.061694776993689,0.0612714069445721,-0.246549610569138,-0.173750296431307,0.181117938257769,-0.015279142883957,0.144714945795014,0.094315951763051,0.0182002429911223,-0.0224537821502041,0.220938097309682,0.628545971553578,0.763702235609931,0.633979856273759,-0.0370126262619283,0.551086743226579,0.590526206265448,0,0.288403272252624,0.526679272467132,0.547038293958555,0.614600055370941,0.173630782178144,-0.0554681507066984,0.210275749664435,0.372432827296636,-0.17107563428718,0.367189921098211,0.344789337522207,-0.275311332567808,-0.0934319280134116,-0.12877255778506,0.645910606352517,0.556705655262346,-0.0111519347757222,0.0946049688497152,-0.210884964312613,-0.0337791792634057,0.0208247714777283,0.21878273101053,0.0619361515583862,0.215669447092528,0.0381057811084314,0.0629631700999003,-0.0983284427280335,0.484158893825237,0.48526089183892,0.131900630635914,0.133519369581892,-0.282783361676104,-0.0579245848812643,-0.183481462141145,-0.223578373675471,0.0785604834029708,0.182005821422539,0.100679567052223,0.169684635675246,-0.119508652403705,0.105358572493296,0.204780180981205,0.465647240847978,0.583938224589531,0.587721897850864,0.623290537166374,0.578556850911017,0.0499531741373334,0.615868998244858,0.561671772481062,0.498158319245578,0.561518224089612,0.535838100207981,0.515293739234451,-0.0458650529752057,0.195749507732869,-0.0162439269040408,0.389759178211095,0.116081740425544,-0.400779448288796,-0.221999179889724,0.367045761766014,0.197836805188377,0.0154103448489008,0.359227082395133,0.406604064033661,0.54569436574727,0.154662720869054,-0.174194800008824,0.146380618564062,0.0125658558783646,-0.0627188367258651,0.00900953741709815,-0.0106240668476031,-0.0285181245034447,0.0915016075077952,0.00871053534194265,-0.0481820094686732,0.325740653851922,0.110968688023951,0.112870746597699
0.0428174034493825,-0.121235112380535,-0.0780216072986092,-0.166487808675405,0.214552552482155,-0.0423793777502757,0.0162875120271298,0.0787444994591785,0.143888667870657,-0.393100714700999,-0.208979515111896,-0.137987552640585,0.151625324364108,0.289551884378867,0.320128637735938,-0.170849415558402,0.199200529223443,0.569657986071776,0.288403272252624,0,0.41915451320761,0.0570920941032834,0.331241373608367,0.127385695203589,-0.285800345760051,0.00649629501382372,0.456769128685654,0.122935096524271,0.453193259462406,0.127355226103633,-0.311332033561148,-0.15105657551646,-0.0876776543069608,0.509472300510333,0.312923380287914,0.515837022248151,0.283802667347202,-0.3506164442382,-0.269120942876236,-0.0766267312419803,0.415571043174629,0.0123163527188306,0.0222815999197182,0.294072027054108,0.317908941495184,0.183027583218838,0.349807023335716,0.498760529974794,0.19938425467513,0.543077783875847,-0.171655546012593,-0.20631605969939,-0.279386076687179,-0.0990514480120586,-0.0108510137707542,-0.0166428615247381,0.00455943047473766,0.216950546927239,-0.387982388186334,-0.000910794789270379,-0.107812064194361,0.0580134145455181,0.104872524538385,0.123870455375068,0.271227422075084,0.264101228054463,0.136086932077514,0.112417533890797,0.386380476976759,0.606933849433157,0.572090168329188,0.0932397216273309,0.301058253385208,0.0108368440162512,-0.00462129996431859,-0.112557093352697,0.35120771591335,0.144187267009368,-0.357749640245404,-0.154127301513119,0.355665461122627,0.425166775456282,0.132062933463361,0.239288143488551,0.436744545211842,0.336995823250299,0.275427555557402,0.109745099828186,0.692614399563936,0.31630883225375,-0.127443787005905,-0.415578683154932,-0.0584412858131417,-0.085780619966371,0.0385668330175062,0.212268967633062,0.314050786139834,0.456884501073,0.246928992095832,0.514564264799352
-0.0320139136968371,-0.0914542020314382,0.0555737812862331,-0.104686205040139,0.0726120237624204,0.0840116095033475,0.00437647793103903,0.11435717273651,0.00769295918595208,-0.0641654737300719,-0.148151532062447,0.187628164547811,0.27178069804712,0.638734485754858,0.630238863594925,-0.0536224980097155,0.437941118367288,0.472556872721949,0.526679272467132,0.41915451320761,0,0.281036942502032,0.669674853127451,0.127489578378391,-0.0569777029868553,0.158992877664154,0.257830490277203,-0.0257369838103183,0.496102587530387,0.430001106396412,-0.317324680543052,0.082983054735069,-0.0834565787797623,0.446550759347941,0.220111967441087,0.039009546885994,0.0490381948060383,-0.266996484026196,-0.1096391493274,-0.0834456153540695,0.0272953795704587,-0.163199561504646,-0.0535493721360609,-0.111058147849976,-0.0656303526313793,-0.0224101001217925,0.458497111746167,0.383871917835601,0.129457845579077,0.176264919292506,-0.123430650525417,-0.0894824000782268,-0.0427751851070078,-0.025156402492204,0.003614756191474,0.0285938075903493,-0.0388649758618061,0.1208469865674,-0.137966307303568,0.222416478610709,0.227310934928655,0.246769612712247,0.403014887445029,0.404077407107704,0.533602399462634,0.57558574320365,-0.0323090321342846,0.450656210993903,0.55239275378482,0.454032298803386,0.799374367197772,0.372561596687578,0.595096728321975,-0.106464603316604,0.337554515774892,0.127842557762751,0.39211092720381,0.318901112679556,-0.246857093384085,-0.11176615248831,0.366206096877404,0.152673854435972,-0.133859667497351,0.138335315456228,0.342130383127119,0.382520161102238,0.0974712755418337,-0.0189363955265359,0.202693114017034,-0.0579704850393146,0.00896576461546211,-0.278358671457786,0.0528505037793591,-0.275437059355981,-0.0310243423948525,-0.234013405343061,0.0550730704068774,0.321189515469899,0.0890151379440727,0.162780456043118
