0,0.125760817503149,0.138733771448293,0.0872478831466953,-0.0277893961503925,0.0331259650902232,-0.0259138966406494,0.0934815327584155,0.0171385697001227,0.160688745349872,0.0155179050337205,0.0370959220527987,-0.145013467374462,-0.205465380118194,-0.180525466754749,0.265412843870597,-0.0944158271506668,-0.161779318954807,-0.213496526346307,-0.0576699271174869,-0.143122297706366,-0.160887043151495,-0.223029528236093,-0.0735763764459836,0.164310475847396,0.106177335204773,-0.158706737415288,-0.205102205164899,-0.113333006150198,-0.305635579614915,0.249971953244168,0.18268204814085,0.0737440262320358,-0.136822363597008,-0.0884742986043063,-0.0755283759765945,-0.131374945600252,0.0984703253014281,-0.067847347134026,0.00303748550682272,-0.0328890652819401,0.275556995875115,0.107121435003016,0.0975141312045645,0.0868874648335599,-0.239618009644469,-0.277776879539966,-0.171519718912504,0.0572844491141218,-0.0982649445630798,0.503957622313214,0.267467882449966,0.299070167376121,-0.00424452885220732,0.0560771379730525,0.150952674548206,0.12182912680167,0.0373004290046026,0.0965723377567146,-0.0758284022560394,-0.103419523241367,-0.19724953342998,-0.253510745897611,-0.22083303763868,-0.186232729820499,-0.20532445258803,0.169764227200848,-0.274843422077154,-0.227182619961834,-0.0716625235103514,-0.163218953366896,-0.177230879694712,-0.226333349479328,0.0554776436976227,-0.103631177718808,0.0208627143985508,-0.136322119871028,-0.231361451224169,0.138199960751635,0.163066472659927,-0.160785784752135,0.0664613766436824,0.0223382841369745,-0.110614166529871,-0.195252400838699,-0.0647055250955938,-0.0708137099698196,-0.179944524988695,-0.0666028276955552,-0.00841795896651759,0.0863724063210397,0.124713662763761,-0.0840940074806489,0.195802449877599,0.0121081332108749,0.0749940160239735,-0.214714600001706,-0.201390618018272,0.113476254000382,-0.116747319705288
0.125760817503149,0,0.537630013605567,0.677669556305666,0.343035282670057,0.234201099277152,0.564424199082287,0.616555862445706,0.1900454748518,0.0767365659873143,0.261042418569555,0.178329907115459,0.195777972487129,0.0799351951591634,-0.029027732518044,0.395587490104573,0.140157451085137,0.316954070979913,0.0209529311887446,0.119833212375213,-7.85858395436579e-05,-0.0702295946146172,-0.00378127461105613,-0.0315940669437292,-0.00725447698294846,-0.0407474818145266,-0.0502576352358073,-0.246045762298113,-0.0495728751779598,-0.126979666220994,-0.140838270727458,-0.0948275820100081,-0.0443566886871765,0.189549884777005,0.15053239823557,0.233263863262125,0.128199294672186,0.115309915112612,0.323596237682273,0.415274020979275,0.252170468258825,0.0470873306248193,0.105645062215584,0.0714004699685393,0.0233982559724905,0.0588647686843526,0.0517806840884259,0.0276192910553096,0.369253702814333,0.244607378434634,0.0104808665878728,0.793070106844585,0.188298211324057,0.670118372461566,0.328084502359272,0.261316614142508,0.630661840764648,0.503095985747848,0.0870426682174337,0.165301486106824,0.108193227252404,0.108435047183193,-0.0857452808509723,-0.0337997031357612,0.0428259451259096,-0.0495994708397372,0.414577912684769,0.117079079380542,-0.0524711780982397,0.289105824587305,-0.0197643225222598,-0.0263765210110928,-0.0725341581473343,0.361170265588822,-0.045627687288689,-0.0159170823956603,-0.063611399978186,-0.126625100550342,-0.139080407237142,-0.0967528695949026,-0.333644364564505,0.101787836618307,0.00557843583280326,0.0126016124760154,-0.0517031326846157,-0.0643637505622304,0.158332138006491,-0.160405725359393,0.286290164864574,-0.0760056893454931,0.028653983336373,0.11726130494396,0.164666764063922,0.0272888897137281,-0.0427238787732121,0.0890615527001206,0.0641015566520073,-0.0284071272867429,0.282267567667491,0.1969793176678
0.138733771448293,0.537630013605567,0,0.300049762203133,0.274725739578386,0.577602357853678,0.284658708267769,0.456107813047467,0.338644647079487,0.0293065525451595,0.255890419425592,0.340822663773759,0.204224713952926,0.0904364401011428,0.016389209302277,0.175335253933986,0.152469705168617,0.23051431955195,0.10505949003514,0.184792898333802,0.0580884213148097,0.0042012936974352,0.0148781278759534,0.171601545885784,0.0814493600863585,0.192789079177896,0.158775187205536,-0.0419591071581227,0.173324827228405,-0.144220816607456,-0.204367397755082,-0.438545375131619,-0.372495335902652,0.236572882514284,0.199703071334511,0.33016097052575,0.277958474879795,-0.242062491406269,-0.0888190421207104,0.227570243213211,0.292345164555973,0.234374126519591,0.176609382821396,0.147465584432176,0.0359125262334964,0.107918018871648,0.0928359563149164,0.0437532546475943,0.448667743670069,0.27286856181464,-0.155557123397886,0.625594619980103,-0.00166691196781133,0.288471741247802,0.579545314173733,0.679592046116446,0.414443513812907,0.485191805468202,0.0628960534610125,0.30087862437534,0.331988174701147,0.0968106595907831,0.00938689561457451,-0.0499518891633964,0.03659666902657,-0.0595337674350934,0.291748543831693,0.103742705536459,0.0321255855652842,0.209194527999338,0.0156373199378606,0.0756265315577268,-0.0335366217869691,0.372049753807242,0.126116497413193,0.290872989869207,0.189855584456346,-0.0518953776053447,-0.270320299159304,-0.351505441519414,-0.162175484562265,0.091887340436695,0.052207158503004,0.114770328291094,0.174177256591555,-0.00232432744483517,0.331766520887209,0.0248278253576349,0.358088882490972,0.106839165456954,-0.16734545755804,-0.0338590348472241,-0.00190357543391038,0.0928895424985071,0.0855364214876282,0.107628722360948,0.123509079262926,-0.00845659048054857,0.437443842861028,0.282932629307912
0.0872478831466953,0.677669556305666,0.300049762203133,0,0.535676994878926,0.226335919761022,0.441175623149922,0.602610625401691,0.262686375156635,0.0877206926287951,0.236782374839148,0.0932217018045856,0.124848577838964,0.176151296281697,0.153978412410325,0.182008988958455,0.0458882599969772,0.251855808385031,0.0746880909386457,0.335058276461265,0.12992834012995,-0.205495706569639,0.0388680276667851,-0.169557661070602,-0.221501156253989,-0.13463723203917,0.0584578173423464,-0.0980425865754817,0.144258283176614,-0.109110123601501,-0.157278088109322,0.00717899419898254,0.0160899650630295,0.177015837436823,0.151730944228138,0.203238897853524,0.257458677603766,0.199651597368655,0.444643314547645,0.329539740982397,0.3090626827237,-0.0918810958250459,-0.101741313953473,0.249276420455891,0.0677009526613229,0.136536215142801,0.100504914939068,0.0863850207215672,0.385598895695839,0.379903962239446,-0.114307427799985,0.587529197428031,0.347708875060243,0.790609781139065,0.225408029107373,0.134836810221572,0.523964638054214,0.515196481471077,-0.0970372476146332,0.212432534516816,0.0226182708036182,0.0435735298295644,0.0373925184087264,0.0642887301729765,0.155113489314782,0.0688934223998786,0.417135957323852,0.100473489485853,-0.0322409802292109,0.259330360166478,0.107761632182427,-0.065930867947835,-0.00958993242346641,0.413959540903793,0.0246950685294797,-0.198922449211325,0.0828244891916695,-0.0475255769798197,-0.192748865245334,-0.10371242080879,-0.293533078795974,0.250650124662075,0.028545707468027,0.0335605501038144,0.0388376630183055,0.0933028871599849,0.269115074809317,-0.0371171019736211,0.284024469977292,-0.0773567504917063,0.0133649646012931,-0.09316065518428,0.22878522404384,-0.162729435404615,-0.284177857912573,0.213307932019008,0.138482287310797,0.0694174406790485,0.258883576484986,0.292987925936414
-0.0277893961503925,0.343035282670057,0.274725739578386,0.535676994878926,0,0.574888419385088,0.0743293707422554,0.288530342202096,0.449232899017117,0.0736808839037683,0.149413639819497,0.0210324274113127,0.020928050798554,0.0621560745139698,0.213988679739425,-0.0454119226774753,-0.112181943848324,-0.0966704414798623,-0.040259704260784,0.370015067495146,0.109562667121625,-0.326088097220848,-0.0761088209574022,-0.116707227817462,-0.200681504611812,-0.154267348849656,0.169664773541876,0.118634321559545,0.353112514636254,-0.184740866380222,-0.169045470873939,-0.0536880942246845,-0.0961130241845947,-0.00869170663048397,0.0308167629275426,0.195355874142709,0.329741080162251,-0.0429686486625435,0.1998033766226,0.0274332577741555,0.152700136369364,-0.232037257123164,-0.297752295605772,0.17887427214154,-0.0057509740211802,0.0162089838771508,-0.0298788973610033,-0.0845499549739568,0.438430793745878,0.312025041249535,-0.205717068013321,0.2301693939617,0.254628075104231,0.425459050183421,0.590120139775366,0.336979758399917,0.0358609744247553,0.384742497090662,-0.0852257832927518,0.232472490544467,-0.058342717351045,-0.118346701210574,0.0358529499700123,-0.0940430550706048,0.038328531877375,0.0202627996565697,0.269371287202615,-0.069375645108474,-0.0916687127846468,-0.00190359628178882,0.0344561496318311,-0.122342754141838,-0.096149317888491,0.302806731170286,0.292071757669076,-0.150066619245433,0.244831624340991,-0.0368428201770194,-0.14860685493244,-0.144725637299371,-0.0848121003904698,0.283638480186595,-0.0372336996727283,0.0435583332300238,0.205516304749432,0.0254992788427464,0.429097017466381,0.0357236381310783,0.24488532338769,0.0654899106077766,-0.0393613856981077,-0.244160712879592,0.253179642512844,-0.264234533641968,-0.357022761411058,0.156839485955994,0.0508342524831935,-0.0722227581703598,0.343193303365803,0.290347846207726
0.0331259650902232,0.234201099277152,0.577602357853678,0.226335919761022,0.574888419385088,0,0.0732847197321175,0.287496859375813,0.628407151775217,0.170504433792198,0.191582887728708,0.168011037753971,-0.0702969310600803,-0.0914407638020878,0.0410288217016593,0.0365702710561499,-0.144749747169337,-0.155874313251436,-0.151439386516404,0.255056204431164,-0.010502069011421,-0.280317937915682,-0.208884221504548,-0.00626464231930294,-0.0215271125009265,-0.0531825278358551,0.119543582695165,0.0466517609106601,0.281848489086507,-0.316933045144816,-0.0830291161629787,-0.302668118822767,-0.28004365570791,-0.0889739955003277,-0.0792453951030466,0.272596145017507,0.244808604482336,-0.30614402510287,-0.0726435939883978,0.0436200111842899,0.0653186523464509,-0.111218274864272,-0.146338236023007,0.160797449246153,0.0743451912339645,-0.13371586343379,-0.163990528881914,-0.193199048766245,0.593370509814558,0.210484028822803,-0.233873132542353,0.313548633446238,0.151394171139156,0.0952561345279773,0.781007072650577,0.766130457072333,0.0947359923067253,0.468273282622815,0.0613025386972674,0.27478104264773,0.0703816678442152,-0.169537744632342,-0.0592231288891864,-0.227212627323017,-0.11543912115979,-0.160585431739816,0.283909836114758,-0.138909520574579,-0.148679428927949,-0.0255316287689935,-0.0657290974719348,-0.158067542718234,-0.208663249279562,0.391441017101879,0.388286449670672,0.0593416366617302,0.221874630213611,-0.1730486823988,-0.111929991792319,-0.326728220237149,-0.0627604281150219,0.188071613006955,0.0816931052785428,0.00608736766901862,0.156347827890545,-0.0950141071620411,0.325925264817732,-0.0588171823919713,0.276065919476398,0.125714317285826,-0.146746439391258,-0.138746411646094,0.174460358890609,-0.139908842740038,-0.164017239030606,0.0802018440995428,-0.0883869006618066,-0.195905548876915,0.526976917389735,0.247761160809325
-0.0259138966406494,0.564424199082287,0.284658708267769,0.441175623149922,0.0743293707422554,0.0732847197321175,0,0.577500544856967,0.208703943905105,0.23938254692099,0.33473381885577,0.273153668818274,0.158880693419698,0.0734808864553846,-0.0154487349885623,0.357808060755624,0.0576080995073182,0.380944216871119,0.0630573376501029,0.0232944408378691,-0.0302444850596483,-0.0446514007293618,0.0235098071668809,0.0422897740023873,0.131156676346567,-0.0262236171045346,-0.127143498171586,-0.188842231531603,-0.156723115824547,-0.0259407616755979,-0.0321056883265441,-0.0286643222578528,0.0744249995309711,0.0723841222510606,-0.0472283586586992,0.266267677762637,-0.026939781053449,0.223964580007193,0.382822633744375,0.56366002547136,0.268324878210077,0.047806145466774,0.0745753270905366,0.0965514835836542,0.0337758067652525,0.0403044903715089,0.00595317773124279,0.0209906379150395,0.300226169200998,0.14988513231864,0.0147446083118556,0.536047123822695,0.249819245366039,0.459101764204314,0.192586772879907,0.0968695608882416,0.565408807507308,0.432789811614326,0.175674812665698,0.136865519962005,0.153109817920097,0.136956422351612,-0.0576859562917874,-0.00684292103405787,0.0244920874620967,-0.0109498559646133,0.478515791174481,0.12484991396466,-0.0790125495949279,0.237585111117079,-0.0137252986203505,-0.122845910487152,-0.0577304775408628,0.401164882775726,-0.0175136259697294,-0.0432681771374792,-0.120979331536245,-0.0547844219745066,-0.0544438706585998,-0.101428683033008,-0.309852724139626,-0.102829751731816,0.00835203741523416,-0.176057804648366,-0.183261101189465,-0.167832166833739,-0.0707412163875557,-0.175671040244952,0.236052206576476,-0.147047097026922,-0.0107391023095632,0.283355207866843,0.265810660136382,0.0965841112805504,-0.0653084703931705,0.0918941071822513,0.015990692719893,-0.103801715819018,0.191422124025307,0.0844616538512129
0.0934815327584155,0.616555862445706,0.456107813047467,0.602610625401691,0.288530342202096,0.287496859375813,0.577500544856967,0,0.497944679587909,0.20056382908499,0.223360600962376,0.139767283716381,0.0996995853298502,0.101965783279938,0.0358217113782892,0.212466219428106,0.0767303247212301,0.43322890959256,-0.0179520135061283,0.230482227934937,0.0285576485111183,-0.107150588551874,0.0222796931939574,-0.12748944341306,-0.13909247780264,-0.155259130491613,-0.105191162761986,-0.191098784437507,-0.0798453152546682,-0.0713534256031963,-0.0876401685703029,-0.112156729820188,-0.0313157069284419,0.149864392163173,0.049716588500069,0.377655783558774,0.0337971396274901,0.107771625541221,0.28507000940129,0.402384674622428,0.254604629636933,0.0359738711820597,-0.0694211771717965,0.113493269732627,0.0843688388175457,0.023590693882043,0.0220110194354676,0.0726081930387311,0.332044438450715,0.199287770327948,-0.0286867339192051,0.676835481366207,0.230878093814055,0.489472553874118,0.362666766855555,0.302827456237688,0.779568353036499,0.797263337939699,0.112133232092642,0.131981782994622,0.00861516508765785,0.0463664527475634,-0.000230446100992791,0.0245234125932834,0.0540615031064319,0.0122159192047174,0.489090108315684,0.10918474778311,-0.0657557498060048,0.441661219847701,0.0461465438242337,-0.168101247312448,-0.0369597893766698,0.369324522700188,-0.021153348324013,-0.206495686411969,-0.0533825166172449,-0.0653901228121542,-0.148980504431753,-0.122571675594882,-0.374205049706081,0.0320436035989634,0.0233415797956709,-0.118680746281168,-0.128843459365623,-0.0603965267019608,0.0761847137198913,-0.154352230522439,0.445057141054706,-0.148441641826272,-0.0519802323276447,0.0327872997650176,0.154470151027957,-0.0421751796055104,-0.267243720193201,0.0485065706117739,0.0012187895720638,-0.0219717414537573,0.20006740350816,0.0986454588832945
0.0171385697001227,0.1900454748518,0.338644647079487,0.262686375156635,0.449232899017117,0.628407151775217,0.208703943905105,0.497944679587909,0,0.19197248232622,0.135581986955444,0.102368924256466,-0.137222329803291,-0.0914946115717895,0.0120363321585237,0.171642078367005,-0.153634936278669,0.0663463793526446,-0.202639966374186,0.240528885236339,-0.0372008200429043,-0.278439587527982,-0.220932973567458,-0.0591574546652468,-0.116579609497801,-0.152948690310832,-0.0736296326431594,-0.0560828311509758,0.0998850104057891,-0.292507242218883,-0.0522278768340458,-0.247210145774795,-0.179210305559553,-0.0386599840904307,-0.199524776504512,0.454470948654923,0.0606834491373623,-0.207551342995119,0.0293412399801001,0.100893801649939,0.0983372660772408,-0.126940622848783,-0.282191451029371,0.0878764124928896,0.110699643794022,-0.21124670214012,-0.208433612935808,-0.202411992482386,0.390582357084439,0.133230396283484,-0.0805219783138154,0.263137823804833,0.302856522151975,0.0878272285856836,0.580867890133654,0.527358561153041,0.218719120396349,0.682239192504817,0.0779347327152129,0.171263298965795,-0.0285967218917273,-0.197693183579563,-0.0476830160507478,-0.169079602342049,-0.0973635281249243,-0.118896470748113,0.345110259975554,-0.17709826139123,-0.160468498726182,0.182846629568324,-0.0580281593895238,-0.302724388351089,-0.217088034253463,0.296989104647601,0.289014900493404,-0.122056638344383,0.0753986771741526,-0.200318008421501,-0.0610734450767734,-0.252600803194439,-0.127050675514548,0.110673597892757,0.116565863260433,-0.118549883234243,-0.0286623280249104,-0.165594367435157,0.112230977357568,-0.146073899224785,0.382844267974642,0.0656612658339317,-0.142863780893038,-0.137323410133563,0.0908077947772743,-0.155125380296867,-0.302760891470065,-0.0207025390083505,-0.189287897289263,-0.254492477118661,0.304012377684283,0.108613707341442
0.160688745349872,0.0767365659873143,0.0293065525451595,0.0877206926287951,0.0736808839037683,0.170504433792198,0.23938254692099,0.20056382908499,0.19197248232622,0,0.18930507310309,0.282892511137985,-0.101163742742276,-0.33196208116104,-0.243733327946097,0.25526503778148,-0.0703880294203169,-0.140958291108088,-0.317288743573242,-0.118324735371324,-0.304295239577686,-0.11451118471362,-0.378477919927041,-0.0637259671912141,0.459738142952389,-0.00151492298103835,-0.17600087787289,-0.0559761606605477,-0.156193588230694,-0.313241988359469,0.131072140234402,-0.109175470459578,-0.00904726219203347,-0.196191153831338,-0.200767330647081,-0.00200620100016045,-0.195045345001852,0.0015621302496064,0.0772112222636897,0.38829218301165,-0.0832725967331231,0.262645583502364,0.031908262335442,-0.0205949935235363,-0.050563104264025,-0.272570614811204,-0.272603537354303,-0.137209015032842,0.0901324441214822,-0.210102315249903,0.207472190517789,0.112185167450355,0.164145158779365,-0.0850745585084889,0.0727618886360058,0.180216280105344,0.107427665268051,0.110490645719005,0.649360141246839,-0.126540787808425,-0.13558297015462,-0.184997422880888,-0.287350213435019,-0.392651809078831,-0.370117075836479,-0.370934740357738,0.270073444940907,-0.239427731220111,-0.347065901614005,-0.00314269170045514,-0.317327041573614,-0.293676742513248,-0.423151799952326,0.467424574319574,0.218362001954441,0.092095730501028,-0.175653376992289,-0.30986382913006,0.147918798687076,-0.118838838253542,-0.162226095906675,-0.0186987659378738,0.0509005085175133,-0.217777760432595,-0.144708876176982,-0.38541469087289,-0.107518815497308,-0.207865580568326,-0.0638127838086495,-0.057847468663684,0.0877485950889123,0.344834982116674,0.363805146703133,0.259994096460146,0.0180045744449256,0.0445435470773428,-0.232297289157617,-0.315657054503857,0.0321292094037629,-0.220764895909516
0.0155179050337205,0.261042418569555,0.255890419425592,0.236782374839148,0.149413639819497,0.191582887728708,0.33473381885577,0.223360600962376,0.135581986955444,0.18930507310309,0,0.680005150404567,0.453526967463327,0.0264474103162861,0.0386671592320442,0.200535411904137,0.328245034592158,0.246530155562185,0.0760518414469093,0.0430795539303601,-0.0351949726275943,0.178115610092329,-0.040329001901988,0.47331262429335,0.264045600947812,0.499653439292178,0.164940658729778,0.0401360417820097,0.029159051830336,-0.115234701588962,-0.105979233984885,-0.0580633958725186,-0.130088427398688,0.24893473643371,0.201633708668847,0.328625897889526,0.221251000774676,-0.0451490430175868,0.168922831535727,0.257073273791284,0.362832684660407,0.0525310038856024,0.288269450128683,0.184142709043338,-0.00603331003452752,0.0590860085246022,-0.0495840278731008,-0.0554713401013515,0.42593119573195,0.281505894720709,-0.0426945998009264,0.26142010657488,0.105780071161763,0.215061968758646,0.146820397578551,0.220492495575171,0.168066165158142,0.225414260503417,0.258208936269038,0.651611186124983,0.543745918715863,0.324779631442598,-0.0848186791367391,-0.132134437700991,-0.0449387152730874,-0.0612549511305051,0.180235611308552,0.164862893211437,-0.0169749841658203,0.114368522391701,-0.112178074001625,0.11865571428479,-0.0642629145617638,0.384139286866598,0.443501890423622,0.416469233566086,0.0199624346303413,-0.0505563575409465,-0.16286237092418,-0.203320828308983,-0.250111459284782,0.0671638172361651,0.0149010953842649,0.0466871650035204,0.0828490749334609,-0.217153237987684,0.135312509242155,-0.0220809231971993,0.258538712728914,0.150847887007455,-0.0406402380074799,0.178170811537743,0.0882774166381176,-0.0321700260427563,0.219505751521324,0.157409543348435,0.0812772801593661,-0.0854432424579126,0.447146141678979,0.339924519180379
0.0370959220527987,0.178329907115459,0.340822663773759,0.0932217018045856,0.0210324274113127,0.168011037753971,0.273153668818274,0.139767283716381,0.102368924256466,0.282892511137985,0.680005150404567,0,0.389903335928749,-0.0664281251026558,-0.0463399645059502,0.283176719332513,0.358766086079268,0.152462523610869,0.0442980139003344,-0.111529462924982,-0.155231814832094,0.277716711251626,-0.106189103470091,0.556911859607296,0.379610870129613,0.655164544742411,0.156306494098256,0.0681142613374063,-0.0132706452991892,-0.123642823694118,-0.140931948550583,-0.252745775051961,-0.248896709597153,0.211202740028858,0.20636315933361,0.290910404481372,0.137516388982919,-0.239124735852716,-0.0911902071273438,0.28001323292605,0.264219601154053,0.313405551380273,0.437610952894906,0.098112050527239,-0.0756089403796611,0.00620544920028932,-0.0540307766969552,-0.0423419506978178,0.226794889538937,0.0965394439560263,-0.0242691063991242,0.197366760798792,0.0472428152043642,0.0626721643015923,0.151884732699363,0.286889731046598,0.129163924082489,0.160083443569166,0.33015799919887,0.550778903586072,0.648584334257353,0.270427305252974,-0.128374470723106,-0.206164166134248,-0.149569276515127,-0.148392059426092,0.117404005424361,0.0669097429579479,-0.0494021169974586,0.0610254865249433,-0.227767656372907,0.13930549746808,-0.152035825530924,0.447558473903501,0.463986270189923,0.650734466368011,0.00607803140610716,-0.081597023419767,-0.214934597376497,-0.317730399875653,-0.108497197916868,-0.00605820078565656,0.0632043404375443,0.116420259523749,0.129538595753448,-0.263355285809171,0.0911055658814879,-0.0049760204564083,0.161228902293953,0.229043772792854,-0.113755191234513,0.18127865072068,-0.0275696285642527,0.188483029768506,0.429733580254359,0.0666970882221982,0.0290493039104896,-0.15588603372614,0.329879051634305,0.173659806539901
-0.145013467374462,0.195777972487129,0.204224713952926,0.124848577838964,0.020928050798554,-0.0702969310600803,0.158880693419698,0.0996995853298502,-0.137222329803291,-0.101163742742276,0.453526967463327,0.389903335928749,0,0.519232265836202,0.35199512601376,-0.0856392337831785,0.602792908370394,0.519428199535556,0.595674252255683,0.243592963900031,0.280867264427641,0.496041832915306,0.466799023862673,0.470853965568524,0.0361295319982458,0.464933799657577,0.437646454075555,0.301148200117003,0.29575496586762,0.324668803793377,-0.423133193443582,-0.0397094277581778,-0.117079518773352,0.601527438925771,0.546506887375971,0.16904035110376,0.403248303565572,-0.0223011726283585,0.0201726837940703,0.170602139587017,0.398407696708192,0.164068332773725,0.282121846776178,-0.126909149894404,-0.259057207750812,0.461139097142615,0.537573173196281,0.311245467155135,0.145497710208891,0.350887557602489,-0.206012004992608,0.134664351117306,-0.151442908754692,0.244163658961091,-0.0701483805371297,0.00636180686986526,0.134394291448185,0.0491585537812188,0.0289788548087452,0.425682436520779,0.498458937789154,0.766913555036362,0.487023993542748,0.382019051885472,0.395605310952506,0.359874356147345,0.0219881531408763,0.597090062645673,0.51391833132347,0.360849864756408,0.29990510472443,0.580046628071728,0.393921094013809,0.199363748623738,0.13338766976072,0.402996499377014,0.367312583378402,0.410263070677112,-0.385311036875355,-0.149057310422506,-0.0608435455227279,0.0675287340393731,-0.187730445222328,0.360861501023677,0.442357064808454,0.220341581320508,0.357658321771037,0.295200137826195,0.26031907236534,0.0261056683440823,-0.0565140726743359,0.00673527427835066,-0.129156403152717,-0.0223726671644957,0.40612422836911,-0.0510688848690166,0.450127876440205,0.395298616972524,0.235068765730675,0.343592249054142
-0.205465380118194,0.0799351951591634,0.0904364401011428,0.176151296281697,0.0621560745139698,-0.0914407638020878,0.0734808864553846,0.101965783279938,-0.0914946115717895,-0.33196208116104,0.0264474103162861,-0.0664281251026558,0.519232265836202,0,0.781500887908311,-0.415490564929827,0.266886843087331,0.496986598705282,0.765330666803271,0.443293417939481,0.815640736725003,0.190010997594234,0.810363131544367,0.0947761395758825,-0.341577815968581,0.00809149182673923,0.388867068105364,0.261716884579454,0.563955098230159,0.548312354671407,-0.45289002982078,0.0772196878272462,0.0202984518463989,0.464289648703819,0.306492659717428,0.0507701049211039,0.416296253189849,0.121337437590216,0.0386762167614431,-0.0148958422012604,0.203095971886713,-0.0773652816804328,-0.132929033446051,-0.136747222422058,-0.210336989201499,0.562020292733598,0.668741531510909,0.301618987166359,-0.00856537721034798,0.272698030869233,-0.382662662195735,0.0121205940384778,-0.093816274640084,0.340610434974127,-0.06658170685658,-0.104469218027807,0.101836939350155,0.0356540834119359,-0.35066075282374,0.174326026405386,0.222504868685464,0.414348463125059,0.767646726791493,0.824351612854919,0.860871430869697,0.827388835660345,-0.0679451870472233,0.535736233734594,0.633430432418327,0.261106656611613,0.802078756813307,0.476730965954626,0.810644103732361,0.0662078303966542,-0.107476680293729,-0.0271327408565009,0.613369173651209,0.677265744127469,-0.404008564017148,-0.0173298215025911,0.00604169839237264,-0.0743467482487108,-0.17313959054725,0.295446341131473,0.425846529888491,0.641219879348378,0.456428991028941,0.348536624279652,0.166219354224452,-0.185270163901397,-0.0530861953187255,-0.340548322281958,-0.127108822489424,-0.237339466281547,-0.0217667992566228,-0.10268003516437,0.538651104120285,0.554973120139883,0.0164355055887191,0.241363262986949
-0.180525466754749,-0.029027732518044,0.016389209302277,0.153978412410325,0.213988679739425,0.0410288217016593,-0.0154487349885623,0.0358217113782892,0.0120363321585237,-0.243733327946097,0.0386671592320442,-0.0463399645059502,0.35199512601376,0.781500887908311,0,-0.443684724737564,0.0828604959716062,0.324823074945693,0.620725741545649,0.480873621779589,0.792133016272414,-0.0258233347330511,0.702858923898873,0.0200738944304347,-0.341303537994362,-0.059699142611852,0.388628280957768,0.399449349241356,0.620812709483386,0.535849601729259,-0.399158996098224,0.0936109618156966,0.0476953415461717,0.280954675889492,0.127144852722872,0.0846763455877302,0.398966768943312,0.0817697739302154,0.00942987202740428,-0.121095635108931,0.0769768651866142,-0.209244329418949,-0.335501094791285,-0.0725955291514071,-0.163955290622666,0.451672829463883,0.48631370979717,0.233679023717301,-0.0157171592439489,0.175543178086292,-0.384057234399859,-0.120286918924689,0.00616934590290368,0.230428984328168,0.0326737715425399,-0.0682704579158549,-0.0618421563064277,0.0124722194947916,-0.362623055698813,0.214505471787559,0.160072058439871,0.248578988455461,0.683763891581237,0.684555837813491,0.751371816763113,0.865263595482481,-0.105398561171368,0.373610874909149,0.511317188150644,0.150563640814327,0.761250675694371,0.285776839258364,0.73313549503835,0.125299691774527,0.115248226849471,-0.0616920111363785,0.665781255970315,0.735994641944457,-0.352442261165622,-0.0209631335011039,0.107413382644319,-0.0311098148106244,-0.139749644937014,0.215036439898852,0.424992868784408,0.511253028379701,0.488419471726272,0.362330567602371,0.160127903974324,-0.177249391207204,-0.119443966921303,-0.417588368929066,-0.052228630925716,-0.33083473155757,-0.194902873681952,-0.0717011004619023,0.458229296069418,0.422528149839535,-0.00696003729130703,0.167800460460165
0.265412843870597,0.395587490104573,0.175335253933986,0.182008988958455,-0.0454119226774753,0.0365702710561499,0.357808060755624,0.212466219428106,0.171642078367005,0.25526503778148,0.200535411904137,0.283176719332513,-0.0856392337831785,-0.415490564929827,-0.443684724737564,0,0.00707600019976969,0.0190680433315106,-0.322599140650212,-0.177498097328472,-0.438756094076456,0.00640182649811591,-0.470836096591292,0.0737812860709832,0.276537322064364,0.133584430880582,-0.315955651931707,-0.314334356147011,-0.363645263453307,-0.439121328602696,0.114714466734684,-0.216843605530405,-0.152651618604698,-0.0686318392643005,-0.0941966706745529,0.15197554204233,-0.202778693987187,-0.133660950523408,0.153856561657375,0.357103270544195,0.0550468058799102,0.284887177933022,0.272542475244362,-0.0452090089825768,0.00834620359074179,-0.339447346353512,-0.37528777271432,-0.209113964863379,0.0909427806344327,-0.057286943398713,0.41814694869102,0.433729108738333,0.365618488111216,0.033156898616057,0.0940108013919603,0.135214775313744,0.274009288817906,0.233191085059965,0.326561879989907,0.0726810687267289,0.044394578323472,-0.0820782132481192,-0.427347646897997,-0.411090006345845,-0.406341463931236,-0.464325477283322,0.320669937684553,-0.213700891873609,-0.288600725900135,0.119067256522711,-0.413893825133521,-0.130012192048831,-0.486796071910528,0.236692927979464,0.0923083455812378,0.142415017654166,-0.365112508634203,-0.502697000743037,0.0984560105430019,-0.198747774920995,-0.161316305480084,0.0329492995878662,0.123809625551171,-0.0779646183982021,-0.277382440138566,-0.377032976280753,-0.254304897902113,-0.349214896863186,0.0425795825135867,0.116981362656709,0.0490287963521094,0.369727982311116,0.106988998428412,0.289525175415951,0.164433327715847,-0.0193790575058554,-0.318030097991571,-0.411979879376841,0.0963838516402885,-0.0912655544060207
-0.0944158271506668,0.140157451085137,0.152469705168617,0.0458882599969772,-0.112181943848324,-0.144749747169337,0.0576080995073182,0.0767303247212301,-0.153634936278669,-0.0703880294203169,0.328245034592158,0.358766086079268,0.602792908370394,0.266886843087331,0.0828604959716062,0.00707600019976969,0,0.493531042326594,0.44048013607215,0.12809424213066,0.0839127557012314,0.681887933416519,0.323676843275723,0.551685425993475,0.0151413172294929,0.477724489633163,0.428697264360505,0.23231386148962,0.100711202613896,0.252429714506868,-0.311973815997185,-0.139907550768025,-0.219296390423902,0.743142648179062,0.684765770378918,0.17488208873109,0.36003027438824,-0.164821058128237,-0.039338650203858,0.115681180875678,0.390205291016466,0.189575953828461,0.436927928468617,-0.0240432164795711,-0.1208231926283,0.428357463105736,0.425703717564866,0.383554314399747,0.0925219275880851,0.327489781388909,-0.22596683406208,0.0913461008767495,-0.242157092080149,0.106572959450016,-0.123180584825555,0.0530133423895593,0.14530896123306,0.0228619622091975,0.0754450522765896,0.273328155753759,0.374473182064755,0.545189439294191,0.251703514212029,0.202098419404954,0.185916046120412,0.135983683041207,-0.0865800282488353,0.566142629984831,0.474241575631453,0.432866126754363,0.135651292898761,0.564677578503168,0.288849287463525,0.044185815842643,0.118078411002372,0.357416554365945,0.12380632182121,0.233625501268284,-0.305954339131037,-0.204532781041409,0.0870281393237988,0.190765369142031,-0.0789022508349231,0.365780701261177,0.393788069472135,0.111283713548014,0.242207741482047,0.278807775381095,0.291002877867928,0.233550009101315,-0.108749309020571,0.00753524606082998,-0.147409044838848,-0.0189663076931507,0.452927666086722,-0.0092331315104322,0.409552349976014,0.391027577572404,0.184233960791871,0.305812857121298
-0.161779318954807,0.316954070979913,0.23051431955195,0.251855808385031,-0.0966704414798623,-0.155874313251436,0.380944216871119,0.43322890959256,0.0663463793526446,-0.140958291108088,0.246530155562185,0.152462523610869,0.519428199535556,0.496986598705282,0.324823074945693,0.0190680433315106,0.493531042326594,0,0.575781017159094,0.398689490971857,0.365669754167194,0.32193993416266,0.482198279016608,0.27961116573623,-0.196518970606035,0.113914800355593,0.200907629031405,0.0397395939182874,0.128732748782647,0.376519343775394,-0.320233995486457,-0.170145957706287,-0.103650095692241,0.660789487169428,0.331155107505366,0.444702277378397,0.234766467748929,0.0224007041768356,0.127048028429238,0.211994996219278,0.42412144708983,0.0659604712122229,0.0728906994327504,-0.0712206858137176,-0.0895661416250857,0.365380994460655,0.432178915470011,0.336604095736744,0.0818471971976768,0.36441883293758,-0.22001150684636,0.303689514620671,-0.0745828083228687,0.328256334307081,-0.0632546924383244,-0.0124831682891587,0.459562387082491,0.355972778693151,-0.0532775792112431,0.199997600330308,0.316106171184374,0.547272586184293,0.441147053842278,0.467119349486468,0.452249106053787,0.420847300671343,0.178952020008209,0.619554495086418,0.58559285276344,0.729669423950653,0.483899555113167,0.310302396657258,0.435414169692581,0.131405726622662,-0.0428951554303126,0.0685041982761114,0.250560978881242,0.392120163517109,-0.295792701833518,-0.218849430487676,-0.0450509650461881,0.0294736828462227,-0.099405918894372,0.131919770313948,0.179395344124214,0.188936396425186,0.189652550672429,0.124500358987205,0.553095514156565,-0.0588258466359917,-0.128075937368275,-0.0723973304758618,-0.147841198176614,-0.0668837090915647,0.0769343782732078,-0.0721543246294839,0.336020686583024,0.353368469722248,0.107414922930303,0.285880029121078
-0.213496526346307,0.0209529311887446,0.10505949003514,0.0746880909386457,-0.040259704260784,-0.151439386516404,0.0630573376501029,-0.0179520135061283,-0.202639966374186,-0.317288743573242,0.0760518414469093,0.0442980139003344,0.595674252255683,0.765330666803271,0.620725741545649,-0.322599140650212,0.44048013607215,0.575781017159094,0,0.40099732100094,0.672782353849064,0.339285855704193,0.68252532109148,0.289139371258214,-0.202004720313028,0.168973092210922,0.482572049154144,0.316456912393369,0.576037308300354,0.470239930162873,-0.400991378656129,0.00329243818965391,-0.0317815117479119,0.596299501463188,0.442061207410675,0.0798371785399284,0.529656967171209,-0.00588102150093046,-0.0863627465066156,-0.049092162713406,0.246170919490268,-0.0170813903288784,0.0527483616069213,-0.134670639825263,-0.178611252932754,0.542476256073213,0.629482362063153,0.314490489089556,-0.0184171932927753,0.321945155856411,-0.366251303729487,-0.0460986548331157,-0.134641524048583,0.212343635442158,-0.147431302745443,-0.101159833595487,0.0170281228261306,-0.0655661778296335,-0.301271156477334,0.169160272659625,0.306307610775256,0.506675515283614,0.698957509578284,0.708495036829945,0.736921754357823,0.67536306321317,-0.189080018587642,0.676422668339719,0.754622250177569,0.300197886944384,0.705160621332027,0.593065576481233,0.693943382565427,0.0148335278317425,-0.0191614671984421,0.152969199537652,0.645222016461799,0.598292027291996,-0.377309352612881,-0.0763354121504819,0.0894411862424488,-0.0749421469769277,-0.14015561330349,0.342704034022058,0.486414404266812,0.506777894370345,0.473533080436709,0.34587665256329,0.177256743450486,-0.14448136090875,-0.113150219574675,-0.301530206481582,-0.177846147650329,-0.1996301923444,0.159676014302654,-0.0949441945449154,0.514530112405341,0.495113399751908,0.052289269870561,0.295734896763012
-0.0576699271174869,0.119833212375213,0.184792898333802,0.335058276461265,0.370015067495146,0.255056204431164,0.0232944408378691,0.230482227934937,0.240528885236339,-0.118324735371324,0.0430795539303601,-0.111529462924982,0.243592963900031,0.443293417939481,0.480873621779589,-0.177498097328472,0.12809424213066,0.398689490971857,0.40099732100094,0,0.45259553478754,-0.141803754741113,0.327743338334957,0.00359920889927251,-0.386635482426875,-0.126460647030444,0.348338980205483,0.258557839728789,0.542669820656738,0.104887643151955,-0.369800598262023,-0.146085213389475,-0.133501835265467,0.388698585336675,0.176357022557807,0.34833639643151,0.429796411669442,-0.118906331990906,0.0405467878837126,-0.0832580309955926,0.337323431926742,-0.194545281427092,-0.340245747204287,-0.0256115292638526,-0.111006592568947,0.206472976439076,0.311801233087414,0.188538199902873,0.322574160224778,0.475796690838094,-0.361690278744105,0.110617063508469,0.143756502648425,0.263316759173495,0.137423411785591,0.126390136845307,0.108645198283454,0.275712338368905,-0.298290473832876,0.149978565755581,0.0130681436221604,0.205745531014547,0.449322463630485,0.359649787424941,0.434054581152373,0.393402131752551,0.228879393739847,0.325793633012601,0.448676038167571,0.472835725741687,0.534990224008814,0.129103845646456,0.295640867490212,0.217499711214604,0.17175343177477,-0.147733179662225,0.533277536690857,0.281708383317908,-0.344939037452075,-0.268930908713529,0.189534801760988,0.394969239888806,-0.0615825356623467,0.20604542926091,0.383830048252108,0.317791586309174,0.503358675938758,0.253370682190928,0.522583592332998,0.052861227807561,-0.0799744215257567,-0.37683091521042,0.0153408370760916,-0.37723514005854,-0.27204323788649,-0.0433049941179313,0.23430509296734,0.26379143318031,0.25187518661131,0.381094661347059
-0.143122297706366,-7.85858395436579e-05,0.0580884213148097,0.12992834012995,0.109562667121625,-0.010502069011421,-0.0302444850596483,0.0285576485111183,-0.0372008200429043,-0.304295239577686,-0.0351949726275943,-0.155231814832094,0.280867264427641,0.815640736725003,0.792133016272414,-0.438756094076456,0.0839127557012314,0.365669754167194,0.672782353849064,0.45259553478754,0,-0.0298249578870942,0.714788455452279,-0.0261137870970729,-0.358789367524239,-0.107917209379599,0.330478188337776,0.209822550625345,0.630142160251566,0.444989667397718,-0.354204574662604,0.106033009477647,0.0386189221303857,0.346189830565421,0.14120719039533,-0.00573166919162526,0.399898364177108,0.0825373169865607,-0.00900397317299503,-0.153526103538849,0.0641340650676541,-0.218723027123833,-0.2825133706669,-0.0704399673392501,-0.0826285057059003,0.435040588723865,0.488494392780824,0.182202388693801,-0.00352908582019831,0.199351969295395,-0.386883792801219,-0.0567086980626352,-0.0463119935415334,0.252249722211453,-0.021851944678692,-0.0502838558531999,-0.00654853445886916,-0.0166419298193794,-0.387199253779813,0.114621673302892,0.146608715844764,0.177536313476755,0.655136556992712,0.750252625138178,0.829356034899665,0.825125985335391,-0.148685762845863,0.381037479862638,0.551547988089802,0.136197407614755,0.867076342431567,0.314165955678632,0.779032500399078,0.0134525209523901,-0.076710756401797,-0.0904816502832604,0.63476613839817,0.618552829024448,-0.33313729380472,0.0193395004764184,0.0188209270088394,-0.113020894381416,-0.120076351338625,0.170684300809482,0.3357967648133,0.603479463655909,0.480530488794795,0.296813437398164,0.0915667579821282,-0.236345839575685,-0.0783695084636989,-0.444015055282864,-0.067953942983036,-0.348053700055138,-0.192079890987661,-0.0886525497929351,0.424668950003715,0.449893234131119,0.0303657709467861,0.197062344073242
