0,0.167297948608015,0.358437579913627,-0.183829192666489,-0.0440577236285982,0.305205082283582,0.257820238542923,0.381197411397522,0.177890627157596,0.171613637128442,-0.0864165809029418,0.00147358073944933,-0.27401035877344,-0.330147945861442,-0.334080742342303,0.354056366009265,-0.196481706699244,-0.0354622668754053,-0.220625222373636,-0.290068292779422,-0.247025076291819,-0.0303512116843764,-0.32142730989602,-0.217229337599042,0.367387580115598,-0.02199763463018,-0.212994396297411,-0.272453776008133,-0.159549793426836,-0.386201589314798,0.0638106319442626,-0.147691236252472,-0.206057686126079,-0.185025181677511,-0.0126855689315339,0.0556034826546647,-0.0573881898214523,0.165835860837061,-0.11339289500555,0.0369493323567448,-0.0311416008467097,0.316106156350354,0.233917798385975,-0.100696379968623,0.0871647207421653,-0.273126793949182,-0.401443594418912,-0.381790037691683,0.276303578403912,-0.185420365210465,0.560775024171453,0.319343153363338,0.0216120938323715,-0.230409116939538,0.203537181723402,0.252375011050575,0.464176046914614,0.206916664742763,0.0824180974586352,-0.0634784587618392,-0.153947576186905,-0.278019107366436,-0.328415585120928,-0.276125945887177,-0.266564841913098,-0.348377613943038,0.306848455269174,-0.219696981721596,-0.143395077839533,-0.0908833618521237,-0.34149311275312,-0.0494743251754911,-0.282577550184661,0.173653947508121,-0.0884790515426381,0.178810821155801,-0.195849930227582,-0.431898015141451,0.102636473586772,-0.214678679458554,-0.170256279552103,-0.13338239369676,0.237103269851156,0.146127578211046,-0.12884555005581,-0.269221560322395,-0.0920607666402954,-0.136800567410899,-0.0535972146186659,0.184312595888165,-0.0909480209344196,0.249431886675575,-0.0854259705470507,0.391967580286056,0.241795338692618,-0.0201501953288127,-0.242588375343824,-0.369843448363442,0.279621768332643,-0.0951995912664152
0.167297948608015,0,0.572456062213632,0.371867858271821,0.597440395088069,0.404153103594122,0.129690638357454,0.597024978488301,0.35117958686989,-0.269821810973635,-0.0398343298475285,-0.136128969810933,-0.0238888005489734,0.106902703989869,0.0854180157492065,0.16035883580588,0.0516872562390678,0.436140376951001,0.118919518104475,0.106493157510929,0.202221701368844,-0.0118709594601373,0.16265791036886,-0.0575631610023517,-0.209929619253553,-0.127472995294957,-0.010385931196547,0.0516867815620792,0.182870622136632,0.0552810603773794,-0.0814937833091477,0.0402883438372794,0.113966997491066,0.222431125757927,0.0723075097997326,0.310996299984141,0.164323698751261,-0.338705459448526,-0.264814670974886,-0.290972205386731,-0.0250569298616396,-0.196080957018321,-0.219328708453227,-0.172091313821412,-0.101703051388147,-0.0814125077507811,0.0334435970128159,0.0463855793310657,0.354904699620178,-0.0702908404609573,0.122535183781771,0.78087858526466,0.173370229475677,0.388079605472694,0.538603417214743,0.297476396736468,0.422002940515662,0.265465441154652,-0.213306086748834,-0.0662371198292195,-0.153799776424927,-0.0818454858966082,0.0161905981685393,0.0126890089144472,0.0823873886787511,0.0800609346115389,-0.14853899560738,-0.015189055971677,0.221694256066572,0.324756490949977,0.149457935255328,-0.108460079689274,0.202106083646368,-0.110354540238459,-0.104298613826587,-0.0988949437685968,0.200502897999661,0.0467569334000774,-0.12727316756144,0.0433135769726319,0.123254595341091,-0.0825149124739813,-0.11822532482308,0.0264324572462686,0.0666766409001593,0.063939788352376,0.155798037132501,0.0479806089957937,0.23629285245367,-0.140180540316653,0.012079960330087,-0.277123049037326,-0.239599852322455,-0.121000325000323,-0.175930516421625,-0.206093745111003,-0.0425703431581168,0.0677584647185698,0.304881815374246,-0.170591384894153
0.358437579913627,0.572456062213632,0,-0.247729836336097,0.157113744885909,0.65084544014417,0.192247880044514,0.56375083586842,0.633054423527619,-0.0283081025254478,0.248247306103483,0.166673161165985,0.137196241900317,0.149185831732814,0.106237151834834,-0.064863633291557,0.137368357967317,0.305970810649437,0.199433555954929,0.0311947784312883,0.160417601146352,0.207401197999032,0.135954197127334,0.125437673576731,0.0556588453817705,0.27394277019467,0.196158692264084,0.122128562988076,0.322485766925922,-0.0583431258403683,-0.276524290359398,-0.298303283259017,-0.256098677060523,0.0900423786972641,0.253220421820817,0.490332768940929,0.0868214121181478,-0.273872822584223,-0.134636708415798,-0.176807684903081,0.0824093572646612,0.0959555100307337,0.101705251712709,-0.00992221266718197,-0.0189347198959353,-0.0247383302633585,-0.0672646227924543,-0.0818556076989206,0.617830487923974,0.0874645930947298,0.178585718550588,0.721815016958274,-0.0865583491861673,-0.185544496516016,0.735711545321045,0.694193155023377,0.359449333743943,0.567579378316983,0.127455825646073,0.211517981953211,0.0262424474794376,0.0531451222178949,0.098537160457388,0.110350663101634,0.17904231788573,0.125919181029898,0.0840420944573438,0.0193545834369389,0.177721054717261,0.299304564541095,0.164101900439156,0.149277280684552,0.148261072462121,0.107423765237804,0.166268288147806,0.139378092384814,0.306090689271114,0.018435510846511,-0.286666021265169,-0.294439446293288,0.0287066787389886,-0.14029987310743,-0.0594932248349896,0.176370250484377,0.235367010412827,0.00976295058668567,0.123642261005678,0.162567026044577,0.366782208283537,0.0822444624969541,-0.31096039097788,-0.109458989740071,-0.101231713949893,0.0879613555213084,0.122567092914651,-0.00986600178042575,0.0198557716272279,-0.00827716002242214,0.537548217474092,0.0417054506040305
-0.183829192666489,0.371867858271821,-0.247729836336097,0,0.488396930469316,-0.271916151762739,-0.141806848709777,-0.0380583694580841,-0.377207795353023,-0.368218589035386,-0.406903924751788,-0.367485946468052,-0.18884701165067,-0.0463787905683566,-0.0448974550447898,0.352730227229794,-0.0566874225647909,0.135285604704314,-0.0608661218663988,0.0059435941689382,0.00764110245781109,-0.128414091421865,0.0366769050755634,-0.285032096977739,-0.206134122692435,-0.430663892748792,-0.263825578239648,-0.181275692157959,-0.21397891464094,0.0566593405771235,0.3035076095496,0.51204842468271,0.613351351952984,0.171050373666304,-0.234061828772796,-0.263122803912016,-0.0396149498113633,0.103522266704944,-0.0531125923918772,-0.163613955656457,-0.172337913599762,-0.355919348014088,-0.314919342368639,-0.167702253595338,-0.0621627991419268,-0.178094444524425,0.106053124675384,0.0472789526818907,-0.352874803352791,-0.155490273709173,0.116187141601369,0.0132956760361796,0.43245102269908,0.869041009844803,-0.221356999626158,-0.408768695086089,0.0617030352966024,-0.432219275420245,-0.455270883189032,-0.394747932606939,-0.297918586234448,-0.189927948059133,-0.127432411982907,-0.187249165633829,-0.167138156963268,-0.0676720757442144,-0.352511143970118,-0.0169145440375032,0.019568242064464,-0.0139293657912617,-0.0830050391997124,-0.34080960792506,0.00422968128047861,-0.286704241035447,-0.420230284557611,-0.377623902922018,-0.198457385026479,-0.0405657736957235,0.295417798954831,0.537564887399729,-0.026571809476149,-0.0216780602589442,-0.0553366187171174,-0.24516325529319,-0.293535757201792,0.0404684601447036,-0.0568838821972983,-0.228895708432286,-0.232141906453226,-0.356301574181045,0.584857524673371,-0.0227107610044884,-0.115777113119482,-0.224622450486342,-0.306950739286333,-0.201602291002297,-0.171275363318686,0.00453646510029646,-0.30866103089206,-0.19552308798455
-0.0440577236285982,0.597440395088069,0.157113744885909,0.488396930469316,0,0.326702389055501,-0.0168107529089932,0.394535589835852,0.301397434875865,-0.152226544647578,-0.0241113395750942,-0.160217177300245,0.123105985806589,0.189068347147624,0.142261941997207,-0.00466286043738385,0.0359647207910074,0.307076753678186,0.152404086198797,0.219941135545307,0.223317566353497,-0.201569181049225,0.166222108028419,-0.0440890084469933,-0.315450604029637,-0.229351006250818,0.0610816583011698,0.0934336982727395,0.229720027199699,0.0733646571305441,-0.00864941419602542,0.0332085605197146,0.138451726103881,0.154410912771575,-0.0118110446856573,0.201581395743657,0.327667510838674,-0.36166383319282,-0.202649606718043,-0.203144216603244,-0.107220629790478,-0.124262010086374,-0.281199476052953,-0.0281889159275942,-0.0107295187721394,-0.0531258913552661,0.112222320731523,0.0780434941514953,0.149424298495958,-0.104993094205201,-0.132717542415541,0.437264695484424,0.127849209812178,0.550150263252709,0.405208212323461,0.190798169061141,0.173502243807749,0.213019034897433,-0.116880607274537,-0.0442192804740552,0.0277276066497619,0.0537031255606712,0.180069832066205,0.135580488076799,0.173303386647354,0.138594872898283,-0.22683721215418,0.0168979761552703,0.225564798431784,0.18675190843375,0.245812581747744,-0.149216847001428,0.181448972748658,-0.149769533975725,-0.107871243012931,-0.0795091469985846,0.304000565133814,0.136433733727428,-0.0601743104582522,0.0452911889313856,0.158065577488886,-0.111625515448732,-0.0411969027500722,-0.0655824932737459,0.152666398279502,0.14965574670323,0.286888908861299,0.109856404609181,0.234983614466625,-0.220906220865538,-0.00186143274788941,-0.342122134306619,-0.177661816740791,-0.105295093546636,-0.221910979216607,-0.100180581683464,0.0378131457234734,0.119573019728541,0.0970096352618582,-0.214417846924209
0.305205082283582,0.404153103594122,0.65084544014417,-0.271916151762739,0.326702389055501,0,0.259230841665652,0.607340577504826,0.802551348792912,0.305167185245331,0.325419729437772,0.159696121608104,0.254702191531708,0.223155598189781,0.153065771491432,-0.276470838619507,0.11913017905348,0.204354509726994,0.216289226712186,0.0685572621175791,0.174913777314608,0.0527819633965153,0.117066499639793,0.14821931942465,-0.000223723315778425,0.240266843308035,0.245608827434582,0.18187468113257,0.430342667622376,-0.0392441178043544,-0.148418582790381,-0.356702452179515,-0.30939605440128,-0.0476691817378421,0.227416745722085,0.541573680374682,0.285317297536626,-0.315943245341257,-0.0810649718307846,-0.0208156810492981,0.0212879425124684,0.375082094024075,0.118278744474704,0.178321162569891,0.0465396375715921,-0.0155441556921985,-0.0498785838729155,-0.0957658545951653,0.761708290106292,-0.00396871115858436,-0.0135298205390952,0.559613121406232,-0.202088453891119,-0.243826733867035,0.844315458600036,0.849793918090677,0.373701617532631,0.694007342471405,0.393183815185321,0.194713502999839,0.176430340176532,0.160749684976566,0.285268744257412,0.27362207442434,0.304606674948758,0.184962597330082,0.226137609371631,0.00305462024401284,0.186068347854488,0.180617679790024,0.223202909323446,0.157759947414676,0.108815663676395,0.232150198987508,0.156958688147998,0.285935140838571,0.451509408519097,0.0678892607648627,-0.180186264651918,-0.342258690577196,0.0174710638318857,-0.197809115375162,0.0709826125274303,0.143449225518171,0.300370682770856,0.0115906900356338,0.295542405210562,0.302865123930488,0.39607654277177,0.0561313780966074,-0.409259909247478,-0.182008501246404,0.027250564449985,0.382380154606535,0.246707767863479,0.222854033885566,0.0617848903301853,-0.0322441876676329,0.66172953794945,-0.0678666479788004
0.257820238542923,0.129690638357454,0.192247880044514,-0.141806848709777,-0.0168107529089932,0.259230841665652,0,0.474708638572258,0.205997587949467,0.261941686317903,-0.0518512865281075,0.0395113279301626,-0.0703320438896305,-0.205905924077922,-0.220276019846596,0.261698549409644,0.028124384992819,0.0957131369502604,0.0261797830812491,-0.0513444108654846,-0.0579584587156551,-0.146452031142234,-0.151843651224133,-0.0673640283893309,0.109207029005369,-0.0887396441233919,-0.0716361607544848,-0.180797823176588,-0.0528377374586338,-0.233785262853639,-0.155383236606717,-0.290745283186713,-0.275157471562774,-0.154042931589775,-0.0596955779595076,0.0156260060696364,-0.119031842261194,-0.061386867997886,0.00418893710264782,0.183239301063687,0.180408142234873,0.154021476666362,0.0456330546942634,-0.077966430609633,0.0724641818087774,-0.178387356819905,-0.204431472846345,-0.211122004248726,0.236216513149288,0.0567224976313046,0.136814957951872,0.277123300581442,0.331518096227723,-0.137904399206115,0.105822270991397,0.178527393120054,0.565025659895733,0.331782769927918,0.218096648650016,-0.122375382417199,-0.00524637596173596,-0.0793226070345616,-0.141763097867316,-0.200106850384069,-0.131060378821183,-0.225199904820522,0.581075900624691,-0.0770507010548587,-0.142050223806405,0.0221736726037808,-0.154179654714367,0.105808854050746,-0.18186360273249,0.439536587813474,0.061483438795464,0.0757039868822374,-0.107223880450058,-0.233458418965493,-0.142363379083424,-0.272518802143525,-0.247372252988987,-0.216979480839732,0.180347434961028,-0.00909272796677198,-0.0872843417997028,-0.163739030840577,-0.143774091463165,-0.185663944120591,0.0128537222668986,0.0648974886332162,-0.223052554953078,0.124303676693077,0.198810812526479,0.211550969619222,0.17028706796307,-0.0163580090240643,-0.165014474824742,-0.211328091741444,0.225537437549597,0.1469807873168
0.381197411397522,0.597024978488301,0.56375083586842,-0.0380583694580841,0.394535589835852,0.607340577504826,0.474708638572258,0,0.567577382188321,0.0405364290164506,0.0799982682217282,0.0218031619037513,-0.0518871404253308,0.0229570895111633,-0.0318601200232003,0.154244125451401,0.195994442815672,0.56783378807343,0.2416155524673,-0.0235656739416596,0.211035300861273,0.0451190912826461,0.0768953517220999,-0.0352976226485718,-0.0405862281419388,-0.0416701127076557,0.0457524731591982,0.0538154538537623,0.210239858700398,-0.102693041705399,-0.132880547722881,-0.263932199381637,-0.236999394285451,0.143121268319488,0.162670383478152,0.312049180670098,0.175085234812416,-0.436649276338151,-0.317720992235727,-0.236796013529598,-0.0174158749893355,0.107955376222768,-0.0857409453107479,-0.117545539927775,0.0783298259037171,-0.144843973124563,-0.172176443580041,-0.131744254614703,0.481013095000042,-0.138061446116465,0.0281179074457533,0.650732901502041,0.0774234446855764,-0.0465398677362362,0.584838484452008,0.491557067540315,0.757745517292102,0.579491347601588,0.0472307684310278,0.0111722690120144,-0.0855646006665467,-0.146646913164067,-0.0435422795971642,-0.00811811880243476,0.0904452271319973,-0.050469335325359,0.0829682872516042,0.0603874674483341,0.269786470646629,0.434834509733072,0.0700582296847067,0.0605964259871539,0.157564526546154,-0.0274396751753497,-0.0182490136491018,0.128866365620068,0.202309789664142,-0.0907017017754765,-0.182880206730855,-0.297385479942245,-0.0913594259201887,-0.198672845748147,0.118196248762209,0.200358284243771,0.168916256216839,-0.115169865462844,0.123703406419786,0.109108259509355,0.228771998834156,-0.0362802084916629,-0.300393991014941,-0.282473725572754,-0.287546549856826,0.0993517718110203,-0.050599118818237,-0.0717604433902883,-0.150190452163377,-0.0915653480548663,0.415478517335989,-0.125124647318293
0.177890627157596,0.35117958686989,0.633054423527619,-0.377207795353023,0.301397434875865,0.802551348792912,0.205997587949467,0.567577382188321,0,0.18241787870669,0.414479428361551,0.259992310592779,0.342811557152195,0.326799826288035,0.26808521720949,-0.327092308545421,0.16737029297426,0.274067755879972,0.30848246226924,0.273540513165355,0.332099324025251,0.0412473806433584,0.233861966112126,0.256788173257343,-0.0952217725012125,0.314134511241343,0.402241143668474,0.324594368315287,0.532414775744854,0.062036323176306,-0.356216730877921,-0.39822821344446,-0.368206149669703,0.0302492341299056,0.316186723108927,0.706304447843539,0.331534182193832,-0.413312106101322,-0.124035383395205,-0.0552197828384739,0.141456236157289,0.254372662801797,0.079409402943255,0.190054340078224,0.0636554314578608,0.158077272830578,0.0294909960382688,0.0546573489016461,0.725444262500231,0.144540647080876,-0.133151778362618,0.521581302372143,-0.236437294136063,-0.314314064101126,0.795952385729929,0.839040217012592,0.189630303539003,0.879501289672475,0.345321314519964,0.410252039560237,0.273116951856746,0.23804408190912,0.374397172024798,0.382756840173531,0.425042480763533,0.299290548813587,0.171562020370698,0.0398150375648123,0.201201582534957,0.294340827678992,0.397436348975627,0.193351020137323,0.208999041104937,0.219318683056338,0.245966282299223,0.289905753942795,0.555289567133079,0.210624647135968,-0.411128910984146,-0.385192777485318,0.0452437998054874,-0.109300024153793,-0.0501636353802394,0.175661511373498,0.446323332707749,0.108242204506544,0.316323142553688,0.37557473770499,0.621576396541722,0.129713002229825,-0.503981761956632,-0.288396908911023,-0.0100648118180666,0.159679692303997,0.125096932530926,0.194721776604904,0.226847953850883,0.125827289850113,0.605815228960504,0.0870752074761729
0.171613637128442,-0.269821810973635,-0.0283081025254478,-0.368218589035386,-0.152226544647578,0.305167185245331,0.261941686317903,0.0405364290164506,0.18241787870669,0,0.418930358735481,0.40922127863832,0.227894511037689,-0.170538862925976,-0.238578799937568,-0.174567597006565,0.00446701529540858,-0.276246031357643,-0.128272824780914,-0.181232603075559,-0.307359496771013,0.106143571611984,-0.273056595072748,0.245458628476875,0.519867738024036,0.298010901017965,0.0628776510186958,-0.0306149819797539,0.0517919498224873,-0.274021592077959,-0.161243390226876,-0.417420739192558,-0.340579031547904,-0.184260196258568,0.111965005303722,0.0226552525107068,0.148362727412214,0.242856209616938,0.456237167563957,0.624726012634096,0.292682433695686,0.631779657832464,0.541924812350079,0.319078051649042,0.249633994446205,-0.0131599793922483,-0.17605883441611,-0.271354341260391,0.293661105638866,0.169839703717448,-0.171657570579914,-0.0969845948423923,-0.316245797070608,-0.369218473667172,0.121772435501967,0.273522778969142,0.105203375988188,0.21790412226828,0.811478118698182,0.276520215094449,0.490825619492103,0.196936624116109,0.138854314120516,0.0541313159868402,0.0186033148275799,-0.197295737964885,0.525136464310112,-0.0366122332030244,-0.0226336500655565,-0.220459183365404,-0.214153467725967,0.258702227550091,-0.264886496085423,0.513891281047159,0.273758639448747,0.502646956120314,0.00937205187690048,-0.184426490734919,-0.113598611596959,-0.432112644464702,-0.0075136225967376,-0.0792977988479769,0.419501337218003,0.227306069855451,0.0522636859218217,-0.180494385484195,0.0969449047893201,0.0443532354608522,0.000904974574349949,0.315908742682381,-0.363200476042786,0.326159944932282,0.437451479722887,0.480247525670246,0.59777632195646,0.372412416519685,0.0228722709475729,-0.245600450047584,0.300921249871991,0.255588387550503
-0.0864165809029418,-0.0398343298475285,0.248247306103483,-0.406903924751788,-0.0241113395750942,0.325419729437772,-0.0518512865281075,0.0799982682217282,0.414479428361551,0.418930358735481,0,0.734690595709632,0.605562119310028,0.410983516180796,0.324616153014179,-0.531823883465875,0.288501445997724,0.0887708761721152,0.296377708149958,0.138026620909371,0.196815176722306,0.327287068066098,0.24696570517796,0.673281259255146,0.254813215206113,0.69220177504967,0.428906681225498,0.369693002135959,0.542899637656838,0.126938826880946,-0.384413285101958,-0.429796230068823,-0.448948125089469,0.119686110904995,0.400538468821288,0.351889477235377,0.393834334603534,-0.259204290090976,0.140363790316009,0.178201108619051,0.368721008333989,0.381937607979071,0.400020463148104,0.45105857722354,0.228091673167966,0.282155995290752,0.185889649563076,0.131425070510404,0.480755474296946,0.396472353277032,-0.431989619580006,0.0669548246318707,-0.554070675453643,-0.337044316296304,0.33330970546191,0.425011777654473,-0.160799786744986,0.363502487409302,0.602301610549633,0.782026921847824,0.728984263852799,0.555033497684855,0.52363359895465,0.492277499603421,0.518072517849713,0.3849901882105,0.130194966404756,0.215028305430113,0.340262992743946,0.21489037097484,0.341736643089617,0.460451274559259,0.260788391486169,0.217096861980418,0.609470499288483,0.587367161021943,0.546810063860269,0.313153452859968,-0.427179249810191,-0.403050042844357,0.291546696940519,0.0840181301130246,0.0461361534588467,0.327876209663891,0.43748107341565,0.197850174182987,0.451809963272632,0.384051473910692,0.343688289214457,0.408866394710273,-0.516305800112487,-0.178092044367446,0.107541332012442,0.200033074234623,0.374104860902254,0.450262008584345,0.357967393436971,0.201958315384139,0.420176886673741,0.368941342058536
0.00147358073944933,-0.136128969810933,0.166673161165985,-0.367485946468052,-0.160217177300245,0.159696121608104,0.0395113279301626,0.0218031619037513,0.259992310592779,0.40922127863832,0.734690595709632,0,0.409648301174128,0.328885873983147,0.255658505341525,-0.34339808536632,0.311850736533236,0.0774800252339454,0.295278946299325,0.0570160027496773,0.198669816842227,0.390749203354279,0.259792982479767,0.597169814473294,0.436757548310761,0.764980996175094,0.305197821072928,0.245965153431553,0.302748307548791,0.119598178266869,-0.46537380781086,-0.304636782469898,-0.374106455546728,0.0654252968414488,0.363125072715183,0.203850886329898,0.268384821744874,-0.102295338870909,0.206186195390486,0.225907684676493,0.328787640490134,0.499121983002788,0.565617352323009,0.379180104494106,0.243894674034232,0.256344953088597,0.186137503712826,0.148711787298475,0.355819221199397,0.323370379744179,-0.306007781342342,-0.0236351282558942,-0.393097222717796,-0.283044152751396,0.131854971264775,0.262378733030267,-0.117655931977966,0.252003134560519,0.517514381103956,0.761216036095249,0.755675797548632,0.353984419851128,0.293641644697359,0.326020276204946,0.386473333176202,0.306029294284638,0.199025145432458,0.296877617787802,0.253013770034505,0.188258378754147,0.232996167378667,0.48750822613573,0.229769701886084,0.267937734646585,0.590962186459795,0.766982627268412,0.329905188957426,0.256138905553823,-0.458219112658829,-0.25882509838429,0.17871424148147,0.0344004591961613,0.127881929907526,0.35924948187462,0.275328674089369,0.207383362704588,0.282144858026233,0.26536957673679,0.181559798248005,0.39674908308664,-0.450094710115484,-0.0868035075131703,0.134284426984868,0.235377247961045,0.495652979034198,0.394864147258462,0.307314937023997,0.166383256731058,0.341077443885406,0.366964547105819
-0.27401035877344,-0.0238888005489734,0.137196241900317,-0.18884701165067,0.123105985806589,0.254702191531708,-0.0703320438896305,-0.0518871404253308,0.342811557152195,0.227894511037689,0.605562119310028,0.409648301174128,0,0.476423759688152,0.378438186187525,-0.420293352963919,0.415847012062033,0.160878782728346,0.416983655624453,0.361849414040176,0.277713395527257,0.317817688331332,0.354698482555974,0.583127080818828,-0.0590346091807155,0.465464321167609,0.573694315269598,0.483001583442702,0.586131894679985,0.182979226377989,-0.242514620196869,-0.274059515236513,-0.190924245991776,0.244737588976767,0.418523965668997,0.352065705201837,0.431311412249127,-0.202909924476976,0.245178923516576,0.218130166389676,0.35067258373754,0.213309659280577,0.17075055749315,0.438407042086564,0.104234948070949,0.400405884778703,0.425355178059766,0.263174941629625,0.332437874209604,0.438346938684293,-0.393386068714078,0.0429387674049986,-0.337961283517886,-0.119599712860497,0.305907372204162,0.362944234431095,-0.298696836588975,0.253717580337937,0.412300312811001,0.468715767233656,0.617881193004941,0.860207209505075,0.746076710110153,0.415181260462878,0.480375127061138,0.427328734158019,0.0110541861728944,0.288886371689985,0.315767632293958,0.204835778820635,0.423652484199379,0.483483383229813,0.307581412246218,0.177156630409303,0.435534806959363,0.286250237501596,0.585003502061247,0.434491657372063,-0.293701708984334,-0.220069059261611,0.376930330686747,0.168051998648592,-0.11041349804484,0.127991624834573,0.445005246460442,0.409887362815114,0.446330978756288,0.455955859249281,0.401317184322273,0.244236346802044,-0.299441106410418,-0.21082906516756,0.200518662760968,0.0697392369204386,0.230257443477202,0.417594343106941,0.504995007945942,0.364294154958239,0.298033514608475,0.309715442695812
-0.330147945861442,0.106902703989869,0.149185831732814,-0.0463787905683566,0.189068347147624,0.223155598189781,-0.205905924077922,0.0229570895111633,0.326799826288035,-0.170538862925976,0.410983516180796,0.328885873983147,0.476423759688152,0,0.867148330607405,-0.502698056010246,0.364578410491684,0.329902482875421,0.645674632056958,0.451942859185971,0.760261591721088,0.191705530908995,0.830442434211174,0.420118330035144,-0.298098410798442,0.365691068681156,0.493250657556031,0.542654640306254,0.602055171453642,0.709133575909755,-0.241822544694896,0.000382825174085665,-0.0785785425866017,0.174853893222184,0.246541164016694,0.371429031477211,0.30231570899857,-0.432583733938087,-0.0961545470432465,-0.198313515439273,0.0200694596715978,0.0244188712217606,-0.134107643512604,0.304106238580869,-0.0898174932040193,0.473586691650906,0.707089137361412,0.658420550896677,0.29315523364572,0.181423886309957,-0.413372338852312,0.0537801171259314,-0.245268500625436,0.0116411660912102,0.283647243254502,0.312098196971383,-0.282126235234822,0.223420616265946,0.0209966433235934,0.449690128628098,0.333745918143277,0.362924027158769,0.657049943858796,0.688990587844443,0.819043264109911,0.885120912387132,-0.258759659707067,0.364017326390732,0.384805098797423,0.413859684455275,0.776902242268892,0.297699949088996,0.768634646687324,-0.102434129592219,0.247123371783349,0.222438809951073,0.679462398257758,0.787126549733448,-0.36300505840607,0.100026729238547,0.223216275886587,0.0640393770934738,-0.382112606871669,0.00280330952461734,0.426452590839099,0.684291034997681,0.365287731988859,0.491254263892966,0.341981917643667,0.0160473606029943,-0.249233101717422,-0.514019229122435,-0.0685847336477257,-0.0632057936383028,-0.113916086944295,0.228940492621391,0.537991391523384,0.693781917430469,0.232461471227108,0.0334429599651494
-0.334080742342303,0.0854180157492065,0.106237151834834,-0.0448974550447898,0.142261941997207,0.153065771491432,-0.220276019846596,-0.0318601200232003,0.26808521720949,-0.238578799937568,0.324616153014179,0.255658505341525,0.378438186187525,0.867148330607405,0,-0.521686313661124,0.176509510445258,0.26765161635866,0.493659388881734,0.523593463700705,0.79907052439186,0.0648345961083792,0.846376981922984,0.339177096751952,-0.33557140621224,0.294534328791662,0.453267432036814,0.573026423904819,0.576270299399143,0.820858682975061,-0.251227182171385,0.0510041986186013,-0.0629404168416133,0.0905148162661364,0.140243061028476,0.362672691516513,0.203249413985824,-0.440978585778516,-0.15274397357761,-0.242007039935312,-0.0610679342425946,-0.0765055020304497,-0.215200251257663,0.213402011120689,-0.167653738213384,0.493995893001115,0.694263071540587,0.716241609821902,0.252813653894951,0.0930754886277512,-0.378704140928993,0.0435514584001768,-0.205196292957564,0.0369923458785842,0.205545868762096,0.276126083064726,-0.310366860600404,0.202891013612922,-0.0405996221221522,0.375756874165102,0.250052557395752,0.292303214153187,0.556482835755025,0.581170320913882,0.744417732371469,0.920246649358828,-0.210776529737023,0.182681471382346,0.231040534159221,0.357583574566188,0.840585474626138,0.164177623211553,0.730995697871349,-0.0916561344076361,0.226771194195063,0.16840586316765,0.653479722725693,0.830972215889185,-0.356375282333734,0.165285559523155,0.140797496594444,-0.0530939362786171,-0.456917029312833,-0.104116636854794,0.398019115391201,0.65095941412362,0.281965788211549,0.453346257165072,0.352767994293188,-0.109392486768167,-0.213921434249712,-0.508865660088316,-0.074137502600272,-0.145963668883934,-0.190075259428279,0.140892472372537,0.509272395968644,0.728311339054923,0.19977570478342,-0.037737575579241
0.354056366009265,0.16035883580588,-0.064863633291557,0.352730227229794,-0.00466286043738385,-0.276470838619507,0.261698549409644,0.154244125451401,-0.327092308545421,-0.174567597006565,-0.531823883465875,-0.34339808536632,-0.420293352963919,-0.502698056010246,-0.521686313661124,0,0.0246432412556553,0.0886076856499043,-0.149191523169691,-0.35054170831951,-0.314874889092103,-0.0126428119867507,-0.343603809709876,-0.33801334595554,0.133991781076371,-0.372571173040357,-0.429389031851796,-0.407280857829032,-0.446216646915676,-0.369848955534612,0.25549511432652,0.261210219365937,0.328961328402882,0.0937924030115866,-0.153695384787978,-0.378413587388408,-0.255405925473947,0.348721876797971,-0.0127701404738481,-0.02686688124857,-0.0672921316591736,-0.179864942214279,-0.0605697799515874,-0.355854233747505,-0.0127617691717098,-0.366956249976758,-0.34906822032432,-0.327237795335227,-0.383610786470632,-0.263692976190397,0.512620435393819,0.0896749496685239,0.577268380141668,0.239673366008159,-0.239124408679345,-0.387949816154793,0.377226532665015,-0.273016158776213,-0.35272325741283,-0.469723137393934,-0.432950926807391,-0.389153531796311,-0.46146275353717,-0.545850808227158,-0.542083042752698,-0.544945094093962,-0.0612388150975773,0.0152810693113565,-0.0776156131010864,-0.106060226579665,-0.542931067128105,-0.174620214122713,-0.288056898820086,-0.177346661726949,-0.328477492734078,-0.287298000352514,-0.497023602971287,-0.485239207555157,0.2848160351289,0.178258558571831,-0.16724907703727,-0.00487859925687015,0.0912622188316555,-0.057916541837928,-0.43617044198757,-0.321164882147547,-0.333549135156131,-0.405391228706944,-0.410688970581352,-0.154476804055627,0.387119251333756,0.298445567684059,-0.146871439141531,-0.0797102728895756,-0.127867953528626,-0.354390208723157,-0.428831827102515,-0.393612405272915,-0.354615660540959,-0.203552121472349
-0.196481706699244,0.0516872562390678,0.137368357967317,-0.0566874225647909,0.0359647207910074,0.11913017905348,0.028124384992819,0.195994442815672,0.16737029297426,0.00446701529540858,0.288501445997724,0.311850736533236,0.415847012062033,0.364578410491684,0.176509510445258,0.0246432412556553,0,0.555557871305262,0.716171185217565,0.105911516280123,0.355064508540873,0.61544653644077,0.342151902476431,0.43848325413925,-0.00178594268516304,0.326496689793065,0.383259238905964,0.313556370278704,0.441107327347008,0.0770278090530858,-0.0845890006356639,-0.179231964709402,-0.145864663194556,0.564170222954077,0.513142041957037,0.0486630342373628,0.308791341549881,-0.258750648054598,0.029022051843862,-0.0645228926340142,0.185824759527001,0.142977305626754,0.0624274562490591,0.188568420406489,0.14658635891755,0.188284605939224,0.254498441544231,0.121682462420226,0.0789062218019484,0.210624162750428,-0.253083119788167,0.0383316359897884,-0.0178196101315595,-0.0597487738181318,0.206410845153078,0.111283595298576,0.0625261496576928,0.096716838973834,0.0736222817526442,0.219976397001676,0.238854011762101,0.266035436164769,0.341282949786158,0.280632026401682,0.367835483329406,0.201487547703114,-0.266447358642664,0.757410005261488,0.692687291788372,0.517355704242063,0.22994581602329,0.611764900620875,0.463679882076814,-0.146113018370149,0.279781538699192,0.130979974526281,0.396454103125326,0.237457265886893,-0.179604304883498,-0.142127335775584,0.261007273479445,0.237796583929397,-0.073074332236492,0.291954874910749,0.33786627938186,0.267446163428713,0.322801321267109,0.325515205212892,0.114584663231854,0.113207782920506,-0.159204548392774,-0.23745569289916,-0.10151784096445,0.0679610285656731,0.0811985698638074,0.160735843123265,0.222191321059399,0.185551238232117,0.0395900023166367,0.118915966061067
-0.0354622668754053,0.436140376951001,0.305970810649437,0.135285604704314,0.307076753678186,0.204354509726994,0.0957131369502604,0.56783378807343,0.274067755879972,-0.276246031357643,0.0887708761721152,0.0774800252339454,0.160878782728346,0.329902482875421,0.26765161635866,0.0886076856499043,0.555557871305262,0,0.565782593186381,0.389373291825153,0.544808858035452,0.318813285115088,0.430502387754876,0.136661114146325,-0.2083940283625,0.0218617201203807,0.292391593518352,0.282107003302523,0.404090479236712,0.175298803237771,-0.14152322539292,-0.0960819666153217,-0.0770825228392047,0.611335999857103,0.347266419454269,0.297518422625623,0.325500539178008,-0.516371115394978,-0.292274650754939,-0.354329837932617,0.0600936324660362,-0.088490834172274,-0.223773622879184,-0.0976447201185938,0.130164782561402,0.0711242911354052,0.225589368399239,0.214412732776628,0.211417492220202,0.0840869205024926,-0.207153822777649,0.349779639763581,0.0531208990307901,0.134421568224837,0.296825460462902,0.168240750935058,0.346464040212439,0.257410501880258,-0.219551518057701,0.0564453422917081,-0.0526278037901265,0.00937397164658068,0.140630829296888,0.0580681759572735,0.271919275269214,0.215339438396834,-0.325477928406696,0.41546510406297,0.581947460544218,0.812275558782584,0.391071490479502,0.263406955957389,0.525715408011471,-0.290841919413702,0.038520889487895,0.00358559462677705,0.372806234403799,0.250438023490992,-0.242190408234176,-0.0869835021765312,0.136671669168441,0.0711076505039759,-0.0406904592716467,0.245480199025282,0.33986163082274,0.242418267496263,0.307666540647183,0.249043613309144,0.321836928809909,-0.0877283306906573,-0.139536885823926,-0.458597615960507,-0.392878852328154,-0.136521951633603,-0.229111777064512,-0.065431904618184,0.0801613056706766,0.2840279242014,0.18773831368064,0.00979699118233427
-0.220625222373636,0.118919518104475,0.199433555954929,-0.0608661218663988,0.152404086198797,0.216289226712186,0.0261797830812491,0.2416155524673,0.30848246226924,-0.128272824780914,0.296377708149958,0.295278946299325,0.416983655624453,0.645674632056958,0.493659388881734,-0.149191523169691,0.716171185217565,0.565782593186381,0,0.23472928151951,0.659182473173647,0.315576121033354,0.585873603224772,0.351751791495474,-0.189488509086022,0.29928143636758,0.378929322122853,0.366673845822891,0.524321924307205,0.324902111864341,-0.135268352486652,-0.102374599888803,-0.121004538033495,0.342310770032832,0.276171158049102,0.157246206271788,0.228662209334549,-0.368438157910638,-0.0910698793136275,-0.215480119434974,0.0344820440327348,0.0719166065505802,-0.127780910317017,0.18426102094326,-0.0572212749336775,0.23152978727547,0.422845214930663,0.297921891993362,0.180283820159831,0.0908054496630776,-0.315649454210057,0.0860958704827311,-0.033568765581975,-0.0401038853440498,0.276748510574399,0.250277460147279,-0.0204175525375224,0.233238807801219,-0.0117222661631152,0.328736725372945,0.246598208188713,0.295024704224119,0.500478097105883,0.477089552094267,0.577642478665476,0.528061561128336,-0.289658756570154,0.693798432891107,0.618660335448336,0.550310660277935,0.506344932072901,0.44398474261725,0.60154655271763,-0.146828359052398,0.242007918078179,0.155660629796906,0.586721316929923,0.480328579725318,-0.274294026910985,-0.032528413424808,0.202023599897093,0.110819211400114,-0.304067143485982,0.0672557686423996,0.338728626035634,0.469234481161225,0.257155125436979,0.333874156521656,0.17301058473525,0.0515646379723252,-0.218444970316155,-0.407006984239558,-0.11773200198275,-0.0233129356967574,-0.101458285939909,0.143225313811182,0.294069479760242,0.364428199704399,0.102927624249774,-0.0336807687989518
-0.290068292779422,0.106493157510929,0.0311947784312883,0.0059435941689382,0.219941135545307,0.0685572621175791,-0.0513444108654846,-0.0235656739416596,0.273540513165355,-0.181232603075559,0.138026620909371,0.0570160027496773,0.361849414040176,0.451942859185971,0.523593463700705,-0.35054170831951,0.105911516280123,0.389373291825153,0.23472928151951,0,0.544547395934188,-0.0477886127557518,0.476649577866016,0.214077845256074,-0.36507402865964,0.0538412856917093,0.574755231215033,0.472738078922439,0.528830369455488,0.419069530711131,-0.352377186557371,-0.109392476686083,-0.0898591239737844,0.288510725575601,0.242473634236481,0.481569989800411,0.334154270713316,-0.365319430901888,-0.0378173715560155,0.00934776267241135,0.244571233409945,-0.112938945801773,-0.207811828915428,0.121173366207114,-0.00185128920342535,0.444544139215973,0.538693648036629,0.555493685357188,0.21225422066248,0.395524036730575,-0.324466656789078,0.0950746616258481,-0.132907524153283,0.0516206409603783,0.133869633165647,0.190678703108075,-0.255699115201794,0.279101306634624,-0.00612158545863352,0.172925881228894,0.182337690661371,0.282986889405326,0.373816836466987,0.231423448565721,0.416452064618048,0.465589165796309,0.0340830344578181,0.0192983089413773,0.150616964971438,0.477615478963185,0.728407171951108,0.14119819383592,0.411289252724633,0.168909878033198,0.156090474911447,-0.0289384152393711,0.486382518058778,0.545104221618214,-0.412593277617067,-0.0117763838548049,0.240165243181803,0.136115081533414,-0.233545530495914,0.0133254404252839,0.511779037498479,0.541142056714694,0.384124456527701,0.350749115048091,0.665412758613577,0.0585361586265659,-0.168127535874552,-0.276951786276181,0.121051547170446,-0.175429238659126,-0.113812230719163,0.117943228821164,0.532179467814048,0.604781088278266,0.197334045291173,0.28089371413074
-0.247025076291819,0.202221701368844,0.160417601146352,0.00764110245781109,0.223317566353497,0.174913777314608,-0.0579584587156551,0.211035300861273,0.332099324025251,-0.307359496771013,0.196815176722306,0.198669816842227,0.277713395527257,0.760261591721088,0.79907052439186,-0.314874889092103,0.355064508540873,0.544808858035452,0.659182473173647,0.544547395934188,0,0.100776353511849,0.827330853790669,0.265053141171481,-0.362534899174191,0.156193380873631,0.401142301292937,0.492522459375874,0.551303092891886,0.697963682051197,-0.229975609845652,0.0313168893855405,-0.0736111791431201,0.269695735115265,0.167321672961985,0.316469620692203,0.182033902447582,-0.514360556320433,-0.241530576960582,-0.321485461858898,-0.0427916464030355,-0.0998937892828662,-0.293819688245846,0.10346016025527,-0.109482273930288,0.399984582144618,0.626417962480286,0.647391648143169,0.214086167975147,0.0317248047826552,-0.344988196248958,0.131531674821875,-0.0554769926019838,0.0671260114211771,0.243748591203261,0.26278343545729,-0.0943239826694845,0.304222015936288,-0.157687275922204,0.281559470821389,0.137526566362919,0.163491404886487,0.398964681124274,0.430127828249419,0.681680070758498,0.754938830663417,-0.250165422499969,0.30426081314377,0.372052829216576,0.565770214617832,0.824327951933679,0.161286765684195,0.733852310314298,-0.154837516603904,0.153850076570028,0.0911673444096813,0.614194460552252,0.719300751112102,-0.356590736765964,0.129525159484701,0.0983014300368971,-0.00633127518491394,-0.401369895077415,-0.0816983755641145,0.378856214914181,0.559618250496764,0.21931178415397,0.388765936362627,0.346241721566063,-0.0980989671630151,-0.21227635950273,-0.563829854862533,-0.192352469311923,-0.181674011069516,-0.2938289311093,0.0436210106615669,0.428847689469716,0.65428441773062,0.152597950720226,-0.0810878896007262
