0,-0.0811652195121135,0.130494141491536,-0.321403086674571,-0.317338452621935,0.177698639023548,0.00380828890648059,-0.0481418490379781,-0.114011557511036,0.381191354856976,0.245809430042244,0.362829945325394,0.0173780839082076,-0.215493198993248,-0.280581110429034,0.0774603301356136,-0.205239613357349,-0.17294622760216,-0.245702052410391,-0.345448500220764,-0.443269460394158,0.118735803964126,-0.327452166718116,0.0992912565855873,0.471622026153785,0.205874181067657,-0.205487723109276,0.0452360907214751,-0.296405465131296,-0.253087504879647,0.0897886654719755,0.0618250612667801,-0.0483320823020587,-0.139099182006797,-0.0566841264998225,0.0866655122791415,-0.286518182326756,0.445130093781422,0.286399341598715,0.26126344945384,0.250969898584416,0.452447860618076,0.355662982759205,0.130692902439726,-0.051866102852244,-0.130947276005002,-0.129280599447264,-0.254942274419587,0.202531026662477,-0.0352215228099476,0.687128367997647,0.0725152672873106,0.0293556883106759,-0.353419518715203,-0.00192975178062332,0.176999503145888,-0.0153735684541617,-0.037732817509285,0.416136716572418,0.317964982485515,0.395827969242857,0.0327413554978297,-0.1699275775826,-0.322622687226217,-0.46163894033332,-0.261445105965234,0.140390959923301,-0.186129632617039,-0.183976254834967,-0.14327827938327,-0.412228074459727,0.0159540839211278,-0.275622689108963,0.277612095894223,0.0406726959808801,0.333585311484251,-0.21305438215528,-0.0885801494939371,0.200312152622516,0.0584501791638051,-0.155924930911126,0.0343180744265062,0.05940702955339,-0.00803842494270842,-0.280518957929278,-0.114403173804788,-0.236951310348108,0.153599044035789,0.0862161935469513,-0.0688391959140776,0.185600176105608,0.329375201912851,0.295797554457668,0.300520939972596,0.286777787820774,0.21795511845139,-0.255057605354946,-0.249062899719414,0.267327392570589,0.0864053384417925
-0.0811652195121135,0,0.373636888556405,0.511884654948522,0.528653489743902,0.242786400914754,0.271798875833136,0.450511802755928,0.446761516465358,-0.142950377892735,-0.0608845771331386,-0.22209292103823,0.0116486342415599,0.150090920448371,0.138543719289881,0.296311471747519,0.0482199066533272,0.248226353614622,0.0743608406118918,-0.0366981567591999,0.0326442924817869,-0.0528636993004711,-0.0438515911507106,-0.412069813643468,-0.0755975178022048,-0.319254717696857,-0.246719381365234,-0.322570716049567,-0.0797990088843225,0.00803166616199477,-0.0397669013746734,-0.154875955389266,0.0234966862579413,-0.014002771622877,-0.153099456072813,0.221861157756612,0.0718373700144989,-0.0305156468205254,-0.0626395154716182,-0.11822183395245,-0.300428612310521,-0.219838783003762,-0.25786984022509,-0.187043148617947,0.0797578185613674,-0.226238757289863,-0.0327314455179308,-0.00921628532180042,0.230243707356897,0.00371644062788502,0.0181657047018084,0.77550094937534,0.307753852634643,0.544397333740239,0.416683610133866,0.230952199033265,0.571314345166099,0.367771312712193,-0.152107943840606,-0.134277969541711,-0.207488912838749,-0.0511529045664299,0.00862614151836009,0.171842998104229,0.0227118851171846,0.0465100257423391,0.176660367850482,-0.0545455883194425,-0.102620635797835,0.212752468131435,0.0140981128766885,-0.119492512610988,0.00150616607197771,-0.145059361533965,-0.405949641293577,-0.218484029630776,-0.159736763256823,-0.249668987412755,-0.100498180527696,-0.111731373974608,-0.334156783901039,-0.077873442854307,-0.091428984588413,-0.202199204764066,-0.283561829125213,-0.132036411398827,-0.00381725085003455,-0.322873679683166,0.147703960748604,-0.0916284516502221,0.0357248508823806,0.0278091299223217,-0.165524538222265,-0.0458706183986401,-0.336442300203876,-0.266953327414843,-0.15455728357165,0.0226258222888514,0.210069334285987,0.0355154385146868
0.130494141491536,0.373636888556405,0,-0.148880509588258,0.370743109839958,0.65753626530452,0.178787408842113,0.271541913273197,0.522359741619846,0.11546025810948,0.270638791084385,0.0851004079021002,0.214526589910515,0.0643542191529978,-0.0381193972305054,0.212549376683136,0.143920633661453,-3.57045720321607e-05,0.0838846385741896,-0.306878902826366,-0.267870125681406,0.0885789960697879,-0.173505454385887,-0.201746674211507,0.224696706330582,-0.0572760443733614,-0.0924826819300433,-0.135527553919125,-0.148651744374293,-0.155596684634589,-0.106448434566069,-0.00977184646473421,-0.107883158047713,-0.150901367850667,0.00200459539508304,0.313278075949912,-0.124168442792715,0.204353821120942,0.0749092881000284,0.0627777881077257,-0.135168432026526,-0.0376134208940711,-0.0554693606575841,-0.186231276189997,0.00426233643755235,-0.136367606304713,-0.0552847302836226,-0.0682505989736451,0.506742516068034,0.136564781118125,0.0423051605945333,0.512287172557878,0.113773326520071,-0.153465942287793,0.608026850838561,0.721423220890648,0.20507754710794,0.502799713283125,0.147024026438136,0.219012948380733,0.0504567154481445,0.245197810103757,0.121120293469348,0.10609582152669,-0.231676902433325,-0.0471119907175271,0.172742797843483,-0.0374405128634656,-0.242951277587435,-0.00943989874993989,-0.208016842755484,-0.0119293216051318,-0.0785122734863046,0.082147755472103,-0.197520435430789,0.0286520238969528,-0.168455864774886,-0.228380760991534,-0.028365149420501,-0.129631280082853,-0.207096562565851,-0.102349260064661,-0.0796167903020204,-0.100273831292373,-0.216587593071524,-0.160810764297919,-0.115553864554369,-0.148754825559458,0.25494846411789,-0.039555308024969,-0.0343227020573034,0.212971950088745,-0.0358235867010271,0.0139664163903603,-0.236245733255475,-0.12756274203911,-0.238771558584058,-0.0554187399492897,0.461972347838844,0.172871091031617
-0.321403086674571,0.511884654948522,-0.148880509588258,0,0.425799819785552,-0.117145740830824,0.193570263847774,0.469482221302319,0.270538193649878,-0.190864284033346,-0.237923840803925,-0.393519756488993,-0.0718554409308009,0.223245624616496,0.304014039532211,0.0875500809952238,-0.0116305577431751,0.393533920891837,0.122540038543002,0.310140382223665,0.418028747122016,-0.163969812027688,0.122103815485359,-0.391417569814468,-0.270175818654565,-0.374992024091634,-0.164831401324199,-0.148244224153343,0.158280679134168,0.108414282369917,0.109994202653634,-0.145123944946363,0.0324799965546742,0.180080969719215,-0.139202225674221,0.0669927274353818,0.364690563969525,-0.202712377202284,-0.102113812841782,-0.14146216794432,-0.246623690001845,-0.261366217193755,-0.376535847511506,-0.124489574121405,0.0438826641059068,-0.0801587887068757,0.0732896484620723,0.135679961335451,-0.0273134013794604,0.0397132387195972,-0.139119077588192,0.418329739417534,0.228551050828487,0.779653372445505,0.085785688847944,-0.182495988469594,0.525971112903044,0.189037470162066,-0.248225871956829,-0.340994273351606,-0.326630243138838,-0.152135761306983,0.0503301291462612,0.263740740268456,0.359721864885607,0.168005740458265,0.058851354785433,0.052115290815083,0.0644021960807645,0.211569817248895,0.352351787142623,-0.190862314303014,0.0343292532180767,-0.229212130699021,-0.403483728873151,-0.346278533022713,0.094572357695165,-0.0842352735441422,-0.108076030159791,-0.108404480804038,-0.20561058014895,-0.0636334644565168,-0.15836309403709,-0.208199677327734,-0.133150344364321,-0.0796804749009033,0.236907026828481,-0.22634443022738,-0.016233543558663,-0.0613482654428752,-0.0424540100549313,-0.104536087587273,-0.151014912569145,-0.129077571179028,-0.343325788367912,-0.214487456687897,0.0123883855761429,0.0458690702813671,-0.0973347672206151,-0.0333492987076447
-0.317338452621935,0.528653489743902,0.370743109839958,0.425799819785552,0,0.355129394453946,0.148680119083334,0.436524446411811,0.577892556300056,-0.198448356427971,0.001948086095471,-0.323414924462996,0.0229279717972791,0.25028155171537,0.199181537513003,0.127334051643625,0.133397627512027,0.28068428146382,0.201691162183544,0.0687629381885781,0.134677584028941,-0.057395672935393,0.066773505795126,-0.401026210075102,-0.155682896383219,-0.277148086703972,-0.0592956222719886,-0.181254666628899,0.0469352606498651,0.0787973933500097,-0.144172127938363,-0.0203688045875632,0.0267563932784902,0.0109835650302951,-0.0487562283677096,0.211668821304792,0.203966791720286,-0.0585248825273721,-0.150898431711535,-0.245834079776836,-0.27571111573845,-0.303163981560382,-0.281629819769618,-0.244695001036002,0.00764447341173072,-0.0414848520055568,0.0736389146919888,0.135461464355578,0.237995537120316,0.139374701870561,-0.337720420542626,0.424314829810285,0.0897556084264224,0.514206290598189,0.54017246976219,0.323958041684927,0.349023586495126,0.466487530366729,-0.209549103362059,-0.161615378662831,-0.338512194650318,0.0111457690845228,0.123183845831333,0.323487902105949,0.164804354198328,0.167012732443838,-0.0117666645227224,0.0768755507258032,-0.109831114708658,0.179751208958872,0.198013337095126,-0.133414818222191,0.0949293830366877,-0.284074654376298,-0.408614016995157,-0.315719502164634,-0.0205088907112844,-0.161812613643988,-0.173141891404755,-0.160623633979662,-0.218682860895811,-0.0759364547709682,-0.147057873598283,-0.202036733407688,-0.185234488010639,-0.0937496905003938,0.126390571646903,-0.245941952058087,0.113637476808605,-0.184497032606959,-0.0504960223713676,-0.0321833813848785,-0.263863993245312,-0.301615370739384,-0.439441625834087,-0.312169127633976,-0.0612915815984469,0.0656550568515887,0.155939993247756,0.0702475247052625
0.177698639023548,0.242786400914754,0.65753626530452,-0.117145740830824,0.355129394453946,0,0.319161275648288,0.302526340838617,0.517231189676472,0.395710459828675,0.508974669927598,0.283630274194964,0.36946611243036,0.397951856581033,0.227871430320198,0.0772433569228097,0.276221927406947,-0.0722584483136322,0.292334970748121,-0.4471408780798,-0.22844665602462,0.304439469139996,0.0756196012896168,-0.0263130409953837,0.410834696868771,0.0580748934191212,0.0727519309837949,0.210475863437243,0.0715996319023875,0.0936520289551563,-0.158917272640684,0.0732734240915712,0.0154602717081144,-0.146490053004128,0.235591055956058,0.37917775280494,-0.0171548239580541,0.326679026188416,0.291506805654892,0.337360502432525,-0.0631750553409436,0.120815149468399,0.129176108222903,0.0182284428375278,-0.0558135760086399,0.163479296761979,0.201766473672485,0.142493977857552,0.716427743569736,0.197249491782799,0.034671914327414,0.384143140352366,0.113012584116801,-0.141945855824936,0.747099398400556,0.835112139531045,0.174543208021034,0.480151671156241,0.401237405538243,0.433480386659671,0.240476889328754,0.38636316478308,0.362299311880274,0.192889065449779,-0.118000288493314,0.256022532042169,0.285334843901456,0.203249109839131,-0.0368205833982052,-0.0786930495964966,-0.0841187475219109,0.200794950274715,0.0681126839391738,0.352975889582505,-0.119485262242534,0.174105811086338,0.103966198504142,0.116047878950622,-0.091736943311551,-0.0308025857402419,-0.0557729969753908,-0.130217774119664,-0.0866876686627256,0.0588549214445495,-0.18108857315171,0.0498747650124988,0.0972906929732622,0.19169178481968,0.46806178693724,0.0604388886413633,0.0459958578122353,0.256209585345265,0.205699038288124,0.204263459947612,-0.112112601807375,0.125944627073436,0.0212782598833428,0.0743891026432063,0.67470511171355,0.39706247763856
0.00380828890648059,0.271798875833136,0.178787408842113,0.193570263847774,0.148680119083334,0.319161275648288,0,0.374483439274925,0.347489086648068,0.176886717121237,0.236817300782499,0.0716832039664607,0.131958388680694,0.306911023610632,0.225660245205648,0.406062817204372,0.402472117573348,0.120060986697459,0.418237240603588,-0.295938367499493,0.0360556299585677,0.0821396337700043,0.128432712612882,-0.0769591930742979,0.241946681673928,-0.186392094755549,0.0133832348395957,0.0297148556816099,0.0678227033192737,-0.0631955320522702,-0.13157277353885,-0.0792150519068028,0.107090546007064,0.0522165794279356,0.0909379506203819,0.188644303845493,-0.0383294455013555,0.2248402928035,0.214663950342041,0.368277446432049,0.0963815523377202,-0.0526250015220033,0.00933221459192929,-0.0317967798006385,0.056428299054767,0.0101734268266265,0.184025979303521,0.130672468570878,0.398987616691044,0.213994557547205,0.091969013817772,0.382080958849782,0.518071824543511,0.0958213898005324,0.329745741461817,0.316327267810945,0.501997918599109,0.343316439726147,0.200738492617787,0.144740652254651,-0.000503184829079856,0.16630425099174,0.201148780090369,0.345320083225364,0.171501748234175,0.19596614440707,0.656662149193701,0.337539462659197,0.0927258507028041,0.128026177262125,0.0394691222807302,0.00173230415461849,0.0996741360859275,0.349865088057026,-0.0075593770661097,0.024473152614031,0.10406901400152,-0.0694143190368627,-0.117289082012721,-0.0342420618292016,-0.0144488310826516,0.0255521655195549,0.0398206237235206,-0.0287983767352573,-0.085486168902577,0.148637394970528,-0.0222716244738013,-0.108692291532237,0.230214408283844,0.340850592600458,0.0787725363619463,0.16741213724558,0.161491884397435,0.0434858802427802,-0.225097028918211,-0.14465035109321,-0.100020842409924,0.0885804829581867,0.324560711467353,0.246352492982198
-0.0481418490379781,0.450511802755928,0.271541913273197,0.469482221302319,0.436524446411811,0.302526340838617,0.374483439274925,0,0.70450507479811,0.090766491187252,0.164088979119418,0.028968624146212,0.135916810452205,0.312172434991508,0.285000412114481,0.127071664771016,0.205736711751621,0.542516091203388,0.359710936578028,0.12851354386657,0.295350842607749,0.0503088894807558,-0.0397713028804258,-0.20842318508767,0.0906823866022593,-0.111830638180732,-0.091486856716577,-0.0961363624412179,0.16723275689413,-0.010196523357414,-0.0583386064196253,-0.357907720003939,-0.255217696838457,0.139885181806235,-0.0357086052158612,0.225877599480158,0.148585615094286,-0.0225344707647557,0.00840718674798842,0.02329462797237,-0.105396078499835,0.0328384147200767,-0.0470971006663928,-0.151162272188555,-0.0288621082758183,-0.0376675991148824,-0.0445250001519008,-0.0293598247005645,0.210985508634546,0.113816844976625,-0.0928808111394632,0.47591261674625,0.253521618615993,0.347773554801611,0.487050171698961,0.300915807831172,0.721230709803979,0.755795182934515,0.0985142826708031,0.136988900098637,-0.00163096887917044,0.0847832412070044,0.0574539380105322,0.305445134105643,0.220586989613101,0.116246168702527,0.170358118798157,0.228521381542622,0.0338755651499564,0.403299292108236,0.268623196381956,-0.0583862711799905,-0.0362959333949844,-0.00974764706670127,-0.24108090234608,0.00388787700026475,0.0742778767533525,-0.0937607895209784,-0.205605476863315,-0.351403285689115,-0.20540418499192,-0.0518472972284466,-0.146551069547568,-0.144019449133239,-0.249062886351867,-0.179420685909655,0.0681733492538358,-0.137114839142205,0.167586921576524,-0.00390782052505607,-0.225767599766214,0.086826358522638,-0.0478643693912837,0.0626545048174487,-0.240230993530458,-0.0900242105848503,-0.129640814994433,-0.153867275525907,0.176009257465023,0.0604920190408641
-0.114011557511036,0.446761516465358,0.522359741619846,0.270538193649878,0.577892556300056,0.517231189676472,0.347489086648068,0.70450507479811,0,0.0605450364052666,0.184657519391415,-0.0446313344095187,0.181488831629921,0.275270360961188,0.254423820252165,0.103864725529145,0.208218530980144,0.313853545630065,0.29744454552206,0.0185363997971203,0.12116940816514,0.00725663357100657,-0.0601600983892795,-0.239476161899663,0.0566379951628135,-0.132825651929354,-0.0876521360492872,-0.15009632514746,0.102162463175774,-0.0385532078547808,-0.0265497787095342,-0.275019074723523,-0.18382648672894,-0.0468072433257265,-0.102593284494336,0.367722032548533,0.109870395194747,-0.0123857833900994,-0.00471398521458927,0.0483373548840524,-0.203128135637755,-0.055811720327076,-0.134968841704435,-0.110226734033826,0.0961643995801933,-0.100355198242994,-0.0932148252859144,-0.0381404513179259,0.4005894023274,0.222552268957162,-0.166013737299338,0.478068079088635,0.231397139803266,0.252930871153521,0.682983538553248,0.52378504789237,0.541247185847563,0.803605319627632,0.0810558758553994,0.121436499104005,-0.0263227972305425,0.173323823901224,0.210515638895868,0.369124994676128,0.143356278477868,0.140513048139073,0.250076916345314,0.136431753847068,-0.149817857205887,0.229997065046528,0.166065062318224,-0.0716870886098723,-0.0172908578234044,0.00270420039322482,-0.28772989271279,-0.019222722399406,0.0141420202424112,-0.147989633613384,-0.118569189721331,-0.266993581817324,-0.239872336453248,-0.106903760414806,-0.121101516883792,-0.20828457634071,-0.201379449807537,-0.1905619513125,0.0250674294632459,-0.20263025751216,0.252375009281221,0.0326591231180688,-0.187443107516527,0.0545688123479707,-0.104167293693255,0.0544556328814453,-0.277178869899555,-0.107615131972056,-0.12837494546765,-0.0724603289403979,0.324541625328091,0.142780481725892
0.381191354856976,-0.142950377892735,0.11546025810948,-0.190864284033346,-0.198448356427971,0.395710459828675,0.176886717121237,0.090766491187252,0.0605450364052666,0,0.547030994087401,0.575804711242598,0.219336020768914,0.0825055223788448,-0.023348934820504,-0.0370570578825996,0.0492959524661797,-0.257824238972893,0.049397258274575,-0.407892747690731,-0.358734377535635,0.362452150117389,-0.0965277949500593,0.380402382633058,0.722264376705431,0.32799914546002,-0.0286448303727576,0.36197789166362,-0.00321583618832552,-0.0139594511044015,0.130722056176218,0.118596744244562,-0.0536726802686511,-0.167980224573007,0.195465025574145,0.100008380496472,-0.0194841873972855,0.454446574629211,0.525297585396827,0.570679698320151,0.261994067151129,0.488154339122937,0.428742570249195,0.189036444934051,0.0576288813855813,0.088377403205753,0.0507151228790366,-0.0698461863032989,0.365746513495089,0.150389951039735,0.252843281265722,0.0226943571984853,-0.00962738972216213,-0.330316408819893,0.17754555555538,0.334680995684212,0.00171183486517823,0.0482007200681711,0.821753848674124,0.558212403662602,0.5117392916631,0.131718908431038,0.0445309719173272,-0.239563714122343,-0.373464783063145,0.00184137823319289,0.269564155298318,-4.0569117262236e-05,-0.0393153297913556,-0.29685661235321,-0.283249346094875,0.266820423986163,-0.137880515951772,0.593163596050199,0.129214318820967,0.529094528809513,0.0733579264901352,0.245302749225016,0.1556962216214,-0.014550385609483,0.0923943841021333,-0.101725055094097,0.0171843957251347,0.194879229562163,-0.201187966868204,0.0312063006068474,0.0813853680206733,0.443048863816774,0.188505303413216,0.221580004658914,0.0828989799000946,0.525712560901829,0.565181262476942,0.492622907923831,0.321166808368683,0.401844535118647,-0.0507448595161981,-0.206643667820913,0.407147953592915,0.336747476824361
0.245809430042244,-0.0608845771331386,0.270638791084385,-0.237923840803925,0.001948086095471,0.508974669927598,0.236817300782499,0.164088979119418,0.184657519391415,0.547030994087401,0,0.612049997265662,0.503666105752465,0.295738192413829,0.0633618367908078,0.0181379826885816,0.354960769700827,-0.0698008613862536,0.325153133738022,-0.305960141502004,-0.178598100134327,0.474597612299472,-0.0478469121545594,0.3757257005134,0.615086643917993,0.451058294471956,0.202692874068885,0.343699895025359,0.189832436981017,-0.0156213226884951,-0.13917385453542,0.0466546734320801,-0.158745752825428,0.016801076212799,0.409641114303523,0.143070200335224,0.00697764780641694,0.314955839982245,0.335328188513032,0.338933155615144,0.248897754136296,0.276088745258217,0.450476986610485,0.208471201624476,0.0354081255581809,0.218613537588572,0.110125643868988,0.0301123332350284,0.420153488283809,0.285340938799134,0.106733022953279,0.0854062873952687,-0.0927062275277596,-0.36056277557167,0.279440907530443,0.498091457396825,-0.00240142435385057,0.243496287434385,0.581261867308221,0.732809734628297,0.472554593076659,0.445218917673607,0.22255928075892,0.00180943995982968,-0.168237693369593,0.0846431825267814,0.188004597165356,0.223244012309217,0.10353748538804,-0.120516024358309,-0.10068322120274,0.404689686318976,-0.0784183931684604,0.421414077631959,0.26021285205786,0.560299546159944,0.221222918574735,0.158069562012713,-0.078637583978609,-0.159481952083407,0.188013472812166,-0.0414086489085521,0.0633289059606276,0.294193575570717,-0.0629334882683802,0.0537278326390765,0.0753255370059132,0.349605020533909,0.283065926612315,0.213262958819268,-0.109722373679372,0.403903396598064,0.280750155751123,0.228771472076406,0.150191796169882,0.306385138131627,0.0139654827707062,-0.163813783702165,0.504489873552589,0.428566245357568
0.362829945325394,-0.22209292103823,0.0851004079021002,-0.393519756488993,-0.323414924462996,0.283630274194964,0.0716832039664607,0.028968624146212,-0.0446313344095187,0.575804711242598,0.612049997265662,0,0.369953516995241,0.0994999432094287,-0.0972415276912052,-0.164212349201578,0.175562254520869,-0.166224846227256,0.0985214578096267,-0.27951491374837,-0.309236151332703,0.446617297697324,-0.0899220909467553,0.554183674356561,0.580254819705423,0.604951058763947,0.165678668281811,0.34710433666114,0.00697738187156178,0.0462381186363637,-0.0807019357263951,-0.0162250201690251,-0.207465062752255,-0.0490045791663005,0.367247775883402,0.0663909603792245,-0.17278980941379,0.240445824299981,0.291385414953512,0.4129456176907,0.292163390448534,0.474293770725943,0.610003167955702,0.259782870083858,-0.0290386619261117,0.222189747372749,0.0462039793981439,-0.0481287012389722,0.203939129558773,-0.0258930062842777,0.226386839093311,-0.0934076645516087,-0.271431949638944,-0.433002836704299,0.0586520671114972,0.290205672694014,-0.13028146163804,0.0455347272417247,0.537461079283775,0.774357162070332,0.761933504292828,0.341647773623753,0.0476428904045754,-0.216683249647076,-0.325298387938305,-0.0572310773574265,0.0798385587315071,0.0314492356877343,0.038247287020963,-0.16728480250189,-0.270565145652108,0.425360993324444,-0.119066518782069,0.464670370520873,0.432014586623514,0.701472531740929,0.0538040336648978,0.25249978561221,0.022269795352397,-0.122649333040862,0.209226877650074,-0.102824498499432,0.176388440017319,0.366149216441515,-0.00930222665693043,0.0646594828337012,-0.106330097709245,0.406477073013143,0.155615310922426,0.188346790364056,-0.120564711066854,0.315891477782876,0.322269047103236,0.42178866955022,0.494834706848245,0.418441357132612,0.071516648465531,-0.177240779766568,0.307711744493337,0.195415153862581
0.0173780839082076,0.0116486342415599,0.214526589910515,-0.0718554409308009,0.0229279717972791,0.36946611243036,0.131958388680694,0.135916810452205,0.181488831629921,0.219336020768914,0.503666105752465,0.369953516995241,0,0.428072173466377,0.25384640709854,-0.131413304448186,0.431205466595883,0.0303974918057163,0.343105359924517,-0.0407466374971418,0.0594863187835417,0.551547054374894,0.153699581800445,0.280814271364398,0.216592485752109,0.306333826076566,0.232698112828342,0.304097401668942,0.377376360334784,0.0583312004612392,-0.112174466090143,-0.0300024198455695,-0.157905304628595,0.20779891626816,0.469261448445416,0.101325910023752,0.109837585650391,0.0620435017509606,0.133297669322464,0.214302968678957,0.122318833859041,0.0940996302322228,0.243799301972164,0.187390310613645,0.0829079264453766,0.263377015566787,0.196886073340841,0.145390429252352,0.299581624977441,0.282504834098483,0.0209224353122795,0.0850607702612904,-0.148996439632873,-0.191195284355807,0.223002147944739,0.366922440770705,-0.0316410491248527,0.168479203072858,0.19659916339319,0.43468027354883,0.399276105656,0.7896559945588,0.504009756047898,0.151598838729636,0.0342785049293624,0.231660172941749,0.0753965965719174,0.278926195388273,0.302070800543124,0.0380023913249429,0.169880141686293,0.54419482231471,0.0410754795093771,0.266853924031482,0.197771975195517,0.285631678683303,0.33839782170581,0.163928938159765,-0.159062569640904,-0.171555688724333,0.275850750645082,0.0474754103454799,-0.0214227110593059,0.301539401923208,0.050377180114454,0.153648510314408,0.111515263818938,0.264174299243071,0.269054504564466,0.218620989675973,-0.180063620253259,0.181615970641357,0.112413402164581,0.145640991790035,0.0529592270360079,0.183687747291066,0.159462864943421,-0.0159554922359427,0.374560998855581,0.402100596269635
-0.215493198993248,0.150090920448371,0.0643542191529978,0.223245624616496,0.25028155171537,0.397951856581033,0.306911023610632,0.312172434991508,0.275270360961188,0.0825055223788448,0.295738192413829,0.0994999432094287,0.428072173466377,0,0.718362805366206,-0.0533774421052673,0.532010551403459,0.113894728508879,0.674967892422206,-0.0403431692150312,0.434342154380831,0.322064089543122,0.599530782607681,0.0448093092875795,0.0885686570632861,-0.0658392232506922,0.437718731707102,0.392939295724678,0.509822563233669,0.454476250762877,-0.107559013262548,-0.0425312939212485,-0.0325684628330256,0.116812838298806,0.421992301949362,0.114042776779672,0.196712306049974,-0.047029435377763,0.0689925042442168,0.165641824106939,-0.182478770006992,-0.073918755706583,-0.0261879450622226,0.0672159839049033,-0.0623380998950902,0.499423720090469,0.56020313724631,0.503761143532401,0.298495139970338,0.116196958556127,-0.211136159220216,0.134783809454569,0.106153254771912,0.120808533430686,0.367587656928841,0.288214969788414,0.155013491446235,0.317582829570896,0.0705469566224951,0.181575993306707,0.055090722362509,0.403100365790581,0.597006465080621,0.594479676895511,0.507502220533247,0.679917641091372,0.157802577020617,0.579205901514243,0.353466972416585,0.145494974949614,0.506480222325024,0.305397418593473,0.427116640824464,0.206431129209467,0.0518282439341109,-0.0536647094821383,0.54928309996936,0.436823903067138,-0.180736762842881,-0.062955137033036,0.113383385833405,-0.122886325843955,-0.150554553963355,0.150222422846361,0.155150825449805,0.304760773195462,0.298617155035837,0.301930726581638,0.308305337783199,0.0826033868748021,-0.0967401117385262,0.0730833454452814,0.0323418794121497,0.0763769214700052,-0.170300969236345,0.0906813714810458,0.451846384313241,0.362992102417825,0.236978054997955,0.26964677137711
-0.280581110429034,0.138543719289881,-0.0381193972305054,0.304014039532211,0.199181537513003,0.227871430320198,0.225660245205648,0.285000412114481,0.254423820252165,-0.023348934820504,0.0633618367908078,-0.0972415276912052,0.25384640709854,0.718362805366206,0,-0.153602626865625,0.237660081750218,0.139676508997648,0.406170757981411,0.141688555300091,0.533703153715796,-0.0238864048708603,0.624118830687798,-0.0754109352183826,-0.0753747824726655,-0.193748319399735,0.362425916225689,0.359353854762242,0.518975389194439,0.533675296938647,-0.0641510278219643,-0.0722142164800001,0.0196323670444442,0.0391323060132478,0.120289090332043,0.177693772281026,0.37870828012441,-0.262753407905665,-0.0756307441809515,0.0591517935314728,-0.25029844663979,-0.23596490277757,-0.289949503245462,0.0366650365229027,-0.0981033417630191,0.38206843658661,0.406102808599953,0.49954610068396,0.163771267558709,0.082831445037611,-0.266117981456771,0.0820196077124027,0.063489080234897,0.217036787740812,0.261123098166394,0.123143460896906,0.165834218070857,0.277332298181474,-0.0663626578706365,-0.0104461653632822,-0.0282965141106119,0.269361307955596,0.549022059944437,0.557274780962843,0.551795163293246,0.856676554314152,0.0799284060820382,0.331875435556085,0.179625544144247,0.123687635896114,0.611848382015235,0.0334849554997117,0.478501647269744,0.0893173547954062,-0.0583272305846785,-0.172059695853617,0.61078753365087,0.517161056167087,-0.226702434690074,-0.0663237148358079,-0.0115054744117682,-0.135469262971218,-0.222464239641767,-0.0649271309197169,0.220634973066262,0.137103054949637,0.412048221414542,0.237198001353862,0.312703532843393,-0.0291669527905308,-0.170283784373796,-0.134596777486658,-0.116071066463498,-0.047857748656302,-0.281817325990399,0.02318343669622,0.4045292409163,0.404350118316361,0.0864255143710951,0.144162799301011
0.0774603301356136,0.296311471747519,0.212549376683136,0.0875500809952238,0.127334051643625,0.0772433569228097,0.406062817204372,0.127071664771016,0.103864725529145,-0.0370570578825996,0.0181379826885816,-0.164212349201578,-0.131413304448186,-0.0533774421052673,-0.153602626865625,0,0.166920647926142,0.0613669461380499,0.114588200406594,-0.254066752251385,-0.0768545896694352,0.0478180045614041,-0.0520703928233413,-0.174238180799221,0.102075557328676,-0.163169452421151,-0.168928569678595,-0.181750537210411,-0.185979851427932,-0.209352866098903,-0.124766615482628,0.137959093712888,0.165726049015705,-0.0259801059779612,-0.0414486514532697,-0.0660434300523576,-0.208427756646776,0.239066723177128,0.127488939948482,0.0723507329065983,-0.117270690482351,-0.0606250439649841,-0.070312012483252,-0.326068146123222,-0.0518769515439534,-0.21099156915998,-0.00691047925597109,-0.153720832607118,0.08639127486247,-0.000441453468128968,0.246494385185118,0.408155127273685,0.607944624810171,0.0306862277883354,0.10067333286225,0.0988153109810705,0.311087040801382,0.122582915807816,-0.0233546141413413,-0.152024723859036,-0.275761662969539,-0.121077303259278,-0.102887050638596,0.0983320316786517,-0.0322727730873528,-0.163219016859715,0.336797901831855,0.149025284317966,0.0494388128505744,0.142578366595519,-0.148766879649432,-0.020758694563531,0.0784272172132959,0.0713221485531337,-0.0775501345961961,-0.114913396276827,-0.205026481951869,-0.263576681466523,-0.0924333298322772,0.134490536318722,-0.187359425774537,-0.0860755533800847,-0.126390781216733,-0.0417195053588918,-0.161411216668136,0.128291500454279,-0.156130670426105,-0.231015591531343,-0.0273264942361326,0.117653577606628,0.24168930265112,0.110854495008845,0.0890037446930162,-0.0841245671717256,-0.237547546971614,-0.381949226686835,-0.217041742634082,-0.0738142980866927,0.0999057123865364,0.0169925076365148
-0.205239613357349,0.0482199066533272,0.143920633661453,-0.0116305577431751,0.133397627512027,0.276221927406947,0.402472117573348,0.205736711751621,0.208218530980144,0.0492959524661797,0.354960769700827,0.175562254520869,0.431205466595883,0.532010551403459,0.237660081750218,0.166920647926142,0,0.227613936141178,0.790801511849221,-0.0445604051742944,0.30199065799478,0.502792132395346,0.298957996942791,0.260126627111528,0.130455911214279,0.0708690758092785,0.416340121114753,0.24028243597596,0.431105514215267,0.0126003348980069,-0.241721778919195,-0.158684952641124,-0.193781489186767,0.377121406259837,0.594918628741416,0.0249730119198266,0.0322375600911169,0.0504419688885637,0.121012864389313,0.140885257798574,0.156745371191245,-0.069265615451659,0.207548264871591,0.0461589169533194,0.177182304777979,0.303523837861764,0.323099881877272,0.204268079046848,0.280346908693891,0.312898637353687,-0.169835815097817,0.0641515716045827,0.068840584734586,-0.130111256247962,0.200924138222628,0.289141472706217,0.0995023887781242,0.270651180421328,0.0634950785619837,0.256257160424923,0.00798979475378959,0.396070101168325,0.388045353043506,0.482602631689586,0.346391099682235,0.201240545444592,0.193945097169165,0.72908380140855,0.484818420130582,0.330103877591728,0.314327131220871,0.445390710353216,0.281816989337275,0.164460776185326,0.329842978400797,0.0912233136376975,0.332247400704298,0.043299461859342,-0.252770016284242,-0.272549617944235,0.346409265985803,0.135875762875758,0.0655944794811762,0.293403871054513,0.214957428697387,0.194743086203536,0.0631556927351946,0.0690864670914486,0.181095931578489,0.356803658409448,-0.218770368046393,0.101991264057505,0.0680863827323167,-0.00394080744391662,-0.110629371115669,-0.0118136522040176,0.145877981399365,0.0646548513411845,0.263607029851924,0.339283189044667
-0.17294622760216,0.248226353614622,-3.57045720321607e-05,0.393533920891837,0.28068428146382,-0.0722584483136322,0.120060986697459,0.542516091203388,0.313853545630065,-0.257824238972893,-0.0698008613862536,-0.166224846227256,0.0303974918057163,0.113894728508879,0.139676508997648,0.0613669461380499,0.227613936141178,0,0.267341269964512,0.584158642557961,0.547351485213392,0.0756287347983745,0.0630257193048265,-0.094332500050922,-0.234688765279948,-0.0711681732675176,0.17109570893157,-0.134607776699877,0.337437452297989,-0.0843440727808217,-0.0840341706412252,-0.395546148826631,-0.301572089894354,0.645062250607201,0.163444873459566,0.20509811682191,0.289797060723567,-0.253437895811633,-0.14799123846587,-0.233840569768164,0.14026658974467,-0.173504390237859,-0.0746760100585632,-0.0951146522110293,0.125047342340125,0.0526495114081918,-0.0104956858936883,0.0990988952503937,-0.0162546632827896,0.256928835937247,-0.149788382721495,0.160833543352308,-0.0263184077135503,0.363530230747809,0.0579994325484135,-0.0627051008274315,0.431620050410556,0.333803859337702,-0.252478002282091,-0.147714154165148,-0.239673388965599,-0.00929570330785607,-0.0531898893885501,0.224042847100283,0.322895441091397,-0.0248206954380143,-0.155113238073132,0.221044071860868,0.401388540695972,0.750923606165962,0.495033590211371,0.0446055588769052,0.0854660148574736,-0.268554455347156,-0.0158241205122366,-0.152366023054589,0.161372383122649,-0.181536388797492,-0.264200305565804,-0.445085898053458,0.0681727294913893,0.327979206942558,0.119245684859598,0.115063062453304,0.101676458969921,-0.13660302811686,0.174749019313332,-0.173306461023902,0.225441041320033,0.0347865883519483,-0.301845201918028,-0.156102039064111,-0.214139441440248,-0.19048613130164,-0.242139899340626,-0.163993942197101,-0.0147357710316092,-0.0436440868141582,0.00425201039104009,0.129271824237142
-0.245702052410391,0.0743608406118918,0.0838846385741896,0.122540038543002,0.201691162183544,0.292334970748121,0.418237240603588,0.359710936578028,0.29744454552206,0.049397258274575,0.325153133738022,0.0985214578096267,0.343105359924517,0.674967892422206,0.406170757981411,0.114588200406594,0.790801511849221,0.267341269964512,0,-0.0264949382274246,0.474420165523335,0.368774312835191,0.351266575533958,0.139319816825367,0.0973632775711606,-0.0425280221539102,0.426452123131625,0.205878126241354,0.487757231839058,0.128908662450553,-0.213408610787321,-0.149430213941844,-0.187598861970606,0.304334584157747,0.494069718776179,0.0488658239442568,0.0940838143536834,-0.0125259830006058,0.075729654692881,0.138108518418591,0.00491827872217047,-0.0749961238843918,0.10794625823387,-0.00913578352615908,0.0667198697451725,0.34726059466066,0.337374885136473,0.285585263932682,0.250278492760503,0.241676637285955,-0.25451559211024,0.0854777621480028,0.142094340195359,-0.0328480464720384,0.315500687553116,0.269790321379968,0.214988658604115,0.407694368092127,0.0644672689203433,0.2114081898862,-0.0356191858233694,0.337890971117579,0.412371247077741,0.598120821563975,0.518581673625197,0.353041202295181,0.187517761872705,0.779721559362575,0.4630769020521,0.338548786017134,0.460313772844383,0.310247470768409,0.275024840557485,0.165805478753175,0.182746141480131,-0.0123740787087229,0.43812818507436,0.114310345854854,-0.255170701924293,-0.205166892513769,0.196906957357382,0.0103058684008378,-0.0787003843151312,0.179607485134148,0.178839102405038,0.185200071985898,0.18375657896297,0.100358126584849,0.201018752497635,0.21606805716059,-0.235893313524304,0.0409489709915962,0.0309869656400444,0.00545757131269619,-0.193030326695271,0.000847107467438261,0.238122937502945,0.133385992006997,0.177619618327487,0.273811303428179
-0.345448500220764,-0.0366981567591999,-0.306878902826366,0.310140382223665,0.0687629381885781,-0.4471408780798,-0.295938367499493,0.12851354386657,0.0185363997971203,-0.407892747690731,-0.305960141502004,-0.27951491374837,-0.0407466374971418,-0.0403431692150312,0.141688555300091,-0.254066752251385,-0.0445604051742944,0.584158642557961,-0.0264949382274246,0,0.608359066638733,-0.181117799240339,0.0959580842608597,-0.00808307531330192,-0.487162957406583,-0.0111479845173888,0.224193009430054,-0.109435319017805,0.420582095272075,-0.0117175442660856,0.0921926869104938,-0.292436629403586,-0.264816211700305,0.438608186704849,-0.018587556324153,0.0812514460501391,0.479928330002266,-0.529596776474157,-0.381323025070373,-0.36853191428742,0.0446500032728211,-0.242031025871873,-0.264912032823153,-0.0366090333790832,0.133708887998254,0.0458870733477116,-0.105218215261597,0.0660345112549227,-0.325959244907048,0.178120741872312,-0.245766409274663,-0.224557502655232,-0.305299721504965,0.332011154573191,-0.317186191433265,-0.424186341042165,-0.0261350314145776,-0.0267747809688942,-0.422991058539056,-0.30101656508799,-0.230301228860875,-0.0892548711784239,-0.0908079289720552,0.0368214659478205,0.338910349191399,0.00410783754876433,-0.412780724033413,-0.071456789257742,0.247224450146864,0.42843634394904,0.571963616905842,-0.0443111798515928,0.0308949460128921,-0.389391552346979,0.0562193393833212,-0.201667460522187,0.273399481600528,-0.0504789685989417,-0.146448958809339,-0.312215264021051,0.197453665422205,0.225183380641741,0.0335851732489085,0.0353998429120989,0.320147214142206,-0.170584200279628,0.310411110664454,-0.110990418231747,0.0644338983235075,-0.0241869102496706,-0.358856682369236,-0.351623846382113,-0.305954988764694,-0.216348983815581,-0.088909280811567,-0.0497971321898282,0.157502758297108,-0.000318384072468543,-0.293026043932821,-0.0287704480418726
-0.443269460394158,0.0326442924817869,-0.267870125681406,0.418028747122016,0.134677584028941,-0.22844665602462,0.0360556299585677,0.295350842607749,0.12116940816514,-0.358734377535635,-0.178598100134327,-0.309236151332703,0.0594863187835417,0.434342154380831,0.533703153715796,-0.0768545896694352,0.30199065799478,0.547351485213392,0.474420165523335,0.608359066638733,0,-0.0892582193582415,0.433907185867535,-0.0522478882696254,-0.393357189994558,-0.192128044189495,0.388319559447373,0.0329472735002417,0.55993261516679,0.209102117372292,-0.0106469907578625,-0.233229267228084,-0.17755670332599,0.427458808306981,0.126857450205249,-0.00631841131661304,0.39056467499223,-0.469705617863506,-0.318533541190235,-0.247113460036701,-0.148399164772717,-0.30220313928558,-0.298251262908773,-0.0641683255307296,0.0238598234157592,0.267413091361255,0.205370176765587,0.319746367511592,-0.174757325820638,0.137128229037349,-0.343079579619212,-0.0930051475653653,0.00255354078169684,0.312406506094003,-0.0802660261323567,-0.246608994419926,0.159929291811277,0.188710065192772,-0.368758626836971,-0.272864445091616,-0.29072223056231,0.0298530790590543,0.223682161389005,0.499095052907988,0.733695950902384,0.405722365969116,-0.204317457902038,0.414175329878349,0.424743781475845,0.48106101596421,0.831713273625504,-0.0102439092503832,0.32279271834421,-0.253742949941266,0.0414838592807404,-0.313090170438548,0.488389348624331,0.14152625804861,-0.268751355742574,-0.21078518150025,0.0914363215633431,0.0619787892704547,-0.14609860590285,-0.0281967569850791,0.327563112138742,0.00197069367820939,0.353731717155597,-0.0613540961725695,0.0962105614767075,-0.0321328029647414,-0.360374157601417,-0.323844530012187,-0.301467235259601,-0.226152843188264,-0.282956397872268,-0.100325007086744,0.327716001842525,0.236138089349704,-0.225242679843583,0.0110414003102934
