0,0.452244218413145,0.53299928963705,0.385281216383206,0.348425937891849,0.225747803905991,0.211575166882532,0.118823988882222,0.0788776436147359,0.139175772927716,0.261664739839297,0.223750783450632,0.314195166322245,0.0491454934547426,0.0376737393163128,0.602238214162916,0.233804218014722,0.0348587409889647,0.0260141583519854,0.00382159341963964,0.0875105762713187,0.267021130686353,-0.027100368497003,0.153754981956061,0.271665608403745,0.288866774391027,0.1957903086789,0.215334086772571,0.137750453039082,0.0519242754891585,-0.0578978726981767,0.016290004530647,0.0758983497219458,0.101126119163842,0.342838411835634,-0.0535389014240152,0.285600584136506,0.381236339687671,0.438719043113324,0.149837464488994,-0.0460028447805813,0.278389400588086,0.312683760556132,0.099268013085983,0.169527764185659,0.0385110604069096,0.0766111511700143,0.0933461398935921,0.126625517707261,0.0354969294794038,0.332630346861041,0.559288477847922,0.226319392739744,0.175621434289856,0.198436411854325,0.305140735145035,0.137390440366713,-0.0269670445485968,0.14115658432982,0.223844895684081,0.166727040333231,0.232451820827688,0.0120728070074645,0.00299418781675386,-0.0201029502359185,-0.0984229397043355,0.119565830003585,0.137786161731519,0.0569220418367406,0.0158044012842353,0.0672805210802779,0.248456618899907,0.00124045090329533,0.0102087207933477,0.165195306048957,0.349118626539896,0.0794310907105896,-0.0382782532087311,-0.0705859861184308,0.0652026777474323,-0.0669508366826739,-0.0870916718542144,0.326685477116458,0.361761267286417,0.0992492338460347,-0.0512887541024076,0.160356532587354,0.0507952077915517,-0.0363117616319518,0.000397430892359232,0.275526606241715,0.384648612665628,0.174745474483891,0.31444785645768,0.355239359465889,0.196566565239981,0.061132515320373,-0.0410419522095565,0.0730102675605193,0.09304597256391
0.452244218413145,0,0.628930339302675,0.640247881581154,0.56092415911634,0.541389002970722,0.51303913709012,0.46719715721607,0.410682612882816,0.231159558863654,0.22009974905636,0.138197527458721,0.152685238306133,0.00757901395812187,0.0187209364337763,0.707602676333791,0.222549560337613,0.0588648746148363,-0.0721730981550046,0.138032575352142,0.226762513116114,0.164573196831282,-0.0154252762381418,0.0388779456956537,0.116070690928355,0.133105634296757,0.0692599114385527,0.121418730284033,0.0862374533836926,-0.0116880378383195,0.0282872158326449,-0.1265674918694,-0.020997267260618,-0.0808559422574864,0.0936145995422455,-0.236538210013669,0.0624799540709743,0.211522103612706,0.446345761923686,0.243128425216301,-0.0269372548806726,0.130621821926597,0.10749143718554,0.137008478586474,0.120989658593837,0.108561463847472,0.0138378704844311,0.104268751517171,0.4430686711405,0.124684623015641,0.225959244267386,0.761507430160539,0.341718538242881,0.511670342012103,0.515912514954333,0.508382574159823,0.499184981115121,0.358094636606247,0.257677153285061,0.215556329878391,0.156102941994376,0.189189581311763,0.01146485763119,-0.0272067752254674,-0.123026821698931,-0.109506093544669,0.381144537937348,-0.0277422990443224,-0.0577394688665141,0.0775883447331249,0.115952788410116,0.108072014555493,0.0161565319140656,0.267481886062121,-0.0503299131030556,0.147307244743915,-0.00522963671034291,-0.0969378615775113,-0.0424132947367738,-0.0624746135022462,-0.163575156029492,-0.0682861920544079,0.0590908804760289,0.144320496962848,0.0173827530887082,0.0163296903117002,-0.0677372298638922,-0.0230425249343898,-0.0803743740236028,0.0386125333117266,0.0513020835329284,0.200129264070588,0.229201533829383,0.181267938123082,0.107409783653444,0.0646834206394065,0.0873836192243544,0.056766661982403,0.376399372345331,0.00426257131799595
0.53299928963705,0.628930339302675,0,0.723890095141646,0.62048595130886,0.609536639448882,0.585153847461757,0.544363999950356,0.466034897588774,0.114509058049238,0.337490435106195,0.232527847089602,0.289233051105856,0.0524432405455405,0.0213455830918983,0.554351114356614,0.395308672173691,0.0304418296254903,0.0340742097479877,0.127227278815952,0.263305938740389,0.293909866370309,0.0770281285579355,0.137856100723194,0.100180638920205,0.270442272030008,0.155118069172644,0.224678081930186,0.250149271608286,0.00147281482111348,-0.15515128463315,-0.141259321536059,-0.119655489416915,0.0444340203954039,0.242504727058119,-0.142794403443708,0.319508857566247,0.167890468237636,0.563744198256525,0.397906906534058,0.127724960365556,0.0426843876432784,0.171244403469176,0.122067233189616,0.0595636824962748,0.151841017518197,0.0659658910741313,0.210167232890419,0.444732741203408,0.252492703071698,0.0131227000067185,0.684905480490864,0.0806124092083823,0.30732290165783,0.564854413140823,0.602156175402363,0.521005555982279,0.393228379363992,0.152688799351563,0.419941303669626,0.318315649436476,0.347527276033262,0.130305200056056,0.0738889753699166,-0.0310456246607043,-0.0909834573864521,0.388252288256337,0.136850421969669,0.129325487889632,0.10358258387693,0.144107202665805,0.3398220606264,0.156297424189899,0.304164014649969,0.116900547742432,0.342320044331126,0.154587297131914,-0.051559428703221,-0.175811538369656,-0.123983875957869,-0.0407092527208329,0.0471928379422741,0.21796584302138,0.356167261027458,0.137531196350513,0.0969767177517948,0.193882494896966,0.038037110775247,0.0390382156139022,0.200281907668163,-0.137488132229449,0.274614134885271,0.307092037081912,0.144836976104429,0.314981041878621,0.133755223668069,0.131787492670835,0.160328783210099,0.426301349932907,0.218627379777693
0.385281216383206,0.640247881581154,0.723890095141646,0,0.793682459915985,0.687463795126511,0.718237787527791,0.668313200132279,0.568356031300126,0.206512947266365,0.31804577969118,0.178648527737727,0.216653392563897,0.0364201527370696,0.0354425756030761,0.547277481360075,0.311792680391906,0.00611414462165395,0.0201676874074197,0.0821723411565057,0.224558462234825,0.245267042429934,0.0687169930155429,0.0520506667072996,0.0206101638376878,0.243409033512219,0.148016765712047,0.153711955978289,0.153504197243764,-0.00904718802068123,-0.226256751152404,-0.248032191932409,-0.153284157100032,-0.0756998695020413,0.223312911503866,-0.250610043421676,0.179917806098029,0.0394975954788615,0.552245250685346,0.457336949524356,0.0534926050465251,-0.0862858735378081,0.140331521783644,0.115109893422764,0.0122501154187508,0.121821729167765,0.0393811835525276,0.135084516273926,0.542354156274067,0.215712910150794,0.0493719151085734,0.652212047431888,0.206414285198503,0.529411567266185,0.715036604751424,0.665250729344474,0.682778723559734,0.415397988994373,0.205100238141321,0.395921500360484,0.310310442226651,0.318760503380942,0.125752202661263,0.0558113673676488,0.0144377033857352,-0.0612824660902534,0.513310397501748,0.0797462379291949,0.0522553173367559,0.0477933307279391,0.0853848607104749,0.240525641012093,0.119556892339575,0.372540885857055,0.0215102208617322,0.233257116709651,0.0702440616979141,-0.0907468946949593,-0.280481159527958,-0.197549443757493,-0.101720987432509,-0.000631298016259485,0.193120156359112,0.313715043470054,0.120494822315111,0.0629774109023141,0.0418151149544018,0.0301163212536371,-0.027618510196092,0.188683227574935,-0.133464753802931,0.137478783691744,0.355225054307159,-0.0293801302700541,0.231615934035367,0.0702154860912874,0.0878223677615638,0.107505538777171,0.460746297493371,0.101458026153406
0.348425937891849,0.56092415911634,0.62048595130886,0.793682459915985,0,0.701121420760856,0.695873001005317,0.616293504390363,0.539817619014324,0.245891080992295,0.249863253403245,0.106506071019905,0.164278146308741,0.00442350200129198,0.0344336737764121,0.48120531103698,0.23740921483521,-0.065701533363968,0.0284043127880609,0.0130902132092114,0.137273625477404,0.187905449833378,0.00477471707373323,-0.00475954304747358,0.0391500174176255,0.181471311766504,0.142777143674398,0.147543247858388,0.0636640491581499,-0.0260718282692661,-0.224093184553054,-0.247887937843731,-0.117305860603826,-0.12916266355949,0.19287950439416,-0.297006015525449,0.0845157074676914,0.0604328712368446,0.534725116585487,0.431886070268869,-0.066648017971203,-0.0857480308602729,0.0977117563440897,0.132193049277857,0.0158748962071322,0.0988707665166242,-0.00969576306245111,0.0713247339882005,0.528834266232719,0.119165202834467,0.146612214896127,0.588642653373195,0.289810952146396,0.582950613703699,0.734220097186476,0.660141362500962,0.661657799574033,0.336036769971208,0.217907604837295,0.266833151518323,0.190642765519939,0.25661057704989,0.111378609395378,0.0290573605542115,0.0291720057495212,-0.0357734610660636,0.50314336289949,0.0103487508358429,-0.0377478657657126,-0.0135554809393069,0.0218053052739534,0.16732648849422,0.0669985026669065,0.316505916472169,-0.0497902373099065,0.140504709550885,-0.000896686885972507,-0.0998423925824522,-0.263999132327758,-0.206775055138782,-0.139599863259426,-0.0699783007946917,0.20675109324877,0.275800187745404,0.100767391724144,0.0129438699898692,-0.0551384812670341,0.0443059051454875,-0.10563369130165,0.116798937205388,-0.00915842888787095,0.148780708354806,0.36804144068267,-0.0738023552744748,0.154935346924321,0.0650173573927134,0.0528798230761109,0.0262104326495349,0.378615513226638,-0.0114958594095697
0.225747803905991,0.541389002970722,0.609536639448882,0.687463795126511,0.701121420760856,0,0.730509188519996,0.700824549728852,0.619145582972212,0.357647942556533,0.19025142189805,0.172332546060733,0.154605454013862,0.0113536671836827,0.0613640969911171,0.368450374672269,0.268747339394287,-0.0563086734613505,0.0104785095607886,0.0662086570785966,0.209363339168291,0.202031186742739,0.0113875626114449,0.0158567411158624,0.17289044922135,0.107163773144605,0.153270092790345,0.181075802891691,0.166082069430694,-0.0778208031434504,-0.074052572377786,-0.277441239316324,-0.223895037151091,-0.115559439524989,0.113138683674362,-0.255714291771013,0.143553447310097,0.144381820606889,0.500224661261713,0.530169939251708,0.105229653367417,-0.0195286012462389,0.0536122109975897,0.123369288510409,-0.0016043633639283,0.128512420694005,0.00538080128775652,0.136178008942451,0.711609815695454,0.241437934270861,-0.103213119741156,0.530989089552574,0.168178658651339,0.492250936003074,0.776969032029149,0.761774424918115,0.658452248158392,0.505104871052558,0.364925738245763,0.272852362752827,0.11762552385498,0.340586463886637,0.110687847117883,0.0777210796128516,-0.0232457443646243,-0.058650675430967,0.562350021937944,0.0120134156895795,0.00423049139315019,0.0357320569194251,0.0687462314932568,0.196852232772207,0.0688394197443253,0.491583666780921,0.00924142532203962,0.0655826821104019,0.0632954631193611,-0.103336435470547,-0.0993843903221765,-0.281957045604809,-0.121708990091372,-0.020378155264735,0.113504929338828,0.217690185748414,0.119556352270271,0.0786072729671008,-0.00987187422555511,0.0241437446793135,-0.0584774769209481,0.184975919968776,-0.153447905140426,0.19219198974292,0.481106641976139,-0.00781079049357236,0.0560158133539937,0.115934851456165,0.0961277589743017,0.108148383906435,0.606726170879225,0.0977973314273956
0.211575166882532,0.51303913709012,0.585153847461757,0.718237787527791,0.695873001005317,0.730509188519996,0,0.740293244926808,0.644159929391688,0.348085589993793,0.301648128242728,0.180461848055377,0.151849478973574,-0.0352496886611425,-0.0472941688854026,0.408235382130068,0.248790833426884,-0.0811273675881038,-0.0741823435520365,0.0235826838146356,0.176074643207981,0.207641110926654,-0.0130313826801114,-0.0806166007092327,0.110012843939386,0.176339153325075,0.0692009424781168,0.0507612580998735,0.0719032568917337,-0.12863655577156,-0.140950644957164,-0.259709000143263,-0.217320046382593,-0.175988968108867,0.100590376101331,-0.320347889464611,0.0820107705517507,0.0874131225647957,0.562117714105553,0.616047316443325,0.057201953482485,-0.0809130655463209,0.0731000554635978,0.10713529631277,0.02814586984396,0.0297244540137314,-0.033657529106686,0.0582880496511871,0.682153812764294,0.190396066597641,-0.0808951046039074,0.498678427472111,0.188521122105018,0.525177841129048,0.77781068812073,0.736959666308895,0.763168865119555,0.45894246318057,0.32392431110963,0.343241725140208,0.205711303770458,0.235581712199636,0.0204517799510683,-0.024496239378216,-0.0643925202316686,-0.138697745558902,0.653961915912912,-0.0877394580092336,-0.0665753348261493,-0.0457268986585119,0.0390399014783133,0.146919921369096,0.0413133208083601,0.495744234197575,-0.0685664912750235,0.121555345787213,-0.048405433187693,-0.212601652215694,-0.17240234876263,-0.264607509757202,-0.176478974624884,-0.0268935162742337,0.13079472400952,0.215655183163031,0.0555026341523879,-0.0212737251113135,-0.0814991740711621,-0.057475809899842,-0.0806581049844434,0.225950286625952,-0.18813248654941,0.0904380534782454,0.404156658940358,-0.0871639441414886,0.128247907029027,0.0241097109963485,0.00472381326114683,0.0116026543779787,0.52794812128379,0.0157449960640074
0.118823988882222,0.46719715721607,0.544363999950356,0.668313200132279,0.616293504390363,0.700824549728852,0.740293244926808,0,0.8089303142429,0.330430131237066,0.308441689310818,0.19632518532162,0.0621728412284581,-0.136696572788624,-0.132123492944818,0.298533036093636,0.26890388578037,-0.158731312331481,-0.118795587226676,0.102370512798056,0.248196493218941,0.27307009800251,0.0107541821956417,-0.0164001858995519,0.0254748326216982,0.10380350708237,0.0832432395967504,0.0606863001736416,0.227994659665452,-0.112491608385034,-0.0334933433951143,-0.246333550945677,-0.229032874902481,-0.199740757539237,0.0425973482313268,-0.29991642656448,0.180939584636126,-0.00871066302100092,0.411699963609599,0.645466273112006,0.292843445842733,-0.141206043076907,-0.0539287066918748,0.059599964025147,-0.0849409415293109,0.105872324671972,-0.0744226788104623,0.101436637793655,0.709591484929499,0.322812199141742,-0.149119429700489,0.418444642304885,0.0134321207128273,0.369121814482088,0.759857407220616,0.74293504644221,0.792380053382208,0.691131523215774,0.32338891122862,0.391624730354773,0.234044618078646,0.289230771434457,0.0756873726747121,0.00288215541875523,-0.155672038255665,-0.159473931058803,0.712666115427679,-0.0738069547909549,0.0352732501181231,-0.0704522340272725,0.0279711539947606,0.222663748382844,0.128475637064149,0.560888470166088,0.105135937763535,0.101632534821553,0.110913885712101,-0.106050172964887,-0.0824920367429245,-0.239308728525153,-0.050690763489264,0.136053069276276,-0.0181895145321878,0.193302990731612,0.124650700016766,0.0677368718223328,0.0362178176455807,0.00144570606244232,-0.0233191839490521,0.444193153990055,-0.279661751356065,0.0614228559281166,0.343447830406156,-0.0979831226937108,0.0769167127983069,0.0430488486398004,0.138241098790378,0.175579587552634,0.648175516237146,0.207935897841568
0.0788776436147359,0.410682612882816,0.466034897588774,0.568356031300126,0.539817619014324,0.619145582972212,0.644159929391688,0.8089303142429,0,0.365316626503463,0.339603872844784,0.178624194495398,-0.0112250740490695,-0.231953750584056,-0.248074628486112,0.231671434277785,0.300552593237622,-0.223652841268655,-0.120262328211364,0.110953701828717,0.265796659833045,0.333912410163195,-0.015617834810204,-0.0433298346416887,-0.00802560102094147,0.0659130932895877,0.0350358776149319,0.019853618696795,0.281145878758022,-0.157377769207181,0.0384519361634599,-0.213663056454659,-0.232914452828798,-0.227289495515405,-0.0444378729325394,-0.277697245237791,0.190318119699041,0.00712268866933945,0.369307060061552,0.618649595907778,0.364828684000248,-0.148650021555415,-0.133387933390659,0.0914125590853374,-0.0604351377102996,0.0844015595059787,-0.143968474021235,0.0980168046299669,0.652111817687569,0.364323551278225,-0.152534235117989,0.338481969685145,-0.0289676961855713,0.289368164461183,0.666505249195708,0.708627496203452,0.749598431708939,0.758218380125425,0.328800853425077,0.379213452068644,0.217726099578102,0.22485344970794,0.0910023794895172,-0.0481708382053355,-0.201142865143903,-0.219834256037332,0.703014646400893,-0.126570848990191,0.0558944166532345,-0.0913147161115798,-0.0309945332293966,0.211928513051634,0.141067422210449,0.54636551529958,0.130206686920782,0.0710543683766806,0.157168351427207,-0.123359127694272,-0.000620010207750949,-0.207593255242491,0.0132080377046431,0.236166387936673,-0.110629701327337,0.106970471929738,0.128990268566621,0.0521960723952138,0.0388301382388098,-0.0452250826024509,0.0154705994387909,0.544182879339254,-0.254155156663966,0.0223026031856136,0.263936650800776,-0.111457675713716,0.00817385115119776,-0.00185298103997325,0.124754994069368,0.202223063807186,0.602819964706265,0.25712555099585
0.139175772927716,0.231159558863654,0.114509058049238,0.206512947266365,0.245891080992295,0.357647942556533,0.348085589993793,0.330430131237066,0.365316626503463,0,0.199399709095336,0.228004420840308,-0.0209199000698484,-0.203470533919302,-0.117449300707622,0.205913378712619,0.0237789069795604,-0.220717584186972,-0.116110053463767,-0.072621322900067,0.0610121257980445,0.202703267217301,-0.155998144409733,-0.0271613416324192,0.563712415561322,0.0347124770624518,-0.0558532985420591,-0.0953780790399503,0.059594423884396,-0.176812756138691,0.250793666579722,9.95134199896429e-05,-0.0838192795496312,-0.214274651001572,-0.0426853694610277,-0.32238363369577,-0.00253104585106533,0.419709278678735,0.385455361900843,0.472485336966705,0.0925273468998766,0.272265306460959,0.0424867724743397,0.0772891394158648,0.0324984015253754,-0.145769977480687,-0.195750567472409,-0.0942261988395698,0.366566200730669,-0.000573539225651238,-0.0387920572364564,0.173929341443237,0.131403373328641,0.162894752403511,0.346841596787591,0.462094232471359,0.290170314873828,0.213489240571448,0.668581914180155,0.074758844083484,-0.0130452750440138,0.0382476558306823,-0.0443157930629642,-0.060089575053,-0.0974506476824552,-0.173181230353793,0.449237027747468,-0.184589763335991,-0.059570663093375,-0.120780255140439,-0.120084461594707,-0.017959117983091,-0.0780133522463302,0.405696241716657,0.104003514295753,0.0797759784249617,-0.000559757021295693,-0.232842744080119,0.226714173410766,-0.0618590835513396,-0.0639226200703494,0.0019843743966643,-0.0142464187099712,0.0162150351176276,-0.0473060534619799,-0.0955574638729526,-0.124813890181613,-0.188682750589721,-0.137654404919923,0.154993103701425,0.125328988697856,0.261674200237241,0.410831256470521,0.194948746039369,-0.0990575497265701,-0.0115997453284157,-0.105660468692092,-0.0957381995686108,0.188326297244556,-0.0280781269037309
0.261664739839297,0.22009974905636,0.337490435106195,0.31804577969118,0.249863253403245,0.19025142189805,0.301648128242728,0.308441689310818,0.339603872844784,0.199399709095336,0,0.407290904583287,0.382633700265621,-0.0576261881569459,-0.0789069708285469,0.17954609106778,0.382378816725148,0.0372367477618413,0.073053966631589,0.0962715797388211,0.196668169834383,0.449810351786333,0.0188899024139934,0.243902445729538,0.16933284137518,0.5855462760531,0.0141792207463496,0.01032888674172,0.196039992915882,-0.071605770808933,-0.121906411362464,-0.0609047613891926,-0.149752900815041,0.0941137689818519,0.24670154823656,-0.0527604065952909,0.331208777075317,0.113649700147807,0.375927874170662,0.331950915512143,0.325369053344109,0.239151723979469,0.399602961383498,0.134495334847574,0.198515724062502,-0.0675896314739454,-0.0784066534851596,0.0465514412521399,0.230623915500712,0.319225752368481,-0.0104602214796533,0.241234535646615,-0.0563989282566375,0.0424047389807121,0.211255473890535,0.314922653385574,0.286078175884469,0.29463522803104,0.224709534407529,0.597073353240168,0.605278174301267,0.159861399476618,0.0629529042366878,0.0251510359175267,0.0107786864569899,-0.158893263867212,0.32679231092109,-0.0121881338517377,0.106024432454025,0.0576710710738105,0.0620552714760306,0.237835940514968,0.095711090337906,0.297006217098619,0.211251929405598,0.550198113058913,0.0922798078988992,-0.164056218987845,-0.183121734403677,-0.0586479236294702,-0.0234697569869813,0.125254082829024,0.245072107300645,0.210141967342607,0.0198833642122425,-0.0659084147896507,0.231006879566081,-0.109695478275478,0.0639424063698438,0.28972431222689,-0.0673130529568167,0.198148107314134,0.208332221307315,0.315098388402443,0.436649917625639,0.0525725308647164,-0.0314142709617347,0.0178047696582708,0.327595290284833,0.288905367672656
0.223750783450632,0.138197527458721,0.232527847089602,0.178648527737727,0.106506071019905,0.172332546060733,0.180461848055377,0.19632518532162,0.178624194495398,0.228004420840308,0.407290904583287,0,0.118929875636032,-0.0272394303996644,-0.00542568048950458,0.142800575919566,0.156598157117975,-0.0866528498944582,-0.0633097006167571,-0.15252029096713,0.0052784493319428,0.184606275469299,0.0256675831903045,0.353618410410604,0.236324547216046,0.470446272724296,0.0706389241212351,0.0222994040873092,-0.03575399629022,0.0634684655756397,0.0879341587251785,-0.121244444290302,-0.202759916105981,0.0226159586190272,0.127322194564002,-0.0257586645908737,0.155656433956043,0.0463999629477685,0.241901446629978,0.285450394617367,0.213572932248141,0.331708401375462,0.328669719105119,0.131875750247109,0.142980504370301,0.0202966375382018,-0.0183540215464401,0.0761191074171748,0.237029343577514,0.0778448195137204,-0.145981119434455,0.11246965362851,-0.150607928917037,-0.0451605848305878,0.187282637854342,0.198527992432965,0.124494202896367,0.12516447860748,0.371575757271092,0.457322037803416,0.414638528777177,0.0469608400275204,-0.0571071708360281,0.0254227882021429,-0.00922558937836859,-0.084764846947059,0.212490491463666,-0.0590623326607032,-0.0490939342717863,-0.074842877380671,-0.0604220932546978,0.033481302590817,0.0339031236386256,0.345398333011607,0.284861090296428,0.427639025333986,-0.0882550718392249,-0.013877404217914,0.0408375215117696,-0.125798942487818,-0.0853375253444258,-0.0749746355905819,0.224449182449338,0.0922017546770016,0.00336567790080406,-0.0742072612215356,0.131742971137316,-0.0277807174028146,-0.116262756160781,0.145690757942128,-0.166237110625922,0.155396269268539,0.168736989040019,0.389622156284369,0.259862943626641,0.203466941770125,0.0513230778788244,0.0521844303409386,0.316883711087939,0.126246048068502
0.314195166322245,0.152685238306133,0.289233051105856,0.216653392563897,0.164278146308741,0.154605454013862,0.151849478973574,0.0621728412284581,-0.0112250740490695,-0.0209199000698484,0.382633700265621,0.118929875636032,0,0.406208912391454,0.238604908105637,0.27854993918732,0.385587016185989,0.355502062391239,0.290476548634019,0.0506684956826706,0.0872124306344428,0.363671534144339,0.20481818647716,0.318208257693174,0.135732692781299,0.500091654555274,0.351560647138041,0.349417796015666,0.203233526161169,0.135727277766555,-0.310872559784931,0.10253007065249,0.126390254276437,0.440950644559746,0.564583126308599,0.183586848824608,0.51534818729201,0.133269597434445,0.172335077470841,-0.00534211818737631,0.188126153019196,0.285690369444166,0.481005220836447,0.118345775178547,0.152217560100898,0.209523048518102,0.40909754015011,0.280242539855229,0.0505664095871759,0.269322319920627,0.104337283510899,0.240836635104301,0.115935630036707,0.108358858371064,0.0650321779694806,0.0962498402679116,0.0516290698207343,-0.0117631818536447,-0.0397348919115646,0.32017495758303,0.352833987980197,0.538319001984097,0.173562767703447,0.199146797511003,0.110331958006097,0.0679828421816738,0.0427957359150808,0.349013069830904,0.133982657937199,0.237824717700374,0.222860700153923,0.430245381774628,0.135701980892032,0.0860408231898825,0.253924420729347,0.425586325246427,0.194007486009946,0.0993463304552407,-0.340616841248773,0.0619259147712688,-0.0400941856544286,-0.11735742336721,0.438583562878158,0.458576212308763,0.223566451477972,0.181943273198666,0.476804091560254,0.282627526659826,0.124073305548286,0.019284077803031,0.0858560821735846,0.0918848724307425,0.0620222383055638,0.264623680225818,0.425827174996704,0.271904253167918,0.205427418772294,0.0722911131787836,0.157115113097774,0.284755936448497
0.0491454934547426,0.00757901395812187,0.0524432405455405,0.0364201527370696,0.00442350200129198,0.0113536671836827,-0.0352496886611425,-0.136696572788624,-0.231953750584056,-0.203470533919302,-0.0576261881569459,-0.0272394303996644,0.406208912391454,0,0.672547192695862,0.0937983689034082,0.00548349735344089,0.411823342511892,0.308449743004328,0.0294492594167664,0.028452391682245,-0.167677795469706,0.408148768138767,0.138093232062358,-0.0795542746579416,0.110760424487762,0.349237957853563,0.250223725171848,-0.0819166306581505,0.274363805313173,-0.171199723952104,0.146077925691768,0.191697196015935,0.25426887559737,0.343967609330334,0.190491162193965,0.0994785151440768,-0.0988661481164672,-0.105495061868381,-0.210144018009703,-0.111733832833671,0.0955235847687295,0.189652251879551,0.00459254287398251,-0.0759805212453654,0.285340611747878,0.652069682690872,0.307676618046793,-0.147807721516912,-0.0405287914112327,0.0913719969769314,0.0685635342271652,0.196771961113024,0.132325534824708,-0.079517121806247,-0.157823487676638,-0.122431585536285,-0.228763195147072,-0.142621497457886,-0.0140042533505261,0.0959949123680731,0.287445655446508,0.320755372749006,0.512703640500917,0.455465611226973,0.560325863015999,-0.186169373490423,0.362389406910845,0.0375753399494888,0.233213488065684,0.398682000894682,0.196649101529345,0.193844345489809,-0.0726324825912898,0.0754295811981228,0.0968153045388595,0.0820104214306266,0.316846710811074,-0.226142962045553,0.145287085813237,-0.058408571723982,-0.331471347297967,0.102094743361607,0.221678763568484,0.197157096009015,0.437008277907166,0.154403823096142,0.351682378755666,0.0275085853230723,-0.308170464565086,0.111695034368535,-0.0783433360220103,-0.0991588259081646,0.0573889336460753,0.158619050536354,0.146259146166235,0.267777765056525,0.119551546175299,-0.0427505760563145,-0.0849206338882644
0.0376737393163128,0.0187209364337763,0.0213455830918983,0.0354425756030761,0.0344336737764121,0.0613640969911171,-0.0472941688854026,-0.132123492944818,-0.248074628486112,-0.117449300707622,-0.0789069708285469,-0.00542568048950458,0.238604908105637,0.672547192695862,0,0.0682796565174626,-0.0614639357497304,0.408273306008825,0.306449571678902,0.0616389368039666,0.0370115337499227,-0.170809337973526,0.354477631909905,0.0945717215012394,0.00745912853675403,0.143483602854181,0.245928892008692,0.277082722022414,-0.0709048764386817,0.435427695322927,-0.129991373863172,0.0620316296668067,0.122873368622402,0.223362743252096,0.269271919434313,0.137396895742374,-0.0074728619866937,-0.0480615405922491,-0.0598330684826324,-0.192822121514139,-0.151431525822239,0.210109255737778,0.22662380065461,-0.0105560645538253,-0.0736023734168522,0.218695855517157,0.465030915131501,0.245906752777803,-0.140738282472623,-0.094677297680755,0.110100897157329,0.0974635959551129,0.216674565628473,0.163059055841742,-0.0568649583700247,-0.129469340175532,-0.132391297434543,-0.227223245111232,-0.058810579354978,-0.0547353243304686,0.0848841746948688,0.177501413376899,0.339535419168817,0.549837098749026,0.619077914468735,0.679087532479691,-0.178967600602321,0.339058109550573,0.0702475903137063,0.336369007934587,0.43805518110222,0.121398650848957,0.208315292633605,-0.0696174041792674,0.0191290365216004,0.0727283877882646,0.112507510349718,0.342533226740344,-0.228798304200009,0.0878268279407286,-0.100914285124552,-0.338341150204255,0.141282323135809,0.187768029446279,0.141013750401086,0.365803728098747,0.0285416692780202,0.230052434232881,0.0170615192196256,-0.405341638977597,0.147018269278155,-0.00722041023850012,-0.0118129290793069,0.161416889782273,0.163269059338925,0.062164919924657,0.176189566654062,0.13091162649414,-0.0381948084789263,-0.16067781445427
0.602238214162916,0.707602676333791,0.554351114356614,0.547277481360075,0.48120531103698,0.368450374672269,0.408235382130068,0.298533036093636,0.231671434277785,0.205913378712619,0.17954609106778,0.142800575919566,0.27854993918732,0.0937983689034082,0.0682796565174626,0,0.177825452890193,0.0678518678296419,-0.0563310566839774,0.0285977271205756,0.0946642429106403,0.180362971150228,0.0482385185481825,0.103330999868649,0.202459011764959,0.182815105684293,0.180125234017243,0.187375581487223,0.0159782440491538,0.0885958553576028,0.0265422806526305,0.106620803343858,0.255080306934876,-0.0125658603294827,0.232303463797974,-0.167181690921852,0.142647225136029,0.308085170932122,0.412113412069155,0.137443521663032,-0.086420455489802,0.171354396332772,0.178307254407752,0.112218505796853,0.140928432353538,0.16858278811419,0.139862868136691,0.197192671693277,0.305278315530819,0.0474521147409224,0.380528625678772,0.672525660247709,0.458085690508404,0.506442905551187,0.359523216427487,0.389186203025705,0.35320433042828,0.134922674314813,0.201321684756945,0.185284640771793,0.146850178846968,0.257846675903722,0.0191408371853168,-0.0242586385104543,-0.037805978510701,-0.0522537796304955,0.287296538667818,0.0125018067718572,-0.0917988410644899,0.0526885228804325,0.0590205563151377,0.15744167140076,0.0298782732223977,0.137072143439275,0.00904300467248895,0.189098060760427,-0.0232520905600702,-0.0139487704166968,-0.0552767803526051,0.137492840580071,-0.191873396581767,-0.144332437471697,0.179548325551112,0.239795804517139,0.095135001699452,0.011412640989119,0.0140380118282322,0.0873516842830297,-0.0996223144538941,-0.0392231842409612,0.247821433284562,0.215354999517569,0.185868608988229,0.184960989114389,0.206061772458677,0.166915685389697,0.171153117336687,0.0355684613360007,0.204021355823191,-0.0204174043215867
0.233804218014722,0.222549560337613,0.395308672173691,0.311792680391906,0.23740921483521,0.268747339394287,0.248790833426884,0.26890388578037,0.300552593237622,0.0237789069795604,0.382378816725148,0.156598157117975,0.385587016185989,0.00548349735344089,-0.0614639357497304,0.177825452890193,0,0.112713405196084,0.380998829451531,0.289169746135236,0.387644514292989,0.618918975584993,0.266525837189516,0.262509275911073,0.0585640822254667,0.288625400466794,0.126980002227074,0.19247945691634,0.521240887056749,-0.0800643280721203,-0.0982208160654507,-0.0962716618679533,-0.110760313476391,0.327353420223779,0.287336657101036,0.0798635193221293,0.521742048556055,0.083402424510701,0.367480382384185,0.267714032217102,0.380139129203782,0.0589815253997421,0.182281455180789,0.103915149356785,0.138717821118575,0.158354134176353,-0.0024559144401296,0.324841375964951,0.218042048709005,0.493314951601001,-0.153689925653765,0.289445976144099,-0.0188438037974356,0.0796910963717859,0.187929914981951,0.265549341649712,0.242292670950892,0.355514575426167,-0.0201348459457284,0.300563425911035,0.245755949901256,0.331516980009065,0.287769734590077,0.119769903060501,0.0393480664221961,-0.0521688749702282,0.112976139966302,0.319318807385682,0.39696586468405,0.240294072748363,0.0988684719612236,0.454321725312353,0.349597409787909,0.110113568591406,0.225435030123363,0.27591804937127,0.384163517248505,-0.0723853991450973,-0.131201255610895,-0.135841884834453,0.321944735844696,0.403635030932948,0.108194960573476,0.310782020191535,0.17957335776127,0.1349533706398,0.428103722610862,-0.0576765160996147,0.328907979574794,0.366621416486008,-0.0925293778885409,0.101711955923922,0.151513482755256,0.115004929331777,0.25396303507456,0.039566154812526,0.0986222117144651,0.281218776343189,0.222126354956165,0.374678369476555
0.0348587409889647,0.0588648746148363,0.0304418296254903,0.00611414462165395,-0.065701533363968,-0.0563086734613505,-0.0811273675881038,-0.158731312331481,-0.223652841268655,-0.220717584186972,0.0372367477618413,-0.0866528498944582,0.355502062391239,0.411823342511892,0.408273306008825,0.0678518678296419,0.112713405196084,0,0.350404623917217,0.475828629653252,0.336346660241541,-0.0659438024920242,0.201527755156862,0.201153699026841,-0.0577981276892105,0.168232625889648,-0.016158373569343,0.0596808643849556,0.196448005603397,0.0974064122156183,-0.217019592334882,0.0164301720048508,0.106204431743551,0.624964628589884,0.159236512434164,0.479734326123337,0.19554476588171,-0.111728159733237,-0.0885487601093373,-0.287448281632148,0.163074403613329,0.205470570790356,0.293722934292908,0.0930998245429635,0.203012372322613,-0.00414501769046908,0.171098931166915,0.0657266252557184,-0.192259391286876,0.32199705604945,0.115456124286762,0.11822266428184,0.177775378988227,0.133588677701922,-0.13015066233298,-0.173854524844073,-0.0811085802210888,-0.0516365824949822,-0.143203283088487,0.0745153352563512,0.233683611417577,0.183920121187211,0.158600425895247,0.221418590240071,0.268431482230937,0.272346683221929,-0.208615137038791,0.396768058301718,0.367619465597415,0.710093710291919,0.591904248155212,0.0731677816031102,0.102938803307227,-0.0602865605924755,0.081250684164753,0.222060759799246,0.283528141047639,0.0229985163254449,-0.274799246367538,0.0297380893682148,0.111545498062982,0.0183797963219664,0.134108560167165,-0.0054922167370061,-0.157883426563018,0.0434985396332139,0.23922968246575,-0.00941608295160434,0.499831591019661,-0.155445972663191,0.0477356504008095,-0.0160810805843849,-0.112101422523877,0.245495848619174,0.21097836387788,0.0516662735584916,-0.0396295969701303,-0.0301108950526993,5.38356337647702e-05,0.187328253675594
0.0260141583519854,-0.0721730981550046,0.0340742097479877,0.0201676874074197,0.0284043127880609,0.0104785095607886,-0.0741823435520365,-0.118795587226676,-0.120262328211364,-0.116110053463767,0.073053966631589,-0.0633097006167571,0.290476548634019,0.308449743004328,0.306449571678902,-0.0563310566839774,0.380998829451531,0.350404623917217,0,0.340317103584611,0.332428833448113,0.183832416098973,0.430144646274329,0.274693366361011,-0.028914129475328,0.134962497525821,-0.00968110784919994,-0.016458914892691,0.351568244235245,0.0278848638821357,-0.086650762554685,0.135427458385643,0.122368784064371,0.438432839279939,0.1797868015536,0.253912062108614,0.318600797743118,-0.0118103152983623,0.005266041463096,-0.132260203617419,0.18773698249253,0.04583796428663,0.168034079496171,0.079325392826359,0.0931952176927799,0.0378374297915595,0.0550592101787658,0.204406605988421,-0.131813525327162,0.325945325617548,-0.00211862188842546,0.00596859702962969,0.0823355835013259,0.0469254386790789,-0.0855790112213264,-0.121592179322555,-0.127176257052677,0.00416010894557987,-0.161212228314403,0.0541202137052337,0.119848254129177,0.303046845180988,0.471003992173141,0.258095793125707,0.430465166871712,0.395202672364923,-0.240588774577724,0.484435346605465,0.487083925001383,0.477766163566101,0.223038993908621,0.258303164500034,0.377231001820185,-0.0848995451912453,0.143410637227844,0.0820884567240973,0.465034593359409,0.0996159956100139,-0.112692628404536,0.109952662069764,0.452678188715332,0.297195926488441,0.0863058925701965,0.0862336101723294,0.000192335200595319,0.185806865713841,0.328025446549631,0.0443047307663031,0.381458194512225,0.0114265889640084,0.0693379386394644,-0.0738694516159702,-0.0732372292179117,0.0556504931684224,0.0900324476270932,0.0998860732814974,0.0128206339328235,0.162399085799955,-0.0489194424908452,0.198144463841609
0.00382159341963964,0.138032575352142,0.127227278815952,0.0821723411565057,0.0130902132092114,0.0662086570785966,0.0235826838146356,0.102370512798056,0.110953701828717,-0.072621322900067,0.0962715797388211,-0.15252029096713,0.0506684956826706,0.0294492594167664,0.0616389368039666,0.0285977271205756,0.289169746135236,0.475828629653252,0.340317103584611,0,0.7109774911249,0.152299223050388,0.257205294219773,0.0525481795077125,-0.018182879243851,-0.00963117431658998,-0.228506796322942,-0.113181473755126,0.580174586330654,-0.0857223146327458,0.0526821783493234,0.0734636027878031,0.0763743757010428,0.292143937561381,-0.104145699008257,0.178213288942061,0.176092254509682,0.0123373759874837,0.057000177395369,0.00326383989859835,0.329845248375841,-0.02478694705251,-0.00948487634587597,0.013901344958901,0.0954373400302256,-0.0537983957741305,-0.194340101917231,0.067552669802214,-0.022560566706881,0.450281502831653,0.032291050405924,0.175086850539336,0.11399676761774,0.0992184139611723,-0.0117066383387438,0.0512688741378685,0.104710908028086,0.3090712209015,-0.0986780077114753,0.0753306327300811,0.126540760180248,0.222288119063986,0.348460503421022,0.182847554977449,0.0437531795041022,0.152066945768283,-0.0270436192659029,0.351446570158196,0.636877592471554,0.580663333165839,0.561738268125414,0.16353921885759,0.365465544244251,0.030198968984654,0.088954748730773,0.0578724200000751,0.584258619666335,-0.00459883254532231,-0.0142277273997986,0.0587611505287121,0.506687290141534,0.543303522157365,-0.265191065000458,-0.158991151408337,-0.171007164256295,0.0940361655948029,0.131678427983876,-0.167927419412617,0.562396076246246,0.243677113970046,0.00407157202637159,0.0544242968636461,0.0125696609757946,0.0560594543041977,-0.00145020357874081,-0.0799794990374609,-0.0208579768100034,0.218064117209585,0.0488848930835019,0.28554805061511
0.0875105762713187,0.226762513116114,0.263305938740389,0.224558462234825,0.137273625477404,0.209363339168291,0.176074643207981,0.248196493218941,0.265796659833045,0.0610121257980445,0.196668169834383,0.0052784493319428,0.0872124306344428,0.028452391682245,0.0370115337499227,0.0946642429106403,0.387644514292989,0.336346660241541,0.332428833448113,0.7109774911249,0,0.260520742912734,0.299612554990447,0.0685999659108545,0.0673993715197173,0.0620102211426479,-0.24847861818447,-0.143064907338648,0.602802918573984,-0.144673784282956,0.153888406261302,0.0347495487629419,0.0142790302324152,0.21585033223973,-0.0809266868726045,0.0635863621747247,0.199052256710849,0.0679160208511047,0.188686813964689,0.184802825598008,0.389592437004893,0.00281519468035325,0.0201389573416917,0.101760554289893,0.120844519371653,-0.101313160996767,-0.198698204199802,0.0621996663780988,0.0908756376519707,0.423848523923374,-4.40259112153215e-05,0.238777522918908,0.0991973458042773,0.13309877545988,0.134808877809011,0.208724645756512,0.218714130990606,0.411304555168345,0.0169922632765492,0.185582758522964,0.174299209474845,0.242493419993072,0.37330437346427,0.222449383179369,0.0503628586855312,0.118139440357216,0.0867862472477405,0.323660655417612,0.62589336432191,0.468737205439481,0.583154736756695,0.226600636445858,0.410200791735151,0.126331985285732,0.135563193178474,0.123687669964957,0.566668199434558,-0.0517342274144996,0.0745829007212763,0.0489890227656212,0.482491441834742,0.532992050584081,-0.253740784054008,-0.0877350520618886,-0.163612584742983,0.0806899507682942,0.113819795206884,-0.25366102857875,0.440292230982692,0.302528844815362,-0.0231742852977472,0.0887938154917927,0.0741958797823707,0.0922232590968762,0.0269988678037234,-0.0376208038347382,-0.0448997695410094,0.245276907432971,0.135686967583458,0.289131571684012
