0,0.2529273071035,0.345652880474171,-0.0709422893380225,-0.0912785995970725,0.124452410802692,0.0287072635231468,0.0338542405172216,0.154071786414036,0.108233786742194,-0.318796384017451,-0.396856705293281,-0.370085840150108,-0.466277863089917,-0.47524119694989,0.324071612899051,-0.313005975841731,-0.357228449570977,-0.387556852718056,-0.364305550856951,-0.456874373438497,-0.177907172795185,-0.458875343297194,-0.438317620105318,0.255368774606554,-0.289447993579829,0.135254964464669,-0.416591894592959,-0.314666722002106,-0.491876946361784,0.243859340596845,0.17769526917435,-0.0723057017798417,-0.16132880142205,-0.317339524273417,-0.274283580899994,-0.349371796980588,0.481850631614942,-0.0972201406483223,-0.085235584045522,-0.192168873451551,0.00678674915730555,-0.293610567003056,-0.0335868077072624,-0.0527123008966105,0.37537096744644,-0.397042825523739,-0.377881243118323,0.0745490778207216,-0.0847499741574088,0.412507514579113,0.38257576977596,-0.00751351902708744,-0.429548501295758,0.062905128401185,0.230329435940577,0.0928733113159663,0.0178204176671972,-0.082741133537579,-0.299964376969371,-0.431963899269522,-0.309670850870235,-0.427606360027983,-0.341667907331787,-0.399588592766783,-0.531129177145141,0.00556507565597976,-0.351622651275925,-0.334558959990363,-0.341575613767865,-0.427044046564963,-0.372004400140641,-0.486013804463458,-0.235690855058365,-0.365587980862499,-0.234419914579039,-0.39791534339441,-0.480140237767808,0.166517430935326,0.0916300695830437,-0.0259583622669835,-0.19203037519684,-0.00669304670875162,-0.0608302789789314,0.365458777238453,-0.297270261660516,-0.325122709086296,-0.317192299053489,-0.290684671236927,-0.292500043039668,-0.0409047802775458,0.0718284155160271,-0.273635368958375,-0.0649086367993874,-0.20841291444963,0.0609184474769735,0.394590062424617,-0.13245908530433,0.125571004512554,-0.175015232184221
0.2529273071035,0,0.539130006376332,0.478383419556966,0.497776130428734,0.537957544244182,0.469183873052045,0.674882982960903,0.472391811751141,-0.00525091876767737,-0.0546734978923123,-0.0334554522703506,-0.134995737219515,-0.105966734637127,-0.168512698111884,0.202356570799443,0.00573360262363872,-0.0227141394654743,0.0231163254332964,-0.0607150910886365,-0.0386726356437894,-0.0293711357378621,-0.160957953029817,-0.125963051392569,0.126981504590185,-0.0640185593794077,-0.264222166766941,-0.0993046984733525,-0.0168646980621671,-0.294973278876377,0.0953894019984409,-0.123421830801027,-0.222421937483433,-0.0684110610124142,-0.0433102214069063,0.185798864666272,-0.0145907144396697,0.204696141553247,0.190724833483678,0.184314788816621,0.0355992342406968,0.122767329996364,0.0537948798726146,0.16781160232198,-0.211199071529036,-0.160320321457484,-0.207112204734504,-0.156737699658857,0.501961615591317,0.214405610013983,0.0239280808464458,0.669770080796574,0.164203185627998,0.0152461709187326,0.574290700745438,0.478521118610487,0.590649658564511,0.515648972078196,-0.00537725918658094,0.0156725721399555,-0.122407338044788,-0.197673660297074,-0.0621336044020462,-0.0159764212808232,-0.102819877981818,-0.266137758463872,0.275960621273651,0.105180032210137,-0.131382652419223,-0.0847912166521403,-0.160241163329848,-0.0387137346212045,-0.116676397824292,0.104309271590959,-0.0398562647037146,-0.09190360253313,-0.115498960598661,-0.237853677217463,0.110785303252669,-0.156022138170683,-0.410947329562776,-0.335398888909477,0.0969797106931035,-0.189858110780223,-0.114914202747678,-0.301670144528884,-0.127211595915952,-0.0796581693968011,0.0627337153327513,-0.210391359585624,-0.179526734007382,0.23665383864334,0.0937798735557617,0.207166866695219,0.016445084817559,0.187148069739453,-0.107980438854373,-0.191579547668653,0.506010054777963,0.148854561111334
0.345652880474171,0.539130006376332,0,-0.0583660833686,0.342926009918884,0.672452476267886,0.354907760509309,0.580299379163256,0.577119738170729,0.127171299693754,-0.0422827585365988,0.140424191373177,0.0218917235175612,0.0340824145772556,-0.0918817752341043,-0.149301092234679,0.0993780917024523,0.0364427685645282,0.0788610268438047,-0.0093767246027785,0.0135989150280771,0.0901821768342039,-0.063241205717684,0.0839173966748958,0.184296463923495,0.164294539442067,-0.262725960885871,-0.0166783359492306,0.117616975007522,-0.190846115973302,0.111886437070231,-0.337055508182202,-0.445116064343676,0.017055446199167,-0.0539890071327337,0.319149408288973,0.098989104985676,0.0371089939097663,0.228460195113413,0.175273537462452,0.130445284146476,0.396853118814118,0.268319574460161,0.28364503599031,-0.298468229166885,-0.247694672766401,-0.17698769779969,-0.0893534320594242,0.615023657745409,0.320836381680876,-0.102485831483795,0.697718062110525,-0.159369985551032,-0.225313419177244,0.673429118184989,0.728982593091657,0.40378506983113,0.598626926665694,0.0138854703062715,0.0174451227791907,-0.043850723172278,-0.101260445082571,0.0813285675338309,0.0291087380991856,-0.00577889221369996,-0.175752005340496,0.304414687999391,0.165374319688226,-0.0659835881923584,-0.0135596882238263,-0.0637423525886031,0.0284158819652155,-0.0625553161947878,0.224137875626037,0.129170720227336,0.218827523711171,-0.0329474771782215,-0.139635261262509,0.124712235919764,-0.307342706690545,-0.372626823257006,-0.275778016478877,0.142998713622763,-0.323369344688387,-0.185557824222003,-0.28008060630145,0.0175539782810629,-0.0561553739088772,0.250321464713608,-0.108170732640637,-0.228058999590526,0.211526198753377,0.0936010542526595,0.347453236063843,0.147277969583304,0.258805210962638,-0.170812826070115,-0.181945622843831,0.617074795266711,0.279199618606443
-0.0709422893380225,0.478383419556966,-0.0583660833686,0,0.309648730855587,0.0421381262291876,0.290613129698208,0.352139295879971,0.0214783324397004,-0.0980015684079842,0.0249688838269424,0.00160987659031225,0.00794398745919277,0.0485276088048775,-0.0714898192996482,0.348765772888608,0.0577734114386349,0.0972153379464877,0.0812382876562698,-0.00802805188808308,0.0585139977230658,0.0215163643104576,0.0361671705543489,-0.0126239440774371,-0.0493901193228283,-0.0360249571227087,-0.269079545962018,-0.0483214373835108,-0.0716897325423099,-0.101157645168216,-0.119988710176092,0.0203060485102136,0.0787381516092746,0.068254189402698,0.0853930530769694,0.0422375768082956,0.00442846083876559,0.0388613501069966,-0.00715658709335648,-0.0112418857814831,-0.079083431825968,-0.0460989091585764,-0.0114794917626487,0.0442802793011498,-0.169610841287925,-0.201656649132494,0.104702088597542,-0.0103503628402291,0.141241227329514,0.117342468997522,0.0808954961982682,0.292426046063322,0.403391991512342,0.469412101519481,0.0930760047071216,-0.0883088216030296,0.511163317039264,0.123347102141383,-0.0195507849102005,0.0542782640074787,0.0270555257687109,-0.0654502459743744,0.052431951396259,0.0451573303159265,-0.0224532719304186,-0.0276349687610039,0.176506753057847,0.076132559145601,0.103304420436161,0.0434412620743008,-0.0345001230447997,0.0265046559106702,0.1086939001376,0.00756334413698664,-0.0755182351924485,-0.13391632297737,-0.0238550303292933,-0.0912021954672947,-0.0302005587817973,-0.00494606025679032,-0.192409559361792,-0.119074509686452,-0.0326643918853291,-0.0958910537225859,-0.235860564590177,0.0172500818476301,-0.0191754061206881,-0.130078161245978,-0.0739767539059966,-0.059469777314989,0.0415934025425822,0.0971758634050188,-0.0253183900818818,0.0552102986409549,0.00853849606214943,-0.000387707906358636,-0.220270325899001,-0.0352129929011203,0.0697409215160171,0.113285011088232
-0.0912785995970725,0.497776130428734,0.342926009918884,0.309648730855587,0,0.626679724539185,0.143909643281682,0.599943930058959,0.599147867375023,0.015255133425934,0.130049949443921,0.137904971516235,0.0787290256744019,0.275153918660321,0.140234146134599,-0.00756669588603559,0.0829665738148637,0.0971217616928012,0.216645130750981,0.162721825859326,0.271558562583004,0.013293851442013,0.192695744341087,-0.0177750559944988,0.000404748761273285,-0.0728988979113873,-0.404408708388241,0.171322562332902,0.239510922546848,0.0558998558159646,-0.157648621974298,-0.172705631633128,-0.0591017511015569,0.0348395464424943,0.101409595373674,0.292781985960954,0.26143454395144,-0.142268868851753,0.112101849055768,0.223188895021755,0.0900784710777176,-0.110922230173999,0.10136398130022,0.00437892224306917,-0.244166416677154,-0.393354891791477,0.0807347431332349,0.072102354699678,0.430663054664098,0.141422155913026,-0.121095242297448,0.433558020380415,0.198646808589142,0.396744010877109,0.66509016200121,0.446199830228596,0.357453363361002,0.599627272555988,0.100790251913947,0.186732980801858,-0.0222894872558294,-0.016262861122916,0.283200728045855,0.257629595007008,0.245246902116024,0.152967467267456,0.0862883520907857,0.261729549411045,0.113559040573983,0.130790203716973,0.135542749290455,0.101795473346482,0.287490890396843,0.12007038593562,0.0733359350045232,-0.150737027158525,0.212240389949784,0.0597781338512148,-0.134153543563481,-0.173884094264004,-0.448051654414513,-0.170259868939664,-0.118617128175244,-0.300915406408368,-0.426173739838911,-0.0865374669412091,0.118321979399643,0.0406216220347559,0.100625769566825,-0.17363558853716,-0.102663823048158,0.0408038750522562,0.143144140238104,0.00495237476855912,-0.174071308452791,-0.179664119402454,-0.459607833984882,-0.046082870228583,0.481056269363186,0.0443590762900662
0.124452410802692,0.537957544244182,0.672452476267886,0.0421381262291876,0.626679724539185,0,0.311805490163572,0.699132330285565,0.819941776794369,0.173290413236347,0.128106454971614,0.197300867660165,0.0294393523599624,0.115326045786109,-0.00511441125573215,-0.176623501013107,0.158105250895096,0.107522876892839,0.168503406162659,0.157920883389881,0.134438862408803,0.112213120236506,-0.0357345228980417,0.0611722202466273,0.213281175448978,0.0645945038123596,-0.302635629291912,0.0670483484489284,0.276272900020201,-0.167708455886796,0.109585019556228,-0.356859659096314,-0.372857816357386,0.00865702119235318,0.0301961584628718,0.445744487622755,0.231521299578995,0.042872689781378,0.274176391096754,0.281078772398241,0.158546978259672,0.231202003395814,0.206470085188163,0.235712728752894,-0.279930899969134,-0.291663286584624,-0.175437011364939,-0.113444498138047,0.724839363616004,0.375375286533342,-0.158335708639843,0.602347776804119,0.03880744757435,-0.0131114222475757,0.846182318894589,0.837771190897562,0.528090415359589,0.794846820936428,0.14167650017873,0.0965529289523092,-0.0734525165168457,-0.0897847242609902,0.137762263288563,0.162379525921147,0.116906632637839,-0.0671726224123104,0.308353806580409,0.254126203726193,0.0152642218866939,0.10679243083213,0.0596490963147828,0.116390740470081,0.0021042756111206,0.237742321002124,0.14378035431427,0.0415085746158792,0.0906482479082028,-0.119018920635684,0.0495811112711205,-0.271345360790482,-0.432222527570203,-0.27287402896217,-0.00169358049768382,-0.285572721834793,-0.242902737267721,-0.28612618489567,0.0786131542855891,0.0330285011824133,0.33426595859652,-0.117668922763946,-0.168374734516242,0.240604594855791,0.166903522785739,0.208197798640528,0.0190114727218731,0.126850234418498,-0.246412278589882,-0.235265749908192,0.782688117049425,0.297248606115607
0.0287072635231468,0.469183873052045,0.354907760509309,0.290613129698208,0.143909643281682,0.311805490163572,0,0.551011128967601,0.303409334971311,0.155648870109925,0.0694207121253104,0.219917908452854,0.124553848163093,0.122936316690193,0.00147304805315606,0.0424707760250146,0.284220427950847,0.0715520829417795,0.176158834771829,0.149527982970088,0.164772247138079,0.223851965126123,0.0401590245232107,0.263240891946828,0.205259912982103,0.178863628990857,-0.198233116379934,0.0689086112854709,0.20273771359777,-0.124825355044641,0.0817241706157223,-0.346902953324716,-0.423583390989399,0.0797188242427228,0.207601063592384,0.262165160587828,0.196694326278211,0.0649907305247036,0.341004247354331,0.313786364124559,0.167004843646344,0.29373279930589,0.322742475554302,0.269258039364546,-0.139886831990627,-0.243330509636784,-0.0495559264970894,-0.0182162889728636,0.406930151015281,0.361273827411499,-0.198926963520476,0.296379762886052,0.0586027404091281,-0.0902393536698028,0.320993339743298,0.320115023051153,0.490274819607481,0.420989491663579,0.197559675070555,0.140258733302065,0.09724389024704,0.0310022605831617,0.144202527044939,0.175383175174849,0.11865808593202,-0.0787620729075498,0.542395433113452,0.292394926461178,0.132520467695747,0.00342979507366068,0.046582953305715,0.239460444828769,-0.013208608883058,0.491676933820537,0.29901650796931,0.155410412354022,0.148228405436178,-0.0672560669095206,0.195539563845862,-0.305986582905297,-0.237848686396845,-0.231619447829812,0.260617185561476,-0.0525406077586431,-0.183416797948152,-0.164631517908677,0.162733357882081,0.0611976890665239,0.240311293877708,0.159781737272383,-0.217220646131377,0.399787977239062,0.334912406401229,0.354374764625604,0.330934063349815,0.350292857738138,-0.15614630122879,-0.25244366726895,0.396599638457592,0.367650240760777
0.0338542405172216,0.674882982960903,0.580299379163256,0.352139295879971,0.599943930058959,0.699132330285565,0.551011128967601,0,0.691931466070329,0.0841308567656132,0.116663572794592,0.241700190607009,0.141203316604647,0.193990015795784,0.048733979879916,-0.0204159845249363,0.283580056639786,0.338305456396598,0.341840270684469,0.202764554826149,0.289686882689782,0.163923960374717,0.0365273021905633,0.155621791178109,0.173577928352341,0.101005409759133,-0.329696554692604,0.090733828402807,0.272871434584343,-0.13187290803893,-0.00931973559126119,-0.308810703247909,-0.374468192645588,0.160388299901136,0.171966463841992,0.444975340142695,0.249861860572557,-0.00706332477348797,0.235609395166829,0.284541163804543,0.208959904927017,0.202470162996738,0.279916096695813,0.194071555325556,-0.274418290128913,-0.415571584818991,-0.0807767706665013,-0.00599805793591369,0.62143201252425,0.375239242408676,-0.206475696869174,0.598202416604089,0.132743039060241,0.0975028919146565,0.747580618163758,0.652188532172176,0.737017400616602,0.843109906735681,0.135132428528269,0.171679516422661,0.0445340482998436,0.0228862812324062,0.196852605642693,0.247342252242522,0.242673111287775,-0.0355669919291066,0.310443369323628,0.383249271460204,0.20495876758508,0.282081006140479,0.136858045082185,0.186674334551331,0.0862933383511775,0.293635605905504,0.257250687370403,0.0596714285375709,0.169463720268267,-0.080627320553508,0.101343548286512,-0.313785227494302,-0.41084895624217,-0.201999013718384,0.174787253277802,-0.200821156511465,-0.328198820619529,-0.262752289530795,0.136087788743474,0.0825602843406679,0.333403610288608,-0.116622393060565,-0.209413786498354,0.252799721284995,0.215356211683061,0.290106820827111,0.141284888499018,0.225705471162874,-0.353687352826239,-0.234554169033864,0.655990205083157,0.339648710246412
0.154071786414036,0.472391811751141,0.577119738170729,0.0214783324397004,0.599147867375023,0.819941776794369,0.303409334971311,0.691931466070329,0,0.260849160989659,0.148033588035902,0.197692677171647,0.0417001073612102,0.0806483480510878,-0.0376850546190872,-0.0978012056301572,0.187710009220588,0.128146019975025,0.167696038840224,0.21290764998341,0.162184186074565,0.180809189030709,-0.0564685338843548,0.0562368355071678,0.340355310089012,0.00533323491667079,-0.259547740148672,0.0971267216127335,0.310741350811516,-0.172651993193912,0.192342740125258,-0.36039784841719,-0.377964075757753,0.11939795835835,0.0715135433677337,0.418621859329691,0.22672044236545,0.103468757295843,0.233064660199413,0.316357328245746,0.167518368677771,0.123155148170908,0.133583321671029,0.204549533775637,-0.308461441539478,-0.213366171199762,-0.216346430244703,-0.128971532285872,0.64039297186965,0.396380075063206,-0.182993265108623,0.506075332101529,0.0164990186224493,-0.0983933739118254,0.749966921258586,0.750829016216871,0.473717164883254,0.81661912915394,0.244673599601357,0.166584978621395,-0.133637129262306,-0.0531261625786374,0.0721224078667651,0.134642187504394,0.0904299010655615,-0.0886265424823138,0.279391107757842,0.239562577060508,0.080961264973453,0.155616446362507,0.062426897010861,0.153993714213976,-0.0265802098556092,0.234020134883944,0.143423366896715,0.0062142768731966,0.149568141496442,-0.139339362105879,0.0580176290761651,-0.327343602635901,-0.390892700733332,-0.164571424691749,0.0348444755343856,-0.211424120729859,-0.196883409138152,-0.299738239849435,0.0849387409354654,0.0913425303168513,0.283106360950198,-0.0322442607283366,-0.203751026143881,0.220244501984241,0.154598882820322,0.16194303371118,-0.00054457317175449,0.0683776286199786,-0.201447447356136,-0.224814548551778,0.690846324847592,0.264171666725667
0.108233786742194,-0.00525091876767737,0.127171299693754,-0.0980015684079842,0.015255133425934,0.173290413236347,0.155648870109925,0.0841308567656132,0.260849160989659,0,0.215374518087267,0.326579594975382,0.24798926861827,-0.0888167589434423,-0.175213460522152,-0.15268565648216,0.1098300397527,-0.16250644713313,-0.193744618927218,-0.0562018597004836,-0.120629310706614,0.233511068474287,-0.14605139599552,0.106898004577137,0.628450900858354,0.114651625068179,-0.180385213800661,0.13635269269359,0.13883185132783,-0.107738508802341,0.44355815170794,-0.320274705874441,-0.337712728581494,0.113665392932864,0.052580150462045,0.0204442656468073,0.185241986322429,0.287081973490296,0.404714165363587,0.450479771072895,0.172070263408446,0.327151644232057,0.118004080054551,0.386297371152221,-0.342805565892317,0.0299673836312258,-0.266107187649515,-0.259214391800108,0.138796568435432,0.265801332274726,-0.259402427923241,0.0880281431959427,-0.234828009883016,-0.324889315449418,0.194345284647194,0.221361948050127,0.151054956348093,0.220639307205105,0.73520066718582,0.286239047693658,0.154846883157173,0.260041699132867,0.0621275189934301,-0.0118990647835152,-0.215995986162184,-0.209917017338996,0.217490554597245,0.0419297811918688,-0.0811930293939418,-0.14654805733631,-0.193176588164414,0.121199920803415,-0.20146520217779,0.505561866731121,0.209744622173704,0.219887756019108,-0.0108618246765837,-0.177344849307219,0.199589017065925,-0.349707500786026,-0.192323808134797,-0.13325642814603,0.0898176565205553,-0.143458954296262,-0.0132851972065173,-0.364022304278521,0.10522182467576,0.0549673223394666,0.0296099733772431,0.206724944759231,-0.358344261233038,0.464867905429937,0.358106835125964,0.292342601400431,0.202762239111046,0.23621423131625,0.0215638946952538,-0.294688457772905,0.198268304044886,0.156635773699562
-0.318796384017451,-0.0546734978923123,-0.0422827585365988,0.0249688838269424,0.130049949443921,0.128106454971614,0.0694207121253104,0.116663572794592,0.148033588035902,0.215374518087267,0,0.740130665139055,0.298230999310709,0.341179631736443,0.315447265153339,-0.2897358012775,0.278298359764682,0.203908147279102,0.22727752605029,0.244555639958726,0.2883629156281,0.124902902039255,0.267134381925643,0.535174159786857,0.132349634095563,0.324316421896505,-0.172125963807392,0.369478021678478,0.266188245158044,0.263016858364548,-0.0130109489589678,-0.344068857931137,-0.168950394279052,0.102800769769475,0.14952685585218,0.384985147142259,0.267179984751613,-0.335759044659855,-0.0527148372834037,0.0485938579204062,0.186969018772661,0.200135615168451,0.171859947856907,0.162300110158887,-0.0518133085235962,-0.318383905353078,0.114964467466431,0.165594751680526,0.181906235298002,0.369249932281961,-0.27119632151163,0.00284724178255233,-0.09534841787259,0.0487116569318517,0.119158012776776,0.106473269307456,0.126772572140534,0.241166300048035,0.480923124486965,0.714678885825898,0.589763741900559,0.248860202921666,0.314467231977922,0.320549201526788,0.257465311730442,0.312184138325051,0.103820472855557,0.290091733163053,0.11094101015126,0.206942220325941,0.206338978643086,0.31469182662549,0.262170197005577,0.233956530554044,0.489942352295931,0.316029187529798,0.185495543825721,0.329407206961071,-0.15771045121593,-0.302191715196747,-0.127002423685394,0.0516573782016284,-0.0727927724388121,-0.0666967966679854,-0.327195867367649,0.0397356062521456,0.18313845723304,0.269220381888735,0.348905072278946,0.394891711460395,-0.157923160881482,-0.0014642196372918,0.0691887555936145,0.296660948259165,0.206694137322772,-0.045123578754533,-0.308332128617131,-0.0443329694359873,0.198695742911705,0.369338454948597
-0.396856705293281,-0.0334554522703506,0.140424191373177,0.00160987659031225,0.137904971516235,0.197300867660165,0.219917908452854,0.241700190607009,0.197692677171647,0.326579594975382,0.740130665139055,0,0.50841555492923,0.439600642596355,0.372145845210206,-0.436046327231602,0.481813974784395,0.293608632319218,0.38162206915235,0.325691657425741,0.420360576451289,0.265057683608774,0.338460238200272,0.724649042353748,0.170812410929512,0.538672310733355,-0.265102010135834,0.441988443257294,0.387586380927218,0.290684255546099,0.00349150042428091,-0.515246753023746,-0.361192160509155,0.215401547208954,0.245859618366168,0.489837039236707,0.382555448142094,-0.371181872707489,0.155772917703965,0.173605853836734,0.230354264742772,0.383550749245535,0.430928619839575,0.305576440434976,-0.173430046257363,-0.463600202475825,0.124776693814697,0.218553967422832,0.297955903940416,0.46864119871638,-0.445170269186285,0.0233032986753513,-0.209956739638277,0.0294248525770223,0.214179846117783,0.207665406869095,0.20003079301388,0.361267304253178,0.500222128511518,0.686725351836566,0.683833884834061,0.398594454087768,0.440787979014655,0.413193857309611,0.343003462282606,0.339828258021618,0.238125998011432,0.471483019870661,0.214755250592021,0.271001459973182,0.277808083103293,0.443408487338803,0.303134665382464,0.455488498213861,0.670576306245807,0.585164818044363,0.30101926406366,0.357519476265235,-0.126398201081042,-0.470936058112535,-0.187516946708391,0.0135237527002419,0.07427095449794,-0.0754451983215643,-0.394166512881601,-0.00709870149688622,0.277323179593149,0.341979631792677,0.489323290181296,0.442915275041455,-0.273937911663968,0.125389897718996,0.251486278734413,0.428618298800705,0.412565432965647,0.123002925673712,-0.397708120942338,-0.0631468195193728,0.276840576685081,0.514160963106863
-0.370085840150108,-0.134995737219515,0.0218917235175612,0.00794398745919277,0.0787290256744019,0.0294393523599624,0.124553848163093,0.141203316604647,0.0417001073612102,0.24798926861827,0.298230999310709,0.50841555492923,0,0.584565489005948,0.51457168475869,-0.336436263487524,0.528759790463171,0.326851787666232,0.472463201362564,0.430770855130506,0.553847167050545,0.359188681280257,0.425547305413884,0.485368789811397,-0.0713703899857129,0.380443716388494,-0.235941340258172,0.534853790068214,0.573099584510425,0.417545521919315,-0.0333668879172592,-0.42344668185931,-0.223131634910327,0.13872333835116,0.504012949887859,0.285714162668387,0.508298188366826,-0.393979337455723,0.0619744463171381,0.0870230963142908,0.0613413642626911,0.177773668913357,0.424014362994132,0.241469979723023,-0.24747269060257,-0.487659154828823,0.308388515919891,0.28020878706604,0.154018623900301,0.220418367227645,-0.2898910672655,-0.100088712725368,-0.200545067802978,0.186595703693136,0.0571559125328907,0.0622617295626665,0.0721442357135982,0.190178883798995,0.270189695120311,0.360238378425518,0.543147098451389,0.773271646659066,0.626010832114681,0.342210627837968,0.39817546790465,0.471394130965613,0.130659784872554,0.518534595109142,0.427611070874565,0.239600930106798,0.493335370899752,0.466163476392465,0.412607003291055,0.331201566549277,0.498626667132529,0.392925555018884,0.570595188121119,0.399374926833265,-0.129150158599755,-0.385000547913774,-0.0896302036438288,0.0773628544156433,-0.00453019586320026,-0.00154902834829467,-0.44445286450407,0.138235589128685,0.52108275285417,0.380569118082229,0.351618545164921,0.179021072772451,-0.272203171171061,-0.115406681437348,0.153296288919063,0.21046758022721,0.316797221378416,0.0572586476755222,-0.483801176249068,-0.037797336394765,0.109069186594056,0.280070518072687
-0.466277863089917,-0.105966734637127,0.0340824145772556,0.0485276088048775,0.275153918660321,0.115326045786109,0.122936316690193,0.193990015795784,0.0806483480510878,-0.0888167589434423,0.341179631736443,0.439600642596355,0.584565489005948,0,0.738367969697078,-0.34854533836775,0.459267899558364,0.305976715342169,0.587410511760889,0.475121897628996,0.752941477523099,0.324272757254361,0.808121466155849,0.440875765326577,-0.247373643792393,0.275339983895652,-0.197022661843614,0.667338479596734,0.593359995132366,0.635815278620872,-0.281148079799163,-0.314737425606569,-0.118366256027265,0.059348429464406,0.544407383608969,0.354006320282887,0.513125580045523,-0.538553334460136,-0.0126292132574497,0.0390624382194428,0.0687535391091542,0.103010174843687,0.339423712709216,0.0984838922877917,-0.157604089196987,-0.655106032793128,0.653047492674729,0.606232034147956,0.196343525968365,0.217813084866347,-0.265476893059405,-0.04043425714601,-0.0467535729485687,0.373563695985937,0.121085384887615,0.0989130388544085,0.0853348495356699,0.224178541284014,0.0825841353734093,0.344364987031514,0.399818688177781,0.354069673699018,0.736968160997816,0.579171437569862,0.719462174971366,0.812569105524929,0.155375435233326,0.574752141092196,0.46432839395537,0.243053658214235,0.734127643428318,0.53013863280552,0.720104833978187,0.234811394452776,0.416645242029905,0.244233041199967,0.679779790616386,0.682224046164513,-0.133543961575746,-0.237465872563822,-0.195893201231858,-0.0098966873155811,-0.0855091103580208,-0.134284326411165,-0.636786530813505,0.450758124358187,0.519169166346626,0.45466216099349,0.36545905702531,0.168148689736675,-0.0962713033358818,-0.114553104514503,0.135523852887441,0.20740274747196,0.150510181614064,-0.080788339131865,-0.713060746829946,0.193437557272702,0.188540816722784,0.286479047133028
-0.47524119694989,-0.168512698111884,-0.0918817752341043,-0.0714898192996482,0.140234146134599,-0.00511441125573215,0.00147304805315606,0.048733979879916,-0.0376850546190872,-0.175213460522152,0.315447265153339,0.372145845210206,0.51457168475869,0.738367969697078,0,-0.369091391592627,0.360020661999037,0.336445762173438,0.485377085454198,0.532678027207314,0.78276114059653,0.143754798421584,0.71414642345419,0.396503537290587,-0.321496630251819,0.193133274116073,0.0495709640241679,0.661357283113884,0.527060046952724,0.731259659562823,-0.290920103761156,-0.251374956800028,-0.0176622047089561,-0.0232409560816353,0.423613588264178,0.277678344619122,0.328870242530972,-0.567011348540333,-0.118321937432759,-0.0870276878201855,0.0154013427330027,-0.0226018816861776,0.187738953936542,0.0341429131810107,0.0190936628833717,-0.440363355740964,0.479821339296948,0.661033590956055,0.0488541774923949,0.127516354110125,-0.26255562878709,-0.213649154294208,-0.172385858537196,0.288063903993592,-0.00633407005986513,-0.0212239793380739,-0.0670059673590402,0.0858562236441163,-0.0320229212263484,0.286491128689892,0.392231869691752,0.365158497424154,0.524213143458054,0.317094660691173,0.540149858834252,0.819877242984278,0.08194470667625,0.390984027278556,0.344775667232711,0.256226591037639,0.731561748401496,0.46371834483127,0.590029784537819,0.121631789260324,0.289313407183795,0.191060786921315,0.561851152707248,0.706845172235235,-0.144989745682658,-0.182680725654053,-0.0501288808104739,0.0374070761048812,-0.0644313575058777,0.105839153292253,-0.365190851589495,0.367963948294614,0.350627154431027,0.525369856392904,0.378401723676373,0.194808514899251,-0.0410036984896466,-0.250813200677565,0.0633903858486782,0.0528703226357152,0.149650057447124,-0.0209674632143162,-0.486455843969157,0.284713678862029,0.0627208234130238,0.207275106534206
0.324071612899051,0.202356570799443,-0.149301092234679,0.348765772888608,-0.00756669588603559,-0.176623501013107,0.0424707760250146,-0.0204159845249363,-0.0978012056301572,-0.15268565648216,-0.2897358012775,-0.436046327231602,-0.336436263487524,-0.34854533836775,-0.369091391592627,0,-0.241261417089295,-0.122335123210601,-0.236524676386177,-0.295438367718391,-0.273611969105815,-0.151542451616969,-0.255788136142117,-0.31754278969938,-0.0532704670022008,-0.292738675118723,0.0525805284335303,-0.358488983368623,-0.323161586828117,-0.322454295999253,0.0552787513214653,0.505197251652934,0.484760255493166,0.0375315486213383,-0.141424781942954,-0.348248587847157,-0.339659800294235,0.372963407970422,-0.123017593562035,-0.0675752730892175,-0.0780122194696876,-0.212549413411859,-0.214367979601334,-0.196972994864392,0.105957095053164,0.212956683459605,-0.100640570710326,-0.195535876898702,-0.304149986249396,-0.242059970688045,0.454389528937666,0.108500838345781,0.41382621190893,0.0929900346736584,-0.146150063571004,-0.285074894359536,-0.0229176566510528,-0.204910816492262,-0.180411007038154,-0.280309301487456,-0.324992351724291,-0.259204569637707,-0.293300009113081,-0.236251806855917,-0.287870654352021,-0.324791493234308,-0.0789804507610309,-0.284779767146005,-0.0966070954010676,-0.153154315025242,-0.300269903685563,-0.259651506064642,-0.17508868038108,-0.25893930720783,-0.338271812291558,-0.316746307643812,-0.285361028187081,-0.339666872917472,0.0461838088544717,0.385353833912084,0.0849278918723034,0.0675917463784298,0.0122834547572606,0.0473696228867636,0.15292681045057,-0.00202128970278328,-0.224568043305193,-0.297323966424495,-0.398363916967035,-0.171586920680222,0.187332962502051,-0.114688383021121,-0.26853970713893,-0.168062520736078,-0.172951045863808,-0.134800522424939,0.185423698085606,-0.0949914474493928,-0.283945655446077,-0.30249558994376
-0.313005975841731,0.00573360262363872,0.0993780917024523,0.0577734114386349,0.0829665738148637,0.158105250895096,0.284220427950847,0.283580056639786,0.187710009220588,0.1098300397527,0.278298359764682,0.481813974784395,0.528759790463171,0.459267899558364,0.360020661999037,-0.241261417089295,0,0.472230477792439,0.742602546774214,0.607034106894167,0.602129812059411,0.659450914336067,0.362993911563766,0.594432711865674,0.0497182153449043,0.500968791969287,-0.0933878181297311,0.467020920852181,0.656800516350598,0.26886799161841,0.0598598384483138,-0.434007161764166,-0.372866030798607,0.412446929632923,0.58858246991412,0.413967949270307,0.568783928610546,-0.207293168738515,0.129170513429254,0.108790266895929,0.119271435430545,0.403294379243692,0.561163212425189,0.299855865377543,-0.128030078104336,-0.389445609598714,0.134027676412722,0.296457926782644,0.253531751420374,0.522808771857695,-0.414542778691987,-0.0387932129442749,-0.131763367243558,0.0116098254253731,0.176496173582744,0.143048923534361,0.221072836265851,0.326055699051426,0.221650018492951,0.269783956849741,0.327897235619272,0.288231802010332,0.28511228827352,0.298041139212214,0.315456165973815,0.283590813541151,0.231058364055199,0.655962280470158,0.551036387562848,0.399874761756882,0.481326619715669,0.652417378626602,0.26773448247515,0.359016924972489,0.533034215992996,0.485228868808491,0.521181292527321,0.262865421742332,0.0149078312196533,-0.39476830750539,-0.0405631745023245,0.10371877770958,0.288089331906412,0.166062803154084,-0.285928568297818,-0.00373379715394,0.554199877152479,0.442498561197335,0.548940292021135,0.327383333013658,-0.199428211317768,0.130913324993792,0.209984848031736,0.463662528852319,0.5336773643567,0.19114167166531,-0.353002133161731,-0.0610586602993477,0.177949456245134,0.520223734325775
-0.357228449570977,-0.0227141394654743,0.0364427685645282,0.0972153379464877,0.0971217616928012,0.107522876892839,0.0715520829417795,0.338305456396598,0.128146019975025,-0.16250644713313,0.203908147279102,0.293608632319218,0.326851787666232,0.305976715342169,0.336445762173438,-0.122335123210601,0.472230477792439,0,0.649738625144576,0.618597018922412,0.545798127556977,0.306685347791103,0.234822572056119,0.489646960514253,-0.170501600679415,0.279211351910618,-0.0491503106501848,0.28332442389805,0.399582820063226,0.203719553835902,-0.258021001426778,-0.187055497130509,-0.0473474371575347,0.579489068468381,0.386025001551672,0.404068113893004,0.307829634195609,-0.362374146983194,-0.0603180475710442,-0.0109628131158963,0.27633875706398,0.113907859177417,0.339972212490761,0.00643389209852921,0.00117684395924496,-0.335854256817997,0.188866855913491,0.251124930637297,0.0805905238680145,0.306590752323973,-0.236359817892902,0.00720281250914943,-0.00704646276556569,0.147887289231056,0.175977397772757,0.103656762070197,0.217687597347419,0.319282139565528,-0.055642410077006,0.1962655053818,0.275419531880237,0.214354141398691,0.190466276603059,0.14653006961745,0.316441273774177,0.270232358962754,0.0226002187899151,0.39160184647261,0.644430293543092,0.84053398010563,0.516602996673719,0.426004222347327,0.277940641421553,0.113631363149192,0.322835383726583,0.276479655061349,0.377225447546592,0.215802726749294,-0.100998602731862,-0.203841075228046,0.224825042067055,0.453198600570384,0.185779413797842,0.256625700733338,-0.225310093936209,0.0512064437017576,0.345777017298718,0.314936195691589,0.523798140044851,0.287546439095127,0.037808274610996,-0.0946747975801727,0.0314113248821562,0.155411645052108,0.352250687378595,0.0547950444831505,-0.317757008183836,0.0152322867596732,0.0745938201780875,0.359072788408473
-0.387556852718056,0.0231163254332964,0.0788610268438047,0.0812382876562698,0.216645130750981,0.168503406162659,0.176158834771829,0.341840270684469,0.167696038840224,-0.193744618927218,0.22727752605029,0.38162206915235,0.472463201362564,0.587410511760889,0.485377085454198,-0.236524676386177,0.742602546774214,0.649738625144576,0,0.663459691687159,0.738085092263126,0.435289559685516,0.468158148426814,0.517868099343279,-0.208734248996533,0.365486026007512,-0.0611955405049967,0.44396751909253,0.574304608511852,0.346518312646299,-0.217572549059488,-0.289982523550832,-0.176930597269889,0.367825226339304,0.542710860405038,0.452457253403581,0.484677422045504,-0.368676406668634,0.00963418616356987,-0.0106551497938992,0.127051296709753,0.211228325263161,0.439680768813543,0.100250827675885,-0.0195384662424464,-0.465962038245132,0.33182403236992,0.445950302768499,0.22383729475769,0.385797349751037,-0.32725522710508,0.00411916839039942,-0.0554054351673209,0.193174743308637,0.222748066277433,0.158732540520085,0.210861924208604,0.367177777526278,-0.0454914733449293,0.216673556712168,0.296684192343933,0.284791641742686,0.367029609007133,0.399535545052201,0.527261839191999,0.450813111317338,0.0659560089471453,0.693834028988162,0.66353770242495,0.553592515727476,0.65544330270862,0.623469011433086,0.440333110734437,0.166204782886288,0.46464548032134,0.347902208768233,0.586654034992512,0.403947366903418,-0.102529931648774,-0.274538584013797,0.0617017451493159,0.198562037324643,0.231634778019954,0.221876593062715,-0.341580967418288,0.169520753118048,0.50639372041849,0.478664490035259,0.543595268027184,0.199201696568094,-0.12431157770195,-0.0804723033662813,0.0960305604331026,0.291385544763407,0.383570066269152,0.0852821612641982,-0.442340999391337,0.118365538556155,0.191270120897768,0.4236460621068
-0.364305550856951,-0.0607150910886365,-0.0093767246027785,-0.00802805188808308,0.162721825859326,0.157920883389881,0.149527982970088,0.202764554826149,0.21290764998341,-0.0562018597004836,0.244555639958726,0.325691657425741,0.430770855130506,0.475121897628996,0.532678027207314,-0.295438367718391,0.607034106894167,0.618597018922412,0.663459691687159,0,0.712719296939063,0.348849115885286,0.372029676202193,0.478618373411787,-0.114297212161572,0.250026745904811,0.00168766788525964,0.471850314606745,0.698114676621474,0.327716536841774,-0.095101496718373,-0.391026401479711,-0.205127945459108,0.377968463863297,0.467758731993208,0.503805417866937,0.502158402338538,-0.383695180397382,-0.0333499332435508,-0.0122234172843272,0.127986308736354,0.0446998152072028,0.303459312555983,0.144385964662063,-0.035243634257907,-0.339494567327982,0.165762982932601,0.343960611232109,0.276385439747468,0.480025922281272,-0.302821540627286,-0.1347744490149,-0.135811931956251,0.0937899759745601,0.138270104190161,0.111321386316108,0.0743813559686421,0.271476102164307,0.0685458310459049,0.269461111166464,0.219361968367161,0.259357390039296,0.272332999617178,0.203200646127768,0.367401731678633,0.447446472207208,0.196477246031076,0.492567820367546,0.543340687648656,0.58051954730876,0.701973993560397,0.564503450302671,0.316800887549722,0.142816074376512,0.369105676070065,0.257999703888068,0.625778368338517,0.313569760035619,-0.101034392717269,-0.376735111110136,0.0745072198126806,0.319040911743495,0.134006826605602,0.2522686094311,-0.250103776666991,0.119353999028032,0.525661641451109,0.426931574564013,0.637683278561962,0.325930773427043,-0.101919445644692,-0.0917344735928436,0.0930525038628612,0.173418638682799,0.305845746799384,0.00268100096531429,-0.361680157689265,0.107925468878732,0.246885882019529,0.467492160268053
-0.456874373438497,-0.0386726356437894,0.0135989150280771,0.0585139977230658,0.271558562583004,0.134438862408803,0.164772247138079,0.289686882689782,0.162184186074565,-0.120629310706614,0.2883629156281,0.420360576451289,0.553847167050545,0.752941477523099,0.78276114059653,-0.273611969105815,0.602129812059411,0.545798127556977,0.738085092263126,0.712719296939063,0,0.359158188826389,0.669548408229351,0.517216158448098,-0.196174201213469,0.28372713205957,-0.0197629367630502,0.670610567986827,0.715099313723361,0.58050272651921,-0.243552643810553,-0.344788391668939,-0.128694507046195,0.237445061207721,0.618208473632068,0.385734517092269,0.480921683044165,-0.490753692704856,0.000931138086540345,0.0330979487864784,0.141958623446213,0.081343246827883,0.354369022960289,0.0823233764999464,-0.10051519025788,-0.545715819396732,0.431682768437474,0.577263027843602,0.183477574129327,0.297531254214848,-0.360003196708854,-0.0952196210009943,-0.126437265190035,0.269141546592557,0.176098587733724,0.116651349341145,0.120654502334975,0.336036607756365,0.0450788449898697,0.326114259498772,0.343473234979643,0.351216136614014,0.511760038655777,0.361473829373641,0.576565868584165,0.701477035035174,0.108407929991722,0.57156827916756,0.576459778163377,0.454509065737457,0.820391980231678,0.633625849263922,0.577201605824838,0.226730302328297,0.403605261414735,0.283650990640675,0.732122601542109,0.571994042262305,-0.0814908955511939,-0.318639988279519,-0.0745596161510017,0.133728901259012,0.0798153704426805,0.146884181132584,-0.443789972942255,0.244976438034783,0.498727883032927,0.573610682117393,0.462542040723827,0.248540424528966,-0.117422277549185,-0.124802735113636,0.139685604739113,0.198758139475448,0.280094238838244,0.0323209601500489,-0.588463060004441,0.139156966299075,0.183568237284223,0.315877724322282
