0,0.190225607041723,0.382709077383621,-0.0261649860324515,-0.0620329123828893,0.346251388403856,0.286693111289434,0.275025672972186,0.0933797460954145,0.0501507123858821,-0.131247026818241,-0.148775585668789,0.0608695947355144,0.000572025508814279,-0.154751892410721,0.356093104866541,-0.0429567313366375,-0.0862349572941006,-0.0608476862122968,-0.114335126739451,-0.181558361106985,-0.00270758889282931,-0.0384789528521592,-0.0672484740826778,0.086712524077113,-0.0133949763227037,-0.185676004626501,-0.150212304866673,0.00209901815589145,-0.105918676356837,0.082738173305629,0.224097676701464,0.223420407564083,-0.0299527714238865,-0.130774931567195,-0.199006838945166,-0.0109774912005038,0.278014539245594,-0.0479002054007075,0.126196640664066,-0.0832362859025855,0.0620659654717165,0.0357505793420114,0.00851145714808851,-0.0235863064295866,-0.210370697781077,-0.144196091913119,-0.0762752863063512,0.166220246232051,-0.103468656439854,0.627530636104189,0.320129874627299,0.111092660345114,-0.0139571035763588,0.219141808861996,0.573353628267865,0.260235242257829,0.139082831487237,-0.125662045755363,-0.204792533557173,-0.177807528966072,-0.0338420118048035,0.00452873635064343,-0.170118465109986,-0.150202143790165,-0.134483816117445,0.174677186322109,-0.114458595952868,-0.150754949788766,-0.093949753631682,-0.194764987582252,-0.0556787019497846,-0.0539065060584377,0.0182382963663741,-0.155552857504962,-0.0238217378110486,0.0225767087794211,-0.17126789314093,0.0227380606882032,0.335830782571925,-0.136358906447701,-0.238016777879876,-0.0404040012007094,-0.106712377190487,-0.286244086043899,-0.127265951664759,-0.133067283755553,-0.236631648349771,-0.15573758196057,-0.24322253279744,0.276133777659961,-0.0572094184268781,0.0494424816509151,-0.0394385259691849,-0.0191195610467783,0.0248175698064208,-0.146909917579674,-0.20211857719513,0.267225618793695,-0.102467205234225
0.190225607041723,0,0.517245847182099,0.47622384437476,0.656095229365486,0.578567037239591,0.174035765578798,0.606989596766476,0.427037769260177,-0.0117555629207647,0.240611256218576,0.265750385348654,0.298125113468625,0.457620865050097,0.381878427634964,0.330507519355907,0.156028619094479,0.492918090478095,0.299239462873001,0.230994998812037,0.318404910289391,0.193159168029287,0.420332141224651,0.0266735325045733,-0.110274543550569,0.0582973201854338,0.253724095037125,0.0941432990022233,0.184898499362115,0.162443034178299,-0.00520558917552173,-0.309535895315747,-0.131628218980942,0.275553425865423,0.182878602270793,0.342830341266603,0.0685235859517872,-0.0437829105005924,0.283407976690183,0.0480142627954996,0.228009859709143,0.209305648138543,0.240548865982946,0.249357525459368,0.244055137372985,0.107625397010562,0.139095944331128,0.361820182090211,0.327278472573623,0.205418517725019,0.091433583806772,0.782215531027092,0.238634081404061,0.474601378096824,0.620656887553521,0.364144831210991,0.578023678246961,0.515942565589653,0.0648027783599045,0.151237349844341,0.277644772336247,0.139110184686221,0.243485813877056,0.163872931667806,0.203492522369519,0.323489714765367,0.269006519538096,0.175409257573209,0.122568389767223,0.452147986252697,-0.00775405922863492,0.319089547030549,0.345559469641427,0.00101396778450535,0.0942629491858278,0.229864700828236,0.194815815726771,0.174361370610782,0.00435781038948422,-0.260244577430423,-0.0866933364291117,0.289301064849705,0.353391387360935,0.181532212134129,-0.310394670834877,0.0815800147961727,0.233168562203405,0.0712387369786686,0.378211839329479,0.0869431515418578,-0.119657692663255,0.202290756331557,0.191684699877172,0.266070367162456,0.321334077790601,0.202014205828844,-0.335251741999515,0.115294448590002,0.290752623201412,0.300890097508084
0.382709077383621,0.517245847182099,0,-0.00175037010853766,0.211589625869059,0.492342184239531,0.314007918908763,0.359516722225036,0.28426375249765,0.0806539796057047,0.21857145853226,0.24251741178192,0.347693322349446,0.340843094696588,0.210816721200113,0.0203651972478903,0.196196045524128,0.210138251297681,0.262841366170991,0.26832807598248,0.273517097645912,0.18698708199504,0.320229516076034,0.305941982946103,-0.0639425221128646,0.137113546404602,0.188271622020457,0.0411709187608567,0.488506659627471,0.0502496536547007,0.137351670117169,-0.501809714988487,-0.48298428237891,0.387547279509219,0.0872608166992528,0.304304237059794,0.370347031606543,-0.0861739271608197,0.285993239935763,0.326073592450045,0.315347708610751,0.36415810226822,0.352182918884948,0.252935070935006,0.234092716623671,-0.107135364209423,-0.0665291816873938,0.276886227551736,0.552446968743799,0.280296242646511,0.0219826419413685,0.503701394283128,-0.0246571992305703,0.181758568855302,0.377318491503855,0.55392942936723,0.4906222967566,0.434780322511143,0.181051254053963,0.249004866776463,0.247392799929575,0.0356488953068083,0.14044252458299,0.0215530783523271,0.203438495856522,0.127921311816317,0.54119678588497,0.237918843176214,0.169338516569366,0.277053359000314,-0.109993204941341,0.322534264141923,0.224028572842312,0.119929676563715,-0.0432284174892093,0.276965555941114,0.483364748795694,0.16359719664475,0.155409528300346,-0.4440527225341,-0.174269706432637,0.246039750644492,0.345149380503909,-0.0171771600030894,-0.382872516733409,-0.181167717988451,0.35364237814721,-0.0188821111953273,0.328838280801014,0.216708538320975,-0.429648199648607,0.395407963440671,0.348648089838067,0.359330794384418,0.325104163211477,0.215888810668536,-0.338674739527836,0.0861206563736914,0.412761949676477,0.39088747268094
-0.0261649860324515,0.47622384437476,-0.00175037010853766,0,0.605781577973833,0.374136237342211,-0.0153183072770389,0.324260116058631,0.304586198582353,-0.155264363168844,0.232158310625571,0.387765972703795,0.271172503316774,0.458764533276473,0.444685461306787,0.36506744211188,0.198083570187882,0.448617550431039,0.344242398403432,0.215970487066252,0.240352936151043,0.265207304220787,0.425662563341481,-0.00885299087845469,-0.243977394623215,0.171515904873778,0.311514276729808,0.236403555637032,0.0369742362097395,0.253261940807964,-0.107076021453609,-0.247255429288233,-0.0152603322469689,0.117780345767695,0.307287285071958,0.347018617533274,0.06296142976557,-0.151246415679603,0.301009638578446,-0.167435239051874,0.169627797731554,0.161474094822591,0.294142507335537,0.413200476850035,0.336499577584827,0.251522961502688,0.246468872655826,0.383582273883438,0.104580150649463,0.149562469658319,-0.076757445624045,0.466256027833339,0.419502047029805,0.758964708158376,0.285164843302594,0.175825541130656,0.234227927077218,0.239295842499778,-0.0293011141551618,0.169422030438822,0.356659936950602,0.314337676589322,0.365135372564022,0.304523954339382,0.24609624485896,0.430787412988101,0.0234030681448584,0.20565021627431,0.0898066133510534,0.371341311048282,0.0508434423743521,0.316116707929948,0.304809643828052,0.0807919033017126,0.310006119147483,0.27699231002598,0.0941935320331599,0.226009073750387,-0.0943636120833031,-0.225131600415399,0.0696621927565153,0.354400884113851,0.433230036660433,0.3478101427498,-0.288200141499997,0.202248560353769,0.212528029231463,0.173159896885899,0.376510673898732,0.0890700752610865,0.00470093129453871,0.0788288392804603,0.0891531555113118,0.238846073829623,0.360826875514791,0.410087162302003,-0.395178149558566,0.0977855762306628,0.132118829020655,0.196032805437202
-0.0620329123828893,0.656095229365486,0.211589625869059,0.605781577973833,0,0.554228737785263,-0.0147491545832763,0.511075379596777,0.570103104282991,0.0329406092328799,0.307732112590392,0.346096788972336,0.368161927210618,0.486211089350159,0.450343647882908,0.10374553483448,0.247072004957609,0.483913461438779,0.406473294308308,0.244330451937113,0.333165006817202,0.243710885997791,0.369657728871852,0.0111505210640453,-0.0579176528070489,0.184262088090066,0.262789029574521,0.194868878697677,0.126765201736926,0.18510307317343,-0.0165079739252137,-0.191100798328278,-0.0840742135610317,0.150440368436373,0.231248593563696,0.349705242706097,0.0405537053622613,-0.0734464471888387,0.194571665692567,-0.12028988912273,0.126161950678306,0.164928912729801,0.282886367142404,0.36733105417901,0.315641276218662,0.13183195242445,0.147038307491374,0.321179768484364,0.200485728291335,0.143994069004698,-0.12573310811793,0.466809701674195,0.157265975337324,0.503042454545679,0.631996627207766,0.283276020243493,0.357618767651482,0.531714835831545,0.135400376049203,0.151541929975802,0.269861621290882,0.327044169879335,0.365552110457033,0.282250877980265,0.263973732576385,0.381443700358352,0.0574014591061153,0.249145085801513,0.121375690163671,0.401545552433581,0.123823113909445,0.355924583161064,0.26181952328735,0.0817831474326672,0.188345381790392,0.219765486855943,0.16760946753271,0.188516565367589,0.00740098981249631,-0.216169161883891,0.0211838240322588,0.274172160617299,0.410172862452521,0.279167493821628,-0.226441489623653,0.0976195847537895,0.313541558190246,0.202963695395715,0.399943279555443,0.10548301226794,-0.065079478343679,0.108080487077302,0.126820459578812,0.209359723952318,0.329551344095954,0.326348822370545,-0.319504640925695,0.0894451175947244,0.257869090441182,0.239930515657861
0.346251388403856,0.578567037239591,0.492342184239531,0.374136237342211,0.554228737785263,0,0.106081703690671,0.599272497562875,0.673388981066839,-0.0301452415932135,0.233088917915921,0.265018948378537,0.467655771500274,0.497201210874635,0.468989610244895,0.0617044732108935,0.228872231145447,0.343558155672363,0.392722207059829,0.244773695048531,0.34337373882484,0.160690220412457,0.272903917896585,0.0368941530643998,-0.149317384045138,0.144287978508911,0.205565665884012,0.169650535092024,0.170297316749159,0.120426741508572,-0.150352167359363,-0.181846494617668,-0.00411812048649912,0.0157258860660601,0.179428203222406,0.285779397316005,0.0196939529314342,-0.0684949794340481,0.0966589279885715,-0.0369348292783664,0.0538289339619343,0.0998304727537449,0.178233380037918,0.251186222552124,0.219284191745177,-0.0226275317533038,0.0565332723135702,0.212237144591715,0.463325381847985,0.0947416765486025,0.101849576764607,0.585970167901553,-0.00768015811817981,0.446381829326498,0.771188666067519,0.745714389487416,0.345725888318397,0.645934653205941,-0.0330233889667207,0.065997450460111,0.177731680369532,0.366732132093412,0.480947796255494,0.363936519562554,0.349975393672711,0.437285937729826,0.150677372078459,0.170485876522039,-0.003232919422932,0.23511998073579,0.132749706055886,0.23079424068025,0.197698735077386,0.0391014852124573,0.133951251957222,0.252635435341771,0.286806091595979,0.170657027764179,-0.126019894758943,-0.164484790336363,-0.00301422572385724,0.145915930048011,0.296025326743808,0.167394928349,-0.309267368954927,0.0691848575866768,0.18460561555813,0.157411554096731,0.329699367325133,-0.0903399515847546,-0.0406159179609059,0.0207220158952811,0.127098635027392,0.0963508500319553,0.1636965827466,0.278641041878033,-0.345452961218074,-0.00582598436189278,0.500034640275835,0.218695017401601
0.286693111289434,0.174035765578798,0.314007918908763,-0.0153183072770389,-0.0147491545832763,0.106081703690671,0,0.359682977824972,0.297829745137105,0.199225688508903,-0.0855683224041071,-0.0765394456525807,-0.0316752810047277,0.113024373270967,-0.0204345232914562,0.315479455031343,0.0173983275547762,0.0562345649349968,0.0437465597588163,0.216991957267837,0.0476369779338661,0.051286893338511,0.136456601609493,0.00265012343251871,0.175608410865331,-0.114679493254127,0.00915987677506029,-0.118049340383696,0.182401054863707,-0.0822516513218732,0.263507602586033,-0.0221984571014328,-0.105852038100309,0.0838862106515663,-0.0343424833784367,0.126031456639104,0.0881315035613254,0.338928893172948,0.350318259166444,0.63328050854954,0.349870735246115,0.148399702527823,0.154427159475338,0.182060853374494,0.107715803388655,-0.0820342582351449,-0.103187665994155,0.105155509377589,0.317668464010004,0.111713297236779,0.226319849232553,0.25694566227402,0.314320186417241,0.110927149116973,0.100039763376701,0.257338985580733,0.535196699408896,0.334620237570133,0.162909085878155,-0.0598018380503153,-0.0227611462462435,-0.0812651302137218,-0.0834679589535551,-0.202124073870726,-0.0159774756325181,-0.0757290723711181,0.629594758628241,0.090938160680343,-0.0498320867458726,0.0699134716951524,-0.0966608613143466,0.187639575250254,0.0965538676752765,0.434268457742617,-0.117511561021137,0.000797575979592921,0.182618827000437,-0.0763159707354163,0.253933970986987,0.00162370300774533,-0.168020276292226,0.042194489645655,0.150754215363072,0.0121595769382055,-0.221839741939437,-0.135471072924112,0.0645827172548663,-0.150066311023272,0.129386399049316,0.271964713644237,-0.0123412719946149,0.339166159357312,0.462291130305331,0.144163104055043,0.220631228998341,0.181791343647486,-0.200127230988432,-0.0161762172352697,0.373921122121167,0.285834859758379
0.275025672972186,0.606989596766476,0.359516722225036,0.324260116058631,0.511075379596777,0.599272497562875,0.359682977824972,0,0.650909708210328,-0.0568089337547913,0.0594300856479842,0.081185211946697,0.234412035785606,0.371509897071534,0.263877985368626,0.279477676482557,0.237648750407,0.538980469968588,0.336760852461395,0.244991609809929,0.394453154990607,0.171161114441829,0.291951931732609,-0.154014259469526,-0.119073734002847,0.0484295924266358,0.153147102330251,0.0266817495919932,0.116582462577688,0.0533646160290678,-0.0610002910605291,-0.0544861718298483,0.105772168879975,0.177328856187494,0.138064855685284,0.201909408150361,-0.0426989396037752,0.141258770023792,0.16640716930496,0.0913013786497397,0.0933362006509441,-0.0459435006955962,0.122904791113451,0.144496164060394,0.125422234998357,0.0164634331488654,0.106138683475983,0.207111714860234,0.247559617479384,0.0509212670911965,0.235637816417547,0.647209690924227,0.284050971919905,0.460685121926868,0.73731054484368,0.504686149301149,0.756433306918913,0.74176931501537,-0.0287882524710343,-0.132805510198166,0.031899025905747,0.168018599858679,0.196500152664907,0.157900959087988,0.194381640752773,0.236446100848534,0.26868465699903,0.234075110665387,0.127100275877947,0.428622956356266,0.141729541540177,0.291284367381475,0.279853317943489,0.0763155321237287,-0.00437570744611335,0.0672933630410696,0.168324290783378,0.107970561803895,-0.0660630626336424,-0.0242160572896597,-0.0309945412509718,0.140693026916343,0.197493324869055,0.212176545872801,-0.200643052710651,0.0700405624631082,0.151290599855315,0.0925929478631177,0.232632857247528,-0.0261049221786779,0.137372303877461,0.0485602284632071,0.188949694449974,-0.00624081029661998,0.203018838624114,0.169365575314293,-0.214885953017266,0.0758524461824277,0.400534988879102,0.188346050881741
0.0933797460954145,0.427037769260177,0.28426375249765,0.304586198582353,0.570103104282991,0.673388981066839,0.297829745137105,0.650909708210328,0,0.233039203664697,0.144982943541131,0.149504383393465,0.28085977439961,0.392475058298104,0.355809964466831,-0.0765417432179729,0.0702685291565454,0.259734911789741,0.289690813440936,0.266569055962298,0.260722999496879,0.0922680547938099,0.218193913496036,-0.0996392445126757,0.0813059260137112,0.0226682615911216,0.160612039125394,0.0738901835108551,0.183973798091429,0.0699428629356554,0.115297342368651,-0.123546387788656,-0.0770428541716827,0.0267349765235814,0.0988405051021796,0.297136773800568,-0.000273308438340614,0.152751183716433,0.241794804975903,0.210134211477227,0.181274985725524,0.0719852079639386,0.119355055046401,0.314512500466678,0.21928389912551,-0.0146424249617492,0.0148403359810871,0.160240381222599,0.366851768472353,0.133663212392218,-0.0120711979081952,0.414923795420746,0.0460090197613926,0.404954037158376,0.72900355764638,0.585404278711428,0.475367685370823,0.840764223601938,0.20802019010772,0.0101807893816432,0.115869942832907,0.159294288609967,0.264241839649103,0.156058885941521,0.235674843738529,0.2807166472939,0.275928871616144,0.164668376926534,-0.0607254799637775,0.197624753607977,0.107091384443517,0.228324832795537,0.170507966125919,0.288308779427138,-0.0500837640947579,0.10742259193875,0.248699687183018,0.151760169805737,0.140674142272701,-0.121669852275641,-0.155500853073699,0.117959499681101,0.27000040248195,0.141252482251549,-0.201593345109736,-0.0226546276017658,0.234662109555764,0.157619492716764,0.337866486815209,0.15521526526284,-0.00536562843914823,0.179448645974105,0.334212030215388,0.130849202333106,0.198940889350208,0.321237764205312,-0.232992299213945,0.0657820168557383,0.514458675621451,0.35833130411981
0.0501507123858821,-0.0117555629207647,0.0806539796057047,-0.155264363168844,0.0329406092328799,-0.0301452415932135,0.199225688508903,-0.0568089337547913,0.233039203664697,0,0.213251182880727,-0.05155849017099,-0.119135069682061,-0.130568514340333,-0.177609176851057,-0.17533780242498,-0.319573920354348,-0.219612499525486,-0.307379011878462,-0.111504276764296,-0.175512174995618,-0.169102612159283,-0.138186897821418,0.113287841683472,0.719272284274172,-0.241324576648693,-0.240043489511294,-0.129159782395444,0.146738217200177,-0.157905658393434,0.537540696123749,0.0500287656225845,-0.161314796285372,0.157720793379477,-0.273664568089721,-0.0436862061950789,0.0570094226313556,0.330825773543691,0.110593938010464,0.483768804721384,0.290953239575801,0.273991691203261,-0.117546020315811,0.1113846947526,0.0107592323116022,-0.224882371934473,-0.276699965650113,-0.190738710814932,0.160665663744666,0.258046823413525,0.0508606729725371,-0.134391495757146,-0.17684568800953,-0.19385638561751,0.0213239287258902,0.0495739530581997,0.0345182041335652,0.199287678022993,0.655250750186946,0.221407474460122,0.0129820056170046,-0.312355739797885,-0.278675189093332,-0.346101286181609,-0.245847975192464,-0.272774807741256,0.133955022314698,-0.147490158732647,-0.158066760225456,-0.115894618117128,-0.187544569142168,-0.189054228354047,-0.189965813970717,0.225396548951283,-0.237341169603391,-0.0226743282631044,0.0430922994924402,-0.131120577062682,0.562216615469498,0.060530520545914,-0.437425294182365,-0.151572196003761,-0.0590685219005794,-0.291266707600555,-0.0931338153024041,-0.331205296011767,0.0121607360867134,-0.112923379335276,0.00382264170902984,0.212955773228609,-0.0913201899358061,0.330637648516948,0.301146151196662,0.298694800760847,0.00751224850977328,0.0715339235880306,-0.0312868941197284,-0.172702773352271,0.094288010640257,0.336244474897581
-0.131247026818241,0.240611256218576,0.21857145853226,0.232158310625571,0.307732112590392,0.233088917915921,-0.0855683224041071,0.0594300856479842,0.144982943541131,0.213251182880727,0,0.712570601651338,0.336952109571636,0.267301336036273,0.32629176144216,0.0112375306079951,0.236263986942962,0.294167630181636,0.25140242568896,0.236706837201746,0.140194605840011,0.125728295092033,0.239418822503979,0.609399807223931,0.211593066488802,0.441282417949648,0.1488794837306,0.162656774720873,0.262962495215153,0.154282862142149,-0.194990634158978,-0.300718102317924,-0.322160008964657,0.253795599767417,0.103689511555886,0.428660385675111,0.236140884837384,-0.276990035287066,0.192706776479532,0.0704163096732617,0.374084155493892,0.296944031531082,0.373384343919538,0.211261673013253,0.281551403938182,-0.025328475756784,0.00523358303469872,0.265409587957637,0.212660392447786,0.295096186251172,-0.272436382304706,0.136388120867882,-0.115141173980344,0.196994328379196,0.143148240218526,0.0687087993454906,0.0698675133540119,0.117132556511586,0.411900476284703,0.721934494481547,0.615448214211725,0.229702104481325,0.114825586177487,0.136221245178259,0.17370086880651,0.244457723098555,0.0903040833854254,0.141838897146549,0.242200171825349,0.332968534235656,0.0170108639531529,0.159677605823901,0.156190489768901,0.289973636483317,0.558724968890535,0.573698471487988,0.208480099069889,0.127591561488374,-0.0722022730103043,-0.382444562343638,0.16840622336531,0.45111774901797,0.304562613649906,0.0410330770283022,-0.284441244082782,-0.0417655693495589,0.343943203117716,0.0658613535222803,0.455506122442843,0.465688059400399,-0.375080518697346,0.280008791920004,0.0871276235150353,0.40938868471698,0.36694724298421,0.154201255943073,-0.369068528526648,0.0170249160696417,0.096764124495649,0.368565287992074
-0.148775585668789,0.265750385348654,0.24251741178192,0.387765972703795,0.346096788972336,0.265018948378537,-0.0765394456525807,0.081185211946697,0.149504383393465,-0.05155849017099,0.712570601651338,0,0.516298845971854,0.479659058924266,0.519974136749938,0.0430451524138173,0.423125296263026,0.321446805109135,0.493761426107056,0.312120763506021,0.23033986936358,0.271462423214369,0.464362982400751,0.597576416580321,-0.0899146842403016,0.612770174484718,0.328512022385985,0.361183149147635,0.367756471289379,0.301166196572076,-0.246928543074211,-0.440993486866435,-0.333951378842652,0.258536881038227,0.289107674487352,0.490919388320823,0.355454611413259,-0.312607204635247,0.356435440753733,-0.000449838698024007,0.340867712907343,0.364930110045851,0.543403703810711,0.374346392687237,0.334729376949189,0.0994112031045108,0.173547857290657,0.480109624166468,0.217501655947056,0.232863704715385,-0.341102271892117,0.247307321212674,0.0732583927875012,0.391759179053878,0.1269382757905,0.100934500810724,0.123451032646816,0.122417034291964,0.137543661670931,0.687738047149419,0.780117066022366,0.344554720683526,0.288851727479894,0.276844101730911,0.363336286945387,0.428350013033318,0.182722255609855,0.29456643460154,0.238882926117403,0.336906468363328,-0.0335614995012645,0.370375131948807,0.281770391645045,0.242552134623233,0.598114153955349,0.728150922203822,0.344255658048103,0.333156816318441,-0.101534993412039,-0.443109050122873,0.180928730514792,0.491672320926569,0.495625607642368,0.166165681291602,-0.457893223598266,-0.0091916175513352,0.416115686270983,0.191333085601196,0.489651866223518,0.431522134186545,-0.337859286994436,0.261730426915166,0.139279735184463,0.475628199299186,0.511010541567451,0.353619206525307,-0.548029731657771,0.116651873507392,0.117138569628913,0.314876040156065
0.0608695947355144,0.298125113468625,0.347693322349446,0.271172503316774,0.368161927210618,0.467655771500274,-0.0316752810047277,0.234412035785606,0.28085977439961,-0.119135069682061,0.336952109571636,0.516298845971854,0,0.685523658958389,0.661157482919207,-0.000458338806399448,0.536350136337933,0.35141276584093,0.606204512891566,0.452460897905063,0.399637976554686,0.57924183789137,0.454500388560011,0.286276612427671,-0.294290491798791,0.476710291648111,0.382788099203697,0.551408345143265,0.503855766081228,0.255854048328071,-0.211729081544788,-0.37682653260601,-0.221038433453469,0.284520469313988,0.478836320263972,0.382460462412368,0.393962181919576,-0.270995111583222,0.203467690248209,-0.0651918292972506,0.206680855320505,0.217448845346674,0.581038070513108,0.497267214088937,0.523615378698,0.0167895922003101,0.144339210576662,0.379910569413095,0.296471693163,0.188585610937012,-0.214948477140339,0.285359120498723,-0.0470688059459486,0.438480277271976,0.35136224060438,0.290275422716452,0.126584040942331,0.264630618597158,-0.0540175594166036,0.253880247040229,0.466187587784671,0.670338081813442,0.683973842732182,0.511861549180888,0.543618002319724,0.566563405943074,0.125620534852814,0.338418792085237,0.227236949057674,0.3209980125278,0.152477428737529,0.589256013763858,0.305770218365139,0.0885236570780822,0.285503587066591,0.46089259849555,0.553220105129626,0.441217411050542,-0.141309528026863,-0.367329294371019,0.208972700586633,0.359843765637885,0.564649076276655,0.400553741794833,-0.370983513414757,0.101184678289552,0.483890392134027,0.44195352743781,0.406101990214823,0.147206813239343,-0.259930609403279,0.0865541326192287,0.100474846534863,0.212640832773003,0.369604831134155,0.509374215920485,-0.46488818068957,0.0692017687371265,0.247028535006221,0.271532800559414
0.000572025508814279,0.457620865050097,0.340843094696588,0.458764533276473,0.486211089350159,0.497201210874635,0.113024373270967,0.371509897071534,0.392475058298104,-0.130568514340333,0.267301336036273,0.479659058924266,0.685523658958389,0,0.777587667225655,0.122429086291005,0.440304422256162,0.480416284745918,0.719030571834051,0.477510037760498,0.495861688292354,0.646593987991181,0.755833036033017,0.176690060449252,-0.26538111352862,0.354551856922424,0.591147581680708,0.621941010607022,0.448430238970297,0.425916984281553,-0.107709404564209,-0.427243818486553,-0.288405000610457,0.301878158056153,0.618583270367692,0.500014517436274,0.359333479501233,-0.202006331679655,0.362863609206327,0.0472123700438836,0.296663527168899,0.322327684565062,0.523400051401134,0.579509343864831,0.613869862083445,0.193669337475577,0.319435004529198,0.614858604143616,0.34774729679311,0.258293772852996,-0.257211199843238,0.420127493563036,0.132715639862205,0.587654782977577,0.38260754721371,0.313640344439038,0.291878013429862,0.397707187091826,-0.00779060126586676,0.279605371129018,0.454679854030504,0.452451402680129,0.698531106376636,0.527056268259857,0.618570289262455,0.711460318754333,0.275695477525704,0.367157564317518,0.262087513007692,0.473244405953361,0.153545508843014,0.676648363881293,0.614232492647495,0.200201234744377,0.27546685271758,0.481051388938687,0.507488132432314,0.580764307181557,-0.0556189391857805,-0.413349714407714,0.160548961671536,0.483087285528424,0.684236285250727,0.499160997096188,-0.42076992941096,0.289092040022332,0.444720137489164,0.493736055740302,0.510891477924488,0.28229680908071,-0.274408783122078,0.238151989196476,0.240281714422603,0.367066998496873,0.492986376831054,0.615314099658119,-0.587597326443635,0.260305096943507,0.29687495350721,0.388587913134617
-0.154751892410721,0.381878427634964,0.210816721200113,0.444685461306787,0.450343647882908,0.468989610244895,-0.0204345232914562,0.263877985368626,0.355809964466831,-0.177609176851057,0.32629176144216,0.519974136749938,0.661157482919207,0.777587667225655,0,0.0405887607304722,0.436621186892698,0.459041982779423,0.620694581267755,0.460507057742373,0.521059685812948,0.535784326766683,0.680012093184751,0.21916215656786,-0.280522713004176,0.388003023811146,0.681408685628906,0.673341346062888,0.259238774157347,0.552373586593119,-0.275616949388334,-0.378959423405527,-0.232048115926714,0.14086397206094,0.674066718221728,0.534831287095094,0.14378310856699,-0.250531928602203,0.266633328834489,-0.0598930550709505,0.198715465115551,0.127474355472355,0.364916481103841,0.355951578710877,0.409460845864094,0.359979007475506,0.482909314293562,0.658434712990341,0.330939268637236,0.161298600323197,-0.347517235967846,0.319128190489996,0.0228887250709219,0.514311673262704,0.343357493245092,0.222484015300164,0.129045519889909,0.314539204440265,-0.0554473532250204,0.310555526263395,0.478661670220843,0.508701481002433,0.67340909328554,0.638085194149194,0.708834426449706,0.884497688694272,0.149971643398315,0.30711391808375,0.191989105265117,0.385987825159768,0.361342909838101,0.483643628068181,0.574584659878154,0.134304441385877,0.410415870035793,0.494394440024734,0.351657621400175,0.630877551193339,-0.201409242021381,-0.425653343693644,0.284914868704587,0.398221696203922,0.472139513466262,0.48764477301108,-0.228201195338712,0.442491862953399,0.309411978925821,0.551988640952923,0.532263187793841,0.226603204774379,-0.305455202877281,0.186119689164994,0.114654970996441,0.201696890358509,0.273376970375514,0.380786153053971,-0.500852498544216,0.396220099578456,0.285004529971718,0.293000190478017
0.356093104866541,0.330507519355907,0.0203651972478903,0.36506744211188,0.10374553483448,0.0617044732108935,0.315479455031343,0.279477676482557,-0.0765417432179729,-0.17533780242498,0.0112375306079951,0.0430451524138173,-0.000458338806399448,0.122429086291005,0.0405887607304722,0,0.0862303625814502,0.328538269406631,0.0936527195628133,0.0480974787499424,0.0293866560913978,0.185241934513065,0.211202207387211,-0.0327985805173066,-0.081172748681422,0.0783276898032227,0.085477162308233,0.0173335304163694,-0.0594747011049649,0.0722903878681709,-0.190307258610865,0.153983763385988,0.329807564093701,0.178213150121099,0.137406302758787,-0.0282742028812914,-0.031327708871267,0.107344828386966,0.117385393528323,-0.0577895105293471,0.108810622401045,0.0238310493669583,0.153200995022388,0.0609813925569331,0.136726000189883,0.130315496252847,0.118096466319449,0.179834321979535,-0.087499285579498,0.0360438383091912,0.515954854186698,0.449613359918272,0.570329586745281,0.252729923068073,0.083679270753264,0.0438262845019114,0.308133168979053,-0.0435853902449971,-0.154485627924797,-0.115707490606236,0.0171538393604828,0.0797125490785325,0.0630578436209508,-0.0155031053998128,-0.06876067965584,0.0756606551921015,0.119642027038493,-0.0404754938707775,0.117884740471313,0.285522586120871,-0.0228029371350013,0.164607872603479,0.198812473056994,0.0266867900628675,0.144768011701189,0.0291732091710552,-0.0472054525860767,-0.00428661271336113,-0.208429437390766,0.204878822964608,0.0968544072546785,0.141678688144119,0.132465507928718,0.241795625072773,-0.127138111632564,0.168542097334447,-0.021844082934448,-0.0737737412337161,0.0327268770733421,-0.0391940730152523,0.324001192616402,-0.135742629476295,-0.0697785187895381,0.0198653069748701,0.189590323278437,0.0626558460576248,-0.152688580207044,-0.0227628092658444,-0.0580819822512835,-0.0413346871486877
-0.0429567313366375,0.156028619094479,0.196196045524128,0.198083570187882,0.247072004957609,0.228872231145447,0.0173983275547762,0.237648750407,0.0702685291565454,-0.319573920354348,0.236263986942962,0.423125296263026,0.536350136337933,0.440304422256162,0.436621186892698,0.0862303625814502,0,0.443554114498497,0.701458198622178,0.228702408713239,0.504841026174643,0.484897542475656,0.434311773055615,0.318397109476074,-0.319178813601133,0.512950595408906,0.358331204666966,0.358159142443086,0.279737676363937,0.252497674387183,-0.313455292549624,-0.268268926318641,-0.137822153385958,0.246275370926467,0.344770511478929,0.220558434862875,0.287641079030746,-0.189165616945242,0.102641272751386,-0.160814333792246,0.0605512650933326,0.0311866841475396,0.48433858682735,0.24052891405333,0.283565477455365,0.102936463079317,0.254469465368153,0.394291746309416,0.130995159505194,0.0152503555334382,-0.230440852297331,0.191644372663353,0.10718902475312,0.366907287025356,0.124926357822116,0.110231351388153,0.174331288357436,0.100795006389659,-0.179562076791286,0.145477947943725,0.295378887918043,0.515743046680811,0.381856940766369,0.480228100267069,0.486084830208732,0.432005272393875,0.117226805723599,0.590098595192915,0.357353572576162,0.339236616318829,0.222465024967605,0.493081705639388,0.322064562696875,-0.0136803519665834,0.405742232825085,0.391428945727667,0.359907547623112,0.342702042122756,-0.284556186162003,-0.311650457459904,0.334282282867999,0.298947961871267,0.38623805110302,0.374917563314614,-0.216520419935159,0.173880931246794,0.371557983737499,0.268131704161979,0.203894587405469,0.0639019740330179,-0.181689301334689,0.0222641060585328,0.0659534814089294,0.0422562996777286,0.315320493137817,0.259030977696246,-0.324865260135162,0.16323541895963,0.11192778248308,0.0292990532284858
-0.0862349572941006,0.492918090478095,0.210138251297681,0.448617550431039,0.483913461438779,0.343558155672363,0.0562345649349968,0.538980469968588,0.259734911789741,-0.219612499525486,0.294167630181636,0.321446805109135,0.35141276584093,0.480416284745918,0.459041982779423,0.328538269406631,0.443554114498497,0,0.489605927211491,0.549318184577319,0.631170811170142,0.459290012128918,0.468016090327572,0.18503283935038,-0.246331848094528,0.255674080745791,0.330789455288423,0.228118447728223,0.275863326843717,0.185877765886214,-0.266469053405809,-0.317946347751621,-0.144634550757428,0.518262861861713,0.386377920704753,0.508296150822335,0.221073626378399,-0.155140237672134,0.2863162565656,-0.0769630515152447,0.360634238606457,0.0286508928924404,0.352959988157343,0.221251504310329,0.34899075730539,0.143173380981282,0.210546926749263,0.397322986278526,0.236717618080086,0.344036615264964,-0.101651571306146,0.40818881661005,0.210071264838385,0.568840001114607,0.381527817284179,0.0808764670641879,0.445252795445267,0.367582529100433,0.0701198395861798,0.149036748753445,0.218847732742951,0.358680579163692,0.351859617531855,0.357904190438307,0.388489545346181,0.441306019698659,0.157973468369504,0.297139426550978,0.537487862368456,0.853468275168903,0.396277238914336,0.518365781840945,0.438280029032719,0.0166717886089197,0.3369950793338,0.253948549013718,0.303370226354071,0.246458571909395,-0.231823140442702,-0.379325106468011,0.359481270612245,0.62226780733277,0.412460037747993,0.447143460014328,-0.159067975088073,0.235543129605266,0.425646236390942,0.214422996330042,0.567860102044708,0.230283228410729,-0.10589184679019,0.11262203021627,0.114900946869241,0.10256658366797,0.396100494201658,0.232584626598448,-0.290314362993484,0.1733862859754,0.197719665594728,0.363351651208531
-0.0608476862122968,0.299239462873001,0.262841366170991,0.344242398403432,0.406473294308308,0.392722207059829,0.0437465597588163,0.336760852461395,0.289690813440936,-0.307379011878462,0.25140242568896,0.493761426107056,0.606204512891566,0.719030571834051,0.620694581267755,0.0936527195628133,0.701458198622178,0.489605927211491,0,0.399138502157238,0.520420634312173,0.583506708759082,0.560109117477548,0.221369696152633,-0.38485419827926,0.486544351007983,0.463254533139572,0.512518004500024,0.449110479612657,0.316615713820538,-0.271472840120646,-0.357466312867277,-0.216213791533791,0.281784091477621,0.524058348646774,0.38612805831581,0.405450434207417,-0.192194636701212,0.282684616228713,-0.0927799258962088,0.190537814092484,0.184324253377619,0.621530648608945,0.485206046936977,0.540561238699007,0.122014758878694,0.223775064919966,0.486059249363633,0.240559944105444,0.122460376129588,-0.278201059547774,0.327063617783731,0.175742298441809,0.541311389731246,0.28668206612007,0.257608246453205,0.284848167731648,0.316981112415297,-0.140840363515863,0.164826867449908,0.352554427962112,0.47003134490964,0.623739150232731,0.563394411346973,0.692927129431469,0.582087321750092,0.233578949265079,0.559869734984478,0.406027022919549,0.444739659121905,0.187408345975671,0.683817756428608,0.428554720779845,0.162760218572644,0.328143463989181,0.435950544300461,0.565602108734869,0.456787886930638,-0.233868033926299,-0.376348677422156,0.254011967152088,0.410585115343242,0.641483612519845,0.542695147378069,-0.326660198906511,0.20159319680937,0.495966860683392,0.424028973643457,0.427430158582033,0.190304397797359,-0.199695077897072,0.10455369570612,0.177639089654249,0.202742667634074,0.469431187943976,0.507303269714053,-0.471972263926089,0.180746231079978,0.24831232358825,0.236038407423037
-0.114335126739451,0.230994998812037,0.26832807598248,0.215970487066252,0.244330451937113,0.244773695048531,0.216991957267837,0.244991609809929,0.266569055962298,-0.111504276764296,0.236706837201746,0.312120763506021,0.452460897905063,0.477510037760498,0.460507057742373,0.0480974787499424,0.228702408713239,0.549318184577319,0.399138502157238,0,0.513593226893383,0.339854916309556,0.355875819535297,0.271152258210044,-0.290508912369701,0.208666070440233,0.296997889139072,0.265469733324109,0.520456538482776,0.118833145928226,-0.119317086035953,-0.472673600366922,-0.360137839369559,0.345881935293651,0.29743621199571,0.573962577887025,0.391437331760715,-0.24306778291488,0.390973988159359,0.196396531004507,0.521527644847142,0.115694352745971,0.442281802284061,0.389291279367652,0.441890551729342,0.0871809517073765,-0.00908058077659632,0.31324848260691,0.356465384825454,0.52774438322406,-0.18968653256571,0.202145144117682,0.0105823906034659,0.441087927910408,0.225350816442054,0.0877774677861081,0.254547473994386,0.32171266679574,0.169025347104816,0.221274943906801,0.247034056062082,0.346103040801604,0.37937599269946,0.25164935426285,0.438927995336631,0.368627500740343,0.295607996674567,0.19026286851474,0.368906899936848,0.562297077942453,0.436693848229011,0.541633692447414,0.30371427047473,0.252421926412201,0.23972200024065,0.260657669172898,0.485273746239845,0.228760623575976,-0.0505085902684238,-0.504737732361488,0.317896192901396,0.623369139155799,0.450343075773449,0.308266380051324,-0.147859630027329,0.00816588400504428,0.525924930905106,0.194179320121541,0.668318316677719,0.46310010909872,-0.315080036255858,0.235573183584554,0.212656399115593,0.167317507276204,0.458831893488275,0.385671666307549,-0.269807176265183,0.181585426910349,0.291209694733019,0.571443355183699
-0.181558361106985,0.318404910289391,0.273517097645912,0.240352936151043,0.333165006817202,0.34337373882484,0.0476369779338661,0.394453154990607,0.260722999496879,-0.175512174995618,0.140194605840011,0.23033986936358,0.399637976554686,0.495861688292354,0.521059685812948,0.0293866560913978,0.504841026174643,0.631170811170142,0.520420634312173,0.513593226893383,0,0.352544484136522,0.398548524555769,0.150882901742271,-0.293011697761247,0.186336280145847,0.37992593703616,0.344758612345221,0.35405107145229,0.15871534653769,-0.186485823445139,-0.428246296748475,-0.240238596389713,0.358953985721556,0.360505650907284,0.410164152987595,0.155094650830024,-0.29077511979011,0.148917142082928,-0.0474931935453261,0.193477347402537,-0.0537418123788884,0.199360733092411,0.195992710338657,0.252795801711816,0.127882676652488,0.145366543097685,0.297992465331933,0.302192187409408,0.232485292848551,-0.223423377019874,0.269349928585943,-0.00966670236677271,0.457683700414655,0.327621868047095,0.127949460477646,0.271250989400937,0.367642751900698,0.0776750835900032,0.103747286316822,0.192919932342252,0.364213178342578,0.384129220886828,0.47320330213887,0.580253407544761,0.472851481363577,0.136076324730914,0.421557270572267,0.449577374068248,0.565377445829886,0.582482657538847,0.457554679679869,0.361808628767997,-0.037109016222614,0.274664687035731,0.220603563479698,0.443929328039524,0.349578295277482,-0.173380875793921,-0.51238211330154,0.265373684338624,0.443830834608255,0.318006482520635,0.365566027667173,-0.021323694803116,0.126872023961945,0.388089594305266,0.396765437450946,0.432813957654478,0.10597394195082,-0.28360030433782,0.111970867289965,0.095992426508523,0.0177376128951772,0.260098600049006,0.218862624866468,-0.201422132925547,0.228201006176892,0.236092453697222,0.295280077477795
-0.00270758889282931,0.193159168029287,0.18698708199504,0.265207304220787,0.243710885997791,0.160690220412457,0.051286893338511,0.171161114441829,0.0922680547938099,-0.169102612159283,0.125728295092033,0.271462423214369,0.57924183789137,0.646593987991181,0.535784326766683,0.185241934513065,0.484897542475656,0.459290012128918,0.583506708759082,0.339854916309556,0.352544484136522,0,0.572715578086624,0.201561493889795,-0.257438371103319,0.424651499051721,0.475529759864001,0.594481570992759,0.443567700987691,0.268887484527447,-0.122458288231196,-0.241720271985283,-0.187005304391052,0.477529655748962,0.735263827344348,0.292593162366403,0.473948110798436,-0.0737760674430124,0.232672241739144,0.00808188505725537,0.232034480197098,0.268840189844839,0.588718504739342,0.433081898716111,0.573768518951291,0.117511551838146,0.329083411099374,0.473210283486741,0.163946866553584,0.188511524821234,-0.209747343233342,0.15325631326332,0.126457075357849,0.399087825034121,0.103164873186868,0.0723128577406177,0.186115867841155,0.128419959706882,-0.123021748568407,0.10094041833274,0.234673548363022,0.333295531934484,0.588949662034966,0.406329189159615,0.496405361874749,0.485810139192409,0.211702007178101,0.324368768083617,0.391407645597337,0.446656840382929,0.132327714472601,0.72902280639693,0.427473415238814,0.0743387968674949,0.165571976951835,0.326774361743781,0.48776431048163,0.431307416993601,-0.109690754452628,-0.248838829177291,0.237460582775123,0.381267585904247,0.565651484723806,0.661498238669359,-0.270586517513438,0.323712762732679,0.444637278148793,0.49329774161708,0.308821738698134,0.2036476131427,-0.191733102963511,0.159269557781067,0.178432960379755,0.237830813874296,0.394519395751513,0.45310059730884,-0.398787933488591,0.185368985585954,0.109416530709555,0.236161791542782
