0,-0.0429257429880301,0.470562693990545,-0.132482485307749,-0.00692531613133632,0.0233283862958516,0.14403012678323,-0.200642124988027,-0.0921015267771906,0.21743060326555,-0.163856691496135,-0.286437986210538,-0.172955251085906,-0.384067542537182,-0.300558681097308,0.0785289655961514,-0.329406662217364,-0.102393229078456,-0.352357721584428,0.143663686746995,-0.30838570031749,-0.114356624998797,-0.390357037437756,-0.070894615903716,0.16985145257522,0.00203853194374292,-0.224391720368436,-0.188639923171333,-0.132412081863768,-0.3237644520079,0.0587604936881085,0.26829410052359,-0.0367492845598342,-0.335575834418445,-0.141745811145702,0.226814798616228,-0.156308410419265,0.267573823367441,-0.0751178720194339,0.171437703911805,-0.137165669736676,0.0533045802951809,0.0148365824320217,-0.0290102457743055,-0.0998694582656332,-0.20913406405057,-0.294293083383446,-0.136888154736133,0.27274381001802,0.0200239273599327,0.505161344756773,0.369642037383688,0.256624496092767,-0.163327099333197,0.0686545981858225,0.207344322994,0.296207799442103,-0.150272516070001,0.1128484859451,-0.0395705791668402,-0.0865001490157335,-0.2355294582113,-0.291168020571004,-0.314173691012243,-0.32480313257548,-0.306374443825443,0.285762592388596,-0.477924412778089,-0.360264914978767,-0.0808519759559208,-0.240462050588699,-0.332763885007342,-0.321633360001695,0.0269365047131706,-0.144521747691661,-0.0307162972627777,-0.139083557796892,-0.321985616495304,-0.0800709297397011,0.314064497173592,-0.231057416170449,0.0972468556218531,-0.0367416203671952,-0.265260595741193,-0.0510380241208341,-0.114699001623112,-0.0986810614003263,-0.0960575059883039,0.194877658242051,-0.0558981567670805,0.137294917704998,0.1292872119587,-0.0645935503699491,-0.10145089918564,0.00436665633893787,-0.0423050607303052,-0.0994266881734157,-0.105838442173513,0.273159708917551,0.0437065472662074
-0.0429257429880301,0,0.350892806599297,0.28385478870044,0.210500905983266,0.313647589369702,0.0269802678179828,0.358180050670944,0.14964509418486,-0.0669831759584019,0.0232946715102121,0.0060642068582338,-0.113152074408357,0.00230872848499323,-0.237663373008187,0.302887214983522,-0.0975243808159702,0.162828494275469,-0.00640163924449181,-0.157469593996712,-0.0225262697656243,-0.242850105539435,-0.176246887040907,-0.19255318988673,0.0685752697683251,-0.206535073036171,-0.273978875702948,-0.157702889907321,-0.346721607857037,-0.239225990667961,0.0270184008993439,0.0490987024220337,0.0980058948096782,0.00790199364599577,-0.218465858208722,-0.0138985099852515,-0.316584873327393,0.0487648441091046,-0.0767964758062875,-0.133560651456647,-0.0840364994288141,-0.00124798053240034,-0.0946089822198959,-0.228771376592802,-0.0791382711169543,-0.235888061832645,-0.16528186503531,-0.199188166236958,0.153946708672384,-0.113908273104573,0.222708622797559,0.571129290335885,0.0647655700909299,0.200088665181521,0.395336563354841,0.239682510918526,0.338600975967314,0.242656424842551,-0.12155164444114,-0.138899152869425,-0.0982934228418896,-0.130029186087864,-0.133512184721973,-0.135112946049766,-0.20838775181208,-0.237492987944781,-0.0285589904621317,-0.0242853076827236,-0.199390501427755,0.223556710732002,-0.149031430949325,-0.225088349936034,-0.171331359348947,-0.129584183319045,-0.194145604989262,-0.254521540906089,-0.291267377732409,-0.25879590194559,0.0540574872838763,0.158107818615883,-0.280231333404634,-0.145086763823306,-0.0977526329297342,-0.205665120048731,-0.338768572473001,-0.349668862234004,-0.277341075655838,-0.164282291383739,0.000989644666033914,-0.129053644458457,0.0313219749919005,0.101495532495306,-0.0735477933743451,-0.0250119863504634,-0.33206975261082,-0.291562486052984,-0.27058576969654,-0.225937691000039,0.109204984117198,-0.166700064421546
0.470562693990545,0.350892806599297,0,-0.32158537970331,-0.0913905929053351,0.552025883996534,0.0667555613150833,0.0455507521997465,0.248356431130353,0.131751675725988,0.0123848291534699,-0.177492134170534,-0.0214515777614412,-0.233041981093122,-0.3899259372746,-0.00355908776597429,-0.228822179153879,-0.196818906763831,-0.133047929734157,-0.0353355445025982,-0.222246424788623,-0.193011809483561,-0.422161070483918,-0.0802788379679114,0.160198672772118,0.00278517947061594,-0.267607475777977,-0.0882634513063506,-0.306400499425917,-0.392037782751334,0.191004961632626,0.0731756597296956,-0.182719128431297,-0.23192426990268,-0.232164387216023,0.100686020152938,-0.270377263804047,0.129474168320678,-0.152484751057602,0.179609490420333,-0.127070344699951,0.247608120423582,0.0751591574841808,-0.216618914347753,-0.0994453118769695,-0.238810666427494,-0.245413359254861,-0.219518286308864,0.471440189646907,0.0109099830345564,0.457076720802442,0.642886476734223,0.0835518394079289,-0.298445703091859,0.510097519172373,0.618220363767771,0.338586581853579,0.217788592274405,0.0142091822511845,-0.0677441661683964,-0.0144505687857428,-0.11082512036911,-0.202564558813429,-0.225739849025113,-0.367491520257706,-0.411177065243742,0.23192984056229,-0.256569022543484,-0.392557222979006,-0.142312458275545,-0.287439392550255,-0.370756963196257,-0.440042604233452,0.0497676067913747,-0.192419605305362,-0.0989933914222779,-0.279651314508234,-0.410884412880854,0.152805354018491,0.245025760827519,-0.26192318404105,-0.00962806587605581,-0.0234565428720667,-0.203047978004643,-0.218926755934705,-0.367740930475255,-0.247791466439713,-0.101398838271508,0.122736077780449,0.00731725885076871,0.142289393837965,0.187873438809327,-0.0935073279436742,0.00391182519988723,-0.275993092732032,-0.244308934032218,-0.206310226086999,-0.277172217338257,0.390820204097405,0.0071883864656176
-0.132482485307749,0.28385478870044,-0.32158537970331,0,0.562724921088844,-0.187283365363933,-0.0364517600372376,0.276181234432187,0.0280055547846302,-0.137651042579688,-0.185612760599913,-0.104570182196811,-0.129299856940484,0.107044771423105,0.0511660236621464,0.289237765865729,0.0146629187395975,0.35095961554209,0.0914589687374033,-0.0174522907236619,0.0673272135643597,-0.0964376535444252,0.0459740912209496,-0.237465057628072,-0.120299491721807,-0.336778377034371,-0.125789839926379,-0.15115177536399,-0.122603285987424,0.0480554315626339,-0.126012482814687,0.112460052995285,0.346067337267196,0.00933200409320007,0.0121135509218503,-0.123747985990621,-0.177986221673514,0.0418017475895337,0.0105912113516272,-0.230860429194479,-0.0742881820738426,-0.265970917038412,-0.239760493872105,-0.0541342286372813,0.0301884086319808,-0.0987164969654286,-0.0581007347601582,-0.0526145796126829,-0.320716792907896,-0.25582227084956,0.0601351665739307,0.0587069043007732,0.225730748172954,0.625149929850663,-0.0200003410507909,-0.263639797135904,0.145047741603356,-0.0020375273156357,-0.208003215411828,-0.208410098795591,-0.192233449850956,-0.0841874538866921,-0.0537690662614413,0.0344799075161149,0.0296816940012564,0.0520779319691976,-0.223018975786335,0.000751560124169637,0.0216954608418009,0.356773394471681,0.0344215754789009,-0.0863733696570101,0.0788388710683186,-0.25668448198539,-0.163732697389101,-0.332676003319867,-0.113394216307969,3.2221690333602e-05,-0.102339292067291,0.0464731632983281,-0.195291347068166,-0.0978002561718038,-0.110939711519948,-0.133349307331673,-0.185753298089014,-0.0804528430172743,-0.13208868753781,-0.130163595507388,-0.167222607538608,-0.313367836206758,0.0372628654506636,-0.19982946588766,-0.0869274506444993,-0.231354877276354,-0.166679674519262,-0.123255793363083,-0.130907081478647,-0.0117657703979186,-0.292495081541233,-0.341365956164976
-0.00692531613133632,0.210500905983266,-0.0913905929053351,0.562724921088844,0,0.050707334313007,-0.137834301736455,0.301440988754683,0.236425155487584,0.0076851350674156,-0.0551086410776143,-0.11045108336131,0.0328714731187782,0.229095719371672,0.132754064667326,-0.00464674099668378,-0.0293439245771216,0.154398985442848,0.149110726293223,0.0551167083707079,0.15224205526762,-0.061300877641361,0.0620187280585141,-0.235583359341303,-0.0747501007319894,-0.210027041679729,-0.0832721632869979,-0.0884921854735634,-0.001427194018913,0.0881423525760891,-0.139646070936531,0.00824333961718135,0.188900029858881,-0.196178008601766,-0.0715384882917786,-0.0484668676116107,-0.199602866484468,0.0109678526846906,0.04014135243542,-0.127435837291002,-0.140973302877875,-0.210742698288692,-0.189885793004175,-0.0255515913599778,-0.00621602650380445,-0.0935120187813825,-0.11611860972878,-0.0455473983720656,-0.19886334525816,-0.169871405645448,0.00886968818507421,0.0625776728548085,0.063662835341513,0.447924161402096,0.248265457972583,-0.14615198735173,0.001726476658579,0.145683968058397,-0.0147636684623001,0.0310845967208069,-0.011360937700533,0.0614661704636128,0.0889815245253757,0.164888991167227,0.0947768345937696,0.115349354861739,-0.226493285814036,0.0384244546903991,-0.0749117186358739,0.132799979300817,0.060964529441219,-0.0878467351324864,0.0418395394441657,-0.184289237300654,-0.0933300355175604,-0.164971304616812,-0.0077357367710528,0.023793911659474,-0.0901655967380661,0.0131332281268277,-0.160932000859555,-0.145949832441973,-0.194240323283511,-0.170086022711521,-0.15914556120223,-0.106303378348228,-0.13550904708453,-0.148421248691455,-0.149322311504774,-0.195393888936811,-0.00615969589343238,-0.158815839329223,0.0245454314813955,-0.288968195196374,-0.158630719024836,-0.0827321409566995,-0.136803595054128,-0.0518740256591418,-0.183340782236018,-0.227918655768851
0.0233283862958516,0.313647589369702,0.552025883996534,-0.187283365363933,0.050707334313007,0,0.0628467145151435,0.348974594852068,0.666898322034811,-0.0264870932004576,0.285307709227569,0.0837773835606639,0.174530286136626,0.135850102710268,0.0232318367483204,-0.291955493793345,-0.0954067234150884,-0.116612371641846,0.0758093582839285,0.0457288158439913,0.0234401081675558,-0.0618935021014879,-0.0108879065738798,-0.0199229722034733,0.0211187735683126,0.0341760168518537,0.0461325916511444,0.0347159570171336,-0.0416136441019695,-0.0352968314382839,-0.0167525768503234,-0.249813658737308,-0.28275480615841,-0.093943085546946,-0.0610741705037504,0.149066904425599,-0.126596220161095,-0.124257824241044,-0.0120035914731714,0.194340660462938,0.00659634527969629,0.0996586420710209,0.00276488783953984,-0.140130705322367,0.00697514338652955,-0.0542957597882352,-0.00676474458784014,0.055197827654914,0.512383658275453,0.260362735557647,0.0660786412756803,0.320664256231673,-0.281492667336837,-0.163183629427879,0.721342234187877,0.723580180999073,0.204347807184831,0.57742698252671,0.0611001062837331,0.125166610407241,0.154775897775426,0.124871375976909,0.107344623340761,0.109551995679519,-0.0394998617021153,0.00362079323293356,0.143524880031976,0.0680521874275575,-0.213722586237423,-0.191881112536415,0.05400936867688,-0.0898838339501478,-0.141967259094595,0.14377828332493,-0.0680336801205643,-0.0398883434087718,-0.0497474855869555,-0.0854324187623649,0.063961989886827,-0.128905401657062,-0.158992754154319,-0.178760646416435,-0.18525429885034,-0.0555434234363037,-0.116106704383135,-0.303935890430559,-0.0833601474165062,-0.119887222867004,0.115618470628976,0.102890255370123,-0.0412266107544605,0.120685100133342,0.00902540380904858,-0.0176790543476802,-0.414824286449944,-0.179896641843381,-0.140294561769272,-0.0792561898690319,0.533087485640391,0.217749695716362
0.14403012678323,0.0269802678179828,0.0667555613150833,-0.0364517600372376,-0.137834301736455,0.0628467145151435,0,0.0937439520544325,-0.0580081541704952,-0.00754566529819966,-0.107140304847405,-0.0350757355609077,-0.246083157304039,-0.160613250729439,-0.10809118821922,0.124241088344578,-0.127526661302923,-0.00457969225709863,-0.273244482810403,0.196515043306368,-0.0575733752521555,-0.07488238504109,-0.0890430144729031,0.150960505213278,0.0759942514037151,-0.000706016031756504,-0.0268279405575941,-0.0649240914356969,0.0327052952190938,-0.110186912110396,0.0409086424748092,0.00281071587283639,-0.0702921038034002,-0.0857632423718655,-0.0546581742943501,0.0262637967433247,-0.122792899733602,0.00350250950276332,0.0559963611449977,0.343026065330313,-0.00279353863258284,-0.00655138889114424,-0.0300244784710226,-0.01298232893515,-0.179718344683851,-0.112552682887815,-0.109630366322017,0.0277899762571125,0.143584743497861,0.0853409161428362,0.107414188717223,0.0961317168015486,0.269213958826082,-0.036530626094695,-0.0147425612108455,0.0862603730032004,0.386818170608958,0.0151899714885158,-0.0244833992206422,0.0219649898011698,-0.05862929620661,-0.286620269489817,-0.192741810382964,-0.20863748138606,-0.118171885400332,-0.118260086925741,0.349170761785301,-0.217592284317683,-0.105104562684247,0.0310772839982568,0.013664292234092,-0.00220393650086607,-0.0865771189355457,0.252991551052447,0.115042282670842,0.0991512785961721,0.0834156626955051,-0.0975900275409832,0.0314510648645749,0.0285487808851496,0.0408933641656174,-0.0662772508638882,-0.0500469622429005,-0.0880247532746695,-0.00306108095580438,-0.0850314821272175,-0.139873773044102,0.0129003138541641,0.114355038208439,0.100564407554364,0.0263555826400661,0.224562620080091,0.0774416223820446,0.0326529816808298,0.122010942105396,0.0539766130980968,-0.0990481135003583,-0.0503519754730246,0.207101767234146,0.0722252060943125
-0.200642124988027,0.358180050670944,0.0455507521997465,0.276181234432187,0.301440988754683,0.348974594852068,0.0937439520544325,0,0.557032350644921,-0.199875712228945,-0.029218473059386,-0.0147528160979245,-0.107007790190208,0.244591030976802,0.0274956965232914,0.0266529962342329,0.214909513605706,0.422726528097987,0.313995589505796,0.117130378285923,0.330359305678182,-0.193825900236249,0.179303233188438,-0.260228825356548,-0.15439058349204,-0.211627289784077,-0.0669406189010641,-0.0982874977319485,-0.0183089857530248,0.0238580645708747,-0.172812012582814,-0.273989830097568,-0.0739816967241843,-0.0349143690132956,-0.106081235547879,-0.0381701715994127,-0.157911267106616,-0.167309656555459,0.0641339081160365,-0.0681585516409958,-0.0643264701959377,-0.212865446342425,-0.229665076174714,-0.137117756149921,-0.0633838058557538,-0.105535347236244,-0.157376843986174,0.0500292729931711,-0.0160827587691064,-0.00234055455179452,-0.130804406307347,0.133798900458574,-0.103503234803851,0.130185968298628,0.422604961632264,0.15218839094752,0.252064912477677,0.668303347660188,-0.0819298658531126,-0.0371177793680492,-0.0410346733674946,-0.0903189204225864,-0.0330598394851515,0.0844750966817235,0.0388348392726873,0.0135136923137079,-0.131293281437024,0.257564275038685,-0.0517772052989876,0.264050574024608,0.206812581657669,-0.0413742839461795,0.165385281266964,-0.0980640380646743,-0.0191484074043999,-0.122162904399057,0.0197478217215079,0.00360457051707881,-0.0872426510882385,-0.213650136959073,-0.126447395276355,-0.259512896091904,-0.216995387101259,-0.179670577102875,-0.176770809943292,-0.341268385591257,-0.124862421480895,-0.207981759446643,-0.0706739439234504,-0.0831782131844826,-0.0714280458345637,-0.1446547952657,-0.0428129422706347,-0.184404864432407,-0.320575577380547,-0.226368307669195,-0.120454284540604,-0.0182502153063574,0.00626197260569463,-0.0635265216695629
-0.0921015267771906,0.14964509418486,0.248356431130353,0.0280055547846302,0.236425155487584,0.666898322034811,-0.0580081541704952,0.557032350644921,0,-0.159377799761833,0.160578081097576,-0.0432390926874132,0.12970472609445,0.3374043083006,0.175615612769037,-0.311731190236512,0.0969857014608498,0.23026698363225,0.365181027850842,0.264445914039792,0.292186903940294,0.00591511585638111,0.201873523618288,-0.132035294069656,-0.130732805862719,-0.0273514604458608,0.109256621056423,0.0677384607250448,0.149133678580165,0.114750683216673,-0.232113912716442,-0.267234022026973,-0.102457078847622,-0.0210789958348269,0.0812954094680001,0.203541596775053,-0.0586516250040285,-0.185015974017675,0.0660649980373212,0.0855677824882277,0.0589940628954516,-0.101151547404498,-0.146791418791518,-0.103804248949553,0.100679233026574,0.0472471671767267,0.000186505420779393,0.221690411401744,0.2075510117339,0.168828044373613,-0.128950929273757,0.0183491602881276,-0.286949255850221,0.0260041822260814,0.612234131617178,0.484281256048841,0.053274008324725,0.748697146899468,-0.0322286551896812,0.0645846536787658,0.0159290162509638,0.115028014046913,0.137113514961426,0.270713862980901,0.16508310023159,0.138481993469411,-0.0214847876446369,0.257504289729535,-0.00596578186749797,-0.0163365105081882,0.275505522235248,0.0597676718728591,0.150403467724873,0.0703123194051667,-0.0446821562606326,-0.0703196113415244,0.117294940525626,0.0861978140404731,-0.165578417314982,-0.271007424949373,-0.0684419991251312,-0.185004224182468,-0.122442028474519,0.034095074991047,0.0469853974372844,-0.17288195606503,0.0589802146266841,-0.077655885428027,0.175304894432568,0.039712640900988,-0.0583838469906063,-0.142429893403054,-0.0195967268795392,-0.104677638029496,-0.342259941998027,-0.159803049513723,0.0186222859145827,0.136071348103483,0.256760733131592,0.102036778424243
0.21743060326555,-0.0669831759584019,0.131751675725988,-0.137651042579688,0.0076851350674156,-0.0264870932004576,-0.00754566529819966,-0.199875712228945,-0.159377799761833,0,0.168258150061776,0.255233891898311,-0.056908387930632,-0.204516242725529,-0.14199698820364,0.101033295983684,-0.0300406167194295,-0.184883334588665,-0.269865326000591,-0.0737399207510574,-0.244670967454672,-0.176350898662808,-0.358056407432139,0.292205143308205,0.484305514846289,-0.0432942190912872,-0.225666967299168,0.0186849455838321,-0.071332174629547,-0.251541016067235,0.285164507511555,0.20835673939587,-0.0173367081224438,-0.0974798777606482,-0.0583199423094323,0.0795353985460193,0.0140754423576359,0.193473139060336,-0.129930418150923,0.0820161467005896,-0.283426069057701,0.115457406858015,-0.0223806282415209,-0.148342813242832,-0.178269303802916,-0.276400808759485,-0.26585582982022,-0.329003320419898,-0.00467295065062168,-0.191583634003371,0.222691314764958,0.0171676472245804,0.142661646459324,-0.103563230048199,-0.0457587776770487,0.0520262552415811,-0.0586611227683786,-0.207820193078051,0.593342281129644,0.106319179973721,0.185169906918412,-0.150234885383179,-0.171459236785757,-0.132220592924466,-0.25779648489454,-0.166729812850446,0.0323176320033484,-0.274465937139436,-0.23087420869561,-0.139463529154449,-0.324867604880828,-0.322771740317092,-0.321744857254608,0.0936689700056615,0.119769315458939,0.0599513903212164,-0.0494117274306567,-0.278450356907351,0.228178394580922,0.0945713698785627,-0.0198077231712089,-0.104307160848161,-0.137143947233783,-0.247943977618232,-0.263613341114729,-0.141160707667032,-0.0284516862940072,0.00851886991004931,-0.0735864309936039,-0.228170400568958,-0.000715186182638424,0.208506616936185,0.290520769252121,-0.25300275690406,0.026221685526192,-0.187217861434726,-0.25434921634522,-0.334381315686236,0.0133198335556068,-0.171494607522798
-0.163856691496135,0.0232946715102121,0.0123848291534699,-0.185612760599913,-0.0551086410776143,0.285307709227569,-0.107140304847405,-0.029218473059386,0.160578081097576,0.168258150061776,0,0.63388815969561,0.445789317290409,0.305678509922226,0.2948271224936,-0.30826489915248,0.174253189259194,-0.196635720098597,0.146328666390455,-0.114936435922276,0.0742721136312459,0.214882388901981,0.173105278781435,0.40693707998356,0.306048223579336,0.415142176101442,0.274863120234891,0.188710914287852,0.233165070411314,0.155584142133758,-0.0776084446126818,-0.146181875803125,-0.262401771745356,0.0780398719925807,0.118960532553083,0.019544060143181,0.100109950414386,-0.112405466084803,0.0951746813419876,0.17150633768872,-0.0092618806679145,0.151623961421605,0.303936023491007,0.0874250919198742,0.0443713394123842,0.1045230143701,0.154776001159564,0.141795892336611,0.335376066171906,0.287899994398216,-0.165539060410884,-0.0255312047601404,-0.391834363568126,-0.135429005566903,0.2772114029709,0.177716326452329,-0.112884620747386,0.113660962045264,0.486796086911111,0.545388500756533,0.525025500496958,0.345404544868024,0.426445689147389,0.228670033453133,0.1622541395914,0.254213037221464,0.0973209181984401,0.236550079775032,0.052850989429703,-0.387706179524556,0.0823625929658965,0.311305607992588,-0.0294384591834468,0.331911135165251,0.357366434534161,0.356096789190163,0.116239948975997,0.134438105120713,-0.0183627706153504,-0.0900395518924878,0.119761607641533,-0.193016989629471,-0.216534602047017,0.170275078910424,0.0736840808758673,-0.0475297518404316,0.0924993581908038,-0.0127350533156008,0.0810436912555176,0.197543148923137,-0.185167117395866,0.398879317553888,0.15437317571745,0.24401108177887,-0.00872966101587469,-0.0121101221104427,0.0313007105439195,-0.0112019788373863,0.31302396028927,0.324574725032813
-0.286437986210538,0.0060642068582338,-0.177492134170534,-0.104570182196811,-0.11045108336131,0.0837773835606639,-0.0350757355609077,-0.0147528160979245,-0.0432390926874132,0.255233891898311,0.63388815969561,0,0.307408148584261,0.13504393228774,0.229190072377829,-0.0797553471411212,0.338203174697146,-0.129727763115212,0.0213179754495385,-0.106607020897366,0.0509732584808017,0.101207845752493,0.153857864171586,0.507909723558028,0.377726942557618,0.377802182886016,0.174254446810463,0.183653886589993,0.173283794209206,0.136177107602481,-0.0537864391506556,-0.133235308711594,-0.178634771932264,0.0522269643949556,0.158588523702925,-0.0651975084965869,0.0846541515724911,-0.115204194724321,0.116872247511512,0.0973521867131934,-0.137019974139057,0.037985913283485,0.168313714679809,0.0480556567650915,-0.114350206491272,-0.014508466360151,0.0257669422847708,0.0181986313830717,0.0772088602369377,0.0807401063072345,-0.167882500347775,-0.153844371252337,-0.229456313611158,-0.104915945030751,0.0688378129637099,-0.00520277019973739,-0.137323204368847,-0.0479155389481228,0.432267373135145,0.453996654947351,0.571456022247146,0.227587086054407,0.281690130418259,0.0727578504194309,0.122744975336271,0.223864463114637,0.0631205876663996,0.217150974334037,0.0800561504002864,-0.225493006107577,0.0558571356897476,0.237170196303553,0.0183373697120427,0.285072734647947,0.517982720247882,0.431417474382742,0.149782006984278,0.13383349060282,-0.0448624990985071,-0.08311807361481,0.190471926635135,-0.271811571601871,-0.207923964069924,0.0722416549259987,0.0226962050743085,-0.149421119113985,0.0547027232294783,0.0607388456987913,-0.0560290964549332,0.0158938258557636,-0.212160432666714,0.353420684694115,0.308469176683252,0.130907416796395,0.130295947330418,0.00983026845922642,-0.0830406761365094,-0.0373094067330391,0.115442894746848,0.117364418628513
-0.172955251085906,-0.113152074408357,-0.0214515777614412,-0.129299856940484,0.0328714731187782,0.174530286136626,-0.246083157304039,-0.107007790190208,0.12970472609445,-0.056908387930632,0.445789317290409,0.307408148584261,0,0.282052362363087,0.189566714290132,-0.400680111914443,0.210884411923033,-0.24865412676053,0.269196861589599,-0.112274034480978,0.0712544537268963,0.264434119878185,0.16754909680538,0.095360864483875,0.0210291121249003,0.315872891110735,0.238230806644637,0.187114084173879,0.141495684817971,0.188032227567658,-0.0085054091222015,-0.268107820928317,-0.230106013311811,0.114038496824194,0.196437667669417,-0.00767840667275542,0.181833926528559,-0.214702836650385,-0.0827400009595265,0.000857999705516923,0.161977963551826,0.162368330942516,0.319479481681655,0.0726412467102586,0.178583666153087,0.22319070440562,0.275593067331694,0.176874035138613,0.153364496617305,0.193625735354422,-0.197760503681097,-0.180453250964776,-0.388367507696628,-0.153249118288666,0.0876937101868278,0.0610566283921616,-0.266050376819579,-0.00906845227575964,0.0851473920188213,0.469698356433243,0.527108099197702,0.779916369808529,0.485779821001453,0.218505981141346,0.124539241846501,0.168411718058032,-0.0455644197897438,0.23801497884456,0.0930857334757248,-0.28655206685625,0.0537451267685325,0.207054787164276,-0.0392631506221305,0.0663572958637688,0.0797155379974082,0.296827101085435,0.0713487263643196,0.171177465477695,0.0556111878595923,-0.132146016099315,0.0632753023504908,0.111187423043806,0.0957227057660243,0.271366529982858,0.184199061410787,0.0741782073154692,0.166965370309609,0.101556670205985,0.00446148876687497,0.170192758196788,-0.0862200837077245,0.0617932157009697,-0.0613282461185745,0.202856203932204,-0.0225620970304835,0.0885157868349539,0.196117129729602,0.153335766930185,0.107311811792859,0.226584212719815
-0.384067542537182,0.00230872848499323,-0.233041981093122,0.107044771423105,0.229095719371672,0.135850102710268,-0.160613250729439,0.244591030976802,0.3374043083006,-0.204516242725529,0.305678509922226,0.13504393228774,0.282052362363087,0,0.707892518428186,-0.240111682395951,0.307487551416177,0.173421084506882,0.635111451966409,0.117817466922766,0.591864691363486,0.359630374193033,0.68590550632009,0.0528961302181739,-0.235383926611288,0.147238807160878,0.512147047839237,0.37660723635046,0.51115866874055,0.602965437304252,-0.294981770619923,-0.293850614613165,-0.0814032042718604,0.181527725310333,0.284294512068363,0.0198039911168576,0.277990148595453,-0.30617101794408,0.0278418578947394,-0.00977239465404131,0.0990175887568089,-0.00962808974409133,0.0283227928087368,0.0843639212898935,0.263218957974527,0.335234110969815,0.475763292741216,0.445915626246839,-0.0323523010601878,0.17219032944124,-0.314284739079775,-0.216477012658117,-0.292001869543704,0.188515479540175,0.158699503454648,-0.0436160125405317,-0.185563324528851,0.308164972897495,0.00431424208775835,0.280620644470145,0.104465405442823,0.272384047013889,0.511457395108082,0.615801754718829,0.636030556666281,0.613581385639517,-0.129743431085222,0.578860770108901,0.439545601224873,-0.120036412645165,0.543381972305092,0.545696175861463,0.482097534018763,0.109328588059222,0.186224156719698,0.0562076725958496,0.498803658388393,0.561014226605789,-0.253381076586709,-0.346894163941511,0.235565264399952,-0.188938311495176,-0.223369882022338,0.353436411796146,0.26118235881838,0.257724325533802,0.286351713405517,0.107172796261312,0.0401888544717427,0.125384452299583,-0.211995514283453,-0.127069119768734,0.146046881770545,-0.0308432731371906,-0.042089781545798,0.000159033208222763,0.192159353650381,0.309882452431557,-0.0175062091034842,0.124375474180072
-0.300558681097308,-0.237663373008187,-0.3899259372746,0.0511660236621464,0.132754064667326,0.0232318367483204,-0.10809118821922,0.0274956965232914,0.175615612769037,-0.14199698820364,0.2948271224936,0.229190072377829,0.189566714290132,0.707892518428186,0,-0.322545848708895,0.183764471225705,0.131690487545098,0.371858147549291,0.232059613205716,0.549238042082401,0.332679349134986,0.73487126917048,0.121126900489423,-0.19423976489165,0.21319931406388,0.575667350727185,0.385731105682584,0.605669953904314,0.768118114855982,-0.395773796622596,-0.245746416538397,-0.0340225369467778,0.154283770526496,0.326129542937188,0.127588274794924,0.3347692862009,-0.325243325581701,0.0824860914265353,-0.00927578185430719,0.0426307534771464,-0.143184213309177,-0.0956707589635576,0.182565613789702,0.229692648185814,0.383406602961992,0.48188953307479,0.494260252887047,-0.10288664224825,0.210914333235108,-0.411723013797318,-0.400023339999122,-0.296619259587662,0.168753180385546,-0.00570949022634358,-0.163167993701705,-0.319309421839238,0.103774122411199,0.139876978973369,0.392573142601644,0.188167243333847,0.233785522033798,0.573326366386956,0.644213389448748,0.765950768556818,0.862114231413606,-0.218757686464597,0.433938065401484,0.479278866841986,-0.152481984658299,0.659457156335006,0.551819002034347,0.589014948371722,0.118490299206746,0.321295764242567,0.186006572103811,0.607119454990063,0.723465692967688,-0.341109972766251,-0.377785280153888,0.278744648585007,-0.193717754371982,-0.282820453942928,0.332493436298228,0.390454828574455,0.402481428850488,0.377389648176517,0.176648875786966,0.0711434036790851,0.0341323906735033,-0.338159677433069,-0.177045899888228,0.196345498157632,-0.102392883494475,0.0360937262672456,0.129022294710451,0.165539618205057,0.438977123749109,-0.034786659380467,0.168680672133695
0.0785289655961514,0.302887214983522,-0.00355908776597429,0.289237765865729,-0.00464674099668378,-0.291955493793345,0.124241088344578,0.0266529962342329,-0.311731190236512,0.101033295983684,-0.30826489915248,-0.0797553471411212,-0.400680111914443,-0.240111682395951,-0.322545848708895,0,0.0602832640321194,0.209641239382402,-0.161532197907368,-0.179985557180392,-0.143092200854681,-0.201573212403576,-0.240662623232661,-0.0178736922006944,0.0907827882103469,-0.310356754667538,-0.410959714696722,-0.253805182820344,-0.343099000270892,-0.271007356940941,0.0581842781943806,0.467220432288779,0.403690748026399,-0.0621184969538817,-0.140449033815005,-0.237224403834177,-0.251437944585516,0.339023581334275,0.0227048119040919,-0.00634315443992859,-0.242518487249211,-0.17071510532307,-0.158820374192896,-0.263176525802914,-0.269481294418897,-0.368863105493635,-0.326626568119539,-0.37316583789652,-0.341420659305942,-0.439316108493481,0.435007787579058,0.298399896393265,0.649693300925203,0.298372163804291,-0.14794802703064,-0.209316174011526,0.278921696782003,-0.125344112090475,-0.148656177165926,-0.268922245147939,-0.293045052166891,-0.367615805632695,-0.347480431949904,-0.189799254101284,-0.205811033636314,-0.246524362116277,0.0297258492171726,-0.112541970832973,-0.119610104864014,0.396675474582599,-0.248410878245252,-0.212200906923149,-0.0428130211110715,-0.124573228211858,-0.0650488346875722,-0.210694962904585,-0.235016364932444,-0.219961534489197,0.0103883654274832,0.36620778094898,-0.113941637554138,-0.0707622392697726,-0.0720672579291473,-0.238210758408243,-0.265171893318122,-0.120541410760236,-0.263753399555658,-0.0849340873880887,-0.193692164784331,-0.281547052715312,0.123729625728577,0.0349011844430216,0.0749201541780565,-0.188598689389227,0.0979830267782106,-0.215276700831591,-0.268259845997959,-0.227103364912093,-0.327467608216068,-0.476636423700602
-0.329406662217364,-0.0975243808159702,-0.228822179153879,0.0146629187395975,-0.0293439245771216,-0.0954067234150884,-0.127526661302923,0.214909513605706,0.0969857014608498,-0.0300406167194295,0.174253189259194,0.338203174697146,0.210884411923033,0.307487551416177,0.183764471225705,0.0602832640321194,0,0.199803990867584,0.591895623436002,0.0637980256555103,0.387495808095954,0.14630053498515,0.343905031269442,0.205848905915737,0.104045605708427,0.26348898610707,0.0543102014868365,0.139784407686233,0.256541260329388,0.189153027393144,-0.20839535672811,-0.149487347327176,-0.100582746700789,0.16237933198184,0.196218779192847,-0.198804872393385,0.0456125227713161,-0.100729956854487,0.0511849571960324,0.00809099388407519,-0.171585269922611,-0.118178402700258,0.0403039735551516,-0.109692774957739,-0.0304054362824373,-0.0620292234351794,-0.0814813592069125,0.12692544364632,-0.259913215113127,-0.104562887572345,-0.250488458148707,-0.167200218767537,-0.03601863928841,0.0287147969727711,-0.0334402657693661,-0.196168421457263,-0.132236785167615,0.115268814910636,0.0770438250790548,0.29182751666398,0.195057697859619,0.134018632421406,0.151556945059019,0.248975005402659,0.251962480872173,0.156708429060511,-0.106870335569742,0.519057054183177,0.319318218747962,0.0328446105988728,0.222132092437566,0.304101274916387,0.308021038931415,0.0339916513835108,0.46356316976351,0.400205308909234,0.200203131847272,0.232088828665,-0.1120073367365,-0.102147446904176,0.251068307790559,-0.255695062575576,-0.130284731344885,0.125575507900571,0.0808909944162879,-0.0606789523121492,0.0577252882676313,0.0778463147205494,-0.117833774594825,-0.0372091709443487,-0.177739748629465,-0.00938244371659764,0.136644609507807,-0.0295525745485623,0.142200287870565,-0.123898106311034,-0.0300607769404948,0.0991580256781081,-0.251273304327697,-0.0822153861989118
-0.102393229078456,0.162828494275469,-0.196818906763831,0.35095961554209,0.154398985442848,-0.116612371641846,-0.00457969225709863,0.422726528097987,0.23026698363225,-0.184883334588665,-0.196635720098597,-0.129727763115212,-0.24865412676053,0.173421084506882,0.131690487545098,0.209641239382402,0.199803990867584,0,0.278365424174052,0.374073020902322,0.445414530113511,0.0111053617416767,0.278673525417052,-0.211431610469539,-0.142461886120805,-0.117712963616098,0.00463376095853327,0.0436656926679428,0.0892649376061745,0.146350884496976,-0.28504579473395,-0.0480260000089227,0.233746413473953,0.267896202757057,0.22842662009484,0.199245844313221,0.00349096254645588,-0.0911077799227654,0.0690736560828808,-0.17422251944793,-0.0683037014798961,-0.284842901949886,-0.344041388895382,-0.00758993103060341,0.147286386498419,-0.0232838022582149,-0.0981451102233529,0.103018428719839,-0.278574539548549,-0.23113941175468,-0.0270535289750593,-0.00508728165177544,0.143002949494793,0.28992339731922,0.00259692341080918,-0.165317565569988,0.133250805759322,0.274688086770507,-0.116981517504706,-0.149888384871517,-0.265247678092286,-0.210098172176399,-0.0903581771003742,0.064178849195478,0.139358901605513,0.121289027426866,-0.202889038567223,0.130252008195206,0.203999988514441,0.650988279898347,0.308349589599316,0.0850935704876594,0.41933276443845,-0.144841007466555,-0.0508007695959642,-0.076471533837987,0.127770216880915,0.165300886591823,-0.311137037739914,-0.112324965491773,-0.0529728920743123,-0.153749053800571,-0.106022733256798,0.0221112094454172,0.0649581729112239,-0.0115106089493055,0.0868979508538338,0.0991014344268937,0.20865131987307,-0.255104303600259,-0.000539501159714527,-0.268841716210437,-0.0212297987022154,-0.184431935892351,-0.105391177035416,-0.106948599246137,-0.057546149908593,0.164365179420269,-0.211131961635647,-0.258905938023771
-0.352357721584428,-0.00640163924449181,-0.133047929734157,0.0914589687374033,0.149110726293223,0.0758093582839285,-0.273244482810403,0.313995589505796,0.365181027850842,-0.269865326000591,0.146328666390455,0.0213179754495385,0.269196861589599,0.635111451966409,0.371858147549291,-0.161532197907368,0.591895623436002,0.278365424174052,0,0.0968229067429343,0.576143977874579,0.24217860449424,0.519802659155088,-0.082947437148373,-0.212016202262152,0.0929289974389329,0.234248900436025,0.190990262426667,0.360195265421719,0.364977111583896,-0.267541554666136,-0.271506404416718,-0.0554300672463982,0.198037003995044,0.222866233897979,-0.0796190778756493,0.177349972591009,-0.23563430170042,0.0545971634142902,-0.0580874518570698,0.0799584142583101,-0.138370596173936,-0.0447823127032782,-0.0532549229338412,0.215078547397099,0.149760317125011,0.188234265838386,0.28583398381975,-0.118903115266749,0.0407685557686414,-0.312097857201236,-0.167592191310252,-0.207020613860554,0.0761824749088733,0.121043770953887,-0.0820187746709223,-0.194211060531131,0.329941273321773,-0.114671392302952,0.175461177127589,0.0244247779862609,0.239553334461646,0.288344268909737,0.47088975049402,0.466969646861598,0.316976085192841,-0.197717271152443,0.671148599024232,0.419538940900998,-0.00476989045427566,0.391077531633986,0.377013459894905,0.437959527176541,-0.0576997917996976,0.192479791804019,0.0553777223790582,0.279600682152937,0.370996193237104,-0.188823100154285,-0.280706418190158,0.174568635131716,-0.133971783135945,-0.0792019024698941,0.242006976762047,0.182781689000982,0.0836746396183358,0.210171603751919,0.0566686781025265,0.00672978685977151,0.0867278861121301,-0.142863669643081,-0.206991175744763,-0.0339579272238008,-0.0371635386317836,-0.119684959600319,-0.0770192757663469,0.157610592079524,0.237449022588038,-0.172882563570508,0.0524153463690662
0.143663686746995,-0.157469593996712,-0.0353355445025982,-0.0174522907236619,0.0551167083707079,0.0457288158439913,0.196515043306368,0.117130378285923,0.264445914039792,-0.0737399207510574,-0.114936435922276,-0.106607020897366,-0.112274034480978,0.117817466922766,0.232059613205716,-0.179985557180392,0.0637980256555103,0.374073020902322,0.0968229067429343,0,0.392808589631834,0.0480786199923033,0.199452029515173,0.046189622042231,-0.105008145453099,0.0651057733690846,0.273067112179307,0.198282574633485,0.44598599065373,0.1641729963462,-0.301720149676342,-0.236320024793882,-0.0461683236563173,-0.0155367331041243,0.272284239332454,0.396573788350462,0.0956853427684008,-0.241742068408161,-0.0250794726244715,0.130504680028108,0.042700010752147,-0.192299051703719,-0.232215657554792,0.061763536206002,0.208344001441221,0.0978455164565473,0.00517950739586971,0.396253066209051,0.00320688310935154,0.146628389632211,-0.1504925020968,-0.204314602607322,-0.0186340619620588,-0.0987347847126948,0.0106760667231218,-0.000234281841366662,-0.0899914636811592,0.218481036355486,0.0541244581951985,0.0645830094618384,0.0204051009515872,-0.0493137367490394,0.073263329010556,0.103606544023675,0.209000156783979,0.202783179422484,0.0973813798460552,0.00190565205436327,0.193000435716467,0.162151829482315,0.518541954343926,0.144991148634553,0.261937671895998,0.142100665777209,0.183856652057197,0.0887027554030873,0.414358671175485,0.19615994037679,-0.419978202122455,-0.284867864079435,0.116299326553822,0.0287945198760176,-0.0792528041122211,0.0949874823848042,0.376906676402406,0.0973825157531627,0.215570186314152,0.193339951255026,0.469202691610108,0.125730850003969,-0.118227097752955,-0.244256084115327,0.105415335057791,-0.200581834455868,0.016658082588907,0.045378207747769,0.0813314483721014,0.347143361156845,0.0732300966975437,0.0555462091092913
-0.30838570031749,-0.0225262697656243,-0.222246424788623,0.0673272135643597,0.15224205526762,0.0234401081675558,-0.0575733752521555,0.330359305678182,0.292186903940294,-0.244670967454672,0.0742721136312459,0.0509732584808017,0.0712544537268963,0.591864691363486,0.549238042082401,-0.143092200854681,0.387495808095954,0.445414530113511,0.576143977874579,0.392808589631834,0,0.111722695197443,0.652382624698136,-0.0574569791504702,-0.198864684070132,0.0610781545028963,0.368619704398447,0.321954293098138,0.441937286914539,0.529504301623787,-0.33421524467677,-0.239416749927288,-0.0502240495566315,0.106901032066046,0.186235030629913,-0.0470560188373395,0.0972566394201942,-0.288830656393153,0.0449180297654828,-0.080499965329456,-0.051937711102268,-0.252767091122987,-0.254288473835825,-0.0327068980292259,0.155816168587691,0.262400108624769,0.195094280779496,0.440359122107144,-0.210778539342968,0.00332677392881967,-0.359055166611767,-0.227321385912839,-0.177972122740384,0.0826547621482934,0.0803006944992173,-0.16071309304274,-0.208047582186829,0.307942522952781,-0.0266325014952502,0.230994904811188,0.0617869261922272,0.11873513232584,0.348437880463713,0.477595348691218,0.557193211223253,0.518070678307126,-0.165563396229953,0.507869320681869,0.380034645326038,0.163550870381206,0.720211652299239,0.381741941272923,0.592111451091428,-0.00305872394941942,0.249252329917149,0.149712609198051,0.425594560684458,0.543700656465443,-0.306470644701956,-0.292961655084816,0.143777849128314,-0.207762121522696,-0.212435247476325,0.258413308981738,0.381201360420487,0.124022068839482,0.127891312272835,0.180367476024462,0.0641328819912236,0.0734159479608366,-0.207678224571136,-0.288725964946199,0.110991601221935,-0.160991831775284,-0.0442723778230827,0.00078995042516465,0.195503585844273,0.40868942313676,-0.192709782233488,-0.00143241830329387
