0,0.256669121875652,0.538670845706623,-0.158040039654334,-0.111643463077452,0.390621242039013,0.281647942914159,0.210537801688533,0.0817055691008772,0.0931333767318652,-0.0636993746364073,-0.122912838527504,-0.0404392738452156,-0.25360662244683,-0.251937757371326,0.147041501546958,-0.11954282702105,-0.301628430341514,-0.308720125399915,-0.0671003282346225,-0.234815766679903,-0.0806130824249199,-0.34508375692804,-0.134330294470006,0.416711432563287,-0.212239495879131,-0.330386557430894,-0.352692485047102,-0.231923595400319,-0.380964868321431,0.313845351420763,0.132812710681626,-0.0193564460597814,-0.218508543891772,-0.276943927585957,-0.126540167220621,-0.242757842130562,0.598023136643343,0.0598887453295654,0.190279877907796,-0.144212084473474,0.176004745313019,-0.203697589834101,-0.11821074129382,-0.210054562540739,-0.333933261662385,-0.317191583440706,-0.185660450570458,0.289806202055115,0.0316978071260798,0.450951397365526,0.256081761646385,-0.0573536715134065,-0.163881800474689,0.366220148882541,0.491527556124149,0.16646587877403,0.0980688129919948,0.220678392734258,-0.0563185810886415,-0.1326823627944,-0.0943104267231785,-0.298621502350554,-0.278803953393682,-0.381752470190222,-0.25687906833583,0.302534358296245,-0.24351762784639,-0.372960164689328,-0.248633446314587,-0.286367610000428,-0.199352281519817,-0.334611037712394,0.197420506016777,-0.172337766866861,0.0580866990581676,-0.237496680028629,-0.371934752296731,0.283259964165853,0.0993848026172599,-0.379997362001197,-0.0822882443614423,-0.0445471036432992,-0.219559340553485,-0.369746510405024,-0.42413818810976,-0.244658818353412,-0.362157781329985,-0.167051232042444,-0.0771493269944618,0.120583523850907,0.424477968892752,0.0680001686417235,0.333403388204565,-0.0588828597939029,0.000688006695467537,-0.291455355058533,-0.246884898630163,0.282646396003867,0.0757819056438091
0.256669121875652,0,0.110566045188503,0.569352520424428,0.586124788095237,0.0385860171859251,0.133901970709147,0.183197202636918,0.104026459628702,-0.0645566933854513,-0.191745887344012,-0.0727813680692732,0.0634587862543364,0.0756734415763261,0.0837682264189604,0.746255788445133,0.030846751493425,-0.0879854484111127,-0.0509444014915549,-0.238626960641174,0.0812344736822497,-0.203439425363382,0.060495883494713,-0.103779992049155,-0.0467000146690668,-0.199119244746597,-0.194592011605487,-0.158763448252504,-0.0907537245674894,0.0700559500869507,0.15208059928893,0.573561285567791,0.558993337200694,-0.155847668480611,-0.223224921934321,-0.126572350531145,-0.28426108513199,0.214829939496876,0.00244489240734646,0.061268500765064,-0.261484472523118,-0.157389137012779,-0.238629680120137,-0.185812735578189,-0.284142002283371,-0.0484511430548869,-0.048999700669203,-0.0175456084299036,-0.169179358960764,-0.251186726597941,0.629626300156515,0.819971618641884,0.550660324241912,0.541790552084107,0.361911562000794,0.0079856216079109,0.323563036831478,0.185150148177258,-0.0377978645600187,-0.136653725737949,-0.0922301116175126,-0.0336805024442943,0.00642235124166932,0.0853875162745427,0.0794560175037781,0.128155037631385,0.152958979488403,-0.0741998369096332,-0.0635957296725651,-0.0576984073880389,0.0342675552089562,-0.226531592614502,0.044713434493807,-0.022789764899017,-0.12660348574523,-0.13554622135106,-0.113516639089866,0.0433679561148159,0.0922261927339825,0.494405283798877,-0.180383247535776,-0.388707480794287,-0.295139196437692,-0.273142218629491,-0.164358877418146,-0.21188977141249,-0.241554092569345,-0.0918852936375574,-0.126849963975338,-0.271850030896267,0.446394610608048,0.0447490900839952,0.0145072107675953,-0.0145123401321529,-0.30642487109033,-0.198283382510074,-0.043071586958932,0.0012294589568553,-0.134697758856134,-0.248229455930041
0.538670845706623,0.110566045188503,0,-0.413877877031892,-0.388300471899992,0.616010355865465,0.373425871819602,0.300897136162357,0.30281574005044,0.210144280882003,0.235459819938564,0.164340608561438,0.148585637669605,-0.185429736788901,-0.152687178481203,-0.146725450661335,0.0372272830403275,-0.201665934293407,-0.159367815108356,-0.0825046649053608,-0.135234857568282,0.0877122306468077,-0.360650715541746,0.0919757296769116,0.380217526311196,0.0326148181123903,-0.256639722558663,-0.145737346183804,-0.0313432570031695,-0.331368345988324,0.00172573919344482,-0.269235978441941,-0.373347736485437,-0.0474491232465703,-0.0701981518108414,-0.0805498084135364,-0.0971990503303115,0.386541153394795,0.0819778103011399,0.348650495789313,-0.000341645750921248,0.2210925422781,0.00930489316742541,-0.151875252410727,-0.153081491378139,-0.313421991156574,-0.367898504212921,-0.318042930103317,0.357531226230203,0.134528204659171,0.0570057584388457,0.0272283810370633,-0.409824291741912,-0.45852576833586,0.468695874629805,0.687322164126718,0.196589887019327,0.295816076610804,0.237059544699599,0.190444566755572,0.122979290716346,0.177357808895858,-0.0320760647456129,-0.139128825845559,-0.220413799044893,-0.163350491874206,0.188759699232005,-0.00279998143227939,-0.168016394120344,-0.0252882143151028,-0.203506158780672,0.0825196165048385,-0.277724590827676,0.350076681641711,0.0979270444551437,0.215075286948019,0.0192045778348557,-0.224260387527833,0.0612481847450304,-0.262541253289031,-0.178732507143652,0.0503829010219982,0.13193884706863,-0.0376613054354674,-0.183140234734151,-0.338140365187932,-0.0158091645800374,-0.154317959919754,-0.0264701737928255,0.0517517018406327,-0.335477440237668,0.365471757859805,0.00529939597498492,0.262287030646598,0.175308580333094,0.0298471147208094,-0.264784189847451,-0.289148182195375,0.290272366437629,0.194505732636516
-0.158040039654334,0.569352520424428,-0.413877877031892,0,0.835839110718992,-0.361072759447204,-0.171127564129666,-0.210800069673818,-0.214458537311272,-0.316736883028077,-0.374067517071211,-0.217313369460293,-0.111397263703375,0.261894658934547,0.254105853778862,0.756074648693558,-0.0623020280138126,0.0662877325581653,0.103846316445734,-0.207916952853369,0.182458512187475,-0.360779018123778,0.42309592114094,-0.246181548875113,-0.267566383109697,-0.181962409868586,0.0948992760372869,0.0441429791842158,-0.00813462043422444,0.42981071276175,0.125383237643788,0.772535640835212,0.794287129956946,-0.128595416561632,-0.140302435276948,-0.0753142192205162,-0.14623647798435,0.0271625232975104,-0.0685272595548127,-0.241801906644286,-0.255704443150293,-0.295282907099274,-0.180280882620429,-0.083481964217275,-0.139492971049702,0.315879575263561,0.293843660172775,0.295276150082096,-0.380300829777199,-0.27149012995492,0.458027906462178,0.643451454959454,0.837387432651173,0.921694843239523,-0.0390463767412402,-0.390456669537445,0.162389619262559,-0.153469999484753,-0.304765965416385,-0.226030958720564,-0.146369264268562,-0.0826837286727669,0.123110295510164,0.264317348286082,0.376129853987341,0.339624427780233,0.0365381008290738,-0.0511291411479809,0.0929020696268864,-0.0355064268488624,0.280169319652369,-0.222478723289938,0.366954647293836,-0.276068609463208,-0.18554216724863,-0.234151182341243,-0.0769722113697752,0.341164043075763,0.0449772275536544,0.765711045667117,0.00548815066610941,-0.348548344786059,-0.317758153869114,-0.151731900326229,0.0855218476360197,0.209385552721714,-0.117922732018869,0.133092817853992,-0.0360900062407723,-0.277129736292655,0.67100874850261,-0.10388153270274,0.0238358501634699,-0.184860929889691,-0.306598882285956,-0.246712002159417,0.28471163538004,0.350800330165616,-0.354155254694732,-0.319311221961632
-0.111643463077452,0.586124788095237,-0.388300471899992,0.835839110718992,0,-0.24709889010088,-0.128129900787358,-0.0586298523657319,-0.0719923262184853,-0.176980002855201,-0.31614174716705,-0.13233116956507,-0.106262850337523,0.17774546073718,0.131809475366115,0.716598205281011,-0.0110738500267142,0.0144801913231999,0.0871162110701509,-0.0670133648945229,0.123197162163507,-0.242531966949592,0.334885811488493,-0.103276553437283,-0.256529830399703,-0.175110746661473,0.0482953007939951,-0.0255419062914124,0.0107580373388093,0.302905236783142,0.09706636277076,0.661921066131226,0.68542561395036,-0.0694380206729955,-0.113711506966947,0.0971356315932802,-0.0790778463098688,0.0210625422350044,0.00350607559462815,-0.183791626355156,-0.122535719068267,-0.185629786275115,-0.177457965902382,-0.018248848206049,-0.00921989836985094,0.164896504631887,0.261817579817709,0.221600925289683,-0.227615150891521,-0.16467511512969,0.408275732726384,0.623692765811019,0.819647391017489,0.880293461657298,0.0512492821543791,-0.406166355899804,0.292308218157194,-0.0454873223222024,-0.1608055936626,-0.255787609450624,-0.136586524230454,-0.193718162919527,0.0380863263678345,0.145836584425909,0.242301263219552,0.175677047510725,0.145741378421954,-0.106739321454645,0.122821298177786,-0.0310738582663998,0.179547728530253,-0.232230353966843,0.260582052316132,-0.187053080624116,-0.0633545072703399,-0.228144571565221,-0.0936332182162375,0.212974906434072,-0.0207146063817489,0.629778337042568,0.0564557318035955,-0.202745538645163,-0.227894461556923,-0.103685858961229,0.0921325898342524,0.165474272051805,-0.0531046971958177,0.0695782832665581,0.0451042281318986,-0.0731129775722802,0.633496212287693,-0.155673940704147,0.0915181348250293,-0.0841820757543515,-0.361487687451188,-0.189690282749452,0.205856402537233,0.264701316272977,-0.217984094288306,-0.237567949247422
0.390621242039013,0.0385860171859251,0.616010355865465,-0.361072759447204,-0.24709889010088,0,0.641240850457315,0.682302758079513,0.663879857139065,0.508239186955711,0.428481236852883,0.391234158296504,0.435400346121266,0.0196300056889491,0.100076135424352,-0.172503988040463,0.341397889863731,-0.0412764169037478,0.110668978450527,0.0927103170050563,0.11061180518147,0.296697178201864,-0.177509557483882,0.311244279459837,0.36004522746757,0.188392702686594,-0.120181576365437,0.0344099622920389,0.327167126980869,-0.147821891178254,-0.17596631154972,-0.346377735803653,-0.481870436021381,0.117957889332797,0.150826243250212,0.138522801585325,0.144155062057771,0.290020211647532,0.431143082699918,0.617579768954932,0.238317626287991,0.336323694794932,0.177537536720304,-0.0340859291160856,-0.0190363264776659,-0.269486249603738,-0.260996844717622,-0.196273351561884,0.623339166924273,0.338093647339021,-0.168510342624224,-0.023989663084372,-0.391098847510086,-0.409034679804019,0.731951609953835,0.765434720532608,0.569466745717304,0.6505289554583,0.521551812595919,0.200102173957872,0.299061277415174,0.359155456665813,0.206839569196613,0.0870187844687643,-0.037942958600987,0.0296983897947149,0.471188531335535,0.285032106487818,0.150221973651807,0.221555223605448,-0.0015527244289954,0.325566312825482,-0.116216774548994,0.578834590659091,0.259335935352192,0.261741429578121,0.348355597229141,-0.0544597650622929,-0.173514202536803,-0.427892247590462,-0.0481538667828894,0.163215179994395,0.164563179415611,0.072476211871854,-0.0868287695529256,-0.233570535217023,0.184969667293409,-0.00888441967618447,0.202317580045106,0.284833777034584,-0.456528398833559,0.295426133487481,0.328019351875256,0.307533624896612,0.186469815446827,0.186371353185286,-0.150134426926801,-0.184500002803794,0.596739496936207,0.364146199588306
0.281647942914159,0.133901970709147,0.373425871819602,-0.171127564129666,-0.128129900787358,0.641240850457315,0,0.663300147610334,0.543569984807107,0.484963125531911,0.267257099051604,0.279796505273751,0.424326683222398,0.12106555320549,0.18785318613265,-0.00325650610395963,0.316788247144128,-0.0721623425685171,0.0326179854967266,-0.073333767338298,0.228706853445683,0.171787130393602,-0.0884838786973468,0.211301471047345,0.253081877005822,0.0165480477797244,-0.133639722971052,0.0543234306813643,0.26857870943558,-0.0710724790284811,-0.135809887385192,-0.12703186299785,-0.296007425708543,-0.126558927478257,0.0123612559804277,-0.10003567557482,-0.0380466116133886,0.392257799061028,0.505119777554349,0.685232533158765,0.13940679360429,0.191656633076035,0.0993969423093224,0.0784876250546922,-0.171469515664993,-0.145075349417738,-0.255472250004239,-0.211244321207186,0.371649844529498,0.216542556077313,-0.000412624799991622,0.150248522068063,-0.198071617066602,-0.220188745438919,0.64192110566411,0.57506835621587,0.608761377958065,0.580759931642164,0.472856828409194,0.082282059995457,0.238805508042996,0.346255718357992,0.206702245495566,0.165391338090374,0.0898007630489601,0.130671168601348,0.65838006274356,0.301592068026462,0.0394432206966938,0.0812538086570777,0.143181736811759,0.228451876048386,-0.107934119937838,0.525320578758565,0.0960822098578936,0.0914976414890883,0.283421437695953,0.0358165180798515,-0.103586766691082,-0.218642363583492,-0.252846341894135,-0.109773534408577,-0.0968471386636463,-0.0246859998811431,-0.168373871075303,-0.24518249356189,-0.0501639685026504,-0.0542652374682353,0.00366313422476281,0.197091435776145,-0.239444648933047,0.262279446017602,0.411216348987901,0.278341142237191,0.0647460214144567,0.25248316514507,-0.0652486153447229,-0.146939561091124,0.483206359371327,0.261594779459821
0.210537801688533,0.183197202636918,0.300897136162357,-0.210800069673818,-0.0586298523657319,0.682302758079513,0.663300147610334,0,0.78623433943673,0.57479448235974,0.413706931717732,0.423812496417138,0.497682589666963,0.105533607169421,0.195529920109272,-0.0551712445486107,0.398479676958031,0.0823469577196272,0.141539669524493,0.149333878588239,0.252674952307642,0.325362779755441,-0.0371103766287382,0.358448758602416,0.222834909733271,0.190883311465409,-0.0558486926158142,0.100488868344382,0.330917600478447,-0.0210285202441348,-0.258675071818735,-0.266046688851937,-0.393202055105047,0.153861159456433,0.170569938983685,0.197307794852772,0.0892841717024277,0.127023218642789,0.514188512675175,0.643150657311012,0.276476723729926,0.263669502815857,0.215647771333953,0.0441817706758549,-0.0243661260145232,-0.208732921842476,-0.13932031054514,-0.0801459396527811,0.501438355663524,0.231288927607417,-0.173805214706574,0.104868271261884,-0.205859731373374,-0.236088459418599,0.637687740893489,0.49084320558095,0.689394080804297,0.830583951032657,0.564769646137901,0.185670256153642,0.350719219501053,0.351187356018159,0.209918312949625,0.173408884853838,0.0379208025730147,0.113486306086083,0.48704834800042,0.316250336636951,0.188707343231534,0.313254003817848,0.124861618246947,0.264116327918252,-0.0322082201646042,0.513299074191876,0.240476067428729,0.265839918661607,0.337259585610408,0.0546872448358762,-0.262121706968444,-0.338851959419989,-0.0476195381289626,0.064048280157563,0.116623254971345,0.0615663378750987,-0.0232058750759327,-0.26233052456118,0.0796317810125046,0.0559718533577899,0.181758876723429,0.233947440206307,-0.351249857578466,0.106057726259967,0.405707797085756,0.292044946976743,0.08844045722424,0.177271496018149,-0.0967279513933673,-0.125917713827815,0.52471369044368,0.203159410318788
0.0817055691008772,0.104026459628702,0.30281574005044,-0.214458537311272,-0.0719923262184853,0.663879857139065,0.543569984807107,0.78623433943673,0,0.539154176633509,0.510894205674606,0.517589607963565,0.617091131699696,0.247976535057969,0.363707441194638,-0.158093784174586,0.429766490313129,0.206701091795168,0.282103350753767,0.247086712057169,0.345378546633503,0.367418884510687,0.0767686904368047,0.429669511219609,0.00635844691982721,0.266190074605367,0.0537758364181601,0.225228794278767,0.478180643609334,0.107503155045991,-0.363770502432482,-0.369058092627402,-0.422060414813535,0.249103541114484,0.277321402780716,0.387351062929323,0.255265799054758,-0.0513528981861063,0.520898649134405,0.58160559728423,0.415598251638624,0.201899634480359,0.313939657731495,0.150344575586712,0.102261705455863,-0.0572238216853153,-0.00310824341817976,0.0241204024250417,0.531287227769725,0.405678220240117,-0.31937596317934,0.0333954485162898,-0.269081453253557,-0.224764964741959,0.56424802760111,0.439184033060717,0.627948276386557,0.866196313940413,0.485370227150245,0.301771036069065,0.489807450146831,0.522285688438325,0.405957303258909,0.3593946417052,0.21433390830048,0.279181669809685,0.348302564313705,0.410299490162482,0.317042505855682,0.456641424174149,0.231725279866416,0.358946407466363,0.0868211838722046,0.454853135140382,0.335710946880844,0.258445173212844,0.467827813320732,0.180426998000424,-0.39022866444522,-0.411940877398755,0.0770995647941372,0.187735696297146,0.173686195563217,0.145468299056664,0.142520835625197,-0.0839796357741651,0.245836171299256,0.18238243961707,0.378899899456902,0.289425803660339,-0.431740139970054,-0.0882911936723784,0.372279070633323,0.131181003079284,0.126896864924524,0.241095668704017,0.0553762977992799,0.00140430910214841,0.585092677972479,0.368488540172694
0.0931333767318652,-0.0645566933854513,0.210144280882003,-0.316736883028077,-0.176980002855201,0.508239186955711,0.484963125531911,0.57479448235974,0.539154176633509,0,0.541787091819087,0.458057825160185,0.383528662994912,0.00668735555891858,0.0688612518604616,-0.214169207082473,0.229718097529763,-0.0826927722012406,0.0524094490473084,0.110433169046865,0.0511311050897994,0.262566900265333,-0.137430504249708,0.39702954400483,0.291345419424237,0.150926166858871,-0.101486087061307,0.0396691924012763,0.239194650638093,-0.0715331627130115,-0.167311075252963,-0.308636540765188,-0.418236736476955,0.0730047673032462,0.0645807421143879,0.158053239956708,0.156068700262203,0.084527043536586,0.438842330824261,0.582467910743933,0.185533075722169,0.280667742647996,0.121592913290386,0.0330550095082485,-0.0426551056888494,-0.278276483419736,-0.255634253415495,-0.168956645339679,0.426282972377839,0.210034033491316,-0.234442497763135,-0.0865043979385026,-0.301744782237814,-0.308739646762816,0.444852116414235,0.462113820302596,0.414565580915285,0.523327571412977,0.808442580265328,0.156244227209824,0.382793406568517,0.298237073643734,0.170175581421529,0.0428379385388047,-0.0403597143128399,-0.00143760255693547,0.448217683850976,0.161559241629209,0.0474387896933783,0.0906382138185241,0.0100677927219949,0.258004323396184,-0.133436706602278,0.699806859957628,0.385098003212404,0.245226459180275,0.238795822748738,0.0143204126807558,-0.163599838745943,-0.357381432289779,-0.065816244211477,0.0389991149509911,0.0698780742956467,-0.10265223473312,-0.0459864323419274,-0.239242755224836,0.0840225435790243,-0.0198946922742235,0.12551213704092,0.294614527681329,-0.392327911887449,0.103451214286186,0.409532875301912,0.196450319955762,0.142375915571776,0.146237770250851,-0.178333673806811,-0.193119904564323,0.46910979679776,0.213255696736736
-0.0636993746364073,-0.191745887344012,0.235459819938564,-0.374067517071211,-0.31614174716705,0.428481236852883,0.267257099051604,0.413706931717732,0.510894205674606,0.541787091819087,0,0.773532699431934,0.531141287491156,0.163779980449988,0.245411773578263,-0.402722841364396,0.462150922406065,0.117695885781043,0.233655809098121,0.107857529709549,0.196506616599725,0.464796048482235,0.0313822509669572,0.683912158891628,0.185762072254516,0.665294694939739,0.0913017737183425,0.219620916496761,0.384658979069827,0.0861457854489176,-0.424682121353068,-0.474588761054633,-0.531007013723814,0.293631017157237,0.294297881544645,0.181024829626313,0.295117990671256,-0.176315544387181,0.264782325423532,0.392851569959622,0.4323911686323,0.352618965660815,0.492355410814725,0.1230831529825,0.133969687293663,-0.0516315486007454,-0.0951517091264327,-0.0483781079079829,0.365286369022269,0.408407062281655,-0.424529596080417,-0.230180789042754,-0.418924516883368,-0.394743825959371,0.279707591164699,0.3086927685218,0.230439944986201,0.516265686640389,0.423107878937458,0.655029163375515,0.64561652159654,0.492808288821636,0.360011616262787,0.224919826609932,0.121227711172014,0.167568933649355,0.157307171114547,0.392603617682622,0.253188150922506,0.350738331874401,0.132883583242641,0.488196398893745,0.0620368241021273,0.470748275233663,0.632727542242468,0.517733546434496,0.391708445015202,0.168341684449592,-0.4295409352206,-0.490780477659065,0.213824097345202,0.28267526211172,0.370421729782584,0.236854318110418,0.101374159692754,-0.0526249015644726,0.343475383255111,0.156931554876579,0.349762420192573,0.493200575426976,-0.529052935020162,-0.0548637615313612,0.219085838750618,0.13044419379005,0.443350135768133,0.242290454351067,0.039428643881796,-0.0348406552771151,0.383437993579466,0.456793553506487
-0.122912838527504,-0.0727813680692732,0.164340608561438,-0.217313369460293,-0.13233116956507,0.391234158296504,0.279796505273751,0.423812496417138,0.517589607963565,0.458057825160185,0.773532699431934,0,0.516417127035203,0.218175180154902,0.311102309041473,-0.240031438619873,0.551241267487672,0.241592694978326,0.264764229103036,0.0554270624562982,0.277277220804072,0.518921116157107,0.152651930281188,0.749616178549858,0.0533874905745648,0.649588377761328,0.16525420037989,0.325321461264951,0.369506682521713,0.214038896824514,-0.475316113866605,-0.408187271417078,-0.418386131725724,0.345078121687222,0.395190270994386,0.197672243438936,0.229828333988365,-0.18981072041631,0.306064101572032,0.495508097828643,0.537764768722109,0.371733773171105,0.629176085637424,0.120787044903941,0.155410388441974,0.084131721893879,0.020582753366505,0.0224036499679227,0.272184355468802,0.312363367254572,-0.406740785909412,-0.172956006183429,-0.286071370717834,-0.243336368233953,0.254598487060561,0.158007277328721,0.301419745095008,0.541842081232818,0.315483638417321,0.632516598917527,0.736260098443446,0.450420924642391,0.401657650196995,0.315521977252312,0.203969211161471,0.278803504138712,0.190435542852209,0.385172436587045,0.359091193699383,0.427223739105155,0.228814916456721,0.524038948748709,0.20559333680904,0.469223832464666,0.646517102031701,0.51912470094465,0.38540620246781,0.303246312509825,-0.503544099413057,-0.426057582497842,0.282962422429401,0.282760499700404,0.420872249037556,0.342229334678707,0.23295745765962,0.0662002843063742,0.259165197819603,0.29351267485816,0.331744774927289,0.508191353366242,-0.472474872677395,-0.183224919448312,0.169625735478649,0.116134787894009,0.502502514776507,0.244715567561442,0.19053502476094,0.0949399117597119,0.323388355223838,0.308678735997128
-0.0404392738452156,0.0634587862543364,0.148585637669605,-0.111397263703375,-0.106262850337523,0.435400346121266,0.424326683222398,0.497682589666963,0.617091131699696,0.383528662994912,0.531141287491156,0.516417127035203,0,0.630055500315482,0.631684259939391,-0.108723981098023,0.672407119998248,0.195304840403635,0.592633770726517,0.00300416599611779,0.511180999051099,0.518763042534898,0.333625858037037,0.50181101501094,-0.102896886313067,0.419425545681483,0.255219240321227,0.414014782293488,0.620181311126095,0.315937298031461,-0.446032536112759,-0.196126697199088,-0.299114512416169,0.328584695690034,0.522185973464998,0.040684132787605,0.199577971708769,0.0229971993069038,0.600935190699944,0.546328922845156,0.442342783949762,0.0734279371969204,0.398518559008079,0.146120800148822,0.0684759346455865,0.184468025486472,0.187483726011935,0.171199315579497,0.127769214112642,0.280610232140686,-0.257706747690708,0.0441600746613237,-0.215817852331833,-0.174217982598704,0.404722716016464,0.24691381634909,0.346925021163672,0.621403468768382,0.228154180525712,0.338561517879605,0.492530699705121,0.809375786626481,0.730233471948823,0.629451730052974,0.447091879576785,0.521009243173056,0.198445092995602,0.66775766974551,0.481927199849086,0.518371592308369,0.407427633679856,0.573998336019112,0.293898663678116,0.345251966838367,0.326834461511385,0.167790373357168,0.633627166579993,0.40039235410147,-0.454201857403623,-0.26456807071897,0.250985216436495,0.124547007177635,0.104871838220733,0.256732533650922,0.241118676033442,0.109144635710308,0.237195516787703,0.33768888970783,0.28408007309913,0.261618233866263,-0.353931016642823,-0.0371730848103346,0.48315640653817,-0.0487402804288949,0.0785291313437882,0.269037978338921,0.254161273492402,0.152247381420082,0.252196441800048,0.224465558721801
-0.25360662244683,0.0756734415763261,-0.185429736788901,0.261894658934547,0.17774546073718,0.0196300056889491,0.12106555320549,0.105533607169421,0.247976535057969,0.00668735555891858,0.163779980449988,0.218175180154902,0.630055500315482,0,0.838911270133923,0.0529861103418942,0.458538290184136,0.320790401198272,0.702693380796669,-0.0307948637453285,0.68459968958798,0.256116769938697,0.74078331873521,0.183273529466607,-0.374710528963757,0.18634270030264,0.566939392063646,0.599575984868214,0.541446681379726,0.621642385087863,-0.416272771031863,0.082691817818313,0.0188159981761858,0.209449077771073,0.4613975783183,-0.00708971393306503,0.153262116636057,-0.106565646168165,0.378173797363324,0.156794451344902,0.213033789308568,-0.160596804325508,0.217472389434739,0.208305994534788,0.0245489584528194,0.583726736400038,0.590434406348625,0.556702250534445,-0.170358973676725,0.0591119476244663,-0.168256396727301,0.106855796087061,0.0927319586137442,0.194321295424345,0.102076170192796,-0.158535539988065,0.0983328971256021,0.258250615578291,-0.135901378370823,0.205988936161397,0.292192632793853,0.577747837956175,0.764932110565156,0.823592326627602,0.761294086147423,0.7873833164354,-0.0475223191453646,0.581008643720069,0.540707741998749,0.483491447895254,0.65518763319135,0.402930256142456,0.666698205883488,-0.0312517991393111,0.141293054731947,-0.0338361247220288,0.554130594359928,0.660899009522583,-0.420791018510609,0.0597114187771231,0.303469526762457,-0.0155647097279879,-0.0541199522899542,0.273897663018455,0.483681114257437,0.526728352028589,0.190480236756403,0.569667049191006,0.254525016405792,0.0323611652459011,-0.058199492197422,-0.196507873491937,0.277769695267763,-0.224743085126328,-0.0934123906131737,0.176101392168442,0.570838714332253,0.538198298362553,-0.0109450698973072,0.0109898113303925
-0.251937757371326,0.0837682264189604,-0.152687178481203,0.254105853778862,0.131809475366115,0.100076135424352,0.18785318613265,0.195529920109272,0.363707441194638,0.0688612518604616,0.245411773578263,0.311102309041473,0.631684259939391,0.838911270133923,0,0.0412671614771878,0.431671588849831,0.37091130448715,0.61495328861559,-0.0234357692882888,0.770169253489615,0.187218566691228,0.734242755856167,0.193761121405722,-0.378579404458717,0.18988776831182,0.529892410158171,0.619351053186471,0.547381313886602,0.714425713130644,-0.466686555484167,0.0326458051372304,-0.0255183729081146,0.153094421915172,0.403124657344436,0.00432026026822728,0.147377369105877,-0.170806964280192,0.367780829799436,0.221788115699568,0.193308061119506,-0.122837087173232,0.259369457050117,0.151601948944705,-0.0750537549680555,0.610507863179877,0.524690590779325,0.578052713938194,-0.109397909283255,0.0587023549274505,-0.212920067561895,0.11695216593551,0.0542066274319333,0.161735595137412,0.151623079778844,-0.0813431375228658,0.197116071369996,0.371625773149884,-0.078396968073072,0.284312924017633,0.381213985887611,0.592460017400585,0.762976503297048,0.867790576141756,0.821790904226794,0.910189253080667,-0.0181081294854704,0.559635838611124,0.496924084432428,0.514760103138665,0.744577207492492,0.37431737251408,0.7025701110795,0.0253954649976885,0.150484584783627,0.0288591388660256,0.580821441671826,0.766605869488104,-0.47287886068061,0.0218203777847041,0.186743973114113,-0.075310473528525,-0.0968617155102045,0.178642455657372,0.45177647843198,0.464216336117777,0.153034232596424,0.620383740038524,0.258444766709798,-0.00730315529266227,-0.131306296803533,-0.254299195092738,0.226933034021804,-0.225388125243649,-0.0756717497670511,0.133214668032224,0.576859648159055,0.571977758633823,0.0618659880385632,0.0365223253820087
0.147041501546958,0.746255788445133,-0.146725450661335,0.756074648693558,0.716598205281011,-0.172503988040463,-0.00325650610395963,-0.0551712445486107,-0.158093784174586,-0.214169207082473,-0.402722841364396,-0.240031438619873,-0.108723981098023,0.0529861103418942,0.0412671614771878,0,-0.0422385738703419,-0.058578037421352,-0.0694752616531396,-0.213122639652767,0.039812325292614,-0.274038525598662,0.159237617072444,-0.192105389489133,-0.0861786640462082,-0.229260026936944,-0.155053616302727,-0.151061457642306,-0.128918489091471,0.177802443683745,0.269120213145579,0.793133617682865,0.779671595945238,-0.122739533946233,-0.208482387947619,-0.152246694531312,-0.272926014245653,0.277129831072968,-0.00461334912323564,-0.0142530780926228,-0.252413139441885,-0.200354281482449,-0.24930987848559,-0.285838164025533,-0.228761510338525,0.0178872247250261,0.0936107074495708,0.0955525022449441,-0.307857383934007,-0.328245454527346,0.695791864508853,0.760949513341256,0.781794906680265,0.724874230678385,0.168545006889086,-0.227812790086975,0.213211001362954,-0.0916909693167808,-0.188761606529973,-0.333997313979321,-0.257121521840013,-0.161059535529839,-0.0672409988321016,0.0366751838539169,0.103381287510706,0.114625919581764,0.141343685595796,-0.185711535025183,-0.034807012165724,-0.123731654380676,0.0733818124792366,-0.304168841202954,0.0971973368428701,-0.138112312491373,-0.258017209090256,-0.245814948395644,-0.170847863367684,0.100511858932286,0.214787480457325,0.720870578133534,-0.0971009567604831,-0.368976469403906,-0.306116976570919,-0.263652027392159,-0.143303824183295,-0.0892454322379183,-0.240757738952612,-0.0704494351338407,-0.14773950695325,-0.262266960835989,0.653299929912901,0.0421408673331186,0.0434406956427303,-0.0476713622304015,-0.367995369969846,-0.336282300657748,0.0115474870400104,0.0792615901672389,-0.300448844484357,-0.367158357418114
-0.11954282702105,0.030846751493425,0.0372272830403275,-0.0623020280138126,-0.0110738500267142,0.341397889863731,0.316788247144128,0.398479676958031,0.429766490313129,0.229718097529763,0.462150922406065,0.551241267487672,0.672407119998248,0.458538290184136,0.431671588849831,-0.0422385738703419,0,0.383003880465848,0.630392591496646,0.121762751476001,0.447459177944959,0.722481174428663,0.394843863071951,0.593207459687297,0.0285253790399313,0.588314483503772,0.326013513760355,0.436612233638223,0.559017877027627,0.258656947102602,-0.409482914440053,-0.162424164100933,-0.264734105197077,0.527051258213485,0.570023846703323,0.103739010050974,0.260972428648054,-0.100043385330077,0.365011644452178,0.412399877071463,0.49719210504147,0.228707720721975,0.477179752154317,0.211805253242679,0.234724509921505,0.227889934894129,0.304523502678677,0.234761440705768,0.149162039617413,0.25144002999044,-0.205880428949946,-0.0109375830488896,-0.0769999647124661,-0.0961894171453041,0.222281727896631,0.0586333623446163,0.299793618120406,0.441906538873901,0.108522716677082,0.327300249685462,0.408196650146817,0.515344148013523,0.525218186114276,0.447943311065364,0.327040785065605,0.337035063367762,0.148387433449494,0.655885813973089,0.602086866789045,0.556015253787673,0.398462350478379,0.583092392219769,0.368619149776897,0.217871277482605,0.401237938186471,0.254906821731153,0.562595847113717,0.323621635708945,-0.412617599241606,-0.202204972503674,0.46415615999805,0.300392655584159,0.318182009739889,0.427025426070688,0.367727017208524,0.226838422182951,0.353742505237153,0.36638411102581,0.358256031052904,0.388767237326104,-0.240685281049533,-0.0371063929013476,0.333588313118405,0.0823668903200225,0.222956264238451,0.35804780328124,0.387607815188646,0.251972416987632,0.184338765867081,0.187053757733304
-0.301628430341514,-0.0879854484111127,-0.201665934293407,0.0662877325581653,0.0144801913231999,-0.0412764169037478,-0.0721623425685171,0.0823469577196272,0.206701091795168,-0.0826927722012406,0.117695885781043,0.241592694978326,0.195304840403635,0.320790401198272,0.37091130448715,-0.058578037421352,0.383003880465848,0,0.412676791674742,0.518692409609751,0.553825179010288,0.314331004820152,0.475827171725192,0.175412410936449,-0.259627981753276,0.244789475978113,0.461934492746814,0.50782315885779,0.34600899765192,0.333963412187709,-0.290221908987447,-0.149304314584946,-0.116643893965534,0.555833089978576,0.425914693492323,0.316084870118806,0.280527437469747,-0.434094990168436,-0.00609074672897061,-0.0139807279838581,0.287335965979561,-0.104304107236317,0.329798792261804,0.100540957654676,0.124461209743148,0.359766552919477,0.463718197357646,0.421129427063055,0.00729929773225531,0.110099056008839,-0.308288239315963,-0.197040065576629,0.033875507567264,0.0354052144793978,-0.174278437033404,-0.268777479482985,0.104830644917592,0.17821872088397,-0.121450710622433,0.251084839297789,0.260970942203067,0.260157267496138,0.328760617330278,0.381509677723299,0.401095109959364,0.386872410001936,-0.17431050668269,0.415966614233547,0.595992111943719,0.745860077441835,0.573340186776182,0.324715590428446,0.470123710467601,-0.168052718316025,0.208350294182429,0.120776620806819,0.425694500545846,0.36502272224861,-0.22300296572418,-0.0818717384411952,0.372778281980678,0.275193630042674,0.169204820200517,0.28818404036392,0.43657179066501,0.318422748591453,0.302561596715455,0.472387611212524,0.47920465911397,0.03514573423228,-0.165572912410851,-0.323016218184668,-0.0698160700163406,-0.182681719507831,0.158261777899251,0.165960825935167,0.41855833812757,0.352190082134573,0.0181659169559288,0.104659631551374
-0.308720125399915,-0.0509444014915549,-0.159367815108356,0.103846316445734,0.0871162110701509,0.110668978450527,0.0326179854967266,0.141539669524493,0.282103350753767,0.0524094490473084,0.233655809098121,0.264764229103036,0.592633770726517,0.702693380796669,0.61495328861559,-0.0694752616531396,0.630392591496646,0.412676791674742,0,0.142555307347416,0.568061225186742,0.47575973475342,0.594323256770534,0.308312988465998,-0.231230165896736,0.357348578272338,0.545607283216198,0.553833527122801,0.696726833646737,0.415758984620955,-0.394972404081669,-0.0679019092260253,-0.103449943253691,0.520611032617619,0.572107649431074,0.179499949503461,0.394713010664487,-0.22513476772108,0.324047642032819,0.15249514353934,0.366893024677759,-0.0477061205911996,0.261539807475077,0.202842417846852,0.246298774144657,0.403240725509293,0.54378489581502,0.454174001089537,-0.0114165313756616,0.152410893377303,-0.286525797418574,-0.0399085895357142,0.0220892511559967,0.0710275782064242,0.0578226446963108,-0.116466699019785,0.109372641828808,0.274313497835218,-0.0847152358726959,0.138663393841262,0.251636942471189,0.464897732816654,0.672707460668705,0.64439644402147,0.61213957747093,0.534161869051809,-0.107721920493177,0.634164474927768,0.690592323288689,0.57526980747254,0.551155578696918,0.465266282583538,0.573827212388083,-0.0233349886123048,0.178935013855408,-0.0136741308789809,0.666840194580007,0.45109517838814,-0.368047341944562,-0.0853217818837844,0.521393092768002,0.225781184613602,0.139220611334478,0.355031824873675,0.530389171921125,0.508832659876185,0.460955090150484,0.496245598745895,0.389839288929439,0.164011112167245,-0.145726613523782,-0.103550357184433,0.284498122338491,-0.190955176969399,-0.0163355636517057,0.206256329892721,0.468258056890609,0.406376995188961,0.0517741450055112,0.0671259139913787
-0.0671003282346225,-0.238626960641174,-0.0825046649053608,-0.207916952853369,-0.0670133648945229,0.0927103170050563,-0.073333767338298,0.149333878588239,0.247086712057169,0.110433169046865,0.107857529709549,0.0554270624562982,0.00300416599611779,-0.0307948637453285,-0.0234357692882888,-0.213122639652767,0.121762751476001,0.518692409609751,0.142555307347416,0,0.127510460619558,0.190789959258274,0.0981747935083636,0.0812282008951596,-0.135552994133444,0.110948110176685,0.261684982208544,0.182543162855949,0.242852224721681,-0.000188958851152529,-0.127491547387273,-0.267251656044183,-0.240194961633156,0.393242126460054,0.188191868115734,0.587107364851568,0.40305571410749,-0.280604115005647,0.0184469942307894,-0.0643487342896909,0.304629745908824,0.0394294927066717,0.0950183357878853,0.0599053656360396,0.230933276329648,-0.0086455534338567,0.267624210715596,0.259061226994521,0.406942613943118,0.352427165290832,-0.248413502785709,-0.255952747473794,-0.114014416779826,-0.144622400946131,-0.124062971769353,-0.13660587463204,0.0559404884658509,0.137502744600983,0.120040217548885,0.00822952604410439,0.011491840305274,0.0069268953369033,-0.0465589650464351,-0.0622918299196915,-0.0239170819266614,-0.0677789000937554,-0.118715956667498,0.0626202597145568,0.268216460425705,0.43122211466207,0.213819677475002,0.0723523942243214,0.063143454350329,-0.0715408406546961,0.140136493961945,-0.0354565717276914,0.207122071831048,-0.0128940997321242,-0.103651567491913,-0.233221420428741,0.23844758005576,0.436503516267142,0.150535513582211,0.131899394346656,0.257044881005988,0.074441527771078,0.355817750604772,0.168519943740041,0.532772568458451,0.150592285958819,-0.138937161282916,-0.187675094692457,0.0213049381660764,-0.0441451522479525,-0.0306969279769652,0.118187669107319,0.0767870239529302,0.106639663157901,0.319297720416969,0.29095003622542
-0.234815766679903,0.0812344736822497,-0.135234857568282,0.182458512187475,0.123197162163507,0.11061180518147,0.228706853445683,0.252674952307642,0.345378546633503,0.0511311050897994,0.196506616599725,0.277277220804072,0.511180999051099,0.68459968958798,0.770169253489615,0.039812325292614,0.447459177944959,0.553825179010288,0.568061225186742,0.127510460619558,0,0.217768661450562,0.645084169208233,0.19953483215974,-0.303416139280022,0.200386192328251,0.471464253897356,0.569249536078207,0.550970232552895,0.560653863013463,-0.470960518456301,-0.0341273416544947,-0.106990674318845,0.146555452286023,0.360041191793296,-0.0133290730786388,0.0752036555171414,-0.209194542553344,0.25408670792718,0.180725055379383,0.100696644696581,-0.161730433229024,0.223408343757602,0.0407191654456284,-0.143372377451754,0.456126265016766,0.408213065735811,0.457471219620144,-0.107647288814776,-0.0697667024335515,-0.229637332213821,0.0536270873376613,0.0769855441194255,0.112970392094996,0.136456607597623,-0.0993756010749943,0.291559676780713,0.363669235040787,-0.0633011406693804,0.256862692154226,0.31639684934768,0.442714661106273,0.622781239047386,0.723007465298804,0.712482560395987,0.7582332313524,0.0910850531421898,0.572116263010736,0.538701632395441,0.583049090090493,0.799399001671526,0.373188351159892,0.65159605743433,0.0341634972028599,0.186981197815249,0.0750378269644896,0.628620844597818,0.652547115922849,-0.404700323545869,-0.0393715472424596,0.183721356045321,-0.100029288942509,-0.0867475932207544,0.221893714665135,0.429963296307575,0.374988225791885,0.141459418937729,0.542574098469472,0.218961724656486,0.0180993245897855,-0.184041447229712,-0.211998053535805,0.157238220489004,-0.18128646392614,-0.0666315720790988,0.0817595657380097,0.488643472734805,0.458643624790148,0.0464919436041924,-0.0116688394960364
