0,0.142083124137286,0.110556471330612,-0.0219513251557227,0.290512180130495,0.101246014942308,0.138237688123936,0.052928029872549,0.0656340764785717,0.302976324490287,-0.272822621638604,0.0737623474228341,-0.11309517211882,-0.474274498488522,-0.338815302165458,0.515410525573506,-0.110277830764165,-0.293885137224696,-0.324093689259362,-0.395310040880533,-0.471473987108838,-0.110445948859461,-0.509374891656458,-0.172691942614514,0.417379216006797,-0.263650753197238,-0.29903714220776,-0.0281218810564862,-0.258523704017133,-0.447280345278233,0.595612465061724,0.071617883737486,0.0726099618022868,-0.342470169716044,-0.17511697688778,-0.205585104840187,0.0717813792548092,0.29688900818916,0.0941477304482461,0.255179490492999,-0.172153874284251,0.385010297276602,-0.187370055236558,0.0252912319921736,0.138836099893719,-0.362365779557648,-0.540231951126973,-0.448341360086731,-0.173986010899232,-0.200434199884021,0.627432382019116,0.299173424022464,0.274753314745482,0.172490330482681,0.191935526950012,-0.179505040813373,0.216424043604259,0.0737378512260961,0.445273970799111,-0.290027801641453,-0.0938148810343785,-0.14684458899223,-0.441142391177482,-0.454287573976797,-0.377982900370358,-0.386269538491122,0.18476353724993,-0.223756831511734,-0.403171681343121,-0.345891726870657,-0.484572171408914,-0.192748806473358,-0.513856998782519,-0.0382205622383247,-0.0367733195881285,-0.0732966491271087,-0.0907514864490523,-0.277103297602832,0.40754158880559,0.105097365328563,-0.393606279849316,-0.165472803194917,0.1464290440182,-0.0906794850285915,-0.283718687427001,-0.41985187573709,0.141042435538354,-0.0518740109642526,-0.317557274228649,-0.11484851531167,0.333457104703441,0.231604265465203,0.154787776883721,0.346112275208955,0.031852270906781,0.0533367940375986,-0.437026117511165,-0.556709775599218,-0.239712453752165,-0.194674699257012
0.142083124137286,0,0.342937318845433,0.0544513059562126,0.26828576957522,0.404040103719731,0.197423697092066,0.446201847675141,0.316268882657288,0.0247568457711378,-0.138180928866088,-0.161194760618217,-0.124501733912507,-0.19568760198356,-0.280630909299357,0.300221341611502,-0.116620229900011,0.138331470283651,-0.181790952370241,-0.173527979681118,-0.107105758872214,0.0707491449086243,-0.208294734005861,0.0336891214036835,-0.142110224747666,-0.0871182924496343,-0.122058608977549,-0.23715037412724,-0.140518841364162,-0.285765078418642,0.08828038573955,-0.0818487821605177,0.0525005136675775,-0.0915355771451975,0.0348434985036934,-0.0752196683207621,-0.153140863209152,-0.0708475079571656,-0.0304040447139227,0.0903332945808321,-0.107666225878892,0.0141401669332347,-0.0113013961337958,-0.165148793215683,-0.0781331115410784,-0.199960747849653,-0.0912051164228726,-0.233172096812496,0.169406350970118,-0.107820007950124,0.173223827073659,0.660440440237698,0.141846363796477,0.00623741762050746,0.419841660508994,0.285831343404229,0.381498088204446,0.423714162153551,0.0165485770263325,-0.113382481304089,-0.0937205897218756,-0.10917350890858,-0.158729770307816,-0.257538232155199,-0.239319794561216,-0.279436746882715,0.00931387292916989,-0.150920355011704,-0.0637430415906958,0.133571529361672,-0.132815933965767,0.0463064644107574,-0.115472495965576,0.048977745756035,-0.0483645797323203,-0.0645391973495523,-0.165265752766326,-0.211062812796459,0.196883659539387,-0.0398919529438353,-0.040420820897927,-0.10327600291856,0.11710390038413,0.0707727607047918,-0.00891892673510686,-0.00759191485073236,-0.149989192069329,-0.131122771777262,-0.0290655157644174,-0.0708322171190945,0.120745994110742,-0.0862997493419091,0.161328849654991,0.128243507425513,0.0694281339559046,-0.127650925938708,-0.0554217688250066,-0.111777948310545,0.0845307770764864,-0.0612252461993697
0.110556471330612,0.342937318845433,0,-0.112778836161007,0.153770240511041,0.573350284392169,0.286927942122984,0.465964094332359,0.48260184597277,-0.00984472749921613,-0.04392599137719,0.117581129800892,-0.156502920273103,-0.0350085822289304,-0.0906392578151555,0.0464725447866943,-0.00161732653541255,0.200072094363409,-0.0235584357023289,-0.00150142531941802,0.0381993005012584,0.0340874212080006,-0.0387064162719843,0.159560228848296,-0.156379340778808,-0.0523182317876153,0.20637581720175,0.069031184122391,0.0997157439654332,-0.121970017347966,0.0459948239282891,-0.370241743198497,-0.173778640241095,0.100727168188199,-0.0253264743384138,0.138453399061784,0.135794785042883,-0.255444757640726,0.01338600992,0.0532115084547016,0.0535816632794354,0.407381638857697,0.0536877061477826,0.142268222089442,0.142451397842642,-0.0148135503148096,0.100281926936693,-0.048514043481663,0.298358449176945,0.0298037041278597,-0.0196163627106214,0.52522574250328,-0.0257724978591096,-0.190014598162042,0.495891808607694,0.571435932746311,0.346786013908348,0.447080608831395,0.0564783145177541,-0.0783875501557457,0.0920117710127544,-0.114268834087606,0.0263194945322577,-0.138109297168592,-0.0637061121560108,-0.132202515059493,0.0755455028929651,-0.0668813732465432,0.107724022667742,0.213062668954,0.0669989856750196,0.0852263676457568,-0.030474664779454,0.198443108387614,-0.0679156679660754,0.0192111623423481,0.105361469947759,-0.0421561145637208,-0.139987688168431,-0.303577021344516,0.0170045782830563,0.0174556736429441,0.18043735652343,0.0852795226650103,0.108166683907897,0.181018071262879,0.109647910341844,0.0184738011178037,0.175708860860095,0.02996662596883,-0.166313379777804,0.0471573954374114,0.184541207549484,0.267184808583965,0.101455550085061,0.08324190402307,0.0697186255129514,0.00412745344807867,0.181457798343179,0.0143212212278059
-0.0219513251557227,0.0544513059562126,-0.112778836161007,0,0.346257295083031,-0.312782497009187,-0.00797128920277081,0.0950530289132801,-0.166224683374408,-0.171042086259146,-0.0200754090693705,-0.0813926239256862,-0.111480187516793,0.168210097624575,0.222099618613995,-0.0864574854878329,-0.409112447622521,-0.0460416702517559,-0.0899069897862151,-0.144035902164281,0.0743779167735909,-0.396273707821562,0.0533963006391301,-0.445278209273088,-0.117730386451032,-0.291010461157701,-0.360185761891059,-0.189977932359005,-0.190891785795525,0.152366645474428,0.0646860495802397,0.52834650671898,0.592615288845119,-0.0604993531433331,-0.435536837735416,-0.129403685859338,0.0336031947951149,0.494057949660318,-0.0172000890950221,-0.39535275162148,-0.0840401567596012,-0.100412219617142,-0.227894219779059,0.114856437027026,-0.0878410422911933,0.00500465506779094,-0.0391197573510816,-0.0414450136408002,-0.297807548353974,-0.118209442323838,0.293285214292675,-0.0824965637128489,0.59128913040037,0.757141312714108,-0.310374796605888,-0.31102430194595,0.0573744714906118,-0.157010368262407,-0.203756725126561,-0.237220494706821,-0.289252178494032,-0.123282043199412,-0.00265073405254461,0.179492726464293,0.217026578337808,0.223042026774944,-0.142774068957941,-0.179432065084711,-0.0666311012018126,-0.00446492280295579,0.0515323594168173,-0.436029815033299,-0.0564917016934647,-0.106910939452284,-0.256241066628601,-0.322529177009745,-0.107363076456252,0.0447708052697806,-0.0272937676364815,0.522651715314708,-0.243694693078618,-0.155415269770092,-0.0529741188550369,-0.295899821954934,-0.417487729401409,-0.143290528373256,0.0804260160107762,-0.249929034344528,-0.196404186597631,-0.341137393141477,0.35569715388713,-0.257034738214882,-0.0574729379545039,-0.271342696142857,-0.240106155053272,0.118634838373794,-0.169532992149796,-0.134615897097021,-0.250137636614932,-0.0985313787007641
0.290512180130495,0.26828576957522,0.153770240511041,0.346257295083031,0,0.238831480488469,0.0958469307353379,0.3365789444838,0.327240430661357,0.0194550225790298,-0.252050578974771,-0.230613172266474,-0.236231527851384,-0.228314735130834,-0.284855894603742,0.27268066487077,-0.343444035147087,-0.0539316319266289,-0.278149052721973,-0.307431221091386,-0.253112205044522,-0.191244340250118,-0.341539959203791,-0.326035823060549,0.00937246554621837,-0.372338775877178,-0.302491016638669,-0.24151608707962,-0.235668686955668,-0.372613435122114,0.302289510769744,0.0314846763886762,0.179280251954875,-0.115676748941802,-0.214922461087491,-0.00862279714202561,0.110871859127201,0.177289543551934,0.0520255467649195,-0.0550417951345859,-0.0340481193563994,0.0579271981801618,-0.172908739755482,0.0251420433447598,0.0639952737338359,-0.153554723888468,-0.200808189859012,-0.277794180747685,-0.114594577844127,-0.0606568653945378,0.2276880461094,0.193639031587304,0.46307107177163,0.493331285254255,0.404961548943798,-0.112764089816567,0.295877806024064,0.216029695402016,0.0688560374706871,-0.353541874774471,-0.228603029025296,-0.319758542880443,-0.308641224097275,-0.264131937755739,-0.270778157280274,-0.294921688078095,-0.0848491422255299,-0.343188286965197,-0.248426958734567,-0.0642208152589865,-0.258718931585553,-0.313412061288737,-0.405742813411094,-0.220041172139719,-0.270328418960744,-0.31161077740564,-0.159271721709407,-0.356709910556869,0.16627515750453,-0.0418550839437396,-0.355207437660148,-0.0178279666165126,0.170486061032167,-0.108658704628362,-0.220484771631511,-0.198240918214799,0.174739545758683,-0.200114423804573,-0.141946505100362,-0.204801847325386,0.264286060545467,-0.0869960577429847,0.0185127702833201,0.104983663716308,-0.0458491644383591,0.0777249130502547,-0.227165406339307,-0.366532688782697,-0.116502381307487,-0.0283342699051637
0.101246014942308,0.404040103719731,0.573350284392169,-0.312782497009187,0.238831480488469,0,0.293379296939476,0.393348290446688,0.591296123969615,0.0991986554395649,-0.00384953656666496,0.0110648717100615,-0.0788250888335776,-0.0922818971672109,-0.21861573474839,0.149405323946314,0.0362172151521231,0.219036730982264,-0.0552210737377787,-0.0155993763601446,-0.03619985125807,0.209877990502671,-0.0758984765005329,0.266028063187835,-0.0482252118119328,0.0894306524301241,0.208235101720481,0.103514995574614,0.0960115073087474,-0.19086586134629,0.0546716573195177,-0.393347604030008,-0.336777051864304,0.0646438717441241,0.184488035813585,0.111395169712858,0.0421331891357716,-0.351988505743138,-0.000836933941439537,0.294069108269595,0.0394658875762991,0.234754513822607,0.123454602592648,-0.00705285469085581,0.00334083774256487,-0.07559634613177,0.0642011554576525,-0.06631134187371,0.449588106901161,0.051571560875079,-0.0442056973857616,0.507865549599562,-0.107794506736489,-0.315526992873898,0.782399953836384,0.685240650670774,0.377837250084173,0.511883368557063,0.13328127186104,0.110294090529864,0.153424127412396,-0.0603432692079402,0.0262868498385949,-0.169184899446573,-0.180436362695536,-0.21568907512744,0.0788069619245289,-0.0490997018233227,0.0666213175068034,0.245766042512908,-0.0180221764208429,0.218966050090395,-0.0223787057430958,0.126250865866731,0.0579587049536121,0.166443797602404,0.0680960498799654,-0.0919096057358962,-0.0395411732131379,-0.340726942714181,0.11607241620026,0.0563580710599713,0.125577692722622,0.202280677477482,0.205389714870706,0.221219602802344,-0.0140703795299746,0.0535385439792274,0.206702011613076,0.107952788876676,-0.168900743659823,0.148743060980488,0.229958964031911,0.277904308136638,0.202157663820373,-0.0597553163279012,0.0494346569262701,0.0490511002547303,0.309650471611945,0.0611750467671758
0.138237688123936,0.197423697092066,0.286927942122984,-0.00797128920277081,0.0958469307353379,0.293379296939476,0,0.534763322688913,0.303479255887914,0.0891221259519534,-0.182863449144366,-0.00376169155880901,-0.082601648017092,-0.150304304685948,-0.148788751238788,0.359364134714775,0.00015775866593926,0.20837983374458,-0.0564997124199975,-0.0172285667561263,0.0382903337534377,0.0393647315593829,-0.0855427206007901,0.141104502099985,0.0632801997998363,-0.0750245957621534,0.0446656314121186,-0.029730488577276,0.049336068228533,-0.18723359155583,0.152245814922886,-0.200621076727828,-0.0244755098644374,0.00798903325195511,0.00762117371564315,-0.128866469963451,-0.0423511237206772,-0.0613490759449309,0.308064433251536,0.40588837335552,0.035822441032773,0.270553549002817,0.0723086676743041,0.0198281613156271,0.0898107809816444,-0.15041255474321,-0.0860865281486958,-0.167822151146044,-0.0340557459421939,-0.134968204892379,0.0481260742893791,0.263494402865609,0.248969711284468,0.000721912124951802,0.302506675081785,0.23999393706406,0.473925842178798,0.367696345067082,0.088080061700665,-0.136375856113172,-0.0299427288855554,-0.142967094265868,-0.133970516422763,-0.253051149152615,-0.197005792724387,-0.175520810839654,0.38858724110792,-0.0733301316041778,-0.0219807173642318,0.0447163783240259,-0.0435645795923721,0.00307132023703723,-0.0921499828206239,0.00684587706361196,0.0335767695418072,0.0101842268576063,0.040943061602292,-0.0778119252179576,0.0694533568063924,-0.152126047263679,0.0121178049993086,-0.107419574541986,0.224395957275628,0.138680115208073,0.0820173533022622,-0.0595275661592732,-0.084354437221993,-0.0368996338229586,-0.0735219596351818,-0.0183013454785112,0.10421301715799,0.0653649345580241,0.202965301209311,0.232971523169192,0.162734487075522,0.0846697031079922,-0.0784968820142384,-0.120926458919643,-0.0880685428958423,-0.095240146925337
0.052928029872549,0.446201847675141,0.465964094332359,0.0950530289132801,0.3365789444838,0.393348290446688,0.534763322688913,0,0.675303127393637,-0.0777066943369802,-0.372370480282414,-0.225305358510717,-0.260276510183675,-0.261608249578046,-0.355540630604695,0.360569867922083,-0.162668534697065,0.376335466319158,-0.181125038206938,-0.11584531035655,-0.133623834196399,-0.05347371353061,-0.314109135643488,-0.0273358470076183,-0.184544175153953,-0.353086992010956,-0.0317580395040011,-0.285901055479511,-0.10138896835702,-0.392821183544466,0.189777747009097,-0.285458647281624,-0.0533821674710976,0.0685780578043883,-0.0771646645550117,0.160547962541842,0.111032133211761,-0.0989244307163658,0.208049385591333,0.10693277907748,0.166443011193781,0.116402486025615,-0.00458361769319828,0.0856947846378067,0.224789082514519,-0.085879120906794,-0.0716795046396837,-0.22078483146011,0.0884881373904359,0.0593639413544529,-0.0546600215861547,0.454207914740655,0.264164614739513,0.153930716524842,0.465988268165699,0.217282535840914,0.719016670503535,0.733195641474402,-0.0688177738222528,-0.377446629604384,-0.214359094546321,-0.259702531343601,-0.208901095308462,-0.319485582998662,-0.268839863236626,-0.354957843568338,0.105909267174173,-0.271893307844931,-0.0128730895416626,0.280465733433644,-0.0892008542595322,-0.129906846979022,-0.27775172207818,-0.071600931096352,-0.239392595449403,-0.320526500767332,-0.179240792298169,-0.373827094997195,0.16495000013916,-0.302318844294587,-0.105819388902758,0.0887447322424077,0.32529552288088,0.0412041947482007,0.0831420404130293,-0.0500072749231196,0.0425870391263632,-0.154231420991651,0.169250655695952,0.0442776249676662,0.126477415436492,-0.0749446323979986,0.093168717708215,0.151693085276433,0.0733379915667246,0.176151244889428,-0.0160305106140719,-0.217193409785395,0.0366855798095869,0.107375245789782
0.0656340764785717,0.316268882657288,0.48260184597277,-0.166224683374408,0.327240430661357,0.591296123969615,0.303479255887914,0.675303127393637,0,-0.0889731375268184,-0.31143396393258,-0.303121541401606,-0.204943404001208,-0.302625527083682,-0.446750791609036,0.214312089734354,-0.0825327646723632,0.285939098144006,-0.178692056019428,-0.0194554579523875,-0.23983306669073,0.0823064070819658,-0.373287612029445,0.0669589213896567,-0.219140698983922,-0.27089535945088,0.0661313697044741,-0.219244126252035,-0.0482830964941003,-0.430969857260635,0.0867937208315296,-0.422901178451757,-0.228217275013654,0.124332933211975,0.121697375932752,0.410515881808705,0.267703313450618,-0.270931284798127,0.100448721876858,0.0644089413412151,0.347158448031791,0.0863898769814884,0.0387213609904772,0.143017378944735,0.275251113036953,0.0361287472603964,0.0332327964896172,-0.128483863127279,0.376709254567126,0.358556772114019,-0.187216262255113,0.418864265135797,-0.0150334953604601,-0.0370813335925403,0.666089382455921,0.386802714984537,0.53678413456917,0.776296130062986,-0.0604387604788833,-0.209829705799274,-0.16394730553521,-0.234491806501722,-0.158619000826797,-0.333854208862586,-0.364208224448158,-0.435654347523895,-0.0562206257687052,-0.322573990374791,-0.0101984389511446,0.29371696837759,-0.145240286874432,0.00920977401872979,-0.319020280441875,-0.0674340595056003,-0.263611104163448,-0.269177476644568,-0.186463977936887,-0.464175991345704,0.0733741559723126,-0.479526688909429,-0.0653719972101402,0.312649931841789,0.251588513228304,0.0949560391748275,0.124782153989424,0.084682032248476,0.200253605708514,-0.0316427261138846,0.403489651523937,0.255509222984214,-0.0611869816508433,-0.00505403137547601,0.0303573644239544,0.173214691913683,0.057648184133418,0.175730492032516,0.113518754212146,-0.0834434070449412,0.330371891886604,0.363774487937797
0.302976324490287,0.0247568457711378,-0.00984472749921613,-0.171042086259146,0.0194550225790298,0.0991986554395649,0.0891221259519534,-0.0777066943369802,-0.0889731375268184,0,0.230116517605065,0.317989133026933,0.0905443028681499,-0.192160071745739,-0.169288099364391,0.343298734031902,0.115270192406035,-0.287862853487515,-0.198586853802926,-0.26085482630098,-0.212886506931857,0.114133284125681,-0.142694485034081,0.272012869115783,0.536376375304115,0.182420850016329,-0.137620365722468,0.207601338418003,-0.0548805953321314,-0.166888258061992,0.227503157133816,0.119739468608553,-0.0474215611449802,-0.18380132597633,0.0246407211836022,-0.234841020427309,-0.0543039873573151,0.226614995553648,0.2876951501809,0.409576901369278,-0.101060597266862,0.0822266885930785,0.177768661935609,-0.0720935062221547,0.00025995666454963,-0.236113416167299,-0.19353480957411,-0.163783242126843,-0.0200647818272546,-0.190767742387817,0.214059364030445,0.0871528203405132,0.0543102729444905,-0.150932806072808,0.0896969033421116,0.0652391833447348,0.0914853694886909,-0.0480420901987808,0.683235583480893,0.23155457369012,0.298486852874079,0.0143428443095378,-0.221197113667938,-0.211670049522495,-0.189319274089424,-0.170264007521567,0.24557138634627,-0.0470961286816672,-0.235257154985346,-0.342825863524185,-0.306173164948361,0.0229588267399084,-0.106856359860223,0.241336702145672,0.301161412685384,0.342606061243799,-0.0751902028977738,-0.0461493904593445,0.188825983113588,0.109880323853409,-0.0951701771286371,-0.195209243928775,0.0839195585700566,0.0788576111219192,-0.0392562553346963,-0.167614769198272,-0.0385722216586645,0.0474723763963311,-0.291956125325284,-0.102830366000568,0.226879588996052,0.443921299109139,0.446112890896291,0.335046474821731,0.351493866250618,-0.0643731082723831,-0.218277129374319,-0.199229552570497,-0.00815471685459568,-0.229591347158812
-0.272822621638604,-0.138180928866088,-0.04392599137719,-0.0200754090693705,-0.252050578974771,-0.00384953656666496,-0.182863449144366,-0.372370480282414,-0.31143396393258,0.230116517605065,0,0.588073723814729,0.444342539178931,0.472643902232534,0.406599462107137,-0.353786984194781,0.283315960814823,0.0169805482801017,0.358704751273861,0.203224924272541,0.330309091673861,0.237661173130357,0.48736164274428,0.436445856255279,0.228023440668194,0.657083602088091,0.159985917560195,0.394318715435153,0.391532437939666,0.508544736141667,-0.361489825445153,0.158279985346773,-0.0608451600824197,0.142914158872217,0.146491878478781,-0.122720540055822,-0.0543301256136353,-0.0146789141824791,-0.0410301748091284,0.0580996149777353,-0.129211841807183,-0.157234027204283,0.177987050752782,-0.136759941172502,-0.310144053191452,0.0147606050355808,0.197314520475749,0.25304977483284,0.143339954254721,-0.113824612474655,-0.124857096811438,-0.258113109488883,-0.165780778105121,-0.273890854684298,-0.189015326773611,0.208856533060192,-0.377683915964212,-0.309575092201531,0.232893561680089,0.74169777081777,0.567625898831632,0.472223680353883,0.446904347953496,0.505653222716831,0.40800431008766,0.409415714993019,0.0119395193605325,0.398669558600005,0.228734225044607,0.0194848741478762,0.229683620635592,0.314233093607309,0.510302412774605,0.434362754546334,0.417601825140597,0.566789958023472,0.287817102334444,0.526843023658278,-0.440174908549287,0.215132475409037,0.292442195820679,-0.171926547468408,-0.339525236460558,0.236405624496673,0.0548799603576701,0.298380758893284,-0.0612758593676379,0.204173448146035,-0.0499768240524775,-0.136015147614118,-0.222374556430734,0.170180587151905,0.213599973284286,-0.213535934256678,0.0664502053051905,-0.237422917166551,0.0475856923469406,0.352014142694031,0.192891771903659,-0.169754158533322
0.0737623474228341,-0.161194760618217,0.117581129800892,-0.0813926239256862,-0.230613172266474,0.0110648717100615,-0.00376169155880901,-0.225305358510717,-0.303121541401606,0.317989133026933,0.588073723814729,0,0.414702500773781,0.296581201088592,0.411714546424425,-0.117664001244452,0.347541403960794,-0.0298217285784015,0.304668404589499,0.0227369548398595,0.312338529981494,0.106474113810505,0.368459414149847,0.47153417071837,0.330098841998917,0.584843715805944,0.165431860594379,0.43896465180689,0.354265498944179,0.406035580667404,-0.0876831807299882,0.139684158862759,-0.0288403804928479,-0.0724433355628142,0.00187410488188494,-0.300311868523428,-0.157804934693323,0.074826903045705,-0.00932737935170668,0.333575932434703,-0.341311929802813,0.0680129254228802,0.0758241778308889,-0.133501890969162,-0.217246106612021,-0.18327975428476,-0.07679797600298,0.0338997229809024,-0.0718724421483889,-0.39171485510383,0.149549316070413,-0.0980025726015732,-0.050823221984343,-0.235202591127528,-0.146875028736368,0.121154688333967,-0.156394493643595,-0.248349062883808,0.438830509922299,0.530385954349126,0.727819330621076,0.451049813974309,0.338197647554404,0.335469991790454,0.362461463273111,0.381911840980729,0.310538410077865,0.48733516890097,0.100530633133027,-0.10401231306641,0.176389323580989,0.276436141911877,0.410339498054692,0.51949961029339,0.591457421971842,0.667254947006974,0.375585796141636,0.568376040287869,-0.290620843001641,0.215438991547676,0.202896797694208,-0.412512254194159,-0.243289639991795,0.189206166487507,0.113511811146441,0.0971606379497589,-0.136259743459949,0.118751871976074,-0.27148474784447,-0.263421144543445,-0.161699347324369,0.215526505429429,0.268260913382607,-0.119934873352588,0.0980193102001956,-0.237671177779919,-0.164060185031984,0.0352844266461337,-0.10536415627062,-0.4211364239408
-0.11309517211882,-0.124501733912507,-0.156502920273103,-0.111480187516793,-0.236231527851384,-0.0788250888335776,-0.082601648017092,-0.260276510183675,-0.204943404001208,0.0905443028681499,0.444342539178931,0.414702500773781,0,0.331565019501331,0.213606393659864,-0.241497108327137,0.507126555254703,0.158787507119654,0.415784019930749,0.214313010950803,0.227776707544563,0.501912607072276,0.302433134878126,0.405671177650105,0.257894553389834,0.401741939632963,0.2483299739559,0.32602017892487,0.403162825327872,0.310315305133469,-0.156297414799401,0.0496279801230233,-0.10607280899969,0.206665862948875,0.485055242021749,-0.137659613901925,-0.00979400110212032,-0.00920218049265824,0.0708579099125362,0.182770116873182,-0.034394766277381,-0.10701427625798,0.208928078855705,-0.146167102809525,-0.128069869407354,0.102656695180586,0.132044972100125,0.196272453224461,-0.0558402736070319,-0.0518309693470659,-0.158060573219362,-0.178384940067558,-0.184780695320292,-0.229051010982771,-0.142249701893079,0.00914210732432561,-0.218846333618275,-0.159602782414112,0.245887233077247,0.495267149942313,0.450141525091243,0.695193528436468,0.384944150991376,0.313978193391319,0.185808915641722,0.186142966301703,0.079951462763579,0.37138521652863,0.152736946868778,0.0517073223748831,0.142468284345952,0.489525896838954,0.318693345588014,0.382857121001874,0.400269728015684,0.363119946580947,0.206211504089363,0.335246098901006,-0.194529816476744,0.0531061398498326,0.309858592940465,-0.123299784343327,-0.191284503320241,0.405709813988206,0.167033496699944,0.2818961843965,0.10724434841987,0.276524887502331,-0.013524166980054,0.0441612666633929,-0.22430307110115,0.188242750202898,0.158586563974265,-0.105895185987202,0.0891919643626838,-0.150844518209902,0.0984645410162486,0.174986018967048,0.00262218069495473,-0.105079330311784
-0.474274498488522,-0.19568760198356,-0.0350085822289304,0.168210097624575,-0.228314735130834,-0.0922818971672109,-0.150304304685948,-0.261608249578046,-0.302625527083682,-0.192160071745739,0.472643902232534,0.296581201088592,0.331565019501331,0,0.781587235304895,-0.64344713443148,0.23379607153316,0.265421019547802,0.661325890063167,0.455932881356329,0.70836390602198,0.131975595568159,0.810801147337611,0.175409162322178,-0.220660426456551,0.311358092288528,0.381370088939615,0.328060173056476,0.501558221153397,0.754933340568294,-0.46934794653328,0.0749702967775603,0.0054570751266316,0.32064851040985,0.168946228741705,-0.011873636873707,0.0476564839957035,-0.1121124286042,-0.165992119993177,-0.155015222983672,0.0418110541926083,-0.160162135124262,0.0741300739686781,0.0321882310581569,-0.194027517664186,0.371103252745069,0.627605061276152,0.588095057416775,0.109828518888733,0.0129884240868472,-0.256290427399254,-0.33531214890607,-0.155056920767295,-0.0731371284776132,-0.266893384350678,0.0356719448974315,-0.394683740196215,-0.332677478125056,-0.162599467903007,0.368345591096536,0.234362513912108,0.312589129366022,0.734150407778236,0.792965048073618,0.744151819383175,0.756562118446048,-0.166289329357162,0.457881790104836,0.485695271862537,0.301482560166622,0.652162046172628,0.2906961350874,0.691426649449936,0.279997116543027,0.247085207389006,0.206661451159969,0.419601145474234,0.668641869408702,-0.515389893227761,0.0654179658158616,0.434680515561799,0.0069898433283266,-0.283264192253713,0.111895785701805,0.166410521780665,0.591440064982778,0.0585079281415175,0.187309599468267,0.13938946729765,-0.000373922306483029,-0.304140089872186,-0.210093008298381,-0.0251391550177095,-0.310695251438715,-0.0699118652342318,-0.0431069334171559,0.394482375440671,0.60453068879202,0.121386761622988,0.00396848119100019
-0.338815302165458,-0.280630909299357,-0.0906392578151555,0.222099618613995,-0.284855894603742,-0.21861573474839,-0.148788751238788,-0.355540630604695,-0.446750791609036,-0.169288099364391,0.406599462107137,0.411714546424425,0.213606393659864,0.781587235304895,0,-0.568043072472925,0.148021784519757,0.161573801910821,0.546164435524138,0.409502805549129,0.709034319932822,-0.116921470782317,0.773593918211032,0.0962147554503011,-0.129070058476284,0.300010249165006,0.253354343625692,0.345098874948297,0.47925725911972,0.815928409912926,-0.378992628872337,0.210708846665699,0.118105561286293,0.0951545953332778,-0.0835208165581798,-0.129297499811257,-0.0896005632027187,0.0154829085901624,-0.194591503333985,-0.120905237196227,-0.146020867064643,-0.123226973811453,-0.0946296796296791,0.0350338962012554,-0.275647558492286,0.250915694755182,0.390188357225906,0.46009079901578,-0.0696898568518226,-0.165548101697551,-0.0599680588090553,-0.337301867760374,-0.0835841710492056,-0.0306642831615417,-0.410474092604896,-0.0542369339546323,-0.407548510346085,-0.438072548452538,-0.128662483045639,0.335193530373965,0.283884200038358,0.291284691116844,0.624351950653941,0.777148394100697,0.818649406614617,0.89222371939796,0.00773267919304972,0.522911335011517,0.366881860180914,0.191395762142212,0.644994904797178,0.157740969024542,0.705036992194342,0.262327735472717,0.36046019104421,0.283892446074712,0.476937448895007,0.780392824232706,-0.446412953416745,0.227823982299145,0.400803760795564,-0.161203123354313,-0.322759341410597,-0.0115931099247735,0.0598760793238041,0.387331615643941,-0.0694406977420543,0.1138801941175,-0.000310743807661412,-0.111146426655164,-0.221190960057088,-0.138185678220604,-0.0371587675571525,-0.394622559073561,-0.0914532832319403,-0.0499880021644793,0.252289017708671,0.458764288443949,-0.0670685974728065,-0.154268659442529
0.515410525573506,0.300221341611502,0.0464725447866943,-0.0864574854878329,0.27268066487077,0.149405323946314,0.359364134714775,0.360569867922083,0.214312089734354,0.343298734031902,-0.353786984194781,-0.117664001244452,-0.241497108327137,-0.64344713443148,-0.568043072472925,0,-0.0760101235637088,-0.0936164413733622,-0.442875358370753,-0.502203570849068,-0.468882193633385,0.000696280639850074,-0.562478018674549,-0.0649251646636237,0.34832390725844,-0.213167281982509,-0.319740672106815,-0.197717016931689,-0.343818402652859,-0.593167716703087,0.530934205357091,0.0185700216975138,0.0291326574102586,-0.211788751588979,-0.0892184123051619,-0.238137588968873,-0.154701535168569,0.207147895243728,0.247071164099627,0.377317963916908,-0.179915240279676,0.0919873922859372,-0.0220029550354564,-0.183087977155887,0.132857305768506,-0.452000877430384,-0.552028006936836,-0.501449588565186,-0.257654452245929,-0.272005054810575,0.382506066259767,0.377814171178995,0.372726230104048,0.106667708956573,0.285899618594862,-0.0417846353945371,0.528189572681037,0.306669634877151,0.329629906412963,-0.312085547534798,-0.104519717998708,-0.286785070927843,-0.570651387186867,-0.615288881301586,-0.531941431904452,-0.578537381153128,0.283039503310921,-0.264384533695225,-0.344546177734149,-0.246222396296099,-0.544209873067462,-0.178316972400912,-0.493340085540395,-0.220164383253123,-0.03463882997587,-0.0621877683061847,-0.272106332846732,-0.451722807284745,0.480911540467864,-0.00681242305923667,-0.337893186386595,-0.22606395500305,0.258861201056051,0.0175440206631339,-0.109399743356816,-0.469358901832173,-0.160684911305881,-0.152419102905375,-0.38900087920935,-0.211849372320612,0.368563202017291,0.19375121335071,0.110057809323424,0.313624896233969,0.126490047099484,-0.106082791425168,-0.464011735832165,-0.556116490054266,-0.298185568909165,-0.304503810333568
-0.110277830764165,-0.116620229900011,-0.00161732653541255,-0.409112447622521,-0.343444035147087,0.0362172151521231,0.00015775866593926,-0.162668534697065,-0.0825327646723632,0.115270192406035,0.283315960814823,0.347541403960794,0.507126555254703,0.23379607153316,0.148021784519757,-0.0760101235637088,0,0.277908058550119,0.570436610396539,0.235606219891145,0.336321207497191,0.642117897831165,0.331098874994944,0.54005434625016,0.154984912844827,0.412594161425491,0.33898503268244,0.362695341251932,0.522219929037601,0.230971330560864,-0.18639545816365,-0.203989940978599,-0.265524687498711,0.40637771526923,0.616697848723416,-0.138995250379954,-0.0913719638570579,-0.262392036179372,-0.0586960768116892,0.354161364591339,-0.02494224448307,-0.104148820482424,0.212041910036104,-0.224553432629885,-0.060535479764723,0.0198109211523645,0.145011414356616,0.184684346311254,0.0163713774961929,-0.0842481799860564,-0.242028122921176,-0.121321749673422,-0.34385171278727,-0.474115987192508,-0.0297493795577694,0.135796298115749,-0.10779009348143,-0.0240696759066812,0.220042180080731,0.369288215634676,0.410927261405896,0.387333890474634,0.271803102627872,0.186222738348292,0.167924171560356,0.138263173049257,0.324794204179188,0.613948328561919,0.360499074423311,0.148246391090748,0.239873485555492,0.625355778675417,0.39722511200567,0.2749588681269,0.48570123408844,0.422045460757354,0.31505315504221,0.309363202225306,-0.175275319151191,-0.21639362480305,0.41788562314092,-0.0406888704017563,-0.131670187157432,0.460714222000464,0.3396681474747,0.325016407656649,-0.0732587262738327,0.308173370526003,-0.0444966000865909,0.102820212369338,-0.298662171572517,0.0803218897536852,-0.0135486677115678,-0.00612310304598889,0.130710765120569,-0.245928119222228,0.123548321635616,0.187788809145811,0.0317470243826617,-0.162549525322105
-0.293885137224696,0.138331470283651,0.200072094363409,-0.0460416702517559,-0.0539316319266289,0.219036730982264,0.20837983374458,0.376335466319158,0.285939098144006,-0.287862853487515,0.0169805482801017,-0.0298217285784015,0.158787507119654,0.265421019547802,0.161573801910821,-0.0936164413733622,0.277908058550119,0,0.372690361113684,0.445910705243224,0.449228031486398,0.312525740215724,0.293958576141311,0.23180373022965,-0.137032566056673,0.068874681232657,0.231220092211348,0.0464405148573283,0.412182541933034,0.172482130350368,-0.204618948739975,-0.297884267947023,-0.20577281855693,0.545417564103878,0.299671050557159,0.110831757321534,-0.00544961696833077,-0.295465753243519,-0.0810267970365149,0.0477584678462331,0.0356023247477671,-0.135060466444049,0.00665759589940975,-0.173139598053682,0.00365011288692067,0.0432195355993446,0.171297181737028,0.190061170929944,0.0469191068848821,-0.044011837416169,-0.325546990181242,0.0363021454557213,-0.0377514230640015,-0.130127443835879,0.19633490738485,0.193860977063279,0.251943325640297,0.346265057938025,-0.180632444634011,0.0752721716299278,0.0559299621262783,0.15418172945115,0.306484750715745,0.250528541853725,0.279110254959894,0.171650227792426,0.0757492972429743,0.288287797875733,0.527597980466722,0.725566728887684,0.472619848372741,0.315418221726932,0.315878499555254,0.0997393793019195,0.174437834882265,0.0181241579913698,0.231983228727387,0.149627129436868,-0.18692740458009,-0.313909587386955,0.428613475604206,0.0317759461922837,0.0815438405146866,0.344088384859698,0.25014799908164,0.341560628651922,-0.0122526504018663,0.136578220544186,0.253514483256265,0.0213888208382355,-0.292332128902449,-0.233957958557023,-0.0239650508803731,-0.131118718268158,-0.0233838767536677,-0.14485181103804,0.155734283269998,0.252122933940345,0.0268187963444935,-0.036881525599257
-0.324093689259362,-0.181790952370241,-0.0235584357023289,-0.0899069897862151,-0.278149052721973,-0.0552210737377787,-0.0564997124199975,-0.181125038206938,-0.178692056019428,-0.198586853802926,0.358704751273861,0.304668404589499,0.415784019930749,0.661325890063167,0.546164435524138,-0.442875358370753,0.570436610396539,0.372690361113684,0,0.429460564975257,0.572223227367053,0.341369762788546,0.57581884766031,0.303944465287862,-0.122492854106969,0.286136341209107,0.376433004662893,0.299054820370684,0.599682609050559,0.501530884166597,-0.34899630204702,-0.0706531576314752,-0.115078989580487,0.388340663142246,0.367167925805493,-0.0357275642526872,0.0431781269773295,-0.235197791252972,-0.127303112654559,0.0867779401943354,0.0357454281573045,-0.175649206635096,0.0345894143973346,-0.0717080818430749,-0.16633741629955,0.208890937684165,0.402543218429757,0.372812056355464,0.0650344853647644,-0.00275807394202944,-0.283309598139525,-0.243168425698156,-0.211674663548657,-0.211275573801423,-0.132297755828709,0.0344087592723848,-0.250050440231428,-0.161371521246532,-0.0532101693693188,0.346729514449539,0.278986836472765,0.359678547709673,0.54361654237925,0.556834462497803,0.536140218067295,0.52220954618269,0.0459843342295899,0.601757818270648,0.466371322619738,0.313571646354522,0.528886706535705,0.440858608035612,0.550199857358784,0.260528130870067,0.323246880236115,0.243311266682535,0.511209285465792,0.494601510099445,-0.371457874785478,-0.119815096066244,0.463927875446138,0.0383794006246689,-0.260158335826377,0.242866325326068,0.200372070759645,0.477564460518379,0.057578509789204,0.209928810763927,0.138296484583622,0.10670314496503,-0.372947563943522,-0.131688401290565,-0.0783996221610537,-0.222115764917643,-0.0403940966794783,-0.106684516054169,0.300206530123203,0.382933406823858,0.057766892670668,-0.0125158711461027
-0.395310040880533,-0.173527979681118,-0.00150142531941802,-0.144035902164281,-0.307431221091386,-0.0155993763601446,-0.0172285667561263,-0.11584531035655,-0.0194554579523875,-0.26085482630098,0.203224924272541,0.0227369548398595,0.214313010950803,0.455932881356329,0.409502805549129,-0.502203570849068,0.235606219891145,0.445910705243224,0.429460564975257,0,0.563988278444065,0.163547563786518,0.51419409238282,0.284285259506646,-0.261622836136481,0.189408963815627,0.433795945912369,0.201368181585945,0.560611631615093,0.411289240341203,-0.432310157840259,-0.248800428261718,-0.22978871936242,0.329530076134886,0.222263482527518,0.316780271319345,0.185036784714386,-0.307203668948637,-0.0502270029358036,-0.0549558033575081,0.247399164059566,-0.0488359324890176,-0.0408178628828694,0.0617110972493217,-0.0904341804078836,0.297152651532107,0.416406600167796,0.512778945540385,0.266596895860169,0.255650514403353,-0.448017012243536,-0.272693551429639,-0.39748957966595,-0.248633260682271,-0.0822903673029467,0.145227186576106,-0.299951809772688,-0.0457633136829758,-0.233833160683921,0.264437218060707,0.0926443838042003,0.24646180480048,0.491846997029676,0.454800314658859,0.400119708181775,0.429545854226767,-0.00326845556525571,0.301712394068874,0.430118576839985,0.469402784097155,0.674602481620808,0.262533946205663,0.497036033742197,0.152213325506834,0.155329308825341,0.0619273484240263,0.450731956569822,0.376702447350987,-0.372520918161714,-0.239159306048305,0.600891138035064,0.257803939174678,-0.203667467216618,0.159560541858746,0.30409276287172,0.411610700567162,0.101767813396345,0.210720114056988,0.553220151044575,0.354806176460274,-0.346085031205358,-0.131278139738189,0.0233340951749044,-0.220508373314292,-0.0135577802530511,0.0782148934814809,0.460803671815487,0.567079328800646,0.333092645789554,0.289770045140551
-0.471473987108838,-0.107105758872214,0.0381993005012584,0.0743779167735909,-0.253112205044522,-0.03619985125807,0.0382903337534377,-0.133623834196399,-0.23983306669073,-0.212886506931857,0.330309091673861,0.312338529981494,0.227776707544563,0.70836390602198,0.709034319932822,-0.468882193633385,0.336321207497191,0.449228031486398,0.572223227367053,0.563988278444065,0,0.110356905611275,0.791588253932613,0.317850185670387,-0.215671039239609,0.36124078185131,0.391494218946529,0.271048363147728,0.622198034565372,0.674414057715658,-0.498682378392109,-0.0162017485417309,-0.0277726553620117,0.290372094348995,0.137417015826344,-0.133594063679826,-0.170640866074557,-0.222205833909129,-0.203116544823487,0.0541406063986452,-0.136101268020583,-0.157863803912575,-0.0279963288822987,-0.19558818927527,-0.279825793762288,0.168291574367763,0.427980893059313,0.475730954168538,-0.0336379827681803,-0.202680595135771,-0.274422308316398,-0.253595044579758,-0.137088667244334,-0.138233272990341,-0.179914556438274,0.0974091503691856,-0.232173682684836,-0.216807886615395,-0.198413246844565,0.304447830732547,0.306496832342914,0.234652472339865,0.630449528791556,0.661393103565268,0.692464469891858,0.705803727780863,0.159877051846533,0.594412307086978,0.530835757644251,0.390400726998444,0.81640478728128,0.307864546263437,0.790454260442479,0.198860384488755,0.42090620690365,0.305869890943285,0.5574926750664,0.684455388900304,-0.504015441035153,0.00624300509749191,0.568889950286139,-0.19392358571647,-0.284868794466155,0.145265634857333,0.309711297035522,0.444273626678442,-0.179187472763241,0.0927869843140724,0.0574103687860967,-0.113688639843906,-0.348278776771068,-0.277770421585448,-0.0321223729754039,-0.37411151147236,-0.0651465072507999,-0.229394006902301,0.273516020933591,0.541531049707969,-0.0126966820746899,-0.179438660815321
