0,0.110268770088659,0.513849914628246,-0.259915791142095,-0.043228206044707,0.486343245210008,0.223331564040776,0.199904043293704,0.311420741752599,0.4253077431121,0.20717506063834,0.15080367644825,0.0399351557481931,-0.239900833299514,-0.307735913506122,0.31518271400117,0.0334920535446811,-0.201667258753308,-0.152073609234551,-0.250495709844035,-0.208407046550903,0.124375933383701,-0.190817132142043,-0.0970392568923987,0.380335970392109,0.110524942206182,-0.215403899252504,-0.232835665899662,-0.123327715082247,-0.163642230363028,0.239857552366672,0.108290248074521,-0.233386088883338,-0.259819283159802,-0.0703290006606249,-0.242620328716397,-0.337782245795664,0.508735652132792,-0.0117441911702345,0.233240527777847,-0.146320533758293,0.382242955444314,0.141131614730437,0.0550629907179312,0.0869043793323091,-0.142167719103841,-0.295133223751676,-0.0750946832395353,0.290332167743626,0.0382570180869705,0.635504126544208,0.471178932048913,0.0540305365895531,-0.269350815956343,0.469250512757953,0.443241147261174,0.337094220145484,0.18716722727791,0.341403041181403,0.0981193444875516,0.0435516407133429,0.00738724000977976,-0.108991759500351,-0.190002085358644,-0.300228429990594,-0.287915090156548,0.223613015232514,-0.0476222480209516,-0.13012206485619,-0.143899666836089,-0.239615805339399,0.00692582787458794,-0.220576030026665,0.190429344502135,-0.0592890249787369,0.259692846600448,-0.11749862550387,-0.191501445569661,0.103968275018872,0.0074635885504159,-0.33302223719464,-0.247948091110621,0.0114386940535227,-0.101890052787017,-0.183200325371159,-0.39747666934973,-0.275002262847339,-0.164892677162559,-0.226282220894079,-0.160881797744303,-0.0907731701092069,0.48483838818081,-0.0105710569543091,0.406496224852328,0.0826692016270863,0.0799532348815049,-0.0804276434938942,-0.100724738670965,0.301843974585239,-0.00987745049170755
0.110268770088659,0,0.291685781670925,0.578797472280943,0.624716127845832,0.0319311390873896,-0.0213869391203814,0.0520864196387961,-0.170781411274804,-0.234182466018568,-0.40488923672802,-0.436125698775423,-0.311163314073617,-0.293135222731117,-0.245031276171878,0.499531624326766,-0.363555538777882,-0.26331366334735,-0.341227759751998,-0.377185105210212,-0.273141206890365,-0.362222100779241,-0.272775327839811,-0.404390292063088,-0.0880656852498103,-0.435402748640966,-0.416045792646472,-0.325409722300748,-0.35202970427243,-0.335672364926199,0.0938340031403438,0.148632189877536,0.292566378153958,-0.347590987155702,-0.333049206939308,-0.222612477580792,-0.119602448536957,0.310479562477122,0.0498151433095652,-0.255385853792265,-0.415368279771643,-0.382789227612272,-0.343328366463896,-0.220308500894343,-0.234730915549427,-0.419263710746877,-0.279939050148749,-0.397971285718968,-0.124067716135302,-0.315692568397061,0.31283383064087,0.506915932161929,0.533107627936562,0.562716092419723,0.199144815603241,-0.190641383964586,0.0797902703839147,0.0233396922212979,-0.327050672999619,-0.393817303417767,-0.486834013346359,-0.321005068494278,-0.29603993449394,-0.244824761250338,-0.21638902485089,-0.222648804645113,-0.2912547811099,-0.334632044568442,-0.289148535000449,-0.349473560172324,-0.281395591654585,-0.394141181571498,-0.254051746070407,-0.374602362634006,-0.353095752523785,-0.44212508263483,-0.295425441739512,-0.350695195005207,0.227575873666806,0.0822383587645827,-0.208396075402916,-0.292128256716233,-0.0414054797415664,-0.316207967580871,-0.463226424813368,-0.30980003052608,-0.159683224140822,-0.258039623513706,-0.347821033852285,-0.35791660374874,0.305795074473842,0.176816233115104,-0.126224478000936,-0.212190713657344,-0.344484470684041,-0.115799918917239,-0.398593187620121,-0.396457178774856,-0.347437128715158,-0.37476892683597
0.513849914628246,0.291685781670925,0,-0.29060661427231,0.151686273389256,0.64081852396996,0.355626274853202,0.282376992823744,0.357965163536462,0.249317995974756,0.120696848236717,0.0567680484314206,0.00549725970992913,-0.35288806814985,-0.413812890199594,0.24507889198225,0.0201374685960643,-0.241229011178583,-0.218464499680211,-0.31665248951403,-0.302100908679457,0.142467032011551,-0.264174443052713,-0.152491565422243,0.199684646067206,0.0374885363867757,-0.147093486568055,-0.211565723315232,-0.174061644646082,-0.336940721109182,0.120604681864935,-0.170151438802439,-0.425619236946244,-0.269665353983986,-0.009953980200296,-0.225371441356982,-0.340529045548174,0.401840076849019,-0.191060734597148,0.228857828510136,-0.220950865437738,0.244293935820861,0.150178550417989,-0.0428592878832235,0.212640485514342,-0.136386185214124,-0.329013713886276,-0.123362476691353,0.341983919637133,-0.0355254353633531,0.360199929997563,0.691356064049728,0.127088821825168,-0.298443900428687,0.584966323991877,0.615220497543335,0.478520914345157,0.353674108387336,0.260326379807294,0.145378201643733,0.00704607937141536,-0.0146751821782556,-0.222440900673784,-0.166883406016343,-0.308330361285056,-0.356125702819316,0.310360198919057,-0.0464135932377992,-0.165512937481877,-0.0935589458927094,-0.33291654826128,0.0499800189718642,-0.255749502264537,0.226944063288251,0.00261428200276836,0.217949742175007,-0.170944311350289,-0.356077063950347,0.100365209997084,-0.22537697504208,-0.295001055968908,-0.191127267327303,0.0838052026802965,-0.031796760186632,-0.148569866212456,-0.474704983308977,-0.370359663794672,-0.211266843506347,-0.211780101446429,-0.0455581186018596,-0.112576556180676,0.604746097073868,-0.125888369493931,0.279851428398229,0.0943604189617689,0.0336774628220182,-0.04155032396203,-0.152695304216811,0.217027865993713,-0.0549778452008088
-0.259915791142095,0.578797472280943,-0.29060661427231,0,0.710212593566543,-0.502909332493604,-0.326264932801034,-0.261619618093705,-0.542984597651294,-0.610240667096408,-0.679486552817708,-0.64283394251248,-0.490880392899076,-0.0665573581842761,0.0807768897322081,0.329521184130513,-0.533371023684246,-0.0904989553103454,-0.280793148120283,-0.104136112258228,-0.0532955305910663,-0.682277908040888,-0.111940754039697,-0.45413263020701,-0.433563598589948,-0.603556143898144,-0.373735107377596,-0.276449799096897,-0.318920192125998,-0.111823675830164,-0.00971017106449136,0.327079832928229,0.677273281132129,-0.197335273018458,-0.503200335969045,0.0357159346546309,0.197238763870677,-0.0753629622934743,-0.030099116993375,-0.616809533528461,-0.29989588097668,-0.685391469392576,-0.622195693333453,-0.200073432296375,-0.461178558215399,-0.366248742100141,-0.100544281158041,-0.351061488054484,-0.399054627320985,-0.347267004779431,0.114547518965661,-0.109573052229773,0.530587267108759,0.861309920201664,-0.352835609420065,-0.673212828176354,-0.41084330175349,-0.357907112069494,-0.693676566753972,-0.626100097832433,-0.593431868560911,-0.471735897359009,-0.243877436075451,-0.170427093556876,0.0398440850629552,0.0606255502742108,-0.640553872136514,-0.416322312111482,-0.253590722368833,-0.329443606096106,-0.035642742102235,-0.5922869588798,-0.0901423498275725,-0.663043160739038,-0.517060908336957,-0.715591618729421,-0.285844319726438,-0.166804941565641,0.211824278393387,0.351627311218967,-0.128125906312271,-0.214507262381944,-0.124873485948232,-0.454598887167381,-0.433315018943596,-0.0123291624622632,0.127839729240936,-0.243728869528461,-0.182944169455658,-0.460817019818649,0.479236116597081,-0.315095468729563,-0.247500017007777,-0.530502439965615,-0.59347797550707,-0.16489855986228,-0.423657775251,-0.323793068666839,-0.565263577331559,-0.378977397151397
-0.043228206044707,0.624716127845832,0.151686273389256,0.710212593566543,0,-0.129043549820544,-0.161899984830254,-0.0467048916375064,-0.2985277919597,-0.480318128501652,-0.608589010324012,-0.612230451160413,-0.469078970934534,-0.308541886019688,-0.231807363195615,0.373429161956151,-0.44554980251829,-0.1762672633352,-0.392618343382288,-0.210332273502586,-0.256736149070025,-0.492511981892451,-0.275943324641646,-0.496081663799522,-0.382876742368378,-0.582015017120123,-0.362484881658165,-0.318908465546066,-0.347412314198161,-0.323834126375305,0.012264735748326,0.0580312463408099,0.340775785086301,-0.281339701824116,-0.413729108709356,-0.0679815987591249,0.141044412495134,0.00836054180832457,-0.1035744571063,-0.451195713953733,-0.349205454786864,-0.569411916795832,-0.500990336898693,-0.219879616359397,-0.269791517976626,-0.38850507645484,-0.264365826303556,-0.348047725854321,-0.162067588524395,-0.245780909084234,0.1315094042056,0.0914969314639499,0.469756835787096,0.662417229943175,0.0706028218691481,-0.375743615497708,-0.169380370167752,-0.0916918395209706,-0.532212035362685,-0.533480956508763,-0.577322922991392,-0.45048472482028,-0.379970289911892,-0.312285438214828,-0.210868387479855,-0.219291552634741,-0.446390761288605,-0.395097802196116,-0.30328995827323,-0.291865860653842,-0.235207202781326,-0.485514285893271,-0.209008091129083,-0.542885146939267,-0.45953231296432,-0.614387492701783,-0.370854037791117,-0.370403205016272,0.187219376227721,0.0303431156994445,-0.255100381673379,-0.216215142237011,-0.0824709633695269,-0.368006187961053,-0.39795087863454,-0.244974039480271,-0.0319794154399688,-0.324463491299914,-0.253434663852648,-0.397913023083593,0.306395073703124,-0.0605285999918562,-0.322318911721941,-0.395319054265978,-0.516356966228545,-0.14860385208154,-0.401861644168772,-0.336221634818046,-0.372760944503586,-0.31711332568917
0.486343245210008,0.0319311390873896,0.64081852396996,-0.502909332493604,-0.129043549820544,0,0.552057046430256,0.563648172611495,0.712878398173808,0.59536715903134,0.482730774363699,0.353613829213041,0.365772938792547,-0.148229595419104,-0.301890868725706,0.0195333475456526,0.304877757918487,-0.0421392376780006,-0.000158533942059813,-0.101534961477854,-0.158797220336612,0.462575306972203,-0.145973577343244,0.201250243116556,0.486774252973073,0.336091425458598,0.025237256237983,0.0387726479293477,0.129686716925432,-0.153956885297865,-0.0528563336255544,-0.216595129600954,-0.546070308307495,-0.051307050088191,0.22499290901725,-0.0952121923250402,-0.295861205630176,0.260225001184968,0.0780362593256133,0.62039417966307,0.00244330299526157,0.505831820874776,0.372091059737883,0.0190519968726408,0.234113621068035,0.011887401887118,-0.188050945223078,-0.000102032228264343,0.547371173813265,0.214795383231504,0.197418019903988,0.529973539669705,-0.163724351035924,-0.42495227173436,0.82971711280604,0.832369401819326,0.660301426279864,0.608973715256089,0.614556550951967,0.402444391465135,0.224787011170876,0.308969171699565,0.0237923393316122,-0.0429244531414253,-0.244235138735249,-0.27067600898755,0.586766611258246,0.1747034192494,0.0755578167052154,0.137300261763875,-0.182172311362986,0.3416388863491,-0.178084707096373,0.511245564056463,0.297741277927241,0.468856539413122,0.145247396692205,-0.106338769088532,-0.16449660069286,-0.302277690313026,-0.0525603065718393,-0.000413933673079662,0.0368918125741748,0.197718695695025,0.0811020866800715,-0.324633194642702,-0.230746600466275,0.0371533582304793,0.0408716593950676,0.230918068593185,-0.387142025315806,0.497470694880452,0.175411545010922,0.490971452110886,0.380721019675964,0.0312241144544428,0.127382676418027,0.0230154498831121,0.577567528810003,0.194912101586841
0.223331564040776,-0.0213869391203814,0.355626274853202,-0.326264932801034,-0.161899984830254,0.552057046430256,0,0.470858648752721,0.548738185195203,0.39605955162456,0.29063037621991,0.198555354832734,0.18300357457257,-0.175297755209193,-0.272743055166713,0.0282615188008427,0.130425856419223,-0.0874848639369332,-0.106491325931263,-0.0456819030978876,-0.150237893335469,0.235488499710927,-0.151504166680631,0.0985104256232529,0.240519666770752,0.144292201749568,-0.0723469354082351,-0.0703450599527035,0.0738986528378726,-0.148343428436066,-0.0946138023977241,-0.281479805617772,-0.476235254205574,-0.0995604651563336,0.111266487705156,-0.0911731026148912,-0.204835013354236,0.0765291873736662,0.105887209506598,0.62985273842777,0.031849754674393,0.283525884422693,0.334312704110376,-0.0373770528185746,0.182317164816987,-0.0386353729812314,-0.164073770996179,-0.0515650026632069,0.363317691297046,0.184705724791556,0.0110581509395217,0.268649187706095,-0.0329222891491906,-0.24292536748572,0.418626548938219,0.549623204000376,0.603808835080702,0.471784945289929,0.398548701079678,0.211462189477262,0.0875967421899977,0.122259312115119,-0.0670055407882712,-0.0851241162424167,-0.246889301928762,-0.242873039145942,0.563012065290394,-0.0166510621501338,-0.0297116090805647,0.0109763114014526,-0.185503175619589,0.18899986170028,-0.153174977350295,0.540123739848535,0.119435816996405,0.284472366064329,0.0278340536664183,-0.158065686934963,-0.145262705089571,-0.336332603552083,-0.0592804442368386,0.039141360377304,0.0115342039063498,0.0441404628607606,0.00197540789222255,-0.238859644084119,-0.162177239437238,-0.109986423172444,0.0843284684287405,0.328281970681278,-0.255643782400706,0.309044411736361,0.346473478035187,0.285567715524331,0.279682965354569,-0.0047679254330365,0.0779478141271188,0.00502762737987413,0.392271551017948,0.230441464822717
0.199904043293704,0.0520864196387961,0.282376992823744,-0.261619618093705,-0.0467048916375064,0.563648172611495,0.470858648752721,0,0.735495459522998,0.396369788149943,0.428964457402073,0.34428268611046,0.349538300191732,-0.0299848802774691,-0.155845576328859,-0.16956510984159,0.346631465812356,0.264470795687214,0.0900279566887997,0.134034899607013,-0.00660585080906326,0.339405045788915,-0.0394252225549886,0.275259913098962,0.291418326907048,0.334101554756482,0.183562920375346,0.17861908143818,0.247472698516677,-0.0675084220974121,-0.165206597564512,-0.184047362644647,-0.438473880700343,0.107393062477873,0.199945902645943,0.179193715223626,0.0364378475459496,-0.0649122359129166,0.0662955473774693,0.512864804024586,0.130140966074745,0.235362514642796,0.234359466486081,0.114816029976225,0.259011226837566,0.0933090460430832,-0.0816290904771712,-0.00272646574370147,0.513876384182755,0.3484795278426,-0.0437596513756989,0.233907263313213,-0.229777600345627,-0.156023335105451,0.56366872903021,0.519751274354565,0.718495149810764,0.78499742246967,0.433996294254776,0.387554680224989,0.257746314946463,0.290722048390746,0.077379393265068,-0.0293707025708863,-0.0888836858890672,-0.156163253156223,0.456324111013424,0.219660132411756,0.207405019688209,0.360034520722495,-0.000670115119719106,0.308750356878203,-0.0263546498978277,0.357131114629412,0.344373355828373,0.331466708815761,0.221818469388499,0.00591524575624974,-0.314662054896912,-0.250501861088514,0.0965872131795158,0.182826495152379,-0.0211381138204608,0.209259400559268,0.218836306720093,-0.175589274802462,0.042161854831144,0.149809704536794,0.325900102064194,0.342386126082161,-0.351218616507961,0.181429139127556,0.208809602403029,0.242044593169089,0.248706368825552,0.0743362287211395,0.152472612471667,0.120445460903256,0.575739881857197,0.345327298533269
0.311420741752599,-0.170781411274804,0.357965163536462,-0.542984597651294,-0.2985277919597,0.712878398173808,0.548738185195203,0.735495459522998,0,0.571628246615723,0.605112201582057,0.486808554060043,0.458326564047182,-0.0183031020501722,-0.17989198308562,-0.204521090744835,0.475990274635816,0.200582671768721,0.151093782995847,0.18021968928602,0.00170590514389035,0.529742133319543,-0.019713528632339,0.367987368606518,0.347070765570245,0.458485888095182,0.24358090974004,0.182618636946582,0.327772067337554,-0.0394135518021274,-0.143814744155888,-0.276428844621551,-0.569237083856795,0.172833306687512,0.338043707775074,0.183240790697927,-0.0500836734797293,0.0564855437435317,0.0556214066342622,0.702640159371749,0.253846597053949,0.439567709834786,0.40076268306834,0.0807768175171592,0.339974274173192,0.186766059549373,-0.0266589540968375,0.13596199460842,0.606056611595825,0.464054417700537,-0.0339653637533618,0.240367912475265,-0.327395277483104,-0.424991625217867,0.612908619235962,0.744158409712833,0.71087086595264,0.811539582260881,0.619742278721832,0.516689413067883,0.381982098488576,0.395551294303745,0.119176279037206,0.0208496769529074,-0.140629535245034,-0.17398352449211,0.705327120139903,0.311526857918916,0.227557613535607,0.395922684080485,-0.0175675368564077,0.457247901077796,-0.0385327280580125,0.598810496552309,0.437884679571431,0.487126560520405,0.298773472453492,0.0243860070901284,-0.368732774278117,-0.327860811887802,0.116475801260773,0.269151516967268,-0.00583792280858857,0.347528766144267,0.299987334273632,-0.175027900414519,0.00438626011914111,0.151595467951498,0.375455364501528,0.486360867198622,-0.426731030364352,0.288125068568645,0.241446923333188,0.370510852244131,0.402059820504957,0.032874712637933,0.291547560804265,0.209228953935703,0.714059435872045,0.459131613369794
0.4253077431121,-0.234182466018568,0.249317995974756,-0.610240667096408,-0.480318128501652,0.59536715903134,0.39605955162456,0.396369788149943,0.571628246615723,0,0.672331451005667,0.62065522218329,0.471616954500853,0.00163388206097703,-0.153864812302254,-0.0337756571490394,0.414626450652672,-0.0965614294564076,0.123326964723575,-0.121638746134186,-0.0209516658796783,0.547392510634622,-0.0467704295676523,0.370777243873931,0.728089436146738,0.54505278417855,0.105610468449651,0.15925891011142,0.22741217981064,0.00478986086819118,0.0085838689445766,-0.117264882499542,-0.457696880190335,-0.0416443539694981,0.317364858866016,-0.234786147562622,-0.222043699034178,0.295651036916791,0.148213252361916,0.649652700996513,-0.0117149124125482,0.714089044896812,0.562281128336051,0.159781324684692,0.286589590710297,0.109814651222429,-0.139654221176748,0.0457871487394849,0.222882771780568,0.078471284508067,0.175961690915141,0.289865854215472,-0.241515478441506,-0.536586887791241,0.519484128483912,0.65164591278386,0.55107764831091,0.356043688458346,0.896007518269767,0.461698806858747,0.447398538497184,0.40624915231665,0.159873695658647,0.0204869186581696,-0.168235553940917,-0.16936999632151,0.591936673859631,0.231385203686531,0.105280561257937,0.0971122882155332,-0.0906014496373682,0.429908603010595,-0.100650497798531,0.65563367054119,0.399344384243338,0.718055824580456,0.221950994378542,0.101792369204263,-0.0770023045590566,-0.179501626042816,0.059394511821811,-0.0232366691680002,0.212515254285077,0.3009349022943,0.208119160343438,-0.141823225374322,-0.121023582222849,0.243188809798365,-0.0198541639082833,0.226930203632652,-0.307343662665365,0.380371431312966,0.416722450849927,0.616471688603492,0.625096974242178,0.111243300987761,0.225560061160865,0.0976206348500285,0.414135317539376,0.103938862136508
0.20717506063834,-0.40488923672802,0.120696848236717,-0.679486552817708,-0.608589010324012,0.482730774363699,0.29063037621991,0.428964457402073,0.605112201582057,0.672331451005667,0,0.859048686696104,0.727024748860448,0.304817709326235,0.15052989485301,-0.373279302306465,0.662507251971479,0.261447901482859,0.417614147013753,0.179154419896722,0.261535584561835,0.735791631652317,0.286112467573026,0.680652074960635,0.488077223855055,0.811212338923479,0.382606616945466,0.423398696574369,0.444327602382592,0.293181818120493,-0.106264381441687,-0.103409667789835,-0.503898244864125,0.268480179218831,0.555296179759693,0.0756213289709034,-0.131799637900187,-0.0243452965125154,0.0194469664076766,0.618403488459133,0.294650587045616,0.621238587045916,0.572829684236281,0.261274377012436,0.345852702441363,0.3654340828788,0.144614882061906,0.315838623359084,0.487371649179201,0.396163422039694,-0.0633935514186396,0.134495603306355,-0.468388906537783,-0.624061584969214,0.362944983776349,0.611681468042352,0.439722893315131,0.448258278681547,0.74058345679463,0.849747397155213,0.786964867483974,0.652866842881968,0.418448094885442,0.345858143824863,0.161653111526736,0.155430035776299,0.563294635575045,0.546390938158313,0.384830357677097,0.391568846710823,0.224513397756593,0.694854760206584,0.252732793570721,0.652647659087276,0.700588364086886,0.791866314156985,0.480683381978032,0.404503706827137,-0.3917526808991,-0.113329243126789,0.276668027760352,0.128356267119494,0.0202730446218369,0.520893749781342,0.458787598694591,0.0588683988259637,0.00561260127544116,0.392888636756189,0.30564319633796,0.495186701670602,-0.449812545862469,0.208798881350316,0.325417508978309,0.442291615262363,0.591035042878812,0.152614749221018,0.456745120301922,0.351194030751305,0.64015607001939,0.464389981388523
0.15080367644825,-0.436125698775423,0.0567680484314206,-0.64283394251248,-0.612230451160413,0.353613829213041,0.198555354832734,0.34428268611046,0.486808554060043,0.62065522218329,0.859048686696104,0,0.688901941899071,0.371442196476431,0.23658568800347,-0.454657941292295,0.664836742150246,0.298845332555637,0.462084302356078,0.213400547545653,0.3419293913921,0.716125286167415,0.353294328739661,0.750535751797521,0.490921917245231,0.881926595622734,0.444047610343284,0.477790795502665,0.488306989137525,0.358322332389205,-0.197934218933017,-0.111316566438559,-0.483407699393849,0.311041422024493,0.569667834869599,0.098153953064349,-0.0291348926164757,-0.136811169289139,-0.0209776405111337,0.547492756559846,0.291375871347608,0.589306445802806,0.590943999954892,0.312597165318845,0.341025695891388,0.352382316858348,0.167081278135901,0.328615539701824,0.395690089839148,0.288662119930445,-0.181442334832,0.0821884742179287,-0.495172538298158,-0.601728761136954,0.274263370450606,0.531938688819955,0.332205833107198,0.346116718189767,0.681860334023267,0.804534042399574,0.873280249676463,0.609589289901159,0.457642067854111,0.369589591933109,0.237766013550746,0.218849940510686,0.494020602145425,0.548598072728611,0.421789490319665,0.395122512675426,0.298531708364436,0.686923028038156,0.310908413942229,0.604213101805211,0.723982843002434,0.849436728165875,0.500256548816052,0.478555356347308,-0.458931214358712,-0.12455405505998,0.346483937839934,0.0795166847831059,0.0349126811221267,0.554446952846636,0.48515825851401,0.118656523877111,0.0931025269621405,0.402914304219942,0.280110681235358,0.420856542692792,-0.459078453619278,0.0624664933815171,0.281776362581046,0.333753086265689,0.615424238002336,0.155414984708923,0.421266845986876,0.340276057771515,0.557489615979248,0.33184913521697
0.0399351557481931,-0.311163314073617,0.00549725970992913,-0.490880392899076,-0.469078970934534,0.365772938792547,0.18300357457257,0.349538300191732,0.458326564047182,0.471616954500853,0.727024748860448,0.688901941899071,0,0.603836481140578,0.410928675697904,-0.425982558094126,0.813078716091584,0.491967679584122,0.698533727473263,0.42773747540387,0.492187007057968,0.748356512695508,0.541187032838436,0.743261189006644,0.259943150217608,0.625810767147723,0.589398915444005,0.479665676844657,0.669724144793548,0.515591898383713,-0.14275130141553,-0.06818493899232,-0.341966838399354,0.510528933402893,0.656141728430682,0.0605901209745949,-0.0463620537937425,-0.17814824550225,-0.0115852367424231,0.437308208555219,0.409750607130974,0.438197932962955,0.409695192140531,0.119261708484669,0.236392084111751,0.517788519836501,0.39925894038867,0.453586764712402,0.375879590131611,0.426990214088026,-0.180371452461121,0.0877613237162611,-0.359643986167565,-0.369002778204574,0.316793005735552,0.468837136193076,0.3489988532919,0.431622006621894,0.52037774267958,0.749604128963028,0.669467686777179,0.901052474959945,0.706783912815976,0.598433710273054,0.418547166708028,0.425089540173598,0.313266240824872,0.754800098064973,0.668489777566909,0.600593827869542,0.497439371276981,0.768733267836825,0.488767595954904,0.380166460567441,0.762336281798307,0.54788654837048,0.726097099408685,0.580019289894698,-0.374555503278194,-0.0865347398513618,0.38226712168163,0.298568819212778,-0.145367301793514,0.570270011954974,0.619634263377715,0.318331348919703,0.139780137034875,0.318766330265676,0.41967354946744,0.467460400827741,-0.468066948024941,0.0954773240609848,0.222913370429539,0.25966137417739,0.369061799490821,0.0854339496512422,0.577633034075583,0.494828957896832,0.522974702142342,0.430246369424517
-0.239900833299514,-0.293135222731117,-0.35288806814985,-0.0665573581842761,-0.308541886019688,-0.148229595419104,-0.175297755209193,-0.0299848802774691,-0.0183031020501722,0.00163388206097703,0.304817709326235,0.371442196476431,0.603836481140578,0,0.86544653567027,-0.483350293320199,0.627130436408031,0.623528650385438,0.855534921325958,0.602629188956033,0.825673608643382,0.370767142221713,0.858227351107802,0.558110145127409,-0.083935718107869,0.331798873133317,0.548721017619269,0.4119839142423,0.683139510511712,0.79833293793699,-0.123948525700718,0.228103060024144,0.142123405733136,0.607770309223519,0.391372900355425,0.176465585910434,0.122086993720938,-0.363657339268391,-0.0718088888186936,0.0064558212881745,0.400277371187029,0.0236090204614008,0.0412948199520165,0.106953490986972,-0.0287966649520647,0.548143233821846,0.674789483319681,0.491252765892152,0.0225934211114788,0.225700180197519,-0.277492040845351,-0.271293029178412,-0.262873415073975,-0.0584198993276245,-0.129119041187806,-0.0356805765283794,-0.171051213062746,-0.0148764238308139,0.00622686315730177,0.428527586983864,0.48560597651283,0.624332254721051,0.842937191212965,0.815002374428608,0.84520977640758,0.851317095673431,-0.15052279794712,0.737019913732204,0.745710911916206,0.539323335917854,0.846394826246164,0.494452536350352,0.806108589154473,-0.0302391296204538,0.519691424464256,0.175679615850241,0.765622984412175,0.780693888021084,-0.289634302662137,0.261272640601555,0.469524287023284,0.237822205295549,-0.324699824947254,0.30708255449153,0.57709574793489,0.66608193583405,0.327571583041527,0.238033098538196,0.363977484703634,0.191847953185107,-0.203533516245544,-0.325043852543769,0.0110537602098958,-0.0911825565469238,0.00676623065129427,-0.0106064501024908,0.502853493937766,0.53256065889685,0.157347072547468,0.198506087405207
-0.307735913506122,-0.245031276171878,-0.413812890199594,0.0807768897322081,-0.231807363195615,-0.301890868725706,-0.272743055166713,-0.155845576328859,-0.17989198308562,-0.153864812302254,0.15052989485301,0.23658568800347,0.410928675697904,0.86544653567027,0,-0.471447183176347,0.444059061825936,0.623870767327209,0.749157195471205,0.6325930379734,0.874197629052103,0.14197451115902,0.846243226986319,0.427682872481023,-0.170828499958188,0.239969710192063,0.410052888244661,0.367176728482001,0.578208924442021,0.839439350304552,-0.0983029657436168,0.296873750400359,0.287804651319507,0.536820032627606,0.203059721719406,0.193490791653388,0.13566639287418,-0.393758484212666,-0.146231062206481,-0.181529124945234,0.312086971607829,-0.130465196652561,-0.104009477540531,0.084114519947183,-0.156271332305705,0.474191460931112,0.623883608593173,0.459364957440688,-0.0885449557430297,0.123734143583022,-0.255566786198083,-0.331599664856957,-0.195445838699368,0.0432550600093567,-0.271691892009073,-0.183927615839241,-0.29010112525685,-0.156055258739136,-0.137943095320386,0.278912856135513,0.391237636813419,0.460428023441636,0.72080628759007,0.764944433077672,0.900697072267626,0.940126389209306,-0.305571935796009,0.604206029258869,0.636906140150735,0.462583955577698,0.882174055547338,0.321323583959634,0.816780923666754,-0.173917280036989,0.385767507619111,0.06091860425099,0.667147572742909,0.804390375748518,-0.237033129863148,0.37253727784596,0.382507282504593,0.137164140680604,-0.348966570175362,0.185440625797744,0.456303546537877,0.682825540194121,0.36232411620495,0.231279340907718,0.34346476671913,0.0368302125687167,-0.105378179106254,-0.42403638984857,-0.0765123803714212,-0.226876708607302,-0.110447048044848,-0.00452082665046943,0.409664613614603,0.490817175617948,0.0210621281086135,0.121173965463103
0.31518271400117,0.499531624326766,0.24507889198225,0.329521184130513,0.373429161956151,0.0195333475456526,0.0282615188008427,-0.16956510984159,-0.204521090744835,-0.0337756571490394,-0.373279302306465,-0.454657941292295,-0.425982558094126,-0.483350293320199,-0.471447183176347,0,-0.449064472924262,-0.497066546691917,-0.510443702831639,-0.580292832218362,-0.50103931749631,-0.366408184664244,-0.482594838943627,-0.445667979768805,0.0845469605331844,-0.452413196150846,-0.545672744748416,-0.411652077735205,-0.526516779734031,-0.491493701654523,0.238069903239636,0.210192560208444,0.24988489249926,-0.507978061053343,-0.402890233975808,-0.326324175073262,-0.324711487859498,0.582984486088439,0.0331212448702552,-0.205176290939158,-0.451296965630739,-0.132715929463625,-0.229894029270341,-0.233535803318994,-0.295716970981369,-0.510908928099106,-0.439909291141576,-0.441486068643592,-0.265882334463713,-0.399803810376451,0.605724478038751,0.385238088411839,0.645451644557606,0.274799159674876,0.064516317114003,-0.0931653099225101,0.00412033025194766,-0.193228526629012,-0.138449300302366,-0.413772237204859,-0.532489185264634,-0.41672265403305,-0.440532239177815,-0.408632786390182,-0.451852439711147,-0.458171124909663,-0.177386698658031,-0.478797513215283,-0.529928982626789,-0.576295889468713,-0.532262102517366,-0.494120978651786,-0.504157109615711,-0.167599579507468,-0.411314681671735,-0.299449238706722,-0.483692010298484,-0.505127711016702,0.421311080674086,0.170429036708114,-0.32203875269996,-0.403773038747477,0.0673349975381392,-0.3786464490377,-0.563264892303397,-0.453328587802521,-0.379308266093328,-0.325376632786613,-0.490024866096471,-0.370763835018393,0.368732221165274,0.34858790547636,-0.0181593157418561,0.0358386411290337,-0.218657309834885,-0.155258642250337,-0.463746836587129,-0.497823165951963,-0.424421807886907,-0.436558020714014
0.0334920535446811,-0.363555538777882,0.0201374685960643,-0.533371023684246,-0.44554980251829,0.304877757918487,0.130425856419223,0.346631465812356,0.475990274635816,0.414626450652672,0.662507251971479,0.664836742150246,0.813078716091584,0.627130436408031,0.444059061825936,-0.449064472924262,0,0.59601362846359,0.797475065531885,0.536608218436761,0.589171522566388,0.791585763269352,0.617405605312754,0.762423919518286,0.204413203873391,0.610808018697781,0.675408595837622,0.567171286528179,0.7704895894331,0.549056722233858,-0.170655549248689,-0.0822009318987315,-0.366046297019169,0.636470419177847,0.655845780826033,0.0720017447837862,0.0110431077988532,-0.245673099095953,-0.0662941055225471,0.410719144188229,0.468311368655553,0.377842191383934,0.3940956680985,0.139774237066335,0.281145733637587,0.624629904632218,0.434599659289445,0.54472831628122,0.383504255689691,0.427678233488536,-0.24376729419923,0.00518598627517865,-0.436297337245309,-0.418623714820074,0.28849970948124,0.445539605964245,0.295452153506218,0.412731917499037,0.466045072708315,0.719836466039744,0.703377879853179,0.791288779099837,0.710848404735478,0.605235999858819,0.465128179407376,0.438883551304167,0.325781198038736,0.843624335198252,0.758801096107269,0.695986968582964,0.592879626623777,0.800956437542761,0.578046070548346,0.353883941110918,0.80992459360241,0.542928417724212,0.761912341611901,0.618177793837783,-0.419919247888881,-0.102475719740147,0.459604161952077,0.338655287327731,-0.189635416593321,0.615599388928161,0.724634488585063,0.359050040658535,0.161585759011681,0.366094091582802,0.440211118404809,0.484773207961821,-0.48184704147352,0.0252597063497674,0.129548196533723,0.215025478386484,0.35035544501602,0.0530502473238366,0.670207270168239,0.598498578474857,0.529936964546812,0.410627518517324
-0.201667258753308,-0.26331366334735,-0.241229011178583,-0.0904989553103454,-0.1762672633352,-0.0421392376780006,-0.0874848639369332,0.264470795687214,0.200582671768721,-0.0965614294564076,0.261447901482859,0.298845332555637,0.491967679584122,0.623528650385438,0.623870767327209,-0.497066546691917,0.59601362846359,0,0.682378388586237,0.827222916892962,0.702390545415304,0.365849435390924,0.640988898544971,0.575946343357321,-0.143001517268772,0.339251125768771,0.574940846068303,0.54092117872424,0.668850967925319,0.578738112362151,-0.184344379419445,0.0291248548161507,-0.0266117956537646,0.759921069518337,0.412941362564364,0.42548258536941,0.300518277510986,-0.489803452388694,-0.107873062852537,0.0359194084344071,0.582876345593957,-0.0518127548413161,0.0599368632075792,0.0593186517418753,0.0523698067346814,0.537052258410319,0.537618877682338,0.543344921188056,0.290561243130612,0.440319170343369,-0.347314377936838,-0.281278601351338,-0.338127702553482,-0.00845370992717924,-0.0247893722210177,0.0245412732748448,0.0432582543133468,0.272447813882573,0.00210097426090893,0.374707090528119,0.411390715356922,0.462594842911775,0.539853693893601,0.506826649637285,0.650333908604022,0.585647990790787,0.0327180216131575,0.634197581512428,0.712619016888985,0.800013252165493,0.782800989032004,0.462016033950109,0.6074796709915,-0.0406061800611614,0.565022899240401,0.141347264504216,0.688038415155704,0.634892144256984,-0.403498358804873,0.0505385301948882,0.459040628211336,0.370418199397693,-0.349518564474589,0.428417738527297,0.599492019330449,0.456164426511516,0.402692815093305,0.290678120262839,0.647683318697956,0.31766713278828,-0.310986832611586,-0.358816791480564,-0.116879998341486,-0.180226091844609,-0.00802107895562532,-0.0296230250505549,0.492194979721397,0.565208729229135,0.384053667105603,0.421115889011258
-0.152073609234551,-0.341227759751998,-0.218464499680211,-0.280793148120283,-0.392618343382288,-0.000158533942059813,-0.106491325931263,0.0900279566887997,0.151093782995847,0.123326964723575,0.417614147013753,0.462084302356078,0.698533727473263,0.855534921325958,0.749157195471205,-0.510443702831639,0.797475065531885,0.682378388586237,0,0.649990594972202,0.810892942459596,0.55810738932081,0.812836634457322,0.64433410216822,-0.0137485918915742,0.423945952754911,0.639871720507937,0.466362341399979,0.774591794684419,0.744139254059369,-0.0914416067724648,0.110348014442915,-0.0399511053727787,0.702526938080447,0.53174641416123,0.124883430001449,0.0792177205864424,-0.316501962531727,-0.10592422824013,0.13138820540089,0.494831874871295,0.158670118758394,0.171395315968255,0.102971849216663,0.117549222917129,0.625730364235791,0.652710704428451,0.580486984799109,0.134589373488657,0.336431216298338,-0.278322931226111,-0.163046529874059,-0.327668095894499,-0.236644663397831,0.0184201755950228,0.144303365561877,-0.0157808460996389,0.130907800903436,0.161144973280871,0.5277545689147,0.572223166347484,0.733526500594234,0.849451165327052,0.785313296829562,0.763207045141657,0.736020541400076,-0.00288533479724277,0.880099062514604,0.842983965510779,0.663265331108971,0.826959899221079,0.65964190620864,0.771944171384744,0.0869551293615426,0.650890100357583,0.309813888693004,0.824669614212742,0.750422940477764,-0.312804221667037,0.13999822772206,0.469244180619396,0.320156945062957,-0.287847726219531,0.463944543978895,0.691561899466466,0.648102301661045,0.307513539079328,0.287925594258915,0.416017166503784,0.318412836907697,-0.325495080756634,-0.198884144486194,0.0254299610208019,0.0237907796272394,0.130838642932429,0.0340161609206687,0.610256928377849,0.612671450391082,0.287118170019767,0.312842749288507
-0.250495709844035,-0.377185105210212,-0.31665248951403,-0.104136112258228,-0.210332273502586,-0.101534961477854,-0.0456819030978876,0.134034899607013,0.18021968928602,-0.121638746134186,0.179154419896722,0.213400547545653,0.42773747540387,0.602629188956033,0.6325930379734,-0.580292832218362,0.536608218436761,0.827222916892962,0.649990594972202,0,0.731119646185597,0.254412815740724,0.628796886552531,0.447014224433001,-0.244559615987245,0.231590301166817,0.615550454265412,0.495556055990583,0.675544692485656,0.619331176587023,-0.208024252528039,-0.049770664177085,-0.0206734834376149,0.717792259999802,0.325368007805592,0.438658431772442,0.358158443905529,-0.529651204893145,-0.0821449647521043,0.0501815695071848,0.638754000239478,-0.0542260634933249,0.0328601607301954,0.100911951305895,0.114430046594157,0.630546958146675,0.592079643280029,0.608471941656307,0.274397865705225,0.555395700871903,-0.424543299144483,-0.423972352781818,-0.392283816367719,-0.0345949140946135,-0.153039081716472,-0.00998206828748917,-0.051079965258163,0.179104184642802,-0.0333419263243216,0.268360973878173,0.32432735390593,0.41229523381906,0.469693648488527,0.424178872825403,0.583966225558515,0.590301041908488,0.038325688669111,0.531916857995673,0.647129922880148,0.770214799906806,0.791647757398676,0.388009922753643,0.584927414885396,-0.0252023718210983,0.391422827879584,0.046390779824121,0.648074266471145,0.604457386682014,-0.414597737460419,-0.00325490452007585,0.325607271592929,0.519334183394471,-0.2885135028893,0.310204329522707,0.661217151659191,0.51957724043627,0.448269189516045,0.274158638002886,0.696051499347345,0.360692924273132,-0.283506861330186,-0.386482218043227,-0.0671654552549684,-0.166792446093279,-0.0453614156527099,0.0404099333537874,0.583531980972009,0.676966692978534,0.371187871237068,0.529998791776129
-0.208407046550903,-0.273141206890365,-0.302100908679457,-0.0532955305910663,-0.256736149070025,-0.158797220336612,-0.150237893335469,-0.00660585080906326,0.00170590514389035,-0.0209516658796783,0.261535584561835,0.3419293913921,0.492187007057968,0.825673608643382,0.874197629052103,-0.50103931749631,0.589171522566388,0.702390545415304,0.810892942459596,0.731119646185597,0,0.297926480606679,0.856999326180592,0.51406181710163,-0.0978096066931243,0.330108553031645,0.48589001651534,0.394585079469445,0.706544158470267,0.851562675484888,-0.125012848780267,0.262377326294499,0.157333444130367,0.644954185363401,0.316917120709139,0.154883068802132,0.112264729813577,-0.368017628383297,-0.14467585481559,-0.0324196473760985,0.451010355646146,-0.0134633250348041,0.0444850112466591,0.105636631162378,-0.0108970767033055,0.569457046696813,0.649878631904261,0.561736402606926,0.0675760481592221,0.26066044844747,-0.246922412464531,-0.282251905754385,-0.287681602199477,-0.0687019960457145,-0.148204807328023,-0.0215993882085296,-0.150359323965632,-0.0203253473082839,0.0034878062714124,0.366105314417438,0.472475486674254,0.499343194288271,0.692211663620545,0.673779229425244,0.813726581303256,0.836657842759536,-0.1416166554716,0.666867563647473,0.725090013064972,0.569521797662018,0.927493680884614,0.453896256058131,0.813794513258299,-0.0593687213330641,0.465172552387856,0.178920799632577,0.736143072433696,0.802769796487325,-0.305345053383431,0.311459893661663,0.409204193685293,0.229954430369945,-0.338247575434076,0.272984869520375,0.561162496082948,0.649660671229255,0.322821133627347,0.233325794710322,0.375985319670257,0.191252543893453,-0.195630352859491,-0.329899880954186,-0.038792940952857,-0.144681701551997,0.00791137488950305,0.035985357362588,0.543861260891842,0.628318332469843,0.178633455353799,0.251388158647588
