0,-0.0189843335620636,0.203261917755415,-0.0604365208940556,0.106574074336718,0.190453218572672,0.244232607309103,0.0825753784456903,0.138765748474508,0.185338159236792,0.206213125282947,0.148796326954041,-0.0316490613408875,-0.0124901491953626,0.136067945153734,0.173366617856875,-0.0941254881205547,0.0670832282331536,-0.132359716542559,0.206087369641949,-0.0380880264998498,-0.0855730250589147,-0.102321536178964,0.0781167020898073,-0.0358580072027543,0.0823536567317977,-0.0823768553205553,-0.201798705562146,0.0391987703095313,-0.0526500820306427,0.0440654066418997,-0.122513924942344,-0.178507751157071,-0.155192411522477,-0.0763722273201579,-0.0261183207399956,-0.0976489718895359,0.0120454824108219,-0.138079393817011,0.192163907763419,0.109731228165655,0.193475991169135,0.0217497917318825,0.0721468865238552,-0.09778210524133,-0.159164278646806,-0.182043739136679,-0.0338363857438965,0.249148299286554,0.0864458563247583,0.337365849787971,0.209374083923118,-0.116090658668828,-0.0382043595503234,0.0755131915343433,0.195104948771158,0.0527847116037482,0.099270975411203,-0.00185731497565704,0.282006876961921,0.0733222991581257,-0.0413523190079361,-0.0393728474642996,0.011381613340866,-0.0249599951233306,0.0864914062476216,0.289270585976777,-0.14314367820351,-0.133837514036202,-0.0166574947654409,0.154042024457587,-0.170409650531852,-0.043954748869137,0.145970749829654,-0.00122152822667204,0.0598309398583494,0.0563424318872362,0.0665117540819013,0.124506991553923,-0.0942119700780244,-0.00313934468313866,0.138004055168832,0.0777560805315863,-0.0421515313686212,-0.143383714302354,-0.0207823625852348,-0.101815352700039,-0.14137525201678,0.0836286035069533,0.189587963937293,-0.163785622494989,-0.00228293896645957,-0.190435628271708,0.0554538915239311,0.0831926275601658,0.109500545722514,-0.0869614005208381,0.0767088736564464,0.326462964587258,0.178393394061272
-0.0189843335620636,0,0.217805094936333,0.683909596300258,0.797782483479874,0.36240489799629,0.253264394766964,0.634817043971515,0.424718161910888,-0.132809579129704,-0.132993631762067,-0.0918281673991096,0.352351392914908,0.474237697818962,0.363739212831202,0.502937635517356,0.201038994437022,0.16817663663189,0.314661666695727,0.297817870786242,0.323684670518775,-0.0587420574860135,0.323435013441633,-0.260920631723601,-0.175054044764202,-0.2788985285822,-0.0153245484810154,0.0415904242184639,0.246250355608225,-0.0421529232293619,0.0123215828605122,0.198791119811633,0.189951255585185,-0.161071889193163,0.0143927558945191,-0.136968256354504,-0.0744617414711057,0.135877487128305,-0.0216514318146212,-0.0804707963043959,-0.181628750748945,-0.0852127303623805,-0.290351251220888,-0.0975266449206459,0.0747132203033373,-0.154026438595106,-0.0618717812335956,0.257746022130504,0.176676119967888,0.00535797342225592,-0.0131839404674466,0.537048603550936,0.394911967871043,0.691494044842277,0.594149629451903,0.0534856466441707,0.48098621051307,0.544252628405921,-0.260088209183601,-0.145537090785308,-0.13160890844717,0.311837012765284,0.271897044807931,0.261223316561938,0.212477590932808,0.424526533169934,-0.187975800640049,0.216183860509808,-0.239422263086478,-0.136595215814691,0.107966383824575,-0.101192892208354,0.23651102801365,-0.237456695893998,-0.219197506804316,-0.346467876746089,0.230596646538596,-0.0253759865031294,0.11337823619111,0.124684382914887,-0.47727918815381,-0.43246209222381,-0.183620923895228,-0.206086177673382,-0.103942150976944,-0.241792726067371,0.00214978535201444,-0.179657561580734,-0.00457366859561332,-0.367409623398592,0.0730808203280489,-0.159184381038177,-0.071968871267441,-0.198386494094664,-0.303405111997798,0.0847055063149515,-0.183007016573988,-0.00635797097100709,0.202138582203889,-0.0643556263875539
0.203261917755415,0.217805094936333,0,-0.263720910194096,0.149335979198431,0.7517473356342,0.535986628647636,0.519717780576385,0.566519461225055,0.215445265676508,0.358258889424169,0.400113970838671,0.240805336093884,0.0926960444023912,0.162609284772534,0.0202931266862659,0.320987625599678,0.219319283887897,0.244190175742244,-0.0070469086073521,0.202148332692097,0.336681519172311,0.082852347896511,0.17693536006244,0.181941360885383,0.250914083432432,0.0585609421678407,-0.0303411765566363,-0.118038366658296,0.0204089816851631,-0.382610838461302,-0.389465418199039,-0.482495868395273,-0.0274697308983252,0.296113067432919,0.0561566803155574,-0.182368200465702,-0.0760936668091372,-0.0416054842102451,0.276662015860793,0.0699707705120017,0.349330831353401,0.161551785873972,0.104347845291808,-0.129629861869923,-0.109392697205509,-0.14513949806402,-0.0492598501811411,0.488370328189117,0.199407023038849,-0.0506171992268236,0.695185963995342,-0.185037899956851,-0.189519623493294,0.619783186735129,0.797398623818398,0.494165135448858,0.463009066838964,0.362485744681919,0.376838128976377,0.410104322127291,0.244977549767651,0.0811599042207043,0.342046857291492,0.258387383770552,0.171817939262121,0.301395069284016,0.379367287924562,-0.0123926703889251,0.12668425705863,0.159530366872943,0.245222573118729,0.263206924795904,0.363029843321705,0.321630473171617,0.342374195753225,0.0151339905504933,0.0733070284023524,-0.379822627362492,-0.383732654978983,-0.240103014131585,-0.157927173308754,-0.154835576839888,0.142784624557611,-0.189113547121346,-0.249116132483241,-0.263163166773346,-0.0790383621121488,-0.0421905422254688,0.290791943424028,-0.316601409726121,0.225234038908085,-0.0452655692713591,0.283795689925517,0.334903287299783,-0.020312671962838,-0.101201856698233,-0.0979035634805836,0.514231844344287,0.245884101929118
-0.0604365208940556,0.683909596300258,-0.263720910194096,0,0.691334397528328,-0.0758481678319792,-0.0785021233379814,0.26070610193884,0.041763749311155,-0.333413407404043,-0.335012801624469,-0.372100046526135,0.242749099276753,0.412123110198108,0.271590260980449,0.488847045351889,0.0285540769760635,-0.0942293542280727,0.21322426422187,0.26848861092207,0.244993996398941,-0.240728715497107,0.282449503998561,-0.399188285065499,-0.336189520599296,-0.45765934082683,-0.0457103173322285,0.0887049685655181,0.397379694304887,-0.133219758635187,0.308919604100726,0.56899768514372,0.562692940757651,-0.172363752220983,-0.163721520307333,-0.22372567396485,0.0424523604334581,0.193129555330745,-0.0536210488515661,-0.260054200003624,-0.269287684789415,-0.291358397570082,-0.420398946290311,-0.147183063250945,0.120448346013853,-0.158836703181285,0.0255910041568675,0.229482471201595,-0.0910867259195936,-0.0782974900366103,0.163461150271133,0.132626406198492,0.638545978546546,0.882628523749898,0.162375264453392,-0.354451667837267,0.121264705507303,0.229587774687265,-0.528610626710706,-0.378138130741496,-0.459068369287996,0.204688432555523,0.262640854432263,-0.00441876355135051,0.0954487779928848,0.299418549710351,-0.386248197395982,0.0161337180498838,-0.256072854396798,-0.342762098003384,-0.00527398476579077,-0.233265341402995,0.0742232843669611,-0.51087630365931,-0.465225180368049,-0.592613845779717,0.30188103918341,-0.119779494332204,0.380733473684276,0.500838160092439,-0.432652920242033,-0.455549943600758,-0.13987746637177,-0.373661993895451,-0.0604663678499914,-0.143551532907784,0.159446195614046,-0.108867113582515,-0.0397430613228223,-0.609415888167879,0.334582341641304,-0.32576407265268,-0.132335420523563,-0.416009314719708,-0.588446566163417,0.0759074288397663,-0.21453655597137,-0.025797053940154,-0.113266819147032,-0.208520061044908
0.106574074336718,0.797782483479874,0.149335979198431,0.691334397528328,0,0.348485488590467,0.227830233154776,0.610471145210632,0.474551660732835,-0.198020841636769,0.0121457330789944,-0.0215802601275992,0.505428591389674,0.567584782947096,0.443302441272694,0.332275533919091,0.326735756244995,0.127836931834205,0.417344789699975,0.412282314500965,0.3641593115129,0.0519238319456853,0.360680121038567,-0.131958496797237,-0.311268550581763,-0.185980697549775,0.0862665399549819,0.18777486964255,0.408024538134728,-0.148491165831652,0.021652276198671,0.21610710265665,0.182520266830835,-0.0782184910351583,0.122146198550416,-0.0350386280997874,0.0428206689577808,0.0187166889889066,0.0351774227844232,-0.0741865465788184,-0.0646979191514169,-0.0841407916977813,-0.261067060600245,-0.105850842419754,0.132004165098988,-0.246587494119948,-0.0450520488836243,0.219443808355813,0.317589043811917,0.18369104763765,-0.00165936663775581,0.379613641747018,0.273633342335626,0.712175393289521,0.539643920026372,0.0325332992788095,0.363454950101066,0.585877365285576,-0.288775257204013,-0.0910090309016422,-0.0753685134183617,0.434404206450502,0.384198156097315,0.191129245440523,0.227880760740536,0.422579543789025,-0.195126653405455,0.290692331562158,-0.177912336915713,-0.200006916830294,0.112848394868368,-0.00851017686772319,0.157971841938363,-0.193067693455077,-0.173776089495642,-0.302368031826973,0.407813825227446,-0.0399329458384544,0.190608025597122,0.160073769130782,-0.474385292269775,-0.441364584844467,-0.151758237885025,-0.129692348698137,-0.0949894831884809,-0.285270785907414,0.102280800742792,-0.0558126660048439,0.137758848045776,-0.318579178567429,-0.00208851865936844,-0.314722459806486,-0.0740866932335644,-0.32905246593429,-0.331099233650689,0.11719960734294,-0.315574722715098,-0.0145589534107795,0.274029069233422,0.09166880051802
0.190453218572672,0.36240489799629,0.7517473356342,-0.0758481678319792,0.348485488590467,0,0.559618877747926,0.619271858642117,0.749695123242959,0.315233691296937,0.344818901757338,0.404671364847324,0.362319609459408,0.238182346199681,0.298057570167312,0.0507469140719152,0.321984241536811,0.189955357868928,0.261285845675295,0.0697578379582463,0.214327608739691,0.292485034200224,0.285448916549759,0.113563292114852,0.111447292101314,0.161671781923683,0.0825455709171227,-0.0159161545072419,-0.038288760240381,0.156490747202865,-0.300618391955003,-0.365389387328529,-0.363763683361854,-0.0912658735611274,0.255873957930418,0.0903511966194622,-0.157777999330393,-0.0531945305866272,0.055943113831477,0.347501616701397,0.0686308312495054,0.396008492783668,0.177036967527288,0.165475512825494,0.0545398116970638,-0.0739650973603337,-0.0267769917793613,0.0959980146696008,0.57531605188079,0.197927470909928,-0.202037140317514,0.565532876280401,-0.126216610569492,-0.0301264527685653,0.820346978719033,0.779603326052194,0.501047838790527,0.597844870979134,0.3584211081673,0.364479382394058,0.400652514807344,0.341204246103937,0.162811883000944,0.322562088073747,0.240362805677679,0.310013557822251,0.250255695023945,0.364983487066814,-0.143787720453372,0.0133311000709844,0.128729362113662,0.202599632387561,0.324861837012407,0.325045749802306,0.252654602470483,0.19222309227487,0.0952586100648095,0.167403578243845,-0.234938046086752,-0.362980187509939,-0.402048280675252,-0.263521796378666,-0.101750827126574,0.0461378198073362,-0.153705221017111,-0.219563969815871,-0.201663356083337,-0.100823722025365,-0.027894122009431,0.195375267426737,-0.302376318654734,0.155966171782023,0.0125083077508934,0.241068609577575,0.247954094563454,0.131810823441696,-0.0947162567719725,-0.020882638015442,0.625886408612937,0.179588733966916
0.244232607309103,0.253264394766964,0.535986628647636,-0.0785021233379814,0.227830233154776,0.559618877747926,0,0.563333837911875,0.469220495179585,0.230756572984209,0.285358717377724,0.323153851640363,0.206113740123585,0.172410418492232,0.184739982912916,0.240883753919484,0.29094205218175,0.347780516010609,0.119769470425507,0.265823568723772,0.246848739775036,0.215870525879313,0.0624781373499945,0.195601898767195,0.0681224609523488,0.115447686472047,0.0679147080903446,-0.110933165515529,0.0802295053391437,-0.0301167614866196,-0.325998609512804,-0.38258964686705,-0.407257378933019,0.0116726836595616,0.199262741737612,-0.00637220219073121,-0.121005202721529,-0.123925852979041,0.00237560876775357,0.49362638105136,0.28013587021087,0.196044441855445,0.114291797675094,0.00894268331398839,-0.0603991410273288,-0.140115818569315,-0.161668959408587,0.0385169045868739,0.503311299735402,0.237465261723675,-0.152617414049153,0.394109525768962,-0.00456081662491089,-0.0367221184926357,0.466201232497934,0.535849656673787,0.512462530256419,0.373252000419682,0.226317083278593,0.268786147890376,0.33036456197929,0.19970914306567,0.0520573298152671,0.171703589017898,0.103096957493663,0.162366813878337,0.548337957269333,0.220884559673103,-0.0451264893671738,0.0563855611042011,0.254636549116946,0.0827037906532028,0.103711970079573,0.513687951639258,0.251205879910098,0.145885121057444,0.193015639543013,-0.0442585670784276,-0.21740017871574,-0.37285224990977,-0.238999645944358,-0.135457644356109,-0.117019469366417,0.109177431913759,-0.154901226095099,-0.34583469705559,-0.191569554057716,-0.200208051894235,0.0774771921175366,0.260529487260874,-0.376591374133979,0.0169470674035519,-0.0964978010807199,0.117167047667856,0.202987562258586,-0.023825446653495,-0.217469960867387,-0.0679109761611662,0.537987051749408,0.298757380030301
0.0825753784456903,0.634817043971515,0.519717780576385,0.26070610193884,0.610471145210632,0.619271858642117,0.563333837911875,0,0.7268194865505,0.0974048630649473,0.226692266877645,0.259985431012713,0.319509870036352,0.369593848902985,0.293373661804773,0.221681021642363,0.325241557178227,0.393476978937414,0.287550398595218,0.274986054374028,0.393561257355475,0.135937559282709,0.225613700699247,0.00369531044152115,-0.0676639145943144,0.00911647009737856,0.0240714407270133,-0.0768077301864272,0.0371814138718175,-0.0567534835666721,-0.259726119410072,-0.273082876308959,-0.281782083271745,-0.0546789150877416,0.158223479703738,0.0552131931192433,-0.13156654306914,-0.170773722976922,-0.0382741364392667,0.189012063809565,0.0666529431944997,0.10694583646747,-0.0552077449029054,0.014082063522657,0.0776220123481965,-0.119238813407896,-0.131208882716039,0.150814776074851,0.428228804279758,0.202762199673354,-0.207545624963196,0.56052349563155,0.0186772650578347,0.288170212630165,0.697704518000674,0.47258675537577,0.758015249788249,0.770595284881834,0.0835807547494109,0.219029449032042,0.270200698638427,0.283451703172228,0.157065417849421,0.31045549916648,0.237227397393277,0.3348844387891,0.133072200210298,0.343686474095265,-0.129986289819241,0.0972995336654596,0.218861259317071,0.0250838505239541,0.270066770515016,0.200894318895376,0.0997662105075536,0.0352028761210542,0.135602932073714,-0.0534077127461162,-0.141416414302671,-0.303138731915405,-0.37645050965759,-0.28402637218316,-0.0993205814760482,0.00903865854510594,-0.16172525913752,-0.31626483230949,-0.171559126746913,-0.229240282170405,0.0749246862812742,0.0626521104387319,-0.318623071173029,-0.0655903241810243,-0.165384422611553,-0.0617906874298119,0.0376208866333192,0.00267903290961164,-0.168840586001511,-0.0134173506355314,0.444000765276774,0.19996319081816
0.138765748474508,0.424718161910888,0.566519461225055,0.041763749311155,0.474551660732835,0.749695123242959,0.469220495179585,0.7268194865505,0,0.174955748790457,0.38496740234172,0.387957335804354,0.352614133242187,0.330238887288806,0.34282972797005,-0.0147759672993456,0.361308393516901,0.347711531103843,0.366220605709071,0.226344040589579,0.298666838922128,0.23038401709325,0.297703191049252,0.100351986096987,-0.10855111327664,0.136171399896866,0.106757012760852,0.010682936612112,-0.0183505164344388,0.0950274876670425,-0.260591064593463,-0.36680795885983,-0.308453056458163,0.00774339554557226,0.261672196884821,0.311837654531057,-0.106106105090245,-0.185471475072693,-0.00926648853327358,0.204598083176797,0.230749342539759,0.236646378669247,0.0996271931458244,0.0662481595334176,0.102633628075299,-0.0452436439031099,0.0135561195912995,0.159575720079633,0.536694900403479,0.298055365657535,-0.313215001043662,0.435157451263455,-0.195796190786031,0.0715782501190134,0.733546306867271,0.581742839003003,0.494028647996371,0.831080798961143,0.211138641486355,0.375785355435491,0.405517755960379,0.338345730145752,0.212030916321256,0.35372191021538,0.315641289626634,0.375367880250398,0.132885404788032,0.451009099239454,-0.0458117472192786,0.135485560790875,0.207767494297431,0.13092329466397,0.288378590507941,0.240656352676936,0.252774999035002,0.115268606930769,0.120561791297089,0.102206142821063,-0.211227696445933,-0.388729047713111,-0.303584966083064,-0.1254340689308,-0.0848116666049736,0.0150476689809741,-0.127121485029047,-0.198414905161958,-0.177809058070798,-0.141233141673119,0.199299634796462,0.229556388582028,-0.375570835063415,-0.0637498188538611,-0.0614630775469849,0.046846939878713,0.158111253647322,0.0758551476738059,-0.111434592565179,-0.00985503542250179,0.541019055864737,0.284257843707165
0.185338159236792,-0.132809579129704,0.215445265676508,-0.333413407404043,-0.198020841636769,0.315233691296937,0.230756572984209,0.0974048630649473,0.174955748790457,0,0.34429268185477,0.460587972300743,-0.0852013827725524,-0.206422242330213,0.00406857464932234,-0.091211297322797,-0.0669592905533594,-0.0211449734172359,-0.228442781045614,-0.246987306840918,-0.22250580633732,0.0904101652548729,-0.153711268342609,0.35509206813636,0.521111710302763,0.307474490452291,-0.107421320217906,-0.22735574849391,-0.295138395350052,0.408474947560019,-0.124979966366028,-0.362385385778073,-0.367635542791043,-0.259371610488705,-0.0436245058771416,-0.035459739308657,-0.172636409082423,0.103882833645211,0.206499629899305,0.516932910581141,-0.0616636527508787,0.573728685894203,0.384080321401531,0.362617372082424,0.00479249032826975,0.147226746576051,-0.0633327350304805,-0.183785143626988,0.0747142090876686,-0.1651395142477,-0.194531978848738,0.0759859758072058,-0.216259765172183,-0.327818285424624,0.252013013370831,0.357188091877581,0.125541978561026,0.037857434643295,0.705486332316534,0.391964197749353,0.362922837910457,-0.167065856970708,-0.164415599006904,0.0648902106908101,-0.141407527526427,0.0136918525723361,0.261709807035866,-0.0843228202935574,-0.144210882947973,0.0343913865692885,-0.0461707743934382,0.00631989671312013,0.044196375899512,0.390158187184981,0.307882128824469,0.35970283679757,-0.185647050881685,0.30516338144376,-0.0558447381771985,-0.369327535426316,-0.00447882625206593,0.0138903991446625,0.128803632159717,0.123880191060526,-0.144417986941719,-0.0166404561086998,-0.202041229310391,-0.113231011431929,-0.183800171322085,0.219391084113815,-0.27065301942147,0.494098453533791,0.156913480492814,0.415867523498982,0.360102906907209,0.267204238785941,0.209424231284869,-0.0712740385640094,0.210921732157174,-0.0814610782365572
0.206213125282947,-0.132993631762067,0.358258889424169,-0.335012801624469,0.0121457330789944,0.344818901757338,0.285358717377724,0.226692266877645,0.38496740234172,0.34429268185477,0,0.780886502823282,0.352751712422303,0.00570931188564821,0.0626752029814277,-0.302641763859441,0.481326975111396,0.0453593210502209,0.226223185520045,-0.111389078613206,-0.0766448110803407,0.542463091661706,-0.0180487455748669,0.679308878619338,0.212989394597075,0.734907657846131,0.10838473088403,0.143978441228823,0.0477201529086513,-0.0470974489221328,-0.443307145783282,-0.411163711382141,-0.504930377129885,0.0305542708008072,0.439390429095657,0.268260204799646,-0.00218243212864037,-0.293940472234337,0.0650937330381699,0.379525405157403,0.215487698675,0.416822553858215,0.513243092134093,0.181190290070807,-0.0148376687870122,-0.249460593706996,-0.157307544126773,-0.375372982098807,0.435634540789807,0.256607023604043,-0.167028800415269,0.11301052604863,-0.437296969599094,-0.259072799428335,0.223732981047725,0.448837339238166,0.180459261717248,0.240954304723896,0.543227418642031,0.754401152622063,0.709236269030288,0.301877766043896,0.17789121255005,0.0852213394523937,0.0696164006368139,-0.0211333476637567,0.212897364348073,0.408246313086441,0.121694736866098,0.0370093472496656,-0.135568161034802,0.444348122607953,-0.00411037362046699,0.485391747920975,0.675968053526733,0.648937093813056,0.211266638631959,0.16234260152627,-0.288250250480027,-0.396515862179896,-0.0418002162791025,-0.119754200920937,-0.0628030474684872,0.461818605444887,-0.193768876216125,-0.333535649880034,-0.00936253912146758,0.173104956514812,0.189094614159007,0.429718460034735,-0.451175397861155,0.0283633367115681,0.111545172455833,0.249114639384164,0.461415707728286,0.185936696360946,-0.279593579624177,-0.273572219869,0.411160553428003,0.350725048604461
0.148796326954041,-0.0918281673991096,0.400113970838671,-0.372100046526135,-0.0215802601275992,0.404671364847324,0.323153851640363,0.259985431012713,0.387957335804354,0.460587972300743,0.780886502823282,0,0.323138996207235,-0.0188230092380265,0.0469227680325958,-0.289114758256745,0.478519976421432,0.0556011823364112,0.150406722408675,-0.159203761397121,-0.120413715170888,0.523880203661959,-0.0467527394604392,0.64391172599605,0.355736466739712,0.76238016915113,0.0482012713633542,0.0157503759857456,-0.0713386502110689,0.0659836447499207,-0.499653046217134,-0.539559658843797,-0.591216223855343,-0.0640256296738189,0.385375141843135,0.180190311499853,-0.0687556516108278,-0.307603371635495,0.0397013673916719,0.494418079159631,0.136515449055511,0.47702701212704,0.589964256994335,0.211794802505961,-0.0582323449833616,-0.23880878372359,-0.172577409280711,-0.362508090425767,0.381403136719359,0.112638053016145,-0.271182328186723,0.135885661517013,-0.441211423676529,-0.301317157624837,0.28647688407351,0.500637244944919,0.254763817456423,0.242026129025832,0.581681169978702,0.762057073044827,0.801324180192759,0.255078056599098,0.108363351781026,0.132616877859441,0.00798931049567818,-0.0252998731978767,0.296792508483132,0.358301571140649,0.0359889518189869,0.0704899847594424,-0.136004966097263,0.422935397547043,0.0157231959469001,0.547078185215231,0.702566503872375,0.719914592798115,0.0719468369143318,0.224416090850177,-0.359105286102195,-0.520961473659249,-0.0391854072558627,-0.102465260422826,0.00495722821324294,0.472994522152411,-0.188715363939871,-0.299729566094722,-0.0867673303233719,0.0759284185394354,0.0596371459845728,0.392462728156201,-0.519067266191146,0.17753244102237,0.147833221510113,0.329196659994586,0.574864397528423,0.171583977134182,-0.202626083646232,-0.256172986097712,0.387978778879522,0.214210301460212
-0.0316490613408875,0.352351392914908,0.240805336093884,0.242749099276753,0.505428591389674,0.362319609459408,0.206113740123585,0.319509870036352,0.352614133242187,-0.0852013827725524,0.352751712422303,0.323138996207235,0,0.447728865319251,0.366605369355841,0.0222535947681653,0.632858688491991,-0.0471231469954116,0.494844224634952,0.138632642624334,0.188816039219498,0.549826599884589,0.372503425237985,0.333048816485915,-0.111550775967722,0.218560059684019,0.233995356332188,0.451070679047557,0.48147533639958,-0.0317920409050231,-0.248090760228251,0.0920761591665386,0.000303089347500381,0.0346016329268398,0.410161375540754,0.0326925303707364,0.145379612384375,-0.0699853835941483,0.220511652225294,0.121328485581201,0.018052851104805,0.0976727900157442,0.106618316630112,-0.0639701950997686,-0.0314692112561486,-0.317096035407402,0.0683897530660284,-0.0905024635381376,0.356383717412822,0.241831972913901,-0.00480047698605086,0.176353306559325,0.0423500351016765,0.294705550840101,0.383148929613192,0.174601005080615,0.119246566374824,0.347952092355378,0.0291263236450562,0.169357852213598,0.234245874845659,0.816148338969869,0.607994977238274,0.091150215236097,0.179341866911772,0.25727781996824,-0.134320013190093,0.478759803533657,-0.0488527326582166,-0.264097417199789,-0.112994347164087,0.546725843363693,0.122440502361965,0.0921959149070993,0.229386968090563,0.0887556178968449,0.541350222775675,0.19352950272188,-0.0532686247725921,0.0595403097217865,-0.4029746990004,-0.480958653217215,-0.259535385292502,0.233175179425666,-0.0969047515442631,-0.325423820411537,0.195546727414468,0.327684373899681,0.0968893692880334,-0.0945851056937145,-0.121115051571897,-0.262076042254939,0.16346359530868,-0.0362073834238987,-0.0478636669135983,0.172724008304732,-0.429503930755515,-0.191880204131813,0.246352229378411,0.149869799959339
-0.0124901491953626,0.474237697818962,0.0926960444023912,0.412123110198108,0.567584782947096,0.238182346199681,0.172410418492232,0.369593848902985,0.330238887288806,-0.206422242330213,0.00570931188564821,-0.0188230092380265,0.447728865319251,0,0.670440519596311,0.158534538479472,0.344675006661068,0.187307807902186,0.549756085583292,0.349511183888794,0.5745212759061,0.0685586490516751,0.524505027844329,-0.0288839378535003,-0.360367674312513,-0.1784924941003,0.254728242946819,0.334438526676982,0.496729697391021,0.0744357781890028,0.003585952013061,0.161450176879498,0.165937400396839,0.0152148684548384,0.102380885690883,0.0310915194283405,0.0576709682634588,-0.0378212001714705,0.0932767771313937,-0.0081573206160362,-0.0659680584459161,-0.110743903749909,-0.284759921946527,-0.0981397608395761,-0.0462765940700167,-0.0688713708389908,0.0865315531463157,0.176033958249814,0.167604497852251,0.114645216473861,-0.0130310017334755,0.136317971185985,0.21525340422717,0.394424945216308,0.313443066536355,-0.025760237561143,0.125206160095531,0.384142433655511,-0.262869808499757,-0.138317680254549,-0.105693785653184,0.436226047057301,0.546358717150778,0.338380870509248,0.446563468668808,0.634639948499177,-0.210791902123698,0.348777469630105,0.0386804700934571,-0.074075572177392,0.295894265937358,0.0540035764117101,0.292670752562518,-0.160963348037851,-0.0648988735922413,-0.302318405389782,0.484142361811689,0.199849670879678,0.165046915673785,0.0929475068739552,-0.301712922425079,-0.2894653095105,-0.34488310262124,-0.13652702321092,0.0622448643713019,-0.103231923899368,0.136920478795152,0.152177989356884,0.169125835190846,-0.251474796942328,-0.0720052392648922,-0.31834871223812,-0.0027531870141187,-0.309968647670876,-0.362975594233675,0.0635622422951754,-0.172264756357882,0.0325797659650946,0.103377587043714,0.0748195323494029
0.136067945153734,0.363739212831202,0.162609284772534,0.271590260980449,0.443302441272694,0.298057570167312,0.184739982912916,0.293373661804773,0.34282972797005,0.00406857464932234,0.0626752029814277,0.0469227680325958,0.366605369355841,0.670440519596311,0,0.131715507311535,0.184112592470748,0.113059394111476,0.244406721378473,0.419711624927305,0.447635431199697,-0.0168639479043544,0.356697777542192,0.0445017747241565,-0.13801141289945,-0.116208259110491,0.152172502897484,0.22473372118502,0.465492187628234,0.356687681457638,-0.108546886246285,0.106831973291765,0.0209574597379324,-0.149367845179153,-0.0664007415531952,-0.0648718832148073,0.00503988871281163,0.0874393952196378,0.0922855069369546,0.124926720457442,-0.105651436553975,-0.0121613701798623,-0.214249592718491,-0.196586008604592,-0.198002878029158,-0.0130974351833088,0.0383346220691972,0.128336916895285,0.198659553192272,0.0949745850867904,0.0319280200650043,0.179658412259848,0.081574171508535,0.256332070200216,0.34146844273387,0.0917168264895908,0.03790164374173,0.367403484345313,-0.0896941399194453,-0.121074043815316,-0.0140532392972432,0.399779427774781,0.415552207298753,0.237353060933676,0.278400595985353,0.781717750432725,-0.111531125269927,0.140504794570791,-0.112358718458007,-0.178911500070759,0.395624531121302,0.00629349150910722,0.234480433131869,-0.0571305925729076,-0.0695423770944645,-0.209536152860404,0.476910682842285,0.427293255578954,0.10323322330802,0.0968791042176088,-0.284741174603559,-0.28252014461893,-0.305036071713145,-0.0931009506068783,-0.0135323287640592,-0.0232546336819696,0.09190669467238,0.0988880123358283,0.140953159842507,-0.196581896366733,-0.131612036996447,-0.0978726908480448,0.0398669115066662,-0.197227065724937,-0.201075658591219,-0.0208249804567166,-0.0345029180962256,0.0430909633210226,0.239758463956514,0.0814581690214585
0.173366617856875,0.502937635517356,0.0202931266862659,0.488847045351889,0.332275533919091,0.0507469140719152,0.240883753919484,0.221681021642363,-0.0147759672993456,-0.091211297322797,-0.302641763859441,-0.289114758256745,0.0222535947681653,0.158534538479472,0.131715507311535,0,-0.0345598657251947,0.114802277934644,0.00624272946895315,0.210437195115337,0.136692516811635,-0.237242484934761,0.102480517985236,-0.326364233495979,-0.0858428354075663,-0.383897984515284,-0.103583584524692,-0.145622908400538,0.130008429976661,-0.0145423797937758,0.178376011361255,0.284515905342546,0.265595263848332,-0.106627927687507,-0.131859619951464,-0.389743652964076,-0.164723344872205,0.368640038327919,0.0120036074490712,0.0976957291020407,-0.133248614423968,-0.103479202667537,-0.317732830190018,-0.1589042466864,-0.0358910698849156,-0.105221862754408,-0.112049129948565,0.225673151778263,-0.108945304458958,-0.155320716118039,0.284894948571299,0.320181062978389,0.53897603044869,0.419913481839287,0.167431872017873,-0.0963022759929995,0.205264976218392,0.108694045568309,-0.349463260227708,-0.24870613299929,-0.335062470123205,0.0202352789798995,0.053670800520848,0.158750507719627,0.114251885208058,0.228044595045784,-0.0371766267805792,-0.0846792021924097,-0.146222300527089,-0.106408005466974,0.174587024930302,-0.302256987146045,0.0741739931994959,-0.176344761759333,-0.32121858679403,-0.443183207880284,0.109769990256057,-0.0373046288208796,0.184142429386408,0.192586283436597,-0.218544883468445,-0.202754722946753,-0.0761564270119137,-0.257370001514856,-0.112861954120606,-0.0854770201462845,-0.0735191469795165,-0.229883668455786,-0.156857794756208,-0.310351692132747,0.146086436896116,-0.0558089053031387,-0.062517922772491,-0.131465032960119,-0.32378091085088,-0.0584140156759323,-0.0792384256379244,0.0175104122712202,-0.00773376252379871,-0.169893800762302
-0.0941254881205547,0.201038994437022,0.320987625599678,0.0285540769760635,0.326735756244995,0.321984241536811,0.29094205218175,0.325241557178227,0.361308393516901,-0.0669592905533594,0.481326975111396,0.478519976421432,0.632858688491991,0.344675006661068,0.184112592470748,-0.0345598657251947,0,0.179748180384229,0.637088580402307,0.0779588810545096,0.295660623566699,0.677187514156601,0.321695367822425,0.473588510562595,-0.0799410321078358,0.346052766750585,0.347085543471139,0.427875411768837,0.306561270712104,-0.0910585726728403,-0.325999479703479,-0.132270107218441,-0.19146018888703,0.210657194182957,0.619016252028762,0.101572782283083,-0.00389717525364965,-0.272799046891882,0.145159985760689,0.166251313987272,0.162531412557881,0.103560635134505,0.200666618227027,-0.0132592619552851,-0.107355417971901,-0.206455674590948,0.0825950684123432,-0.130295124742308,0.323711544758875,0.247002055648056,-0.172156817947349,0.162535971846638,-0.136974519429372,0.0864269301253345,0.296066169128127,0.281969854835454,0.184519507730612,0.328277118043756,0.140176052173602,0.350348261002882,0.421027866493926,0.576418238602509,0.497305335070251,0.309932418188084,0.354066709489185,0.132523442232067,-0.0197893589777159,0.72269190954106,0.252656392018358,0.0410891485981274,0.00477810243441536,0.510589668556323,0.16533233723335,0.199427572195276,0.526789042824988,0.254073036734277,0.412145617480963,0.139706191419326,-0.217480530866236,-0.181613386488404,-0.141268635830239,-0.297203517330581,-0.288287477435853,0.358014290011468,0.0232258781169064,-0.301076950146771,0.0194477700362735,0.341144602196374,0.13859042552492,0.121585753690011,-0.312727955139285,-0.23409652313196,0.104264992886805,0.0073404378290683,0.111136698594724,0.0461739586268787,-0.295394933877464,-0.201653338221559,0.207814055689069,0.22875166101412
0.0670832282331536,0.16817663663189,0.219319283887897,-0.0942293542280727,0.127836931834205,0.189955357868928,0.347780516010609,0.393476978937414,0.347711531103843,-0.0211449734172359,0.0453593210502209,0.0556011823364112,-0.0471231469954116,0.187307807902186,0.113059394111476,0.114802277934644,0.179748180384229,0,0.228560787626628,0.468307090382087,0.438935146069752,0.0414133074197251,0.162986953561446,0.0398043735502239,-0.238680227063325,-0.0868893948130211,0.267708865990182,-0.00110345938153433,-0.121248514598748,0.0658765196107637,-0.139171704832364,-0.337132111530574,-0.241214329519379,0.407315950809105,0.246935830334459,0.309790742563588,-0.119419279869619,-0.202732060745492,0.0148062165511728,0.0348643891645582,0.417829304970014,-0.0554407572666867,-0.0669189715591378,-0.108205049558381,0.0177084099918798,0.203086706134453,0.0792561231000737,0.280601557791201,0.177458076965721,0.245556724130501,-0.168361935520857,0.188894113552547,-0.197015146597771,-0.114162975728552,0.185534871283116,0.175622866032549,0.282549871669379,0.326682885353616,-0.0285652611282215,0.0547983948497025,0.134897726833238,-0.000178508664918139,0.117755384517386,0.435874738696084,0.394190140888871,0.200136953699046,0.162172645104043,0.277263840629787,0.387986400896498,0.679681224474575,0.535976314379323,-0.171645635678607,0.201578078349386,0.176587501073884,0.125390224156767,-0.0789437401130115,-0.0369759049326176,-0.0247716879256303,-0.0649890909271107,-0.350655733335659,0.234113489990703,0.347086587204403,-0.124744283948072,-0.00421859154225054,0.165153305641594,0.0927576556396413,-0.21207036816817,-0.0531197837683513,0.403139090305441,0.30510647649774,-0.393450478033726,-0.170569737541793,-0.124689141444415,-0.105613384877086,0.0227958087359428,-0.217947554923224,0.176139102474389,0.291921276467819,0.192989678580298,0.285937890727197
-0.132359716542559,0.314661666695727,0.244190175742244,0.21322426422187,0.417344789699975,0.261285845675295,0.119769470425507,0.287550398595218,0.366220605709071,-0.228442781045614,0.226223185520045,0.150406722408675,0.494844224634952,0.549756085583292,0.244406721378473,0.00624272946895315,0.637088580402307,0.228560787626628,0,0.156514814899721,0.501985704265624,0.376188670580375,0.457377920406509,0.11851061641039,-0.345905599169686,0.0435062202952567,0.373790011350342,0.504706018202532,0.330596037167901,-0.11662091245532,-0.0757613199766559,0.110155406070783,0.103389839193302,0.314886984668459,0.459314946473219,0.195965337469494,0.0381954362466112,-0.134609988898822,0.085208944373726,-0.109501301580414,0.0998786446432487,-0.0196642271796453,-0.0769628823122607,-0.00434433880049375,-0.0325184321532036,-0.122392438961657,0.111405302114804,0.049370948574748,0.188792303158183,0.28419213662427,-0.0495982146871002,0.186079669901035,0.0609462473842891,0.237127451669097,0.294852030681528,0.139273261228937,0.0736718833453119,0.367430828020278,-0.0596316672652322,0.141951240224659,0.108792204222539,0.458979138521616,0.620950010307038,0.474652358205577,0.627748288066209,0.268769421070555,-0.289370382764745,0.736810195506147,0.332050198533783,0.101159720601809,0.122932986396052,0.262669476443426,0.282331183220506,-0.137210550050513,0.205930762838414,-0.0642677366107697,0.387485588765266,0.0622751729047678,-0.0708916502941773,0.0454297161045835,-0.190844791848631,-0.246092880061787,-0.365033751913974,-0.00524465862023674,0.0310828891568702,-0.219709990420449,0.0690134022585885,0.335256055391176,0.215887749959824,-0.0383029048557078,-0.0401700380050857,-0.315212105838486,0.0675134446223463,-0.100370847734322,-0.198030248550658,0.0857252684569707,-0.254620766575563,-0.155155542790071,0.0745463615813198,0.198189993185603
0.206087369641949,0.297817870786242,-0.0070469086073521,0.26848861092207,0.412282314500965,0.0697578379582463,0.265823568723772,0.274986054374028,0.226344040589579,-0.246987306840918,-0.111389078613206,-0.159203761397121,0.138632642624334,0.349511183888794,0.419711624927305,0.210437195115337,0.0779588810545096,0.468307090382087,0.156514814899721,0,0.455677689308501,-0.0946001602854006,0.140690628209406,-0.0496800323654865,-0.357354400626344,-0.251128258383054,0.234057677088536,0.172698788179457,0.431199717520774,-0.0845431489601344,-0.0651398145221996,0.0185092306265139,-0.0287634418537387,0.345206252432371,0.0761282870991099,0.129286813912958,0.233931817188992,-0.0466112084131925,0.0412760266757352,-0.0491971905159518,0.34155582282177,-0.203312632152622,-0.307220339088403,-0.270812292777073,0.0776890325313139,-0.0968851758063484,-0.0775123230472517,0.297807007586683,0.385361276969826,0.416932455704381,0.0106668721071421,0.130143177340933,-0.0278457168725254,0.253376782290703,0.117414365842722,-0.0643871119367544,0.0965907930414598,0.290504387895105,-0.3110195862506,-0.269291032864694,-0.129078607240832,0.171342218437285,0.182738356245514,0.0802166074111172,0.180084549932397,0.29739419056827,0.136689062661979,0.0172955602472659,0.0985905943528287,0.0982524149660523,0.546611406366344,-0.230425067312536,-0.0497355558057287,0.0443791502343321,-0.258618537408393,-0.313106345491573,0.386893104620445,-0.130600181179104,0.12631199735615,0.0120229894346751,-0.0714598529086264,0.0336354665983419,-0.0629666282756953,-0.12996388840588,0.0891809824703044,-0.108040913755785,0.191540565732548,0.0170375430723799,0.542863199243089,0.0327678480833959,-0.196968913583592,-0.298126826822528,-0.0936490957800896,-0.3816689280501,-0.215583386716434,-0.165978497963736,-0.158573596549675,0.237797700410955,0.378015717435336,0.376048579082567
-0.0380880264998498,0.323684670518775,0.202148332692097,0.244993996398941,0.3641593115129,0.214327608739691,0.246848739775036,0.393561257355475,0.298666838922128,-0.22250580633732,-0.0766448110803407,-0.120413715170888,0.188816039219498,0.5745212759061,0.447635431199697,0.136692516811635,0.295660623566699,0.438935146069752,0.501985704265624,0.455677689308501,0,0.00643672166948529,0.485164583667503,-0.106408511803285,-0.374236297028864,-0.218722256514273,0.306046854097998,0.228836408842076,0.295430311836875,0.0476927584611572,-0.0153340843594279,0.0676989204556801,0.052702675284345,0.198105001830864,0.138833792140519,0.0397086622950437,-0.0504360376635612,-0.106129299816425,0.00958224453557291,-0.115794154606393,0.053575993584741,-0.163289196201869,-0.294928276622178,-0.0884036328912221,-0.0760617302016587,0.113685535880704,0.139339421956258,0.291110947294629,0.10622435637022,0.18126631151841,-0.0584063685150856,0.221217986156697,0.156921192709882,0.229478256611237,0.233209323363924,0.105144098722045,0.206203222367929,0.364661904461593,-0.210840090351233,-0.132809388055771,-0.137055530216311,0.243564732288777,0.39048181473647,0.419999102440786,0.594149243037213,0.482699106156943,-0.145185297353984,0.353026483842942,0.235845127861101,0.158217035576135,0.665257389683225,-0.160410137041637,0.405538004289341,-0.158162253735857,-0.0990182401163284,-0.299630539380271,0.327793574798901,0.0410611720918876,0.0543552803003382,0.0409282102357675,-0.139217020557864,-0.116442955760277,-0.370350191756559,-0.251076297395382,0.123986107201736,-0.057127190759882,-0.0580746564907427,0.0822233777245813,0.170581877480778,-0.081966884529666,-0.115114357553659,-0.258194605237373,-0.116112041939511,-0.286779983088759,-0.351144642227666,-0.113508136173111,0.00566048515263671,0.0872950798837749,0.0684588982082628,0.106820191503582
