0,0.23226317482855,0.216448589507028,-0.0251044874841359,0.169767254714483,0.261084553222763,0.0616218338474601,0.240247574521941,0.229227442831912,0.115419216314228,0.153153767792527,0.12211220736828,0.0569718738916426,-0.343090170106391,-0.392509817647226,0.212467576562575,-0.260922406619045,0.159696986365718,-0.200543659434903,0.297872078793979,-0.405809975795081,-0.0632986694648653,-0.256090032140848,-0.106235513211831,0.333568981194576,-0.13101950174512,-0.0771897462414228,-0.0935908465445546,-0.243376189883354,-0.419514691110209,-0.0325301805377535,-0.388779731176714,-0.296846809849672,-0.040241943426051,0.129546747487813,0.122204932992229,-0.225559730500593,-0.00727039957267667,-0.245548069128872,0.17618121689593,-0.0177092791212933,0.00714159900819586,0.204618339768266,-0.0736418024955017,-0.167633832675389,-0.183249889432377,-0.299052527948864,-0.00444913902601938,0.500246239249764,0.112817963532821,0.560911654316268,0.434569723020823,-0.00858061137928659,0.0775166043025719,0.115707302584129,0.229797090171946,0.301574154216261,0.314497227968999,0.191686661606134,0.0926512767129745,0.14101984701056,0.304629512752977,0.106973945559092,-0.0582408264003079,-0.279051988369417,-0.43139652439963,0.283885887329014,-0.165299027810265,-0.0453428522623456,0.33240061785993,-0.296057369403751,0.219688887094661,-0.23832387091043,0.0407641121598003,-0.00164222880843963,0.191996423738917,-0.167690188546564,-0.263950501121497,0.0142835506480727,-0.413083288599533,-0.172984978967377,0.184647479677793,0.000194606664769152,0.384043981040042,-0.118713132319783,-0.144241837734724,-0.317143554959181,0.0118646853687986,0.377728033608128,0.210374499811387,-0.272124533648959,0.253614766659527,-0.281351673380104,-0.0348619677048017,0.324073394716217,0.0967496598756194,-0.13590140412133,-0.0968582228996009,0.42669599156256,0.277438076000834
0.23226317482855,0,0.560540465457485,0.644971202505902,0.688630786833492,0.362312153777125,0.442012816923382,0.73863825888408,0.47042390032608,0.176594595948633,0.0372584275622007,0.0289017343251396,0.027983632592323,-0.101309974217303,0.000256824677122637,0.266339542831175,-0.0749006725888876,0.143574939954647,-0.078025117050445,0.21634342689447,-0.103373976908643,-0.184249262811603,-0.0145526388344659,0.157557870226293,0.144214834184966,0.155770956053485,-0.149942948041414,-0.203210563151151,0.0890314243192085,-0.208927144623523,-0.00430217624419049,-0.156443902208715,-0.334464143859956,-0.365300523722211,-0.0886987464820464,-0.0702968158526247,-0.0698815313788021,-0.266901642123896,-0.421622253892423,0.13919029258624,-0.521862184906174,-0.250144082714992,-0.307482079029302,-0.206864513057194,-0.287619493133156,-0.336111277943201,-0.225256399621155,-0.267309960105861,0.104586251612746,-0.167949015334882,0.121324948382047,0.618746033471037,0.0923337377353671,0.583168501044005,0.510410589619532,0.412784519247472,0.565250829073839,0.637187655360421,0.0413927333077895,0.0184453978411941,0.109860213612878,0.056108280705917,0.0386075238598551,-0.22791389863149,-0.17158757350116,-0.0449713730099929,0.283409754546489,-0.289442196363754,-0.329167680676437,0.0617442224658431,0.0875524631858571,0.18246183065908,0.0279076160136684,0.319525959780695,0.0964107926783191,0.228556193957558,0.316808165360705,0.00696899952834428,-0.0117052866694514,-0.230704766922743,0.061748331040832,-0.320192653931123,-0.376201971435179,0.104234408902501,-0.125027675776174,-0.259838581178454,-0.0825459567743939,-0.17752484049405,0.132410553543074,0.199228828317158,-0.483041148647242,0.129799460639027,-0.174145273428422,-0.12152667231889,-0.00701309522022657,-0.12149130373169,-0.206945948990902,-0.182048607073176,0.155143571670264,-0.0577614876086385
0.216448589507028,0.560540465457485,0,0.227880362078291,0.671962588461296,0.711896227321001,0.201747149230799,0.571842023977217,0.437799516824003,0.147080825488293,-0.00605354523260967,-0.126222444389476,-0.123110521815879,-0.197188285741562,-0.204633678638567,0.198029849013301,0.0169399901365933,0.163919795999059,-0.112072891923625,0.0689034946637656,-0.212374720573101,-0.206802251447126,-0.182080850654953,0.266632290269525,0.0462924291037949,0.302451054603901,0.0592122383417541,-0.219341743991179,0.037928967014261,-0.213845412447998,0.11798242512332,-0.13966199105155,-0.253021846027607,-0.160417323427726,-0.0912253906042312,-0.0248027448911917,0.0856776247878974,-0.28993720842587,-0.411844390528276,-0.0301002880664768,-0.488233784423312,-0.170523709862289,-0.256721175522435,-0.301864625621966,-0.333558913769583,-0.427130067133601,-0.29410383437365,-0.343683208234198,0.155271757848313,-0.221215383927463,0.0306919219198819,0.526619547227725,-0.0847207941365546,0.0907658093812605,0.713996805726318,0.736140818826395,0.332056611381346,0.562627234737114,0.121096230587677,-0.188578378093997,-0.102493304478232,-0.215518999523833,0.10779055931559,-0.0457929074746801,-0.185683619289866,-0.196699254834751,0.0987322305250401,-0.328672692800193,-0.0943054244704765,0.0254765350008849,-0.0299357233479168,0.0376337329566908,-0.147536250798297,0.12536508559657,0.101813876408792,0.168215315920995,0.252893976338763,-0.0425373186168313,-0.0139401993748808,-0.189308352935634,0.268454272666227,-0.278327815138332,-0.246333928917315,0.00311456879620359,0.06897112584154,-0.307161790729533,0.118807443044419,-0.0892630651240653,0.0725118335810573,0.062200896925324,-0.424054146847776,0.154925854870547,-0.214458025124556,-0.0785234051749513,0.00287955418039294,-0.268044769323662,-0.287417126710528,-0.285045755010161,0.163082368835722,-0.13824258150736
-0.0251044874841359,0.644971202505902,0.227880362078291,0,0.300850282355813,0.0781054850210326,0.473130981397289,0.572991863236204,0.102993467735422,-0.00786155486947854,-0.103073615441298,-0.0847522452073641,0.14388507076763,0.104658682730518,0.28983988872183,0.364247540367426,0.00853532290782931,0.23877574041981,0.0354321249204456,0.126647853698306,0.0700966015840561,0.0433017751295331,0.308785372407031,0.12510008420438,-0.046745947835804,0.104201602092144,-0.24758526163665,-0.180594624358095,0.2440322179312,0.085819141607507,-0.0529371852564092,-0.0388589736088479,-0.162608462012674,-0.254445003709344,0.0163588100380897,-0.371877037292943,-0.254864664969084,-0.318417142981172,-0.371759841218336,0.0531284301756835,-0.555845661234435,-0.340936926168804,-0.341879405577915,-0.221155681828683,-0.219424727983092,-0.170917350037761,0.0100168392415582,-0.0731440052914304,-0.0799489378073185,-0.296832801386071,0.058641581856917,0.46957736608131,0.462857963370621,0.748061362661349,0.283329947810257,0.175826538653139,0.630417172993044,0.415350257207543,-0.203927670611074,-0.0706290279339578,-0.0357927138156825,0.0519900261584353,0.104691780128197,-0.199249300853924,-0.115563993722367,0.214303242872538,0.204979850809349,-0.0609810309374047,-0.164748545374372,0.188582428386627,0.221018067998475,0.306145610082635,0.295843385696906,0.29407735631967,0.091438876792234,0.0324323654400056,0.373395474799259,0.17733110896784,0.00923784862071481,-0.0611185218982892,0.0316351339773677,-0.425666397470837,-0.368481793354117,0.1722826183223,-0.180386902840525,0.0355719072716479,-0.197120520060048,-0.214058362029904,-0.0443069249365482,0.0500261070264996,-0.329082554046009,-0.0205427636764963,-0.150188594674968,-0.210235229977716,-0.226669135126235,-0.193979491422245,-0.125656094466017,-0.0177627988485531,0.0155590091588291,-0.231218917124572
0.169767254714483,0.688630786833492,0.671962588461296,0.300850282355813,0,0.533584760017731,0.179028438008751,0.575778820075345,0.454719032329458,0.137920089879157,0.0141596053312905,-0.0401199585238401,-0.111334074659044,-0.157925674458695,-0.142977521976392,0.0662317511457085,-0.0347636710498053,0.0962823557745719,-0.111138412259532,0.0243420575108013,-0.16914535886722,-0.168601006495192,-0.120467220292484,0.143180619783326,0.0658579433836682,0.201956880624195,0.0508129912807459,-0.139723503829081,-0.0312879953567853,-0.170975750114375,0.0535828570012589,-0.143511541964801,-0.213424542172194,-0.175377944913205,-0.0692936277343003,0.127710108443987,0.120274822896402,-0.223230868716743,-0.310378961306367,-0.0216403135852104,-0.367178041480467,-0.0851214474403971,-0.211361345588535,-0.136198689403503,-0.197097136912942,-0.297818754727872,-0.232266961498611,-0.251829134654956,0.160951753504821,-0.0878007379012475,0.0154772530904284,0.377161405117542,-0.187128295540448,0.310860082240806,0.557329852795785,0.540120933478077,0.235279379525809,0.460833588768597,0.0776981237228171,-0.0905847932872725,-0.0136781210705879,-0.138341300465021,-0.0100924851478494,-0.10178630962931,-0.132780560815683,-0.122393559932174,0.0631203830865163,-0.262752442785801,-0.190488891411321,-0.0307948171666613,-0.0308963287022068,0.0248596639568133,-0.0733403777824798,0.0774998733604735,0.0432255525855707,0.176562079519338,0.193587802661022,-0.0319521113087488,-0.0344185312950941,-0.239358583453912,0.0950900640598441,-0.216224893562781,-0.252562763044099,-0.0269655835907159,0.0206586777832316,-0.244466712474798,0.0991657890331568,-0.0249593392315177,0.116795018573469,0.0519731197337451,-0.409116735889249,0.11631634121651,-0.18707281384539,-0.0650641675314233,0.0244021296360824,-0.10020072322927,-0.191208699343479,-0.198855266011914,0.158303491739002,-0.0394771281252358
0.261084553222763,0.362312153777125,0.711896227321001,0.0781054850210326,0.533584760017731,0,0.154006384712418,0.466008223814553,0.446432496108166,0.120247079985281,0.0129312535740004,-0.0494182248373847,-0.119567734536314,-0.257621562027972,-0.325837403578976,0.168868112533768,-0.039569382792182,0.173121689954538,-0.208419046227872,0.139698431288925,-0.351090940883524,-0.130622193109966,-0.147477581190717,0.179875779027416,0.121421842423114,0.175468915320588,0.0159502543642827,-0.120902512787794,-0.145512549577629,-0.176961435336535,0.074106112140524,-0.181482526838041,-0.198929997449645,-0.0349408233638531,-0.0395033650373222,0.0897965546504638,0.108098768651215,-0.242469917707591,-0.36703352126855,-0.00878036538215662,-0.302125063764068,-0.0930991250108197,-0.168260494860483,-0.256645464831802,-0.241549310216875,-0.412327251813862,-0.246335275461499,-0.250065069770263,0.382908977830552,-0.113505121324885,0.101027141856494,0.473039787845807,-0.0999682015860158,0.0549292554647561,0.766355968455357,0.834551421386407,0.278058356117264,0.495949525369379,0.11647633769113,-0.0451192371587939,-0.0130764608330499,-0.217688448961148,0.0398684248605411,-0.0599515682975728,-0.235172734707041,-0.297457108535136,0.223393829749188,-0.327540707603831,-0.0458305054543041,0.0508355177072489,-0.200364747838789,0.0702224229436591,-0.138064811064458,0.0793898235550271,0.0735667269501327,0.18787388432921,0.142353409540393,-0.0382277480098364,0.0870039442795748,-0.229474424388194,0.203581173915308,-0.073628066726586,-0.0433837511839082,0.0565771250192932,0.0522104947462083,-0.182666957443786,0.131117726810349,-0.0043066104669415,0.222380694982797,0.129850454219966,-0.316501368511448,0.00442485588917162,-0.192724451841369,0.0373104241655607,0.10208302245841,-0.16747070396684,-0.273207428043237,-0.182972679175739,0.377883556436397,0.00135729551772104
0.0616218338474601,0.442012816923382,0.201747149230799,0.473130981397289,0.179028438008751,0.154006384712418,0,0.558447625849768,0.0728498970636427,0.034650225750849,-0.0944516238162957,-0.133133004967221,0.0764673889929786,-0.00943796137595668,-0.00920645250880039,0.443712162730835,0.0114852411604544,0.0780211516897607,0.0283896475104714,0.13699266419768,-0.0992638154661271,-0.14581036360471,0.0606239328159166,-0.00824323774153108,-0.0850088371112124,0.00730864502926918,-0.427599618966592,-0.445901951165053,0.123287252916088,-0.182026485412031,0.0713335971146195,0.0589572921252786,-0.219639365431386,-0.342629724130138,-0.11536978539136,-0.340633573483475,-0.0550712539292551,0.0248675889350209,-0.333165132038267,0.405115836764495,-0.481053882385531,-0.225023007202246,-0.353341448475504,-0.158670776288933,-0.387178206408095,-0.225420302015804,-0.246196183225726,-0.207040176567565,0.134286943197083,-0.108161602190421,0.142888320635546,0.467797886934084,0.342755164237256,0.308463459675928,0.18814497666741,0.258671875666071,0.635304994463013,0.344455806556266,-0.12167927395906,-0.0418811325139292,-0.0219469323536467,0.0241580101280249,0.0335750193637662,-0.0822776621800865,0.010799334792581,-0.0310104368436213,0.608235932952825,-0.0714669777620773,-0.245954423708919,0.0337232060768516,0.0709302359077126,0.242338146485849,0.0857730281303665,0.703215703510425,0.021704572550766,-0.0543972532223049,0.224547367072325,-0.0506917125352415,0.160841362154291,-0.0386999404690658,-0.0410598799298659,-0.269910491995659,-0.294573109665234,0.135143735872906,-0.405226982786809,-0.180929460385204,0.0298322889680379,-0.402770375839085,0.0607182351858514,0.415580815975073,-0.269801755093621,0.200793476022711,0.161914049240538,0.0119806347639673,-0.0819452766884078,-0.0949434842510074,-0.149610982817281,-0.0841608006456704,0.246715410123538,-0.0372168883060958
0.240247574521941,0.73863825888408,0.571842023977217,0.572991863236204,0.575778820075345,0.466008223814553,0.558447625849768,0,0.410014254895197,0.216525296501529,0.0685522033738019,0.0319161639966286,0.027252490495817,-0.137481026807793,-0.114616973699106,0.52807932148752,0.057632435585308,0.441806598212131,-0.0300010624560073,0.261799459022122,-0.230613221201464,-0.0276841178968102,0.0842157371971207,0.309695806386984,0.192582993633855,0.225947676127204,-0.128586930909153,-0.199746354814226,0.0713258581079068,-0.15396652560995,0.0413840268653865,-0.196595555032167,-0.294555847469307,-0.134705465499606,0.0487434152047448,-0.241061639021745,-0.144063381850628,-0.359809332190547,-0.504702941047422,0.187110538853708,-0.610233299365082,-0.19002058383379,-0.230338962480933,-0.45251067923022,-0.287164033042403,-0.489767437704261,-0.235431564129239,-0.30939622270817,0.0476585862734931,-0.366930578209208,0.207517539469893,0.707456303648584,0.307553036785247,0.444991648603973,0.511587257229239,0.494279659628645,0.757105266893671,0.701434477924712,0.112661274390953,0.0527282992524122,0.150641990792523,-0.0581622525399081,0.200459084452628,-0.12413232682244,-0.197947543665789,-0.121989344254182,0.406579106651601,-0.167239690154138,-0.0963525316070716,0.314474177630003,0.0109307243124446,0.36174870677373,0.109211699428704,0.421501241846026,0.218266210955125,0.274497171675002,0.402511624388392,0.108454699244278,0.0778251641519311,-0.283285402695883,0.20567913304043,-0.381829057689212,-0.270831601621435,0.241159542850845,-0.12557373757902,-0.179880225009958,-0.101314951756509,-0.203941829415268,0.0735657491564298,0.225823756110535,-0.532819621411534,0.049876656920658,-0.181065244805569,-0.0300322002642701,0.0677948570716264,-0.336209203659496,-0.382985619246551,-0.247802704743238,0.118939562628221,-0.25393957949827
0.229227442831912,0.47042390032608,0.437799516824003,0.102993467735422,0.454719032329458,0.446432496108166,0.0728498970636427,0.410014254895197,0,0.464396986853391,0.285873751977571,0.370846433631918,-0.030210357058786,-0.217331748269211,-0.204151511931928,0.0177176885179573,-0.0582489324219802,-0.0495308385290702,-0.235030570270055,0.233903531974176,-0.122943448074557,-0.322584100954275,-0.180121148474872,0.19587906831823,0.479823995863506,0.102276079015673,0.0698972419610728,0.114546031372375,-0.140875059083407,-0.224653516889302,0.0121329386304634,-0.194791448811073,-0.140121817317738,-0.293292938654245,-0.262968486153411,0.326554586329147,-0.0137834060756519,-0.141761602537919,-0.286707273762686,0.0854335443879526,-0.163633518252537,0.0304040430657823,-0.166504959579595,-0.0568921572329857,-0.239959562446677,-0.32147851621214,-0.300762502314904,-0.318763201283825,0.126862455555706,-0.0966123144113324,0.0780295935372424,0.301652570521049,-0.24986722729454,0.202422893470429,0.450008993773245,0.366069132653321,0.184596091816186,0.680633994272902,0.371155675752456,0.345848734833047,0.400178780004088,0.0236245233247626,-0.04019809912064,-0.203897751689045,-0.13933182115704,-0.185018919084205,0.256835479330145,-0.335300723458362,-0.336339542358509,-0.0985326576519216,-0.0178374453655904,-0.158942838282585,-0.14679895661751,0.124827174245093,0.219261577889419,0.446603739533523,0.148322070335369,0.0213761354749135,-0.01334168451272,-0.27400799353237,0.157392955833187,0.0411215530468166,-0.155131089950797,-0.128097975535467,0.0736943123022166,-0.417391473859289,-0.0753096640269574,0.0234857380730445,0.216552001593728,0.217972755313144,-0.327736016786973,-0.0135353716985788,-0.106534613998742,0.0654428353841633,0.150374587886341,0.0848639841364823,-0.20428070307255,-0.268739316460576,0.141890512159429,0.0486141058452518
0.115419216314228,0.176594595948633,0.147080825488293,-0.00786155486947854,0.137920089879157,0.120247079985281,0.034650225750849,0.216525296501529,0.464396986853391,0,0.503118282707739,0.57732185214973,0.0401924128944106,0.0359131212778015,-0.0931022073030859,0.0745956522933496,0.254201723834421,-0.0430038892696575,0.181211369398121,-0.041428112749342,0.0664604508233481,-0.123309706193757,-0.152689565109545,0.375852245407887,0.651717902976108,0.361006998501277,0.177963813255934,0.210388506138151,-0.084325920197689,-0.0278251283537176,0.164386665631563,0.0882419177980348,-0.197128116848464,-0.114521602617403,-0.107118975731674,0.093166352119143,-0.0285476355186666,-0.202770204986326,-0.280317735034801,0.147442882288311,-0.232217627080485,0.169777215286412,-0.0377217215591979,-0.110189096988102,0.0133001389522502,-0.388650946561349,-0.271520390330883,-0.390601027799166,-0.0967187281970373,-0.198500002499304,0.0704552124825757,0.0697787181072095,-0.16429071690876,-0.0175542096067428,0.145296490236439,0.0320589542763592,0.0847076176187546,0.325484113437437,0.690047463927,0.472499909902064,0.514312955257084,0.0300010149891081,0.0549097022825478,-0.0041581383983799,0.232162921054407,-0.0768754666851363,0.0498843284611202,0.144611170400718,0.00881954729027915,0.0283342369122552,0.0957209351734506,-0.0411840277156246,-0.0521020076747108,0.118318494794347,0.49999390661638,0.636432511258018,0.13657282445468,0.151716016937425,0.177007226217147,-0.125590732297501,0.250670482855786,-0.0856569039134701,-0.0380520086060709,-0.0698585811550312,0.158203821723338,-0.265944118070149,-0.0734325414650404,0.00554700366487014,-0.0426095610080406,0.0744420454812374,-0.389669785259457,0.0275447968194087,-0.0944831879289233,0.255367994202065,0.230572742853531,-0.0325228797782822,-0.332021778264711,-0.317563074361754,-0.139920613031171,-0.0813883499440782
0.153153767792527,0.0372584275622007,-0.00605354523260967,-0.103073615441298,0.0141596053312905,0.0129312535740004,-0.0944516238162957,0.0685522033738019,0.285873751977571,0.503118282707739,0,0.542644231295768,0.183227460623529,0.126918139759565,0.0737728827454538,-0.111207304437108,0.0978150442725861,-0.0950024813943327,0.117848629168806,-0.024168815104056,0.109862100240235,0.0209178324865614,0.00896439375300823,0.159168076056576,0.471335587863652,0.315140330750433,0.128036510651639,0.310386072404341,0.0843543039682779,0.0663850364660938,-0.000468378878763533,0.115290620605163,-0.195649652638106,-0.137445141226563,0.0269979459632685,0.161743829417247,-0.0637669777459104,-0.0695862628662596,-0.131516765502546,-0.000159568321472887,-0.0381172027235045,0.132192768939056,0.0908006169313798,0.090258781306176,0.13643273001831,-0.055466307730458,-0.0319448311234233,-0.0294523940158976,0.016701931520407,0.0191065060848366,0.128510737191983,0.0537514477851255,-0.153981789542301,-0.0818522051755493,0.0361349040978849,-0.0543553620488469,-0.0138423028254895,0.210507676567413,0.466397522664557,0.510399298724081,0.416482477139658,0.203856134193667,0.0632243717175111,-0.106906160660003,0.121347910443991,0.0703948222844376,-0.026023278603632,0.0931576578274083,-0.0886459483476339,-0.00457790912671296,0.105978275726057,0.0230910816797144,0.064960627279725,0.0114754764284703,0.335508965754487,0.495588103067632,0.134979343435187,0.224749988335874,0.0739891634982548,-0.00723179539837504,-0.0274953013986383,-0.0312582826845911,-0.0109817604998244,0.0234791772359809,0.097615029798628,-0.0933425274915316,-0.10152225431125,0.144349400558391,0.0917631339485951,0.0263017697450435,-0.188899993908941,0.0133152772553326,-0.0768945496916298,0.103780371923337,0.184861442266489,0.107866632318212,-0.0618974050931731,-0.044135730918013,-0.0305173239173612,0.0805665570180634
0.12211220736828,0.0289017343251396,-0.126222444389476,-0.0847522452073641,-0.0401199585238401,-0.0494182248373847,-0.133133004967221,0.0319161639966286,0.370846433631918,0.57732185214973,0.542644231295768,0,0.170412767758819,0.263519715728228,0.0860322942503975,-0.027906103574513,0.352591642364623,-0.00851281761853059,0.330385007386732,-0.0323503618430567,0.228680187292663,0.0771549199045589,0.131539953833665,0.273923784788661,0.673369818756131,0.307276228240129,0.186391006581244,0.578809303043604,-0.0347211698598674,0.230041507227654,-0.0942616710025214,0.0725600105521892,-0.142924228250325,-0.116360432160921,-0.0158631161992282,0.164544204323532,-0.212231337468584,-0.240257946135135,-0.230530532487863,0.0345235570638574,-0.114119534006994,0.208449128553928,0.0374126875491563,-0.0496383185148152,0.0982201084770747,-0.16687004872496,-0.0310309471176447,-0.0813119827768285,-0.0680768503604628,-0.135037077343955,0.211663595550677,-0.00472780946247023,-0.0550494693208278,0.0349908995226899,-0.0103454176500757,-0.146706530828316,-0.0390093300879814,0.168283814065663,0.562951093236845,0.759596992727391,0.687286453563983,0.156318156417601,0.0720596101234843,0.0306055380774474,0.360107957065067,0.101184364198069,-0.0271596735430352,0.335582997421046,0.00812096449019687,0.0588626881457242,0.182518503318212,0.052708403586718,0.189084387357871,-0.0494017570810957,0.631652495330476,0.701500378980823,0.0715421666673445,0.434895535413705,0.0573419069747118,0.0200690250685398,0.012847166634655,-0.128585984816872,-0.0968132338637665,-0.0647148756249386,0.154054172066107,-0.0671910492640882,-0.295994307261389,0.170748083265682,-0.00591255062237975,-0.12425873215747,-0.299271037946399,-0.207347751094354,-0.216436573826299,0.1360929344254,0.108683311083941,0.0614860496231607,-0.204043034637468,-0.16575632166445,-0.119433207469537,-0.0523559955491587
0.0569718738916426,0.027983632592323,-0.123110521815879,0.14388507076763,-0.111334074659044,-0.119567734536314,0.0764673889929786,0.027252490495817,-0.030210357058786,0.0401924128944106,0.183227460623529,0.170412767758819,0,0.388537880248204,0.410760668339332,-0.118106527490129,-0.0568548290203103,0.0504753575490263,0.126706862502705,0.106395750662712,0.252800066664684,0.210199103339597,0.292063890378427,-0.130640425704224,0.03875197673843,0.0397714923798464,-0.0787039338686476,0.0529952573108457,0.356258844128044,0.238326797257808,-0.183972719524236,0.0374067097484359,-0.176891472837191,-0.198034989274096,0.0772737073564321,-0.0548342625240843,-0.117267724256379,0.00122568586217592,-0.0219443400133899,0.0882331089395918,-0.184703091853732,-0.158989856992092,0.0183799039840884,0.133665206593539,0.095167507200865,0.108750056727169,0.117351126260719,0.161890842908144,0.0747937677193707,0.0472583628505955,0.105617293664223,0.0846344100374706,0.108709073124725,0.0873064888002388,-0.146145005274411,-0.093500866748938,0.141883742154295,0.0491951905025042,0.053930988052751,0.182699107354121,0.334659519073277,0.649141840016759,0.42821573048992,-0.0526679426943029,0.0189707811237696,0.331523697049319,0.0322700543157682,0.167830680501858,-0.11940066330953,0.23590514091404,0.307005479758258,0.357031457337601,0.357805984074457,0.113439668525688,0.0880683150958639,0.0599601665826421,0.252924900976227,0.207972012854755,0.0207618305814126,-0.0124315427828091,-0.28766725117109,-0.118301486931607,-0.212783987379123,0.215686808379353,-0.21741530656488,0.143128198969498,-0.0904682629685073,0.0590015222726182,0.101934192085241,0.0118613221864861,-0.142548311380847,0.160093540884879,-0.0102250476046957,-0.134895854490945,-0.0542711850703056,0.183303726435225,0.101183445870293,0.21248431392227,0.0718910486137334,0.0807272981211531
-0.343090170106391,-0.101309974217303,-0.197188285741562,0.104658682730518,-0.157925674458695,-0.257621562027972,-0.00943796137595668,-0.137481026807793,-0.217331748269211,0.0359131212778015,0.126918139759565,0.263519715728228,0.388537880248204,0,0.731756535821766,-0.175223814049171,0.38515125360598,0.0100213654312479,0.543874294670722,-0.118907889905072,0.697817213725149,0.32006048712472,0.549218249383522,0.115079057773007,-0.0173947349494996,0.234134351050057,0.0909632596122805,0.30821074402142,0.522696566326876,0.601554949078242,-0.178176254253017,0.286239029896781,-0.0344262576757984,-0.0912559791080115,0.122053188630235,-0.16402667115232,-0.0489521944171623,-0.208225947516538,-0.115894509274892,-0.156274260591736,-0.216254200694691,-0.194113060218275,-0.174750295313952,0.00196367637688274,0.092627275115158,0.201401599363973,0.416333047556596,0.296389098166502,-0.261588561871865,-0.0966160304109986,-0.102112284204636,-0.131497469643421,0.136003063250076,0.0573277968336449,-0.144899992855722,-0.230919763917159,-0.125171455457439,-0.203712503749214,0.0148304939861918,0.151210565619115,0.112823269738358,0.106734121289832,0.307266591694802,0.191820108339731,0.471259243752542,0.717279703906964,-0.211031332764187,0.429337394513011,0.0608861974750423,-0.0156677278409581,0.662172256797146,0.186331387758531,0.645610627921263,-0.0902253469442101,0.289987752392546,0.101030028812418,0.342494745366111,0.566816950237075,-0.0538249465606956,0.316080021955313,-0.0471363094280422,-0.383597388629993,-0.296132397900267,-0.0499558953504539,0.0759478744675099,0.32217062543494,-0.0355364180379018,0.0841300153577577,-0.195749270582391,-0.272649359289103,-0.0590352152589697,-0.095523418532246,-0.10398539582758,-0.240897656107337,-0.403796388962052,-0.0812236918228633,0.119976162384097,0.273535113990217,-0.234950809391778,-0.18342338845985
-0.392509817647226,0.000256824677122637,-0.204633678638567,0.28983988872183,-0.142977521976392,-0.325837403578976,-0.00920645250880039,-0.114616973699106,-0.204151511931928,-0.0931022073030859,0.0737728827454538,0.0860322942503975,0.410760668339332,0.731756535821766,0,-0.287940851678522,0.153661019563664,-0.0534486287388964,0.329058136250876,-0.12393877743895,0.734813820641528,0.285653956266878,0.671651164458916,-0.00480698797642648,-0.152143338270997,0.103566103398077,-0.017216152263027,0.226999274305833,0.63323846548219,0.610164288139306,-0.289655870235187,0.25834845524787,0.0356729942784713,-0.242738255856678,0.128549632609492,-0.149418180705746,-0.0662349835611982,-0.151252883014763,-0.0379126648842537,-0.163116251183414,-0.233618332962277,-0.31009565364496,-0.238913084272636,0.187887974901408,0.0884270719647931,0.375139219209882,0.546593487534929,0.416788735877827,-0.234053369196289,-0.0211220356339074,-0.146214740301654,-0.106484737926263,0.146640417287624,0.230345430935371,-0.179610453982448,-0.267310689199485,-0.0834786135404828,-0.142466266456633,-0.223287323703764,0.0174570900523102,0.00439684459832226,0.204324965152319,0.200109073781097,-0.122172994604998,0.199927419858353,0.85506527382826,-0.205295122029121,0.173281665287719,-0.128350194877314,-0.0759296776924285,0.682549986024145,0.178514033245844,0.699047823476461,-0.0520098638579527,0.0775677584136863,-0.0534086674874643,0.411523110663667,0.522032967881383,-0.186905709205203,0.327155690479743,-0.159597492835306,-0.341666531577439,-0.294958074056882,-0.00902156353122894,0.0358980483101469,0.425084845523302,-0.0400061738492925,0.154516516333627,-0.105781344849858,-0.235723857418684,0.0825399338908565,-0.0660930456542353,-0.0702371443644317,-0.353886174579762,-0.476799650596112,0.0837518016781505,0.345273589971439,0.441478125383656,-0.17739853643451,-0.0840146930724325
0.212467576562575,0.266339542831175,0.198029849013301,0.364247540367426,0.0662317511457085,0.168868112533768,0.443712162730835,0.52807932148752,0.0177176885179573,0.0745956522933496,-0.111207304437108,-0.027906103574513,-0.118106527490129,-0.175223814049171,-0.287940851678522,0,0.228969583850564,0.611836384587944,0.107279501790931,0.319151829388725,-0.312192252493988,0.194232991266782,0.00982138025591859,0.349597823601531,0.136973294101048,0.144747395435291,-0.239909721278719,-0.196033942458387,-0.0789229534404248,-0.133456872059507,0.227725956301978,-0.10326412800686,-0.0815614496600176,0.293478441850326,0.218956727378996,-0.464552332780579,-0.288548795933749,-0.293315425775951,-0.329918059120306,0.189602102497724,-0.373116197335151,-0.0372396315378283,0.0301111157439118,-0.620912403422353,-0.224496565035492,-0.528036375906527,-0.204113989521848,-0.318434402603874,-0.141309216537515,-0.524164520335125,0.235647942715679,0.414344381890503,0.641905052238545,0.18349187596914,0.19042530646567,0.171256790282633,0.615309268690627,0.32092850600855,0.081097048627819,0.0345193126943756,0.0421957736562115,-0.106516036820024,0.161531687944849,0.160814713829651,-0.108908685133254,-0.292106064205929,0.313938931779393,0.145928809801961,0.306989370682615,0.502187228030611,-0.129239561043076,0.391950973164374,-0.0341521599796031,0.27283880073638,0.257965192651168,0.158728064281228,0.143215566714013,0.0266171021631236,0.282197268729809,-0.18934868127193,0.335970591297575,-0.231636301131745,-0.0423323151828082,0.3820383845487,-0.194963486555851,-0.0177063367736167,-0.227572789887936,-0.329050263528935,-0.193567408700382,0.082557954541473,-0.365776268082965,-0.0999889164646322,-0.105810881000817,0.157786323154524,0.195108421285213,-0.539360438224557,-0.5362217387669,-0.309959946168697,-0.0856462817199657,-0.448455595847424
-0.260922406619045,-0.0749006725888876,0.0169399901365933,0.00853532290782931,-0.0347636710498053,-0.039569382792182,0.0114852411604544,0.057632435585308,-0.0582489324219802,0.254201723834421,0.0978150442725861,0.352591642364623,-0.0568548290203103,0.38515125360598,0.153661019563664,0.228969583850564,0,0.207365156053827,0.732462301013733,-0.17062711991034,0.387553877148725,0.252065530946158,0.130359145167688,0.587504176114262,0.219874625759679,0.488592867040334,0.17167481548556,0.236676305153857,0.146680912447502,0.327475175048982,0.144726693424791,0.35834503774412,-0.0521585823718671,0.201537422773651,0.126154954533601,-0.304100212897364,-0.0327436076434089,-0.362419798042196,-0.22475386832209,-0.14971727273915,-0.301659866892104,0.00830819220695098,-0.133716640133957,-0.361450737072226,0.0171247985002509,-0.270944446537395,-0.00203938060479734,-0.258958174096281,-0.436806753168932,-0.443930429831558,-0.0841573483755331,-0.11126625000467,0.202470619206616,-0.134081470449144,0.0971028628384969,-0.0318220298791007,-0.0649661824620773,-0.00499379129978459,0.258662815610915,0.188372235521648,0.185512017956847,-0.207239029661607,0.00863998876464854,0.172953385951355,0.541574649029615,0.166828157345967,-0.284050940058133,0.579464314477935,0.402179965205052,0.0342208835187197,0.359199655940948,0.0725629827528269,0.170541243970318,-0.0546743469547174,0.679520248174732,0.358053555970574,0.207561575151372,0.425015886291016,0.210116367035821,0.258636130156078,0.474682578019805,-0.475499401729408,-0.118711509434104,-0.13851263481847,0.217619497685916,0.00284197760857898,-0.0474897237897515,-0.110050401520348,-0.488993439678671,-0.321280400136893,-0.298371538768015,-0.253698103223369,-0.0921760319423542,0.118166520317255,-0.150766575657081,-0.46390946337705,-0.35678955876048,-0.289482382333329,-0.470511713092269,-0.475141666663709
0.159696986365718,0.143574939954647,0.163919795999059,0.23877574041981,0.0962823557745719,0.173121689954538,0.0780211516897607,0.441806598212131,-0.0495308385290702,-0.0430038892696575,-0.0950024813943327,-0.00851281761853059,0.0504753575490263,0.0100213654312479,-0.0534486287388964,0.611836384587944,0.207365156053827,0,0.15065765815189,0.385981592447885,-0.144871152268406,0.563373638221409,0.353315276031743,0.351176499455447,0.0832185819534304,0.184091589352869,0.0501302645291257,0.0775290374059748,0.0696145062738457,0.177440769938914,-0.0527881759067183,-0.312189429587794,-0.0528051449620835,0.563229440806717,0.476380727193049,-0.262394237582031,-0.239350771740462,-0.463629809739231,-0.24079942996486,-0.0682962258785598,-0.301234502296463,-0.133557379236704,0.128615828820632,-0.581307026601023,-0.0117131022537808,-0.322951210165952,0.135352314227952,0.0311765843662209,-0.132924907059838,-0.453499236823316,0.151110343244859,0.294400719010937,0.541279679696919,0.163485800333914,0.105960835129369,0.145781245152335,0.4325863919418,0.220420120841219,0.024397620612372,0.0130715548011975,0.105051888735297,-0.0588587371596263,0.390991182844612,0.19446575744189,-0.146300788050427,-0.0295216332548329,0.0314010194316367,0.220287460513509,0.490815536738053,0.742497284270025,0.0313945388028112,0.579931346063051,0.303359103750806,-0.0775388675969056,0.236295208474825,0.158066138229416,0.277233133969042,0.287576653571146,0.0200240413953816,-0.280717648046953,0.240408781524093,-0.260943973579127,-0.0076401760382162,0.452662352621157,0.0157175017644277,0.292385751943241,-0.223349204836813,0.00977683677740574,-0.0643749825098777,-0.203264477298154,-0.345769159075806,-0.192233892437018,-0.288131339266284,-0.102693126137545,0.093469529242061,-0.498377332395058,-0.382273099823636,-0.0462089695069963,-0.101976930273594,-0.44792850419498
-0.200543659434903,-0.078025117050445,-0.112072891923625,0.0354321249204456,-0.111138412259532,-0.208419046227872,0.0283896475104714,-0.0300010624560073,-0.235030570270055,0.181211369398121,0.117848629168806,0.330385007386732,0.126706862502705,0.543874294670722,0.329058136250876,0.107279501790931,0.732462301013733,0.15065765815189,0,-0.185246875714253,0.476009742244545,0.337803600354244,0.234509068980861,0.305715155586365,0.0903328283816677,0.414407191507791,0.141706315159527,0.23281141712603,0.323822031556057,0.360609854473822,-0.0404150015808386,0.261600451295696,-0.125482627134152,0.10768437544849,0.186677012112811,-0.237252146094029,0.0584163686929383,-0.314855872819355,-0.15986887081122,-0.126999800973859,-0.285027805850221,-0.0334125444775262,-0.0710424074951484,-0.234066637677483,0.121385907182682,-0.0523461724617231,0.131412747348084,-0.0323175655834555,-0.35035533326226,-0.213238737226725,0.0117880028545834,-0.0955840264877828,0.247240484923868,-0.0513046284122253,-0.0646702817910852,-0.162639245208007,-0.0474110177245683,-0.176113529387329,0.202784583751327,0.180693077895797,0.163727398984691,-0.087944263377152,0.113441111090039,0.180326974052396,0.606068983370121,0.318407591229981,-0.312844124518354,0.665386175154193,0.339260932533926,0.109042609609457,0.426201023029638,0.217092789812234,0.337282331766649,-0.0401632579274351,0.526437684885231,0.266093890878532,0.264469504722221,0.449859877092121,0.0934766588689264,0.276298474649551,0.176656842813336,-0.501505301369621,-0.19263162503811,-0.0351048471369496,0.161001709527059,0.17576640999314,0.0544317747031689,0.0485180685500261,-0.329158086566807,-0.314472135580102,-0.21974164044045,-0.129981208603748,-0.0919204885227676,0.00714079680017063,-0.196571276875483,-0.338077574691451,-0.123032736292019,-0.0641556131793716,-0.364870415688932,-0.287990829600987
0.297872078793979,0.21634342689447,0.0689034946637656,0.126647853698306,0.0243420575108013,0.139698431288925,0.13699266419768,0.261799459022122,0.233903531974176,-0.041428112749342,-0.024168815104056,-0.0323503618430567,0.106395750662712,-0.118907889905072,-0.12393877743895,0.319151829388725,-0.17062711991034,0.385981592447885,-0.185246875714253,0,-0.198580972390467,0.161733125869881,0.104608376424099,0.0163863771995439,0.10142736814891,-0.124878620300769,-0.0411131840985989,-0.0465902430498164,-0.00783758405946067,-0.0971696998798339,-0.0583432970981039,-0.385771323642843,-0.123027476576409,0.149080137134965,0.217819460339692,0.0727637165199171,-0.0359811505238451,-0.192762090971117,-0.190912683475244,0.0948417334308317,-0.0204436437021411,-0.261597620310344,0.0931389942677778,-0.183522094786524,-0.0383808726268822,-0.195150639675558,0.0574482684465257,0.0997817993092835,0.17758509092971,0.0353505756611518,0.0748649905309804,0.221857599090498,0.202222267746701,0.200056293253297,0.0734789131067906,0.105026901050032,0.295037533180065,0.271489728942444,0.0258654019479298,0.0931757833647971,0.214920390107496,0.144691273107918,0.145355314355133,-0.0585666253431358,-0.26879587142185,-0.125652320050341,0.345952621702159,-0.161010351946652,-0.0281449062862742,0.387938872487885,0.00477456357288863,0.335459718354114,0.0935544296106595,0.0999916091158538,-0.0335019269713504,0.0884894292704453,0.150315813938666,0.00200667776601782,0.0751839757963025,-0.328509364155632,0.0752878055572939,0.236851702648275,0.0193876002671018,0.345511933757192,-0.0552538085992063,0.0795804062094043,-0.0985059179344858,0.0414951208442557,0.338340895994095,0.275212958622349,-0.182656557689071,-0.0708040841711638,-0.0390991466191995,-0.0616359183610407,0.200247515234331,-0.0590065888647135,-0.102029322728438,0.170982461895755,0.223280527959896,0.0850311248416154
-0.405809975795081,-0.103373976908643,-0.212374720573101,0.0700966015840561,-0.16914535886722,-0.351090940883524,-0.0992638154661271,-0.230613221201464,-0.122943448074557,0.0664604508233481,0.109862100240235,0.228680187292663,0.252800066664684,0.697817213725149,0.734813820641528,-0.312192252493988,0.387553877148725,-0.144871152268406,0.476009742244545,-0.198580972390467,0,0.198420854393428,0.46431206530022,0.120157136396393,-0.0454997961664922,0.217256353626139,0.0796789699221683,0.252731284553654,0.505567269081163,0.49870665142375,-0.194940278843765,0.308287636833354,0.0135607012969185,-0.224854277335321,0.00699635454540285,-0.0943378023036204,-0.0328723386938006,-0.117763629128298,0.00109479019586643,-0.21275756048067,-0.148077381096624,-0.237710180672658,-0.294312079852627,0.162461303159925,0.058493824324736,0.291331977764454,0.3392384431009,0.195756350621442,-0.351399644914661,-0.0311034781208276,-0.240609640225288,-0.277374569901243,-0.0359618309542958,0.00111691871435897,-0.194570548810269,-0.313346640106877,-0.253644783490419,-0.145695144077049,-0.0193990558172372,0.12371612470185,0.101128519665645,0.093617854307819,0.104805296251503,0.0506409625013555,0.485261721687719,0.716709542447123,-0.342632836582771,0.345306748736438,-0.0363565323247195,-0.169670768792758,0.751025696795937,-0.0254143118946451,0.489507203867642,-0.168083142730025,0.276833155804215,0.0536796262585463,0.24267716784456,0.441604498197722,-0.147822881327138,0.292066078661082,-0.0318317775113773,-0.34097605543748,-0.339463816492142,-0.226836709455067,0.0377980502258732,0.186728022874754,-0.0322173759177641,0.0529849104974621,-0.291721535153208,-0.377159239278137,-0.00183431641519019,-0.0989796365352832,-0.0110876058388585,-0.294826018867445,-0.501148659097956,0.0350060321007955,0.182648776227943,0.175094605442226,-0.346745322958585,-0.119491892575073
