0,0.00973626052005732,0.42092337699038,-0.0815617198984436,0.0445435744641767,0.306631012808263,0.363199437571421,-0.0978869230538574,0.0659461422081024,0.320996829458885,0.165500994265415,0.208626356236717,-0.0832456602594601,-0.100217644167864,-0.242874096009095,0.464308718217367,-0.0191116610529581,0.0386887962173727,0.0525851809895269,-0.160292596430376,-0.193356455383591,-0.272221390927107,-0.281168322853703,0.0899333528886776,0.399836545409812,0.146930538207227,-0.422540463382731,-0.422968978192218,0.0554303012116322,-0.491459054919391,0.0863737668660896,0.175974114264495,0.0806367332628553,0.137026425257447,-0.220417743800069,0.0652252642942621,-0.0496790740682561,0.611857875598895,0.479697747695412,0.291610743267928,0.130298730816422,0.488999374955222,0.115883361647903,-0.045645413555816,-0.0697695428111286,-0.448652468374494,-0.547223009701757,-0.444672985398885,0.250789366279006,0.0178068599245571,0.574311043325671,0.220177011360744,0.298083411827988,-0.208362923140825,0.0710653949135678,0.287997011240868,0.105349018847238,-0.0352733699019011,0.232193031425437,0.153266731008585,0.181541449644838,-0.161049988464296,-0.354799428531842,-0.219348035530747,0.045086557132891,-0.260169937513961,0.30899655844211,-0.0195738384560538,0.00798127369588563,0.0542118813910745,-0.0738352796404213,-0.232944473412568,-0.495695324025395,0.297180103536639,-0.194424945393132,0.365144789726288,0.00456908332358025,-0.507572946075338,-0.0170119710671287,-0.0597950205407011,-0.176785604161347,0.0212509439657507,-0.0890874399917573,-0.261852757315896,-0.278188039516492,-0.519674860407938,-0.141597387892847,-0.418907970129422,0.111949485655524,0.00334299563428501,0.410365477615637,0.417408600723717,0.479124692666046,0.461215553364761,0.00516533329903509,-0.102517191742317,-0.433436662875528,-0.535458691862184,0.222718355801406,0.065556861104249
0.00973626052005732,0,0.364640254476788,0.604420739991285,0.6092317386528,0.225697283561596,0.278848029296663,0.429219956183628,0.227679021249353,-0.161889393109583,0.220553713870944,0.31694717550006,0.158189460656615,0.114868764512667,0.282584219841316,0.414617368317563,0.206341042532904,0.374626725436292,0.191099961471435,0.422640179324096,0.00629008669827167,0.0503897873194014,0.180358140233317,0.422005348227592,-0.106573761971673,0.202607255844555,-0.0230346288586257,0.0284412402073667,0.321955916360663,0.0461639605289693,-0.256776949011045,-0.122476936252094,-0.0339465012131467,0.183229126993781,0.0528966000094814,0.314519433805223,0.132947497149436,-0.0357171228781708,0.0627148290351023,0.0269202734569412,0.162136275039911,-0.0796097081830881,0.0668017730157031,-0.209895847277619,-0.156676020841937,-0.131515115850439,-0.12365597099804,-0.141937679927891,0.384884949371866,0.34071111789161,0.0301510586650627,0.610204090512798,0.368032127137801,0.526388856551672,0.405621391741162,0.13453222890797,0.43275723216711,0.311674141152755,-0.222221359162929,0.196113848187751,0.369335678792804,-0.0364384508586479,0.0511058145959989,-0.012563982431751,0.0423535849119622,0.247996875498954,0.170119804450251,0.0907003265380213,0.124723830121496,0.211656957969863,0.0226928809268247,-0.0364386506620543,0.152486251698643,0.0777138259764653,-0.013199847543292,-0.0243658281011754,0.271711235469411,0.0244018617385852,-0.150322498325724,-0.165316409859971,0.159947498263277,0.0738957639038543,-0.115224030378385,-0.0723888681083786,0.0417405216504011,-0.178242973181378,0.247080905483137,-0.0116244690597807,0.349670975136824,-0.0277391441389191,0.0410059156260354,-0.0636417458207373,-0.069586580160625,-0.121079588392344,-0.0822821851072551,-0.135321586821773,-0.107968875651756,-0.106756496063889,0.390685195515458,0.12153824905692
0.42092337699038,0.364640254476788,0,-0.0521392754412824,0.325819960196253,0.668933606189233,0.474965133970097,0.382390751855578,0.367212212454979,0.130761851309611,0.386141337790296,0.390886490176261,0.122382576388547,0.213060487309417,0.114834663796717,0.44710063811054,0.17809768541987,0.242641673545998,0.314064366987249,0.0143440800442073,0.0516878744374178,-0.107220683155261,0.0884680756763028,0.297514261579633,0.3127040575882,0.314148962493242,-0.231596900491565,-0.230112693337304,0.32712530742807,-0.240275306763111,-0.13540697628018,-0.131606599602438,-0.3450040912168,0.186516303480846,-0.0219690926376236,0.310800035399895,0.108130616905886,0.294909441857812,0.42947031183946,0.321593861730648,0.224867725098367,0.387032282938138,0.244819155844745,-0.083115084857969,-0.0214886484625746,-0.327904712957991,-0.354749417893525,-0.337932682836226,0.527248522032406,0.192811739025414,0.189805658813242,0.51636088455416,0.202142665251901,-0.0669284734396218,0.579280904050761,0.618493494687782,0.35952972817429,0.386699701788699,0.0657842272460845,0.245150988444845,0.332521617956902,-0.0396922661040086,-0.105189974647874,0.0212725649640675,0.28575083063977,0.0909282505022831,0.326657016775661,0.190132016338241,0.216746118106613,0.204339487658669,0.0453912500278942,-0.0984480627849589,-0.197832631624346,0.369378498130547,-0.0145519889187195,0.35269508733879,0.227218352748815,-0.228900582256891,-0.203830618968957,-0.273775984133267,0.0438065802249675,0.0402606982899104,-0.0508429328559608,-0.128592994822857,-0.0709476591596698,-0.417380904635796,0.0510424222938453,-0.293364314391824,0.298438559276861,0.0665802874762309,0.042754677631279,0.286564301027044,0.37405248543556,0.287784636926178,0.0884341434238044,-0.0803582384468119,-0.274127388775924,-0.424617631869574,0.503695913574606,0.224528361100836
-0.0815617198984436,0.604420739991285,-0.0521392754412824,0,0.445029844380717,-0.0606145163944972,0.124257306508518,0.171848080335655,0.0285926732796358,-0.207166794285075,0.0560463917438601,0.181081650904863,0.090064592616084,-0.0534094825181367,0.104777713704185,0.205441393142463,0.0527033951726893,0.0864872458395962,0.0134765897110489,0.26102553674214,-0.196395347505859,0.0905097352326617,0.0280864010559215,0.304201248632606,-0.268382026106651,0.0560075337279594,0.0460184541102934,0.10688929652543,0.154694712045772,0.0683508670662394,-0.172360376419677,-0.0191693374067224,0.128750256282078,0.09163568218962,0.0368865302971473,0.0649507970013614,0.0923647968527364,-0.097091957532549,-0.113584518743581,-0.0575759313127491,0.0835845242743284,-0.239730709574928,-0.00330324461309837,-0.149376630494672,-0.129087285733123,-0.00549824969539728,-0.0367518697669535,-0.0715792839031094,0.148769676499127,0.25579957375726,0.0779964235387224,0.298691703539568,0.267988390496823,0.68572192959124,0.169501323062077,-0.123846897198725,0.24071550393778,0.0627615340791162,-0.233685750402417,0.149049317077494,0.259682003545358,-0.0207815666911883,0.0446043474499216,-0.118421593423903,-0.170507838090059,0.0763162781461851,0.055696290161443,-0.0500871045891883,-0.0265594401254738,-0.0194518901234802,-0.184321608853789,0.0185294430136591,0.0858608414857611,0.0120613595569661,-0.0294467332552187,-0.155481627936439,0.131142474136787,0.0674995412735764,-0.0201568983884958,0.0404215443978844,0.0867473965719791,-0.0151288556716145,-0.0876101246648499,-0.0301812827207274,0.0314823602799848,-0.0442754714661502,0.187716289541478,0.115014022592667,0.0983161796101959,-0.032436377932908,0.0597692046088688,-0.176192981136195,-0.167781616405854,-0.238714617763545,-0.107868224174891,-0.0491118104752133,-0.0169527442273927,0.0056919671353655,0.160567071944179,0.0189597212961551
0.0445435744641767,0.6092317386528,0.325819960196253,0.445029844380717,0,0.256247487928421,0.163970263050049,0.191397603496999,0.179353023726395,0.0279538576300753,0.208930862390406,0.214900281148087,0.0891877135434602,0.0141194659023188,0.10214756376932,0.178703007370546,0.103763491985339,0.114401709991126,0.117024761337255,0.158164820768868,-0.134064685402081,0.0739604369448364,0.0466654533099904,0.326256877080503,-0.00169315755911587,0.118950624005618,0.0225019812156913,0.0694282600276941,0.322704632261808,-0.000707224844307933,-0.166262998266743,-0.0737823941414188,-0.0164394004227688,0.219024070729486,0.101273602024271,0.209670866329885,0.152327125909913,-0.124956616131058,0.0345947861099105,0.0240920962121701,0.174827893128589,0.0575776938980497,0.0994004067602279,-0.0249751498916816,-0.040314306166135,-0.0575867113957371,-0.18220818063035,-0.0932736772649839,0.313306502440578,0.21626468943169,-0.059031504970198,0.471556618211543,0.194671817807174,0.306713305961493,0.453029308636747,0.11154114521122,0.205609731428925,0.197059963485319,-0.114724890180452,0.204013885269962,0.238306303257265,-0.109300874587761,0.0411384849646391,-0.142975811270988,0.0336818619616633,0.04674311591053,0.0647690885132597,0.136499063798901,0.0942087193842655,0.0467644239193141,-0.0473635371521441,0.00858806764554766,-0.070036099134816,-0.0077100540430341,-0.0459746597421351,0.0927163973005385,0.252429943412336,-0.0636949518163924,-0.116122296011607,-0.271557836230168,0.0649665771969292,0.0608715203489992,0.020925948168464,0.0439293771698561,0.142805035986308,-0.13834630005968,0.0738950476999342,-0.0523294935727439,0.248881143463648,-0.0281612194242949,0.00840402056838291,-0.0966129164025849,-0.138909916710272,0.0500810144923539,-0.0566289539322591,-0.0657577911059434,-0.0310329026869091,-0.131091976793999,0.36210045863396,0.176338698800943
0.306631012808263,0.225697283561596,0.668933606189233,-0.0606145163944972,0.256247487928421,0,0.457982114135715,0.433697403876314,0.55860060181351,0.247847075454404,0.435562224924964,0.296268190404858,0.140911604190587,0.279664691227242,0.174602078899968,0.283145697794079,0.173732356384992,0.167626953712125,0.325571494627183,-0.0617626459648492,0.154262107597253,-0.19189266602623,0.113511757644046,0.213123273725907,0.36827145709825,0.191014939987685,-0.284895240714582,-0.316523465687417,0.326145002370308,-0.237674279839748,-0.18101230277916,-0.0369425740960321,-0.299121119180189,0.208088536837449,-0.0827322126868315,0.271258694581763,0.0740802860542491,0.216451744265735,0.345491900605932,0.352887022890744,0.254920494631945,0.243100872269749,0.0975650011379375,-0.130513676807904,-0.087734701912226,-0.356646957519538,-0.346505015079789,-0.339730131729583,0.553925218464708,0.157911378292908,0.144072808491932,0.411002307117292,0.123923645359667,-0.0441723325835853,0.668773792223867,0.770917512323464,0.401334594127224,0.523869130211718,0.170221363208018,0.277572676502692,0.232448951521438,0.00178716344400596,-0.0760606692964011,0.105913125059564,0.322935077352341,0.155611839213734,0.313181886187576,0.258291359840422,0.259069431346894,0.195181021583934,0.0580096292199864,-0.141529558306727,-0.20928864234598,0.428258578169916,0.0227036616161277,0.267939562100663,0.282421835559461,-0.250136036480827,-0.23694227815328,-0.142902166763195,0.034629506358345,0.0714428380119736,-0.116671987541641,-0.18241251106922,-0.153800857888333,-0.410319944393712,0.0249008873879356,-0.359704298072175,0.244376696958467,0.134172148779217,-0.0178768759766414,0.301860683598338,0.382295917147628,0.190554383111219,0.00382456258550224,-0.125863795044105,-0.326994904589231,-0.398686597133023,0.57753094427258,0.287179094880755
0.363199437571421,0.278848029296663,0.474965133970097,0.124257306508518,0.163970263050049,0.457982114135715,0,0.342780118395875,0.40497822904204,0.209340071148439,0.398592703624971,0.39520955535681,0.159731688315435,0.124313964901532,0.0351014220766311,0.560772334854572,0.236670466913506,0.259849341679563,0.285982949760738,0.0500436864812361,-0.02271051198146,-0.130618883136406,0.0632413424817154,0.398368948830283,0.257427981000712,0.241051849905826,-0.348090205227523,-0.304813981256705,0.33136590233757,-0.274150767645814,-0.149242509498023,-0.0116650367744049,-0.0400478276085648,0.349943181913367,-0.0691499859457095,0.363248967242524,0.163626940903512,0.404934333250728,0.497132262159426,0.54058849780958,0.487616993483061,0.245594569535576,0.150352258826522,-0.140212131494312,-0.145244315071763,-0.399528495394504,-0.379156166501916,-0.36833966599801,0.542460955648633,0.415237454696992,0.172912532603094,0.343626067855147,0.392035025150416,0.104613456492502,0.298735525584963,0.456659603537198,0.483783973589321,0.344165799179759,0.171885248357993,0.268802030762689,0.363372468170126,-0.0201123942219473,-0.099903762484203,-0.0870988607620772,0.230542849164049,0.0267256672924561,0.574372210343601,0.166236016883155,0.23300336578102,0.256383590925252,0.0286132951502707,-0.147635141852312,-0.214005864119637,0.559241544913312,-0.0057485521239515,0.274867498529442,0.238581945634214,-0.288892491421654,-0.194488768297523,-0.118421135421781,0.125745800684708,0.267176386415032,-0.128687454424355,-0.209898620494133,-0.215040630094339,-0.449675355576037,0.149897111607038,-0.377218190632392,0.36898015848622,0.244400682205444,0.205184458364878,0.35789528061049,0.492001549772878,0.209537790899932,0.00238125937414799,-0.127470367283087,-0.361724635937963,-0.424867275353319,0.550251480794504,0.394088319484404
-0.0978869230538574,0.429219956183628,0.382390751855578,0.171848080335655,0.191397603496999,0.433697403876314,0.342780118395875,0,0.541408597511593,-0.153065288884737,0.279261555501715,0.273505151798762,0.220357090897437,0.338070321330416,0.335210043464623,0.234134230971372,0.338056291369618,0.536450896922373,0.395541890331529,0.262750506571607,0.332764106077016,-0.00286079026112626,0.343367079438757,0.307200706616255,-0.0919013662881158,0.138237392491142,-0.0763295396012161,-0.0292949937693181,0.267007858336246,-0.034633758777828,-0.221668709989525,-0.181130299491384,-0.294001454726795,0.143187375011301,0.0160794175907003,0.299101283425331,0.0457641239996563,-0.0322811426522826,-0.0373926743839954,0.0228124407326202,0.126278147312252,-0.064808833160907,-0.0104072249657471,-0.182605693348652,-0.105744810521365,-0.153107483281209,-0.110232207499234,-0.237197203295811,0.320261660701755,0.206297531538159,-0.055119234314775,0.437783563626323,0.281858690388955,0.33942244430607,0.498027662837962,0.459632578387014,0.58287220591152,0.749039166381563,-0.086615741222669,0.203685389831121,0.315293627065854,0.129889364627605,0.0718518462317967,0.236895748283928,0.317423510038652,0.312291432306598,0.157030132701495,0.214931003515837,0.285941610276247,0.449707919253543,0.18230784952965,-0.0146303707009204,0.17333485408859,0.22015783693379,0.146842240363186,-0.00550342533698426,0.233141427722297,-0.00601269613170896,-0.120227254990028,-0.046406335689345,0.187265448038225,0.0376811752205803,-0.124847644198121,-0.103580445141349,-0.05633763775775,-0.23491521826658,0.189663437632407,-0.0192144580074621,0.282577198278812,0.0682628666553806,-0.180686993598228,0.0161823426876502,0.0793560638249878,-0.198771079785823,-0.0243657003324028,-0.0481368048387008,-0.141585767394196,-0.193390139379818,0.338963702479859,0.0616934945020955
0.0659461422081024,0.227679021249353,0.367212212454979,0.0285926732796358,0.179353023726395,0.55860060181351,0.40497822904204,0.541408597511593,0,0.226168126953892,0.2935412290636,0.27264613455058,0.246495185442818,0.309603740101378,0.323661440454139,0.162507289470508,0.292836314927081,0.251795949572,0.339030494402407,0.182558280721396,0.302090234692815,0.0224603245405885,0.225326118578939,0.293815032157388,0.0349844107406247,0.145181461699529,-0.123256324480184,-0.0668936195107013,0.351163503716277,-0.116556650938799,-0.157839670431798,-0.198981851858465,-0.203915732182833,0.24374349310392,0.0570244003169288,0.238637412362159,0.132445069317656,0.0650327698242119,0.215304822880721,0.283108202743009,0.280040205205207,0.0777753199031306,0.102200760353432,-0.040533454428565,-0.036857384014766,-0.169694349356284,-0.16009372557167,-0.245925335478974,0.346683825810322,0.223683538297359,-0.089316056421958,0.311960269374155,0.176218600261232,0.133249583591112,0.454454763617986,0.560554003246461,0.342549011299184,0.729548462268936,0.224765254903497,0.175093785897029,0.203692112164863,0.136839663626999,0.0458117953103606,0.204023369243909,0.271365797311347,0.324831152902463,0.260511564693941,0.246238519596135,0.201824888269765,0.262959787361393,0.157575657018124,-0.0311495562664722,-0.0219242725336369,0.38570742736653,0.0283035500277682,0.115310622064361,0.275032024292322,-0.102523571352043,-0.102886179576598,-0.113217333795725,0.112030442391774,0.157270713018051,-0.0410354812741585,-0.0564244560174837,-0.0805319479820784,-0.265870740953809,0.123359312363659,-0.121053093242757,0.203273785510736,0.24601935500277,-0.0506036489562672,0.093307411966978,0.266034423512028,-0.000364969109715863,0.0467013490654435,0.00353850590356041,-0.158877190377147,-0.241084658461575,0.349402615748488,0.208937632409886
0.320996829458885,-0.161889393109583,0.130761851309611,-0.207166794285075,0.0279538576300753,0.247847075454404,0.209340071148439,-0.153065288884737,0.226168126953892,0,0.22778708967929,0.00230536275083556,0.189640089282468,0.0102880563239146,-0.115006073316173,0.0444162913092023,0.199128136897698,-0.131589273483531,0.0731541640009968,-0.207193488988297,0.0280350309083077,0.0241333730774147,-0.14423581153701,0.0349143808874303,0.563207001950773,0.147578491139862,-0.203560001807416,-0.216302103028887,0.158996696692333,-0.347349850605394,0.240726370943638,0.197988793915013,0.00386041577863042,0.234992027532066,0.0520163260753037,-0.15738393524444,0.00183224490327871,0.36099658692685,0.316584563272122,0.390022272827468,0.0949090971958309,0.456643773746732,0.201084383724603,0.277925772155465,0.178993790509956,-0.208664341881338,-0.333979463185259,-0.20447293138339,-0.00728646254985147,-0.119853439996877,0.0917838207158567,0.00514383469646573,-0.0750501889001953,-0.30746546555668,0.0321743202186775,0.246167941002676,-0.0148364047777779,0.00987696751172275,0.670998954665075,0.114207643563939,-0.103022157101988,0.0954629128935242,-0.136039925420271,-0.0636127749103275,0.0230081125419605,-0.138978897943318,0.117917176678919,0.144762655353244,0.0144686229724366,0.00719498834337921,0.0456306267716312,-0.00774225065492032,-0.328350503589023,0.196966505483975,-0.0879679136344485,0.444371431163205,0.0693021006936438,-0.30724553414999,0.0760173687317502,-0.0742720777162804,-0.139042124737136,0.0766560380541823,0.190934534527597,-0.00201000714757617,-0.11564961170661,-0.30904104449089,-0.249724651006829,-0.294498743472911,-0.0826068135025205,0.0608700557817732,0.198513448189713,0.389717342212279,0.286968788565289,0.503803164739471,0.208602957666709,0.109710513236603,-0.215254126211838,-0.296758541529789,0.0339733033549789,0.142244203214186
0.165500994265415,0.220553713870944,0.386141337790296,0.0560463917438601,0.208930862390406,0.435562224924964,0.398592703624971,0.279261555501715,0.2935412290636,0.22778708967929,0,0.66063242239159,0.241141683583321,0.285697048325338,0.27422055773456,0.252634939910368,0.195819584766329,0.182671563993072,0.286760894253229,0.0816418617464554,0.12689556003957,-0.0696368321209848,0.134131348431583,0.430420131622916,0.374066153919848,0.584766606232165,-0.26112598089492,-0.130296238486478,0.30222975545564,-0.159675467539183,-0.229777440256512,-0.0111360759436453,-0.247850526944761,0.0920609236259559,-0.058015377719539,0.272469384127652,0.158456234846981,0.177363488689423,0.334453990022971,0.323736905009052,0.221452979875665,0.289620678381686,0.248743423791977,-0.0468832326421029,-0.159241092324714,-0.326422596065113,-0.304648902458963,-0.400393492612836,0.426141663161811,0.0934409677726797,0.0593724697564783,0.27714277392537,0.133521810866447,0.0935892186353975,0.26915377110471,0.408759939953283,0.289851626754741,0.237767296956058,0.194233998381442,0.571377204193879,0.48578890656979,0.124952221974355,0.0539080857788918,0.147947648728541,0.22052175113862,0.200894174990384,0.188034269090754,0.150072031128018,0.147905086532613,0.0876781129222012,0.028665062879548,-0.0854219927401914,-0.140935780511143,0.337705781030461,0.17474194138838,0.445130292224709,0.264886190514022,-0.106418310125576,-0.26371753718217,-0.0892559569559308,0.17981505915855,0.0147864169877153,-0.13708775011657,-0.178999777372549,-0.163677059595415,-0.376086339874083,0.151444989723579,-0.235772633189792,0.199995965604593,0.073169082811618,0.00136410209891957,0.320020321452859,0.304842320412679,0.214690311260856,0.106581322187511,-0.10492444809273,-0.325592454822777,-0.422040937222925,0.411912808121945,0.119221701157571
0.208626356236717,0.31694717550006,0.390886490176261,0.181081650904863,0.214900281148087,0.296268190404858,0.39520955535681,0.273505151798762,0.27264613455058,0.00230536275083556,0.66063242239159,0,0.238321543190517,0.346540862120072,0.319260399310841,0.410870745044652,0.250488072921174,0.303452410403497,0.353475078490903,0.224978934480889,0.0653876467783573,-0.0255052334297396,0.227286046761986,0.627368673173446,0.0994967957371807,0.681013238715124,-0.211274487160294,-0.0485074706912748,0.325790955567835,-0.0461252849326135,-0.367159898770635,-0.154454267897335,-0.125973407582592,0.133159783576827,-0.0304941172480875,0.323597055310609,0.290087567944823,0.17819944016958,0.394843215946766,0.332108836461122,0.308484065095596,0.22541325136279,0.339429531458418,-0.143758660503966,-0.254247211580969,-0.310113605842235,-0.184103799242651,-0.368745825338817,0.455883426189834,0.247282103265449,0.0784822689438397,0.315761902399412,0.267016941381605,0.204144634400923,0.197813073155012,0.283116059223559,0.242021030898254,0.205211886597659,-0.0155086641133762,0.415637317591437,0.571189360146574,0.0592805704904683,0.106697748056828,0.173754726161818,0.236301008407915,0.235781213278483,0.221098658026008,0.0974943405307154,0.171078111436392,0.0673144064241461,-0.0506560599181361,-0.0815985357264355,-0.0156839788978639,0.366218937395801,0.149485204608413,0.315231859625579,0.330270695387054,-0.00584455413401575,-0.335054713399965,-0.0925914334343195,0.30404069433794,0.0505986196539014,-0.252001369635153,-0.199238214201087,-0.139878456104213,-0.296882501686481,0.321057221512416,-0.152630943577789,0.265788187222513,0.100741844905167,0.0720934667708528,0.129505298329067,0.299764032349073,0.0647077963319814,0.0372270967679249,-0.18332040912341,-0.308992446748857,-0.386459275860976,0.40805979484776,0.142660723476901
-0.0832456602594601,0.158189460656615,0.122382576388547,0.090064592616084,0.0891877135434602,0.140911604190587,0.159731688315435,0.220357090897437,0.246495185442818,0.189640089282468,0.241141683583321,0.238321543190517,0,0.532323544500082,0.322744948036465,0.0283918407951337,0.661442548936798,0.180306218874839,0.450580022182515,-0.0200760018417856,0.249046276252577,0.525995536762449,0.535715555402038,0.485877291411508,-0.0276350339151,0.298684359211956,0.341199887035369,0.233960436513541,0.550835738325305,0.1344314763256,-0.203113899160917,-0.164742876339495,-0.18704898537597,0.458148889583225,0.516934234783781,-0.00780029804814787,0.432624876815806,-0.0807354621492675,0.0392826334406762,0.26156052927089,0.356096036253547,0.0801989052058721,0.351450606800758,0.143799860607581,0.255008539214651,0.237426915671347,0.160975091462098,0.158015328362657,0.149177260494136,0.251473593408189,-0.250709966460721,0.00363303210765437,-0.00731645920323905,0.0550160354558321,0.0877946092710804,0.120991879481488,0.177679960931948,0.209991150890589,0.158194124573431,0.174029234540457,0.0615516225353044,0.677039625986999,0.469036744137953,0.24168274186349,0.30651710362738,0.305688358813653,0.0589700227211984,0.492466535096945,0.412474480702748,0.145801469095666,-0.0657867785321783,0.446516228484565,0.220379111118043,0.188868125610547,0.242039529823077,0.0822115266380395,0.479967298649764,0.243121710698681,-0.194114392201544,-0.118381137292085,0.417349189867845,0.230939153135018,0.251655724248081,0.345986973479458,0.348094011527997,0.133021550015548,0.350266725030341,0.177763780696702,0.0382603939702522,0.280006158297739,-0.129265910680134,-0.0920644512883168,-0.0233390885790092,-0.0270182658664233,0.178504543027237,0.165583462614383,0.207853577223133,0.0418636314632394,0.0724995220016932,0.32264242227716
-0.100217644167864,0.114868764512667,0.213060487309417,-0.0534094825181367,0.0141194659023188,0.279664691227242,0.124313964901532,0.338070321330416,0.309603740101378,0.0102880563239146,0.285697048325338,0.346540862120072,0.532323544500082,0,0.575234894983707,0.0848978427210587,0.505908106932709,0.342174600084576,0.635076161831876,0.140027346979534,0.50100795325604,0.177674318265369,0.64531676050615,0.392602605003172,0.00312519857313992,0.297692206985262,0.121970693068048,0.0150664203548162,0.405052162823033,0.186446612029671,-0.336941428051018,-0.250631069445631,-0.242938361913275,0.260514733129275,0.219406984318407,0.14424854636355,0.284722164667687,-0.0910186171378863,0.13272105478312,0.221128125504264,0.243622865989146,-0.0307489619912317,0.162784002071557,-0.111585749096092,-0.0289146969976024,0.00454570524431586,0.173320212891475,0.0306288915484811,0.248274472521389,0.201153535699177,-0.198838807459821,0.0921671507638195,0.0318096595746072,0.0054595057829528,0.189480190469992,0.250616829830074,0.181566988310468,0.327535262762942,-0.0348085398526876,0.190898917947008,0.164786016562978,0.378239481382578,0.471600130310917,0.554151731550933,0.54313529448718,0.563184004470768,0.0161007529973486,0.45801164134004,0.444107051704037,0.240415994349126,0.152274547720899,0.194615279596873,0.365080072244966,0.190848843953884,0.270079494874828,-0.00264744693559602,0.437466443041285,0.253711318609643,-0.309225578146047,-0.143904015691458,0.416813615128234,0.106113212751582,-0.0667796600160132,0.093926795685395,0.134355844147077,0.0849469630954903,0.338509691069695,-0.00093371118335403,0.153472431697556,0.144074731146507,-0.209055925053743,-0.0439472755777007,0.0490912712912267,-0.142392791999864,-0.0100115827903917,-0.0743277231481224,0.00970676571289061,-0.0127485672013166,0.198828470670301,0.249930188210323
-0.242874096009095,0.282584219841316,0.114834663796717,0.104777713704185,0.10214756376932,0.174602078899968,0.0351014220766311,0.335210043464623,0.323661440454139,-0.115006073316173,0.27422055773456,0.319260399310841,0.322744948036465,0.575234894983707,0,-0.0109080976251456,0.234171472511466,0.330018500719855,0.331431357884618,0.491694689121156,0.512749257894261,0.0767881704269296,0.422227790119523,0.367090539588977,-0.156735928709926,0.200636264426488,0.0812836822708761,0.113707547055839,0.358093123607346,0.40064762009407,-0.3010472316757,-0.322620163062691,-0.224273469169606,0.0403396529911227,0.0660043918786696,0.333655891762677,0.183542381525214,-0.233507481698934,0.0308332908029604,0.036704507422903,0.134771607581537,-0.201497057440574,0.013603548949552,-0.236712393817676,-0.173896333105146,0.0190748871012193,0.257148556649435,0.0654926726748191,0.281549809953907,0.293393005233399,-0.205405598084546,0.143308305943047,0.0186453032375293,0.186940388773314,0.151283733555329,0.141006163999988,0.162199009227161,0.308723056110264,-0.169196476867662,0.177230035033682,0.222909656536791,0.168049528419824,0.390136396939666,0.512704899934572,0.248226533649906,0.792891540098576,-0.026362199647896,0.115554649815922,0.145438972228674,0.228436712497456,0.342354270831093,-0.0223508335192379,0.465106501425621,0.0868909909472863,0.1207812153888,-0.167584381453261,0.351667238104351,0.378603437150266,-0.226368084190396,-0.164505477004672,0.28812848174042,0.0898563081390805,-0.179659039837704,-0.0551859165207151,0.0235110408376709,0.0907698312834767,0.376569068855703,0.128539274997873,0.280012456510914,0.0724889267559151,-0.185049873674817,-0.114710457221112,-0.0548668932903397,-0.275159173122577,-0.0711272454880633,-0.152670255761417,0.0257264781071416,0.145221808237164,0.232073708984993,0.136834968271299
0.464308718217367,0.414617368317563,0.44710063811054,0.205441393142463,0.178703007370546,0.283145697794079,0.560772334854572,0.234134230971372,0.162507289470508,0.0444162913092023,0.252634939910368,0.410870745044652,0.0283918407951337,0.0848978427210587,-0.0109080976251456,0,0.225193988667239,0.378042562919137,0.315469555154826,0.155080934420902,-0.0269300755144439,-0.225591161442758,0.00842295906171794,0.427557124794407,0.259922393941553,0.268424600510755,-0.366473764888288,-0.39204144167186,0.165391698165823,-0.306680510459881,-0.0928322039576568,0.150200094360771,0.167904786713316,0.254625638146875,-0.177613233549551,0.256044553940587,0.0136940593500857,0.534279731870028,0.505334794987874,0.355012872447357,0.250986473295809,0.260919391061743,0.139973483988168,-0.334099293089915,-0.257391994982901,-0.467673998577056,-0.430534609716128,-0.388614832823248,0.34716375129566,0.239134473756261,0.467459274059611,0.494055690033765,0.61096352332728,0.206220118533425,0.183547492622053,0.289092708499981,0.378397074749306,0.172955850075461,-0.0110414510383213,0.173572826781405,0.390728959886766,-0.132939468857152,-0.24100006244414,-0.077630708642575,0.185338606829321,-0.0407985090862603,0.482970809991336,0.0690688133154358,0.198402596154518,0.266274674576695,0.00604866025021301,-0.25525889109337,-0.189964630007129,0.444822485469643,-0.0589596286305093,0.205446762318604,0.162626783932369,-0.289007265233084,-0.120385865986884,0.0838519504164523,0.0830791938088616,0.129824729747951,-0.24078517639822,-0.348634297864707,-0.230840119295328,-0.483201562314017,0.0972255633417639,-0.393504070970428,0.302231523891282,0.0976144930566828,0.374891529329529,0.281212250825997,0.44525426363575,0.158742035658335,-0.059038580990277,-0.283205719691836,-0.442525057448234,-0.462357840976198,0.346660912978983,0.162279964623548
-0.0191116610529581,0.206341042532904,0.17809768541987,0.0527033951726893,0.103763491985339,0.173732356384992,0.236670466913506,0.338056291369618,0.292836314927081,0.199128136897698,0.195819584766329,0.250488072921174,0.661442548936798,0.505908106932709,0.234171472511466,0.225193988667239,0,0.424890575351168,0.642365541002682,0.0328054276546216,0.37065564193121,0.360837816601484,0.560404406278204,0.515497684499052,0.0245601427264551,0.28181609240017,0.235170292367188,0.114260766913973,0.54674293711424,-0.00142780033335378,-0.176888558599817,-0.112638765140262,-0.143579785042596,0.5818530099778,0.431066162307809,-0.0250814941922847,0.391809860480466,0.0182043738344308,0.0665218207759226,0.216779917893294,0.374464407523348,0.114619155007844,0.285203788725996,0.0578511061988238,0.158737783234332,0.113775233029285,0.033576579915764,0.0417204857380143,0.165169999437593,0.262845798079175,-0.136699894226274,0.157038589010085,0.231005465893068,0.110382224934187,0.127295110121907,0.218635375081821,0.338018410678312,0.350901690100985,0.167115713294474,0.175670102758503,0.110967824154199,0.509870062902089,0.249476059947494,0.21428005556235,0.399449668050983,0.175454208430997,0.152807848410803,0.591901442316477,0.572895904039808,0.372062423606256,0.00965948833084236,0.353125336004126,0.206648283743135,0.244250603613271,0.284889030139322,0.105850461111394,0.496194101441156,0.172847649728848,-0.146617006225768,-0.0650730587020595,0.476674008683186,0.307721433766325,0.18136987316732,0.238395319463299,0.296372373406904,0.000391053699775493,0.35463454471456,0.0957784275972064,0.110894837311079,0.303407063275159,-0.0491094831181341,-0.0357103168602078,0.0411741545938027,0.00885210707173126,0.169015365905637,0.12394727599613,0.109816354774876,-0.0684917017748348,0.145419155673666,0.369908325809773
0.0386887962173727,0.374626725436292,0.242641673545998,0.0864872458395962,0.114401709991126,0.167626953712125,0.259849341679563,0.536450896922373,0.251795949572,-0.131589273483531,0.182671563993072,0.303452410403497,0.180306218874839,0.342174600084576,0.330018500719855,0.378042562919137,0.424890575351168,0,0.428634001613166,0.462908523910061,0.380748520931268,-0.0534933025301073,0.378718430100623,0.375322458335747,-0.0807014791746528,0.15134324990796,-0.145127755807396,-0.0951410331288106,0.260848824955572,0.00303845285252473,-0.251421455117655,-0.0949541537365994,-0.108368898788285,0.303320518080168,-0.0536761951826673,0.435980702445741,0.14273281743691,0.0672868560012684,0.0400274543337028,0.0781989554907064,0.197805659380805,-0.0661489054610722,-0.0830785712000114,-0.396152429456622,-0.301241673801181,-0.245581405879942,-0.0916054509962418,-0.182492167034341,0.266339462845859,0.282389811879638,0.079295156289861,0.381478775261442,0.370473229907094,0.192520286872434,0.161370086111038,0.173843068611896,0.509911414181456,0.409299963550404,-0.160763198867083,0.15673238410039,0.275107488673143,0.0725444748254394,0.0886579914365137,0.237133750746455,0.33833811172533,0.255802310169095,0.204346965016376,0.162695428733256,0.398893739138124,0.678250200839889,0.351305578023968,-0.0549520600713388,0.260909920673153,0.162154773291376,0.224165275678537,-0.0844646012121749,0.319014804898944,0.109094882194197,-0.171063637728334,-0.0288384432293291,0.336501182502876,0.280687206560578,-0.312888147247985,-0.19311577775485,-0.0892045172358955,-0.169970952091163,0.347107524800566,-0.0776465090120692,0.560186154317265,0.119574420260223,-0.0373796217384125,-0.0132468570393446,0.0518781504014988,-0.181357101603484,-0.164535512214125,-0.323894791351028,-0.214286758508981,-0.172319810840849,0.273465304150533,0.18391987564421
0.0525851809895269,0.191099961471435,0.314064366987249,0.0134765897110489,0.117024761337255,0.325571494627183,0.285982949760738,0.395541890331529,0.339030494402407,0.0731541640009968,0.286760894253229,0.353475078490903,0.450580022182515,0.635076161831876,0.331431357884618,0.315469555154826,0.642365541002682,0.428634001613166,0,0.0393016657368984,0.377589265356308,0.0744035577595588,0.49727450487544,0.471524641433753,0.0564680569352742,0.253997030619746,0.0404007173100425,-0.0411796252695898,0.513080370382579,-0.0847870271037906,-0.281500448124888,-0.103357867226847,-0.202132316089266,0.418281759189849,0.213355655359518,0.179590135620864,0.299295288968316,0.0923147964456728,0.172126032692368,0.160029344910012,0.320499614571667,0.0592661129038646,0.13731106848113,-0.101006306457239,-0.00178966094890175,-0.10126821533727,-0.13164609994602,-0.188960480226858,0.337472945229925,0.262918145310805,-0.0427362237372543,0.25455033356179,0.279701755153485,0.0768737162359337,0.259628752201239,0.356089784909402,0.363218076888842,0.425290447653525,0.0608258788240232,0.31718328604247,0.299378162928658,0.366334724924456,0.237371162218397,0.317605492060347,0.538908133348777,0.271455263996776,0.249275894744885,0.572247982472645,0.581482469165338,0.406603983181744,0.0668272570555876,0.184419625832863,0.0777318013821273,0.372184323125429,0.328367411761573,0.116134903557401,0.50541524067308,0.102601740465539,-0.26189948965917,-0.126027950785865,0.463091372437984,0.253817645074224,0.00735222867244825,0.0567632259417069,0.160015046782702,-0.140807103918303,0.334772692041724,-0.0438873638985237,0.240645541161559,0.263530282808501,-0.0540851012798131,0.0537554180249187,0.185926297323392,-0.00493058678450523,0.0530209479342616,0.00715551407603094,-0.076433079793987,-0.245736484542064,0.315130698378197,0.335938675275978
-0.160292596430376,0.422640179324096,0.0143440800442073,0.26102553674214,0.158164820768868,-0.0617626459648492,0.0500436864812361,0.262750506571607,0.182558280721396,-0.207193488988297,0.0816418617464554,0.224978934480889,-0.0200760018417856,0.140027346979534,0.491694689121156,0.155080934420902,0.0328054276546216,0.462908523910061,0.0393016657368984,0,0.224563300622757,-0.0602175160125097,0.124271596053506,0.249645749540619,-0.235574744216437,0.0872963678518537,-0.0946614274010609,0.0197883016195443,-0.0246043512900697,0.181824202577026,-0.110158637462797,-0.268590380360528,-0.0579020776213856,-0.0907469733285905,-0.0910814758757249,0.385689536231428,-0.056196016747749,-0.122997475103384,-0.000505705941556581,-0.0531791709578793,-0.0230049665475972,-0.214995666088237,-0.064273629811384,-0.312473940316549,-0.265276681423837,-0.130098776417008,0.0891364298545299,-0.0710480351281316,0.184150423681346,0.256795327160461,-0.00904022799797979,0.261354442212617,0.257209844846352,0.374663395842725,-0.0136613417055859,-0.0409444746135282,0.210780834544176,0.188500131414942,-0.205527705751618,0.0889710082811776,0.236288875505655,-0.119512520679986,-0.00362421986126448,0.225185720661621,-0.0772695062844203,0.405250982317361,0.111585984317604,-0.227336569203799,-0.120995679379756,0.241051619839233,0.322133597267545,-0.204725642623795,0.348255731373511,0.0196663570649138,-0.034292462901288,-0.201611681525058,0.0235928539138918,0.18308198050483,0.00284437016544877,-0.0724052462492576,0.0997798118178555,0.0834972904605493,-0.241704594487114,-0.208219520983271,-0.15593248672843,-0.0753113445688031,0.203061455886115,0.0814680317116772,0.363271973432423,-0.0452507423995572,-0.00790430721612527,-0.108120943979095,-0.0288442839388457,-0.25359452605864,-0.0761613924365633,-0.206398442301115,-0.0836653670665159,0.0661000858554925,0.197212725858004,-0.0419098328191385
-0.193356455383591,0.00629008669827167,0.0516878744374178,-0.196395347505859,-0.134064685402081,0.154262107597253,-0.02271051198146,0.332764106077016,0.302090234692815,0.0280350309083077,0.12689556003957,0.0653876467783573,0.249046276252577,0.50100795325604,0.512749257894261,-0.0269300755144439,0.37065564193121,0.380748520931268,0.377589265356308,0.224563300622757,0,0.0265433215437157,0.406076965171751,0.0705643716967684,-0.0419478862448466,0.0496819981421199,-0.0262447210998905,-0.0983670595501032,0.133554106569802,0.184075360366286,-0.227893744105808,-0.218970336945155,-0.300894845069158,0.0318493474921381,-0.0240964330352657,0.00457419652517463,-0.0559074686533847,-0.145731345305571,-0.0608989075675992,0.105725979453334,0.0619509110562406,-0.135784090667991,-0.0840355018071106,-0.186631165270003,-0.155590655559526,-0.0275573039112667,0.262171522083324,0.0773350172356682,-0.0321004899913412,-0.0370313039389556,-0.135299071156284,0.0524843612019055,-0.0318152664552366,-0.0878796556696401,0.0864952152408519,0.206031742268092,0.188550660042335,0.329151257009361,-0.041321470323568,0.0462023235807626,-0.0750177272948938,0.230250526769194,0.207462956806313,0.576854408911945,0.302463127833661,0.47434268593758,-0.101114570450567,0.173719967617674,0.185258911834098,0.355240356405833,0.572304617797436,-0.0245319979799983,0.429313417375127,-9.50632716163075e-05,0.145028059680662,-0.189854962302012,0.144303789144656,0.291244465728759,-0.196119568615277,-0.0490499602100158,0.187380352912895,0.030818538644548,-0.19990367095607,-0.0902696707786587,-0.0976767433167517,0.109851649952574,0.043422814217446,-0.0399450100667272,0.0624606370042924,-0.00463184702692974,-0.284270825400201,-0.000871912509675834,-0.0391398109500157,-0.227111202672606,-0.144063306907007,-0.158361380980209,-0.00460725702645106,0.177839810038104,-0.000159749347847184,0.0906820501390203
