0,0.100396900792983,0.130277685245879,0.312266205532415,0.010342607897544,0.0666134760420326,0.154428265374525,0.272739877261115,0.0120371906896643,-0.130132419744264,0.223412779794487,-0.384900835598803,-0.0293516705493605,0.0319270702670266,-0.280055031754471,0.379992481183023,0.129699817323044,0.15509679638561,0.152970802955322,0.0159198001504081,0.107778594348241,0.155181158461974,-0.0425990700739354,-0.43553797215893,0.36009496746675,-0.108815831213266,0.0806786606925765,-0.139950553872506,0.291075628475893,-0.0430217818015783,-0.0205949997567355,0.434557757720162,0.337469154347471,0.0467515460646135,0.17813271373218,-0.410587009646058,-0.180601185622619,0.123609669427023,0.21097116863031,0.169357281389915,-0.0833061291293031,-0.324874907214416,-0.0992404806275547,-0.00328339105925342,0.0162742171172376,0.057287948795604,-0.0227108872842089,0.0472337028751167,0.488134286046273,0.0914794586823678,0.010215443146101,0.0576675294986163,0.31874965884247,0.178755925855883,0.0319330231232579,0.329765624527569,0.193729689364148,0.132870086440714,0.248150809167479,-0.0091699484164147,-0.198236229718611,-0.234017119859517,-0.0727137410570783,0.0851032774839182,0.00363847496179203,-0.164742890842647,0.195503790494663,-0.0459084716128332,-0.0643798325963711,0.124234459537593,0.102980322946972,0.0951902056641175,0.068714005689241,0.188107800391629,-0.361676901086206,0.138308795009538,0.134604129117192,-0.195034417090078,0.216471310959282,0.431807952283117,-0.19455666083017,-0.0928172065793564,-0.124658925259193,-0.104383551542784,0.0255905644057246,0.151202385014018,0.128150915641708,-0.150304121070713,-0.166424158558311,-0.201643677808312,0.405103596012483,0.52519491081582,0.350813631373539,0.135987696606149,-0.10829425788173,-0.066435065215606,0.113648572394677,0.00142039686594706,0.188265271822975,0.222149198481169
0.100396900792983,0,0.39255768098412,0.629606877967856,0.301015685601404,0.265006010182758,0.234595741413455,0.603857073341208,0.134053381564578,-0.151452498085317,0.0192508370363085,-0.132718747554636,0.0291142617240868,-0.104055366420091,-0.137422005253094,0.485304776635858,-0.0257792487501112,0.479880074032067,0.0983122001387361,0.256587183046857,-0.214675188455251,0.200586627945058,0.14777307679007,-0.0492387189228543,-0.0862538707077256,-0.0161667892323012,-0.22672445873503,-0.0129584522419561,-0.0764609959060512,-0.125099027187437,-0.146995987149907,-0.122014706983839,-0.105013650639757,-0.128578909733795,0.0672362193363467,-0.119652611160632,-0.357636499923155,-0.192001542024888,-0.149587649137367,0.17982453570554,-0.319123585641553,-0.138128396919751,-0.242450546838795,-0.284213542336251,-0.20043584387156,-0.219465582599845,-0.290863034252646,-0.0876895251658415,0.21004897959673,-0.125989347554058,0.379381758818684,0.732471812726987,0.518061177772247,0.258261170691242,0.306081797809287,0.33096982546793,0.606358557767954,0.41544499723215,-0.207563361971375,-0.263034201116006,-0.086248566363444,0.00414298688130338,0.195188256752876,0.0972599011984145,-0.0996997863154398,-0.113188050827819,0.23977194403071,0.155773066928154,0.316839884726973,0.449793018933185,0.113758947276713,0.388930068282073,0.343047637082379,0.267102497374593,-0.0681823657557413,-0.119452253299508,-0.0246116334212719,0.051186699968862,-0.170811642168082,-0.171994601897638,0.0344730687155553,-0.146431637844443,-0.159606894471523,0.201487732145345,-0.0975409293334325,0.16810280433308,-0.234361497688288,-0.0012333292747513,0.233462026952236,0.059958850504975,-0.0373034828500927,-0.0474861267351793,0.0547036474720993,-0.011359727781647,-0.0158876048182553,-0.234712415799549,-0.118010613651299,-0.0682158346107916,0.441156172508835,0.0816976968719671
0.130277685245879,0.39255768098412,0,0.291336957779031,0.388497440608857,0.657506624039665,-0.0994953289806691,0.271206699683622,0.259319780175553,-0.264035277422357,-0.13208996279269,-0.0176982114273858,0.241031504156742,-0.0782555318819537,0.0195005709936534,0.182207840263092,0.147647664749069,0.337775248999031,0.158095135881639,0.339708121333656,-0.137421409362018,0.168508823981155,-0.191355842729679,0.0962300033810313,-0.23199635378984,0.086603875001569,-0.228075107191843,0.333992112045864,-0.0850160130996878,-0.0534662847288822,-0.0338984445707676,-0.347806422551151,-0.272654562033243,0.129427626066091,0.0544771240245497,0.253469239296022,-0.114125402161589,-0.324291684735035,-0.161691004178879,-0.0169300205200564,0.0108258417148217,-0.1490313017733,-0.0921235336396091,-0.106612783003438,0.0310072365744355,-0.150041344743672,-0.179826011045636,-0.174382381258875,0.0402120482558216,0.091642142865017,0.581192619930442,0.572249374904866,0.205345101763814,-0.144236115478132,0.379433359244446,0.380392187238602,0.11746176294747,0.322433810984699,-0.522685120984115,-0.414876915145654,-0.138520122812536,0.17562827712615,0.314944509394522,0.262399747782038,-0.192146614135818,-0.0530559499257624,0.0193979244540331,0.136284491535898,0.134435566752869,0.294693338130476,0.117470789494883,0.271210336406382,0.126172651577042,-0.119399471774843,0.0295359979137282,-0.165368504035756,-0.100721454491397,0.0221853959625593,-0.272189259284177,-0.13699684129686,0.0655779679591148,0.216748939432547,0.0422856139190934,0.287028875101285,-0.1113048986452,0.0967000855046735,-0.122512628921888,0.265455036750316,0.336142567433066,0.0480153003408452,-0.144740172319572,-0.351209152062148,-0.242272180536625,-0.0671277966315859,-0.175024428394299,-0.126474533636092,-0.20474825946566,-0.200600746030036,0.226326990534212,0.16600782554702
0.312266205532415,0.629606877967856,0.291336957779031,0,0.332671595619709,0.23624559881137,0.270846612315125,0.646039412889358,0.132081080963533,-0.134646183669481,0.140720334125139,-0.183755271072395,-0.032661113113663,-0.176241266079621,-0.346806177250823,0.559681875284256,-0.108285318506872,0.528015966456406,0.0552953034358278,0.243591648075099,-0.176323755826682,0.158081519399601,0.0167950044077143,-0.257526352283197,0.0136183492544543,-0.102738495374717,-0.212767499490907,-0.0636048867049198,-0.0258322024029844,-0.229354933113463,-0.0513707236274261,0.108160391924329,0.106257094226905,-0.0787822001853484,0.109083532623157,-0.232936725596247,-0.448169692125976,-0.13779306770303,0.0237219969185111,0.274215540506184,-0.327189495143202,-0.253271881008266,-0.353544382099392,-0.251275114811018,-0.152186173900085,-0.286465521558426,-0.32465815859527,-0.12989245978603,0.301959752577986,-0.108601557714655,0.33693860014086,0.579922090305317,0.71128104802099,0.477383063061079,0.284808611750598,0.30310563984771,0.700205944220166,0.496494316290793,-0.119800231382427,-0.200653193218778,-0.116151722136534,-0.15091190648015,0.0450711108431181,0.0700125941991407,-0.145935801460608,-0.265457679573028,0.306975272579104,0.121034491996298,0.239675721879365,0.564340506223683,0.133968173951627,0.344646920169545,0.250113584286051,0.298194429767682,-0.165043129633962,-0.0852941363969773,-0.0233415099360979,-0.18541180669231,-0.0638840957809817,0.10448388522886,-0.121923407742162,-0.13495972571649,-0.252751565725755,0.0797569259082925,-0.163310868494344,0.156753624619978,-0.198813887713754,-0.101146638924988,0.256964404622347,-0.0550145664431103,0.181467585485511,0.108375313149436,0.184363557929096,0.00870191478459543,-0.0437566339803431,-0.294904316186009,-0.174382270177095,-0.156938057848506,0.442602316380077,0.147671278762033
0.010342607897544,0.301015685601404,0.388497440608857,0.332671595619709,0,0.431254826135214,0.183475973859338,0.524316305425898,0.625239623211844,0.14118825660758,0.163636382555636,0.188217756542846,0.062465804403836,-0.146604111439265,-0.0742681221614339,0.0109459095620375,-0.140706526140151,0.342463727754304,-0.0818422600754364,0.198652418796246,-0.00883346919652417,-0.0255713167121513,-0.012284879804476,-0.00437759413808478,-0.019452510402604,0.117927584525949,-0.22213648014377,0.127008352492828,-0.108136718365911,-0.112086269947273,-0.0274090200908141,-0.0490532921121077,0.0884521917962809,0.053343089036708,-0.0706034284724947,0.2221031630713,-0.16950118672168,0.0667879756345379,0.200144569509922,0.189670924833432,-0.0842021307566749,0.0345780154089792,-0.292768594058539,-0.0543435828450197,0.098623841940148,-0.207568312873614,-0.252055799428871,-0.105998868531665,-0.0114212592102252,-0.0257394861330072,0.430709100620608,0.467617336169039,0.160927993896751,0.114017857871097,0.700377289155397,0.197437211184125,0.265387226835889,0.613329257757607,-0.112750809178702,-0.210126553050077,0.000414995562721814,0.117100856136012,0.101764490873661,-0.016988460034592,-0.0699019957597457,-0.0202635091295726,0.11435596327995,0.0930805396818729,0.057257712383662,0.388611802861236,0.0809337335452589,0.21712972019356,0.118620812698023,-0.076874107210253,0.120187943840494,-0.103627085972309,0.0895611132780645,0.0945856449800509,-0.153476804174116,0.00139568131343795,-0.0570044381417341,0.0994002479857097,0.000176519370958383,0.0625748215589514,-0.227993128597293,-0.0733983232775452,-0.173705189065979,0.118136221412422,0.33749845132969,-0.0904747541971475,0.00533332400424164,-0.153693406945743,-0.081866871153989,0.0218188239984373,-0.0802630459121682,-0.109019905686301,-0.249452656729131,-0.217501629129252,0.232623606591567,-0.0616660486585049
0.0666134760420326,0.265006010182758,0.657506624039665,0.23624559881137,0.431254826135214,0,-0.0727030900718097,0.291453884800677,0.510867040272452,-0.119776242339935,-0.0556660556975354,-0.00427868486761186,0.191875084883658,0.000634325111152777,0.0410351853502971,0.0847539288862672,0.0989965708716411,0.186858262872138,0.0496157075386444,0.202320490172958,-0.0835780716479121,0.133167586449848,-0.0821150769931438,0.125969366018339,-0.0299525666930013,0.145970093884946,-0.141485059695407,0.279931379928287,-0.021382583677485,0.0463286005211929,-0.0945808044700256,-0.228177643604414,-0.165420994144144,0.0620323268368554,0.0658480820818824,0.248520751996136,-0.048628162174935,-0.259125779811158,-0.134412434245379,-0.00604049466119552,-0.0145167795389647,-0.122934396340537,-0.141180799011752,-0.105455808098554,0.0143132263198667,-0.175234389290616,-0.155646828687579,-0.176849170506532,0.132768911459167,0.0183515754554536,0.346437027970603,0.389785387505365,0.094068552452756,0.0493520557752136,0.586707399667749,0.557963667677897,0.070050257782055,0.37432615466626,-0.290076253299562,-0.247574718564826,-0.00416626631399616,0.197293051360939,0.364908442246882,0.22356046901695,-0.108342026550981,-0.00154586028159835,-0.0425782035957735,0.0820115414464688,0.0856302135935724,0.188821748219128,0.101015565594098,0.288698620207723,0.15425386486934,-0.0535350154490615,0.0950538543529342,0.0245382405823255,0.0437506033385835,0.129050667993354,-0.241576108684198,-0.100670371800947,0.101570463886038,0.106733657943909,0.00321921980081976,0.243154689031789,0.00595206152553762,0.0183896409716054,0.0180261857573853,0.257562875115641,0.315948976180381,0.021486146644119,-0.152703423066346,-0.222171658509935,-0.173362077715684,-0.101621961716016,-0.110995750881376,-0.166844685310596,-0.196299821602504,-0.192053638341145,0.265473269681923,0.0440871251232027
0.154428265374525,0.234595741413455,-0.0994953289806691,0.270846612315125,0.183475973859338,-0.0727030900718097,0,0.347953725740473,0.0417813997812241,0.191259698330069,0.221748088061126,0.0478060596269426,-0.107533304173557,-0.0859610510247238,-0.277957658708936,0.201941741442735,-0.0274029979809887,0.202971553470644,0.125415187146417,-0.0556313468517838,-0.0518459903616326,0.00590116695637908,0.0604248278709922,-0.168647504829037,0.188392551979313,-0.129214613182003,-0.0186406148979054,-0.124486831222216,0.0597745098887573,-0.164840966630162,-0.0716505340459386,0.18278662181752,0.303473829072743,-0.0243612080307486,0.0345524453741168,-0.0883582247490629,-0.145404267269153,0.337681870897089,0.343122639756129,0.582829459328516,-0.00264669675588544,0.250916062235789,-0.07652905302989,0.0977154501245978,-0.0492783463986057,-0.0523909649664095,-0.167062192015782,0.0951810236982362,0.158110769169761,0.206500053226935,0.058544966049315,0.0685139345701283,0.298036874356991,-0.0544106274551655,0.111295513573767,-0.0667232959442954,0.369909154402051,0.169497434543721,0.22032897051475,0.040543899439964,-0.000897468165004026,-0.0804840923640085,-0.0592064983159914,-0.106243946428082,0.0783002186827488,-0.209537473798562,0.662111087837515,0.126770316654025,0.0392832065050856,0.255663005467101,-0.109434380919313,0.0740706512676647,0.0578464671038644,0.462629683806834,-0.0812243587183986,-0.105557499185391,0.0181915247264333,-0.122921070232274,0.0135340786134415,0.128977718872108,-0.217013326459055,-0.0583266465025852,-0.0771231045435758,-0.176198777827955,-0.102466485925368,0.062759446135378,-0.0968786386616844,-0.170517095786483,0.0545429056552966,0.121385089763669,0.260850625039079,0.14964150194789,0.386801002597169,0.300339629221023,0.204152946206985,0.14164361596179,-0.0101155056290613,0.0666145393025232,0.271075114954754,0.27878047682546
0.272739877261115,0.603857073341208,0.271206699683622,0.646039412889358,0.524316305425898,0.291453884800677,0.347953725740473,0,0.426076457730285,-0.0214179249037619,0.163369015144263,-0.163522271558879,-0.0822132800664304,-0.0985238177491026,-0.29239871541333,0.433924549134741,-0.0468815999486777,0.658489309957725,0.0617564767517026,0.341218848149068,-0.0625401708948874,0.167025410922179,0.191455487118077,-0.224187613994597,0.0365728358903512,-0.0229796904607831,-0.197307270243387,-0.0870412671968282,0.0600318074244452,-0.143653953162596,-0.0540390170573867,0.0976455809847535,0.122173176134525,-0.0836576078961335,0.07128990560852,-0.16867595223679,-0.484402434354044,-0.0558262581613837,0.0427586432252577,0.313998757023245,-0.357217741321493,-0.116669009701386,-0.410458459934029,-0.28301671024041,-0.0775078632076801,-0.280267029083439,-0.356832622232183,-0.097659228173057,0.258469828007298,-0.151554706261528,0.270880646708171,0.57492912781097,0.538597617854639,0.398986144307233,0.504073875303806,0.330647447207955,0.738011377460136,0.710154723774734,-0.0155093101101761,-0.212683718856301,-0.166806077749752,-0.108304186644393,0.101732658134883,-0.0155787844625891,-0.0858502845885153,-0.147462658712711,0.380777108353921,0.147412717510396,0.304980482698861,0.654244233134208,0.227436066144217,0.39031402584861,0.378402315431309,0.280153372136201,-0.130785139928086,-0.0936613696284657,0.195759928439486,-0.0239264549834582,-0.0155648636016626,0.101136505649872,-0.0621162369795294,-0.164461993521727,-0.127479009374307,0.0842350792160432,-0.106885478209454,0.11332006766137,-0.196555609170392,-0.10597133073896,0.332704760187804,-0.0321544228684278,0.159999703694035,0.110040483893174,0.110494990672818,0.0366194018510029,-0.0308452083239004,-0.257154537724682,-0.159648040052247,-0.0732033516350677,0.469773622003503,0.052303111737484
0.0120371906896643,0.134053381564578,0.259319780175553,0.132081080963533,0.625239623211844,0.510867040272452,0.0417813997812241,0.426076457730285,0,0.274061954440734,0.138234055451055,0.162007676998673,0.069193332510507,-0.0478346826800326,-0.0266282150195537,-0.132189043961453,-0.0257001777075241,0.143746107830212,-0.0865800835893503,0.125155150559214,0.0964779474452162,-0.0516295342104525,0.0360058981455214,0.0490435285309127,0.165420846530552,0.206489697611078,-0.0788120879624411,0.0791098527104243,0.113230323021943,0.0367472161711347,0.012217853189268,-0.0343169385689211,0.0705661847646801,-0.00248512107581455,-0.147797735834357,0.244505492317889,-0.01686273770873,0.0906291967138425,0.184336985721608,0.0959829202719166,-0.0794892685073015,0.114265560102175,-0.288763659347778,-0.0452781305619097,0.0459200508240234,-0.184676824613769,-0.235279999693138,-0.156515508057417,0.00878084102036311,-0.081576309510601,0.155297808120175,0.250305710782771,-0.0401735902274494,0.197265068227479,0.740820528696339,0.381632261498681,0.141721078017013,0.628967248410876,0.136482874660061,-0.0682729124454321,0.105451224020418,0.135526592665557,0.158717371736118,-0.0377381769407705,-0.0480802158854404,0.0718566482646648,0.00935208470398924,0.0527603695776858,0.0268338670911956,0.207372501300823,0.1226050933554,0.158771345071054,0.133735141125883,-0.0250181665904495,0.153698949115609,0.0686264415359836,0.290797520425298,0.249856491692498,-0.0439960325082857,-0.00571454842499221,-0.0132011501618478,0.0377577790043968,0.0966192266125741,0.0247548157823183,-0.0362839581996586,-0.161089531689457,0.039442784101261,0.147603349538293,0.309867977132042,-0.0773400985556306,-0.0186997195801557,-0.0467472907614155,-0.00608122603008441,0.0282247767102061,0.0283333835325779,-0.0567950647600318,-0.204346390303316,-0.156764539866218,0.176309376722865,-0.179338138958645
-0.130132419744264,-0.151452498085317,-0.264035277422357,-0.134646183669481,0.14118825660758,-0.119776242339935,0.191259698330069,-0.0214179249037619,0.274061954440734,0,0.0910797112607219,0.552333144724712,0.155836152869648,0.00394905899439457,0.0205729548469,-0.339901716141037,-0.0714390698146749,-0.0760843947806502,-0.147275226300275,-0.168139539319624,0.0701872734582042,-0.125692534579626,0.0754327102436041,0.179622205487638,0.431849466935255,0.0629596383500259,-0.0324019001581573,-0.0293715207037018,-0.0197377974123598,-0.0121142167198169,0.263944402066967,0.133516979010013,0.187347388231843,0.0207210485704822,-0.126892242787033,0.153823201184284,0.0896191246114173,0.407454049044643,0.338860645655631,0.117724015705047,0.0284896406407879,0.510915120712854,0.0533457844548031,0.141033658357725,0.00109590131544168,0.00255390768887277,-0.0337664487423198,0.0438145847129548,-0.166566593503852,-0.0237700675250572,-0.0595575027529777,-0.149554547535108,-0.24208854236769,-0.0566710999451948,0.159000258851721,-0.189723893221463,-0.0701242893731389,0.124030374465366,0.472604815466171,0.362432464880033,0.441679131153474,0.178675642299912,-0.0882350602311739,-0.178965347598788,0.123960716538139,0.0124421106411971,0.0878414728909185,0.0561997958563885,-0.0950128813790451,0.0291499125349166,-0.141194766252167,-0.0921291847873532,-0.0789038825570579,0.0542828926788069,0.313408426668148,0.188072688381183,0.117225157617554,0.0898161979332369,0.21857595124812,0.0485941638116486,-0.183900704655547,0.022594485843935,0.155903733250475,-0.129285795517562,-0.0804589257001546,-0.123873207092242,-0.0135813797177439,-0.038278084386706,0.0197849245813058,-0.093550261898903,-0.00435418279891302,-0.0230222789378427,0.141215684907941,0.315771006337763,0.20669531752698,0.238835316032031,-0.053188013095472,-0.0231335888094168,0.0511852640880686,-0.188080675787403
0.223412779794487,0.0192508370363085,-0.13208996279269,0.140720334125139,0.163636382555636,-0.0556660556975354,0.221748088061126,0.163369015144263,0.138234055451055,0.0910797112607219,0,0.0699438431564854,-0.108501217383287,-0.140066945611147,-0.196179932559529,0.078702039738875,-0.158738191310062,-0.0756372583850917,-0.0840905140170946,-0.22326724406041,-0.00420388802502083,-0.201054060392146,-0.135259522751435,-0.172447861255607,0.301227027724057,0.109486309522688,0.0136640384465486,-0.180747486310446,0.0774662393668442,-0.121176675029679,-0.0892955616892519,0.389571045284957,0.445814503327256,-0.0754079253647013,-0.127579308165909,-0.148571548430345,-0.0426807777571143,0.183962735016228,0.379596544839057,0.222291355709216,-0.08191424026562,-0.238310243585937,-0.113756952964718,0.17461531484564,-0.0546908314523199,-0.0902932350703471,-0.142306543620173,-0.121399352781536,0.282570920225002,-0.0416642273931686,-0.0124643242342285,-0.00109693617242181,0.117247442838033,0.166809855852086,0.152513388592634,0.15321388795642,0.0663887342051572,0.172973747240603,0.347360974165332,0.287587404428587,0.189345746235028,0.0270885575143647,-0.155494159307291,-0.0286334469783288,0.0470039040446831,-0.0594208940280495,0.0114609082426484,0.0139537093362375,-0.208589092970868,-0.0523171662081596,-0.11085453880007,0.00918896341923171,-0.18053084677798,-0.000655295063935536,0.0348702842673044,0.263734544013939,0.120687578996046,-0.147151045944131,0.115815043843726,0.371101107963612,-0.177183334910175,-0.151126370434119,-0.174888341704961,-0.229651541472086,-0.0920822060906866,-0.204668834999196,0.177790541111669,-0.178463587364437,-0.119780009709035,-0.235029087362365,0.338027546176272,0.358882501190406,0.326447185554465,0.0351727083439811,0.0495016125471112,0.0539584236064206,-0.0930486686359293,-0.191533618246809,0.0141678123809905,-0.0158415005494049
-0.384900835598803,-0.132718747554636,-0.0176982114273858,-0.183755271072395,0.188217756542846,-0.00427868486761186,0.0478060596269426,-0.163522271558879,0.162007676998673,0.552333144724712,0.0699438431564854,0,0.140913272119259,-0.227976828161411,0.0747173194029868,-0.395876955080521,-0.241020252828942,-0.129442809798833,-0.258405966971675,-0.0977698982092735,-0.0990807624230132,-0.323493440452893,-0.233490374520756,0.366905012877379,0.124534507198653,0.290329210435498,-0.23748662268771,0.108530858289894,-0.302637464264088,-0.142932460190892,0.135827324379233,-0.172462364197586,-0.0171793373573304,-0.0591553855119697,-0.272500266719384,0.41443041142299,0.140989117197791,0.121017190060086,0.162988311208916,0.00922456733026841,0.0666089251228544,0.402909262027858,0.0612368994582724,0.187966273055172,-0.0740784603652145,-0.119151668468828,-0.113914629370966,-0.126844797686302,-0.274366954030022,-0.00929214126668776,0.137513126280876,-0.0318770656350186,-0.297423975468254,-0.233251385140493,0.158034590166941,-0.248443690743534,-0.192901787194186,0.014865734476984,0.0634057422743208,0.375663204417534,0.515692552058361,0.213144338557057,-0.164336647378219,-0.218526906898388,-0.0940364017538577,-0.0252105314459418,-0.0563761811299865,0.00995075673801222,-0.146970486808239,-0.0262098515909682,-0.205667615737521,-0.163503420949098,-0.263061124708668,-0.200703111899802,0.489346087411137,0.204567104283417,-0.097705680035476,0.0341962126887763,-0.0787043856951523,-0.0981040710330977,-0.113445288401092,0.0952581481066876,0.0655481120301913,-0.0943752426462592,-0.27659199775547,-0.299629190691916,-0.13585340843368,0.0237578368336924,0.144382931320215,-0.10596836883366,-0.218851982416781,-0.366626478515607,-0.168181656596629,0.266241994800739,0.108321301537742,0.230937317554286,-0.266937106876837,-0.262471238860473,0.0449228081919016,-0.222669036426066
-0.0293516705493605,0.0291142617240868,0.241031504156742,-0.032661113113663,0.062465804403836,0.191875084883658,-0.107533304173557,-0.0822132800664304,0.069193332510507,0.155836152869648,-0.108501217383287,0.140913272119259,0,0.364013337900204,0.402976733971517,-0.0455641987551324,0.365049002438867,0.101494550603722,0.133847209251052,0.127522803170907,0.177511031605848,0.272613872141871,0.100844436219119,0.264022230722647,0.0739223938862543,0.12189148079121,0.0581293551588255,0.312318794827559,0.0742772640600625,0.23118964511863,-0.018362804146067,-0.197994770469797,-0.10430346989999,0.254166186678735,0.12029825451277,0.195965517695406,0.088313995379053,-0.0546761253601707,-0.0691670038672455,-0.172771576847537,0.171867881814388,0.037101498286235,0.208397367471581,-0.0429595678227197,0.120557251644579,0.212825180801395,0.131943699021727,0.103037148551723,-0.106690146294234,0.103719087459275,0.169315613897487,0.108636089480075,-0.0825474779995542,-0.0842362808458953,0.105137558161827,0.0830464337176698,-0.110960571960055,0.010617777853157,-0.0915725951366219,-0.0984756402821265,0.130620091687028,0.591002788856722,0.350534264951368,0.410287292654118,0.192393888731733,0.356710495734894,-0.136571995549861,0.333064633871097,0.188479264007523,0.0433569844002686,0.206632687508846,0.256149725139167,0.174979110732102,-0.0727741072480416,0.260100157341978,-0.038245338187209,0.148981338760182,0.311208470119367,-0.110527986282239,-0.127607145168773,0.127353369169794,0.190391401111765,0.19673946979283,0.338091482146679,0.15260055751805,0.213191754437652,0.0739315983082296,0.336465933917483,0.0998564111939019,0.0336119571019565,-0.118203726046567,-0.224516826896906,-0.0538218293345413,-0.0532134604854443,0.0182858681766102,0.000127594061356057,0.147822947280357,0.0823941420445033,-0.0649085865375482,0.0547322248951841
0.0319270702670266,-0.104055366420091,-0.0782555318819537,-0.176241266079621,-0.146604111439265,0.000634325111152777,-0.0859610510247238,-0.0985238177491026,-0.0478346826800326,0.00394905899439457,-0.140066945611147,-0.227976828161411,0.364013337900204,0,0.50804447327785,-0.0823649415402183,0.416511228528473,-0.0133517203098385,0.376929449423667,-0.0401847509649299,0.473657501330444,0.257421601741761,0.462588986881801,0.0411823433794085,0.0823417963655585,-0.0961595033309352,0.438978207326731,0.122785103986873,0.290217117842063,0.522712821188376,-0.069633955460034,0.000415670746945271,-0.0319290832466713,0.246665746690777,0.211951602805294,-0.121438408272465,0.0247755261842505,0.0208031803644721,-0.0467703562536589,-0.166783054561144,0.141377060139734,-0.0456138317750011,0.25936806118556,0.0139396910166094,0.253294361345335,0.44002698045951,0.359073650302326,0.350921064018823,-0.0722281708107329,0.0698422506418007,-0.236106729184482,-0.1323939759831,-0.135220754817832,0.0458317250141956,-0.0794328774105865,0.0522931367034528,-0.137142297127461,-0.104827722249245,0.113899819690712,-0.0212883852129053,-0.036001766213342,0.210521115235315,0.340618927480822,0.524340345553273,0.604949225007852,0.524489006949841,-0.150169189117968,0.224075281922863,0.218685024173983,-0.0848406187563558,0.328434179868476,0.100252284787938,0.351384594923953,0.00733841819011589,-0.00852575108068734,0.0501330315672605,0.297035320457319,0.391130434879824,0.0451866012938908,-0.0382553519695229,0.122267234503134,-0.0473567099616122,0.126484106978896,0.170579532437861,0.464570271788846,0.283974096893249,0.138879967201308,0.181358314832454,-0.193625679207009,0.0163523725689687,0.0113339227052005,0.0749668969002029,0.0244029216087675,-0.142246384589218,0.0489984407134358,0.00245420497205895,0.506242438463688,0.456626209740683,-0.204276132069931,0.0233841514105637
-0.280055031754471,-0.137422005253094,0.0195005709936534,-0.346806177250823,-0.0742681221614339,0.0410351853502971,-0.277957658708936,-0.29239871541333,-0.0266282150195537,0.0205729548469,-0.196179932559529,0.0747173194029868,0.402976733971517,0.50804447327785,0,-0.231677739276338,0.398046604591741,-0.146824665398607,0.125292423065764,0.109239237084304,0.431876488258458,0.163460357889068,0.362075150918708,0.464916107013838,-0.114173987250702,0.238165335623282,0.235786353447461,0.291947889636229,0.191245601459392,0.570505856476659,-0.139269282926607,-0.357543859514974,-0.27952256397064,0.220640054697092,0.0681300672370589,0.225865824572949,0.215193655517788,-0.0806560026288155,-0.164400761797672,-0.260019727989366,0.18812444081899,0.0841890192993269,0.310854325411106,-0.0598634033266563,0.190289404200048,0.311636866280499,0.30170884328828,0.186216299667482,-0.30073961089981,-0.0431820844118205,-0.052055288786998,-0.0920825917877084,-0.34802450471963,-0.12739101795588,-0.0307343574659282,-0.122387830503494,-0.308703664132102,-0.238611430398424,-0.137761438791415,-0.0471117180608729,0.155861874308677,0.411597743762264,0.28020278979228,0.347783376827737,0.384776626434717,0.767985673216117,-0.355862436197327,0.146776564271665,0.243773772130007,-0.221264252721552,0.371921351069003,0.106638786406064,0.302155531950869,-0.134992119196571,0.277928790905463,0.0641893097945856,0.285436604482551,0.554790003884809,-0.229268001982426,-0.4110043584649,0.35933459384333,0.0496602984312997,0.170252339156705,0.326517427923619,0.342446004490917,0.0907683343586901,0.0597442301556761,0.354036500019217,-0.0190706349651266,0.185931016714579,-0.443811746072361,-0.323780181831378,-0.155344339746394,-0.216525700651804,0.00194821920776667,-0.0681747017825858,0.280978562209817,0.236354053529246,-0.277168541325019,-0.160827539457421
0.379992481183023,0.485304776635858,0.182207840263092,0.559681875284256,0.0109459095620375,0.0847539288862672,0.201941741442735,0.433924549134741,-0.132189043961453,-0.339901716141037,0.078702039738875,-0.395876955080521,-0.0455641987551324,-0.0823649415402183,-0.231677739276338,0,0.0821997323383823,0.403233591921678,0.11063126356496,0.211520873573496,-0.17075936002741,0.373575146855141,0.102981234150016,-0.142314314704179,-0.0590243442568876,-0.128611631829552,-0.135036393982485,-0.0571300003318674,0.0277085574302989,-0.164163482909219,-0.280120406335044,0.0714902037849003,0.0813421080528324,0.16037253449187,0.378039288445835,-0.346374965182474,-0.28732549978981,-0.238539863279489,-0.178423254995454,0.206722958511187,-0.184788751354471,-0.337089307016867,-0.165875384090763,-0.345461603670032,-0.111960973943163,-0.187083867257974,-0.0862378432728993,-0.028617529002574,0.353150248292358,-0.0602857823031775,0.168520540928261,0.381660304192698,0.655299048851025,0.373227558118099,0.0532384155843136,0.225989346878351,0.518093803265628,0.192971769678129,-0.105421105036705,-0.204413662463252,-0.204627358926211,-0.0900131972355476,0.0667483086528656,0.142526010224569,-0.0847643503571958,-0.122317850325317,0.262039059015431,0.188668584740623,0.346892852015951,0.345534438029709,0.160196343586779,0.41153657038224,0.258856915509296,0.336888465835783,-0.199795703918905,-0.142307891387225,0.00852055980820474,-0.118150399667431,-0.161508991465442,-0.000211884747076143,0.119297531438153,-0.135066074759617,-0.283695917697635,0.199138090263991,-0.0894373140243066,0.300655426581697,-0.0404137299474243,-0.0821587915081285,0.0547208379698159,0.0365721109050463,0.103011543286457,0.175717953275767,0.222999812161486,-0.0965063715232318,-0.185265467013755,-0.384034534100147,-0.0983203473056231,-0.0652920316749875,0.317059278153535,0.201579706091819
0.129699817323044,-0.0257792487501112,0.147647664749069,-0.108285318506872,-0.140706526140151,0.0989965708716411,-0.0274029979809887,-0.0468815999486777,-0.0257001777075241,-0.0714390698146749,-0.158738191310062,-0.241020252828942,0.365049002438867,0.416511228528473,0.398046604591741,0.0821997323383823,0,0.0822993374362254,0.458005828269757,0.12819444245465,0.342753797606847,0.428797136890781,0.332708717614555,0.185319264257545,0.0437146185849945,0.0772727952258943,0.266305318683653,0.267006808678219,0.402982615153947,0.426546016939793,-0.0774657003993976,-0.125707993002065,-0.11180567738487,0.299447937456897,0.271065857481561,-0.117240814302687,0.00714967283747648,-0.0524617271879129,-0.0828184717272162,-0.106227201787031,0.0971556228677204,-0.0179486856570171,0.180593914288209,-0.125339431289226,0.218625680754697,0.211401179860364,0.154630720571913,0.124782833800006,-0.139807656466943,0.00802894500461665,-0.0822180892057614,-0.060768712978153,-0.0466040265536693,-0.0235383008438727,-0.0819163365135403,0.0273699613937645,-0.0943367264684754,-0.081252445488014,-0.0260084297834343,-0.195791990937135,-0.078141922466766,0.247111958472475,0.334198449045624,0.432986135139876,0.329922365398614,0.418891479713649,-0.0826564224985063,0.343729950524409,0.291286127312924,-0.0558552546714205,0.332933235024942,0.244177033142242,0.397392224911748,0.0140002604241984,0.0592401531890021,0.0183744235823186,0.340296965564319,0.348392945489291,-0.0747452130872746,-0.0684371534615556,0.268532440895948,-0.0295155015942115,0.199009127641644,0.249168057956804,0.412228934892937,0.221011317534031,0.0620450856242943,0.303901699705661,-0.129297683099526,0.0970186843638901,-0.155094740355696,-0.0950028726563899,-0.0158249781755124,-0.126591049650115,-0.0621180258859372,-0.110568093410071,0.228662391321007,0.145471680201965,-0.194926959743313,0.0149315397283747
0.15509679638561,0.479880074032067,0.337775248999031,0.528015966456406,0.342463727754304,0.186858262872138,0.202971553470644,0.658489309957725,0.143746107830212,-0.0760843947806502,-0.0756372583850917,-0.129442809798833,0.101494550603722,-0.0133517203098385,-0.146824665398607,0.403233591921678,0.0822993374362254,0,0.139097614592035,0.56314982846288,-0.0311085064093081,0.324646052022562,0.221163869055899,-0.109095040044544,-0.202000460486048,-0.0425739494567449,-0.212215174252807,0.196914626323071,-0.112465812825191,-0.105168206313083,0.0589840992198994,-0.123614892385917,-0.0590725506079031,0.201168940799693,0.266686638797765,-0.0118125706631819,-0.442441943381118,-0.155210594096632,-0.0783678014159207,0.206565323561138,-0.161062793014719,-0.0108668105634274,-0.259320522776567,-0.294340339300566,0.0595668657540422,-0.190401141472216,-0.24232349921786,-0.0210667645362204,0.0791916331319324,-0.0217274892108438,0.439692983692362,0.525661641249916,0.500270871067171,0.127800598595412,0.2351284660714,0.0535174517531071,0.604688352592878,0.539016231638915,-0.280004699087027,-0.432837612626145,-0.274955739476572,-0.00492758053120755,0.172855597951165,0.144581535583721,-0.116400692990925,-0.0948437588283553,0.300859141054184,0.190296382211671,0.473929647955495,0.809865631524747,0.321245302602791,0.467014073579071,0.423571783297,0.145142303152609,-0.115568087774113,-0.261322719314866,0.0733780456537893,0.0228970728247089,-0.0623015027030598,-0.0147413612283836,-0.032562744242832,0.0671523330927792,0.0295285196261375,0.276202235110307,-0.125896441949146,0.229302992651617,-0.283125012237264,0.114551586038778,0.45620283772497,-0.00884609236917447,-0.0116493368145545,-0.123587560213282,-0.0968440563263838,0.00631506071530612,-0.127422448445065,-0.225630875978282,-0.148225145934033,-0.0640526532741343,0.400753984049783,0.175815978587406
0.152970802955322,0.0983122001387361,0.158095135881639,0.0552953034358278,-0.0818422600754364,0.0496157075386444,0.125415187146417,0.0617564767517026,-0.0865800835893503,-0.147275226300275,-0.0840905140170946,-0.258405966971675,0.133847209251052,0.376929449423667,0.125292423065764,0.11063126356496,0.458005828269757,0.139097614592035,0,0.0193926610631545,0.0910739206719241,0.207658219908685,0.12946100649267,-0.172492146425702,-0.0612517725071597,-0.236951092700305,0.2707935038842,0.0965875276116875,0.298594413554911,0.193576473035812,-0.0327631260638512,-0.0736327970924004,0.0120281346052313,0.171032526856025,0.209694201666508,-0.0897260276520314,-0.0441946239266836,-0.0154903933619726,0.0783019766592505,0.0523107838274769,0.151078888321482,-0.0759163964390249,0.132300752164026,0.0601088109968453,0.186244391876263,0.274265461326661,0.174303143644003,0.202510053869422,0.0195380312434316,0.252001499490095,-0.016549957202597,0.0853820465652797,0.147678736572113,-0.0353871733440323,-0.129098202582163,0.028951104212137,0.0562912684472264,0.0367364005064789,-0.0631841467442632,-0.219220908778398,-0.156597731051362,0.0272933298756754,0.22856311374976,0.384620573098729,0.353750429731629,0.184596735569914,0.14387346569041,0.182982356463893,0.148458321303932,0.0849877448306191,0.0796569189993032,0.0567007728237439,0.155888707753925,0.0484346917803042,-0.279640387039429,-0.168734122013654,0.130895130914734,0.0520418254253281,0.0316878937092025,0.0915249089395369,0.000499589072098294,0.0794780248320505,0.154177170900038,-0.000351808108815453,0.256982673043704,0.29783195823556,0.127802200928999,0.140722459663034,-0.0468147777583131,0.0999879148469157,0.141144430332238,-0.0159622137787976,0.0941038593370807,-0.0233193088488247,0.0519358868788601,0.0869734597417346,0.298569546885641,0.260612271587208,-0.0671269356152143,0.270292202613648
0.0159198001504081,0.256587183046857,0.339708121333656,0.243591648075099,0.198652418796246,0.202320490172958,-0.0556313468517838,0.341218848149068,0.125155150559214,-0.168139539319624,-0.22326724406041,-0.0977698982092735,0.127522803170907,-0.0401847509649299,0.109239237084304,0.211520873573496,0.12819444245465,0.56314982846288,0.0193926610631545,0,0.146174801063096,0.266480821414109,0.195574951592021,0.169391331303523,-0.306449902534069,0.0607937284234135,-0.0882013990819435,0.269927531775492,0.0941691738496976,0.0878387406518398,0.0512389429346625,-0.318207078028839,-0.324294533904756,0.182770624758411,0.168049667264909,0.168411709419483,-0.171756060717051,-0.25739154726032,-0.198618971060086,0.113358994777412,-0.0879654892929148,-0.024107654269111,-0.170412923591066,-0.264323186306872,0.122714536995232,-0.132407059726011,-0.192399866794876,-0.0242775115286817,0.0871640636838317,0.00546292774689413,0.354643227566452,0.262859202208614,0.212323969889204,0.0194308916322576,0.125462327655916,0.00448799441600767,0.275409636588565,0.199396419330095,-0.403279439496456,-0.38876270178675,-0.264914696106113,0.0341397727603659,0.111793708955836,0.0780239698515095,-0.222266804048352,0.0444644124696785,0.126201819686403,0.095331783194126,0.475149896030236,0.480788776258602,0.480422782191681,0.347088172941609,0.353135905603067,0.146838327786737,0.0104849610419447,-0.234275086745175,0.128905268619961,0.163547131779652,-0.155917626534823,-0.221016667236252,0.182026715889959,0.129391948859443,0.135286787609171,0.375087514357605,0.0347778373341054,0.163568022136915,-0.163880898676124,0.26354230353874,0.586703735666933,0.202691600670935,-0.225741069414782,-0.244465516698433,-0.157241524274564,-0.165302011220917,-0.134600348319775,-0.230942015267097,-0.123482302506532,0.0109099014779341,0.336295688966407,0.131614699910943
0.107778594348241,-0.214675188455251,-0.137421409362018,-0.176323755826682,-0.00883346919652417,-0.0835780716479121,-0.0518459903616326,-0.0625401708948874,0.0964779474452162,0.0701872734582042,-0.00420388802502083,-0.0990807624230132,0.177511031605848,0.473657501330444,0.431876488258458,-0.17075936002741,0.342753797606847,-0.0311085064093081,0.0910739206719241,0.146174801063096,0,0.115211848915951,0.437598830997765,0.0704545475698285,0.172438887121221,0.0847755040284784,0.38308026530113,0.0811263340031929,0.479525585496043,0.487834169304062,0.0103727868155309,0.0410052990308143,-0.0578944008066269,0.170016013041939,0.0371463138673213,-0.122721806532231,-0.000768945828044532,0.0758747621038064,0.0874483115539885,-0.0353016198600301,-0.00186660855360231,0.00430307170679667,0.0527468591326052,0.0100148038458744,0.222634820332058,0.289633687530269,0.133089701366972,0.199625198104936,-0.0517913607670066,-0.045061912082504,-0.0984846820040423,-0.229089761998908,-0.148889780142395,-0.0152152528710426,-0.0256265241977499,-0.015449490921498,-0.12084343475449,-0.0354155079903884,0.236713622139886,0.0754691596414352,0.0120600503369659,0.0859467126211211,0.0129915031446606,0.223018445826272,0.391097212654516,0.479146610500114,-0.0820894905722197,0.103819952628852,0.199801776802933,-0.0542427390272855,0.648729564921052,0.0719997371090288,0.407688999297636,0.109405732021869,0.0996185898908886,0.211651100773302,0.447098414128643,0.435229589856649,0.15992081271978,-0.0321252468929156,0.107289840710389,-0.0403746513498312,0.202265989890268,0.0947660557476685,0.386880560066753,0.0557277488328476,0.0887340811189127,0.159268296418762,-0.114973652914204,0.0679416011551401,0.0121868403066256,0.14472842619533,0.117981019970061,-0.0707534130657007,0.0956207016898204,0.0344220306325418,0.393055236667124,0.32086459680207,-0.199609755270195,-0.101586217451944
