0,-0.273414470058389,0.285762491113884,-0.344848109616695,0.123158540619702,0.221209448461923,0.0240117245448154,0.123944600921482,0.13520154516342,0.172118906148952,0.353551374388776,0.265399526348099,-0.106555343108064,-0.42692786738787,-0.462644372955784,0.129492528397969,-0.106594725860405,-0.155877094717858,-0.270526156869473,-0.0443599745637975,-0.363964275863202,-0.00494037683829532,-0.478278317169689,0.0956063740900869,0.243714474047229,0.100672526808285,-0.346591967826004,-0.0248160558593092,-0.0382455560055883,-0.416795323546998,0.276526727432891,-0.0327644754343373,-0.172457378129399,0.0199549184944338,-0.187367019669605,0.135224863438132,-0.0640821008066733,0.283405947222939,-0.140035902674416,0.134324722612948,0.296953846071709,0.350866152514006,-0.0671977553007563,0.147645935476153,-0.133444657613611,-0.137471669513952,-0.429793741691289,-0.222549084122954,0.428636883426003,0.210020994940361,0.665096444754999,-0.208366315436314,-0.235418987012057,-0.360494752555727,0.225807861742668,0.18298917363227,-0.0565165306163236,0.0263756075943832,0.213424711771384,-0.0424553562562916,-0.190690197590873,-0.213851395330473,-0.440713670903907,-0.354104124621002,-0.457255827122396,-0.449764130939179,0.244933625353066,-0.268550720697903,-0.408796474018898,-0.27099788378245,-0.412652455952338,-0.380305696144596,-0.382256388167399,0.00489924855707246,-0.0310768029160285,-0.01796156325411,-0.31062465178162,-0.338569682751475,0.360323377713851,0.0964351470353011,-0.369100070881989,0.155676378268393,-0.147970599457629,-0.270460664369163,-0.410244018247841,-0.473591431160292,-0.18457749050467,0.0440429838908546,-0.0703790092227797,0.189145402210013,0.0773788003154687,0.104884655661588,-0.0642517236369666,0.283384797745686,-0.0208889801344038,0.163557124760382,-0.262803766227932,-0.124220084591614,0.302134025458222,0.113470164198481
-0.273414470058389,0,0.359509440514968,0.623943111988381,0.152179141719401,0.234463437222456,0.514729567390036,0.507521234212737,0.428693028579502,-0.0300430947211633,-0.104457250725337,0.0579467961010668,0.224948160669265,0.273688653391319,0.286438789544412,0.438235227566866,0.19096624097274,0.26311119779696,0.252025330882936,0.0390618141930355,0.288372676116779,-0.0376128726522236,0.229418339688667,-0.0538659014301358,-0.197532818106446,-0.307911773029511,0.00629554836898975,-0.255630926486701,-0.0276102714764244,0.180238704360445,0.0174713042279495,0.113846698070457,0.374606856036156,0.0323329132610285,0.129620980688283,-0.187338358144865,-0.20381132797141,-0.0353043740542781,0.178170454146392,0.0879940249085717,-0.138901614616982,-0.287623013238155,-0.154807248720112,-0.02513951193506,-0.0293696340602362,0.059929673950089,0.118680850179761,0.158265920449129,-0.0683201745188272,-0.18242676759771,-0.0426698440902209,0.593124548609919,0.565326508422038,0.297331894458425,0.166176058784312,0.344671084979929,0.456076750084256,0.463531212595803,-0.219574918963418,-0.0714822932010647,0.0221469092547812,0.317585832274854,0.172079888016751,0.178967713766226,0.340697185690531,0.296670996945532,0.236924847377288,0.410445280099927,0.243211505496026,0.290929527843429,0.330708512601559,0.270640649160572,0.248546425011523,0.330092358574289,0.0813808108483122,-0.199761559150064,0.169546518883479,0.165179897661184,0.0324300866611545,0.151879792061784,-0.0191740002646501,-0.151137333091624,0.124803821974963,0.137326649303593,0.110127815420911,0.157476896170689,-0.039121195816732,-0.206342631042645,0.118062127454744,-0.218977745119493,0.157374987510734,-0.00914311380229405,0.122313159268869,-0.247568372337321,-0.135452128850729,0.0132126019800122,0.0990720073379776,0.140664358436772,0.0530148458897251,-0.182834974158497
0.285762491113884,0.359509440514968,0,-0.00742103093182022,-0.0390419171400962,0.379928791811282,0.505300216208579,0.485113814886077,0.5241158448425,0.229411993167398,0.213844690476415,0.375727235988016,0.324853563165561,-0.0383556331281319,-0.0216271907487537,0.305378248584166,0.315910634330469,0.289080279986053,0.254253851443585,0.0646617670459794,0.0963691021785953,0.218821493441114,-0.103534204852968,0.300520112351771,0.0771858144034791,0.13492479183227,-0.0861753773801825,-0.172621000984933,0.1050200263616,-0.086523185745883,0.0284953701443064,-0.0832399490883172,-0.0646588935127303,0.158334552974314,0.153948109696302,-0.0868856130236018,-0.196813938715081,0.140714291203532,0.114718347275617,0.326026934842515,-0.00328307709764731,0.173592950751124,-0.00367088067077587,-0.17199717199553,-0.191296348605472,-0.149746779482942,-0.183629029000725,-0.149489764575869,0.0696129603411271,-0.0685420057805143,0.326538740031982,0.477413184121746,0.0917799246508952,-0.307580932348491,0.172919108555842,0.498818083141303,0.225301743807537,0.411374993898276,0.156829112992819,0.174782195558376,0.169257720153835,0.310877296060509,-0.0762922468198974,-0.0377439932680192,0.0631902210774404,-0.0674434642594434,0.329431155657909,0.328375614044816,0.0682916627300559,0.169475403523721,0.159853144344111,0.110665765416401,-0.000807766966690138,0.403925136755106,0.327428842087326,0.0793140972209827,0.122707582843418,-0.025515353837728,0.107598271230812,-0.0379962169865929,-0.0995467094414641,-0.226097486628514,-0.0929965488975039,0.00499519113804181,-0.166560842787462,-0.186246160057072,-0.273594374394563,-0.096103284991104,0.141754969623553,-0.223341349307969,-0.169159088779234,0.142940784463435,0.163865721573037,-0.0132634519638139,0.136477969843706,-0.163368680812683,-0.207504921972215,-0.0912543708110773,0.134017756655822,-0.120374690331928
-0.344848109616695,0.623943111988381,-0.00742103093182022,0,0.31550379511129,-0.0686851242000456,0.294659049747341,0.202492852689087,0.080437851187297,-0.208426906670659,-0.146459962869099,-0.13399540413992,0.0472635993199073,0.417487677004674,0.436960889906761,0.425314339523889,0.0444467840332309,0.143076866901487,0.145274609666979,0.00175762453830388,0.221981257003352,-0.218872788806382,0.479358351411662,-0.205215589587368,-0.396196900766124,-0.400837774354696,0.126584099290768,-0.209596831103701,-0.0912569290677343,0.393814468880996,-0.146436003644646,0.19077527820609,0.535591114647363,-0.0998479332146653,0.000433810435951862,-0.166642800735787,-0.205656558904189,-0.118530682025102,0.0245829226581176,-0.0508110335972364,-0.251327149813578,-0.467312371793372,-0.205753496589819,-0.0769846022654034,0.0157249686152004,0.0656508779014094,0.261226581030224,0.263077272076798,-0.167633435447447,-0.311716676674568,-0.0460335342248729,0.342599167963625,0.73327277539736,0.662337967166889,0.0324793197823471,0.0342108547510972,0.461281399635808,0.110709288328231,-0.262095182945326,-0.147874706327843,0.00864785156491464,0.244554316675931,0.411294574294458,0.365635689879633,0.46978698414023,0.528620385709075,0.208920378136419,0.337327456285568,0.350941126568907,0.2993315199619,0.331465895506548,0.320668596746423,0.463833156526603,0.182120802758345,0.0267780799561895,-0.188749376150964,0.141438060587445,0.372393185332669,-0.213046326365954,0.343333882663391,0.121232881583603,-0.109070548951309,0.0362000919023514,0.196862066682441,0.253666807324779,0.409483105173998,-0.0303048978559098,-0.208153649924347,0.0243661527669536,-0.214796196468305,0.333484235969368,-0.170844837852798,0.0549334964569438,-0.390687433075333,-0.317115268365981,-0.0271779442421584,0.141747731075741,0.200004974791087,-0.0944922594450376,-0.314089885122778
0.123158540619702,0.152179141719401,-0.0390419171400962,0.31550379511129,0,0.377119967596755,-0.101946240483029,0.081499157036514,0.199047540648122,-0.0543973426343514,-0.0833080164186793,-0.252105346349605,-0.371941481900307,-0.140018128856092,-0.234590736772887,0.175680309692926,-0.359722840415195,-0.331331787019542,-0.362045779586683,-0.150943419627644,-0.299899433010848,-0.319774048092833,-0.147407496599502,-0.242650917859239,-0.174651970205665,-0.233343669284005,-0.214104504043314,-0.0638139431173547,-0.206050099025784,-0.156281522463342,-0.0607812486577824,0.0762057355191353,0.0382524658387421,-0.268952238556511,-0.417911212410252,0.104428220752681,0.0483099568097448,-0.0270264936697518,-0.230709110739263,-0.222553161568044,-0.0137798725881679,-0.06029467644119,-0.278081992397833,-0.00932817037543145,-0.0587162375360699,-0.0437053986859731,-0.176118293979076,-0.0590998250472091,0.0993405645405581,0.0388302222795765,0.193367785378755,-0.0888438273321419,0.0876359555209155,0.454750572354075,0.615729291601896,0.0610611957074071,0.135771423975445,0.158026723461484,-0.0902596332397046,-0.26165002214356,-0.262828373292023,-0.338821851687549,-0.0812439402266813,-0.178965258114569,-0.276842758038933,-0.127062017175985,-0.0446786939005646,-0.388356557329388,-0.298330498010719,-0.261394242592352,-0.292029183975757,-0.316191001340605,-0.160773539986023,-0.2608961322591,-0.228363394040304,-0.247847492139901,-0.226217362275207,-0.140491798774041,-0.0578406891331403,0.118143866582662,-0.259912679400638,0.0302325957380396,-0.233323254232374,-0.388399663144988,-0.190701806075051,-0.109612096700904,-0.0766772271033082,-0.067421032821904,-0.067466853301394,0.0358929046039941,0.197293109584894,-0.205603976295106,-0.208424805416161,-0.193957604849819,-0.405433004042365,-0.0160298903668299,-0.0708606454216165,-0.144019096526435,0.0510534621723317,-0.0295882914595431
0.221209448461923,0.234463437222456,0.379928791811282,-0.0686851242000456,0.377119967596755,0,0.282947513952411,0.401258066551937,0.551509981129645,0.23078711303249,0.0967338777658384,0.0979126499437676,0.0192415963837293,-0.185453447119154,-0.286915610328053,0.232603016021961,-0.0281842257562782,-0.0531861815199276,-0.140474013925908,0.0189213930946827,-0.141118915775752,0.0252372373109021,-0.318153589893314,0.0898742756740324,0.15198119999154,0.091289702986753,-0.247605705791396,-0.0568757876788751,-0.00458636039442149,-0.326949680526391,0.120202542126284,-0.0636357155154845,-0.208399619338175,-0.0268444462923912,-0.138485092709156,0.114938195660247,-0.0431034783612168,0.162738708193092,0.135004988290639,0.208461334297071,0.18316017727543,0.245771404715045,-0.101706190306977,0.0637557710343381,-0.135906122989624,-0.129885432077077,-0.255897472638721,-0.15953261945494,0.408003867685769,0.19816831187551,0.208800157909728,0.204328384145198,-0.0887655616696534,-0.144501655258492,0.621909742223654,0.64201656143439,0.151590345028677,0.444483008718357,0.0918738168924207,0.0151431650558662,-0.0776521423641854,-0.0901443798528879,-0.240149202446512,-0.276111482123564,-0.255326133118547,-0.280279568815443,0.204993971077065,-0.108505704401622,-0.298782954573725,-0.182801414196171,-0.180164081598759,-0.241232251368945,-0.282298563586328,0.0747900155456709,0.0465489921982269,-0.0331708205231793,-0.111127900837483,-0.284200357789321,0.166008857390762,-0.142463814875372,-0.327619216128961,-0.0665107752737675,-0.168667887171993,-0.337833361224077,-0.349315572861216,-0.351791283593678,-0.122815898418977,-0.0290925682904326,0.161319546858146,-0.055852468680121,-0.0524933393093029,0.0279903074696715,0.01866241055761,0.054658608093905,-0.127126051870644,0.0023914089669638,-0.21442120436959,-0.191128257797998,0.335728450041062,0.121543764231932
0.0240117245448154,0.514729567390036,0.505300216208579,0.294659049747341,-0.101946240483029,0.282947513952411,0,0.644810679959694,0.503927836297159,0.167702743789569,0.17049754480012,0.356497304020952,0.357833736498693,0.118881209707901,0.121446171618391,0.542125570678101,0.414478196973081,0.372884102916318,0.29147043561215,0.0153410226770953,0.213580195569978,0.121882898357921,0.053846088284858,0.302459298185734,0.147588899485573,0.032066591716633,-0.107089190899674,-0.274468221900743,0.119231466805657,-0.015989296070875,0.101993256860834,0.0777187949872623,0.162672151629957,0.134292502857759,0.190457444375378,-0.242167586237193,-0.232137956012744,0.121413565617559,0.293872225381809,0.466022919785698,-0.153182045166437,-0.0378158286041286,-0.119919026630548,-0.113412982541416,-0.273841903506292,-0.298600613087001,-0.156885200853035,-0.183524407541403,-0.0401544710767935,-0.318945802026914,0.235035372862764,0.442364694337815,0.446386133074807,-0.0985210693539849,0.00127610228192841,0.435500430878499,0.436482534427206,0.373242578082801,0.0328380400084586,0.121564060078357,0.207799048116878,0.409850714406451,0.0248628568391143,0.0799502926207342,0.251368835587758,0.133111853131082,0.507552369207733,0.491493512888897,0.229907112482764,0.221374712888924,0.301250785686133,0.227046715928619,0.136268325372134,0.520455857777022,0.378876295437472,0.120499548975449,0.234933107243483,0.0570525771222115,0.0835137266306938,0.0994216098459953,-0.0338127399354817,-0.340783278603591,-0.00273603084899848,0.103098678004271,-0.146586097198889,-0.0923060479075422,-0.131012828038739,-0.214677017664534,0.115811149704832,-0.374614391248517,-0.018094003608407,0.119308159432128,0.258975803736833,-0.132733530601239,-0.0241256755776284,-0.133057308932049,-0.316633369865928,-0.169609100537422,0.0313711684491777,-0.299596392933849
0.123944600921482,0.507521234212737,0.485113814886077,0.202492852689087,0.081499157036514,0.401258066551937,0.644810679959694,0,0.621236856380052,0.129133482374566,0.0891691755334969,0.195075918795827,0.160251079779952,-0.070646383390459,-0.099750233253064,0.466304777834108,0.184128219863258,0.266913011395139,0.0604888218684565,-0.0482665052743479,0.0322099634838875,-0.0127211363485878,-0.185708595128389,0.0723588673239588,0.104750364590239,-0.0857288218794773,-0.287854440995658,-0.247461810524974,-0.0832665681992208,-0.22486173761927,0.178116865944061,-0.0356670893975136,0.0832316193106331,0.104648255904773,0.0387392082284437,-0.0886169873474483,-0.217196908682201,0.160533876558134,0.184474096705168,0.313128925721607,-0.110120392856702,0.0766897525864324,-0.139753275841641,0.0072172689071142,-0.171498554420031,-0.220830779112676,-0.329381049505608,-0.226727117606337,0.0330192928868686,-0.115676710991775,0.29314268825893,0.442424545809704,0.319944219570105,-0.126827485367556,0.246283768409946,0.498563668893206,0.596769169133034,0.577207657469181,-0.0474929231416021,-0.0889190118696183,-0.0244316388539904,0.155009578071757,-0.187556290525972,-0.153265361831886,0.0151512114912383,-0.126047128098548,0.310882527895804,0.223837105722162,0.0102405546881147,0.183165978696838,0.0452894503692784,0.0866257613111871,-0.0935707738911697,0.299147120229503,0.0439590631643384,-0.0726604489154534,-0.0526677583569934,-0.18013095619635,0.324364439604861,-0.05185581023645,-0.173404951500385,-0.141223155436939,0.127226313074278,-0.00747795292526225,-0.270010604270222,-0.220596906467745,-0.20471308526564,-0.17589131549012,0.181852984969323,-0.208716934270074,0.0284036866985234,0.0964889327451193,0.169490223953713,-0.0605349345925718,-0.0340312056124028,0.0593516790788237,-0.267195194643382,-0.119351545794009,0.0621355685482729,-0.163870275752469
0.13520154516342,0.428693028579502,0.5241158448425,0.080437851187297,0.199047540648122,0.551509981129645,0.503927836297159,0.621236856380052,0,0.302345560498148,0.18684328693026,0.230007340837196,0.205986807276175,-0.0434928237799878,-0.120281005766408,0.357154615058056,0.178489948126023,0.259828319220169,0.113775996341815,0.0995343923991163,0.0327061292502709,0.122765474525964,-0.174362217179638,0.24731758027842,0.144691603095397,0.0111853518616826,-0.174653975804186,-0.203832467124958,0.121785601549707,-0.180064397171194,0.0944606510266495,-0.237145308864094,-0.095260038357176,0.173118421542194,0.0572123677245324,0.0634246897730476,-0.0813120682150935,0.100754678613588,0.0821787010918991,0.342530692411779,0.0241128612062476,0.208030514409084,-0.173460345543989,-0.131279975022867,-0.178367328765401,-0.199506735261557,-0.26778310310176,-0.205680810181748,0.132373948238369,-0.0218540019022522,0.130143598739636,0.336672713872937,0.137852688043058,-0.137105027810892,0.44902289692577,0.639730487166304,0.309751188460245,0.660530551704901,0.0720458733094353,0.0641260544535072,0.0864923754787085,0.134645289275799,-0.154014395943629,-0.153187026844744,-0.0179593495507257,-0.148669652508196,0.348568047443784,0.157834383136699,-0.00269966553565715,0.131627432542601,0.0654629777955544,-0.0169889430755408,-0.130728070502517,0.45011445230547,0.189024514394431,-0.0583579526230991,0.0644911798700595,-0.126436615248609,0.184544769296106,-0.157095793549932,-0.186883790934933,-0.193624088114688,-0.0813672216519965,-0.150203654791396,-0.248000230627499,-0.22210917498683,-0.14214915390851,-0.0773288188399158,0.340110656609201,-0.177810162965946,-0.119471881416674,0.267425252766343,0.264631899965961,-0.0465974454102031,-0.0894988102417153,-0.146130164902399,-0.28111568309995,-0.213910622969638,0.214303747795973,-0.0775366891572641
0.172118906148952,-0.0300430947211633,0.229411993167398,-0.208426906670659,-0.0543973426343514,0.23078711303249,0.167702743789569,0.129133482374566,0.302345560498148,0,0.328052130765657,0.467551138863455,0.275714979359593,-0.0662098476420164,-0.127966102004596,0.0897532010841751,0.232544261447977,0.146664311639621,0.11567558678843,0.0226488016407225,-0.0468215754138275,0.28441158131926,-0.195961773719554,0.47341976728534,0.402804768452029,0.283806176661883,-0.218125553283023,-0.0470495778570387,0.145009896503459,-0.211367313899265,0.131249102568626,-0.13217725271547,-0.153745557374035,0.157180906303909,0.102864417152795,-0.0397006611815225,0.0343871110935924,0.110636904558968,0.126024709222716,0.39827002253053,-0.0451166065197028,0.369034987321084,-0.00824977268782545,-0.177500548183084,-0.263023209680824,-0.393376385790325,-0.306311806611108,-0.271749375749423,0.0645671663334096,-0.0639977925329949,0.0740311078868127,-0.0148834255972119,-0.120021264070082,-0.390102738274365,0.018063764954563,0.259850917467075,-0.0899439207317243,-0.0500269258206272,0.63634082701645,0.436070147884769,0.466219256784684,0.134792664887806,-0.115326585043089,-0.124154903340504,-0.149513370798661,-0.150448037788894,0.134610132084079,0.0805078043736297,-0.0047249559580879,-0.025368643051634,-0.0206518276416964,-0.120575600089586,-0.153893737339513,0.419117338740906,0.430539072087118,0.443619337841091,0.148164793300847,-0.0662420343626776,0.0579691891187738,-0.0743021265089863,0.0616292758555193,-0.0874709141601662,-0.157155868483269,-0.0791994348081233,-0.273071699224399,-0.305154448348726,0.0405685242156026,0.0155244874098212,0.14266206013388,-0.152288000788096,-0.233959134690081,0.559973373082052,0.422779233700454,0.113147537791776,0.112349856181862,-0.22608018311185,-0.362646235094036,-0.307692846657637,0.15236601360104,-0.0532487384293749
0.353551374388776,-0.104457250725337,0.213844690476415,-0.146459962869099,-0.0833080164186793,0.0967338777658384,0.17049754480012,0.0891691755334969,0.18684328693026,0.328052130765657,0,0.697096357904271,0.160743954754111,-0.0490298184928471,-0.110623701525487,0.00993507444174449,0.130634136207584,0.0729389681927066,0.0452299882604234,0.053412405022208,-0.0934598276079528,0.192445313454065,-0.208932552466402,0.410206974006258,0.247527330357688,0.317206995438122,-0.217809190438123,-0.0694557332327734,0.148428576175429,-0.212010389003006,0.233219641080105,-0.166902719358132,-0.072257996955205,0.120242823335112,0.0970653604478011,0.122817664522593,-0.00357807065797346,0.169290629006619,0.0235758397157313,0.229024960671447,0.180118830587433,0.367584227822335,0.0563427164398151,0.0847666938795771,-0.0599919630757176,-0.118214950374621,-0.240257091216038,-0.182807462486134,0.134031679020495,0.12327501518498,0.167828067967209,-0.116897860735684,-0.113588267845693,-0.278253279537254,0.132921898636275,0.210755536734579,-0.0226945261231062,0.0679545570524765,0.464850521643468,0.31074338263442,0.130647929727669,0.0362824846729388,-0.216462557997288,-0.190693259864821,-0.128864820261772,-0.143823821982497,0.386325409190898,0.0351633637693222,-0.023563655978409,-0.0482224787749432,-0.0716435077206947,-0.0432476433548338,-0.205095099109617,0.305339065545141,0.270242060624802,0.191040500644595,0.00517609810470188,-0.124884290007884,0.237126597949915,0.0157082388724387,-0.195855482612414,-0.0378010503652696,-0.0546570022446927,-0.0754549166904921,-0.27914941437304,-0.288731514979802,0.0409380538451343,-0.00960901435545019,0.0974847177547159,0.0673583343553879,-0.113938621545364,0.197868899106956,0.169864163928466,0.482193058408236,0.0930869003205277,0.0480663016174049,-0.203929687980465,-0.127980265822401,0.173300945947094,0.0711719128829124
0.265399526348099,0.0579467961010668,0.375727235988016,-0.13399540413992,-0.252105346349605,0.0979126499437676,0.356497304020952,0.195075918795827,0.230007340837196,0.467551138863455,0.697096357904271,0,0.36354041165237,0.00511432248386504,-0.00595520587181604,0.166585420752015,0.432904620926408,0.313761525265764,0.290670370809866,0.0954100339977224,0.0880151879528421,0.360150021167271,-0.122625436628053,0.626497529600462,0.300192977823592,0.380013133883612,-0.169745278706841,-0.075229717918088,0.192211730141463,-0.107873800483889,0.239665173830398,-0.156148916627374,-0.0330437409130478,0.28093584622079,0.273060523933694,-0.0548138143535217,-0.131241373930384,0.138624319671843,0.187954846278552,0.423429826337863,0.0228469925288953,0.298063418468194,0.130687668957445,-0.0915525087836495,-0.224291370126242,-0.234768159997754,-0.218363968441149,-0.197956161069519,-0.0244010367776482,-0.109282762544802,0.155388633980319,0.046702740338115,-0.0677635393565726,-0.384574072571129,-0.0219593072505573,0.249789703718231,-0.00604007618291372,0.0415263733080194,0.492023618061478,0.3914957477313,0.360454553188527,0.248315923232957,-0.173297992728076,-0.0390757486026958,0.0194961015781494,-0.0458808701583249,0.365430067417179,0.298517684090986,0.120396915761886,0.0963425804031258,0.107114749690142,0.0827552026096254,-0.0661003485186067,0.469103142308664,0.534306979254598,0.396943954878934,0.144418025495772,0.0275764784208725,0.203407245527086,-0.0252145347289246,-0.05788644515036,-0.222566260960341,-0.0685967019421245,0.0621623360352626,-0.235378623177539,-0.26242804480656,-0.0501173952420143,-0.0245682794601785,0.0972528611384349,-0.161881596005065,-0.271638803431619,0.299699359820855,0.236784531934605,0.332086776502863,0.269191888222941,-0.10848367081621,-0.286264693958153,-0.140648668504815,0.0208301043609642,-0.145024021076885
-0.106555343108064,0.224948160669265,0.324853563165561,0.0472635993199073,-0.371941481900307,0.0192415963837293,0.357833736498693,0.160251079779952,0.205986807276175,0.275714979359593,0.160743954754111,0.36354041165237,0,0.426164877600273,0.391642075382005,0.140985679352728,0.766116143530947,0.593279012405683,0.721208772577963,0.40162438833548,0.577343540009429,0.678359874301742,0.232383573119811,0.544474561748145,0.153815023390846,0.288619006622998,0.199381587038262,-0.110491559933597,0.475507665160492,0.157894971667058,-0.0383311818727613,-0.121507302029516,-0.00740615160785765,0.568088498107043,0.588490235732905,-0.22638649679656,-0.125345764790315,0.0690396592791692,0.367697954916207,0.466617051408959,0.123337796025421,0.129298299873043,0.381142938085038,-0.205570811825163,-0.0186708261250883,-0.00576470279689818,0.203496195122417,0.0885099576867683,-0.084569344548152,-0.014660288788455,-0.147053274056005,0.20334458540715,0.0441571865222919,-0.404264626352686,-0.247222571888264,0.170794433303414,-0.0594775224361551,0.0035474417573037,0.101321389995285,0.461387182199456,0.484213444096656,0.664122389777225,0.15184709547145,0.200582819806302,0.337371097131627,0.20706013762318,0.156780574274326,0.582243030202764,0.338548392630839,0.380317215052374,0.516203286190806,0.409100478752321,0.178365147266377,0.440498117096669,0.46858320047325,0.256569491990857,0.421336857840027,0.13941373485685,-0.0363485478697285,-0.1465266044253,0.178701078964988,-0.152075786826026,0.115712552545545,0.242252832400392,0.0503741310109222,0.00689671092331819,-0.0122885441007532,-0.138183729451694,0.254343816215734,-0.225828055627821,-0.363229395745689,0.247368855707669,0.38032399685338,-0.110900198537882,0.455851592446316,-0.182577877354322,0.0341467531861581,0.0334001651746586,0.101125982181489,-0.00825559628932585
-0.42692786738787,0.273688653391319,-0.0383556331281319,0.417487677004674,-0.140018128856092,-0.185453447119154,0.118881209707901,-0.070646383390459,-0.0434928237799878,-0.0662098476420164,-0.0490298184928471,0.00511432248386504,0.426164877600273,0,0.844511773820809,-0.0145060118766024,0.34016386360786,0.394603966736849,0.601355438594181,0.235399520170967,0.724234314708987,0.294585566824943,0.758546868534577,0.104128555401763,-0.195803388657437,-0.00260056000881722,0.490560716030245,-0.0158924937492816,0.255238179566674,0.55807275270079,-0.108400205526519,0.0834502019073386,0.298946420417982,0.217464632779165,0.545109909737594,-0.117513426180478,-0.0929309656982286,-0.143763084937762,0.0495909368253555,0.0676605392288053,-0.109560268210396,-0.278543638126516,0.12847591542494,-0.0526605220005242,0.274020302075538,0.193914687172054,0.683526194294957,0.366464267317904,-0.197004153924957,-0.155842762556167,-0.373780576577015,0.143778304784051,0.301115557331409,0.197996648302388,-0.169346459310492,-0.0260458077898936,-0.0221541451028066,-0.0646258423658307,-0.0813075732212653,0.209576757040736,0.319879665170335,0.363937012814346,0.610201194754376,0.474473358090364,0.658076740248029,0.722763544862113,0.0308348365702034,0.440575956919514,0.520229880423083,0.410922403331973,0.633657911022996,0.638701254071569,0.539616723375076,0.18020330089406,0.201906597120915,0.0997855868393013,0.576594642877271,0.537555061014713,-0.2144505376454,0.101556103253832,0.301940581958421,-0.207453344876281,0.306628356814545,0.528237970891918,0.480452515971489,0.542665626515851,0.161628819957299,-0.0831875159515449,0.173478966762933,-0.299724455249106,-0.0289885823025517,-0.00923095214320115,0.170870613373122,-0.178094286604814,0.117572542820986,-0.0216003869925331,0.358940473266207,0.275832689385771,-0.0245691323893156,-0.0876518433689262
-0.462644372955784,0.286438789544412,-0.0216271907487537,0.436960889906761,-0.234590736772887,-0.286915610328053,0.121446171618391,-0.099750233253064,-0.120281005766408,-0.127966102004596,-0.110623701525487,-0.00595520587181604,0.391642075382005,0.844511773820809,0,-0.0225327456134462,0.309432458406297,0.425231895022419,0.583508296225909,0.241532133939046,0.758813404951182,0.215918455055565,0.842142690771473,0.0605057259726158,-0.241936217286815,-0.0701386912978888,0.584953337369277,0.0450435033179417,0.238698644429484,0.728711777118201,-0.178937837771476,0.0785758675818193,0.348789737230361,0.17305057454782,0.498195001374784,-0.159276006892702,-0.140436520218374,-0.184690094232533,0.0504303497637722,0.0301324828909751,-0.216626453035827,-0.351835068549756,0.0831985372905325,-0.107673933036016,0.20934686301853,0.244869549736621,0.718888580472339,0.455175592686408,-0.282669048467577,-0.259098972469155,-0.379079781625696,0.172446750931891,0.325357392023835,0.19069218068728,-0.281549745016833,-0.0439363518633337,-0.00891871430928727,-0.11232500244243,-0.102470028168658,0.217726909328698,0.316454516815134,0.463488608475548,0.706322641272703,0.596381279533757,0.786725428799806,0.836349429261732,0.0174540687034786,0.545500017880212,0.639566232778147,0.51638512229951,0.743609914986729,0.729885631057727,0.709644606546631,0.189292276512601,0.244925501551843,0.125350149718082,0.623182612205854,0.694493011800393,-0.275421721116427,0.114542853435807,0.429253474530794,-0.189984516921005,0.303997998292545,0.630723176554959,0.624278603062987,0.682301946854758,0.115501746687422,-0.0387457054283814,0.164664349014059,-0.319672377665717,-0.0311460404109389,-0.050875856965939,0.125566873310667,-0.208234847601296,0.176458174239207,-0.0679531681373543,0.412593362750779,0.376561979033513,-0.0868287638767825,-0.171114754223927
0.129492528397969,0.438235227566866,0.305378248584166,0.425314339523889,0.175680309692926,0.232603016021961,0.542125570678101,0.466304777834108,0.357154615058056,0.0897532010841751,0.00993507444174449,0.166585420752015,0.140985679352728,-0.0145060118766024,-0.0225327456134462,0,0.237641497060974,0.266340106118996,0.116914093471247,-0.0493470301055572,0.0196718022090219,-0.0279446522932828,0.00518163054673346,0.160042922893058,-0.0877251595676641,-0.185180368599087,-0.195757303233643,-0.311256640374771,-0.0866066774036773,-0.0477619192296211,0.000785549549343548,-0.0339559465525844,0.265356676781069,0.1466302617876,0.0207592078945423,-0.20642157141233,-0.332680180848642,-0.00544963532564312,0.184822622679814,0.398288758962654,-0.120670578018272,-0.100816230339917,-0.21500539346419,-0.256818284024632,-0.337531026245439,-0.222577564990961,-0.233983044041529,-0.0825124310637963,-0.0771691515484106,-0.334071836290429,0.392300303041089,0.279298904140994,0.494435743666375,0.139824693116234,0.0465291279177374,0.306059351933193,0.398559739713644,0.213702315462658,-0.0719970758325391,-0.080039546489717,0.0979324709025071,0.285171741014993,-0.0285171784030456,0.037081789318565,0.102871581478718,0.0560247581604447,0.464004039824133,0.336315868042856,0.166748560847955,0.189296419986748,0.138236016178137,0.0939605743649298,0.147583416953331,0.404133709489809,0.277455187862826,-0.0423056130976728,0.0227530966322781,0.0513421715570743,0.0192334422216902,0.168449139184893,-0.034140314921107,-0.158526001622068,-0.154482754914618,0.0252655329679331,-0.167430368754237,-0.0694415096904854,-0.238577596310203,-0.215137011297745,0.00977165218441052,-0.263754284837183,0.198207012479837,0.0371702919893403,0.225174336975988,-0.279737196414034,-0.11166743014424,-0.219851552060124,-0.250156382360109,-0.0711453770723531,-0.0547446290768128,-0.431151294660337
-0.106594725860405,0.19096624097274,0.315910634330469,0.0444467840332309,-0.359722840415195,-0.0281842257562782,0.414478196973081,0.184128219863258,0.178489948126023,0.232544261447977,0.130634136207584,0.432904620926408,0.766116143530947,0.34016386360786,0.309432458406297,0.237641497060974,0,0.657787208213395,0.740787796924258,0.366950637249841,0.513269338077542,0.690039775130511,0.228709289243806,0.630476468665012,0.180865687341531,0.369447619908552,0.124437789847139,-0.153700244184483,0.488574979511277,0.102171879127829,0.000675746828695868,-0.104261537671788,-0.00591842843100628,0.646922332323193,0.574982628045261,-0.228899858423777,-0.0975826893799672,0.00118071571839405,0.257640040524369,0.454011114349093,0.0288352792200844,0.090388816123531,0.393889468603276,-0.272655670906713,-0.108331780241027,-0.14490355389699,0.0914400597523494,-0.0321220577858238,-0.188960137953113,-0.136183016204463,-0.0863727575485575,0.178889569661413,0.0955997717296883,-0.335817292633978,-0.289264437849476,0.0982188714694752,-0.0163359288616515,-0.0456953100136802,0.0762460483193112,0.392722876428725,0.476043578518941,0.526786486033878,0.0539293179320152,0.167637651414429,0.32096503468555,0.160410901312319,0.186188518868246,0.582352729955323,0.344366835981662,0.358880899898613,0.487835718512787,0.344111604950113,0.175240057335377,0.424424401890056,0.556857752495259,0.341208236420975,0.41860216747711,0.136518241861172,-0.069954974724211,-0.139071769489125,0.184102062279401,-0.279938083678188,0.0446861142238911,0.20722137070145,-0.00215672204166196,-0.0360965186725784,-0.0659399952674132,-0.168341103489402,0.21869860691804,-0.364230015843446,-0.373371337505505,0.161772106862397,0.320425129539352,-0.142327613564249,0.406943856716347,-0.261059165809067,-0.115604903885629,-0.0987687361104911,-0.061016574388693,-0.108503157509552
-0.155877094717858,0.26311119779696,0.289080279986053,0.143076866901487,-0.331331787019542,-0.0531861815199276,0.372884102916318,0.266913011395139,0.259828319220169,0.146664311639621,0.0729389681927066,0.313761525265764,0.593279012405683,0.394603966736849,0.425231895022419,0.266340106118996,0.657787208213395,0,0.628534064119256,0.560903672888484,0.604027409402822,0.536575875729434,0.352898440876612,0.465505435862572,-0.0040507235659785,0.196528639847641,0.274195715352937,-0.0246385487213638,0.527256687173919,0.212841306873451,-0.00632346629300149,-0.232947387287228,0.105526255406884,0.699869610723351,0.609680608854428,0.0955856372510002,-0.0822339975767057,-0.165676134447366,0.121128497877467,0.345393475659482,-0.00509795070380053,0.0166559775041271,0.187105018351165,-0.197370845721649,0.0177311920597927,-0.085164913286515,0.220790517405991,0.0765620757040881,-0.149911952780662,-0.143761187717166,-0.106279018929666,0.207577969315885,0.146201325442951,-0.206545627207052,-0.213540383968014,0.160274321254812,0.077799120744762,0.106553840780614,0.00505280073964146,0.222242261165506,0.364724740701593,0.409580782071396,0.0941189809021197,0.138039975184674,0.386474963618058,0.233089779588798,0.238495978465249,0.47805943252606,0.492481580390773,0.686688268503773,0.598681412755444,0.449400036537259,0.263357525931006,0.472495604149129,0.422858766565676,0.294595186737679,0.476517144723287,0.255145222978732,-0.0116836938434063,-0.165359104004615,0.312471176957553,-0.139962036086655,0.239925922897321,0.37851688504915,0.168883767655463,0.150296801975566,0.0192201886487189,0.0275179348007953,0.588971737034253,-0.267907103680481,-0.225685949840031,0.199695329167142,0.297987351578663,-0.117447234914145,0.429747029373019,-0.139853848633691,0.0198141212752434,0.0420421403712078,0.0814329805290981,-0.0899913495058813
-0.270526156869473,0.252025330882936,0.254253851443585,0.145274609666979,-0.362045779586683,-0.140474013925908,0.29147043561215,0.0604888218684565,0.113775996341815,0.11567558678843,0.0452299882604234,0.290670370809866,0.721208772577963,0.601355438594181,0.583508296225909,0.116914093471247,0.740787796924258,0.628534064119256,0,0.338825633060007,0.706744376124658,0.639433844179763,0.454110688588566,0.445998995432636,0.0264298991188056,0.214801933426605,0.359640961715317,-0.0973454072808891,0.455641192458324,0.312379659181349,-0.13024991370839,-0.0693070659633172,0.0950639857711717,0.529875614318289,0.703403634475568,-0.236400693311108,-0.0570616901057368,-0.101116407064546,0.214775751459855,0.308695693258926,-0.0655661700529384,-0.0651256625518561,0.279105518720251,-0.26019848854428,0.0862198349894455,0.0714734913926044,0.394963072859545,0.19109014644495,-0.286131877604703,-0.182095768446193,-0.249979789750942,0.246689699577173,0.126825175134323,-0.197754528167573,-0.271531739582345,0.0627047497254387,-0.0422042903277937,-0.0205329040530411,0.032365038341642,0.352774231730253,0.438741148786263,0.602658402868865,0.279434693252982,0.312676486793383,0.512452151670975,0.409003012619684,0.0552064673679085,0.632373830774023,0.531142143703603,0.471422147914613,0.656776027367856,0.536263397850211,0.342442617636698,0.349522886119361,0.460125701672892,0.237921532245204,0.594110180293504,0.320609457803913,-0.171651948095249,-0.0982308719608501,0.31219548707489,-0.25472990018439,0.151004752239433,0.416436209908622,0.246316643735902,0.210721270091201,0.0835789838705765,-0.0786766006940039,0.192057182813034,-0.3749178097761,-0.294044527322651,0.119822353256478,0.257083214717933,-0.158696564521535,0.409962199914711,-0.248617797611412,0.154784898362877,0.134448017336533,-0.0854337303902623,-0.133905365167434
-0.0443599745637975,0.0390618141930355,0.0646617670459794,0.00175762453830388,-0.150943419627644,0.0189213930946827,0.0153410226770953,-0.0482665052743479,0.0995343923991163,0.0226488016407225,0.053412405022208,0.0954100339977224,0.40162438833548,0.235399520170967,0.241532133939046,-0.0493470301055572,0.366950637249841,0.560903672888484,0.338825633060007,0,0.430076074365697,0.316343612269935,0.170852547180731,0.278962337794356,-0.0946697720385772,0.14809075131917,0.349980803224297,0.250322052750287,0.621686024280856,0.0960093274595545,-0.066829335320474,-0.341264940006456,-0.0569849992807877,0.437757333130807,0.313632809120523,0.233385699575513,0.00625862349155782,-0.150873892799776,0.0127027313845784,0.0841271107779337,0.274313419241407,0.119123079462239,0.168674731049319,0.0534926819195304,0.194193843167613,0.11854303216031,0.242396016060705,0.177715953422764,0.15396187377075,0.247615526750337,-0.144021742441737,-0.0235479607043545,-0.140871069292083,-0.21523483011164,-0.0833500923099725,0.0900740626986494,-0.201421766937347,-0.0155252739689618,-0.0640500655246943,0.128545169346148,0.08830603210158,0.216752214024866,0.0114421657608773,0.0646164681906565,0.177468570647502,0.0786478824447359,0.168101886350752,0.222119563275663,0.194966556437644,0.460557696273669,0.415945184356716,0.191887786009569,0.0742287357484451,0.22669564225927,0.219707957305015,0.101942612657093,0.339814290712324,0.109652483676528,-0.0319743947729343,-0.308742922781538,0.162523179119321,0.114693895696251,0.113247019526644,0.136006636883893,0.168649671405917,0.0943187775205175,0.109567682438179,0.191832487647481,0.603002112570386,0.0850598345061399,-0.204930734825873,0.0699264333710775,0.118535871588102,0.019661366327711,0.270170894232354,0.0389705773425171,0.152432306683752,0.0823110570923956,0.296131007835913,0.217912715340852
-0.363964275863202,0.288372676116779,0.0963691021785953,0.221981257003352,-0.299899433010848,-0.141118915775752,0.213580195569978,0.0322099634838875,0.0327061292502709,-0.0468215754138275,-0.0934598276079528,0.0880151879528421,0.577343540009429,0.724234314708987,0.758813404951182,0.0196718022090219,0.513269338077542,0.604027409402822,0.706744376124658,0.430076074365697,0,0.459727114212016,0.613489975888249,0.260321928749065,-0.0904302104927685,0.125547262789146,0.508324714785683,0.102929102252207,0.416595849894034,0.46823873316317,-0.0720841204729486,-0.00278898822323917,0.154011944029844,0.426008362803002,0.630672748822196,-0.125237131330647,-0.0777485396118799,-0.140544553873323,0.0882675090763925,0.14099925116781,-0.0848485612927407,-0.141582692432742,0.198247074720048,-0.0878394767830837,0.197754062144153,0.194522040253112,0.601512167470259,0.339351490089595,-0.212551546235798,-0.102205032327533,-0.367015280180748,0.205114957839295,0.131731186354193,-0.0609980472986584,-0.244498253555352,0.0135662413958742,-0.0514906876157257,-0.0272364246047797,-0.119974344016231,0.221686261461768,0.289490061371063,0.459465428810842,0.408916106475761,0.352337512586166,0.586227412658886,0.546589011430116,-0.0122126593830512,0.527346226272744,0.509094591970637,0.524583196236716,0.76377906402471,0.604118207979439,0.433963710031814,0.22370860581389,0.293607605547134,0.17507992918587,0.643455612698649,0.424346777990471,-0.124235732817284,-0.111384121237665,0.340549829670404,-0.185929417770817,0.338812570263809,0.503493310123519,0.428806968105375,0.388316801107343,0.1115489289511,0.00770921945229368,0.277747756316609,-0.306570451642617,-0.253212016922596,0.0155996860505249,0.0867596800055741,-0.178444397028713,0.324815091475621,-0.0482942710969053,0.327374520638494,0.251120948718387,-0.0291903133229392,-0.0344562597408938
