0,0.269061163948695,0.343232704291315,0.0627640438803489,0.163565409832684,0.525252580470294,0.299265955477039,0.417946277895113,0.430481884883532,0.086012515243943,0.181133507641569,0.244670786077489,-0.153013994750286,-0.0900484653064715,-0.212357738059434,0.444887500212401,-0.0261048091625607,0.135221484108249,-0.137775175154388,-0.0196316990498196,-0.055654756960153,-0.115111095344672,-0.0185793486205757,0.175009758109304,-0.198395725818286,0.198512941624323,-0.0556495773667403,-0.10685677810739,-0.271799056597608,-0.212445133600968,-0.13781300712915,0.326963009469983,0.0568015439946955,-0.0495246619999914,-0.0182141646434067,0.243233461158522,-0.184293970370079,0.113122442256325,0.115439464836657,0.160776056431494,-0.0912769462455151,-0.0397548832232597,0.0784915168570387,-0.0294618840222017,-0.0451985416685243,-0.0558244878315126,-0.005837225269854,-0.0099365846020477,0.555650745053908,-0.0888073458496714,0.396684678869457,0.215821035550989,0.0384586174641054,-0.00223180713921291,0.167178859022584,0.61010270170641,0.185254832735082,0.337249079756791,0.522587355560581,0.572838516103211,0.500988578364331,-0.18866875644433,-0.193849509185487,-0.148380949856851,-0.114920943479099,-0.130647749606865,0.308684793135267,-0.102224556414257,-0.00306161066792073,0.114705480473759,-0.00300672612296789,-0.0569142717596706,0.0461239571933509,0.362046734935529,0.20636693900215,0.498469732487502,-0.0337631686292046,0.0104275841312892,0.0420049793997991,0.243587689854278,-0.0731972653020167,0.0101902213069453,-0.0486499742630774,-0.0858193706902371,-0.0680683377745014,-0.148297809368101,0.0118394755380368,-0.054181806343057,0.193164056600353,0.0946504114397962,-0.0182220671768448,0.501420693193272,0.269245162197633,-0.366143742631565,0.296002654549492,-0.226005735237233,-0.0297044119599876,0.00243171429945042,0.619132401325347,0.0799413118364099
0.269061163948695,0,0.306427103510422,0.471733871963036,0.581424289963857,0.382179031489632,0.265271322679842,0.464271565221727,0.276384487478605,-0.278331531852995,-0.22867487417597,0.00246362664961289,-0.210170792841923,-0.161752164313941,-0.300404952279173,0.618337117842559,-0.214322111702196,0.197372433864673,-0.183581855146218,-0.0579718962107495,-0.26415895294546,-0.224450376499228,-0.197120503419689,-0.087514270887657,-0.343237177238156,-0.143436054349258,-0.216126115812301,-0.280942950379138,-0.272221039062061,-0.276477463000839,-0.173789382596959,-0.0611182857230258,0.10069669817711,-0.119852007796654,-0.20366301833631,0.122965173507139,-0.215789061978592,0.0565384739325802,-0.0427520856826197,0.0227445929827307,-0.0338886979794126,0.0798476525385309,-0.17501320750048,-0.109539515834507,-0.177087460067747,-0.244795723294429,-0.228226743278271,-0.177881759367544,0.226045645858462,0.111272583235865,0.484228163213603,0.656602999185654,0.282857622263904,0.304221545767706,0.559280855496793,0.293322606093986,0.44690680184103,0.327184939019162,0.0163316102462553,0.127753519976066,0.0796207279331834,-0.154279061551599,-0.225273235248353,-0.242449850113889,-0.241932932579356,-0.287765140481591,0.22819099930962,-0.287782332525407,-0.13797739856188,0.283384287454542,-0.237389462043505,-0.204503260273791,-0.235992586752902,0.0962408810162143,-0.045668984046486,-0.0439940409158881,-0.248481878746811,-0.333035879825755,-0.0929055927576171,-0.00194054933645545,-0.300850733639634,0.123310151339533,-0.282518443759655,-0.229799642445101,-0.233984860819242,-0.283927078887424,-0.133697857518725,-0.317101879084645,0.177201703135618,0.216812750463408,0.0908304003479652,0.144915878311452,0.29212490223411,-0.251918832807438,-0.0367237517607093,-0.207284864972532,-0.202605728079331,-0.196027021855527,0.300491142200977,0.137723920942392
0.343232704291315,0.306427103510422,0,0.0748093125675896,0.110603519377965,0.475307654617378,0.162052534317747,0.392019263600805,0.439338330324727,0.00627091845008901,-0.0535441893908902,0.0821507150988133,-0.00630309748237753,0.0640640349757217,-0.00785073897494271,0.2599265160464,0.125476947570309,0.0664818171058688,-0.0335749164686329,-0.0599941716398323,-0.0261430900718235,-0.00947315553908719,0.123466361817268,0.196698902425455,-0.0281902136143086,-0.100266877748006,0.0876723661872993,0.0274151951206666,-0.215153647443039,0.0648018781921196,0.0604874311086579,0.0106932085444661,0.0373709244814389,-0.0670460076560818,0.0577279163046569,0.221543125169575,-0.326777045728062,0.103649203397737,-0.0684625777131923,0.124850370812853,-0.0424777040176772,0.080092399404472,-0.0182800898544442,0.00228098338049479,0.0374658290653751,0.0342209647636467,0.0562046822820507,0.112726288377331,0.385784123481249,0.00705679168716967,0.371255568897261,0.267545122044933,0.0208044187445975,0.00960148251480492,0.218789628480402,0.607155152377225,0.240930083581795,0.441351989028971,0.0390104169910319,0.149255386032559,0.301263007787893,-0.174551441678873,-0.108732381804947,-0.0135328124892317,0.00793129881807831,-0.0117816245709375,0.141513666588714,-0.0582091707857784,0.0013869064969142,0.109972480072833,0.0185811143107532,-0.0571015388549504,0.113912031281611,0.114964804473759,0.0177381783711949,0.17531983365939,0.00269331639883968,0.113733595689941,0.00510638628800722,0.0833473921794879,0.00212538171459381,-0.0463392954143707,-0.0363017660467679,-0.125586724216816,0.0645436268114022,-0.0966110031344676,-0.124230265010843,-0.0645576160159988,0.249469468329954,0.135553393576145,-0.0835482993808214,-0.0217827760282727,0.01169903907729,0.063667040219236,0.146604539071474,-0.174086872915191,0.0166751058399415,0.0701160831496169,0.377353463432412,0.0865691809161078
0.0627640438803489,0.471733871963036,0.0748093125675896,0,0.78431529270007,0.295194953998195,0.281091007007679,0.262042063790636,0.0656231677909644,-0.171726413669276,-0.217685700918194,0.000994023966185712,-0.373109623148409,-0.0217012520193181,-0.018104769140925,0.246064669220203,-0.221390709636613,0.266015206577447,-0.0131677505660175,0.0389064006341508,-0.0467329315344794,-0.417179266180807,-0.0602767518420499,-0.160741399535434,-0.222582630843312,-0.128312296854679,-0.353855343195636,-0.252967581198526,-0.162626752078685,-0.10277369622483,-0.231441365264773,0.252274522032272,0.431394721187893,0.0990860248350144,-0.237268495220489,-0.0723373056225874,-0.0792782178993976,0.313540423416504,0.188034309050352,-0.204667898802327,0.00446557234303472,-0.0850356289610581,-0.0679337041824321,-0.24015399816561,-0.295568023654307,-0.262377139474125,-0.174958100496019,-0.191413899254544,0.12614014782006,0.219612982682078,0.312085297890852,0.519948719284082,0.743087216316946,0.796895672397506,0.453863312805746,0.101788828075528,0.625672245421098,0.127101103313631,-0.0384833455712132,0.170850281332847,0.136703295305652,-0.449583685360164,-0.270989279097241,-0.30806921195891,-0.0539872324946371,-0.167732916632194,0.379453356644258,-0.336031774566643,-0.159428703407671,0.432662301547503,-0.0541732387225737,-0.478215916971573,-0.197272190190906,-0.0022039444711817,-0.279708035767015,0.0309586008472631,-0.212210452239319,-0.396990540049991,-0.139210625827028,0.441960132996007,-0.332264284890509,0.137590163452912,-0.429168152792882,-0.576528951192641,-0.473184294511171,-0.29410790511794,-0.0432084233275379,-0.550944927421044,0.184369201434936,0.150880475608265,0.368794801440638,0.0510407536589005,0.183064078488136,0.0204658309988646,0.222712273047587,-0.427736236922892,-0.344745823353274,-0.374816666315459,0.214248039843159,0.340759486633093
0.163565409832684,0.581424289963857,0.110603519377965,0.78431529270007,0,0.377803687660589,0.241093808995483,0.361008230803922,0.279694742053604,-0.134127937606866,-0.0946338704761475,0.0948126135545754,-0.357380941294461,-0.0509574264555243,-0.0961988800422412,0.303007302916325,-0.217060354170629,0.273970748493392,-0.0374512890180293,0.0755566990313832,-0.100148965227922,-0.425038850190541,-0.121822990321217,-0.123700735872183,-0.263362394770135,-0.00438992950600023,-0.329784483803776,-0.238656803923469,-0.201906408641171,-0.189714154601023,-0.28440793076652,0.224608787460379,0.296674898720784,-0.00784655748322915,-0.265069696298989,0.0534669999259521,-0.0805410691886074,0.18060646350159,0.164536222955608,-0.19192851795485,-0.070177865005393,-0.114512633422725,-0.107925118766725,-0.202213828107594,-0.263165281015011,-0.253126604356236,-0.216553871895854,-0.178407723015734,0.25397973523388,0.111874559527849,0.339399770892107,0.548671261641775,0.646310997171264,0.704346962430181,0.562165366709098,0.211360477526706,0.601235772341588,0.312222665609762,0.109058685049405,0.23783315459874,0.224224666727199,-0.363670798244072,-0.234207754458091,-0.258402744101887,-0.0844220448995667,-0.180250951392388,0.394552457676695,-0.288558873576314,-0.0864826906582892,0.414481752252996,-0.0677992650250782,-0.399285240479725,-0.161717617896113,0.0281499387062742,-0.146834138889558,0.135774164037392,-0.141109446711732,-0.355297819278968,-0.146207159182337,0.29435912912411,-0.252163133105837,0.206345671717008,-0.375838881386317,-0.501253187921264,-0.400658535309243,-0.292560143647476,-0.0168609825858406,-0.454725019671032,0.231324088024492,0.173669083315208,0.288994537150009,0.110097095356878,0.197166290641376,-0.123612854388213,0.223538568965391,-0.364543265523731,-0.288830086516439,-0.320154981199099,0.324924244378883,0.269162244975569
0.525252580470294,0.382179031489632,0.475307654617378,0.295194953998195,0.377803687660589,0,0.468424096361806,0.696076387231939,0.678908874985652,0.18994867484538,0.107025295886213,0.228325381891594,-0.323034015205455,-0.269829475623463,-0.395285395528845,0.449705259926858,-0.160612816636619,0.111555358571613,-0.197167108776709,0.113404973142919,-0.244702353434762,-0.352328712334547,-0.257330576143059,0.0156565516601828,-0.0625150076328217,0.188907501043795,-0.291208981105831,-0.191692264723223,-0.223396889886581,-0.364194732700277,-0.251581643817972,0.331886662071159,0.278589948999653,-0.0755135576799556,-0.230405681837477,0.340981280551805,-0.118066575631419,0.283625550391779,0.209791889090262,0.0715677541647337,-0.064174101718395,0.00275862238637213,-0.0157743144170881,-0.0683671786932361,-0.181103829101348,-0.287121638144398,-0.280938655282667,-0.228104483889057,0.55118614555668,0.136824752073725,0.400206493002725,0.4740686291457,0.213823347400714,0.116117259524305,0.5591468077988,0.78374425575017,0.318792339477064,0.653717634230581,0.39295176407321,0.361816106722638,0.352713479142249,-0.186423882495874,-0.283243597520923,-0.302005266324564,-0.248189577738674,-0.382424269155737,0.442009288679964,-0.0421229014355058,-0.0315724075432491,0.250365096028304,-0.115410639777226,-0.0872140348351937,-0.164299740708014,0.224682686831773,0.232018238887111,0.425597477898089,-0.0137322625286196,-0.209141727024004,0.0374198185470273,0.202198906459309,-0.0682292021470861,0.176814338562997,-0.224014314901388,-0.237443519098525,-0.300503637420356,-0.392326490811989,0.0115413369191571,-0.228099617373531,0.330777928394584,0.263311466560409,0.150440978249465,0.336926621178522,0.134441208830219,-0.267461046007101,0.247685597403149,-0.22817563473857,-0.283170167342854,-0.262410862049455,0.624525376872987,0.264280685762091
0.299265955477039,0.265271322679842,0.162052534317747,0.281091007007679,0.241093808995483,0.468424096361806,0,0.479671845233378,0.370979563490711,0.19482052038357,0.12795000250651,0.127276721072499,-0.102287266578982,-0.0913087401787438,-0.179778342902004,0.514534250855844,-0.017289596687538,0.171096446515919,0.00938242701290525,0.181302260852834,0.0250936727019141,-0.17732993586165,-0.105411134626648,0.0901826366484842,0.0231633470301435,0.129407947887606,-0.186199333075241,-0.00813184423573951,0.0211195788173567,-0.175272635428935,-0.0708290403898513,0.259790256652859,0.265883233286559,-0.0340012519820345,-0.104453774758932,0.213625443623629,-0.0118839170608853,0.28319501155058,0.193729301642344,0.326606812822081,0.00756813968651195,0.0180226299715066,0.0226402702027096,0.129041238549999,-0.0703576154949384,-0.112986568316794,-0.176461499344767,-0.111654642830657,0.264555578466976,0.0578520216262996,0.292356595023861,0.239543245755951,0.275399711323895,0.0854010800967347,0.362563343995202,0.385306475494103,0.248321858295115,0.288425331933898,0.291906370125039,0.298438041464115,0.201665123316435,-0.098039433689948,-0.0948328908584173,-0.174133212900117,-0.0345936525197212,-0.241389898035766,0.574535890759689,-0.0255946473528807,-0.0104305692849035,0.271595289991951,0.0597682691733662,0.0366850357112974,-0.0452947231503287,0.382049280836471,0.143074960035073,0.295899597561979,-0.00557803697441593,-0.155400026965913,0.119474525109599,0.10690095661041,-0.122895975948295,0.0205710430851842,-0.127549055370655,-0.172586224761386,-0.158828278203581,-0.231411248538462,-0.015087681017957,-0.170949971691163,0.266257354728781,0.169514433911915,-0.0160476965534791,0.364647784422434,0.167601649544537,-0.166542193661819,0.199787227098999,-0.0774531656924765,-0.13012484259429,-0.166255071247479,0.354876213913069,0.157450498371572
0.417946277895113,0.464271565221727,0.392019263600805,0.262042063790636,0.361008230803922,0.696076387231939,0.479671845233378,0,0.714464201558148,0.191889128681451,0.0965580912852677,0.230708136592158,-0.357953766311344,-0.347439855552013,-0.401682061124522,0.569565162761538,-0.188224094205996,0.371266113062415,-0.188899822200397,0.242251048995714,-0.212965171503862,-0.318399496166794,-0.289898256999407,-0.0452128922610077,-0.0833284451706544,0.280061336471892,-0.360541124126134,-0.209080384961235,-0.091601892230961,-0.368794371626346,-0.345438657902503,0.195444909604906,0.143430221757063,-0.0273406868911816,-0.300749533355944,0.437273589294651,-0.0610308048095995,0.129452239160735,0.151696251285621,0.228492899623602,-0.00633794609423038,-0.013030134994682,-0.118748079751872,-0.140014287041727,-0.252559865088008,-0.324744482852825,-0.330305949923063,-0.303094327505623,0.360768688901259,0.0665327536058986,0.377000758110103,0.521959775043678,0.178759951451048,0.0575600366509823,0.580939396431633,0.657631780410957,0.44935413374397,0.77301308384838,0.328891485936237,0.263835953372713,0.294740338438828,-0.153764882097221,-0.243906533228088,-0.337373660614052,-0.264135876389685,-0.38985328910557,0.326776756977779,-0.0377230467762858,0.0439758739811701,0.471219828144136,-0.108958322175801,0.0033282284296836,-0.194854785841683,0.278870496463732,0.199650806911616,0.35285203830612,0.0309417171334778,-0.202840577390428,-0.039345873929982,0.0427956837233799,0.0156084719192304,0.129284818640361,-0.291796968199201,-0.249800591248817,-0.307367243946574,-0.41432650186188,-0.0211825768055781,-0.196500962796176,0.433762267273789,0.20527598184229,0.00497391225997109,0.263060598995839,0.114422471346217,-0.35824739199757,0.115155646124824,-0.21502038595932,-0.321600388931433,-0.312493252679791,0.433366304307156,0.143428131795327
0.430481884883532,0.276384487478605,0.439338330324727,0.0656231677909644,0.279694742053604,0.678908874985652,0.370979563490711,0.714464201558148,0,0.315865987409034,0.336719702172496,0.361708570172266,-0.165464279054473,-0.152093503537904,-0.228220497732818,0.355726325415674,-0.0301276478009933,0.12307415042731,-0.0671546798223171,0.220515814048453,-0.104012791997369,-0.235027689018079,-0.158785207842474,0.114043022823541,-0.00518600514231126,0.414703460847868,-0.14099143561622,-0.00730367828653622,-0.0112366314844035,-0.203080845831012,-0.241306238753157,0.283573147001629,0.0231661636076965,-0.0900648749990268,-0.158282291161156,0.588831733044149,0.0795322755348093,0.0945806610695456,0.222194208391375,0.212398628637935,-0.0172621077458896,-0.150130472494776,-0.0193578432241956,0.003645798087767,-0.0744687590734637,-0.0915292693778433,-0.154185777292068,-0.0771526115833492,0.497116339663659,-0.0162179880977695,0.172031659079067,0.256938164177617,0.0532288281421411,0.00511150056303424,0.458082181781478,0.768609096193661,0.273868235092594,0.828374710569611,0.525963070178762,0.383362948507207,0.456587495610964,-0.0439801240733806,-0.0515941499044232,-0.0970791110712039,-0.0683703004572789,-0.186747291245498,0.344361700251853,0.0807359034334948,0.0999949623679582,0.211734996910009,-0.0139269617237319,0.0152291422034916,0.0120468470846435,0.268656679137918,0.31201091706381,0.513373801766945,0.231950130017914,0.0439732930971113,0.0633467676419951,0.0568176135077763,0.142917540529367,0.172572445641593,-0.107148269424373,-0.163879392255145,-0.0736146574467279,-0.258248098207957,0.136309364813794,0.00680803521510556,0.480795827384719,0.211058727377936,-0.0647474228074462,0.355547809180042,0.0736313263249955,-0.331403736305007,0.185284688055638,-0.0946913161143726,-0.0771181942187997,-0.0948257297926966,0.536556324797789,0.125293328769611
0.086012515243943,-0.278331531852995,0.00627091845008901,-0.171726413669276,-0.134127937606866,0.18994867484538,0.19482052038357,0.191889128681451,0.315865987409034,0,0.698588681753645,0.281653193360419,-0.0986226808739064,-0.268540207359416,-0.227262041355504,0.0396868618499987,-0.0764545508494159,-0.140222307121896,-0.0769432151165533,0.155858155077412,-0.110393715584362,-0.067142934268326,-0.27435600058969,-0.0414080176592801,0.654375733272526,0.548008505937045,-0.0945718996232925,0.245942111628886,0.110446948206709,-0.238345951191823,0.0894476309507317,0.557312358657086,0.199875664586173,0.0431807774752329,-0.0634578433969105,0.225997448296414,0.348135239286554,0.384387670490603,0.453160342319209,0.357853048275443,-0.0623713911317407,-0.17635448743671,0.186870092659472,0.175169086480571,0.118613384842164,-0.077038769516686,-0.116075270612799,-0.144372694938605,-0.0186961634251376,-0.151368948571379,-0.309623565747541,-0.25144589822027,-0.237876289689054,-0.228704752466836,0.0404939093907728,0.160344349172464,-0.179836414064428,0.258628815769606,0.552523437993541,0.279984248828266,0.255327056143047,0.00982768777927098,-0.11258612077785,-0.115734509007102,-0.115117267818919,-0.182922479356528,0.00559985365555918,0.26464209947135,0.165157846633989,-0.0210612902854803,-0.0447344438406104,0.268594788058198,-0.0859484841681424,0.204263669666038,0.367499087078449,0.616631558068326,0.254877316864796,0.144714768449398,0.342320403459243,0.0767187724628675,0.321458192982252,0.119773491861321,0.19342994771323,0.0463964712614724,0.00172921309146193,-0.0646145365061028,0.24941639899089,0.391136429527526,0.229606732641531,0.0201830366449284,-0.124799432388491,0.344726901919484,-0.152151632737582,0.0571035860884628,0.347092520537028,0.243603875696417,-0.046940357792799,-0.0962816587581558,-0.0182490753825626,0.00529606979099126
0.181133507641569,-0.22867487417597,-0.0535441893908902,-0.217685700918194,-0.0946338704761475,0.107025295886213,0.12795000250651,0.0965580912852677,0.336719702172496,0.698588681753645,0,0.512734265921334,-0.0732911027479146,-0.127139726503591,-0.0972903290269211,0.108725729768669,-0.0377862980446218,-0.085857078988655,0.0312440814611818,0.139830858773766,-0.0122902973252755,-0.130048388956122,-0.167863018496522,0.166448615524863,0.410786462358232,0.734474784894953,-0.0789791387953029,0.182970097068677,0.0546141421791047,-0.15037267281302,0.0394578885468649,0.455602311804626,-0.0350547053873999,0.0359896234476624,-0.0817669306748793,0.25692047834122,0.328460771582887,0.15852168124854,0.431024603311565,0.355552737961718,-0.0237509911074183,-0.0912950984761881,0.24038979844146,0.161569436937911,0.0764778413937414,-0.0219759055071012,-0.0335139702156416,-0.0756051545374319,0.11960376441013,-0.130833825080251,-0.226228345102841,-0.20289305915509,-0.179417525123863,-0.143510761066848,0.00516161274948529,0.198545287387719,-0.119042023966419,0.199649187119255,0.626085560158275,0.316340885314464,0.313067555902526,0.0573630864819895,0.0245576307431203,0.0155026523044929,0.0603781313724889,-0.038389407263669,0.101017011010635,0.282146534631436,0.222696241797096,-0.0896433288208335,0.0507194127082937,0.202809834732226,0.0595241622407097,0.200157807442563,0.343754967978054,0.655569425443647,0.344325445336427,0.234236227426379,0.23770483237571,0.0964843550792706,0.374582015566286,0.114173077585418,0.1736415994743,0.0644546707287656,0.0215875727117172,-0.0602177034957985,0.321190287852652,0.331427313765658,0.207370525388345,0.080921789838089,-0.147677841506756,0.41346825119358,-0.116968177009619,-0.163908687460895,0.421998816227143,0.238315538021756,0.0190415222823658,-0.0531525946046782,0.0967124381171281,0.012873388766899
0.244670786077489,0.00246362664961289,0.0821507150988133,0.000994023966185712,0.0948126135545754,0.228325381891594,0.127276721072499,0.230708136592158,0.361708570172266,0.281653193360419,0.512734265921334,0,-0.29622057098037,-0.0124968054503412,-0.00473703855847668,0.153561206828166,-0.211527862873756,0.132795201861167,-0.000551999256989733,0.128488322154606,0.093748122517946,-0.424734650145063,-0.19079233904901,0.145318885168084,-0.177954694309512,0.596989597881729,-0.313633976566588,-0.245648714682633,-0.110342860798254,-0.189356274824885,-0.408566087069835,0.210377775831488,-0.26290022073161,-0.159711369610589,-0.387819662831513,0.261233204030285,-0.00699665514934912,0.0351377108402931,0.196545672096118,0.424060167456262,-0.0654463998172107,-0.16390154394141,-0.0548290723271798,-0.315072791501688,-0.447839083750687,-0.221683139396265,-0.214303684674509,-0.233613843683858,0.307308018566085,-0.137128634276795,0.0813314203137799,0.0764886560523621,0.152060806288003,0.0744581109688178,0.112353292454228,0.367303668425941,0.0728219650983338,0.29589554281428,0.524073463501996,0.498622929452403,0.487412919472724,0.105112245712146,0.0506486758243109,0.0770849339941732,0.12631397308145,0.116683343271478,0.298967113905571,0.291755862601476,0.18306334781751,0.121493753154626,0.226803666576608,0.0138054014339237,0.0329725771461537,0.336492939882775,0.502895935086509,0.578988342920676,0.286605432062803,0.164709128242284,-0.202213688994514,0.233522468650186,0.269149356048059,0.134365760612379,-0.258450335080662,-0.279928954980927,-0.220160738597799,-0.267282854733786,0.158870810002092,-0.0182468738457439,0.319464363734128,0.273440495498677,0.127358437646473,0.285241459789624,0.128616332898074,-0.264632617081023,0.365492033413633,-0.30034850214138,-0.20956075987871,-0.16424070095475,0.303687257513962,0.0478109142687959
-0.153013994750286,-0.210170792841923,-0.00630309748237753,-0.373109623148409,-0.357380941294461,-0.323034015205455,-0.102287266578982,-0.357953766311344,-0.165464279054473,-0.0986226808739064,-0.0732911027479146,-0.29622057098037,0,0.512143480484894,0.429612872974676,-0.244988659992107,0.720594776154319,-0.084040862262689,0.408052487937436,-0.0101712841903966,0.362981456551635,0.719987748678597,0.581008457055317,0.420212918446677,0.114741383714047,-0.225919177210318,0.682783999146137,0.513288186107102,0.389673802783832,0.492683510540369,0.412540217466056,-0.333186102340309,-0.161936520355254,0.203237471177753,0.61982825554888,-0.0409577364522015,0.163379132760445,-0.246840913098987,-0.250561239302285,-0.0407724613070461,0.176281250146835,0.152634524053058,0.236966314543306,0.41550582974706,0.574684165075605,0.614224092391589,0.520459133557633,0.598509891618794,-0.0958720043004245,0.00932281186011457,-0.247244569931707,-0.456518548783498,-0.354511475535509,-0.268342446121938,-0.334711930563616,-0.200140606949584,-0.319113519632636,-0.274542696502848,-0.239414880486356,-0.209831313472789,-0.146798316182983,0.451543816441171,0.570416084536129,0.572840078116653,0.398902017179282,0.471870509853792,-0.24352856418613,0.242957818586561,0.216066339568516,-0.234234817622432,0.276978546455715,0.375839604787605,0.533403005106956,-0.0565136424512309,-0.0140974625990544,-0.294512400925983,0.269113323360014,0.505549841055669,0.0567992615700554,-0.312730223162323,0.0900472323264812,-0.170460600972191,0.56191601077368,0.521583402225622,0.690901841389028,0.564634755465898,0.0758124841576229,0.461874342724518,-0.130332672201165,-0.192509412272041,-0.404573150171471,-0.206189035716239,-0.134403052806597,0.143328049428918,-0.238341971146998,0.389615837589395,0.647517169556486,0.591014773932395,-0.15857470088758,-0.181894529354504
-0.0900484653064715,-0.161752164313941,0.0640640349757217,-0.0217012520193181,-0.0509574264555243,-0.269829475623463,-0.0913087401787438,-0.347439855552013,-0.152093503537904,-0.268540207359416,-0.127139726503591,-0.0124968054503412,0.512143480484894,0,0.802169786290972,-0.316106124654268,0.603617275668246,0.0630463735198261,0.660331042100909,0.0854359559210713,0.680257944888714,0.363735661037785,0.748698230018005,0.452418910753422,-0.168918674900946,-0.229894780566661,0.521377417840878,0.333160879029656,0.216653147329486,0.704520867721503,0.0995860409162534,-0.287807511851896,-0.177248482472469,0.131256824800898,0.394716223078077,-0.0352436693560552,-0.0284045255453663,-0.228703525669762,-0.20650804792027,-0.0779694709024521,0.149996550432086,0.0710730551562495,0.0959303983497858,0.082305587920924,0.218093920909028,0.557088048370584,0.548900025029476,0.600973486918376,0.0467993501227872,0.0467392542297623,0.00893127401583369,-0.316866127221601,0.0150559166346546,0.153087236073273,-0.276458680704026,-0.114774174556647,-0.123630007971662,-0.229293700792156,-0.248692466113345,-0.0471729658644281,0.0551702243251115,-0.0421050794603821,0.465873995836669,0.647453088520069,0.657023558563968,0.748226630012125,-0.0578100490186905,0.122381714044304,0.154431871405112,-0.0597781225177364,0.513171336564239,-0.0644889019156196,0.696728411490226,-0.070724734847424,-0.151107016182351,-0.205935079838004,0.225449972275915,0.549951369981472,-0.247921454043032,-0.0572045698479307,-0.0380402045460975,-0.126686320727611,0.179218028613945,0.0602868641223102,0.430902769158576,0.416008065695586,0.127010676332031,0.105697600689644,0.0116470166262812,-0.181564670543483,-0.222984863100743,-0.224568486793521,0.100659290848483,0.037542787453623,-0.0876293320830452,-0.0164271521697601,0.505650206099403,0.498094802640164,0.0202263946249163,-0.0148148091417606
-0.212357738059434,-0.300404952279173,-0.00785073897494271,-0.018104769140925,-0.0961988800422412,-0.395285395528845,-0.179778342902004,-0.401682061124522,-0.228220497732818,-0.227262041355504,-0.0972903290269211,-0.00473703855847668,0.429612872974676,0.802169786290972,0,-0.415597462364177,0.53887780028165,0.141383106403978,0.602008782707611,0.218376568308349,0.770313529040491,0.300585694409883,0.717480616554045,0.402972679661664,-0.104827407488222,-0.17113942924118,0.467267057630746,0.372902915553654,0.343129144951543,0.792864793077158,0.0829208923078048,-0.251464536786497,-0.143039501629455,0.208516858268573,0.361897250007753,-0.0646609799351867,0.0793826226805964,-0.224814903996337,-0.171564520358087,-0.0861941829848955,0.189095166876627,0.0216525656176076,0.0906683514912364,0.0452016692870939,0.198859481025007,0.559702808121881,0.536626652818571,0.582285152306037,-0.030019333163653,0.065139104256522,-0.149536991751371,-0.382529009055818,0.0671544436676389,0.175189055589314,-0.305496119795323,-0.230028644972708,-0.0606229229013333,-0.309780052997414,-0.313478419566012,-0.102642766361866,0.0120409694832537,-0.0293893250612518,0.508134707513989,0.606667223235819,0.725363485965991,0.817531486074231,-0.0829320656609591,0.13436060087123,0.216893492511936,0.0204719994435155,0.608978796794462,-0.0931621885683624,0.661380109848327,-0.121212455171925,-0.203259960556341,-0.209022570304877,0.277956281547558,0.555608313770459,-0.224302706660519,-0.0160960773826152,0.07284898669415,-0.185906181492218,0.14656161706678,-0.00756249357141553,0.368487931168971,0.445983299589813,0.141105986912875,0.133907304564497,0.0486327071899987,-0.218511850175285,-0.21439247197959,-0.309340275790595,-0.0626130711559185,0.161330240084949,-0.0697452776225166,-0.000302897317087109,0.479939267005079,0.47657426678134,-0.0636790888241314,0.035198527787472
0.444887500212401,0.618337117842559,0.2599265160464,0.246064669220203,0.303007302916325,0.449705259926858,0.514534250855844,0.569565162761538,0.355726325415674,0.0396868618499987,0.108725729768669,0.153561206828166,-0.244988659992107,-0.316106124654268,-0.415597462364177,0,-0.208580599870419,0.291806092222127,-0.230456019853881,0.0925655939690934,-0.259801241129344,-0.196428249601464,-0.270601318201689,0.00014833828852612,-0.0862365122622814,0.174885865980782,-0.274743561561611,-0.225834711339832,-0.154835522362473,-0.40596577893419,-0.0992644823873433,0.164465335837771,0.105216843231794,-0.0583764222093528,-0.190905296372538,0.181804010808868,-0.131111058414414,0.130531882598875,0.116463177259006,0.272178647326484,-0.0442499109147031,0.0616067490868331,-0.0641590635368415,-0.049288233809939,-0.133580720783752,-0.297515630887483,-0.270452161364456,-0.258182593947986,0.265822154172429,0.0628798216048932,0.46060086128623,0.534435467689398,0.218600302040904,0.0799462590083947,0.511392468676596,0.389591595039354,0.375562955950632,0.327385382144954,0.260150558109376,0.220797203494257,0.142644610600843,-0.131351760719378,-0.280966665311152,-0.335176342397604,-0.259349771971046,-0.36837886711455,0.403667390019958,-0.135435527309995,-0.0364982509306318,0.308347244792413,-0.160073772006049,-0.00246086318200516,-0.235351606980988,0.295835295215141,0.112247721196958,0.214610068159435,-0.084342311158005,-0.243332526198714,0.111108488070016,0.0226282418752948,-0.103707137870336,0.0484505695662301,-0.189266338599692,-0.120738029745235,-0.243777267978171,-0.344357470502243,-0.0953663860336032,-0.172685996450429,0.23521893310436,0.260507857332669,-0.00288765746553403,0.321204039523591,0.194011392923415,-0.322470084600829,0.110013603599096,-0.121194601620576,-0.240363395586901,-0.26777493073689,0.330507872808171,0.120579483239575
-0.0261048091625607,-0.214322111702196,0.125476947570309,-0.221390709636613,-0.217060354170629,-0.160612816636619,-0.017289596687538,-0.188224094205996,-0.0301276478009933,-0.0764545508494159,-0.0377862980446218,-0.211527862873756,0.720594776154319,0.603617275668246,0.53887780028165,-0.208580599870419,0,0.0635448842879476,0.631346713474525,0.14539970093438,0.483979465064667,0.631736679077632,0.663151530929829,0.576948956716397,0.0600503210460432,-0.120211177971143,0.572591773856147,0.460703794009109,0.476807837582496,0.56058859495692,0.245047794430321,-0.251281170477107,-0.0978674355414266,0.36653985297356,0.560871626871554,0.0510375683664099,0.165621859130574,-0.275514960143383,-0.242347117547819,-0.0704751363379664,0.180613634245642,0.172075162233852,0.261048090721751,0.275512444185216,0.475849778858884,0.565035277762123,0.518461292801407,0.592371379866479,0.011140403787312,0.109365441620719,-0.126897068429792,-0.393640523428936,-0.182230395637722,-0.106888602287504,-0.214874139457878,-0.0469427376441962,-0.131226925024255,-0.106471561916304,-0.185531954407653,-0.135950498971324,-0.0206369442248793,0.0854918043539416,0.448156696167029,0.538957684670528,0.511636048076701,0.497684039090818,-0.0966078668508435,0.266662576103993,0.352398869142569,-0.0410099967432577,0.390445192352102,0.217371606834732,0.629082589879195,-0.0614652454184901,-0.047552180308031,-0.155050982623666,0.395079616973509,0.492601366138206,-0.0254704063876192,-0.162012168479252,0.147665370664707,-0.164023339824061,0.433555016036439,0.330973751979506,0.523751991226538,0.432584755873385,0.189686579938914,0.250581360493572,0.0355378290180851,-0.217853787486016,-0.377414670611202,-0.184191556726553,-0.146619001932139,0.0180502718183292,-0.140028590299546,0.242887019859996,0.534898904445048,0.478577029419292,-0.0140193857299193,-0.0443434293063304
0.135221484108249,0.197372433864673,0.0664818171058688,0.266015206577447,0.273970748493392,0.111555358571613,0.171096446515919,0.371266113062415,0.12307415042731,-0.140222307121896,-0.085857078988655,0.132795201861167,-0.084040862262689,0.0630463735198261,0.141383106403978,0.291806092222127,0.0635448842879476,0,0.106673139352389,0.521939524640456,0.250104731022421,-0.0725017559358942,0.140811937425857,0.097865110250231,-0.290737224883798,0.0874935163736788,-0.140602887260311,-0.17138064415968,0.129418149156993,-0.0180733410968637,-0.325982427787304,-0.0996138635861839,-0.0275564189539924,0.377196393159274,-0.0784055868235993,0.203220549670139,-0.0319802277824885,-0.126305746621894,-0.0122524150255183,0.0668111524616698,0.337129761494049,-0.0160492231811602,-0.0128756546146743,-0.236967258549117,-0.174710179614773,-0.0652746696057107,0.0326823568368661,-0.00107733847372707,0.221378080655865,0.234027021909796,0.179692634679272,0.213779766964065,0.335018784616723,0.211270894732929,0.187002181509525,0.105375927914549,0.410998928619915,0.12906800449948,-0.0698988091970941,0.104397791669867,0.0626741863087161,-0.00737932594784035,0.14529938891183,0.0139721682922116,0.1807600352574,0.139289875603981,0.178960098153563,0.0569700545077502,0.280541692698714,0.764678420813886,0.36944517411333,0.00242647413071745,0.116827536709054,0.014516952606222,-0.0354989101379566,-0.00305636192913087,0.0859747677266973,-0.0138931921540667,-0.290694322741761,0.0678161452534952,0.0609187985790116,0.05060500374368,-0.170744258298154,-0.143288849638765,-0.204936757125389,-0.0448104079236477,-0.00406767968459653,-0.203090262588271,0.382707492865451,0.0419090648123546,0.0297793567586724,-0.0792633423932263,0.101489073640752,-0.174683489849925,-0.031680077655663,-0.231321164082222,-0.106159918313562,-0.0701874740436745,0.260654423304651,0.197752350858467
-0.137775175154388,-0.183581855146218,-0.0335749164686329,-0.0131677505660175,-0.0374512890180293,-0.197167108776709,0.00938242701290525,-0.188899822200397,-0.0671546798223171,-0.0769432151165533,0.0312440814611818,-0.000551999256989733,0.408052487937436,0.660331042100909,0.602008782707611,-0.230456019853881,0.631346713474525,0.106673139352389,0,0.238750387411658,0.588201532214726,0.259325787289728,0.505573785063642,0.40047339579713,0.0282822710558366,0.0418781120850015,0.267565010398794,0.309816997730597,0.466884646406633,0.482927202331364,0.104768827511961,-0.146184453849266,-0.070320339527996,0.199987657328386,0.234966472518196,0.0168042977858798,0.162438220698043,-0.17538402421309,-0.141264876160569,-0.0856357488676297,0.0914840543095282,0.144196086293538,0.0922643037189079,0.14145747797265,0.227350553440627,0.307445402237128,0.26707721137645,0.313889048832881,0.00990606236080499,0.142509169749884,-0.0440965760570308,-0.262998596437098,0.0591616384594654,0.114685321872041,-0.114674036762554,-0.123333988293472,-0.0362025070562446,-0.136490317390831,-0.139603768757085,-0.129358747498767,-0.0464386756613037,-0.0533519833793297,0.388344629379427,0.536789725423859,0.636816292650416,0.525877412354255,0.0212227613169359,0.363489454567544,0.315701560214471,0.0212799970620206,0.475276409310081,0.0447824426281746,0.496829724442904,-0.0642224830587192,-0.0444192848478057,-0.104215158841316,0.46028109501837,0.348922646550488,-0.143760511767864,-0.0166587220857639,0.0601013446574032,-0.164022782667429,0.163899198057574,0.0709017221529618,0.207874512657329,0.230708896824437,0.270940017052145,0.039209024086409,0.0331123551409937,-0.188283189399199,-0.212698730098748,-0.145113245511592,-0.0561799680407809,-0.00557342614908225,-0.0758039876924972,0.143534889271585,0.2615301614026,0.197332898547255,-0.0425846266493979,0.0859477522373124
-0.0196316990498196,-0.0579718962107495,-0.0599941716398323,0.0389064006341508,0.0755566990313832,0.113404973142919,0.181302260852834,0.242251048995714,0.220515814048453,0.155858155077412,0.139830858773766,0.128488322154606,-0.0101712841903966,0.0854359559210713,0.218376568308349,0.0925655939690934,0.14539970093438,0.521939524640456,0.238750387411658,0,0.418499362525924,-0.0542315605247131,0.103989633157737,0.134449164737674,0.0268649375770509,0.258061957898926,-0.0671536278986462,0.0833538452526503,0.461888071654056,0.0598017252580098,-0.276244752618446,-0.0105691816010245,-0.00633716706147097,0.275080843207715,-0.0579642261357633,0.341446629822309,0.245642753590994,-0.056000532248374,0.097860806999178,0.0660411662865692,0.284443985649263,-0.0480199871751485,-0.0888198982602122,-0.0520887333115703,-0.031253798601421,0.0418729426718584,-0.0356389070208467,0.0609358122406228,0.153044197579946,0.322014862533947,-0.0723256869659497,-0.0330646641601232,0.129779086310501,0.0612206829441751,0.183542093402542,0.081852547702329,0.106517422201989,0.154869463188182,-0.00567332241260495,0.0256933211568511,-0.00951891865215448,0.0288803571563195,0.149877613209661,0.0846759515920441,0.249511799496081,0.186836909118454,0.18764748634284,0.237776858851041,0.332523501028317,0.507463815624113,0.551305501491872,0.0888505184610696,0.125401274659962,-0.0349444314799515,0.103574437766309,0.0738499556912656,0.409535287048138,0.138813135688852,-0.145495978215374,-0.0771172958793453,0.226206911198251,0.127514868990532,-0.124694275811168,-0.0469408167000948,-0.0721903339709464,-0.00205461635194845,0.242647764067615,0.0916288367983524,0.500351353124543,0.0260344786365059,-0.0727016855953758,-0.0783975086683062,-0.0101139440958835,-0.200249361922179,-0.11188485666213,0.0411491263184269,0.00656366237987561,-0.0156429119217255,0.187696704631359,0.307826223840336
-0.055654756960153,-0.26415895294546,-0.0261430900718235,-0.0467329315344794,-0.100148965227922,-0.244702353434762,0.0250936727019141,-0.212965171503862,-0.104012791997369,-0.110393715584362,-0.0122902973252755,0.093748122517946,0.362981456551635,0.680257944888714,0.770313529040491,-0.259801241129344,0.483979465064667,0.250104731022421,0.588201532214726,0.418499362525924,0,0.224262348527407,0.571948173029606,0.371691721396137,-0.0888800949669709,-0.0579874416904584,0.332793442471807,0.296756981375847,0.362889814506172,0.580941546353031,-0.0447189711360158,-0.170518397147136,-0.17547522929702,0.131622926778448,0.241006654681802,-0.042368952110704,0.0163763367479244,-0.170838352859057,-0.155075389210539,0.0260712718941544,0.14747401591272,-0.0378481094122428,-0.0164985018557769,-0.0201502816357449,0.090107303585956,0.416785969170732,0.351648869652919,0.437280033706203,0.0274296696398182,0.0263334911612428,-0.0557522545429314,-0.284629733419939,0.0738735328757943,0.101361117775424,-0.183272185426306,-0.0977395555858774,-0.00584398990020727,-0.183062350619058,-0.158791227325469,0.0120121193952967,0.0510929335317543,0.00303229600933206,0.416981461035799,0.538961436528283,0.712337891573183,0.729927686826857,0.0651464931361985,0.247112549937874,0.229395487066457,0.178531413549953,0.812149772724105,0.0666291850849989,0.568923250803784,-0.0302446764497018,-0.0339221950582527,-0.0837354869868166,0.335803428494053,0.509264519773494,-0.264230193676122,-0.00604223646683407,0.0469672086689681,-0.228192893631582,0.048042901259021,0.00119303481764028,0.273970455039416,0.333919503596066,0.102620315710275,0.146183517480221,0.0861129680822383,-0.20432351313591,-0.213446946738746,-0.144623625753805,-0.01503811142566,-0.00909820185886456,-0.0935826059139107,-0.0525214163906999,0.363208414933429,0.369721636519706,0.0346147836361084,0.0245970487825734
