0,0.225238108610488,0.543093953307793,-0.215777763135955,0.120244660042619,0.320209384107728,0.212928932685249,0.241293844325674,0.260522255353631,0.230603209790996,0.14663660184338,0.119470578494628,-0.133233514570647,-0.414614118208665,-0.50785485577949,0.186585922047152,-0.252718569496537,-0.034480823680912,-0.369437329020811,-0.183366731396343,-0.347513822354307,-0.0244413010157605,-0.403999242179575,-0.0932665970297968,0.450082569848541,0.179204069863421,-0.191175273326909,-0.358368492531909,-0.291023397504797,-0.499798294031692,-0.163306291332107,-0.0664564288227596,-0.322313241420726,-0.143824698376803,-0.108841054748089,0.178394254573272,-0.235254064840628,0.436108725844542,0.00381409026821647,0.216544530752916,-0.0168816875989444,0.394140271326721,0.169397057056238,0.100911007026741,0.0583602565758014,-0.34290381962459,-0.385801669231195,-0.386103926075912,0.186538962073834,-0.116832249300188,0.433063261721663,0.576304279516872,-0.220674308035236,-0.157307140398504,0.359968380082452,0.453463037537451,0.253037252564251,0.258807575893462,0.264263899592312,0.120680321763062,0.07664371676408,-0.167919072928348,-0.425582902692537,-0.44822109828855,-0.472091038255412,-0.518572942735237,0.356219132038668,-0.289501522743191,-0.217446343089008,0.00791460447791783,-0.239557505853499,-0.0846118553084231,-0.411465740018907,0.22283650758796,-0.1377999645061,0.329673131760056,-0.30597304206863,-0.505553285205683,-0.188466108642195,-0.256997388343145,-0.263133520132543,0.0369409689366861,0.122530013860126,-0.0413839511698772,-0.208419641676949,-0.404363386049705,-0.282530597340555,-0.349319725224678,0.0365669993585691,0.0961956263862396,-0.19308051761582,0.420961764738038,0.0222604190677745,0.339425006348963,0.272099847283383,0.0601760064274957,-0.32247352738036,-0.420449843288459,0.23233645879544,-0.0527142334864454
0.225238108610488,0,0.238066056453727,0.538564105037736,0.724248955582096,0.279351375075923,0.256596387296496,0.542537032011262,0.281866565905498,-0.0960459072207341,-0.0553645256844583,-0.0364781645095669,0.121523188646418,-0.00144913185846817,-0.121495139415652,0.567700363565288,0.121950144881034,0.416103470506509,0.195183784302262,0.039645116516503,0.0926061555338681,0.173012320184341,0.0506986212863169,-0.00710076550984605,-0.0106826131776559,0.0168966201085387,0.0489215092603086,-0.193411895439219,0.0610861914301509,-0.176232801450792,-0.0302475126326038,0.0501254651731321,0.144669790246355,0.214665750820639,0.0981747990368448,-0.0164822766904739,-0.119864685927143,-0.0124618404600157,-0.107763472323608,-0.151559580995477,-0.11066333099413,-0.0181435011648269,0.0382982854643554,-0.0955356366625755,0.00360429537888613,-0.131154835584116,-0.0255049909626062,-0.0320793713515151,0.0520075174072519,-0.182723979294474,0.45925762412522,0.546294005564276,0.365084869365761,0.628912659904325,0.425886171759379,0.173811471268201,0.5285472148653,0.371656450814001,-0.0217734619439333,-0.149204130970569,-0.0879996779791162,-0.00201192461001428,-0.0999619432325054,0.0389909193889434,-0.0389903061486833,-0.107208906423608,0.098381848189454,0.14565285773442,0.0771094532490991,0.264431496059278,0.0643632648236493,0.104785995583351,0.0390326841742019,-0.123162772121288,-0.0980553244793946,-0.0527891105148971,0.00492563058646247,-0.200217966386291,-0.072125186193867,0.0451694544884104,-0.123928631551269,-0.226622294264666,0.20478117556396,-0.0892667588298372,-0.0262846872322803,-0.118739986626364,-0.0873013010763577,-0.207470116773678,-0.0954769265019427,-0.281688670580321,0.120145991934449,0.0730569588954384,-0.115236183254741,-0.0747039663647768,-0.120493002464028,-0.0174746740905186,-0.0547556174825783,-0.0874188482767752,0.0541045779927953,-0.322879039245758
0.543093953307793,0.238066056453727,0,-0.404637978224813,0.211648534893362,0.735168992722102,0.336279352228419,0.43432876018229,0.576096772201339,0.128947017030097,0.263885794366629,0.21882563502641,-0.0307595440945379,-0.316437497769084,-0.441095200867256,-0.0900194498846032,-0.0781527638238221,0.159266422499225,-0.192876943402214,0.0408713947055976,-0.142726681483913,0.0968857877717985,-0.262261130311521,0.00613717564527473,0.425517611744138,0.366422474326276,0.0598183863221031,-0.225368450866465,-0.00296866959516424,-0.442975817951259,-0.356369176135451,-0.357279145367255,-0.500744286673453,-0.0688244886278639,-0.0101962823701018,0.330266502565183,-0.0842634662182523,0.166829491211039,-0.103274167680513,0.230943383568918,-0.0122323674403422,0.319952721337351,0.239926138365773,0.0603948715443244,0.0618879113671459,-0.167804254074601,-0.28251017262353,-0.296299732106433,0.443740354713866,0.0758958696034386,0.160562545596588,0.676437356849779,-0.303876281311872,-0.243679201226875,0.654040609437255,0.74693276702309,0.459607203961757,0.557416547628154,0.230287687347684,0.207351699679719,0.180429269918188,-0.0593805703768409,-0.273765223363465,-0.257399170063108,-0.380261046709991,-0.411402544860468,0.405101990847031,-0.0586898888483517,-0.069962335694231,0.154424913001835,-0.0427236793367647,0.0796993998604636,-0.236591875943059,0.256917276911162,-0.0250782037477188,0.407794228029427,-0.0787236782070031,-0.389904505408087,-0.346917858159944,-0.466526537789225,-0.132434651435007,0.0525297962854884,0.193541533163028,0.0679345267886317,0.0517959999489264,-0.293235016492918,-0.0752494686466184,-0.229589267634958,0.258850541457245,0.0826723657591091,-0.441735718879962,0.395219574701365,-0.0367005498819919,0.186612145282456,0.309589865006061,0.0228697544945692,-0.110045853122012,-0.299632065580617,0.48366117308121,0.133602152345019
-0.215777763135955,0.538564105037736,-0.404637978224813,0,0.467076664009128,-0.254064314447214,0.0812702614444373,0.176459243076383,-0.148164037348855,-0.170811258913036,-0.197564325338214,-0.129785331513148,0.168603573602754,0.258526814509492,0.273804829112115,0.620982499774654,0.149673334396855,0.256533567818594,0.33787654702627,0.0565672269136605,0.25173574739477,0.00462486955390234,0.273329035727677,-0.00714867847981209,-0.283644731310867,-0.213892979523387,-0.0767165326568598,-0.0704176018624521,0.144051099162861,0.187158029917156,0.322288236292982,0.43070075159273,0.612938240980007,0.274964627728243,0.0275436334229218,-0.205301276424254,-0.0157945993499525,-0.0632966999951653,0.0808141192965401,-0.224744661884304,-0.0497087871225391,-0.347609001959745,-0.114800621861391,-0.164089174344768,0.0130555430303727,-0.0334350194570247,0.239991474034085,0.211927723417349,-0.258066152425596,-0.172095065681894,0.36085036964552,-0.013707646960486,0.689910380763108,0.805172351053921,-0.110647917918156,-0.336507013470688,0.156433968324977,-0.0836073055829818,-0.184399947783855,-0.244874503460424,-0.174063037900914,0.0476916942758986,0.150504246162795,0.283992438619545,0.31472714003807,0.28472084022504,-0.0989002120511789,0.173578326149451,0.158266852694393,0.0944512490388009,0.127529439297046,-0.0210406004152225,0.231283288505608,-0.241475340676377,-0.132397828750986,-0.358491250360709,0.117719305468023,0.0903040299528505,0.237184007750439,0.518445255672573,0.0104250095701741,-0.252023705505575,-0.0618859668667881,-0.20930896981126,-0.121880722769797,0.148743149164218,-0.000796487945473506,-0.126424341047223,-0.186400585094941,-0.32610075647169,0.512096181252151,-0.173381156488344,0.020420868264782,-0.252344395325225,-0.410656547857777,-0.0628806107671639,-3.35001031249877e-05,0.165788554768054,-0.269597325585147,-0.358829102251206
0.120244660042619,0.724248955582096,0.211648534893362,0.467076664009128,0,0.383368849562904,0.221851764729559,0.540876515831105,0.39484851312491,-0.130988924739851,-0.123584941176631,-0.025762719684428,0.172875538606381,0.0477441425112984,-0.0647900021814086,0.285078149209293,0.0978140474386872,0.427928539493295,0.218146244687281,0.160662647911151,0.132383709065404,0.122944352311,0.0916034933478855,-0.0463208174507349,-0.179123425613276,-0.0790138214818492,0.150259666671606,-0.161671916317814,0.10237149190224,-0.139604823010172,-0.215366981002534,-0.143946433272496,-0.00176915083038481,0.261432861403762,0.0536482188881141,0.153060484659744,0.0592459110641643,-0.242711582313986,-0.155529814256943,-0.159084896332494,-0.0481801183027492,-0.082975260971979,-0.0901124425764986,-0.100018848517514,0.0486976884340261,-0.0979825183887404,0.0159135092688542,-0.00469511383992231,0.246925230404443,-0.0894625261317135,0.29457445309941,0.344178296529106,0.280510624484503,0.589747334092923,0.595846027116269,0.263409522181802,0.505846497502627,0.41575308196907,0.022218871050993,-0.159496046977073,-0.0290446423985176,0.150971616227465,-0.0101875958517455,0.112130171913224,0.00580227937502453,-0.0422888958751181,0.130768740968638,0.225368122411883,0.175007701353333,0.257847699551432,0.0998465035782889,0.128587799088701,0.109864099728483,-0.0628942420652132,-0.0400342390151419,-0.0357210126783627,0.121806742791597,-0.134656233763617,-0.227920052520946,-0.102846766200456,-0.0131364377303575,-0.132954429314885,0.342755404736384,-0.0326940050838849,0.13279402035774,-0.0173755531203412,0.0920187789937208,-0.145135283978419,0.0897210252443916,-0.224795459714073,0.00597036985178512,-0.176096477338295,-0.135471456001716,-0.133342407676252,-0.121016026783554,0.0519179788176609,0.0234089806648182,0.01389152753624,0.243633670882956,-0.148981882951553
0.320209384107728,0.279351375075923,0.735168992722102,-0.254064314447214,0.383368849562904,0,0.36707035655048,0.53505546378859,0.757471644348836,0.192820324539496,0.344535038735791,0.319376945418467,0.193552651379736,-0.0885505067109356,-0.26281216615399,-0.0906306901090968,0.0635770235156038,0.263490863869614,0.0313106367948982,0.199364012278238,0.0388964939223918,0.177637999176859,-0.103122399847994,0.116291011369325,0.273483429991244,0.370333459508012,0.241256754130295,-0.0740130443937852,0.212452961866617,-0.334010590483176,-0.337327325355108,-0.403006725684668,-0.431574592323881,0.0231304932504387,0.0847970030045939,0.471443401461265,0.082078928587893,-0.0403821046150086,-0.113967153488204,0.132289352989367,0.0427613121309236,0.174393573509888,0.176234734516613,0.13313426183753,0.178155860238202,-0.0520178012147295,-0.121663816363768,-0.195821757552375,0.715136805079552,0.206690866576132,0.0721109772187938,0.449441515520183,-0.139746341161487,-0.0578679689590493,0.788321503097331,0.814844471679333,0.535894935260017,0.660132468843179,0.316065186965355,0.237397081716949,0.289781855040908,0.158117313424449,-0.0821489976332269,-0.0457599124703632,-0.219532222622637,-0.203884069429272,0.400409787413895,0.131914704508581,0.0171019983755515,0.175477157456479,0.0852267746640563,0.207550187866182,-0.0776910994814885,0.238174872682127,0.102497244315362,0.389833480615612,0.171473076236527,-0.20835846488835,-0.341173002374661,-0.415784533608807,-0.0519551983131342,0.0351721618223826,0.309952388931728,0.163758991888555,0.236335432205137,-0.138174466143388,0.118923756451021,-0.0916573669865754,0.383019809000009,0.0473886395011106,-0.395925925861454,0.18011505022539,-0.0229047405570548,0.0873075611238106,0.252952492818406,0.172313074398132,0.0387151726557871,-0.151438441001741,0.69724760988623,0.239454546148265
0.212928932685249,0.256596387296496,0.336279352228419,0.0812702614444373,0.221851764729559,0.36707035655048,0,0.591222205178388,0.528872967888911,0.351997645071235,0.312126258081087,0.350612396594045,0.176526764887129,-0.0211253786160558,-0.142093750136569,0.331641276416061,0.220035493708755,0.323218842305769,0.136241400232371,0.224102753669196,0.164087847367618,0.227459476053706,0.0607125514893347,0.189003393080551,0.150248473191127,0.268984036682053,0.151372309755938,-0.016052335999566,0.208412256828808,-0.154520804496133,-0.157006767704721,-0.177608019655209,-0.269925451477012,0.0898092065240971,0.17922079560106,0.227296809653568,0.0874213543088462,0.313693528540103,0.436771902853444,0.524829341280684,0.246292705783325,0.199971273450083,0.395600664517902,0.145611671533571,0.208643216006657,0.058708147819249,0.089434420412654,0.00200022422582788,0.278794071807746,0.253649487906233,0.181988959331054,0.411848736621614,0.20281591652504,0.251390685907148,0.374687265902225,0.375653589618916,0.654603325155672,0.569031893354907,0.245253515028059,0.228640700427469,0.245522883647783,0.0634979939390636,-0.10401826793766,-0.0117885395361486,-0.118335194179209,-0.0985317644866638,0.642886579665757,0.217876345198513,0.0355023113405324,0.227656089629401,0.194871234423694,0.19909206621854,0.100264285409911,0.441264035437566,-0.0603996347507579,0.233138621932675,0.172431037929663,-0.0608742495543779,-0.205288164295927,-0.189002570449968,-0.160122538681609,-0.0488996875201668,0.0857633231804275,0.148158862543817,0.0872599486910323,-0.0652702399561123,0.0970858315868379,-0.141622047816942,0.166199137645112,0.118097893219133,-0.154561033800766,0.242309184031269,0.441488116154166,0.170345728516834,0.117142512087801,0.168092046274684,0.113243210035279,-0.0396784860936732,0.338281697505245,0.214956837555653
0.241293844325674,0.542537032011262,0.43432876018229,0.176459243076383,0.540876515831105,0.53505546378859,0.591222205178388,0,0.716255596257068,0.126495741953434,0.199676140756874,0.218703337581475,0.174455342311968,0.0367808782628689,-0.1334254509113,0.358494560460017,0.264954084265571,0.647209122237234,0.241725800312168,0.341897957808871,0.303092413808939,0.386038269048639,0.127619328214194,0.158763327136595,0.0698749343592201,0.2722325979802,0.284239090557587,0.00997772565041314,0.20097908919643,-0.189829671645625,-0.293111112749276,-0.217665930252915,-0.210473641772061,0.269106970955042,0.258635507336958,0.288048885637839,0.0287633770409251,0.0692785206494822,0.11588155933474,0.212922077359394,0.130555964524,0.252469554374892,0.279658801721724,0.0418595958298214,0.0747597168423624,0.0845943756968498,0.0911642941359362,0.0624030795374505,0.340145395073599,0.0513785559856386,0.224173484951303,0.451156019516616,0.181154113599026,0.340224306440525,0.633289638485985,0.519893792682555,0.872699792392816,0.801548510698204,0.075298826038607,0.055767813434938,0.0627698147887754,0.0369982492960191,-0.06196668583888,0.0291455231235135,-0.0470209818246243,-0.0986503602849546,0.39665187607036,0.281397322754291,0.206928139638752,0.520001891765227,0.34426147140007,0.267157108274984,0.146426476327167,0.108642101366752,-0.0978805148251023,0.193082550518813,0.17079545995963,-0.0770418900333631,-0.307964835668719,-0.219207821893609,-0.07902865783185,-0.0244324973753903,0.244533181186795,0.105490876864149,0.219726561609259,-0.0318332796240801,0.0438682807842459,-0.0127394605863424,0.237046431557873,-0.117845590558341,-0.165742886805422,0.0230194193782102,0.110501464851232,0.136010179744937,0.106811063488827,0.152054680598658,0.164715393972289,0.0136732328364556,0.380057641675855,-0.000567857735099566
0.260522255353631,0.281866565905498,0.576096772201339,-0.148164037348855,0.39484851312491,0.757471644348836,0.528872967888911,0.716255596257068,0,0.24371029421655,0.271086535304846,0.26171385192726,0.131715540775511,-8.63107728041879e-05,-0.151020546664963,0.0126282249717849,0.158988389362529,0.387862799266377,0.132428042521558,0.324040072447779,0.220921193812424,0.221286092072638,0.0340659438557521,0.123967446011673,0.116616710536478,0.268515107338111,0.30621748990278,-0.00966484448195498,0.198793814592667,-0.233414742672317,-0.317504557879188,-0.383254467995745,-0.371441331254152,0.0890609350805385,0.167981218168003,0.554058096797483,0.106263308104455,-0.0174258169121689,-0.0197108216388649,0.20653576511395,0.159008280977432,0.246931465720319,0.218511494979675,0.142755507251741,0.173995986994444,0.0816460062297965,0.0184069734572649,-0.0270375014984555,0.570065952118602,0.194771482498831,0.0690874262566558,0.365038288218869,-0.0297250348035257,0.0285053501139264,0.748887643520934,0.762005885431823,0.691029385451763,0.853833707635897,0.254279898844606,0.191177313505012,0.186331786554091,0.0723419454747033,-0.0632283563346771,0.0211399687267039,-0.133054738299009,-0.121284859436341,0.511802111911609,0.199753527060218,0.0734040050202906,0.288108629068735,0.256365849863028,0.19576707690788,0.0441696046066782,0.249055472466996,-0.0195497162275993,0.302010443827806,0.166153556331751,-0.0997460881097697,-0.285326547882228,-0.35541092739373,-0.0771788931996305,0.0769026255482654,0.317600565693683,0.170096417875236,0.264199610155118,-0.0803627093216097,0.0999295760495159,-0.0393748231299863,0.437551070776027,0.0582206651053297,-0.337400418458761,0.0501473300687071,0.0730729695440174,0.140891656804809,0.215681675990549,0.213089672245443,0.167641173777475,-0.0477254103059706,0.601745371495938,0.223288280361219
0.230603209790996,-0.0960459072207341,0.128947017030097,-0.170811258913036,-0.130988924739851,0.192820324539496,0.351997645071235,0.126495741953434,0.24371029421655,0,0.401263163096656,0.446539708763124,0.161228174027728,-0.0609704291740382,-0.123402451963614,0.0221166742871111,0.0124161108661076,-0.0305576545120027,-0.0888387642498465,0.093765581333041,-0.00733749185053925,0.0524322465549103,-0.131737965724231,0.19558984333477,0.367635739237804,0.333412904452152,0.178971580342054,0.120985341453783,0.149092392176835,-0.193460040572132,-0.103986621696824,-0.269852238202908,-0.312036241802573,-0.10966135248507,0.121672238803933,0.155902670294796,0.0923532420661352,0.225006072055502,0.322084086119723,0.581312002337495,0.0373128232736002,0.343697804289699,0.377194784268396,0.343004139467169,0.16312309837495,0.0222387790303008,-0.117853341674579,-0.155251826420268,0.254296986932576,0.170655916389829,-0.0327241590787341,0.0267937152128402,-0.122540743884165,-0.102063504099113,0.12022917673855,0.317691924342755,0.171356221433243,0.125967449533423,0.67485591986401,0.263977526988382,0.397049255795071,0.150610977828917,-0.0351496491340763,-0.0703416615658478,-0.0807717672552057,-0.105294078351977,0.389469057944971,0.00684350510870046,-0.038585323096451,0.0278478994548771,0.0392269941383966,0.0764970316280894,-0.170757599413972,0.526273646989767,0.0617843580694985,0.431883365923685,0.1571478968868,-0.0823499053147863,-0.111218464476429,-0.324740585761398,-0.122100369928958,0.00628413812579619,0.236594212832967,0.262689682776295,0.129669745375804,-0.102363213052108,0.0426748127127067,-0.0433575242651015,0.132070779067832,0.105419293331479,-0.288841581243575,0.237965259401688,0.441703836052103,0.496128034430402,0.352636209376575,0.233581822250133,0.0391280665224158,-0.169863794408305,0.310558857673915,0.210391787838995
0.14663660184338,-0.0553645256844583,0.263885794366629,-0.197564325338214,-0.123584941176631,0.344535038735791,0.312126258081087,0.199676140756874,0.271086535304846,0.401263163096656,0,0.760333294996593,0.380774785927901,0.0563848539349872,0.0218175472189951,-0.109991415219758,0.2017387779026,0.0871720445463399,0.00990178866984207,0.12754699910616,0.092398729177103,0.305609955968719,0.0348576606902718,0.55282674166272,0.500681098128731,0.675219218850453,0.280790443063738,0.267006805997873,0.272158178397049,-0.0419202959740273,-0.18703175232493,-0.1478501248877,-0.258490206226135,-0.00442366096184267,0.294471205373586,0.233610480477714,0.318577467245479,0.100136545590057,0.171609763579289,0.326918182775424,0.248854399264542,0.375727202094058,0.488803577738621,0.216528207266623,0.0997484519285699,0.182978592881102,0.0999593128403117,0.0127582676447181,0.416990495943624,0.357565714150488,-0.0607929455761826,0.120679886252428,-0.206922198779866,-0.187345928934509,0.164629503380382,0.302135669548688,0.194768063197218,0.276572008811463,0.289723693731085,0.674613142810078,0.561796413140324,0.352535784972095,0.142665848809599,0.0231885236209527,-0.0370783817853065,0.0795749811041279,0.262813680183086,0.105271538055573,-0.0147789597416472,0.0161406816868975,0.107839054518166,0.326961986970402,0.0337091639315559,0.295483006468138,0.262248827465755,0.592723769576177,0.266476609375142,0.0670724854684673,-0.268132644517357,-0.181185839111488,-0.00151942163628407,0.0377689016879209,0.0357206753513949,0.365039367242265,0.261732485305491,0.0939919695581598,0.321551145446706,0.109435695488895,0.227278379422558,0.221586269873412,-0.290804405474505,0.159913697929645,0.262473646329656,0.209579406712492,0.440265497849731,0.200742929528945,0.213755867172238,0.0513882671873081,0.403288422469309,0.3840173342389
0.119470578494628,-0.0364781645095669,0.21882563502641,-0.129785331513148,-0.025762719684428,0.319376945418467,0.350612396594045,0.218703337581475,0.26171385192726,0.446539708763124,0.760333294996593,0,0.435742326169937,0.143485316837525,0.0615484832268286,-0.0758584619517637,0.31175241697406,0.208542101570457,0.109471081599382,0.228100132636435,0.178793879554119,0.373878407406991,0.11680888744247,0.636985661316371,0.438579504502206,0.761968304878995,0.383253125485042,0.283666900404456,0.334587559857181,-0.0156604053225371,-0.252419935095631,-0.198835806912583,-0.3102744383352,0.108825448019757,0.302268094045982,0.271407076276323,0.353885874857973,0.0936719727696258,0.168707430258534,0.33953352721628,0.282399743547923,0.384504096980484,0.54463937303666,0.271966462466449,0.156364379704815,0.190052990585375,0.123679579592511,0.0434324356023054,0.44128961971216,0.330638130479907,-0.055045984304618,0.0540570568862952,-0.157171329731446,-0.0987758390274645,0.161458390891692,0.248535234316326,0.218946639903621,0.258549549459196,0.308181205903926,0.647260014337223,0.661727845326947,0.379465107560777,0.146650905080618,0.0898818136115203,0.0491446605990495,0.126793294683378,0.240477477809024,0.189224507365689,0.0939302253992796,0.147293115447342,0.192554084096607,0.38260210856419,0.125487831093537,0.294871305124008,0.343631957512191,0.663610169315676,0.332581306108144,0.116057746582718,-0.319997579733398,-0.236452080312297,0.0333285884324527,0.03124803108761,0.162185409975896,0.342641653360428,0.317172958119069,0.124245343458949,0.348942785279334,0.115243827551439,0.274123613978739,0.159056221160438,-0.310140798187369,0.168456079360024,0.29130965678432,0.271379416881763,0.477959854826146,0.277643675001883,0.238912943386556,0.0747774102560741,0.412477995436148,0.366323788061359
-0.133233514570647,0.121523188646418,-0.0307595440945379,0.168603573602754,0.172875538606381,0.193552651379736,0.176526764887129,0.174455342311968,0.131715540775511,0.161228174027728,0.380774785927901,0.435742326169937,0,0.420399869186861,0.344717896483543,0.0212773399044641,0.542087363758892,0.235847534966332,0.437492792652231,0.30035222751576,0.422102660986175,0.40941326233197,0.354485701891204,0.457584354620754,0.0407461207098177,0.323248518817411,0.490911986019039,0.39853528097933,0.568760028662811,0.212100939757372,-0.0896098411501307,-0.13635525193017,-0.0244787249784456,0.264135884910222,0.388475753226718,0.127150821438732,0.443749147556261,-0.15505844425636,0.0418572008027894,0.0694697016446669,0.13636784927326,0.0141413724142384,0.237232820227091,0.186289053703007,0.153487772517704,0.348898882997037,0.391425988202173,0.278785887040765,0.279636762366518,0.27063796431965,-0.0684693062074845,0.00342089530308101,0.157175212011666,0.212810443956209,0.0737646392646533,0.0813929787768888,0.1513725506549,0.12387450813311,0.0828385757597915,0.203961236638049,0.356771909285072,0.741603558715561,0.418581796241106,0.358582120078116,0.339581077693753,0.374936119522718,0.0504894724809991,0.45870226876851,0.262674646423817,0.0814607946309673,0.343259393782623,0.487978764658431,0.345350617374239,0.065678010712679,0.3518272823011,0.14638434243457,0.546666493825045,0.297985723405728,-0.154475500324541,-0.0555182612009039,0.218214059504411,-0.109762056108886,0.154285548842375,0.304524531380356,0.476828039088487,0.407366538267752,0.418146473622069,0.252064502905081,0.128536834001153,-0.0344274041395004,-0.0765120471763664,-0.0717838634449771,0.11341507062673,-0.0851699073803194,0.0711648115571515,0.243383961179784,0.420931201549571,0.337851754395444,0.223586026844831,0.147494001387706
-0.414614118208665,-0.00144913185846817,-0.316437497769084,0.258526814509492,0.0477441425112984,-0.0885505067109356,-0.0211253786160558,0.0367808782628689,-8.63107728041879e-05,-0.0609704291740382,0.0563848539349872,0.143485316837525,0.420399869186861,0,0.811230999784405,0.0421328767130034,0.627157663725971,0.35359841306793,0.794574478054516,0.346855635409485,0.608377224288984,0.404919509517271,0.801098887919795,0.3957015375679,-0.17564779572066,0.156094134475231,0.493203631027273,0.569089119598324,0.596940319262495,0.740596716016857,-0.0639905546817201,0.0506247235865815,0.285326911494618,0.420335742094054,0.436346191374952,0.092516150416414,0.450906882300268,-0.168198420428848,0.0889477354266197,-0.135835582497782,0.234177487141524,-0.0423246555916309,0.181165528725694,0.170240172635326,0.0115516074124791,0.531786238724984,0.768978547596152,0.706190194075146,0.041640874964431,0.205517432809465,-0.195939117951335,-0.300740911445044,0.316315760350477,0.267292003611237,-0.205016586780978,-0.195443247142064,-0.0134059003160246,-0.00975536662879173,-0.189904484291916,0.0283740923339572,0.0485449794335036,0.246169501337917,0.720797682282774,0.774522768195952,0.71207007854653,0.784206796894832,-0.188732035511876,0.611363685144667,0.382763868781818,0.0683472367004838,0.380074414523229,0.390013273417723,0.752283507415742,-0.183497370758528,0.195060837251802,-0.0287714230270692,0.554972167312581,0.694759418231161,0.000351623796594901,0.20783356620525,0.359725111988457,-0.116094403247723,-0.0555137093732389,0.200522529803438,0.4108230780264,0.703431716435016,0.451638696683209,0.420200942806527,0.118514310947413,-0.122572230004799,0.210046237359118,-0.229742171980504,0.111149019932574,-0.124157521203273,-0.0675981242814602,0.203578249730189,0.531334564662785,0.68379516368617,-0.033765259713121,0.0459849599634751
-0.50785485577949,-0.121495139415652,-0.441095200867256,0.273804829112115,-0.0647900021814086,-0.26281216615399,-0.142093750136569,-0.1334254509113,-0.151020546664963,-0.123402451963614,0.0218175472189951,0.0615484832268286,0.344717896483543,0.811230999784405,0,-0.0212204081891721,0.423881991245644,0.225354057720345,0.632132571607108,0.283483686557543,0.596711990199737,0.170640082358589,0.789062256492141,0.284442124305196,-0.220729900927867,0.0326934373173831,0.410343964127767,0.626076793139607,0.481420680846294,0.86548611315148,0.0289069563782442,0.135225898708723,0.368736387499352,0.24746515154644,0.30496673876489,-0.00917062790869634,0.361741448963016,-0.206506474595009,0.0659245500808093,-0.184056665649422,0.133909429600355,-0.114847177499298,0.0129228727128431,0.0709023967374114,-0.0950188303187948,0.544971933417689,0.724612816054235,0.721483606122909,-0.108750683147116,0.0917024517431191,-0.180649217575748,-0.431272766806644,0.299309810859759,0.223440476399996,-0.331915030968066,-0.341592706531121,-0.18942837025783,-0.148523591022455,-0.304281606310331,-0.0130347488375859,-0.027298664918752,0.253044275205457,0.754967280484747,0.778850302959395,0.809309260486623,0.916113389991717,-0.333771670536372,0.466565052696566,0.27004732966028,-0.0682524811775911,0.357001841339466,0.195838788875361,0.72829666514704,-0.3057540599629,0.108270797747084,-0.154474751230497,0.483586769649756,0.79338465391835,0.0518549246417601,0.315476573638765,0.277887079255725,-0.200265896325411,-0.134222295084216,0.099760174154934,0.318078941555022,0.714313877147199,0.365074249968526,0.524378848771704,0.0320939496902605,-0.237383207742108,0.242425960757343,-0.299964283549431,0.0897233232618392,-0.204198046722463,-0.209041742556969,0.161236818647067,0.532532526889109,0.728336570849744,-0.179574478892115,-0.0418920387484999
0.186585922047152,0.567700363565288,-0.0900194498846032,0.620982499774654,0.285078149209293,-0.0906306901090968,0.331641276416061,0.358494560460017,0.0126282249717849,0.0221166742871111,-0.109991415219758,-0.0758584619517637,0.0212773399044641,0.0421328767130034,-0.0212204081891721,0,0.164692407027633,0.290624479715281,0.203464310328828,-0.0605140054059666,0.104780754405714,0.126330476633383,0.091173722253801,-0.00356098729074736,-0.0180296310827739,-0.0700491258306744,-0.190682995248172,-0.210178398117193,0.00956411976361497,-0.0368354597033574,0.263571770291628,0.401057054551319,0.410991067550105,0.163406148407079,-0.00929430362664155,-0.223524722036427,-0.263034407755358,0.313957117911057,0.215066773653058,0.0019706236008014,-0.10379891955327,-0.120284664728653,0.000842675649827363,-0.177759764897488,-0.0304856855736714,-0.197086263133876,0.0414962258030353,0.0128367195088084,-0.264006257436878,-0.282181684922769,0.525095010377619,0.325387955798045,0.640076389829593,0.63492560246347,-0.0133861972010977,-0.111859191349362,0.381241462404335,0.138141835195619,-0.0591119603568241,-0.194010087946465,-0.178710496770954,-0.192985334540016,-0.178538298577608,-0.0248966920332323,0.0142449031887906,-0.0225281381953545,0.108256030103028,0.0827748422427123,0.0061564397559752,0.185960488822316,0.0650486175080477,-0.026268363101474,0.0546977312228311,-0.104101856783779,-0.202310530219956,-0.214145657876542,-0.0595131810945372,-0.120117492875774,0.185266363169402,0.360218558142087,-0.223815541643654,-0.282808793092519,-0.161297594085224,-0.255927086408623,-0.259227501921977,-0.121093363483938,-0.230412543279442,-0.277763933533138,-0.258705736147888,-0.32232269404625,0.377214418913851,0.159814568009823,0.11251718701855,-0.0279798522317255,-0.301499686993028,-0.149911222839903,-0.197648308575477,-0.0937257425681319,-0.257867215577974,-0.428052094438431
-0.252718569496537,0.121950144881034,-0.0781527638238221,0.149673334396855,0.0978140474386872,0.0635770235156038,0.220035493708755,0.264954084265571,0.158988389362529,0.0124161108661076,0.2017387779026,0.31175241697406,0.542087363758892,0.627157663725971,0.423881991245644,0.164692407027633,0,0.414287849526738,0.719483340096656,0.364775959942482,0.588150297434981,0.671488333703337,0.574652999040824,0.60087159289608,-0.0632275726495236,0.257445179472995,0.514663104200327,0.453345414894353,0.655980208091506,0.373170645454862,-0.126703893609601,-0.0580223271582362,0.0887406645974155,0.489334733484218,0.482122645055378,0.0313251712213355,0.438169726210316,-0.0551429744348847,0.0666238618603384,0.0254364292414139,0.24201496258685,0.044596773620206,0.274299209493415,0.162149877355497,0.0782021607672909,0.441727838238515,0.566088487757036,0.495888428013001,0.0427762890037096,0.269312211427727,-0.18865093281661,-0.0496266370013926,0.215283990272378,0.197288504295386,-0.0725089559626409,-0.0394165564794562,0.225922409191266,0.201680717840983,-0.131722830223859,0.134928439884719,0.161688973358972,0.314052905995095,0.472936918435011,0.526611174488838,0.459144833249245,0.425646394444974,-0.0298611550980034,0.717843464865178,0.471346678791974,0.265664793591453,0.482043646463392,0.614405804219297,0.610449189309822,-0.0638751232167265,0.363933111757508,0.0698827530997908,0.560502556062389,0.43351025885662,-0.0679686202200552,0.0347806691222318,0.391485087120289,-0.0404472856760772,-0.0151636698569609,0.321099341333371,0.470224168162788,0.502545782966412,0.453300845287795,0.248390167127271,0.102023236946437,-0.0230281749020398,0.0122697545442989,-0.0794640034446336,0.0813175872884298,-0.120852893907814,0.0776769138988345,0.115707917617765,0.453614054349048,0.455888363091382,0.00359977130646159,0.117187461554993
-0.034480823680912,0.416103470506509,0.159266422499225,0.256533567818594,0.427928539493295,0.263490863869614,0.323218842305769,0.647209122237234,0.387862799266377,-0.0305576545120027,0.0871720445463399,0.208542101570457,0.235847534966332,0.35359841306793,0.225354057720345,0.290624479715281,0.414287849526738,0,0.446175300305937,0.680051017839968,0.594285548920059,0.471707911296417,0.452222467340901,0.274756665791106,-0.0209736578177811,0.263762710086576,0.452728216990345,0.287499332998025,0.416465601845508,0.129432064244498,-0.294981443942641,-0.103762584812638,-0.0551082117641403,0.569088372917909,0.298921239578299,0.327552335048698,0.182551723482022,-0.00786383897067135,0.0609048010355241,0.00281467407612493,0.291960023548366,0.151951305971162,0.223862192668591,0.0458393834053677,0.0418170412875139,0.316951279634341,0.389563197612955,0.349818417520653,0.170961800481801,0.14700211290893,0.0655451937335517,0.172948174234474,0.229674918728397,0.376830858195806,0.296725918811854,0.174129755751806,0.580456588772689,0.523040769033712,-0.0891102498933868,0.057953056834986,0.0763686482966743,0.0953020415262635,0.224333028266318,0.314968933195871,0.331406181083776,0.237683902914336,0.0587515965259662,0.43948816451042,0.523220854746795,0.740202354552632,0.571791791591841,0.342241106870611,0.430313334560469,-0.13384742901398,0.0447388367300721,0.0918557235803926,0.398089209646393,0.220744581961168,-0.28133184692729,-0.094383388989192,0.215264739474239,0.104715435197054,0.133972563998098,0.14341251586016,0.374505449255305,0.301467542801084,0.196663798452063,0.216787167923562,0.408942100586607,-0.137274329090715,-0.0748430284858223,-0.07036501384598,0.0239970955765291,0.00344076301829481,0.0515188375312933,0.122257037966382,0.354747976644982,0.304489342965476,0.156191447511176,0.0148088876407349
-0.369437329020811,0.195183784302262,-0.192876943402214,0.33787654702627,0.218146244687281,0.0313106367948982,0.136241400232371,0.241725800312168,0.132428042521558,-0.0888387642498465,0.00990178866984207,0.109471081599382,0.437492792652231,0.794574478054516,0.632132571607108,0.203464310328828,0.719483340096656,0.446175300305937,0,0.284942842415317,0.558363132961244,0.398855644148173,0.659523963482696,0.362478817709317,-0.186326812911936,0.123522447577162,0.404946532076813,0.381143360041729,0.617225646748071,0.522412068927474,-0.097749096704591,0.00478092403293663,0.232468301505199,0.42202691635494,0.410966335368515,0.0739521481281886,0.393657708833293,-0.147077241287747,0.10800633345376,-0.132366738379828,0.135899361093122,-0.0893705782948535,0.184967662813548,0.147472211166777,0.0396479647807499,0.351546143072889,0.63946958901238,0.538875900025503,0.0785937120482302,0.13588072907071,-0.0565875874117345,-0.105078758125478,0.427079747865539,0.394015033677575,-0.0499226053092641,-0.10128002568263,0.186610634513112,0.169999480345762,-0.17704344880467,-0.0321341314225159,0.0267094076131574,0.194376823912762,0.586633890226542,0.685738038314355,0.581934122472009,0.61571015263296,-0.167156789381231,0.702355079836949,0.34040254492985,0.135622449748781,0.340359702132803,0.358473758654289,0.671585889917774,-0.17993002127618,0.15361131995335,-0.0728095030340886,0.542490985412106,0.519443063179426,-0.0125777096338021,0.194733234237277,0.244212350253359,-0.250006044188107,0.0566052242949828,0.0799293437736793,0.302517495749523,0.505963183363211,0.434012327348725,0.261053988068674,0.0839416283576654,-0.261520703721567,0.254416924249061,-0.130550451871638,0.125595740536483,-0.146119438178099,-0.137095811364803,0.203499824276506,0.402897945877711,0.504354495713479,0.0238424761955091,-0.0388082201383506
-0.183366731396343,0.039645116516503,0.0408713947055976,0.0565672269136605,0.160662647911151,0.199364012278238,0.224102753669196,0.341897957808871,0.324040072447779,0.093765581333041,0.12754699910616,0.228100132636435,0.30035222751576,0.346855635409485,0.283483686557543,-0.0605140054059666,0.364775959942482,0.680051017839968,0.284942842415317,0,0.726929486083976,0.384240011098984,0.440139595385169,0.363394295790011,-0.143936635821844,0.156241598480729,0.592311735118225,0.473672159839841,0.575639381379658,0.178400784694536,-0.238186789965131,-0.239532610096442,-0.144987623164161,0.59026162632037,0.285906915259496,0.429582541021152,0.393671967826802,-0.127711553564634,0.0887631006772531,0.10769860524289,0.500132384983014,0.0287154726304461,0.160756370707164,0.160488704142301,0.165509211883534,0.555664409124483,0.473199642752198,0.479070646687258,0.266248236804836,0.485091724502963,-0.252939877142168,-0.0712862363271283,-0.00553418026594068,0.10177124302708,0.148093909874155,0.158491044476669,0.281774611005006,0.357031377923249,0.0184371756977735,0.130668613907611,0.181167636279206,0.279279534224898,0.34248640002968,0.37204791921426,0.456782428468064,0.287836285139528,0.122847950667972,0.385592435207865,0.672937627497889,0.652077394425246,0.78323618379849,0.390225532369723,0.410346589955938,0.0212826487669129,0.169039727826715,0.0676264604601305,0.600628527986455,0.344577835655337,-0.246171179705649,-0.211455970773916,0.482632533893182,0.433774909642059,0.0708394542302244,0.361027933167799,0.609063109499651,0.501755564098692,0.379116813813262,0.347987475863325,0.595445693291427,0.195839600622933,-0.207796168229263,-0.155960158292073,0.0969837242058105,-0.0418753323467774,0.109076657653396,0.16330400489315,0.568990481885966,0.475666587367021,0.258914802492809,0.350969978333392
-0.347513822354307,0.0926061555338681,-0.142726681483913,0.25173574739477,0.132383709065404,0.0388964939223918,0.164087847367618,0.303092413808939,0.220921193812424,-0.00733749185053925,0.092398729177103,0.178793879554119,0.422102660986175,0.608377224288984,0.596711990199737,0.104780754405714,0.588150297434981,0.594285548920059,0.558363132961244,0.726929486083976,0,0.40513959407823,0.714207250944495,0.388655333082428,-0.210391128343941,0.10826095535891,0.598816954280613,0.555375455503594,0.631308228271393,0.493737063455655,-0.0623097504324783,0.00956129682539096,0.136997843469792,0.484953410730898,0.298794179426866,0.134693097823058,0.323035264730846,-0.111153259866725,0.0818485319160507,0.000793556675205616,0.291843736713314,-0.0321806292423415,0.112477096974859,0.104174274672188,0.0620861292141939,0.679090934876091,0.632770920783909,0.701058733344274,0.0464140635407065,0.263344065305533,-0.210465230810975,-0.156699316947645,0.255081428973511,0.271484364750833,-0.032072879079333,-0.0149210142951263,0.236005844747698,0.284141122886705,-0.19311738729306,0.0196974864369078,0.0510418363570824,0.283689731853468,0.513420773768861,0.616926677619323,0.726713112477569,0.596438244460137,-0.044960265357418,0.564227782225544,0.594008430881092,0.417607471341397,0.858864402620303,0.414559663362928,0.689911287966842,-0.152499844683454,0.104374174970192,-0.080752427234152,0.60092864910864,0.578194567733833,-0.0558716938083299,0.114879591251019,0.392063863354115,0.0674661265497081,-0.037421116093332,0.250550337915099,0.585025943211518,0.654319401438604,0.332680327174723,0.411665011094755,0.242903397362418,-0.0662889528921357,-0.000730861276031668,-0.222729914595922,0.0805218162559865,-0.119929692476554,-0.0596026024575446,0.126449719637368,0.699903892729928,0.70234863974308,0.012303328624568,0.112416954093882
