0,0.166809487764991,0.0792778526322496,0.258612542596752,0.0231648834423346,0.0748425159529082,0.179057552432487,-0.0818570156334699,-0.142448417031394,0.443574911559023,0.2347719676716,0.27653027244508,0.122784914469984,0.227098316133927,0.233020920220311,0.274352177612827,0.252369143353108,0.14760419106682,0.216523830458902,0.133618408548029,0.207180902554838,0.163677101958813,0.135886208435634,0.286941877569203,0.369224172886664,0.0892198026666966,-0.080731787242946,0.0384720214801174,0.0858859790233625,-0.0211773124835254,-0.0405465254890426,0.27584582498106,0.13530172263027,0.208835615697701,0.178261050976907,-0.0448605201442049,-0.0102747401047267,0.204448400708983,0.0580887865183323,0.0825043258632485,0.203792117963753,0.237820677913278,0.147326704108823,0.201534736617701,-0.0756420332628393,-0.16312209972042,0.0438335422881371,-0.151353163885931,0.214391913703253,0.0235641465150066,0.320567979179203,-0.176740580175911,0.00511532792948269,-0.043059368889247,-0.147076294230483,0.0134323037333238,-0.326446385883312,-0.305544270196321,-0.110370470981699,-0.0966960302891797,-0.217053615132353,-0.282954552138734,-0.271560447349408,-0.411282124781554,-0.290383582192701,0.0858777055988478,-0.265813884852036,-0.285961691924627,-0.353451090622422,-0.243894687795383,-0.0701538407250514,-0.253589762836162,0.0533563687166907,-0.306701239555541,-0.288101041720393,-0.140477422286292,-0.0101914297276518,0.132296207092399,0.00977214396219227,0.238039316058343,-0.289324263591473,-0.247891114596765,0.096693282201354,0.128049968403083,0.0773185340192363,0.0173250783699309,-0.00992518493958936,0.0239894185814798,-0.0159906315739367,-0.234580124346471,0.144087524973854,0.0918187289590151,-0.0555912517691036,0.0886810070681547,-0.07681538936279,0.11404925702636,-0.011978771463039,0.0149797847037485,0.0585139967352505,-0.147575398476809
0.166809487764991,0,0.296727855606713,0.257354640130055,0.305977852760015,0.35096150500343,0.143361408430066,0.351658068686283,0.270653153955669,0.100005362450454,0.163828645132252,-0.026976952064656,0.183217385070619,0.130831123002622,0.111099616170159,0.375695067140644,0.0993157504506961,0.205945045933087,0.078684667582171,-0.0227882105094289,0.0711072856023692,0.273855677282148,0.0542685607937571,0.214679797444614,0.00713810173770883,0.17971862666643,-0.0327094207162569,0.0430222672614914,0.202130362221579,-0.0561618550115228,-0.0170374088362625,0.070028924836475,0.0498775102868115,0.108737168221772,0.26547633868083,-0.0292940913352737,0.164634202930518,-0.00397643280171856,0.00903567363001542,-0.0409427333125513,0.0109597631794809,0.0698138571313246,0.173087981592192,-0.0883615851129847,-0.0251874093077742,-0.139630500269483,-0.0258134092007922,-0.248819631865509,0.100417265600146,-0.0253347029023439,0.237892372384926,0.155946875330759,0.0739127707233122,0.257779749381006,0.278937982941673,0.293675795870895,0.0542351467167806,0.141842406567225,-0.188963056731886,-0.201579847740272,-0.118267089201949,-0.120140181557047,-0.0261082055454612,-0.161276559817182,-0.183980871246341,0.00126957275124107,-0.126791352056427,-0.0710919593320087,-0.136772280499176,0.0163489067139398,-0.0291593327950468,-0.0913806033158446,0.00490676750961876,-0.139196802389044,-0.179527801670267,-0.083054962829195,0.278436951207773,0.137511204257063,-0.0802027322444199,-0.0410442601445923,-0.147559347067105,-0.189329185699217,0.018180173559478,0.172176983577159,0.026405889326014,0.0111930993215045,-0.105046036217024,0.0386946867413591,-0.106931199923928,-0.139873314898372,0.0795970828813325,-0.118424347899073,0.000862875217700007,-0.046072476864878,0.0116323715170034,-0.151564985825882,-0.0537545203323125,-0.17598152314298,-0.101002078993742,-0.105487765925812
0.0792778526322496,0.296727855606713,0,-0.129053695065924,0.0810733188397717,0.551651370460518,0.205064964961259,0.267284790589645,0.192510037048186,0.011606794513981,0.241053529723978,0.118508140848221,0.0528036233066119,-0.00912460148925953,-0.0314021185361534,0.388642395743446,-0.0128452356674846,0.0447239456171421,-0.0135479054315159,-0.118153274060191,-0.0769935972035688,0.0317011020274521,-0.153981580057234,0.0426358648733214,0.0411078731424917,0.212982072237984,-0.229518637784776,-0.218234785579811,-0.0554203214915361,-0.225416959227289,-0.178292704963417,-0.00407560696210716,-0.0611146582129749,0.023917014350494,0.0497123741555584,-0.0554044353889534,-0.0639823135718408,-0.22298333532873,-0.179502198283863,0.139634229014059,0.0360285938199496,-0.174608660112173,0.0700860590027356,-0.207433586494547,-0.0218818814842454,-0.213459614498939,-0.154609875131019,-0.275481605999033,0.17694723380783,-0.0226397394934583,0.139328978139696,0.451187963239522,-0.0603237513395634,-0.0824395828502021,0.217726329798129,0.425392604865654,0.0337396277216859,0.0893516728197058,-0.0257697670703751,-0.107321441047911,-0.0792170342074107,-0.0651634533729481,0.105432473636564,-0.0878360070527064,-0.11542084583009,-0.110430804719343,-0.0651245622537374,-0.013314974109247,-0.113192728725535,-0.113141659508337,-0.108464788810141,-0.0102943901810873,-0.0062276308574841,-0.0671174990052059,-0.049506062418436,0.0274193271007051,0.0359698856382672,-0.102245877052019,-0.115622346217906,-0.076265391247981,-0.0842886720087172,-0.0594841093462034,-0.00948179141310555,0.103433191933298,-0.0584341967635344,0.0574998181102506,-0.108371246389636,0.00749001731193819,-0.0494424901179476,-0.0596472636476022,-0.217058923184485,-0.130837380156479,-0.212616409055366,-0.148953214924696,-0.0398249049533732,-0.0558463548330664,-0.188187347627744,-0.16312871339467,0.0245620536897935,0.0691510189918988
0.258612542596752,0.257354640130055,-0.129053695065924,0,0.552156351427188,0.0730547658392738,-0.0078380738024171,0.168089505551136,0.0296748372720903,0.378298528375574,0.0538739750313346,-0.0239569505248246,0.25221615937242,0.228846982395184,0.254727299373318,0.143665626764521,0.261281223202896,0.117681382355343,0.149823943721007,-0.0396251707116212,0.224658257402507,0.303699085399343,0.226630689177047,0.272325695660916,0.190850262522053,-0.075313317989771,-0.00912629885499407,0.247475702950837,0.206509431727615,0.165419496885537,0.190296954310446,0.164147393988274,0.435156625173984,0.174268366123824,0.192251380506491,-0.172440230566997,0.0161727689157664,0.559641746314781,0.421477656744107,-0.0392447154112449,-0.00962046971107339,0.263741331927532,0.118705324538218,0.340067382680678,-0.0172188120011406,-0.0496898504451275,0.0554308233329299,-0.0979367337986287,-0.129151989597224,-0.168119523868839,0.291928518285491,-0.0803590722036331,0.475326804542643,0.401222485909684,0.0774380542222737,-0.0100737595172485,-0.254900507931309,-0.112348045529612,-0.163240228666848,-0.220445715161495,-0.257702223084004,-0.126050524191002,-0.223129853371089,-0.203106373241548,-0.110454056034746,0.191307182488538,-0.223790509701426,-0.206859678309989,-0.199213003424481,-0.156344437715112,-0.0524865898949733,-0.223660134232293,0.0536405508019226,-0.230967791225533,-0.287478764752774,-0.185995545600175,0.131027616544202,0.251177080648852,0.346103147919974,0.400441192215875,-0.255498639043813,-0.33220526289458,0.313192085485288,0.099151593876,0.111857275362345,-0.0319983844220446,-0.0469868674850969,0.0038856219312215,-0.226224326746061,-0.276318287152529,0.486189228034864,-0.105678604464835,0.253500324098167,0.31075316764555,-0.0689191884351142,0.133400473412337,0.147748173427497,-0.00259789126347184,-0.156595137961358,-0.26482178197924
0.0231648834423346,0.305977852760015,0.0810733188397717,0.552156351427188,0,0.271243058677622,-0.176021335219115,0.415997901408081,0.437228675461013,0.115603247564318,-0.088173331825096,-0.215347144541646,0.0370677103438116,-0.194672916208124,-0.206078425471945,0.116938925847249,-0.127265452038019,-0.0623063091134954,-0.19270229123485,-0.250725922778942,-0.215269659388797,0.0636751807162379,-0.0585688797946603,-0.157069322477169,-0.00985150719242576,-0.276416532882744,-0.138370799871724,-0.0198682199721283,-0.0196258458321211,-0.0683168785295323,0.183109555298435,0.0504909006891129,0.39124415593401,-0.164150544360282,-0.0462050184216026,-0.107432498969303,-0.0463206715791496,0.261353295760557,0.300557598957741,-0.21143337089773,-0.302371065421428,0.10278455818116,-0.0971601734033346,0.145797564574393,-0.030216384629265,-0.0998039818270622,-0.167771917097419,-0.123499895661159,-0.187991945923142,-0.184525290115709,0.0928389014681022,0.304794147301868,0.556944440150875,0.587752720929253,0.466615980735345,0.296320341551887,0.187466063997426,0.322044725814371,0.149870621977619,0.0553675153190132,0.0739330251603963,0.195879106838415,0.173020625628311,0.0977409444579945,-0.0192033023409745,-0.241301625846954,0.179148839123063,0.128551523510366,0.125234400858526,0.103382059409921,-0.128708977340591,0.116415649834716,-0.177059938672291,0.134523676700543,0.047743204973642,0.169891746060577,0.120880223049812,-0.12595286536071,0.288153812558575,0.116534596460102,0.125570058867041,0.0188219446093125,0.137457939266305,0.0247797336972442,-0.187507028701529,-0.133482800442007,-0.0521779085385165,-0.130039094078708,-0.154258612297766,0.0930119894598583,0.295871050974481,0.0581918333157975,0.326523683903261,0.386527457761717,0.147170854244687,0.116789784501939,-0.020143708771065,-0.187873835703572,-0.0231597030264295,-0.0875189978660866
0.0748425159529082,0.35096150500343,0.551651370460518,0.0730547658392738,0.271243058677622,0,0.0992325713070205,0.370427507710432,0.387980118290338,0.0587704363311072,0.106167229198587,0.0791100695156214,0.0709743025280336,-0.0514596610333205,-0.0706593103272449,0.292865532965393,-0.0265839137362596,0.094287061871908,-0.0478185133519808,-0.0412517287788879,-0.120987993954817,0.0800497684211645,-0.118313945301953,0.0232868674872337,0.0630460663428706,0.182502718813398,-0.190749828482176,-0.174508628550165,0.0277954233984739,-0.146381427636834,-0.0972471667623472,-0.0100024561513706,0.0486076189520125,0.0132976955232198,0.0042338388939783,0.0662918886940887,0.031995667719336,-0.0668343321550415,0.0237814273028563,0.0984124198093606,-0.0109225465452583,-0.0220896763562771,0.0187145560520132,-0.138115322037258,-0.183747791587994,-0.251226974517874,-0.132418276151313,-0.249183417582005,0.247143947899648,0.0392764050477514,0.0544428824483733,0.319154825179534,0.0187404963997676,0.0916134761868366,0.496944341736038,0.614389747133917,0.112846508740668,0.234303329249696,0.0119950751368045,0.0197860045687914,0.0193774044946634,0.065085410572185,0.174418828474997,-0.00491611733090699,-0.0657545987893191,-0.123801033948615,0.0432893126154585,-0.00218347818252357,-0.00111355768908433,-0.0107559091681942,-0.0912224058803234,0.0924698261141286,-0.017498111687874,0.0358748208076419,-0.0272687014067936,0.0857876110149343,0.15773011423769,-0.0422344580461511,-0.116996019567627,-0.0223879225927377,-0.0288437761502162,0.00730805662363808,-0.0724445916462631,0.0614447319014092,-0.105760039482654,0.0225265659090356,-0.0458213132827733,-0.0408098240272525,-0.047097846795278,0.0249587839092485,-0.0677807404918969,0.0131850396655719,-0.0530412604891732,-0.115676288143595,0.0183437800162574,-0.105294549706449,-0.202419855367493,-0.218110117278668,0.1807836665549,0.127856920735927
0.179057552432487,0.143361408430066,0.205064964961259,-0.0078380738024171,-0.176021335219115,0.0992325713070205,0,-0.134466999478832,-0.11731497457307,0.188927301357326,0.239024989708699,0.270608281021704,0.141076533499115,0.284909771870541,0.267623278385154,0.165537539170884,0.269331182818934,0.176572512819429,0.17420193495781,0.227045658279133,0.25338703893099,0.152174871351969,0.112220166295062,0.393268585377995,0.104813988704785,0.275890727354893,0.040377143258915,-0.114301495360534,0.185694602650934,-0.0576100543244962,-0.106892866191221,0.0839951060962458,0.00498444760647263,0.257351273803937,0.17393909745174,0.087376917357737,0.100625755725895,0.0815056658308057,0.0538413627930302,0.399134752241188,0.436153439846273,-0.069951034294342,0.245028735778304,-0.134745496272915,-0.105379874924293,-0.0150167412897407,0.0639631011419725,-0.0851806925915341,0.139514633143962,0.24554248801643,0.165391812950925,-0.0845092903206903,-0.0649706451760205,-0.198235911892017,-0.0857182049146985,-0.0301931694687474,-0.288322521286352,-0.298282889855025,-0.228720289737238,-0.24943041215668,-0.191399537972912,-0.223087307396226,-0.1947376940515,-0.235490833470905,-0.0685878041874553,0.214786050277895,-0.154705609116202,-0.181117575636316,-0.299452122012788,-0.167899365232518,0.103930756115653,-0.177774487452921,0.185223750503756,-0.197714398007799,-0.212964274391799,-0.230254194859949,-0.0111461127482936,0.123497901916929,-0.207193475729031,0.135231508124087,-0.243801465697947,-0.185023963817576,0.0601180833691088,0.0829241402974775,0.15755319824833,0.155868453958094,-0.0588595165294455,-0.00939946828538311,0.0987924606643883,-0.144667703242588,0.016573598635171,-0.218142411938714,-0.150916450153197,-0.226766610948471,-0.0944829444182085,-0.0470145414549229,0.084984426433998,0.138873712321227,-0.00403342788110155,0.059223012437784
-0.0818570156334699,0.351658068686283,0.267284790589645,0.168089505551136,0.415997901408081,0.370427507710432,-0.134466999478832,0,0.510142409820516,-0.154289327725253,-0.157420136985156,-0.109910268899177,-0.123428661341921,-0.244105720626566,-0.298835495892887,0.133872069812211,-0.187175367674944,0.00375975480994077,-0.27327464064581,-0.372248552673614,-0.256186652339,-0.00524891052022895,-0.140915391491325,-0.206537831681468,-0.0203945763680584,-0.0413438123484957,-0.13457507771339,-0.0810599016687186,-0.137079194056436,-0.110268286475135,0.0410017459447294,-0.0662692862855254,0.0897886068105887,-0.202057572186102,-0.0105070029758939,-0.13562298955288,-0.0901790815346007,-0.0314922703103133,0.0556398505455353,-0.31446576045561,-0.337578468183837,-0.0332161948174622,-0.0960231889817978,-0.0826631299980965,-0.0773127600642521,-0.0680784567222267,-0.283218735342511,-0.0829516065537198,-0.204873016434584,-0.2747362065477,-0.142787282013824,0.440683541190004,0.173937484352612,0.320445261514186,0.483848444390687,0.37097494915878,0.461498774887908,0.537962874284558,0.18509643808054,0.153950387237522,0.214961289680512,0.183179271625215,0.275937679492279,0.15185758479375,0.0570416054174997,-0.297256668493092,0.262166244931124,0.186424883358853,0.287556156777758,0.279663732310463,-0.0595550462017246,0.237383936697642,-0.0724923367512634,0.177000775473154,0.157426355397562,0.28990944449373,0.153797381592135,-0.155490624836013,0.0772162312999791,-0.175568868571483,0.257934187471227,0.103052601161695,-0.0160551027205466,0.0288443848299675,-0.170641789256456,-0.132518522819899,-0.0794263167016329,-0.0232441125854602,-0.211872788793957,0.173995551491817,-0.0383330031881726,0.0535676565879564,0.105096296732976,0.157849900094788,0.226067889974262,-0.022414419940337,-0.0846605188221508,-0.167988370266755,-0.0367290384504511,-0.020420508241903
-0.142448417031394,0.270653153955669,0.192510037048186,0.0296748372720903,0.437228675461013,0.387980118290338,-0.11731497457307,0.510142409820516,0,-0.105602344909029,-0.174885606867695,-0.155104306574315,-0.163879441014055,-0.449971975563818,-0.423085591960182,0.0173549085211141,-0.389389741792509,-0.0982321738096361,-0.436946369634366,-0.0983336408126441,-0.352910917698929,-0.221691513066398,-0.302877115232175,-0.304259094115967,-0.00946995035463315,-0.118811707778544,-0.134217846991907,-0.179547081831142,0.0318991579235952,-0.256203211702073,0.109066754835296,0.0131025290348146,0.136382842704824,-0.360541832776749,-0.229595175119033,0.296737800887146,0.152183009193254,-0.0203326663228492,0.134349168196999,-0.183781859569425,-0.337268419040208,-0.0321032977811388,-0.246181296958333,-0.183586206506205,-0.225173818712555,-0.145060407864952,-0.24472306913637,-0.115077115165618,-0.147902077488285,0.00925781887378167,-0.183511497228775,0.453811134772356,0.243922999498291,0.340057829970965,0.567239076978551,0.580730091136289,0.568188790914681,0.664134678357407,0.429663229481223,0.331904778084129,0.420265466301001,0.424773743775931,0.478630758613504,0.335140028376026,0.255853472786743,-0.358787238598794,0.443816064381393,0.424550247531192,0.40786669453562,0.357045428255263,0.0659983768513672,0.38459463797269,-0.291468985074362,0.437743460690998,0.387064873629276,0.467061351253528,0.305051020967271,-0.369178966258263,-0.00164316662386468,-0.12123881220325,0.433153306184579,0.348416695444267,-0.210629227449539,-0.144896912554288,-0.39964484634184,-0.238469337854587,0.0603564540123434,-0.061001729253008,0.112410885101067,0.451349338851839,0.0570006236189398,0.266645736831354,0.303731686435425,0.125630671845555,0.337952595635579,-0.189085112720471,-0.213625254213327,-0.347057529830843,0.150538745167947,0.177429090463872
0.443574911559023,0.100005362450454,0.011606794513981,0.378298528375574,0.115603247564318,0.0587704363311072,0.188927301357326,-0.154289327725253,-0.105602344909029,0,0.296429302370231,0.298315731266966,0.330054294361503,0.406951369222321,0.410672818130891,0.086003448958099,0.407166983001358,0.211265089797233,0.358102148475946,0.172238959375112,0.357179987290671,0.225354843773275,0.205725622659937,0.406461874566812,0.505009617001639,0.101489277060804,-0.11634386979138,0.137993983825971,0.240139654058639,0.0176985901619406,-0.00745046404954962,0.191681935543238,0.13423905674615,0.360525697862781,0.111904129760449,-0.111086163280328,0.0922309565331031,0.236338987341826,0.127086146910043,0.131752142137505,0.208292524694762,0.250797440778081,0.176853601223415,0.306711953616775,0.0630602914251531,-0.0720541432619673,0.0399801397176729,-0.206090705951312,0.11401904885663,-0.0581177474386291,0.342196669293299,-0.214777873649859,0.0462141826363801,-0.0503503939615493,-0.319325191771704,-0.109408780695584,-0.432416086506482,-0.381072997215533,-0.0946380999764654,-0.310689606874855,-0.326952411515795,-0.350951701790716,-0.362011128895503,-0.369844912766732,-0.248631614636139,0.235261489062924,-0.424205203983317,-0.384367958382567,-0.41432102282334,-0.350420222051492,-0.120596508626821,-0.432716871400079,0.10572194015417,-0.4256628741844,-0.400871823258276,-0.278365866947534,0.0268499449857866,0.203185861991335,0.16802968520431,0.308150952218576,-0.439183170708945,-0.343557229418944,0.30952665336549,0.212745218702435,0.129458903494067,0.0829609087272749,-0.104589047234621,-0.0512732008449898,-0.159792901109192,-0.375330114824513,0.162905058465285,-0.0631942963969564,-0.0780767578622107,0.117334701424091,-0.245647874325104,0.240365520213792,0.0471375659128227,0.0170681998534183,-0.131469563515542,-0.262865401880705
0.2347719676716,0.163828645132252,0.241053529723978,0.0538739750313346,-0.088173331825096,0.106167229198587,0.239024989708699,-0.157420136985156,-0.174885606867695,0.296429302370231,0,0.361499832953667,0.413938523149264,0.379654696605063,0.329360914915466,0.246235934930663,0.250938024668319,0.162911243193683,0.368155963994267,0.0770813588933379,0.250311617847476,0.0769170828447609,0.00968555127462647,0.294411095563174,0.104614643615038,0.171161873202717,-0.172214996101873,-0.0161137572781348,0.168074063685275,-0.139882122713976,-0.136786244890736,0.00765879897651802,-0.0371309388238279,0.234865362073326,0.0166815090153862,-0.10772885846736,0.00910906926554802,-0.0782044253339878,-0.0672299705819898,0.190029645307548,0.279358114745715,-0.00712723998657181,0.0762951981289274,0.0832509722885109,-0.03372833397485,-0.230563816559047,-0.0275823855385563,-0.344406046474803,0.238474172424415,0.19337370806657,0.249873182692108,-0.0717395751857946,-0.077952083875927,-0.101705965766835,-0.16899364942692,-0.059201545776554,-0.293995748279547,-0.270757278422003,-0.177225946322918,-0.160551531310442,-0.193837879391017,-0.172539229670372,-0.109530567946035,-0.11795530591449,-0.1804151126588,0.22573281274778,-0.260194925159295,-0.159036606925608,-0.296120584385083,-0.231808305108727,-0.0634824364593461,-0.27756236259063,0.0445186336506432,-0.293279030921695,-0.224083401568271,-0.204768797529991,0.0182701856604991,0.0972980404704254,-0.153503933880658,0.0859080371299092,-0.324074991834534,-0.149353655147026,0.0277866132877266,0.136533523206662,0.0756190744665201,0.0850508008574156,-0.0654796738242589,0.00186355114962398,-0.0386555090109244,-0.229206066573719,-0.0106657171383118,-0.207086426046889,-0.205879338169794,-0.0585986163516902,-0.281764902869532,0.0571428547939456,-0.186655793633145,-0.148297134027565,0.0269550498281627,-0.0281599417518114
0.27653027244508,-0.026976952064656,0.118508140848221,-0.0239569505248246,-0.215347144541646,0.0791100695156214,0.270608281021704,-0.109910268899177,-0.155104306574315,0.298315731266966,0.361499832953667,0,0.342603660763515,0.274279056720496,0.242296434677404,0.259199394603312,0.263107685491001,0.126141923213294,0.270575767224478,0.00577391623638193,0.223196112678809,-0.00280378999067735,-0.124908934886023,0.401174941187306,0.278947485842766,0.363100569396408,-0.277507550091646,-0.173588161057063,-0.0368607403677387,-0.168668721074512,-0.361611980458197,-0.055636150574614,0.0169367566420878,0.214839871721323,-0.105063604350924,-0.0703597476337727,-0.0641319133306966,-0.181711488217124,0.0516596822942066,0.229647047396256,0.162892599240539,0.0222171738121741,0.105860685299594,-0.0310151219959229,-0.238894173777863,-0.202364171404953,-0.258466973423342,-0.209078512136539,0.143055180026367,0.0723764333251466,-0.051562598623575,-0.0635896386946181,-0.169504021773314,-0.240900423203505,-0.172070861182827,-0.144090298746177,-0.21095663032142,-0.218140568755294,-0.0302667155098952,0.11133196709358,0.135715306996306,-0.0512797409193236,-0.0931826415925375,-0.0786195813676702,-0.0263568980069322,0.172542003867765,-0.129602176775323,-0.126484782599384,-0.124373199824613,-0.146138546562696,-0.000419374273030233,-0.103943066328825,0.0408607122654036,-0.166210452455959,0.0303986294237103,0.0889193139070799,-0.085964200193776,-0.0609255459299518,-0.251504988458974,-0.0577732488574793,-0.085807907473797,-0.043014680768755,-0.104411390857604,0.0546643947383292,-0.0751682716205672,-0.0581901341274731,0.0460028976990846,-0.0680686893972927,0.0047151079918131,-0.0741448354787898,-0.192383580227568,-0.0765088088674668,-0.198028510020131,-0.0345787732034932,-0.160470947524437,0.0586152864181659,-0.225344247151881,-0.0879277006377705,0.0542250001009336,0.0452241157731105
0.122784914469984,0.183217385070619,0.0528036233066119,0.25221615937242,0.0370677103438116,0.0709743025280336,0.141076533499115,-0.123428661341921,-0.163879441014055,0.330054294361503,0.413938523149264,0.342603660763515,0,0.599510050916592,0.521353369389541,0.289973153384273,0.455471646110236,0.338161793507247,0.457224387244025,0.181183815781378,0.42379683110845,0.338339151898521,0.223806366435405,0.458046583105056,0.0219976889559387,0.207484222748394,-0.192288135137968,0.293255639369057,0.324454228681455,0.175928002173804,-0.258324878230905,-0.119086236826128,0.0140220401565404,0.449122263145764,0.0717619820180628,-0.086920072082493,0.050859854088583,-0.0856687331304801,0.0647894513973339,0.191358464568148,0.230167680752439,-0.0380981868730566,0.165775874200257,0.162075492551297,0.0786461824450206,-0.155316950609668,0.0207165220009387,-0.269636423792834,0.219938443464599,-0.0559712131693261,0.344816714498307,-0.103182772055537,-0.00670696088841245,-0.0476805842890974,-0.217458560828081,-0.0954040181902015,-0.405632894881073,-0.328355972826761,-0.371178147240391,-0.349243734135084,-0.317287556558518,-0.194850945589636,-0.255236107598669,-0.138547028027714,-0.191402971581194,0.436357103304244,-0.452216979507952,-0.279280160117028,-0.360917706402609,-0.245851788661065,-0.0446447628265907,-0.355004192497643,0.168147671207178,-0.438737919811229,-0.332513186543409,-0.336284890967817,0.197558926867765,0.37313998312996,-0.0371207714032905,0.00847286092258324,-0.407791016952074,-0.310520876872375,0.114945156250288,0.190430742275532,0.181595067519412,0.0540723650935265,-0.0693164852199317,-0.0462954359190621,-0.0689579444559154,-0.434613216139299,-0.0289704898313343,-0.366667084702123,-0.262299653336973,-0.0357701404268921,-0.423146099158316,0.144469956604449,-0.125767956132548,-0.0444571211608581,-0.110747354160036,-0.181846905870499
0.227098316133927,0.130831123002622,-0.00912460148925953,0.228846982395184,-0.194672916208124,-0.0514596610333205,0.284909771870541,-0.244105720626566,-0.449971975563818,0.406951369222321,0.379654696605063,0.274279056720496,0.599510050916592,0,0.793238895971372,0.185861565022226,0.672133056537804,0.474707206770778,0.71350471294776,0.312639055236066,0.718776565908358,0.429898858812724,0.536512999228003,0.570250656509979,-0.011481404983161,0.264889354661576,0.0616792013059188,0.359653318985516,0.406245840852618,0.317724868046575,-0.304141470033569,-0.0971786179840682,-0.127790873040812,0.656881191752527,0.279623630125992,-0.142661433399105,0.0285480887522595,0.0207548516512461,-0.0855671393556849,0.21611318385964,0.451138354724519,-0.04856218226659,0.291338252111037,0.19791016414157,0.190832875225265,0.044782573557901,0.305043133783595,-0.100884767346687,0.224994527780107,-0.06355118608388,0.395686092213868,-0.40026831185554,-0.132315716406164,-0.247735504711178,-0.45777752653591,-0.26307436617923,-0.662588447419952,-0.610293672876346,-0.650206761635016,-0.569011561850312,-0.577591757475013,-0.541747449184701,-0.487654186402188,-0.368257986532522,-0.252904725794885,0.655799190394556,-0.62317124991034,-0.52285363649515,-0.549987201733068,-0.296986524260948,0.102754603546829,-0.564503141934371,0.498177013066085,-0.63577908169657,-0.601671673012347,-0.651977401500467,0.0880522212285838,0.618282905345182,-0.116909459695776,0.0745687313943248,-0.616318928358367,-0.494125507861536,0.301042759003796,0.27804639380987,0.490747802179041,0.321816539325209,-0.128211238184981,0.0812868244753558,-0.0776139599589785,-0.612570634848377,-0.0172615578356184,-0.488858748018982,-0.387547172809444,-0.260573081841213,-0.477329674978947,0.192739407631666,0.185884158886014,0.284908098084923,-0.21264630219307,-0.30177269194555
0.233020920220311,0.111099616170159,-0.0314021185361534,0.254727299373318,-0.206078425471945,-0.0706593103272449,0.267623278385154,-0.298835495892887,-0.423085591960182,0.410672818130891,0.329360914915466,0.242296434677404,0.521353369389541,0.793238895971372,0,0.132528429956419,0.625211997730974,0.47428218298096,0.583567519770036,0.381001599391535,0.751622655803555,0.416802073030924,0.584018751226254,0.617663093635217,0.0358641475640513,0.281390624446212,0.148461887343565,0.396627096522314,0.479250428920839,0.343960151576936,-0.270415933093407,-0.0283808668787306,-0.0963382850750501,0.600276227617775,0.336072735744912,0.00662451750905975,0.178947809403642,0.0718546691069672,-0.0557883386477251,0.202184544476865,0.429947242566589,-0.0243518544246925,0.293364537999205,0.193040555191198,0.147541197914223,0.0964371562178746,0.306424801039435,-0.0589475051856742,0.121651222880967,-0.0329509107603116,0.361512772531858,-0.438389739415706,-0.108411635410996,-0.255870855685444,-0.449635882790695,-0.251129989909543,-0.687839024185566,-0.619246786448149,-0.604186261377729,-0.564527550514514,-0.558398792905695,-0.553606468754489,-0.496674989424454,-0.385205309075683,-0.102097407833546,0.81990457453525,-0.638143706044308,-0.558405842539576,-0.519982566981574,-0.257534467218844,0.268804848864094,-0.618380272850409,0.578833386082387,-0.653940282639722,-0.569429048884009,-0.628450966817404,0.230288276194223,0.614991591421028,-0.119533387784659,0.166986833936438,-0.626094533286308,-0.53128369429287,0.302377215321572,0.180605190386787,0.519975121918501,0.331827636662414,0.00310329720987447,0.117125758797645,-0.0371384225213294,-0.623124719081303,-0.00261642496906444,-0.424354222345281,-0.401220475880618,-0.275951616902502,-0.482233021543731,0.123640742886366,0.214946459397938,0.298101255986972,-0.255085573712507,-0.266519648893425
0.274352177612827,0.375695067140644,0.388642395743446,0.143665626764521,0.116938925847249,0.292865532965393,0.165537539170884,0.133872069812211,0.0173549085211141,0.086003448958099,0.246235934930663,0.259199394603312,0.289973153384273,0.185861565022226,0.132528429956419,0,0.228829719204278,0.334750522032337,0.193572339088501,0.0222561766668081,0.194939194800638,0.142323366750017,-0.0489002184106324,0.287592841846404,-0.045866039134315,0.148510747691883,-0.331250662687815,-0.0969512714605272,0.104909583536824,-0.157490947927643,-0.252191714779214,-0.0501610325335163,0.28062847768861,0.219279381364991,0.106169256368382,-0.0706663033296495,0.045433803969075,-0.231584140745335,0.103142453365931,0.111010547376374,0.0655721325989299,-0.191560239670065,-0.0136850334111458,-0.170062209630113,-0.180452854504719,-0.386796936076109,-0.24703455372109,-0.320069990098321,0.243134426242069,0.0428382962225263,0.260039701938506,0.169156282890226,0.234212705957479,-0.0188331386950762,0.0342316131927139,0.208574236547342,-0.112456127077264,-0.0648002470720757,-0.155787439304252,-0.0614969450939359,-0.116382943176786,-0.0215422841450161,-0.0553645061908328,-0.0683402147158474,-0.0803978765545875,0.0595635600324242,-0.0505783993368548,0.0556729048605083,-0.0160956497839109,0.00527871482303102,0.0210800436126396,-0.00676097302539518,0.0421149515457528,-0.169505663320811,-0.0604363936104904,-0.0156503871877278,0.202278684403554,-0.0132700793434029,-0.168227860822842,-0.0529607965833762,-0.0700764096914576,-0.118778199612556,-0.11585569724298,0.054762524472898,-0.14138002685368,-0.110632787613746,0.0159511997357895,-0.106313097350477,-0.0329027490918272,-0.0987964151123929,-0.0283446197951666,-0.196525140135078,-0.144043419649567,-0.067461149789274,-0.174954577819752,-0.0872858797581699,-0.304570534593628,-0.184649595555825,0.100279212180637,0.0324644924701282
0.252369143353108,0.0993157504506961,-0.0128452356674846,0.261281223202896,-0.127265452038019,-0.0265839137362596,0.269331182818934,-0.187175367674944,-0.389389741792509,0.407166983001358,0.250938024668319,0.263107685491001,0.455471646110236,0.672133056537804,0.625211997730974,0.228829719204278,0,0.554621968480176,0.585103839053138,0.300142324816138,0.658750318179439,0.524377389392483,0.518020802914594,0.589775383740476,0.127818523027432,0.221252752495208,-0.0020653283841955,0.287472311030851,0.321742984804047,0.174583988519747,-0.216966484236254,-0.0365529770765201,-0.0216159177356131,0.689791158384048,0.298038921245749,-0.185720698971907,0.0112817042317036,0.0970588092555637,-0.079818909984049,0.0837702545242335,0.397431423327564,-0.0137456417545517,0.300693991654879,0.201882462203444,0.135020576953123,-0.000120400782439641,0.17916341475306,-0.0446726184575164,0.18056295856082,-0.072313378068693,0.393913885636041,-0.340256813960042,-0.0165933682057814,-0.159698787532286,-0.414394741983655,-0.236617983675898,-0.602637314387747,-0.566044782881136,-0.585445980833125,-0.584701018865293,-0.56633054413227,-0.546959696759512,-0.550445532905969,-0.469814650452041,-0.285830420040058,0.522419509455282,-0.510468702551652,-0.484708183753914,-0.451207281583115,-0.166858052697679,0.141169844665203,-0.49477170005777,0.544010254854569,-0.644204419598407,-0.529384182080119,-0.584319232365883,0.0882411135205564,0.47418389261148,-0.019840823336415,0.130635514308723,-0.496520227636343,-0.482743459811707,0.326851973796413,0.288805072482274,0.462552126988406,0.292821030868602,-0.0884060445445348,0.0667861865526413,-0.0547684909997683,-0.546433818168465,0.03240091011947,-0.375167013561341,-0.388144294496976,-0.128068595703049,-0.412821227590407,0.196958612070489,0.220878793406509,0.353731326088063,-0.221788789701122,-0.242887568221907
0.14760419106682,0.205945045933087,0.0447239456171421,0.117681382355343,-0.0623063091134954,0.094287061871908,0.176572512819429,0.00375975480994077,-0.0982321738096361,0.211265089797233,0.162911243193683,0.126141923213294,0.338161793507247,0.474707206770778,0.47428218298096,0.334750522032337,0.554621968480176,0,0.456054894553906,0.42105931912169,0.548233892660255,0.409071909217132,0.439816488480607,0.376417821191756,-0.124336894149551,0.111781133425615,0.0161926376752428,0.292650111600053,0.385695841899698,0.145961533315802,-0.32524144200046,-0.181874613409298,-0.0655967604423828,0.664728047920602,0.227469606212569,0.0862636674059312,0.234617260687452,-0.0644163635261499,-0.161408577084964,-0.0194627312351534,0.330702245768705,-0.227773790864259,0.055323226212992,0.0823866911190395,0.0597689585462909,-0.0177152577356173,0.18244679925696,0.0431790108866515,0.204987011531771,-0.0480038326554168,0.218530672358083,-0.221571508517245,-0.0130409238609869,-0.255745563143032,-0.281653447835173,-0.0282752771459351,-0.377835033455421,-0.337732251089965,-0.492523432857763,-0.397032607102038,-0.421348872132869,-0.373908147260503,-0.360451733200963,-0.301532806166691,-0.124422045336167,0.450045984415866,-0.327786926230252,-0.304698295648368,-0.190750886506482,0.183878512701499,0.208351419084114,-0.343756037122201,0.52343255819353,-0.49032644931743,-0.399557281016731,-0.450593766879505,0.299330930053041,0.348077313285542,-0.144801922248423,-0.0893861788623453,-0.272286854490841,-0.281911891229649,0.185954471297332,0.220584336969675,0.386594110384417,0.332665016484742,0.13274754517055,0.0973229161926624,0.122964267002617,-0.363822991788332,-0.111588285527502,-0.388006505805035,-0.393564006305892,-0.201534055213702,-0.40519133841397,0.0500535844954474,0.100648323806504,0.315592094851967,-0.0222522118809858,-0.116072620315769
0.216523830458902,0.078684667582171,-0.0135479054315159,0.149823943721007,-0.19270229123485,-0.0478185133519808,0.17420193495781,-0.27327464064581,-0.436946369634366,0.358102148475946,0.368155963994267,0.270575767224478,0.457224387244025,0.71350471294776,0.583567519770036,0.193572339088501,0.585103839053138,0.456054894553906,0,0.319972499701793,0.638616372582864,0.320190730812896,0.40640711293531,0.507768809540252,-0.0200006475789911,0.180733768707883,0.0315245021444197,0.291205746131115,0.328477092069052,0.248327637435053,-0.300338182836535,-0.118918832364515,-0.100657893684716,0.591625519499724,0.117684564816815,-0.0633071680781185,-0.00555613309324487,-0.0123577063387304,-0.0619235565936573,0.207410273444251,0.375859246010487,-0.111894349644921,0.146858692469449,0.153622587672865,0.0994093186150103,-0.0214695106901296,0.217301306842495,-0.110131564727533,0.239057227315614,-0.0190052780685736,0.338106432252131,-0.332359109328982,-0.0705127916099207,-0.257121398094538,-0.406281912168067,-0.233566157760467,-0.53368578179091,-0.523636319912331,-0.532656213014899,-0.430433453921858,-0.485021077019717,-0.434642449332495,-0.422308199288203,-0.261853362992007,-0.167440551959527,0.483877213412039,-0.46368614254614,-0.40328283733881,-0.398870652327361,-0.196761440500067,0.115995078746203,-0.443267845464275,0.397703889795043,-0.518797573478314,-0.427198151985125,-0.516576633919513,0.045729866817017,0.471894244431984,-0.0594220931428109,0.0541936648978749,-0.475935841897388,-0.410518934522387,0.209671352058738,0.206961847550012,0.346050702963056,0.253968355160277,-0.017336089427174,0.0498440849605293,0.00469277156920545,-0.469977643974615,-0.00529303674924999,-0.387889841554695,-0.281834429998566,-0.162955760087848,-0.486187237321453,0.146954786204367,0.096245908929905,0.197605125456294,-0.0930890037719558,-0.215726697921031
0.133618408548029,-0.0227882105094289,-0.118153274060191,-0.0396251707116212,-0.250725922778942,-0.0412517287788879,0.227045658279133,-0.372248552673614,-0.0983336408126441,0.172238959375112,0.0770813588933379,0.00577391623638193,0.181183815781378,0.312639055236066,0.381001599391535,0.0222561766668081,0.300142324816138,0.42105931912169,0.319972499701793,0,0.488055922590962,0.0680702165798766,0.326832434191077,0.242192206072281,-0.0844176348844188,-0.019981543644445,0.115261557844075,0.154802454364746,0.579785397366067,0.0635887241389843,-0.0773780044982063,-0.0350699382189835,0.00905908227256267,0.412102127847076,0.0280949511832637,0.565516096129682,0.345975451072092,0.0378127095797973,0.0288174673880742,0.376605771123503,0.589358681025358,-0.150617376285676,0.0635862384132821,0.0742855843495375,0.030899883620246,0.0975652014854281,0.327915428941531,0.0845464995964257,0.374384618432205,0.470146249054169,0.127956244087016,-0.315063235535968,-0.110283299050527,-0.230725937546892,-0.333739594526977,-0.0242994890994954,-0.366445444040722,-0.328533371441884,-0.292225683755995,-0.278145650644851,-0.330226182605405,-0.236004632090818,-0.259601300441297,-0.146936419842373,0.0792739603114831,0.430778879237279,-0.172419482710414,-0.215058510764339,-0.225051812083004,-0.0294531981717487,0.385681623186338,-0.167362122795947,0.269013046003901,-0.222073209747433,-0.256838441390885,-0.401004266862617,0.282255192806966,0.232528699914804,-0.12318632074875,0.0688888905909599,-0.248500380319184,-0.0792674946774405,0.0441057680115684,0.0961078271622579,0.231124206697483,0.293852239264719,0.169768580920383,0.012548700670548,0.485198567860086,-0.0907888893557744,0.0593855876417541,-0.105907934736318,-0.16010507476549,-0.25165350149515,-0.222106293920472,-0.00413338220856299,0.164927933765668,0.305825496834643,0.162037971608682,0.173967076923805
0.207180902554838,0.0711072856023692,-0.0769935972035688,0.224658257402507,-0.215269659388797,-0.120987993954817,0.25338703893099,-0.256186652339,-0.352910917698929,0.357179987290671,0.250311617847476,0.223196112678809,0.42379683110845,0.718776565908358,0.751622655803555,0.194939194800638,0.658750318179439,0.548233892660255,0.638616372582864,0.488055922590962,0,0.375219277100565,0.636588029398519,0.617614634990416,0.0269971321761644,0.242023923863626,0.154172198675245,0.365075432987939,0.547325582625739,0.295044637793966,-0.262283531148251,-0.0733680431259922,-0.0395906989384426,0.614042779822223,0.195671931451701,0.104653930012007,0.0407404618411298,0.024885496288008,-0.0359440151638274,0.226004935242065,0.443211584370485,-0.0872996315006334,0.238225485543239,0.122872436764873,0.126213914933537,0.137330698813867,0.276310781079689,0.0199987311350537,0.093881695664742,-0.00656668117186936,0.376144561634731,-0.395439829751961,-0.0500866359364167,-0.22157599479516,-0.457319209475064,-0.230767482374905,-0.618160809043266,-0.540241938889965,-0.579164351084966,-0.547444369707583,-0.552444428197575,-0.53042023389307,-0.535675550842227,-0.389419774941927,-0.0227395081386555,0.718357122373278,-0.52511669147214,-0.479159775008439,-0.457300336991723,-0.170389727690525,0.435685440028769,-0.524078068288413,0.593770567089553,-0.598692629057774,-0.470636907012905,-0.572543989378159,0.294678292543056,0.546077983295332,-0.0835364172141047,0.117390558937013,-0.475639013570876,-0.502256842027138,0.24738478427108,0.141838556802575,0.482898117462906,0.267534462558919,-0.0771262677227554,0.0938193197090666,0.0392785831571297,-0.510730923673403,0.0527945634129438,-0.387286256359022,-0.338665250031149,-0.227251120225411,-0.435458388669817,0.118082353221603,0.252269231135422,0.383277806843259,-0.250524199246246,-0.294319795413516
