0,0.0256753002405707,0.0924102289857341,-0.0804052890552735,-0.141339539384042,-0.0983842435286315,0.102641355738556,-0.209757911468893,-0.36682300878868,-0.0872732011378099,-0.124250641691699,-0.175504470009337,-0.00348763778846756,-0.0890182753394653,-0.0021754853537982,0.374253818193191,-0.20531010293495,-0.34421092630932,-0.179848750213366,-0.210240247160007,-0.183638859664417,-0.165359559348222,-0.160014295373458,-0.142361578156754,0.219045056750185,0.142273355763171,-0.217856715072224,0.0572174429220526,-0.0490723186978168,-0.126391962512458,0.10742589505388,0.305424916445802,0.164087132834071,-0.158091101117663,-0.0750328496475701,-0.373617772016239,-0.14945581708442,0.288416209636992,-0.0670957655839396,0.0368294954636539,-0.0683679511912533,-0.0935311755052085,-0.105220589464457,-0.0618628209931987,-0.10823792476222,-0.208435713564448,-0.142305582721927,-0.0287824046118953,0.0507212550944789,-0.11271754877816,0.661424514603133,0.0332597325311999,0.0118840916409542,-0.117383210004691,-0.125807942334981,-0.0429494934728544,-0.228544345787802,-0.349903216988976,-0.0794555891770839,-0.0906039541438815,-0.183109747721422,0.00977536522489643,-0.0795846420225664,-0.11872335834852,-0.141013481245675,-0.0617691265168392,0.0220761050743749,-0.205908201021479,-0.17912026929278,-0.270867119722533,-0.154117150950864,-0.23361101838837,-0.205131977426865,-0.285359178319805,-0.369924770796978,-0.0471666657913314,-0.0205322305220101,-0.184707744461192,-0.0778439385489426,0.300423344865401,-0.0776656758394767,-0.0745826008434026,-0.0493531623675258,-0.0896739890743619,-0.283516032591895,-0.170283028710574,-0.151381250568224,-0.239977674759016,-0.335113747270233,-0.259626985758555,0.358804225881784,-0.0650777779463838,-0.149322849329541,-0.220863590471998,-0.180523561323212,-0.157586907407358,-0.184273696026545,-0.104669430823611,0.0398333798692013,-0.0877327281075636
0.0256753002405707,0,0.496244241867442,0.635203545371945,0.664187265681374,0.239229365536556,0.348551968185129,0.631329134918448,0.290608797108772,-0.272186584351544,0.0228587912250886,-0.0553031159576619,-0.113585411001893,0.0244462157293807,0.0279069455230372,0.407591238894097,-0.0518324536776316,0.246804326873037,0.0701190092453424,0.0698086703854204,0.205093586009577,-0.165779958248501,0.106316366117311,-0.242335187717827,-0.124544907472695,-0.118777620547288,-0.107351536066001,-0.215623128453935,-0.10805645170401,-0.126930265783087,-0.0753088568687735,0.153859353778494,0.2133813704378,-0.176919259960765,-0.180071707504506,-0.00680504236914441,-0.257779202415593,-0.185708816524177,-0.249629318059911,-0.278610948976784,-0.216338210440584,-0.349963566477038,-0.287056368325734,-0.245724959751664,-0.0186063544992879,-0.111327420276227,-0.0824358729120673,0.0634900205404087,0.10089207944761,-0.179675280471956,0.13564578006046,0.72293127680447,0.533827703467268,0.589994538400192,0.379452861338251,0.257743250248707,0.61064999327608,0.448612576123888,-0.404049248140382,-0.0959589145571017,-0.154543718394531,-0.112359177360223,-0.0056736554919462,0.0494904049948376,0.153206868447049,0.0219389012697436,-0.0908913899981353,0.0250359946568194,-0.037186287712607,0.176452248572477,0.179879161250213,-0.243141425266333,0.0469976264055776,-0.233109402574712,-0.0263677088983332,-0.228063877734586,0.00616363326318887,-0.0680635673938221,0.078399428376018,0.158540496570091,-0.230089101272731,-0.191197844427788,-0.151855519523895,-0.177121194957138,-0.101661598100773,-0.142163690403581,-0.196337259081748,-0.186778883285343,0.0223615443697629,-0.310744004775743,-0.0108475093129868,-0.3282861529687,-0.353280304403265,-0.337725322808878,-0.374767673698587,-0.166698250012553,-0.0219553313991055,0.0306090342728392,0.119722259389408,-0.0886425025446853
0.0924102289857341,0.496244241867442,0,0.0544258961804057,0.460474311623149,0.601272319269652,0.236054002051573,0.622852824679514,0.448518026563666,-0.173731689023789,-0.0280375291403941,0.0424844121633914,0.0254661463715438,-0.1356998586596,-0.0995085409450437,0.364193204241786,0.0717798401031047,0.285861540882244,0.0302696079969893,0.0701413554241866,0.155873691115935,-0.0158600855733409,-0.0271537690427116,0.129337376179217,0.017171623824873,0.181959210741137,-0.116918752282924,-0.102348328981232,0.19219185318238,-0.25750408821306,-0.0906780730649232,-0.0939343074640329,-0.0940896958965963,0.0476085991237664,-0.0735367851827768,0.0770681852371117,-0.0392218272769475,-0.105084880141781,-0.17334760258871,-0.0225527883561178,-0.0974377016903291,-0.0315749175064858,-0.0953090028224023,-0.143837609568893,-0.0567790290946386,-0.302146850092072,-0.33930444863185,-0.201544787536921,0.355095535439409,-0.104552985821594,0.0363858407650246,0.723418115584414,0.180816397381034,0.0652517955180666,0.555259845844736,0.586215681537294,0.460395501558519,0.50793385737676,-0.176606992137484,0.081222368121894,-0.07408881067083,0.0381452857740403,-0.0715244716484671,-0.00420368770526149,0.00319464202287632,-0.0809323507984476,-0.178124468302011,0.109720779253864,0.12581864217316,0.241627928580177,0.195487255361752,-0.089229060837083,-0.0556310243515002,-0.154171860981452,0.150392714377024,0.109613292013217,0.189317598932044,-0.191944969396753,-0.0447872689743425,-0.0872033534067053,0.0482692277317049,-0.0960218270280643,-0.0769139851772856,-0.0344132468255443,-0.0844619118762138,-0.347640586246931,-0.0857138073438102,-0.278025280871753,0.104535575695471,-0.123719165329733,-0.21225763536283,-0.212691579288682,-0.235633444190456,-0.0222126650245591,-0.182702666307413,-0.222842833604055,-0.229662519548514,-0.168337855270478,0.294908553655628,-0.0414778981917231
-0.0804052890552735,0.635203545371945,0.0544258961804057,0,0.626194919540687,0.065225870336987,0.261473462762189,0.322715913443148,0.181529114774597,-0.253035506695411,0.0643715742342585,-0.0319852825476952,0.0148482995779787,0.306888637198107,0.308045862503883,0.0513279613346257,-0.0218694888168687,0.218461109851497,0.167947191093447,0.155804129293385,0.245114973985336,-0.120928108494241,0.347875043016454,-0.358188504137105,-0.232287628336633,-0.163095044831866,0.118218196444994,-0.0541759925549235,-0.0876564660128674,0.198621681642293,-0.0771699280533179,0.33676254955572,0.407112736291503,-0.072477163009785,0.0213327112723773,-0.02592428534572,-0.217654495109043,-0.236856241913384,-0.0964837202526807,-0.290600181921155,-0.160728328186465,-0.341550165733385,-0.131681091367974,-0.224099779583371,0.151374999441433,0.224799907149381,0.250137853536645,0.417452992757828,0.00120221407456274,-0.106997878025797,0.0957315356754351,0.347816799571823,0.560104493223277,0.873358734549669,0.16453753205753,0.0505386699358885,0.528978003387077,0.299202215920067,-0.413218823663453,-0.0860252321155955,-0.134257688977021,-0.0662599068380553,0.295861945679773,0.236980577008145,0.400791145851387,0.290346582613002,-0.00406329079022726,0.0447191537109414,0.0741143161398434,0.193889734557427,0.177992781592491,-0.0971511861566201,0.354479916219733,-0.168803259199232,-0.128944604748267,-0.299874461818467,0.0484050756401225,0.240372708348209,0.101697165630531,0.3244890571447,-0.110466132629101,-0.0602156781476014,-0.0392013289567264,-0.0413830059085194,0.0972992433155221,0.190910424284366,-0.0670141544853198,0.0820395864123259,0.0868294730378728,-0.283453869398577,0.139542036056204,-0.319637959355724,-0.182241706152138,-0.396467970233013,-0.25828211956359,-0.0776124705166346,0.334249443354505,0.355911276460237,0.0412226898485108,-0.0190761573781496
-0.141339539384042,0.664187265681374,0.460474311623149,0.626194919540687,0,0.512611591107475,0.0979967939819473,0.606295443229524,0.55801686315313,-0.2222650121856,0.0695701236186304,0.0690696751855744,0.164326886353835,0.145503435779332,0.129727788154192,0.0764671182504563,0.113525544491738,0.272418571452924,0.190595968456135,0.153026395760523,0.281256930782432,-0.008939716810645,0.192891244554294,-0.167200582129226,-0.264766952921185,-0.0782406706924344,-0.0138664130333005,-0.110609979074235,0.0180632682430927,-0.0161981436479432,-0.0739101063681885,0.0110267693373601,0.160834404858257,-0.0329481780138374,-0.0727848326869623,0.0686444002846366,-0.227087235897599,-0.276695192710611,-0.222154360188912,-0.376958307804286,-0.170818869029254,-0.379016858278467,-0.191339930745524,-0.229637042419863,0.0708063437555268,-0.0554566848398659,-0.00739436730875133,0.117248788285695,0.199937875896711,-0.104259485163169,-0.0273744654343061,0.617384493827822,0.379288775615452,0.68444131843674,0.663975190216964,0.440686113012538,0.558117267439149,0.658724408337327,-0.307212780890159,0.0532836802233805,-0.0669481751305572,0.0881769683186514,0.199906036224444,0.199635253368629,0.270333566064597,0.134752958578236,-0.162675914906451,0.136269319351669,0.114714669786864,0.270426598428422,0.249358942431262,-0.142394398289483,0.158575786252012,-0.259507050690199,0.0654428443338397,-0.198078789788903,0.0832641468295907,0.0583402588722131,0.185660542704443,0.0540878787161076,-0.105407242839095,-0.0539189940642196,-0.114768437609616,-0.0979404352825804,-0.0115535169089034,-0.0864534622023359,-0.122621924922317,-0.130723017626174,0.120955917307849,-0.26275791074438,-0.0612787767329516,-0.357721652784268,-0.316271294870509,-0.315011687160997,-0.353577467416466,-0.201337848096261,0.000906420011985637,0.11717896579258,0.215545912706753,-0.0226715987790371
-0.0983842435286315,0.239229365536556,0.601272319269652,0.065225870336987,0.512611591107475,0,0.195792373239361,0.54248273197616,0.747312513391622,0.0133077181648034,0.162727405287087,0.248132396786561,0.157983077466822,-0.0567655439993347,-0.0463644126784964,-0.00507759896589448,0.0868885849104052,0.254904854291139,0.0884333278821491,0.218234028186892,0.188741830544218,0.0421754867858173,0.00193987671886346,0.124960696251707,-0.0353433098829073,0.172320778480514,-0.0433495919745627,-0.115090934224489,0.170749689321133,-0.19558453105464,-0.0843197738281005,-0.13293884025383,-0.158386402818415,0.0578852664889746,-0.047858244283919,0.31784522764808,-0.0439435096696742,-0.112540801186832,-0.0215151579091659,0.0145865974268878,-0.0274539016710399,0.0242345008408727,0.012741636582712,-0.185166616983331,0.0659339463516334,-0.270923002469356,-0.289373163628472,-0.159489151488941,0.56083484825209,0.0477800124772846,-0.161318267310962,0.407026992428309,0.078499125483637,0.11268754669649,0.731822040863222,0.790818855905535,0.308562937460119,0.651066475409217,0.00872525704463195,0.209749828862045,0.0772355278821542,0.126638758783256,0.0648855933412449,0.0879762302897238,0.08906362528446,0.0030444210387296,-0.087881434339592,0.101907394653174,0.127063014824789,0.244239957959035,0.250556359423995,-0.0457286424702671,-0.00987265289323248,-0.0554491944173009,0.193740070531128,0.112810085498243,0.169160343713901,-0.110262708904253,0.155813310908268,-0.111573327880388,0.0428645665514428,-0.00207812698051752,-0.0790778356011583,-0.0287571915565118,-0.0069059371557007,-0.303755928687819,0.0116955094127842,-0.215233836681983,0.298639302613864,-0.102837467302966,-0.236811706320163,-0.125383581648457,-0.0547041865646296,-0.0451890219474172,-0.134305718663442,-0.17462921644431,-0.193546853475704,-0.100815030581117,0.473429625413762,0.136487025413905
0.102641355738556,0.348551968185129,0.236054002051573,0.261473462762189,0.0979967939819473,0.195792373239361,0,0.336417714019582,0.139949069787088,0.0145195389769522,0.0488969278364975,-0.0447703432495765,-0.208128537228224,-0.117872643401193,-0.134524283926445,0.418955162603316,-0.209333709455561,0.143859934790566,-0.107887554532676,0.170001085689167,0.00798107269554059,-0.155642121515614,-0.0154311506963032,-0.0678991706067439,0.130160547793709,-0.0649657390160833,-0.0156756917187197,-0.171814401619971,-0.0348175637714034,-0.216957831086289,-0.0242144007146215,0.239295172673105,0.0034539757377483,-0.159565108371998,-0.0434585457134032,0.0536292446263061,-0.111320460854686,0.0772377700033847,0.0414828683407366,0.316286406498499,-0.0305980895067003,0.0942771038637348,-0.0987902832420141,-0.198038625001252,0.0996952388894958,-0.153075617166402,-0.193564825323518,0.0177893531760489,0.27392736485764,-0.112962064158836,0.0761368916848493,0.334010209108094,0.617675771411713,0.198783389198618,0.0719769469977989,0.248461200883095,0.331064242487285,0.196822040906812,-0.0963266591704745,-0.16633907429262,-0.128093214503539,-0.179311758830194,-0.15602980669897,-0.0823694601344517,-0.0103749955623854,-0.147683263277306,0.210922904652684,-0.13254437225356,-0.0652428736762138,0.033936975922682,0.0360140283070306,-0.081897019542566,0.00372230242041192,0.195194882535743,-0.131624928561163,-0.0972346732188369,0.0329726409049443,-0.143787721816156,0.0695365388836278,0.180579348608308,-0.0796911745313918,-0.197286719874117,0.0695912364357263,-0.00540817016184679,0.0449872746713182,-0.165866564050983,-0.045938051156138,-0.114515385737001,0.154868183079698,-0.139505848611279,-0.0757932832517526,0.100337752863044,0.0691915757249701,-0.157068541896946,-0.0338335191341972,-0.091030311441133,-0.0267613409416856,0.00976636605597962,0.277213193173186,-0.0511064493464652
-0.209757911468893,0.631329134918448,0.622852824679514,0.322715913443148,0.606295443229524,0.54248273197616,0.336417714019582,0,0.623044726023771,-0.206872097284222,0.0456774206465211,0.0878989257244073,-0.0189270848501616,-0.0682244838772051,-0.103962406013985,0.289071458797848,0.103542750304076,0.509416719900924,0.162970782457196,0.260842535513523,0.359540885068001,0.0114872648560615,0.0157237958588729,-0.046155345829269,-0.21222112601411,-0.0189515995056218,-0.0429823218898871,-0.185899128843085,0.0588247819644792,-0.259112603678058,-0.15753674960051,-0.25507958109608,-0.236145913708675,0.00234263830166356,-0.0931368369650119,0.197384543368383,-0.13775781501977,-0.282293378561994,-0.227191466147603,-0.198429075758376,-0.103914232307633,-0.142358473334143,-0.122974181563124,-0.13975553199176,0.0359332174970271,-0.247994491578414,-0.218335958812385,-0.186783905403939,0.270155357489175,-0.0447099573320644,-0.253235320241495,0.718772759908613,0.336943219536919,0.332436864516541,0.590441744431924,0.523221184004548,0.67959651836814,0.741180475736584,-0.276352834592449,0.0407788875451073,-0.0509735110072753,-0.00517255834039349,-0.0736881654063962,0.0159549029354552,0.0883411647435672,-0.0735787083025891,-0.172428719019647,0.166120767519802,0.116936940209873,0.424653908334014,0.337685498851208,-0.0923948413211621,-0.0100294725091603,-0.145378995961672,0.191178270509749,-0.101939819605623,0.109351003507128,-0.19237268035354,0.122300264806622,-0.225480163536794,-0.135481548936093,-0.147999091785604,-0.0587960626555006,-0.0435009564569384,0.0429546656477558,-0.213198668192482,-0.0947613039071055,-0.206487671036902,0.216441606540227,-0.171618214864275,-0.335701483192532,-0.28611668345422,-0.245097187938444,-0.152236116498612,-0.276505249059653,-0.0526961621395159,-0.164616754352983,-0.133050405793244,0.237774684839447,0.0267920850128921
-0.36682300878868,0.290608797108772,0.448518026563666,0.181529114774597,0.55801686315313,0.747312513391622,0.139949069787088,0.623044726023771,0,0.0772871782888686,0.153796036714719,0.208079426803633,0.0456406317288867,-0.0592913185384637,-0.0885639422590343,-0.111422571217236,0.110101656622404,0.374176381367119,0.15142132228199,0.256991130856293,0.252333710970357,0.00357674154223021,0.0441651070447283,0.0254878962394702,-0.127405505995762,-0.0812916801647144,0.000628608663301919,-0.255523542482345,0.0397099741630722,-0.133005147205968,-0.094651753024068,-0.19043347868589,-0.121544357703374,0.0394910752294024,-0.105552677560732,0.43883583411196,-0.0277379564504715,-0.180690470523506,-0.0602368756558059,-0.0978580468854017,-0.028186260217596,-0.0602118727539386,-0.0395550369003757,-0.126711503790213,0.0455872036799998,-0.163653542802611,-0.16474035218219,-0.105260551463184,0.445006183950713,0.0822436592307411,-0.293946645146976,0.352774020962614,0.141857318380581,0.231530154838347,0.621368493868861,0.656135977949316,0.381402765830111,0.809311192295577,-0.00017338903716368,0.0891939467359217,0.0463173396530984,0.000805713240699957,0.00883046977811928,0.0879835809087342,0.107201689425453,-0.0376823568055688,-0.0619196452109594,0.12493864633213,0.0773904004078573,0.283022569820318,0.243562082650225,-0.072633125684981,0.0143236492911196,0.0759759778622627,0.233322691065416,-0.0703706675010341,0.00816466356540789,-0.0784668890748512,0.241270312155714,-0.115496251046549,-0.133730149728468,-0.0689483614920421,-0.11684051727748,-0.104280431554179,0.0351478102523576,-0.205182433771645,-0.00903096333289725,-0.171053945945121,0.354353132502928,-0.116077488594487,-0.226053589474091,-0.0141365042494127,-0.0112687699566952,-0.0465040739041688,-0.178010725619948,-0.0813266152637783,-0.121696513922475,-0.0887430145573223,0.366900144528839,0.137436981502751
-0.0872732011378099,-0.272186584351544,-0.173731689023789,-0.253035506695411,-0.2222650121856,0.0133077181648034,0.0145195389769522,-0.206872097284222,0.0772871782888686,0,0.551725282906454,0.306866104599105,0.0664806694009643,-0.302672367825383,-0.256743329883277,-0.183594463737421,-0.323375789157221,-0.328546988856132,-0.359382756977562,-0.153636726243326,-0.337170273855036,-0.279626628466224,-0.360944423112295,0.130085248890861,0.384115719290499,-0.0518938959091312,-0.199291945865921,-0.306501952363311,-0.14942483504962,-0.215305199312705,0.182162788406013,0.0816580244664526,-0.0282411193253835,-0.147778378840299,-0.377796971996261,0.197561370001922,0.0667729909354696,0.291426600237124,0.23887570929694,0.335878016127808,0.139945613885376,0.194889390424045,-0.0933210209636675,0.0437529076295973,-0.0873760456596063,-0.260063318412687,-0.287506325578925,-0.235524203046822,0.167530756331839,0.0518018794441423,-0.0733873022741449,-0.291822742432724,-0.174014787064698,-0.222581822385331,-0.0843865016009582,-0.0491224953828318,-0.264156003580275,-0.121175015002164,0.769606393622209,0.225518933372013,0.245831446925169,0.0705356458480476,-0.217939491243191,-0.265546171920974,-0.317813181416496,-0.240522549269595,0.263137865026673,-0.432440697283752,-0.347335149054741,-0.369909674540593,-0.37418912783396,-0.298935139510118,-0.370228627893754,0.492619740821865,-0.00507931617846983,0.137547451562847,-0.203781775641735,-0.200705589734138,0.175468266818168,0.0459028959618177,-0.204163089411898,-0.00177650453282794,-0.0638803257126763,-0.350621972064595,-0.225634011314823,-0.352332540698367,-0.00648398693987531,-0.181260687054216,-0.036449902069694,0.155867019318762,-0.0440566863406754,0.484040200987239,0.347918319095327,0.198891871741119,0.0818115798781396,0.0511470860460905,-0.235947809995308,-0.314049223198288,0.0640710576619002,0.0232152519452164
-0.124250641691699,0.0228587912250886,-0.0280375291403941,0.0643715742342585,0.0695701236186304,0.162727405287087,0.0488969278364975,0.0456774206465211,0.153796036714719,0.551725282906454,0,0.612984411501387,0.351904322299506,-0.0687464370023998,0.0131906331935726,-0.163247087490263,-0.148555372671409,-0.00177839458269687,-0.207859939976222,0.0264253118443221,-0.130234448938,-0.169659990969622,-0.191589459549446,0.171271574831634,0.28491821667035,0.188632230140224,-0.154606145098661,-0.215625509907999,-0.0477798106199442,-0.0964673982409201,0.113605809043618,0.186045892342432,0.0344932362496859,-0.0427309804007313,-0.273445137881868,0.30436746841114,-0.0318145112870067,0.0772724737379966,0.137574466297568,0.174856302276347,0.183874099420279,0.00276484732370479,0.115634233816004,-0.0340019016623304,0.115437425543949,-0.215735143055307,-0.212825876752389,-0.0930006978008274,0.308272512248459,0.0751869348052214,-0.0931264411963085,-0.0580803742323722,-0.0724709471947426,0.0897487794684228,0.0618288227900712,-0.00398276522693314,0.0550022513737729,-0.000464885496959019,0.362481892948962,0.559508148419293,0.515151058793431,0.32177480486336,0.0141014372633245,-0.09036055465756,-0.0828715272681849,0.0117178261141085,0.170863931738384,-0.296396769944506,-0.193597721007549,-0.0884638294457711,-0.174052353832497,-0.274365325908671,-0.184848660731198,0.200567090376754,0.137671066176925,0.207768712225814,-0.0412141600907399,-0.0584951254244665,0.228566686966153,0.137102413219796,-0.0807946197097836,0.0360386134046516,-0.0974998710380384,-0.356834205990671,-0.226369600398288,-0.322581338197353,-0.0358144555611679,-0.0805660386253103,0.115189336190847,0.134407983885155,-0.0637290779316802,0.109894597409129,0.0976574611801562,-0.070651647682868,-0.0379455163481702,0.0690015975329907,-0.123023049990271,-0.176634515119918,0.18289538239305,0.0934297562532266
-0.175504470009337,-0.0553031159576619,0.0424844121633914,-0.0319852825476952,0.0690696751855744,0.248132396786561,-0.0447703432495765,0.0878989257244073,0.208079426803633,0.306866104599105,0.612984411501387,0,0.459807765838672,-0.104522856421598,-0.0829955472832489,-0.20448010414219,0.205997534705132,0.195763254956772,-0.0104374033192232,0.153375341725311,-0.0405607455555743,0.0612454235258139,-0.319956386499464,0.458355796210102,0.165386103843208,0.381016052665103,-0.244952606638059,-0.150126856667818,0.147955535811839,-0.229484641190669,0.172052706291578,-0.138761365885333,-0.128154317729147,0.159431071598831,-0.14972050730254,0.473408655348739,0.109078706929964,-0.0116326564567302,0.115395983154201,0.197334294989804,0.373042168754001,0.194417342320833,0.357135145567063,0.231208943017168,0.239436654404714,-0.25884117595878,-0.289302803370485,-0.284483941065522,0.454550518708724,0.3594422606256,-0.202566452641555,-0.0596011960028393,-0.159455412778758,-0.0106983686613254,0.114898667092637,0.0546494395545044,-0.0414999881937368,0.0922374868967488,0.31103810752537,0.660533042941671,0.692708209855305,0.446862943733642,0.0178586892555996,-0.0797355593666605,-0.0960833931754962,-0.0724874974817938,0.0994065765572982,0.0459636821972591,0.0324798046373807,0.109317870963012,-0.0441770159952079,-0.0142861493414105,-0.246328882459709,0.133186995289477,0.446370181569836,0.363414005437451,0.0459989930840514,-0.207267685360677,0.221879088841468,-0.0712734164607803,0.070564711185146,0.260462339766834,0.135239717662158,-0.116450622079889,-0.192919141219123,-0.284346462939325,0.0382117172270755,-0.190500496666004,0.32938448498468,0.350903532566765,-0.153447920002318,-0.0137083499911533,0.112251777789372,0.203391594837914,0.202735907557242,0.232549745257735,-0.183665885563856,-0.224241956544832,0.375513350117378,0.364295394064151
-0.00348763778846756,-0.113585411001893,0.0254661463715438,0.0148482995779787,0.164326886353835,0.157983077466822,-0.208128537228224,-0.0189270848501616,0.0456406317288867,0.0664806694009643,0.351904322299506,0.459807765838672,0,0.281801222273559,0.336501375799488,-0.241833872423556,0.328682126385338,0.104930533521369,0.265788242872861,0.224068837745182,0.225604039011398,0.193075609042835,0.0468010445418547,0.237136252252801,-0.125115041968709,0.409987451974141,0.144475841890528,0.339497169129262,0.425834156757265,0.149232536253458,-0.0236969619233181,-0.123386573311836,0.00231186343733941,0.261079473128337,0.227098740537122,0.0552365069456506,0.110806814563684,-0.155869166667973,0.0816311823713826,-0.113908053399657,0.191696737894502,0.0680859308790854,0.365686703623044,0.224382980298824,0.421861654421431,0.0629057760267853,0.128202955192213,0.057720760153531,0.160239996890538,0.224128885420076,-0.149385867368485,-0.0435872432602484,-0.118101901664241,0.0942200514195902,0.170099203076723,0.0661431355208884,-0.0950165236113597,0.0572826897345063,0.168593469134669,0.586747483490271,0.535468625300311,0.859466786774321,0.452191922099213,0.23903031421288,0.229283693063215,0.339935662441019,-0.183497509393164,0.276664651853837,0.272255648089974,0.132250072138891,0.20685823827709,0.165984172894197,0.048421541272544,-0.176763308990956,0.256018566767099,0.280434369966517,0.356426609797505,0.111805049542901,0.0854757978216756,-0.0720229842363533,0.222105228712575,0.21028244313661,0.190056559503488,0.161764830658614,0.101186211338993,0.0646473456366198,0.106402465318587,0.0818932586878333,0.108439610561149,0.110617620772582,-0.0764377327932029,-0.17117431685495,0.0558738122337775,-0.0380897003884697,0.0621521728206713,0.169414690569434,0.124698166125011,0.0746592492917758,0.105678720202592,0.156456667252779
-0.0890182753394653,0.0244462157293807,-0.1356998586596,0.306888637198107,0.145503435779332,-0.0567655439993347,-0.117872643401193,-0.0682244838772051,-0.0592913185384637,-0.302672367825383,-0.0687464370023998,-0.104522856421598,0.281801222273559,0,0.770618309988842,-0.3114770851697,0.35301136304369,0.232561516884565,0.622858049284457,0.12891389313149,0.499920529660019,0.161803579063618,0.725399008419241,-0.0560074467259987,-0.219239021631742,0.110901512470108,0.524118489844239,0.493443453240199,0.366998875345758,0.670097023130856,-0.324321774500856,0.149294553411766,0.236640229604117,0.171604985175327,0.405098981414006,-0.127370684244023,0.0724051019746927,-0.360522864640886,-0.200175849106756,-0.385288387586293,-0.206142959236123,-0.118927573639776,0.136905163925174,0.0916370402153873,0.274845573611732,0.567797015749044,0.555783618508655,0.59703847559108,-0.205380835787077,-0.0706019506547308,-0.0460162857004445,-0.0752674334834851,0.0671367460881082,0.345743610971601,-0.0429823913468092,-0.0815750285108146,0.162451006966869,0.00265817751142777,-0.267048683113112,0.0536747909832662,0.00519754345775985,0.179322580262811,0.749632895302693,0.688629829991426,0.790851462379038,0.774431531837422,-0.184429204941465,0.419630142173426,0.36980971777089,0.179816960502405,0.409516594687596,0.247058035777232,0.662434406668822,-0.252638090848763,0.107212288374909,0.057165011954185,0.43084626162819,0.625410814657105,-0.301640048908863,0.0899238865477388,0.218306218159323,-0.0739786653613119,-0.0224008346875034,0.310732333712452,0.445036772084655,0.464134828494734,0.193460969921774,0.469564109695554,-0.0168366067231818,-0.170299618720736,0.0279418719728828,-0.327063036151513,-0.200977676174678,-0.176973005779889,-0.0685975595589238,0.10704404589406,0.630123968431891,0.58318473618389,-0.222620558257407,-0.0922679423735198
-0.0021754853537982,0.0279069455230372,-0.0995085409450437,0.308045862503883,0.129727788154192,-0.0463644126784964,-0.134524283926445,-0.103962406013985,-0.0885639422590343,-0.256743329883277,0.0131906331935726,-0.0829955472832489,0.336501375799488,0.770618309988842,0,-0.253700922675019,0.231742031519061,0.147561188869501,0.40694761535635,0.158537469854221,0.510242023279728,0.133634263985664,0.746868950698162,-0.0582974755086325,-0.170433727689877,0.163674309613062,0.541724655852433,0.530149386832381,0.367425678170291,0.734214354353232,-0.279276454070665,0.221788321581072,0.339116935486022,0.0764604804315325,0.418993251367492,-0.149637906226643,-0.0360325231398878,-0.320442985751006,-0.16455852175261,-0.331845781001967,-0.293111516906846,-0.130357616772581,0.15252965760133,-0.041153259699263,0.190242915490813,0.555633952274447,0.609886710699105,0.645110660738678,-0.206385900157316,-0.163853343113976,0.102573022343756,-0.0615654500175892,0.0819841900622608,0.307583928434791,-0.0525260073739546,-0.051907256533308,0.124596597906705,-0.0515735596357882,-0.23961116943428,0.0699008969618456,0.0245326721099505,0.245612964415216,0.774005944332665,0.618190963682866,0.759913625129683,0.906494216867684,-0.19401867974687,0.266703091114742,0.24829780810043,0.0680025536112015,0.455629371084752,0.221956240682479,0.678005198554165,-0.236933222525376,0.0623549799832724,0.072257471699548,0.477657490336988,0.719174534119021,-0.223909856006471,0.217801097830432,0.196575124186045,-0.124367522903169,-0.0951990498638977,0.286817664215895,0.443374562601829,0.513456696579731,0.11262968830351,0.52604886344613,-0.00479630084119138,-0.208928318324051,0.150636142467724,-0.308103146176561,-0.15460881390371,-0.244013942712751,-0.109905416803809,0.0160201829569264,0.630693102539163,0.636274769297233,-0.220105262232938,-0.145037567094935
0.374253818193191,0.407591238894097,0.364193204241786,0.0513279613346257,0.0764671182504563,-0.00507759896589448,0.418955162603316,0.289071458797848,-0.111422571217236,-0.183594463737421,-0.163247087490263,-0.20448010414219,-0.241833872423556,-0.3114770851697,-0.253700922675019,0,-0.188875751284626,-0.0246347387293438,-0.300830725703147,-0.00705750231363888,-0.0438432342140499,0.0193740227608294,-0.180444564999488,-0.0926991050002162,0.142521373219739,0.052592012041199,-0.220601607835016,-0.0937119011140359,-0.125217807095754,-0.37685096339726,0.0508458111104486,0.045312950674762,0.00328235492470088,-0.131637642738419,-0.0871419432903396,-0.329380875676639,-0.325462685898861,0.0247312995143925,-0.107225081585609,0.095545626401634,-0.196079254009693,-0.118154023992813,-0.211316374713345,-0.27511830155671,-0.205622217984312,-0.365215808474294,-0.301263567673678,-0.177504365823973,-0.0896354722970571,-0.317141474209595,0.333856782171689,0.400739100113698,0.372642504233374,-0.0681531436621762,0.0633124315725978,-0.00560156030759531,0.125951169441419,-0.0500203659367485,-0.239978249423542,-0.230146527477758,-0.255279126887454,-0.133422719390794,-0.377160970354755,-0.330550922912091,-0.321926469557319,-0.301350342611348,-0.134871078374656,-0.228827567932405,-0.127904275889414,-0.028118200444369,-0.0305531193420498,-0.109053623690579,-0.238120228697997,-0.143543405919637,-0.170841038320336,-0.0734194514536908,-0.109812355200103,-0.32049193741855,-0.00248438127939983,0.0607175673430968,-0.0910046622752087,-0.146367845780495,-0.0174250897305008,-0.0732698556581392,-0.182026532137089,-0.219758428062962,-0.333042589678709,-0.261284099972344,-0.208542488329408,-0.245143417174476,0.0331440943166168,-0.122004254984916,-0.220149154871503,-0.2087789753675,-0.146820579891144,-0.309034702444768,-0.338637996970951,-0.215608110163744,-0.0631209018594504,-0.249668136555669
-0.20531010293495,-0.0518324536776316,0.0717798401031047,-0.0218694888168687,0.113525544491738,0.0868885849104052,-0.209333709455561,0.103542750304076,0.110101656622404,-0.323375789157221,-0.148555372671409,0.205997534705132,0.328682126385338,0.35301136304369,0.231742031519061,-0.188875751284626,0,0.500962895611315,0.653056206155069,0.351466659453877,0.528854060194778,0.560521657543981,0.269175305360822,0.423717698383021,-0.221241212210145,0.351451215423448,0.257910208049406,0.372085423580353,0.560368764905044,0.169637133915567,-0.1080351555306,-0.321528694383859,-0.178552149088269,0.530174413000483,0.433287240586655,0.110563008058259,0.307338105372917,-0.341322932743248,-0.124888405825712,-0.267034440868395,0.101293609401877,0.15915384273623,0.406987748882389,0.330889618282436,0.357403135152216,0.213128972533115,0.237323802752063,0.0584467216956292,-0.0130240489985792,0.255878742959653,-0.315596446228758,0.0115571096687776,-0.130077530186626,-0.00320837954503103,0.0438528299202448,0.0361406647773415,0.00504767589325883,0.183092700482154,-0.133024760285503,0.221246805224967,0.20699454030263,0.302160804924405,0.34844591666796,0.341394212071993,0.357755021000201,0.243884913144772,-0.357195938872882,0.760154187642094,0.601339096849995,0.415888875307951,0.497331298070446,0.550620694245187,0.273158412685417,-0.234650177093754,0.548814652479262,0.281531418397407,0.455035269770617,0.161628475492745,-0.160677299430835,-0.291178270125669,0.37065885752756,0.12019453556342,0.219892509338124,0.393941049988628,0.351203055336373,0.280765743354099,0.296395545213502,0.164726778180133,0.245759611009416,0.143758626142796,-0.292091660027508,-0.302387323038673,-0.122108296378705,0.209919420989225,0.252103611806281,0.227551674611751,0.223624077308211,0.191043478227627,-0.0135343208632065,0.155269437805309
-0.34421092630932,0.246804326873037,0.285861540882244,0.218461109851497,0.272418571452924,0.254904854291139,0.143859934790566,0.509416719900924,0.374176381367119,-0.328546988856132,-0.00177839458269687,0.195763254956772,0.104930533521369,0.232561516884565,0.147561188869501,-0.0246347387293438,0.500962895611315,0,0.447562970442401,0.534278425587558,0.565644315596356,0.274703459015646,0.26370366618103,0.278701065790736,-0.250358432945488,0.144514382095608,0.160981169950634,0.0448766150031486,0.331535082254803,0.0252000263796249,-0.188400407154323,-0.251592458928211,-0.197286519295599,0.504262077068275,0.208874884803484,0.374963029608652,0.112907076958463,-0.402686199289573,-0.177066871895136,-0.132711951965145,0.149006457261034,0.114508007169434,0.243145771319502,0.115403286465214,0.298523495248842,0.0532047800781845,0.0428667775307879,0.0309063177221649,0.207681961483067,0.225376324660852,-0.317517468737954,0.271371518820725,0.225861699816226,0.221578831791142,0.177377650790764,0.217634858693083,0.472082827482587,0.430011950725285,-0.320158159059367,0.109411521772796,0.101169664737434,0.0709523904996743,0.134744589960078,0.185091627974942,0.360968049929102,0.162789536769913,-0.12858195393711,0.498943421600848,0.544680712732165,0.770226936234098,0.535215387994743,0.287512697161249,0.304031480535031,-0.0961138904734281,0.457283091903956,0.0878954797098508,0.287254653295448,0.0647406245409721,-0.0107169137758375,-0.19863172004546,0.248421511230326,0.0781094948177081,0.108827655073624,0.174879624824315,0.219134275776395,0.09282263171076,0.140248391300928,0.0376856477525362,0.543251328594183,0.0526476048953519,-0.281400620203286,-0.266790243191741,-0.150759596662661,0.00998669085888606,0.0371708840037635,0.130138764576943,0.146965244260549,0.105511759460543,0.24138260479074,0.240610637122188
-0.179848750213366,0.0701190092453424,0.0302696079969893,0.167947191093447,0.190595968456135,0.0884333278821491,-0.107887554532676,0.162970782457196,0.15142132228199,-0.359382756977562,-0.207859939976222,-0.0104374033192232,0.265788242872861,0.622858049284457,0.40694761535635,-0.300830725703147,0.653056206155069,0.447562970442401,0,0.321308431783874,0.618685544830686,0.251237053146468,0.443475916515571,0.130971342444174,-0.369652549454199,0.149565055686817,0.4228300821718,0.378573796664231,0.505616150591966,0.354025781136414,-0.296373466958591,-0.203223091411139,-0.0832163800699312,0.355557148240737,0.399147712739156,0.0563627620271048,0.274307367752525,-0.332964162752494,-0.0596119290236861,-0.328475256794088,0.00510988456495474,0.0309883535031019,0.271418690485808,0.256343990792574,0.396400764071274,0.339852556479596,0.356989084442441,0.21930159607146,-0.0261616571511098,0.214877587904946,-0.301246169812346,0.0770094867069805,0.0108781955482426,0.245502581156778,0.0938945470753774,0.137901571078343,0.122975843708219,0.306506402804372,-0.227796675162203,0.104766230942712,0.0400949086588908,0.191960783662351,0.524162747430258,0.597828672584495,0.664698119099953,0.439410369493593,-0.301935652844311,0.778072031749848,0.558236576703336,0.395518359660136,0.568118257400448,0.369612034067808,0.403054884987242,-0.229134806264248,0.335814779372991,0.0679849682429733,0.516971786238931,0.294533414384035,-0.250646555277637,-0.203458993827565,0.282967258247613,-0.00653677427706947,0.148410045065759,0.387940765716441,0.439581211646153,0.322725437179891,0.369364720655651,0.225581849624793,0.182940740246676,-0.0222081818834935,-0.203248572503218,-0.286255455367932,-0.046652727608646,0.0172547361526006,0.0758230735128569,0.222325901123869,0.414722354121932,0.297032344707631,-0.0484318223793595,0.129119646710602
-0.210240247160007,0.0698086703854204,0.0701413554241866,0.155804129293385,0.153026395760523,0.218234028186892,0.170001085689167,0.260842535513523,0.256991130856293,-0.153636726243326,0.0264253118443221,0.153375341725311,0.224068837745182,0.12891389313149,0.158537469854221,-0.00705750231363888,0.351466659453877,0.534278425587558,0.321308431783874,0,0.564400497264565,0.282833277077813,0.172066228089152,0.186185753197837,-0.302609860076385,0.198908859152503,0.332626740900065,0.233983698144203,0.447788730860532,-0.0701248338697724,-0.19115513323127,-0.261800069862663,-0.128892802234927,0.414673380428734,0.329903440553898,0.307183735208641,0.137204144991183,-0.436893844746788,-0.104510207051265,-0.05408139614166,0.117407444017314,0.00615791558118995,0.324735852148325,0.0623717827602818,0.370272798341478,-0.025676971224031,0.156516681473572,0.123546008309403,0.166707350564052,0.232971302629036,-0.251463961179944,0.0607192753907899,0.159925529889514,0.143793507912524,0.130970550084884,0.204296052787733,0.072514144419086,0.298077145213537,-0.150504023045044,0.131402584181042,0.0625283709020867,0.206198271731737,0.141738832194294,0.101310873199131,0.234763929868479,0.164731167421294,-0.114802599065163,0.333712748466026,0.39348254563375,0.472135784553041,0.625505936247537,0.324414853123449,0.169537390005188,0.0082018422543636,0.295183651982507,0.0556251203298513,0.442938552242426,0.0322066763602769,0.0740893413566391,-0.195825743168702,0.335779106889155,0.213911586097861,0.237043182816335,0.253458759848926,0.34814432374018,0.201901409676826,0.284426227791223,0.131898426839578,0.625031531082212,0.085180276476619,-0.200758230641252,-0.311031836240632,-0.0631112425108075,-0.158967240499196,0.024408322857398,0.0445324550394177,0.0649132436500915,0.164362222293322,0.215864920471519,0.279950723593346
-0.183638859664417,0.205093586009577,0.155873691115935,0.245114973985336,0.281256930782432,0.188741830544218,0.00798107269554059,0.359540885068001,0.252333710970357,-0.337170273855036,-0.130234448938,-0.0405607455555743,0.225604039011398,0.499920529660019,0.510242023279728,-0.0438432342140499,0.528854060194778,0.565644315596356,0.618685544830686,0.564400497264565,0,0.405274270323924,0.546766536761783,0.107480264037838,-0.337224738106117,0.212555969714964,0.458411687138831,0.414839325593698,0.544924221657455,0.292267673706013,-0.282536408156217,-0.203187443659142,-0.0112322959930684,0.31179873214898,0.465212649497685,0.0370751989677391,0.0648077061025992,-0.493502622580016,-0.199003502547164,-0.352959894262606,-0.218663001830359,-0.0537036261029753,0.269054129537468,0.029534821949313,0.315871620894648,0.227826369633159,0.340084554273564,0.254278407222237,-0.103428444216911,-0.0216103685416395,-0.25079140169036,0.185045940612098,0.157636012685678,0.233631985813934,0.20167650045155,0.190906865325247,0.264613611807195,0.356044486187895,-0.295583110841073,0.0225695200070484,-0.0284436392989752,0.206247193855563,0.453427633849,0.415312701689755,0.584781460741224,0.525664550049725,-0.406426540811407,0.561117470083647,0.479199569733481,0.460510192313615,0.859353144070932,0.442969974948421,0.446784308856966,-0.211299623888771,0.369363945627048,0.0999459346078467,0.593494322107643,0.347035927384749,-0.15995039287625,-0.181577178012755,0.226680840490992,-0.0369096757916083,0.116179334241907,0.405886782057286,0.472844900401172,0.362611285393236,0.204592960571331,0.323172076779186,0.260900012999901,-0.135353822821817,-0.199528107932986,-0.420890754438001,-0.191592445441586,-0.163710502447258,-0.0373981803276569,0.0181992491510011,0.315870898003336,0.348179997978314,-0.10559148965711,0.000429655229003487
