0,0.0909784854334003,0.225503787087378,-0.0257295471393172,-0.00200951566878801,0.120633681321706,0.0581517847087625,-0.0552769118421602,-0.00738954314834421,0.173498407904259,-0.0519223445323944,-0.151513344728569,-0.288974148904391,-0.372073720703095,-0.348048668265911,0.479490116951429,-0.297863560549261,-0.2972064165133,-0.26281145552896,-0.275510440640146,-0.253564990539675,-0.130795062368916,-0.348650085180675,-0.284263631145706,0.393085042228338,0.0226299642647826,-0.341133302620546,-0.351794609250497,-0.183524942832678,-0.370964747533857,0.107948478414566,0.210629984728798,0.0943657258068047,-0.269388179538244,-0.0563347712448541,-0.144808238050122,-0.143623188271243,0.357480458849662,-0.0733729077748889,-0.132215156467302,-0.222802122977174,0.220804643478707,0.0391716941305866,-0.136943090277006,-0.204653264196195,-0.385875942149265,-0.392787946260398,-0.369741809143649,0.207489435312903,-0.0878481427669686,0.644463390481244,0.369141045537762,0.251511387435663,-0.0290790917592884,0.304329571522898,0.306758892561833,-0.0669507209255658,-0.0578095035190903,-0.0613643983402087,-0.196197108434756,-0.0945704212099616,-0.288329785095289,-0.364863434120633,-0.420940912335616,-0.369805416196441,-0.337375248895152,-0.0638802564687053,-0.295051488801897,-0.278251507484882,-0.383086865733297,-0.303955571953785,-0.289239985667376,-0.403058688589378,-0.106400987815809,-0.306854269328013,-0.0471881674658599,-0.225523333147381,-0.437545378490793,0.205362186074429,0.0760474747280695,-0.258427635625945,-0.244251614573871,0.0806848168479935,-0.119151613660607,-0.345224194150817,-0.461504305904157,-0.227369830945484,-0.297363015986367,-0.281537064234084,-0.288958737855119,0.0137715842883526,0.557817615896828,-0.240129180814666,0.276168152258817,0.164390107909306,-0.0797046645886327,-0.37703170942719,-0.396430333538632,0.164551970868664,-0.0902210799086147
0.0909784854334003,0,0.520473145947217,0.59596299054963,0.684402518812752,0.220569031589669,0.273813898335755,0.4493980534191,0.285570151466151,-0.128322698558099,-0.210745814047487,-0.156262616727592,0.0251296008788933,0.298793412741298,0.316608410330222,0.513371573751675,0.0797218775545009,0.219238075423771,0.311077307821552,-0.156897206738629,0.358933840053101,-0.29546048025902,0.171446265309495,-0.327463630937432,-0.0741490639333672,-0.343959018277212,-0.142451899570653,-0.150306456504261,0.171419925617156,0.1650780693432,0.0201999810810124,0.376720580906627,0.340525561123868,-0.255527774010021,-0.341026194039367,-0.119541790343505,-0.143611263569874,0.170907446309265,0.0319673281063047,-0.304549960150347,-0.492200208401337,-0.423525581445476,-0.45695321708683,-0.0822490257235896,-0.356811741630958,-0.110252327278997,-0.0357730168413129,-0.0230574663864549,-0.192402048940787,-0.36349122584024,0.210085872346057,0.814295750339106,0.568020762640922,0.608746811016335,0.381970623411777,0.272896961469774,0.525201064034441,0.373548455506046,-0.145693000398222,-0.149381560604026,-0.0338064587619585,0.0888212139669532,0.100938058192649,0.287984179891584,0.400886647913442,0.278853201026211,-0.25763510583639,0.309629459009042,0.178413692330263,0.181245946476556,0.373202451946156,-0.315423990445045,0.267969026965338,-0.221016202868028,0.0242487078270716,-0.302095717205071,0.162168904872287,0.0426783897179076,-0.0110498621937874,0.355142571004849,-0.245323055324349,-0.350688049001896,-0.40188350987308,-0.399562834894738,-0.257219677941816,-0.197879058722213,-0.129943356438122,-0.141661259773665,-0.26646643585354,-0.467782433855493,0.212982417476839,0.0545010819246001,-0.00828229835210037,-0.249519786265083,-0.391061618020769,-0.199761212613613,-0.191889592224424,0.0209780395842971,-0.226598237582717,-0.426617741828156
0.225503787087378,0.520473145947217,0,-0.022502065438149,0.0848542205499369,0.631238573583955,0.511783807854387,0.569969085917145,0.518086983291507,0.111673296377299,0.152283567057292,0.193874056858359,-0.0389620844322581,-0.0748203744209739,-0.142125943468889,0.230889727728334,0.06985638458463,0.162981562574998,0.0528303181819374,-0.338985055846388,-0.0142038698701418,-0.115688880990954,-0.207391003694328,-0.0826215856832145,0.125290700355766,0.168510645928053,-0.221718423262938,-0.291047242404117,0.00355280817711769,-0.240483779761793,-0.0546751097884894,-0.191757753081587,-0.221526772836963,-0.354848701168257,-0.113735345359083,0.218294388765695,-0.140385675879124,-0.113073770891701,-0.240304995491556,0.0408664536708967,-0.185390321046828,-0.0599307691896248,0.0674820562065682,-0.135104607161053,-0.0195310351394742,-0.322833183011568,-0.31736568524876,-0.339902970563225,0.213642288284835,-0.122324920558334,0.0582839160783632,0.557620196385419,0.148951890806951,0.00672902494697898,0.654984729934477,0.692104617032949,0.55826968644278,0.548824689375683,0.0874879810377821,0.1659456900317,0.221687010836414,0.0781796521780873,-0.11111460676391,-0.0817487929576359,-0.0108075393815557,-0.181315984653629,-0.0300613996008915,0.145882797085717,0.0376744245100724,0.088661530287254,-0.0114988214931094,-0.0941582045055368,-0.114437331438089,0.0605568047542978,0.150432610925362,0.128418579010888,-0.0359219872925788,-0.2179295911015,-0.131918470052632,-0.203524636527101,-0.247250563938317,-0.372769235329412,-0.023273822486751,0.00459569508118671,-0.238636991585403,-0.405815081454141,-0.163606988974925,-0.380201485918435,-0.100085277269587,-0.147133832699397,-0.283574597968946,0.0892906858983454,-0.152113940332141,0.0177467254582346,0.136357760121634,-0.122264083763333,-0.352098467304179,-0.314258474835232,0.281166139041955,-0.0464725299505095
-0.0257295471393172,0.59596299054963,-0.022502065438149,0,0.867935934140396,-0.305330438239335,0.102457683439324,-0.0734690506251078,-0.217209192820045,-0.238854189494468,-0.571895061859549,-0.452826974419723,-0.0869057890985658,0.556343980176698,0.600097683666126,0.605368481858739,-0.0448702111336664,0.03180083099249,0.41829028816878,0.109473833644025,0.578138254323769,-0.340675100832636,0.483531233532262,-0.411196760447915,-0.0333523542598056,-0.601861206994302,-0.137985134823374,-0.0314111159428827,0.220094978221151,0.535155717341488,0.211961406963438,0.766600342109137,0.75284607951473,0.0296106796495943,-0.370216740163165,-0.469247290390221,-0.11985032565777,0.477997003210596,0.316859349827199,-0.267979920267109,-0.541717124452589,-0.495005804737477,-0.684581088754552,-0.033284101777338,-0.515532876918507,0.0288653372196894,0.299242608729346,0.236707697788061,-0.493597547072959,-0.423359210796219,0.295261335451667,0.541411909532906,0.711848497175971,0.937241897985839,-0.138341092248974,-0.195099651514612,0.133076499886123,-0.147108616175047,-0.428596500103109,-0.413211219286074,-0.347765595506467,-0.0794300867834041,0.24468475620755,0.469238205504689,0.598799433636533,0.592047609421639,-0.15728383901415,0.199821073925062,0.236394277682545,0.179875408182446,0.564904502116726,-0.372338268131429,0.504966770558561,-0.311955490092068,-0.201685195734725,-0.48083970020575,0.261531849691974,0.291369805813027,0.24482747724878,0.787528068766335,-0.0346729613295201,-0.0841181707298911,-0.554068975362337,-0.554284849046711,-0.215801693619103,0.173677492916249,-0.0613249927441337,0.0881698400882676,-0.308190978651934,-0.525437586094763,0.585131128385012,0.0262691497313073,0.0413745189737377,-0.354146831685372,-0.604929626208649,-0.184648506009517,-0.0708342838920079,0.297344536491201,-0.554360148442287,-0.56578068103604
-0.00200951566878801,0.684402518812752,0.0848542205499369,0.867935934140396,0,-0.142698366287468,0.109732745304707,0.0854115679269336,-0.0825147542661874,-0.273337931996918,-0.518714777803536,-0.464955708424325,-0.0756111943719593,0.494898108706478,0.522549221217311,0.568876957145284,-0.061673750802943,0.109165528718859,0.395515808713228,0.123495419589382,0.545444498966258,-0.312632476021992,0.436310710595217,-0.463440676042219,-0.131560584611718,-0.582267119978061,-0.128448786019962,-0.0323687947391841,0.182219556322517,0.447049811636586,0.121822405910518,0.651710212383875,0.665907335968693,-0.00799916127175398,-0.3698597126704,-0.395266617742033,-0.146592123546093,0.383138133160411,0.296511934272955,-0.313321058999413,-0.562282258175183,-0.502965181662916,-0.684137524194554,0.0376827366565401,-0.494631628579511,0.00708622634577391,0.218246249788377,0.202293000580135,-0.395679883439255,-0.41827656926153,0.262562357481011,0.585184011537467,0.729794884701673,0.883638658120253,0.0391197543222798,-0.117773861896328,0.237841146300951,-0.0166130775005444,-0.360516146577647,-0.396728438585905,-0.324596419293279,-0.0373247582744195,0.199658184481749,0.423623666247704,0.540461922191739,0.489033785345778,-0.194194322449753,0.224654172471643,0.220500033062067,0.190389873153976,0.521193230352448,-0.387197580243004,0.448119702741595,-0.346354514014546,-0.225432714670923,-0.519510297859576,0.200748331443739,0.20019532746311,0.147972730974188,0.676814912985129,-0.139524188786445,-0.169569040506959,-0.56583585677881,-0.558853640349205,-0.258959943479884,0.0797394489933283,-0.108718626810074,0.0582977067319142,-0.33669116526413,-0.56000496706504,0.536976924200409,0.0103060065424062,0.0372434947871817,-0.382094727783079,-0.632354013838961,-0.190698401614233,-0.127220746230919,0.23476091912609,-0.475148460216761,-0.558432068721802
0.120633681321706,0.220569031589669,0.631238573583955,-0.305330438239335,-0.142698366287468,0,0.503280714086531,0.621729029999495,0.660179160637279,0.293599301426073,0.292754896613791,0.251363350921432,0.0196408844909613,-0.186373703448897,-0.223623324582758,-0.0662250739578561,0.0681445381142805,0.217045427059922,-0.00672932183817293,-0.287043959069463,-0.153402079553882,0.048447928204057,-0.246412122918184,-0.0297615336941205,0.161126011518032,0.248240783015545,-0.131445431920664,-0.234276728289768,-0.0745027075653003,-0.295196460086635,-0.0715298432929055,-0.440214298397763,-0.426251159275901,-0.329869315339149,0.0351605814126406,0.367141099589292,-0.0461397893098226,-0.26202189109746,-0.289559949547847,0.229599351427777,-0.0153910854845735,0.0667171916335597,0.232451657695668,-0.0577342913049172,0.082648124923411,-0.286818343408143,-0.387219514097594,-0.306591545591182,0.651827943110226,0.0143746536568793,-0.0816496551484233,0.166531434206471,-0.145521649448026,-0.290346490796604,0.80268247135102,0.769798366997337,0.42486917760943,0.575671357776272,0.336595453744497,0.181626563386403,0.225164066083895,0.101589854146633,-0.104238915798768,-0.122263199172398,-0.115661446197567,-0.279730906841541,-0.0229460128493971,0.140158654070671,-0.00259033607489854,0.0375386877796794,-0.154880446235482,0.0146618888773256,-0.181259993943355,0.0162408361600826,0.147037035993933,0.201590975352607,-0.099801088569905,-0.204904364788997,-0.09712975701794,-0.427294834211477,-0.338488523975973,-0.409840912632077,0.119033296277997,0.17824804401609,-0.157109994748628,-0.340516456221221,-0.0892232302139067,-0.335702564615333,-0.0473659219501647,-0.0520917311668091,-0.407326496599677,0.14435885324073,-0.27116373671239,0.0997232171067937,0.274895085436189,-0.0223834997176653,-0.29788266930408,-0.290199093189793,0.654884145955639,0.100213271977363
0.0581517847087625,0.273813898335755,0.511783807854387,0.102457683439324,0.109732745304707,0.503280714086531,0,0.491102087309347,0.453169028485967,0.262074711989609,-0.0405762685382707,-0.0170629860612525,-0.182527725166094,-0.0425139969074084,-0.107053797019592,0.211790066900875,-0.127051578184846,-0.0874557951917814,0.0631515808345996,-0.372223957774526,0.0511934274840841,-0.265497493458595,-0.185580441517022,-0.171930450569499,0.334330212694538,0.040863674678357,-0.412249556614554,-0.458349288778809,-0.047006346958175,-0.180792968000466,0.112736492817726,-0.0787758016367245,-0.141557022925248,-0.439060431529395,-0.221733206655948,-0.0494601448578727,-0.194033521142974,0.065981548143373,-0.0631450552015607,0.509474760460355,-0.102622402633073,0.0445930915501232,0.0350091129126953,-0.0277670552697472,-0.00561596198823626,-0.377910230218306,-0.256827169908382,-0.415108277500271,0.257616428617277,-0.213323376200258,-0.0815308093855708,0.285334493962594,0.209738196252273,0.114979822654749,0.502152536420137,0.581092362660916,0.556770493110568,0.401513057184706,0.100369869983961,-0.0252310785895806,0.0315897408093795,-0.118505842002557,-0.179446103720148,-0.0816168171001098,0.0505239613956957,-0.125545064791484,0.345686310809511,0.0379273322925548,0.0689928040904928,0.0275626643783516,0.0526175852753421,-0.223933429218583,-0.0971559776746854,0.23833977620352,-0.0596015838544457,0.147628203937522,-0.0325305560955451,-0.181620337609917,0.0889981405271476,-0.122701708369357,-0.214044861240831,-0.29941715715347,0.00259723586575623,-0.128026517099455,-0.357178083245625,-0.297147211526529,-0.191169113810372,-0.448309898219025,-0.29655813968386,-0.0735306548910953,-0.153318219154915,0.213609250020005,-0.0529681549869983,0.131413690406661,0.177330057533548,-0.0307131404427166,-0.440129398054759,-0.294444845943784,0.251629912260395,-0.0929579176584493
-0.0552769118421602,0.4493980534191,0.569969085917145,-0.0734690506251078,0.0854115679269336,0.621729029999495,0.491102087309347,0,0.7761950263199,0.0918951873482914,0.213307502495716,0.236469591876097,0.0052840251111874,-0.0601624496878623,-0.126420116914752,-0.0185216713715754,0.127404433969238,0.378985507269372,0.117067359925858,-0.3076633080811,0.0672933746162896,-0.053919555016185,-0.175123255945437,-0.0237033534724439,-0.015142154259173,0.171482232435373,-0.142292579397633,-0.284089810496726,-0.00739153537188359,-0.26155931545337,-0.147493785081929,-0.302951997033322,-0.318368880017199,-0.355235681482023,0.0151591600298633,0.367941714202064,-0.162968527113213,-0.278311050539395,-0.29468193398376,0.110685723754765,-0.0562160983477611,0.0186112627361175,0.124671325684578,0.0142624692788721,0.145392930830466,-0.198174721656904,-0.289438695339609,-0.300691969120304,0.268687661425118,-0.0494171395644278,-0.119252293603953,0.325213576181951,0.0764053978026923,-0.0409287772626303,0.651139383584948,0.564493040324702,0.810557569267824,0.846280259523944,0.191363115466478,0.231686415392212,0.202639671686571,0.126452426637254,-0.104656952008984,-0.0479201497075029,0.0227846610024003,-0.213112201273481,0.0113116839791179,0.210467476002924,0.115714607439149,0.237581562448578,0.0657467143553504,-0.0563717181906452,-0.0736331935760557,0.14225225171315,0.178264717471403,0.174704150010451,-0.0923986396340073,-0.257956044072608,-0.22004074357925,-0.32836190638964,-0.350510879537693,-0.407234846349945,0.0482015770123301,0.0857685475658159,-0.18988717865227,-0.353994762384318,-0.178071622310459,-0.315141594151673,-0.0696316598626388,-0.0200516286202257,-0.286434455387169,-0.0209149842643805,-0.0573153754109779,-0.00899279638711062,0.118422701122719,-0.0486513509724934,-0.25441611738243,-0.242441876790672,0.301728384795477,0.0597902785783458
-0.00738954314834421,0.285570151466151,0.518086983291507,-0.217209192820045,-0.0825147542661874,0.660179160637279,0.453169028485967,0.7761950263199,0,0.302252305100483,0.299943298343577,0.318088915040893,-0.0181323958426444,-0.193573061911567,-0.201650955252517,-0.143817366769891,0.0646014947297862,0.197162190336027,-0.0478620278609098,-0.387394991343438,-0.113547818809748,-0.0685202048483204,-0.291988202164166,0.0773129039235716,0.0320611837666143,0.22272615647743,-0.186343408116203,-0.300264710044602,-0.0551912552313704,-0.298013479027435,-0.097405448545744,-0.394262052400405,-0.414096635345278,-0.462511307543875,-0.0106519319996256,0.459541618799563,-0.151986300018062,-0.298661001654064,-0.370295861156458,0.129013845950773,0.00251802782002003,0.0371379157108346,0.199523526734901,-0.0340695751635968,0.155437409462434,-0.288301567172114,-0.404642721668111,-0.389315802671538,0.387388877528575,-0.0402368728205777,-0.139036681901582,0.204845392128962,-0.0857367444843566,-0.175505213642942,0.657130075592499,0.676719261997003,0.658025517353938,0.847363641865681,0.338877556431559,0.266950904389566,0.24110360654493,0.0905790904750087,-0.148967052537122,-0.0892550741970488,-0.093219676196068,-0.257401756364743,0.0667217983669662,0.101353162579609,-0.0101167127119583,0.0479466710730428,-0.072623898051246,-0.0735327750080385,-0.166397494357022,0.195721999762508,0.230988559606602,0.227778352957729,-0.115402856818368,-0.225112653865215,-0.167016545078333,-0.416399537600293,-0.331672482684453,-0.466643518405866,0.0394614807383647,0.112460532110595,-0.155912424584819,-0.39922282781074,-0.179206112502769,-0.377723619389524,-0.0534930048599353,0.0456412646421363,-0.358841134484646,0.0165526062259524,-0.16440069918514,-0.00276820855252392,0.209471888626956,-0.0215818133088581,-0.315385196663448,-0.324715614229602,0.455018519458676,0.137240828647528
0.173498407904259,-0.128322698558099,0.111673296377299,-0.238854189494468,-0.273337931996918,0.293599301426073,0.262074711989609,0.0918951873482914,0.302252305100483,0,0.269246026656188,0.240890403679776,-0.216115882408354,-0.258963930136051,-0.184074384977648,-0.0462126733549511,-0.218631229812361,-0.381287160811573,-0.309508727178913,-0.449311407670217,-0.272664211220481,-0.126916118004371,-0.292845473064487,0.0210191300841476,0.514448326007199,0.192489337471876,-0.284996476030183,-0.173585240810735,-0.105830747211314,-0.218780102444597,0.00772023059391013,-0.124328133792603,-0.144141306466014,-0.412230036389947,-0.110021846155295,-0.0249755454023706,-0.0930512235855376,0.0775172034007294,0.0317603242627792,0.335209401537635,-0.0952342110862456,0.359332437877198,0.164126677207178,0.00851997427550376,0.0296669271132673,-0.247250358877565,-0.32163631341393,-0.317270091464027,0.305713121679759,-0.199843228219362,0.0493514354138209,-0.0436640762205539,-0.188061603410069,-0.238908887245053,0.28903048813808,0.402156656976094,0.02294021593717,0.147252302400907,0.596397906489849,0.111420659757316,0.174244306516341,-0.220133152817196,-0.164758724503593,-0.23690439529329,-0.225135524776408,-0.157655218825053,0.178306204038038,-0.270686523117068,-0.137160082414037,-0.394426070578325,-0.241604343294151,-0.0699473893465586,-0.254573311739149,0.3300112286317,-0.0194571527070382,0.352593842503796,-0.0919074166070415,-0.139503759726704,0.0249162927276552,-0.150802100894956,-0.0655706268567063,-0.294573206889874,0.133542758675019,0.0473442470814358,-0.173626344719494,-0.266601713717057,-0.139764884491339,-0.209290964232826,-0.223744472389907,-0.0277136860968071,-0.179629586032266,0.255672129670386,0.0336208797259111,0.360948659298413,0.388747768000725,0.0368289562219684,-0.192023174425966,-0.273932853344189,0.369300749957498,-0.0229784476434298
-0.0519223445323944,-0.210745814047487,0.152283567057292,-0.571895061859549,-0.518714777803536,0.292754896613791,-0.0405762685382707,0.213307502495716,0.299943298343577,0.269246026656188,0,0.796018101795727,0.337243490267889,-0.232100729507252,-0.270842489776205,-0.435269510880762,0.307104836584595,0.121314927888374,-0.108126034148228,-0.194293980684123,-0.32983726527081,0.337525617404104,-0.250155181500635,0.569399566874007,0.035449544892921,0.737162060218574,0.181237679497444,0.116428457769479,0.0851036232753425,-0.270032999249509,-0.18916743662497,-0.526455252082761,-0.552341841511315,-0.0225446702507708,0.381664109031291,0.531939319801515,0.233995180414418,-0.500416655749422,-0.328083784223175,0.141175824551433,0.478541329744677,0.29507810697781,0.628277590902623,-0.0190740867819009,0.527142241815923,0.0304761265289254,-0.184382885823613,-0.15948894550023,0.393210049141538,0.304323783195972,-0.302411291223105,-0.296200207222936,-0.52201208822862,-0.591759948513488,0.0934308253924373,0.193076051598775,0.039241985150691,0.28280645417293,0.4501822354624,0.778769412447185,0.731673590214755,0.365644970418067,0.0257513321087859,-0.233984123658165,-0.24452610884869,-0.29416186885913,0.0582550210265063,0.123167603046694,-0.0397764088280857,-0.06912576589516,-0.26369832895043,0.442715279549797,-0.228743442737432,0.359535380613877,0.514814561406773,0.651366926853117,0.0456733016702073,-0.121559849701332,-0.383212964692266,-0.580663567540636,0.0789607861472589,-0.045761326209122,0.512722449255705,0.55592473352098,0.254477432843011,-0.14077637122287,0.139968409802074,-0.112592913612703,0.293678796229302,0.408216942993647,-0.58039333123653,-0.197837038061901,-0.00661906157139299,0.305108551679688,0.604871580302744,0.0961816008912189,0.105040371490401,-0.150867238293054,0.436117122700334,0.419860143119891
-0.151513344728569,-0.156262616727592,0.193874056858359,-0.452826974419723,-0.464955708424325,0.251363350921432,-0.0170629860612525,0.236469591876097,0.318088915040893,0.240890403679776,0.796018101795727,0,0.355726997772751,-0.102546362082346,-0.133905203027794,-0.433711574215844,0.423595782649138,0.180549605805516,0.0364282183968538,-0.222354231767743,-0.169752396666605,0.275719373608861,-0.173039459485874,0.587877980877374,0.0324741593892223,0.743857417887215,0.170886520910356,0.159222612363004,0.250529815184276,-0.132012525970352,-0.182137681423579,-0.460102427310001,-0.516069017180372,-0.0398380177442291,0.28344198922899,0.540106769064453,0.195529193986884,-0.477963007612015,-0.360061128319284,0.0551352195211802,0.338457527516861,0.211851782112313,0.521667396266442,-0.0737588691419817,0.449776636009278,0.0660971090593762,-0.162685770869633,-0.169708457395035,0.257650959596262,0.24657598918038,-0.267063310642559,-0.245418450483451,-0.490186161355116,-0.473700592328063,0.0400685331426384,0.178985975268312,0.0981668799127189,0.340244112020156,0.3812773646115,0.815493131953895,0.756996263807831,0.411894442199646,0.105741378975407,-0.138815298559854,-0.117471256739982,-0.148796401053295,-0.0113353033742429,0.221019860370142,0.11020353933537,0.0928955956341434,-0.10002073971417,0.390287513004374,-0.085363344665175,0.370948319053713,0.639260283615343,0.694315123033666,0.181769843802037,0.013639855573659,-0.378216470093784,-0.50273944369143,0.125844400864586,-0.0383886733995813,0.414620732621222,0.46803975808367,0.254002592529392,-0.10378340095429,0.120074593709876,-0.0804421395006424,0.350936322400182,0.34421086435093,-0.537765180036852,-0.280637005274247,0.00242384917336608,0.216513489804489,0.503673256965478,0.0574385047607814,0.12619057802044,-0.101104434940706,0.361106367189164,0.343972191589928
-0.288974148904391,0.0251296008788933,-0.0389620844322581,-0.0869057890985658,-0.0756111943719593,0.0196408844909613,-0.182527725166094,0.0052840251111874,-0.0181323958426444,-0.216115882408354,0.337243490267889,0.355726997772751,0,0.313449812713962,0.228515560572173,-0.325989984974374,0.705183101880367,0.474015977762324,0.418593892990945,0.305668129312942,0.20111177765117,0.495634511606678,0.268534714724047,0.329482686717104,-0.234121720098579,0.160835118353776,0.548567616635379,0.433119076820668,0.388361295751018,0.256796257897426,-0.145217869330914,-0.171331077149568,-0.219408049116689,0.342194641744348,0.373545843593835,0.270905751225072,0.256744399513825,-0.348164152069613,-0.242962520757451,-0.122810175731098,0.231835792399152,-0.279269378102809,0.147717658353144,-0.212002045039103,0.252456034403733,0.295642219402343,0.296050734133236,0.29170953378697,0.0374756655170876,0.232158498913574,-0.306872157066256,-0.203520989674134,-0.236261144488118,-0.128943932205012,-0.17271220035175,-0.140046703013616,-0.0143792447049238,0.0228389915869286,0.0449174741414641,0.323514093281994,0.399185106484034,0.79688179202611,0.586849676193324,0.250873662588153,0.287042959192579,0.190199831597148,-0.113470274499123,0.595470115717822,0.327489403235183,0.313603249000224,0.209462576868371,0.505607406750447,0.333429273257908,-0.0638683769350826,0.572678024590616,0.157796295068729,0.413131860744493,0.358545386961658,-0.372989292661699,-0.178237213567836,0.14761185470493,0.170153064597897,0.0740417622579332,0.314634987713976,0.581343921234396,0.304389571787526,0.239934281627883,0.219600657990758,0.418219593676268,0.103058305815481,-0.253296120229737,-0.304819986963944,-0.0640627466892672,-0.144009302726859,-0.0135280572586576,-0.0527733653126582,0.329095940391741,0.340724618082922,0.0226284398053087,0.0780919834884183
-0.372073720703095,0.298793412741298,-0.0748203744209739,0.556343980176698,0.494898108706478,-0.186373703448897,-0.0425139969074084,-0.0601624496878623,-0.193573061911567,-0.258963930136051,-0.232100729507252,-0.102546362082346,0.313449812713962,0,0.85058263661164,0.0615138741012587,0.400584785639794,0.354725095649595,0.745253969796059,0.383341031020152,0.807256208740211,0.01138200340403,0.845109358238918,-0.0794756199888031,-0.253653079675523,-0.333883992150299,0.322873867612211,0.342390042771541,0.50280837189351,0.830756755123999,-0.0226641505000017,0.347115942330967,0.341527379617417,0.304967893206001,-0.0895426553244558,-0.162953180029583,0.0883257564300167,0.0392780955708195,0.19289197076809,-0.175863145883817,-0.239372269035505,-0.489756289723297,-0.437111464205133,-0.0540054820977361,-0.235061961506389,0.453784732023501,0.691948236256913,0.622848854210224,-0.341842381275475,-0.185185601792092,-0.123437276439788,0.110096808469515,0.249802417513764,0.524018697923272,-0.253228834734084,-0.288757588264703,0.0546500281982515,-0.0688755408197121,-0.1963002896679,-0.0880710436478091,-0.0973340172423156,0.253713697543724,0.696021646894555,0.80522717848009,0.83306962265814,0.816292097638395,-0.200006081160635,0.558589539547131,0.513993271015935,0.484480719384008,0.816298913441941,0.0702197746522177,0.870525528615571,-0.196188778083072,0.172609976292832,-0.280062424920719,0.554694286310638,0.698476257809423,-0.131966506054115,0.404114396002784,0.17623031631089,0.180851614829372,-0.376648926364117,-0.207480399102909,0.271158534189697,0.613932352549239,0.149435794522533,0.375948971614498,0.0706463746620995,-0.212044081121592,0.268099943279309,-0.234762811625391,0.152142565058049,-0.347491913517664,-0.484133583820776,-0.12711660449273,0.37802672149316,0.754591631488537,-0.345224652899772,-0.352493449407112
-0.348048668265911,0.316608410330222,-0.142125943468889,0.600097683666126,0.522549221217311,-0.223623324582758,-0.107053797019592,-0.126420116914752,-0.201650955252517,-0.184074384977648,-0.270842489776205,-0.133905203027794,0.228515560572173,0.85058263661164,0,0.0705518293088676,0.268199763451887,0.218139210103189,0.575892280863876,0.332016433676133,0.731293473809044,-0.0870389520533971,0.790497403584051,-0.125361749968245,-0.203439099416201,-0.371330812419174,0.264143525736568,0.361155704738771,0.439581655553594,0.876609921837933,-0.0153431107934412,0.446764431886038,0.406823368543892,0.213348789695748,-0.135757204202279,-0.232527249477735,0.0932281061937566,0.139454093432949,0.259735311731745,-0.193386207321784,-0.318304153164451,-0.502612669951272,-0.485449456906803,-0.0311233448862201,-0.277572318887911,0.421544227631734,0.632257421082622,0.611503455951816,-0.360973854458853,-0.219017609163435,-0.068379825544205,0.127663754515614,0.254266209052116,0.568736974184384,-0.267680429130401,-0.28785842077694,-0.00103327382716748,-0.108753596197905,-0.142764594912822,-0.151391954914221,-0.142605803643982,0.154618248133873,0.629341786903958,0.78475314955821,0.833769372606702,0.917340800559076,-0.221227608797222,0.414377033844582,0.417358424513695,0.341367484786861,0.775902687253776,-0.0160223587010908,0.830289514537908,-0.22010338676698,0.107141550646021,-0.284191224951827,0.540469141927589,0.744006971273916,-0.0588752990471852,0.499264519350015,0.14093493280863,0.0905297881006274,-0.420429556548251,-0.26658796025032,0.233971444345937,0.558115480685742,0.154126295518249,0.416137191882146,0.0179796662851701,-0.264404702914891,0.332742471245981,-0.171089913990656,0.173553814173559,-0.328966908356633,-0.504751620868472,-0.0945891456655287,0.379291294647279,0.746165295287228,-0.366705212487572,-0.370380467212976
0.479490116951429,0.513371573751675,0.230889727728334,0.605368481858739,0.568876957145284,-0.0662250739578561,0.211790066900875,-0.0185216713715754,-0.143817366769891,-0.0462126733549511,-0.435269510880762,-0.433711574215844,-0.325989984974374,0.0615138741012587,0.0705518293088676,0,-0.262639261214066,-0.149643348100764,0.0217095648305358,-0.185250578463222,0.131129251749583,-0.269212189428662,0.0374109640973252,-0.453545415857962,0.250858424402385,-0.403178603264715,-0.403571969322401,-0.345111324700129,-0.0912069369579278,0.0196490766185937,0.265068578727884,0.611862022126326,0.590121118321662,-0.16899344453372,-0.342079301651087,-0.462072418725385,-0.19193726702489,0.564376691632068,0.159846264387397,-0.152615108747349,-0.496925266380927,-0.222989178859467,-0.446709462306479,-0.184568137269851,-0.52414309308229,-0.339495913413711,-0.11329367605049,-0.138962170351086,-0.235444572980196,-0.443189597008439,0.5325245299096,0.694768953179265,0.681610514186406,0.587158242065571,0.206134780293316,0.12780441520572,0.0825531621724955,-0.127800789508654,-0.324193592614536,-0.409870536969019,-0.318101152710919,-0.287817638333262,-0.182296767574829,0.0183822898537007,0.10787831458033,0.0718409492973394,-0.0697907249616111,-0.086830192206929,0.0163092900357256,-0.0794963106249353,0.0998663135179586,-0.400746583614488,0.0341384904225252,-0.211013191081825,-0.364799201894317,-0.32894142102118,-0.0796914728741239,-0.15955835769732,0.288765268331489,0.546727226954095,-0.119618394385782,-0.239271456818668,-0.370901582617544,-0.44631684860468,-0.424617699975659,-0.216165561641184,-0.18966632318082,-0.220645352370614,-0.464007627074758,-0.514724046070418,0.412474249919402,0.321551770993193,-0.0856307104891469,-0.0457795231509314,-0.281393531665,-0.286689387226302,-0.395585135353711,-0.167484288237901,-0.293499166524721,-0.493841106803973
-0.297863560549261,0.0797218775545009,0.06985638458463,-0.0448702111336664,-0.061673750802943,0.0681445381142805,-0.127051578184846,0.127404433969238,0.0646014947297862,-0.218631229812361,0.307104836584595,0.423595782649138,0.705183101880367,0.400584785639794,0.268199763451887,-0.262639261214066,0,0.670243013712332,0.583372313706358,0.298317732636808,0.305311968415151,0.52993165597272,0.3429695033064,0.473669353072572,-0.249183261766162,0.186655231184224,0.520296383242128,0.382865273640853,0.49672712755012,0.272907147225915,-0.0627787192315833,-0.199394850589956,-0.203390699902949,0.41517845891976,0.399974476688266,0.39352469233574,0.314164226652039,-0.336148274211603,-0.308577118133535,-0.154242408013014,0.186966266245868,-0.289939784237573,0.14678950399445,-0.180952826593851,0.192537946023916,0.275949612558705,0.297971671613135,0.290494227885003,-0.00249438189305295,0.233672503131214,-0.291031993919784,-0.0990302334131176,-0.208952088993466,-0.0734363583126062,-0.102506817260147,-0.0882951207746104,0.0684144559423268,0.145164453196614,-0.0416110084484213,0.335300896791267,0.322330494184782,0.656035212058257,0.60277385343741,0.322937385267371,0.362841446788582,0.215389944780469,-0.234043139370464,0.689764368018058,0.513670024812929,0.541306578211791,0.333142628369758,0.545457291829749,0.426209606302546,-0.0676998627167916,0.661758546861839,0.137977273483609,0.498667054976522,0.349176783981738,-0.300707207470592,-0.175011301171526,0.261121612535703,0.209685316908045,0.133765770606602,0.363255993755546,0.571375111149892,0.371869219085311,0.311302914621007,0.173488856747443,0.560311022421254,0.110652927967947,-0.272991902318519,-0.313680568805414,-0.0553236813561632,-0.206030300964376,-0.0172919423159487,-0.101879150685475,0.311739142510251,0.341699670857399,0.00566833196958838,0.0870051652200358
-0.2972064165133,0.219238075423771,0.162981562574998,0.03180083099249,0.109165528718859,0.217045427059922,-0.0874557951917814,0.378985507269372,0.197162190336027,-0.381287160811573,0.121314927888374,0.180549605805516,0.474015977762324,0.354725095649595,0.218139210103189,-0.149643348100764,0.670243013712332,0,0.531889168334741,0.402516947342524,0.376277123268927,0.486499670055803,0.363968014609152,0.283251025583996,-0.407681483210937,0.0357586893081143,0.458618809886234,0.233592288089065,0.303345357838245,0.202842970449336,-0.119468736009031,-0.202443714477974,-0.148075489074635,0.472842744184502,0.34612502133624,0.529364831398324,0.134422883101833,-0.376238135010075,-0.32984948453026,-0.235302062315428,0.194809836013581,-0.36315143866827,0.0534837735666543,-0.137078655962929,0.0945168414385942,0.205633694135034,0.242293775309489,0.335726833820914,0.0411274233797033,0.260931182261376,-0.259327431115931,0.000584991867726957,-0.0864575642528094,0.0203952092282777,0.123276798405311,-0.0119206328441151,0.267857540873325,0.338970755407816,-0.157288859817077,0.173735988171238,0.102670316491128,0.457920445346445,0.399329162545592,0.312790577395833,0.312228722023149,0.114050803551123,-0.253695105538998,0.591062112570796,0.472382364268206,0.706395496596704,0.34831079268318,0.38098577516197,0.382798691650328,-0.177854790843167,0.411274244754155,-0.0867211098370653,0.222831709844204,0.20320038160057,-0.285728668371032,-0.162188064099897,0.00615998804250817,0.153723447676095,-0.0135966701534066,0.278339179747053,0.392059350275531,0.252968928337805,0.14627582769352,0.141361192462031,0.551068125710662,0.0920819595844556,-0.173955029667074,-0.308979759795694,-0.141519407379573,-0.336578102184525,-0.178883348140905,-0.114631020413809,0.206864846016635,0.32827198579667,0.0467000874433399,0.152648033047035
-0.26281145552896,0.311077307821552,0.0528303181819374,0.41829028816878,0.395515808713228,-0.00672932183817293,0.0631515808345996,0.117067359925858,-0.0478620278609098,-0.309508727178913,-0.108126034148228,0.0364282183968538,0.418593892990945,0.745253969796059,0.575892280863876,0.0217095648305358,0.583372313706358,0.531889168334741,0,0.376189311296784,0.732056181780212,0.110038604345933,0.633708614043816,0.00665448197341543,-0.224301197560002,-0.181443070015268,0.315153768967296,0.251922539041533,0.610508880613772,0.551892069519927,-0.0184988450416315,0.173126246093766,0.170681701282089,0.330830384770423,0.0560650452789171,0.0341532333195481,0.13434373267079,-0.0330574773705595,0.0376990010861829,-0.19443711088184,-0.13836705462084,-0.403734072646544,-0.267658864349187,-0.0117465782028848,-0.0910280906394415,0.365356164607983,0.520422075979257,0.429037980265513,-0.146830374887137,-0.0121936725361878,-0.117954904047383,0.138283010821679,0.192946740276937,0.395062706795451,-0.088847360712856,-0.147389388832895,0.171616903968076,0.0828362270721725,-0.213661859925729,0.00658857343068265,0.0078525101042612,0.35199585344102,0.626894455898639,0.593940784525284,0.683278691697694,0.51106499459833,-0.206992337098934,0.734607088984008,0.603070432771263,0.613974731585565,0.717053857947137,0.153348225942174,0.672505203597714,-0.160412396579924,0.284079419271996,-0.181626484432245,0.57658414964899,0.43366452825739,-0.133249163846847,0.212285883342672,0.134593949580833,0.225862564589722,-0.195979724043933,-0.0767772622667404,0.259530101167007,0.456375458963235,0.178535038602261,0.200527653693238,0.22588328587235,-0.124830966102489,0.131245624596688,-0.21286388394859,0.0530312655738869,-0.329338552275987,-0.31032700963683,-0.0405726296141485,0.320154693541571,0.541591164938447,-0.188159048089586,-0.215678084597505
-0.275510440640146,-0.156897206738629,-0.338985055846388,0.109473833644025,0.123495419589382,-0.287043959069463,-0.372223957774526,-0.3076633080811,-0.387394991343438,-0.449311407670217,-0.194293980684123,-0.222354231767743,0.305668129312942,0.383341031020152,0.332016433676133,-0.185250578463222,0.298317732636808,0.402516947342524,0.376189311296784,0,0.39772486391572,0.327028459406865,0.572778590307056,0.0145518141837871,-0.461279757082209,-0.19439438422954,0.594224658034929,0.53900074493438,0.340755795542925,0.418820998584482,-0.141952045225985,0.0519004862400936,0.132845323904337,0.633737087661884,0.260860159377752,0.052200539807433,0.344700992827807,-0.0964178410057213,0.149544718438127,-0.170317765464981,0.200247532308311,-0.257136158974043,-0.113385439439686,0.170491175293983,0.030052242172109,0.479606651585579,0.620878245445276,0.644464314832057,-0.05717338083713,0.392289843169927,-0.198626404922029,-0.283247278384442,-0.115094920454589,0.0952131019349015,-0.401692887138455,-0.506753999422974,-0.312416324440127,-0.330981563459306,-0.250685499888125,-0.151723569777066,-0.213253301524785,0.164822205610946,0.362160529604092,0.303119851643058,0.290662262120775,0.295695058063875,-0.0544612374699994,0.284164468425477,0.261229708310759,0.370149333515784,0.396657221360246,0.212707728440651,0.405225196500165,-0.232565404052679,-0.0136197309216829,-0.299802187199634,0.30124888744992,0.355454927661582,-0.136925234316645,0.10230628868795,0.152977570699212,0.513145169067027,-0.108700099716865,0.0107715802735182,0.428606763575841,0.503947723394209,0.289851084647925,0.450170107919463,0.472036205066646,0.0906400253886703,0.155720585322036,-0.310384172997886,0.110972990025978,-0.219044791253579,-0.355022479347934,0.0881899810948897,0.424675323185441,0.597748355490012,-0.147646180538711,0.106091825220689
-0.253564990539675,0.358933840053101,-0.0142038698701418,0.578138254323769,0.545444498966258,-0.153402079553882,0.0511934274840841,0.0672933746162896,-0.113547818809748,-0.272664211220481,-0.32983726527081,-0.169752396666605,0.20111177765117,0.807256208740211,0.731293473809044,0.131129251749583,0.305311968415151,0.376277123268927,0.732056181780212,0.39772486391572,0,-0.0907252117716585,0.741600263094673,-0.15540298163226,-0.210710681576928,-0.363475797805906,0.173244817827347,0.187223941829094,0.551083737664556,0.702768700467948,-0.0595063681659911,0.399658203340761,0.32898835674996,0.201931408803559,-0.156001605505304,-0.164926197147352,-0.00951835993329013,0.171190209985263,0.205218520991225,-0.141721536907717,-0.284829398797478,-0.443880021204203,-0.435995477376214,-0.0396183891635751,-0.245259826284554,0.342886549789831,0.571766502086725,0.500418418132684,-0.348533493213678,-0.170232540265066,-0.0256972069156335,0.205488354014718,0.336034266130806,0.564846677001054,-0.145736605977533,-0.220844124720463,0.186633934941371,0.0297841488839075,-0.241690159284932,-0.179437483496739,-0.167404746433871,0.127378193590906,0.499259868950797,0.624949164941324,0.698266207143898,0.676920304541225,-0.181069095314767,0.512036315677576,0.562170734426378,0.577242505307254,0.885123971673281,-0.099801198666382,0.742838128277731,-0.145742326482082,0.0703357371024909,-0.298205550534341,0.514283373194857,0.523421287456504,-0.11129018649501,0.404695109709659,0.0936788808339118,0.203130605949197,-0.409262112584994,-0.332098322309729,0.104344532528886,0.391159682685394,0.0510534500401215,0.227615371940371,0.0561041273064679,-0.225304816795676,0.297951318978342,-0.125350045860345,0.176645114940361,-0.295326435395399,-0.507598251343215,-0.144108861840484,0.290476798690577,0.629727965952804,-0.38011449694861,-0.329438033061414
