0,0.0135014546039268,0.201304614761412,-0.107891824549348,0.10937534194504,0.343831390643014,0.11923848718103,0.148475187838888,0.170090550917392,0.00642590973916018,0.0818020164476879,0.133819485642382,-0.146479492338978,-0.182242149220919,-0.122092912548488,0.00727758823487259,0.0753779545961238,0.165289502197072,-0.141507141077141,0.237929505584541,-0.0333712479017398,0.00312124584828467,0.0203447559623326,0.0496526888193518,0.296759088930484,0.0606551526332182,-0.0137514244416846,0.0276547031772912,-0.0104241856301383,-0.0548825077660508,-0.0272443734908224,-0.297643962265048,-0.0386084035674361,0.0270380658515318,0.011340685231611,0.199818533897295,-0.14249553046982,-0.132667148370716,-0.0498706460714009,-0.125554229426402,-0.0178738069786032,0.229923347497922,-0.0177691557743403,-0.000242591898748222,0.00826913026042542,-0.0064828815389256,-0.0441184153458377,0.183626800012166,0.201299892602555,-0.0324596770601787,0.236799068185587,-0.0147333395707969,-0.114961236687245,-0.0344166052577678,0.18319787250748,0.350531723869705,-0.0300072395732897,0.020935446704406,0.274296296099563,0.13619216812108,0.260406840679277,-0.0799083622697563,-0.154247432369527,-0.113835838208774,-0.127715721046359,-0.0804008418685146,0.267373238000324,-0.0665314358697733,-0.057421048168089,0.14339720347319,0.181043481033949,0.08106178247627,0.0824571961223563,0.0775557004617077,0.124410520866664,0.259024637616855,0.118413453116149,0.027531742678715,-0.045085643314892,-0.13092928523062,0.0589968094537317,-0.0464017340100937,-0.0209973927768338,0.00121718201240262,-0.126870226956378,-0.0239113613711875,0.120118017368633,0.0625377096072561,0.223652419334597,-0.0254172546376072,-0.109726930380448,0.0478418116729782,-0.11525967232149,0.150474530168503,-0.100090131547805,0.121366858169043,-0.0365926777821279,0.159712045358614,0.433373632401634,0.0233272792819443
0.0135014546039268,0,0.680067579068261,0.793371435631699,0.758576419818973,0.44177511887848,0.279695636247895,0.503118883265231,0.478184741402347,-0.0963802926631327,-0.0414247983559931,0.0974057890272877,-0.106040486136425,-0.145396634461171,-0.117534398344989,0.203422727259398,-0.175141037986326,-0.00695802682984401,-0.22133934374385,-0.0758668513616452,-0.139663788819309,0.0573355265301629,-0.16653410988167,-0.0239300735078524,-0.162827146712511,0.187320253608145,-0.0547061171390676,-0.0755860419115572,-0.0465375180094549,-0.0662090756470218,-0.482402942674644,-0.387256247706534,-0.114881381300883,-0.13596745351917,0.00823538362369137,0.0471816998697452,0.0142123158668465,-0.28603851696223,-0.077371033668252,-0.0692572950586717,-0.197495923746251,-0.0216929562083982,-0.107882149169922,-0.319706731759957,-0.235193356720953,-0.132521656317016,-0.143066407031812,-0.147209259339674,-0.162816210936,-0.22155795939593,0.297792847743372,0.808090065626133,0.335884589741232,0.567694642131416,0.693660437594184,0.433112537627351,0.589325819236257,0.634246938652839,-0.0593156462266732,-0.0826884370645379,0.110284609390461,-0.130913387403508,-0.0946582166986957,-0.223703791696438,-0.247918891880751,-0.141532212984098,-0.138102839427244,-0.188393856470732,-0.175165475806298,0.0512549427612921,-0.231042295512845,-0.0282469873314999,-0.185204135715461,-0.0457134665867497,-0.0264858476058477,0.0494197485528057,-0.0637839171403707,-0.0572639325602934,-0.440292520998103,-0.319621369288075,-0.120882868680743,-0.0951393620288869,-0.28172804336121,-0.103460532591347,-0.0377490210789005,-0.139138537661024,-0.0216482485467201,-0.0204468379161114,0.0225027441193076,-0.16757677187897,-0.124561863333652,-0.0144351169992189,-0.198259517198418,-0.294098687005983,-0.225787831679877,-0.282170915619323,-0.188070527627046,-0.21384479995012,-0.0413453948891333,-0.190229710066045
0.201304614761412,0.680067579068261,0,0.590055978917596,0.631107591215088,0.634295069321806,0.240226082790883,0.581328383405167,0.722583391842348,0.0389272523049627,0.080943960502763,0.206305948132744,0.0052183096580495,-0.0947562769610736,-0.121015237023592,0.124203169505889,-0.0689760998573392,0.09315400088133,-0.206996436306102,0.049324957612484,-0.146445902037917,0.106467199978477,-0.0886987451661833,0.0378976142458771,-0.0664172887511378,0.188796687504367,0.0736263893413935,0.0135328412426311,0.0162410575238956,-0.0169802085424004,-0.314310923499355,-0.392212666729781,-0.100234005300156,-0.0683070192722246,0.0994762467522313,0.257310168910789,0.0875168010533667,-0.298155139618274,-0.0328451138969777,-0.0561088217539952,-0.201086076707277,0.0584109538122152,-0.0315817103565757,-0.166080735064148,-0.033049344766649,-0.0756165439938998,-0.10972965358831,-0.0638802544076694,0.0167184181285197,-0.172249835918263,0.252735385948892,0.645772329162702,0.166972453264244,0.36186059144448,0.65818104729252,0.687130074033013,0.517601284611179,0.688130297946491,0.0755129937832038,0.0645114835828262,0.231314122155219,-0.0487847703599465,-0.0128472754951697,-0.1526482910643,-0.222870011398584,-0.153469346857936,-0.199852858619767,-0.168311490949644,-0.157124550101629,0.133235780275119,-0.109245452830264,0.0298658081256763,-0.109419168795944,-0.0209981872895881,0.0221671153582241,0.164570539008711,0.0364961455976772,0.0196450144319418,-0.311992909579277,-0.280894591927608,-0.0701628645267615,-0.200679219140292,-0.112798649321842,-0.00392046840463815,0.000692050590422175,-0.166707452086559,0.120663527081884,0.0444003535179817,0.247786786797119,-0.211588120999087,-0.238239404073688,-0.0571708832484461,-0.210739102225496,-0.234821561280078,-0.187188622222329,-0.109923686145711,-0.152698549170875,-0.143567631566595,0.156620378109174,-0.114265708323268
-0.107891824549348,0.793371435631699,0.590055978917596,0,0.686022826784138,0.345286949323465,0.352017721874877,0.519883138303234,0.42003385639003,-0.0999109410647641,-0.0287314473037104,0.0439513195561562,-0.014269843679129,-0.034993450045596,-0.0388614299318488,0.292820646090443,-0.135587381699848,-0.0292536627890499,-0.136443083398524,-0.0897655482793942,-0.0538290117199239,0.0762588890636814,-0.141147981057049,-0.00911701248279108,-0.163659009965015,0.154238083287428,-0.104825672441388,-0.152425192509932,0.0343188615846739,-0.0458375271604015,-0.476145784659815,-0.210607367537054,-0.0643620250102259,-0.113508332450634,-0.00114604253380568,-0.0486199011094557,0.00672486680793288,-0.224828666339965,-0.00633381992043428,0.0189112232945698,-0.2101617879274,-0.167213609508922,-0.144674271518392,-0.318603426359419,-0.262953870282431,-0.128430187531501,-0.123852715254416,-0.176171044148222,-0.20182605860756,-0.162388186985644,0.23626431453819,0.795971818796853,0.45716036711476,0.630653670119241,0.59023531029375,0.358953650020779,0.653679649054493,0.624548355567797,-0.111178521242109,-0.105965429892781,0.0314917109436019,-0.0510811462012094,-0.00537257158138425,-0.118119352404886,-0.145249173635724,-0.0471872957734723,-0.0837554495314134,-0.138401325020089,-0.112355781678356,0.0589627926548454,-0.17904114301275,0.0330068660386002,-0.154379264865205,0.00380498112131592,-0.00660650919525487,0.00549821768795327,-0.017838455447288,-0.0454241159735093,-0.445636849056121,-0.166539321534117,-0.0748995707928417,-0.0897680904200347,-0.320325128297378,-0.0768365240718471,-0.0410610366007071,-0.0927824084552087,-0.0179633043261437,-0.072764766009365,-0.0237925333067364,-0.104263956685023,-0.046494737203706,-0.041492067067782,-0.0865480682134998,-0.321201507790697,-0.23394188179613,-0.312525876766788,-0.177716577509294,-0.234270589514712,-0.113513583646747,-0.137330285602522
0.10937534194504,0.758576419818973,0.631107591215088,0.686022826784138,0,0.619077045221207,0.200685602753976,0.451894959316891,0.510099011979097,-0.105753761308086,-0.0598568767821078,0.063045680633179,-0.154110815991534,-0.17895559625539,-0.116447009345653,0.156847555079967,-0.0484722877165623,0.128836890084679,-0.189328615036678,0.0521457286773477,-0.100197430716383,0.138510430119224,-0.0758648805631989,0.0312012514069787,-0.0940374622037141,0.176415739577674,-0.0469550445070766,-0.0633806629236546,-0.0312049239689625,-0.0114853994255812,-0.448275636458107,-0.362312189429003,-0.0998285588763661,3.00902825648728e-06,0.0866236114075863,0.137474840051534,0.0037741221674138,-0.327658107603329,-0.0578783398248355,-0.100002853856986,-0.118280678207089,-0.0881962234938754,-0.0891375200592184,-0.287957415240327,-0.183324184734573,-0.0868693018395692,-0.0463498768102655,-0.00650282134637235,-0.0722773183101638,-0.196349454441126,0.249427097478656,0.684674669857154,0.246989136661372,0.571933217781396,0.815762914669507,0.518996246424322,0.500759302057056,0.561013563868138,-0.0137100848550671,-0.118094879758093,0.0757328985426481,-0.162022854736069,-0.16456780818591,-0.221780945357067,-0.229851553594075,-0.151078690843289,-0.0423986012324565,-0.160590534725332,-0.15494628775234,0.0799168882592464,-0.146222950845378,-0.0179936080471047,-0.115711417785165,-0.0573691162850707,0.00191329367815449,0.0162835608689294,-0.0286716028540241,-0.0554866723903349,-0.44663587681076,-0.318042691917846,-0.0709767258328257,-0.0342008702154316,-0.270660324977167,-0.0781103724413948,-0.0636120316939465,-0.0764888606271045,0.0199482548267496,-0.0444223824487916,0.0660017273874314,-0.127659319857849,-0.106575885810733,-0.0815863169626853,-0.134596681267533,-0.319233240523374,-0.265267952388046,-0.246210881724681,-0.159682623446773,-0.137154564967309,0.0777069264231061,-0.171064807689326
0.343831390643014,0.44177511887848,0.634295069321806,0.345286949323465,0.619077045221207,0,0.213429931593159,0.481287675953708,0.695209340902057,0.018039510095542,0.0180477320775588,0.095399257176536,-0.0799506611219881,-0.188075472796383,-0.181995302629718,0.0738359715236233,0.0144993270046025,0.271207267251196,-0.20452819434061,0.26011161774125,-0.155597197700313,0.115426638902528,-0.0349825546650111,0.0474189023847073,0.0985799702709903,0.0638373686639256,0.0533494575979589,0.0212216678096437,2.19208166435895e-05,-0.0613085115836667,-0.244703096094072,-0.37417282976357,-0.091541642580753,0.0722688586023537,0.145942146112114,0.388346545963705,0.0748539133271394,-0.268846364131991,0.0120983737015048,-0.0821321084651424,-0.049216604938449,-0.00116260427893702,-0.0481923473433817,-0.103509634448837,0.0323867738117439,-0.0470474739075442,-0.00729752327313829,0.146444120099999,0.240181550793409,-0.023957327182686,0.196926358339666,0.395198849735534,0.058969953865475,0.277721720533638,0.739630046530665,0.795675349542011,0.336440400128527,0.519437031753536,0.168353724165994,-0.0274631429747659,0.149495737349646,-0.102617358598917,-0.0613816935792897,-0.156337132166037,-0.258111820288632,-0.208866051859131,0.0581271535196503,-0.146952200390149,-0.130659434327224,0.234150389829722,0.0129286812480619,0.0427946998642803,-0.0710800958637556,0.0347546349501697,0.0198105910281245,0.0644788949355441,0.0922198435330377,-0.020328792672019,-0.266217706043868,-0.347398561368109,-0.0195334258125144,-0.0645249832983394,-0.0679676180235346,-0.0191349273800711,-0.0451555085450032,-0.0545523880371278,0.238634101851593,0.0483451870280945,0.384538419372758,-0.0883049867369094,-0.134471252109248,-0.0794801346230948,-0.0630632544776444,-0.158940905307546,-0.221155665220044,-0.0157646872315462,-0.127916428911392,0.0116879175482589,0.489234628599181,0.0464783142570198
0.11923848718103,0.279695636247895,0.240226082790883,0.352017721874877,0.200685602753976,0.213429931593159,0,0.559496004877916,0.309228770814128,0.0255122779230669,0.042495099469832,0.0990335806522696,0.0470196531504454,-0.00959888450533094,-0.0246723701179212,0.529335655013221,-0.0453378010611633,0.105871728737553,-0.0973386361933929,0.00618824923061254,0.0723887006192002,0.0172987674638134,-0.114613882321734,0.0775235147016338,0.0509002536797335,0.0446298849379072,-0.184360759611847,-0.25650185357489,0.188176632120567,-0.208360961401815,-0.190450704174478,-0.014362271082139,0.134042524878494,-0.0534649759968034,-0.0166872286334808,-0.123015820396206,-0.129100895248414,-0.0147493405655176,0.179919193974418,0.299228544082868,-0.0626615511213893,-0.0111918083597425,-0.132916015830122,-0.176116836637382,-0.199135696569812,-0.0982212912671639,-0.152144133461762,-0.131474571698651,-0.0721411843293065,0.038234754890677,0.249995769732389,0.352353870114115,0.40534340721557,0.228351588691311,0.200818408672501,0.261993840772076,0.491555305175622,0.414240380425005,-0.00707958630131402,0.0659025193267068,0.0676107819356017,0.0245730052240228,0.0857846283729052,-0.0139761723745565,-0.0337311758843711,0.023894475290581,0.352924110936232,-0.0384433841085405,-0.0973531206123685,0.149417823728143,0.0537540895866299,0.211662506615013,-0.115341612531301,0.304373329346957,0.0275669523420365,0.007361133410965,0.115469375178255,-0.0790812369245552,-0.198958044494811,-0.11207261730497,-0.0748021719329796,-0.158508576900671,-0.323834869448463,-0.0460673854269217,-0.194623724961364,-0.129532104036112,-0.103938677688829,-0.206639151667237,-0.0157682684532567,0.00848318334622764,-0.0478174969991019,0.161839410567904,0.186707785859503,0.00158163082322239,-0.237890843733274,-0.215994615707176,-0.157954426539129,-0.194377171807022,0.119106528046053,0.0808010259271255
0.148475187838888,0.503118883265231,0.581328383405167,0.519883138303234,0.451894959316891,0.481287675953708,0.559496004877916,0,0.644859706517354,0.007661055752649,-0.0807696421652328,0.051054891434932,-0.0374872200166054,-0.156983782565259,-0.159135647703268,0.441499018128335,0.0231691808740308,0.355002929659551,-0.221032899065779,0.117767386351987,-0.0117314302199136,0.102347619791197,-0.123837210508817,0.0807146202736255,0.0571943941117184,0.105676684460797,-0.0635769831187382,-0.168073345839154,0.0302540527771802,-0.188273191172711,-0.163354519790007,-0.231851694316397,0.0900243153336107,0.0161055471398282,0.116369696092181,0.113050637233721,-0.108481342763051,-0.170785730275156,0.0230424761958456,0.00919140128591169,-0.177728120561626,0.00894088162164805,-0.0223526355411559,-0.210048275968662,-0.0409471710557438,-0.119301394416334,-0.207782986915508,-0.160027649700862,-0.174284248108336,-0.247467590730552,0.348648630031935,0.550166004299042,0.335343026821806,0.233501951866234,0.494588712521779,0.572087473005796,0.699894096663256,0.715113444392329,-0.0279043379478602,-0.0635087200125739,0.0903888118589174,-0.0832753255162617,-0.0535383001347068,-0.156523924233288,-0.178961668355979,-0.160360219734146,-0.00565886717066553,-0.051471675477872,-0.0622789175678864,0.403066907237571,0.107794678428587,0.189065914871047,-0.111978916040836,0.0641536021302579,0.0114264786446204,0.0781168894605749,0.0706501551244288,-0.0847891898871618,-0.158673081115589,-0.246275318669821,0.011254514402712,-0.144260442937158,-0.138238295295591,0.0412562765140845,-0.102429885655135,-0.103171440178665,-0.0342612352559633,-0.0648968239234131,0.16274525130563,-0.15956494371209,-0.105827240288938,-0.0420399211456604,-0.0394655203153989,-0.0391781679330088,-0.186684520197199,-0.163976765505445,-0.176984040115101,-0.192671784583962,0.0935632914969599,-0.147829748921096
0.170090550917392,0.478184741402347,0.722583391842348,0.42003385639003,0.510099011979097,0.695209340902057,0.309228770814128,0.644859706517354,0,0.051996653783752,0.0371757893747528,0.14521640560235,-0.0256247800470534,-0.163079813402614,-0.170216516156019,0.123626564952344,-0.111133998653798,0.212039946639438,-0.281205337039414,0.185027352905286,-0.132661386208715,-0.0293802767872115,-0.158773182714228,-0.00609924226168145,0.00369062044898006,0.0229280554846687,-0.00304170082445992,-0.0772720168339695,0.00585456134677395,-0.174530097920919,-0.098035829236471,-0.284683110260389,0.0726676817787039,-0.040531487852634,0.0411992861499651,0.410093550820988,0.0674677491320899,-0.164915588795681,0.0167762689949794,-0.0362618852482258,-0.101727394501795,0.0416842661764433,-0.0644510873801168,-0.126762672820651,0.048206977757381,-0.173418602947438,-0.212202057785438,-0.0946302169243107,0.157478768305393,-0.0787024363093627,0.278868867659515,0.458444884521406,0.103930571432095,0.212593720529817,0.59415554809569,0.741776251716794,0.444812228034915,0.70934709654043,0.0453243835425012,0.035154440234855,0.148414402685286,-0.111548466030152,-0.0521941893127215,-0.190005448029155,-0.255769898820646,-0.16247844762652,-0.133794680084275,-0.24333554463387,-0.247519002030353,0.237788033696883,-0.0130802715347481,-0.0562473662727158,-0.203628718253132,-0.0335093557353602,-0.0722368724146436,0.0164025270712597,0.0488742837621869,-0.0432189636169911,-0.113296567617349,-0.241530779973044,-0.14424590015071,-0.185880722110751,-0.0748697668921016,-0.117373449230906,-0.0862730621981102,-0.26281256119975,0.121182121880562,-0.0475137604527032,0.363915816189846,-0.239338922487766,-0.1671115175545,-0.096960696605745,-0.110389313176348,-0.119857406351466,-0.261480517454225,-0.103959224850648,-0.26549980970957,-0.178644489533177,0.266493994045427,-0.0167124114703212
0.00642590973916018,-0.0963802926631327,0.0389272523049627,-0.0999109410647641,-0.105753761308086,0.018039510095542,0.0255122779230669,0.007661055752649,0.051996653783752,0,0.558991647317481,0.578126222007588,0.43747154452892,0.312039059254532,0.309196576197192,0.23097480160789,0.264912772834948,-0.00654764555501469,0.281862455406438,-0.0110081869025081,0.236790422700659,0.149928007936149,0.174553749617953,0.282617401458799,0.424190015145799,0.340082892716507,0.1743460722049,0.175786674457513,0.365385870053867,0.019970897387412,-0.00116078230648733,0.159567707743337,-0.163639702523706,0.000439783082050478,0.199420892837496,0.055618630223484,0.250870250216082,0.132076329048416,0.0435208249678788,0.220030427597384,-0.159554632697308,0.0961463896714287,0.00555132928029391,0.0484821435900207,0.0141066427500036,-0.031089602469495,-0.0298006445520435,-0.0312922344100734,0.0525840368954636,-0.0243432475152909,-0.122778275495131,-0.0872034294135196,0.0255284708624991,-0.116284494290423,-0.0857505388823188,0.0561271483237466,-0.0705294750534643,-0.0334516749148511,0.577454225009194,0.467468809778964,0.412073715434161,0.370913735426255,0.36793325458046,0.305583430409736,0.320260452475913,0.262907582835165,-0.06813835425656,0.27061159045836,0.1538879212739,-0.121274924676149,0.192586624711072,0.366409991241525,0.211764909889392,0.265497776430713,0.462457501909056,0.474744036032306,0.389010407185862,0.292149779700769,-0.000310279130585847,-0.0445630240782488,0.10829496577011,-0.2555813090915,-0.000586968711667113,0.273454980321081,0.140940984226255,-0.0124730144439122,0.228799149247931,0.08857806165981,0.0931620579297353,-0.0623328535313258,-0.125280080715681,0.307937136646529,0.294118863452449,0.0104960642599806,0.0989707404625454,0.0146818854900245,0.0102458571809044,-0.0516869574413079,0.0209432806551155,0.00301616827818536
0.0818020164476879,-0.0414247983559931,0.080943960502763,-0.0287314473037104,-0.0598568767821078,0.0180477320775588,0.042495099469832,-0.0807696421652328,0.0371757893747528,0.558991647317481,0,0.662951222113942,0.57570124660845,0.460009933299131,0.456272619707161,0.110000707912761,0.188476117959463,-0.161527934832112,0.375186182743303,-0.14235441081976,0.24930253323789,0.11462664717313,0.210301433073942,0.224796972796181,0.210955217342323,0.449844664816307,0.164981008948408,0.211115934562636,0.370499665029312,0.140579223922927,-0.166317126824046,0.089086434559657,-0.306125094108417,-0.080646998549722,0.0810965579550406,-0.0176639080741875,0.227963850356955,-0.064263993392313,0.0100006649603697,0.11578913223465,-0.148708190261961,0.0262596712283971,-0.102280229763999,0.0465140152786492,-0.0946457793598613,0.0831806236892415,0.0554505471642014,0.113135688041359,0.150914887384379,0.0635926257608731,-0.158721582560285,-0.0180822453928862,0.0341620882079316,0.0273204950727496,-0.0545762056973395,0.0688977003310973,0.000756535887174422,-0.00335006195488569,0.511904552326777,0.705888316012147,0.52786650601818,0.573696790487813,0.503059773828616,0.466680241134602,0.349144301351733,0.446045536334541,0.0532626488628793,0.260181282310298,0.0866940128402084,-0.232270647070021,0.0801351961921742,0.298202369484837,0.276698223684588,0.2400625107359,0.439161500618403,0.507217064837369,0.396892292700627,0.463640716079153,-0.162991942863994,0.0114263040067982,0.0258157410272451,-0.23489175811705,-0.129089625098346,0.13382272017091,0.044933669681544,-0.0815511692897514,0.198131966461926,0.137008372666987,0.0334887962587948,-0.0948210316678356,-0.206222209846851,0.197824941528099,0.17056599239145,-0.123899964331764,-0.0629628808858355,0.0147314490473225,0.0513022675415069,0.00421900261689094,0.0933197292027966,0.104071841435154
0.133819485642382,0.0974057890272877,0.206305948132744,0.0439513195561562,0.063045680633179,0.095399257176536,0.0990335806522696,0.051054891434932,0.14521640560235,0.578126222007588,0.662951222113942,0,0.410050948955508,0.298929755631216,0.382232557239457,0.224656173268757,0.229202118610649,-0.146501530840765,0.250160683460465,-0.0893193625968332,0.290368916534657,0.22633078004153,0.173865472139849,0.396485476491461,0.280742793648045,0.538660274549602,0.219140209844898,0.198353180929027,0.432818118135729,0.195951387016961,-0.210052286521915,-0.0602644770437961,-0.247624839541631,-0.16084221595883,0.206365545672111,-0.0215956830790891,0.185152542179954,-0.107448927048248,0.00605126358153128,0.172941993833579,-0.299697897698429,0.129012304421514,0.0237422243175825,-0.0241502051962234,-0.0660123795922613,0.0487278462960755,-0.0422929568910267,0.00660596912070636,-0.00753442950022039,-0.114705471003722,-0.00382620300203695,0.101896872779899,0.0832858335444769,0.0895592582422943,0.0742659556759906,0.17113198429128,0.0619637989077658,0.0546496781750193,0.53311569532979,0.665938564249887,0.657903520332807,0.347085249134069,0.405975008197478,0.281178445730365,0.257865275253379,0.338676626848787,0.0132788975954932,0.200531017607244,-0.0233908874093331,-0.260718876426224,0.126381819859325,0.393508587666872,0.24038331253482,0.343654773927332,0.562098560810509,0.619654039276276,0.442723062313862,0.487880482959686,-0.209464241399276,-0.071275433697162,0.0242810138475144,-0.438229989230677,-0.165805044814761,0.190239203404233,0.0389073769403046,-0.145871633803473,0.170477327185746,0.08875714785232,-0.0305312453606536,-0.152582333088812,-0.232173734035944,0.168953740635678,0.147559792529854,-0.122671272934207,0.0289928033489753,-0.0601180571529239,0.0139096829809057,-0.122981212148193,0.0120126944082718,-0.0940321368556483
-0.146479492338978,-0.106040486136425,0.0052183096580495,-0.014269843679129,-0.154110815991534,-0.0799506611219881,0.0470196531504454,-0.0374872200166054,-0.0256247800470534,0.43747154452892,0.57570124660845,0.410050948955508,0,0.529054455743281,0.404292084961128,0.0932656463615293,0.241871784812073,-0.111204591338375,0.409169606772212,-0.17632323672954,0.158821230200128,0.23486086887506,0.264870403653501,0.149514738521727,0.0965863911216156,0.298874213170688,0.226161866507269,0.214743239668684,0.352087501257821,0.245416491824782,-0.0937529632791543,0.205676558700281,-0.236403046370519,-0.0251836651154075,0.167664785843843,-0.0838748974370916,0.241781686393295,-0.0201385148065203,0.0937613413244378,0.120755554821448,-0.164974650048899,-0.00108471176746089,-0.00240223314928679,0.115336023402698,0.013595913730145,0.172207398376001,0.133124659008279,0.127260777775517,0.0202096816744835,0.0563867076797912,-0.199073776933948,-0.0647262736741831,0.102405631523495,-0.0668960356354994,-0.147651200294283,-0.0163460667525707,0.0628503668335496,0.00548849213953553,0.342727151389101,0.490163805072091,0.384200050662002,0.78751981177242,0.592660809151633,0.52882856066697,0.390926538816237,0.367170835377922,-0.0828471025214956,0.344970084774334,0.157789431477932,-0.198853383495847,0.0359934441830018,0.319733720208494,0.282732773732102,0.145318089502945,0.353067466934686,0.295627693855415,0.312354495650499,0.383642753334275,-0.0944420948143541,0.0994287850214453,0.0360920690176382,-0.22968133533011,-0.00331398298056538,0.18044798000669,0.09859586583095,0.0140516005645236,0.164760325729397,0.128563552571781,0.0179407392006125,-0.0915119845092908,-0.116222245938126,0.162247016651382,0.188190025450401,-0.158663815536677,0.0405331460910804,0.0746727362608948,0.132669830083264,0.0347472252005926,-0.0372824175026902,0.0642740280716103
-0.182242149220919,-0.145396634461171,-0.0947562769610736,-0.034993450045596,-0.17895559625539,-0.188075472796383,-0.00959888450533094,-0.156983782565259,-0.163079813402614,0.312039059254532,0.460009933299131,0.298929755631216,0.529054455743281,0,0.780904215862402,0.0190303389728288,0.343834272716253,-0.275503417996038,0.635936608557203,-0.172403156636177,0.465495390712349,0.109380455213946,0.560086737146341,0.214157391449867,0.0659879815443589,0.254239989077719,0.133813059406747,0.135078548021293,0.387466089624663,0.405957740101076,-0.141014750557821,0.296184185214821,-0.263290933770011,0.00222001166570003,0.0281294779729056,-0.256118604932666,0.142668402683582,-0.100007585942332,-0.0753236275620338,0.0891311600861085,-0.248259197821589,-0.274940954229295,-0.131587782487148,0.0176205113274837,-0.0936566600584979,0.154031491349872,0.300343845167387,0.244221806205468,-0.10170924072459,0.00195209728558828,-0.375024813993144,-0.123878447392424,0.0702261110374553,0.0642587329326714,-0.228385189027879,-0.120587387929699,0.00401487917982165,-0.137413529989131,0.198945064225326,0.38459771878177,0.24516978935289,0.440519232438516,0.631741684742074,0.744960193073697,0.719372923776414,0.737933259223183,0.0576818946778174,0.382810354949676,0.325197743180416,-0.33449524189066,0.247078490500074,0.257864045123679,0.543470597776047,0.201989658446415,0.30780514895841,0.270766393509295,0.358249520255025,0.500986201789031,-0.115397943627061,0.199735465302085,0.156263442736972,-0.291032623529136,-0.0801276720462299,0.140466982682786,0.0702373429860148,0.182578986410118,0.144421582288952,0.0483019143156664,-0.0973207430059802,0.0379915087634135,-0.121140205573115,0.0393034282276878,0.20621096684515,-0.275254652727407,0.0631557073189801,0.0212195887548478,0.187770774967425,0.203411759090222,-0.075167722285041,0.0854924619282416
-0.122092912548488,-0.117534398344989,-0.121015237023592,-0.0388614299318488,-0.116447009345653,-0.181995302629718,-0.0246723701179212,-0.159135647703268,-0.170216516156019,0.309196576197192,0.456272619707161,0.382232557239457,0.404292084961128,0.780904215862402,0,0.064023577035112,0.33540898636219,-0.233729343840324,0.576723919291661,-0.10999332495697,0.57957463767627,0.1286954854574,0.594060183932905,0.255615573400925,0.0883870636018493,0.332925688270835,0.132390210542878,0.17043526884958,0.431282016520101,0.438891457038227,-0.193772636568657,0.277805628357452,-0.254945292639562,-0.0155227034875454,0.0510098774044291,-0.229508062860071,0.140643543603546,-0.147886636094304,-0.137273578591893,0.0518886340447159,-0.263091567566511,-0.306385155631178,-0.162785737244135,-0.00433431962999526,-0.117939420870177,0.129956059608941,0.251274461467326,0.222021815150861,-0.136473322436481,-0.0741656451931494,-0.29480404918568,-0.0952255951541632,0.0759246163610573,0.111372698575569,-0.205486750502481,-0.148791712868279,-0.0249509717136915,-0.177526977461209,0.215720086315271,0.389605188063282,0.266642773556764,0.343592947913962,0.57683205050153,0.695575797881245,0.763610479243404,0.828323844231843,0.101011459084825,0.394142668213316,0.306177085918239,-0.316887471846163,0.357599195055603,0.302127389421452,0.600553154916383,0.195315970365403,0.358848933502664,0.339999421254617,0.43623148899784,0.584727176442316,-0.188593138280527,0.157200421172666,0.167186983611545,-0.291702367911753,-0.124775850336063,0.173761528597052,0.0630744493199287,0.176880469000746,0.13972925632697,0.0763834403138805,-0.109224585979469,0.0124397702063603,-0.124511449172874,0.0268788194478206,0.204161141354179,-0.290844938887437,0.0282640938736703,-0.00648016797393761,0.182008929564224,0.184442073261355,-0.088955792576239,-0.00679604107362874
0.00727758823487259,0.203422727259398,0.124203169505889,0.292820646090443,0.156847555079967,0.0738359715236233,0.529335655013221,0.441499018128335,0.123626564952344,0.23097480160789,0.110000707912761,0.224656173268757,0.0932656463615293,0.0190303389728288,0.064023577035112,0,0.204896019825313,0.266799508630577,0.0527611603373141,-0.0568338911256728,0.228953272734941,0.274527582703594,-0.0861623382359283,0.190612772993986,0.255303909852059,0.224367103468127,-0.131609516567841,-0.201155019690551,0.227912621001703,-0.153699782924849,-0.0614789437476183,0.144698327361069,0.156659300489245,0.0555806966305724,0.163992274132707,-0.196357067515734,-0.122196154091668,0.0157094968096156,0.140204777155148,0.229151558504529,-0.298841061147146,0.0474237699175377,-0.0293298766370881,-0.213476078806262,-0.213492953168604,-0.189789174461232,-0.228123863274848,-0.244003886336736,-0.322830941532487,-0.301941509644397,0.341364056542841,0.355842342959386,0.613690075983109,0.303816058846972,0.101223212977517,0.0945513705661921,0.443006561588182,0.233831942721343,0.167066389674007,0.0941725893970185,0.128564158930099,0.0868614084389531,0.0539661169820911,0.0217994098766332,0.0453367274740302,0.0599857026405599,0.193054815660908,0.188212415523638,0.0566445339716941,0.165517895975992,0.116020362194479,0.463147571551097,-0.0420067660289699,0.271861542615398,0.332783623726063,0.197030660757601,0.210694704221337,-0.0239941449833002,-0.0619542037855103,0.0311478994188114,0.0423463310047774,-0.264698493889068,-0.267812350496964,0.232402500784485,-0.172253141201762,-0.143886411827876,-0.134481504742174,-0.200470461554559,-0.196793785246076,-0.159145822049952,0.0835016314749431,0.210716752553391,0.28390464135698,0.075069667957315,-0.0263267932908395,-0.285288848717287,-0.203948330327588,-0.336531017112438,-0.183330686915243,-0.285259118845393
0.0753779545961238,-0.175141037986326,-0.0689760998573392,-0.135587381699848,-0.0484722877165623,0.0144993270046025,-0.0453378010611633,0.0231691808740308,-0.111133998653798,0.264912772834948,0.188476117959463,0.229202118610649,0.241871784812073,0.343834272716253,0.33540898636219,0.204896019825313,0,0.323052917491256,0.5348488934306,0.178074109263604,0.425593117344292,0.465599508836681,0.545980697329595,0.552840412530466,0.0867019585604321,0.354100556842171,0.153357983343295,0.203321158590259,0.310233906098432,0.290439174609034,-0.0561569875295748,0.0677108010064603,-0.121332476822469,0.534135777061373,0.493218700656662,0.00417494484717261,0.237478858063048,-0.305177918659618,-0.165348739655406,-0.0222734588556681,-0.0520939562633457,-0.184213104863881,0.138901639113712,0.0707670116031774,0.0912563476895674,0.187220203918487,0.316281835846878,0.266949761938711,-0.0705216967920048,-0.0173585610792324,-0.199850615841964,-0.150458742342698,0.0603358633402055,-0.00657892690292548,-0.0234270799719957,0.0188668242195907,0.0122088160160012,-0.184872555107518,0.142904004347211,0.122694614009005,0.15017683639479,0.205675062091947,0.258130315396158,0.345696779280822,0.397904964845026,0.267786450734096,0.0534113857992398,0.597624789746151,0.543454837125801,0.0509466333684387,0.36829347816135,0.471282660366434,0.554001636302272,0.0264199231657062,0.493438886313397,0.341378602975679,0.425175962225664,0.293685648722854,-0.12359274063099,0.0141793595056326,0.481120669846878,-0.16663181521666,0.0415396176590714,0.469549414995462,0.0880423073836413,0.334220213025107,0.247648833089241,0.165230391908988,-0.0222470257132931,0.0892274951053302,-0.0547951914250251,-0.157278682336401,-0.0247568056294219,-0.235806035379035,0.0898859269663024,0.0725578463249779,0.157040244767706,0.185465038103138,0.0829593646645277,0.00830551763051083
0.165289502197072,-0.00695802682984401,0.09315400088133,-0.0292536627890499,0.128836890084679,0.271207267251196,0.105871728737553,0.355002929659551,0.212039946639438,-0.00654764555501469,-0.161527934832112,-0.146501530840765,-0.111204591338375,-0.275503417996038,-0.233729343840324,0.266799508630577,0.323052917491256,0,-0.0527141099032733,0.464295542132654,0.0211494620439195,0.249641197940582,0.0585485558093407,0.0581479639034509,-0.00291160900268259,0.0689428175366277,0.0931759174752975,0.0536757314678943,-0.120956659117077,-0.180507266419007,0.0932910539283654,-0.100480169731271,0.180919379179412,0.542956926439043,0.387536959940622,0.385680191489069,0.0315747671957238,-0.207553276022926,-0.13581212503039,-0.236863434909787,0.184634329392108,0.0441436327946112,0.12924115951081,0.0711777650355947,0.201844238107598,0.0498682990773775,0.0159613869928829,0.118700895092578,0.0485510983294634,-0.0870733295034027,0.251469323682199,0.0222215964193061,0.100958102064795,-0.10270236878193,0.147853679932336,0.206542942423788,0.125243060985851,0.138000498671999,-0.00200374882126009,-0.170942722624804,-0.0969296188523005,-0.0556477734537289,-0.212966705124658,-0.172847717769308,-0.173158235766682,-0.278736843674287,0.0337284472769203,0.16254693390325,0.16600660881646,0.616091696943634,0.213560213863555,0.129953888389528,0.0509503439330651,-0.230436494240477,0.0122289202181208,-0.0417838720615276,0.048659851083511,-0.16439714906972,0.0378383047238691,-0.143600431052544,0.145295709125401,0.199072220316301,0.182814250456291,0.257138548686739,0.0522028181175983,0.0749481790349949,0.0566612127336166,0.073001957343052,0.287717118505596,-0.162589321087307,0.156003795493614,-0.071503362204882,-0.116946966808325,0.0280444320543819,-0.11196685703453,0.130789377151233,-0.000735083141803274,0.0830863212381316,0.232957578150464,-0.119279784717605
-0.141507141077141,-0.22133934374385,-0.206996436306102,-0.136443083398524,-0.189328615036678,-0.20452819434061,-0.0973386361933929,-0.221032899065779,-0.281205337039414,0.281862455406438,0.375186182743303,0.250160683460465,0.409169606772212,0.635936608557203,0.576723919291661,0.0527611603373141,0.5348488934306,-0.0527141099032733,0,-0.0218478694314667,0.547710550199103,0.176295549566762,0.505487950154422,0.276996718257958,0.0887602716237588,0.219130565403199,0.148835552394092,0.176330948685501,0.417361366165636,0.32640651570287,-0.0697716369454184,0.245952419754724,-0.228931172963236,0.126582680280604,0.115733647888714,-0.233853797703219,0.136811994643553,-0.0895591044441546,-0.0866062288731075,0.0141575370918536,-0.17420036249841,-0.188062559556585,-0.0506939940330719,0.043633998390736,-0.0403638442696577,0.15976071856188,0.265013441969807,0.190919898608252,-0.0998966976032658,0.0321519615576888,-0.293032513205155,-0.187787945601224,0.0816504771066128,0.00120529694596253,-0.221571993553557,-0.18083582947543,-0.0811487508447828,-0.299481103409608,0.181130564385427,0.302155148366848,0.182851454714327,0.396846500249507,0.438200497106507,0.578964175121356,0.605299134020609,0.509062348990773,0.0095976488906078,0.586903262819294,0.403134959766649,-0.211951156302759,0.359934810189509,0.27368038645178,0.462117897086092,0.0879337077357761,0.405764277613887,0.228434752711251,0.396243625385785,0.370874545560024,-0.0554710816393736,0.149425365872225,0.173139774934064,-0.277921211715738,-0.0201149146850603,0.19451344195944,0.037029167980265,0.129668698754073,0.117946204977604,0.0390249199561682,-0.182079514730389,0.00922692979125766,-0.070151149831804,0.0297232116394201,0.0890322950171727,-0.199606511249257,0.116509677235883,0.0180508978171931,0.154840301618687,0.112404526700815,-0.0534342658618737,0.0443622330833747
0.237929505584541,-0.0758668513616452,0.049324957612484,-0.0897655482793942,0.0521457286773477,0.26011161774125,0.00618824923061254,0.117767386351987,0.185027352905286,-0.0110081869025081,-0.14235441081976,-0.0893193625968332,-0.17632323672954,-0.172403156636177,-0.10999332495697,-0.0568338911256728,0.178074109263604,0.464295542132654,-0.0218478694314667,0,0.175064493844385,-0.00791940071851259,0.119792884949228,0.141839689662508,0.0165084242379334,-0.0640400197317542,0.106173470478711,0.0300175071001887,0.0648040481658434,-0.0902434641190856,-0.0158726984078498,-0.138720061897481,0.104098268271418,0.251523505138414,0.159300471502899,0.357440631635974,-0.00572745281781842,-0.109167532452434,-0.0887279037951966,-0.0645864347188254,0.183949535883008,-0.0714849173371314,-0.0533189472376106,0.0558619905027845,0.178260587016372,-0.000983971518112007,0.0138000159923285,0.0972649504546368,0.0971393750665529,0.117417002135625,0.0856703636214586,-0.111963873815104,-0.125625840974797,-0.125470705727179,0.0861090334346431,0.223824443177153,-0.122966264425408,-0.0334750803980985,-0.083021205002937,-0.194749535636361,-0.123371846149209,-0.195535436130654,-0.148408715341873,-0.185915210152754,-0.131057043740503,-0.165884685670299,0.0963069699561988,-0.0347414861432638,0.0602434616978221,0.40590200810688,0.385475859969626,-0.0274408120286401,0.0562932271101491,-0.0289800375654983,-0.0411634913210687,-0.0890636487925924,0.233770261746885,-0.0423774457130693,-0.0471646500044803,-0.227098037429604,0.175260172599766,0.178916306427215,0.12847449318279,0.066971967527351,0.16904413417009,0.103998235348041,0.173378299705528,0.082339918098974,0.36916272951009,0.153389343992056,0.103651766078581,-0.0680331706720695,-0.0673263886338545,-0.0621233742260075,-0.0992317518012483,0.129393994300373,0.0483839462562994,0.179395380354608,0.334436774226587,0.124465555916543
-0.0333712479017398,-0.139663788819309,-0.146445902037917,-0.0538290117199239,-0.100197430716383,-0.155597197700313,0.0723887006192002,-0.0117314302199136,-0.132661386208715,0.236790422700659,0.24930253323789,0.290368916534657,0.158821230200128,0.465495390712349,0.57957463767627,0.228953272734941,0.425593117344292,0.0211494620439195,0.547710550199103,0.175064493844385,0,0.0757518089516015,0.363520690550868,0.366850723862546,0.134248978192479,0.151006360176824,-0.0935043680445092,-0.0723525773320143,0.387081944009499,0.151903878036604,-0.0638958995473792,0.300951134199958,-0.00244728101138207,0.0616957112746481,0.042107728419561,-0.28013037415207,-0.102205761471196,-0.0691312506548683,-0.0543667895138151,0.110549697814269,-0.242081984583919,-0.191202830246319,-0.107604685992612,-0.121975979188474,-0.141942223612921,-0.0597352033124524,0.00565312283798258,-0.0655726657736306,-0.260112934822834,-0.141497567137412,-0.0655136585578052,-0.120406675866056,0.0889702868235003,0.0403576527242239,-0.165557050711658,-0.0841567028991536,-0.0259675304136765,-0.200143310717206,0.0202220751724609,0.172663339046138,0.112016879361193,0.145069854747826,0.232842490073369,0.381012249880959,0.541636527982528,0.533611144851138,0.104282888336026,0.37402170716084,0.300299531457694,-0.0235827096869409,0.671069634646685,0.281436659418806,0.357601966836048,0.188056537805363,0.336953116015025,0.207518732822337,0.430516941599466,0.279215241112124,-0.0508879102749389,0.138491643278076,0.188381077492747,-0.329760311298401,-0.161518711448048,0.156516676445036,-0.102170053959233,0.00704969366789226,-0.0329161599752785,-0.081895751614628,-0.22323943159782,-0.0132626283359216,-0.0634199427064639,-0.0905027979312502,0.0929057928054876,-0.124828255316348,0.0534082165993713,-0.163415477040268,-0.0291280235280894,-0.0595747062302262,-0.106669448790189,-0.0830493903055063
