0,0.123657620450851,0.290120292673417,0.0283611829722536,0.07866847711627,0.0726899133771344,-0.0316176326079608,0.0486184564863631,0.0636846049422679,0.124042733623341,-0.0356603665775237,0.0286925006811837,-0.239827712526222,-0.253452798303649,-0.308747739212052,0.365425820298103,-0.186734259245832,-0.0091310159627415,-0.316571326713092,0.0178068227954772,-0.263605135434925,-0.214854462751166,-0.191750480633444,0.00655513340255017,0.257383118577531,-0.0066300054689947,0.0575559527496319,-0.0570908292505138,-0.0179017245114801,-0.247819260804894,0.15317987852117,-0.0221123058341903,0.157544348411366,-0.203659039544508,-0.0665347615048631,0.142643242449774,-0.0459846341269764,0.24507680659802,-0.224538562466624,-0.0539188967323025,-0.00671490541086753,0.248203530682633,0.123899159915634,0.121571030711568,0.161060252984225,-0.0490429169051548,-0.256538216111212,-0.000154432501412746,0.316961012173998,-0.0709026034148802,0.697942666150814,0.123094091574737,0.119433655021249,0.0868481238509474,0.069248170348789,0.149123233439689,0.0851102484716343,0.0549663737220827,0.110361267595086,-0.260122665174339,-0.229144946387084,-0.352001139560838,-0.237543548685823,-0.303067640130712,-0.282623641719298,-0.25272429226349,0.200156355084579,-0.343117686378668,-0.221222918763763,0.0853216911848819,-0.123282691679204,-0.171653176873721,-0.153389217241676,0.0475471740953983,-0.11420382119249,0.070403040251247,-0.0608691589655576,-0.19930910823518,0.103889408241812,0.0520803726322316,-0.223575736384458,-0.11300051703743,-0.0452057228001218,-0.0306085011973415,0.0844886821197825,-0.278752858365908,-0.0513318172591445,-0.0391230841996524,0.102049156124841,0.0179245675880199,0.0957075312618412,0.204760923812419,-0.237804373867081,0.282800758916682,-0.117880541415631,0.135462631711117,-0.100745892189201,0.0863092234637026,0.391459765410281,-0.0138688138940457
0.123657620450851,0,0.457080072895711,0.603183689560256,0.488615620341648,0.664770840287896,0.65251327653673,0.795979190266079,0.666150829997841,0.175901681370006,-0.123550082829902,-0.0366991675971705,-0.00232107366732987,0.137596742647888,-0.105487243532371,0.448412665831913,-0.0159132420252813,0.538083790164194,0.188510047795341,0.208731068507874,0.00961359067888638,0.0477730782275397,0.00621254591536389,-0.0790543375610321,-0.103894265219908,-0.266166798021526,-0.161353544971334,-0.332752805789772,-0.195794375612153,-0.206476741743509,-0.0282532006311094,-0.258975541820928,-0.0163844894503112,0.0194934580045122,0.0911247477342274,0.470985443810687,-0.170090370161607,0.222490489495857,0.239687147541066,0.286553175154622,-0.0832884111320282,-0.239882158134976,-0.0778954423485595,-0.0856953076837051,0.0616844176300875,-0.112635466327509,-0.196040780896071,-0.160535907201317,0.474449563083164,0.0439538928032713,0.254985548379468,0.800896321174317,0.544093159227209,0.463434799128207,0.672927558537793,0.606147943225085,0.754251065713672,0.716499401221274,0.0611142856424867,-0.174423061022059,0.131245540977008,0.173764838787146,0.102931483536302,0.0108187209299731,0.232948732621734,-0.148703149891804,0.230844554496354,0.197065613894139,0.0385166482004185,0.383305146175037,0.132329017785082,0.229139882511093,0.0744798924036899,0.409417424405736,0.0249668033310318,-0.275618517932672,-0.140082943689892,-0.169361782982903,-0.177057621304019,-0.344685196869457,-0.262477033870274,-0.205097840828736,-0.21345356429522,0.252492184627669,-0.0501530468543592,-0.0699974862347858,-0.106849377547382,-0.360280379910464,0.409488316181493,-0.192763791192393,0.0149196799010705,0.0386990243041333,0.300607871799068,-0.292278575239704,-0.369581702404138,-0.228938827258931,-0.155471901231253,-0.168439663964745,0.397320722789388,0.0418534309852419
0.290120292673417,0.457080072895711,0,0.149303363090822,0.292304506534893,0.482078072133862,0.390705260251008,0.507548383685249,0.517838136433019,0.15297674417489,0.117612859465919,0.288479499680386,0.198446801942332,0.225801174434726,0.0164455212318283,0.384339630750257,0.216513948664875,0.49068922058622,0.151894551458626,0.279371703916314,0.0402319770778844,0.203222694774098,0.167438655054138,0.155694479810538,-0.0113395740875539,0.161312234886874,0.106899639741236,-0.0543376973430548,-0.0247138508424558,-0.0254729180077216,-0.0818510278897016,-0.289158753658486,-0.2302795475464,0.217798826371639,0.264735302022116,0.457183324907329,-0.198231963279691,0.088804686034018,-0.00684758621785378,0.0333679557952819,0.17327987013409,0.0750197032173848,0.115476470531427,0.0501019408569822,-0.00666213392173347,-0.0238267138864962,-0.0490387943115487,-0.0615584239710705,0.511536534141732,0.178912502607684,0.238470570229794,0.580209975756187,0.199663486320266,0.0880727043361647,0.457734096658719,0.674877545702841,0.494532653987802,0.537799349230509,0.0957334532678521,0.107858337905787,0.232549999918905,0.0775979606607701,0.0490859865967003,0.00267884826360725,0.0815312018834878,-0.0238106024082791,0.218498809338014,0.0474107938298367,-0.00105394188087636,0.369743088823095,0.0738784833958769,0.0947101692746066,0.13114106837323,0.291748830240571,0.0803960271989866,0.126576439622344,-0.015215509777202,0.00774166093865165,-0.186821186127173,-0.273611193092353,-0.142283929958166,-0.0856299931632094,-0.166259784661981,0.214436431501797,-0.0784283657801812,-0.15840231638962,-0.227827934265708,-0.119217610913976,0.364826968187493,0.0356270799456526,-0.0960146640642418,0.203997130078385,-0.0186091227806513,0.0438110507310176,0.0187125484325323,-0.0542038816466376,-0.153893096016948,-0.00485338516972203,0.402108448484611,0.201349969836308
0.0283611829722536,0.603183689560256,0.149303363090822,0,0.601046277801483,0.372944963492451,0.401190199399889,0.49942670936471,0.305625694106494,0.129691314503715,-0.287893394120117,-0.217809662557119,-0.219355823835889,-0.0662838285988024,-0.218552832991975,0.308607106504598,-0.217714490312903,0.185445278446338,-0.00455614919401787,-0.0636023006921034,-0.100485270085358,-0.135784761805814,-0.121471442544655,-0.34129307596024,-0.13195610565182,-0.426942747031581,-0.33046287105015,-0.326879899660934,-0.290367766918452,-0.281920321614765,0.0770544993521323,0.00351024068201764,0.263962676390681,-0.0933187530924331,-0.155141826696241,0.0912470504616083,-0.128986733403819,0.223807727309536,0.185342609987514,0.187869668233304,-0.224928310143077,-0.16460177244986,-0.177972975372026,0.0592869231111552,0.0804387213851057,-0.163776727509907,-0.17545298396526,-0.137829028314011,0.211366686555767,-0.0178468159570226,0.159369516466438,0.543098202661942,0.518494513238926,0.753579246344236,0.439326788320243,0.290292192314035,0.460632285846298,0.329049230657241,-0.0286643648580957,-0.278717696535245,-0.0846959899265634,-0.0337799420031051,-0.0294131733369831,-0.123082110422722,0.0315189943988804,-0.23900776626845,0.0421875619689562,0.0501495312447495,0.0325713577188744,0.0719146565253182,-0.0513577343973367,0.0271281621335082,-0.128859436361701,0.0841702693831691,-0.173740919435931,-0.327186244336396,-0.213390271640429,-0.288264833994025,-0.138284986232459,-0.1666929841544,-0.275347559622823,-0.224084197447746,-0.0967690634180869,0.0348522953300912,-0.214431655192742,-0.0449665419733253,-0.11449030172461,-0.339644006791526,0.0593137034188323,-0.225711697026565,0.159129436013195,-0.122537297365755,0.208043168554416,-0.224743900831378,-0.321339661779173,-0.0545023697492802,-0.149698905401574,-0.270718612107856,0.161507536380069,-0.0458238901897535
0.07866847711627,0.488615620341648,0.292304506534893,0.601046277801483,0,0.529021943058159,0.336736753461639,0.465690099121643,0.476786231969334,0.262546770595363,-0.0124403936325637,-0.0205554500094165,0.100418551175458,0.135469262660913,-0.118179123534584,0.164843535939935,0.0355346147004497,0.231183299763107,0.0684648093776188,0.0521293488340495,-0.0989031139169793,0.176814906232277,0.0421507736256688,-0.102950603864623,-0.0012268064215888,-0.145577939454237,-0.267146056673702,-0.295517843015664,-0.242721310605565,-0.213107425386482,0.132965165281989,-0.0310620916146827,0.014501907428365,0.0812449393267517,0.0947536984818017,0.125757477004546,-0.250413743808977,0.193795288028062,0.122164863560218,0.162660110281147,0.0154350252667833,-0.221239044236318,-0.0612186505017408,-0.0331597307772446,-0.0167876120747366,-0.124021863815865,-0.00291249513088528,-0.010833289796929,0.26680956475696,0.0460036061352519,0.121390509692971,0.4836670002911,0.246105141276466,0.545759535437219,0.606496274522554,0.337519442162287,0.430818129672496,0.354146763262067,0.0475798851547609,-0.162978047364489,-0.000281307637778668,0.100730282937161,0.109385329925694,0.046557277702465,0.00934232000216671,-0.199366008834205,0.0327678970323145,0.0682143607654967,-0.0336492684308943,0.0436516538593787,-0.136759314697744,0.107346469386126,-0.0773896197995509,0.0632190980859727,-0.192509366184831,-0.22740799242108,-0.26762684490081,-0.214167092009914,-0.114399619995127,-0.139771973911117,-0.305167046774371,-0.203826857472636,-0.118127066515006,0.0622756502479495,-0.19659092260368,-0.0703541885653098,-0.228543255537057,-0.357075240800084,0.0293677762002779,-0.26846900648791,-0.0590637034683905,0.0305985823755356,0.117847883143747,-0.161175632831846,-0.2430657240232,-0.140078217098384,-0.150942597194111,-0.209864412303701,0.149265076392003,0.0409995863370854
0.0726899133771344,0.664770840287896,0.482078072133862,0.372944963492451,0.529021943058159,0,0.628970472193268,0.688355984614073,0.75507459093068,0.323582596253671,0.0492328300656013,0.146074466681429,0.269839562486291,0.353766961917049,0.0875120639585937,0.345680792368857,0.190251361370403,0.500956828807278,0.28865786677029,0.258184018635536,0.0714293031290293,0.291122376653289,0.117291008975078,0.135277528668501,-0.0750624488781902,-0.0928976464388932,-0.0890504550590766,-0.308564535526823,-0.183619669015472,-0.0778513552057006,-0.0103196833183448,-0.296923876438549,-0.112383891835694,0.121532480790222,0.317180482405789,0.457460794291122,-0.316672154505119,0.175539785141413,0.294948141251195,0.425506407714342,0.0903120569726745,-0.245437958869552,0.0268199916675028,-0.176223651426876,-0.0549348601342506,-0.0546735927997883,-0.0403851936027991,-0.0688137641454693,0.60120685701633,0.0674790933881179,0.164332767841555,0.661726641777243,0.370300302203436,0.26419181114544,0.805165710530562,0.734304065520905,0.645980889158235,0.697477626466428,0.166823712917251,-0.0889896339855213,0.267537699887134,0.352981067308006,0.27897692414786,0.180091136101882,0.293891730877132,-0.0184517967578069,0.222567078412885,0.261215110667312,-0.0160769643784482,0.255621365103205,0.120259776507175,0.355612816813888,0.0826135359941931,0.477480090313205,0.0378959109751429,-0.200371353074011,-0.198219629593887,-0.105250913439707,-0.173669549457027,-0.319012338848167,-0.266412939688228,-0.214390968133055,-0.254103670446301,0.291546340868513,-0.0160012420458426,-0.100547645389322,-0.183406006178061,-0.412682811017434,0.379636969739423,-0.233688644342906,-0.0622354800604931,0.11677741353,0.329629570640818,-0.193706162404545,-0.334732690631386,-0.328192715532065,-0.153463146884779,-0.121332922261272,0.48476173974195,0.0843470204167829
-0.0316176326079608,0.65251327653673,0.390705260251008,0.401190199399889,0.336736753461639,0.628970472193268,0,0.696544441102269,0.595289804894749,0.475274187261902,0.0387894324274351,0.215434916952581,0.265158529875735,0.427730758499336,0.114555172589998,0.448247170012266,0.288884685411242,0.521847507310116,0.430668340756581,0.275811054551995,0.153712181626906,0.154034927694698,0.157440741525513,0.211378256855495,0.020358813168079,-0.149358568371856,-0.0890016370204315,-0.316673245351395,-0.194714126549065,-0.0309712660422201,-0.0274117270977413,-0.310164346885055,-0.0143301525585198,0.0486060769475252,0.23916586731916,0.362585451096924,-0.289387867719375,0.322583205015535,0.328268529874448,0.514961216858457,0.0115118363879698,-0.29531110465027,0.0564377197675111,-0.154228636452637,0.0623856227887201,-0.0279683908386806,-0.0789539677625572,-0.111190816165013,0.457693088986438,0.042847828123459,0.133049084511766,0.61280991461739,0.419214576662747,0.203439039714932,0.581847004111485,0.557634748585503,0.642176684105133,0.610440337327669,0.2605085462356,-0.0602282121873315,0.296340711614317,0.367821048067648,0.142243092008158,0.161354999612221,0.408952962240693,-0.0213504630394973,0.20899771222027,0.356962368633726,-0.106842459609458,0.19128737372118,0.169028642951136,0.206592061403897,0.150449229110348,0.554459686329738,0.0839369741342569,-0.206363486228765,-0.278032661998183,-0.10755851065236,-0.155454952458503,-0.33820996013889,-0.404497266617214,-0.414131693247418,-0.162040428500046,0.0937390594404517,-0.0925576745939378,-0.203178026683112,-0.242565961693705,-0.454656611779251,0.290696032121759,-0.27718928078193,-0.0546961773784212,0.228057932008389,0.437636045517653,-0.211858654039413,-0.309838505055292,-0.276361052790562,-0.126732579261634,-0.127811382668397,0.355333578331243,0.038324995809282
0.0486184564863631,0.795979190266079,0.507548383685249,0.49942670936471,0.465690099121643,0.688355984614073,0.696544441102269,0,0.738012991020971,0.231248689615637,-0.0827927293493368,0.0568247982534601,0.152985205316769,0.300399280314794,-0.0446435220909639,0.385272036580109,0.133451346923198,0.67253012598267,0.311660816568141,0.272122956152325,0.108524379514303,0.224329983347571,0.154965929409484,0.0223043222589686,-0.144184637199802,-0.218204726464878,-0.149544439342992,-0.3507713357965,-0.212776332865917,-0.164247056887599,0.0639720003052629,-0.205423971582857,-0.0557260124286316,0.19759328579284,0.23687956907651,0.465409534294078,-0.284433666012852,0.197925861348996,0.245191692493677,0.278354293293751,-0.00192628034888774,-0.260075861103915,0.0117598241052235,-0.065558559823939,0.0237580858955163,-0.107909322521332,-0.109731182979651,-0.0439150911335603,0.461186585197396,0.0496467989398054,0.194461362800589,0.765266449599717,0.447407601524567,0.294721373784164,0.702886176206107,0.63627864210884,0.80371394690718,0.776501059304011,0.0395109935255475,-0.196129235515913,0.131351395013408,0.243122557487291,0.10904890675096,0.0187812186289513,0.234288350516092,-0.146705519767749,0.138599144690095,0.21659213084336,0.082829993294569,0.45499476456752,0.146906841339166,0.273843798996123,0.120424139438906,0.364361873918212,-0.0669964355155312,-0.322078698442465,-0.219751793216713,-0.175744329351124,-0.159228897122722,-0.269859292677105,-0.31602761968544,-0.252477342769571,-0.178396478011677,0.256169793920876,-0.105923701041213,-0.0677487263547347,-0.226937133654701,-0.413009138372463,0.387453610529547,-0.298880118509154,-0.0476106531456868,0.127080835066733,0.282262300238358,-0.193264900574885,-0.370368250465486,-0.219194701413328,-0.145313142499502,-0.0971075065553045,0.343133953314167,0.0519105511469259
0.0636846049422679,0.666150829997841,0.517838136433019,0.305625694106494,0.476786231969334,0.75507459093068,0.595289804894749,0.738012991020971,0,0.273465003891875,0.0231357717309617,0.162946187213295,0.212884043768958,0.357795541192214,0.104576431457591,0.286799675762313,0.136180478184649,0.589449917120343,0.272225384339096,0.308738618308008,0.107072870294045,0.185191955039701,0.169390675515652,0.069980391486174,-0.167037244208133,-0.15222412842147,-0.0693237808397394,-0.312047414661809,-0.144659699480322,-0.0670058746271025,-0.046171180433869,-0.274583609357477,-0.147635156404895,0.0860637132129114,0.195405641679806,0.632466903218893,-0.267112452421667,0.152717764869456,0.169241191310868,0.248177619477734,0.0850901586712083,-0.25708172581054,-0.095539088721223,-0.117223909260978,0.00518646601320867,-0.0173818328540467,-0.0834390353309246,-0.05832978510908,0.541510363968187,0.111792798822757,0.194245757921275,0.684618574826687,0.369100715920054,0.253593887331435,0.755577215912592,0.68786201067661,0.733094313317661,0.815808284659182,0.197394369125655,-0.117468621122197,0.280729321078494,0.313826270071844,0.226132489368101,0.156302182591446,0.333914373114859,0.0105614021130731,0.284933455391615,0.269460658286559,-0.00753714688700935,0.394517720818579,0.177207956710477,0.261052663722198,0.158869645925023,0.49682539497384,0.076288594646546,-0.264845967049798,-0.112258403687989,-0.102736596134101,-0.128009887366393,-0.274829663608924,-0.257009905436626,-0.11282275921761,-0.246665088584555,0.238832069844611,-0.0273201704913906,-0.103906045787191,-0.171780953236542,-0.411067929741955,0.509408268108229,-0.163069629926314,0.0120797546858553,0.0856967880377936,0.26192567194113,-0.222655757234071,-0.434470804996242,-0.2428080304331,-0.141475732527644,-0.0899008115549988,0.434176113943162,0.128939275793505
0.124042733623341,0.175901681370006,0.15297674417489,0.129691314503715,0.262546770595363,0.323582596253671,0.475274187261902,0.231248689615637,0.273465003891875,0,0.25705342018012,0.440586078548392,0.279802592437134,0.326896653363026,0.0428404385111776,0.256590615816406,0.326739188236866,0.139843247871822,0.2333388995098,0.0508770363568927,0.00234423339870735,0.0506600505532598,0.042812735341604,0.324223035338521,0.338162734108404,0.0241148633869512,-0.0954699432675747,-0.233457252424069,-0.137964021006132,-0.0316357880434477,0.120774995284662,-0.145281774311918,0.118639547975907,-0.0729067722545391,0.155814570903813,0.0679971937773532,-0.215220582180354,0.449816197295084,0.188263274811606,0.432030289588796,0.0443822701691783,-0.0530692576822013,0.181496551439184,-0.106001040783846,0.160183903573979,-0.0879410622966986,-0.0654875221787553,-0.085233494886988,0.190562130805433,-0.0969064900729611,0.135082279789824,0.0929083883835709,0.0746633246712808,-0.00827202065918479,0.221116692426091,0.195927477452443,0.174575702616811,0.173967716578489,0.641655660844169,-0.0344338196051886,0.281254290751455,0.225633752739175,0.0417387757677029,0.113261007881011,0.238720236773703,-0.0904107707159731,-0.0297332102468048,0.187302944501084,-0.246953636790435,-0.138467787109706,-0.0716996543215757,-0.0924807931181799,0.0329417697963493,0.352511634184933,0.0766140624125925,-0.00748948715453145,-0.265716582705317,-0.173184448475504,0.0303568386488402,-0.0881802211196168,-0.439741956753421,-0.513991282433653,0.0465617182361428,-0.268133682918124,-0.121818024494246,-0.37505407462569,-0.20270075153608,-0.418151019704012,-0.101586139598899,-0.342252669096768,-0.176009879011116,0.398097468128263,0.227206366317808,0.00417183155860934,-0.194458425989018,-0.129091853118685,-0.165759334224429,-0.171099948283467,0.108907982268081,-0.172585543250972
-0.0356603665775237,-0.123550082829902,0.117612859465919,-0.287893394120117,-0.0124403936325637,0.0492328300656013,0.0387894324274351,-0.0827927293493368,0.0231357717309617,0.25705342018012,0,0.658587139200158,0.571208029815441,0.371929712139434,0.277987594474615,-0.137580142010629,0.537507015742747,-0.0152408244701073,0.36026054053398,0.0388688741638408,0.150092178405359,0.288534727076955,0.0493087415750359,0.500093028695673,0.171453495073075,0.621124800462025,0.131158770845674,0.163038798846443,0.291778918157893,0.19932289560538,-0.0251102836103364,-0.240737246237475,-0.244740037816959,0.127157066692417,0.229494367956193,-0.00618853511974934,0.0666449166313517,-0.16330202680865,-0.0377654636347128,-0.00445599594549882,0.203097726219986,0.0154494469940156,0.146030576568448,-0.162988347268113,-0.240963168373931,-0.149914909266236,0.116795833780411,-0.162703165426301,0.0174985893260742,0.0268849514362037,-0.0591277935012128,-0.120765245943356,-0.274238278282147,-0.328729712899486,-0.0317405546631607,0.0659428092974861,-0.135444405754981,-0.0315901734431246,0.291035765367539,0.55126442298587,0.50911363149717,0.315086575144644,0.0695421624620365,0.11348449963854,0.0368728843760181,0.133626689970695,-0.136350157026173,0.161535730844943,-0.145434254505549,-0.159376912072251,-0.0668046900531032,-0.0804144163791261,-0.0852333796254118,0.0592739698333873,0.339252930365669,0.467021879815887,0.125507269759351,0.191593796939147,-0.219325287264084,-0.143016163931475,-0.114822121985245,-0.22407728676835,-0.221663911147953,-0.0893782106111525,-0.0212997945191533,-0.321782160573276,0.00726650512926593,0.0224092240183359,-0.0814181228509729,-0.0761341261830784,-0.242900258414693,0.213897301898657,-0.0699729907256477,0.0676141200532537,0.200787717323768,-0.239680053486718,-0.218573002164597,-0.257650347763566,0.0157530800908157,-0.0735576730530833
0.0286925006811837,-0.0366991675971705,0.288479499680386,-0.217809662557119,-0.0205554500094165,0.146074466681429,0.215434916952581,0.0568247982534601,0.162946187213295,0.440586078548392,0.658587139200158,0,0.588511993838517,0.522709492730438,0.396493618309397,0.0757160609101156,0.585133381230194,0.153653704052033,0.406046408622489,0.0649687770155478,0.226391632525326,0.206543943227122,0.222939357639874,0.473792760056184,0.142590730639231,0.596339384168406,0.172019379265185,0.192200623173216,0.188399623294538,0.339716390307473,-0.0817809846567633,-0.213444856054324,-0.140463610876284,0.0661286462137487,0.193815586520121,0.148225861438357,-0.0694953153989389,-0.0220082788039409,-0.0744533269689752,0.0857788857163001,0.104266604312207,-0.0017484930709022,0.108629951204972,-0.0843972320294029,-0.229392000464887,-0.118356521433856,0.0258325501975597,-0.154604450046867,0.169346500583479,-0.0332181939370172,0.0112525761593661,-0.043441647702467,-0.173526778175002,-0.329070424940043,0.0541004580251322,0.204877513643344,-0.0451191962641215,0.114219041198589,0.471627626104885,0.465715794620817,0.601208123660157,0.389690537815841,0.199951594376664,0.253308285252729,0.244380404101562,0.269078430910085,-0.16049197098818,0.276809002613771,-0.163900973522218,-0.0838186146670524,0.0319411937274048,-0.0239841282506611,0.0912797953686548,0.219136108359026,0.440991247780134,0.485115219540227,0.0806200995793361,0.282632530120284,-0.227581153930988,-0.176260124505224,-0.150225135848631,-0.367933881411391,-0.295126469085069,-0.0766785895245453,-0.0217527500150453,-0.405516308709649,-0.121268092220471,-0.0560669692113219,-0.01792294528626,-0.145346454107563,-0.261107231273427,0.25941121679772,-0.0755162131800488,0.123270303891089,0.106029088434302,-0.225204588848286,-0.256335071815884,-0.212169573839025,0.0704286323465338,-0.127381236044279
-0.239827712526222,-0.00232107366732987,0.198446801942332,-0.219355823835889,0.100418551175458,0.269839562486291,0.265158529875735,0.152985205316769,0.212884043768958,0.279802592437134,0.571208029815441,0.588511993838517,0,0.666153778915557,0.453083447401747,-0.0574380679106407,0.673730416037413,0.241142896569419,0.56910034386816,0.170189966988456,0.320182997901767,0.553260184991237,0.36420511950597,0.390250364028065,0.0878883066079462,0.530563124439493,0.126666899373605,0.141593308083037,0.204684315721837,0.36296167628047,-0.0353005113375041,-0.0656787895703609,-0.267836552194823,0.361482343160461,0.390892133816249,0.00286287567078555,-0.13980356602224,-0.109345008575938,0.0330162221063918,0.149017162369983,0.130707981142734,-0.165506001177516,0.110862068289859,-0.219721757912079,-0.332411466435723,-0.14206184610909,0.225221449904511,-0.0126472231082762,0.0865789284115551,0.0285080331405325,-0.248004894131376,0.0423536217336306,-0.182964612919404,-0.330117203067698,0.176983526243914,0.193142083480914,0.0629865158004454,0.153638836063885,0.217088456261368,0.510907457876796,0.586925586928658,0.654236968899501,0.363499123904956,0.401246447107736,0.259420606283187,0.303618587751887,-0.177457848786049,0.372752080539298,0.00217491469770541,-0.0140210760529884,0.0344960777139752,0.253143040587522,0.146773021140564,0.144125006648986,0.282202302372991,0.320450769559049,-0.0387617943729382,0.339733135194578,-0.202433034984396,-0.126890776448383,-0.0887912231948505,-0.243606181139027,-0.281886200319504,0.0877249450225192,-0.0469579683488603,-0.200543199521133,-0.158039337135072,-0.0717993490749312,-0.0925505394529782,-0.240674736397259,-0.301343027561525,0.234287703307483,0.0852017957661016,-0.116614089328633,0.138267474225503,-0.400034046707514,-0.187090973155133,-0.151698081455106,-0.0438592501045861,-0.0491968506471353
-0.253452798303649,0.137596742647888,0.225801174434726,-0.0662838285988024,0.135469262660913,0.353766961917049,0.427730758499336,0.300399280314794,0.357795541192214,0.326896653363026,0.371929712139434,0.522709492730438,0.666153778915557,0,0.646296405213554,-0.0174708321122115,0.643963824829685,0.4399203674548,0.716357301266859,0.382335875167939,0.614899115676039,0.404771893560142,0.623966831874978,0.290514154384938,-0.132228100012863,0.246193254695799,0.102749910401015,-0.006341165727518,0.228043238508846,0.398136282672157,-0.0977466688998826,-0.165548339115271,-0.155546540014087,0.323749709234806,0.301178161427772,0.141562923957843,-0.198489500788977,-0.0561110052852233,0.167779337633356,0.261035987779331,0.14543774858566,-0.349003118815407,-0.0784216149836691,-0.212959161795568,-0.283142835401038,-0.0107834137071269,0.343584085074179,0.0854297051120588,0.235110454290298,0.0883189543834273,-0.146665810047939,0.18314154541278,-0.0486220763494192,-0.218053498210434,0.321884680697619,0.309372194532268,0.175845912385761,0.294967292836796,0.217895984907275,0.288377163200053,0.476329539418755,0.606029480219701,0.406152711114021,0.440049032867734,0.476623134590557,0.419353745835431,-0.165036788299457,0.565879341251517,0.104034475565574,0.0666309517682079,0.331195944562662,0.280306526502142,0.313702710449322,0.281191046737176,0.234610934840272,0.0836642610745355,0.0618282977084249,0.310248007996321,-0.240390034513011,-0.219858073887305,-0.166477027999117,-0.335291948643531,-0.321811869143114,0.0423717843167665,-0.0594617828079907,-0.0997016558001629,-0.143453986928539,-0.241315065702421,0.094634274778416,-0.326518380609924,-0.214222080563622,0.174620174230478,0.194528724813833,-0.139088964654263,-0.13798551194317,-0.350541708957773,-0.0809567815141851,-0.0397605813987156,0.141351934453605,0.0291317555577633
-0.308747739212052,-0.105487243532371,0.0164455212318283,-0.218552832991975,-0.118179123534584,0.0875120639585937,0.114555172589998,-0.0446435220909639,0.104576431457591,0.0428404385111776,0.277987594474615,0.396493618309397,0.453083447401747,0.646296405213554,0,-0.193321980589857,0.347893884145061,0.23514735890867,0.417168462032046,0.390211870975302,0.646449670167609,0.181858422236956,0.594809702922764,0.125924351498622,-0.202971216220858,0.234842446985578,0.188095199397615,0.236276661323692,0.302057102153374,0.703711584711628,-0.230336107193267,-0.139784830178233,-0.138092657931863,0.112848121531743,0.0642873302806218,0.1125048812142,-0.0843110793334401,-0.234575881420642,0.0216230879822878,0.129134201839027,0.0260559993915189,-0.271722539875117,-0.241768474696647,-0.246283347573313,-0.297876330756471,0.135884813026612,0.305245342255779,0.0549627765421419,0.0561660031534485,0.00297816182370107,-0.2575188840976,-0.0504871476584467,-0.17774857114289,-0.261376521212252,0.0790980528472284,0.114141366724212,-0.10754010655343,0.0414345234904069,0.186336785853488,0.394843828840437,0.486884769548979,0.559636284822399,0.568737612151508,0.567655890293092,0.575965977957343,0.797160558064386,-0.0857023251527569,0.480478167641708,0.182111269784989,0.00804574132951437,0.557754636898776,0.286785589259885,0.510135738345185,0.216385160736732,0.431208988485854,0.202500521180023,0.30693891251063,0.598738716212652,-0.227623844738498,-0.158876096729511,0.221645809277974,-0.0205415795848024,-0.256672298147268,0.0304450245175436,0.0719935101270407,0.129955267938435,0.00398168767218602,-0.0094074787841407,0.0913352709084958,0.00773900937845735,-0.177879276311751,-0.0653022997633829,0.0449866576325845,-0.176688769676267,0.0310904764219827,-0.312367305015698,0.0571838457612701,0.0713614736411814,0.0238213434729386,0.00113118055518061
0.365425820298103,0.448412665831913,0.384339630750257,0.308607106504598,0.164843535939935,0.345680792368857,0.448247170012266,0.385272036580109,0.286799675762313,0.256590615816406,-0.137580142010629,0.0757160609101156,-0.0574380679106407,-0.0174708321122115,-0.193321980589857,0,0.0508012581386282,0.321214796319989,0.0416229868055755,-0.0045998568392693,-0.20837693821536,-0.00698303694351856,-0.126755792262153,0.0228411980837312,0.225728546585363,-0.0645794988717193,-0.0442820640781613,-0.0645172252192071,-0.215785230772436,-0.0742434002740103,-0.143125217780478,-0.26363652918751,0.137243705850776,0.0169815343799152,0.0988307581101637,0.298800373802446,-0.131548132428637,0.346235744055444,0.0313416255874086,0.248285057477072,-0.13686171954982,-0.00410908335596436,0.132394956294653,-0.0575162446699414,0.0302990511651488,-0.0671989927180248,-0.363870409673592,-0.0820643216477182,0.34188207947556,-0.119461123864102,0.386898382028083,0.409423671852291,0.539425364206803,0.259423083731012,0.302824748406805,0.33224536311585,0.415655130906772,0.338457314119365,0.244012358001834,-0.113027937807319,0.110874642794028,0.0127777416579131,0.0048832132810255,0.00659357717473704,0.156098789926077,-0.174938975609765,0.311978359291195,0.0487121564621784,-0.0499801643467045,0.226788454184071,-0.0893738975721183,0.0517803949916164,0.0766870580134015,0.339383872618849,0.150557156026103,0.035079788293199,-0.161157609801404,-0.0461319342298601,-0.0774935211372586,-0.251194199936412,-0.130245601896295,-0.174885764595953,-0.0581713390426705,0.157395738353329,0.060502622068692,-0.199386710470415,-0.121865376980892,-0.0818669649564235,0.153272360557157,-0.0324786669436302,0.0789096197486921,0.114033366001348,0.0485427773184144,-0.0717870446442792,-0.104425212351734,-0.114384800553047,-0.194012923259075,-0.0711396990763224,0.290288227662151,-0.115748985218045
-0.186734259245832,-0.0159132420252813,0.216513948664875,-0.217714490312903,0.0355346147004497,0.190251361370403,0.288884685411242,0.133451346923198,0.136180478184649,0.326739188236866,0.537507015742747,0.585133381230194,0.673730416037413,0.643963824829685,0.347893884145061,0.0508012581386282,0,0.256241871577728,0.677050581024453,0.175229423218126,0.36568645060553,0.507643882704148,0.389098037935982,0.521815011113494,0.123902583577031,0.491134973419148,0.123963771136526,0.0592237325190493,0.269707363643717,0.25280235861409,-0.0872929686045528,-0.196771212967986,-0.258046836341069,0.443739255132763,0.418620107478486,-0.0697424879627662,-0.111455994804006,-0.0796363959637274,-0.00120553567242225,0.0761749122340727,0.162408864744222,-0.163959031914394,0.140363933985294,-0.234043717359653,-0.272152959432813,-0.0905049893692707,0.266540983115036,0.0233769377311581,0.100564607954467,0.00852868765351881,-0.152712281461652,0.00576382267080388,-0.176251963453344,-0.356056076317991,0.107989842373035,0.179659130840067,0.0185141136362741,0.0672526826851692,0.200805735858203,0.400491131187158,0.41792179389383,0.429121321372213,0.11465418825823,0.249794360138682,0.171762880029893,0.127074885954269,-0.246048366543791,0.423149032073459,0.0125497784388744,-0.0357516554868074,0.0428772931318649,0.124879845113559,0.113617014348558,0.100254109094219,0.241170254715262,0.335409194104699,-0.0140896815580334,0.242017559278996,-0.177198518299898,-0.154545416021214,-0.175861451451639,-0.380188468372103,-0.125860273377607,-0.062542318436573,-0.0729923312751462,-0.277324144043463,-0.158586600740854,-0.0572251586585017,-0.130880846980676,-0.303902423814056,-0.29786614182384,0.30921326262327,-0.00486941800653512,0.0708427835990794,0.168714187025501,-0.289525876307117,-0.131532747636778,-0.0997051499115094,0.0051828079599967,-0.0813561933135799
-0.0091310159627415,0.538083790164194,0.49068922058622,0.185445278446338,0.231183299763107,0.500956828807278,0.521847507310116,0.67253012598267,0.589449917120343,0.139843247871822,-0.0152408244701073,0.153653704052033,0.241142896569419,0.4399203674548,0.23514735890867,0.321214796319989,0.256241871577728,0,0.440942793824379,0.560535059502497,0.354135214674624,0.328059843352419,0.442244909045871,0.0105846024611852,-0.146085397334288,-0.0604451488834842,-0.00318563298894688,-0.0795588434797675,-0.0951578415156537,0.201531413101658,-0.0742895717052441,-0.320714061873296,-0.160181434012029,0.452187142511853,0.258819891231534,0.484985149058684,-0.346510254030617,0.0286275212961476,0.113304018341483,0.147655244848689,0.0520877055954025,-0.24869660485113,-0.0501222332700824,-0.163201011689146,-0.111132285978561,0.0319241114707516,-0.0274622335667104,0.209922865929077,0.408825498135962,0.0188208386886715,0.0437012752527473,0.525907110034463,0.351252707970931,0.0573444921834561,0.488803894305566,0.518643068699933,0.608347119560861,0.642469300851646,0.0751121299796769,-0.00504681219377923,0.233469172140575,0.344370382769503,0.307161864598129,0.276234600093352,0.451011420313998,0.154664822953141,0.136745882645456,0.40870877402304,0.373144579177793,0.690378740650867,0.450197201775272,0.364087611910746,0.503845366730983,0.31658719119607,0.11292839170709,-0.154276728828455,0.0105809881498883,0.153534421342129,-0.173124285049126,-0.383998176659214,-0.0281961995643992,-0.031066463119534,-0.196144920797107,0.285247869044349,-0.0483978303683924,0.136995177625422,-0.225362969402672,-0.211787326720353,0.351016102691935,-0.173567115599512,-0.087577202854168,0.0667814222936738,0.131704959319357,-0.231538999015824,-0.20653919995031,-0.297912173796626,-0.0631208774484565,0.185406208972511,0.277223920175679,0.0252594088012798
-0.316571326713092,0.188510047795341,0.151894551458626,-0.00455614919401787,0.0684648093776188,0.28865786677029,0.430668340756581,0.311660816568141,0.272225384339096,0.2333388995098,0.36026054053398,0.406046408622489,0.56910034386816,0.716357301266859,0.417168462032046,0.0416229868055755,0.677050581024453,0.440942793824379,0,0.276029484915012,0.547760071301754,0.437963668573355,0.439364345856276,0.216452116341359,-0.0952147862036375,0.214634930315457,-0.00962287697080884,-0.043376018583549,0.220133555886617,0.257412066023189,-0.0673005154922763,-0.248943897691145,-0.185747429702467,0.439540227812755,0.281333762484545,0.0329469733322602,-0.129971673983927,-0.165740298531668,0.148458682966051,0.153070976510975,-0.0016073102643003,-0.321302686824082,-0.0670005527373531,-0.259819775655743,-0.251058554100678,-0.134939018390765,0.182859957283098,0.0206559528841441,0.139080026243679,-0.002737686634332,-0.168141914851529,0.200141652990491,0.110256693357229,-0.152776426238453,0.244931834168101,0.238557573836844,0.18686820650462,0.263245516707826,0.140568110851951,0.30334775343198,0.430882891024998,0.559359295378388,0.220722970229526,0.305251703954161,0.404328395889528,0.183994117532958,-0.225300516097859,0.669392723313399,0.270336837231738,0.151569159792861,0.26394466445426,0.26738381684447,0.213012418307916,0.179486090500712,0.227680024945687,0.0753968435057687,0.0909264103418594,0.188821723051759,-0.235786989899525,-0.328253460835864,-0.113707386171896,-0.271518685900117,-0.231851839331763,0.0673502777484446,-0.10803266152329,-0.106059302301732,-0.0901128018118779,-0.203601204346961,-0.0207815892710654,-0.41414763826476,-0.209364256546203,0.13623640086163,0.164832248379463,-0.162280066804561,-0.105205827293413,-0.388570690073956,-0.188516843069924,-0.109782916495835,0.0603948599482531,-0.0865369513646558
0.0178068227954772,0.208731068507874,0.279371703916314,-0.0636023006921034,0.0521293488340495,0.258184018635536,0.275811054551995,0.272122956152325,0.308738618308008,0.0508770363568927,0.0388688741638408,0.0649687770155478,0.170189966988456,0.382335875167939,0.390211870975302,-0.0045998568392693,0.175229423218126,0.560535059502497,0.276029484915012,0,0.537068419638323,0.17656138418318,0.523585876034345,0.146091199138605,-0.183084138351445,-0.0678734660513716,0.232036612467128,0.0171604942707848,0.273447807534718,0.304964887490969,-0.117327714741801,-0.264577648297019,-0.127175077613694,0.283862578867521,0.170771045949113,0.327276364364327,-0.233835188308813,-0.0435754917135737,0.115785549680151,0.1552098819795,0.275448391786011,-0.183647003227664,-0.182750676469709,-0.215757471637945,-0.0644776617174174,0.246578046321406,0.224914170159391,0.212997616489663,0.297448722882533,0.159871067385559,-0.0183891069321943,0.246223693121805,-0.0276053280180937,-0.0938580725989554,0.269267916399024,0.333167497293977,0.249109296117689,0.283952887570649,0.00209169416661009,0.027944345784229,0.147137567412374,0.254816046851384,0.316438084153861,0.283022405621445,0.348405126180987,0.34626741915655,0.200841081346911,0.303166625393043,0.255604670332553,0.442948797902377,0.681671276483307,0.278535736598548,0.496636170910096,0.318125412928386,0.106796788838838,-0.0867825525970075,0.287262210336091,0.248591343002373,-0.102207107750197,-0.282114098338606,0.0419084014906712,0.0743305980707179,-0.119668630121377,0.0768595828494253,0.0555277224379214,0.157226244339478,-0.106489983024765,-0.121132393857293,0.388806692776705,0.0765250486440262,-0.0733690250753445,0.0180585439537293,0.128691475286338,-0.14293661796518,-0.101634927055472,-0.17604104287992,0.203460166339809,0.370420773903527,0.316817672823443,0.22557076174414
-0.263605135434925,0.00961359067888638,0.0402319770778844,-0.100485270085358,-0.0989031139169793,0.0714293031290293,0.153712181626906,0.108524379514303,0.107072870294045,0.00234423339870735,0.150092178405359,0.226391632525326,0.320182997901767,0.614899115676039,0.646449670167609,-0.20837693821536,0.36568645060553,0.354135214674624,0.547760071301754,0.537068419638323,0,0.196599494107821,0.654663667386422,0.079385574169833,-0.325539933199166,0.0275027124051762,0.0826389323392014,0.0402894775906043,0.433609335732324,0.456031027038258,-0.127245106761313,-0.140711407563988,-0.0520160181448223,0.317353190147146,0.0230951874276086,0.0151593317006685,-0.0274237976964415,-0.294775595311086,0.0837488044824652,0.079832928377722,0.0918217123174471,-0.250079215670215,-0.294233884556634,-0.234586776300208,-0.236773863073295,0.0447754604037045,0.371132581111022,0.0804289100537318,0.0535602935832781,0.085010034815347,-0.162587505836284,0.0222150900941612,-0.0771413175498582,-0.18990219767391,0.0975788072240868,0.115518453178861,0.0131279778354605,0.0707838267586973,0.0196785865733425,0.172727368323723,0.257837715761404,0.362697872867314,0.319237090737552,0.345291684867871,0.412642759677353,0.512362398415165,-0.148195396481661,0.472794852544648,0.372203844182343,0.214165578460604,0.674765001728225,0.219446659157987,0.412760763996851,0.106291226009693,0.231499245090553,0.009855587902567,0.398375830678709,0.31903502307569,-0.163455739504432,-0.186654523252727,0.0809293361945612,-0.0217032527810634,-0.175457584955843,-0.0250612742357087,-0.0389794861371859,0.14103294679684,0.0398890490488005,-0.110673864595497,0.0992328124204521,-0.1091686253983,-0.0988222702232906,-0.0490709998634781,0.0553006316966096,-0.0921185684556581,-0.0998416068088491,-0.231075867186549,0.0481732961098689,0.152840705558114,0.0784220749045771,0.072117217435074
