0,0.336041310720343,-0.18846405130656,0.392359471509543,0.188299715828033,-0.00932354080657271,0.117889486279336,0.188159754653203,0.0237257553371146,-0.0929085582951841,-0.241074499880485,-0.22769196891309,-0.0866798175089616,-0.135421427397918,-0.0621710687926626,0.414340762015443,-0.194942043862848,-0.0414491804296574,-0.0953117268792757,0.0884424983840898,-0.00273401015893699,-0.138865799578382,-0.0243766954706305,-0.34160059610934,0.109360971628256,-0.245428187134169,-0.037230787616309,0.0131379350159827,0.0660826233457746,-0.0116239181065893,-0.0832204176479103,0.35325389615801,0.45853981645726,0.0413694561940974,-0.113654210755321,0.000916683126975432,0.0417199273667804,0.224421378559755,0.144237971075636,-0.171575827910336,-0.0469679866636484,-0.0995469560076912,-0.169607171553301,0.21387039299849,-0.0295524704871936,0.0420236541635535,0.127476500960205,0.0317308416916312,0.315138633048965,0.255275624126052,0.657637229745878,-0.11565461672426,0.0785720906890404,0.2584179096491,-0.255878232291336,0.223415561384452,0.0438975671095791,-0.00528986173073718,-0.0446468940980474,0.0881446801285381,0.0830335356982336,-0.0692834480488204,0.0201962324528513,-0.130378926470254,-0.142107759756184,-0.0553908133407788,-0.0484015684165414,-0.156745513266505,0.0262247383558898,0.0689814408003897,-0.0260660427686523,-0.0325753394182851,-0.06882549455806,-0.0419254199089791,-0.122401958366289,0.167031801267657,-0.0351807959219049,-0.201006713241335,-0.177294330820746,0.303996914301023,-0.0919771765435897,0.112794292460106,0.0688619549953536,-0.0987355583679631,-0.059538322072458,0.0184745995325115,0.160844614134975,-0.0386231625317562,0.0389186576505725,-0.0857600545255231,0.266206047259157,0.165349473706889,-0.0202762566388019,0.273931824538339,0.0440951176452034,0.200282848119165,-0.0133637014033754,0.0618617887354048,0.44223340150897,0.325968397356199
0.336041310720343,0,0.321724252873685,0.248337887586702,0.430977662938626,0.256509195928987,0.34994615252921,0.295797573391507,0.274659590212795,0.0597716940348211,-0.156472744210867,-0.174692387567577,-0.0808523156265637,-0.125703091667549,-0.187339811419322,0.267352019263044,-0.173809041603986,0.0446817753370952,-0.0836569873224134,-0.0921279291559304,-0.0911922150647435,-0.171792823271352,-0.163852325045306,-0.235968651756364,0.119612852051172,-0.276107804695211,0.00539623021515582,-0.013021076397235,-0.0178504469214236,-0.100942670120177,-0.0438542836114902,0.260511017483851,0.230673254462209,0.0548777831559911,-0.0725349172445504,0.00692665433840709,-0.108626196774464,0.202440093131971,0.141728533637184,-0.206538052142742,-0.097568066795681,-0.0886795891014055,-0.0336830695115867,-0.0328356062796384,-0.201386311851855,-0.0709442450721023,-0.0827727815193056,-0.0814059873481048,0.114291970755071,0.039053010747572,0.412739523869271,0.492231442098789,0.433146226844493,0.343697842415553,0.230149687093195,0.268494010848119,0.397896454082736,0.313175517247319,0.0864963032753073,-0.146712073012533,-0.0896075469647885,-0.0937136258215015,-0.155513168313295,-0.163186645071807,-0.177356328948955,-0.223634663665464,-0.0253968915399355,-0.155636231756511,-0.0657567205935133,0.136520948003494,-0.109409138920656,-0.163907557455519,-0.201004785232295,-0.164051738375735,-0.163974456863007,-0.052544008470351,-0.0836103493965965,-0.189154316131301,0.0879409079712412,0.192732697758103,-0.234340979434042,0.0117439375693658,-0.0651671089278016,-0.156083241443766,-0.0841643356349014,-0.213547190337405,-0.0939269583786163,-0.0231119361943421,-0.129008382076318,-0.192325700640518,0.316967320806902,0.189116518977734,-0.185021234881135,-0.063437496837759,0.0134412067761331,-0.0653231914369161,-0.146837221336433,-0.147218011042046,0.121661757866159,0.0679079481091528
-0.18846405130656,0.321724252873685,0,-0.511948131656878,-0.0808120081931209,0.68457569249935,0.199154678300947,0.0249683033335257,0.232106342813456,-0.00261472357001553,0.158605182712,0.122329225012862,0.377671290450802,0.184658210987513,0.119957148447189,-0.26607113293664,0.356163410816463,0.19339152825153,0.354191082299108,0.0837521837434346,0.254024236257577,0.344946720511507,0.0396706383260964,0.0964457097790792,-0.0604196243946393,-0.00985057570929443,0.202073522601687,0.227179186921018,0.276927177811126,0.0134866693714312,0.0887828960790519,-0.227763736820393,-0.431546793536433,0.319353314570316,0.234913993843569,0.0479947685589018,0.173429927360727,-0.206725313194906,-0.253139996074538,-0.208902476135614,-0.0158310606659578,0.0414697578254697,0.349721308033482,-0.129472259953599,-0.0915476586936303,0.127320308257126,0.0102668318429332,0.0853901657940669,0.293885006475697,0.132702723631123,-0.0613402548112662,0.704081219266279,0.268930717267345,-0.361370121119726,0.807760373329003,0.650087983055165,0.28479244442684,0.333123201354105,-0.0107916150210983,-0.158186369108123,-0.196088589918946,0.206500188794501,0.138055499077877,0.110458846025542,0.116571308772079,0.0535008890566555,-0.00027813726799166,0.219637689873199,0.320543119464565,0.161526974554703,0.249203555933886,0.16507443135371,-0.0120617706234231,-0.265112118513553,0.260549201855257,-0.0651750020795895,0.196231157696137,0.0324183933704073,0.237334344334171,-0.278377399663278,0.224593786421695,0.123548391394627,0.0817987164546144,0.157819595348072,0.127920598610427,-0.0159833816315008,0.0213043864289765,0.193671684512748,0.0296968729356379,0.170332328449453,-0.145317758109251,0.116736668778432,-0.286604806914009,-0.200398715446513,-0.2147519106574,-0.243509615822696,0.119587716875519,-0.0262022984299462,0.161335068347245,0.0608244813820639
0.392359471509543,0.248337887586702,-0.511948131656878,0,0.636321484106718,-0.29352070862307,0.112820106304603,0.398870262354168,0.0379715823251483,-0.214986977420698,-0.248005934545151,-0.234098738699945,-0.28458043663229,-0.222617311034432,-0.0775502505788911,0.500098135888871,-0.429527439551976,0.133207492896028,-0.356252917871951,-0.0260031295119764,-0.188565907058534,-0.39527077670506,-0.0621289725649308,-0.108327447667891,-0.219296206194831,-0.0808061990069503,-0.206114706250641,-0.226625208856246,-0.240203565182913,0.0132078524347803,-0.260480894987674,0.119686997983709,0.701659219940036,-0.211524873163148,-0.250010485950064,0.0803135525114056,-0.126770591275714,0.159302064763661,0.447082946887347,0.0799999879337727,0.0870621353551836,-0.237146252975695,-0.296285305887827,0.0548130454218394,0.0445040675032117,-0.196617983800392,0.0680245932327256,-0.230146651558429,-0.124571136841801,-0.0280928030825048,0.14423843240735,-0.423452989520759,0.103370807806336,0.767351141151064,-0.457966743319816,-0.3266179576468,-0.0314490048513658,0.0504439109645567,-0.260487070062853,0.0516683354781845,0.100924649584335,-0.191112876623412,-0.159869306594271,-0.190253816536523,-0.148718283362805,-0.0298461881675043,-0.12376344551441,-0.371986301974748,-0.289789952368747,0.0310106856524026,-0.230256401799481,-0.28455064039285,-0.0741356087754767,0.170346275505354,-0.442789595003818,-0.153048737009501,-0.279305727829316,-0.129147767039321,-0.381017034322317,0.253162186238818,-0.355599809686677,-0.10792330809261,-0.0632681039443258,-0.265624128740033,-0.213568769524005,-0.0537940226710332,0.00763814866307034,-0.191254207787479,0.0367813586261433,-0.333094153348812,0.240782568100218,-0.351577902706054,0.145456016163396,0.0213673229750108,0.260803554070233,0.167788834310468,-0.314222365604156,-0.1468222949725,0.0286779382348145,-0.00364053541299592
0.188299715828033,0.430977662938626,-0.0808120081931209,0.636321484106718,0,0.170318442781567,0.207052541976026,0.517504733145688,0.389740797858853,-0.179975726530167,-0.240283342873689,-0.232938353040844,-0.135808903945557,-0.150536006710633,-0.119293556372803,0.25005294392454,-0.289680357238808,0.184050313848599,-0.198173504692929,-0.00170138358432587,-0.105146280010745,-0.23834494754197,-0.0619569884899177,-0.118797701900562,-0.121514867715663,-0.106834748205575,-0.0632388071149126,-0.0398134042976295,-0.175196141673028,0.0221772749232286,-0.251263598721055,-0.0130877478552377,0.450348761424534,-0.0367039188820002,-0.0825022887824406,0.195118708575782,-0.0923714911269472,0.0822531700886015,0.406072857540528,0.083217665047422,0.142954469485043,-0.0898191568927773,-0.0789737360817578,0.000519831883793519,-0.096532089001749,-0.0943624259156951,0.0978291390998663,-0.103899376935921,0.0571573799951716,0.0445472132262242,0.0538670283228311,0.0218947438592183,0.209374661725182,0.608158071305188,0.0135814989513069,0.0457984494456729,0.106710099740496,0.343930071198789,-0.189957795805201,-0.0346430415631328,-0.0400272167587572,-0.139305527376643,-0.0763145396618007,-0.155517533659804,-0.123507497781682,-0.0784291020010728,-0.0672736318198053,-0.253882795675644,-0.146951747686638,0.10778974955321,-0.167942062879905,-0.209925400150747,-0.0378937226716389,0.0486863648449655,-0.413302029434167,-0.171547636408684,-0.21841586953928,-0.0737564295226488,-0.223367659407878,0.0406816140155201,-0.301771086211779,-0.0136143839668005,-0.0674102992739304,-0.178343702497646,-0.158634821117287,-0.036710447821001,-0.0667500741499848,-0.0870039081640284,0.0218540250846801,-0.278221049948016,0.0945083762750167,-0.233300301126696,-0.0424789756193176,0.0375447962026556,0.136603562383572,-0.0905137061292576,-0.223779616115418,-0.0987396585996941,0.105943777144966,0.00656355124065794
-0.00932354080657271,0.256509195928987,0.68457569249935,-0.29352070862307,0.170318442781567,0,0.278900400816942,0.281015702769735,0.595593726914154,-0.00846506114563817,0.0426497306053579,0.0877887957351755,0.33007909202579,0.197445693096892,0.128115675098369,-0.141056697225652,0.254798824120664,0.222423636571923,0.333062852911272,0.20982547411436,0.305159071305504,0.272956309254798,0.0939287301454958,0.022976216177081,-0.00488063710472069,0.0419380778872427,0.321790435149174,0.314194615126317,0.305426328509296,0.066236392504349,0.0426312688834016,-0.27037669075296,-0.161380030049108,0.316406582353054,0.254843440975481,0.227392149196553,0.202214639319307,-0.109918908278552,-0.0639615823582325,-0.0831221130493575,0.0774155466070113,0.0810979339882603,0.367085044884958,0.0276634109989559,-0.0914665390515928,0.204362612656607,0.125000660727379,0.197316042218161,0.523061220703326,0.289594512092704,0.058522046685977,0.564349360069756,0.25600846396758,-0.282638618106361,0.787886765127552,0.785068338098499,0.216911143365418,0.50588666498939,-0.0227006900954935,-0.089059414286909,-0.183934182554728,0.109081423277027,0.267322257186047,0.101293993704794,0.109573522712789,0.0909631918780373,0.0999200330723121,0.163861859706934,0.351041300261774,0.157081819199491,0.272550006153666,0.180808035491956,0.0862992837474749,-0.168785616984374,0.100921901173703,0.0360913856414028,0.233681108045166,0.0656154062966483,0.184612987775372,-0.251157708310872,0.188580893704326,0.237443754032891,0.0409077966915913,0.189281071737519,0.209461145375811,0.10234790087121,0.105236306467896,0.238158624276882,0.167426669243608,0.134149155796834,-0.062836800260068,0.115602966269701,-0.227435589367135,-0.00136436923834003,-0.175366214433733,-0.0878039933619934,0.20304415373818,0.145125947954085,0.367512852776117,0.248559574643862
0.117889486279336,0.34994615252921,0.199154678300947,0.112820106304603,0.207052541976026,0.278900400816942,0,0.471130418349362,0.431504205095747,0.147663940034082,-0.116574111656745,0.0485118573479724,0.0185213736835639,0.152884324976453,0.19671476184745,0.358690127869514,0.122256473841607,0.346479211496386,0.153051674952969,0.166379578522672,0.184055311433624,0.0847889791886596,0.19958332536395,0.0826903529532714,0.16969452206283,-0.107258128429174,-0.0353564245885901,-0.116991334271062,0.296623216100838,0.104593422213103,0.243049240781049,0.0676279408144737,0.167314957171319,0.271671716128414,0.0605466800924263,0.132821816069085,0.0891338527779122,0.0718973717655823,0.0995285079576542,0.294315957102748,0.0411893561550093,-0.124844961735383,0.0488618340420275,-0.144912990820961,0.0450728540526215,-0.0755866396482449,0.0885771455935421,0.110442005165108,0.170315074733661,0.0385255545563851,0.177663547871995,0.246891073078614,0.458066058279365,0.0448689681029442,0.171284762225595,0.280044005687485,0.524912964259959,0.525347641920682,0.0365586281859277,-0.00440322193861505,-0.0555286288824808,0.011949771408178,0.106852035813825,0.135283546306553,0.123481729015602,0.138616091849407,0.310965623484547,0.0940179153363201,0.216585630190225,0.375786133316942,0.207705676781705,0.144614521425198,0.209995901928882,0.006999828010429,-0.00735523035208108,0.043510054650051,0.199154072852682,0.0869594753435946,0.171415621448258,-0.0147981066133421,0.1276244024087,0.227212245221595,0.0095956412946732,0.102758659220985,0.0453896805134522,0.125748278028651,0.112896714400256,-0.235994036129749,0.091583613239596,-0.0586383071624792,0.0250198134515959,0.172456376997446,0.0549359635225601,-0.105253037549646,-0.158019598855671,-0.136787561146208,-0.0110741124416988,0.0301855123059378,0.134748662599983,0.087290116923976
0.188159754653203,0.295797573391507,0.0249683033335257,0.398870262354168,0.517504733145688,0.281015702769735,0.471130418349362,0,0.587197332818994,0.01552862208801,-0.13389577178264,0.0435212351770773,-0.0241313170510819,0.0795040556812033,0.139914496956621,0.373942113405793,-0.0858928792952841,0.328522261802749,0.044674444572507,0.0077619972276578,0.142374950658837,-0.0581569230346124,0.167165404195851,-0.0467611729979136,0.0503442010584221,0.0237284197881947,-0.0720416325752978,-0.0891171021319648,0.0449537909213846,0.164102801510674,-0.0279370545021836,-0.0261064738148863,0.294232433282519,0.0512113766638809,-0.0816602654659288,0.105623763724328,-0.0537569886490528,-0.034990080343212,0.144886151276594,0.0840269639247602,-0.0603195462574129,-0.126058021086965,-0.0928242706638554,-0.0693891387332229,0.00277290585640705,-0.122249052421565,0.128797534224508,-0.0328737789274169,0.0249787797294819,-0.0862641727555894,0.137949138055449,0.0490715929205418,0.216126284920934,0.273807670275904,0.0995386745380835,0.203364611245379,0.415947858494371,0.648514905510128,-0.132414426966649,0.0819420567026829,0.0674130126241725,-0.119939955320834,0.183310333513336,0.0451309048997128,0.100142090058616,0.156910773744762,-0.0125940096832212,-0.0637275244659559,0.0943632696558928,0.279579405177353,0.105124771597665,-0.0221976455969371,0.212558488811655,-0.0740730908107708,-0.169021620516155,0.0612166209788747,0.0953055436906738,0.13111731847784,-0.112883567464468,-0.0547955874124189,0.0148584367765311,0.101934855071929,-0.0871435996560117,0.0381805556524458,0.0808533293489962,0.162532625790092,0.0428312879153868,-0.150511327360929,0.00122866804124414,-0.200561439495251,0.00335314348517399,-0.14219191105483,0.0595152036015583,0.0316963895121742,-0.0377019879967362,0.000194563687148931,-0.0691341583389808,0.0560399263166208,0.0617537661011993,-0.0218373845561604
0.0237257553371146,0.274659590212795,0.232106342813456,0.0379715823251483,0.389740797858853,0.595593726914154,0.431504205095747,0.587197332818994,0,0.213499697610909,-0.0403227292115769,-0.00292816107742785,-0.0693056127301653,-0.0218325645158484,-0.0610272979125434,0.100183098706192,-0.0381103689003504,0.15797611564228,0.0418677463095976,0.102045747302767,0.1022880745935,-0.0642988906793163,0.0130131448034027,0.0301950535671479,0.199236681138673,-0.00959342074438592,0.067907578146764,0.0248787227164524,0.13474723735861,-0.0537207688876062,0.0413629448610367,-0.0373459893222462,0.0972808135520012,0.12393627919988,-0.0287173847612663,0.316047711669054,0.00031759786704234,0.0698713049335431,0.104631116344769,0.113802868459791,0.0164421075943796,0.141118827872636,0.0764146004837599,-0.00645069816430659,-0.132476086369944,-0.0566815201935186,-0.0479359497615025,0.0491768155782008,0.206484055062164,0.0316027097777391,0.139802643596906,0.301413664938691,0.2485839101212,-0.0361905935264824,0.395918615914794,0.466732939546543,0.358469698520635,0.728752685110187,0.140907973340736,-0.0964501172350181,-0.10357011583407,-0.19697560757099,0.0768687895751941,-0.0923739051057316,-0.0680118703453636,-0.0824605430221305,0.200847933349356,-0.0795291629837643,0.106103664706314,0.167226031650006,0.0677969504359279,-0.0716638408866431,0.0363500842197407,0.0102791550466605,-0.143495752124439,0.0664287520227812,0.115955365696257,-0.0230396514423062,0.107386238027672,-0.0547790326072626,0.00275997583429461,0.173323092858747,-0.140469795697279,-0.0317190645040852,-0.00781444502467078,-0.0127664958340626,0.038033773841906,-0.0648473421250753,0.063808269213811,-0.0236488344854357,0.0407830822111203,0.11977930972746,-0.0539380767991554,0.146400277981708,-0.0954236644062214,-0.0863315748718634,-0.0410659473235839,0.0615542590937307,0.118075021616783,0.0570429728098164
-0.0929085582951841,0.0597716940348211,-0.00261472357001553,-0.214986977420698,-0.179975726530167,-0.00846506114563817,0.147663940034082,0.01552862208801,0.213499697610909,0,0.265918695420276,0.296913204818057,-0.20912816480009,-0.0874292283835668,-0.240390958104841,-0.0260715232544558,0.0354930184061198,-0.270013967250832,-0.103510775479223,-0.304999443636099,-0.136498337941285,-0.090082253032819,-0.179046885165682,0.125212931536381,0.70024626492804,0.120016584171427,-0.065545488137155,-0.0382094735053605,-0.0887061746657143,-0.168184701522271,0.355047224371409,0.38478225212294,-0.0231422748282821,-0.00893201481636923,-0.175957577435714,-0.0907230300829646,-0.213317703909248,0.288337609172437,-0.127419470852768,0.040618844091287,-0.330504802068148,0.43359733705713,0.101044144737474,-0.125284648111228,-0.056203729583512,-0.221100145980934,-0.420523490496311,-0.174216257978977,-0.245236951987339,-0.413916552574915,0.159884736419981,0.209816044001345,0.175119871604079,-0.144272805837314,-0.0520180829739336,-0.0168934583034345,0.212978533883735,0.0699464196111746,0.759867063190911,0.0305435775578072,0.139831632627067,-0.154984238299955,-0.189420174276191,-0.161065763738258,-0.185496101317592,-0.276113961956277,0.0663410777837568,-0.00819892597437714,-0.102233975958598,-0.108981711026661,-0.162951679300475,-0.092559574696407,-0.120752480616832,-0.0720906427431616,0.226024580617996,0.423377654462739,0.0334486685664126,0.0351765740167609,0.444701233597462,0.192619933091602,-0.071079256239074,-0.0746732623614167,-0.0913563918956746,-0.0798677149875055,-0.0679702264047241,-0.284337393132444,-0.185554045557719,-0.0081813677830674,-0.334837434554463,-0.146610148786398,0.220841734231698,0.493788776574579,0.113060658635329,0.2245672722795,0.00604579527748674,-0.164009030516398,-0.151182054382686,-0.188946402295884,-0.30143373364192,-0.37855515737271
-0.241074499880485,-0.156472744210867,0.158605182712,-0.248005934545151,-0.240283342873689,0.0426497306053579,-0.116574111656745,-0.13389577178264,-0.0403227292115769,0.265918695420276,0,0.541333313520391,0.0993721987540873,-0.00550951816259211,0.00941565212306589,-0.339333628118474,0.0455737407955268,-0.0707271478564761,-0.00963677508712041,-0.193720268582479,0.00206266627526834,0.0459510583007251,-0.101863470233529,0.450796027007888,0.0734913989670394,0.441099746641102,-0.0542850462597467,0.0117665454773386,-0.00367676558071506,0.0220431715733626,-0.012760064493645,-0.0902645937806306,-0.227780562485526,-0.0243496503669772,-0.0635955158639183,0.0207859580461354,-0.00318161604336942,-0.0858467814416757,-0.183779167638884,-0.101555389585318,0.0352932600216175,0.294184865638848,0.308984324620055,0.112592244514303,-0.0409683342565847,-0.068457616580861,-0.22149441534635,-0.230643826523499,-0.0989169952505928,-0.197002017864831,-0.274674531303355,0.0350273694485664,-0.117657857062322,-0.203159659042607,0.160767499221838,-0.076146746167398,0.00762632191135926,-0.0161220932055421,0.295931248345364,0.286308351596107,0.304176310000271,0.14081012296643,-0.0225566827631302,-0.0366982375284159,0.00548690067733003,0.00677300422513458,-0.0484071957625919,0.0641346466705924,-0.0127701167279867,-0.0918339220124927,-0.0242966529571642,-0.0908254990118878,-0.0286355660861409,-0.0195913257634266,0.363072746434514,0.225044453279663,0.0428364170810025,0.154606255492817,0.0603679467590927,-0.124039914842653,0.0193005744779756,-0.120628447945901,-0.00404930968473327,-0.0875867375592192,-0.165165173954103,-0.141614744214753,-0.0734568216184757,0.0221130246220672,-0.0613599268166409,0.100481125003834,-0.124405757915071,0.0362487398665415,-0.0575861027102144,0.181490954642448,0.160309523526605,0.0706120498014744,-0.150522374417251,-0.15501962742772,-0.165648066572369,-0.266134852460371
-0.22769196891309,-0.174692387567577,0.122329225012862,-0.234098738699945,-0.232938353040844,0.0877887957351755,0.0485118573479724,0.0435212351770773,-0.00292816107742785,0.296913204818057,0.541333313520391,0,0.316601660922547,0.43654958516372,0.333904512620193,-0.105709625427333,0.4312648205156,0.137998287097135,0.373283031234245,-0.102977580287419,0.385613528368931,0.317941548541427,0.274325267493196,0.277809262878732,0.198042218686199,0.628235942185628,0.101709890480831,0.164442950895703,0.235515333707854,0.439032068640089,0.170648137520256,-0.123178597737514,-0.21741557038062,0.190718756743051,0.105411430133125,0.00371100261355116,0.188040674670008,-0.251820228040222,-0.292076070871889,-0.0670099843951203,-0.1406438529437,0.0667947403830443,0.222079855559498,-0.0996278113044963,0.0703688207077604,-0.0790734468347684,-0.0218021296484901,-0.114287234012372,-0.127110737773136,-0.213393327209419,-0.24656156183391,0.0209796055101801,-0.0473315554846524,-0.289402408918061,0.139654144846506,-0.0061405478435932,0.016787466026276,0.0202721826985559,0.163673479138397,0.518488533856061,0.545062312153499,0.278605701014137,0.352877289990993,0.415460866342724,0.43422769362255,0.350007914542823,-0.191137865814907,0.505179312107637,0.298909818225837,0.119779770104772,0.337080618490661,0.305147818225412,0.38978663099438,-0.300998907387823,0.64284964387754,0.545811935974265,0.410728533356135,0.583290333547255,0.118104888951609,-0.24960631273811,0.262363765595351,-0.0117048906799531,-0.162920866108916,0.271963783040064,0.213014856446332,0.144247564193647,0.0882804291757552,-0.0126531586280025,-0.0980911540457105,-0.1462330260542,-0.297438519577566,-0.0628065924940073,-0.158867392553862,0.015329024731973,-0.0806968864808757,-0.0960952815632929,0.00308682978082035,0.0169502739920034,-0.131842863046093,-0.190006964921632
-0.0866798175089616,-0.0808523156265637,0.377671290450802,-0.28458043663229,-0.135808903945557,0.33007909202579,0.0185213736835639,-0.0241313170510819,-0.0693056127301653,-0.20912816480009,0.0993721987540873,0.316601660922547,0,0.519587736198049,0.522990666475751,-0.0922625263606408,0.528810239215594,0.288934574663278,0.575564136105634,0.276378396140924,0.513312842597863,0.65895148039452,0.397256803320247,0.137570512701063,-0.152081743272007,0.229728107338908,0.415847616413328,0.485965595441982,0.519558520929013,0.487136178428931,0.0470917309399574,-0.304060052179598,-0.260186093503966,0.431157174134525,0.571285157118965,0.0570566664314026,0.507546298850722,-0.270975348405482,-0.0895355406606473,-0.0779743889670338,0.167102251737637,-0.082055145710618,0.400486943283606,0.0285358580401278,0.157912610590656,0.451547323372304,0.523250336951204,0.333223062959587,0.294448758000191,0.355876961698191,-0.137526707403165,0.134357170704705,-0.0732864315516076,-0.274803506122093,0.376478271003817,0.362959888960102,-0.01706722727307,0.0642013076605063,-0.267193945451476,0.192474537201867,0.0688756114244172,0.652849885948656,0.555102470800702,0.449518980580514,0.450288251382234,0.490199685333754,-0.128838946506737,0.441475117614246,0.476734619728156,0.249835851287844,0.462548874032352,0.525163277982063,0.308007745214668,-0.23826362308723,0.362452628127003,0.0809155635872788,0.463100362264531,0.393752765886064,0.0010971837580925,-0.374974651162725,0.42883720504405,0.185259850517762,0.176252027115467,0.46955009737933,0.410892796912794,0.403152060410254,0.336959789264132,0.32355213131585,0.178123853922837,0.104308304359235,-0.354478194561911,-0.0762078186783492,-0.134543424618457,-0.136399811508296,-0.188699664046662,-0.092467670531109,0.443381858549439,0.28072250240223,0.25913244683289,0.265252775734894
-0.135421427397918,-0.125703091667549,0.184658210987513,-0.222617311034432,-0.150536006710633,0.197445693096892,0.152884324976453,0.0795040556812033,-0.0218325645158484,-0.0874292283835668,-0.00550951816259211,0.43654958516372,0.519587736198049,0,0.764507717577941,0.0139743963153752,0.608786481395931,0.37094744239435,0.734428990697224,0.327685594461777,0.716793509087615,0.50902484222597,0.737500390983531,0.002542810258497,0.0330937814229599,0.233495876357936,0.205426510129162,0.256577504722871,0.516287851086915,0.635083845265031,0.121091157946296,-0.288665931736795,-0.236994470963591,0.42220160709188,0.378263820347249,0.00948200411188644,0.371636633177464,-0.352207612549125,-0.234756936400761,3.51625101525337e-05,0.023971483295978,-0.201134799738285,0.127142166359322,-0.185562708144728,0.119067520241181,0.179797868616197,0.469784105285192,0.290439879421867,0.154621186814001,0.1617747038315,-0.208143169264788,0.0342620402657691,-0.047324807157495,-0.327605942714659,0.21001678792502,0.195372437853972,-0.0416757364986153,0.0365580078338971,-0.223726281112407,0.242647346908367,0.137703658366091,0.313338875297854,0.655297037037685,0.7966952890019,0.778249200076036,0.693965395387007,-0.119884805906567,0.68293145118505,0.577590814867906,0.298703044844268,0.689011241172358,0.559548159316625,0.620253011683837,-0.287811258351447,0.437339720993573,0.214359792292726,0.537972971694053,0.580113330271308,0.0384154510796516,-0.452312263184927,0.432093369706371,0.143944111486251,-0.0228094679778782,0.460951845721103,0.4593964743928,0.507408244033155,0.174222446565821,0.0135967493130772,0.161344101993998,-0.108376749006723,-0.487452627545464,-0.105958565433587,-0.180636113294452,-0.280830758574472,-0.398102480166764,-0.18776114036471,0.339147273893285,0.353784680344028,0.160598509052426,0.207896917611923
-0.0621710687926626,-0.187339811419322,0.119957148447189,-0.0775502505788911,-0.119293556372803,0.128115675098369,0.19671476184745,0.139914496956621,-0.0610272979125434,-0.240390958104841,0.00941565212306589,0.333904512620193,0.522990666475751,0.764507717577941,0,0.134187072907247,0.473914426379982,0.506828923162735,0.59609998137217,0.435845310520102,0.701224676325073,0.416605274835889,0.757769464478119,0.171552309981125,-0.139234087854046,0.226610942982183,0.125051009794734,0.126625092757285,0.56545077729372,0.684687237661181,0.0514188353607501,-0.37866442328715,-0.150090921289889,0.348682021125548,0.268591109205544,0.0739537171824039,0.455177999767391,-0.399525898211448,-0.122151893554297,0.125384908323107,0.116561613582247,-0.290656851133593,0.0848377567399708,-0.144889095495489,0.254614775399227,0.171442213251405,0.562401527654978,0.234414420389575,0.149583028908566,0.157291184725974,-0.187588176948705,-0.107920412887877,-0.0854146540928005,-0.287127591262821,0.138053944823015,0.127899404828957,-0.119455645379879,0.0458754885168958,-0.376214711858812,0.234496362353986,0.0902641437789579,0.341627930757306,0.714100089117886,0.774719885722909,0.789303403774722,0.870098166655715,-0.135611008038727,0.525811546391889,0.549051734238404,0.324808692436287,0.732061000815487,0.509867569910337,0.679049145131064,-0.166719465214801,0.316819660906214,0.106419751543713,0.532258455909145,0.53213018035461,-0.147930396769026,-0.44960352901228,0.524593997795157,0.19808408025555,0.137522206566085,0.439689988900569,0.442311627949258,0.669042704665695,0.318763779330186,-0.0873169877923072,0.276469148876262,-0.0239764965817651,-0.480583100610392,-0.248989077192859,0.0276230302183728,-0.279205299023452,-0.296903228789064,-0.0733493674649997,0.340582280765395,0.333080330869875,0.171106947353443,0.185460246374549
0.414340762015443,0.267352019263044,-0.26607113293664,0.500098135888871,0.25005294392454,-0.141056697225652,0.358690127869514,0.373942113405793,0.100183098706192,-0.0260715232544558,-0.339333628118474,-0.105709625427333,-0.0922625263606408,0.0139743963153752,0.134187072907247,0,-0.00528607429208992,0.160036361528885,-0.0193524031245401,0.0014881558026261,0.0971497737615121,-0.0254834626290545,0.185000006860245,-0.191648280520956,0.0375252306911429,-0.110067202430919,-0.101284122678143,-0.155034987927305,0.100283753640468,0.123386312480842,0.0752420711439427,0.184795829757549,0.450753052618287,0.138184819032053,-0.0402837979123061,-0.0975647438988606,0.00763024001242413,0.0631231054621938,0.194631513879728,0.0802784347878564,-0.130364600237638,-0.323478324474017,-0.231261953856253,-0.183960964183035,0.246091214332302,-0.154626904752103,0.173218396597602,0.0599137380989221,-0.0750409329324992,-0.10661409189248,0.390437190144578,-0.225840272838058,0.275958995335454,0.313394271664918,-0.340214332972667,-0.0497460424748603,0.155856918988,0.136956576833701,-0.186691562368032,0.0455444855206618,0.152768580330995,-0.0527930980713421,0.128188663147144,0.123625671294764,0.0821228233302665,0.176969903356567,-0.0313759612687879,0.00320946977743209,0.121146869621828,0.24795790302954,0.105558401074424,0.116246188701764,0.217653894208048,-0.0622505391780689,-0.170799684482694,0.0223421761574459,0.126026437118234,0.0221492327355291,-0.206020082352973,0.0805827280794672,0.06771875041555,0.117837989092884,-0.0423568006614384,0.162954978263159,0.149661177489235,0.208907106583352,0.142031531770566,-0.24018840462184,-0.114791186810474,-0.230712329469421,0.0133892005300578,-0.125071190206714,0.142506017697766,-0.0970875309922399,-0.0351917747252252,0.00713881791182008,-0.0500107549144843,0.0243653248454067,0.0193882398555528,-0.0250639291443568
-0.194942043862848,-0.173809041603986,0.356163410816463,-0.429527439551976,-0.289680357238808,0.254798824120664,0.122256473841607,-0.0858928792952841,-0.0381103689003504,0.0354930184061198,0.0455737407955268,0.4312648205156,0.528810239215594,0.608786481395931,0.473914426379982,-0.00528607429208992,0,0.363915671576261,0.787336903258422,0.308224658445144,0.676179689103591,0.765815574501967,0.522996688123077,0.0858177525382879,0.0690827783945159,0.239286975144617,0.300058712172275,0.351224588236858,0.581867781124123,0.422048093962601,0.312496184504801,-0.220587657601061,-0.321576657016651,0.670808324944132,0.482627994633408,-0.0100526078398775,0.446042893214696,-0.390730860291158,-0.432592884664795,0.0210702060383629,-0.0603106805003331,-0.153764140296591,0.237572540969523,-0.31897638200862,0.195782603123691,0.152615992369932,0.298738735652822,0.377871937656667,0.0751420130883734,0.058483943854252,-0.184576063509419,0.125409973539267,0.0164302079154019,-0.479848113215333,0.32421534018869,0.312538384294798,0.0336042512808905,0.0507876433309924,-0.0976298476155293,0.164433341050597,0.0978091515307263,0.327183477177083,0.475112667646762,0.570424419331342,0.528174293812729,0.438981211358065,0.00102507226542761,0.736818179102612,0.644571188611861,0.419248327481543,0.666251167199401,0.617929258739497,0.497067968031618,-0.346336928646425,0.572082451294066,0.275096612014989,0.589928469653173,0.511995709805051,0.206346416760445,-0.372477372540914,0.596745087344213,0.35129950425732,-0.023039029134514,0.565699347015465,0.49221436147546,0.346458225889771,0.278063905063468,0.151117250080464,0.0520619328128759,0.0987271407118749,-0.43584418245071,-0.0409447191016789,-0.243462065807379,-0.302609466257877,-0.450683164285546,-0.352538620529959,0.325371771631597,0.274524741950868,0.0435790927748652,0.0762237802452816
-0.0414491804296574,0.0446817753370952,0.19339152825153,0.133207492896028,0.184050313848599,0.222423636571923,0.346479211496386,0.328522261802749,0.15797611564228,-0.270013967250832,-0.0707271478564761,0.137998287097135,0.288934574663278,0.37094744239435,0.506828923162735,0.160036361528885,0.363915671576261,0,0.433771420350584,0.51070310020439,0.467781355676061,0.233343051520965,0.479660257301623,0.159086951596645,-0.252323282888555,0.171916021858102,0.132772534851733,0.0652555615671377,0.408632266244809,0.360626738805403,0.00344085134840506,-0.364769992674997,-0.0268739557985923,0.464085812840837,0.122995149098996,0.388615266354879,0.373240086020321,-0.410512531491003,-0.127587590493047,0.0931423064181978,0.167310583099536,-0.289770054894371,-0.0494339424779672,-0.268315509337915,0.166492460379554,-0.124289508008162,0.303910310944444,0.100803030221744,0.105449916224837,0.052036260801462,-0.199980457806432,0.0265512697236089,0.100468903698232,0.00317298482147667,0.219596829471165,0.162988212536161,0.0714790440408001,0.289165806944687,-0.362234295016212,-0.0101303930328492,-0.114610533297908,0.072814787737615,0.353160812402462,0.369178248699615,0.44832599865117,0.450815399552861,0.0600647091432893,0.259814138111201,0.342842410985695,0.647914972679817,0.558961078546953,0.231011918105033,0.436531059912358,-0.0633739240077887,0.0943617089983307,-0.0338975422770519,0.336263647450855,0.33408635066765,-0.0677855504089452,-0.28589163926543,0.346228440012142,0.29370152932765,0.102782140880984,0.239159210454695,0.284216066904025,0.350132452204306,0.342252567995741,-0.0107120945088843,0.439249785565869,-0.0447765427445703,-0.301963773300349,-0.348194621097323,-0.11672822216603,-0.347926031347281,-0.243981474257513,-0.187890350090945,0.0378374152488125,0.160172668261535,0.149872290046489,0.085001067225429
-0.0953117268792757,-0.0836569873224134,0.354191082299108,-0.356252917871951,-0.198173504692929,0.333062852911272,0.153051674952969,0.044674444572507,0.0418677463095976,-0.103510775479223,-0.00963677508712041,0.373283031234245,0.575564136105634,0.734428990697224,0.59609998137217,-0.0193524031245401,0.787336903258422,0.433771420350584,0,0.377608261082319,0.728907347701442,0.67546078544893,0.581275175939794,0.00317760790166328,0.0133356511897712,0.131936426923847,0.203453326925853,0.287343267460045,0.574810638048784,0.494674208124659,0.187206362871076,-0.23238898347691,-0.306126313366579,0.617229130297286,0.498787486393377,-0.0204814657738685,0.429629008003304,-0.376603353162689,-0.34374696342887,-0.00354418159197109,0.0645588327998533,-0.225869266725559,0.201418426667305,-0.272795840057575,0.129657871193631,0.190313920841651,0.431890235370746,0.400900744698862,0.217881165365206,0.216700651552429,-0.108085663152758,0.155667009865555,-0.0224550078161705,-0.386239619003128,0.371830504057125,0.390919317586163,0.0863452057561656,0.111900696996188,-0.18501047014492,0.152525629213698,0.0153538503723517,0.285398854390103,0.571822146169252,0.657833261705002,0.660512815770364,0.539164736782161,-0.0317918951200579,0.731479220034961,0.679640464501679,0.458070752073273,0.722946494593495,0.588595874933457,0.518200551164698,-0.38203731037814,0.465331708358929,0.18446805604478,0.548306370802215,0.473702269147554,0.124479125165595,-0.373013310436439,0.526520540625881,0.332281901044284,0.0375469760369171,0.491131137702173,0.401935440975075,0.431572907687131,0.267852462284073,0.0535266153357989,0.146660433877075,0.0404278518644295,-0.422175001664911,-0.0178900314896838,-0.313422905467523,-0.279607238384807,-0.520013569528766,-0.318520585324358,0.349818580307383,0.296626859782244,0.211580217876501,0.244953584809082
0.0884424983840898,-0.0921279291559304,0.0837521837434346,-0.0260031295119764,-0.00170138358432587,0.20982547411436,0.166379578522672,0.0077619972276578,0.102045747302767,-0.304999443636099,-0.193720268582479,-0.102977580287419,0.276378396140924,0.327685594461777,0.435845310520102,0.0014881558026261,0.308224658445144,0.51070310020439,0.377608261082319,0,0.471369832052611,0.180289300596972,0.482329861449607,0.114832472081233,-0.22250096026513,-0.00495143496620751,0.229927960865344,0.145476123424009,0.546915601613323,0.199609214147537,-0.0482227799875674,-0.344620132824948,-0.0299143933128813,0.411140201680152,0.115873775664556,0.495787692169845,0.528809649724871,-0.200452489376026,-0.0596624057442707,0.270208776522525,0.390934424900066,-0.110360863919549,-0.0890439072598112,0.0700856328919934,0.157820507570367,0.145550798270085,0.410051449093463,0.403913322612319,0.457473983292748,0.494486386610942,-0.0210260507138865,-0.0126703080975854,0.0536120025315634,-0.190967790869556,0.119910024442488,0.214854441379076,-0.23375361332015,0.0273128322721582,-0.351131146761686,-0.110443287130253,-0.280574994619024,0.0462955861663935,0.332540473142619,0.279562568661337,0.293764146190257,0.364350226889981,0.356278674628637,0.182668204496748,0.355176626004679,0.304749862820979,0.569305575944262,0.202734483434686,0.359258920021815,0.279726209314434,-0.0822474235624796,-0.160348246291293,0.343827046171892,0.113809192703319,-0.0520578600573304,-0.2085690048881,0.404335589446652,0.443172191033409,0.189949870412896,0.179806453477804,0.348332255460006,0.426343758090234,0.46694414064699,0.111303556647465,0.71764502194835,0.319031222091366,-0.068216320924774,-0.121697474457533,0.0741694567351509,-0.151818444734896,-0.268364187896028,0.0958835618578207,0.338242510678939,0.534657091858141,0.437221144171385,0.553319480525946
-0.00273401015893699,-0.0911922150647435,0.254024236257577,-0.188565907058534,-0.105146280010745,0.305159071305504,0.184055311433624,0.142374950658837,0.1022880745935,-0.136498337941285,0.00206266627526834,0.385613528368931,0.513312842597863,0.716793509087615,0.701224676325073,0.0971497737615121,0.676179689103591,0.467781355676061,0.728907347701442,0.471369832052611,0,0.553445754798393,0.673741642612241,0.0567632330053207,-0.0404800308218652,0.272733259814262,0.202452084314698,0.239100419665727,0.708058395163079,0.568883994921114,0.127060893430725,-0.320615900724,-0.191325427943586,0.579042665349819,0.282697463660847,0.0984045575591498,0.513206014779975,-0.40925927282322,-0.303641349186843,0.0146266691933032,-0.0372169548847838,-0.295341383378481,0.0802161083334492,-0.264497499037886,0.172631549764115,0.115006336693614,0.410250083020614,0.274144471484633,0.165270120518274,0.179265768302761,-0.0944890599573222,0.0406687837623878,-0.0032918245111429,-0.377734359992248,0.281079895796673,0.318341527970087,-0.0178306045619188,0.129718802316777,-0.286004952852602,0.203434725080341,0.095171868984277,0.28173079277659,0.665055039017517,0.648737659856845,0.66726058769905,0.650265562454053,-0.0952880481073628,0.640360133701533,0.738159944544416,0.429843463927677,0.853534672595435,0.548356834037248,0.599589237279188,-0.290576805391954,0.441141746904139,0.250016650826528,0.685910166581163,0.513573387286339,-0.0477129306291855,-0.400822490903746,0.610457402378072,0.373014981466378,-0.0563339635821566,0.470412516755056,0.473557429219476,0.463742847295659,0.387125452599825,-0.00148792157185366,0.183337558900648,0.00409193703333662,-0.438379079411236,-0.166564830447603,-0.183074404790539,-0.277557409993909,-0.390112348417963,-0.183820335161847,0.286368420287514,0.345475350234397,0.199326245768315,0.218843437094929
