0,0.0254887947853987,0.520651780455768,-0.289416134688114,-0.23436798473253,0.268801496314165,0.15529791922492,0.246244478689927,0.206852961210348,0.190084946390639,-0.022418693039332,-0.107309776225486,-0.205183120785346,-0.306480714558544,-0.364385878271806,0.369323747368468,-0.0344978298007712,-0.209382958633674,-0.132144478102317,-0.227965737926232,-0.17505427849542,-0.199629328272281,-0.245917143511759,0.032398643340816,0.375900233936288,-0.117396895907458,-0.320758696661258,-0.292452175580392,0.0667873082754215,-0.459813991523818,0.138722215806178,0.270833539364613,-0.214330433741381,-0.170986979708194,-0.31126480850946,-0.13827864893444,-0.108254781254725,0.389976527369806,-0.0539761714377265,0.0968410291261242,-0.0367297114516,0.0837572614283676,-0.230926238230299,-0.171674440599921,-0.212120313228839,-0.396922389305139,-0.353180659401564,-0.28891014200782,0.180363898153379,-0.0655636283915648,0.152896443350165,0.337904541772756,-0.0207519851386757,-0.31297874525003,0.250433819936863,0.242519192045415,0.317576473301126,0.172576606373107,0.127996955714728,-0.171292705221349,-0.272530141976761,-0.226225344951384,-0.304884808818399,-0.306985945174119,-0.34770310765936,-0.332048437180897,0.220771670491657,-0.111100175402664,-0.0517441953595041,-0.0587426544625815,-0.240070935523615,-0.0790350165080405,-0.156646113100479,0.193982530968944,0.0167653542231078,0.017013197624492,0.0392672755384156,-0.306116673296388,0.191868466050408,-0.00140955451268489,0.0126595547767244,-0.0677673937840205,-0.160116360088924,-0.208723956621411,-0.229798023203431,-0.29697568325392,-0.0993223852550014,-0.341509571808688,-0.0738525611521864,0.120116812145611,-0.0362245961332829,0.411631294198705,-0.0821481431339024,0.260714142086281,-0.10749791033987,-0.0569080504548451,-0.318485887905631,-0.246397830260718,0.172716024458365,0.0267673493641909
0.0254887947853987,0,0.196671520009211,0.517535806385054,0.557968489063765,0.129885054982185,-0.0915679022607288,0.340738123335855,0.141711756281947,-0.164284754298018,0.0989257259738889,-0.012616509783875,0.00203666940526207,0.0993250556661385,0.100918276295704,0.300761010098803,-0.0174085283757195,0.170544332941154,-0.0288360153483179,0.0540740277155492,-0.103977007469577,0.0178428898986755,-0.0070717977599257,-0.164263016971136,-0.129744748548111,0.0187312155168696,-0.0576841766709202,-0.127286065009074,0.102696536368381,-0.0979401596578355,-0.0841163009958215,0.129647161972644,0.190524738726301,0.0812029921725521,0.0670862634443065,0.143680355080864,-0.00213647408722973,-0.15935035972405,-0.0905406154464554,0.00119754036249702,-0.114962886058783,-0.139993948686401,0.0300793852721793,0.0701353731666192,0.159009274344625,0.0129202597113443,0.027257485620575,-0.0690544645426929,0.048494500648348,0.0197455721667488,0.332568496769853,0.623995589831543,0.321574627829154,0.455962169181574,0.25112480511542,0.154732611741138,0.335823482882656,0.231941078815079,-0.227818388258471,0.107473886487722,0.107297442904047,-0.112209728885199,0.0907536282326824,0.0172824147152857,-0.0298537360593589,0.0548003620928817,-0.0238107029616918,-0.0860092459040995,0.0532906474713215,0.151917850791688,-0.0261274126924588,-0.0607289183902022,-0.0105154766272453,0.0262742708596913,-0.131215562214652,-0.0581832722144442,0.107373958241529,-0.0699135343843574,-0.0931572228547942,0.134332884478026,0.0364452566567911,0.0102434123749193,-0.0784243231157273,0.137647469534968,-0.0537010761203219,-0.0158353726221008,0.00717992414790287,-0.0745533736254581,0.109719012769029,-0.216473076309034,0.00780342861720589,-0.205815398020067,-0.233772791431646,-0.205220926642978,-0.0114821744238705,0.107401801315648,0.0311977417003762,0.00320023902375266,0.105787252547766,0.0845313206958314
0.520651780455768,0.196671520009211,0,-0.384546479295077,-0.141970198725036,0.738805054039543,0.317378416681752,0.522695697520111,0.615076393495119,0.198841559541902,0.258721201499732,0.122961205519117,-0.017255384349695,-0.0333669663092818,-0.0456625770010104,0.0679827480606287,0.110651074492456,-0.178431175940397,0.128478966549684,0.0293190220196501,0.0680021986766313,-0.102869495081629,-0.123623985902327,0.0721496430736822,0.180255338861748,0.0240682487308158,-0.0987153403891856,-0.131609324002816,0.43460694245179,-0.280869173626749,-0.0973998030629241,-0.116648788642812,-0.4386634057599,-0.198320757269062,-0.214770573789854,0.0966511544012143,-0.0230405865159915,0.244200650584752,0.0592780257026041,0.239427063016035,-0.074612786908264,0.184973354258405,-0.0712986069199548,0.0728494114571594,-0.166536321583699,-0.1671558473839,-0.253255518524117,-0.193729501865993,0.506209660664863,0.194655880177226,-0.0441038900729263,0.488087763317352,-0.224767235029523,-0.382372291047675,0.688540933655416,0.750778303121204,0.442887478106799,0.584974210605981,0.103481503927686,-0.000658990565826569,-0.13867100489357,-0.0394030604655336,-0.0223519685715879,0.0449112164826469,-0.0554527786679923,0.0134567954948512,0.282781088847387,0.0274510355186386,-0.122423396572862,-0.0525416052918434,0.108608560418154,-0.0722168458707603,-0.0743002664558362,0.213532068118842,0.129411441496084,0.0383464165626278,0.427404514700698,-0.136264228947553,-0.141658995501807,-0.161739923156318,-0.0110599371458562,-0.241570462459286,-0.104813938525648,-0.113918330193095,-0.0788321038069043,-0.407072694723591,0.00775242580334854,-0.18150662682407,0.153163237096315,0.0576367341323743,-0.193238912024318,0.29806607565429,0.0987642967429024,-0.000921108300034622,0.101902087088873,0.197856614624885,-0.043431834194251,-0.114923699095447,0.494506173110641,0.279540537141783
-0.289416134688114,0.517535806385054,-0.384546479295077,0,0.727204131496358,-0.319924358804276,-0.307999912109781,-0.00888785502559908,-0.187527526499623,-0.329987770395586,-0.133119726049156,-0.0979867554957206,0.0652363923733166,0.228228061569807,0.141336563273474,0.143949098552233,0.0646505460671064,0.305812420193965,0.0724485989232959,0.115648074171691,0.0225593607591376,0.155746961842891,0.276170185697655,-0.17190866271881,-0.362191955710278,0.0233541472179186,0.098849998380517,0.0431385788828181,-0.128285796876198,0.22479875354398,-0.0550323582276651,0.291596350435348,0.587739242184472,0.210309136829669,0.248553043439179,0.0407112883811737,-0.0173458078818729,-0.293287679014174,-0.0493460551656847,-0.186920534322683,-0.00337890499355005,-0.237497667040838,0.0923055869597154,0.0718276156842472,0.415772781928067,0.233848124692372,0.33581853065909,0.187719718642762,-0.312046841227442,-0.0360491578477733,0.385918869122481,0.136633974264739,0.592292032761666,0.864312640747097,-0.213766233851922,-0.277274210022385,0.0441356219748472,-0.0940685585253178,-0.347582453391975,0.0849687647331242,0.20840546961946,0.0142030174468948,0.224278392209939,0.0954464655774044,0.130694745597139,0.0849615188180033,-0.150392453259861,0.0915316557389549,0.178711751297004,0.249525784799722,0.0406076700184037,0.13866116699144,0.200317051804459,-0.147351225649971,-0.150701299293185,-0.0943303065804692,-0.182805372570605,0.150058625952172,-0.0615285574067416,0.386116362684154,0.0647261073145411,0.154009040874805,0.0203903340288957,0.227199030355975,0.0952248393899066,0.259719747077535,-0.0412658089421657,0.0462573079520611,-0.0030540619342944,-0.177183478268583,0.227081617357837,-0.444601661172673,-0.225592498590398,-0.258883580351925,-0.0370683952007947,-0.0155199363371237,0.150278938535986,0.170069861314694,-0.277303143296987,-0.100220578118825
-0.23436798473253,0.557968489063765,-0.141970198725036,0.727204131496358,0,-0.0253489098135949,-0.172850287356789,0.189975050185447,0.0859294562872465,-0.213533814632209,-0.0823830287547321,-0.0936140926422717,0.046240877947897,0.235177256010465,0.137123182228817,-0.0194279154822299,0.0136912317819663,0.167281453312752,0.0902124480169136,0.0887934010441505,0.000913256615117612,0.0134185095611305,0.227496754924544,-0.186038756289931,-0.305850728231558,-0.0302338754623282,0.0359460311142835,-0.0294079748026145,-0.0378003602548675,0.171129276688862,-0.054798820100157,0.128341322743226,0.341230606051175,0.041943300724827,0.0745039728378349,0.0874803385139786,-0.144654786131649,-0.275445955139361,-0.0334897760310675,-0.12362182174365,-0.0967956516293387,-0.200317163139386,-0.0302808217179718,0.0186601964478498,0.235676990873305,0.183020795381259,0.189804460359141,0.117617517611922,-0.119575277619272,-0.0282085687292709,0.253134194088591,0.206231004386294,0.45303816749832,0.693280546865328,0.143894967427912,-0.0275774723458859,0.150627856652259,0.14960769861361,-0.207768075624074,0.0604977389151982,0.162054058791614,0.00130993941567213,0.178632068557583,0.126110834648131,0.0751130554083901,0.122770229387375,-0.108139960851056,0.0410901799485468,0.00363514128808918,0.171154421128433,0.0419834418002231,-0.0597088397179171,0.12448085404316,-0.0787182396706489,-0.105849225977103,-0.139325730849665,-0.0609880840814038,0.11966697743126,-0.0691089800817769,0.236323835198054,-0.0671080656323361,-0.0749809469429055,-0.124703192970973,0.0436155218999804,-0.00738419958420924,-0.00879461189394077,-0.157772136638659,-0.101026657268193,0.0107742883633104,-0.234236592829473,0.112230606614244,-0.350474694870673,-0.123255037580392,-0.304979967612328,-0.109529504528862,-0.026055646397802,0.112827509625264,0.116319465090308,-0.0771473883814267,-0.100064452652264
0.268801496314165,0.129885054982185,0.738805054039543,-0.319924358804276,-0.0253489098135949,0,0.377082834749834,0.524460328188059,0.778257849712,0.353693616587056,0.370925078353212,0.222607975164856,0.134317894112688,0.170115681880864,0.151914666064438,-0.124525691824925,0.151752000010696,-0.186382738348599,0.147714761500594,0.129200812939442,0.133925545741921,-0.0258972294990093,-0.067427107727607,0.152237843486634,0.159707404454669,0.152916083824907,-0.000841502683954738,0.00714656606936166,0.571591959570243,-0.0688739243046024,-0.120194305418239,-0.194779849169959,-0.378230584304008,-0.233133869303184,-0.156799312448746,0.251847769046383,0.0900565626738747,0.222628297247632,0.202814545331645,0.373470371511125,-0.00204886142735337,0.259165887896764,0.0104830541251614,0.199668154377817,-0.139418044528435,-0.0380710222306795,-0.119554854467858,-0.0904273101559958,0.660780743532716,0.323135237509943,-0.184380599989397,0.318265327499137,-0.295829396002435,-0.335648010714558,0.802896283855137,0.813600520069839,0.338626007784882,0.662279073931968,0.260984581338519,0.174367765066208,0.0039683860738521,0.102959194407528,0.158569593212118,0.222640393155347,0.0725139020540305,0.233943401524474,0.296036642205095,0.00384793742890861,-0.254420415767589,-0.117653523046799,0.203441260217549,-0.0694536078805821,-0.0892932930711564,0.293466921096491,0.196627798695635,0.142604748727719,0.564894688127282,0.0742673568410958,-0.181503258951419,-0.222776413091165,-0.0340542785146953,-0.380920720210939,-0.189467466053108,-0.0983609720940953,-0.0313963611231936,-0.419860893550021,0.108198262854557,-0.084504475547206,0.275119804478216,0.0652671012307547,-0.21168746065542,0.288859077727313,0.28019336589866,0.0738735292448264,0.161399482669333,0.214101705807222,0.0376935259371941,-0.069584696811265,0.650928371336062,0.348089930200995
0.15529791922492,-0.0915679022607288,0.317378416681752,-0.307999912109781,-0.172850287356789,0.377082834749834,0,0.397459416021492,0.268032753064395,0.194652961900083,0.149705850130309,0.110608887397295,-0.0186615482392743,-0.0758549194582932,-0.105788995262366,0.0319383086024896,-0.0207857214284945,-0.103900077020883,-0.0189455763471108,0.0878862728299154,-0.00225862526441721,-0.0553310630620691,-0.10623204597279,0.199613575718893,0.159219153132904,-0.0280253204815063,-0.132800175859691,-0.156112426743354,0.139970802493095,-0.150350368383804,-0.0364153334350659,-0.135221879210257,-0.309583933214403,-0.144657060352946,-0.174223426092535,0.127571639426241,-0.0480610276637393,0.373714460917403,0.454098870890532,0.715926780162022,0.282048793442269,0.260406939526147,0.0566048090885174,0.0875194677029738,-0.236049683547584,0.0271399430350673,-0.00564538320949946,-0.0787742741006173,0.384557870257609,0.374633383484217,-0.192472573150828,0.0355249030981441,-0.0306070784605373,-0.310801324996051,0.304348158920529,0.315363211727855,0.367231473270097,0.288711525693533,0.0963775768199649,0.0193243105129816,-0.0723814237919997,0.00908124566904467,-0.0512364282125393,-0.0589916014463581,-0.0475803258089889,-0.0844026918984088,0.63835808327568,0.00657219057244987,-0.225238438105539,-0.11394036595471,0.110848120425375,-0.09560929007787,-0.13460764538447,0.491918875442121,0.160743899184247,-0.0110738337642668,0.137656484920489,-0.0936552267063724,-0.000255779191885832,-0.173187435457792,-0.0698045481965839,-0.15748715398282,-0.17201320742052,-0.146606663117628,-0.239493948281061,-0.140889790207512,-0.0324728466881355,-0.232894372703669,0.212127852105398,0.253477101795327,-0.0675187804506779,0.369586270738497,0.386041491461384,0.192838329418575,0.160922658185681,0.161802283236841,0.080631465167725,-0.040723327683904,0.335160715676796,0.356901544570839
0.246244478689927,0.340738123335855,0.522695697520111,-0.00888785502559908,0.189975050185447,0.524460328188059,0.397459416021492,0,0.647255860522438,0.0331859729651596,0.130683713146509,0.0319252290264667,-0.0712383328606759,0.0953153062894773,-0.0197488677072352,0.0499110197416448,0.26084761549088,0.125014129411893,0.266907736658629,0.200447962297825,0.301400211066571,-0.105060476621121,0.121309716679624,0.120457849656047,0.0461859273570373,0.0485185009746227,-0.0467679730531667,-0.195142729757492,0.335378898953918,-0.147857421588713,-0.211451271911602,-0.0082000648404334,-0.230097098104562,-0.0677716996983141,-0.233647696074839,0.206789545130174,-0.0606715179287028,-0.0160283211719747,-0.0614513174838185,0.263880825387293,-0.0402454755406507,0.0166640697940711,-0.176113292923178,-0.0524997027047395,-0.0528981838272538,-0.105624215910183,-0.0895831994142285,-0.0258462479522614,0.438194683343978,0.163928228964246,0.128214411445489,0.510249550667399,0.149050227396283,-0.104385815730554,0.573639456897916,0.541000475283235,0.740723305432214,0.774062717797316,-0.0966938979201025,-0.00441379298005652,-0.0964102611141793,-0.138978492242655,-0.0148663077492976,0.107173877139325,0.100061289345916,0.0208276657037415,0.224210331871308,0.23752807431206,-0.0227117893038997,0.248500048801423,0.25060447692428,-0.0390709259409214,0.184572256332218,0.295576929012705,0.226129256367281,0.0344723858103771,0.291820763336777,-0.013752450257403,-0.177153313716088,-0.0412325124523206,0.0687810802885959,-0.237344101233461,-0.263654682813779,-0.0872524648122168,-0.0575694734209038,-0.283380404638251,-0.0229426032404632,-0.245691199324435,0.255982559337633,-0.0412607411942369,-0.17724427121038,0.0425380747915629,-0.0423328633303473,0.0120512255038207,0.00989808493859372,0.05636604464085,-0.00473296718962679,0.0670880290120917,0.447707225394894,0.251277702008839
0.206852961210348,0.141711756281947,0.615076393495119,-0.187527526499623,0.0859294562872465,0.778257849712,0.268032753064395,0.647255860522438,0,0.293938310937458,0.257630868697669,0.144593226051909,0.0460394653788603,0.111576420474924,0.0240679790778042,-0.126907264180809,0.232686939641649,-0.104691145017228,0.237793928182593,0.171591723844499,0.219823885033478,-0.0208279936519142,-0.0435255725198239,0.161610045606958,0.0757614551355334,0.127642271324842,-0.015677210645155,-0.0419742682732732,0.539125941482488,-0.140855551358875,-0.181847650765969,-0.127585342676818,-0.306462250237377,-0.13722762259376,-0.168025407970876,0.267013003525294,0.0620431936945754,0.121163550909394,0.1124886767756,0.220862528704179,0.0432057699741794,0.192752247296014,-0.07366710408155,0.0913050232502675,-0.0479153579711496,-0.114766543231798,-0.160864093382563,-0.0949267034560363,0.541876934545913,0.287414683134719,-0.136966827443426,0.315495028478841,-0.14722422338872,-0.279352638627915,0.72804147011173,0.75620710515257,0.40725514879855,0.853236495934832,0.143926919140789,0.0854886652852325,-0.0867536043256152,-0.00428412471259201,0.0584450734907558,0.207263597658833,0.0576133530114873,0.105080985476879,0.196550580471934,0.15691713358597,-0.133715480824255,0.0824106236969085,0.193298555772239,-0.0142576268683312,-0.0170940814687773,0.176626813526877,0.209703495198738,0.10959232829735,0.485437232243652,-0.015248623129364,-0.207127039383637,-0.163910231167745,-0.0381718356351747,-0.327423032836375,-0.225676865283446,-0.0997342553030997,-0.0131179327230395,-0.477881954124971,0.0293639643715518,-0.153941030358445,0.256202255149957,0.0466766990520937,-0.231469363032522,0.159584200022132,0.156742450560381,0.0543531664837453,0.06407252662664,0.0642333953187879,-0.0568594226540223,-0.0770124253044549,0.556052067015887,0.290470967596615
0.190084946390639,-0.164284754298018,0.198841559541902,-0.329987770395586,-0.213533814632209,0.353693616587056,0.194652961900083,0.0331859729651596,0.293938310937458,0,0.453935068857678,0.403888739127786,0.255096579654287,-0.0200313184925066,0.037054217512678,0.0287341939856196,0.119103679735739,-0.241819960036767,-0.0551044430756402,-0.11571848440012,0.000172549091178465,-0.0147423951099853,-0.16234366067621,0.296745027739843,0.575438326203584,0.158007765750882,-0.0662967080371672,0.140716725992227,0.350143019032207,-0.0881331495766698,0.0101148622057979,-0.0494103349157493,-0.206468699286673,-0.134571195983391,-0.196404200641437,-0.0572987404820765,0.202734332879011,0.252593074636487,0.27842050912789,0.261449417211856,0.0507109888945657,0.323949862013462,0.0242091990734623,0.160027499535681,-0.12259825726901,-0.0778143309676453,-0.183130114224571,-0.153819546804082,0.225646702405212,0.1462031221952,-0.210144699779329,-0.0589455346588082,-0.253146105914242,-0.350927773107656,0.24161724236956,0.236969183767327,-0.0255096448316143,0.118871187212343,0.750641719612853,0.306696226700993,0.180691454626061,0.233550673169921,0.0582393658237968,-0.0415509278455786,-0.104728147299203,0.0688478574630516,0.193989524941553,-0.103254031202666,-0.175474270566075,-0.201778374272328,-0.0505058126003618,-0.0091959562743727,-0.240200629602285,0.284451954603878,0.382182164561033,0.411943204597442,0.351166256213099,0.0717613789680633,0.0126119685233466,-0.162740897036719,0.038481707150463,-0.221971744005921,-0.0862857454182674,-0.133386523972873,-0.0643127882336139,-0.354597408408115,0.0982337269775543,0.0212423183585068,-0.0210209681899112,0.19193018850486,-0.163596099145641,0.33594109213733,0.471285043479442,0.293782040856557,0.139139440933924,0.0649112691639043,-0.0540922428252106,-0.185379448193997,0.220003787226497,0.175249020121147
-0.022418693039332,0.0989257259738889,0.258721201499732,-0.133119726049156,-0.0823830287547321,0.370925078353212,0.149705850130309,0.130683713146509,0.257630868697669,0.453935068857678,0,0.756132171608489,0.507354227209296,0.343630585931371,0.379509655411493,0.0083736267722197,0.308213709610789,0.205909645488753,0.154364488662617,0.274264056734561,0.193889243660461,0.363197539440834,0.135794570415719,0.47361824290205,0.327572407739998,0.593087523939181,0.217529621286112,0.323226193561561,0.469138260561379,0.218851200159067,-0.299449906593995,-0.129893680717586,-0.196511465070454,0.240054646190162,0.225393323217326,0.289421350350299,0.225031796218157,-0.0456918617632594,0.220704601442109,0.284669598924725,0.222974277673011,0.430278917491222,0.433615178644446,0.347316920903269,0.147193825800926,0.242998635507346,0.185058287910293,0.13717532611776,0.398305709170456,0.316569953216153,-0.142568474167615,0.0185682864942212,-0.243558492301008,-0.103275533821834,0.225661625915237,0.245389835930728,-0.00790078564486782,0.160463847935863,0.241190169722182,0.667766542180524,0.501939664433323,0.467306413252551,0.335912613784797,0.241718671602388,0.139600614417236,0.371644554033129,0.0935209928445429,0.089112947267629,0.0726295819509029,0.0785190836636316,0.222672422289109,0.216626358526671,0.0190278303529778,0.211452679946257,0.426168045465813,0.547204312344304,0.454250213803304,0.291575979287487,-0.333105367767154,-0.0949545662333111,0.269259681909891,0.012682988416253,0.086606882676757,0.229344431231906,0.168637210748954,-0.21755003921826,0.184630801833435,0.280881506538116,0.334956413248974,0.132478013071065,-0.293661288695811,-0.0378686691825555,0.24722245539927,0.14966430681155,0.403439532752453,0.314264096305681,0.245268288230771,0.0946788904090114,0.275052628545132,0.407134481265822
-0.107309776225486,-0.012616509783875,0.122961205519117,-0.0979867554957206,-0.0936140926422717,0.222607975164856,0.110608887397295,0.0319252290264667,0.144593226051909,0.403888739127786,0.756132171608489,0,0.583926497068364,0.40190027407909,0.458247559272726,-0.119797122107794,0.433344363237421,0.276351113804607,0.249591611577198,0.35262072566898,0.261625441101858,0.470353127924504,0.243169414051585,0.609409182401688,0.193719796039928,0.701662467354861,0.348399820440232,0.484713733996543,0.399987957126042,0.338795252166421,-0.392572646632315,-0.207250705263866,-0.198381725808588,0.286785243118839,0.311390377320829,0.357623492973642,0.288173672718097,-0.205228433973367,0.194423715383206,0.286732301996739,0.288793126380448,0.445232671524348,0.532080148334804,0.311212830238129,0.240805665366238,0.332480424410012,0.286277977808715,0.263499029254982,0.37201159681898,0.221613867997054,-0.250937435721456,-0.185135798139166,-0.326212298525055,-0.0889803006022498,0.0235162806612976,0.0845637419692304,-0.147957962899235,0.0455632093329334,0.196672541272122,0.785828555377074,0.653563450040502,0.554775589146395,0.454402655537849,0.333442206762162,0.311375331788631,0.444165261477828,0.00277039682352547,0.297241233612878,0.236794366539279,0.205920939525738,0.326192966082294,0.440952032663312,0.148715550753908,0.224933946135312,0.582604972502855,0.691551287246757,0.430244009697719,0.417244749092228,-0.429229616530129,-0.136007572503426,0.464380815585137,0.15363167363895,0.117048519055097,0.364479922204298,0.295840774512182,-0.112105067762019,0.265825119254957,0.412380240975726,0.385786163032412,0.253208113419637,-0.390680234054688,-0.127413960772047,0.247303538163865,0.128449046965444,0.574189061849971,0.258184727149657,0.308603078687087,0.178628524262851,0.212362952256723,0.272110975509923
-0.205183120785346,0.00203666940526207,-0.017255384349695,0.0652363923733166,0.046240877947897,0.134317894112688,-0.0186615482392743,-0.0712383328606759,0.0460394653788603,0.255096579654287,0.507354227209296,0.583926497068364,0,0.338539513660286,0.386767859964018,-0.0777322870812783,0.370240800704236,0.187525815843813,0.175026716229616,0.26264904825665,0.186636046128364,0.561020351288967,0.197834946817427,0.334658236639846,0.0545690297670407,0.595771203557934,0.395807434271839,0.568146795780138,0.378224623610843,0.443608697135437,-0.295487527047748,-0.101521483255663,0.0500270636124208,0.2571133132184,0.438365381029283,0.184652290520696,0.355681486162076,-0.137822184430633,0.277583522047131,0.0403951145936307,0.265901666053198,0.33726121856664,0.535118608194792,0.37984364941266,0.398820625074568,0.449791742581046,0.395598248809934,0.289639596274783,0.0884303703912367,0.180135225640311,-0.179333178021272,-0.19830118957189,-0.218853202339148,0.0425011025038435,0.0448314057780229,-0.00442866934939583,-0.229859600270007,-0.0615370458157187,0.208682304527005,0.613137633968437,0.688298953516444,0.842011596365271,0.63446610858691,0.332970881719417,0.280787440597656,0.405053630769251,-0.0362672080787826,0.154844145300076,0.197979488268052,0.12685430253333,0.240696154516263,0.441161376804254,0.121181555024609,0.0318533023569013,0.265502345867118,0.439522294523136,0.349285802451348,0.41241300974892,-0.328926480610946,-0.0500924231380249,0.310612403272323,0.156104586881738,0.180201331970668,0.374254242966663,0.310076870118744,-0.00865184651702332,0.322546552432133,0.366296310608642,0.20685871491678,0.174634814166334,-0.129784831030593,-0.17154734488656,0.323201599586438,0.0331017886845818,0.481368494711464,0.212947732797504,0.365196779257708,0.162073499210894,0.0447832352877735,0.17753621563878
-0.306480714558544,0.0993250556661385,-0.0333669663092818,0.228228061569807,0.235177256010465,0.170115681880864,-0.0758549194582932,0.0953153062894773,0.111576420474924,-0.0200313184925066,0.343630585931371,0.40190027407909,0.338539513660286,0,0.711889740685613,-0.267716730364435,0.495998969113756,0.348611174245357,0.573197796144803,0.444441275754766,0.513505754955536,0.359636875206129,0.664641603029972,0.24491752467758,-0.161047510057453,0.421863068500603,0.598143339255753,0.428689923958882,0.349482905744954,0.682643081643175,-0.474663859865658,-0.128712808928378,0.0403337778454662,0.159590532807061,0.367113180456266,0.445858782104329,0.222375084548154,-0.32411699946797,0.0512899341277655,0.139959510962023,0.046020546504083,0.0371183188172779,0.2142179983479,0.255319097814814,0.29805338360079,0.510629365398539,0.592568321978522,0.568512944675876,0.295522664824752,0.138675899731549,-0.0545341857438918,-0.0951705099329264,-0.0745768959161771,0.265847067996367,-0.0221262441301138,0.0377417722757714,-0.0710598486864379,0.0938550288533042,-0.0455580236345008,0.461554038476732,0.395377824312947,0.282047717915125,0.635047919145934,0.736130119176096,0.684155555598978,0.695739350695832,-0.112726615476268,0.386981136517195,0.127880426213861,0.223996963845618,0.56761863466387,0.265858626546233,0.536940707600711,0.0954990710040733,0.355862506658166,0.226932586820339,0.38607466215464,0.667087825391288,-0.457378413372987,0.0707338691623064,0.256712394626921,-0.101719957395891,-0.0347696873394593,0.312097299139557,0.516974546811962,0.162623385144754,0.283514711875028,0.442127240828021,0.382675444640322,-0.133094144928487,-0.173058617546538,-0.268125426420405,0.101814996658869,-0.12231870485655,0.151249620573671,0.207451106088374,0.475050442205038,0.528734786159668,0.200061231924111,0.112964078234637
-0.364385878271806,0.100918276295704,-0.0456625770010104,0.141336563273474,0.137123182228817,0.151914666064438,-0.105788995262366,-0.0197488677072352,0.0240679790778042,0.037054217512678,0.379509655411493,0.458247559272726,0.386767859964018,0.711889740685613,0,-0.348648217616459,0.245385788334396,0.355905284525,0.206100224134781,0.470415851094572,0.448800142021681,0.372084333048174,0.538129128902373,0.272415772944827,-0.167177397537202,0.457532176947374,0.61772608110927,0.551148302800152,0.344640109109916,0.679967624798051,-0.391483255831862,-0.265478781145507,-0.0245236193469248,0.149536002522876,0.437688391974162,0.419876790112197,0.157578643126357,-0.399412575459893,0.0424994464223968,0.183274673018639,-0.000720294280036294,0.0733680026820335,0.292817379843268,0.343743825654428,0.27754417873802,0.574377246312522,0.530195235495822,0.541309325476811,0.269206221510087,0.0802893045182745,-0.174138460473798,-0.179958868896779,-0.182787004618909,0.213279678663552,-0.0519252239118058,0.00412793375070839,-0.132158461174868,-0.00974288864425637,0.0271636722760808,0.54937794748935,0.54677943167315,0.365432605871153,0.646535582400831,0.598875316844445,0.725376685376459,0.911526431703846,-0.126532258897447,0.144028480861671,0.135131518580822,0.159338922504456,0.646332101190286,0.27579703173352,0.424603758394728,0.152021479371935,0.363075560550299,0.327073276088982,0.477396329721011,0.733683321912938,-0.421177115836585,-0.0486994738347259,0.322039420386431,-0.0276014306951117,0.0538471534781999,0.430811270352691,0.543002130364212,0.238809638305235,0.254723989336202,0.586248896484782,0.401190054666741,-0.174984517971844,-0.278032920322951,-0.256034494927551,0.145086446333131,-0.120067533764947,0.244916602283025,0.283100842458556,0.555676030303506,0.52318982524423,0.210824523034945,0.0749542868014116
0.369323747368468,0.300761010098803,0.0679827480606287,0.143949098552233,-0.0194279154822299,-0.124525691824925,0.0319383086024896,0.0499110197416448,-0.126907264180809,0.0287341939856196,0.0083736267722197,-0.119797122107794,-0.0777322870812783,-0.267716730364435,-0.348648217616459,0,0.0803959376051056,0.0990419060259669,-0.0402508804255401,-0.191210113631204,-0.157595532418878,0.0851210349590644,-0.128648604562928,0.0302824962489972,0.236543230641545,-0.0368487610682562,-0.227866149775866,-0.246586682659467,-0.113930357537506,-0.316394350458532,0.135232581369193,0.522196415735499,0.33723543275433,0.22825199779103,0.0288484675442688,-0.212230763806404,-0.0462485197048689,0.188215502136676,0.020851313956993,-0.0755457676637291,0.0671756335033123,-0.00978055969797394,0.00991299802462752,-0.206139542188737,0.0555662760996096,-0.277944320980099,-0.115173686961164,-0.282085718099622,-0.25093816768491,-0.183652680914593,0.435732512573438,0.381662313309849,0.366285875484229,0.109063411610044,-0.0696465753151723,-0.120859255279386,0.116700482422104,-0.11212552310364,-0.114340655053507,-0.139957168586777,-0.188348203889736,-0.207281193560543,-0.239989374283265,-0.31254250753411,-0.275795997535284,-0.3705585673544,-0.0551685421720794,-0.0175322871009213,0.225510806146321,0.106497502294175,-0.308400491697056,0.0970446964646561,-0.0801206404472974,-0.0912520416772606,-0.0774780450058937,-0.0458559290212702,-0.203587538788072,-0.318431671035913,0.153235055062369,0.3403760063926,0.119179610206631,0.181951477146982,-0.0257890084078313,0.0391812665810076,-0.201621789879171,-0.0331449831362177,-0.0860210637923964,-0.29783709796796,-0.21553575079956,0.0280514476025698,0.184386810366412,0.000366463417475089,-0.167816019740819,0.0291354109476613,-0.0690445209719935,-0.112027616631474,-0.300930234166785,-0.308218781170615,-0.254105166929419,-0.0950810906415074
-0.0344978298007712,-0.0174085283757195,0.110651074492456,0.0646505460671064,0.0136912317819663,0.151752000010696,-0.0207857214284945,0.26084761549088,0.232686939641649,0.119103679735739,0.308213709610789,0.433344363237421,0.370240800704236,0.495998969113756,0.245385788334396,0.0803959376051056,0,0.379208244466645,0.743971994639819,0.384452299871678,0.5793229173927,0.447230684918935,0.49597154612369,0.475525409137714,0.118731221152678,0.49027896580154,0.440137645352451,0.352439940254899,0.437737488595742,0.340928201413543,-0.477145501539938,0.0429879925046787,-0.013689686090187,0.301860238527314,0.277042300573784,0.279261531658892,0.323537133401866,-0.137678258766318,0.0404500985941413,0.00497417989687054,0.122190060574308,0.142360182788251,0.187072518936598,0.0436875659196019,0.291916632786372,0.218015420850776,0.314877045452285,0.340868861297478,0.177987008324215,0.0731459507585893,-0.0328049974510983,-0.0230071454675619,-0.0757006629970795,-0.0214393726526825,0.0291740899691344,0.0734150795729328,-0.00604220135221111,0.246458906245253,-0.0711989249289987,0.345260810893579,0.242291274607519,0.239936624627038,0.351634947676708,0.459085162616445,0.463991380719111,0.27051027497878,-0.199445863584957,0.731058979149475,0.419876560548763,0.445313088692385,0.425461717579141,0.548181616519974,0.502100308584916,-0.00620956609395109,0.566484818652559,0.367203160819487,0.350346453311398,0.358896472070163,-0.473777829648598,0.0476459580376504,0.462775493394124,0.0251333360570564,-0.0462846423405511,0.340054952576683,0.438957597158406,-0.0994839420892692,0.318518399246834,0.228190062575304,0.247278709018876,0.032737371393943,-0.212990939702762,-0.191045148340763,0.0477491766502158,-0.0325098205834485,0.217230681157175,0.00563112015464971,0.223907406354627,0.253141850330491,0.0319868595325535,0.0444507892681614
-0.209382958633674,0.170544332941154,-0.178431175940397,0.305812420193965,0.167281453312752,-0.186382738348599,-0.103900077020883,0.125014129411893,-0.104691145017228,-0.241819960036767,0.205909645488753,0.276351113804607,0.187525815843813,0.348611174245357,0.355905284525,0.0990419060259669,0.379208244466645,0,0.338281381659667,0.639069900725213,0.451136906796538,0.432515920750204,0.496838645262261,0.465260271700419,-0.199832858024905,0.402877646313094,0.390988243743226,0.199470254224261,0.0428201670839157,0.311745129918617,-0.361208654290315,-0.094530039555607,0.106617631975955,0.730826576167232,0.420403939622513,0.546345177759836,0.109816290827038,-0.40440232548014,-0.11097651685059,0.0979850072251032,0.342005252717017,0.148060331365507,0.268198288676671,0.0128818651748146,0.386521120729501,0.271685300995104,0.395687496293283,0.298356669889389,0.0744282305705303,0.0800451633226686,0.0502899032211953,-0.0744379416765287,0.0498006454329003,0.273156212513425,-0.280889259543896,-0.252004378737023,0.00660777768827514,-0.0294953486960267,-0.391120243624198,0.282698619175608,0.283405698817466,0.0673795836922228,0.188617972363943,0.29153704156034,0.356093675791543,0.294463337558728,-0.254804818255059,0.371946122106492,0.632892920328684,0.75610767699648,0.434713250204548,0.38558762577892,0.541166301319885,-0.0377248527847871,0.209455849080222,0.155805021992643,0.0837701101975799,0.27020535107534,-0.370307192866899,0.066258564905766,0.476529206186282,0.431025685308376,0.187328396971235,0.38753148687955,0.390687865380409,0.186263828458894,0.174816979023452,0.224605095569247,0.544823370827305,-0.0535041324496953,-0.198601190019756,-0.342564843058566,-0.231905451776149,-0.000940977270315177,0.0845992513360237,0.0916649509158603,0.239350794436396,0.307613858155015,-0.0677924422852186,0.0955703045652193
-0.132144478102317,-0.0288360153483179,0.128478966549684,0.0724485989232959,0.0902124480169136,0.147714761500594,-0.0189455763471108,0.266907736658629,0.237793928182593,-0.0551044430756402,0.154364488662617,0.249591611577198,0.175026716229616,0.573197796144803,0.206100224134781,-0.0402508804255401,0.743971994639819,0.338281381659667,0,0.357062430214577,0.604932219408685,0.262038457318253,0.528346438258068,0.249999178737595,-0.0855572366723961,0.275402238423729,0.366267542278518,0.190011356865528,0.337472428828091,0.345470552467486,-0.452026050416426,-0.0143989895945537,-0.00690463814365188,0.259220970087018,0.178358265684973,0.293912451877407,0.246372410332525,-0.134206560455112,0.0290877232581608,-0.0415782719743062,0.105696990990027,0.0365003677500769,0.0781433419137684,0.0131758895557711,0.241698128837729,0.195547560457674,0.313748489755935,0.293036663369744,0.176718216497824,0.128318850234321,-0.00554301538514615,0.00500446999998134,-0.0694281168312357,0.0287302400571662,0.0367241939730334,0.10569705445897,-0.00852290149241861,0.259532637242072,-0.150791729381457,0.199751037878382,0.122801943760887,0.12461581196705,0.306410912534865,0.549709326630436,0.47301448940415,0.223210983948395,-0.194642726932932,0.740368388041296,0.313792735985432,0.39745036178661,0.442253742785889,0.342164979042924,0.534456139319531,-0.12696408870175,0.367167450090244,0.122138543020708,0.272184220393833,0.298441202356494,-0.446175561355218,0.117320285392087,0.225418079520517,-0.0550440651637196,-0.0508804283822341,0.132236888358776,0.341313236193646,-0.0894667724976571,0.264626867630182,0.152450528641504,0.231962727084441,-0.0706370261873997,-0.131191894670652,-0.187656257062239,0.0135328387889865,-0.126371756272842,0.0733352928634945,0.0459438033300247,0.181223233054009,0.242581307656225,0.0198109630975518,0.0728042656705729
-0.227965737926232,0.0540740277155492,0.0293190220196501,0.115648074171691,0.0887934010441505,0.129200812939442,0.0878862728299154,0.200447962297825,0.171591723844499,-0.11571848440012,0.274264056734561,0.35262072566898,0.26264904825665,0.444441275754766,0.470415851094572,-0.191210113631204,0.384452299871678,0.639069900725213,0.357062430214577,0,0.556563529413185,0.379453048455968,0.411665198614326,0.496136787529099,-0.234127152768473,0.436342953587768,0.421210561909742,0.352387169213198,0.452415808987043,0.34330926334507,-0.459062767911648,-0.249877793215122,-0.0339080226146657,0.487745443078848,0.341872264642648,0.673844429460422,0.259979948336998,-0.336528174269585,0.0341676449722483,0.307524437761381,0.377588946184401,0.176548078478379,0.260406103112933,0.236889006921631,0.404736675454931,0.357275956829166,0.427719035019619,0.4320716723013,0.375629088424563,0.355956826015265,-0.110376426358817,-0.0720259179257877,-0.0769333361903853,0.0820729350651935,0.000607595919961206,0.073400806547896,0.00985463166940503,0.159534567912334,-0.268255098678127,0.367091534235665,0.317313111137691,0.202384037536029,0.387719859124589,0.435013605883828,0.46818088755559,0.442897576576791,0.00349880963954981,0.346332317937399,0.378012513561731,0.488320285136749,0.699891002312549,0.337284058446979,0.362231654748118,0.183367615665561,0.234369539316385,0.199015830456953,0.446839464186763,0.361271374493382,-0.447641266471062,-0.081344636506708,0.469091863092817,0.273908837555866,0.107319209890593,0.343949983371285,0.390579046993223,0.0891924119698457,0.33602240816327,0.301533540072361,0.760496215119055,0.14206447184927,-0.242979040117724,-0.263003447087609,0.0348780372517579,-0.0139725814913858,0.256374204296374,0.206827417460526,0.368029754850653,0.425752574774618,0.259437947531983,0.320001255597006
-0.17505427849542,-0.103977007469577,0.0680021986766313,0.0225593607591376,0.000913256615117612,0.133925545741921,-0.00225862526441721,0.301400211066571,0.219823885033478,0.000172549091178465,0.193889243660461,0.261625441101858,0.186636046128364,0.513505754955536,0.448800142021681,-0.157595532418878,0.5793229173927,0.451136906796538,0.604932219408685,0.556563529413185,0,0.254446327131326,0.530486214894496,0.36348053919145,-0.131093893435886,0.327632762003204,0.433622889538254,0.260526214093706,0.418378860480588,0.373469192991039,-0.469112603024361,-0.0579588406044863,-0.0474492453814592,0.245873169523397,0.159932198961477,0.306216855305048,0.0966262477619502,-0.256506021945489,-0.0203662786373903,0.0710273148747675,0.0239569340107355,0.0425660207550424,0.0174063260820728,0.0478716412409154,0.229643228284625,0.225267699716645,0.296625143205597,0.323103650523222,0.231673836100162,0.09777241781341,-0.0422201112292526,-0.0573246748866874,-0.0585913199388356,-0.0284595679358685,0.0192331609580046,0.104487728205872,0.0547884023506311,0.250869019608514,-0.14003452909795,0.190982955067164,0.157857529505018,0.137740966649901,0.356009426518927,0.46461036480546,0.596648973496657,0.449394743436569,-0.184108701321106,0.482034064190905,0.26324436863173,0.396154076313779,0.772668468992596,0.332869902301734,0.51362042762114,0.0686644708147927,0.407273319061564,0.166950055772238,0.361101995097052,0.417578983092398,-0.452004251318712,0.0372717873627105,0.294514245324038,-0.12179934817555,-0.113360027175302,0.188379656277044,0.439083438071855,0.034839863483569,0.170454781584092,0.227511887446214,0.317566125257846,-0.131206131425329,-0.191064092740322,-0.252002305467751,0.0674295631267356,-0.0979244613412379,0.0999512945424164,0.0219316086953136,0.253645323563262,0.328053676686092,0.122141076669065,0.0556955220779018
