0,0.442382452107742,0.301014926722991,0.181312485254257,0.10600754291221,0.20657692866792,0.581416484152274,0.218282018002227,-0.0218912701077799,0.0948444271653785,-0.105323519629539,-0.28601890932145,-0.289248740415481,0.0714489966357758,0.191801279020171,0.096448610059136,-0.197794500021757,0.0254340738509132,0.0468249991432646,0.0490747724145501,0.190258494058582,0.233824956734428,0.342926519491173,-0.239621430859038,-0.104140081161196,-0.0245568747452177,0.344139705147899,0.483059989683215,-0.0866786479398052,0.326394344636095,-0.185152297746226,0.0180273551679296,-0.22613630113112,-0.12087876580611,0.271809285518078,0.00386055710817508,0.0941492155869034,-0.0721445388083899,-0.0631397843015951,0.523480297428315,0.229796542285506,-0.372342502826786,0.0774002407591973,-0.201781049927632,0.000626351847693701,0.318448881998212,0.243927899665638,0.24037377892757,0.526954279443687,0.0083650599009504,0.224328979873732,0.209742687202373,-0.182198424854427,-0.135707014536332,-0.0982505940897618,0.471395743350204,0.132505605831236,-0.0496764542108914,-0.289800861370328,0.0272826152689516,-0.320470875373405,-0.163261493603203,0.116290129096603,0.185600130629606,0.19307888331684,0.137631928666124,0.26856724691225,-0.0535284706483207,0.0786291447793585,-0.101712511986762,0.0939162759788254,0.250515143818037,0.256267635969609,0.312353454339607,-0.133958848525661,-0.242513485329647,0.133900192681512,0.219790420132514,-0.192836496520677,-0.208979779811859,0.165826766330423,-0.0925995449728343,-0.202130789840035,0.0109351962362136,0.145428314581513,0.17816344153372,0.32949898593803,0.315940864470789,0.0839206720239355,-0.192137701856533,-0.0679675611464425,-0.294944129669932,0.0582706959371508,0.0329829925509505,-0.0974866770235227,-0.121583172115761,0.220793252100788,0.33479720750862,0.287067883471467,0.123356590043099
0.442382452107742,0,0.295622708481074,0.304785710749902,0.426209975419799,0.152877993853885,0.423399581122831,0.434032661034977,0.0190572427697078,-0.0248181696852491,-0.169866093159833,-0.146952029166857,-0.304312246222856,-0.0012534019436229,0.0480336735933928,0.0233085400942249,-0.322934952424597,0.154134994355412,-0.0465996166920849,-0.0284166392438707,-0.0285551341049537,0.0878272887760687,0.291102333479963,-0.129439129637439,-0.264927824525597,-0.0413668428703222,0.211418852721264,0.235495232744867,-0.124303748623701,0.275392898147885,0.0595002073508342,-0.127793799445706,-0.209738734922073,-0.0107021206625769,0.122568462436071,0.174780755762457,0.0295803698597013,-0.227112920620408,0.042173697746652,0.328439447343384,0.133835969870576,-0.206946031096156,0.248582629912998,-0.0800785993541274,0.261759711226827,0.119201744083549,0.256894257456771,0.00986021852923239,0.268537324481541,0.0192256211930486,-0.0282763628519849,0.458714545900925,-0.15610936259324,0.140227439728085,0.162428936220062,0.269334060408662,0.296924292053811,0.0886415436232797,-0.317042937492653,-0.0616573425032355,-0.110163228261002,-0.257209120364759,0.0902351454315527,0.04804931450807,0.146891879780807,0.0782622194462577,0.225346058794254,-0.226035978208092,-0.0782839182700765,0.124782229289462,-0.048365164884494,0.0780042533127158,0.272430055913825,0.264837014212468,-0.137375784292277,-0.300097195169913,-0.00725376721644871,0.104950330864241,0.0319084985483747,-0.33775210689363,0.174538705471532,-0.0840426313351473,0.0415419873561048,-0.0680898186180845,0.0361884561594227,0.16398893841972,0.167373062363484,0.0867454863935114,0.0555789534942419,-0.0881927481996092,-0.0571866953055196,-0.260706054643672,0.103101140563989,0.135298985309917,0.125041602035209,-0.0366973275105778,-0.01301292605093,0.0641524100125491,0.0905446896884034,0.0163258803583232
0.301014926722991,0.295622708481074,0,-0.306531011019553,-0.215625121245745,0.461772522957292,0.349859541580065,0.317164783456634,0.350803323618572,-0.102470366802673,-0.166142981292902,-0.235358844835988,0.230351088761096,0.367701958749885,0.335408636094642,-0.0428440021722599,0.202216784643662,0.203824860418961,0.263477084956183,-0.0484774253872692,0.109128074706876,0.405327943464062,0.358138145821771,-0.0875829858872306,-0.0374366548485913,0.0868769204331723,0.181642364600361,0.362301821670651,0.125808981383857,0.35474952660141,0.228886837510585,-0.24815697343587,-0.330145727898349,0.0385112635157399,0.320316759699315,0.0624784951475204,0.0340599850124329,-0.193099465961191,0.0115412015549537,0.220948293231241,-0.081358083804986,0.114022243894244,0.0877750656712764,0.0381022864730342,0.273449316038845,0.180754409422312,0.150384709745351,0.0199420289880406,0.124996963976016,0.172457413821367,0.0741006210008311,0.55868416143231,-0.248052498768635,-0.355128203397719,0.425839436620305,0.430688337147191,0.117116353159369,0.286569768061349,-0.211745790172173,-0.0559452127049904,-0.0937426565391952,0.247019634228254,0.398376747316285,0.388101357644211,0.325743407971498,0.32356754222296,0.0683945838196071,0.150978769861705,0.134076634501361,0.161134974976798,0.0971175387548752,0.384856726638218,0.367253360937024,0.154368589710216,0.152366338809572,0.122083033571022,0.183186142691446,0.385598355929832,0.160533531859816,-0.260424835058513,0.305081696370449,-0.188361519788362,0.121331885611437,-0.0303409770498745,-0.113475110555516,-0.00639612662039491,-0.013996389547442,0.0959301778686289,-0.0959354174076679,-0.305250413262862,-0.303286968830643,-0.236419437462819,-0.0448722473033866,-0.0269486215318054,-0.0485775783289435,0.101190334351851,-0.15795398658827,-0.00209107672594131,0.071352328105228,0.105300877841436
0.181312485254257,0.304785710749902,-0.306531011019553,0,0.639384755653144,-0.104176198644948,-0.093334993468131,0.207590996736012,-0.267322288447525,-0.0576088101414871,-0.0922119399569265,-0.108743633409015,-0.383969447915066,-0.220192912114722,-0.161724398690401,0.266464195752843,-0.361090733765938,0.138866409006727,-0.252143790180564,0.0730217830801804,0.0807426125639192,-0.209304080304001,-0.0539873080392549,-0.120447865048653,-0.292860002535558,-0.218034872258233,0.0354840384648751,-0.107014711750151,-0.102623726635934,-0.0754780157267566,-0.504664191920589,0.00667683534415532,0.182780930469278,-0.0100202877011794,-0.0712973045182857,-0.0388566264239856,-0.125925202937121,-0.121976067734951,-0.11062699135583,-0.13547300621666,0.0282559316142059,-0.211429321674049,-0.159268457278581,-0.294536639845518,-0.270798388947052,-0.0206151134978068,-0.0236418533065239,-0.00914935077457206,0.125377688084608,0.0122150072889101,0.258217710481385,-0.0151314591987252,0.316973610398958,0.657830915261508,-0.0728912815857733,-0.07756315215285,0.31248835356146,-0.190795706203667,-0.106044706607248,-0.0523019203426312,-0.146314619988951,-0.395715145136624,-0.301549442371923,-0.264280366909479,-0.0861028655585103,-0.230884399352361,0.0646362156561858,-0.313675660856199,-0.147258959167736,-0.0342378396410223,0.050440801044285,-0.175791155520829,-0.0652051780241301,-0.0724671197099286,-0.243370723471436,-0.221850705177326,-0.0918481054793682,-0.144593824272774,-0.509724349768742,-0.0595170512937152,-0.202261980467012,-0.0573087460054866,-0.334648385511877,0.126266520958694,0.152846598801215,-0.0242942891100535,0.0557642351732032,0.0147882942366937,0.0917064891382808,-0.0103621230859388,0.0647817279763729,-0.101906325580085,-0.00917673987895859,-0.0617326860486889,0.0538074848418237,-0.215154973615194,0.0988569817989283,0.10464084239679,0.0917739511152516,0.01956396368617
0.10600754291221,0.426209975419799,-0.215625121245745,0.639384755653144,0,-0.0706076937269551,-0.226098341301965,0.20286283868108,-0.195197344319834,-0.0854417565442162,-0.0503780536963855,-0.0884336680487822,-0.333250129902461,-0.306182332633713,-0.197914750965408,0.163979991535116,-0.378351556459322,0.0997211312897301,-0.356607562544072,0.174083054808853,-0.084557380508316,-0.160627471736635,-0.103615767801359,-0.0744803813134158,-0.226618136314214,-0.166456050060178,-0.1233786290094,-0.142250748391108,-0.0617165159683802,-0.0530943064363165,-0.237868760901841,-0.111171758351728,0.155363057259614,-0.00519987778379254,-0.092114970721115,0.150852621854582,-0.0874748753154396,-0.124655040402294,-0.0761630414289114,-0.210659162545047,0.124325025850081,-0.0992212372828826,-0.0273313269070208,-0.0823460897333227,-0.0449678866654241,-0.0764201908696411,-0.0453915788532102,-0.0806731471928246,0.196204273664178,0.164521278578569,0.222957967827918,0.133879736503432,0.185865554952405,0.642823760423507,0.0692467323706672,-0.139507792741201,0.214768094055385,-0.121098462442105,-0.106956260171,0.0212218131938845,-0.0340182245993708,-0.359989770390476,-0.325049835030084,-0.336009221456887,-0.138467414522679,-0.185198976475184,0.0308214192748795,-0.359962917698711,-0.202870348121481,0.0338651062160108,-0.0288153552205758,-0.191016695355472,-0.0778225359970452,0.0202629019695084,-0.201558519523356,-0.145114497062258,-0.113510783645714,-0.154620970788688,-0.297429846319268,-0.190293512118911,-0.132232205346687,0.10946703965682,-0.132216529079361,-0.00493244045995685,-0.0188767612085638,0.0649017576979822,0.0174560837183503,-0.0432986114567606,0.259423424781687,0.12154037250762,0.0482267025041222,-0.0546998913673278,-0.0305323953382708,0.0101185641797887,0.0959163188488681,0.0282864684972294,0.0200531015945106,0.0144610076365867,0.177256826905274,0.173472217036622
0.20657692866792,0.152877993853885,0.461772522957292,-0.104176198644948,-0.0706076937269551,0,0.1699114742556,0.556860496975273,0.759708176381517,0.337474078753161,0.0718851642839605,0.224067759075631,0.0144663767673829,0.179135764295863,0.088010320874291,0.126360009994449,0.0619948074906775,0.233412649906549,0.0549766224590681,-0.0709496441159489,-0.0136993188340172,0.135892959341498,0.171880293256598,0.150693263540617,0.168150888837631,0.186539730736366,0.0787432080677739,0.132850770511663,0.104941525921649,0.107257932285302,-0.00763294139563019,0.131999505583762,-0.137893971173089,0.0778661716711547,0.0822468430026857,0.318762789514837,0.134293813766224,0.120019984089574,0.128772754357128,0.284857655523902,-0.0678181330077947,-0.0732890794996152,0.190307481002378,-0.117638934311658,-0.0277073648268051,-0.110850492957427,0.0768114118767027,-0.0663784270471029,0.419413675695225,-0.202884629474789,-0.0923413543477594,0.376686599004047,0.094072406960602,-0.0534226799351696,0.696241365014117,0.756932034006642,0.379304304899453,0.728328160105122,0.245095051053674,0.112580999759526,0.0730563412019427,0.0676507932498243,0.272180838942985,0.171742156467883,0.159480202004402,0.0627535081716896,0.201396702379248,0.027394051531524,-0.0587354159474755,0.0974008783602681,-0.0838175835042179,0.165294520542202,0.251842814417259,0.351439102776428,0.13882087379288,0.172983893447387,0.0608658216474328,0.233649594857914,0.0498708139670181,-0.0195689039036059,0.100051784601318,-0.265318947036051,-0.162763495745248,-0.114068209605807,-0.00521508695879997,-0.103798992579375,0.142869431625401,0.00400269940451586,0.0825118542535566,-0.00976121317900376,-0.0857572732456006,0.17510985387591,0.211554578012555,0.0896853291244742,0.133049262874952,-0.114386594327789,-0.11756043051076,-0.114454391110229,0.459040545026957,-0.157739306608134
0.581416484152274,0.423399581122831,0.349859541580065,-0.093334993468131,-0.226098341301965,0.1699114742556,0,0.245706542424006,0.0542345102807142,0.183437957761965,-0.0901933376262812,-0.102938097377783,-0.179861479468756,0.157285436220719,0.23173929195488,0.0983860692259446,-0.0266338761088347,0.142689495274846,0.208686181070842,-0.0979629912152428,0.289579317408257,0.212058274782844,0.42331072029961,-0.078856129480549,-0.0559849901881575,0.0251928666916608,0.377930064429221,0.458860256519197,-0.02240179541057,0.347175939080604,0.00362828728246193,0.0754996786398901,-0.246006964655483,-0.028253991961818,0.245116246272347,-0.0166868180831829,0.0473035228491508,-0.0908740487883104,-0.0057899032037109,0.641574548764949,0.0623220435310774,-0.318963911650234,0.15773354116599,-0.17149287320386,0.1868884877065,0.207609247557144,0.211566591997829,0.126389513365345,0.303590806908165,-0.159652993606537,0.0139349490682053,0.265669471786818,-0.132060697478041,-0.339428730221337,-0.0385082675034246,0.447296377218402,0.138895116824875,0.073731105241567,-0.27682412904804,-0.0426263411793152,-0.161043187728314,-0.0787565698823592,0.269222288472871,0.300625700711302,0.248939443958054,0.214029020967534,0.374420843001984,0.157813254318468,0.220664286725538,0.0810809922573082,0.153789611752816,0.26009551671049,0.335494408029094,0.316590721204298,0.0115109937469907,-0.245689581067218,0.179315054082339,0.27902663381562,0.0557032270895912,-0.16270192925118,0.255635147120573,-0.232398933724997,-0.0813091368239261,0.0285813814764649,0.091401827158883,0.0553162121354684,0.224939081522527,0.230099633732194,-0.102362598929098,-0.289027863163891,-0.0878119761058298,-0.318583119759726,0.0695334161358097,0.0975215650100461,-0.0774477522153976,-0.183641933085102,-0.0141105181660111,0.170524383419948,0.0807437227488989,-0.0862433782327141
0.218282018002227,0.434032661034977,0.317164783456634,0.207590996736012,0.20286283868108,0.556860496975273,0.245706542424006,0,0.459647394252377,0.18286522266223,-0.0904592271060547,0.131466147899045,-0.178173722798294,0.0115010451347334,0.0327572486064002,0.406999357576389,-0.210191088889999,0.516223682355162,-0.127335136289373,-0.000820600037843654,0.220284627138112,-0.0087045593071924,0.187000099695114,0.192750612573648,0.0230984572665863,0.0644745970754295,0.0856463430070248,-0.00209289986244263,0.0905090938490605,0.103849878325949,-0.204457471126559,0.0410994518031997,-0.083498811472613,0.0817518145975915,-0.0398636315196223,0.33071731664574,0.0278631016020604,-0.0832585451993582,0.106531809136012,0.192923421836217,-0.0651012835679323,-0.170890367056951,0.125305911312271,-0.232942546905076,-0.114050796745373,-0.127496140867588,0.0905840912135305,-0.228682443986987,0.267302609346992,-0.196856578321358,0.065329221730803,0.59498240954857,0.357673477512402,0.193505364216558,0.558317104437157,0.469481990607689,0.764385365139678,0.622677372959082,0.0965890798704343,0.0189850464533559,0.0218386123021536,-0.156025217164979,0.0742317031398923,-0.0253827990579203,0.141613151386652,0.00891442755038682,0.445954076064594,-0.189959832684218,-0.136136314359119,0.312365263630259,0.155508675851864,0.00965230147377083,0.24823192090372,0.32462630823358,0.108507531017239,0.065728403105529,0.111189891494117,0.156129801808395,-0.141204360288458,-0.14101609357494,0.0795631901141218,-0.355876466717109,-0.227860450145925,-0.0672055614604434,0.0445675762226522,-0.0813048969695031,0.149270470557862,-0.0581248398794981,0.113245727319456,-0.0239937441813897,-0.0622415044573675,0.0836499434839672,0.195270951558178,0.0597485879194246,0.255879029106927,-0.221484978144457,-0.146243594540147,-0.172360851597958,0.32925304812533,-0.220689855222515
-0.0218912701077799,0.0190572427697078,0.350803323618572,-0.267322288447525,-0.195197344319834,0.759708176381517,0.0542345102807142,0.459647394252377,0,0.277126827583878,0.155333853458016,0.333273135136595,0.17671425434673,0.265225723646215,0.0956301263287296,0.000884237764215294,0.201205542695489,0.257238112254157,0.102936611600647,-0.0983137570074454,-0.0906644404554945,0.127038567862791,0.146930575272682,0.247676684120812,0.148357283856983,0.294755382669553,0.0216259932218647,-0.0208627127238474,0.137765562069602,0.0577083520204786,0.123934245836121,0.048958987841583,-0.133918261202754,0.189522883138138,0.0152406785149243,0.338677037132269,0.063113894725694,0.0293509865326211,0.105218258223395,0.129123720924652,-0.0952162057495531,0.0199062128302475,0.18771188065106,-0.0450406926024066,-0.00702641909270815,-0.204082510597017,0.00239019250945965,-0.0618002360022366,0.230814280035003,-0.190516786041141,-0.178162942733987,0.227995167858308,0.0142207297665355,-0.16322153030996,0.629938228706709,0.582986896930031,0.254937200024297,0.804671593082914,0.290893758273007,0.165327500852477,0.265765929736588,0.229766208583739,0.328415325825297,0.228813817593844,0.201930483560974,0.120176268462048,0.104366624404766,0.149092347718211,-0.0298555043570061,0.160262990818069,-0.0984158623368836,0.119663056408676,0.237818618874118,0.254855048296503,0.227001721911904,0.236381910687599,0.0200288179654872,0.186731672233471,0.143938504708619,-0.0728389746171484,0.0308852901200688,-0.185953857872507,-0.061294597013012,-0.168740709313864,-0.0660997722435343,-0.124451804968683,0.0773007182524157,-0.146187608772962,0.0511404099608347,0.0508795315520803,-0.155190166005851,0.226625634356375,0.138205787322118,0.11793408715401,0.174054758052619,-0.106637422131233,-0.231408800926042,-0.127552416332531,0.355169444828535,-0.181781837094309
0.0948444271653785,-0.0248181696852491,-0.102470366802673,-0.0576088101414871,-0.0854417565442162,0.337474078753161,0.183437957761965,0.18286522266223,0.277126827583878,0,0.497800989716907,0.635040595711215,-0.0945639463860359,0.0249237646360809,0.0715754421118395,0.0761337578436029,0.0266012083924958,-0.143983085407104,0.128251609354978,-0.303168670945253,-0.00571794642405197,-0.147596669047074,-0.0306038640888727,0.304338035771334,0.501521439487739,0.352168510227,0.127651359140722,0.126871682856285,0.105773785045059,-0.0405473637102696,-0.0237182967850717,0.556283361393748,0.0371595594198839,-0.133133933073964,-0.077076412933925,0.0747122073778761,0.279055782445516,0.44012953223115,0.189041028823948,0.454201884999089,-0.184274649394776,-0.303511230596829,0.344350711242689,-0.110309472374779,-0.0590979963762776,-0.112598092069235,-0.0628800080187344,-0.0559251594438368,0.21055091961054,-0.56031763027603,-0.240901552182191,-0.0354427203934041,0.174368753085146,-0.0112085656691021,0.0996593239183621,0.460778862678913,0.199833320349675,0.377980063249597,0.516488836770134,0.406962003773924,0.119110503549664,-0.144911609484625,0.137760297927921,0.0814914618430643,0.0470930054814263,-0.0249157538325956,0.17929715631853,-0.0279619979988185,-0.137579801131082,-0.201292424353046,-0.103503950919479,-0.100439477221807,0.0416713080141195,0.395594867908354,0.140787530184527,0.251404312618124,0.151880352751898,0.136871713713203,0.149923039100549,0.271651841241872,0.0255926982420843,-0.250947059647658,-0.0680689168024872,-0.146109971003755,0.118195640690182,-0.185225519162817,0.307324449529646,-0.0113521598362761,-0.0785405384666738,0.109153940562562,0.143286572648319,0.34820554198049,0.399827567117767,0.334753096048763,0.216068931728792,-0.222064150513148,0.021543488639981,-0.0445759620244554,0.200249042304719,-0.422483498403151
-0.105323519629539,-0.169866093159833,-0.166142981292902,-0.0922119399569265,-0.0503780536963855,0.0718851642839605,-0.0901933376262812,-0.0904592271060547,0.155333853458016,0.497800989716907,0,0.573028063608643,0.117580688227337,0.115632297725342,0.0701860282547996,-0.143920643034118,0.186737444726832,-0.288291486734676,0.162404015629012,-0.217187239127258,-0.225032843575388,-0.125926546639448,-0.0793962762650688,0.312327516867449,0.29176916188544,0.427293421243157,-0.0298792693570571,-0.0671149734390344,0.108249626924662,-0.121230644644165,0.0799371283476425,0.268887826051857,-0.0266047268793899,-0.0977262969145097,-0.0679114323878129,0.113400651849722,0.217433692869358,0.194056814005329,-0.0248083937688717,0.0358284136985342,-0.0300561329625689,-0.0592304305697652,0.276479883617702,0.207758228124399,0.00794339586714543,-0.164422378932156,-0.105377863041396,0.0999683145677487,0.120732073672122,-0.18768382744733,-0.103983468943206,-0.174375836970049,-0.0643274505502378,-0.0217359145673495,-0.062349968019485,0.0919152024323753,-0.0964505240539868,0.155323804221196,0.382380096419714,0.540319960218475,0.372585928483746,0.0521485122772258,0.114461568756429,0.133869156170888,0.044204038025218,0.0277486885842914,-0.069162759499298,0.0398847701796741,-0.211308312846861,-0.296296192861409,-0.213511983616301,-0.175795288859999,-0.0309685295536458,0.0741495622784501,0.202430916140722,0.290635659273656,0.0744082551141045,0.0302576078976071,0.144946703049908,0.106428802962973,-0.185447067393792,0.0297165896727496,0.0407798980064993,-0.277373438836296,-0.153142704994973,-0.193545025684268,0.212146761876526,-0.178548848400257,0.023114552936064,0.233783649679445,0.0348569669669926,0.220520471820713,0.0838353231465921,0.305322101016557,0.199649799062536,0.0789599159128232,-0.0811901248864846,0.0254915834302168,0.153530845595031,-0.0470101919418665
-0.28601890932145,-0.146952029166857,-0.235358844835988,-0.108743633409015,-0.0884336680487822,0.224067759075631,-0.102938097377783,0.131466147899045,0.333273135136595,0.635040595711215,0.573028063608643,0,0.160064551472536,0.101695079319842,0.0722894909265219,0.00908757058298901,0.230759042535173,-0.0397946304186166,0.190160810407035,-0.231814818243024,-0.111480493431208,-0.169997878979528,-0.0997236470739548,0.558085700147462,0.457456661504583,0.510646306476643,-0.0755430797703178,-0.220461350911399,0.203058884476607,-0.177652481479773,0.0776613512828919,0.36471944219357,0.0465548476523582,0.0705187401123956,-0.153363649981971,0.292901535730331,0.244781853268689,0.288934313450009,0.0850697495764434,0.076158329281587,-0.152862070303297,-0.0447137609481357,0.371257871325018,0.11196284427623,-0.0537869117319853,-0.348532735777935,-0.12807423316861,-0.0647980493302273,0.0647487711281471,-0.426538089411265,-0.238768257203029,-0.116700422959969,0.20254147371924,0.0697968729453504,0.162953974665388,0.166318364134048,0.147315274890061,0.408048491943524,0.636167644851491,0.518318474673244,0.526547920086992,0.0609103514453143,0.136765133970733,0.0515835264151742,0.096460437101561,0.0184637110152818,0.118437724649516,0.0867902514796405,-0.179730508879658,-0.0821257814479685,-0.145972209451757,-0.18320388957872,0.00351727463208404,0.172168013025048,0.349328160258669,0.437555622438604,0.133438731448188,0.0475111361370214,0.19998164660591,0.194962727829097,-0.176657305221278,-0.132112567765577,0.0498902722957939,-0.15922749526716,-0.127045730861866,-0.237364036436001,0.179327273765454,-0.272453340450355,0.0539296015420452,0.271144378190394,0.0837226605852484,0.460149354883794,0.227078431672968,0.401956039861518,0.411866825840378,-0.0271625716408684,-0.255003522050637,-0.177937450863363,0.211078539609524,-0.322313922774033
-0.289248740415481,-0.304312246222856,0.230351088761096,-0.383969447915066,-0.333250129902461,0.0144663767673829,-0.179861479468756,-0.178173722798294,0.17671425434673,-0.0945639463860359,0.117580688227337,0.160064551472536,0,0.527249531779869,0.347537088497148,-0.139605784529788,0.659038083353463,0.0587401589975017,0.476226630379251,0.145066093041304,-0.0109322901493331,0.315187784927905,0.0658490278480878,0.167854164101731,0.181777501090209,0.292450343475582,-0.051788082456691,-0.0822453127203531,0.393099876146403,0.0553799370795785,0.349976410536836,-0.223083091150592,-0.0963641226564648,0.162138365751089,0.201328553462375,0.0355388933886819,0.0569426486692099,-0.074900984727988,-0.0599773976187669,-0.281283807914623,-0.0556520411516628,0.463006095353215,0.052396882862247,0.286707856860074,0.241826368075136,0.00735524935476332,-0.0525696464085285,0.093034412487,-0.195467597645272,0.283511773669204,0.0507487874268505,-0.0411436858621161,-0.105884284737508,-0.227083351644018,0.104188479538916,-0.124980359707477,-0.242287382288359,0.108011582357755,0.163890864470035,0.12873837863,0.385897034848342,0.732851401379381,0.343224781120865,0.368231561962882,0.286959065170246,0.332044124322442,-0.2152581408792,0.441930895463353,0.14343219219195,0.0592919161688159,0.103814434313072,0.259553078225494,0.11324356680327,-0.232618211576829,0.377173449946753,0.440598395033917,0.228378994757431,0.189571351036021,0.245300174251044,-0.0922056005478023,-0.0345225775081466,0.0377757046817111,0.351839754260901,0.123032035909932,-0.204369185322684,-0.00821193549345987,-0.189798083057052,-0.177955337454951,0.0171045083234091,-0.0132489027260203,-0.197164864932897,0.0933019425894531,-0.243776810298095,0.0784439352250068,0.0570791289958376,0.320989787116975,-0.245658026839459,-0.0723219677585528,-0.0532041405749743,0.208780016546797
0.0714489966357758,-0.0012534019436229,0.367701958749885,-0.220192912114722,-0.306182332633713,0.179135764295863,0.157285436220719,0.0115010451347334,0.265225723646215,0.0249237646360809,0.115632297725342,0.101695079319842,0.527249531779869,0,0.691294801912647,-0.147678262075973,0.511172187038779,0.118128145242239,0.627387648629951,0.0404163113478382,-0.0323676435377584,0.480362459867983,0.565750738016956,0.012137257098046,-0.0163791237041838,0.28696996234054,0.333095981786759,0.375738908488509,0.240311583225981,0.532095401597671,0.210641261358355,-0.101572501755986,-0.325361177362543,0.223699403342318,0.452282202009288,0.138983151180963,0.172886913607644,-0.248894106415543,-0.0143101354548069,0.0988174037346414,0.0634792330761466,0.155479007271634,0.255680859113715,0.0851844968658806,0.242610893736056,0.350293939081864,0.326020031496259,0.316731795504076,0.0778183693030896,0.175052971787392,-0.0256867144074043,0.0375068900244494,-0.227794452253209,-0.200408181654863,0.117670778627355,0.202366012551627,-0.165852939330181,0.163176341474711,-0.0506400342931585,0.16729465253098,0.303253005983975,0.559503178622231,0.666661679666529,0.772287276715379,0.681189541648872,0.604301854758241,-0.0992841116208219,0.368270163178659,0.274419910719314,0.0220592227332606,0.0238044400574044,0.465443184128293,0.517158730649005,0.0344703150681733,0.236790334113542,0.255742175695554,0.25284340591976,0.519501935082697,0.100864366515763,-0.239845924966663,0.146105943820643,-0.0535907812773572,0.290973946517381,0.187768357521207,-0.0551545856533203,0.180269739131525,0.161276866894507,0.177316614972054,0.00809435539117188,-0.0997948372783177,-0.177763504753411,-0.107388875116893,0.0159650733424551,0.194924355038151,0.0640471984563668,0.125646662835413,-0.0471865811747148,0.209795272309203,0.0935130455542822,0.155205867451124
0.191801279020171,0.0480336735933928,0.335408636094642,-0.161724398690401,-0.197914750965408,0.088010320874291,0.23173929195488,0.0327572486064002,0.0956301263287296,0.0715754421118395,0.0701860282547996,0.0722894909265219,0.347537088497148,0.691294801912647,0,-0.0584512308392151,0.382949133294571,0.0989557924752837,0.5795259945964,0.100452666405592,0.204312500343865,0.440394883693414,0.641054018999304,0.0301367489085407,-0.0144734545299588,0.276463795869579,0.484823776289133,0.534818318339848,0.344409530770516,0.678684190912891,0.0772076973241105,-0.144977350340827,-0.475218201713212,0.0262450068323783,0.407389345543395,0.133615326015848,0.221230601846797,-0.314410963355308,-0.199288456828,0.131842308195086,-0.046096820630921,0.0471710928955032,0.123349521113006,-0.0124883389034639,0.157019722629562,0.389065519596183,0.280547241430905,0.236019524776042,0.104008218167386,0.166099077020147,0.0048820894355733,0.131267063335783,-0.130555123415075,-0.102580493075498,0.0810075377513127,0.159058515953593,-0.0396313460645103,0.0372317296606809,-0.101865414167471,0.147674339921893,0.144876115601733,0.411785683827174,0.638138819447699,0.70537331232269,0.732263584657579,0.82174812071288,0.065776078109536,0.343571270708565,0.288488838281581,0.0478166365655908,0.287115936007939,0.52307784508281,0.601964182788453,0.142890800745689,0.317427809454585,0.279209973464815,0.488957439358414,0.750065410552418,0.00862217718753429,-0.31081911511417,0.260432044714747,-0.1510903462646,0.213018755274616,0.243248776387408,0.0380335556827604,0.173775271332905,0.203926558104275,0.365740540341061,0.051505218867061,-0.275684936743581,-0.279300244098658,-0.23805624277943,-0.0524110030128217,0.0604265453028073,0.0598937580513586,0.0542530556747128,-0.0102370877750646,0.202649450491086,0.0614927934532538,0.122781667824627
0.096448610059136,0.0233085400942249,-0.0428440021722599,0.266464195752843,0.163979991535116,0.126360009994449,0.0983860692259446,0.406999357576389,0.000884237764215294,0.0761337578436029,-0.143920643034118,0.00908757058298901,-0.139605784529788,-0.147678262075973,-0.0584512308392151,0,-0.0182609763471209,0.510648846837439,-0.110450917673899,0.0616464558791338,0.453847062881367,0.142831829997847,0.0266432800858661,0.0747799120080381,0.0779523740211482,-0.0232101178948429,-0.0227771618639839,-0.146952956649709,0.000766028734003703,-0.0391080009733087,-0.391158943862948,0.150954081095963,0.206163533860922,0.299007741145074,0.0946281660175827,-0.090854063182936,-0.162075559201785,0.0456071821821101,0.0736637654425087,0.014120240438345,0.0217901422712938,-0.258676374344384,-0.0112661768307057,-0.312709254028631,-0.232167471571388,-0.0826600359693709,-0.0702581227483573,-0.0925326581880958,0.0752971721664057,-0.233398772437313,0.182792289524847,0.265327984627627,0.663903940390853,0.302822580894062,0.192434026529415,0.0466912172445778,0.511303424536761,0.169005251074229,0.0380253470859007,-0.0748771316956125,-0.0894061459512013,-0.154762402873622,-0.292167419144104,-0.233555677231381,-0.0285938078267988,-0.12463652517008,0.371345040208778,0.0730482492453775,0.195004103360581,0.350360416775171,0.340332379153925,0.0923353818629326,-0.0127420318271441,-0.0777619449912829,-0.0131818766697989,0.0131011534513447,0.0314969260832604,-0.0653401969138903,-0.312065827297117,0.0454734788673408,-0.143959546506587,-0.240406241186046,-0.285784267079762,0.217251998618737,-0.0112484992580801,-0.210149685747034,-0.0454922129095306,-0.0842207786495265,-0.0892031063777132,-0.126791005546356,0.0560859887162399,-0.0212522174323588,-0.0332661641553388,-0.0902942772019813,0.0435221551974362,-0.3125476422506,-0.132472399540166,-0.124498000360933,0.012724034274354,-0.249516016815309
-0.197794500021757,-0.322934952424597,0.202216784643662,-0.361090733765938,-0.378351556459322,0.0619948074906775,-0.0266338761088347,-0.210191088889999,0.201205542695489,0.0266012083924958,0.186737444726832,0.230759042535173,0.659038083353463,0.511172187038779,0.382949133294571,-0.0182609763471209,0,0.110276051570143,0.611206833399235,0.0125437619666578,0.109787106078879,0.397628038261832,0.139055026668433,0.259693857831018,0.277981140555174,0.407085541079031,-0.0340582804603445,-0.0302468620354379,0.391829549875383,0.0583662693022689,0.298547653397432,-0.0810575444039483,-0.1454096273854,0.320897135772821,0.273299247444167,-0.0562956924967556,0.106189990766437,-0.041471540237328,-0.139657072488587,-0.133272782228076,-0.0875584817438717,0.351937954521599,0.126127672528064,0.228649785124583,0.169108168343273,-0.0477644099662026,-0.119584168066576,0.143779017574676,-0.159924260636853,0.142001969525763,-0.00510358969636818,-0.0830781324655988,-0.0590571662999196,-0.252054640078737,0.103056782743636,-0.0467226861893739,-0.252674568173801,0.120120964347755,0.226847349212306,0.178171745378631,0.313555822283443,0.604675443136815,0.319285979207089,0.398789317879504,0.364645387752785,0.327411182309398,-0.100430716608127,0.618660216261331,0.348938966643308,0.111193852350427,0.157003645013435,0.413562180618559,0.187653169639632,-0.184677956186211,0.391698317920815,0.466746654943698,0.293871009756989,0.234459351260257,0.247936410588422,-0.0311689368776796,-0.0375259227373606,0.040813171414688,0.288598433710646,0.194765565953318,-0.285206226656674,-0.133131249308305,-0.0330189435012958,-0.130215389872787,-0.066825638763849,-0.0389459894674704,-0.186728442940022,0.0606272489347845,-0.256027247299108,0.103149303883138,0.0369436691262007,0.203717886184628,-0.37685005151587,0.0203633689683617,-0.0897371546499448,0.11344432407565
0.0254340738509132,0.154134994355412,0.203824860418961,0.138866409006727,0.0997211312897301,0.233412649906549,0.142689495274846,0.516223682355162,0.257238112254157,-0.143983085407104,-0.288291486734676,-0.0397946304186166,0.0587401589975017,0.118128145242239,0.0989557924752837,0.510648846837439,0.110276051570143,0,-0.0199196555428823,0.247765331333888,0.534786040519163,0.247234357681105,0.268920743075317,0.254971792549176,-0.0843808179493785,0.0207890901660088,0.00837787281958288,-0.134652222898579,0.254335867877096,0.111395880336234,-0.191177902275231,-0.191650439108844,-0.0345697901162477,0.529457362350053,0.0726679344835888,0.217710088975114,-0.0939333761493261,-0.330300731383392,-0.109487608955368,-0.0832516708809562,-0.0422483448945955,0.0234779551337097,-0.114524002685907,-0.227787602253631,-0.183492400832886,-0.187872426181266,0.00551222949786713,-0.152316347693562,-0.0057428917231428,0.00210374787140418,0.188088105641931,0.406567145083885,0.399425060866131,0.137526837836392,0.4008800336126,0.096222548772779,0.49206744858499,0.350439810411649,-0.0388501982884324,-0.0953084865633319,0.0656222798329424,0.0374023707483497,0.00718998212411283,-0.0102869086335343,0.23104920628734,0.0850736286446981,0.441073638756919,0.184656407310177,0.357689275602215,0.682986448234943,0.497969410201128,0.221377338622048,0.266623427736302,0.0441548611686165,0.158146828335728,0.107459546453405,0.182861497750526,0.113592754968369,-0.215314783829346,-0.210178824193171,0.0760226460351277,-0.225966941737838,-0.103542027497061,0.213264033941519,-0.0105591672729502,-0.0137210839579393,-0.0341644601919515,-0.164951231162604,0.109881114720348,-0.161532680036641,-0.229009993865381,-0.0571302156091581,-0.1645358027754,-0.102879141662933,0.11118574217531,-0.237074760009767,-0.333701491878798,-0.0236549440933641,0.0866566236552538,-0.106838493472619
0.0468249991432646,-0.0465996166920849,0.263477084956183,-0.252143790180564,-0.356607562544072,0.0549766224590681,0.208686181070842,-0.127335136289373,0.102936611600647,0.128251609354978,0.162404015629012,0.190160810407035,0.476226630379251,0.627387648629951,0.5795259945964,-0.110450917673899,0.611206833399235,-0.0199196555428823,0,-0.0319837998842355,0.0608973184993983,0.392628249801299,0.365964900393311,0.020458133123369,0.151813955224629,0.299434406711524,0.210125323933519,0.314538173056985,0.265988878051547,0.33219425498336,0.26816531968681,-0.0587502722086201,-0.312408074386813,0.162870327857603,0.352508190383947,-0.0179775963862025,0.240020913069484,-0.111891014180642,-0.0760384150167938,0.0964866584471219,0.019353696746678,0.182463069722256,0.29601276704921,0.137961692849652,0.274864747134521,0.24463962309956,0.115140269354977,0.296102165865755,-0.0158962015600989,0.112430232055524,-0.0502075403389151,0.0107075546332942,-0.169111513807123,-0.208610982376516,0.00893469211300553,0.101498617711149,-0.206029821058682,0.0370119581785334,0.0684992256562567,0.149899914737309,0.218623357364647,0.483426926594775,0.465097778239915,0.61819800344154,0.571502492703214,0.538672783553272,-0.0670170564513372,0.474025582394198,0.281260525352155,-0.0312393685865867,0.088241905718027,0.413824245529632,0.35293587973184,-0.0336765175349187,0.237823729264788,0.264973773574859,0.332668330768137,0.423235505019881,0.219507881313228,-0.132429648837473,0.0546251726915717,-0.0284734048537296,0.30031672177347,0.156838041058012,-0.16521531234127,0.00986408286911885,0.160229690518917,0.155649999423395,-0.0816617047210698,-0.070221442427528,-0.13566277347017,-0.0796544001573371,-0.09675803672413,0.194579507295117,0.0431841360741747,0.144281600860122,-0.11940638314362,0.110215910691386,-0.0430929555794342,0.120309440429478
0.0490747724145501,-0.0284166392438707,-0.0484774253872692,0.0730217830801804,0.174083054808853,-0.0709496441159489,-0.0979629912152428,-0.000820600037843654,-0.0983137570074454,-0.303168670945253,-0.217187239127258,-0.231814818243024,0.145066093041304,0.0404163113478382,0.100452666405592,0.0616464558791338,0.0125437619666578,0.247765331333888,-0.0319837998842355,0,0.116975995229893,0.0589105932576412,0.0269812857974493,0.00195131912450446,-0.184934017058205,-0.252408388986055,-0.0975314621208538,-0.142165103610696,0.265826091677878,0.00504685793707428,-0.0839307507634777,-0.21532702751716,0.00232761470018989,0.156649844501728,-0.00991998288613757,0.339201995155619,0.09678511907698,-0.11909818001892,-0.035704294445053,-0.189330125796517,0.459681109055822,0.200552190222888,-0.178239695677212,0.142729724727965,0.0282708003518628,0.128153725914566,0.211554429453391,0.0641620943434869,0.166864606404789,0.532511683266608,0.180855318768915,0.00822768176391389,0.0678622650557178,0.172285762814279,0.033621127371689,-0.192057416705137,0.0141980239250831,-0.0985389963781362,-0.146604223559996,-0.175442439387913,0.0176134788681357,0.0560378851960423,-0.0753023495241101,-0.0586520134254637,0.125933525742646,0.154960867664285,0.0243737632302882,-0.0829245998134445,0.148298644753689,0.18359061907555,0.303232705738228,0.0471888103003053,0.00370881305959901,-0.000444826934201843,-0.0804663789467117,-0.0248125184840326,0.133367154761629,-0.0113452872491602,-0.0673926854049282,-0.154927238011861,0.0369117887518325,0.354675281380206,0.245244048527283,0.278879794478442,0.0478002436373862,0.359439039617826,-0.01255354084012,0.0853648881719379,0.570247536859955,0.268972730159663,0.0538433705944022,0.0629976299587689,-0.0723777894681627,-0.000733005572805483,0.0596609732120178,0.292668080066478,0.116332934698197,0.113578383902521,0.179559964254819,0.530513016865951
0.190258494058582,-0.0285551341049537,0.109128074706876,0.0807426125639192,-0.084557380508316,-0.0136993188340172,0.289579317408257,0.220284627138112,-0.0906644404554945,-0.00571794642405197,-0.225032843575388,-0.111480493431208,-0.0109322901493331,-0.0323676435377584,0.204312500343865,0.453847062881367,0.109787106078879,0.534786040519163,0.0608973184993983,0.116975995229893,0,0.0537344847380848,0.262396086806192,0.197416014841883,0.0391530214662293,-0.0263382322986108,0.18227841621778,0.087035582136749,0.322320928027029,0.143122063540651,-0.261511302920183,-0.0270450916034737,-0.086208056826575,0.0956521040596483,-0.0527372532803338,-0.103430141357111,-0.0468605992243757,-0.145756253549837,-0.234097786004009,0.0601501485352336,-0.241334821974029,-0.144651147229669,-0.298527641462625,-0.306097618576594,-0.229473242408548,-0.0833834752383597,-0.164965792041514,-0.121837446795075,-0.059900276534883,-0.140730460620832,0.28141845269844,0.243335510514827,0.384503747228184,-0.00424089059359331,0.04032208387735,0.0402173851962472,0.353463478329985,0.0283909229319018,-0.0764778810000044,-0.115032585291624,-0.196953040371322,-0.0538593984241968,-0.0239551655527954,0.0185643467475963,0.1914204383652,0.136448247349467,0.537759091272471,0.275887578471268,0.366924291575106,0.406879573056328,0.755547455011619,0.181363854478961,0.251272494663316,0.0794044291915366,0.189900952883083,0.0733821374696553,0.444738663971853,0.232673569835635,-0.263023971154212,-0.0676663838522254,0.197030452828328,-0.308806990394935,-0.251918150056235,0.11726494480423,0.14083629531231,-0.0259933321395855,0.00576628347278018,0.0255113558082571,0.0126013247449064,-0.32301085371859,-0.242132060433771,-0.210753681019932,-0.231628190805117,-0.186320528178872,-0.0724686321312055,-0.298462060779324,-0.153423592797124,0.0822238289415387,-0.0202017514645465,-0.182856860147321
