0,0.0586544116884652,0.437950185876939,-0.0222878584932992,-0.0234040168395803,0.416323893207057,0.360706153425765,0.28988661402317,0.0804348175347425,-0.254095686537055,-0.192807051684906,-0.326514789148239,0.134550454827671,-0.164541948640854,-0.159237207940062,0.164506583501522,0.127784152829695,0.0385764520207585,0.1641165962881,0.176540433322159,0.0572783767794024,-0.0441451327792169,-0.328431432599796,-0.138472243814659,-0.159413277343232,-0.0755994747114584,-0.274255118591415,-0.160192941632751,0.209235665310088,-0.335398246258825,0.304410203684481,0.00938080029983156,0.0569280283784155,-0.0182783663227062,-0.166668259433615,-0.0412766770861734,0.22499662916704,-0.0178246821141642,0.252294834721406,0.453304999636595,-0.162052034810346,0.464287447233639,0.0895067228564868,0.0105468606237525,-0.0468308805092477,-0.131287268126625,-0.240477543915756,-0.132839515662426,0.250456391715151,-0.0102104190157876,0.697238660940164,0.282116459986792,0.0402175135236112,-0.144310831837095,-0.062234766770624,0.403053965606403,0.075904588751141,-0.0846610422480626,-0.301500972860931,-0.286035093840642,-0.0760998674376792,0.162572278791101,-0.0769409446560563,-0.116166867503174,-0.0513123435289534,-0.184517315457345,0.0987581399649392,0.103730079507798,-0.00903934891916582,0.0862794213859376,0.152057296436478,0.00334759378387803,-0.258353654365475,-0.013438892612624,-0.179419296250534,-0.168192060138251,0.251713987408309,-0.380047071476306,0.142198716417219,0.13036350166865,-0.0876281795034792,-0.0526767721275944,0.113554198270448,-0.12340814600785,-0.171451054954386,-0.245771283893896,0.0761769304410743,-0.207218231097714,-0.0144949095484595,-0.155983750460172,0.0938899652212448,0.0278279045984443,0.220441652051493,0.381442088229599,0.128541639994085,0.117510097556313,-0.0701631496453318,-0.184346897392309,0.194236720157575,-0.016533078716003
0.0586544116884652,0,0.622026939036136,0.660371776761494,0.471931234171032,0.438389614138607,0.255899536484783,0.447658536924108,0.460625824813903,0.0136637595200277,0.0444876933154019,0.097583428102261,-0.207870693753877,-0.178306948365762,-0.195030311175747,0.593059247668142,0.00891969565806477,0.244339296610361,-0.0754808857813318,-0.157590278004785,-0.0164422005389128,-0.382680976143815,-0.0874978033081158,-0.0145434736288483,-0.147005061761015,-0.250318758822162,-0.169243571061859,-0.39948908063457,-0.011886182822179,-0.103895962480952,-0.0889753789411664,-0.0478441776126981,0.14003966480407,-0.0939697833054205,-0.328389421326289,-0.0749546848688174,-0.359231180381011,-0.196088646429437,-0.271230578136268,0.0500725204095692,-0.295959149535817,-0.115300922938491,-0.346800245681615,-0.101544073435601,-0.350774214726636,-0.119592338526204,-0.243225914304012,-0.292680229872544,-0.254431425377484,-0.0488981430106054,0.363517822932354,0.700749011265782,0.472872807358953,0.490053316884736,0.381415022040452,0.499635002128877,0.562921894708316,0.469738343672944,0.00222760810909203,-0.0177766537602546,0.0422758470867155,-0.238559689767325,-0.257122469058212,-0.229450608877103,-0.0831287486015425,-0.214360185175098,0.0766375891317173,0.145563586079475,0.206183789761383,0.236699970094939,-0.0766337661727444,-0.218696476641667,-0.0790516493575632,0.0259664220979937,0.21895088706643,-0.280160486089051,0.0490170171507984,-0.112085083263417,0.00029630623040373,0.171808216398863,0.203081480216406,-0.0539578844804179,-0.37656999814849,-0.227712547594482,-0.138982893787702,-0.259406699773937,-0.199393833167379,-0.375519422302394,0.0985463329256086,0.108861344116851,0.194902261862681,-0.182710805962335,-0.115494478912962,-0.0798485932034889,-0.214868769310671,-0.16643371419373,-0.0877978779768251,-0.150114667897592,-0.0880706918360081,-0.0122293334584806
0.437950185876939,0.622026939036136,0,0.414666293988729,0.346717972497182,0.691995303791506,0.393605532659434,0.530104674533347,0.529113167463387,-0.105615346922404,-0.0265282209763359,-0.0231389236070614,-0.0770340332925586,-0.185521301162309,-0.22966451598423,0.424000314213288,0.152801396304673,0.27162162640463,0.0829099890068283,-0.0202263384733649,0.0683563753931939,-0.312927455138356,-0.202817845610524,0.0420511986433911,-0.190618417064693,-0.21008053520946,-0.208383090907174,-0.37445016905656,0.105345660048932,-0.193768418871693,0.0406710085612056,-0.0873059925685675,-0.0202362714113004,-0.0686471735173915,-0.326776660168093,-0.0559979659899177,-0.208191211375377,-0.152594348643529,-0.0497726709644906,0.345617615266489,-0.39882760398422,0.135910404469233,-0.219350906460429,-0.105873518567325,-0.329485264602759,-0.16245112784021,-0.344325865783004,-0.323312081229308,-0.150507597083247,-0.0910755028975255,0.591181067074862,0.741076926767878,0.334119575522166,0.213143614382994,0.355542576825946,0.727690025971202,0.487416224916839,0.406830621388288,-0.148655116072552,-0.108781261330646,0.105406306906775,-0.127811768434265,-0.197091928643346,-0.160775969082387,0.0106238408050811,-0.232494967912356,0.019182139276825,0.214754228494398,0.280257586905444,0.309697884539393,0.0932284471773734,-0.102771451716951,-0.154543590544778,0.0454891462001553,0.198274309286719,-0.328535862185022,0.232814284731483,-0.252181320440141,0.0561681692216657,0.154900718753447,0.205148796852818,-0.0998945186099089,-0.274657599930868,-0.193636367918183,-0.1504536845259,-0.348787548947189,-0.182225395676258,-0.44357757581849,0.0700699265099393,0.019125027649917,0.0810060196303815,-0.0461798067038303,0.0495133842107608,0.0806810224265669,-0.0329606898520979,-0.133141927190257,-0.11458254054328,-0.214170646644289,-0.0257649419408864,-0.0582174014698695
-0.0222878584932992,0.660371776761494,0.414666293988729,0,0.582094194199278,0.346731042308331,0.245345391702916,0.418300920620814,0.461518615656421,-0.119973377532816,-0.0736184175504761,-0.0122724387142151,-0.232667863220495,-0.0174217898372562,-0.0113161764997073,0.502280762390982,-0.116636895823749,0.268740936805561,-0.127799405647556,-0.146624207966178,-0.102542470831487,-0.322562276296365,0.174372273607734,-0.0957906190786983,-0.278601813647277,-0.224100195320622,0.0961992803194255,-0.172413248572227,-0.14241468447826,0.13775533089986,-0.206562675765991,-0.00472085677531811,0.207436045427423,-0.0594144356210825,-0.140558574989942,-0.0663621705856637,-0.332421452857149,-0.300181277399024,-0.26452838333387,0.0125559577420674,-0.22253604328098,-0.206229966709263,-0.314411182923168,-0.130172939384368,-0.307672102348342,0.0981688945051093,0.00314930753916224,-0.062363222040327,-0.109994410944651,-0.0738659280927169,0.238624536559355,0.568303091237703,0.669827849482438,0.694147383641852,0.325561529374099,0.439367694296425,0.650774984292668,0.454253534796307,-0.120152977257796,-0.151004446933094,-0.0977526524593033,-0.319796472687536,-0.170972155317915,-0.208673992282421,-0.000774188772742197,-0.0330682210954527,0.284811032657043,0.0589902701436838,0.12413517733216,0.196108561487056,-0.184866825555811,-0.1962009499209,0.122698446039439,0.0227852423003707,0.0218630031428893,-0.283676347300927,-0.0454502036927487,0.14703293833427,-0.137281236991804,0.201484352960268,0.165865033563662,-0.00475443369268815,-0.308047296872746,-0.0421347727125985,0.00301284455435681,0.0413263070949742,-0.165607254312958,-0.156984902848548,0.0734458881554847,0.121049998564852,0.382502454433514,-0.371958354575822,-0.163910310575021,-0.188447116752544,-0.245517533932982,-0.115944989968073,0.131800997315159,0.117339565487461,0.0110580835372674,0.0212591738940317
-0.0234040168395803,0.471931234171032,0.346717972497182,0.582094194199278,0,0.393507321906238,0.088583850124242,0.459365217478961,0.639533262141881,-0.288052001595817,-0.155241404219674,-0.0973270791383211,-0.0611076498623355,0.222020892910191,0.156788265360098,0.248381369784328,-0.120319758503614,0.259538051072106,-0.0372049775143603,-0.00247367083883975,-0.0724587808170516,-0.0401025396203405,0.336549899121431,-0.0637069865479781,-0.307364224540658,-0.103822779376164,0.226491413117418,0.105459188868265,-0.162940717676573,0.293711643251455,-0.0537067825753144,-0.155613575880963,0.116810272335483,-0.0174456567233615,0.199800034270034,0.18765510482786,-0.12300751317732,-0.322626408980872,-0.0701422737201244,0.0994692662739109,-0.0738699941746907,-0.164391599454701,-0.0321832302356279,-0.0136701268399001,-0.0759574949169938,0.226688821951957,0.235886866786038,0.135681402162688,0.0527945560601385,-0.0708145830601405,0.0834663906657999,0.517667832980993,0.451280292080719,0.680112915099327,0.483302058071518,0.316472331537454,0.501496018286013,0.405540760031448,-0.248985930474803,-0.205969161497759,-0.101821068294814,-0.159608708636184,0.0735301621814455,0.014924804696875,0.160279401810729,0.185839725792201,0.148944427180271,-0.0649044571497653,-0.0569994548722904,0.140551939042676,-0.130280074385683,-0.00134055707305146,0.314893560752737,-0.119251812854278,-0.0694661117689955,-0.244314212825847,-0.0247821710343243,0.28386846255368,-0.204668485190085,-0.0694099921565103,0.0138172067991814,-0.112732248666867,-0.199517699616277,0.0981396090338097,-0.0135275255603243,0.201629806398648,-0.104074090865181,-0.0425277366070051,-0.0523749449009858,-0.0744351668119078,0.201017689049001,-0.425038247976376,-0.213863479892758,-0.256450476096979,-0.147519699905116,-0.0706957211048724,0.171330974197663,0.192340972406082,0.0886763478798986,-0.0796439167584361
0.416323893207057,0.438389614138607,0.691995303791506,0.346731042308331,0.393507321906238,0,0.423130902734333,0.583572497020432,0.699952516849305,-0.191389035372703,-0.20705495724958,-0.08215997975419,0.0909038565349542,0.0724930561594659,0.0347270685408973,0.356837193792738,0.184113175163691,0.198408264824466,0.129984363914945,-0.11359901852939,0.210887309441855,-0.174749154421201,-0.0791236016375514,-0.0878683549802415,-0.0703860510831683,-0.228224468111565,-0.122293737561492,-0.149782880552839,0.0244145614632584,-0.107152661801322,-0.0221942700089145,0.0400627612812852,-0.0395954375242501,-0.201999696718975,-0.146151592482913,0.0556196533602651,-0.155900245199128,-0.0779295102850354,0.035850798516132,0.499818736565647,-0.385984149196808,0.147734667437249,-0.115989468191505,-0.0984773163045578,-0.315179708649851,-0.0954107781710458,-0.20365232483913,-0.254175845578929,0.12112597818272,-0.174978461561882,0.454465124204764,0.524848764839987,0.313827629069756,0.130852736735522,0.517628119129276,0.77090992028851,0.528012291291934,0.437444676466352,-0.178102650124252,-0.135160436774112,0.0436845949758662,0.0398998769683939,-0.00538470257602859,0.00509268199337197,0.151600937816119,0.0299336046867308,0.102476444857618,0.182531083542606,0.169185070067514,0.209274498956887,0.175324483259753,0.037734186758624,0.0208850264254712,0.181841305750512,0.00091656743758953,-0.166244293420161,0.196231178293821,-0.111035077631146,-0.0664525940580234,0.134047968130833,-0.0493320516319838,-0.348386351088455,-0.245518664673662,-0.120474747159482,-0.217674475510414,-0.235897626642798,-0.241993331994449,-0.370971675064634,-0.0685986609830713,-0.223541815603901,0.0980197764985786,-0.122214057421803,0.213491074307039,0.0267164480911704,-0.117624343364296,-0.100946624117426,-0.060794370757941,-0.157064637249272,0.166691964396274,-0.170478227445599
0.360706153425765,0.255899536484783,0.393605532659434,0.245345391702916,0.088583850124242,0.423130902734333,0,0.315219437878878,0.303228203716119,-0.0497176060708716,-0.159179601553676,-0.0508958962783808,0.0483803706149297,-0.0869657127719354,-0.0878070948021848,0.465864165617434,0.142361400643874,0.224122140905989,0.0913985789687892,0.0597157510106569,0.114221329273092,-0.262558511072801,-0.181870166091631,-0.000493057575265233,0.0228418279776092,-0.269990973259507,-0.28817648758976,-0.248864915259893,0.177476001335759,-0.323867694409863,-0.171625044053945,0.274026266231342,0.0736461139693754,-0.111218372642578,-0.333289242925288,-0.0858143385020724,-0.184940622714857,-0.06683613241654,-0.164153653090209,0.402646106774366,-0.348087837601082,0.0481410475580952,-0.389732180416446,-0.205512302618987,-0.374266796690881,-0.253552943860714,-0.394140355780602,-0.258964103673578,0.0523156944769396,-0.180538470241787,0.372254129183171,0.253236249406039,0.311581580180283,0.053519099642933,0.174917839505613,0.375567414676233,0.349785898417345,0.15502325459429,-0.0711080296747143,-0.17572352811927,-0.0522701585403527,0.0141506515609478,-0.165086033213534,-0.21655415776386,-0.0302392642013891,-0.145684743007282,0.371557483173133,0.12216886942788,0.193288229140947,0.179858830046574,0.0410691081973652,-0.0977747922312896,-0.192156885713857,0.240967292116822,-0.00713873223768387,-0.145774431566659,0.243135346535886,-0.236322289631898,-0.0145339481326203,0.309562956342597,0.197682412494732,-0.0928831463347588,-0.203313308691649,-0.204870148799404,-0.0938718151753364,-0.314830326404144,-0.0688899589080223,-0.2963991191475,0.175291496539588,0.10068057726548,0.26549937330284,-0.0960236846106391,0.171364798737681,0.0453632000511854,-0.193941644185151,-0.0868099234522218,-0.107569356008147,-0.162843686795706,0.156402941108045,-0.00335085726128953
0.28988661402317,0.447658536924108,0.530104674533347,0.418300920620814,0.459365217478961,0.583572497020432,0.315219437878878,0,0.589471254488553,-0.121143650486578,-0.0880950233860148,0.0561957717541491,0.157457685627968,0.162877763648593,0.101458233242878,0.34968455704342,0.275990752933669,0.511038174824994,0.168112677678492,0.0696292623808582,0.31419613400396,0.0267431988926798,0.0565818900122959,0.072583187410347,-0.0545697130404154,0.0075690409423685,-0.0083984303931018,-0.0440264488946119,0.00474729225733775,-0.0941269268846347,-0.171208634480347,-0.206835004118297,-0.244466255561185,0.0265881184765222,-0.00798148953476772,0.132578262643582,-0.189965239535249,-0.175403850615046,-0.0170063730083154,0.384479367995308,-0.348232567668107,-0.036346547993359,-0.0654281048260926,-0.325464056030878,-0.284269425206437,-0.157179722737397,-0.141381896376208,-0.131202922635379,0.0775597824733107,-0.288721985098333,0.316858373658543,0.527326966856641,0.211192898933679,0.17398578185086,0.506857316898766,0.527507618803378,0.712251066767554,0.655213467680638,-0.177418844710048,-0.0787949207802522,0.149955665812331,0.0924930928923368,0.150883900867783,0.128074116813711,0.222347960744036,0.116168648449952,-0.0630543218202648,0.21937889599494,0.339739716594088,0.480021268211611,0.308496131217996,0.225237930216057,0.136949792827797,0.107137863607297,-0.00191880238204326,0.00240405278778211,0.222517027739753,-0.00890832924203399,-0.248571069026155,-0.161626704239825,0.0892781482962073,-0.157044724892293,-0.0967379829987477,0.013830575530189,0.0864367527001061,0.0118439841342846,-0.182190403263641,-0.196874671813589,0.091658895427897,-0.204682702755386,-0.11970334788989,-0.0473700642637426,0.201661728122509,-0.154585378059154,-0.0268830976920093,-0.202968912383633,-0.12212783902845,-0.062215948913255,0.121840668554426,-0.191897539679364
0.0804348175347425,0.460625824813903,0.529113167463387,0.461518615656421,0.639533262141881,0.699952516849305,0.303228203716119,0.589471254488553,0,-0.0929155072119796,-0.164416688662779,-0.0221342907101386,-0.000225125684373972,0.164257779381342,0.141775401933239,0.35877845671275,0.0285313718763574,0.279818969882704,-0.00812582613542679,-0.116472642896599,0.0732735282711249,-0.132913419515801,0.128439657536447,-0.00190246854186282,-0.0497795451292347,-0.15969386840489,0.0547836091748847,0.00340243396276017,-0.0501693692581721,0.0731027034112827,-0.196608814438689,0.0551060868746478,-0.0274405836747197,-0.114053248918205,0.0190945224297025,0.197241405275703,-0.175760635869461,-0.159168323425885,-0.0267163832953995,0.340689782383229,-0.315434039542691,-0.15064630295322,-0.150657690252998,-0.148282197317193,-0.245194473431014,0.000223672599300287,-0.0364026912218519,-0.140986938879458,0.00514557306763228,-0.210542171562197,0.149749595342342,0.496160918520067,0.428472068245116,0.36597782151154,0.598240520070596,0.606002581725115,0.603516136803646,0.600690346633322,-0.0819675957601673,-0.10975006992137,0.0215384882646019,-0.129264601139692,0.00925033792309695,0.0229210279439679,0.192119799894229,0.141044833265985,0.108295154518638,0.0534801337178998,0.0744414358526079,0.161541493091085,0.0233208865653185,-0.00453747067919776,0.160705628543503,0.158960345299304,-0.00281416866828977,-0.0853596604176575,0.127656115449024,0.127639829536893,-0.143141658432703,0.0777982844684631,0.0285448566058833,-0.302187530243752,-0.292498916385935,0.0207043723333236,-0.0431325152409705,-0.042824548054744,-0.25604215892067,-0.213194438212008,-0.0398282494707122,-0.110396892102054,0.138027414735964,-0.241149672137598,0.121254458220188,-0.201187313636141,-0.183661965414033,-0.213164993982312,-0.0172899723637358,-0.0454610196868918,0.0736928317615568,-0.213469121084977
-0.254095686537055,0.0136637595200277,-0.105615346922404,-0.119973377532816,-0.288052001595817,-0.191389035372703,-0.0497176060708716,-0.121143650486578,-0.0929155072119796,0,0.591560719717217,0.474156501697754,-0.123270848167457,-0.158572541659428,-0.236574950602888,-0.0113889392636566,-0.0754014310332922,-0.133104071127226,-0.228432739112027,-0.159139838710306,-0.104649147111004,-0.0931379229634374,-0.255631365841147,0.340790622483029,0.706268024580168,0.154455033601273,-0.170924480531661,-0.136481064830787,-0.0117580521851459,-0.236782367677797,-0.152698313139605,0.208789497927089,-0.257306855938607,-0.105013829777138,-0.167585530394082,-0.0444542627704139,-0.278760548404727,0.409861068617969,-0.0295577099532725,-0.0982295607809042,-0.110347353699967,-0.339427147791276,-0.222325274059858,-0.147351409990893,-0.228517425857931,-0.372813563111109,-0.277834194336596,-0.274072798609485,-0.208505605607486,-0.0665678676992813,-0.262006969060395,-0.138637841437468,-0.279688012900901,-0.25447287636953,0.0558636586820528,-0.0920267477602276,-0.1269459527637,0.130696554262394,0.783440960096844,0.575155022311614,0.389740249145847,-0.103101466213397,-0.117125849681917,-0.0678124616356382,-0.317824572518722,-0.248947629580409,-0.225626760671322,-0.156687572378577,-0.0547862617846539,-0.107114481796919,-0.140444233706965,-0.045100805873626,-0.261052350665391,0.280887664063552,0.38614148806849,0.51711409364256,-0.135898893910013,-0.138891959253055,0.240905646773294,-0.00320105854008463,0.135594439206881,0.0552362319179304,-0.0592763092473643,-0.00538854723739937,0.082108641675154,-0.22375555388283,-0.0623457792676646,-0.034794588876486,0.202815230997012,0.226697251888743,-0.279270902192377,0.554073450539311,0.292757311376706,-0.0174944543484707,0.083888215512528,-0.183197645617511,-0.330902204396946,-0.296937389326648,-0.0493976782019986,0.0342316019753933
-0.192807051684906,0.0444876933154019,-0.0265282209763359,-0.0736184175504761,-0.155241404219674,-0.20705495724958,-0.159179601553676,-0.0880950233860148,-0.164416688662779,0.591560719717217,0,0.520561230874524,-0.146635244625502,-0.201322688250886,-0.28420542329426,-0.11024843037529,0.0235292846782094,-0.00980539006888909,-0.135091304007916,0.186260023655716,-0.119977786815235,-0.0831523523177329,-0.188761478785519,0.388646259485684,0.359371248560422,0.179267928930188,-0.0679836877516133,-0.189617603415652,0.0370887109711116,-0.143378005333986,0.0462344559330603,-0.169418891070329,-0.254894782051347,0.0383121732829714,-0.10800870890189,0.119051579325506,-0.17551538418623,0.308777420272135,0.0653016231313504,-0.0630401854663023,0.131325839308167,-0.169232955957686,-0.0823128360846793,0.0790567774517729,-0.0614847468059745,-0.08738746012273,-0.101013081865547,-0.0716003159354186,-0.0787764322989908,0.20094332971858,-0.167487389053953,-0.0325182975978845,-0.345707660912325,-0.177343214172548,0.0195042615327684,-0.172727647235729,-0.154011235851966,-0.0121285363098377,0.562408460861877,0.657436946421568,0.51147667818429,-0.0138121185295007,-0.051978265020369,0.0203542964779827,-0.214933040507193,-0.261875066506072,-0.254570074094092,0.027547425028558,0.0761352810663361,0.112324611460379,-0.0626679339148279,-0.0193450077739797,-0.183286022896602,-0.0400847540562812,0.569769498747293,0.184388325886167,-0.144667861074107,-0.149481800684963,0.245953614098164,-0.277686961427944,0.243845828555069,0.284757744496193,0.0718601064702295,0.0495673400686815,0.0313354787848719,-0.130100464933764,0.140608218826411,0.0765210484033629,0.345886485911233,0.254894897229125,-0.355467366845664,0.490215233349117,0.0343067586661345,-0.133438813982503,0.169617965607283,-0.00116118178223625,-0.113501178446206,-0.0622503080927019,0.0265651762414913,0.245782320104663
-0.326514789148239,0.097583428102261,-0.0231389236070614,-0.0122724387142151,-0.0973270791383211,-0.08215997975419,-0.0508958962783808,0.0561957717541491,-0.0221342907101386,0.474156501697754,0.520561230874524,0,0.00424563177054227,-0.021074389154087,-0.103952296098494,0.031669798483045,0.189674941911286,0.200092052389084,0.064594307250369,0.0685480107764938,0.126729959620325,-0.0910031691004564,-0.0784518663352716,0.429697612877449,0.367712662687423,0.197698683659052,-0.0197056106455717,-0.195256636342764,-0.0420441244051047,-0.117280267616073,-0.179632127701589,-0.112576342790791,-0.314831883800627,0.0309585307707845,-0.117369367197255,0.19959968149549,-0.270968568390795,0.2161917660849,-0.0701506979133052,0.0633116415169093,0.0334561518786366,-0.271018468951492,-0.0457781322505507,-0.0945693810345526,-0.209989171012101,-0.164425324629923,-0.133387284158007,-0.199691864192893,-0.0208979347737463,0.0435461425613491,-0.184089577425922,-0.0628674201752863,-0.223702180774816,-0.160360489994838,0.14450610396665,-0.0865208686319711,0.0324907557100636,0.170426293971324,0.417107178172945,0.631187143560138,0.688642588155502,0.0104036000665592,0.0047106946417406,0.113111070729988,0.00964458816823396,-0.113602425593511,-0.219126710785069,0.210090806042013,0.308566899088047,0.276187652925951,0.0493073775018312,0.0134707252375125,-0.0994521297065668,0.198552693628265,0.56007053620516,0.322720389973152,-0.0621598474081995,-0.0512446795196396,-0.0575843401771252,-0.203035922807635,0.249298175441546,0.0818727815891102,-0.149900860345102,-0.0686318507481273,-0.0366065284776578,-0.164658822378665,-0.0330714751602089,-0.0598704064447937,0.304353048091893,0.169624231965794,-0.308047543948496,0.262496078040824,0.178181422761776,-0.204806575943648,0.139710506795966,-0.11664318170315,-0.110679168353038,-0.12980913787538,0.110461715704834,0.1618267777242
0.134550454827671,-0.207870693753877,-0.0770340332925586,-0.232667863220495,-0.0611076498623355,0.0909038565349542,0.0483803706149297,0.157457685627968,-0.000225125684373972,-0.123270848167457,-0.146635244625502,0.00424563177054227,0,0.50850198127053,0.403794444882727,-0.149692997989872,0.415964826562525,0.0763384627328976,0.449319278740579,0.0974914954282089,0.462049463428651,0.436043255409745,0.126334930805133,0.0951017016717731,0.00321305536584567,0.223768294615556,0.111710128144092,0.351102505093574,0.269890785338539,0.0890742499122874,0.0204211466661938,-0.13732271132168,-0.272482911102715,0.0790551611795922,0.267100710492568,0.0433431666530366,0.277998720774965,-0.102050811741409,0.113257588499753,0.105314668645533,-0.11392490356617,0.158626994124224,0.272864412650223,-0.0341976686632992,0.187169858739963,-0.0781908714822845,0.086115477155102,0.0586518381235031,0.171844538257866,-0.161057574638663,-0.0229085465319458,-0.140750272437671,-0.212292768814753,-0.263179906908502,0.0730323372538537,-0.00682997275811864,0.0142970295717596,-0.0504838163335904,-0.208575222626919,-0.0917255353397721,0.0739025406907396,0.668737351403564,0.531064646492668,0.510034124518854,0.475716411013059,0.379371859809491,-0.126637574159471,0.305565918052289,0.167535408875284,0.0936970932933474,0.438578583607229,0.452786820136368,0.21052189949592,0.0119277689508045,-0.121783041984834,0.133708283317991,0.309398803443408,0.0833208244488131,-0.215412734612515,-0.254102190828771,-0.145022518097146,-0.182929233342842,0.270533240303024,0.202174597639071,0.0866634017464542,0.129977207889395,0.107401582826661,0.0437989819229815,-0.107725317258736,-0.36388088175787,-0.28117481540854,-0.0487094674541673,0.187660792102443,-0.0334400084288391,0.0689489428192754,0.0683841768534588,-0.106744281660793,-0.0180760854004507,0.0914924319395963,-0.192214523659885
-0.164541948640854,-0.178306948365762,-0.185521301162309,-0.0174217898372562,0.222020892910191,0.0724930561594659,-0.0869657127719354,0.162877763648593,0.164257779381342,-0.158572541659428,-0.201322688250886,-0.021074389154087,0.50850198127053,0,0.74002176615765,-0.237954689284768,0.191685397223728,-0.0335511968893392,0.334148215684685,-0.00100994455016716,0.374398153801939,0.438323422127204,0.597918546382545,-0.0274617949238235,-0.0469050117484228,0.0694096571534482,0.46321198194518,0.580078377722199,-0.018935958440887,0.537606874217525,-0.128404209211089,-0.186487770413237,-0.208305712409932,-0.123868540555232,0.584066785168285,0.135564051622211,0.0975944716190063,-0.11482619545636,0.0831378341241578,0.0424898207517207,-0.0326741809955832,-0.0999297974001821,0.263051712753727,0.0263354893754559,0.228057870944069,0.302870018658511,0.51242910591124,0.324812414341924,0.218067279599173,-0.145449320844553,-0.284086571111042,-0.138272513423533,-0.0636723488425982,0.025566561526256,0.131144820034134,-0.0613293578164863,0.14703371830147,0.0914215288252264,-0.245825361103952,-0.148087813896176,-0.102503938485203,0.275059537089242,0.688420947219387,0.631187787127947,0.60484947126265,0.738718299093942,-0.0945048225860562,0.0320362933561107,-0.0676273034324249,-0.130441295022241,0.294916138815338,0.500492076353372,0.633511572534525,-0.0411981093047554,-0.207822188779181,0.0788103539608077,0.0851965366848141,0.531787119391721,-0.368743357872893,-0.369314736405958,-0.291611984196172,-0.414293009319116,0.138310466737017,0.481599703023479,0.175256790400327,0.500036801443736,-0.0469034647868213,0.232304237923938,-0.22415187641719,-0.491299904298776,-0.237995922214938,-0.243926548442434,0.0765778413023357,-0.326945824697448,-0.0896316319411514,0.134684291584356,0.189481075670047,0.364618082604476,0.109282142266088,-0.206797025674144
-0.159237207940062,-0.195030311175747,-0.22966451598423,-0.0113161764997073,0.156788265360098,0.0347270685408973,-0.0878070948021848,0.101458233242878,0.141775401933239,-0.236574950602888,-0.28420542329426,-0.103952296098494,0.403794444882727,0.74002176615765,0,-0.237768158448954,0.0384086940012647,-0.138605699986519,0.186883739724979,-0.0633694741593637,0.285984603813505,0.275914917463403,0.572640216427439,-0.148424176993097,-0.0846955036293834,-0.0652365986789258,0.481173664064357,0.61325799818314,-0.102563367090628,0.553822232879906,-0.14375333515424,-0.101079335277415,-0.196291311172943,-0.219739967053118,0.514999723375305,0.116093418793887,0.0647724278953847,-0.0694551975199896,0.0622063227706278,0.0275471570556507,-0.0294535673688231,-0.149431609821003,0.200035754782138,0.0925392044060523,0.167383194688604,0.403396339899978,0.566880056498944,0.32682371480094,0.248376584288083,-0.128448405355369,-0.240580041660652,-0.209491881634552,0.00418654995980516,-0.0108014977648065,0.08129687655166,-0.0639278552125357,0.0905627512480569,0.0602731406518038,-0.294611620077494,-0.217906286118412,-0.198020256623592,0.240754515872878,0.548292897847553,0.533357705474777,0.637536014072916,0.876664908860563,0.0212227260221308,0.00223852145510781,-0.142468678210419,-0.215230802506218,0.224640026893391,0.322480660527962,0.623445644206655,-0.0572342666256289,-0.303599912593566,0.0602255033221647,0.00841537839612808,0.586457003330656,-0.334102893743806,-0.265758611894203,-0.329838399449828,-0.437472718952723,0.131173868111271,0.420774733276558,0.178085465146596,0.527097540534187,-0.0749734394306285,0.332633161357068,-0.198834705478297,-0.452043103187762,-0.0780694578437812,-0.26051765171077,0.119122332950119,-0.315634448674224,-0.190125485940499,0.210505839839606,0.32229854264732,0.468109061969499,0.192608218606625,-0.14053867064316
0.164506583501522,0.593059247668142,0.424000314213288,0.502280762390982,0.248381369784328,0.356837193792738,0.465864165617434,0.34968455704342,0.35877845671275,-0.0113889392636566,-0.11024843037529,0.031669798483045,-0.149692997989872,-0.237954689284768,-0.237768158448954,0,0.0112286341708721,0.33565669436994,-0.124304364380037,-0.112174180208623,-0.0674251917395773,-0.283920818728705,-0.135228639787425,0.0356822861329339,-0.109942138996128,-0.243018409147488,-0.248907637589608,-0.374458335655043,-0.0461356332708673,-0.217890519143471,-0.114391584737241,0.212929258623254,0.339434688340617,0.0752090321911736,-0.347557020086649,-0.0707584169639814,-0.309687718354406,-0.234540974491488,-0.321520258764973,0.118569220291761,-0.280613031593295,-0.109157777195495,-0.389632772308486,-0.181508691269941,-0.318765171169482,-0.239559771734842,-0.337286893791421,-0.276290350724011,-0.201479818805212,-0.115268833946104,0.36413322488327,0.391291966095887,0.551861089246054,0.339126563878597,0.177769241300622,0.412948058928204,0.474687325381775,0.284304486935145,-0.00964614549578149,-0.0432177349549471,0.00774936294542879,-0.184191980815817,-0.281585413214999,-0.296293501843127,-0.117816557659296,-0.259882745880931,0.194225205227731,0.185420983164151,0.26165841630531,0.210049130712689,-0.151106796956916,-0.224798211096279,-0.193061566537653,0.156974793494578,0.103332089845832,-0.16474902868678,0.0354414343476921,-0.190307661874299,0.0268138282431133,0.356670787737675,0.246593017169515,0.00431968179106188,-0.401353509870319,-0.275938097585823,-0.122633574735431,-0.280247526547283,-0.208814213433739,-0.447076167751614,0.0856335363737473,0.18410055636545,0.367954041984197,-0.273364909109292,-0.0271797158641426,-0.0338447894181588,-0.281797385396761,-0.242603104561454,-0.176964317143481,-0.268586386151904,-0.0690753540933253,-0.0733816618824989
0.127784152829695,0.00891969565806477,0.152801396304673,-0.116636895823749,-0.120319758503614,0.184113175163691,0.142361400643874,0.275990752933669,0.0285313718763574,-0.0754014310332922,0.0235292846782094,0.189674941911286,0.415964826562525,0.191685397223728,0.0384086940012647,0.0112286341708721,0,0.261456245662903,0.711308987417634,0.203197616231559,0.622125669062687,0.214433035525279,-0.11679624455238,0.246060357688389,-0.0102911614809535,0.171207635315583,-0.0750380360292145,-0.0123148829594253,0.467705111145839,-0.170905434452939,0.0814733797115564,-0.26397816018991,-0.323707405023743,0.127949177029313,-0.0998561027595805,-0.0544473065901244,0.175871168537897,-0.0652311367629323,0.0545264176790873,0.186072622013736,-0.165511856748798,0.212823636030673,0.185515876460723,-0.0744730493378499,0.0118271567409816,-0.109463413746396,-0.170211657534502,-0.0730722031025628,-0.0750411061290693,-0.119800664861922,0.109398231104198,0.0491047974188333,-0.164244093365814,-0.287530270051927,0.0434400438493942,0.090201964511741,0.173698280165759,0.0552722725229882,-0.188517361113391,0.0331415681779478,0.291596898294423,0.529454584070428,0.298610796412682,0.439757248870505,0.392099745067528,0.0518909566032476,-0.237936423655075,0.63960842068347,0.590346975103647,0.324216778770149,0.623830951484002,0.390676571907632,0.0468084968605397,-0.0624931499639305,0.157529796381567,-0.0376002205947446,0.542755028722657,-0.181867805892323,-0.0837088827470131,-0.269154886572059,0.0759374456549228,-0.0911288153340522,0.183816673350362,0.00154768243597418,0.0353995163561376,-0.061572390673959,0.156159599499185,-0.0848419406180633,0.00882248974023808,-0.295748363035447,-0.323467527504873,0.0634453186519996,0.0750546380371115,0.050736862921241,0.224084474461513,0.0282602245299523,-0.117286060403371,-0.0901942515786952,-0.0987297205297637,-0.0936002738996163
0.0385764520207585,0.244339296610361,0.27162162640463,0.268740936805561,0.259538051072106,0.198408264824466,0.224122140905989,0.511038174824994,0.279818969882704,-0.133104071127226,-0.00980539006888909,0.200092052389084,0.0763384627328976,-0.0335511968893392,-0.138605699986519,0.33565669436994,0.261456245662903,0,0.161689977176009,0.374350541621035,0.221660491216736,0.258071552788705,0.163985511586887,0.374342184503215,-0.165674163602552,0.2981971421461,0.0623958692192475,-0.0614001075121008,0.0560692674375076,-0.0663240406327052,-0.0376240416214264,-0.318916418716727,-0.112831562171661,0.59197965593249,0.0586860374293301,0.180412530345809,-0.148038897965883,-0.305396082531904,-0.150638171279039,0.136565219793123,-0.0840807658416169,-0.0330656655205099,0.0199777710323498,-0.247683813288257,-0.0942308440171031,-0.2344291805037,-0.12516943790466,0.0831277135772847,-0.0771357219683028,-0.207493471651564,0.158259714728746,0.294746592586863,0.153142913892264,0.163775767607311,0.131550956012316,0.162114245223589,0.372922389823351,0.231184536339601,-0.13523324797298,0.0638319336652566,0.288352390870156,0.0552315046248996,0.0781751966642707,0.053048506310974,0.130812939611375,-0.0870693052263238,-0.174696622249319,0.312735127629528,0.589055451251722,0.769179467096912,0.277215803620912,0.254568935196126,0.0834990939947769,0.00806380960233239,0.195424841532242,-0.0372593674966978,0.219588961845444,0.0113365168452251,-0.208852648052299,-0.192165557909497,0.446850927408257,0.30454522314178,-0.0565981352578301,-0.0746081271708072,0.23773363842123,0.0702060174124938,-0.151626685721366,-0.0938433529349157,0.156857781071125,0.0603583344174675,-0.130540143757977,-0.0872147961091377,-0.0779393522085322,-0.209369595531543,0.1536415004554,-0.341347723768177,-0.272278000076966,-0.0923176226119418,-0.122931571978546,-0.16707618924944
0.1641165962881,-0.0754808857813318,0.0829099890068283,-0.127799405647556,-0.0372049775143603,0.129984363914945,0.0913985789687892,0.168112677678492,-0.00812582613542679,-0.228432739112027,-0.135091304007916,0.064594307250369,0.449319278740579,0.334148215684685,0.186883739724979,-0.124304364380037,0.711308987417634,0.161689977176009,0,0.237527225876346,0.597597174801233,0.20011587461687,-0.00474671252221584,0.0840948258262229,-0.110108860697066,0.156951795444106,0.0133662354094903,0.128845328318365,0.447737493826074,-0.0244785026799092,0.119021081002388,-0.261782765939782,-0.259908038925695,0.0653862244730686,-0.0196837597349645,-0.0604532276288566,0.289798328219421,-0.0984150901957592,0.121484824773701,0.175674649799906,-0.0891955452136879,0.254528905462708,0.284679867279796,0.00619163478365268,0.0947870956497025,0.0312679239148186,-0.0330766229453994,0.00898126679163423,0.0537062870232666,-0.0581796459329772,0.122664399647021,0.0498944081393819,-0.139595982082336,-0.208073133864557,-0.0249494750047258,0.0407030064644641,0.104878426704061,-0.0728899317175844,-0.333625321933279,-0.148050666929972,0.115635964604516,0.487520868360695,0.364200053582655,0.439734129339066,0.528563125486201,0.175509649897047,-0.149099807932674,0.511646843242063,0.391237129633179,0.219245751870467,0.633630990487372,0.31666832486992,0.133020968263853,-0.113375614393222,0.0162115565383899,-0.0756078117638018,0.528154584713264,-0.0860079145299064,-0.167332396951742,-0.2596879952907,-0.0197992969169135,-0.179369943157976,0.191709918199013,0.0540796310398682,0.0396665860519256,0.0302273719512313,0.182291596213946,0.00427147452495021,-0.0592077250469999,-0.36941694727893,-0.2504425425041,-0.062560911467937,0.0135735408683156,0.0777798206704621,0.163871003492917,0.128417882223446,-0.0160153617316025,0.0292811919557553,-0.00259960082558338,-0.0698367558823946
0.176540433322159,-0.157590278004785,-0.0202263384733649,-0.146624207966178,-0.00247367083883975,-0.11359901852939,0.0597157510106569,0.0696292623808582,-0.116472642896599,-0.159139838710306,0.186260023655716,0.0685480107764938,0.0974914954282089,-0.00100994455016716,-0.0633694741593637,-0.112174180208623,0.203197616231559,0.374350541621035,0.237527225876346,0,0.087954163674248,0.239093538958858,0.0300461845825265,0.243284382569224,-0.203338861129218,0.155165436182555,0.0460923286697193,0.0384841362890018,0.405218250961226,-0.0679404658556955,0.246475682858762,-0.404007127409199,-0.0785798248939991,0.325018810783307,0.172218811235496,0.38602214149784,0.314685002235797,-0.00618062689727137,0.306596828989512,0.2108402428843,0.334920473337715,0.176391001156903,0.265191008111509,0.239919139113139,0.294677725755572,0.126709043379805,0.121190630432343,0.235489874160215,0.261051528334174,0.310718177240502,0.122821893360723,0.00550896640538888,-0.214104539992385,-0.128018321575307,-0.149912689320099,-0.163633633195712,-0.144662742975226,-0.205958196305806,-0.203483557429753,0.0674071447996354,0.177563967021336,0.24715568715968,0.210365550762818,0.151377452176577,0.0511235731674347,-0.0283738691905448,-0.0593909471656828,0.13956169871613,0.155128388444985,0.374352148003346,0.302907561502374,0.242047077744061,0.0410977823316334,-0.224088618183057,0.20242146165382,-0.12322520191049,0.313735312319031,-0.0907812759549796,-0.0116944486042345,-0.378930062186273,0.269216826140431,0.320399089325234,0.322691846736712,0.0929850813730226,0.0582920155333625,0.0703397435952915,0.37934864306502,0.233708039283619,0.401393527532279,0.0796270052811615,-0.213835811803938,0.0715798581684557,-0.10628787424379,-0.022666025796666,0.317098347874748,0.217575565056478,0.0507486442213912,0.16289716938774,0.261196732648755,0.303997718955005
0.0572783767794024,-0.0164422005389128,0.0683563753931939,-0.102542470831487,-0.0724587808170516,0.210887309441855,0.114221329273092,0.31419613400396,0.0732735282711249,-0.104649147111004,-0.119977786815235,0.126729959620325,0.462049463428651,0.374398153801939,0.285984603813505,-0.0674251917395773,0.622125669062687,0.221660491216736,0.597597174801233,0.087954163674248,0,0.24145314885682,-0.00448849860700941,0.0273448815021184,0.042864155906066,0.111857288909296,0.0196441809764555,0.0756328808543194,0.178419835346505,-0.0907520333742094,-0.0317601114801132,-0.148203187047713,-0.385523176400979,-0.0653777753761991,0.0127083528133268,-0.157707359088585,-0.0633802416021594,0.0188151579897565,-0.00587328744150914,0.191093482852745,-0.234523263926115,0.0993141660405973,0.151121436895443,-0.14850855720161,-0.102063313670674,-0.0908157644985753,-0.115531374061619,0.00931835569515962,-0.0137380640315119,-0.251914816123375,0.0383608824520515,-0.0160305829977626,-0.208390348759198,-0.2574509050307,0.112699823628558,0.0967241411729945,0.230196048126613,0.140699509728531,-0.146581386161719,-0.0751195271544245,0.162062831066526,0.428577973984255,0.338293881606614,0.464732453995426,0.488280676275235,0.279420993630509,-0.236342179250397,0.450920194381811,0.43246201544632,0.271511959870059,0.736605898913176,0.427859176223234,0.144267863920722,0.0393347203834313,0.0390663264941002,0.0522655777493357,0.320617966273356,-0.0385628497534328,-0.185756557824031,-0.239147493657039,-0.105976047426475,-0.309396925422621,0.0964923213622033,0.00816245540771063,0.0548666625619894,0.0175525818208131,-0.175500702069694,-0.0438250235252986,-0.138361166365549,-0.409594428867329,-0.35192226220877,0.109120438502583,0.162126968371487,-0.0805184923123766,0.117254681883728,-0.0339399692997122,-0.0973500768396425,0.0105561564861279,-0.029478743286825,-0.238127559984028
