0,-0.0792512618245064,0.17275733842638,0.0503009796639294,-0.0201674496655359,0.160220564321135,0.0358633198289198,-0.157028609715807,-0.0113006444766372,0.0113274287950006,0.13113495061776,0.0810344130413108,0.0526263660704076,0.0984752891177253,0.132703067529386,-0.0990715940482976,0.099328973762539,-0.140212419445614,0.114431348392043,-0.240408969853109,-0.0315183063019841,0.0214083503681474,0.141366997253117,0.0228487679506063,0.126463994107064,0.123148419095417,-0.124140565354093,-0.0177374693859263,-0.0453848311866938,0.0855751754166129,-0.129624951408134,0.447667795694986,0.0176381498144132,-0.157298754149741,-0.150554773877063,-0.148453336173689,-0.200035267581962,0.279091960989595,-0.0730562605729209,-0.0272435242410974,-0.207166586611074,-0.0416196603828154,0.0852694694025069,0.0197075209697808,-0.172501775198775,-0.102572020562754,-0.0495352875218045,-0.0321438726588709,0.281605646010909,-0.0357035268739491,0.312532773332829,0.103909470652384,-0.0568948208122309,-0.125049917646419,0.0835828596863073,0.255494701684582,-0.0802084989856413,-0.119763327673204,0.00484175955656098,0.12824817568345,-0.100056700119461,0.0263528820329318,0.0484643238151161,0.141254789169356,0.0309125249568818,0.133484506865178,-0.0821717187385207,0.0821093783905706,-0.133236716282133,-0.25516476069206,-0.0338307630949315,-0.0404080885655637,0.0419702034452873,-0.0192300772599803,0.0227915095833792,0.0586993953349506,0.0496997622518399,0.0485278722308578,-0.120924409200143,0.261510819645214,-0.175994353600864,-0.329032354169937,-0.343110960823983,-0.15440054074229,-0.138742555729358,-0.175121907684622,-0.138587600084175,-0.0920293992204883,-0.217714987294166,-0.19687608683805,0.060414524694908,0.208659470202248,-0.130149580024053,-0.122975659583602,0.0159502954632641,-0.063336481716101,-0.0756799098841131,-0.0691333393174408,0.238285490888518,-0.00521649079073605
-0.0792512618245064,0,0.367409551392208,0.283027429795081,0.479802800942602,0.394792628243703,0.351454753302057,0.555873583474134,0.386461374683122,0.143028252674811,0.0290757785640356,0.0564991059331348,0.0509017730488421,0.0601482363983219,0.0980030201472427,0.364283613126407,0.0511662287165486,0.123569550322304,0.158514722125652,0.0511268368575818,0.015387846980263,0.0638106705196968,-0.00666491060926268,-0.0909761173172478,-0.0286220827820313,-0.0956664935576941,0.0822611710082082,-0.0681782964272078,0.107135037294758,0.0707780978569262,0.00754143977866087,-0.247862559115242,0.0291327968557268,0.0123104516087828,0.0560009368980339,0.148016835962857,0.137730538568286,0.0745096064075933,0.328083624116674,0.179771740456047,0.061206994165425,0.226911153108194,-0.0168956829440199,0.135780644568168,0.0744167207499526,0.0334113063151413,0.194273699258532,-0.0287290380848861,0.145529054118079,0.226356442502915,0.141770482628134,0.659149330754675,0.296543600711104,0.343413592234094,0.578963409747567,0.226674930003529,0.448810485754939,0.505772547787297,0.139082360028017,0.0426423795588016,0.188020756420925,0.109765405765531,0.0731807550058539,-0.00941618559961736,0.025435663567797,0.0356878914466026,0.260875490640864,0.0817913204432804,0.00539091912552099,0.0857511828502163,0.0904760219074872,-0.0306639000500162,-0.0324066521213475,0.0784173247106891,-0.166841311734898,-0.0358962194905453,0.117455955918061,-0.0684611416041785,-0.0317821574906078,-0.12882416068478,-0.204449487251548,-0.0416147689434459,0.0989540792944437,-0.0430481465824905,-0.12861005570622,-0.0370618888362336,0.205943477827665,-0.0971114213603309,0.121914267433042,-0.175834695252208,-0.0380066710568739,-0.296004329114639,0.0664753709851622,0.0959313560597259,-0.108154548823934,-0.007854362637626,-0.132217959000153,-0.0983294046061784,0.202531795243952,0.173637997623387
0.17275733842638,0.367409551392208,0,-0.100732153156185,-0.0202175579974601,0.501098760912116,0.274063867315374,0.270051685380635,0.417698212694377,0.254987056427415,0.277854370069547,0.353539408069057,0.335384132936973,0.267442898914135,0.29103941842061,0.155049244034275,0.266103726335541,0.218779301635881,0.392846866918661,-0.10789235905073,0.186783016607912,0.279158045318112,0.183189179944563,0.198689939812457,0.280166028486679,0.168020393852905,0.136279127687794,0.0291020408957158,0.305524442153452,0.201921107961972,-0.214745666543401,-0.00640728122953893,-0.0460982876089176,0.220871602074585,0.0783108708631582,0.156363171855413,0.0690444434256986,0.100113407110986,0.214458507495475,0.195885068812374,0.050897309930933,0.363073386856697,0.265137984085054,0.0745796478915214,0.035116324258923,0.207148024499727,0.308402972193797,0.0860708956600858,0.0131936011186332,0.0221072722219684,0.199580878993443,0.582104687730492,-0.227987857311509,-0.185272430347467,0.524221940905572,0.596553296911612,0.354390804441943,0.335790047009248,0.287716318847839,0.447551475865211,0.285706860612744,0.357290642103407,0.363098750262356,0.324813137670784,0.251736957479206,0.293455248499777,0.223214733000258,0.411272342473861,0.242802031754645,0.0844484824366258,0.205183444545726,0.236987527146475,0.180619779302018,0.285650966151446,0.0905924237983572,0.354670569024373,0.434025860815969,0.0249378038479565,0.0164209296341402,0.0432854809457949,-0.0822207053367438,-0.114756828015607,0.0412345393190266,0.077228523285636,-0.0322574534781108,0.0290092911108415,0.215000066728846,-0.0667336284230143,0.176714616346623,-0.110570380477224,-0.183838561296027,-0.0419359169554433,-0.015135008819242,0.0403360694899499,0.14422826981184,-0.0850140048669427,0.0689888095727186,0.0931978192957476,0.129594506370734,-0.0128003917024562
0.0503009796639294,0.283027429795081,-0.100732153156185,0,0.663487599155358,-0.13647930110416,-0.0109885010850744,0.146961479459663,-0.225679771150303,-0.276720226965377,-0.312939734298553,-0.291187895478703,-0.207783849725343,0.0543908527593947,0.13223156003296,0.20055581786461,-0.262713688130164,0.0687941382329892,-0.0630802206201866,0.168374170827747,0.0622715598072237,-0.32228604129219,0.0690139342490585,-0.208843030842242,-0.266200874098352,-0.217810589405761,-0.184715366836307,-0.216553381230717,-0.118306300106982,0.124491653355176,0.0654270851643997,0.186639869161172,0.314458156323143,-0.0661988382021399,-0.167469095413468,-0.0843953255372882,0.0989553787220185,0.269089363334297,-0.0798718715818227,-0.186343005789153,-0.0309105250054952,-0.275262016657446,-0.350844744589237,0.00414857756323896,0.107809799525045,-0.202978928545628,-0.0214387532422595,-0.0745393366126807,-0.0279412029398756,0.124981491937928,-0.016208211395417,0.109239648698418,0.503988855275427,0.782849092192792,0.128291213864505,-0.234087367100003,-0.0171851382584872,-0.139781460675223,-0.368739554140613,-0.352408498016422,-0.268288424998377,-0.194838440546203,-0.105371306844217,-0.175870884310856,0.0614580008467963,0.100843652674776,-0.342373096476944,-0.233470695859224,-0.0519257916360104,-0.000251322708333131,0.0796958889188844,-0.228228031877983,-0.0665993522076087,-0.369750192325783,-0.234361033950601,-0.379111971559805,-0.113304849599841,0.0995109280282371,-0.0519350595813273,0.184908072825585,-0.101882983210631,-0.206786079108738,-0.0267226711093435,-0.281818858182007,-0.300650994929353,0.0863200122276453,-0.045812077027642,-0.240657411433587,-0.138129339221666,-0.240367064693613,0.246568848337994,-0.368740612635895,-0.190738937373238,-0.30927169855955,-0.360986994422564,0.0620151505062904,-0.236650819679829,-0.174641435849157,-0.19183537892154,0.0201084577721468
-0.0201674496655359,0.479802800942602,-0.0202175579974601,0.663487599155358,0,0.00957267222542216,-0.0797006578956903,0.142430151302066,-0.110312513604023,-0.20141832452078,-0.286458714611944,-0.270589967462628,-0.231371936829726,-0.128506272167541,-0.0642618494405511,0.0399902863316671,-0.2815662962195,-0.0489877555863358,-0.181772402487381,0.141706262081585,-0.0960671036104682,-0.297027245322789,-0.0406821772437678,-0.233457400004745,-0.308181829503734,-0.254706038801936,-0.107586194088079,-0.189033193079016,-0.167406776134824,-0.00402038491848153,0.0200983756054741,-0.0621924009309254,0.200343326993176,-0.103458831731694,-0.13757950237415,-0.0511465221929145,0.0904203566865083,0.0574263035938668,-0.0705452250436675,-0.1828596863511,-0.0336798603932103,-0.173265937017428,-0.374068807557978,-0.0205395794860388,-0.00710602581787981,-0.248357069199574,-0.0806568845193621,-0.1054901797313,0.0201906160891313,0.106995044927272,-0.0364295924639911,0.18810964693633,0.450407466980267,0.714580191350785,0.37402658071076,-0.201458968438266,-0.0299286526689523,-0.0160835138501681,-0.25788643525339,-0.3653782060336,-0.131049304831302,-0.211607989386247,-0.219200424198374,-0.355277200617003,-0.123134396234213,-0.0926511580262289,-0.169733869522378,-0.316528591086376,-0.112152004154153,-0.0485233764878243,-0.0302294972250235,-0.257489678299316,-0.150007475922422,-0.325987231945769,-0.21962412080228,-0.358646346106037,-0.135284726413532,-0.0395424773202295,-0.0185303349401736,-0.0411339569538728,-0.0319542194096782,-0.0573533466058618,0.0432752392770717,-0.212501219911602,-0.246075836553194,-0.0052645804090841,-0.0233786974907162,-0.196438471933886,-0.106260815153873,-0.15086021578931,0.150864925081104,-0.377619156609635,-0.137925325945032,-0.129461456567408,-0.337408795284654,0.00578402419342937,-0.272668460311949,-0.192079343843605,-0.0843171578598099,0.013769877839825
0.160220564321135,0.394792628243703,0.501098760912116,-0.13647930110416,0.00957267222542216,0,0.491586220564154,0.401614897013423,0.725225415689523,0.381295937925507,0.39264503246228,0.369197096545854,0.485654106174831,0.383772223039202,0.326544699269536,0.192128972890549,0.45440117658146,0.1735530480699,0.461432947410611,-0.2224499970513,0.141662874017726,0.465771337924565,0.259124532259871,0.278268835692722,0.159251786803933,0.254976886030789,0.0487445008705941,0.0470529726126268,0.242000614249637,0.184483779681552,-0.152463201804686,-0.0806276719908169,-0.0653866191208151,0.226271783601868,0.253271565803352,0.120274393111442,-0.185396386920026,0.229510045435588,0.437282236266103,0.388401044085088,0.0136560574866456,0.260560666130294,0.381986419014689,0.0685745534362981,-0.0236926870660052,0.155291995900363,0.246223579691818,0.0194340682621651,0.450898574366224,0.11415064139919,0.172067439974961,0.355021551763349,-0.0403910703859635,-0.244450013416498,0.579297853715077,0.774408227819736,0.307902103208887,0.591494497459633,0.409652495949744,0.463142243907243,0.273290101817856,0.502881110532194,0.400618359362998,0.388604030047973,0.273967017830572,0.303337917681477,0.310291537908824,0.433787489848379,0.234647947177904,-0.010410218165188,0.142722325170337,0.30558636402972,0.194653629151556,0.359647427945155,0.149064518733369,0.138668826802825,0.246085868011997,0.084761157566313,-0.0842230836766963,-0.112808450879814,-0.0364224283589742,-0.126514001845042,-0.150514636416125,0.180787382343959,-0.137194535257036,-0.146209527718258,-0.0623606586365991,-0.0489501568257547,0.115093793137689,-0.136884763547971,-0.170048858258506,0.0846075703669511,0.240233021333749,0.079670680765128,0.124475227780502,-0.0968471750368314,-0.103725963885036,0.00381572470351711,0.520347532350001,0.0814461663290624
0.0358633198289198,0.351454753302057,0.274063867315374,-0.0109885010850744,-0.0797006578956903,0.491586220564154,0,0.486506637827076,0.565159261083669,0.36291452289299,0.255794505365858,0.319274123929174,0.257393967670806,0.295161932031742,0.280242389069713,0.505748192988255,0.471891503270279,0.239011173531749,0.42251501375341,-0.202475434422427,0.251115198857575,0.281764596978905,0.190117548487975,0.29448379966849,0.237687850609582,0.0853985611330488,-0.0541883970757534,0.0292166227456659,0.201824944547314,0.113636802081521,-0.0749243033150032,0.0226862392709146,-0.0370247489100301,0.117610715554584,0.108637306460276,0.0443953582279104,-0.134035692728936,0.286452313443231,0.389258942163412,0.449030368460067,-0.0733331293411738,0.234064918752359,0.200640342551327,0.084471814432877,0.0379069557958846,-0.00481098070677016,0.089642754303595,-0.00347045361476369,0.201591587421936,0.0523247754231152,0.25304302588165,0.319230137782576,0.174089478439409,-0.150398979802381,0.245027904256157,0.462569047410931,0.4653696817287,0.506145089420694,0.33322309086465,0.296688145995008,0.15835728235493,0.320113595039503,0.312218821793737,0.398257979113646,0.262368199034145,0.249387018826292,0.4501785682702,0.398628485581674,0.115631858765352,-0.0335293305917806,0.183332307859741,0.123863353005341,0.204968795367584,0.407468062246801,0.133096944049216,0.094537332647453,0.150966883276238,-0.0137731965477139,-0.0276594608453182,0.0557939189766834,-0.214143483730019,-0.266256238529951,-0.0944707595461832,0.0524182569514928,-0.188682749284432,-0.187561164434845,0.0203589017162965,-0.138269951984488,0.0225706100640073,-0.237035130908884,-0.075665064986973,0.117900129157669,0.172905337119248,0.0856710844674645,-0.0240888741616385,-0.119385922862024,-0.185404005705474,-0.10032959045213,0.325443968897982,0.133213314152937
-0.157028609715807,0.555873583474134,0.270051685380635,0.146961479459663,0.142430151302066,0.401614897013423,0.486506637827076,0,0.611995961785172,0.12338063585763,0.0931493085162203,0.0751447247932245,0.130010957008625,0.203835053396415,0.132525870784778,0.40192909030565,0.147126704956483,0.379264343865704,0.263851203256743,0.0909508112963241,0.151453976031203,0.124794892946752,0.0190563218768752,-0.103028356928445,-0.0646456488795729,-0.0352993536699024,-0.0106873524278472,-0.14485064389722,0.0879266567428337,0.0142294174846683,-0.00859641478935868,-0.294492510085755,-0.0492988934446051,0.093238613824063,0.0535655815708203,0.205168120033658,0.103907231457057,0.0767629223006765,0.318916343053847,0.216454527919462,0.106252711664833,0.159785699859244,0.060642991519855,0.108700414030629,0.13759258044727,0.0748303577677649,0.100590474899331,-0.0261341493675283,0.136827912928939,0.204832871845988,0.0367857788577859,0.391553109319402,0.307664692469449,0.121445538155412,0.466220229707073,0.357392871539762,0.681239414703947,0.715411992995707,0.14431626212106,0.159581440718877,0.14429879629548,0.206408422806067,0.168185719468779,0.192686006447376,0.14580571580098,0.11217763840532,0.240640783072016,0.224880445586281,0.0888042086657379,0.2538529982405,0.171335361937711,0.0298221945522265,0.0471340578045406,0.146931547871798,-0.133840830914652,-0.0174930132548656,0.0364474371869235,-0.0802381631833763,-0.0962736089030315,-0.214492387230209,-0.14080818958309,0.00670072546045,0.0864639233472387,-0.0219222159269255,-0.124510605342843,-0.0932957189024159,0.106432697700903,-0.146260221171406,0.222759037270439,-0.0922158534822664,-0.169889820980774,-0.0897802305057029,0.147340116125284,0.108493170833323,-0.0995151706443822,-0.0086260633667971,-0.0660366855636558,-0.0897789142190055,0.191409403249391,0.12486926285252
-0.0113006444766372,0.386461374683122,0.417698212694377,-0.225679771150303,-0.110312513604023,0.725225415689523,0.565159261083669,0.611995961785172,0,0.330208033487298,0.372527388477316,0.320125130332399,0.398125498641541,0.302296529682713,0.213640105742486,0.267048575488392,0.409144318660074,0.223948884618007,0.373004533714221,-0.109529816937955,0.111510851368401,0.394936104184359,0.104472330447263,0.173681770795609,0.184086627700523,0.147243873116269,0.0627427818462154,-0.0372847432362015,0.205444310424236,0.0354589202908807,-0.07650845953234,-0.221557917683959,-0.141593826813571,0.18740527190974,0.223311204750536,0.249734764996312,-0.0749678356709231,0.155410727395994,0.504683122403796,0.437036591603391,0.0846201388804888,0.329133752777154,0.342168995484713,0.0935529695868267,0.0175477363879584,0.12345434607636,0.182005695243312,-0.0267018391501037,0.290002337535791,0.133760838101616,0.131946888881865,0.40480019879492,0.0115490951494008,-0.252765418116009,0.516937713092326,0.688551746620171,0.510878616493492,0.78207261540832,0.418655811600023,0.454761735785394,0.301134566175899,0.420826710204084,0.317348758596145,0.349064090312555,0.216887137424018,0.214629237119303,0.42411830392792,0.455413003112655,0.179226799306072,0.0973395181586847,0.119210038047208,0.22326126246924,0.124194811494261,0.461732488840213,0.111727702488308,0.184157603605337,0.176913982170249,-0.0561947374554001,-0.0458153599383773,-0.213819139647371,-0.048530913510883,-0.00997395262301911,-0.0110744619664697,0.170956364535198,-0.100466512086834,-0.155275442557909,0.0244227887443205,-0.0756499013448867,0.265135422529074,-0.0366190521487813,-0.285611801776965,0.170916800872492,0.333733153729066,0.2043120462179,0.136289963022762,-0.133524051293584,-0.100431103191457,-0.0473804836179608,0.423886650363394,0.0753419783883061
0.0113274287950006,0.143028252674811,0.254987056427415,-0.276720226965377,-0.20141832452078,0.381295937925507,0.36291452289299,0.12338063585763,0.330208033487298,0,0.618018189778446,0.754175140686146,0.53678976736701,0.259469370381898,0.243552846314229,0.240487218393099,0.520794095836446,-0.0556934710523077,0.346315940046205,-0.367355125183017,0.00384902379236717,0.388171934348557,0.0880620746127791,0.388667959190596,0.514537692969932,0.35148154308732,0.116444520818072,0.23564434600751,0.276390944513208,0.164741104378872,-0.058099245645124,-0.0209773461191506,-0.0961053748303382,0.0717973745013598,0.163787160480448,0.0258087257598814,0.0135866830311501,0.245461746074217,0.473978264007737,0.545476861179507,-0.138307650558105,0.363140882662427,0.302658018220447,0.17391666893424,-0.0925457200516044,0.149373252695432,0.0517719012301948,-0.155070136168941,0.173618977626481,0.00382496280112626,0.156769895454035,0.20506501411932,-0.119853039640131,-0.280350390561662,0.0784228586367413,0.352291312919946,0.241271126847169,0.29120758934476,0.808782811512053,0.633855743606426,0.663027217943279,0.563931916200796,0.34507600016347,0.36108380783846,0.0772543566665885,0.201602278431344,0.415443117608282,0.43636993127502,0.151104612316437,-0.21301700935355,0.000951155008282313,0.321714487212769,0.117204783329111,0.521944880691081,0.35792788607481,0.469874150326732,0.307267565832664,0.0850150223288783,0.00407257437643013,-0.0625125718490789,-0.0350182372954541,-0.114919570259797,-0.0271245080254665,0.227247899700945,-0.0247750765832075,-0.126342735964192,0.248195683340826,0.115468333588955,0.0711578141988814,-0.0110261718505265,-0.0658376795447782,0.272960003359222,0.501728016593504,0.143970870671501,0.312753816102037,0.0279739364509731,-0.0089444201959834,-0.0797989386410726,0.43914646891156,0.135959508337098
0.13113495061776,0.0290757785640356,0.277854370069547,-0.312939734298553,-0.286458714611944,0.39264503246228,0.255794505365858,0.0931493085162203,0.372527388477316,0.618018189778446,0,0.685416218773776,0.539296601649576,0.261258014531452,0.212660465134672,-0.0159441163778497,0.444529069195998,-0.063855535256622,0.379748311652986,-0.344577668613861,-0.052001149347545,0.41086437718889,0.0558857619478208,0.344800228415263,0.504851436825467,0.497061346889324,0.101149388035545,0.287455738493547,0.267552029849379,0.144596071626086,-0.121092574649577,0.0758098787500791,-0.0352877924669755,0.0730685164726536,0.231952067185,0.121413023565063,-0.0197203701191874,0.214994799021038,0.387848203216034,0.410275329722032,-0.0411514567965195,0.272743338126565,0.360714943115924,0.157233035346843,-0.0388243387255124,0.121327657292856,0.0450567134525451,-0.163377078309903,0.236295022825845,0.0384356346498552,0.143664698586649,0.152949841478699,-0.199391893172143,-0.368076329857884,0.147423992856969,0.421705889205374,0.208410703711571,0.23678309121958,0.624206792783054,0.728836812708663,0.522117979566511,0.489948590163091,0.321791443025644,0.364184892420355,0.0565556598839684,0.234178543759339,0.31520823911961,0.457908858368448,0.124339026179684,-0.201096026086524,-0.0465333145053822,0.278558310642877,0.064575995832541,0.444027923111407,0.311087994430362,0.510612865240222,0.324452521129518,0.124915368256241,-0.111723063837576,0.0410609117474485,-0.0416925780406773,-0.105123533947336,-0.0880894770806402,0.169855575506177,0.00256536885367006,-0.175447029775298,0.203675423429484,0.156305733171973,0.150958751741925,0.0539650485400883,-0.091848223578108,0.258678617246938,0.364496558412589,0.106299780070705,0.326403015328681,0.0508599542505038,0.011459325423199,-0.102363636847499,0.466674623578465,0.0949384763885794
0.0810344130413108,0.0564991059331348,0.353539408069057,-0.291187895478703,-0.270589967462628,0.369197096545854,0.319274123929174,0.0751447247932245,0.320125130332399,0.754175140686146,0.685416218773776,0,0.572213435995345,0.360230476474244,0.323674594944166,0.158918695681899,0.580701708285533,-1.91382237157713e-05,0.441169511520408,-0.350809231417531,0.111053961751144,0.428335437343096,0.168170860210957,0.529475376718383,0.594976561549622,0.497681169822233,0.165836512081201,0.351042373806219,0.334604384575004,0.291201276453029,-0.168137128599359,0.0240307351620881,-0.113165083789322,0.141452918727627,0.19972268994439,-0.018195797949757,-0.0356930686466327,0.198185682944639,0.365386352691828,0.450121085917276,-0.17325647012576,0.309818375327421,0.353442661275001,0.113772259439951,-0.0718200905589922,0.147818025658577,0.0769626853753538,-0.118048040222997,0.125494036949632,-0.0414818845191424,0.134608430347084,0.235822662322628,-0.174643363101484,-0.33081860626193,0.11691701626677,0.411684062423415,0.222302627702822,0.209925661002858,0.725983228578899,0.711418196124216,0.707296391535459,0.575407249150592,0.403553941121323,0.431023334194335,0.162574470174098,0.30648912064939,0.288518417154205,0.557006934730499,0.211769116306517,-0.173420846920738,0.0410159897389007,0.378732037091476,0.24304414417554,0.544323200514415,0.475349426669443,0.625468496654861,0.412880193118956,0.209045762051085,-0.0525385796698569,-0.0727155204360905,0.0150511647782938,-0.202699846163672,-0.0383934039440336,0.230284325822336,0.0365675163611755,-0.129335485661818,0.212359560226242,0.137986848644785,0.0343161977866991,0.0039305016492613,-0.102189432774657,0.252580849159138,0.409701832730289,0.105044141609276,0.400054360438878,-0.0529980340991258,0.0342449339570285,-0.0315737285347044,0.373491609066213,0.0259367361065555
0.0526263660704076,0.0509017730488421,0.335384132936973,-0.207783849725343,-0.231371936829726,0.485654106174831,0.257393967670806,0.130010957008625,0.398125498641541,0.53678976736701,0.539296601649576,0.572213435995345,0,0.511115553800731,0.456299151321479,0.066409098239517,0.538129855078253,0.227820300934914,0.520049555900528,-0.276496254797139,0.198469715030831,0.601802676306384,0.352852360062863,0.346583494880322,0.268620055087942,0.408773350604734,0.151998879171337,0.143010544966475,0.295528631370717,0.37687936576685,-0.159192033284996,-0.00403575598853689,0.0227339340653898,0.372804244634845,0.390003917495317,0.0368686937624562,-0.111319708165282,0.188133747802878,0.440089369035831,0.443215538007016,0.0162074941045631,0.241217210336154,0.442042452089962,0.0240928056815847,-0.0492898220863708,0.241315324074594,0.373402213276618,0.070758858225931,0.2144612460583,-0.0591233783483274,0.0253594754696353,0.134005627064376,-0.136255967119342,-0.332710657920234,0.177600551460066,0.519784434208637,0.200904904024377,0.294130325292501,0.54452421555143,0.606041928967797,0.457465672650624,0.822792333178514,0.60451214006217,0.56115884542695,0.390131401864805,0.489976604564868,0.149733466547927,0.588553172161031,0.449570416856539,0.0938385135345388,0.203888253456182,0.566026146341306,0.372276621427704,0.423013754110211,0.266499450378885,0.31161892206644,0.335962419112871,0.321707337652375,-0.0390046238820894,-0.0858707208929528,0.154600523393777,-0.0771200758567223,-0.0666703318143139,0.367438480536292,-0.0251422482059491,0.0994228180360458,0.0484296092177558,0.0402096623066807,0.1719572935239,-0.0161604644572341,-0.111464138886217,0.157965384337056,0.354958406269826,-0.0611307692477194,0.266623203665847,-0.0890733855450725,0.0221144003912458,0.169693627576847,0.407905641588417,-0.00652188709602904
0.0984752891177253,0.0601482363983219,0.267442898914135,0.0543908527593947,-0.128506272167541,0.383772223039202,0.295161932031742,0.203835053396415,0.302296529682713,0.259469370381898,0.261258014531452,0.360230476474244,0.511115553800731,0,0.762234065498269,0.209081367304892,0.373858911329488,0.423305780320981,0.676818543582122,-0.194598297723268,0.527553115100468,0.422938476562471,0.586738585806042,0.273420281572077,0.126878186251324,0.280478167110051,0.0733555643692441,0.105164226063652,0.211890833866221,0.589176765861334,-0.157082583293411,0.11309451590844,0.0660332579441657,0.379375969558721,0.230460656526503,-0.117168962887703,-0.179653949913412,0.226830125347341,0.292451446732496,0.308985333867437,-0.0710495510699119,0.065240482079075,0.325132193584148,-0.0314763431478001,-0.0414777594642148,0.232784112745738,0.415639177974742,0.166976074355437,0.11117938560812,-0.105566849595704,0.0255466595639102,0.0831769301109839,0.0760494054898825,-0.135564940556927,0.106595621388469,0.454317334892831,0.216858156600727,0.210489689368689,0.262945553251902,0.404014653779437,0.215348295405584,0.557700045968025,0.672053894545198,0.694968819684848,0.695054032011687,0.747248685359225,-0.0219626045202313,0.540028193963624,0.49095911453285,0.236538382886983,0.498891686904082,0.465023053754605,0.563910104043936,0.308415785095143,0.219430574200955,0.174934404525064,0.314507298761979,0.490243889640051,-0.156685602722483,-0.00630782720967127,0.186118071993813,-0.253217881788025,-0.113644500366596,0.232729613944888,-0.0351012940061399,0.240358864303013,-0.0615989939383046,-0.00887002140474276,0.0521999956706878,-0.112974904872968,-0.0740010234199171,0.000330857229958433,0.210786631092289,-0.174834300909057,0.207973402843498,-0.151540648656639,0.0591287766787261,0.221835418817861,0.232987100606368,-0.102546778790569
0.132703067529386,0.0980030201472427,0.29103941842061,0.13223156003296,-0.0642618494405511,0.326544699269536,0.280242389069713,0.132525870784778,0.213640105742486,0.243552846314229,0.212660465134672,0.323674594944166,0.456299151321479,0.762234065498269,0,0.186275582847372,0.370416540127867,0.467502188840505,0.665444651301654,-0.099263857244329,0.589176446800592,0.362944506536084,0.627567067409152,0.320499177492887,0.116680806976189,0.265575680121119,0.10951492936976,0.0892712992630445,0.314648534537982,0.638157092686574,-0.182362300158981,0.13116222601721,0.121238514727914,0.39495841020629,0.213835553436698,-0.0523854262364929,-0.175799059756002,0.245386929741324,0.251648252340981,0.268981491856274,-0.0552348031644349,0.0941740935400801,0.227948782902233,-0.0288212325367247,-0.0485538648795504,0.201762681416304,0.444035493022049,0.220605669005106,0.0846086499208374,-0.0606123930947944,0.0913791474890554,0.1210757292803,0.0739498402685853,-0.0598918174436713,0.0639976206747638,0.393272259183724,0.178980554071546,0.143863537569169,0.239220452630674,0.364294681964879,0.222004958458137,0.515689428869746,0.654418816804472,0.606193160921637,0.737642363360901,0.86096245182931,-0.00137606967273331,0.516197071732268,0.486569454808695,0.276298971837505,0.581165727861229,0.447467859670826,0.56380343842178,0.298157017564031,0.269953410547119,0.174464689401821,0.425497609019982,0.568234103578222,-0.143630544886798,0.0604095040845666,0.164895628373777,-0.275834786507065,-0.0915776190873053,0.191451550000522,-0.00604273650720232,0.301080292680658,0.0123683794169704,-0.075358530320723,0.0914553976758373,-0.150424349004931,-0.0356708867015129,-0.115203918957038,0.181518980625349,-0.218781455253228,0.152270784096186,-0.153517681760765,0.0699216326139169,0.240763079552888,0.185234406387415,-0.02541276389475
-0.0990715940482976,0.364283613126407,0.155049244034275,0.20055581786461,0.0399902863316671,0.192128972890549,0.505748192988255,0.40192909030565,0.267048575488392,0.240487218393099,-0.0159441163778497,0.158918695681899,0.066409098239517,0.209081367304892,0.186275582847372,0,0.222687510868733,0.187393336458879,0.259315068408278,-0.056226175852913,0.184742425747808,0.0452283343058092,0.0165158139984378,0.0395722326131741,0.0755485404276855,-0.106832383038655,-0.0581075046779453,-0.143592294986316,0.0620158223901261,0.0384599186612324,-0.0342923851122852,0.00529794315502325,-0.00137274024766076,0.0387923831004607,-0.132726056688125,-0.0111449732806856,0.0119936690279515,0.224879932095254,0.302927945103211,0.341247301863058,-0.0931040354524174,0.117960035032946,0.00188192019814202,0.0683436025529272,0.111744424013442,0.0277931550525776,0.0176400836121218,-0.0887175312865204,0.0800139612776103,0.118547526398551,0.254406678186782,0.374356401578384,0.374684317383492,0.144825383357951,0.0912832889606159,0.166194859767627,0.362424173896653,0.302049993986101,0.205318691144209,0.0899325583276748,0.183054033784647,0.150533255262758,0.215903135455784,0.247110803214279,0.186133678108932,0.0966144441606431,0.240421865547558,0.208308658830584,0.0753133110392621,0.0125832673545647,0.140743439444456,-0.0450266677604286,0.0582730723901278,0.16580243382416,0.0109802126683515,-0.0207038000966185,0.023263456209152,-0.100285200965036,-0.0547448897010151,0.0605548663005607,-0.227815233202734,-0.175733802996138,0.0800841786845962,-0.0627748544911347,-0.211259837565001,-0.112506834791653,0.0580935970639836,-0.220307538997399,-0.0336854528684977,-0.291991505983348,-0.000631293946158903,-0.0113816622187444,0.162082178661439,0.0103931698338411,-0.165408429553755,-0.0132066133234622,-0.184385542377897,-0.16051536196404,0.117157040775971,0.154380308946546
0.099328973762539,0.0511662287165486,0.266103726335541,-0.262713688130164,-0.2815662962195,0.45440117658146,0.471891503270279,0.147126704956483,0.409144318660074,0.520794095836446,0.444529069195998,0.580701708285533,0.538129855078253,0.373858911329488,0.370416540127867,0.222687510868733,0,0.328234785375607,0.62261100344211,-0.271059160852416,0.350987046680368,0.589047894250501,0.446332732016381,0.534471548524079,0.295605305488871,0.354272784378447,0.115954976355225,0.204978487576865,0.295007184565201,0.359694380890682,-0.233855702795852,0.0380733400530518,-0.0818769109463765,0.415684439861082,0.30450249918035,-0.0792842788727309,-0.222532670145402,0.201057126806791,0.362708064657444,0.471453274377917,-0.071463566730592,0.231810806919827,0.411332404037419,0.0195486527642532,-0.0745156683259599,0.225811467261111,0.244039314660276,0.128062940983016,0.18608503782585,-0.0675764585128066,0.0839682456123128,0.111010637860516,-0.116382882113656,-0.400555273655572,0.0820226375852289,0.483355822807897,0.243137078853163,0.259876069029403,0.473225995751033,0.557698383810288,0.356120919220317,0.601736833793938,0.489584537193325,0.528208072842709,0.400759029756438,0.404195509650947,0.294894364871929,0.73120798981042,0.454929350273034,0.135771057066727,0.314371724624502,0.467624586883764,0.464820856024689,0.483445582624893,0.394364778232148,0.312330801307199,0.310711319478941,0.242624912764574,-0.0544697694830736,-0.0436445791159813,0.0417317544172555,-0.159317934763882,-0.160168236319748,0.221838634359359,-0.070677866936777,-0.0744123356699345,0.0019826938309904,-0.0551379962751135,0.0604202964669476,-0.146934129040569,-0.13949407682755,0.233721393478427,0.259024342886138,-0.0330954865512102,0.241095951645611,-0.212232196108382,-0.00251123027116383,0.115105521667992,0.379936279651932,0.0139305020880293
-0.140212419445614,0.123569550322304,0.218779301635881,0.0687941382329892,-0.0489877555863358,0.1735530480699,0.239011173531749,0.379264343865704,0.223948884618007,-0.0556934710523077,-0.063855535256622,-1.91382237157713e-05,0.227820300934914,0.423305780320981,0.467502188840505,0.187393336458879,0.328234785375607,0,0.535833574644514,0.282872982944606,0.646935240755336,0.330618392821705,0.484963332928951,0.163531921160753,-0.17838083443025,0.0083187386474045,0.129925529006656,0.023865969443384,0.334715748781577,0.422179950345521,-0.231159552975138,-0.198326121584004,0.0139410097701051,0.680665118274947,0.259447085545485,0.135850752439335,-0.0117983051743751,-0.137789143400045,0.0873847353379645,0.042957038781618,0.210991695800243,-0.0116880627740977,0.0656472781077925,-0.103055019118082,0.113211481933893,0.193606953346117,0.419282460759672,0.378557486611034,-0.0162502395823872,-0.000236704963767777,-0.179049729846871,0.0370203219006831,0.0615639257673601,-0.0483271397974612,0.0953595679525406,0.22476194645247,0.300906578891146,0.271736293627737,-0.0726714414921936,0.109199945948234,-0.0530685171674424,0.320662767552846,0.475390177179057,0.338000270305081,0.534489478556045,0.465797328009792,0.00207629445134881,0.433426504861882,0.579516766515163,0.759536616366759,0.686523640517531,0.32490945846616,0.51633486144114,0.0496297360385971,0.0328798926634453,-0.0381908071206443,0.341552541979296,0.310018549031113,-0.119687401122652,-0.181942680481213,0.193041039096647,0.0929296022405641,0.0858906843453507,0.161503444480417,0.0752245782824229,0.371471717391887,0.0762115161154605,-0.0973981455983555,0.354139080411943,-0.0705866768926276,-0.151843414346472,-0.248864607870627,-0.0957207725418769,-0.207355643814996,-0.0647523789666422,-0.169273234271555,0.111623627862769,0.35664008763111,0.0524312248651756,0.0251817942611518
0.114431348392043,0.158514722125652,0.392846866918661,-0.0630802206201866,-0.181772402487381,0.461432947410611,0.42251501375341,0.263851203256743,0.373004533714221,0.346315940046205,0.379748311652986,0.441169511520408,0.520049555900528,0.676818543582122,0.665444651301654,0.259315068408278,0.62261100344211,0.535833574644514,0,-0.158335683788284,0.531381314157268,0.521064097680389,0.567264499943653,0.394543960930809,0.177372726180778,0.300912355980278,0.157310571663566,0.153773803150377,0.346443991147238,0.524316273861364,-0.298605734705426,0.0644568772498246,0.0270943536380962,0.513283337232763,0.293790321561663,-0.034941247804654,-0.172537285833838,0.173510577922292,0.296121754241811,0.31601012619581,0.00426589486292652,0.149590741283036,0.339773776491228,-0.0116073526464637,-0.0251332472179368,0.257640524575887,0.443783241818134,0.19324445411298,0.166510730005507,-0.0200910488487868,0.0601039879358325,0.210228107592791,-0.0221623253579867,-0.266036985824344,0.172962005754206,0.532470265299931,0.34206031541852,0.27643393036356,0.32411627030223,0.51363998071732,0.243109565126355,0.587697566000093,0.664621839035172,0.662127643097523,0.624259218748463,0.648984773044504,0.16974137768777,0.710254069675035,0.537278156492049,0.279570301377121,0.532208679008905,0.427791288251705,0.529379111913995,0.356028996498899,0.272519282088676,0.205847500986829,0.454715234943698,0.362432269158597,-0.136502805827454,0.00247054350405457,0.0441598406318509,-0.236124312568216,-0.146636914289289,0.138635395431303,-0.0245536809281966,0.12647545035937,0.0318992053745655,-0.0915524498130677,0.118335166673149,-0.185886076768727,-0.0876833995680889,-0.0215988641919616,0.12260804405555,-0.15373365826695,0.132126855819517,-0.222079697953592,0.0423615532812805,0.170296868785176,0.30140700469239,-0.00264712047898867
-0.240408969853109,0.0511268368575818,-0.10789235905073,0.168374170827747,0.141706262081585,-0.2224499970513,-0.202475434422427,0.0909508112963241,-0.109529816937955,-0.367355125183017,-0.344577668613861,-0.350809231417531,-0.276496254797139,-0.194598297723268,-0.099263857244329,-0.056226175852913,-0.271059160852416,0.282872982944606,-0.158335683788284,0,0.158843239012685,-0.268921257747284,-0.115428041117297,-0.186848763327388,-0.459765477207357,-0.388559784584027,0.272129755485634,-0.0806626186728192,0.250155468687357,-0.0930380843603596,-0.0278427778030681,-0.379767614825223,0.0877308762984759,0.142224632087587,0.0633657279636064,0.509111005639989,0.473847926962979,-0.349248025136971,-0.16776895556385,-0.3141314959293,0.470143831572485,-0.160875922106576,-0.360461625353289,0.189269422947493,0.341057861383381,0.118279191971071,0.175047679068618,0.301378761236386,0.00517362805937357,0.511337847001055,-0.310375062937921,-0.0806458182456931,0.0783775313727156,0.322902025655817,-0.0107454600087322,-0.302385773787999,-0.0979225123564053,0.0434983187535111,-0.368406149349209,-0.32301849870916,-0.209567327836027,-0.294648457838225,-0.170440848603676,-0.368240541291423,-0.0709603431905866,-0.116676186065342,0.0171242845309409,-0.213816589358175,0.0315479943882999,0.453576673830342,0.282682814934029,-0.21312975399922,-0.0992324809754774,-0.362702493238254,-0.257887178602059,-0.338157502464683,0.09968285149048,-0.158104849540457,-0.0417738066588362,-0.206194950187868,0.0113085416349744,0.519485608115021,0.28125731866826,-0.0883801872880906,0.080443595270457,0.312876683269549,0.270875966649978,-0.114556645951916,0.517844290784149,0.183881531672444,0.0864990988326782,-0.39071709897899,-0.256711628993249,-0.0118554041793792,-0.321755156389906,0.255182827311523,0.242511086226568,0.176957011450489,-0.148603366397229,0.40444591510639
-0.0315183063019841,0.015387846980263,0.186783016607912,0.0622715598072237,-0.0960671036104682,0.141662874017726,0.251115198857575,0.151453976031203,0.111510851368401,0.00384902379236717,-0.052001149347545,0.111053961751144,0.198469715030831,0.527553115100468,0.589176446800592,0.184742425747808,0.350987046680368,0.646935240755336,0.531381314157268,0.158843239012685,0,0.245413452674543,0.607343563479052,0.323427683052717,-0.104868646339137,0.0339689644442675,0.15506388178698,-0.0221427134443609,0.266667811969669,0.505353624116375,-0.265459116273288,0.0415449623821445,-0.00551040204777002,0.482252598737954,0.116849519773101,-0.0362240509674264,-0.106979953521541,-0.041591837715104,-0.0306822873134318,0.0348603929614594,-0.0118406936034594,-0.0484231761238111,0.048834124145288,-0.124147356923474,-0.000261462944507074,0.243729810052262,0.349815123766178,0.358392560554967,-0.0706836424879405,-0.064788892443472,-0.0654850355149036,0.0237954217084641,0.0297325979353926,-0.0869062613999919,0.0100239499308837,0.185998647620852,0.117404062047634,0.094027490087066,-0.041762658441413,0.166597547154588,0.0122869669110768,0.262408052891017,0.474734120684613,0.407768459871797,0.681928882222296,0.595024762336419,-0.0199751431858514,0.453437571815744,0.510251944915,0.509581559204448,0.801535552987223,0.308583143332732,0.642975957246227,0.161334134202392,0.242175176806728,0.0403561711573165,0.33662416363982,0.33162860925208,-0.119392253606422,-0.0049624696721831,0.15575400646674,-0.0909302252219815,-0.102970697461298,0.0721840469086656,0.038970013683767,0.284697221686161,0.0157433065723701,-0.171695066983655,0.164978504126223,-0.137361944483082,-0.0464690725992357,-0.203898888391936,-0.0984946768812948,-0.288698898313158,-0.00541217523462476,-0.181654915125073,0.189056253711418,0.382146999152596,0.0136567189231033,0.00134171526570572
