0,0.0757360508733032,0.0442208114459664,-0.0268377135753699,-0.182721907945716,0.0171163845877387,0.1874927701573,0.18906506919109,0.108872447879201,-0.00833361509576884,0.0299260546551708,0.0458507530043151,-0.0218094969213089,0.0870103475083115,0.0381520490612244,0.26128168017139,-0.0291719089797043,0.134913308223857,0.0700476436665078,0.0842139663094494,0.0106625897585436,-0.164394211006375,0.0241127384164011,-0.205749723910403,0.118208029965033,-0.102756067250889,-0.0016901551850083,0.0573981047200268,0.130644411105939,-0.0617369341395892,-0.131123134518695,0.260871893302312,-0.105254196687895,-0.142014547273232,-0.160709053504902,-0.00862434740075171,-0.101425184364687,0.232823887821191,0.00949018291326561,-0.00246214466390845,0.00127100401702528,0.0351862360267017,-0.142421005670079,0.0626323239861891,0.0342064908495378,-0.112569030269399,-0.0437604096741415,-0.1386500019053,0.21685746383675,-0.0290450866423559,0.608372755796087,0.292331415261964,0.0879705640552063,-0.0624691540887525,0.026593348495399,0.165604880811632,0.181632529907787,0.121374465550152,-0.0322989368824191,0.0486892350310527,0.0045246234980944,-0.0115586552511492,0.029621547848991,0.143696339072171,0.0543089233951542,0.0652019635378915,0.171607874834949,0.14237893316495,0.0666314012868734,0.129215413584687,0.0992591518196481,-0.106671393112436,0.0801777707054983,0.0522379615182177,-0.0446750115450824,-0.0574859057365408,0.21721665200808,0.0226353560281286,-0.102871729089999,0.121556086532633,-0.163560824212604,-0.0633988734368386,-0.252648624017449,-0.170619294363333,-0.0238911387319869,-0.0388567980557484,0.0465770383726074,-0.0105700519812839,0.0704047776714593,-0.0296891110798286,0.063794226927021,0.209180149144451,-0.100513001092463,0.0279261641274274,-0.0535353351534075,0.0104472692387799,-0.121183690809718,-0.0253826467157666,0.265450608415173,0.0477422647192333
0.0757360508733032,0,0.586792144072006,0.330664724349079,0.569293946275384,0.200318317730533,-0.0307863141617463,0.12330947025569,0.170881074358535,-0.146570373133684,-0.0367929533399454,0.0170592885540288,-0.115756764994849,-0.206313522644693,-0.194173508010698,0.13674475577016,-0.100058060196476,0.000582253519077971,-0.121259433360551,0.13816928988234,-0.180553257476355,-0.086116947379909,-0.134247394275617,-0.126248492731136,0.117484303450854,0.149001556265713,-0.152144079659781,-0.0241171735982395,-0.115440470237025,-0.29361854890172,-0.337115472862788,-0.128050487807595,-0.380271824809437,-0.0802799085802882,-0.141116030582297,-0.0973230037668616,-0.0534003762738118,-0.211356513366249,-0.310655671409722,-0.391160780818689,-0.375557289466878,-0.0442601305085536,-0.112478376380495,-0.366921489181332,-0.150491759121521,-0.392685759983646,-0.250749412207713,-0.383153400245175,-0.232091620943565,-0.254299351190514,0.172126377435422,0.390660199605651,-0.0447745389110125,-0.0444773295014516,0.462793446462963,0.135983024662905,0.0702465721825799,0.111408744978489,-0.189759607401837,-0.0739648319941498,0.0618261398974971,-0.110533783264805,0.00595022283161912,-0.196129328386492,-0.164681615553119,-0.195612996748256,-0.129607579382749,-0.0695781046150699,0.00708455614141459,-0.0234066845259777,-0.10871480773331,0.0844226227261261,-0.053258887139794,-0.180390838048832,0.15254313279117,0.213145458997397,-0.00804002001986655,-0.0412155289971936,-0.320371045694994,-0.137036867970731,0.124177614905196,-0.241974869293468,-0.178902569896279,0.123131717191701,0.0490189367785668,-0.0786107395275061,-0.155891217337034,-0.0347786981873452,-0.142524766439216,-0.231419263817462,-0.234656078364324,0.0186421821625283,-0.203652702892423,-0.124911521460386,0.0654495239241713,-0.432495796433445,-0.356113501517177,-0.349971932513158,-0.18926840445317,-0.239541085455914
0.0442208114459664,0.586792144072006,0,0.0125313462417655,0.125845081723757,0.422152054331291,0.136270304512049,0.31337856117898,0.42955944293485,-0.088807800018666,0.313034040577872,0.117609038292285,0.0952849137539961,-0.029975131202742,-0.0529652451890007,-0.000403670079041512,0.0754934229625356,-0.0224354977510958,0.00422145485805865,-0.105903259154766,-0.0380180477736974,-0.027302328406354,0.0127807901847255,-0.0961321098757369,0.345269563458377,0.363561571769102,-0.0595130092115114,-0.00108161899620679,-0.0687218742748362,-0.192246436970963,-0.269174590944433,-0.0236734781851963,-0.359055449949521,-0.155633672112783,-0.13079693598998,-0.135277960174797,-0.0908771946577749,-0.035870006481008,-0.283786780764346,-0.404544440356916,-0.357123376230567,-0.0899297249758881,-0.153951690072705,-0.336288048060345,-0.098332827602452,-0.339990099143609,-0.335993831036121,-0.377077280202839,-0.061905471508193,-0.131683779342941,0.249656675751578,0.689049451525464,0.0143018559098328,-0.136446437427338,0.560439481427538,0.589037168657936,0.195975924970547,0.370540306678626,-0.154593198608869,0.159472218248299,0.217297706670397,0.132859947800899,0.118545443348068,-0.035796060407999,-0.03272025061587,-0.0194237226831487,-0.176487241637922,0.0738021523746865,0.00250604165368281,0.00408404238330969,-0.0492567742239304,0.100776995597631,0.0835460453755919,-0.346946265785487,0.168042388250209,0.320590385865002,-0.0137742283965909,0.191111657787294,-0.245776244611964,0.0539041958791535,-0.00441382159391347,-0.274430874129208,-0.187539334400067,0.0974068152155403,0.0505403927684573,-0.246743176912007,-0.293731996078026,-0.0131954995690584,-0.123136855398365,-0.276504517877139,-0.308084798375998,0.188471165320682,-0.353504607973695,-0.0578410155453762,-0.112660498431999,-0.410998929269304,-0.29071060611004,-0.316632064847803,0.0227162149349623,-0.152093878071279
-0.0268377135753699,0.330664724349079,0.0125313462417655,0,0.38191646438974,0.233155779692297,0.15120761372799,0.251498096877993,0.15856945168126,0.224366731566317,-0.161509828305575,0.129025756950493,-0.0889533272818454,-0.118802964746958,-0.203932163092772,0.157124024154539,-0.0722534490025937,-0.0636287278599156,-0.076048472644131,0.067986738405118,-0.0935174876172968,-0.141056450493118,-0.278538814632965,-0.174571435164631,-0.114526285441468,-0.160273881581407,-0.191094860044922,-0.141132659690378,-0.0215055150175443,-0.197932724062208,0.142079459908184,-0.203870462876755,-0.106999786485134,-0.177831352439696,-0.107845915714185,-0.081973021132508,-0.0298997028432068,-0.0989132766823821,0.0619244086494665,-0.139287022517014,-0.265170475494243,0.105107433258492,-0.0272057637099356,0.13147174146937,-0.00221717636621786,-0.181252458805614,-0.155761937435874,-0.308022991082794,-0.0714550219629848,-0.078231319529033,-0.0798468673242137,0.0523737490524208,0.264821513936669,0.499006029794643,0.314625904485046,-0.0980808501913418,0.281355702051696,0.110185830684525,0.167377596887473,0.0412000327866015,0.105474171036394,-0.0760356847104544,-0.0640711286462643,-0.0218789109779716,-0.0262303148053828,-0.136555165517348,0.0947624400709569,0.0302295075669694,0.0903796514661302,0.072858486285191,0.0455276271676433,0.0247985598127837,-0.101095708819755,-0.0581189250772662,0.0571998299579417,0.006487489485031,0.0670454038671492,-0.304267482973107,0.132280774097053,-0.241906249706447,-0.0688216632123008,-0.144864096894106,0.120990123520332,0.0469221358087829,-0.0724968951275919,-0.123201821480461,0.0218945531375491,-0.160992403024034,-0.0509194017372259,-0.227019680841424,-0.0373664938915257,-0.168648763589158,0.0473837233818834,-0.0113638911798092,0.138067462192068,0.0952844952522402,-0.205209691683201,-0.311002399755584,-0.129274643484645,-0.0276637198680649
-0.182721907945716,0.569293946275384,0.125845081723757,0.38191646438974,0,0.111150109105687,-0.26489734178928,-0.310943427596698,-0.199347596847549,-0.237167893019351,-0.319815886481713,-0.192251753021858,-0.301526149569649,-0.413093335953084,-0.343242301414454,-0.0610344837777586,-0.189183235784361,-0.0425602871327329,-0.226460934539303,0.372045156769898,-0.275287108622712,-0.0244983448455085,-0.235272742093784,0.0437949590565101,-0.23813151052106,-0.0694899109207575,-0.11642179562331,-0.0593292689655613,-0.124956339586587,-0.256376950848626,-0.231112305885502,-0.366385930541198,-0.165829792891272,0.0465528535974434,-0.00957364691820712,0.0671453439790929,0.110205777805701,-0.483585699718776,-0.236130312863844,-0.187746946300657,-0.095380847338581,-0.00862569017338079,0.0248845633991101,-0.130520632216764,-0.134665489166446,-0.116247833805556,-0.0621241550139469,-0.153148566775144,-0.137029952960157,-0.102069948603639,-0.308127576850994,-0.231301987839908,-0.227137568308471,0.0398592429709264,0.257717370204923,-0.297803029834917,-0.222837973307435,-0.246856425295183,-0.258934335390043,-0.269337979395955,-0.178312742693581,-0.365816227899611,-0.250860765927834,-0.428755391761848,-0.340433103232709,-0.384032489141186,0.0383708800219317,-0.259542030723118,-0.123415009617016,-0.147096648659466,-0.193942368198945,0.00464971729114671,-0.201890376835158,0.0383018877804228,0.0671326315013364,-0.0649808865882124,-0.141437524686297,-0.27064067258878,-0.221069457875392,-0.397205851406579,0.234158195487329,0.0114429767485541,-0.099510706891024,0.0792327350851233,0.0109092879366995,0.0390432012722761,0.0793141167326883,-0.040441419729047,0.0177823570752561,0.0490208075055587,-0.114908861427481,-0.285556171566036,0.0864570210556964,-0.0621598478850838,0.208918142091115,-0.142746020102986,-0.107299106865288,-0.216125394914209,-0.173997512872532,-0.0786848208320857
0.0171163845877387,0.200318317730533,0.422152054331291,0.233155779692297,0.111150109105687,0,0.381914605045503,0.354265400543778,0.508188682975212,0.343611819336819,0.152447799662628,0.330860515706489,0.223376128402179,0.0907472158391616,0.0529809998804126,0.0625327213691475,0.270170268766136,0.13595817866251,0.179235863990844,0.0837325469822786,0.135793164243274,-0.0778391472339982,-0.0406282706282423,-0.0390349370842201,0.113966003767558,0.0642098225138512,-0.121102848705855,-0.0109770592577438,0.124961743216578,-0.186540771914164,0.115585270470575,-0.268677764520733,-0.221841075819953,-0.105591830298347,-0.104246536567109,0.0506224805080558,0.0186274124058128,-0.0994455561028856,-0.0332439876332233,-0.315045321756905,-0.306084574559441,-0.0422091313368341,-0.22242166392517,0.0576700336235946,0.086361318571131,-0.357602216244663,-0.236407043353217,-0.384635283029689,0.138682071914813,-0.02093670322447,0.037977106980554,0.327988173501045,0.238843657252744,0.187969742481828,0.706890111065007,0.615127522994883,0.340588588536987,0.401567370851167,0.259254758755826,0.334153278812711,0.357947630264273,0.212960936924669,0.22319384343349,0.189627886054935,0.101991227088507,0.115828874071797,0.194782349991534,0.284848812772345,0.211835916909717,0.206496295767506,0.275236784113637,0.164590067987828,0.113917402470965,-0.18853354104569,0.256523294418122,0.180651526281566,0.193087411236272,0.123504318752088,0.106536835450828,-0.212851721488901,-0.0977560180185514,-0.263776804990097,-0.136833639269397,0.0692515645381764,-0.0168978907799037,-0.165639272788062,0.0766504906148586,-0.0613022199423324,0.149346037346877,-0.286323327135064,-0.310377741853205,-0.0906981346973364,-0.137972837512578,-0.0486925891474063,-0.0127376987205517,-0.0343651259409173,-0.327785615684059,-0.359510266422909,0.150390681761267,0.00769726502402215
0.1874927701573,-0.0307863141617463,0.136270304512049,0.15120761372799,-0.26489734178928,0.381914605045503,0,0.61997546997534,0.557748827460642,0.366922214629549,0.126452582187235,0.479061384657678,0.372638147533647,0.405715548641654,0.353205325818986,0.427955022212261,0.458490511458787,0.434350666265684,0.448108653408467,-0.0589095518830993,0.384299271561339,0.165214095609375,0.312777098512017,0.11529243453989,0.0478880676329167,0.141819623489699,0.0886387416681043,0.215621446511096,0.411524080958222,0.0637261068357893,0.0638412104000805,-0.0519112786615233,-0.0966789223596009,-0.00981611462578474,0.0770107619526131,-0.163323440231503,-0.132944058934294,-0.151515713855474,0.0373429612098301,-0.205476717843348,-0.295588798483167,0.0253641567298185,-0.0437592985697112,0.0370883096189073,0.0852306518243671,-0.266388357543819,-0.0425141384489556,-0.119397149431968,-0.0728330692092542,-0.248309665333987,0.221189161033168,0.283982417514697,0.450069125463134,0.277988119843628,0.378824640886285,0.413515950422582,0.558820233221097,0.494603480731625,0.323411470473254,0.381592755238263,0.413914170579831,0.372259495655164,0.461111000842048,0.501150209783789,0.430405250734574,0.416051936425177,0.453324934035137,0.554538760617392,0.458228170462768,0.478028698915031,0.481427966090967,0.352057423656917,0.474613367976731,-0.183920314802685,0.349358690156217,0.238428903052535,0.474447060815029,0.320136494724604,0.0812097198767256,-0.0624334870942031,-0.0653984569583289,-0.462795093597075,-0.0904149204891761,0.0664745253167411,0.0917127222349715,-0.052051377056491,0.0333629676833564,-0.0453766644232202,-0.12625058789658,-0.397347295145914,-0.431897543291159,-0.259411487235165,-0.294745213767719,-0.0366222708780545,-0.0942947051698385,-0.0993297954635779,-0.278384851627695,-0.184343840208759,-0.014935619033543,-0.249705394871356
0.18906506919109,0.12330947025569,0.31337856117898,0.251498096877993,-0.310943427596698,0.354265400543778,0.61997546997534,0,0.717335168191417,0.327200929738761,0.09275914868818,0.328568445874282,0.306047892630609,0.413552402910534,0.337795440064917,0.268663775119683,0.213554872609939,0.275145152889261,0.294304999098496,-0.236356090009049,0.303121359886272,-0.0659777757937658,0.2458257814348,-0.202931709249552,0.0865292846113653,0.0185652494198614,0.0725692911857725,0.140765490914612,0.26173015078504,0.0955579525393133,0.116500251061271,0.0705984951947341,-0.121414540465934,-0.150234811746433,-0.120172940139375,-0.214875841852115,-0.206091567413029,0.0904934038748253,0.0744112700965455,-0.230429484376042,-0.380029597304599,0.0442729634711176,-0.128977368678366,0.0328050520341827,0.115960695887679,-0.222728429080111,-0.130577342493287,-0.253663971494411,-0.13976707605277,-0.264255337887381,0.266173062336301,0.549081600259029,0.448567801204433,0.299419840554959,0.483054879681468,0.491361582508199,0.754990906047199,0.724281058054615,0.266052254511512,0.219134519674727,0.251610754324244,0.281206490179436,0.444853512889484,0.47485286713822,0.415298122268396,0.386413797655699,0.10281443666147,0.375972227385481,0.324543803053932,0.383959179174931,0.292812433739455,0.192508882318033,0.374108166288352,-0.30380200692987,0.0642033685916619,0.148847365304408,0.379019992835298,0.290285374165791,0.104860193999936,0.0682207306161336,-0.253572421832116,-0.415164823841201,0.0537439294112058,-0.00689080982553084,0.056986391398513,-0.122547422977628,-0.113371554989047,-0.037276443914815,-0.182697555788909,-0.431484501248035,-0.241549309953972,-0.0977108614528878,-0.277896497791398,-0.0755064803911461,-0.108529573933412,-0.0779343218927085,-0.263850093872565,-0.21187429685587,-0.0895513357833307,-0.251736349015435
0.108872447879201,0.170881074358535,0.42955944293485,0.15856945168126,-0.199347596847549,0.508188682975212,0.557748827460642,0.717335168191417,0,0.350463062778803,0.205188391496569,0.374402670522631,0.363089842398749,0.284340304600987,0.192506650482299,0.133686729746433,0.214561443441616,0.138168099516365,0.166447648912677,-0.0859959605542521,0.161623058307493,-0.0240635112542443,0.0955891530071482,-0.1285854252952,0.11791115665236,0.0558593126024222,0.0513491285442283,0.11568351415838,0.184939834656782,-0.0260791607251669,0.0930399395150972,-0.0635366585065641,-0.225591805706645,-0.139082727133429,-0.0843197386122341,-0.0216880008700658,-0.0919998782010222,-0.0185198019062798,0.101343351600038,-0.211363654079806,-0.380558533240121,0.0146536087154034,-0.111316106903207,0.0710099642008873,0.119519687940614,-0.174770199138053,-0.208178774120939,-0.267697008973642,-0.061324252287057,-0.127248068650996,0.163999156182012,0.544570355454209,0.409621410087123,0.221160479338044,0.617698871810067,0.634363327406781,0.639545497179128,0.821927577184879,0.233662661929964,0.318008982197925,0.342137559657243,0.355079761504127,0.406947193763171,0.364378344301078,0.253912190792066,0.244599808988093,0.135024570840364,0.278169568668273,0.174251479986696,0.261171779886893,0.206507060088016,0.147024397651596,0.223688287684522,-0.196972815254242,0.078882475616105,0.139883208161476,0.297110973784701,0.204802508230921,0.080643829658207,-0.0712071307322095,-0.224967259146059,-0.287487981345685,0.0394942906621257,0.013918477350898,0.0419818366565868,-0.20065138640863,-0.0836788601593441,-0.0580166244259905,-0.0550941539372686,-0.326599285831494,-0.323069459316985,-0.0614696500734882,-0.18161475755074,0.0240469618005235,-0.14190153470076,-0.040109565805772,-0.181967539045983,-0.233783320235993,0.0479436687013425,-0.154920157307558
-0.00833361509576884,-0.146570373133684,-0.088807800018666,0.224366731566317,-0.237167893019351,0.343611819336819,0.366922214629549,0.327200929738761,0.350463062778803,0,0.258087402703647,0.639773296905269,0.403853410871736,0.28317888679304,0.218163072884385,0.0757198581637504,0.295997847187796,-0.131711510960791,0.191411246217112,-0.229141036291797,0.179511459322033,0.00545169309232315,-0.0335968282395033,-0.00141841606860615,0.221732510649139,0.0082521587583358,-0.0046842734019537,0.0598598369349068,0.18478722126917,-0.0433525224866994,0.434107417002369,-0.0556151504496637,-0.0490948465886774,-0.295263293421808,0.0396016887987191,-0.210965210658536,-0.0699381582395447,0.129449337271474,0.218053766060418,-0.127260708333427,-0.386053795283614,0.0296100455859679,-0.0818485745854522,0.287714377559913,0.258481439020337,-0.125066710803365,-0.160730401149155,-0.127469112964229,-0.0724660890020516,-0.201135030892841,-0.0311769627124913,0.0173354875652116,0.245040803001032,0.322632012272017,0.232746788348142,0.272504877841684,0.284800581427578,0.316103731198887,0.782792563494634,0.588335182743798,0.582244822054362,0.442416256099671,0.371014266974902,0.388907133610183,0.259908638252076,0.28594712633097,0.137142296450102,0.315928731805723,0.223419102428757,0.0725279037094262,0.280311934034602,0.246551769572815,0.110143355657434,0.00409263091040843,0.271065806434644,0.281027547385833,0.302868677601752,0.132855352881026,0.436385990401799,-0.102946565789936,-0.0542928783113357,-0.266338592414876,0.292525351482936,0.180101656901235,0.122329423662059,-0.105991813111462,0.151632249924428,-0.0143461348402221,-0.100555192241684,-0.270829939807879,-0.118154373697803,0.0709346963880925,0.0651681421611496,0.0298293646533559,0.0591659853560403,0.225641264688696,-0.0355675361912688,-0.130512962217615,-0.0350826047604809,-0.128694060295384
0.0299260546551708,-0.0367929533399454,0.313034040577872,-0.161509828305575,-0.319815886481713,0.152447799662628,0.126452582187235,0.09275914868818,0.205188391496569,0.258087402703647,0,0.473232763299515,0.414061272471988,0.253270504632241,0.165978415811508,-0.173713557838783,0.410162878837071,-0.119763878268149,0.254631218245908,-0.216180463442376,0.176392433353938,0.162543693905745,0.100893766139523,0.172136563164159,0.393309844896866,0.496386133493549,0.0289352494476335,0.0240592482897516,0.203733729339969,-0.0653819775619556,-0.0881389556150607,0.158794467057867,-0.268448690170519,-0.0881460916714814,0.107086337264981,-0.13926626598971,0.0564934514606009,0.0648125818050686,0.00510353427047815,-0.0532992203929068,-0.0667436710870433,0.0217174847485934,0.0598795430684322,-0.0122300872321478,0.036030550882976,-0.0676667515003947,-0.042290009361462,-0.12223858767313,0.199480393379757,0.075884442562673,0.0909525561494386,0.299909685839613,-0.112201451916576,-0.110630965345927,0.089838564134727,0.432877826388089,0.0109472645026849,0.133703307520561,0.179523318786699,0.622214621602653,0.541239385376444,0.473647636393179,0.281621180171784,0.235459630471971,0.188238113304807,0.242969056452319,-0.157483393684419,0.324789331453095,0.200355969628071,0.0642893248899622,0.200244651823524,0.196419669264408,0.180627331764695,-0.0253571910034755,0.286318728322657,0.385591380563157,0.199711067940323,0.232046344605071,-0.0700082941422394,0.114020215332806,0.0323990081684809,-0.0683448770632356,-0.0758539024857545,0.197758279419788,0.129211478129933,-0.0731254455457554,-0.0246411303247424,-0.0211114089423278,0.0426471266878806,-0.0254491185464076,-0.207327221848047,0.195484797120893,-0.180107930224236,0.129191438637049,-0.101799273766198,-0.0365561582466007,0.0359416468329238,0.0350000865881785,0.328432844872683,0.107384322255517
0.0458507530043151,0.0170592885540288,0.117609038292285,0.129025756950493,-0.192251753021858,0.330860515706489,0.479061384657678,0.328568445874282,0.374402670522631,0.639773296905269,0.473232763299515,0,0.57534956060641,0.42860534157963,0.404924258557114,0.140058833275424,0.545638596769645,0.025602780977495,0.445031099932786,-0.209457123958616,0.35225344141878,0.212757843691721,0.234064108862756,0.186830336350325,0.290213960550136,0.364065449565672,0.0251734802441582,0.283910935002084,0.366970059466322,0.00451237694175797,0.0309373529647184,-0.0141204191136811,-0.24569314152652,-0.175630545372393,0.12656270718448,-0.281526080304593,-0.0415069207201665,-0.165687747621241,-0.0111302580974962,-0.273971739753493,-0.453546773970152,0.0694004397998381,-0.0173299434570894,0.0345476996305493,0.0866014779734113,-0.273007919554379,-0.0452757081700286,-0.132761507013041,-0.0953693146995529,-0.270452310429034,0.022483656607857,0.130564841096899,0.144246263985216,0.122091493847417,0.31330492612428,0.35610521535102,0.177873197454453,0.254960661024425,0.565830171538114,0.733203250749926,0.815743787707338,0.624666895164762,0.605279542537141,0.475344798347593,0.419189290389585,0.469353577766045,0.0958582964505168,0.564605239463457,0.451390317106438,0.206648315100374,0.409328448809924,0.47674797984319,0.398468118045873,-0.111125985533102,0.571133007421651,0.560064173092234,0.51080089777007,0.38434109483291,0.0835534791216084,-0.0608590402502744,0.0833725620469144,-0.416492198424636,0.0248936782215301,0.309750782754665,0.162102687031958,0.0137408993641235,0.143189270916761,0.0608684185419357,-0.167013204571232,-0.381582178715817,-0.384532493009147,-0.121923383948067,-0.200057426014335,0.0594513255239939,0.0781067028074935,-0.0658133865237362,-0.154847674950575,-0.142538203524019,-0.00798822655196358,-0.223707516504909
-0.0218094969213089,-0.115756764994849,0.0952849137539961,-0.0889533272818454,-0.301526149569649,0.223376128402179,0.372638147533647,0.306047892630609,0.363089842398749,0.403853410871736,0.414061272471988,0.57534956060641,0,0.68391678900728,0.60806081748885,-0.0291863406984086,0.652065465244612,0.164522108120223,0.618340751693735,-0.0930976784142031,0.444214655757273,0.423122399803891,0.464389381804186,0.240260085413321,0.0513152190923454,0.266418236206164,0.203699829914634,0.294502921697571,0.424568237720178,0.372729703200601,-0.00907409496145974,0.0250014787986618,-0.0436103906469741,0.0279895695470704,0.301535843611643,-0.0695033772276155,0.0258135033414335,-0.0894480201507859,0.196383652831233,-0.0284138147762697,-0.194102266305019,0.0932917476410347,0.191344807883083,0.122791395726026,0.0895723447460611,-0.0976583554635037,0.231717980944295,0.0137256012319925,0.0536726287189891,-0.00387891858281594,0.00706750047013921,0.227341085011671,0.206261756857872,0.157130012408088,0.197206502320406,0.363162633488454,0.182755703540974,0.298379761734876,0.296082348904129,0.497993099124624,0.580390888426787,0.839867656708446,0.679838483874371,0.6632980972651,0.593311628847231,0.650050418191592,-0.023902299040084,0.625766795315302,0.428811125918759,0.316664175069689,0.392170657367571,0.384595851078981,0.547539146622032,-0.0613845728847694,0.255210228030801,0.186912779727999,0.491696156480522,0.442503283650425,-0.0174471277916681,-0.0205248724485403,-0.050314808414031,-0.240653753717151,-0.0096417075843513,0.157574336550864,0.179123003703094,0.123579022568238,0.100053096490027,-0.0218991772711238,-0.0141186692220575,-0.244009827202015,-0.27416052374449,-0.126916508225678,-0.130961943374217,0.0369423359585084,-0.134665427788099,0.0575622956388802,-0.056914021498219,0.066515006249849,0.139494023803886,-0.0245877142649241
0.0870103475083115,-0.206313522644693,-0.029975131202742,-0.118802964746958,-0.413093335953084,0.0907472158391616,0.405715548641654,0.413552402910534,0.284340304600987,0.28317888679304,0.253270504632241,0.42860534157963,0.68391678900728,0,0.846828597544722,0.0343979357477036,0.567014347060395,0.319409648869793,0.744539855202842,-0.108647706557141,0.704490534666005,0.183722927178805,0.687981237990343,0.155614320652017,-0.0223018260365382,0.0663412163116701,0.121159017421545,0.216224860717851,0.554715254294922,0.482346005604435,-0.0124223447252106,0.165714156976967,0.180970009466534,0.157331703440413,0.118338617178544,-0.104548868484628,0.0321207998545462,-0.017831992948428,0.195071946092711,0.0167021683840382,-0.0318773029686475,0.0894509519772042,0.0740455940177813,0.120286012552433,-0.0473765855320857,-0.137860788737612,0.443976210741036,0.0650153288101873,0.0900562146776,0.0373305843904867,0.0935828079429762,0.145912011683105,0.290661360261891,0.143117996523411,0.0617248953151082,0.279831581500991,0.205385103954027,0.219442000503587,0.23556217744634,0.349276619798021,0.376460252534437,0.604411685596013,0.693931575394366,0.838541118515739,0.853569951629804,0.86399912140161,-0.0314792564056749,0.68180206585618,0.577097925300372,0.450864067603749,0.583283399652739,0.250536988089943,0.704633579185933,0.00867963730712642,0.131450314341867,0.0754052701890229,0.632015619445629,0.488073362422725,-0.0063002482690182,0.157903493894859,-0.0425690262969141,-0.221052949725368,-0.0427633554826934,-0.0154896293862265,0.0419944540698709,0.32433455060519,0.164220060717751,-0.0277930422669159,0.0039155128301158,-0.215051536922253,-0.0965616662285222,-0.160341591184541,-0.143851615727863,0.0477900295228129,-0.19161775455588,0.0518429841899693,-0.154382492326905,0.153934244285125,0.157728189813567,0.025786472153212
0.0381520490612244,-0.194173508010698,-0.0529652451890007,-0.203932163092772,-0.343242301414454,0.0529809998804126,0.353205325818986,0.337795440064917,0.192506650482299,0.218163072884385,0.165978415811508,0.404924258557114,0.60806081748885,0.846828597544722,0,0.0338466251785123,0.514363301762597,0.350482340206763,0.707079063699578,-0.150958419482527,0.741419181372633,0.175520366657236,0.743460619423383,0.21755680438724,-0.00459790871690031,0.108239915906175,0.148390864015357,0.343490850102521,0.523626517207246,0.549137137932959,-0.0925849694614234,0.173520368301338,0.223357702824089,0.15915067944782,0.113423520392552,-0.17905791671361,0.0119824741568526,-0.11181368042446,0.0646143853314524,-0.0523528520849434,-0.0900540504256406,0.0885548639285185,0.0688952659883115,0.0130996511637949,-0.0846348070565327,-0.138035275019704,0.411937738717877,0.0889870548651887,-0.0405842467782719,-0.0951711427365541,0.0343018822249446,0.059291991223685,0.172673468248701,0.0816642817568034,0.053120964426519,0.204794367097036,0.131775772246262,0.122107310349806,0.186495207739121,0.284958809197511,0.324652818252396,0.522062416609846,0.689147234606801,0.752198425937827,0.832770499879233,0.882917959178442,-0.0615805938225234,0.616070228780381,0.529540399434874,0.391499938745742,0.56213517854724,0.2714054932057,0.719982387042646,-0.0501591541787088,0.206017632527677,0.126671882856404,0.583401923905179,0.603701022777191,-0.0647714581690946,0.182504320748649,0.0508486259883406,-0.328694208415652,-0.0951061701723214,0.017973506021152,0.0665627479675109,0.351197065486395,0.137525426090488,0.0744599875038808,-0.0746513648692474,-0.25388350331498,-0.152046380129456,-0.246441849643098,-0.167649415390561,0.032182302295553,-0.130439073787686,-0.0829676279448714,-0.17188682555211,0.113120226574332,0.0084739271919787,-0.104677167163856
0.26128168017139,0.13674475577016,-0.000403670079041512,0.157124024154539,-0.0610344837777586,0.0625327213691475,0.427955022212261,0.268663775119683,0.133686729746433,0.0757198581637504,-0.173713557838783,0.140058833275424,-0.0291863406984086,0.0343979357477036,0.0338466251785123,0,0.0839900860840536,0.33582902832202,0.104609339056472,0.0420960781467185,0.0441745251389602,0.144625654684755,0.0183471516689142,-0.115060256912705,0.0693616346527648,0.0118957179234635,-0.177768088415989,0.0392799469240898,0.0109889817792317,-0.0502397008336868,-0.0662793928110648,0.0316760789836325,-0.103845096659646,-0.0276857149620353,0.047305828380147,-0.177894281116515,-0.241343170974655,-0.0436184985962392,-0.106785552794113,-0.0919874106244887,-0.213172548462713,0.0663445551813227,0.00173841384627631,-0.0799834022165409,-0.061440933649279,-0.229305438396667,-0.166107563460796,-0.0498032398848114,-0.111122255018461,-0.283760802831863,0.365829300792708,0.148731470421202,0.280363358026737,0.0295172265346312,0.0917523101970212,0.0619636463736274,0.260539711723704,0.196915967418278,0.152954071960689,0.0990156270318668,0.111944375870734,-0.0314773795981873,0.0355899404757658,0.104853037070749,0.068270526258256,0.0509051061873536,0.266615017842724,0.165123586470884,0.16057773057496,0.263282328988944,0.109476248734778,0.120977582367014,0.0780391734884038,-0.167945872410327,0.110975103671844,0.108480495247918,0.0897664978171304,-0.0288173035475069,-0.0656341406866437,-0.0533521650275719,-0.212884600805888,-0.346744453397488,-0.138421818958841,-0.0355990388002239,-0.151689308170817,-0.123106895635009,-0.103761973973001,-0.0625911816556227,-0.284317188254773,-0.450230702583964,-0.177965115730221,-0.0640650452998904,-0.328552484504347,-0.0241377038591237,-0.0785378397005869,-0.233817112498087,-0.333908661375433,-0.219131361536104,-0.123445982944923,-0.303269493933932
-0.0291719089797043,-0.100058060196476,0.0754934229625356,-0.0722534490025937,-0.189183235784361,0.270170268766136,0.458490511458787,0.213554872609939,0.214561443441616,0.295997847187796,0.410162878837071,0.545638596769645,0.652065465244612,0.567014347060395,0.514363301762597,0.0839900860840536,0,0.41602271487386,0.764865257052661,-0.0297365983057156,0.531958834652786,0.579499155684625,0.516738409047942,0.496969528742586,0.0651855749363255,0.436274650968494,0.229179274850662,0.296357236498798,0.596003245942246,0.188075951062744,-0.083375302806816,0.0748066897895565,-0.0579388177825806,0.273758910936161,0.494076400496853,-0.0844368448750636,0.173354062428168,-0.260647412700385,-0.031514563195001,-0.193266937502898,-0.0871388922482917,-0.0322261762359529,0.126907794915112,-0.026137805053729,0.0423751442891026,-0.188303419371587,0.302819991744623,0.0976375091343063,0.0634673871487828,-0.0418898346581534,-0.034484279688113,0.0796654448582868,0.170365796488158,0.0815810454176395,0.11915314587584,0.290532381990306,0.0750942714850868,0.0980496346644386,0.241694356147736,0.468018650844315,0.512545414369137,0.553511805234888,0.612720876995754,0.519497287294355,0.516610885601358,0.544382360450961,0.184584968343958,0.724827162823855,0.661148846444438,0.486443601375128,0.508057742811652,0.625210162230164,0.62124796253181,-0.109926321238984,0.528919444199132,0.340931372321677,0.559332878658486,0.451813414229291,-0.0521436009117704,0.0127468463843854,0.23669530937386,-0.21958731102557,-0.0743969858643372,0.400724967919386,0.344208142968654,0.311533640310157,0.28518834402779,0.0612193256930971,0.08589714090309,-0.187664399675656,-0.359444540662245,-0.268799288191475,-0.283978741090494,-0.109173541092611,-0.043492215942535,-0.0888146645302757,-0.110857342313239,0.0984054641294993,0.126264978325859,-0.0492999230195389
0.134913308223857,0.000582253519077971,-0.0224354977510958,-0.0636287278599156,-0.0425602871327329,0.13595817866251,0.434350666265684,0.275145152889261,0.138168099516365,-0.131711510960791,-0.119763878268149,0.025602780977495,0.164522108120223,0.319409648869793,0.350482340206763,0.33582902832202,0.41602271487386,0,0.504815052063827,0.286966873632474,0.423478998892259,0.362699949846256,0.477537598118285,0.165367800111074,-0.240973437815968,0.0948689739832369,0.153209528073005,0.239766455979182,0.360509629414246,0.19818329233458,-0.236296318318728,-0.100295717774925,0.018287460823185,0.511851076192837,0.300387664851295,0.089287927398917,-0.0354975534488071,-0.377296564081418,-0.169769720189527,-0.231682605900229,0.080891527997779,-0.0915372990888893,-0.0155295719370335,-0.2296435491701,-0.0240261637819694,-0.259458556115857,0.241618142204641,0.108740765904731,0.00580802315807655,-0.185907459545815,0.117923641729831,0.0535755799348259,0.274984308021197,0.0175656940518554,0.115909658879305,0.123272560653853,0.238091098747387,0.110498773564171,-0.108326415985925,-0.0924587551394919,-0.0445862291670755,0.055021245658649,0.296387270100761,0.318096008741065,0.366817533489659,0.333013566331793,0.34361483328735,0.414543317955705,0.528527777974856,0.725906328580616,0.382452566770906,0.376966641095596,0.53058420032643,-0.224649325642538,0.181074239322529,0.0255935458319881,0.337217490263437,0.299965142491793,-0.210777705654343,-0.125215006325303,0.0625401361436234,-0.141929766569556,-0.0918798150764362,0.148116120015005,0.157086849668908,0.379436063077729,0.101663610706135,0.126129543138338,0.140439347352443,-0.249626998445183,-0.325158698135888,-0.409455659398468,-0.409903567717625,-0.215872267411293,-0.187595461850099,-0.290247478614841,-0.33421979433349,0.087957907170481,0.0392797732817394,-0.213105780666675
0.0700476436665078,-0.121259433360551,0.00422145485805865,-0.076048472644131,-0.226460934539303,0.179235863990844,0.448108653408467,0.294304999098496,0.166447648912677,0.191411246217112,0.254631218245908,0.445031099932786,0.618340751693735,0.744539855202842,0.707079063699578,0.104609339056472,0.764865257052661,0.504815052063827,0,-0.0633979567014834,0.693448716422667,0.409567866297098,0.643978071764864,0.349910274317514,0.0115393460769413,0.246983430441985,0.164723732002414,0.281392301728635,0.660351752286529,0.319256562393969,-0.130408660251774,0.109381340909281,0.0858313130017243,0.279886885793469,0.297986073212602,-0.150678945131105,0.0772057355180031,-0.190537953751287,-0.0448172561777912,-0.173811908354731,-0.081319898975373,-0.0399260862640524,0.0573688426562552,-0.0253731811010236,-0.0956102559532009,-0.289068147791622,0.413685770305216,0.0174811949206081,0.0472004037489898,-0.0586913756503755,0.061217171519696,0.0884595403513109,0.279079909568793,0.105864054070904,0.105299566262722,0.217855576181653,0.122013295655117,0.0656995607760451,0.172238267876235,0.317466580044254,0.409525504447954,0.508654501879585,0.679276103553921,0.694401760924121,0.733106045769204,0.725458608418897,0.116188975614711,0.820758893468929,0.764350974470082,0.570725250556241,0.599358366808521,0.520277422288043,0.732798425668098,-0.151936363670554,0.407178453921594,0.204440535135043,0.679157590901055,0.484061147967455,-0.0698308870034891,0.0538819104905621,0.187675213962886,-0.29215783123722,-0.128858888850084,0.208968133657607,0.190733520125519,0.391180161454533,0.244848907455955,0.0315803669155996,0.0217585571023104,-0.265631659818686,-0.227774923469662,-0.270349964302718,-0.292407229805431,-0.0505189250588883,-0.0690766935942571,-0.11926438449899,-0.275841568968438,0.0505544963559204,0.0807438062274843,-0.050978661619176
0.0842139663094494,0.13816928988234,-0.105903259154766,0.067986738405118,0.372045156769898,0.0837325469822786,-0.0589095518830993,-0.236356090009049,-0.0859959605542521,-0.229141036291797,-0.216180463442376,-0.209457123958616,-0.0930976784142031,-0.108647706557141,-0.150958419482527,0.0420960781467185,-0.0297365983057156,0.286966873632474,-0.0633979567014834,0,-0.12903827191405,-0.0343929982555972,-0.0653830184930563,0.0217543008600631,-0.475028114903211,-0.244831357444066,-0.0893430455276954,-0.137713369519346,0.0184731417763247,-0.0934330646802435,-0.159126089443456,-0.30122606970344,-0.184436034311235,0.244172329536996,0.0157581404071055,0.534604206490415,0.204885621290703,-0.256109277198261,0.129219715999,0.115544327475601,0.252366331295067,-0.0316868088171896,0.0484378823019914,0.129890802332312,0.067444994521104,0.0578649312532839,0.0923258310648351,0.0176875813225751,0.240227130410154,0.286478408303215,0.00248279270860353,-0.178490864902754,-0.0823884513925634,0.00869374159803167,0.0650976480087071,-0.153268449636203,-0.0768133925975448,-0.0751204832920631,-0.23799328753318,-0.186570708765454,-0.228861652073546,-0.174462881030332,-0.201419597732209,-0.0735713770981835,-0.122454830809587,-0.169655496756393,0.238314586114304,-0.0911882089492545,-0.0550053071706415,0.185559223297097,0.0766410692798297,-0.174002325430537,-0.0489977625889423,0.267341745196992,-0.159855179388863,-0.367204437956486,-0.0328327360750107,-0.253400646612992,-0.221434254043917,-0.359812542172048,-0.0896702837079432,0.281169884879297,-0.181339520201777,-0.202643096445263,-0.0588373064509749,0.0309494735358496,0.206358617010772,-0.137254783967408,0.40998917052825,0.227808205062907,-0.132662931819342,-0.219792478975678,0.112623189101122,-0.0306141109316599,-0.0884371146080606,0.135780498824485,0.0108741089758371,0.0688680453205773,0.239135982790966,0.256145311774394
0.0106625897585436,-0.180553257476355,-0.0380180477736974,-0.0935174876172968,-0.275287108622712,0.135793164243274,0.384299271561339,0.303121359886272,0.161623058307493,0.179511459322033,0.176392433353938,0.35225344141878,0.444214655757273,0.704490534666005,0.741419181372633,0.0441745251389602,0.531958834652786,0.423478998892259,0.693448716422667,-0.12903827191405,0,0.0922012405176723,0.670600065745582,0.287810479137732,-0.00929788515865098,0.144876288815642,0.033011231456022,0.133029699989816,0.583077721062134,0.320422499336406,0.00335339663553898,0.112638529496956,0.160186497153431,0.166045743135128,0.0172866826833173,-0.246119487212396,-0.0505398373392187,-0.157113019276003,-0.0599662782711495,-0.172408926056527,-0.071192286252411,-0.0716683390784481,-0.153113395956086,-0.0566167338285421,-0.209296170275112,-0.313733262629101,0.319434805450564,-0.0586070734660165,0.00565456939983838,-0.069400387911212,0.0147299010914621,0.0460102163831305,0.25531221636979,0.112333631451515,0.0937035071019493,0.212787860975452,0.169749584407263,0.0585967827169689,0.158653449354021,0.239438005873741,0.300793532267581,0.424332747484531,0.588673493981824,0.593273694254197,0.741521367993879,0.729107612682702,0.0727400708173604,0.626872736584189,0.621894930706448,0.478853151696407,0.732642618153246,0.361132901182733,0.676576597878124,-0.147336593651986,0.34151745275343,0.202655816533918,0.568732096968622,0.497650016156041,0.0327096581657182,0.130229836375476,0.167217784248199,-0.322913258162497,-0.194316656146546,0.0296723484381812,-0.0120072491278003,0.27930947619301,0.127962902094971,-0.0741260742014389,-0.00831772624829501,-0.23962616203399,-0.214655239205648,-0.292851727657691,-0.227813674001901,-0.0885006407542399,-0.159300699858806,-0.103188360347324,-0.326889465980267,-0.00991733689408271,0.0154115781877616,-0.0369267574086747
