0,0.232651490709038,0.643479957560362,-0.163663269428683,-0.0755487834527727,0.301122197285156,0.178410158002382,0.22485235618056,0.18551282922337,0.0156232326322764,-0.209246806858179,-0.0363856755601658,-0.251528420509608,-0.301544118443735,-0.276672391550897,0.417053820921104,-0.0414817025455299,-0.0675026004013322,-0.118168861559164,-0.24192013115483,-0.188270685055069,-0.3536308094449,-0.34485758179579,-0.0218780098894224,0.519525258896656,-0.185336374066911,-0.376985501580216,-0.274734354256354,0.0639497249967923,-0.548700756959824,0.0871984008820052,0.207933057731163,0.0110257910244978,-0.400156929832557,-0.232823136266941,0.0110111918545015,-0.0643593900045287,0.0424533464858748,-0.259229403833438,-0.277749336404755,-0.279847378209097,0.195578471517224,-0.313442357931171,-0.171418204296631,-0.0391943203666766,-0.501990416693203,-0.520847919876442,-0.243520941830295,0.181488454677758,-0.466682300289279,0.801168445532723,0.51433179861132,0.236135508395771,-0.085477108914656,0.204143731943094,0.407662739508986,0.328336795454863,0.210494371061549,-0.0639862920679454,-0.135025164112362,-0.102469605209983,-0.237936562826222,-0.239261015174174,-0.028717794045866,-0.0684188336432719,-0.246137755054507,0.17858142613016,-0.113422970733797,-0.219982914474714,-0.114662020714774,-0.204218999337532,-0.33368213440948,-0.240067502473025,-0.247230208024848,0.0180890656776507,-0.042516757445333,0.0861145513501672,-0.455599127041858,0.469136062950375,0.135183258064141,-0.397374279890573,-0.302725890957967,-0.065723962551782,-0.194618499229384,-0.166658590011327,-0.408726186549705,-0.00368176389427932,-0.236120451276835,-0.00418179791894112,-0.250292328520807,0.0370435563941489,0.199703786750246,-0.266568161734679,0.0892282510632955,-0.260101225995805,-0.00589737349055493,-0.53841575544365,-0.274176531711373,0.315129722865341,-0.385239710824383
0.232651490709038,0,0.578841166391251,0.423013567550287,0.519789783225656,0.411592955103152,0.349086644904541,0.59505077981384,0.204594207882374,-0.289677065640973,-0.0610615657896743,0.102439380342619,-0.059281941690495,0.125299525483151,-0.103644356555485,0.45611251537174,0.473253512202403,0.385678826671027,0.370346732713931,-0.137070271371859,0.0645225048716813,0.123555474796429,0.205601349560595,0.265189948708822,0.000652640512189235,0.0491508842602351,-0.27296804859358,-0.142231619242958,0.00590741755908105,-0.0703938243483311,-0.0863268737657254,-0.0596313100410892,-0.0550843223769405,-0.0588657001671157,0.0979434960792457,0.0301806505451254,-0.0589493317508472,-0.24311272721861,-0.246148357803212,-0.27997903135102,-0.272853965773246,-0.0875443083716962,-0.176455856370269,-0.16404723356889,-0.252587498386301,-0.16704218761891,-0.0977231609198208,-0.179098057685189,0.0837095850822944,-0.250580508053406,0.287665704055911,0.764586326393581,0.225862914977152,0.566467430904183,0.526884207738175,0.354135052054375,0.620525926083665,0.36377293250544,-0.273117103974239,-0.0872854540895458,-0.025186583499567,-0.0413863971903804,-0.0956200225382155,-0.00280868011833894,0.261836030623206,-0.166503892942815,-0.0671365424153963,0.270097272470209,0.0945028503868734,0.20258295347575,-0.0344541582685413,0.0640815221014361,0.148382572135689,-0.329016817811616,0.213601517325217,0.0286653300845073,0.109255290287477,0.00808584460887459,-0.0956454694581766,-0.133497400902298,-0.0286101284763853,-0.289610793987588,-0.130001154894132,0.299328079508981,0.0756171126459814,-0.060979043068158,0.0416196037254515,-0.0899452264040901,0.00868047374023557,-0.220380826224267,-0.233607072838671,-0.315348631375576,-0.326449483277451,-0.118604718766192,-0.203998043867244,-0.239797612043285,-0.243850907268613,-0.0537398563157862,0.211255975446762,-0.22888255053311
0.643479957560362,0.578841166391251,0,-0.0842684318344112,0.139305594373502,0.665292263560073,0.311197191861302,0.499008491900386,0.402545202822827,-0.0329162772863124,-0.0144392641780536,0.100023588747712,-0.168712635898433,-0.143083277698805,-0.193557263758877,0.36632676396035,0.284872747425993,0.182934002635938,0.170573707775048,-0.294737227075348,-0.0832410260433694,-0.0331932149195126,-0.0882013543758882,0.244462402319125,0.358801805663136,0.0598960656235914,-0.31570588069172,-0.101188415479166,0.083012193065318,-0.329447936204273,0.00151347241152187,0.0546552881569739,-0.132002436947006,-0.222074394588605,-0.0204360076212119,0.110810270936831,-0.00229744775798569,-0.0973454415371417,-0.25244066114871,-0.283068177475314,-0.225149475874939,0.126302521848709,-0.172733617066501,-0.0826892609018476,-0.111893688587913,-0.32591992267832,-0.301999921594719,-0.307832172707898,0.288929340628003,-0.392926453842753,0.507762833303634,0.765447449923046,0.138771434213513,0.0792439464323389,0.600668560468648,0.689131618650009,0.558239614905306,0.400698966944437,-0.0887508172627909,0.0652155358046725,-0.0813126352279725,-0.183409078488375,-0.167630921224245,0.0222448660582866,0.111798583010085,-0.22776386686412,0.104780230812793,0.146472811906432,-0.0326525373121263,0.0452125888961712,-0.139122192033512,-0.0859495221385981,-0.0430111374255751,-0.300004428282715,0.236064769187293,0.126200451265211,0.151766597089039,-0.246158549679865,0.157996165839391,-0.0705601586202537,-0.234475912253576,-0.297325502674857,-0.0646385758898,0.134715434988398,-0.022368830098529,-0.252049581034211,0.0827626224618935,-0.119350787244876,0.00236014436068218,-0.279886918278652,-0.196600153352991,-0.0989272242075104,-0.29563630599687,0.11822618603607,-0.171125444217014,-0.0678200301957769,-0.414363471073957,-0.193939391235853,0.374614257555614,-0.332661103184385
-0.163663269428683,0.423013567550287,-0.0842684318344112,0,0.555375355200154,-0.155528614510805,0.163406688644842,0.140420831736044,-0.226955997940133,-0.309877271572256,-0.29455462302331,-0.135710616175489,-0.0643156472704917,0.170836155185801,-0.0469043174480559,0.293106321808806,0.0910619360097419,0.14327518480854,0.181505699815363,0.0974501939796824,0.0497195169617073,-0.135895872786335,0.199877257326077,-0.0975475748600556,-0.189921820960119,-0.150575768678503,0.0344800884385845,-0.075534851584184,-0.221526714120684,0.129608841609997,-0.0258734862370888,0.048694961990656,0.175011741896803,-0.0485067294478266,-0.161702166046868,-0.350026429978733,-0.302625485188785,-0.005886358252279,0.0278744808703169,0.00282924335349433,-0.163292952495571,-0.0824637329630952,-0.121807997685267,-0.196763783934916,-0.113955419802047,0.0824406489949101,0.0623823613805125,0.0349784204592644,-0.357438112764207,-0.0403981415544644,-0.00351239843920798,0.0560623485327913,0.371790649441995,0.794812535001405,0.0322459366832671,-0.152782067705952,0.126089483429413,-0.012846672867676,-0.242763551022894,-0.196231930365178,0.0177122137856495,-0.0120674729422098,-0.0113617421169291,-0.0232862114420931,0.0570566326034354,-0.0527307137980631,-0.011971180731478,0.0511749200422704,-0.0565703174764824,-0.0555657907672786,0.00905902642848256,-0.0828936083004028,0.0756411348594223,-0.0416584609533045,-0.148903708690105,-0.199787362989424,0.0069770114491203,0.169404375745673,-0.0593605581812428,0.110123536467922,0.0134596891173852,-0.257266099125597,-0.205243271763981,-0.116212937772168,-0.0813904865425634,0.0327875830440229,-0.202833364610661,-0.165464628903478,-0.197687111364744,-0.138587503037413,0.0532969951529604,-0.126366109333473,-0.0544932720876517,-0.188839337340512,-0.245990075930583,-0.270269732910827,0.00673381208604864,-0.0302238728004044,-0.194457587250283,-0.174045096728384
-0.0755487834527727,0.519789783225656,0.139305594373502,0.555375355200154,0,0.196047875224691,0.169584873019521,0.436561789346226,0.269359923277214,-0.206543088123541,-0.115828619016059,0.0296736143452412,0.0533096776858846,0.406138192133928,0.195524825053261,0.204304439573954,0.247334739133975,0.298613434386505,0.323231885834134,0.280898350251325,0.301149500032297,-0.12722069860958,0.238773531976772,0.0946563380353421,-0.198715186156997,-0.154857367355626,-0.00957682356718477,-0.068020920584874,0.0159900962431654,0.139807898552265,-0.125297451982629,-0.232542977206975,0.0412171578703496,-0.122934602546139,-0.131166006107301,-0.0730751365495751,-0.183535767278483,-0.365874023037117,-0.254041621498077,-0.290784077561043,-0.400044492288431,-0.291062839912288,-0.301397852402746,-0.275388874743089,-0.223259481768011,-0.0928265780769107,-0.0497639010368274,0.0483956866180481,0.0170107335896339,-0.125239539164063,-0.0262848334967686,0.38479435715659,0.266850892173678,0.625407522484447,0.421475153034346,0.142518013205933,0.331295161358659,0.429263522579232,-0.118018382009868,-0.0758267556318239,0.0759602714312339,0.0545520451679208,0.0734417330768878,0.19050512118673,0.319061437697111,0.21399257852417,-0.283538655459835,0.143961829450869,-0.0317787004501106,0.0593442348528815,0.282509046465236,-0.178206004938387,0.24410106536034,-0.308996202880604,0.124338994788255,-0.108223449820641,0.258449669505182,0.175554458851546,-0.211118744996736,-0.215329039891029,-0.181032367187282,-0.512336717669626,-0.181378434086436,0.0710186454236679,0.0933568118475256,-0.187692636926633,-0.150858938206842,-0.142583461288233,0.025560462629244,-0.380538191637555,-0.187442934352633,-0.414840842977048,-0.276986274286435,-0.400242479574703,-0.435951565018987,-0.384325724929588,-0.125988983873558,0.0617106031801152,0.16721533428089,-0.188540445874622
0.301122197285156,0.411592955103152,0.665292263560073,-0.155528614510805,0.196047875224691,0,0.292650145156933,0.343226331977234,0.674941305716694,0.149534302014026,0.203250253888659,0.195814977684862,0.0580954785780938,0.0181756880347164,0.129716151553851,0.0600763702744603,0.185086924118525,0.0928607800373677,0.128731840689876,-0.116743447175099,-0.0627141865887937,0.148058371083779,0.0143951846334133,0.217058494254453,0.139182227604925,0.095005923727986,0.0224116962342428,0.157037952381174,0.151177240428774,0.0224681427710128,-0.140702571534463,-0.285115624656023,-0.200791063779357,-0.13845410243897,0.188480807207644,0.350659295309245,0.155771290950518,-0.148165602950727,-0.0528606156638669,-0.0418847997192084,-0.0260525429513651,0.166922289846253,0.0249548345201461,0.0310767395540683,-0.115443589702395,-0.0335739762972711,0.0155750445974909,-0.186485019070393,0.534027046671507,-0.096854446954025,0.163121996268716,0.564659857345718,-0.00159951904010759,0.0317365736888604,0.804223310228691,0.839760436421984,0.32808835979091,0.388215657195501,0.133971358967479,0.183382334147754,0.0185421890553101,0.0206016626445983,0.177396484787806,0.157637656547918,0.0526544206083379,0.0337123860711504,0.133004041742516,0.0514608778673179,-0.0196560232082032,-0.0009926665975957,-0.049724034440927,0.148715262161134,-0.0538764031792323,-0.0454468544061212,0.210178842154786,0.124335587995519,0.127216900518197,-0.0130113433106156,-0.0283387697282535,-0.303799011141517,-0.0850567691566525,-0.194268455139225,0.0331690808384933,0.169950164204208,0.0995650066911183,0.0255440989273892,0.196787304018584,0.0709470402467808,0.181344321567696,-0.094467842310303,-0.218420429314272,-0.128028367845061,-0.0108438003128524,0.108034182265381,0.0582834951709449,0.0181962187196345,-0.116585851173671,-0.0445837154526189,0.560150624450711,-0.0961946248450623
0.178410158002382,0.349086644904541,0.311197191861302,0.163406688644842,0.169584873019521,0.292650145156933,0,0.392190546756078,0.36189256409682,-0.146625217598041,-0.1757010664753,-0.129103765715788,-0.315266528133432,-0.148692918483351,-0.233616367615926,0.52324986410066,0.208730071218734,0.245242614358775,0.197304158518995,0.0316513065527396,-0.0516232990328768,0.0986058536849265,0.145066259661995,0.251110560483474,0.0116640610156278,-0.129349160958072,-0.21371648439486,-0.252152827481075,-0.0316885803789954,-0.291552220900276,-0.0249337217916026,0.0445467551612902,0.0286191962147725,-0.0557764417777142,0.087538907409429,0.0400140915678998,-0.209638219987719,0.00647104311642938,-0.0752994235392207,-0.0216916811535793,0.0649805622398286,-0.0937183302232399,-0.100203304974563,-0.231032385498889,-0.0987212699268715,-0.115352053479529,-0.139484073000422,0.0514450261483348,0.182871448503646,-0.0745974742382565,0.189787886761032,0.366039813482135,0.532644135174054,0.110062429436822,0.229938810672534,0.311409059576124,0.345763514251063,0.341262560267499,-0.199404816292371,-0.123000550371754,-0.234920797889748,-0.265465582420361,-0.295158153574566,-0.120632096575446,0.0371452533264367,-0.264959674667852,0.477615694078477,0.0124436018799278,-0.173491873041773,-0.0131257705867351,-0.0615707621417174,-0.100072007732047,0.0230034804399713,0.077775781392869,0.0850880381524023,-0.162952014823985,0.0278986145863516,-0.25561492765161,-0.0758150536715997,-0.030691807036484,-0.155210069586298,-0.264375657419807,-0.221691429670026,0.146656003607716,-0.112493444796515,-0.1172793371144,-0.123349754790464,-0.26827843664542,0.0898229381985404,0.0370473763568135,-0.121284326130954,0.0375600437327842,-0.0769993329339683,-0.00441728443655457,-0.0725677988109244,-0.142706040418167,-0.140572229881285,-0.0802278294508384,0.162616191971059,-0.0533149383020126
0.22485235618056,0.59505077981384,0.499008491900386,0.140420831736044,0.436561789346226,0.343226331977234,0.392190546756078,0,0.493574542720118,-0.473867257588169,-0.238233515305979,-0.11894733211097,-0.377028618997756,0.0911825237960897,-0.148550586169939,0.586686332888525,0.546751757340465,0.763407489893836,0.578705129398969,0.125580043870859,0.389990078668861,0.121592716462271,0.297742730994227,0.366023697742401,-0.0500993945911022,0.00467624212243541,-0.265299528909658,-0.322415625383781,0.0916492977919884,-0.287513562976632,-0.043003465085065,-0.0339078635763782,-0.0396815094832978,0.162472690982391,0.156498726078367,0.186190881448964,-0.0946676222260834,-0.37118271771212,-0.456693692455667,-0.54864401798642,-0.419249939629523,-0.286660912067045,-0.353652650555062,-0.35834550660828,-0.177715711573848,-0.414369571650277,-0.267975058204622,-0.0207578847042563,0.159628350412128,-0.368880148921161,0.253292491707934,0.649679329662554,0.379669455415386,0.201282021665164,0.450489113338467,0.361898982476005,0.86549865980161,0.793187323552925,-0.47528921965564,-0.217951881566464,-0.374433220376834,-0.365501800962751,-0.451315234841939,0.0302832016909775,0.56919517178807,-0.120701669774337,-0.163188087534429,0.506537279353812,0.257383028395336,0.524287219347128,0.252841928797899,0.00184900363193164,0.424583044514789,-0.5812039792652,0.36561602830757,0.0308569489798012,0.27548421647435,-0.14992516422077,-0.145553403874055,-0.211796682779528,-0.155223866952438,-0.350252243079726,-0.0813847627980827,0.460514291361788,0.256552901857634,-0.25308333629513,-0.0311171826210976,-0.154865667300074,0.144033818957211,-0.450524640167753,-0.331403134679832,-0.427036537186094,-0.546827513351867,-0.301877074887019,-0.397131069410293,-0.385303827177477,-0.41560935586928,0.0241714791076404,0.217454170161797,-0.318828473876729
0.18551282922337,0.204594207882374,0.402545202822827,-0.226955997940133,0.269359923277214,0.674941305716694,0.36189256409682,0.493574542720118,0,0.0406147912314189,0.0747387012112687,0.0549258586805045,-0.0725919051527691,0.0447080248038663,0.188166368507553,0.147207364213836,0.166271046040548,0.289938344351879,0.191493386534365,0.232270293318645,0.192780506443979,0.132139001264048,0.0805934205996263,0.23268682197234,-0.0485349409109886,-0.0445200981142904,-0.0248093307010554,-0.0504634121860121,0.297086027599362,-0.0686487128798145,-0.0274390320268084,-0.273263603893846,-0.104021107685456,-0.0451486482176037,0.222556798940978,0.483520970009819,0.168205187613486,-0.231279726195653,-0.167911375026479,-0.160072370539795,-0.110215634517964,-0.0773514642283316,-0.113767359930629,-0.16042633601551,-0.128000503268078,-0.149443269701688,-0.0874029007327911,-0.00283462584817334,0.533067106597955,-0.073286561951321,0.104778546185929,0.428828044499465,0.163912397390884,-0.0865734934973723,0.660075654180243,0.649675288261677,0.391936712506429,0.669223927955039,0.0323504139538529,0.059863828602752,-0.135073902279492,-0.0832003294856423,0.0155874891285,0.189947955081231,0.222293154847831,0.143480532327514,0.0990241288344426,0.101999792787003,-0.0145876145416479,0.164938947795743,0.199176457927122,0.114069252120825,0.103885440120003,-0.0947069911512764,0.246091270814294,0.0138250497648733,0.26132510067537,-0.0653687901896507,-0.130414267931259,-0.334385242211484,-0.228405532930777,-0.242929211436982,-0.0959356560860913,0.220805530322055,0.180381009140797,-0.0726741768711588,0.201779657003651,-0.00393635144099507,0.387390701944172,-0.168862660669829,-0.185775411324565,-0.234723108873007,-0.101532563906535,-0.0630858585306592,-0.0671738467527751,-0.126759592115325,-0.140291582773828,0.0803692019241795,0.589829497956253,-0.0675764506193325
0.0156232326322764,-0.289677065640973,-0.0329162772863124,-0.309877271572256,-0.206543088123541,0.149534302014026,-0.146625217598041,-0.473867257588169,0.0406147912314189,0,0.47580496598996,0.522540098635025,0.315701686954625,-0.0432549648182338,0.162554999426411,-0.449421867798223,-0.271337305615122,-0.580142050500564,-0.405556263426039,-0.195845208719274,-0.381709537104606,-0.0879563876630122,-0.410772337707659,-0.0371548726167166,0.412276487909465,0.138191212833314,0.038901972589286,0.381225948630069,-0.0571878229734685,0.106992843738288,-0.00790042363170616,-0.121617528131606,-0.210361471961928,-0.408632755335663,-0.178954852245682,-0.0329615651369074,0.138303969469273,0.280616302309999,0.334797415591304,0.406871470581518,0.181791120826632,0.365249868066988,0.263387786021838,0.381971557234069,0.0313707537939096,0.179197304323005,-0.044023055923963,-0.241595043160557,0.111542155724737,0.262549723370977,-0.0903065547949879,-0.211148540752554,-0.362577183760536,-0.238778615171145,0.0639913493534345,0.070662906353289,-0.47270071875112,-0.284815282246757,0.866936324740018,0.441401096712957,0.567572458567836,0.244971799017032,0.423004846232629,0.109917385952269,-0.386600641991469,0.0855737041511778,0.194492603065317,-0.406765093081374,-0.328940980133515,-0.507182264373053,-0.299080572352841,-0.0943694120625636,-0.472522859850268,0.488817689917947,0.0285787052553725,0.240464077101402,-0.107685441425278,0.106510805495384,0.150452415952846,-0.0180135192062086,-0.066566666359804,-0.0100870240829238,-0.00968794360402463,-0.263214754959871,-0.16915275052706,-0.0824868599270776,0.13334266601542,0.160101709787278,-0.105439375552781,0.201689540832121,0.180374847123398,0.385713434904041,0.497687885157655,0.45004060054726,0.3762093353209,0.42303801433678,0.172108562830557,-0.186887407085872,0.0812883801246135,0.224996269049556
-0.209246806858179,-0.0610615657896743,-0.0144392641780536,-0.29455462302331,-0.115828619016059,0.203250253888659,-0.1757010664753,-0.238233515305979,0.0747387012112687,0.47580496598996,0,0.688838646639107,0.467713343639924,0.190710683487587,0.37525753515049,-0.519358636718238,0.0108264724900968,-0.27585876548598,-0.164688289233297,-0.170858865330483,-0.145468155506145,0.213743733247007,-0.0584408069559635,0.260811649643769,0.189228860304279,0.592317736582127,0.117616205411526,0.510251068670363,0.167534480502176,0.333419239169638,-0.143309639283036,-0.366845053840457,-0.31136221206875,-0.0920776256846275,0.10346077940863,0.195119838412408,0.22554426798767,-0.221135009614328,-0.0623817827683614,0.0563336198901521,0.0893246757564035,0.0111119057280615,0.18514567514329,0.346516291440105,-0.116379371231349,0.129344786776368,0.12131496009646,-0.113809063260604,0.256994153186503,0.141237899622621,-0.356339746308382,-0.022311940544196,-0.542747012367293,-0.197235456462678,0.174571931375736,0.0805418123950225,-0.239766762726959,-0.15968427470057,0.557702648369649,0.733134203417168,0.594186557726845,0.436563927649206,0.416536230209613,0.122636106126384,-0.177829515689004,0.254626507354095,-0.165936780828694,-0.149197407272076,-0.0621017379144814,-0.186311825976792,-0.0838800887809021,0.10824815526701,-0.114088233308113,0.165988521932926,0.278084437796955,0.606828631910843,-0.035954701162747,0.382322241846505,-0.308912706279254,-0.330175523975304,0.176624754593023,0.0916591298869958,0.102108662233587,0.131717699163665,0.115920504118386,0.0595082705464935,0.201252954508507,0.431684080312621,0.0791775892047453,0.214588700522103,-0.137369524807276,-0.114087339609745,0.0811275468376756,0.169016015316193,0.33683574175516,0.255598353927182,0.228623097136534,0.0748260320802295,0.164827168244884,0.290133133814726
-0.0363856755601658,0.102439380342619,0.100023588747712,-0.135710616175489,0.0296736143452412,0.195814977684862,-0.129103765715788,-0.11894733211097,0.0549258586805045,0.522540098635025,0.688838646639107,0,0.377579128770204,0.30638105557737,0.393282683899318,-0.37743077662707,0.199982414148143,-0.225684725036426,0.00794454187611189,-0.187459397362201,-0.0646697296871164,0.115907589955231,-0.0118590136893828,0.341104721680312,0.275127603091721,0.536660085987785,0.0151486229691123,0.459907460765319,0.160621349791056,0.297936277105942,-0.176661400755682,-0.373942443261402,-0.264454519256824,-0.185972128016665,0.0294665724750327,0.124322395675312,0.22206563071621,-0.247101885915482,-0.0788063351546762,0.00711585704074124,-0.0342846791534635,0.0384883404446643,0.103281394897193,0.337448204726488,-0.150451499433112,0.0608394862114961,0.0520269447703385,-0.186527884600154,0.219369808862351,0.0524761627706481,-0.190554179526654,0.112540746282011,-0.471692362993455,-0.0215587520749842,0.225557480171981,0.126087450093012,-0.139498765553153,-0.0903758152095878,0.612067600076554,0.663927723768315,0.762967820853276,0.328447259988773,0.379385341425675,0.280273711516354,-0.00949811300291314,0.293650986538109,-0.192328720192644,-0.0755696510589099,-0.14808050388671,-0.24396698503021,-0.0303018693601746,-0.00257514341395574,-0.0794762930275064,0.0259015581138211,0.447370937311034,0.573108951334781,0.174250494022698,0.42888263011701,-0.25222928960804,-0.327885598673396,0.0443969521157995,-0.0606285433527805,-0.0426891521307198,0.0471808445866286,0.0772322103903098,-0.0874618200345079,0.228476217398013,0.33959348395957,-0.038004258133886,0.0476286265476838,-0.116704865729385,-0.113737810257177,0.026207593366825,0.158828727098313,0.216093373598291,0.307708886805822,0.121025566543557,-0.0340511527707618,0.188168769231887,0.1500947772162
-0.251528420509608,-0.059281941690495,-0.168712635898433,-0.0643156472704917,0.0533096776858846,0.0580954785780938,-0.315266528133432,-0.377028618997756,-0.0725919051527691,0.315701686954625,0.467713343639924,0.377579128770204,0,0.303251192801467,0.281209749311271,-0.560571787429987,-0.192726395510471,-0.369105710467855,-0.260168548287241,-0.0970238337805668,-0.166770960762932,0.167142221750931,-0.134857316918741,-0.133673518577108,-0.0324095902126275,0.201676767546812,0.181166758960768,0.389980659470126,-0.0619906008012122,0.480840042840822,-0.147185277638846,-0.27544437386121,-0.153855347624404,-0.0890963764417925,0.105646960977669,0.0266712743041936,0.106344406659657,-0.133645971943542,0.111805492767033,0.243456912151402,0.109445607832982,0.00141270276653283,0.309007910657254,0.135770434387984,-0.0925849387127138,0.301194477297287,0.28318984146124,-0.135742396705689,0.0919228845496891,0.18969134244048,-0.332215620530697,-0.123539642405948,-0.452226304766834,0.0603557807188387,0.0475304554763752,0.00796532546219944,-0.391241276301435,-0.263944218375884,0.375043295822183,0.378523285515284,0.591589795370207,0.866291061356141,0.741160960229409,-0.00918002303361565,-0.284086815203725,0.211752100541733,-0.222460271966687,-0.206941125362864,-0.0821025576007019,-0.174902931851865,-0.0860818670168946,0.159057998581847,-0.218017607581422,0.247594225685642,-0.0951288809350647,0.213585885470817,-0.146405934397093,0.331431210204263,-0.213624276209251,-0.202689655970579,0.17812606553369,0.181509788415433,0.147531596345288,-0.0491343699792671,-0.0802662527702099,0.222771242581771,0.116485965200868,0.273651391542306,0.00085282424260751,0.163982276245172,0.0810355393069439,-0.131617249329892,0.179640937876614,-0.0398935440660906,0.319887582938966,0.0858939450073513,0.315435256022081,0.02404915870999,0.122768585737404,0.207779238116711
-0.301544118443735,0.125299525483151,-0.143083277698805,0.170836155185801,0.406138192133928,0.0181756880347164,-0.148692918483351,0.0911825237960897,0.0447080248038663,-0.0432549648182338,0.190710683487587,0.30638105557737,0.303251192801467,0,0.511361335892412,-0.165097588148798,0.274875719488965,0.174377889262708,0.416862219036626,0.206035515788007,0.464372788230983,0.108872778035089,0.451039689794746,0.142711441107817,-0.140996035601335,0.11327277681175,0.144747954227562,0.159387610375986,0.215162519690881,0.467587380922498,-0.207190767113819,-0.319924971468559,-0.000361516782727713,0.11706592046015,0.122193603882528,-0.00360683025096025,0.00832432942891879,-0.437654792573046,-0.244978503879349,-0.238975687972276,-0.276280946273712,-0.377965620547171,-0.180667229137855,-0.10976246468635,-0.200245921382666,0.0807763277377376,0.23567637487983,0.191186113623859,0.0658036277267614,-0.0150596775380145,-0.336815617338268,0.0673348923291316,-0.088248771594849,0.234127978966453,0.134434275368706,0.00180672469013728,-0.00806011635478709,0.115964343013727,0.0432793374807819,0.232772187562377,0.307534551034982,0.236140020970162,0.329797500171533,0.351145815205102,0.411926387294362,0.530005111430371,-0.480236512861196,0.184328795012912,0.110350424420027,0.111027687875325,0.428603708213049,0.122713597572454,0.416282658015722,-0.234305472732953,0.237686841766861,0.188672023273404,0.329691246401012,0.48450121397322,-0.416441249791143,-0.264248129001318,0.0789135749023032,-0.188262198052373,-0.0594459124135553,0.191070917803827,0.261802024965537,0.11859634479869,0.0143943373748349,0.136171953036846,0.0464081084579257,-0.168038523843777,-0.105078424636871,-0.420718044681134,-0.190617988249826,-0.418577495397695,-0.181297972503721,-0.226960409626007,0.106624345163835,0.281753920995156,0.114603928926142,0.0156344081405073
-0.276672391550897,-0.103644356555485,-0.193557263758877,-0.0469043174480559,0.195524825053261,0.129716151553851,-0.233616367615926,-0.148550586169939,0.188166368507553,0.162554999426411,0.37525753515049,0.393282683899318,0.281209749311271,0.511361335892412,0,-0.451625573316882,-0.0748167715103365,-0.0526151205695817,-0.0246025866162633,0.375583954015747,0.448539521450464,-0.00122590132351364,0.444234438378617,0.188454255757336,-0.178566290375226,0.198576468577053,0.402348448245449,0.396928296735786,0.571140011447146,0.591067088388505,-0.166223405811177,-0.41799085154803,-0.0243885904809469,0.0411383817362854,0.114265052981955,0.344702153655616,0.372913822705321,-0.509609530640446,-0.189889553455797,-0.114686142385426,-0.113410035757097,-0.257085950343329,-0.158272973314996,0.199463619494384,-0.146846380866857,0.169288328933294,0.402495670312997,0.366802617706887,0.265254253897901,0.0553500282276391,-0.422332257892651,-0.0779519362389303,-0.294983892718448,0.0835681503874184,0.167476494852267,0.0742440745315869,-0.206279029876493,-0.000929733238378745,0.265851982392499,0.390307273439973,0.421075901551781,0.320931874610999,0.515067257822087,0.365885526252133,0.244281300046454,0.86818991790794,-0.338959393751551,-0.130758486914843,-0.022314126803824,0.00718017955824487,0.566028762090882,0.203867628120981,0.390065581747558,0.00728179204925154,0.280090582173536,0.281929336666672,0.47277752567224,0.668576144422472,-0.348034075261208,-0.297128591529787,0.157465629181986,-0.031077546190685,-0.0550220057383865,0.0532933652813958,0.36460978573732,0.321163229686423,0.310514292696354,0.460890878044601,0.297548010662928,0.0475555215824089,-0.134490439679096,-0.38063144346431,-0.0318133430246608,-0.158056137519411,-0.0217633286826436,0.117049640765068,0.358601161116147,0.518323127710944,0.292807419092656,0.118832140990822
0.417053820921104,0.45611251537174,0.36632676396035,0.293106321808806,0.204304439573954,0.0600763702744603,0.52324986410066,0.586686332888525,0.147207364213836,-0.449421867798223,-0.519358636718238,-0.37743077662707,-0.560571787429987,-0.165097588148798,-0.451625573316882,0,0.277419594576136,0.471153184469494,0.33869673146552,-0.0639968039074733,0.0740572898076272,-0.0590867014944291,0.0691393344297317,0.103424679896255,0.057832328910379,-0.287290546051224,-0.385229978685808,-0.52578743078791,-0.109410685561034,-0.509953128882512,0.117741878106516,0.307985752152973,0.139937761084101,-0.029912900792149,-0.0150785720955081,-0.172423497636166,-0.284413124222176,0.0579176859929647,-0.229784477641813,-0.322413579110611,-0.285454899545919,-0.0351882049078764,-0.307372529250311,-0.438147544801849,-0.113069719435214,-0.401980718087288,-0.377565279490638,-0.0179069340947286,-0.140289879890894,-0.409103448052289,0.593275144807086,0.441333385549518,0.672059406005758,0.199761601760821,0.109619465708167,0.118170261244621,0.580643976381635,0.412882884641585,-0.514711988051791,-0.474134565426711,-0.506757231020263,-0.524975275906426,-0.583806073073497,-0.109686870426427,0.250116281987409,-0.401104020889767,0.203084632507439,0.257965002346064,-0.00682411910105405,0.206127793609934,-0.0714109466199094,-0.162080807900755,0.122186744918236,-0.302600722610414,0.0805338271472452,-0.283088110003868,0.0825633317269951,-0.416052909025336,0.220761380862236,0.211582538360502,-0.274758727665869,-0.369453758640106,-0.206043274701221,0.133872297609627,-0.11309988167619,-0.309121104196851,-0.181811657673363,-0.435683311141248,-0.111079657793696,-0.302522294287821,-0.0580962893910236,0.070522126558476,-0.317075373425694,-0.131102568868641,-0.358720560423914,-0.350829988953983,-0.487214856727747,-0.205364022525114,-0.0490017519386459,-0.420264476301111
-0.0414817025455299,0.473253512202403,0.284872747425993,0.0910619360097419,0.247334739133975,0.185086924118525,0.208730071218734,0.546751757340465,0.166271046040548,-0.271337305615122,0.0108264724900968,0.199982414148143,-0.192726395510471,0.274875719488965,-0.0748167715103365,0.277419594576136,0,0.55962568798263,0.730912290032403,-0.0851716548400799,0.330749060456438,0.320923333105394,0.413661000798351,0.482170486892207,-0.0480873257969129,0.196245375506857,-0.180406870453942,-0.0841475044062937,-0.000873689453107747,0.0131156720649423,-0.078125574420308,-0.0789260169900637,-0.107071915615667,0.32488451612347,0.191834969242771,0.0815594384028562,-0.00426580129077702,-0.195109812180169,-0.188733828991521,-0.340449128069179,-0.176469539156911,-0.182629735971111,-0.127966155929484,-0.0622564476732473,-0.210882807305707,-0.0446305453861431,-0.0267081826972451,-0.135142000018917,0.0345517943392905,-0.108425412059078,-0.0103827387518463,0.445578665206149,0.0838062544569621,0.189252133641289,0.316338143386875,0.168573036430969,0.512042251659659,0.367335848747078,-0.250957097847759,0.0364463645150382,-0.0865899030072389,-0.259560032190864,-0.3079747184631,0.264639297842848,0.594830869227517,-0.0326684949655339,-0.108918861982469,0.715178117258859,0.34272098405633,0.334806719888838,0.150319856676101,0.221308687140786,0.42408738392681,-0.412473434898644,0.528039882733866,0.207811489219991,0.210199235966979,0.149208404248067,-0.287756438230272,-0.222295631612249,0.0174222713301891,-0.203903658576167,-0.110076125319628,0.473672409168451,0.248880535431924,-0.0935154070267649,0.0384220434310972,-0.0785145227317165,-0.0243796868022879,-0.198529697553779,-0.273570560497195,-0.32089977816964,-0.273457965759665,-0.122794701011902,-0.125729933099518,-0.143022820306234,-0.0845010722761852,-0.0221698951320035,-0.00956826931161642,-0.0752270715796257
-0.0675026004013322,0.385678826671027,0.182934002635938,0.14327518480854,0.298613434386505,0.0928607800373677,0.245242614358775,0.763407489893836,0.289938344351879,-0.580142050500564,-0.27585876548598,-0.225684725036426,-0.369105710467855,0.174377889262708,-0.0526151205695817,0.471153184469494,0.55962568798263,0,0.634388667613744,0.298105912782038,0.554404966762656,0.309432604879957,0.529777096322416,0.369752454933515,-0.239905449713128,0.051084953439586,-0.0591283138312585,-0.281041140566024,0.139210107548135,-0.129543913767111,-0.0401708131604642,-0.0347388876661107,-0.0285500341211144,0.535528068132168,0.341973292031906,0.211548555899495,-0.0682766321772141,-0.383249248294957,-0.390863054327292,-0.503791242466501,-0.247235754564063,-0.44041430610431,-0.302243936339481,-0.365247369893578,-0.0932307796322213,-0.279973458141968,-0.00630834768472653,0.241988049903294,0.0951541547446382,-0.233968886570155,-0.00789219292787747,0.36624714654578,0.294437802228193,0.123642086027342,0.196600590667686,0.11368244364468,0.713908565494936,0.6183662224666,-0.58409892948097,-0.245130827953653,-0.460989807081161,-0.355678393924993,-0.459173825156525,0.0128531958070589,0.65969655212314,-0.00351300705925558,-0.236062485893447,0.631141913328835,0.548995376080318,0.75547896204726,0.425527763756718,0.221014415388172,0.641093932523394,-0.507272713672634,0.331072689673575,0.043568680117202,0.299742060998738,-0.00427583402921602,-0.288654182583841,-0.213476990342663,0.136190008614252,-0.134017041367136,0.0221189485847369,0.641072120620165,0.444528636359279,0.0133808109338578,-0.035495173930285,-0.0681209448554126,0.214932626036308,-0.272241526847747,-0.328523231242043,-0.473019697083038,-0.494308777088116,-0.384847836697286,-0.286530972915359,-0.409939616895406,-0.213162490828476,0.278130040247323,0.0862933337961531,-0.172539804595117
-0.118168861559164,0.370346732713931,0.170573707775048,0.181505699815363,0.323231885834134,0.128731840689876,0.197304158518995,0.578705129398969,0.191493386534365,-0.405556263426039,-0.164688289233297,0.00794454187611189,-0.260168548287241,0.416862219036626,-0.0246025866162633,0.33869673146552,0.730912290032403,0.634388667613744,0,0.0924637570382909,0.502982537184054,0.225180672724225,0.500033926809639,0.31493962367743,-0.23099900978718,0.0326625148119129,-0.103920969891069,-0.157644794869423,0.00677922605094041,0.0519126748879697,-0.0653457064548782,-0.0740751860769168,-0.000477679059479438,0.357193337004361,0.164479670605802,0.041013888520461,-0.124551334468911,-0.246069282500825,-0.203502944297097,-0.368737678244207,-0.197882088530775,-0.270313104424192,-0.168131491812911,-0.192422699183143,-0.149186017099134,-0.0417655228251205,0.027614213472745,-0.0338448204126493,0.0309650887504208,-0.0791735314279366,-0.0475554183778777,0.355842035856697,0.229968445461469,0.217363537270122,0.26224058742947,0.150386575002784,0.496123702926387,0.480913350965593,-0.358789413517201,-0.0338976569219445,-0.205262877497724,-0.318986999624811,-0.29194133925539,0.408353714012541,0.703882982340666,0.0868282328035419,-0.212341355699028,0.702156174293137,0.308351977703532,0.386883856185968,0.348806477542666,0.176883039537522,0.553458127366711,-0.461329554879122,0.41500186419084,0.0427512234535219,0.303633955186869,0.149415895055379,-0.331051643077348,-0.156816610453359,-0.0333794853832304,-0.263846284045797,-0.184260767727097,0.383174736835973,0.20904912716661,-0.0792482863599018,-0.0806733746090509,-0.164956646024206,-0.00340796093937633,-0.306756599824661,-0.197234882923002,-0.383600823163769,-0.302125958686106,-0.281173727545491,-0.262324520208547,-0.304997027996417,-0.12001312948773,0.028619023790339,0.00772661061121593,-0.10147836968563
-0.24192013115483,-0.137070271371859,-0.294737227075348,0.0974501939796824,0.280898350251325,-0.116743447175099,0.0316513065527396,0.125580043870859,0.232270293318645,-0.195845208719274,-0.170858865330483,-0.187459397362201,-0.0970238337805668,0.206035515788007,0.375583954015747,-0.0639968039074733,-0.0851716548400799,0.298105912782038,0.0924637570382909,0,0.499313182362761,-0.0886697762281454,0.29776497478346,-0.00671969469154863,-0.342210016646447,-0.17606574143417,0.311908090949715,-0.0522742001347086,0.385189775510486,0.096736969641511,-0.12799326188936,-0.208162665547608,0.0637281973448066,0.128461594817729,0.0341030821207323,0.343532521975347,0.0466683616929777,-0.366310025755789,-0.16368789689209,-0.206718643895839,-0.0174995604770418,-0.441125509472484,-0.315166968060294,-0.0634928948864822,0.107382639897482,-0.0196879465392578,0.188073512627868,0.406737991173109,0.203536292755153,0.253952485632358,-0.267618195792204,-0.0928794998605798,0.13618936411941,0.0445438577077924,-0.0478964079867025,-0.0804780062845456,0.0786020630060474,0.291806943379737,-0.165660143195473,-0.0948178135430969,-0.121692583206477,-0.0284119946055306,-0.0235207248923867,0.073533126268506,0.212047599650291,0.433746521923327,-0.140261224540661,-0.022166692391205,0.0954621952309763,0.314277743612639,0.64608647196968,-0.00533902826045352,0.41045382051933,-0.0698860439767749,-0.028825464526183,-0.132111851705734,0.353921969951225,0.17915188326812,-0.32179392909441,-0.211336988997775,-0.00330613043065895,-0.012180036355513,-0.0661474404334562,0.10488433639478,0.414086004367985,0.172070493933175,-0.0441557741126268,0.0540902073214308,0.642534516019906,0.103948068777779,-0.158098735981834,-0.284324253278614,-0.107704023599119,-0.295050968249931,-0.199485520835683,-0.0698125614814912,0.25053887690808,0.590501395580172,0.282572923172832,0.296373883835526
-0.188270685055069,0.0645225048716813,-0.0832410260433694,0.0497195169617073,0.301149500032297,-0.0627141865887937,-0.0516232990328768,0.389990078668861,0.192780506443979,-0.381709537104606,-0.145468155506145,-0.0646697296871164,-0.166770960762932,0.464372788230983,0.448539521450464,0.0740572898076272,0.330749060456438,0.554404966762656,0.502982537184054,0.499313182362761,0,0.00633555237587078,0.654062063528666,0.294305830853486,-0.279715501482081,-0.040843323725935,0.0615225794488652,-0.149915287638192,0.386332067731315,0.200425854269188,-0.112178253688492,-0.0939575007171162,0.114347892728522,0.342618247727961,0.10381688542661,0.215658555473182,0.0372504984601429,-0.498774132335649,-0.374925613538468,-0.458496245536502,-0.260614111762104,-0.49008537845904,-0.368204996685759,-0.130303654216483,-0.101220488811254,-0.0867642743749966,0.170553638524567,0.300782068034713,0.0918937531914323,-0.11283485588937,-0.219174093802164,0.117673212734241,0.0447774195459632,0.0939802285302735,0.0539560604462955,-0.0187375742918547,0.309589613801863,0.434190124302048,-0.314124340895794,-0.0410128799955791,-0.148366885842112,-0.134693318867495,-0.0910294101604337,0.290389643935263,0.726960243360804,0.546879519119483,-0.376834609834103,0.376434956517139,0.241587142285522,0.428068500399615,0.828785024615939,0.0804328441816576,0.752824223851101,-0.428714388793782,0.369247657968206,0.0794684063294614,0.507374322604908,0.304615056995737,-0.342858092553419,-0.158707746315278,-0.0188334994123864,-0.20742955815188,-0.175173522418816,0.263133296995619,0.365860816760013,0.0226228109416087,-0.00205025757770001,0.0297876137101981,0.247725018860585,-0.26805795608634,-0.278932776274381,-0.559715579203486,-0.406113304631997,-0.382004991452647,-0.388909866472247,-0.198369070065114,0.0124848165257432,0.435159413923548,0.105325628781757,-0.0554963255059589
