0,-0.133621415548497,0.172730431788123,-0.0667481391800362,-0.136585274246652,0.302835694327609,0.314809935011426,0.204369046184191,0.336437949738808,0.0771674659304734,-0.322508442756714,-0.278775936001978,-0.0851794625377923,-0.165692574365725,-0.200918852761982,0.146299500221286,0.00930537828267517,-0.319115118603814,-0.10168005075411,-0.252375850588753,-0.236609100727092,-0.15709985324096,-0.116840397941715,-0.151226411291838,0.0937026503977841,-0.0586852913265218,-0.149296573050857,-0.100961735773178,-0.150554084358628,-0.10826917635692,-0.077598688976098,0.372830873511709,0.323108813941449,-0.211020216295412,-0.157303093868078,-0.238800021970941,-0.191655778862233,0.360562771790602,-0.0191608098816349,0.260674807831958,-0.195131610731469,-0.138679223305813,-0.0179662210460829,-0.111329420821398,-0.171408308792682,-0.181568330395312,-0.186985726238544,-0.137412837510123,0.139942359600541,-0.207665551633665,0.622741365287752,0.229056118217952,0.210741768041084,0.0177677763725303,0.146033848987148,0.428834996048213,0.255675035149279,0.117035199577639,-0.0812035227412617,-0.0820975938059837,0.00279068010911406,-0.0745488278239671,-0.14665012590769,-0.130907673158191,-0.249897365626413,-0.200332830605017,0.0569359183960009,-0.143392799673468,-0.260518645477198,-0.317839726178053,-0.241001489409978,-0.169416194945178,-0.136528617614318,-0.211598547031263,-0.0296607064323142,-0.0212897630983792,-0.168813828925795,-0.0412419700749286,-0.0926459129663581,0.343782457170113,0.0122732230313418,-0.308681194600271,-0.244433916937289,-0.157253951311469,-0.0238578593832631,-0.0168345931548657,-0.259646666151971,-0.129077970674294,-0.313085945018467,-0.214783199337061,0.433901780248217,-0.285209654461147,-0.262098848913979,-0.107300867543026,-0.097686752244852,-0.136049495977463,-0.0390143630286504,-0.0384191036090502,0.0406745293188772,-0.254035902923648
-0.133621415548497,0,0.194314407524208,0.826036312125283,0.733499762892906,-0.0456243439446792,0.162191703573364,0.0222893214747431,0.0323065942773155,-0.445662587706927,-0.0132818102558313,0.17568178566067,-0.0592818756393207,0.369734730043962,0.170137805870018,0.664726207184516,-0.0526376130470331,0.12162947626578,0.182855653807782,0.191397213644923,0.115563035038479,0.0168779127649419,0.0328858574089618,0.00671247799075109,-0.345055785364782,0.143058162182847,0.409016083540137,0.230667981650958,-0.0878733759179358,-0.466947192405614,-0.37922633995366,0.294528172739259,0.450149326061228,-0.212225227661739,0.177528525815149,-0.150749095361123,0.0249687072560513,-0.142319272260604,-0.367709119284902,-0.387987823377668,-0.260100735202609,-0.0972047536171856,0.160977475150688,0.280073354268807,0.341691141419769,0.350418780281646,0.143409075936196,0.240816153749616,-0.19194627580191,-0.258207789406089,0.179969074864167,0.68242612960637,0.550400761501487,0.740901964851356,0.183528624791093,-0.206823990015575,-0.227316240904415,-0.183802472765064,-0.543184368240741,0.0962467342526714,0.362759369546717,0.302050066395247,0.245859993708253,0.105549779530089,0.430529772565771,0.301010649149739,-0.330894647403069,0.295917603279009,0.0951649625523345,0.0632184877923239,0.235997625809727,0.226831609742418,0.0117735956748251,-0.306060672842721,0.0377319514194852,-0.0161615918475718,0.240117610555146,0.181578622269529,-0.390465947691006,0.298576138049112,0.209882497940884,-0.134341222046721,0.101642655432083,0.271618799847374,0.326315829645927,-0.45284259627254,-0.000324713685117775,0.227765606924719,0.0213577472023341,-0.360718159491476,0.0058617160012095,-0.0527640690927191,-0.196159501272107,0.0377113387596647,0.117555011718264,0.278178971675266,0.5413291659451,0.38045151743501,-0.196243678972778,-0.207911518364045
0.172730431788123,0.194314407524208,0,0.0890648180979313,0.416805279559098,0.672447530900601,0.449226377897967,0.571897355615655,0.521732259554302,-0.083713197586337,-0.00222705987429681,0.0879710092513905,0.0694449100827702,0.036800291779178,0.0344122515668425,0.15037459068777,-0.00733048495133347,0.171183702996515,0.136557269764179,0.215166231083525,0.0618854979501885,-0.0963011484446839,-0.0418362143696814,0.0747339760365396,-0.128588540668603,-0.170827518291212,-0.0742292720735543,-0.0901033937055985,0.17588393847224,-0.033442045712093,-0.0108190184799531,-0.048651983045641,-0.0236085429851451,-0.0237141690207283,-0.0343632864676388,0.157357609469228,0.0157825002061556,-0.11045926650016,0.0128382746965236,0.0664153243195982,-0.011732437786452,0.0231030833275956,-0.0799094332036571,0.0138357843519802,-0.0149221937009876,-0.151475821315451,-0.131395181087506,-0.209296708453502,0.277893454299916,0.0278518228029558,0.0573473908179494,0.416355942271898,0.0350115994255478,-0.0493605722290344,0.703828064434334,0.432573201917566,0.327034166092061,0.396181098282419,-0.0632951862519668,-0.104286065973274,-0.112178769053776,-0.0270565569658848,-0.0633614517676371,0.0268840308253172,-0.0124926830807201,0.0606720254750385,0.0322330445899724,0.0101178143175893,-0.131863736204614,0.0951192871358987,0.00947922918374078,-0.114819897862463,-0.10932367884454,0.00410988348540738,-0.116743071133364,-0.247622616912806,0.132125912081592,-0.209795280970362,-0.0495179646438289,-0.105973337929214,-0.101747486068983,-0.156441729660585,-0.0299833904729179,-0.0387501579601946,-0.171298894457496,-0.101514849623356,0.0185118604576315,-0.165859744990591,0.179226284708105,-0.0912111832113084,-0.0762163284624561,-0.0662130658720173,-0.130550199740332,-0.115943407445399,-0.126624730143286,-0.0167626867012625,-0.124793016130417,-0.118271237217633,0.237159589791103,-0.0426544795207836
-0.0667481391800362,0.826036312125283,0.0890648180979313,0,0.663783264929202,-0.105791669135717,0.16799239380078,0.0522325236692655,0.00229287937963504,-0.424480317516747,-0.036262564593347,0.156408396271813,-0.126556974642268,0.343058873365532,0.172136404949403,0.685146218425,-0.0784963184567422,0.0517764318650819,0.145656058506879,0.159061520980857,0.065075981275537,0.00715297674601313,0.0816865680827378,0.0121321563846405,-0.282708399864063,0.171882149604666,0.433491351605453,0.284413600213266,-0.153137953783204,-0.486798061507551,-0.419989019571284,0.390497777217646,0.485446965732823,-0.226982598449576,0.153698556255029,-0.155213862498921,-0.0206809267373645,-0.0586908296211761,-0.333208204183313,-0.324923181328799,-0.247086737537651,-0.116773322259238,0.170387269181626,0.225707659359481,0.280316433618872,0.367713377581816,0.188048754103262,0.281842067669219,-0.192204969263843,-0.273928814312705,0.238809698802765,0.676347320829479,0.623157522501726,0.787427662764254,0.117936874714397,-0.232983459592809,-0.186539676690285,-0.199652240299654,-0.548523794867248,0.0596404782284567,0.349702558355955,0.299842338978444,0.226016092043721,0.0787843117509538,0.415983749588102,0.267000850534923,-0.294980488256541,0.265887072504935,0.0521015538208375,-0.0269746587328382,0.153497290315777,0.29871791485757,0.0357643299193807,-0.333534217644166,0.0313662927603537,0.0203890184696327,0.171030217231199,0.256034142062248,-0.447119706565235,0.380798821175284,0.216605068471257,-0.21729834060666,0.0440338761434775,0.295240770328232,0.405757284688856,-0.417932451234775,-0.0270733924403132,0.282348547620475,-0.00548524180983582,-0.36805090849015,0.0874928166370705,-0.0603303913182597,-0.202519797480074,0.0297186528019077,0.127082939545882,0.192312753089977,0.580496108583902,0.438652409341585,-0.191345005987069,-0.211719875663868
-0.136585274246652,0.733499762892906,0.416805279559098,0.663783264929202,0,0.215740339432361,0.203345223547143,0.272566397342198,0.239381376914608,-0.410852631961987,-0.0278589104592074,0.152702104712492,-0.0474498521581546,0.363696007912374,0.198895669319673,0.511635574432595,-0.0447679710382538,0.2396178508593,0.237176352186025,0.285025233895289,0.201749923524787,-0.020410034995335,0.0763976491816054,0.00941450723189494,-0.375878066742355,0.0325791499245443,0.304017167281015,0.219550322466463,0.04365164422373,-0.30016960819429,-0.271041344285211,0.108370576202964,0.284585237820371,-0.137881557734411,0.171290106270658,-0.0296965912530312,0.0280173141208825,-0.251632482091064,-0.26556055386291,-0.311692452623819,-0.21610048107068,-0.0342761128510555,0.0376838592449522,0.269096465521787,0.318183318594579,0.233131715466122,0.0630140248488142,0.127701503330972,-0.0609654651381528,-0.229865496298337,0.0672175692285829,0.632996417213511,0.440755387049206,0.574815674178736,0.485527091077207,-0.0507105916023473,-0.0399593146952148,0.0671018168928687,-0.437389036405981,0.0386096487859343,0.197859837569349,0.175937470966494,0.152589881672148,0.0859022474092505,0.382704803077145,0.283158508946633,-0.244028883308963,0.253314311530979,0.0566454999946097,0.16727121751675,0.27915247161396,0.097094447793407,0.0142807833418654,-0.259297190336637,0.0278358297160217,-0.132862154472376,0.282017340119411,0.0679546143569972,-0.277787725167866,0.107159088450647,0.151991784402773,-0.0894868878422192,0.13296432784018,0.200169292919085,0.214402735181054,-0.372870588011439,0.0346647421100889,0.144289333426513,0.116737076946068,-0.309036674192856,-0.0733182758223293,-0.093909659544075,-0.204752400802454,-0.00701333623687795,0.0325903698800803,0.24914731301863,0.351994502036434,0.245812693716625,-0.0784050213261207,-0.198480236957751
0.302835694327609,-0.0456243439446792,0.672447530900601,-0.105791669135717,0.215740339432361,0,0.415176984721556,0.573223830433234,0.677562619845262,0.0819090448636452,-0.0383626248173836,0.0072696039276166,0.0953395471132744,0.0381390315671798,0.0458249807296031,-0.0335960040911542,-0.0244703952461495,0.202288232512244,0.132148288249281,0.264943375421239,0.127804257082285,-0.077361974821745,-0.0595481399289769,0.0449847688522495,-0.0354579040607925,-0.280393640563105,-0.0555924799712529,-0.0193435292642609,0.313737381608891,-0.0479073340887228,0.106628043925597,-0.193915911230773,-0.166440855081515,0.0606384543762964,-0.00613844095728101,0.310341388902932,0.0413339851311604,0.033413535115103,0.273308729608579,0.342023860040185,0.164159729519972,0.0682633413808263,-0.131875627851809,-0.0282121632645277,0.00644765279969285,-0.188143853210343,-0.185472163074224,-0.172684035382314,0.50797724758688,0.134661629841178,0.0410529963985876,0.141389518489484,-0.116450563394213,-0.152518415864686,0.702676015449999,0.676447391105116,0.419520124719103,0.594466195206667,0.120507819900018,-0.0666953761031784,-0.157590825192509,-0.152217973358559,-0.212126894064028,-0.0700416670150869,-0.0640313850958082,0.0457367607165191,0.25513898470392,-0.0152149298578871,-0.121658197042124,0.131884690480697,0.07303390537451,-0.185171870499671,-0.165253961596585,0.159813395489441,-0.0285020204623502,-0.281407419319872,0.186022797237295,-0.210358788831057,0.115565040762669,-0.203803504881455,-0.182101017170627,-0.0034147275883799,0.0650322002857996,-0.059756810030677,-0.165755987622449,-0.181099276854702,0.00263173748240251,-0.127613784574035,0.256601967427102,0.0694411663194078,-0.0522911808209045,0.0315311383925089,0.00858819373134801,-0.0445362715331666,-0.0858916559610874,-0.0179009679879823,-0.119568923890456,-0.0643727029527094,0.432144693260763,0.0558274828288787
0.314809935011426,0.162191703573364,0.449226377897967,0.16799239380078,0.203345223547143,0.415176984721556,0,0.460431954576655,0.426576148523149,0.0200402196724324,-0.176969835125575,-0.0508476962535229,0.166347905354268,-0.14662281811837,-0.256570816925912,0.314977196682248,0.0246405365410797,-0.0202487107578035,0.00250665714058887,0.054565431215778,-0.131010968807725,-0.0590685357685126,-0.0766723550473474,-0.0240330278213727,-0.0890648611303324,-0.071877720621031,0.074076008142204,0.0131043417647248,0.0656622581334083,-0.192596260677664,-0.0399123751845241,0.103012679836316,0.158497370216209,-0.01338892773979,-0.0184577600744032,-0.00205683173735725,-0.0429106321417049,0.199578267985352,0.168669026051478,0.397593191358417,0.109181872920393,0.0775847728324149,0.0846003117782163,0.0846641362617852,0.0864610265007081,0.0589565569990931,-0.0503307038386072,-0.010624553783644,0.144926445731029,0.0432653485069977,0.359599598111052,0.332100233197004,0.28342646924432,0.0984956579024429,0.433814944259137,0.367415706595153,0.404590854343428,0.286907006204093,-0.100153831718546,-0.178437333029629,-0.118048063837827,-0.0496402588410319,-0.209154833186896,-0.178153129601776,-0.12776125779501,-0.170673105443528,0.29865492340934,-0.0892335968417973,-0.172547022692306,-0.0599861123881622,-0.0890044947090119,0.00163106532635888,-0.203172636030406,0.0964591890756462,-0.173273708611217,-0.213734808172726,-0.0528525571583632,-0.0739874853959828,-0.0345550189526773,0.0990486954224837,-0.158485952762731,-0.15565535068843,0.0479847787089582,0.0828317071147344,-0.00304792928150946,-0.193136922837304,-0.0905702763717482,0.0127349886918324,0.0150332544141781,-0.00390853387043579,0.225690762278113,0.0166505285581474,-0.0405003479700478,0.0704622208209847,0.0326493710707647,0.149291876380995,0.122573480943981,0.101508171168889,0.152583389395058,-0.0707855027829475
0.204369046184191,0.0222893214747431,0.571897355615655,0.0522325236692655,0.272566397342198,0.573223830433234,0.460431954576655,0,0.650959341576218,0.0652585666186033,-0.0791857487234591,0.0395462122202905,0.0532560545034803,0.021191033967688,-0.081436929229683,-0.00505568175485493,0.228234460810609,0.317383607980436,0.374206659547714,0.146344418406073,0.213955467979581,0.0644135899049423,0.1256331603588,0.151754105896403,-0.0379454931024213,-0.168038399784462,-0.0355296069053462,-0.0436133538546921,0.256005083654627,0.022857357254784,0.140150953973841,-0.15075577137027,-0.136425225796918,0.19839257784722,0.0653098185346095,0.237763543082078,0.0727674490491175,0.0733708413345896,0.220616438723525,0.315302479810993,0.192308629358757,0.123362100394925,-0.0925679839436502,-0.0724224130020397,-0.0044453829685188,-0.105949225422688,-0.159866252063345,-0.00848439732212246,0.300916098668021,0.160041520013874,0.0245826689004709,0.225201408662435,-0.0309489386414281,-0.098552973302819,0.622457924071358,0.47849555423651,0.668816210661183,0.690041964766226,0.054165411505771,-0.12949636325881,-0.233303956829474,-0.291651262880751,-0.28667442975084,-0.0726811729092695,-0.0224469163418493,-0.0606105681288369,0.28332070961827,0.112204974357276,-0.0523583616610383,0.207626195792541,0.113933941669702,-0.0536165858044931,0.0952107895682227,0.0183672028567519,-0.0636444586814917,-0.264797884292754,0.093205142590622,-0.115524732619065,0.10330366236779,-0.200009669270843,-0.22337042226594,-0.0797316757315047,0.0569724103178709,0.110569583820153,-0.0455269563001379,-0.0742869235149082,0.0718789000496395,-0.0816763364896572,0.177412873424268,0.0777107074183926,0.115231128501204,-0.0323187805865693,-0.0532054700778122,-0.0265831562917698,-0.0799769130314682,-0.0200102354279938,-0.0588063196222936,0.0255993277064725,0.271829140263494,0.0838140611697021
0.336437949738808,0.0323065942773155,0.521732259554302,0.00229287937963504,0.239381376914608,0.677562619845262,0.426576148523149,0.650959341576218,0,0.137217472154802,-0.116168372629272,-0.0694409120288553,0.0663376459003435,-0.0420072750015218,-0.108765981489508,0.0265075621281872,0.0189995831280537,0.194545447121828,0.134163241830146,0.166004176197198,0.108401391556459,-0.124397017576524,-0.0886998526459782,0.0305749516235737,-0.00359812328833664,-0.200323772518515,-0.0133120338100147,-0.0724309780537392,0.224323655492956,-0.137239556093123,0.086023128843458,-0.0366645466493264,0.0112900968825746,-0.00661772211593215,0.0381160319348402,0.181722958505955,-0.00478811968545331,0.20928564535088,0.194648552896933,0.372184925758043,0.112567716039427,0.0296637826552699,-0.0482321639711991,0.00789946500850697,0.0897901249791122,-0.125403138529562,-0.177686083952988,-0.109680032520284,0.335469587550295,0.102141260143205,0.263708766665044,0.212793029523308,0.0849783100110923,0.0113855019328629,0.634450939417925,0.76397669387971,0.547410226808509,0.746451303019495,0.0158840008387948,-0.0883097053141849,-0.105762979761344,-0.203478730750526,-0.279549431504318,-0.154505751556608,-0.108037348669816,-0.034442530204715,0.328797602832966,0.00984762042720949,-0.199054544992641,0.0820548008128317,0.0538561870884426,-0.216560845488536,-0.141604478742131,0.0438463959967316,-0.066136853063811,-0.25051961292342,0.110751154605459,-0.179223803697086,0.102236817834558,-0.0140885953999659,-0.198529390437334,-0.0976911860741689,0.0167547352070189,-0.0303812141954125,-0.0942113408828773,-0.271232217275871,-0.0559849790603436,-0.0873952240353681,0.122531443671854,-0.00718314247720636,0.233626416568102,-0.0849327667522345,-0.0392988079750825,-0.035767849693724,-0.115549887687932,0.0914872716155304,0.0006915941938141,0.0174774883948239,0.300021646368084,-0.0125308543601217
0.0771674659304734,-0.445662587706927,-0.083713197586337,-0.424480317516747,-0.410852631961987,0.0819090448636452,0.0200402196724324,0.0652585666186033,0.137217472154802,0,0.00514731998820441,-0.226985773816594,0.120089116853202,-0.389974806921118,-0.400292446974897,-0.396945820464259,-0.10414427440166,-0.10726748681876,-0.285607443182163,-0.312417756852529,-0.280495935181317,-0.124600141589183,-0.243006926126116,0.0587020671927078,0.681312588304958,-0.395410406007117,-0.27954625334544,-0.274192814781587,0.020409135380021,0.02059338479146,0.540139674699965,-0.265833000189615,-0.40054222702317,0.197204652910224,-0.145815653697041,0.228458490581943,-0.0808301834277468,0.450004990439929,0.391811322879025,0.550890494912231,0.4644481769125,0.0351142905600438,-0.333820508174476,-0.230518334457597,-0.192617804739637,-0.381397150508288,-0.315484828573123,-0.26726763137837,0.283741694366759,0.432539069148503,-0.0413917754526326,-0.360699517576545,-0.372985256632304,-0.427622573780537,-0.0539686649074712,0.333480738660081,0.342818421661734,0.312158278536338,0.608655769424028,-0.251889167398817,-0.44284788913516,-0.351105396092314,-0.422690263854307,-0.308851130041933,-0.466142434964356,-0.403425620960204,0.55526957489385,-0.304459252748281,-0.368500304629584,-0.0693508395279067,-0.315593718848469,-0.385354709892422,-0.281320527704562,0.473356531799247,-0.290152067182801,-0.166616823606985,-0.324355049708599,-0.335669499333208,0.551484002691515,-0.193483280230967,-0.472542036738175,-0.01666537918124,-0.00646095499302953,-0.26829403520226,-0.384223473588625,-0.0434942330699131,-0.197546287104089,-0.252073470455394,0.0547895568022512,0.369597750116841,0.108803626558275,0.231623238502827,0.443339417426208,0.0581281389216588,-0.123002829174698,-0.143828192857949,-0.366665891173704,-0.273831070500815,0.322784801138452,0.372347271995469
-0.322508442756714,-0.0132818102558313,-0.00222705987429681,-0.036262564593347,-0.0278589104592074,-0.0383626248173836,-0.176969835125575,-0.0791857487234591,-0.116168372629272,0.00514731998820441,0,0.735871877881152,0.130406212962436,0.121121537030674,0.126032275235215,-0.121897372102088,0.176173737660898,0.260373037518982,0.121430332678808,0.275750406099698,0.157937773894936,0.0823436027312507,-0.0481324206970685,0.637876032080968,0.179563012251048,0.384794996275777,0.0830347900144095,-0.0265512760219862,0.172403555403394,-0.105921250160637,0.0432611513469052,-0.189808777406057,-0.178076425736212,0.309915802146814,-0.0184643223977812,0.170179686814791,0.245342788195256,-0.318024711052057,-0.11779745038638,-0.262447729066328,0.209527704299286,0.30226801942572,0.192337563719744,0.018881545909399,-0.00511305156649231,0.00462715134249134,-0.036295329961605,-0.00876792922214821,0.0184182177122065,0.261817960491872,-0.3807620492641,-0.130216891727636,-0.176197320930374,-0.0800976327508431,-0.0491977906425187,-0.193561317665927,-0.218162178990851,-0.0749227393980625,0.212375170724451,0.474309296374566,0.153656058372459,0.0253943952788452,0.0227416673811406,0.024658957351611,0.0677566945405912,0.159598835365584,-0.134414425172114,0.0143223966106846,0.190112696590333,0.176430121064493,0.10156084202859,0.0157670154407289,-0.0441298921432453,0.247449460462477,0.281178128173506,0.283172225432992,0.145728563449522,-0.0910450466547818,-0.00391932978752331,-0.191750175181582,-0.0580832307921662,0.263192979530962,0.193338533638825,0.0304310121381634,-0.04693339736489,-0.177152000525327,0.322178294950074,-0.0084951997661535,0.37106582133034,0.321160466198223,-0.371522260768356,0.440984368099682,0.232914550086362,0.20998974179163,-0.0476341960534849,0.0531401848929368,0.0226513851837685,0.00332456690395643,0.0487895188689805,0.310439878677429
-0.278775936001978,0.17568178566067,0.0879710092513905,0.156408396271813,0.152702104712492,0.0072696039276166,-0.0508476962535229,0.0395462122202905,-0.0694409120288553,-0.226985773816594,0.735871877881152,0,0.116727062565601,0.164074633638579,0.123281208826849,0.0690752150910984,0.245022120922141,0.222430372135976,0.149861201968478,0.260221187069842,0.0959141759571758,0.0968491771653274,0.0151698905021835,0.720841741873294,-0.00657728932440684,0.453538322959962,0.203620451190986,0.148010270037904,0.138096389442948,-0.184651062726281,-0.0622030802721529,-0.116343126758844,-0.0385174508103369,0.218981994831398,0.07730771759215,0.158299431651032,0.264692722429863,-0.302438055242577,-0.0813055631305767,-0.277359677665642,0.180124158391734,0.500711601479019,0.279303348041103,0.0937081037920434,0.0685221299135993,0.151298193629448,0.0580020584948425,0.133443532833366,-0.019970431839664,0.174256881864173,-0.358261119306325,0.0607106278595351,-0.0245197407501491,0.119474575565084,0.0258284448868082,-0.256388626452401,-0.228340086021355,-0.0736404242528911,0.0157461805233702,0.37708377961119,0.164834544162181,0.0629113357076007,0.00364848826636544,-0.00447857420892256,0.122780379989581,0.157945818330057,-0.164284263569517,0.104639426158079,0.151108737433626,0.130813655771721,0.0913848668727873,0.1553769049024,0.00972353242816426,0.193078285539285,0.208467691207386,0.207925536017974,0.174140583779097,0.0487452363468366,-0.110403702020985,-0.161013546635411,-0.0666177443897057,0.151777526918302,0.218897887163871,0.160040672686026,0.118424294445145,-0.250495452432014,0.32971859961002,0.133808861073233,0.395411201995049,0.220684644411337,-0.318459476860861,0.490475605465981,0.210857572968207,0.258455538559431,0.0341016119684334,0.135057831485357,0.21400413478428,0.181573757287855,0.0408529741418274,0.235378397504866
-0.0851794625377923,-0.0592818756393207,0.0694449100827702,-0.126556974642268,-0.0474498521581546,0.0953395471132744,0.166347905354268,0.0532560545034803,0.0663376459003435,0.120089116853202,0.130406212962436,0.116727062565601,0,0.10997845009055,-0.145922479212562,-0.107163888981624,0.393163279343006,0.247055873146362,0.144554033226329,0.112985896245899,-0.00570137186006257,0.348179580939767,-0.0480813325138395,0.12144514803557,0.0248566472382583,0.0375649563935109,0.0903343703896946,0.163020400849142,0.443928872971732,0.0330424628491346,0.249081117039068,-0.233594082455687,-0.174954463919057,0.270354588953968,0.290337408015262,0.216202715114395,0.34354671259352,-0.106584098319606,0.232764743818804,0.177880795515839,0.269845988926335,0.307501343860617,0.282512392360918,0.328724732704793,0.242184809987687,0.0909488817858986,0.000913623068027917,0.0406945540168286,0.222266515307736,0.293668372153017,-0.163391096650053,-0.112566432036788,-0.144205136401025,-0.0910806196985375,0.138196070840366,0.0970257572751431,0.125255106959418,0.181228156546895,0.267396975010585,0.086780096939327,-0.0859311463375178,0.140457603627952,-0.126537195375687,-0.220975262791148,-0.136246171729672,-0.0194190282798669,0.227894670742249,-0.0271354225620331,0.0183870980190283,0.188530675982416,0.00179364121245902,0.00051598280568344,-0.197919168856527,0.402314515227569,0.0992704887319134,-0.0583073661431478,0.252435158267768,-0.050903211231067,0.258869718226994,-0.249518792645986,-0.229786222832714,0.172694935677018,0.343334657647866,0.101471720700678,-0.0602909547189165,-0.111957597226671,0.265857419517937,0.094470372491879,0.279014868025823,0.264170698986739,-0.224595731015691,0.264920298560502,0.319186938909741,0.370240978446838,0.0987010490681043,0.333450068032203,0.0420957793038114,0.0256401816720979,0.24569839060943,0.244602599555223
-0.165692574365725,0.369734730043962,0.036800291779178,0.343058873365532,0.363696007912374,0.0381390315671798,-0.14662281811837,0.021191033967688,-0.0420072750015218,-0.389974806921118,0.121121537030674,0.164074633638579,0.10997845009055,0,0.646805710947593,0.203535755094692,0.0422825101498444,0.157337921452462,0.454198728451011,0.334187418684585,0.44732371968803,0.239443411526345,0.285366377683063,-0.0228973596462849,-0.332783500615079,0.0780739230168669,0.418184931358705,0.359546367071858,0.156959808808074,-0.135563082547646,-0.299203261704162,0.0657856177085082,0.130741445757501,-0.163368685359883,0.344544574998558,-0.0208474344336078,0.0889337207939287,-0.194156724616508,-0.0677395713153638,-0.323396945095029,-0.240273647441248,-0.0543033320500812,0.175838676240517,0.32046980689715,0.337512981614038,0.357990736780107,0.297211414649035,0.267841456758857,-0.0485667878173423,-0.213932203110418,-0.126721894913656,0.20398046548326,0.151255660999068,0.363620734888918,0.136932815584629,-0.234873934278013,-0.223897025272088,-0.100879766868497,-0.381265511814557,0.154829841850568,0.349863295252758,0.496464671835469,0.458244669394866,0.35399053271343,0.68782863407972,0.627286043416605,-0.250945997614722,0.530566731369703,0.270634825472162,0.0883220574594914,0.47476399114777,0.453169086389443,0.233688691691087,-0.137404141002297,0.243008358530772,0.0517617512938795,0.533608797296543,0.320734372772316,-0.335861501377904,0.025871561963047,0.396789295545086,0.0436795014552647,0.17854072904861,0.403776321028372,0.341534049927485,-0.232521967062549,0.149571851524765,0.278846821402849,0.106186679875612,-0.218763059727279,-0.190679639094777,-0.0352777246521749,-0.0678438889545304,-0.0257930053984608,0.272218240505477,0.186275180269929,0.401606070862058,0.369112951096191,-0.073961874577737,-0.114425072861517
-0.200918852761982,0.170137805870018,0.0344122515668425,0.172136404949403,0.198895669319673,0.0458249807296031,-0.256570816925912,-0.081436929229683,-0.108765981489508,-0.400292446974897,0.126032275235215,0.123281208826849,-0.145922479212562,0.646805710947593,0,0.0296972868279307,-0.22226182116639,0.0108805961951982,0.174277440414841,0.330362689214526,0.514746587507126,-0.0699555507663933,0.300055224973187,-0.0811147822879946,-0.39777854654533,0.0203068443888078,0.231803416325617,0.236652415964644,0.0433886414994888,0.129922414965122,-0.372086250031883,-0.00920261326047781,0.0225419316521566,-0.365739385803468,0.0145161304823655,-0.0812960994683384,-0.130268226875606,-0.310262322986425,-0.107861248025486,-0.365548124382478,-0.38987275183781,-0.179391898536673,-0.00453010338880733,0.1673904391462,0.0723412576151833,0.228970712119645,0.363143845930713,0.103279835062557,-0.0583966920986227,-0.314363655867229,-0.205292840087006,0.0420899347383118,0.00578997754386514,0.15958179759997,-0.00175353630227592,-0.240391420643131,-0.31155214304916,-0.175448075786822,-0.344442981675158,0.187476172099027,0.365134472961368,0.517718555979832,0.567679386966604,0.590381030537841,0.596076088763069,0.811295238194367,-0.351017664195782,0.340822730384826,0.147256768857485,-0.0351941663038552,0.504373454714607,0.35541448530618,0.322390491380373,-0.214815473383684,0.270069193237372,0.0746755612411969,0.386414506648056,0.335632341065852,-0.392993626048856,-0.0600208102890124,0.432286156785121,-0.0362827628525406,-0.135920449681851,0.172075794343231,0.175845686681676,0.0241952260040836,-0.0386065605204391,0.170748775866451,-0.0148117544218215,-0.310217940484126,-0.253997299279787,-0.154014043228968,-0.199743815752245,-0.248176084872591,0.111277457007855,0.0247975014181547,0.17361863631294,0.11057919229772,-0.102009285839599,-0.240243665793081
0.146299500221286,0.664726207184516,0.15037459068777,0.685146218425,0.511635574432595,-0.0335960040911542,0.314977196682248,-0.00505568175485493,0.0265075621281872,-0.396945820464259,-0.121897372102088,0.0690752150910984,-0.107163888981624,0.203535755094692,0.0296972868279307,0,-0.164424040271299,-0.22823419899668,-0.0254879660103858,-0.0457563916666191,-0.13843306543296,-0.115983489911117,-0.0517804849256073,-0.0894056848571659,-0.234843804443138,0.213889111155684,0.336134571572457,0.214938055824911,-0.282224933075178,-0.523737538057864,-0.525299826205993,0.643295354665743,0.759752475492664,-0.298882613471444,0.0764892306102707,-0.373455996590346,-0.137871155368563,0.10835626211444,-0.3532351700991,-0.231399218922751,-0.319913061276733,-0.186257887932906,0.230877016629858,0.165181971400578,0.17628279952556,0.314941690987457,0.153482946356056,0.230903611282598,-0.34721176790687,-0.422046771868817,0.484356223679772,0.668843112697112,0.78744043816413,0.736050985662712,0.11396117349965,-0.155474937790953,-0.326900119675829,-0.300108490042044,-0.597303904802794,0.0131079017715539,0.369465694031115,0.366915898851261,0.231367225504426,0.0418067217094293,0.28483425324899,0.167988411312941,-0.382668059086067,0.158593472849079,0.0465603704811421,-0.276595114203324,-0.0298120767700921,0.214203331304207,-0.0861194129143441,-0.387358482668555,-0.000271691065036799,0.0596208000532232,0.0335672632721786,0.248418908173146,-0.551782517024985,0.629075029997766,0.283137191707309,-0.341438663772327,-0.0930320906815762,0.184600234042141,0.365644466745865,-0.396765421546956,-0.15754422195423,0.206865679978013,-0.236452011417253,-0.480666970914391,0.300544189152433,-0.141040200963596,-0.26950772742068,-0.118278053705069,0.124614884941603,0.104747611682739,0.5303110590612,0.365529710685435,-0.360847009386561,-0.416696225164925
0.00930537828267517,-0.0526376130470331,-0.00733048495133347,-0.0784963184567422,-0.0447679710382538,-0.0244703952461495,0.0246405365410797,0.228234460810609,0.0189995831280537,-0.10414427440166,0.176173737660898,0.245022120922141,0.393163279343006,0.0422825101498444,-0.22226182116639,-0.164424040271299,0,0.37052588909121,0.589075899331669,0.0893684003396499,0.179902644861294,0.462390271430185,0.0659206899188212,0.374735637908875,-0.0222008448175221,0.32863152664952,-0.0400323223074197,-0.00185929241766235,0.372987576691925,0.0562656458368331,0.16229525391049,-0.184083560141739,-0.159755650250205,0.444488968247776,0.20528232893569,0.140758253814639,0.464280144429172,-0.101999531267552,0.0873566102340931,0.0632136234661631,0.234696139772566,0.342884086140295,0.360838744358643,0.110986465175453,0.102009265435656,0.0163853208139429,-0.0630765526139488,0.045845576887393,0.0627290314396414,0.28754532059122,-0.186817505791044,-0.0347691339656666,-0.152209902466039,-0.103750946856249,0.0720844417838401,-0.00133281127675706,0.220474043612519,0.186261308028677,0.172953123805176,0.229205186041556,-0.000590291271805266,-0.27408549120301,-0.205371615894307,-0.16068877770798,-0.0621977326664203,-0.143074998620823,0.0522349011123178,0.185592348450919,0.273390496984883,0.278418992154822,0.0756886962917953,0.0423215214672019,0.064135683301773,0.0977592000486952,0.339562925391805,0.132587872281382,0.220899101365106,-0.0742516723705798,0.157904145058915,-0.229579661702933,-0.101661573464576,0.216118315635467,0.299962105552249,0.145926995712632,0.0393837370795977,0.0188361716121973,0.521284653147074,-0.0202202015906582,0.205729256330828,0.26030592416143,-0.16270624891603,0.170224592300826,0.0964983474697209,0.361085648430935,0.0166885972835156,0.155085966717289,0.0125629164559344,0.0283377353857176,0.0651857930103835,0.290778567519076
-0.319115118603814,0.12162947626578,0.171183702996515,0.0517764318650819,0.2396178508593,0.202288232512244,-0.0202487107578035,0.317383607980436,0.194545447121828,-0.10726748681876,0.260373037518982,0.222430372135976,0.247055873146362,0.157337921452462,0.0108805961951982,-0.22823419899668,0.37052588909121,0,0.416273822711331,0.611411970912718,0.472756587041173,0.38926324920086,0.186634154430692,0.252613612112085,-0.136408453787887,0.025118703452646,0.176450124480919,0.077605290379815,0.519646231100219,-0.0421448793985267,0.242190909630012,-0.534914754001182,-0.397122823391621,0.546674036610663,0.308414321998198,0.500731531401899,0.464115822416682,-0.395127422294709,0.105200899313417,-0.0454049024610885,0.392024922117529,0.254345489302894,0.0554710402666588,0.210458425819185,0.399594935048289,0.0206566814370257,-0.0347918640938888,0.0537711524393448,0.274798804025374,0.440140694902909,-0.419497000559317,-0.0499666482234608,-0.266504787781577,-0.0435590329870798,0.269717992995326,0.127713620966276,0.330707980937245,0.407938656403767,0.21117359998754,0.150637027487043,-0.188393371706542,-0.281311076402347,-0.206773883639726,-0.137474905655363,0.155463797376376,0.0849682453482687,0.151966706630889,0.208878308682306,0.378607847441279,0.825152223864339,0.492768826976965,-0.0228894401346374,0.0565197777764689,0.233523575549249,0.125049182940888,-0.163429017762331,0.428695546873313,-0.200492831561335,0.282870721434353,-0.508028710255949,-0.181940433006119,0.531777991781955,0.566468989344646,0.248350186656196,-0.0272317119534086,-0.181279292345364,0.467998475028961,0.0472007478236797,0.644508926017171,0.377618025841991,-0.441453977779228,0.256878880180134,0.231066204596782,0.357999531767464,-0.057216700151972,0.310420841896506,0.0227292891745653,0.0538153384192935,0.332445712288731,0.486435269655144
-0.10168005075411,0.182855653807782,0.136557269764179,0.145656058506879,0.237176352186025,0.132148288249281,0.00250665714058887,0.374206659547714,0.134163241830146,-0.285607443182163,0.121430332678808,0.149861201968478,0.144554033226329,0.454198728451011,0.174277440414841,-0.0254879660103858,0.589075899331669,0.416273822711331,0,0.287131750852128,0.513386290926828,0.366080946827899,0.114366083167372,0.158905896380791,-0.243300511409871,0.142163112981086,0.0784195324858532,0.0155936295547204,0.342097007245495,-0.00825710564210039,-0.00323256330886198,-0.119301505840157,-0.103265167428947,0.262452055728866,0.210469574383284,0.117777272949547,0.350648992348754,-0.128263764204747,0.0312795362373241,-0.0958094537568767,0.0388056900265887,0.104759952993504,0.26425615779116,0.130933888801644,0.170784835518673,0.11993769351608,0.05180813895047,0.0833132647210245,0.0668375789279608,0.101117557157583,-0.192041505808784,0.118756534948434,-0.0443022486874321,0.0700645213847097,0.253103333600928,0.00532121551896689,0.186927593052201,0.258712348270217,-0.0572749633914519,0.229682383805394,0.148253331861632,-0.0755932567319339,0.0460119809405665,0.177223077778608,0.355525628288964,0.18554869668887,-0.0844061701655621,0.510860599570429,0.399766920024237,0.348335153739963,0.367856178549973,0.19001099708065,0.194748428696467,-0.0936579078291437,0.396432513781214,0.0536747716373087,0.413235741106832,-0.00352452484923847,-0.0426368909736692,-0.161378225465943,0.141772767850171,0.188080404464065,0.225675049252687,0.203760901557804,0.122501765432437,-0.0766845080899493,0.433695181345283,0.0194896154604602,0.16969251451743,0.0601097507253007,-0.187968272935075,-0.00160252743121869,-0.0651109863158367,0.153575308228248,0.0962358109959012,0.094039471234298,0.147220936235677,0.146597154191247,0.0349278606283946,0.133057628362321
-0.252375850588753,0.191397213644923,0.215166231083525,0.159061520980857,0.285025233895289,0.264943375421239,0.054565431215778,0.146344418406073,0.166004176197198,-0.312417756852529,0.275750406099698,0.260221187069842,0.112985896245899,0.334187418684585,0.330362689214526,-0.0457563916666191,0.0893684003396499,0.611411970912718,0.287131750852128,0,0.492858312967062,0.169713862314359,0.101547682683717,0.15895178672635,-0.223671070345828,0.117310501443975,0.251628802950613,0.158330406153745,0.43908191607918,-0.136425852126307,-0.0750082669254549,-0.298326372521599,-0.213294045645536,0.251160103479593,0.209465052077694,0.443864885809247,0.391995518189952,-0.388004886170128,0.0477102727041682,-0.14879565732218,0.20026876024224,0.140313764628456,0.095274204780718,0.256070773041028,0.330877037729335,0.0845406995430894,0.0807136299850753,0.0180406352739036,0.20428138451926,0.26368352808667,-0.286577901191621,0.0417407756948997,-0.106583519421947,0.0819489883602149,0.274265697150039,0.0944344198928738,0.0411485690296666,0.194814298719309,-0.0405364050668507,0.215277445913144,0.0752408088028224,0.0612961350904327,0.0956753151995669,0.0768469745241651,0.313188224176156,0.307452179957073,0.0174839278297022,0.231041455012326,0.378637601348342,0.563086771457345,0.509523733682464,0.110766549199889,-0.0297695425181968,0.155231829842911,0.166599277436533,-0.0406621694358071,0.543100913310016,-0.116905024692131,-0.0711713270040008,-0.297708748571906,0.132183009507262,0.436484744384286,0.3787562069267,0.216564730279567,0.0613403061759759,-0.233594722954937,0.373454072988731,0.0851936922824572,0.585413581702248,0.23075496087126,-0.411150396242502,0.178522314204012,0.12691748059805,0.14115495744629,-0.0489519471923812,0.188537992303235,0.104530315897092,0.108048478391297,0.26441525994727,0.318050241628577
-0.236609100727092,0.115563035038479,0.0618854979501885,0.065075981275537,0.201749923524787,0.127804257082285,-0.131010968807725,0.213955467979581,0.108401391556459,-0.280495935181317,0.157937773894936,0.0959141759571758,-0.00570137186006257,0.44732371968803,0.514746587507126,-0.13843306543296,0.179902644861294,0.472756587041173,0.513386290926828,0.492858312967062,0,0.221090812856507,0.188686608255597,0.0876895117252628,-0.348314156065173,0.0338364514166269,0.230482507004063,0.0915284850425185,0.372931210350446,0.0222217327064551,-0.105184470984728,-0.268542351470161,-0.182740338027391,0.0659015943429478,0.081805055631464,0.105335152313665,0.212719046584911,-0.322984711695913,0.030733951960072,-0.154846790931598,-0.0717680230746297,0.0247496775074003,0.0876646917315638,0.243723616425416,0.221671976988447,0.171870707146742,0.202079670441574,0.0321577965702476,0.0768335528044944,0.0566621421380668,-0.286454283447853,-0.0458803793876357,-0.145676995490538,0.0121580225396806,0.133499374555858,-0.0137546164920264,0.0586690084616594,0.219028890442733,-0.0678510789560777,0.29468243192267,0.152082896762414,0.143918328557822,0.304232443454947,0.362372001395373,0.530613596100643,0.481337849602542,-0.118143970799103,0.427768676989716,0.40118655150943,0.42475885294145,0.796816464059287,0.20083185185042,0.235923579494724,-0.0673223172056519,0.436430016187076,0.0319422296584049,0.448815544835128,0.0545693495002751,-0.105716213412196,-0.285886564498194,0.330127248725381,0.314193376092221,0.150701073828704,0.20770800007939,0.0952316237491499,-0.0845033992522023,0.274574647991536,0.113462163392636,0.159911047161824,-0.00753193575010136,-0.304130278456134,-0.034171015961883,-0.0412102728983469,-0.025380405724835,0.0287162176574166,0.185809932207083,0.124780189002443,0.0520284150227935,0.00982143243335872,0.0696126580688675
