0,-0.118222274088047,0.190427694645017,-0.132365584308739,-0.119860961372181,-0.0602645959158989,0.0271116344262262,-0.101161039054057,-0.140601029132106,-0.0999459046829078,0.0375496779544894,-0.0229917811649318,0.0652273152052673,-0.0839943390149542,-0.0898750831090784,0.110819005942222,-0.0296189114498982,-0.00264984246645032,-0.0376351880103026,0.0206617673429129,-0.0686713255174488,0.0642205097557089,-0.0544628207876361,-0.0232452157605998,-0.0738403441274489,0.141236151562037,-0.0273165020743082,0.0274563939643179,0.0584328880390321,-0.160972637957091,-0.0414648285215923,-0.0532646864586106,-0.0535924022677998,-0.0200351870046433,0.0254340334455791,-0.104158876303474,0.0498359530197563,0.0228711418293368,-0.123257327082679,-0.137224781518081,-0.0502443512990725,0.160141257288912,0.000886936991692516,0.0398319328012006,0.0594940004648409,-0.195355831356373,-0.119834119412258,-0.108101316467576,-0.0109682207628682,-0.0169636298691323,0.324395678745214,0.0155473839125379,-0.0451475995753968,-0.070406835598194,-0.112770723993114,0.0314886082963388,-0.136550908156304,-0.10480812669165,0.0959283776245374,0.058397098469406,0.0715107226521529,-0.0348162991088636,0.00889702167351213,-0.147510247218397,-0.118262779876154,-0.144387927756825,-0.0809461811435763,-0.0224498816770231,-0.0185624130556579,-0.0481503323604683,-0.113754314104705,-0.0346761695155645,-0.0718961856160152,-0.0900122002515712,0.0286005099462346,0.141073958612682,0.00067451785817334,-0.0645620503876556,0.00189506224656279,-0.123914012839375,0.00525218813802047,-0.0870813402491923,0.139884615088861,-0.0188287733847997,0.0852930529484471,-0.106348504491606,0.000995878185782204,0.0140738669151699,-0.0659381307144583,0.041871573284669,-0.0199970499727016,-0.11880768543079,-0.204950631040146,0.0108924473618134,0.0974370445806244,0.148976066269417,-0.050976217948566,-0.0231195773770899,0.0110901628917843,0.0388530446674396
-0.118222274088047,0,0.278965708202973,0.740915668970553,0.819614607740159,0.533453512826992,0.468924650689751,0.686736074420224,0.572084834022283,-0.0988987977635193,-0.0680997517019711,-0.0653432161479109,0.149345346221931,0.345715907331957,0.231728120198828,0.490354541706385,0.106516989349232,0.382761335098479,0.262638293031115,0.21760287641223,0.354835734407543,0.185243532082974,0.341928461152121,-0.00203311052484838,-0.267535797463313,-0.101212280985843,0.00863888242950765,0.0544432446096847,0.227662545399721,0.172771629982178,0.138154745730764,0.00153145863458219,0.1817525724247,0.186623547769556,0.186300030571588,0.52646439105644,0.196191553092326,0.0907472526668598,0.269629667105968,0.219598524690528,0.0321901274617822,-0.128209470596961,0.0223366858974018,0.307038025632539,0.031696439241007,0.0304598641914879,0.268759060134846,0.34617558610746,0.458642030467916,0.28465513795445,-0.369136122844702,0.674101652724237,0.315547352406671,0.513370731833989,0.61302478896408,0.284308072448642,0.588624674833784,0.587715670590016,-0.29642771189319,0.0955106664725201,-0.00329399690799477,0.261920315499757,0.0552826521509562,-0.0571488300149803,0.342967688086921,0.183091319876241,0.280066074067172,0.307936718469134,0.224556489789294,0.313878646489068,0.342562918271475,0.267656842529735,0.223480691872498,0.15551113835424,-0.0480597185986201,-0.0898105622180635,0.0611215552564393,0.200590861117331,-0.229028936347003,-0.11207232572759,-0.244810903497066,-0.147119126404375,-0.249179948660715,-0.0238874743437205,-0.378514542689709,-0.294092047690514,0.0985216660459878,-0.136736704150498,0.342053544758118,-0.0948391271648986,-0.150690622480222,-0.0427465736971509,0.346329676186977,-0.245230988867164,0.0136138868100374,-0.0475606550944722,-0.337091165530962,0.103010692839656,0.300815039168263,0.178832802051524
0.190427694645017,0.278965708202973,0,-0.173273400579306,0.156420688538477,0.678714478204508,0.416363093073348,0.51707525041671,0.514560492398912,0.0791993934611004,0.161649126678887,0.0249664727573231,0.130207965831028,0.0214331749185404,-0.33369757251935,0.0632807494320912,0.236837904070157,0.341943585992127,0.165872389257325,0.132550021876936,-0.0379170698488587,0.215646581873079,-0.183099680022037,0.289916223939721,0.116838214744871,0.206767825758671,-0.269278868656918,-0.197354429124743,-0.0784608799711371,-0.370239215222653,0.186430777679376,-0.449247427359058,-0.421239313070633,0.219853984820685,0.0793865886916959,0.271126909183727,0.0782344122608994,-0.27935244537414,-0.171935237789796,0.339125825914235,0.152964908120375,0.316362523172155,0.330141194112783,0.245993838913015,0.277596770770043,-0.299587835387581,-0.201072498064708,-0.310450305121736,0.583506622052426,0.275504500284261,0.147075525814194,0.613813070626759,-0.0809338739964307,-0.335049248712119,0.594454949381457,0.726587618965049,0.449861023768799,0.472556874434376,0.295885239056668,0.081776835358622,-0.119546724392062,-0.0236108212586207,0.176834061436,-0.133298698236349,-0.25792731902776,-0.358843650798007,0.164445363430599,0.0974018739101312,0.0422146333310588,0.229913110298949,-0.102661685502774,0.019376166817432,-0.190700438944223,0.0352297180310816,-0.0989428483590282,0.0469621392300262,-0.251888689634606,-0.357154555969257,0.0880189221686325,-0.477898771489539,-0.166837884437196,-0.0711874418257297,0.109472500125165,-0.212092086143598,-0.264972137380595,-0.21346948857747,-0.0836832908613633,-0.325091989234592,0.16414758287858,-0.00573715648188608,-0.257545148034587,0.259748022161486,0.107547522983458,0.150529393746798,0.0698665696165794,0.0846662179478892,-0.0833320792588368,-0.351610952827358,0.484859297103419,0.208147691337016
-0.132365584308739,0.740915668970553,-0.173273400579306,0,0.758430889023456,0.181413586639931,0.154623463324282,0.389298915468052,0.283076036806407,-0.209148036106985,-0.218324326393541,-0.163333992172941,0.0360333775094836,0.304726262948053,0.436259190809049,0.501784245638367,-0.124710623801512,0.208613274654601,0.122490669222557,0.0502020466346618,0.331883676439524,0.0732056757943592,0.500790817809535,-0.200116184153507,-0.365746695168576,-0.198352837557073,0.190521315148959,0.150068443437178,0.234832295110711,0.384852897089314,0.0497698807907801,0.297971815843356,0.502579192465987,0.0493869464436816,0.182249073584913,0.41391102895468,0.137741596626004,0.297420891344922,0.419494282462533,-0.0222871074567689,-0.0709281247664911,-0.274775108027979,-0.14019429539731,0.170368316033217,-0.10239458623102,0.158733955919383,0.423941134470621,0.586771316861045,0.120705465276406,0.100140405291516,-0.376229943652846,0.395294372874443,0.379997553073047,0.799837249479366,0.284954833243392,-0.0746643912413261,0.303689537396379,0.318450997448562,-0.470932707648304,0.00612034195738307,0.0174156516392411,0.233719218585799,-0.168683054509373,-0.107324133093982,0.477600324676044,0.393512730086742,0.14801980520119,0.194528794120605,0.170903462833325,0.173457981499847,0.361496655401007,0.250894919145269,0.339223817867303,0.106557585985457,-0.00561459039919008,-0.143012478903313,0.201521111534914,0.427239862933484,-0.264732624300495,0.240112942157246,-0.178662057461372,-0.123846483115675,-0.265651056251564,0.139550051521101,-0.250185291452427,-0.218825111108841,0.128018232738513,0.0637126621828786,0.223008918467566,-0.0869922031597225,0.06249890591447,-0.250948801534254,0.213764703611339,-0.315545151848364,0.046219167538583,-0.0362741226769158,-0.371214235514557,0.299900355208992,0.0385707087024115,0.0535668493664606
-0.119860961372181,0.819614607740159,0.156420688538477,0.758430889023456,0,0.485892029385888,0.303725139572878,0.568719554851281,0.58186453466152,0.0199321877833993,-0.0346496459285331,-0.00971446747255623,0.151644460203715,0.387846798528407,0.361923863496143,0.420441656597277,0.0797556542723997,0.254260578239096,0.284380548220422,0.132555244052991,0.384486010942728,0.134138344140128,0.377878799651357,-0.0281507768686942,-0.238737156313973,-0.140128049027843,0.0351631339222788,0.116963910761162,0.28305627807502,0.290097667289167,0.168166273430194,0.116781755326639,0.281165464485097,0.139540730272097,0.172354343932621,0.528217323948023,0.202568479454586,0.168743385677521,0.281337894138436,0.0460566677902492,-0.0635629165516629,-0.202942138956295,-0.0971257798347941,0.220045103196322,-0.0122643196116562,0.0969668326303365,0.285826679902452,0.394316045245285,0.361773780230471,0.248544103560896,-0.342925299294553,0.574568430369561,0.442352402976983,0.616324277365712,0.565391726350598,0.195187807951805,0.496816005759998,0.459469726308702,-0.33921933828559,0.114905556993408,0.0242416791373596,0.259176662388344,-0.012762774872346,-0.0273864741468734,0.423763347519981,0.365484650604576,0.260966943765848,0.249769969507595,0.204812072970655,0.208755317440014,0.359893019032505,0.237452023524928,0.267940904740718,0.131008409751615,-0.0729606485323174,-0.0616650167414634,0.152982013843718,0.281670076371558,-0.299670809767726,0.0312729233947391,-0.223667549457614,-0.174568106783286,-0.35191663308242,0.00233500029944207,-0.410896564242327,-0.344206747837132,0.131621209967635,-0.110473700038468,0.330454673131207,-0.13388609617019,-0.127923472699011,-0.164920774772715,0.368325788010021,-0.237346609163802,-0.103455280374743,-0.227848184646184,-0.403547790933274,0.110445224099455,0.225070815967433,0.179792962303738
-0.0602645959158989,0.533453512826992,0.678714478204508,0.181413586639931,0.485892029385888,0,0.522262826881943,0.687769320820531,0.824993372707464,0.116201134625834,0.270745487459274,0.151395265473155,0.276661396473469,0.323774304799874,0.0672575920472228,0.0491256220307241,0.29451269122499,0.405061407798045,0.369851159200958,0.27562335350103,0.255650142952278,0.270595259308246,0.132145598090395,0.342372239205083,-0.0578160290816514,0.18356278013605,-0.101853299376731,-0.013346944607401,0.190508537273934,-0.0387842333197428,0.178944830571546,-0.409352343828842,-0.281932462462084,0.320994798264284,0.253760304402088,0.647202439454091,0.276772919468794,-0.237357388639679,0.0355504223681785,0.461220177406162,0.25546766148774,0.142862218606935,0.306820040466417,0.331405178996743,0.225938665372035,-0.174933817254244,0.135848491615248,0.0105945272501672,0.77018355721755,0.488037949615714,-0.28264275306631,0.590965984652245,-0.0151795573173203,-0.0472543777625217,0.858226107322436,0.736284265016616,0.6298647652282,0.728016233900956,0.1712443959084,0.252626817253619,0.0940386734040174,0.172952847958341,0.176604918932657,-0.107517984242622,0.045758040570689,0.0158409265641048,0.392192980983983,0.232709348780592,0.170840641132247,0.294408537015531,0.124401367127726,0.203896097174119,0.0371126143285087,0.311131007862666,-0.107979188512618,0.131175099063829,0.00974791782777961,-0.0268940801646007,-0.0326951708255975,-0.451405782367447,-0.257349311842524,-0.0976062393139297,-0.0380554612804294,-0.111354952430391,-0.403550410308563,-0.336429061863855,0.132306015922256,-0.21559495766945,0.456582802472436,0.0167595868117839,-0.33153801980209,0.168695714958392,0.45161192233803,0.0739574595104994,0.120107673944989,-0.00300660470783114,-0.301822111922338,-0.206146948365008,0.61954713507453,0.377308565942953
0.0271116344262262,0.468924650689751,0.416363093073348,0.154623463324282,0.303725139572878,0.522262826881943,0,0.562600155704802,0.417765176148146,0.0254174309861168,0.267871985228585,0.255263275104896,0.206191903933483,0.165020111256234,-0.030642104789631,0.228932443672887,0.207147874900269,0.271309545775553,0.20874259992518,0.206591903796794,0.203942443601218,0.166035186657347,0.124875283486025,0.321876461151524,0.0160940280167908,0.147397150785225,-0.122785169288497,-0.0418181941172507,0.173843764017953,-0.0512459482204418,0.120725845012591,-0.332001641796479,-0.214000337982273,0.151457172936429,0.11847031362577,0.353213814911232,0.16733750109396,-0.144472995397251,0.0581301556579641,0.594721703077031,0.307094526725792,0.103053933649513,0.241372704319364,0.24299475996358,0.118926888779269,-0.18540586486319,0.0651583718054263,0.0175740987712158,0.468196525534045,0.288423708761618,-0.256543130902372,0.445185099805276,0.0621545048358278,-0.0552940674655775,0.528402131132961,0.318563454363326,0.514883145048118,0.492799996257145,0.0162288411013331,0.216405989407464,0.0539094906969245,0.0220335132747419,0.0203002028017127,-0.204417486356151,0.023603757824816,-0.0962428209017447,0.364747701923629,0.204628104527615,0.0940538087601008,0.150899290646552,0.118020566092575,0.0361033139676516,0.0466713834426878,0.263741604418277,-0.162230324493908,0.0920280585331041,-0.0298061094571605,-0.0359172756277588,0.0086591656583179,-0.432562452259928,-0.348982121691115,-0.183955269491235,-0.0383123022535859,-0.252935831565209,-0.304843724303768,-0.408649034107865,0.0384901575523241,-0.226604670457015,0.240569445530961,-0.021005626598379,-0.310184732836701,0.29367592459816,0.30369586613512,0.0179054943391816,0.0513780421509225,0.021137984594795,-0.256753257227975,-0.0734065008899398,0.322668788166884,0.245323805232136
-0.101161039054057,0.686736074420224,0.51707525041671,0.389298915468052,0.568719554851281,0.687769320820531,0.562600155704802,0,0.716771871136152,-0.0858649324329002,0.0217025571400144,0.0149360382656098,0.109686041386472,0.25530204943531,0.0271421784550005,0.140722687562117,0.262293088443471,0.588799295873491,0.312417062043913,0.330956536247281,0.295644600774538,0.199602173587989,0.240413157282387,0.164864302528079,-0.196126946021552,-0.0249761408762747,-0.0627529567695921,-0.0920845814625259,0.166581975537102,-0.0361888336594982,0.147447501074961,-0.356454589295927,-0.205204984494645,0.269034255104132,0.136353957855973,0.56258029100343,0.180676210281508,-0.244527762940567,0.062463433683626,0.36073754061343,0.172284258695267,0.00509197811328621,0.170954808803178,0.431360051033547,0.253256437390767,-0.0759778719872017,0.166440482709736,0.160686062155849,0.583705552774466,0.355590712825192,-0.284209224995624,0.639896583077886,0.126089581988574,0.137124329583682,0.713063418418559,0.474368251894919,0.824058447020219,0.775538749942926,-0.0121521347068926,0.0836819261704026,-0.117730884873808,0.0531168378391209,0.047250801382734,-0.12886559923109,0.147281266665935,-0.0287788235634515,0.432602669497611,0.300892216203605,0.193774908362009,0.469088231967928,0.244434130344512,0.151791463860874,0.176655997794314,0.246302199657102,-0.101075642795781,-0.161819981746429,0.0328018116834647,-0.000809781268872398,-0.110682054449705,-0.375178940469613,-0.282173975225664,-0.0207559159321104,-0.0550713214750455,-0.167862392895514,-0.401362084214379,-0.30773506461812,0.0589508035647828,-0.232155089746378,0.376824852082351,-0.0227120687122253,-0.270402908492104,0.154486869460886,0.334206671150974,-0.0344100734008805,0.0616243266511864,0.148483331007277,-0.263419930980764,-0.0274400312924531,0.45276177775781,0.227653839950272
-0.140601029132106,0.572084834022283,0.514560492398912,0.283076036806407,0.58186453466152,0.824993372707464,0.417765176148146,0.716771871136152,0,0.186016159210918,0.138415257564584,0.160358100560796,0.238497129414653,0.306681931420824,0.111956822290317,0.0380029662101695,0.270776143585969,0.418186373374165,0.339939453476731,0.291370786399182,0.24768376552307,0.206634897714643,0.151642264862417,0.262954657733466,-0.0997497030926175,0.0553853443484426,-0.0948355760547201,-0.0370845920759112,0.165846558115151,0.0392956362655717,0.189868417474062,-0.325300954196952,-0.235310302912958,0.313730226839976,0.171172530541971,0.719713363375594,0.204767616920399,-0.211182570740658,0.109075363961653,0.36656056050783,0.256333690072946,0.040289258634986,0.208427852275107,0.343041443681275,0.239762053707573,-0.0819494206081843,0.139507560134638,0.0892240751699467,0.664937913677764,0.431352229467938,-0.342166745224418,0.556798372946571,0.07710252167541,0.100155761869151,0.823034637215454,0.608220931081324,0.687957876648586,0.774189401074366,0.106544486480724,0.22457783854679,0.0374581748465204,0.157708762639051,0.148473641616701,-0.0494964713901762,0.109945317586417,0.097173203872979,0.515962600287365,0.188406043083617,0.121997283729002,0.299167932387453,0.16707233061871,0.14702115442855,0.107390974296215,0.389433849426292,-0.141092041331939,0.00656586840182652,0.0225268104925918,0.0157516324051314,-0.127110884736348,-0.349390378324428,-0.25907241162732,-0.0497540393471099,-0.108057502285482,-0.144635510861947,-0.439485213789567,-0.270394255211159,0.0714856167581572,-0.253642028613005,0.489633343583727,0.000579916038493756,-0.302045807259371,0.111256245968597,0.51823961245915,-0.000543683249737393,0.0126839115538006,-0.0550628022014558,-0.283189388623632,-0.139045197938136,0.540731705869145,0.30804293236163
-0.0999459046829078,-0.0988987977635193,0.0791993934611004,-0.209148036106985,0.0199321877833993,0.116201134625834,0.0254174309861168,-0.0858649324329002,0.186016159210918,0,0.0895173154440677,0.255745439989723,0.0237293100000942,-0.120808029685175,-0.138058735898412,-0.0342590339883827,0.0268804778856339,-0.268348995936259,-0.145056728105105,-0.147452436186346,-0.21074841789127,-0.130596470230797,-0.306804975797675,0.152468602843844,0.644967153807467,-0.214542020855345,-0.237751785670768,-0.195381678975549,-0.194247176723561,-0.0849108212285762,0.249855935228171,0.0938972268635575,-0.0435113960882929,-0.151552922138014,-0.20321719863895,-0.0640438343292377,-0.213275727799394,0.14867771664983,0.132816836178934,0.0712072704244286,-0.0574700574563598,0.0529219255202142,-0.00504584362977224,-0.151931934912494,-0.0184114042627567,-0.0167393184444062,-0.260429025376188,-0.300647090739573,0.0514129816017267,-0.159199003850223,0.0879972425055659,0.0909672501556545,0.144479842711484,-0.150442312471942,0.167618388352748,0.150555443125375,0.0239993048976244,-0.00819270546968903,0.194248123518192,-0.0533922523786655,-0.138378098000072,-0.112937137406307,0.107525312428135,0.110277735599587,-0.234862059813398,0.00446425787834366,0.0504493478249484,-0.307572056933454,-0.293370383326972,-0.331632478123711,-0.172735081330296,-0.303551016757057,-0.246368063473961,0.0499693017153281,-0.337433273871091,-0.0767732971382138,-0.190617750023903,-0.234710034623631,-0.0362374882105079,-0.011302710317189,-0.20279490496922,-0.275408714788996,-0.26790449536161,-0.264969450711687,-0.0617552848155164,0.0303047348364692,-0.314074778765531,-0.293787875540627,-0.101601032978585,-0.251977642278452,0.0474905866312959,0.287854861325548,0.307026761799137,-0.0703783389428021,-0.393371665563875,-0.476199846307332,0.146404260952777,-0.286235528447508,0.0166398980405871,-0.145583824671781
0.0375496779544894,-0.0680997517019711,0.161649126678887,-0.218324326393541,-0.0346496459285331,0.270745487459274,0.267871985228585,0.0217025571400144,0.138415257564584,0.0895173154440677,0,0.561318080735304,0.508529657919091,0.340875663975628,0.170595456822023,-0.25349522666197,0.521764814389882,0.00781552385900036,0.41166455606461,0.200959112096263,0.287412032736475,0.364321342058081,0.12649244002032,0.512087092681868,0.0354035424969728,0.537067288549281,0.110255009812907,0.277295766520207,0.342331828036196,0.0705398978129765,-0.0994222349911265,-0.416858039886974,-0.366262458092714,0.254856469186903,0.269306722326264,0.120669792964819,0.4481432583562,-0.310056004737124,-0.174953147928863,0.231856299825779,0.204262625596264,0.182172511379123,0.273642820273992,-0.0560218040320972,0.196618396047716,-0.172296433894872,0.0601674072290287,-0.0565728600205715,0.346305782681156,0.435028166763192,-0.148962800137281,-0.0367063581734258,-0.259927112814101,-0.283211676531306,0.160480555784645,0.236023998620804,0.0356619672117812,0.170575339809621,0.404109178895994,0.55882871362679,0.483946111183418,0.177988137787474,0.11675809933365,-0.0607434884759769,0.0338174653813777,0.090266611297194,0.101857456648474,0.283554350694803,0.156148151206735,-0.0107993542769739,0.0167239035325368,0.140879248206986,0.010518929296619,0.277444547511744,0.0369313580062992,0.575012344192262,0.247260082727072,0.110618409896287,0.0140180235790453,-0.446099315332585,-0.17373092758411,-0.0638579297662652,0.194081570039141,0.00975774513332538,-0.011820317024786,-0.358428945320471,0.381693868752981,0.0359335036700374,0.298412164361186,0.245138305145331,-0.458499105850029,0.138134003435117,0.221052990954559,0.252927239720233,0.141950121784189,-0.0499026683379915,-0.240443210619084,-0.0920011550776659,0.412081607205084,0.471542858742764
-0.0229917811649318,-0.0653432161479109,0.0249664727573231,-0.163333992172941,-0.00971446747255623,0.151395265473155,0.255263275104896,0.0149360382656098,0.160358100560796,0.255745439989723,0.561318080735304,0,0.386491145388591,0.18829481221508,0.0805404153151152,-0.149839262184817,0.420161940884209,0.0219684379779196,0.268444622085026,0.230637394212983,0.139961195235755,0.194588474501875,0.0674780767225537,0.543885414442124,0.201218097036333,0.301639949697869,0.00552012817099987,0.120466590126559,0.177598881380649,0.126730378876468,-0.0339720491111346,-0.326220148433953,-0.250616161861932,0.181593127059745,0.0492751012153375,0.250078109386644,0.173045239999886,-0.187878640163052,-0.12597469483208,0.201360466704089,0.226601175748091,0.149778267099758,0.165772255396448,-0.079305811261455,0.0725532802191714,-0.21436704753487,-0.0524286109876028,-0.0186021069917475,0.188345254679182,0.145614368171149,-0.147014075217688,0.00128697686860594,-0.0817527609487215,-0.181298486153756,0.151000858788417,0.0607531755110211,0.0371246514252227,0.110836681872392,0.36436369015068,0.426183070219991,0.409677040925472,0.0322743174719901,0.030042382059256,-0.126060842699728,-0.0216787257364637,0.0850248683928465,0.224987539318324,0.0118043336882656,-0.0518303153758065,-0.136251273574874,-0.0377604574311125,-0.0222682904099758,0.0174336329687214,0.364244731934167,-0.000712949352747299,0.328405248517074,0.130372209171833,0.103404942338105,-0.0406545663578232,-0.324649853920657,-0.149525950530373,-0.134971824141812,-0.0143421400575776,-0.141249469254352,-0.11172093600751,-0.277386342242779,0.116632835239034,-0.0500924513516716,0.270427426438969,0.139701106257594,-0.262559544797352,0.20011948147045,0.319185350369374,0.164831075405852,-0.00478057266449026,-0.103347884541639,-0.239631813687747,-0.0719568559310264,0.203207377825024,0.204956084911618
0.0652273152052673,0.149345346221931,0.130207965831028,0.0360333775094836,0.151644460203715,0.276661396473469,0.206191903933483,0.109686041386472,0.238497129414653,0.0237293100000942,0.508529657919091,0.386491145388591,0,0.567273203778346,0.32114897051277,-0.241389713000419,0.635412114298802,0.161841690673118,0.615194202898682,0.2896158256116,0.469164152158008,0.712095936854135,0.324541903230654,0.436376491399777,-0.265178210403808,0.519663888210819,0.356463141663934,0.50668777063549,0.38296744493851,0.30486846274743,-0.27795534985471,-0.430446004844497,-0.266142122768514,0.498231621724786,0.609197864544293,0.24118722601805,0.515833903380301,-0.249854698358191,0.00983400424366686,0.244297752641534,0.235833063744901,0.128430915994604,0.392411420240246,0.100420953978273,0.223722882308662,0.0193963992843534,0.360961804673173,0.17877012969592,0.281862738282261,0.548517859701397,-0.286972085829957,0.0295859079245783,-0.282523968192748,-0.138761885966629,0.185394833967964,0.166749330635588,0.0770222881266484,0.206979851688221,0.345446700503987,0.656502808680502,0.612466226086115,0.622983122882809,0.38005445538055,0.126502985181381,0.231178810826343,0.250610287733233,0.112281659068172,0.512147819611319,0.408091385245769,0.194150017695244,0.258119181871225,0.52996671603826,0.243075996210884,0.359703502404433,0.254294500630977,0.564470778413175,0.239766961929462,0.28299209437283,-0.276799344519757,-0.436522681542666,0.0316811380981602,0.10959665489849,0.278474023019609,0.345934187760516,0.0844456011491439,-0.120384435724004,0.487802880398008,0.243006139137148,0.448553411803672,0.458406286266188,-0.447441361508038,-0.074204365097835,0.381430697313071,-0.0678396142157546,0.394147472581862,0.0356224029259019,-0.194377705969096,0.148275401701959,0.327178999528382,0.580016972561877
-0.0839943390149542,0.345715907331957,0.0214331749185404,0.304726262948053,0.387846798528407,0.323774304799874,0.165020111256234,0.25530204943531,0.306681931420824,-0.120808029685175,0.340875663975628,0.18829481221508,0.567273203778346,0,0.698087644281942,-0.09969476221875,0.491243626309495,0.256565318846973,0.74350188701487,0.409373753034253,0.876870438174115,0.517756566624183,0.707110808993329,0.191972390551744,-0.449856665347383,0.282885553135345,0.514644898658681,0.618008724172807,0.700214979493565,0.600195632338825,-0.163089297310496,-0.223213690444977,-0.0923725448211614,0.388601519466524,0.542978158270856,0.357273464776138,0.569922806474117,-0.167851273695698,0.115299196582048,0.145695010218955,0.105512482750231,-0.0785011210300534,0.111868586728063,0.0959173493685877,0.0458005496008782,0.264690102283324,0.651327560871158,0.528401778034996,0.291895425303892,0.555223447844543,-0.398662205117377,0.113772090511924,-0.0955557844425502,0.144834167194042,0.265177073554858,0.153698640645948,0.206175729943283,0.270087212369907,0.0272410278589978,0.550178212940583,0.465669140598938,0.499235665140785,0.305362933311378,0.285976918318039,0.670319148110689,0.580240749960008,0.0792139984662359,0.72366501879449,0.735597795648029,0.410339085748874,0.646116536305721,0.694986458871354,0.594445723705554,0.287015610754218,0.174086839293188,0.412289946028468,0.574580538424434,0.617012059614108,-0.319894826207665,-0.272821852746824,0.0679880129006879,0.106467242676058,0.0549738071259877,0.39288323259544,-0.0440109100647664,-0.201603895072896,0.619049123146776,0.353313150669825,0.539531943926685,0.265441844871673,-0.378012622684735,-0.195075299927074,0.38046150289253,-0.160906969199698,0.301278664681919,-0.0223977986803256,-0.27028940169096,0.387161448128556,0.29311636890746,0.544606133484006
-0.0898750831090784,0.231728120198828,-0.33369757251935,0.436259190809049,0.361923863496143,0.0672575920472228,-0.030642104789631,0.0271421784550005,0.111956822290317,-0.138058735898412,0.170595456822023,0.0805404153151152,0.32114897051277,0.698087644281942,0,-0.010356739340476,0.0983487786783835,-0.0194399972920368,0.370104245623049,0.156220650149213,0.66871510256294,0.237157181652368,0.774705110166388,-0.0501029026965496,-0.441825010371751,0.116841493386508,0.515360361143488,0.580016516128714,0.671262721659213,0.730097649065644,-0.252758376528318,0.153796306933884,0.204145859457616,0.100168412965031,0.421547511568895,0.299105799964784,0.440873381410152,0.106692212039128,0.239563086348945,-0.0278591855620369,-0.00139545947813056,-0.277543967948234,-0.10680231376897,-0.0491139485827527,-0.144209617515827,0.412282376607185,0.726871109151889,0.714403864371045,0.0260234673125018,0.294233530649213,-0.342722174543296,-0.0795934425260727,-0.0145489448035155,0.405954221482176,0.033580925306002,-0.189921606038695,0.0083191913614667,0.0617665643812593,-0.227838085500282,0.390078593446046,0.425832071061534,0.403709242750578,0.00215370849136633,0.210735829556971,0.772544484819688,0.835343997377245,0.0371431484303014,0.414607083730793,0.434073157051351,0.106862499814816,0.583778049224207,0.479739768817701,0.646090988750162,0.204031435708011,0.0969666422061654,0.331146674935645,0.725110598140249,0.787741487608385,-0.323015551317077,0.0882288797567038,-0.00970729717801109,-0.0163078462084981,-0.0666580351683781,0.399752501232095,0.0270585999479643,-0.0844259399295986,0.530724244664783,0.444402905178521,0.347042257598252,0.119021871680073,-0.181553564722796,-0.335776620646859,0.257217061607417,-0.260622129150985,0.242204269688539,-0.0581151028609221,-0.214516165441626,0.544630061301279,0.0387977109370438,0.304424362452328
0.110819005942222,0.490354541706385,0.0632807494320912,0.501784245638367,0.420441656597277,0.0491256220307241,0.228932443672887,0.140722687562117,0.0380029662101695,-0.0342590339883827,-0.25349522666197,-0.149839262184817,-0.241389713000419,-0.09969476221875,-0.010356739340476,0,-0.280423018572165,0.0348037589811505,-0.203496561499347,-0.108878508921408,-0.08182136742553,-0.165423943703632,0.0541878818651787,-0.256571842258457,0.0603493810181179,-0.259273833914564,-0.145827483057919,-0.149393958603019,-0.0480165866910247,-0.0361622426967764,0.153234749552116,0.407194554321595,0.497958959363199,-0.149843842208402,-0.169344165395519,0.0567251925626043,-0.203784729110753,0.388184043243391,0.218306706503636,-0.0605791149713899,-0.195733874000535,-0.154847575847944,-0.182557872648001,-0.0479384683833663,-0.18786674015973,-0.152502931877414,-0.085783102534185,0.144107091525809,-0.018597400419906,-0.26986100422664,-0.105728349371897,0.397804589579908,0.484822842849668,0.478303863685845,0.158333092333257,-0.0699140116575179,0.0872894600851581,0.0978565455749022,-0.429220445738298,-0.191738320237893,-0.189165375197718,-0.116945929234166,-0.220051906196845,-0.232257014212718,0.0756921642855295,-0.0231710901146215,-0.080372227325231,-0.126512888143049,-0.156464776234526,-0.117696914300233,-0.000947138688359632,-0.136388103288048,-0.0596208319716438,-0.202497326090953,-0.205120729806598,-0.186927319612125,-0.145642804111664,0.0381400353629529,-0.0990573011485266,0.186575172408879,-0.223125023720356,-0.435684701619339,-0.394973173253247,-0.22740793704251,-0.221718374399316,-0.276331652592754,-0.293612968067708,-0.209354176175169,-0.166929824592947,-0.417718548918052,0.130478157459181,-0.0831178415655069,-0.0965790101426154,-0.288959510091911,-0.270302359323299,-0.202677130787942,-0.234369575907799,-0.0230289514780689,-0.196968010441825,-0.30972205436638
-0.0296189114498982,0.106516989349232,0.236837904070157,-0.124710623801512,0.0797556542723997,0.29451269122499,0.207147874900269,0.262293088443471,0.270776143585969,0.0268804778856339,0.521764814389882,0.420161940884209,0.635412114298802,0.491243626309495,0.0983487786783835,-0.280423018572165,0,0.417996962191679,0.751761852943261,0.449655735867499,0.480330691046142,0.549446195252565,0.169796788418836,0.550101847074592,-0.13134898714769,0.36748664684986,0.157013842587918,0.294153060893133,0.288905634702408,0.0641531556063596,-0.143342403368231,-0.535202008156612,-0.387749218499452,0.608682203047737,0.317230731916646,0.23487582566358,0.406552155670098,-0.445139319848376,-0.184798355765753,0.157054885875692,0.266957969208577,0.156361064258218,0.320274206479616,0.122897024639428,0.295471256703265,-0.0955205439394065,0.103205562217648,0.00653233406501843,0.403638210523276,0.579319864318305,-0.210890377284412,0.131553270857844,-0.174481804584417,-0.279141400568806,0.24397860600296,0.315800154419693,0.270396611012396,0.317567046692254,0.425298361880656,0.591256316046107,0.391202886788715,0.265313105587082,0.282027030162639,0.11312384249153,0.152354636728628,0.0678993667043848,0.186495588693801,0.485577360905664,0.424878191378375,0.398111007810899,0.280719953036131,0.365246339984072,0.133224931208774,0.298175113423254,0.279066621434875,0.418151031108735,0.188706925777138,0.0694095444107022,-0.229784158040688,-0.544405000307396,0.0777769817081457,0.177483178530691,0.213091470188241,0.108779622862371,-0.0988018900195413,-0.24817987925071,0.354740014049211,0.0234475968927848,0.517754913009207,0.410681771629736,-0.471434604614298,0.0398708406933036,0.220961210309187,0.0553410416545512,0.17589243150663,-0.0286464551399253,-0.214687376224511,-0.0426165183103486,0.44717022579865,0.5529572692842
-0.00264984246645032,0.382761335098479,0.341943585992127,0.208613274654601,0.254260578239096,0.405061407798045,0.271309545775553,0.588799295873491,0.418186373374165,-0.268348995936259,0.00781552385900036,0.0219684379779196,0.161841690673118,0.256565318846973,-0.0194399972920368,0.0348037589811505,0.417996962191679,0,0.43595121731251,0.599110061851642,0.334914414695127,0.400957262306028,0.252298119428791,0.359806209157371,-0.308991243110984,0.150558228041875,0.106435884894132,0.0731024558412275,0.127832389173718,-0.0331716081589783,0.0593045208797934,-0.470955426336438,-0.211896872699779,0.683737448341599,0.202812772004368,0.501927747121127,0.141006433543223,-0.374483926067427,-0.044871832133046,0.199485871003509,0.415716591199911,0.134696186499342,0.244668912365445,0.327210075815254,0.243046375881147,-0.17412995728971,0.137784971752399,0.183266085204689,0.41025768288733,0.441018724041636,-0.250966046547277,0.291190405808545,-0.060673436206717,-0.0321586726460177,0.366894551754754,0.361309506725543,0.526159033869263,0.506475461588933,0.131464061134755,0.186181373007794,0.0550513659636624,0.0726504034941797,0.053194509150605,-0.11418288222409,0.185499704321234,-0.140671436962219,0.392680882164218,0.392333606289852,0.409637631877676,0.793175206832528,0.38233121589429,0.345574904189001,0.203583923167262,0.306451843604716,0.301463766511888,0.0366938494701972,0.0435183720048449,0.049228330377902,-0.138837945818276,-0.427479941407087,0.149867529442841,0.33293937740996,0.0818275588506161,0.0711355644115312,-0.258739542941295,-0.240696942363434,0.0901926256189165,-0.0543006441988729,0.583040163478815,0.376052127956272,-0.323893781244065,0.0396097114370701,0.105386817857828,0.0425392333799385,0.220391352088683,0.180813405887134,-0.298622191134463,0.0154638611522937,0.423596497841006,0.366621949208036
-0.0376351880103026,0.262638293031115,0.165872389257325,0.122490669222557,0.284380548220422,0.369851159200958,0.20874259992518,0.312417062043913,0.339939453476731,-0.145056728105105,0.41166455606461,0.268444622085026,0.615194202898682,0.74350188701487,0.370104245623049,-0.203496561499347,0.751761852943261,0.43595121731251,0,0.478331499334441,0.721170620439286,0.588100295059836,0.448071001563755,0.41055153377239,-0.412499784032598,0.355248224501399,0.317277210683391,0.458659312981654,0.501021418429949,0.305315728879183,-0.0872297212934008,-0.448770444699354,-0.249915117336575,0.607600863628986,0.492040660426786,0.339939920804134,0.548258495267689,-0.357221966113271,-0.0537537343465336,0.146293116621545,0.223945741215272,0.0665385511605766,0.251967694856453,0.199575864473173,0.207945349237851,0.0729382450951043,0.406896053961342,0.282503744783419,0.409953168286689,0.689434877680516,-0.362297354401911,0.133055104343595,-0.113308090154389,-0.0486058112454478,0.295473688424194,0.299392509597855,0.29101042729482,0.325686236695043,0.209556553608602,0.595329923311107,0.413593786734523,0.364873266346542,0.238860778434167,0.151413288271424,0.41672677411099,0.301505284431832,0.167047988143375,0.654467776511651,0.662791423703062,0.498163235313497,0.487449663069893,0.589549793435637,0.37729289643134,0.332298867912776,0.247269215172524,0.409509403236528,0.348527513510483,0.318531235404731,-0.271092879196348,-0.459161806886326,0.102023404081286,0.200669266429524,0.190659626093641,0.278384625656259,-0.142462189020352,-0.243979187688683,0.563550957590669,0.181773649668534,0.593452245325273,0.409034625194908,-0.42517659607287,-0.161682129215348,0.300131905706109,0.034256351403916,0.254679461503628,0.0126765484700755,-0.305178486191096,0.147862423898606,0.446607935307903,0.673815297505319
0.0206617673429129,0.21760287641223,0.132550021876936,0.0502020466346618,0.132555244052991,0.27562335350103,0.206591903796794,0.330956536247281,0.291370786399182,-0.147452436186346,0.200959112096263,0.230637394212983,0.2896158256116,0.409373753034253,0.156220650149213,-0.108878508921408,0.449655735867499,0.599110061851642,0.478331499334441,0,0.517668063286455,0.349288322048938,0.293656905973315,0.276025080884563,-0.288822835814628,0.172372671091399,0.281897547822342,0.294836277157184,0.400899695894646,0.140442788711787,-0.0967758946150815,-0.410250871828101,-0.236622232880975,0.522642387755766,0.219020871838444,0.398974027415465,0.293021735387074,-0.378009328938631,-0.139314420306826,0.0933322120014566,0.210866266020337,-0.0271523442845356,0.0622813295539516,0.121568875341057,0.0529878965608235,-0.0568127021661862,0.117051584006474,0.174349703206915,0.352905472495079,0.447142778492647,-0.224476509367363,0.116437348963226,-0.146144172871711,-0.133828052128634,0.198540921307786,0.173222465128126,0.225684117318202,0.336384011096017,0.123091036991154,0.366506854981272,0.313426669971634,0.267273375488381,0.287191713026295,0.11010720341654,0.212136413923943,0.0809036821096891,0.247666460837342,0.45702462275711,0.496063797069486,0.622744025994862,0.472243295081357,0.369414269220101,0.276998698239492,0.272313690577678,0.335128736391395,0.181981333731682,0.29035136037248,0.202826635866472,-0.204303940300417,-0.417176272647972,0.289377096926698,0.451016910456979,-0.00144548219171168,0.132647947898023,0.00846230774479174,-0.1706195537059,0.284818103267151,0.118075835836103,0.633962966095842,0.381441373607136,-0.387466344625351,-0.0356795143631685,0.185526294173298,-0.106265880181518,0.0750675537602174,0.0341888906092202,-0.138962768251006,0.20299547071298,0.32521133320266,0.400808955900159
-0.0686713255174488,0.354835734407543,-0.0379170698488587,0.331883676439524,0.384486010942728,0.255650142952278,0.203942443601218,0.295644600774538,0.24768376552307,-0.21074841789127,0.287412032736475,0.139961195235755,0.469164152158008,0.876870438174115,0.66871510256294,-0.08182136742553,0.480330691046142,0.334914414695127,0.721170620439286,0.517668063286455,0,0.472778995292175,0.727578188962571,0.131174548048153,-0.502192391309596,0.200772393984957,0.512541080102831,0.602316839032968,0.736107513602101,0.587543306009659,-0.173848720077818,-0.222084471041072,-0.0851664828965482,0.383157534735595,0.507692251811216,0.321466011303532,0.565561958635439,-0.21114919936159,0.0754331880994779,0.0715850546546556,0.0721591649672183,-0.137351779204551,0.0407087441624893,0.120205221820966,0.0477796972284891,0.268933475768904,0.603187263990965,0.559914365701051,0.260274475524058,0.525478231758577,-0.427235873701045,0.0996902833059935,-0.0602007508133681,0.172757770196893,0.205096827330887,0.0578346063143451,0.225724589137461,0.270173485000995,-0.0777956647012969,0.501956313967675,0.409733946006558,0.444219975686255,0.254108507366281,0.279747081689868,0.709856928346192,0.56175100575845,0.0682510974548362,0.747074488352275,0.787424789434315,0.515865880950835,0.766771071020621,0.6685083198124,0.652207493461602,0.223241770589146,0.208359844186729,0.347199175100484,0.618472675239231,0.617602856993892,-0.355515409549472,-0.275331709009528,0.114577180921431,0.176055815798044,0.00436814114294597,0.392120043818998,-0.0121485342027772,-0.207578908592704,0.612994285164501,0.333413974576649,0.541819512641009,0.25537399541922,-0.374335478385799,-0.267893557302431,0.2828526026739,-0.195523265506712,0.254575718654525,-0.0177559390188521,-0.25775802396956,0.446385939760049,0.228651378594401,0.507486030451628
