0,0.287131518027472,0.341783285895055,0.28472936769193,-0.105784660933421,0.0384316621990294,0.434035973384367,0.0013417599561065,-0.0493116578800031,0.539854403421946,0.492940755598798,0.557731615784325,0.352252536321335,0.227985219511602,-0.346351332538375,0.572679207427045,0.120807852380672,-0.075130165868159,0.0527955570319336,0.104586025491803,0.0019619120577707,0.467637609594327,0.166461399375214,0.316490354467859,0.544790402758732,0.417687787776294,0.549400490480082,-0.473889120471771,0.231450507539182,-0.579100927367645,0.373516686068841,0.677838782403489,0.58075663825096,-0.0614766909965591,0.562827389446459,0.188914168354934,0.19020354304059,0.66509045440479,0.454717945182135,0.380720764137106,0.330047201267985,0.279505041584288,0.488804323175139,-0.136095441512704,0.0696637588413809,0.469118069383053,0.478423956133903,0.479159843139809,0.185679102506924,0.277599260038107,0.702076926716875,0.160239075608801,-0.0998828994888131,-0.182214251855107,-0.121579012313783,0.0186038776357952,-0.175523917168597,-0.264771259203872,0.00386221407168478,-0.524916221108635,-0.388326370678213,-0.309581394930237,-0.421597784789807,-0.497162556740093,-0.582292220344863,-0.472694232584977,-0.211172174320941,-0.0325496671704871,-0.541724643574069,-0.407163589165416,-0.466055041235301,-0.289980762069621,-0.471197930513062,-0.401345577105241,-0.504495167840947,-0.47216541357463,-0.188301521902592,-0.47246596971828,0.359631412423712,0.712713635849993,-0.341201275992603,0.0501928423782447,0.0847165378668221,0.287226507282942,0.250031877229965,-0.396384071400721,0.337387196157217,-0.0447415819193775,-0.0293581626180227,-0.262280340852477,0.417376902002317,0.366884201849218,0.229143597939702,0.32761872028301,0.228705158518174,0.418665143986013,0.432825779165144,0.0804456669214598,-0.0102266558993712,0.24472495192578
0.287131518027472,0,0.612904543140256,0.435510689082501,0.52901956623912,0.543994500941744,0.182465955380302,0.705564176347969,0.478015109277779,0.198968702061776,0.0521735760013882,0.0654013638618606,0.161594680888894,0.260217540343528,-0.0344252764717522,0.485283028887675,-0.0321576859411411,0.163439467060981,0.0435551106229987,-0.12148406210989,0.301982185061164,0.11236901620026,0.112972705821038,-0.0683612194454302,0.19000159301752,0.0236316228719565,0.104435444369415,-0.294145911711107,0.0431680023320389,-0.260178414055634,0.20146632271162,0.228597746760268,0.246722344248764,-0.00858044535527685,0.137429083646076,-0.133009489644412,-0.0196760272056531,0.206621017825103,0.1544246282229,0.182681764909912,-0.18604185178336,0.0462403652137093,0.178815708372199,-0.0854103327865577,-0.0522870417972206,-0.0341166697005399,0.019308477885627,0.0063150623838089,0.111411327577821,-0.157199861478878,0.419791626995943,0.751050878632475,0.239165296245958,0.3139262076739,0.543091443248353,0.472717033548967,0.514389002505573,0.476640440057023,0.0147534046446825,-0.268306934316889,-0.303405747952785,0.0175851034174459,0.0130291499330619,-0.0770267896013236,-0.0864439085502484,-0.0937125999682611,-0.287898666682312,0.274784238649574,-0.107342638830213,0.168879490878005,-0.101342113409703,-0.149697336515792,-0.0863400903658424,-0.173962102000963,-0.247451006719087,-0.307532035814334,0.014554135490078,-0.186194397238033,0.0779803385734822,0.268931733146158,-0.290250721522377,-0.180134566799773,-0.0920909443685355,-0.0533675380725964,-0.0503189848401236,-0.277208055711916,0.078759325943371,-0.0695982106837819,-0.134385905846199,-0.319026671431015,0.216441343561321,0.0441361146260488,0.0288966252936459,0.21653481666039,0.107266119215203,-0.128877747371602,-0.0573809898928566,-0.166729259837436,0.292141737531598,-0.0469780719358342
0.341783285895055,0.612904543140256,0,0.166388940384993,0.225814713547288,0.727161138963155,0.166358381078833,0.419318926817339,0.56623673504803,0.140865771972971,0.128347374072128,0.251738518151116,0.17091653163657,0.206524195438602,-0.129729623333211,0.412508015254633,0.0382798474773667,0.0890095291939228,0.0305987230694653,-0.0813529177501125,0.192766123659817,0.191129609549772,0.0552070244751539,0.0338703235087892,0.129730830523731,0.147868360373565,0.169466905406071,-0.32711049839257,0.144768528232033,-0.368398668252785,0.097477055175065,0.175471883747487,0.247016673313034,-0.0820100215925025,0.225426826156718,0.0273123925468126,0.0745630310642825,0.229436644294805,0.314679358755687,0.163586402768805,-0.0380738097959396,0.0907988435073244,0.248891386273076,-0.21017648336904,-0.0911380061857301,0.0611011788234017,0.149591714363329,0.104992894882476,0.343067774471609,-0.0402042186910517,0.362538522490714,0.620555851989669,-0.0773217251880677,-0.152358605609259,0.562612488799238,0.654672700242851,0.225102400267996,0.41072916045787,-0.112811743107193,-0.170008625160206,-0.248475698165027,-0.0629683076276093,-0.151417045498423,-0.200433466919957,-0.235230370655339,-0.181493008713209,-0.435235009101146,0.118226941653812,-0.274388642819903,0.000629269662695237,-0.166282050970881,-0.315582990588465,-0.247978927861609,-0.254670146023346,-0.30641526333857,-0.276589282842117,-0.0297898849450984,-0.304113383257692,0.046366277767291,0.254527797361475,-0.218709061223171,-0.103011519304404,-0.0879661894184348,-0.00588940824909865,-0.0596178427821385,-0.331439336782752,0.190138009398303,-0.095401292624824,-0.0349038752100253,-0.322793000174221,0.00908006592171941,-0.0460752952793213,0.02603884746836,0.18627004054596,0.0455052476901488,0.0389507416529191,-0.0294600463809258,-0.210471536147916,0.362978020295408,0.02271012383666
0.28472936769193,0.435510689082501,0.166388940384993,0,0.193993252289224,-0.00135642729187313,0.337558618841351,0.350308187722434,0.0119741067901184,0.260561984730867,0.13979473572218,0.278685180193421,0.113011923398444,0.359600432765762,0.106900839582514,0.474277946592718,-0.012313169704141,-0.0873210732043743,-0.11847038415541,-0.0693757527308461,0.161030590231284,0.23231581806322,0.0669606825576399,0.0485766472504299,0.12592034874489,0.117379468213467,0.0657636355813549,-0.241339561150051,-0.126526627021894,-0.174970031092375,-0.0209015971426322,0.23461285801745,0.0978111874184562,-0.078520246194788,0.227463251059753,-0.232051802380892,-0.159129660502427,0.287787487026341,0.38649642644738,0.293992859089169,-0.0886028656375542,0.104288643625762,0.208444573983053,-0.22013609898461,-0.158247008241315,0.0704492549809723,-0.00787545869337446,0.0587327798804301,-0.204214489124468,-0.0987057429860797,0.34662080079678,0.341593961394897,0.206647692395306,0.478170597101893,0.120631476709362,0.0902663703063638,0.322557800968619,0.0616016472531645,0.0031974115920176,-0.168426617219412,-0.222835783112976,0.0139395669036279,0.093730544283178,0.0414308457450984,-0.181613822340698,0.01695670189187,-0.0619580067119391,0.267222993568081,-0.0611888134581724,0.00607060512778286,-0.146367998427869,0.0800080139858112,-0.0761077620956225,0.0695729563369008,-0.210892732360429,-0.259628808641674,-0.147858622985549,-0.163310765886331,0.0557919625176322,0.30791062320863,-0.113008193389481,-0.101500569197917,-0.220133814979915,0.112144803369099,-0.0997708793339639,-0.163524115976747,-0.0727253517101755,-0.155430947937442,-0.284439736244748,-0.128005001403416,0.0990471858116863,0.248094639743459,0.28700176340675,0.237611688275273,0.159613175161789,-0.0653541411463201,0.0349161937794375,-0.241963666718019,-0.033457351717601,-0.0968443045021742
-0.105784660933421,0.52901956623912,0.225814713547288,0.193993252289224,0,0.462343165971243,-0.241016110579099,0.457905332896174,0.518417030252571,-0.0713965297217598,-0.242429229940281,-0.330834200543194,-0.173839667336668,-0.0383201070840808,0.184599335581999,0.0779764462866955,-0.300307151823399,0.195088723538846,-0.183432928792467,0.0434732660552341,0.317867168407244,-0.349516154119367,-0.0845659625202673,-0.400822998908159,-0.0916391831973778,-0.364407329165499,-0.256581294507661,-0.0394616748890314,0.194521206766835,0.129075126766155,0.0938752712347977,-0.158795355361245,-0.0711514634271267,-0.0153638251355371,-0.256128630793136,0.0173560060049571,0.0869856557015512,-0.173655258192004,-0.213092631544559,-0.133174027836546,-0.41594933210435,-0.0828389237987917,-0.310846109429253,0.203663276629171,-0.0240717805916653,-0.394289832147285,-0.291905052686858,-0.243170791230494,0.23314991566846,-0.120698399296519,0.0533812142098297,0.469817119716114,0.424104166021301,0.47063426718277,0.542968032171643,0.388186043147063,0.465320305375263,0.556664015403125,0.189341864032767,0.123054787710859,0.104755877399616,0.125490536167203,0.22218133540936,0.249865849458775,0.319499491199551,0.272032695788282,0.0333009732979012,0.116332235905554,0.185588627211126,0.383964463853973,0.288538438151393,0.00537625333229248,0.198828258387548,0.0556465123007302,0.0614476415973275,0.0583891343792946,0.282353001795199,0.113616796818442,-0.133134669454363,-0.193115802946613,-0.133568245810693,-0.0751047011309717,-0.0834146376058154,-0.310339430702309,-0.230198526734459,0.0206448734571155,0.0798971717811794,-0.0238018351313469,0.191085119450998,-0.150921084618189,0.0954231167538399,-0.0224979689520764,-0.144062942061147,-0.0467548748405034,-0.0844512218885373,-0.387431756732427,-0.331116969216236,0.0363939979398027,0.402914749056469,0.112123619757462
0.0384316621990294,0.543994500941744,0.727161138963155,-0.00135642729187313,0.462343165971243,0,-0.142652038496906,0.454418616327897,0.855055824410477,-0.138498936978228,-0.226759208057544,-0.166920682469674,-0.0749594438898171,0.0374866099846757,0.111643406243407,0.112402774397628,-0.188373989313891,0.208268769003227,-0.0798435890175189,0.0502171336901443,0.294145441042011,-0.197133251615846,-0.144098863021047,-0.291930312239306,-0.127204760689444,-0.222166208505788,-0.129810728464475,-0.133673170544166,0.267815732411694,-0.117759829765809,0.0393342042680486,-0.114631551800843,0.0364575655209594,-0.0678581394472398,-0.100833770774615,0.214156186089622,0.19425356336657,-0.0878370059143941,-0.0206648556664999,-0.0672256567201322,-0.25399652011774,-0.0957387957890735,-0.133755884031334,0.0969651465246692,-0.0408302366393073,-0.279320562376116,-0.10890107734692,-0.164389396863498,0.554687869355132,0.0586203528609419,0.108941986647055,0.585905456349975,0.0647572519864711,0.0315445477493319,0.791130939794189,0.806463340273269,0.382437851802155,0.741490083495124,-0.0548633799811131,-0.00569063430528372,-0.0538140011067889,0.0684560916210805,0.0954294630648399,0.0892703785852245,0.127619641379098,0.132624463065298,-0.251452561553913,0.123561508292463,-0.0270378677806637,0.282939032607295,0.133606282318138,-0.195923278346106,0.00588861518485142,-0.134790921777561,-0.117999021807396,-0.128768524030248,0.213238040900749,-0.10155316711772,-0.100776800029084,-0.10372800279453,-0.210950657760418,-0.0325587547182892,-0.15941400182023,-0.280057761171085,-0.227801068483596,-0.137195899706298,0.231536099721461,-0.0938420339962494,0.262111992672627,-0.211660654207408,0.00379659590153475,-0.150461407458453,-0.143363811952481,-0.0334754662524536,-0.145375478551204,-0.204323105771138,-0.304590426357184,-0.0915715521307793,0.592062382672646,0.218783214152366
0.434035973384367,0.182465955380302,0.166358381078833,0.337558618841351,-0.241016110579099,-0.142652038496906,0,0.0940365858805223,-0.181691494724743,0.536466418687282,0.371429166638646,0.451516210892062,0.163782189697565,0.121686777238712,-0.349244767217156,0.449760360305847,0.202167643693383,-0.315113111815266,0.132089563778829,-0.0192997675995226,-0.0216991226686439,0.469420048551271,0.0895129678390421,0.466554922397909,0.442263536488118,0.379051112320627,0.382812090502409,-0.393919205690393,-0.0306170770798066,-0.437491329391596,0.160374584593376,0.483545018563406,0.32967505293565,-0.185625695204689,0.566460877776825,-0.151708765982178,-0.038838195774114,0.521273547395612,0.504890811514304,0.618803580831351,0.377029256239062,0.215248481129175,0.514929903036068,-0.105673357091559,0.177674040265671,0.467080252753765,0.275228487557798,0.327322802194947,-0.105899316741169,0.111469010084654,0.442240239096665,0.0854598886312642,0.132468559662162,-0.0204010858928565,-0.275595514575049,-0.180224079839065,-0.149000529384175,-0.279436170126274,0.18074175839881,-0.277398986133066,-0.305243437184181,-0.217576904232728,-0.422350262557887,-0.446062418860409,-0.40444329166387,-0.391417910254179,0.0138690489318886,-0.0102711761806598,-0.366910565618711,-0.492825785229231,-0.412415956028809,-0.110981757189748,-0.450298971800838,0.0833669113469006,-0.238074597383668,-0.343906735453784,-0.198984192991112,-0.352449901444488,0.255074749062008,0.539386264129306,-0.081187949582303,-0.116844062212841,-0.154472164539009,0.388129856609479,0.275671970436416,-0.409292929988853,0.0678489601990095,0.0556612051552991,-0.354166602986214,0.0418358348542484,0.257736999625932,0.423831240884048,0.549679517998334,0.365527497433372,0.317138665128099,0.417956228666268,0.490235600276566,-0.147360393784,-0.357315876667293,-0.101223669913438
0.0013417599561065,0.705564176347969,0.419318926817339,0.350308187722434,0.457905332896174,0.454418616327897,0.0940365858805223,0,0.440821593057607,-0.0984540867043702,-0.173753149844505,-0.13818207285211,-0.0312831274607642,0.131171057913547,0.139210434057825,0.205531465245727,-0.108928854203732,0.296024723509212,0.0680300751985564,-0.304067584754952,0.175874021857944,-0.118525077466191,0.00974918102464735,-0.22892779625641,-0.098538641469443,-0.155107984008668,-0.1966095709221,-0.087168322865665,-0.129177830818965,-0.0540350814126979,-0.0395452407617861,-0.132173704562615,-0.12797715746517,0.0464124276198222,-0.12536142744802,-0.23269433224613,-0.176027779484831,-0.137456203666099,-0.0936552874402595,-0.0400915539521012,-0.365099850114463,-0.136885993130389,-0.061723152457544,-0.0117219040819815,-0.0386983855592603,-0.322793179680934,-0.274551331234403,-0.284778374874596,0.0635929251978009,-0.26553282394306,0.0840785099815766,0.707170075037575,0.374971044623422,0.479533179721854,0.540141725380552,0.416479706907048,0.724262507391786,0.626414157505063,-0.109871457364988,-0.088949815389852,-0.0869429616270985,0.135326502736786,0.160781858815943,0.150374518239741,0.190796383428868,0.135433093088877,-0.0933010776470025,0.251480557784116,0.188455312238962,0.38296053207391,0.0997617525898013,-0.0101283151650656,0.133561954723579,0.0137270922294167,-0.0196245985862194,-0.0368880830092137,0.0271339004255605,-0.0232191658444573,-0.0416574766073631,-0.108353679097344,-0.183859677653517,-0.357043700627594,-0.101127947850385,-0.134134845342228,-0.258554943185887,-0.155818764837795,-0.203910905360524,-0.051312240189898,-0.129418414156854,-0.219345471162336,-0.022678000245932,-0.0929412218353106,-0.0939003942962456,0.0659560675847585,-0.00330913874890004,-0.254003826428173,-0.332476101124755,-0.276481123329704,0.319382032640532,-0.123170703265274
-0.0493116578800031,0.478015109277779,0.56623673504803,0.0119741067901184,0.518417030252571,0.855055824410477,-0.181691494724743,0.440821593057607,0,-0.138283762524944,-0.31802791728695,-0.218492572220544,-0.15783738565404,0.0371521619217956,0.170584939716901,0.0429696009267156,-0.27735637581668,0.155365001057119,-0.128979918293046,0.104299400226713,0.33058602453914,-0.307943780914103,-0.185017926293018,-0.353903791275593,-0.121031826215353,-0.271307439259645,-0.150276984851093,-0.0192679270007903,0.283922230822222,-0.00617272546728882,0.0203274373248547,-0.129043596844263,-0.0122384569477177,-0.115518292916858,-0.165307855848832,0.295432549345856,0.262754575125112,-0.129765692078658,-0.0624025792713317,-0.131579331159034,-0.308930955428508,-0.131444659107175,-0.235340922096112,0.234081689868591,0.0189587937554676,-0.31551578276066,-0.184296948819238,-0.209220277389452,0.515177799305922,0.120332437820853,0.0690836097333314,0.496217004731595,0.120725537328783,0.119391587647987,0.750860632916715,0.759777547875994,0.380641355440179,0.790350369006931,-0.00555275747086563,0.0269289491140859,0.00345147016479924,0.104850527112542,0.164974650842818,0.180544247682379,0.229663527440274,0.217024315648952,-0.170616734353315,0.129822093918621,0.0113748434793375,0.305349666948395,0.181502152216623,-0.118094328195011,0.0551173729498972,-0.053255371759732,-0.039071738721196,-0.0385161689102149,0.287119228849552,0.0142713093096597,-0.113286408265823,-0.167167917368241,-0.197695448005083,-0.0220711037390789,-0.183128087704638,-0.326078499791215,-0.21378467580779,-0.0908028189563939,0.249797938290938,-0.0776949786617301,0.376147439889962,-0.14127527596424,-0.0130561171959996,-0.0975886044126544,-0.110026201119915,-0.0444138887621491,-0.123923873565856,-0.259047247210669,-0.318139567159462,-0.0633574578447696,0.547803674566872,0.276771693303214
0.539854403421946,0.198968702061776,0.140865771972971,0.260561984730867,-0.0713965297217598,-0.138498936978228,0.536466418687282,-0.0984540867043702,-0.138283762524944,0,0.527747596169368,0.527917342356548,0.360413436834378,0.243759610196098,-0.308423633873437,0.390002626217195,0.276738700381237,-0.252798453797387,0.0849164105601913,0.038275765882497,0.0345256087738467,0.448263445067402,0.21634273016117,0.391381270437808,0.681134235008068,0.371655179434541,0.530991572282133,-0.312619170233932,0.164805328685283,-0.366512790851622,0.40761399571893,0.704255458916291,0.521563360053476,-0.0598942550693535,0.553243280508877,-0.0381254830392004,0.0634715492041332,0.634316461344135,0.434701569141384,0.49291030785995,0.32102215141334,0.444812142490852,0.485419695962545,-0.078092977748358,0.245781468085512,0.511201385657129,0.442982688154646,0.507119221417034,-0.107846010000049,0.0936568092398491,0.559762863950667,0.0443610496353769,0.0811914817729648,-0.106666373082523,-0.211774184099954,-0.137502035908135,-0.23164429826695,-0.336607770419244,0.456349996272807,-0.279592823486161,-0.195764341645724,-0.144523159560646,-0.31908032978162,-0.396557901730658,-0.501124455511978,-0.359338768435662,-0.100164634243262,-0.0571654064304792,-0.386208998941302,-0.42272598952831,-0.363360469023613,-0.109331593386092,-0.37645097036789,-0.0292329648020065,-0.22200383638548,-0.288039253122138,-0.160474959154424,-0.293479000117289,0.384553415484536,0.624407222806097,-0.105001430002335,-0.0206240928375577,0.115521722730355,0.253278840497946,0.367661978110851,-0.351052466767914,0.234266838202928,0.125527796919524,-0.181589147610323,-0.0259837784533907,0.381708336871128,0.467980123450135,0.413092352550667,0.419982027111227,0.353885684933284,0.331200676329782,0.496785522735507,0.105623177624179,-0.243237914446959,-0.0256376056137395
0.492940755598798,0.0521735760013882,0.128347374072128,0.13979473572218,-0.242429229940281,-0.226759208057544,0.371429166638646,-0.173753149844505,-0.31802791728695,0.527747596169368,0,0.532613564761151,0.490113085609952,0.211495378271754,-0.30063051127833,0.402110868843782,0.332766278758515,-0.0991837183371706,0.232287505203827,-0.054904445324187,-0.0356326328534009,0.504505546093227,0.286094738103504,0.528244853921423,0.427868172412048,0.529207653677682,0.566504972445974,-0.355972556497412,0.0473051459303754,-0.357055257692001,0.271228551865183,0.500010313065398,0.398168053294244,0.103594797100226,0.414390721311734,0.00576582323405669,0.0117297728118148,0.483981191853188,0.325744368080815,0.389235720212315,0.364526306981665,0.318558889225923,0.494114562694067,-0.236456896355032,0.103011103308715,0.493172032055705,0.459619907788256,0.474543923331503,-0.0968185800541502,0.0292879618377093,0.339821893813049,-0.096741882091366,-0.187302358017666,-0.307271712362721,-0.369038691785805,-0.334078980074386,-0.388385716710617,-0.475417618330197,0.134605240991181,-0.122433775077036,-0.285194196808609,-0.158246135571433,-0.349523003730155,-0.413416311518062,-0.482195756588121,-0.415014347143537,-0.212743424549313,-0.064019497607956,-0.394103065772182,-0.442256144027297,-0.34459280423357,-0.211365741031217,-0.316929004662316,-0.290789774285019,-0.223116485442028,-0.17404401676642,-0.191634857638512,-0.249566472551537,0.29288111478192,0.577072207061728,-0.0853948509963122,-0.0820732045468525,0.190538952204128,0.439653932133722,0.424022299668989,-0.370961503146652,0.116115013082664,0.148433194223707,-0.235463576793892,-0.145871898665745,0.21167371908212,0.114381093139183,0.138637627310558,0.283533456991812,0.338224347705109,0.418085447612087,0.456214580980752,0.0730950294891084,-0.316273981854156,-0.102287690269984
0.557731615784325,0.0654013638618606,0.251738518151116,0.278685180193421,-0.330834200543194,-0.166920682469674,0.451516210892062,-0.13818207285211,-0.218492572220544,0.527917342356548,0.532613564761151,0,0.421674977047841,0.34180523769222,-0.351358254154264,0.489187428598325,0.375651981104222,-0.102165580277862,0.213558764257164,-0.0596660107961072,-0.0139898367079512,0.575621166053238,0.22215140741535,0.460310128428201,0.545383726656875,0.650567331118766,0.545145390207475,-0.261970860472304,-0.0454454289011371,-0.40758332591094,0.0563131931959274,0.482852715771093,0.295826123881558,0.0359194621726024,0.576171319626438,-0.000685176701408696,-0.0112513447552173,0.475005428638156,0.57255912377985,0.237334582793377,0.285035854336753,0.29702266295953,0.534452205285728,-0.452300226897578,-0.0319108519471773,0.534372023231428,0.441524674188304,0.499132974950478,-0.0937746912919582,0.0241008553583883,0.426544098215798,-0.0189785022923992,-0.294832652832628,-0.329450154546762,-0.239173603549223,-0.101616041974385,-0.307868617888912,-0.406293970774994,-0.00516808107574206,-0.252004220195165,-0.144535926006122,-0.0883155728690457,-0.325340686714455,-0.448156774175589,-0.596088731848413,-0.472183204550556,-0.353781216889038,-0.0129450048061036,-0.411874390530122,-0.397905396155902,-0.437262157457091,-0.181851328440131,-0.469917458425616,-0.257685011387805,-0.255100179708499,-0.238917592251484,-0.283912092105618,-0.277309502194957,0.180746038788814,0.53445462977402,-0.0567658298511275,-0.00197965707050377,0.0447405595724699,0.384996492454742,0.264348021093543,-0.342070902489935,0.191626780118014,-0.0852879579729207,-0.228116709253639,-0.143523066744529,-0.0397059869060857,0.128460269349581,0.18222359572402,0.338208550451415,0.236251641689713,0.382329760678293,0.413836775844236,-0.0945152184661062,-0.27858276185268,-0.0905715336288163
0.352252536321335,0.161594680888894,0.17091653163657,0.113011923398444,-0.173839667336668,-0.0749594438898171,0.163782189697565,-0.0312831274607642,-0.15783738565404,0.360413436834378,0.490113085609952,0.421674977047841,0,0.485655019261804,-0.0972996200580958,0.336251655139973,0.615776620570879,-0.0590258564860037,0.379238257995775,-0.283616062083661,-0.0340614549638261,0.529874958216277,0.354035856662249,0.366598103531647,0.360528081112444,0.389909384692594,0.492145042103372,-0.191714442482139,-0.122047630252939,-0.205240038587018,0.405393407284614,0.396040590249141,0.405655963154799,0.283113963133447,0.29745223673461,-0.0868732752861133,-0.147199159098558,0.405782329752023,0.260562021503533,0.337627259057216,0.243016663035648,0.168146897606043,0.449512101514636,-0.270430981064033,-0.0420488133207218,0.450772762388739,0.383736701449948,0.336657442539148,-0.153100221906077,-0.125976844175501,0.346407514058418,-0.0117382678655175,-0.132958178289631,-0.248474521850235,-0.1735670292978,-0.0840056331777784,-0.208182310366687,-0.251056024753011,0.0307931725287203,-0.209845441061607,-0.107711770912527,0.314163042606691,0.0561285357759288,-0.0947153067161093,-0.346115781337342,-0.282044640833849,-0.282465937883881,0.207598687891179,-0.246643474976235,-0.257665202689413,-0.39814790569593,-0.045938884664208,-0.215614196508317,-0.22442776400584,-0.105563682117591,-0.170341400876518,-0.205435742648074,-0.139662367642359,0.36489321977954,0.461011040323924,-0.0998474941320203,-0.0430486161259754,0.318692406999413,0.29736129930756,0.260012319912805,-0.151715757045474,-0.103939089558369,-0.0976941055550466,-0.247758789172544,-0.158794830912088,0.172257691966529,0.0739961305256232,0.113593601945552,0.208729735237183,0.292977116341343,0.299738315120505,0.391457946852227,0.107313545827246,-0.163749723900842,-0.191647349501455
0.227985219511602,0.260217540343528,0.206524195438602,0.359600432765762,-0.0383201070840808,0.0374866099846757,0.121686777238712,0.131171057913547,0.0371521619217956,0.243759610196098,0.211495378271754,0.34180523769222,0.485655019261804,0,0.328117579802782,0.344544341828513,0.383173374581145,-0.242175337721289,0.342952299048811,-0.33777566417802,0.315196246902123,0.323023900969236,0.321919061714982,0.190891937549993,0.294709456098363,0.206944106014398,0.241352136296226,-0.100919025377983,-0.0745311382903402,-0.0179686470514175,0.192141361871314,0.34685275667681,0.223454190379466,-0.0672757637341223,0.148089807768627,-0.285959398193924,-0.241857295462894,0.343243655103402,0.373850897928892,0.259554869889915,-0.00763592826218036,0.053307325638501,0.324430795939928,-0.215738286410894,-0.228808463704552,0.248970278796063,0.100524791012715,0.136083760527547,-0.20369930120104,-0.133750915538498,0.371198257466479,0.167285776738375,0.00964246224322957,0.00150284292634777,0.0778846544917062,0.148821150377151,0.0332857760771899,-0.0240949755968745,0.0648652618887231,-0.184159217845564,-0.112763977099494,0.183321333256107,0.217088038424751,0.213363248211029,-0.0444215355153622,0.147261429426714,-0.172270047935426,0.428554562013678,-0.101521197189659,-0.120747753924913,-0.285396914031038,-0.0602178141874886,-0.065192302637439,-0.0492785939602956,-0.0641877493643118,-0.141963018997906,-0.132896433874784,-0.0443240389583798,0.202824883254061,0.365892463406115,-0.196401836680843,-0.0944196105636367,0.114992926369472,0.10688877161454,-0.0187730201771726,-0.174909504493163,-0.128660620671592,-0.178780980448647,-0.313172715110512,-0.281272660157915,0.0712164434956215,0.214791650147709,0.232198226302118,0.173443462212204,0.288126147233964,0.0187929255537666,0.176586716084843,-0.137420131906034,-0.0560783523512834,-0.137390459116552
-0.346351332538375,-0.0344252764717522,-0.129729623333211,0.106900839582514,0.184599335581999,0.111643406243407,-0.349244767217156,0.139210434057825,0.170584939716901,-0.308423633873437,-0.30063051127833,-0.351358254154264,-0.0972996200580958,0.328117579802782,0,-0.215889867639592,-0.0892869016743609,-0.00638925012785863,-0.122291021959641,-0.124174359212055,0.303953884305154,-0.361510779278623,0.0488241139615123,-0.242608228492343,-0.289143380288802,-0.399702248176489,-0.464417646040057,0.137947250691659,0.0830926788572204,0.449849174584206,-0.19704822544084,-0.341985392215697,-0.348887543973135,-0.131780722071294,-0.504411999693042,-0.18093703998308,-0.198701512507781,-0.326029960091519,-0.236721434853339,-0.165970203000768,-0.385320451462428,-0.245574212808979,-0.402938525281113,-0.0374225492936469,-0.363963451694563,-0.468111148444922,-0.441602546482624,-0.373909526513703,-0.00702079846180075,-0.16571619541102,-0.225081999182321,0.0884414617298588,0.276786066416382,0.325338861661801,0.298037125123799,0.286779787730513,0.340177083754849,0.338762312212724,0.06594693414423,0.258693781094568,0.341079926514704,0.283881946921507,0.532859785227322,0.719598404190495,0.515460309887504,0.809655782143269,0.330142237938538,0.250553642548685,0.382922103649972,0.396293236970752,0.441323903646165,0.225267849290966,0.472450176550518,0.355493431206493,0.326693788292459,0.367380954492488,0.338325744147809,0.312564789758635,-0.303694030523749,-0.40403804994432,0.116378810734546,-0.0961605301605447,-0.142523567798299,-0.285114174096408,-0.468784660809528,0.310356128826741,-0.283478073187423,-0.248646215210743,0.0425923006251162,0.0216755500569549,-0.273163874005566,0.0058346643094673,-0.0978449562394781,-0.361532136355972,-0.153884389811138,-0.522441705020385,-0.440972959432007,-0.120773003136064,0.347767098116483,0.00218528171421046
0.572679207427045,0.485283028887675,0.412508015254633,0.474277946592718,0.0779764462866955,0.112402774397628,0.449760360305847,0.205531465245727,0.0429696009267156,0.390002626217195,0.402110868843782,0.489187428598325,0.336251655139973,0.344544341828513,-0.215889867639592,0,0.201264456845296,-0.00238518130281311,0.228975010419873,-0.181530873645358,0.189610564730999,0.560494948338049,0.285299481016991,0.298435546387682,0.517654969558998,0.413305545015858,0.416378855655743,-0.371983154652975,0.0555057249447228,-0.414628336852681,0.348542622334117,0.49695232591131,0.522124652303117,0.0922822243141642,0.494457047124214,-0.183510074780905,0.0539010239463659,0.52349625844731,0.459308471382178,0.391289207766324,0.0659885353062939,0.257061555738467,0.504182883256629,-0.178261346258666,0.0392023435910998,0.289144101748063,0.308490847118263,0.336070437995024,-0.140098002691187,-0.10350599437113,0.636666303178717,0.322889678584377,0.0541627846271633,-0.0440418160457058,0.0483285243798871,0.0936261702263904,0.011514425285076,-0.092525735444606,-0.00255166534036213,-0.432326960452994,-0.434856581212617,-0.177181200827116,-0.267707130573661,-0.349742510316767,-0.387032619456414,-0.309809160266748,-0.330829239273845,0.162729101664566,-0.258581049293057,-0.226686789170111,-0.475826866588102,-0.163820604951727,-0.270542120538665,-0.350907353803299,-0.46611626277336,-0.328184144800609,-0.184559478601608,-0.329623768998546,0.238586841332845,0.617237462424199,-0.190484447688142,-0.124466225099584,0.0433263570783304,0.361339094311595,0.205624984606468,-0.417247090083477,0.148354464599825,0.0400449364935154,-0.335208798425675,-0.292317583300979,0.252983269629098,0.179972532028756,0.199815798779781,0.403908885028928,0.382662628373456,0.24916413184763,0.265103171484606,-0.183978619522377,-0.162413350143189,-0.11527741686097
0.120807852380672,-0.0321576859411411,0.0382798474773667,-0.012313169704141,-0.300307151823399,-0.188373989313891,0.202167643693383,-0.108928854203732,-0.27735637581668,0.276738700381237,0.332766278758515,0.375651981104222,0.615776620570879,0.383173374581145,-0.0892869016743609,0.201264456845296,0,0.0559289796750459,0.642989419656534,-0.302751914263324,0.0988822827147979,0.536423081532716,0.556305615262382,0.461054175212945,0.339856632589486,0.331019976728619,0.407225452383481,0.0333485096028133,-0.173477619858097,-0.0420205380227414,0.22115981856835,0.276694804150772,0.287119616459493,0.380436864173868,0.223273790546495,-0.230223741122592,-0.174984576542711,0.242067852911892,0.212411579509946,0.188673932817654,0.208895318041236,0.131840220325561,0.325105175502316,-0.275997766917723,0.00433189821221304,0.391099581211289,0.325894940068041,0.330911699050942,-0.318597140236782,-0.245685446454373,0.164712869609255,-0.103775444504759,-0.0384752969726433,-0.287509897499481,-0.210580297263309,-0.159002977296224,-0.233470443180151,-0.305532750121108,0.00939295520395789,-0.107086616688759,-0.0212324989317694,0.175055047078729,-0.0750896667519912,-0.137360690496675,-0.2363904627731,-0.224488065776006,-0.192901113891786,0.135910466504668,0.0127484075398416,-0.164917040189381,-0.242472384615494,0.095115124113414,-0.0108229412243965,-0.105049184781276,0.0939569712918208,-0.00433105449845529,-0.211429859005694,0.00476654597535527,0.0643212985228668,0.262882647212953,0.216320414017927,-0.0588326020629792,0.252676279915924,0.212997376010237,0.21062003716622,-0.0355787871473423,-0.116466163193129,-0.0624898413918205,-0.353674070243707,-0.0601111246378853,-0.0399793889949912,-0.0435796186007346,0.0405989485440956,0.00238558601997329,0.202615045232187,0.107447912040007,0.322182652518055,-0.0396611879703353,-0.257701150401864,-0.355546690081315
-0.075130165868159,0.163439467060981,0.0890095291939228,-0.0873210732043743,0.195088723538846,0.208268769003227,-0.315113111815266,0.296024723509212,0.155365001057119,-0.252798453797387,-0.0991837183371706,-0.102165580277862,-0.0590258564860037,-0.242175337721289,-0.00638925012785863,-0.00238518130281311,0.0559289796750459,0,0.237962949983537,0.0301974861693841,0.132276984531504,0.00261790264644034,0.256606511518855,-0.200439821954192,-0.165016247325492,-0.123929118082451,-0.10400781715295,0.126836610291034,-0.0232558271812881,-0.047461457630254,-0.0277254337011281,-0.272652736717844,-0.0961027311628169,0.624281943947953,-0.100863215466587,0.0753463670879959,0.116610415267623,-0.352045196162375,-0.382812465582982,-0.427810295488258,-0.269525844651024,-0.221149238773161,-0.240233516208564,-0.112797970941155,0.0989407601954848,-0.302253135999831,0.0612739530607209,-0.017940097531415,0.0338172161054597,-0.238235279598345,-0.219307807978748,0.151968056132009,0.111403736004279,0.0674817414613632,0.273844083766808,0.111251862532676,0.306656688833935,0.223816471044297,-0.203877300001051,-0.0422303375202583,0.013959571493162,0.074119514695363,0.0246430458909886,-0.014113927880793,0.0944973626167039,-0.00244650924316747,-0.137571799072494,-0.0359603547658968,0.412020748336025,0.608800541770356,0.284676086801544,0.110223178532079,0.370812295712234,-0.303235485480394,-0.0311978392524893,0.112877271917477,0.0754054379956212,0.147022351056609,-0.235008380175206,-0.271810382046797,0.159182541855726,0.0418054960996687,0.0865463924204647,-0.0332570735590574,0.039254314973009,0.146831798773297,0.0631514454549378,0.0355137702742262,0.125076705222271,-0.19596182641974,-0.134991499527895,-0.48592073766077,-0.534980518099615,-0.168686294041505,-0.228680622664643,-0.306426248708798,-0.319247579962911,0.0755919231487378,0.198258535939483,-0.0916421322342207
0.0527955570319336,0.0435551106229987,0.0305987230694653,-0.11847038415541,-0.183432928792467,-0.0798435890175189,0.132089563778829,0.0680300751985564,-0.128979918293046,0.0849164105601913,0.232287505203827,0.213558764257164,0.379238257995775,0.342952299048811,-0.122291021959641,0.228975010419873,0.642989419656534,0.237962949983537,0,-0.353402837359424,0.250482828357289,0.410242282109474,0.483084425059319,0.254385820439529,0.251732700807121,0.232961356138855,0.24496945064854,0.0817576993255759,-0.178472705708561,-0.0203034060495835,0.197094278912338,0.136178522565627,0.200107992363909,0.436652343787479,0.110467656708491,-0.255168786194506,-0.106282837961741,0.0789944094378878,-0.00146654439847281,0.0618920886011961,0.0283706842467413,0.00407412770907317,0.222771125698249,-0.0988767372390884,0.0937381338976771,0.17383320718688,0.187364459400918,0.124219427835497,-0.306089980068556,-0.276148813430423,0.0940426032676088,-0.00918060918011523,0.0864077494188644,-0.185035220989763,-0.107160769724914,-0.130687752222707,-0.0905708088849023,-0.124542082094318,-0.0138003546116496,-0.171767519112028,-0.0635457586117545,0.0842612980688124,-0.0835622762423803,-0.114575719806628,0.0435842396052274,-0.172222712956631,-0.167871940548831,0.25967859635931,0.25757979543301,0.020148406848691,-0.222545303081869,0.0942155251869009,0.132802394779085,-0.209054535552187,0.0810926943351748,0.0456497604500514,-0.160904921802122,0.084013076134203,0.0707003436593461,0.153688755023234,0.121634217810534,-0.0787197783651859,0.270728708215048,0.213075593520022,0.241566953781269,-0.094276410778205,-0.0552051833662697,0.0861020732958368,-0.314561013867923,-0.171071331772214,0.0340810895075783,-0.131216762557358,-0.0970729536826055,0.0511906269900896,0.265605966600384,0.0569859467071111,0.166648813774779,-0.0580162962951421,-0.276804140524418,-0.318732295381029
0.104586025491803,-0.12148406210989,-0.0813529177501125,-0.0693757527308461,0.0434732660552341,0.0502171336901443,-0.0192997675995226,-0.304067584754952,0.104299400226713,0.038275765882497,-0.054904445324187,-0.0596660107961072,-0.283616062083661,-0.33777566417802,-0.124174359212055,-0.181530873645358,-0.302751914263324,0.0301974861693841,-0.353402837359424,0,0.0722980482864059,-0.232487985423582,-0.173293380381888,-0.120487708338305,-0.101640351441896,-0.192752893204974,0.0287959628036675,-0.190866418095992,0.348383510719339,-0.148110924358403,-0.0999261680572756,0.0446962371402791,0.0400481171942615,-0.152816909545786,-0.0367133547261557,0.61398779050059,0.379274082291112,0.0962912281750705,0.0766426992964234,-0.0049485840052513,0.301283861334707,0.009704454935553,-0.219153484041752,0.0634089380887208,-0.0708905162767983,0.0566679839248655,0.138286076585019,0.148375762933768,0.378406903852189,0.551126950211827,-0.0308434996843934,-0.139843741943014,-0.112974647455577,-0.149205267642781,0.0249628846721544,0.0511299081186052,-0.133259074027229,-0.0379269459184606,-0.0125790600664083,0.00090212172900314,0.00440153640535855,-0.248585899465119,-0.15800449051844,-0.148934280602222,-0.126478131439815,-0.112142456473735,0.266552981699261,-0.213705887054785,-0.190405296987811,0.00343762296113183,0.261962121976952,-0.116948444041883,-0.0637073223963636,0.0190552553084428,-0.0852399017306616,-0.202135011545318,0.0908503027209295,-0.180617894084929,-0.0869439468332149,-0.0188118086680403,-0.0746763769376237,0.429578025181779,-0.173738202623164,-0.255707177382724,-0.0242118276621579,0.185009417402341,0.401194392712837,-0.145562285678975,0.570021157216078,0.247470780414815,0.0699267325336899,0.146280009768738,0.13408824173696,-0.247002106239537,-0.339343532937955,-0.0848891154556397,0.0686414217132981,0.396188026922993,0.249150885952065,0.503339959684091
0.0019619120577707,0.301982185061164,0.192766123659817,0.161030590231284,0.317867168407244,0.294145441042011,-0.0216991226686439,0.175874021857944,0.33058602453914,0.0345256087738467,-0.0356326328534009,-0.0139898367079512,-0.0340614549638261,0.315196246902123,0.303953884305154,0.189610564730999,0.0988822827147979,0.132276984531504,0.250482828357289,0.0722980482864059,0,0.0497917356155005,0.396882637712269,0.0622512500315519,0.230517956615601,0.00137487452387218,0.0357053050095533,0.0374381757042293,0.270801512945435,0.173890710503008,0.0963361880509958,0.0806635000191429,0.048028384903546,-0.0148300765428204,-0.141015179365908,-0.0832343365765924,0.0417259777265456,0.0645940715021836,0.0574748378836574,0.0416986337646566,-0.280498812577237,-0.00173480517796741,-0.0483133410940651,-0.0447394483833875,-0.175868019324455,-0.161640902648098,-0.130563900143476,-0.025681996556712,-0.0586345413124005,-0.189349601271309,0.13075015311389,0.203264220082795,0.284143279798442,0.0384495054410716,0.348900334031189,0.325805614729051,0.201984567885764,0.276614647034763,0.162994289548294,-0.0120065778521578,0.0543656437387288,-0.0525020161719733,0.0215053926868626,0.076869641632479,0.188576299448535,0.2431209111313,0.092148693325499,0.250634572241334,0.221696580851166,0.29791561529099,0.320422379548721,0.0880267403882655,0.312058109601669,0.0514683985335778,0.13217904660707,0.134783309757478,0.355683595212954,0.215270595094296,-0.256807700806244,0.029699385355598,0.182278263321746,-0.0395509786572737,-0.144746516039733,-0.191732263059362,-0.0594143731517284,-0.0421487285392788,0.171523947507755,-0.0844381909922917,0.0158681116253107,-0.0634417800058857,-0.0720385023148381,0.0395138802403799,-0.0714776476627559,-0.186940314231578,0.10752705038388,-0.346717910385139,-0.122312471503734,-0.128512752904465,0.158885852641723,-0.0707239174017866
