0,0.0922366972535215,0.691431815391529,-0.237143446417016,-0.141270137981936,0.319611863551755,0.174553186604362,0.144262562898225,0.152594390628932,-0.060845326851366,-0.0342386090410711,-0.0665646755995234,-0.010259103375983,-0.240253255374387,-0.292277717869832,0.578328636783088,-0.00298226639490312,-0.0116055541768788,-0.0892463985382379,0.07637200617509,-0.152914416638736,0.0075725411448262,-0.157874396558874,0.060422349871052,-0.0503588287245319,-0.0659494988263923,-0.151717054986632,-0.172664378316683,-0.120233582669496,-0.114319946759316,-0.0477421528783452,-0.20044920127606,-0.195566503322343,0.0797676330587915,0.0272378552945197,0.053784942788089,0.229559392815776,0.135957493057395,-0.177776679469074,0.0402077382429071,0.174961642634226,0.229970763216724,-0.0602441456835502,0.110916228538244,0.0661496432968202,-0.208805485222268,-0.110564054311418,-0.108788183405657,0.442118617651658,0.357559545601584,0.41589983459966,0.038461312726437,-0.247519503747585,-0.318107159195661,0.148312583842921,0.361966357365298,0.0413381958598172,0.122081373126769,-0.108239728232113,0.143205226226685,-0.0696047104804178,0.000221007384884006,-0.222175269659154,-0.111517663835856,-0.228105064292263,-0.283361126104499,0.0370127755352865,-0.181012154298487,-0.0426363072644043,-0.0123913287784208,-0.0923613528804923,-0.0635497428588568,-0.00966259039417426,-0.0925018970309101,-0.113855562181508,-0.0494617698640324,-0.153974831584486,-0.125095043468493,-0.0678880444243083,-0.24642925246195,-0.0825696737489689,0.120468534798243,0.175572661686857,0.0524964214264374,-0.0971024848361741,-0.177592804969811,0.0937778190827645,-0.209468773778668,0.125350123323117,0.126897493242023,-0.24874282759861,0.000395755129374415,-0.0930338125183286,-0.00857819858352111,-0.0717470664200501,0.0770174167263741,-0.18418252347473,-0.107927676233468,0.306092074175591,0.333569857289778
0.0922366972535215,0,0.176445227827257,0.603000844286901,0.454604405223793,-0.105022983585812,-0.155782421994023,-0.127070598742816,-0.0955718074976541,-0.318011143132054,-0.309985474145797,-0.0987262284284435,-0.0436667032264885,0.0676251065056449,0.0985709210590078,0.311367021843246,0.0548287865406867,-0.130788187426051,-0.0226117903655421,-0.227187028191686,0.0051479927646218,-0.173165585292238,0.167393859313496,0.0998246744966144,-0.230390162756449,-0.124224990622871,-0.0198277581809598,-0.02096369504573,-0.127797396768574,0.193441978474357,0.101245007777593,0.502824535526012,0.455772467699141,0.00693941379517638,-0.0738814934484971,-0.0598480737260894,0.113097057328231,0.0705305997000196,-0.190464206920372,-0.042468214152842,0.0312451846363019,0.184457987943033,-0.134822167015182,0.083419060959835,-0.0535887337336598,0.0640094456317335,0.0993812883149277,0.0429492256157016,-0.104461979234082,-0.00302035018265323,0.613114851861961,0.687828935531038,0.584913624551767,0.511824774198308,-0.148289263517424,-0.0463572562697512,-0.0259679326887006,-0.135272893834025,-0.295338582550963,0.0840419977935022,0.20679125924762,0.0717949668861129,0.0181613524310064,-0.0830531766882535,0.161312139076384,0.160332766867196,-0.183550094964929,0.108322902339816,-0.0908608528667503,-0.327109801875803,-0.24912972735849,-0.049006449012238,-0.0406974491189471,-0.230819581400825,0.00279523009325978,-0.0205437002956063,-0.0736783326726148,0.120200018634137,0.0793624168805119,0.517904415161506,-0.0642130022905926,-0.258369510139141,-0.135732005656067,-0.0709555485025021,-0.0736467588090166,-0.0380599820053264,0.108240668190585,-0.0478850567475791,-0.0532885479028804,-0.0991080983343707,0.463363498103859,-0.188773654636344,-0.230651690233609,-0.0204980507604902,-0.218030357230587,0.0957710320799294,0.0768039020532296,-0.0816981141448664,-0.0811971142812808,-0.0134822231323021
0.691431815391529,0.176445227827257,0,-0.286721202637334,-0.129072066297876,0.50150368805429,0.370164030302606,0.305741778923263,0.338009985250615,0.0687353814570057,-0.0397998425623608,-0.158352648732436,-0.0605088946783154,-0.271145300354278,-0.359063135683702,0.549090553448457,0.0647767212709297,-0.03006469039087,-0.118069196794459,0.0603494907646055,-0.129984467454638,0.000598318241645201,-0.230817999013514,0.141080037136527,0.193660603464883,0.0245660095190343,-0.129516406705937,-0.143256089622612,-0.140090775310349,-0.168470546564231,0.0400068205587098,-0.289103587137031,-0.262138444832044,0.0759638754089819,-0.0182316213274583,-0.00313912663924597,0.198689932437816,0.282939766959357,-0.0338984506464313,0.265791962541458,0.128906655694354,0.240500398741252,-0.0132972358166518,-0.0448929877155542,0.0898412220833449,-0.228918678238888,-0.141968648796344,-0.202760409960449,0.447089940545553,0.318521984046886,0.276387625891585,0.294405255782362,-0.231002842311534,-0.334864319702816,0.411658577028828,0.609033672721048,0.209724541029064,0.264560601574978,0.0721573551956977,0.0846298253605643,-0.191023560440404,-0.0944008699868476,-0.276919094903658,-0.182075805425415,-0.263410919993136,-0.347498079168968,0.121456824106664,-0.153193905449764,0.0209618294196331,-0.0685551615996448,-0.105421727360345,-0.0331613586084753,-0.0425381920956526,0.167851097879593,-0.00175925064109069,0.106779234532173,-0.148894672166736,-0.164810230873836,-0.00116332475627907,-0.345161974434804,-0.0625112590846751,-0.0364683851477077,0.269337912939421,0.0698559955801807,-0.0325583237658572,-0.209871375845665,0.0529012247879101,-0.19453941407471,0.0866922643632377,0.150993142049641,-0.326631120785599,0.227205021311965,0.087494687650669,0.14310204175346,0.0711122879245195,-0.00158129109766991,-0.228802987693563,-0.163566999125727,0.293624181115094,0.304102992787694
-0.237143446417016,0.603000844286901,-0.286721202637334,0,0.678461424505316,-0.309998425849767,-0.317622399913267,-0.237667714516394,-0.230582173890502,-0.37673539122658,-0.273671319282124,0.00709236960906063,0.0901539654825584,0.258124528610178,0.278292256234017,-0.0989347090776428,0.0186406756878846,-0.04356903195265,0.068498212421604,-0.181986830546061,0.0970153097957595,-0.111110447600592,0.25969619074985,0.0396605261684434,-0.358604643327799,-0.0468024090290667,0.112325777138822,0.1092210555805,0.00295108269699128,0.237333326691665,0.0183102956979756,0.557226675193423,0.54727384383757,-0.0211778425996885,0.00915432603096545,-0.0114492107757343,-0.0011396858386858,-0.124292509194406,-0.191498611944608,-0.161284419140885,0.007550391835071,0.0176521524661836,-0.0564916004032771,0.228003706232293,-0.103553538295071,0.207167061450419,0.190254545152741,0.16847751225344,-0.294924886068802,-0.0623102070725632,0.383013900409773,0.455389682942161,0.718117022471913,0.825551642980396,-0.295669062472731,-0.348255542688373,-0.0297399681907142,-0.197479109533714,-0.38026826658345,0.0196047924313917,0.337023952978886,0.18738685016769,0.221752070319363,-0.0187494011508182,0.319315716314984,0.330620230038587,-0.19233474619361,0.241195043897028,-0.0605282339970843,-0.216651767786265,-0.186004624839147,0.0429367476586502,-0.104173268845324,-0.3590728952818,0.0182562973195362,-0.0483375233098205,0.090651532674811,0.179661171856063,0.0935652833635075,0.63289149522964,0.0651563447072722,-0.131112782290576,-0.288295716045138,-0.0526609254173751,-0.0243229951751718,0.134352237232721,0.0786880600177754,0.108233053292782,-0.00523012263538276,-0.140183884694039,0.64991121660102,-0.282022228213236,-0.279944292826572,-0.107492101470681,-0.217485857759276,0.176319394607655,0.217577909625183,0.0229784342333832,-0.156651146529814,-0.0912927259399002
-0.141270137981936,0.454604405223793,-0.129072066297876,0.678461424505316,0,0.032434833851541,-0.116595437670393,-0.0478950651387593,0.0305586311040195,-0.0488995902111043,-0.00672360291329125,-0.144231666989625,-0.0344797547332202,0.0601211219283582,0.0995484077489808,0.0439313130956442,-0.160418034042159,-0.0278638286241695,-0.0939021724311161,-0.108508401048755,-0.0159100913224264,-0.167562708783057,0.0360174717004585,-0.165374729543118,-0.15837722714252,-0.180020040824215,-0.0308765859415273,-0.0953955194188819,-0.0214589256941206,0.0354236353548627,0.130346741378088,0.350344740755469,0.469657186910819,-0.0758311256922667,-0.039126354865245,-0.0596101456476932,-0.216427234349085,0.172791836664041,0.0350049260875679,-0.0718828650671588,-0.00975299519532804,-0.235592360016871,-0.15967996080793,0.0742144217755487,-0.204122458475659,0.0278789682015552,0.031973485439944,0.0266025726840557,-0.154343408090632,-0.111862736856063,0.301443180604751,0.402785801642402,0.61079779145473,0.631620930394901,0.128175271991759,-0.130714380850847,0.181149162743045,0.0171251170334086,-0.0310001770869047,-0.172778871370299,0.0165732057905873,-0.0534367022928404,0.0513636695803645,-0.107812454939844,0.0970765314406622,0.120456600485758,0.0387183328262933,-0.0335689392410512,-0.179888764081392,-0.156005074383999,-0.184281911748915,-0.113239495441537,-0.25939297154956,-0.178297081873366,-0.110596362631752,-0.20832541880015,-0.0266898675417615,-0.0215107417541231,0.304154602503215,0.407818967243921,-0.0928594824833539,-0.110421929246771,-0.260641396218358,-0.128658487367268,-0.12403853886522,-0.0546238921361296,-0.0926702631303621,-0.0342611637674757,-0.102302068845556,-0.0871386078019891,0.532447931051863,-0.0460615195498169,-0.0240731766727449,-0.166625504018384,-0.128089006252142,0.0360644876069093,0.0291194500031436,-0.0631454596149335,-0.0880002801491737,-0.134638989000077
0.319611863551755,-0.105022983585812,0.50150368805429,-0.309998425849767,0.032434833851541,0,0.568852533245149,0.455880233902494,0.438160142411681,0.428141497254403,0.120400961341186,-0.178236626531766,-0.0140598176184291,-0.347448628481652,-0.476388633992942,0.242388988455558,0.0164358871456208,0.0858004118154155,-0.162403199143896,0.188712336220775,-0.148463621694636,-0.011886139451726,-0.440421009248532,-0.00958421734721593,0.513393727716565,0.100699524312981,-0.151603351257397,-0.182486218053215,-0.0328436543845812,-0.39572889263202,0.0861633731528588,-0.296650093532064,-0.218295527189056,0.0973370942168716,-0.106061639101609,0.0362951815518056,-0.0491452140594288,0.497550448358884,0.410915984420755,0.341421739237423,0.123799323097863,-0.109719345709107,0.0500454741847334,-0.181022204946147,0.0133058664790264,-0.313979475706268,-0.284144613676222,-0.261060024250175,0.566780116334231,0.25866921415992,-0.0512958619859493,0.11354648970972,-0.241698305983604,-0.344375316886755,0.771747914324168,0.767738851300146,0.429710773790993,0.306554768143797,0.416833499202491,-0.123713702069133,-0.319662256763747,-0.203762883486069,-0.371554422784659,-0.366663669697731,-0.374064934012927,-0.497182392500143,0.301242222941272,-0.213524693613933,-0.0296461387865508,0.0389071684109759,-0.0967686518703853,-0.0614596767372163,-0.351162438373095,0.310734715974664,-0.109884164090566,0.111377473360622,-0.125309150922571,-0.368448737861608,0.191896421531063,-0.381826555269597,-0.134196744518294,0.0119356987689672,0.239288345081592,0.0266403821560343,-0.0157372463057632,-0.360669161876243,-0.114609048730656,-0.188088581660663,0.0847644058044693,0.0938446436932572,-0.318460248065114,0.618599723583288,0.457662116077017,0.185892294528232,0.113962142412076,-0.112066859891201,-0.350745560277083,-0.182874655636495,0.382163349807467,0.24398053627752
0.174553186604362,-0.155782421994023,0.370164030302606,-0.317622399913267,-0.116595437670393,0.568852533245149,0,0.661657141380312,0.560423225479258,0.458384867297844,0.251307513643315,0.12470723283311,-0.0412458799271169,-0.343388405835045,-0.462809218564363,0.122066832071804,0.130351868779551,0.234961493541215,-0.174173865743418,0.251525671846631,-0.109186443805133,-0.0440907100048455,-0.400065166912552,0.274177518486976,0.517252336618561,0.233683740599519,-0.156891364519689,-0.183556737150379,0.0188216926756665,-0.348688429692774,0.128757124678806,-0.386520515142121,-0.295117327706369,0.0379645396371213,-0.16294194013126,0.263081396886307,0.00768569219495052,0.262133473117897,0.301341383505864,0.63735069291551,0.187365283528175,0.163790993143071,0.16901808740083,-0.0852569173548986,0.109959089697007,-0.350125942434209,-0.342595192690028,-0.288649662278421,0.589198936982391,0.290395649157383,-0.185955398219593,0.0725989076983222,-0.243556826066191,-0.385480827620019,0.50654311692709,0.558641469241455,0.421752729122931,0.452626705777248,0.453298219933176,0.198910543996049,-0.10532457306402,-0.268443937702672,-0.398864024440272,-0.421020402479075,-0.406797745416989,-0.454484428125158,0.483961834404748,-0.128758894351504,0.0680235566105353,0.156353460190619,0.00798222727842993,-0.0360536261345976,-0.298461755561841,0.513633986314204,0.234325422657484,0.427890348943311,-0.0225849083787718,-0.361774954493447,0.117781946192608,-0.443743744818725,-0.00367314640294874,0.0101318318016508,0.338764260897361,0.0304377549815264,-0.0088451652229652,-0.444137529867124,0.0191458328917803,-0.200664114807054,0.240695426147537,0.289781616072421,-0.370915338758776,0.511475789249735,0.427278106076154,0.453024743696622,0.391656470248863,-0.00337650304162479,-0.351541967162182,-0.238485153247647,0.511532646400643,0.326346589982296
0.144262562898225,-0.127070598742816,0.305741778923263,-0.237667714516394,-0.0478950651387593,0.455880233902494,0.661657141380312,0,0.654832405026648,0.450747247426367,0.294582030701365,0.189825876129174,-0.0930814335582436,-0.303301806459536,-0.443611322612954,0.135397194736568,0.0845447257088185,0.335567688314008,-0.175010918991557,0.280717525608622,-0.0978034761494613,0.078757188989155,-0.326219509877728,0.209121684066268,0.338312927852452,0.197841988317332,-0.0869575516615845,-0.171330160434178,0.0436586137989319,-0.26608510288963,0.00457118800590945,-0.419687044445811,-0.254387684176525,0.14459716195701,-0.0521186345935575,0.402812043415175,0.0718943108998767,0.151617608214173,0.362135692290694,0.661523999813601,0.384527853533667,0.145558199686935,0.203181750598319,-0.0363611574243927,0.203914517497625,-0.234337442320314,-0.233365161773642,-0.131683063151283,0.513954682851454,0.354260349430244,-0.209352543335269,0.0465589881158551,-0.274038372377852,-0.338964061301093,0.47138616361173,0.456534870615601,0.493798593853278,0.679964195694416,0.445666967434132,0.292389198231782,-0.0630096706031609,-0.263667113547665,-0.388408568714621,-0.379179110103093,-0.3516671175053,-0.414560757280578,0.50202333401013,-0.193643544993771,0.0622812921834908,0.185524206086462,-0.0104345325278686,0.0284078556264635,-0.238823794032296,0.558485156556542,0.195050339307035,0.358664887561204,-0.0387233897468365,-0.317598383948229,0.0450749118646585,-0.442754034481857,0.0963043400754615,0.162447229431562,0.400294816803696,0.0307654331377385,0.076677097884696,-0.326767289113712,0.0634833547002301,-0.198569353758156,0.358591274204591,0.429611928448483,-0.344026066631895,0.431860171004725,0.509789145785808,0.396639431499576,0.388752034241071,0.0205250176940455,-0.237823196414621,-0.0958793186850219,0.54027847952238,0.382263325495221
0.152594390628932,-0.0955718074976541,0.338009985250615,-0.230582173890502,0.0305586311040195,0.438160142411681,0.560423225479258,0.654832405026648,0,0.606626486949175,0.560028730143073,0.0268119597750793,-0.268146615591872,-0.331485905265401,-0.396495257382041,0.21599644058143,-0.143611195204677,0.128285113602763,-0.362495506264882,0.153485914661371,-0.126465058451096,-0.0900215753052,-0.381779828206024,0.0350481448705924,0.250212098936785,-0.110379505465643,-0.168379098602513,-0.4231993174671,-0.175307953006494,-0.287584569225389,0.343483698386094,-0.522897102561601,-0.246797638215433,-0.111008008101511,-0.217576899300034,0.181009109531523,-0.178748721115872,0.228413875232925,0.178164473312584,0.561668355126806,0.203101274445291,0.128042776884319,-0.031305101260665,-0.0737684170504851,0.055835791700925,-0.260907012249187,-0.284782791103024,-0.194852187336908,0.382080433672248,0.245106052710293,-0.139517848698909,0.0132996457782785,-0.222183846763079,-0.349704668986305,0.56485809881137,0.482482162760776,0.578448457508363,0.792847955235664,0.580705735446093,0.151333074605091,-0.373345116172577,-0.475010661505378,-0.462104663283379,-0.275503831215428,-0.337317061374262,-0.386452514119125,0.663979038547729,-0.411456560373283,-0.12616433229321,0.0907724761893569,0.00685855462895817,-0.188115755788321,-0.246746382057128,0.622899617756136,0.194616595863186,0.0975099976011489,-0.257297533475511,-0.342715866660316,0.365940498338395,-0.458330761680582,-0.13946574356675,0.0374671887837974,0.243745962661547,-0.146631896118965,-0.0684717977467336,-0.33855732391913,-0.134308248105132,-0.313618815342295,0.170986818804005,0.459992232458366,-0.298918563387444,0.273984580741802,0.342081797732362,0.302975733046547,0.304675667315336,-0.0257153842085154,-0.287190627160675,-0.0991450656975682,0.433996478217045,0.28677180910011
-0.060845326851366,-0.318011143132054,0.0687353814570057,-0.37673539122658,-0.0488995902111043,0.428141497254403,0.458384867297844,0.450747247426367,0.606626486949175,0,0.610051332418477,0.0538453359856676,-0.161108031957154,-0.305960208101016,-0.329113598039796,0.0457648229848456,-0.189285797546401,0.063001495728525,-0.334226397826222,0.126087712290422,-0.106929405930545,-0.124284684724746,-0.37403893385849,-0.0746502080955203,0.478298295809293,-0.0595733543638537,-0.178482320142965,-0.302260114494187,0.0242734139596696,-0.323787581568874,0.28231509797962,-0.388614289835768,-0.229633744329637,-0.156440359390328,-0.239269174279973,0.0626279129906986,-0.329432321943743,0.307479877288993,0.239121209962276,0.422462816264054,-0.051024503884051,-0.146921135023681,-0.0755934545270128,-0.240200478465952,-0.060641780189348,-0.311033556212291,-0.372428796013864,-0.273775350294863,0.243153830228321,-0.0450562199201432,-0.315796293596795,-0.190174867092181,-0.301832241818254,-0.421885264660113,0.532514251722135,0.387419894991151,0.43148842329187,0.540041348484328,0.79812077375428,-0.00515331685114462,-0.358957811686152,-0.383983235876595,-0.335054196332153,-0.215216784215083,-0.298285311547236,-0.348151072768943,0.527424292046204,-0.408681706019595,-0.192980776074609,0.0695459386765094,0.037712643596407,-0.199456699073948,-0.215235241460335,0.584714901031368,0.152774257534423,0.117240219296749,-0.0970833178595436,-0.288656929680542,0.369292594091093,-0.357662217411572,-0.250533963944436,-0.12281856177931,0.12022222880331,-0.171431852280898,-0.0630201905401755,-0.364943626717731,-0.275688926411215,-0.200429274579706,-0.00234086183682436,0.188232625247869,-0.327306310561452,0.333350326900587,0.363045651789552,0.245300201018197,0.247318605909244,-0.205518056594449,-0.359366892424037,-0.152232144630778,0.265089864490717,0.0171236660219713
-0.0342386090410711,-0.309985474145797,-0.0397998425623608,-0.273671319282124,-0.00672360291329125,0.120400961341186,0.251307513643315,0.294582030701365,0.560028730143073,0.610051332418477,0,0.24568283406915,-0.259751848486024,-0.102723181392922,-0.00151331768052452,0.0449424947479979,-0.358748769426304,0.0519032294998129,-0.352435113315935,0.152997521973051,-0.00482811163883821,-0.113861361970392,-0.132742826205987,-0.103267407622845,0.0269515312558958,-0.206388327735157,-0.08498655584599,-0.366573588452971,-0.121969241268799,-0.0602178959533065,0.250776851405021,-0.409265890921241,-0.13975941657284,-0.26084382597474,-0.203962524916902,0.19035999994525,-0.341076630321203,0.0823775979078664,0.0138989542221336,0.224917230701064,0.100848260844961,-0.105786760641399,-0.0572115868472112,0.0118779879959861,-0.0406834804581172,-0.0522397394566428,-0.13170110818215,-0.0422929786007667,0.12435536002378,0.0350374516110193,-0.23950213669499,-0.308839777634347,-0.220650370787378,-0.349858672122148,0.325106504572815,0.0139748075979135,0.273357243231488,0.562644826879371,0.581270664173353,0.218857816923135,-0.331687514394178,-0.400404677021131,-0.190300855082255,0.0548317135545101,-0.125412025084116,-0.0258460395000017,0.574586598417728,-0.404687297397632,-0.151503676875377,0.200531207135559,0.228489863753314,-0.18069669432948,-0.0104410599764438,0.45987286555876,0.22439272798529,-0.109093298752028,-0.227513246715011,-0.0854399070896638,0.278456038059787,-0.298653327371418,-0.159726687105447,0.0642551727576044,0.0573976007628768,-0.165638527114841,-0.0773645947451315,-0.0818613825804418,-0.176335008430874,-0.101653415698131,0.0577576834392606,0.342176221187133,-0.189704581799246,-0.0291917692909439,0.164627665458787,-0.0291778868565807,0.293412881729179,0.00125052192013815,-0.0865056547987439,0.0498788509179698,0.230363657868813,0.0849728992527189
-0.0665646755995234,-0.0987262284284435,-0.158352648732436,0.00709236960906063,-0.144231666989625,-0.178236626531766,0.12470723283311,0.189825876129174,0.0268119597750793,0.0538453359856676,0.24568283406915,0,0.223720985331196,0.0811973309627481,0.0742216806822059,-0.171461872442621,0.196335620908556,0.182580886310074,-0.0154244875986941,0.00618705326593638,0.0766477874799315,-0.00487237123196281,0.118951035335562,0.471654866319451,0.0580878993886482,0.393054524049241,0.000464174469992008,0.0828293375663892,0.105614382689127,0.107795570393228,-0.153389920748587,0.0185889044080256,-0.097769514271759,0.0578811672992248,-0.020000020099514,0.372887060370934,0.123604080445168,-0.232322906195255,-0.0434391460709642,0.189805440061487,0.122610640953348,0.218346214657308,0.273267065472052,0.147915571250448,0.126747136963489,-0.0455638151190169,-0.0454378564062787,-0.00578213263027192,0.0598161035000179,0.0859179294198579,-0.128823612281925,-0.0794915346999604,-0.0124848055408332,-0.0304152750331929,-0.215282453693851,-0.206188022854246,0.0313809048570234,0.0938433246584129,0.0365108525721836,0.649572618099391,0.579671596793206,0.164084017519198,0.00322325188206903,-0.0891632038054494,0.0310020930645232,0.102212654421811,0.0759025600530698,0.199443748872448,0.152356598566227,0.123637618465694,0.0589609426761858,0.105566191288104,0.0546555144797252,0.141088460036033,0.471366757080251,0.492335951331925,0.103591742124132,0.04254775218198,-0.236200382954083,0.00470934663068846,0.201623937995346,0.0161196781759554,0.189643341901684,0.134680336958154,-0.00196584285758989,-0.0943038542834756,0.203203391939226,0.0117538023013071,0.290776156766689,0.0727005951462818,-0.0995076391600639,-0.0393605756624893,0.0130715581527296,0.176097835071765,0.248247678324431,0.113793248201969,-0.0225174968279154,-0.0793008235937365,0.14913179878941,0.169333736618665
-0.010259103375983,-0.0436667032264885,-0.0605088946783154,0.0901539654825584,-0.0344797547332202,-0.0140598176184291,-0.0412458799271169,-0.0930814335582436,-0.268146615591872,-0.161108031957154,-0.259751848486024,0.223720985331196,0,0.40422518942325,0.232234164145621,-0.176107027157051,0.629237765521669,0.362872314358996,0.558609762878281,0.272320135738043,0.431314444307524,0.532395256953814,0.286958213014213,0.204950225794912,0.0532149687438399,0.327462103604542,0.377863955209233,0.543657939733997,0.468754441426974,0.23087989314289,-0.223848158292527,0.118611036094212,-0.12082465701587,0.510217362438796,0.467891459927817,0.0570589833589627,0.39094749270928,-0.228303091526292,-0.0507548188496828,-0.0199266983129998,0.0796894808155193,0.165936225554581,0.177440241734644,0.21863168212274,0.212468617762559,0.231892156539502,0.302045519912594,0.265497633229962,0.0835072000968417,0.13237001923341,-0.100693334928495,-0.00768205565025135,-0.0751944013030285,0.0587631990152851,-0.167205763613028,-0.098361376059947,-0.175220917520517,-0.230166587128463,-0.191651991565233,0.115144928700964,0.366256693836174,0.668994343798456,0.336223341930907,0.0726746132389598,0.294196955178712,0.220663003020345,-0.256211086011164,0.482961948805495,0.392634153284467,0.161935866831348,0.181128569030552,0.505930811976003,0.167149499758918,-0.221720016920366,-0.0428995352148838,0.21603036276643,0.403027703472178,0.217784470721378,-0.348442353510163,0.0205321150978742,0.275811475813483,0.117896158929169,0.114733388198254,0.448897588676223,0.397608422170076,0.190853232042171,0.30075144162159,0.407198687085914,0.265839523155016,-0.206576631851732,-0.10528016715777,0.0302782939719623,-0.0664417440037658,0.0360953658951374,-0.0967013456383244,0.0650691213917764,0.192171984732345,0.17791207710864,0.042189100220781,0.0294344553515551
-0.240253255374387,0.0676251065056449,-0.271145300354278,0.258124528610178,0.0601211219283582,-0.347448628481652,-0.343388405835045,-0.303301806459536,-0.331485905265401,-0.305960208101016,-0.102723181392922,0.0811973309627481,0.40422518942325,0,0.81097295932868,-0.320840388278816,0.168755089688527,0.101594001480951,0.402698077455,0.163782813157718,0.76458763415147,0.368852594388942,0.800185951541946,-0.0657574131317338,-0.297638309428924,-0.0662004294421476,0.714531719082541,0.616101679465555,0.436355352679374,0.693168284536536,-0.239954902348521,0.214286882969712,0.00367690734263074,0.103709290856222,0.318997575576585,-0.0937034902863402,0.141617116956749,-0.322690128466657,-0.175209443932635,-0.247089949984026,-0.0453108902937001,0.0134952040388377,-0.0920865554555257,0.211849267656344,0.0605874463012023,0.739391257355361,0.782471750924296,0.706798717524268,-0.230054489699926,-0.114253352638496,-0.0725741155383051,-0.0326348515893117,0.0883609399511645,0.300732756220606,-0.346464209110618,-0.440517960453153,-0.312553234445489,-0.229115092129055,-0.310156137023748,0.0432436028503809,0.157780377132122,0.313935663402389,0.608226202935396,0.540585566749076,0.784400846194345,0.753948244435593,-0.239208479329494,0.251745845045937,0.229553914045028,0.0572508022326716,0.398954559303575,0.320234772108932,0.564607235684282,-0.249995452844473,-0.0715222574001011,-0.11895413698074,0.441948210566095,0.662464606192383,-0.321341358768006,0.260189039631352,0.0833401753844329,0.109147990964371,-0.141693381906745,0.125644556814252,0.56298394682056,0.659626282355165,0.0987173737586091,0.555427105625159,-0.0197956679642195,-0.147752758463795,0.129660134001105,-0.278295671599643,-0.199097598181224,-0.206404818128297,-0.197507770589775,0.0963845471128583,0.696111563319182,0.627503404235877,-0.145970393046984,-0.159307697687652
-0.292277717869832,0.0985709210590078,-0.359063135683702,0.278292256234017,0.0995484077489808,-0.476388633992942,-0.462809218564363,-0.443611322612954,-0.396495257382041,-0.329113598039796,-0.00151331768052452,0.0742216806822059,0.232234164145621,0.81097295932868,0,-0.280033718827075,-0.0302727962585577,-0.0477016742242948,0.268224117788292,0.0254591093832431,0.580208935683405,0.12664787487373,0.801227660039968,-0.127888487819967,-0.406738221742624,-0.205623757214709,0.520098495841639,0.464947854811549,0.244611144463303,0.738797502317932,-0.199210470628346,0.262408356232649,0.13118165117818,-0.0560165645255564,0.181672365237771,-0.0907322388561992,0.0126082294814012,-0.348976068214383,-0.2782338888481,-0.380319178144383,-0.153176940301566,-0.0989123857783377,-0.214041233774621,0.1753320807233,-0.0818973939944261,0.662432394332896,0.676830030585452,0.599108237218229,-0.370582235626013,-0.257336512745931,-0.0476298532051682,-0.0737291547373144,0.173747743881189,0.332543108980266,-0.424974337516424,-0.583774310105258,-0.380459493151875,-0.270305655727624,-0.301692515199064,0.0288615377533605,0.170384101424543,0.289971068443401,0.651946656034191,0.650082156270704,0.777409261114167,0.89803885040722,-0.247868846041713,0.248934211542111,0.118453736662483,0.0114165595538221,0.367768197475032,0.172154768516762,0.603566401445606,-0.277735430910482,0.00995839848211393,-0.230706790513232,0.291458098289855,0.709522393893636,-0.254358307824744,0.341497636620424,0.0279509068845655,0.00750836883635221,-0.325857042724394,-0.0124298663491241,0.336578025134077,0.61735774831159,0.0537628448315999,0.51070697987852,-0.106874430928209,-0.216481180574196,0.226365512872924,-0.422970713442972,-0.304211330234724,-0.361626805591689,-0.264374748773157,0.102589545374916,0.621654126511308,0.494458937683601,-0.264616018374272,-0.27785178738443
0.578328636783088,0.311367021843246,0.549090553448457,-0.0989347090776428,0.0439313130956442,0.242388988455558,0.122066832071804,0.135397194736568,0.21599644058143,0.0457648229848456,0.0449424947479979,-0.171461872442621,-0.176107027157051,-0.320840388278816,-0.280033718827075,0,-0.0409477690798224,-0.00128479928945268,-0.148793677724093,0.0346924154321504,-0.181616813143133,-0.0840522139882728,-0.197501741595388,0.0536467777650867,-0.0950958926300083,-0.190982715608536,-0.203566797017378,-0.251505760912872,-0.280948416955513,-0.152226538924941,0.130393834281562,-0.0936852522666234,0.0733928327277105,0.0473580587144911,-0.0777687285545943,-0.0128019241713866,0.0181825804840043,0.117722980080284,-0.205476033875559,0.0378536442906594,0.0294677287721245,0.06736281259289,-0.227522510233545,-0.0917212323261065,-0.144322462263044,-0.232836119791968,-0.219413049491436,-0.169317999013725,0.15797646762418,0.108254884385834,0.464321151625319,0.189854102595299,-0.0120651037879712,-0.220075392452113,0.207193549439017,0.247745648831924,0.105596058204907,0.178790766099017,0.0160836522713244,-0.00663734771554352,-0.124052486944579,-0.0728216665730048,-0.200720380446894,-0.0554298027155875,-0.254957282142607,-0.240000472577522,0.0930209419009477,-0.137248731731763,-0.0229788075439268,0.0696396411886408,0.00208407407580769,-0.0449080172583088,0.0307568503210861,-0.0552998850365095,0.0294863529150684,-0.129308966966921,-0.302861323269362,-0.129778124733612,0.081534062750118,-0.108404956717495,-0.0712127402524516,-0.0416709560951682,-0.0198911774338066,0.0213775414091676,-0.138014662030581,-0.173197540247395,-0.00495558054943224,-0.136736645701576,0.0683156804218011,0.0320630870030099,-0.10496206001381,-0.0946705429912509,-0.15959163067847,-0.14274000562877,-0.172697079776845,-0.104064091674179,-0.233662767895195,-0.112573717724064,0.091127855660242,0.0792926586864925
-0.00298226639490312,0.0548287865406867,0.0647767212709297,0.0186406756878846,-0.160418034042159,0.0164358871456208,0.130351868779551,0.0845447257088185,-0.143611195204677,-0.189285797546401,-0.358748769426304,0.196335620908556,0.629237765521669,0.168755089688527,-0.0302727962585577,-0.0409477690798224,0,0.506007701558946,0.595167045732188,0.389067082790357,0.331350601276458,0.500054222933156,0.115680583458284,0.492194851149189,0.140117114518402,0.397102588970231,0.29555515366906,0.497094699548946,0.384656244357654,0.0535330899831328,-0.147876434825635,-0.0133665759261431,-0.204030148453926,0.675033354923167,0.391574700804816,0.223685875816361,0.507091136440693,-0.253083848512252,-0.0536819585375206,0.159806136042505,0.130808240394553,0.31514853415017,0.162352307213215,0.13505788466502,0.343221482490739,0.0771926147044612,0.0681711475947319,0.135380151066725,0.113807013036594,0.168872928172797,-0.0888261544237624,0.134897965995358,-0.0264032517677471,-0.0127258102201968,-0.15576223639466,0.0377133654934704,-0.0757956842367749,-0.149506192489041,-0.175290951411633,0.0911966134932339,0.289889297772059,0.405968638147816,0.0868545828227184,-0.135104856903585,0.0756231921274091,-0.0254497332094122,-0.244732401629737,0.54477870791636,0.604854358446321,0.26527186993998,0.221228795675436,0.507500277890906,0.0929591465933002,-0.0642763227597326,0.118527605451317,0.338177329966384,0.383278204325872,0.0587068740364884,-0.266807941862295,-0.0974389270204885,0.472100087398703,0.0832930112803173,0.341277758812447,0.429910087232979,0.405686548877734,0.052742293809852,0.3989101070975,0.374980333781417,0.470653184476221,-0.114617654060442,-0.16143828262855,0.0883590747152765,-0.00692776524834747,0.220855429095199,-0.0157301899629268,0.0622580565258748,0.0506814050889268,0.112830402936803,0.0531792704794614,0.099299180058508
-0.0116055541768788,-0.130788187426051,-0.03006469039087,-0.04356903195265,-0.0278638286241695,0.0858004118154155,0.234961493541215,0.335567688314008,0.128285113602763,0.063001495728525,0.0519032294998129,0.182580886310074,0.362872314358996,0.101594001480951,-0.0477016742242948,-0.00128479928945268,0.506007701558946,0,0.399806412223704,0.701292476884474,0.340960792490314,0.386303191875122,0.0163243535077482,0.215465064704561,0.00652098128519357,0.212068175517918,0.261386769574557,0.300892062990382,0.234478904169345,-0.053405125050128,-0.131282144945253,-0.300296482817662,-0.224966601837577,0.65485739384115,0.208652469648249,0.541224732294789,0.282900600048153,-0.240872248689346,0.0526035921826232,0.234234119938939,0.35271414525132,0.170116358930401,0.111362350418602,0.127491452681407,0.262511559498742,0.0927328405300593,0.0550521730878635,0.16249710006294,0.217309643622016,0.231214076373234,-0.232656915437272,-0.0825189639560126,-0.214193795436158,-0.141085544800913,0.0516582537384432,-0.00841218870661687,0.0656433174305567,0.2297506878931,-0.0122094024752883,0.124364882147505,0.142827549429212,0.17250538516831,0.0735871442567192,-0.0712781352129605,0.011068545012182,-0.0592020983249109,0.0492768178995173,0.30595189879165,0.573346062525453,0.697256574473934,0.398583483534236,0.415700023011814,0.0443882407860987,0.0176047740245582,0.0311243647459895,0.124534891902997,0.197330326697216,-0.00882829860600676,-0.189784814811385,-0.319325733419347,0.503150920569677,0.41204894681115,0.246637814893864,0.21895909781244,0.354490470940374,0.0952463750675268,0.236280829179482,0.339514849024482,0.670233296867657,0.110108457536948,-0.250658288327239,0.0767716371331634,0.11625704471134,0.164645567019387,0.0736691271477608,0.0773755432267924,0.0498959905903503,0.194728633501786,0.242867949978142,0.182641354317649
-0.0892463985382379,-0.0226117903655421,-0.118069196794459,0.068498212421604,-0.0939021724311161,-0.162403199143896,-0.174173865743418,-0.175010918991557,-0.362495506264882,-0.334226397826222,-0.352435113315935,-0.0154244875986941,0.558609762878281,0.402698077455,0.268224117788292,-0.148793677724093,0.595167045732188,0.399806412223704,0,0.369855008600147,0.446281546354483,0.515402858676823,0.283932063107228,0.111482676827225,-0.0887696671158928,0.258287237477806,0.395044979830103,0.559604839522367,0.448095808714328,0.185631893857972,-0.345436982476454,0.0647199822174291,-0.0799734237547569,0.634411871952246,0.526107556020797,0.125401363202741,0.484869451023302,-0.345635876993187,-0.102886680570925,-0.107688639040431,0.120288502534725,0.135577471463272,0.139823576468683,0.129681986432031,0.257082634783744,0.280394367024587,0.32265440168333,0.299047302392783,0.0124778074314264,0.151618254328834,-0.145912359293451,-0.0328295255338188,-0.0111682342568625,0.125500611172642,-0.300081961558707,-0.179601543941744,-0.293637973374064,-0.356648229719925,-0.343152284698703,-0.0496439218497221,0.202894748683356,0.471697895666849,0.368418927066376,0.173220085305216,0.342893079672746,0.241914309767321,-0.391408189516676,0.533165921069314,0.535679816007888,0.231465514761602,0.253446781358388,0.488254263629903,0.21671909826031,-0.300715860850796,-0.203952039055164,0.0497186109963115,0.437415498397892,0.227074541806192,-0.392774358400786,0.00840835099971549,0.437616920124894,0.16422635471437,0.136289281325849,0.431807181668913,0.415548745907548,0.334950390483674,0.357197475969908,0.501920217702877,0.299370411886248,-0.224807011585245,-0.0213871187495401,-0.124865137239095,-0.117698841436673,0.0108491543852072,-0.0938581246619947,0.0662193839593801,0.245615133673509,0.272651444200637,-0.0435670108768921,0.0270820234512013
0.07637200617509,-0.227187028191686,0.0603494907646055,-0.181986830546061,-0.108508401048755,0.188712336220775,0.251525671846631,0.280717525608622,0.153485914661371,0.126087712290422,0.152997521973051,0.00618705326593638,0.272320135738043,0.163782813157718,0.0254591093832431,0.0346924154321504,0.389067082790357,0.701292476884474,0.369855008600147,0,0.449210543011391,0.386722679947757,0.0680734532701468,0.140563892243626,-0.0414523112484307,0.0874712894274384,0.40159249629865,0.327942855469421,0.292004602766571,0.00830272865102987,-0.194537439060661,-0.414555236922839,-0.324990250331632,0.484033132153594,0.227000815970472,0.426908140529318,0.229496843642355,-0.177723292929343,0.00743030749879962,0.222596211230408,0.303651598565562,0.0248276829852815,-0.0275569847004347,0.0757830016358911,0.221992919586504,0.163112161180503,0.134691665702976,0.250263603756019,0.329621510308152,0.279078811856597,-0.303487001008225,-0.210275225947529,-0.324609548044763,-0.240455334715774,0.132459637458658,0.0618604991324714,0.0510292503265647,0.198952753417712,0.0818127392788289,-0.0384390104438955,-0.114858872587711,0.0758304614069294,0.0846709847190314,0.0342477159598533,0.104652240183292,-0.0252921670725046,0.120658152322034,0.135792974590027,0.516809220900477,0.605389584458362,0.578661564658193,0.304988624568627,0.17886010095332,0.0879096439386215,-0.0374410098452797,-0.0459967651004474,0.333101972016625,0.0750299885774645,-0.140967634644548,-0.390695219623803,0.418529647782593,0.4332514361378,0.229621258755347,0.135154423368854,0.521936138085021,0.180264195799754,0.147785716298283,0.452951331870552,0.609326055125299,0.212415744617611,-0.278908762901396,0.0524956887684862,0.144951226142847,0.0473824060557338,-0.0162627995836458,0.0360498291934801,0.103078519219434,0.34321245631467,0.31538901170472,0.175636042252091
-0.152914416638736,0.0051479927646218,-0.129984467454638,0.0970153097957595,-0.0159100913224264,-0.148463621694636,-0.109186443805133,-0.0978034761494613,-0.126465058451096,-0.106929405930545,-0.00482811163883821,0.0766477874799315,0.431314444307524,0.76458763415147,0.580208935683405,-0.181616813143133,0.331350601276458,0.340960792490314,0.446281546354483,0.449210543011391,0,0.45129917817758,0.591298452767174,0.0779506711105468,-0.145680348254402,0.013945674641333,0.717380544376462,0.605335564738433,0.494537703848697,0.502011221942142,-0.195726717142017,-0.0188050711600023,-0.197875879569533,0.244576937042709,0.273021737288527,-0.015391542679165,0.174633820523378,-0.323865759939125,-0.154175480443374,-0.0651274074690337,-0.0489859252068728,0.0693034760870819,-0.11673725365347,0.079798096622381,0.149535831717769,0.598312311876716,0.576052123130092,0.599792509036053,-0.106439139248186,-0.0718965233036958,-0.153730665494718,-0.0518399406950411,-0.0300857328340232,0.0995050301403904,-0.165720950593297,-0.23167207720153,-0.151544563894796,-0.0503679452344864,-0.116456791205461,0.0578178784539939,0.0768343114129899,0.243917815555829,0.464141730792438,0.411562677527417,0.671702149844664,0.509235766643102,-0.105134547319957,0.226911992932272,0.419612177643644,0.304597596014859,0.653585495081369,0.371239125753424,0.520791507227214,-0.0835204046558271,0.0391157136952643,-0.0155356708447393,0.509979209893987,0.522280079399584,-0.283303317432292,0.0196105190749591,0.145975765558125,0.129732635573829,0.0202418503050468,0.151000286354254,0.66892849026256,0.541480859764458,0.10688128097012,0.568887177041844,0.130170659479277,-0.0838883065837239,-0.0723293454464163,-0.148280187388295,-0.0953884282366793,-0.103542401371357,-0.137012525383603,-0.0490644174875987,0.554837992995233,0.63397435207152,-0.0556032713485405,-0.119166471343094
