0,0.284353284675718,0.288253494840601,0.0549690531319611,0.124352735612393,0.213701860190276,0.294989097040893,0.234973534613269,0.160873855726016,0.179152535485906,0.0632125842465062,0.0433816864066184,-0.112453377152694,-0.287751701464886,-0.275547121569429,0.521536167154826,-0.108770484284599,-0.161198552863608,-0.223486092110896,-0.248915922209065,-0.328754311793725,-0.266722319676449,-0.3126906732262,-0.10672425089445,0.144738267526159,-0.0256424139210815,-0.274203000494783,-0.126094884987485,-0.171695860223399,-0.357495986090698,0.0235747821743678,0.0596237908219318,-0.0430550996589979,-0.291631241030352,-0.264065969966684,0.230144566565322,-0.0158373552854733,0.297493394789387,0.276439399923255,0.212989839202704,0.116055615869987,0.222573862834144,-0.070644846047677,0.0791739357195392,0.00331639451543027,-0.282125167486874,-0.32223192920841,-0.311545594390215,0.242742041737123,0.0193777292894439,0.682058608399795,0.294637329743505,0.164008083344612,-0.0236233212514784,0.212122941025234,0.224849708972099,0.210957428951895,0.264725574187893,0.20984374240138,0.0824273609491626,0.0347777256525358,-0.103152196133846,-0.221985824569491,-0.255144196923814,-0.247753821831611,-0.274895727434655,0.152834528905783,-0.184725112064267,-0.333098360980875,-0.251857300334737,-0.325775906629322,-0.208828524505119,-0.345556055776459,0.227129686384614,-0.0687668387494435,0.0848014705340152,-0.194269460896037,-0.286143970743692,-0.0218960815931584,-0.00148280516959027,-0.15903903639068,-0.0190337489332867,0.0649880791107289,-0.259842720019208,-0.326861435378054,-0.374709884334831,-0.0155817326165295,-0.0208317807850023,0.0792271505141393,0.0796773547654736,0.0905731290486804,0.205528830663798,0.301256982365546,0.257518407679306,-0.0312240756381374,0.178464282250244,-0.319427973411574,-0.26695543515227,0.255118466903161,0.016749593642766
0.284353284675718,0,0.641450633572484,0.508791015903114,0.428114249353356,0.489503748367155,0.635739351414542,0.724597867985153,0.552206426712117,0.237423576548192,0.169155051285617,0.0903013209170351,-0.0815267699586296,-0.212058725817514,-0.25660111603246,0.624604902374966,0.228439894012248,0.255017801846173,0.155652662553997,-0.109568300319788,-0.230431258767286,0.0578297444515474,-0.371408962174391,0.112693151989957,0.198425321461329,-0.0598700625012594,-0.28733336807489,-0.0546657066066338,0.0431184796789352,-0.383579784821791,0.0539186374827588,-0.296400503513899,-0.181065665882484,-0.0296268819052066,0.0202572382656302,0.0968320126907952,0.0419673254695538,0.0545642547009977,0.204386585193072,0.26778774425976,-0.0371794141800479,0.217128282685722,0.0253918579286598,0.0484501349105026,0.0780047060699593,-0.212327650956956,-0.371054144810733,-0.384040897462369,0.403905265813473,0.221087779663592,0.470486172404176,0.886349180666502,0.477112528396567,0.427555302814133,0.641382785437876,0.510139835801008,0.711796701600481,0.591865550957675,0.290159481508662,0.219311948257663,0.123275152684934,-0.0111036428899281,-0.189446054975486,-0.0563571495870134,-0.130138500010381,-0.23818677708107,0.391786339424802,0.1882779395201,-0.062558373680496,0.174657620380057,-0.263978480293083,0.208670036235538,-0.397217818238081,0.255269918210515,0.234056752856118,0.177367599732341,0.0426468799329916,-0.316483918087961,0.0756841548935567,-0.200149909474313,0.0230360808984385,-0.215408843217493,0.139454004079339,0.116664160191247,-0.163741782213826,-0.260575163576538,0.112678681591985,-0.162371328279976,0.252639611988101,-0.127769392809364,-0.0305649180476472,0.262619042839061,0.359706146520251,0.263426302273588,0.165946037396887,0.00171636357718846,-0.267428465882419,-0.403689296177363,0.437617130714378,0.155294249986801
0.288253494840601,0.641450633572484,0,0.0240251574380965,0.111485091361334,0.80269189760532,0.549306207905522,0.671299492537676,0.684663567980268,0.374161569193151,0.33962461371971,0.298277880993192,0.0903943613967967,-0.0869198306558418,-0.0770528821137119,0.367415730427277,0.350756477430705,0.200922604737813,0.229421097079409,-0.10364962432158,-0.144317730443975,0.211208981547191,-0.213999947880442,0.301713970364858,0.296619867965883,0.121865954923123,-0.212190688895643,0.023386890075657,0.166307357675902,-0.232482350335262,-0.0102353550008193,-0.307537989403781,-0.234763316129035,-0.0481496119469135,0.14490100440655,-0.0341826646595264,-0.0611136517321828,0.212876206279692,0.0896562913565934,0.245809354586225,-0.173582345055349,0.181860561182599,0.0844418085860867,0.00831544389419426,-0.0159507174867542,-0.153906395718861,-0.337608242735921,-0.324847146027767,0.646349481440884,0.228672270944337,0.357422564713402,0.682400506364432,0.185850275439739,-0.114948784298677,0.633188420172674,0.833344232123894,0.616874451448998,0.440702623587973,0.359534909660991,0.404137159356119,0.321254108390079,0.1928408539094,-0.0489194912777203,0.0864446842288823,-0.00152586717766963,-0.0505664321026061,0.281491556379329,0.331972318765302,0.0539602580124616,0.117867576844654,-0.153996857518731,0.358576398918196,-0.226270594564635,0.250059725356628,0.384588469268456,0.369868058629571,0.198817516217403,-0.118262553731164,-0.00435088118407802,-0.253843105502594,0.194309319052441,-0.160316602367939,0.0970158507755627,0.245881329288071,-0.0930312399468548,-0.173691826832844,-0.00148433784672731,-0.175005623021075,0.157611587580524,0.00617612741350823,-0.209865591392531,0.476868151012884,0.342315306534854,0.228293678519703,0.280328244334647,-0.139955769447694,-0.193084815647222,-0.309551484672285,0.643136965902019,0.208657154356465
0.0549690531319611,0.508791015903114,0.0240251574380965,0,0.508325983479035,-0.0960316260526113,0.263266974403344,0.348604015419037,0.103793890387947,-0.122911600185564,-0.122853140509917,-0.0909483882168444,-0.0856860857896083,0.145321648377976,0.105089727904695,0.338603109007352,0.0983957263793525,0.201684583132684,0.29202589430686,0.128172286962452,0.210587625466123,-0.109601536624338,-0.00276146688118166,-0.0687297537399619,-0.146488946429955,-0.171611277414642,-0.0571385827832162,0.101964503029706,0.160508271441565,0.0650957159064122,0.0663284341949688,0.0824047822349027,0.127508993396796,-0.0084229772677614,-0.0673030372343023,-0.140867888587536,0.097195839564076,-0.201590824174526,0.0816746542355672,-0.012715962539081,-0.0283344200931061,0.000586149540414635,-0.132662479893111,0.0436601388327633,0.1050091170753,0.0560351510785682,0.0302422097104076,0.033322467575224,0.00793736836519235,0.157659076865686,0.197270337658316,0.486273193156234,0.557058885687768,0.849900180339064,0.205223396144674,-0.037756061961363,0.387399608949728,0.34302093876846,-0.103557630873869,-0.0101926131200887,-0.154133629049384,-0.0845196205007557,0.116955989312716,0.213037338026277,0.222561178596544,0.110661524691159,0.1193114905179,0.170197443722064,0.115201929043927,0.292977132579034,0.186774297914604,0.070308929976889,0.0375079333548841,0.071006595336171,-0.0458673715797142,-0.108360163329774,0.149593124078019,0.0142191869591387,0.0269712295576992,0.0576202635275079,-0.0467679441512592,-0.352328186090982,-0.0355872274319292,-0.0121749711959417,0.0248952616824923,0.0981023963013193,0.169589093572553,0.0409569946164358,0.150732841497057,-0.347123826957346,0.156837336313714,-0.138255384002881,0.0503659476363839,-0.0328141157673363,-0.148836054541927,0.0512412391888406,0.0353460854074406,0.0355162286287517,0.0316492587773967,0.0630473644757856
0.124352735612393,0.428114249353356,0.111485091361334,0.508325983479035,0,0.181768976122698,0.10768998825826,0.202479323961682,0.211341927611187,-0.0135908052870716,-0.0519679826344029,-0.0832955067939776,-0.227224335838197,-0.074048711844846,-0.127380555431346,0.312405113458896,-0.0402194390077774,-0.0550726595071602,0.02092576597504,-0.102952333153202,-0.0704860015565165,-0.246821124542601,-0.13196073956968,-0.158132911381778,0.00610883861847065,-0.122527656518188,-0.162103913128802,-0.0544482085557388,0.00423042576644557,-0.149722138653073,0.0617205470493073,0.119196433644223,0.160584953500658,-0.218507543772132,-0.240807707111892,-0.0401148183898573,-0.0118217289172961,-0.00531278474317221,0.0539728727994361,-0.0429953572584791,-0.120654669979055,0.0406792522963312,-0.242307555546635,-0.0187957376777724,-0.0544460319865631,-0.133361379062569,-0.168930515012766,-0.129174154642264,0.0158169967310681,-0.0665389836473775,0.25451470351187,0.331202117440886,0.496704336170919,0.464012190952147,0.447295506424192,0.150401396160781,0.167793139582881,0.274036654445947,0.0114617778201692,-0.0525339953229648,-0.11434155880472,-0.177229384957307,-0.151378398857077,-0.0582189925911363,-0.065026052244782,-0.130250218818813,-0.0451431073377607,-0.033853712875298,-0.162487832144259,-0.0926727144572412,-0.0696671389723651,-0.154197973583236,-0.177185793548379,0.0249246229818689,-0.00464603514287028,-0.0843206755187278,-0.0856449949210819,-0.118558159454577,-0.165701452868238,0.100067919135695,-0.203629059432812,-0.347741641207989,-0.0712842812988297,-0.233051853566886,-0.203232805016462,-0.185166926713491,0.106985508136314,-0.0543548065363454,-0.0466111555678113,-0.208399336095609,0.210510767709124,-0.247630135532708,0.0548676053355163,-0.0430050106848377,-0.249816837781271,0.0629499242815949,-0.144287074463636,-0.0969716101452128,0.0529323088141606,-0.116312230759793
0.213701860190276,0.489503748367155,0.80269189760532,-0.0960316260526113,0.181768976122698,0,0.491776691031853,0.606185680412011,0.698566118634739,0.455931186944766,0.425629330384875,0.402265081330338,0.194507701491457,-0.0676014679483081,-0.0646518831553657,0.30421558093262,0.418754987659804,0.145920891036671,0.223860015610788,-0.142369085355462,-0.161718204659328,0.279092498651543,-0.170640889343669,0.361937568441987,0.299715949041292,0.242849357427831,-0.164916457016714,0.103902639100365,0.237588287921726,-0.217732865785478,-0.0641787481832483,-0.350109165254249,-0.311812014028076,-0.0575182890840938,0.166688729169134,-0.0289643628344631,0.00794685742629098,0.227128221754192,0.162305046039216,0.271934519619793,-0.168851614754247,0.222755362345797,0.141415794719186,0.0491295612709216,-0.00299072751908112,-0.146107142275902,-0.338368782656378,-0.295975653832935,0.702952076870795,0.246319748459122,0.262350117662109,0.533345592152486,0.0992488808154356,-0.219071502471574,0.722663445224166,0.867839498105224,0.510742119408138,0.394093491052074,0.455928114325534,0.488003194200779,0.449578747034486,0.314235932898365,-0.0559482708425655,0.0777995414021615,-0.0194521542928367,-0.0520088930528997,0.257667972080834,0.369436749764913,0.039749844771868,0.0633452216324708,-0.159498529840966,0.390378370687104,-0.22886840945924,0.227785814538697,0.457366386607431,0.395411125980837,0.241587916208198,-0.0406336863419748,-0.0753193572397177,-0.300757538367495,0.158907788548255,-0.133696876188618,0.077782364807092,0.217697864310533,-0.0894130230780218,-0.17559618135648,0.0786048661337825,-0.0971539571997988,0.1554479693189,-0.000587174567020965,-0.271380863884258,0.444804075200408,0.435680146319935,0.244313077542939,0.287344566045881,-0.0839324861358426,-0.193224206849517,-0.285774132978173,0.696455815836301,0.203673898991013
0.294989097040893,0.635739351414542,0.549306207905522,0.263266974403344,0.10768998825826,0.491776691031853,0,0.765031385978166,0.600783542872469,0.494152160026358,0.371926325236879,0.248399318668716,0.138038573722536,-0.157367870520501,-0.221425258547425,0.575885973625136,0.323691315187828,0.202819950809121,0.198342615694721,-0.041884780478768,-0.205776987797127,0.161525055157018,-0.333642355586058,0.27179335030488,0.352760283190085,0.0890439984260594,-0.164587660906074,0.123073009293308,0.152107697083374,-0.354073253630274,0.0459108969337131,-0.394078484480703,-0.256334038221637,0.0271213670370781,0.194902553286388,0.180254664252594,0.205816580321545,0.0467353007769123,0.488378826893831,0.618424168905848,0.168709087829934,0.369988545840096,0.28535771915505,0.210294481083214,0.239471125540119,-0.0799535869013972,-0.246453606212336,-0.294354366202883,0.485527509474617,0.374161037863767,0.345594157449967,0.648322552356631,0.342681173909764,0.149936533567686,0.580042278213043,0.559866868366629,0.687517546837056,0.557777581707831,0.531859037651011,0.369437565297864,0.315057377637922,0.175524592610718,-0.0450773395632863,-0.0353359284784229,-0.10264410550212,-0.222556865826831,0.63142978872065,0.204217355819399,-0.0478265371627792,0.131315173266589,-0.2250967119621,0.337177156811148,-0.381142922127665,0.537508831726728,0.312910390212503,0.366886974989968,0.156694673870576,-0.241547304516588,0.0988988806520064,-0.301426037246779,0.0350290127482814,-0.107194236152513,0.340622745949974,0.266496082648974,-0.00676168289021984,-0.116800883527191,0.250694576167638,-0.00457711657926373,0.370416782942687,0.00296201858083789,-0.151178355779206,0.309054171738874,0.581686396973736,0.422958548737423,0.39741545266636,0.174939250033961,-0.150220587325523,-0.320856596604353,0.54276356482072,0.27952689056585
0.234973534613269,0.724597867985153,0.671299492537676,0.348604015419037,0.202479323961682,0.606185680412011,0.765031385978166,0,0.764836059831913,0.394029180712504,0.368685329038198,0.291507019541284,0.0985394159591036,-0.134370082294813,-0.188376114076661,0.587319063024043,0.422941264780129,0.421887052071673,0.309449231380844,0.0612137892890616,-0.143582274355389,0.213315164565477,-0.312639253939484,0.303178174997561,0.247882427990486,0.153475669054471,-0.0947375318254511,0.187703239750722,0.248182879141701,-0.342363644592666,-0.0697122914677202,-0.485680713816201,-0.370013412727649,0.0897965487258689,0.221787062563671,0.0904722537028743,0.11839063042644,-0.0518829254620937,0.325312948704095,0.395591132254403,0.034243803893823,0.321718969309958,0.193732323342449,0.144425540578043,0.258606356290399,-0.0403593143063756,-0.280232009539001,-0.300457300287943,0.53301140936902,0.363179523692374,0.266883657212146,0.7490691647696,0.317936108185383,0.219432678278162,0.68351425191345,0.67100606576613,0.834434470770635,0.726932241401787,0.396732252389113,0.453953467559013,0.323607057868565,0.150419944120413,-0.105153441688876,0.0365707269900925,-0.0303703582003647,-0.170361877984298,0.427202277556613,0.356820003510366,0.119224497675206,0.358595216427157,-0.158228843680094,0.417796882265087,-0.318776270700987,0.372282529598133,0.409426987363669,0.401994481462378,0.25341433238002,-0.219065841315097,-0.00258300891006847,-0.42482985945812,0.171640278655877,-0.101981908306405,0.31937152329081,0.357641768994156,0.0611698291784009,-0.135328678377543,0.191286978794841,0.0383384257103011,0.42516652757757,0.00142237471202391,-0.271793067922083,0.307564662779273,0.487189124642441,0.338304170532932,0.341237222827411,0.0449109315859551,-0.11262929539611,-0.312067445283045,0.580398557497059,0.282419850002014
0.160873855726016,0.552206426712117,0.684663567980268,0.103793890387947,0.211341927611187,0.698566118634739,0.600783542872469,0.764836059831913,0,0.35256513347536,0.331543589581706,0.187718090716539,0.0912476973412205,-0.0285289545675936,-0.0963408565541277,0.397127768530398,0.36691876642923,0.349092961431715,0.293797758328324,0.0655830915235003,-0.0856858634398439,0.19280892765504,-0.164702548472176,0.218685632113863,0.1690078047256,-0.00721184101287743,-0.0924150415766901,0.0844601362099055,0.239077657235668,-0.24621746984513,-0.0152062151946079,-0.320780299931374,-0.185720558794456,0.0668988357480616,0.171957590775283,0.109534776249625,0.0323172776483115,0.109330352525877,0.282629372135942,0.317647538965545,0.0739397161973163,0.174742928629319,0.0413163665109878,0.05522296057896,0.122604535164,0.00498256846699901,-0.174447980280774,-0.172300768326583,0.558536366274919,0.254173394328032,0.238613462391564,0.58897636652822,0.310182519330509,-0.0366341629787595,0.629753984702413,0.754918239199619,0.663392523643276,0.704917139207807,0.352170834510967,0.344016243546545,0.212626023335135,0.144594660717543,-0.0739428889661359,0.0679337011885301,0.0101855270022128,-0.0578289400283571,0.312501591496804,0.363944919838315,0.0982327702221342,0.296692087150397,-0.0896875850143619,0.296721863727793,-0.204039136249374,0.239066870595088,0.373155276346221,0.176860411179482,0.249870050796644,-0.108529438306987,-0.0117216891379458,-0.233050653636303,0.153891262954159,-0.0300474253564323,0.196877129224681,0.22050573506409,0.0456417051501045,-0.0919118443501829,0.136044098525936,-0.0296903202868334,0.371169293813214,0.00453017040815102,-0.135652998658169,0.219215880149688,0.470165069080677,0.189736640104481,0.16504003717165,-0.00838143553759486,-0.0600563760126968,-0.197451985918974,0.578290953799632,0.152607288631058
0.179152535485906,0.237423576548192,0.374161569193151,-0.122911600185564,-0.0135908052870716,0.455931186944766,0.494152160026358,0.394029180712504,0.35256513347536,0,0.662597289762275,0.551531979595198,0.297080338962977,-0.0622656632309729,-0.114361817241357,0.246165284456193,0.337537617559622,-0.0299057282519956,0.0871009573303682,-0.294708165410596,-0.200372288858945,0.227291516912159,-0.220784479404428,0.398086017591881,0.507852586992474,0.351390327943128,-0.163318809554728,0.230913930748391,0.220391214719471,-0.249237948328941,0.0341466390009612,-0.248009271682379,-0.216279572256311,-0.0400277099917842,0.151826656799531,0.0471120138945915,0.236288881644533,0.231056582698493,0.448901646283885,0.580725780388844,0.0147006546774384,0.477870251810336,0.32892451992682,0.285810484392936,0.119025325070338,-0.0537129438094384,-0.226793302163485,-0.236797249677268,0.339440110441912,0.171596843709926,0.205379564200914,0.286364384341965,-0.00731191180226642,-0.231805199559091,0.391782980472754,0.492172809968955,0.283165757509047,0.162685872314275,0.833303291157412,0.557370298374742,0.565394635988076,0.313827492807318,-0.038086336608408,-0.0484119524576816,-0.101482915118025,-0.152518496328747,0.317106073836182,0.179600433540205,-0.0797031692981959,-0.151970762334236,-0.220734107813097,0.336569550020278,-0.307473044486882,0.572121257584055,0.39911262454089,0.543873943268733,0.217225605222651,-0.0735534009198054,-0.00446457005273514,-0.208033486451369,-0.0608819506966885,-0.0626797092552072,0.311359169649548,0.205026352052771,-0.071143254019703,-0.0879991853345716,0.324873035183463,0.0881063873715877,0.0877008312659369,0.0950988102820033,-0.0813356918112424,0.318582071622288,0.596949252120974,0.455543612503585,0.438690272855144,0.319906196594894,-0.0985007467099869,-0.255760383915184,0.388710728816659,0.182003951754901
0.0632125842465062,0.169155051285617,0.33962461371971,-0.122853140509917,-0.0519679826344029,0.425629330384875,0.371926325236879,0.368685329038198,0.331543589581706,0.662597289762275,0,0.701936929071224,0.431041138214552,0.0380895934524664,0.043398418200203,0.102024887020611,0.440339623489344,0.0988862786048891,0.208156373749451,-0.139366720666969,-0.0923665881804058,0.303071533080546,-0.121355632372096,0.536815932232421,0.243376990085286,0.511477650342826,-0.0341293561503952,0.395113124942037,0.340916029893042,-0.125165135084483,-0.177915219786305,-0.30410326518994,-0.369082091744203,-0.0397056369620089,0.17267280996094,-0.00187382338218013,0.208363748863879,0.0256379111632179,0.231542758834082,0.291387604382659,0.00839267909750053,0.341492362513722,0.294774460299169,0.3500611087799,0.193726035257401,0.0539945232274243,-0.196718879293362,-0.133126519837866,0.362777736015576,0.344165464800501,0.10446474853675,0.237348256606872,-0.177412463347985,-0.228902315853686,0.372741048957344,0.486675615308512,0.247292977019298,0.24048249435163,0.626498369444426,0.765538480065564,0.688076312551401,0.484023333020279,0.0243949589776823,0.0442676678978086,0.0164662336951303,-0.0047418461133334,0.178713584736687,0.316686383429582,0.0122395476988685,0.00609683523732134,-0.104175126392776,0.390174127195813,-0.17409565878772,0.349199763157602,0.53040920399587,0.518873394823482,0.331527424756259,0.0536616589649017,-0.113416454189348,-0.319771335681478,0.138254444292999,-0.0510321505517805,0.124413109366057,0.267206355784879,0.0235702523457653,-0.119363468186207,0.22265911401043,0.156776305978484,0.228282114740145,0.156958688850995,-0.252808510477078,0.190706759412431,0.361238551234102,0.278455814931721,0.371991308773489,0.278844761705866,-0.0229136589203223,-0.157604195799106,0.417928136791622,0.339479129191678
0.0433816864066184,0.0903013209170351,0.298277880993192,-0.0909483882168444,-0.0832955067939776,0.402265081330338,0.248399318668716,0.291507019541284,0.187718090716539,0.551531979595198,0.701936929071224,0,0.442582259705708,0.0316958784372418,0.0834975716263942,0.146649377987485,0.487271778127104,0.0886696027703381,0.214271090449822,-0.129556598591999,-0.0575620405215712,0.365183760863779,-0.0684387753240719,0.666876713090925,0.0210787369791198,0.758041089629025,-0.000377119969427695,0.469801182710078,0.382752283845281,-0.044657185475881,-0.334612498934433,-0.298155518845354,-0.480060533127255,0.00293342340541089,0.231604687216006,-0.156337330587462,0.0749499702030384,-0.068551876112411,0.0930896266039674,0.126408814398761,-0.182025508841485,0.204491263164975,0.3659180346764,0.247425762618925,0.197417851676754,0.0216080420917334,-0.206256696073759,-0.169287824215944,0.363187241741322,0.28887772706603,0.0324246766940421,0.186229181125102,-0.237028278352188,-0.20058011135585,0.329341638718603,0.41981328386439,0.17272367760635,0.112931450222168,0.465866792008169,0.825640087397992,0.829530930685156,0.532807689427114,0.00473715991698542,0.0818729096746279,0.0589664989708469,0.0467346818486301,0.0233133858152391,0.326187235923772,0.0648787139213811,-0.0157983194595384,-0.0633785092768579,0.426543531699926,-0.107953691456713,0.289152744232603,0.576877697503351,0.604412081688514,0.382413033128244,0.121728593039939,-0.248630664000447,-0.452711769921272,0.209126829684347,-0.128459867833593,0.0750072192619718,0.314264678834937,0.0373416589974922,-0.134430002920625,0.0660289164293863,0.236813129730402,0.151791701697071,0.178536962777475,-0.38285589145238,0.234586670798889,0.261310560619856,0.158233474356333,0.37495464106515,0.109028612627643,-0.0338965585326765,-0.133661713970632,0.411818608067647,0.318541351235471
-0.112453377152694,-0.0815267699586296,0.0903943613967967,-0.0856860857896083,-0.227224335838197,0.194507701491457,0.138038573722536,0.0985394159591036,0.0912476973412205,0.297080338962977,0.431041138214552,0.442582259705708,0,0.3938239395866,0.3301388164952,-0.162185809187942,0.58633254378533,0.244999683885115,0.421255347998848,0.234090821115996,0.299243076888809,0.460860873207786,0.263531996678208,0.427455349061515,-0.00980304703763486,0.208126733698735,0.33168819590707,0.444642986021786,0.437792982242506,0.244388968290546,-0.133882777079937,-0.245534003872842,-0.242030579793208,0.261435869670911,0.328154786582554,-0.0622236647859744,0.273532800124434,-0.0788173042176656,0.180767902880008,0.104029036850336,0.122280603730033,0.107422643844024,0.134957339062283,0.241283646673966,0.180504621649537,0.406186457566781,0.308580637443761,0.318853371837756,0.279944358096893,0.396669906348913,-0.111019172325358,0.0129787145289689,-0.237167237225261,-0.153308106292989,0.0563994788837043,0.231767536936519,0.0365816512516504,-0.0246472259067172,0.322348856280483,0.459937966749449,0.527504037882445,0.854045192135861,0.433528324497638,0.347987745345207,0.278085128899597,0.288086458193525,0.0175986316873352,0.533020885131844,0.329455075188431,0.285287986813168,0.270015539221275,0.449021706165743,0.195331427941886,0.0383995664444229,0.32168401897365,0.168813081431137,0.476087876464395,0.339412322177643,-0.0228230092995039,-0.213052874111996,0.343306352378777,0.0842390070861928,-0.0256973221893309,0.272107243259769,0.444426283795793,0.297702689138886,0.290115835458472,0.207417991125134,0.268544026826056,0.0330031926579336,-0.245412681241739,0.00733096821804221,0.198603412494618,0.0495043781701245,0.146863645645449,0.136372166867212,0.37602476607377,0.284741388953432,0.307573490612367,0.268636489687716
-0.287751701464886,-0.212058725817514,-0.0869198306558418,0.145321648377976,-0.074048711844846,-0.0676014679483081,-0.157367870520501,-0.134370082294813,-0.0285289545675936,-0.0622656632309729,0.0380895934524664,0.0316958784372418,0.3938239395866,0,0.862362879609823,-0.451079552994443,0.477782100624692,0.299934760125663,0.728714117417927,0.44639801633456,0.856357861389301,0.334875408209511,0.825709015697959,0.242427724770144,-0.230518113465324,-0.109091596125854,0.441448219490838,0.405367503406689,0.54368898695992,0.83924788001865,-0.051084390125222,0.29590544268597,0.186639392563746,0.24982613574756,0.214066030255866,-0.342916287189096,0.121831870366771,0.0100287276673037,-0.0574083764578762,-0.133986658881976,-0.106480504347932,-0.243006261252276,-0.110510478753683,-0.054180666235581,-0.148745274767893,0.631668647525459,0.639627246969511,0.722259880241369,0.0248955304523972,0.100446461424556,-0.16757960512961,-0.126757285260797,-0.0868945797872759,-0.0115364656026061,-0.239226214364595,0.0244884953796134,-0.222592746032566,-0.216269044254539,-0.0528873340954864,0.115496641379334,-0.0260650892536622,0.316493053217323,0.786310006623227,0.830978544097078,0.811529165731267,0.850578541800345,-0.330977237182997,0.632694674293332,0.58299376001594,0.464141747435788,0.812399568240543,0.345892322275083,0.804427784549029,-0.131155750582945,0.102163576015151,-0.196027606939163,0.609109321221419,0.775161721468189,-0.0277282989887519,0.279566144433265,0.386134854950053,-0.157284665011644,-0.344737026483905,0.143718710465219,0.449971304305885,0.689031925622271,0.207245386744599,0.186688446984792,0.0444910420684108,-0.256406895704679,-0.00652341631422274,-0.103479348857142,-0.109221745272586,-0.345219020267379,-0.131569557625268,-0.114151923790841,0.6412315879695,0.730997765367098,0.0273802333134663,-0.0423353925661774
-0.275547121569429,-0.25660111603246,-0.0770528821137119,0.105089727904695,-0.127380555431346,-0.0646518831553657,-0.221425258547425,-0.188376114076661,-0.0963408565541277,-0.114361817241357,0.043398418200203,0.0834975716263942,0.3301388164952,0.862362879609823,0,-0.4838761572836,0.400170630625552,0.190190236578162,0.644546180460192,0.360528595987392,0.841784119470342,0.278414638399065,0.791317367998584,0.301632888369935,-0.224932662953153,-0.0292173408769936,0.322976864452608,0.35776388855863,0.539999064296269,0.871861071117965,-0.101732747287904,0.331064958942143,0.186598202531939,0.121732462907072,0.161063582922851,-0.430727334488184,0.0091583579260772,0.00115145796967776,-0.151260187197506,-0.197403080806142,-0.266205545660908,-0.292529813495552,-0.15428236574104,-0.137106858797659,-0.255138185406285,0.467219381664371,0.479853732050268,0.568347409168727,-0.0339245488264217,-0.00741304126138487,-0.180031560452784,-0.159509046322889,-0.110771958563299,-0.0389017589882606,-0.2479762521784,0.0168777005929104,-0.246996229408831,-0.267031318716121,-0.0911702704382231,0.115687213227554,0.0272533391671213,0.308168466305876,0.782535506628887,0.831473273347391,0.855888695644958,0.922657606078249,-0.387952292600009,0.57194291230345,0.563011295983674,0.39941423477486,0.852436747231508,0.339128372366018,0.832957621426343,-0.133870889582981,0.166807630885786,-0.128933325231662,0.609096413566748,0.812993455642783,-0.029630408074887,0.292662591352623,0.407332721848073,-0.238959623725246,-0.421957083975366,0.146062789038431,0.330038812620929,0.619777987373588,0.0963659769452409,0.121130597070555,-0.0559983991203051,-0.240168739217841,-0.0238978967210421,-0.052484373850338,-0.165511948296731,-0.37854742288838,-0.130517846399958,-0.221386709738851,0.493886396165986,0.619730048654135,-0.021119448258739,-0.101652718284288
0.521536167154826,0.624604902374966,0.367415730427277,0.338603109007352,0.312405113458896,0.30421558093262,0.575885973625136,0.587319063024043,0.397127768530398,0.246165284456193,0.102024887020611,0.146649377987485,-0.162185809187942,-0.451079552994443,-0.4838761572836,0,0.0398779668741207,0.127428725825678,-0.138758547939539,-0.153872189132427,-0.424251961714786,-0.052468300504448,-0.491044817818369,0.0852063413525158,0.119792331436015,0.13794829613879,-0.310525456948829,-0.0387072845573187,-0.0160833975218823,-0.567757083712041,-0.0392542168958988,-0.253166960068146,-0.204249051123029,-0.0324339209870886,-0.0525033495334134,0.240564624883028,0.0686675154893328,-0.0332132467345642,0.340813119874697,0.33095430086139,0.0419133567585585,0.303423520690752,0.144762159130692,0.0503071172631498,0.154629890447945,-0.344816823597701,-0.42688728849049,-0.51796236795356,0.175155574542455,0.100362971293093,0.526272506769327,0.587827758840594,0.48600052930344,0.254964219169195,0.485634491078074,0.297309773359185,0.53637855203945,0.575104650933283,0.260931319144213,0.193491038924704,0.129909142329914,-0.124828119764228,-0.396719615565671,-0.3602044190545,-0.381710083460305,-0.487271662005276,0.328129571080666,-0.126919553881091,-0.234605401559126,-0.0409919420019257,-0.425518876379095,0.0256064332002737,-0.533905331760131,0.39101851722942,0.172871382042724,0.258061865435124,-0.104259146393678,-0.431581620319455,-0.0642902144268126,-0.264660240284257,-0.0733388636394797,-0.0686581942076517,0.238915353299893,0.026910610429348,-0.268628438441568,-0.419380991541037,0.104240763439926,0.0173927161584662,0.272592160913339,0.146500048070712,-0.057893642706888,0.0841566757939366,0.395692489494337,0.326876837361877,0.14587179753288,0.0925138491498063,-0.391548453869928,-0.486783231491664,0.21538167633141,0.0746023806622694
-0.108770484284599,0.228439894012248,0.350756477430705,0.0983957263793525,-0.0402194390077774,0.418754987659804,0.323691315187828,0.422941264780129,0.36691876642923,0.337537617559622,0.440339623489344,0.487271778127104,0.58633254378533,0.477782100624692,0.400170630625552,0.0398779668741207,0,0.615999666945407,0.749156739080554,0.327588090009349,0.41195293426373,0.715461727583246,0.337594957129478,0.655073353924233,0.0258206586996418,0.28828162947791,0.381864063922645,0.605041403718901,0.64793394355309,0.279781054828331,-0.12059892615245,-0.339800291960199,-0.292542961812826,0.427081460470776,0.527726110165015,-0.0886883103267839,0.336107475374061,-0.072641893197134,0.213711103994503,0.176588111088663,-0.019554901943923,0.164178670577413,0.256166923057362,0.195681085354353,0.15299767130284,0.461332426024144,0.228300010072598,0.246857010575808,0.391367180459504,0.46600973344319,-0.0565752132493514,0.322155164157833,-0.0638637790563036,-0.058633889460341,0.292498670573322,0.468726809663278,0.275962259711634,0.165229547269582,0.33974767004083,0.566338879127472,0.497739686355702,0.561642733638702,0.398100083920408,0.55648716578839,0.439418677020174,0.381490521036899,0.0644966549204703,0.815142077516789,0.586587776679426,0.573138253495661,0.371571250873657,0.750721156834082,0.240873281811498,0.168935761011627,0.610719614396756,0.306775372584289,0.681239338448597,0.381618574703335,-0.00586163804634298,-0.289569771018472,0.587996833807575,-0.030448369542658,0.092472616026298,0.563454872851782,0.472411183213951,0.351632877371973,0.37963030893806,0.255112119697091,0.423368816338108,0.0325262653398846,-0.323525148646357,0.147750703354422,0.299872967951579,0.0813276368486378,0.326983192100011,0.00941937438974112,0.389962253133599,0.230344119878717,0.446783701313529,0.275804239006428
-0.161198552863608,0.255017801846173,0.200922604737813,0.201684583132684,-0.0550726595071602,0.145920891036671,0.202819950809121,0.421887052071673,0.349092961431715,-0.0299057282519956,0.0988862786048891,0.0886696027703381,0.244999683885115,0.299934760125663,0.190190236578162,0.127428725825678,0.615999666945407,0,0.609857931690942,0.673805000234734,0.382036553059899,0.559138219765393,0.249426336505097,0.356454024533785,-0.165987183772829,0.0411500715229924,0.439303150806354,0.394526313377194,0.475819430590335,0.127161346882289,-0.125609551834487,-0.380993188741219,-0.267939890858541,0.662784112054402,0.507846838495569,0.114241037112947,0.137935612482425,-0.322503835929094,-0.00676211976966612,-0.0241471331892251,0.103491152428364,-0.0244626068998063,0.130813361503,-0.00214034133686135,0.202379943906765,0.407884719084234,0.242610100311812,0.224233865524247,0.141117911983229,0.306269376357728,-0.172970915280757,0.288549573104552,0.0146282242327091,0.140148392861917,0.166776424748254,0.226287123497815,0.360293470519202,0.318768837151577,-0.0321060420999063,0.201813744148014,0.0865155783846137,0.140603584878193,0.172617503334992,0.32741052490991,0.26648459334353,0.19609999631752,0.0647268730071872,0.549559690598155,0.603238591630785,0.811447724152848,0.328864132595077,0.499463259799863,0.210540228628115,-0.0510638217792273,0.342264251348104,0.0473557868382964,0.495102009377059,0.149920617108278,0.0765383984207,-0.313758045371919,0.59230785886686,0.166171803146294,0.15937781880772,0.525043696112272,0.544131611185277,0.26845413698931,0.121144378753945,0.172639858950353,0.597481005457902,0.137611283715089,-0.334462244523593,0.0112487485703326,0.00998582316149357,-0.0591055733721617,0.12011285616677,-0.174912347458668,0.322800246877512,0.206317713180933,0.169205369628525,0.108497447424224
-0.223486092110896,0.155652662553997,0.229421097079409,0.29202589430686,0.02092576597504,0.223860015610788,0.198342615694721,0.309449231380844,0.293797758328324,0.0871009573303682,0.208156373749451,0.214271090449822,0.421255347998848,0.728714117417927,0.644546180460192,-0.138758547939539,0.749156739080554,0.609857931690942,0,0.506284683776403,0.708120486357287,0.533608380181454,0.540656623760485,0.46881894469096,-0.125197133836213,0.0198504755223519,0.42310113605815,0.512784051004053,0.690577304890368,0.540808747693984,-0.105933950056925,-0.0981961630374749,-0.0802150318960497,0.398568556769447,0.419949992533061,-0.277972242583571,0.194738290921894,-0.106116220340707,0.091589299715371,0.0688430841589735,-0.0407079962123867,-0.0444336477908024,0.0962802577697861,0.05564987625767,0.0567118206436654,0.578582331506812,0.431637847777477,0.463390450077538,0.253617241669715,0.339542198285995,-0.138046877553671,0.238594183535116,0.0332800423858006,0.130866305585296,0.126346847989543,0.32055875897932,0.202472353306026,0.126780548726368,0.0986480235818686,0.334153682083945,0.193629019868532,0.368627826272638,0.633847571450446,0.762404336762585,0.689241909953332,0.644979553851377,-0.0490481786198089,0.826591839163523,0.673115188324413,0.694862537316078,0.656956692027425,0.611536286679233,0.525095876903103,0.0503181925551904,0.390629732842838,0.0543680658010011,0.745990190701904,0.543253753557785,0.00813208782051774,-0.0665920667077623,0.549332092087548,-0.169303615245054,-0.0984105534091472,0.424376051983869,0.521353470947505,0.563279011784223,0.221715264960761,0.152876098554067,0.305257132678135,-0.199398325544293,-0.210328411523042,0.0515937422607788,0.106899962053101,-0.135816833299356,0.131337480127991,-0.109647132077207,0.515302110120546,0.447425027068932,0.2643939764233,0.116945223058274
-0.248915922209065,-0.109568300319788,-0.10364962432158,0.128172286962452,-0.102952333153202,-0.142369085355462,-0.041884780478768,0.0612137892890616,0.0655830915235003,-0.294708165410596,-0.139366720666969,-0.129556598591999,0.234090821115996,0.44639801633456,0.360528595987392,-0.153872189132427,0.327588090009349,0.673805000234734,0.506284683776403,0,0.563807997665457,0.314137573221007,0.4586583202928,0.184532550767427,-0.304408263207011,-0.0932851377542907,0.602452237987166,0.338465765855241,0.436077569445558,0.347652533158693,-0.217805405042985,-0.129295535869754,-0.142883402130956,0.499001649144056,0.361875768949387,-0.00246962402189604,0.052633676015092,-0.42444832396605,-0.203371312535229,-0.203672676743744,0.0391469964577412,-0.253719226306044,-0.127873524494578,-0.162812518808301,0.106918173757622,0.457764566453328,0.459808363463087,0.472840379565706,-0.0313198439296048,0.16571937612466,-0.275165037025141,-0.0827852931792583,-0.0886917759940915,0.136645973669624,-0.104419377133616,-0.045945634950315,0.0229384210908577,0.103493810717801,-0.297024636843045,-0.0517511645594786,-0.14991001435668,0.0743607437393086,0.345875935483302,0.368257310026488,0.351948436688867,0.348664882546302,-0.104570139250955,0.356130464830612,0.579182152773497,0.692002634024181,0.538017684869831,0.207983775476401,0.45186939695053,-0.162191169859309,0.0540140746556368,-0.130986733818731,0.436073909143246,0.336261736276152,0.0162793148004295,-0.0933322439539067,0.529782906810693,0.17002808425287,-0.0568107867361652,0.29948327099477,0.657737432057205,0.42456857464382,0.0489531741462993,0.202749206231741,0.50867089042472,0.15278218607618,-0.276705058603449,-0.257005575898737,-0.252450152362577,-0.328408504853545,-0.168707688822218,-0.230498202189476,0.474819520166142,0.54704943192078,-0.00266548989024272,0.0433082231657024
-0.328754311793725,-0.230431258767286,-0.144317730443975,0.210587625466123,-0.0704860015565165,-0.161718204659328,-0.205776987797127,-0.143582274355389,-0.0856858634398439,-0.200372288858945,-0.0923665881804058,-0.0575620405215712,0.299243076888809,0.856357861389301,0.841784119470342,-0.424251961714786,0.41195293426373,0.382036553059899,0.708120486357287,0.563807997665457,0,0.292711459016545,0.797422818732669,0.200423826110009,-0.266119647862858,-0.110298907870788,0.420468014577198,0.331859387648333,0.577920195243518,0.81470692068362,-0.102815735304128,0.283860768852343,0.205123196462,0.310346263578564,0.200786027883485,-0.399400625628038,0.0373558137179236,-0.0848540579062113,-0.147440732749747,-0.195619699018023,-0.148709720455148,-0.2885970593622,-0.130580630788195,-0.161844411602278,-0.159128221764393,0.559109170767477,0.600232787183717,0.660701454419393,-0.0930343600025498,0.0423420382918798,-0.2518373700995,-0.147975319310417,-0.0256526718596986,0.0891465001996195,-0.25348347192075,-0.0575211166886742,-0.186495379306248,-0.189642377047375,-0.205997061965931,-0.00140250378623575,-0.0959966013551762,0.212359049349629,0.734742842238448,0.788482161470141,0.810436221381484,0.834413758162856,-0.360284407459918,0.568775767358257,0.659143597174343,0.572544056007336,0.905458643348126,0.3089393533393,0.82418338915304,-0.193046899547015,0.0763112809647749,-0.216766959151571,0.616538915316723,0.708902800851211,0.0337705954183341,0.267757778886884,0.430127132433134,-0.180666643064491,-0.348856495911931,0.188991234563705,0.450552940966694,0.683004614849986,0.0903402273099452,0.0766195927005627,0.0383009025179458,-0.232626631284081,-0.039795955946861,-0.164517331792792,-0.217780365458599,-0.385367807000649,-0.1723595731001,-0.272879924680947,0.573630581925683,0.683165311365639,-0.0917870431569568,-0.0768500350127413
