0,0.551657517216677,0.629396208191585,0.148138213783275,0.208199315523118,0.544884841178742,0.550040916478983,0.430202716161738,0.269276717212312,0.224855536822091,0.287322462630591,0.123291228160912,-0.123788151186898,-0.296031519113001,-0.293619471243869,0.645678606869402,-0.151906213053099,0.0924236290714091,-0.118043886466769,-0.0141428296408189,-0.224189870418481,-0.255852930042133,-0.340697348439317,0.122145290977357,0.270927753642516,0.00751112808577358,-0.403664938770048,-0.421574355354861,-0.116765411406426,-0.414555645731978,-0.0109960958833727,0.247499590921199,0.187388656186542,-0.0746273658584214,-0.364576618150568,0.212037464743769,-0.0686818802893368,0.529884727661619,0.533274472251083,0.479023987129736,0.152198324821067,0.227986682658968,-0.151207674318897,-0.346754547411524,-0.296904392601639,-0.421083606161972,-0.385898636506973,-0.37186838619824,0.395979254578198,0.254816207771897,0.597507518347589,0.597077781037864,0.232372415217671,0.0527303172499499,0.412611321000498,0.501188690595783,0.403342136207678,0.303653969656667,0.22531682875133,0.216892256265311,0.0557699349045446,-0.120588843220351,-0.258386617708491,-0.30127838366117,-0.272952751758209,-0.29612799463433,0.502315437025485,-0.118884277003539,-0.0778267659254608,0.0396282954389493,-0.256084453198273,-0.315111709763191,-0.348695302350668,0.504995872670371,0.111454156452094,0.226382063071765,-0.0906118972188067,-0.349070472222116,0.0264368434130546,0.215008007184362,0.016913987324981,0.0424582668389713,-0.288146519231442,-0.336294609191196,-0.401616813042688,-0.427373998666771,-0.0359992147776754,-0.369723469956397,0.123449072768844,0.256697930484684,0.219748187582921,0.152363865225749,0.579488408753075,0.167690616386971,-0.0476837696746484,-0.2895872676966,-0.372688402834622,-0.369652967309595,0.476910641621047,0.302561606624351
0.551657517216677,0,0.716710126422975,0.491453320404375,0.664631300187562,0.736488464267226,0.642560496411719,0.675999204645257,0.408721180604043,0.0249533834455905,0.0906420230407735,0.0722260271493171,-0.259190920653179,-0.323767605835841,-0.296828025281114,0.691168174668528,-0.276931547326397,0.153186451374788,-0.193250083644595,-0.01191221424772,-0.219165351845172,-0.362070779802058,-0.309984843233081,0.0131025228539821,0.0612265372755856,-0.119582238215734,-0.306484342556546,-0.395569643309369,-0.246086457121198,-0.352080582786818,0.0346179951383784,0.16249899292935,0.225135827770836,-0.125714409724505,-0.328707837104759,0.406337325248769,-0.142869897359129,0.273157523032479,0.311801389608005,0.384134210191251,0.124164429725777,0.0142136757336166,-0.219656075067889,-0.279499048624623,-0.254326160744915,-0.3261356544489,-0.317389561846427,-0.299629447094024,0.465842517090996,0.228187769789405,0.387830719581959,0.792048036669512,0.437467586408198,0.430647174936339,0.772784819067964,0.545120165916934,0.714331411291622,0.559437181233078,0.138964138430842,0.0488528435920881,0.134944672819364,-0.169810416902174,-0.32827347497399,-0.3053776268027,-0.227232981879983,-0.266489547089043,0.591015522309104,-0.234149052617124,-0.0670824861401262,0.175373374171254,-0.204901744001657,-0.349122589991541,-0.320703980460263,0.424845327770714,0.0114726762401722,0.0498118003918044,-0.217688016824761,-0.307880344994068,0.0478081507925266,0.120674082726243,-0.0198976076413035,0.0950532450370051,-0.219161689566356,-0.277016487215942,-0.303607525373392,-0.317669326622611,-0.126823918549224,-0.367734756938124,0.233887660360399,0.245958580622008,0.182446563106225,0.0767731928697959,0.336593244579802,0.0350181635427935,-0.0932932692285385,-0.288801874104773,-0.284105252047812,-0.281678827139241,0.550223907509397,0.328652269041634
0.629396208191585,0.716710126422975,0,0.0722063986698293,0.355500556450672,0.722423783278074,0.643334160572083,0.61058387311258,0.389841865466033,0.159250764540611,0.223650875802186,0.0798599903643734,-0.192498655675756,-0.307860161892543,-0.290104756138327,0.598222755924503,-0.186484596145634,0.181324401002049,-0.154312226526558,0.0239084080567464,-0.169742756439077,-0.329347857576142,-0.327292863470064,0.103828401072224,0.227624548010065,-0.146779095799872,-0.338863590697085,-0.383188574593526,-0.113394490908541,-0.366281107558538,-0.0193765992936574,0.0906564145189111,0.0105727576976136,-0.0162404960074989,-0.332046351177354,0.405381262033398,-0.100486242767783,0.392062100603353,0.424360337985519,0.450867237391508,0.202877867360476,0.0974979021009642,-0.285622300799543,-0.296292698901682,-0.331073655961194,-0.35921607433955,-0.369206926521215,-0.33764231303298,0.55993307693601,0.328565573161653,0.348192885574402,0.745808500016878,0.122386114929815,-0.000761074846898864,0.657772887207556,0.613975660176875,0.565236871222312,0.490882706771583,0.285570192697965,0.286536468607329,0.227724282634281,0.0117404577182343,-0.20929922353239,-0.256470576152568,-0.153362550570135,-0.265661083048671,0.623441213275642,-0.039448746530771,0.0840343217467306,0.206148579228123,-0.148855639023835,-0.259093947930553,-0.305580781957749,0.538660899772347,0.224394930363858,0.143704310528879,-0.073491908041361,-0.309636699441369,0.0273453195632151,-0.0149219964746881,0.179388222381914,0.216106771605903,-0.278310179650921,-0.316995255542169,-0.323646788320471,-0.354804642152014,-0.0887690053368416,-0.390682160480502,0.281176469101224,0.376045990635557,-0.00499995711304464,0.195433190919043,0.383063181001447,0.0744284466461665,-0.0415354302240158,-0.285436370661412,-0.322099401848999,-0.311742839607421,0.582421191561752,0.403400730043468
0.148138213783275,0.491453320404375,0.0722063986698293,0,0.810738649840501,0.400410712152667,0.196740928028082,0.402198095958721,0.3235406998758,-0.152247093280766,-0.0382449012207001,0.0247794770159778,-0.296318251141491,-0.297894689953232,-0.224813526498247,0.468157537940618,-0.400993685889668,-0.0365591176925316,-0.100169290872728,-0.0999730231030667,-0.287178514622564,-0.424411532169422,-0.277287644379181,-0.132416413467294,-0.145185748893133,-0.00108805269215284,-0.269261765369517,-0.335508945938067,-0.439931700778012,-0.280857874783618,0.119787402403238,0.321509728380431,0.551201385252922,-0.368517006295954,-0.371368449477803,0.126172337425129,-0.193998217815888,0.112731360621248,0.0593832737778644,0.145685584452626,-0.0998052663681647,-0.00999042483014747,-0.124842236742909,-0.129094290804789,-0.177859005854705,-0.244991484666984,-0.199162852587975,-0.252425191798063,0.0273767203935695,0.00267347012428221,0.398441499666804,0.363567029209018,0.821896038270138,0.905778715529195,0.506401400082064,0.223130301960488,0.47625417405797,0.284450721262108,-0.11404916411694,-0.18905583405646,-0.120343090764223,-0.433184034533596,-0.398557608715444,-0.261751408788552,-0.216644453182141,-0.201182945746022,0.249238965850578,-0.446745874736996,-0.327495045788556,-0.0454552595976618,-0.333133970104716,-0.436337650542306,-0.302777578759036,0.0692328081454997,-0.353351155673309,-0.0995424269981863,-0.400935826636487,-0.29433853460475,0.11453315980563,0.454732960310943,-0.33210667209695,-0.180009487392301,-0.137677316054579,-0.213327112334743,-0.24805316392199,-0.18078139728343,-0.272088019372483,-0.303339601909628,-0.017686936376024,-0.0798379492222518,0.51200635222489,-0.0839968640491372,0.193209179180016,0.0239089003311294,-0.139593299195192,-0.160750667184069,-0.207824769918563,-0.199465238422852,0.228218859952353,0.0525278615954171
0.208199315523118,0.664631300187562,0.355500556450672,0.810738649840501,0,0.630626054635048,0.383370314901244,0.630011065042927,0.503309832172699,-0.101752843607512,-0.0685457059038323,0.0185499292225211,-0.337895402797751,-0.341080613711709,-0.284581286401704,0.526016237627006,-0.414744547759164,0.0441349806822915,-0.147446065176312,-0.0934977477441638,-0.257408458533024,-0.460356164907659,-0.304041177592815,-0.155600161178731,-0.0480467659411011,-0.101775714838301,-0.265776168952271,-0.383763186902941,-0.414159456470428,-0.321318982527277,0.131366439714187,0.284137804014189,0.433849497108827,-0.302992050774791,-0.363322866291619,0.277309750104908,-0.247737591981206,0.170360612085284,0.122276990324537,0.212988324309427,0.0135112309034087,-0.0573562104619764,-0.20015209261359,-0.182152835986659,-0.198713448829813,-0.262116019270379,-0.246140029625418,-0.271058862972673,0.184703283220956,0.0875677213187781,0.326623269778722,0.514043463253918,0.700333702002619,0.795154899812493,0.747912808722989,0.416966726667666,0.677407122971867,0.507963063454978,0.0039115273603257,-0.0987558821936012,0.0220117898689333,-0.36286465281203,-0.40782483663631,-0.283670742523336,-0.194875232288361,-0.237987908035373,0.426801666681733,-0.41536236196703,-0.233770707283634,0.086714787424777,-0.271346693945814,-0.415477800763558,-0.323102940135143,0.18842148057418,-0.274078334790514,0.000108258823675871,-0.386704909520592,-0.315413044979581,0.11011222259274,0.299680008372156,-0.200219226222225,-0.0149869343971817,-0.129041750662791,-0.201259434908657,-0.243646191061648,-0.194402611351578,-0.278174603259377,-0.357975256409748,0.127768445239868,0.076906651810139,0.384993071937216,0.0305271427668285,0.205601852370144,0.0247101299479563,-0.0843100321726659,-0.239856268824999,-0.220984876102277,-0.213835387230823,0.326919888110044,0.154343273284009
0.544884841178742,0.736488464267226,0.722423783278074,0.400410712152667,0.630626054635048,0,0.78360267747516,0.868914443373444,0.700851592830548,0.260784656451364,0.30093554831138,0.133725095177039,-0.275228435566033,-0.368751645756796,-0.325109997266831,0.691699956436759,-0.231225931681905,0.392753614988603,-0.0385200298743173,0.175127590019016,-0.141874222891321,-0.462629963825765,-0.459622628063181,0.154149201667409,0.282992681912968,-0.235940499802048,-0.514965336655321,-0.580950112207057,-0.147479099321126,-0.518323633846535,0.13395006613739,0.297078146169299,0.327326628925329,0.0224902397800767,-0.519082033084309,0.522913231896428,-0.110055800261905,0.464416706891604,0.531506211549038,0.64643777900476,0.384834306487347,0.0308340399716875,-0.420737667686335,-0.40743763047931,-0.409647085230173,-0.543184321943827,-0.508958097890528,-0.499537874352955,0.55399252778484,0.447955905128159,0.428044487968013,0.67386009000645,0.41229010852048,0.299468582899505,0.85280883799862,0.758732114593297,0.830565545941013,0.778008503811208,0.292393423046408,0.137484037326957,0.0866446879128001,-0.222239530491727,-0.370344482663377,-0.351874093691755,-0.134653069559246,-0.335131083592488,0.785402984338357,-0.127607176822779,0.0811072308130887,0.368887810582197,-0.176678569727023,-0.491122165414247,-0.480023258735798,0.613881565805385,0.0543256772643974,0.0892320604147238,-0.126789132091156,-0.484178761352473,0.144850893601959,0.194440672448017,0.113323941209541,0.337960435625432,-0.351033147221524,-0.466823476551042,-0.515263587053513,-0.493727673270673,-0.0919903844577784,-0.573051189791975,0.427467101318674,0.479391792997924,0.28029373275488,0.204072648236043,0.497027426653037,-0.00827102400491176,-0.215988924366231,-0.465228088156115,-0.496715738453169,-0.484177607586231,0.728313535170913,0.498450365142385
0.550040916478983,0.642560496411719,0.643334160572083,0.196740928028082,0.383370314901244,0.78360267747516,0,0.790775771627492,0.522350543524219,0.302647716721199,0.359565094004335,0.240748797614582,-0.106973836607435,-0.195330579897961,-0.153400888133534,0.69545734517066,-0.0370088758192275,0.499224027863976,0.0619625508679205,0.310482228667715,0.02694632997443,-0.241960934111517,-0.281018435705039,0.349753991991661,0.264860041914433,-0.156741146065814,-0.373098451649497,-0.435464512064177,0.053806302921697,-0.36040091959279,0.0580035766745068,0.127802633509366,0.138803814712243,0.208138599810685,-0.333312954411415,0.620388094891449,0.0412116642856175,0.407275832549585,0.614311981502428,0.7416588650606,0.52200849910337,0.0546970147695043,-0.301721317026647,-0.368855148162773,-0.304876379427561,-0.414406978664967,-0.358446495747344,-0.335990130615568,0.675541602853443,0.519435885898711,0.367791980544045,0.567421871355961,0.223188160744127,0.0928067366978145,0.674473522146657,0.612446174997874,0.730562639257117,0.699094541480543,0.245542921504665,0.139162284701805,0.128549445092994,-0.0878259962174596,-0.238612346942784,-0.21737668171403,-0.0277996045822505,-0.178433918031426,0.784291927043929,0.0311483049875852,0.221920567410518,0.459469210877298,0.0123243179703261,-0.350151917585027,-0.318580005072672,0.621292122285735,0.250178426739168,0.0434656530851327,0.0640758814849177,-0.307556792451284,0.0284774750265668,-2.78006938487684e-05,0.225851132252748,0.383219020532019,-0.348464738924349,-0.418171201533509,-0.415235093183354,-0.407072159785117,0.110477024369986,-0.444872625702834,0.543876237315687,0.558637270950225,0.0616566681030934,0.123186780785648,0.395518108830129,-0.0907886814610792,-0.209279797449851,-0.408398280622885,-0.376155333343172,-0.355384090667886,0.783005049268487,0.588522997428266
0.430202716161738,0.675999204645257,0.61058387311258,0.402198095958721,0.630011065042927,0.868914443373444,0.790775771627492,0,0.765990556212211,0.236168702943095,0.277574910909278,0.130173440716004,-0.240546594183524,-0.257067877929327,-0.21319952996555,0.643445780090916,-0.149122882242171,0.533380444325054,0.0669306229467478,0.291976333100051,-0.00845702859687725,-0.397594274924661,-0.357303557590046,0.19625901549512,0.205971189237936,-0.290955825891537,-0.427445899402433,-0.532769603991196,-0.0580666938432446,-0.424748693561535,0.158347643230029,0.220314122179263,0.283813016909917,0.12443192682828,-0.442171640485786,0.561777661488892,-0.0342706735416539,0.353038009564489,0.44797594931182,0.631832280685562,0.476820683457862,-0.0440542583637853,-0.41298136131269,-0.405362382005093,-0.295211681465192,-0.466147025953268,-0.42352423650948,-0.40533987973428,0.515439051759385,0.51374499326126,0.343315542951187,0.59479871824538,0.394970662985333,0.314594536620801,0.844056568991476,0.682434409130359,0.869342451671788,0.862536904245338,0.242329295389415,0.0269148046867376,0.0301167448506988,-0.217407584438864,-0.308495604844612,-0.260838019075595,-0.0258553460002351,-0.228552508536489,0.743702276754765,-0.0692751478788207,0.183668311874819,0.510342026501527,-0.040566208666608,-0.457424685782855,-0.392210836451697,0.528797762695201,0.0361846278727091,-0.00996471934430434,-0.0503696501201018,-0.401141051207763,0.117563232571656,0.103335132802525,0.136269623316617,0.441986424963275,-0.280971339820895,-0.407000019577529,-0.44775400819069,-0.424698043589906,-0.023371383734598,-0.535976643817687,0.52151704685822,0.45853838793438,0.228868189133928,0.141385568993046,0.361019469460299,-0.1267702101616,-0.287249869972531,-0.484085437831472,-0.417579936509456,-0.399174974447433,0.672420925332298,0.514022871720064
0.269276717212312,0.408721180604043,0.389841865466033,0.3235406998758,0.503309832172699,0.700851592830548,0.522350543524219,0.765990556212211,0,0.480749391580678,0.199904017547438,-0.0458074657828082,-0.302096670385234,-0.343148860737343,-0.337787197901983,0.429449240900879,-0.117468087138695,0.485318309553063,-0.0222556086666916,0.167058301034373,-0.065759088813336,-0.405886579889384,-0.461119641024414,0.00879659154832279,0.437229720546997,-0.448468320848084,-0.520999079969156,-0.597319910988046,-0.0291301291331962,-0.520759369560136,0.395318757361701,0.512622461209788,0.478993415296505,0.155724794524963,-0.512302280175966,0.140847048995147,-0.139963720482859,0.457399439844686,0.329536333192489,0.583951167157108,0.405532550187891,-0.121857475957588,-0.466700203698496,-0.368903449312079,-0.312135234511057,-0.550662668815374,-0.555334621806035,-0.521379069568993,0.0854407107060145,0.363655648078337,0.251782225737382,0.381750256944545,0.431488740801634,0.253686302538036,0.682883056906477,0.762129058829124,0.683267221469833,0.813607014373419,0.478543259929502,0.048359016174511,-0.110976022630768,-0.200716367916315,-0.339661942345125,-0.359003779025934,-0.119913733517867,-0.357360369179969,0.563976498676763,-0.0228700033615726,0.145685380893372,0.406740358189204,-0.108283211818545,-0.423313165897646,-0.482620985161326,0.480071808505225,-0.0537526932235832,0.123404136747361,-0.0837880660168084,-0.508987011190337,0.356926081009621,0.346166696365296,0.0254564908450659,0.490344166881216,-0.210416591289034,-0.377871744569512,-0.527557834154698,-0.508235966589931,-0.119013949691645,-0.607009400864749,0.272341551116604,0.255720983042785,0.453851342969245,0.406015293648532,0.397798485216071,-0.0291118753414441,-0.294310266197266,-0.505306556035839,-0.524854333888586,-0.516038713072413,0.360809866660572,0.252944775352481
0.224855536822091,0.0249533834455905,0.159250764540611,-0.152247093280766,-0.101752843607512,0.260784656451364,0.302647716721199,0.236168702943095,0.480749391580678,0,0.426212543966649,0.138136769505172,0.0787419471882977,-0.162563717395493,-0.246167774225267,0.174114102872123,0.276290551194149,0.332825075587892,-0.0273344754364987,0.100768271233262,-0.00842655295626571,0.101720072162491,-0.294243355790798,0.197049646165878,0.69883588739709,-0.35420307023189,-0.333354518967498,-0.312931317631351,0.301527347336057,-0.389445846630195,0.513926498556684,0.46711716260725,0.386821459286795,0.368228349678468,-0.187509870525954,-0.15712556881697,0.111302595877604,0.498407985238055,0.412431047536937,0.550026783226221,0.39368202693607,0.128355118820003,-0.188530968960526,-0.128732512090018,-0.0837155325124469,-0.396642942305311,-0.415611903372307,-0.37451066912337,-0.0955766437210868,0.260893899169371,0.2290557385287,0.060349769595162,0.0645321438319212,-0.23924768419707,0.136469093719562,0.532376222676933,0.112314235372311,0.337275833436664,0.637715634632342,0.279320223923488,-0.179666836597865,0.119151598095103,-0.116487475531379,-0.295706358610356,-0.176539083495534,-0.297300155593927,0.220095652394245,0.247890981051784,0.19563962823958,0.132104453702812,-0.0766802940353739,-0.135437560909729,-0.333772126758459,0.425863119098619,0.209671190362339,0.157606209939504,0.208856462253362,-0.272283032451305,0.433736420487199,0.230459631283355,0.041816014967079,0.321702021441775,-0.0232717790250423,-0.284087714123684,-0.406187720627659,-0.48992129796151,0.161819437819002,-0.334613142412953,0.0631307171860675,0.150725374132739,0.355885005431898,0.415385130336153,0.366668118439994,0.0670965882300739,-0.308816291429732,-0.21799838204164,-0.410975778061827,-0.438279475701958,0.188363355473981,0.180454674838362
0.287322462630591,0.0906420230407735,0.223650875802186,-0.0382449012207001,-0.0685457059038323,0.30093554831138,0.359565094004335,0.277574910909278,0.199904017547438,0.426212543966649,0,0.670335415923315,0.19678138020014,0.0979529055703971,0.111037970179691,0.258189249096005,0.301846666634028,0.44268573883167,0.388049926971916,0.460230960740228,0.180110957254844,-0.0360345082013015,-0.124980947143591,0.682296051759761,0.349355997799728,0.115584961051157,-0.349109816628047,-0.323735560580186,0.25603091663539,-0.178716602601226,0.0880854512173677,0.0741003468024843,0.116459210923406,0.292209119841867,-0.249754218663248,0.331920829671388,0.476575890515421,0.369785400470363,0.613212327848712,0.573944098376508,0.500439492267737,0.25220133051516,-0.0846027979087646,-0.222307177865082,-0.262040609905764,-0.370841643877092,-0.205166388062833,-0.26480351780203,0.395698075538981,0.578802251961587,0.256962452141369,0.135494950889806,0.0205883713323815,-0.136511708159058,0.140089089680216,0.231296591635892,0.165878251172367,0.249198990370705,0.284757227140033,0.472300524111314,0.18690253670226,0.152199279662858,0.0682834243457179,0.0518853190291755,0.186234988519001,0.0202378939852145,0.364614721554505,0.326394388510329,0.306963824721253,0.287954154222943,0.0559202051905952,-0.266986533117837,-0.196496794315084,0.486138594721999,0.4427533925578,-0.00167381899984471,0.300172128757122,-0.19826636161898,0.0934090222659349,0.0212322395617265,0.283167714351796,0.283773773419441,-0.412172575632841,-0.475459941157727,-0.441939590417164,-0.329247338156263,0.395880592309708,-0.415454297974486,0.3723580023949,0.420699824672101,0.0862328390924727,-0.0132637228262969,0.429579748741743,-0.0298212893474301,-0.23455699098906,-0.22811814083043,-0.351897356670192,-0.332389935508401,0.498023291526434,0.494122495166199
0.123291228160912,0.0722260271493171,0.0798599903643734,0.0247794770159778,0.0185499292225211,0.133725095177039,0.240748797614582,0.130173440716004,-0.0458074657828082,0.138136769505172,0.670335415923315,0,0.315693701442432,0.196394373797122,0.24536639743582,0.0611554314623424,0.198412494021459,0.258231686757303,0.380799731954602,0.340906407697457,0.254746616212087,0.0942540994267044,0.0902398466947957,0.612358066362959,0.176866183824758,0.483255491890232,-0.0593882634116928,-0.0779445070668628,0.0814332500486792,0.0508715168148474,-0.0555719206685618,-0.0791547555078875,-0.0653317312334916,0.0980464028289434,0.00608027959514372,0.378754933200061,0.285385712761985,0.174086888464589,0.431087624414424,0.301904269928838,0.306279709038028,0.324097980038778,0.293178483634509,-0.107938518160728,-0.112097295525983,-0.0929898719779429,0.0868638638123702,-0.00979379135757532,0.365677877025864,0.291845786989963,0.0647539230569451,0.0218025237916525,-0.0239637983200416,-0.0236491178171559,0.0677386551355055,-0.00953485320158929,0.096807348879327,0.0759627110396421,0.0831571715029729,0.478598070568149,0.456527091990959,0.143092354604492,0.0572312437535312,0.155613568070589,0.254058950205523,0.195921508153981,0.198227761022955,0.127072835559891,0.132780206849321,0.206768198386395,0.133122906925939,-0.101100165214304,-0.0148499719298822,0.256281983034668,0.356624947927555,0.162102407840758,0.140392583075927,0.030574658071652,-0.135244372186294,-0.121289207808109,0.135627901756747,0.053348807120361,-0.321370382598939,-0.251647476700778,-0.167484042719794,-0.0236922070749574,0.259246640959373,-0.136983703946964,0.286447603102178,0.274550574816864,-0.101719674234915,-0.0771740198566385,0.206121521139884,0.0371364815456423,0.0645798762182555,-0.0913443204035954,-0.084368270950913,-0.0628833389615714,0.322567922489452,0.282548689053195
-0.123788151186898,-0.259190920653179,-0.192498655675756,-0.296318251141491,-0.337895402797751,-0.275228435566033,-0.106973836607435,-0.240546594183524,-0.302096670385234,0.0787419471882977,0.19678138020014,0.315693701442432,0,0.786526361624014,0.749197733967914,-0.370462662780727,0.772726504524258,0.274127363569023,0.65131639218485,0.399320899626386,0.67489548712173,0.787659390766659,0.699970158833276,0.536684718278523,-0.293972345485932,0.128071933230515,0.479438965585275,0.535670134261099,0.658963906560774,0.604975633715603,-0.179805401707039,-0.507198962747024,-0.404510550705969,0.553790088688201,0.574531767800628,0.108144037011771,0.585718799574393,-0.375071719587647,-0.0745779139972156,-0.129738279941003,0.28700916449921,0.0253333688594928,0.321495627477678,0.136878358144246,0.428727592780656,0.432783113191072,0.594166059309324,0.579942144574761,0.0870007940736655,0.204251962393696,-0.29033801411318,-0.293748089614431,-0.412775038585163,-0.299840811349146,-0.326338037894416,-0.277087400127417,-0.26556859215773,-0.178344016207047,-0.338437474994368,-0.0409794494634924,-0.0891567809160016,0.517669088826106,0.664985222123261,0.646028763972853,0.570738913938097,0.713390580592869,-0.258748681618963,0.520318428806813,0.396740320091574,0.161380554521233,0.580074736336967,0.439883375409637,0.612840439666851,-0.187991319703407,0.273004119048109,-0.324677312962025,0.701370704960684,0.681279804710409,-0.340497163861463,-0.521071157704126,0.321502867983831,0.0894126717619748,0.089917016283262,0.176199161192999,0.352518225603198,0.410519294748536,0.551942475661874,0.388823244672787,0.19282875913182,0.0735376510323853,-0.456050638265055,-0.503474581125797,-0.311698104593983,-0.399227805492402,-0.129643362252406,0.239340421430751,0.433455810895226,0.469330948277888,-0.0386293788717772,0.188213640150984
-0.296031519113001,-0.323767605835841,-0.307860161892543,-0.297894689953232,-0.341080613711709,-0.368751645756796,-0.195330579897961,-0.257067877929327,-0.343148860737343,-0.162563717395493,0.0979529055703971,0.196394373797122,0.786526361624014,0,0.903458086360409,-0.446917820686611,0.773217307015502,0.330493747457571,0.728096870170379,0.511018602982451,0.772507070459183,0.732820758384853,0.865160029213156,0.505068857661493,-0.462761983201178,0.0268787035311236,0.607524524905594,0.615028185468187,0.706263477055377,0.807804535877071,-0.300692489337514,-0.656717389724305,-0.538861651488936,0.59466002292845,0.640072846911027,0.169927334877972,0.668560360907333,-0.564834706815832,-0.218681863247007,-0.25120432226636,0.289595362107655,-0.132397854216035,0.20606289485436,0.13969914605144,0.497673619523781,0.58980777498869,0.765298024249469,0.74794860945546,0.102235646144715,0.242993289184098,-0.433706241753831,-0.34692559265042,-0.474069743343206,-0.264751437210536,-0.356540079248563,-0.419162936578149,-0.258756995396119,-0.17058239581869,-0.461231506995051,-0.1404421107925,-0.0592731219650164,0.498226978273422,0.813254511364675,0.857149921991633,0.756558640068999,0.879826681708149,-0.292478282118027,0.601136776349587,0.540807703352002,0.27734762827892,0.744970099798065,0.500674949398743,0.796190852529347,-0.293383567238901,0.280474464612805,-0.443840182770547,0.727407416823938,0.771147979018609,-0.414656338400015,-0.62326192211485,0.440699476069342,0.198685337334105,0.0899450487922448,0.271045107733624,0.493217417291847,0.600014586469947,0.64581816766861,0.452335210266112,0.274562386033107,0.0961535658152454,-0.586795956403362,-0.593456914952971,-0.476430156363673,-0.480484014106349,-0.138817274968342,0.223839200279017,0.597094723628246,0.649262033265385,-0.083931274952233,0.186373122000243
-0.293619471243869,-0.296828025281114,-0.290104756138327,-0.224813526498247,-0.284581286401704,-0.325109997266831,-0.153400888133534,-0.21319952996555,-0.337787197901983,-0.246167774225267,0.111037970179691,0.24536639743582,0.749197733967914,0.903458086360409,0,-0.417715164560206,0.68095065110661,0.354527212442346,0.76653480343347,0.571255971608477,0.81573908117601,0.63565334313535,0.828206072097955,0.540316448441635,-0.503980191220215,0.0992852765818876,0.55171161888837,0.562773766498192,0.636749140175564,0.79609059766753,-0.33442619573035,-0.661636782325559,-0.539237594408203,0.543709002696294,0.559237994589356,0.268772517399788,0.634345739845103,-0.56820874779193,-0.199617849822347,-0.225290706323708,0.29360449995324,-0.128199948140188,0.190183706265729,0.100259500602676,0.402157145417226,0.552315497025599,0.740747189939344,0.714932756368566,0.185792298822608,0.272528222432148,-0.434200846591002,-0.321795514217412,-0.429511801525527,-0.209463192068756,-0.320321437055166,-0.431480423919482,-0.208499613714364,-0.145925454231543,-0.504077091334252,-0.0997104940324314,0.0203814195001625,0.461353369121322,0.770278662952268,0.869462334969414,0.830412838404901,0.921451318850402,-0.238965912143845,0.573898156151352,0.536324991148912,0.338618662420514,0.77218722906229,0.449005062381894,0.7750938975396,-0.275582154109399,0.292764287392714,-0.423153053876406,0.694415813112259,0.737159701940183,-0.443863226568874,-0.592664319191572,0.456518570639138,0.202552752458187,-0.00205594482909299,0.209968167723176,0.447195537211745,0.605394293609679,0.589389752034825,0.387191943962652,0.342787307586068,0.155935740462617,-0.598616971406285,-0.60979970280813,-0.467047731127013,-0.472992566312757,-0.0962693080233561,0.167211178747413,0.565327608263016,0.634506274732226,-0.0131382037641595,0.237814559336585
0.645678606869402,0.691168174668528,0.598222755924503,0.468157537940618,0.526016237627006,0.691699956436759,0.69545734517066,0.643445780090916,0.429449240900879,0.174114102872123,0.258189249096005,0.0611554314623424,-0.370462662780727,-0.446917820686611,-0.417715164560206,0,-0.314494117281817,0.126489427649421,-0.188072421325286,-0.0445550547062297,-0.379396374611124,-0.454411226372966,-0.49358687310868,0.0817650282087591,0.222569893043076,-0.0796277314583456,-0.524340479167845,-0.544953187578466,-0.269314045771998,-0.546741846404697,0.139954645767217,0.35605038925566,0.428407084636919,-0.160713402188169,-0.520060617266928,0.29236762552616,-0.143876858315912,0.462666635835819,0.499644255000867,0.572452218316745,0.135203576907908,0.0687352717959621,-0.347100840617225,-0.358258662230367,-0.438852547340307,-0.53930962055784,-0.505698772709215,-0.506114710780234,0.399106750239462,0.240817530929077,0.735708292435777,0.70926991221142,0.562155977660557,0.367075368302406,0.638104115165636,0.580688980007008,0.612122612822337,0.466773458129401,0.220826758073764,0.0568770277553551,-0.0271172880285869,-0.319801320035301,-0.435343584393587,-0.424604495042821,-0.336455869197815,-0.42494378102496,0.632209113235436,-0.233515495512957,-0.113407642448121,0.0747168475787955,-0.380835714694265,-0.492526379084246,-0.495021450509375,0.498964033905656,0.0180260791075353,0.0422992123299277,-0.228563653807226,-0.488614484471743,0.171713354302995,0.347971028830335,-0.0496202272039837,0.0350932763788138,-0.352788390670065,-0.438363471580252,-0.508869880012865,-0.509191391086306,-0.134531232177825,-0.513998715679292,0.15212363111562,0.230441889224113,0.388460043333009,0.140139242765381,0.511755681788323,0.0467943707977499,-0.206511460970047,-0.38788237233482,-0.49486538217904,-0.476842339697759,0.601779411419653,0.325521005745176
-0.151906213053099,-0.276931547326397,-0.186484596145634,-0.400993685889668,-0.414744547759164,-0.231225931681905,-0.0370088758192275,-0.149122882242171,-0.117468087138695,0.276290551194149,0.301846666634028,0.198412494021459,0.772726504524258,0.773217307015502,0.68095065110661,-0.314494117281817,0,0.473183141847964,0.648186658057908,0.520489576793826,0.699569607027154,0.759582860989808,0.625715084452108,0.574289973461513,-0.120604947325152,-0.184371623451833,0.370794436885116,0.384163275971274,0.86290382396833,0.521720778381724,-0.0106646984073907,-0.413863145668427,-0.330189863165527,0.788800568972291,0.51159274727987,0.0470449055601585,0.716940780973904,-0.327071508625301,-0.0439523163587354,0.0160043634769814,0.44695280760199,-0.136877854162747,0.085719244409456,0.0628633034231027,0.401339228838977,0.315563205482535,0.452474005962867,0.475522330731942,0.0433204737737939,0.362320813382737,-0.282471242393115,-0.297473293037388,-0.454165309240084,-0.398212261601205,-0.306917075878983,-0.121937094956504,-0.201763547023332,-0.0207413087220905,-0.14674728605556,-0.0568304639265512,-0.204951812697577,0.536442638720375,0.706325839153752,0.611871109246889,0.573260577337811,0.618569773084269,-0.149910366136467,0.73536445552097,0.62710416304841,0.308252278603454,0.643335935870258,0.421754568682997,0.550506834728727,-0.0548129210842376,0.411726816823209,-0.363115789860619,0.824942994520759,0.567696888491555,-0.151797796667889,-0.505510892450276,0.482541383255325,0.331427265912933,0.0877643107298409,0.12806532673101,0.234674144246006,0.27374453817757,0.712295045730295,0.235531430739543,0.254092660287001,0.138911489479918,-0.396386352296907,-0.379634634434135,-0.271011071128517,-0.455586189346017,-0.258819046798985,0.104409027121545,0.312687098680063,0.339219921365427,-0.000489872017469061,0.253820320300963
0.0924236290714091,0.153186451374788,0.181324401002049,-0.0365591176925316,0.0441349806822915,0.392753614988603,0.499224027863976,0.533380444325054,0.485318309553063,0.332825075587892,0.44268573883167,0.258231686757303,0.274127363569023,0.330493747457571,0.354527212442346,0.126489427649421,0.473183141847964,0,0.62038610092113,0.839047024470948,0.630644475511628,0.0821048342692237,0.0845997950714994,0.643111072410873,0.106728740664411,-0.305881490964367,-0.199112970858251,-0.240794880199551,0.589415857871512,-0.0207760097790849,0.039728833810694,-0.122809748272542,-0.070108914064725,0.749871442823127,-0.120864013579683,0.549615762425246,0.489271681904743,0.0350738065045627,0.304679012897361,0.512560547443077,0.807489763205387,-0.0913769134774258,-0.283388528624298,-0.360786486891276,-0.075142099614224,-0.250226875122607,-0.0842667907479861,-0.08461585118863,0.432942374373431,0.723902285751365,-0.0925686910458211,0.103738198245432,-0.0648251868128377,-0.0876424761554197,0.306335681871701,0.321985428455048,0.455214446937533,0.6630416208181,0.134724836649869,0.0686982135331877,0.000703467161037361,0.116884039421813,0.199494201108048,0.222399094483136,0.526607467100704,0.265055421934435,0.453576543294893,0.515439059923611,0.730278907461858,0.859700913487586,0.575704174217504,-0.184233380825621,-0.00960394856215697,0.36671666179624,0.359410796745711,-0.223764238175604,0.569310140601428,-0.0408428984456626,-0.0383256046574396,-0.253939681015137,0.53535056584124,0.787056618075022,-0.303218052572606,-0.33223036074991,-0.306670908620095,-0.213995646188932,0.477961841960654,-0.379039005151984,0.752876893310309,0.561372076779205,-0.127929450118804,-0.0798821778618891,0.0709464257591209,-0.38058983761208,-0.392432893370588,-0.397774231205404,-0.228227346713833,-0.17835666726949,0.502045447386626,0.610245580752715
-0.118043886466769,-0.193250083644595,-0.154312226526558,-0.100169290872728,-0.147446065176312,-0.0385200298743173,0.0619625508679205,0.0669306229467478,-0.0222556086666916,-0.0273344754364987,0.388049926971916,0.380799731954602,0.65131639218485,0.728096870170379,0.76653480343347,-0.188072421325286,0.648186658057908,0.62038610092113,0,0.739932263127776,0.759642016835365,0.396756308294897,0.494920705904506,0.718390383083005,-0.271936836114038,0.0604147684880724,0.141982320326116,0.191808638129453,0.634223151177284,0.410082330777744,-0.185106965016486,-0.442635397653466,-0.317514541294426,0.621735213535904,0.204340469357612,0.402046098454258,0.639581175329472,-0.310497253268262,0.0550728460234127,0.06654849352225,0.512449336107804,-0.0813415457676979,-0.0201765480536197,-0.118594221762585,0.12325036555939,0.110707361313208,0.371107043790695,0.306293479033378,0.281503344662493,0.482399809966908,-0.232832481233962,-0.170186229654487,-0.217817842435197,-0.110895311520961,-0.100758407052418,-0.14149325597412,0.0578631655337037,0.145995849440058,-0.274432006346903,0.0006819665524116,-0.0195890694106843,0.252169628618,0.569667053048203,0.658104651248356,0.78711955328301,0.682906162753218,0.0608872895678125,0.574802211945259,0.605829277776898,0.541458914205892,0.648100460877946,0.113558939531057,0.394315337471102,-0.00390243991853315,0.311642444214968,-0.365999129383284,0.704358697626091,0.365962164245504,-0.282195005932274,-0.421245654112701,0.514243609596384,0.390834873028202,-0.201221664878715,-0.0772646862631367,0.0438014297649005,0.243307894422996,0.564239132695915,-0.00996719532051515,0.51904281105065,0.317934640590951,-0.355055851797739,-0.435411243416994,-0.166564215594896,-0.481603659354698,-0.267547989560817,-0.0923577336360504,0.138697167534664,0.216350551100917,0.207915283835913,0.386986337595557
-0.0141428296408189,-0.01191221424772,0.0239084080567464,-0.0999730231030667,-0.0934977477441638,0.175127590019016,0.310482228667715,0.291976333100051,0.167058301034373,0.100768271233262,0.460230960740228,0.340906407697457,0.399320899626386,0.511018602982451,0.571255971608477,-0.0445550547062297,0.520489576793826,0.839047024470948,0.739932263127776,0,0.757311606585168,0.171091432272198,0.278337557641447,0.739503339863091,-0.105181323223872,-0.14595788749059,-0.036981965763299,-0.0679820662181348,0.638972641902575,0.198130105193118,-0.142534945014549,-0.340069678513446,-0.250118953303013,0.726102164115307,0.0120479897121268,0.598210643397723,0.650856732123516,-0.128154250210917,0.241217860345461,0.328349035487192,0.768325537222566,-0.0391564078950568,-0.147156993161824,-0.263877144999124,0.00821637105077929,-0.063696758172238,0.140851259836363,0.117754932799568,0.492560551837822,0.738544745955268,-0.187870923028871,-0.0376857700101487,-0.205521492913401,-0.139255003510078,0.0796271370657497,0.0221475908286533,0.227742868539278,0.404481283472395,-0.0779427845305673,0.102722218074508,0.102945163110137,0.212669661021997,0.374833875123954,0.445380033106625,0.706699963015023,0.483106246599419,0.290437798956928,0.587927788203873,0.763856539476677,0.81463742829192,0.706858897828795,-0.0796390693389942,0.190950060658417,0.2271013001494,0.410030052209597,-0.307718696189041,0.65419831303728,0.138334128778168,-0.187323962205644,-0.369935851368577,0.622952868635937,0.708858716859832,-0.316041921594532,-0.263822115019747,-0.15380684983013,-0.0135994661586385,0.602645843156671,-0.219071283984586,0.786762747258631,0.609126254622167,-0.288001029577786,-0.291784067552831,-0.0254258240815849,-0.389464680299042,-0.316132909697554,-0.257967957856958,-0.0399963377535484,0.0192254068806193,0.458682828545336,0.657632883821267
-0.224189870418481,-0.219165351845172,-0.169742756439077,-0.287178514622564,-0.257408458533024,-0.141874222891321,0.02694632997443,-0.00845702859687725,-0.065759088813336,-0.00842655295626571,0.180110957254844,0.254746616212087,0.67489548712173,0.772507070459183,0.81573908117601,-0.379396374611124,0.699569607027154,0.630644475511628,0.759642016835365,0.757311606585168,0,0.530276865946779,0.647372803056135,0.597460504289405,-0.261530748675637,-0.0833494784679148,0.371876650310489,0.316595941489548,0.736924816429823,0.58167682028064,-0.176859259920574,-0.495962522144739,-0.445867638594268,0.743121834574804,0.420287083996467,0.369880013780456,0.6120251540305,-0.383471906649513,-0.0574692942614897,0.004562055077112,0.558504981994026,-0.149030429707983,0.0948117856375582,-0.0663886501276628,0.309479191916534,0.342382102489503,0.513850730913923,0.513787784954183,0.24942426001416,0.453793269009938,-0.472300349526333,-0.287516096083716,-0.436571589948428,-0.278099593263535,-0.17815941099677,-0.21225218786719,-0.0445287677365292,0.128060776735521,-0.258933702759621,-0.00462827418461546,0.0831857398313627,0.429401686199604,0.622854902944078,0.701884459144105,0.822385100378909,0.773085996247785,-0.0587657789483103,0.637449366766406,0.717667779504437,0.630893168334604,0.892060403623028,0.302524904366832,0.573715206292248,-0.0712223139401611,0.369798414071717,-0.300503731615501,0.745058893777714,0.551788917097623,-0.312661159910696,-0.551093695004731,0.577049004772269,0.519763402677346,-0.0738104679041363,0.0921512630800226,0.236978896330847,0.365122909258277,0.617886099343914,0.155302289236582,0.561504435060511,0.342666473170306,-0.512608885747811,-0.39143662810892,-0.351773247786758,-0.452956434931507,-0.132388122127489,-0.0499699864517934,0.352279237058937,0.410833531112066,0.0948652645132399,0.382261010128847
