0,0.208401785086708,0.256626900463282,-0.0361243308524013,0.145905463067447,0.210822079296274,0.168519772013926,0.04989092616899,-0.0107997476798154,0.142023293570398,-0.0168826715916361,-0.135764283825668,0.081438309869443,-0.190243536535842,-0.1748627448168,0.339106926274057,-0.0611639973238735,-0.206453132646403,-0.198628924879862,-0.328439883689954,-0.155376231729649,0.0752051816093254,-0.196984877988131,-0.161277017567541,0.308999392887516,0.0225939914455243,-0.0436898867338842,-0.235796509733306,-0.140870505046652,-0.227755009553813,0.0565810908658744,0.14098900926333,0.0316499385577773,-0.245374430889342,0.136038012913004,-0.259327539555544,-0.202482791894952,0.33016586405964,0.111604748659187,0.118601569186647,-0.0371791144232176,0.312640794533242,0.0490627209484777,0.00651351852264902,0.100130415714357,-0.113419726151407,-0.0568162658150841,0.0112186292383285,0.173460820956407,-0.0827710705883776,0.471737416793067,0.211089548595038,0.152313960224183,0.024172489015216,0.101804861197427,0.130263062054373,0.057473767229194,-0.0567111996871787,0.113633525143836,-0.070741519405434,-0.076956620173062,-0.0590666984623569,-0.0559471789536374,-0.0639197377667662,-0.06473914660261,-0.12672285483872,0.0255538650008823,-0.184888107594615,-0.247289077558221,-0.255187375055018,-0.237870907877932,-0.0512693315979206,-0.144237125184502,-0.0572615503733509,-0.182814058791179,0.0808041529075889,-0.0716472942351402,-0.20560884834045,0.180026222277271,0.0981504868382644,-0.262697470792774,-0.192165421784942,-0.0177674523996463,0.0189100409834477,-0.0953737933333016,-0.133011986155339,-0.0646011378508689,-0.214660004088188,-0.264842742128586,-0.20658439957665,0.310001045126016,0.291991089382267,0.081488665464276,0.179439238546987,0.00336614680065712,-0.0759460126467938,-0.0885669976750599,-0.135753740901906,0.108366086213731,-0.0715812391152608
0.208401785086708,0,0.42146223839077,0.164582264038908,0.370765308920748,0.368504566573991,0.125053450001829,0.208566443029527,0.1737204601909,-0.082181824186507,-0.0354485642653164,-0.0909361866754716,-0.0689335073374894,0.0622885168015328,0.0155070424013498,0.331905577136194,-0.158642267242394,0.0686476371251603,0.0427504374407333,0.0526631034169843,0.0710749212630417,-0.210767023285657,0.0111388270074314,-0.171869926241295,-0.173246776411357,-0.170940905508868,-0.137526277694583,-0.199993097893386,-0.058044135081787,-0.0460924893112297,-0.130829860892324,-0.110028527887622,-0.0518471087445804,-0.0462619272230939,-0.0890219114259237,-0.010855213992094,-0.132889346225199,-0.13292691964901,0.0672808380500911,-0.068804843718802,-0.0664079868347157,-0.0736247660083724,0.0145920326484564,0.0483402217735745,-0.141971768625475,-0.139758615022518,-0.157509542876132,-0.0477699515501127,0.213199167565025,0.108481801168332,0.302996035291293,0.596871859398936,0.30008828552173,0.264588215438232,0.336813518203965,0.172592294577527,0.164712245187706,0.135122162788595,-0.0616863168036652,-0.0105620251902729,-0.0530824115047162,0.0223755169237513,-0.0121397521264663,0.0307897869863344,0.0737548691277174,0.00606578673411232,-0.0178713914368758,0.0152661762606322,-0.046783647174698,0.13464481152701,0.0797732558582629,-0.0745960126582014,0.0155985457874137,-0.0289347516160853,-0.0870684377961844,-0.0820354943677172,0.0285948307414306,-0.0563492706825292,-0.0622735017730737,-0.180378949021693,-0.197850561055472,0.0618068378642726,-0.0853623556409876,-0.0178064433839293,-0.0388094518343519,-0.0370701132611961,-0.01066625278103,-0.101968766217378,0.076548995739898,-0.0467987805048394,0.112394887900877,0.00149430193894718,-0.0225858483467867,0.11076268390522,-0.0567020612427582,0.0803905516552755,-0.0193295256710135,0.0125686014190392,0.121052475658804,0.149827976437188
0.256626900463282,0.42146223839077,0,-0.125151263867125,0.0457873643077877,0.72875336047891,0.512808384683952,0.520765562744623,0.529540960708893,-0.140747798088339,0.20567292527451,-0.0184144695404026,0.216075365472592,-0.00777824998607883,-0.0780164739851031,0.314846138976975,0.244411091794587,0.230498261979402,-0.0754587613994995,-0.211665400459073,-0.0902055237205543,0.223605675385564,0.0166806085618037,0.0410306364050851,0.00261991823082546,0.1980602690103,0.146243554293409,-0.0171966483484253,0.0202570512853353,-0.0476622105336533,-0.130670468133075,-0.242954912947521,-0.391736660642065,-0.00829486359635986,0.0896007630214974,-0.0607458404286517,-0.328762516527507,-0.108595347939627,0.0986872774980947,0.261180007554217,0.048121955487057,-0.00156921404126888,0.0297684732651303,-0.0450404147381622,0.0589697572431727,0.0861255456837576,-0.0424133664865752,0.0749433796384889,0.310438755117269,0.0620403593709011,0.226053331708314,0.685774556533801,0.299824127174462,-0.0815367914635904,0.699508694219561,0.710429798646813,0.56404692122461,0.480778460203004,0.156169998404434,0.274203702900223,0.23204294645619,0.251577555779833,0.0622769783212929,0.0646545851752818,0.0546290951918939,-0.00926463395126959,0.456768937879665,0.0677758272322094,-0.13771425640588,0.140284939303002,-0.074919944690063,0.185520942792525,0.00889959561575834,0.351595572856088,0.175767835787688,0.0706672655550898,0.0151684984412786,-0.0615877078340425,-0.0871387923622257,-0.215547980420808,-0.197147363113175,-0.107327711031165,-0.215207750976352,-0.0577105768217634,0.022593467594487,-0.0862400806124081,-0.367057834242645,-0.13351158945619,-0.0180386474171779,0.227902647659081,-0.160011175309513,0.236696578580833,0.196340764750148,-0.163813658104447,-0.000603655726268043,-0.018680198200807,0.102219305764046,0.00154379055841027,0.437778476900495,0.143733457181427
-0.0361243308524013,0.164582264038908,-0.125151263867125,0,0.576364648833272,-0.163279465331381,0.128205788927701,0.00599742404201611,-0.234423193594482,0.0660716846664987,-0.0996650876884114,-0.151515897305679,-0.231806160237557,-0.195750169891755,-0.15530466874171,0.281596849951039,-0.122965766420511,-0.222927512655736,-0.125204229483377,-0.199592325943088,-0.119155759907719,0.0639686576535346,-0.192256339999277,-0.104778540681983,-0.170633566214738,-0.1265821768479,0.10432095721774,0.0883747865542536,-0.159017187095705,-0.233172055886056,-0.159817654202567,-0.312366286541776,0.119589840112303,-0.157727292287411,0.148830345655911,-0.232089222652932,0.0343928584989642,-0.118082153045944,-0.0265282657647615,-0.0622715505227601,-0.160938007408405,0.123000144393509,0.186362574512869,0.156617840081449,-0.0143207408408622,0.0255536103851397,0.0512461707468867,0.0362332373599158,-0.213045202914243,-0.270353663654717,0.0624517603091362,0.0957732457191806,0.153858874029611,0.518792609335014,-0.138802246057907,-0.23571232736947,-0.0664348677987964,-0.212460767800781,-0.0309412945992688,-0.15050702060252,-0.25832970245683,-0.275859808069246,-0.24382633199132,-0.142430473769874,-0.154465176721304,-0.202536657016649,-0.195081136078939,-0.146144422395292,-0.143031004971042,-0.219012711998639,-0.149278631050002,-0.0739877543604732,-0.177320073585937,-0.292609610797067,-0.170158882642208,-0.0918487197318139,-0.0199326158435337,-0.0980419707252567,-0.0139370843122904,-0.263857569004422,-0.0140804092174473,-0.228608650908555,0.203492505498934,0.270224793433085,0.186319638365066,-0.0265323511121721,0.161931407788053,0.216959504091987,-0.260879269744151,-0.35105538031684,0.175079668050515,-0.00074643861411787,-0.245932960413811,0.136553872540814,0.130695297109716,0.142599720174224,0.0652907421382923,0.0140687536748614,-0.302474044829362,-0.313446912764775
0.145905463067447,0.370765308920748,0.0457873643077877,0.576364648833272,0,0.141581199535143,0.198544756930895,0.171404114215155,-0.00297536609248917,0.218308923183731,-0.16879158023045,-0.258999965619065,-0.216215317534361,-0.274664980459632,-0.23669497618682,0.336164242050887,-0.249748211872599,-0.255241517341995,-0.252959595386818,-0.21036618375398,-0.203234615845822,-0.0804265419939466,-0.302064248920193,-0.177989888791254,-0.0738593400293518,-0.282103767801969,-0.137790964454204,-0.238887408197938,-0.266838580509274,-0.249975717551114,0.164083753328565,-0.131543914723882,0.162329486895667,-0.246056546140947,-0.0531497418234702,-0.175031830783935,-0.105732311856719,0.0687180276243515,0.109338838192371,0.00297534006171555,-0.0335717522844346,0.0702756058451005,0.108467461712736,0.0985734400813458,0.105656728391583,-0.155483634428114,-0.101270331187047,0.00128065456819301,0.059799657530979,-0.0228288051189833,0.183845010637892,0.256564594897211,0.213033651313463,0.594651501342957,0.0943912544566144,-0.0836916342346432,0.102679419469299,-0.0727202437765557,-0.0109992168312515,-0.262017034240824,-0.325850743734125,-0.291142996847444,-0.251680701108662,-0.237500963465227,-0.23001565561021,-0.280519585396512,-0.12019685781616,-0.296171437449341,-0.301939785810493,-0.292423480938232,-0.249856723632523,-0.294765172166415,-0.304399268706641,-0.312905578898965,-0.301411588309842,-0.101115618807965,-0.135089936421603,-0.239789236215866,0.278021709464701,-0.181780273276271,-0.21206979304939,-0.168293032229739,0.205147993042331,0.0483164535941873,-0.0813327845698494,-0.210595682141057,0.10389855521398,-0.145020730304113,-0.268737819095459,-0.338633493229017,0.258312297512161,0.108374199657935,-0.178272310078513,0.301451918333266,0.0209970793150208,0.13881794325292,-0.101138169459302,-0.13484992615139,-0.140106606727057,-0.0507338934966864
0.210822079296274,0.368504566573991,0.72875336047891,-0.163279465331381,0.141581199535143,0,0.538119491779383,0.629088230926528,0.705711183098068,-0.0427109022311518,0.191668380455491,0.0510956954797301,0.293572313642912,0.0854743771569202,0.00295236636913455,0.209629834529945,0.285623611722159,0.353106865914516,-0.00579625466530547,-0.0704734759301289,0.0342581322363317,0.154699910935578,0.084492072410934,0.0485730355974498,-0.0376846740620812,0.102979545757594,0.0190974664638932,-0.108999054742879,0.15627571706252,0.0481682885820929,-0.151766948953387,-0.260498922826155,-0.398366234062987,0.0332822226024799,0.0322202742484451,-0.00815412250922216,-0.369392788169116,-0.177324156462951,0.107257650083164,0.281840854321454,0.123684666186969,0.0354562649676806,-0.00578254617836365,-0.0459569695412873,-0.0368896271276343,0.0181378691912411,-0.122953049417833,0.0716885909534458,0.456792876147935,0.17231368963714,0.22485007083629,0.652081573183936,0.314673040961739,-0.0911987938602454,0.83923690582755,0.775050406096173,0.633829338244921,0.626402393497287,0.234796005709049,0.281699680701591,0.187497414114663,0.355012916978907,0.179260265280251,0.102014786755793,0.0554429176012045,0.0722215216605697,0.506635662721928,0.0781806291953473,-0.0706976793860464,0.246236072367495,0.0794907363067901,0.239467835536499,0.0820173111073311,0.408642962308296,0.196960558826566,0.113559605444215,0.126882967772281,0.0404587381876299,-0.0346911617646191,-0.197115703904492,-0.177622212368681,-0.00298612834498197,-0.216293143301772,-0.0539463933649724,-0.0550218143705388,-0.0837941278286938,-0.287646957545543,-0.161664279442995,0.0786849523031989,0.296245992145911,-0.108594889991601,0.217676075558081,0.271260134999333,-0.0647045871876796,0.0378629661405268,0.0307427470362509,0.0737351746766194,0.0386656010532348,0.594375598354691,0.266260301964449
0.168519772013926,0.125053450001829,0.512808384683952,0.128205788927701,0.198544756930895,0.538119491779383,0,0.62740240207523,0.448935652495129,0.305246145504836,0.283849164684258,0.100637688949859,0.292491693820042,-0.0709132913610512,-0.119011340782902,0.524936821029491,0.284570027994867,0.149983200594627,-0.078184203931381,-0.352012954743752,-0.0920083546694482,0.268284949113652,-0.0964160501213598,0.0516931468923964,0.181260555027761,0.0898910710808424,0.210153829015581,0.00417021746694191,0.0433870499872122,-0.0481527753175118,-0.0574995178638998,-0.298121889259397,-0.345583859303336,-0.0411505136267853,0.155145316096246,-0.154004117786592,-0.333383738526149,-0.0323132154959903,0.318315422525482,0.580272159964049,-0.016373600095397,0.160375901658105,0.0502908714478071,0.0610923040053201,0.0485558898854422,0.123923077149539,-0.0466030235186536,0.116014203691066,0.0766462687514514,-0.10274719768763,0.187467900054811,0.485382197528311,0.620324416848507,0.0448213065627845,0.506588804915517,0.528955853533789,0.661378402523315,0.445388707340322,0.440471297592467,0.297216068330847,0.0813256398690487,0.247830507108997,0.155608471241405,0.102526275618712,-0.0117031996218015,-0.067502919405204,0.60354924809802,0.0939434492166057,-0.146302590366113,-0.0156276500021587,-0.120268258182931,0.292043038856274,-0.0732185995456476,0.423026076648449,0.170441860953183,0.237733911803847,0.07411747250426,0.0132883054788633,0.14098917490225,-0.205488901240539,-0.203792058199147,-0.332376613037091,-0.0343697020551195,0.0815875577887125,0.042917750662974,-0.118897256098468,-0.245909830403968,-0.0827121943823003,-0.260653753621491,0.191460302728788,-0.0664767516215249,0.290404728675595,0.421646503457971,0.116181735470078,0.189700154585861,0.0378360672944535,0.134070317729792,0.041463153422048,0.162936410845808,-0.0851901805378645
0.04989092616899,0.208566443029527,0.520765562744623,0.00599742404201611,0.171404114215155,0.629088230926528,0.62740240207523,0,0.794481876907486,0.0567932437241034,0.122291135749283,-0.0496087773235318,0.134747061413193,-0.0163466320003334,-0.108014640212658,0.211780483147875,0.210693009225097,0.4472077576178,-0.0554851127929802,-0.116100957501886,-0.0278801571764363,0.0509118986253149,-0.0234899153118273,-0.032872863233504,-0.0352145578529831,-0.0953223222898596,0.0448524187356769,-0.099641291609875,0.080703387880395,-0.0793598139569563,-0.0434439650517245,-0.326937220768893,-0.327275455706751,0.139240818696817,-0.0241244451905028,0.194524346594389,-0.309280227539187,-0.159365950670362,0.138965058353759,0.335058894527469,0.138233960591922,0.0494806831104389,-0.0514030767466974,0.10624633386249,0.0150421126491122,0.0562620358823237,-0.144405135624963,0.0709653876590535,0.224543041498746,0.134564284400698,0.137537307274976,0.524670072883894,0.384440924615915,-0.0632370183977415,0.673733420724643,0.657721571828761,0.823313441547318,0.759611737190847,0.238906549102794,0.189391390181309,-0.00845859233630155,0.169948140811969,0.0678349829193761,0.090150444716229,-0.0251529439383075,-0.0286495096957921,0.49705301979786,0.0557918146968797,-0.0739265716593931,0.243273467372844,-0.00128098492249166,0.0957821648026409,0.0114053529822971,0.307865054942858,0.0169552431973668,-0.0156593036618401,0.0162596339175229,-0.071134556155943,0.0980451162674491,-0.193712923185173,-0.278607900232833,-0.0915725940049985,-0.0543430394549721,-0.0388901988862137,-0.0487747336950663,-0.0981804451676892,-0.24872524326609,-0.108516799216057,0.015630174969102,0.133757484666464,-0.120737845872385,0.212951295311998,0.29073799628857,0.00603196761707377,0.0804580940083063,0.138919492364386,0.100921379065746,0.0191461604735713,0.330384790003989,0.182585925412126
-0.0107997476798154,0.1737204601909,0.529540960708893,-0.234423193594482,-0.00297536609248917,0.705711183098068,0.448935652495129,0.794481876907486,0,-0.0568384250548057,0.184870444734243,0.045629851190107,0.23580985240339,0.0798388955215761,-0.0351047397134335,0.00956613464410469,0.236586780006886,0.509367683462899,0.00823144201687873,0.0507238582160811,0.0443134743426223,0.0277706091169938,0.0733723841705141,0.0552300729697312,-0.0916627952919786,-0.0408571013992496,0.00665726687663876,-0.0987008970273356,0.162164922117438,0.0320082824131728,-0.0838843369009881,-0.264501835521955,-0.393322958236062,0.177410297297405,-0.0716220356866964,0.322411549806909,-0.275961599336183,-0.243443125069879,0.0313927190083963,0.252047198989955,0.220978623853613,-0.0873060782319051,-0.159318323135011,-0.01427857081364,0.0294690165064927,0.015662681452453,-0.17298658529656,0.0287989426929392,0.363707528912028,0.26490680386944,0.0658272504187699,0.467475651128308,0.239398591810652,-0.151838936030458,0.725218032010471,0.732524234419266,0.7386796826786,0.855212065260823,0.178965178749402,0.279213778650449,0.149566529653199,0.294173348211116,0.173930562669679,0.113601582322575,0.0219319205226537,0.0387716247687826,0.558024283592004,0.105151824670822,-0.0107968767727742,0.372371923708764,0.138463463500834,0.127479370565709,0.0744168852663344,0.383250990347939,0.136349319339943,0.00941433587106359,0.103924514698216,-0.0126089144922265,-0.0064958908994748,-0.173506147950129,-0.188166922176565,0.0954404768427026,-0.153388040828378,-0.13016356922551,-0.0899810344366941,-0.084710699972896,-0.290424726018668,-0.149451314124841,0.235500841937923,0.351232063996253,-0.241373070916964,0.148609473090272,0.266006965294512,-0.128820130161209,-0.0225742145291916,0.0721069879306225,0.0763110378647783,0.0529651897766946,0.503063000722389,0.350913384626215
0.142023293570398,-0.082181824186507,-0.140747798088339,0.0660716846664987,0.218308923183731,-0.0427109022311518,0.305246145504836,0.0567932437241034,-0.0568384250548057,0,0.386258172438185,0.319426634189845,0.256796504821433,-0.128728618766857,-0.0850055576104941,0.291100826760478,0.0353891794380202,-0.28637923666721,-0.118120091711859,-0.420642524761158,-0.112513208340156,0.0437787039200248,-0.261844924890394,0.0125391259980938,0.567568116017704,0.0690925026292084,0.0864490695285587,0.0196637223897168,0.0161260308678669,-0.0894594365549574,0.256687932018511,-0.0277521566380374,0.0230704786968986,-0.242590383773463,0.147798204474757,-0.184624178247907,-0.0126064257723708,0.276097596539053,0.435242650437383,0.533010602051038,-0.188510751755892,0.323066159991081,0.0669204049722033,0.208272620986,0.250765184795757,0.024035951554784,-0.106776630250329,-0.0503999372283068,-0.201287800534744,-0.29402076750689,0.117172413203326,0.0391105503417279,0.406622257436161,0.184206547361658,-0.183788544945325,-0.0304583545342697,0.0938050630439541,-0.0651777943077202,0.675934411886744,0.136208876181061,0.00783697498304027,0.0948791054915249,0.113494607586463,0.000243783790721705,-0.0693243948252585,-0.0831129452918146,0.192575738232391,-0.0689560444547256,-0.183482526228343,-0.393400167421044,-0.208400506893999,0.0968155204439843,-0.196337921589394,0.178822704055451,0.0193827488528993,0.504736861718362,0.143312370757028,-0.0186737273854471,0.459225503639189,-0.00656236844077012,-0.174456521453045,-0.34984801781721,0.373582863551707,0.220466022063187,0.058186730739527,-0.198657504586224,0.182288888255412,-0.0318668080335965,-0.394051239831739,-0.0861960959949018,0.191480431939338,0.191488451475319,0.50035468261012,0.472573277660721,0.389520268336004,0.196439853698738,0.0538355330113073,-0.0492520722385042,-0.288208529906796,-0.335121293443474
-0.0168826715916361,-0.0354485642653164,0.20567292527451,-0.0996650876884114,-0.16879158023045,0.191668380455491,0.283849164684258,0.122291135749283,0.184870444734243,0.386258172438185,0,0.572218169916204,0.466158742449152,0.0687413814987948,0.0183329257177169,-0.00742631361532299,0.299656678379264,-0.0493394169894906,0.0219316702699391,-0.242824439070566,-0.0632603942167717,0.268425340506727,-0.0212498742527399,0.248720293289061,0.304899938869491,0.381319213750121,0.302536301830909,0.254349932011068,0.219955032538409,0.0744989182029251,-0.074831603031319,-0.20767396300256,-0.278843865271759,-0.05900010506239,0.283435686432173,-0.00777154391035803,0.0119636145429805,-0.134424179639239,0.0626945581483437,0.440017569245888,-0.0304007792041651,0.214985421905643,0.0952073841869047,0.160066569892252,0.160384832898997,0.191808970253135,-0.0386584519311323,-0.0540857929532873,0.0417053080717149,-0.196309663614529,-0.100391197513156,0.134375722922397,0.203464487675869,0.00587361942083136,0.159601263425852,0.284786237320937,0.189570784593664,0.213111603305239,0.625810910329709,0.696615863989162,0.508571832020967,0.278197812471777,0.205503325891749,0.122852006437488,0.11163350827971,0.0653284856050197,0.34724408322111,0.143145418449707,0.00191047629503734,-0.069271307986201,-0.0136125416479233,0.304340218409639,0.0553487931582875,0.48535011677266,0.279176334739403,0.425694485459769,0.226167904738255,0.0894225185478373,-0.0226142347863786,-0.122099891219383,-0.0303753507986725,-0.133950632124382,0.0686384403995927,0.227649962346066,0.154449326038558,-0.057528173420533,-0.00437269607503642,0.128562576499565,-0.041447115818309,0.209942588226398,-0.190894443420141,-0.0529728763826777,0.323279757781631,0.00140910052274416,0.256954915310408,0.139582410946819,0.193655992459252,0.0798397315190736,0.141407616626204,-0.131058611631886
-0.135764283825668,-0.0909361866754716,-0.0184144695404026,-0.151515897305679,-0.258999965619065,0.0510956954797301,0.100637688949859,-0.0496087773235318,0.045629851190107,0.319426634189845,0.572218169916204,0,0.501644720727841,0.357177063840915,0.258331754710077,-0.0172400399010105,0.443127028280885,0.171840102651724,0.338019776047991,-0.0420627106332024,0.232744561059023,0.147383677381027,0.218969194462627,0.470037615019901,0.230713807699413,0.490613905775887,0.0447330269562662,0.195852607123521,0.342081888501947,0.3458697793329,-0.143478021139393,-0.0110578501519198,-0.174394635617973,0.144786346080991,0.0603564922966566,0.0346867152918639,0.00515133817432386,-0.267747605808068,0.0630594496268025,0.324540932186429,-0.0691334232277478,0.0519394710169599,0.0410173813157293,-0.0840758473109027,-0.100308192786004,0.02104465876591,-0.146069034275257,-0.208326223215557,-0.180357530205982,-0.210227291478303,-0.241548032443426,0.0632643645324388,0.0858542605284067,-0.109836682617964,0.0740241956851197,0.0730914995805616,0.00901830124819478,0.102293797306757,0.396769122408654,0.524140122350377,0.614161232660083,0.488962254670656,0.42543675640941,0.285967251363592,0.292597908527596,0.265347552147863,0.230419733271998,0.352608030248726,0.276401024582029,0.130116494266497,0.206981711664311,0.441645409221914,0.285242111451907,0.497623457583087,0.553924263007481,0.56469276952363,0.342163635791712,0.326589462711293,-0.219561284779052,-0.0486492610455502,0.229392449077639,-0.0992108833106417,-0.222380926817036,0.0149308843318142,-0.0410069983510735,-0.0707418400167934,-0.1087415671184,-0.0285040454824896,0.019462381433977,0.299224284079619,-0.385739499574902,-0.323156442223607,0.359944689211207,-0.2197147693098,0.129145220245852,-0.0983273373838651,-0.0352027001284616,0.0249226811885645,0.026054046539305,-0.196933374992963
0.081438309869443,-0.0689335073374894,0.216075365472592,-0.231806160237557,-0.216215317534361,0.293572313642912,0.292491693820042,0.134747061413193,0.23580985240339,0.256796504821433,0.466158742449152,0.501644720727841,0,0.262228496346892,0.157486848152908,0.115003542613888,0.593316901393376,0.176665103066758,0.264423997992702,-0.167102880467325,0.0937556007045518,0.365825938548795,0.0759821200986561,0.348808678866854,0.241017749866522,0.251424946257556,0.182309218456927,0.131692858247935,0.236261780034569,0.22336035394384,-0.0131276785379408,-0.0633431110535399,-0.298148349032854,0.136636426179572,0.192129833020887,-0.0614491561018431,-0.201853331966369,-0.0506042424985555,0.194030044284239,0.447689213104484,0.0145633504158405,-0.00677108486001138,-0.0610980968534716,-0.134568848037482,0.00821309989610497,0.109248361811953,0.0577233820153476,-0.0089568504052745,0.0532042474532866,-0.146539390627371,-0.049948977055055,0.148353388931196,0.267802438706526,-0.0831733013346073,0.281872766203357,0.32562717447383,0.2549543026103,0.287318783576073,0.424333781970305,0.503842643117436,0.498309946439005,0.727946840342974,0.492560985088457,0.255573187241509,0.185813749506532,0.136814218857194,0.44006363324742,0.343859923448535,0.10540305369795,0.136588673458946,0.0550681887560534,0.560037462216678,0.124178643264088,0.498739769258833,0.51522093782176,0.351607601505317,0.278007506413901,0.227909577050566,0.0311530486887054,-0.0761815711421707,0.0640568080563785,-0.112404779045918,-0.167402436032526,0.00336886341298896,0.0368268458766381,-0.0670412942526241,-0.194563242200076,-0.0395165770782322,-0.019711650878481,0.355223852959717,-0.24227381013337,0.0355629150615483,0.37488186817452,-0.091491918581008,0.138568333213126,-0.0519705745692482,0.0827775201525983,0.0192074565931673,0.233605934286756,-0.0893834753932145
-0.190243536535842,0.0622885168015328,-0.00777824998607883,-0.195750169891755,-0.274664980459632,0.0854743771569202,-0.0709132913610512,-0.0163466320003334,0.0798388955215761,-0.128728618766857,0.0687413814987948,0.357177063840915,0.262228496346892,0,0.727767125939975,-0.180095355009213,0.253372719917849,0.519703956466054,0.770480371713568,0.499231996565882,0.61168443880324,-0.164283285504737,0.764067218133904,0.0978950933242585,-0.210190968728752,-0.0453272670215065,-0.208170989537758,0.0205624216610371,0.593260617139025,0.677188670507973,-0.180437882429411,-0.0129152165180225,-0.0490869399468465,0.423242035836629,-0.250507628005477,0.15212387346671,-0.0928063684184978,-0.304786482696897,-0.0966414563352368,0.0172549389253643,-0.00733523301920063,-0.0969811088001414,-0.203953619412062,-0.0572764511863855,-0.302500551556621,0.057145252856937,0.102570191573964,0.018150494030172,-0.0108315000466086,0.0901084715069891,-0.139976352015134,0.0783544747479086,-0.0198050140562501,-0.323348175007853,0.133767958603496,0.165254249810809,-0.0446140252521291,0.0921289551573194,-0.0338322301187802,0.152293525646225,0.240586658366031,0.442056680579103,0.681390566271215,0.671725220082002,0.647092034664047,0.678922997043498,0.0188275465015669,0.711742674813152,0.693617889328797,0.559372749651983,0.643974259876194,0.334066881002315,0.753227431480871,0.348178389375834,0.280845247089191,-0.0509982347999788,0.539985930828583,0.655711369061459,-0.198533975507848,-0.00691034476383341,0.289708970864191,0.223594066701618,-0.325761155698726,-0.239142737980325,-0.147056882598329,0.384541450998465,-0.0368872749876775,-0.0755047509553513,0.375070877651961,0.266719837982488,-0.296745622760045,-0.317565753949147,0.148560432815794,-0.146462820047093,-0.178682679804669,-0.0692379262259342,0.0180550689588689,0.311619347979896,0.197341714932112,0.112208380280717
-0.1748627448168,0.0155070424013498,-0.0780164739851031,-0.15530466874171,-0.23669497618682,0.00295236636913455,-0.119011340782902,-0.108014640212658,-0.0351047397134335,-0.0850055576104941,0.0183329257177169,0.258331754710077,0.157486848152908,0.727767125939975,0,-0.103463371332333,0.0945970811261051,0.333186427548406,0.614690045858868,0.461193702819864,0.785925139046972,-0.21308390789128,0.695589616934199,0.0348322487884606,-0.124884180113587,-0.0851687948017307,-0.306290934609445,-0.0182415586407631,0.549809493400281,0.704050280704761,-0.0691232145660499,0.0872787525100412,0.0718854491066362,0.151251701805625,-0.315308640303699,-0.00512019232716984,-0.14579331028955,-0.186493703385901,-0.084630026233246,-0.0433108410096008,-0.227676986742742,-0.138506496832411,-0.230385558992685,-0.0632145508592845,-0.25454006470965,-0.0282504720405133,0.15167245486588,0.0212215722603207,-0.121234258188283,-0.0529132278868702,-0.064676112509267,0.0240802537758953,-0.0560045350619029,-0.289513775066899,0.0197879910279266,0.0903943910421944,-0.148018888511771,-0.0682745881963141,-0.0927702377153772,0.0611719621741673,0.147267850642559,0.33724079440649,0.614186629655382,0.664668651938346,0.776436249262011,0.867760080618959,-0.13360606190002,0.547532363672404,0.573736365672621,0.395917439875491,0.739584320055705,0.191580800102707,0.728280729504862,0.192325743547398,0.213550219928852,-0.0091789222131126,0.61243488663935,0.741217916692112,-0.0694605270971732,0.0864228995317324,0.315326575889881,0.0367479025203661,-0.32732006112161,-0.265508180553749,-0.214260164074349,0.389100621424731,0.0445663844457537,-0.0971542172565438,0.200297406359993,0.105954596874064,-0.227514004690052,-0.183925214832156,0.106863304430772,-0.0428752562194338,-0.208710233978278,-0.0899747215048492,-0.089163509812291,0.262728127206006,0.0660840279012864,-0.0362191179724662
0.339106926274057,0.331905577136194,0.314846138976975,0.281596849951039,0.336164242050887,0.209629834529945,0.524936821029491,0.211780483147875,0.00956613464410469,0.291100826760478,-0.00742631361532299,-0.0172400399010105,0.115003542613888,-0.180095355009213,-0.103463371332333,0,0.0692745090666699,-0.144094271261187,-0.108196218167977,-0.447127220252257,-0.0526441320391948,0.143804931977426,-0.234647194355231,-0.0148326985899191,0.209729240273613,0.0168364945751401,0.0136688621736363,-0.165274510032989,-0.175600203322735,-0.150522388400416,0.0423177419702029,-0.0575458545896271,0.0443309570200183,-0.231156421250782,0.0435373201993807,-0.406879376285664,-0.304457990787722,0.176236319323962,0.393553546720674,0.331731191354332,-0.257645892231695,0.0101054533229929,0.101412683286972,-0.0408885650408768,0.0783552879585263,-0.10766758944596,-0.0871286116264069,-0.0534715660091709,-0.199061883957203,-0.273954451464178,0.414272851985709,0.424389227958829,0.584421234874763,0.191941594508357,0.157405970942402,0.135962361990556,0.286038234929183,-0.0152856792428735,0.196677435861328,-0.0354523415019052,-0.0393438729146675,0.0921588808952692,0.0179643172846465,-0.0267663098983208,-0.0161464706214377,-0.112670556910431,0.214073101137818,-0.0296946622280461,-0.225856166629437,-0.216146097801239,-0.205749200536434,0.118810741117285,-0.176796830908472,0.105847048521456,0.101026292997306,0.240871985260466,-0.0173924252714097,-0.0861885561127156,0.18723365229592,-0.139734273366679,-0.106819121153087,-0.436883594790863,-0.0486919357665153,0.0214136611311516,-0.0450895963577487,-0.184864195822602,-0.168938998181753,-0.217327162253066,-0.460582968837241,-0.0386108066551698,0.195541880071669,0.328717078094361,0.260629106308896,0.249840620279473,0.0963863147610329,-0.0436851577962844,-0.0980872563711831,-0.15052770695378,-0.209747579486285,-0.32057469070902
-0.0611639973238735,-0.158642267242394,0.244411091794587,-0.122965766420511,-0.249748211872599,0.285623611722159,0.284570027994867,0.210693009225097,0.236586780006886,0.0353891794380202,0.299656678379264,0.443127028280885,0.593316901393376,0.253372719917849,0.0945970811261051,0.0692745090666699,0,0.374279320569753,0.347789046027173,-0.128304565397616,0.0531431008172936,0.553180833857674,0.159326987906621,0.574183095750994,0.0866525998717475,0.430469745546851,0.300698988959635,0.310132144505609,0.29161502708939,0.181382288732559,-0.164044220810684,-0.156090720063251,-0.359784700285753,0.373482158193513,0.216454623141182,0.0241496849553008,-0.112111142237455,-0.206550263065406,0.064501584926987,0.315479655035452,0.14871604081583,0.0262718369584873,0.0781135855194662,-0.114520065167291,-0.0765439617009947,0.221631923613086,0.154072625674979,-0.0100321968866925,-0.00958942715239996,-0.115959526629944,-0.156647264475232,0.163647963881325,0.140468386030579,-0.121002887341904,0.320732513192534,0.324487200343943,0.275260678633026,0.285425460242541,0.272353880688684,0.395593781478103,0.382306713337566,0.486006914566909,0.269102073569642,0.140794321720811,0.117554387732874,0.0639401855743079,0.42898024015033,0.322896383314008,0.203130252500477,0.206686799664829,0.0489254077168451,0.604493394220848,0.149153093949248,0.456815696493603,0.611293070031836,0.302175189215596,0.215541570592166,0.190839614340634,-0.183363721953613,-0.185028894874819,0.241822369327655,-0.0859017813598635,-0.157796833089584,0.0475169193936718,0.155240683531354,-0.0552984795382969,-0.238811026016631,0.11741285975769,0.0303469875057038,0.41345273579225,-0.364353091078696,-0.0957915943537382,0.270038990377014,-0.275757306030018,0.133184244445857,-0.0813011603254876,0.127522996751109,0.0277529410336937,0.230113217425608,-0.0952799717810767
-0.206453132646403,0.0686476371251603,0.230498261979402,-0.222927512655736,-0.255241517341995,0.353106865914516,0.149983200594627,0.4472077576178,0.509367683462899,-0.28637923666721,-0.0493394169894906,0.171840102651724,0.176665103066758,0.519703956466054,0.333186427548406,-0.144094271261187,0.374279320569753,0,0.511316321129089,0.427921892214656,0.405963840897237,-0.0122666978605741,0.509675553620491,0.203498103718814,-0.272659604806464,-0.0125709752632333,-0.154081916034136,-0.0166566534306859,0.425253377085396,0.357308318356305,-0.27291502936407,-0.153607449269316,-0.268378687846712,0.629103407990188,-0.197546188207676,0.402343532708642,-0.19429543633215,-0.365792592603818,-0.0830929291128513,0.0918227761379943,0.171426277892752,-0.170480493662541,-0.246433445953366,-0.1627710799759,-0.362512286830891,-0.0166463461529317,-0.0737069600034567,-0.0169220416886508,0.10577380472002,0.163502228613432,-0.071061587002413,0.216706976009643,0.0306501162323839,-0.33558595621828,0.434214007612047,0.409731399263803,0.378557839242054,0.547489532370926,-0.109977834951129,0.105985027957865,0.16744146706207,0.400308270718545,0.404512652070555,0.391949518284228,0.315703212236473,0.347461552099133,0.251322244324791,0.501114886427348,0.514351376359765,0.769806132848402,0.499735802628884,0.328557578233422,0.491444900043572,0.347420195837822,0.297590873266374,-0.114197196316182,0.333792644630288,0.350203683809715,-0.267432956766399,-0.0766249147485322,0.193414493492001,0.245855490210807,-0.344440119395491,-0.224457999169992,-0.126365325316348,0.174627772255356,-0.219605043616434,-0.101718313157221,0.460475476013066,0.358069183009126,-0.369086871607179,-0.131732001900705,0.147278612368641,-0.318383987369587,-0.185367309430139,-0.161838123615394,0.0044640864950819,0.171690451086196,0.370223080460377,0.224374587383871
-0.198628924879862,0.0427504374407333,-0.0754587613994995,-0.125204229483377,-0.252959595386818,-0.00579625466530547,-0.078184203931381,-0.0554851127929802,0.00823144201687873,-0.118120091711859,0.0219316702699391,0.338019776047991,0.264423997992702,0.770480371713568,0.614690045858868,-0.108196218167977,0.347789046027173,0.511316321129089,0,0.469604090252501,0.519860452395234,-0.132680229359707,0.624103572741882,0.215906258536296,-0.165705169748159,-0.0345552409233909,-0.190083243036373,0.0385918027938086,0.497336734281798,0.569609151852215,-0.134487835711153,0.0468590046305217,-0.0402077028228765,0.461105861182834,-0.249864471009919,0.158455505543974,-0.0696637168858575,-0.244207419276626,-0.0100071958077055,-0.00828762673966111,0.0019379612570496,-0.139920204097829,-0.185427741801955,-0.100996417533941,-0.318496608636412,0.000294542414454178,0.074006240631666,-0.0664702986806843,-0.0827585288102057,0.0582359327445344,-0.17050790570426,0.0289462391741188,-0.00168619617463112,-0.225799741123169,0.058534190505117,0.0319577031447726,-0.108199331153587,0.0491013443250363,-0.0835579422892677,0.138305252219273,0.207110702329403,0.427021331938622,0.614619727895226,0.586803926629988,0.548736961624137,0.518872839038334,-0.0379037316359902,0.707175281708841,0.649007737685508,0.56664620664815,0.603573161392081,0.386011388332552,0.618061685568756,0.249477213663542,0.389683641083219,-0.00774560207763496,0.4729205045412,0.57020460172019,-0.204175573515628,0.00256339507013274,0.369258176160496,0.16249739732446,-0.296880128405543,-0.224297452042026,-0.106937820092113,0.321027986694829,-0.056557680407402,-0.0197621456221608,0.372985356036482,0.315174689180819,-0.307503790360204,-0.298199129183247,0.120971856210188,-0.149175836272147,-0.188665101512129,-0.0935560073218692,-0.0403416200452062,0.209238631703888,0.0874920063366017,0.0570715421238293
-0.328439883689954,0.0526631034169843,-0.211665400459073,-0.199592325943088,-0.21036618375398,-0.0704734759301289,-0.352012954743752,-0.116100957501886,0.0507238582160811,-0.420642524761158,-0.242824439070566,-0.0420627106332024,-0.167102880467325,0.499231996565882,0.461193702819864,-0.447127220252257,-0.128304565397616,0.427921892214656,0.469604090252501,0,0.465086463476693,-0.39752810113474,0.501909863215209,-0.0478140148722099,-0.429269313141029,-0.30400556269727,-0.296327316108138,-0.0685194360230736,0.400832142832769,0.364165342094318,-0.0935400639003038,0.105791537323042,0.106909995812836,0.418271054785009,-0.370096360969149,0.430178007768084,0.189876464269996,-0.220061546711858,-0.254077998688957,-0.369840800278284,0.268348076072727,-0.270645332813143,-0.223059758842822,0.01864011486543,-0.274264314855925,-0.0549135372493793,0.0656140528242281,0.0288951197686744,0.239430033783662,0.49038148363086,-0.198659938900418,-0.194535277263257,-0.291438007849393,-0.215114054476379,-0.0300286622859272,-0.0977902871346398,-0.229576751630537,0.0739905025566217,-0.441498521276553,-0.141176382160655,-0.0674558796818702,0.0495721036772992,0.261926175419479,0.275892025651394,0.3618857268576,0.411370783341459,-0.279850235148627,0.320841231851933,0.536046915670749,0.570759672111187,0.638751103845796,-0.0954699076117302,0.468861484079314,-0.0994063401707491,-0.0348181190729991,-0.367593349971309,0.286073226072398,0.32089911952053,-0.220887737182369,0.0726343685469339,0.228288225113572,0.590458384322604,-0.2771530923574,-0.29967663796258,-0.189378325236954,0.297099359953,0.183609209886091,-0.0286124834319012,0.663448688461179,0.226148432455992,-0.154445444673754,-0.328509838321228,-0.243594805495359,-0.161407942270517,-0.35402271388255,-0.0249141408228391,-0.0466973292988625,0.188506500411556,0.223299334542134,0.469045457225899
-0.155376231729649,0.0710749212630417,-0.0902055237205543,-0.119155759907719,-0.203234615845822,0.0342581322363317,-0.0920083546694482,-0.0278801571764363,0.0443134743426223,-0.112513208340156,-0.0632603942167717,0.232744561059023,0.0937556007045518,0.61168443880324,0.785925139046972,-0.0526441320391948,0.0531431008172936,0.405963840897237,0.519860452395234,0.465086463476693,0,-0.252465852689162,0.551191386869568,0.0576739957667292,-0.0869418861772535,-0.106354531988826,-0.353080926811769,-0.141427742538254,0.459675189952088,0.517367689965837,-0.0897323698901095,0.138260282685596,0.0904065888249743,0.105040556464018,-0.330929913368674,-0.0269414758643323,-0.206205615970566,-0.1274669536495,-0.0505615643033904,-0.0527295125867176,-0.254781247152593,-0.20489585830511,-0.245841982753264,-0.115324092931127,-0.331814022011104,-0.159146076648916,-0.0333168463568004,-0.116717518381997,-0.143368864880402,-0.0673611248181935,0.0201448280086561,0.0492720170180676,0.01781649892352,-0.216668582392706,0.0644964178854322,0.0782268650476239,-0.0717313062395733,0.0452469786851617,-0.13985218649542,0.0186899204374972,0.120522317166958,0.331639340609646,0.49770079464727,0.551169949968072,0.683250607374111,0.730065891538516,-0.11254591769772,0.441866761905308,0.492802689892455,0.448741134764372,0.773066291948987,0.165984834683965,0.627046629341758,0.182435764564036,0.245483459128033,0.0130170713592878,0.522889033851286,0.584710926903689,-0.0595046400099771,0.183985872522795,0.252279780899677,0.0093552737804558,-0.388725299677146,-0.262386185015698,-0.277577176492083,0.175790846772209,-0.026011631643373,-0.238814232605128,0.139125684829124,0.0980234467560767,-0.167272487839014,-0.0981945940300467,0.122751384782898,-0.0871455312962104,-0.238882617559832,-0.183365557380019,-0.180978856947506,0.100582739696574,0.0125291958963949,-0.0723044627518419
