0,-0.218541228883084,0.190604400936845,-0.26926864464842,-0.129192924564227,0.0596025346161664,-0.063787478166022,0.0655319025155053,0.020997254688015,0.0576970195012462,-0.0175957386947603,-0.09971110299134,-0.289235539686519,-0.388323060773232,-0.39563879012605,-0.0445832431442908,-0.195972031185861,-0.0349136511488493,-0.283487911205706,-0.0968879553972983,-0.319455936077763,-0.152775725778032,-0.285600761640605,-0.107408804563865,0.298344329543067,-0.0197696792396772,-0.256710909057128,-0.253276392862894,-0.275490006095557,-0.306715950659211,0.138796536912242,0.109736498539531,-0.118694681364911,-0.0653459347163889,-0.143022775270277,0.0592075343855695,0.0265577182899617,0.222561922097126,-0.156993861531773,-0.068087797520246,-0.143999488938612,0.103275182888131,-0.0248463584244872,0.105590928407258,-0.05454758909411,-0.221307460109815,-0.209815786337367,-0.19776283473065,0.304729406207369,0.051765796873569,0.487413093109803,-0.000748762896502559,-0.175033665094695,-0.222975450928722,0.0839334823883836,0.105240174436083,0.021365776157971,-0.00470048766226349,0.0691756686012728,-0.0513155461901537,-0.0918353961730107,-0.236115216895529,-0.33077623098911,-0.338458192748719,-0.394094735474712,-0.374662972717475,0.0501668569648058,-0.214015623690593,-0.228865363103761,-0.078185971851014,-0.288356907838139,-0.0664852077997022,-0.251408916348399,-0.0982408023141638,-0.126422411159975,0.108707415633628,-0.345131719049332,-0.373090187636297,0.104670631601966,-0.0798803668452426,-0.298151563266308,0.00472471891967542,0.0249273185980847,-0.0514360170308296,-0.287676192042697,-0.238780082920017,-0.136800314741102,-0.157120369846465,0.0637881418933032,-0.0404971501396985,-0.0717252955953095,0.165561848406673,-0.113195240262544,0.106474109927288,-0.00697609720382884,0.064951439398992,-0.230067664976559,-0.171460306658779,0.210795954696763,0.0849300589468464
-0.218541228883084,0,0.468404221305304,0.554313432075928,0.603883987611298,0.329262639648218,0.115850279400417,0.318417323635163,0.351842233014601,-0.09596432360521,-0.0984038348122965,-0.0213541740993411,0.13647677833092,0.238714805150578,0.210619559035827,0.244923973358877,-0.0298719334191563,-0.121464127475263,-0.0181082298082527,-0.222566507109037,0.0912603004443032,-0.00236763939804167,0.187786240361304,-0.159872079522248,-0.132366005480655,-0.0789564469896127,0.0869502518427153,0.0384308095000006,-0.0625680117045235,0.218305144653665,-0.140032747180043,0.207964276036864,0.211513937997219,-0.143842537299206,-0.0312225331703479,-0.107103033435571,-0.127403675506965,-0.0156425596188434,0.184198140252967,-0.0310176648964865,-0.0955156815040755,-0.0710962421326997,-0.193794371539652,-0.0252684300815145,0.0160692738558257,0.106281925400965,0.181516472911575,0.0536208092200132,-0.0527046347031801,-0.18277025601377,0.0257825756236142,0.529473201913863,0.307466377409048,0.495513726314369,0.431428678122195,0.3010996302497,0.286621199931232,0.389449335545643,-0.00521865574886746,-0.127271994266903,0.0244584273071128,0.159070438172883,0.170839418385842,0.187629251488065,0.210243943217339,0.206771506786814,-0.175952066355071,-0.0156324838301044,-0.108693738376338,-0.157121074708081,0.0442542598389875,-0.0960103324098424,0.0967111367147001,-0.0776696621193544,-0.00973962702192151,-0.190937954324657,0.0197272986807988,0.247742961714243,-0.113012499928545,0.256855203105868,-0.130691353614384,-0.200193999465393,-0.20057691784612,-0.195020636347606,0.122241064598386,0.0177646723923793,-0.0259386725887491,-0.0522129537143807,-0.236673103716639,-0.218977302888287,0.11670555451956,-0.103115307265525,0.0766744618938837,-0.0555618812048008,-0.197001521335923,-0.105873254976625,0.0988661665339807,0.0422569691195105,-0.0316416544081258,-0.184038754220278
0.190604400936845,0.468404221305304,0,0.0811173943011715,0.165798831229013,0.552006064268319,0.0155951443417953,0.488446301114292,0.483470170910583,0.0209563833877055,0.0612319078071322,0.125915883017383,0.142021061846707,0.0913740978285452,0.0147962627420179,0.0262486306161214,-0.00293929876476644,-0.0976368834432686,-0.0360786301049732,-0.292596968123929,0.0294758704841523,-0.0111657756414191,0.0690085293826078,0.0514318118991656,0.130573383800377,0.111658790247162,-0.108519694633906,-0.148396100749525,-0.0749644285447319,0.0749525472216259,-0.103104299216346,0.275842752437351,-0.0979731164122222,-0.213239189613359,-0.107075929963838,-0.20097287239627,-0.197956764074861,0.10688504129511,0.0102580320284938,-0.00949835417769311,-0.19139253986185,0.0876803326095728,-0.0804242794746428,-0.0718779818275298,-0.21758471214892,-0.1502885380732,-0.10129227696822,-0.142489779997664,0.034051882116139,-0.212440359547707,0.264542076267351,0.572252417538762,0.0256420575619836,0.0471545432138466,0.460187999448577,0.645015685300566,0.380384041705794,0.522236978976625,0.0608816835805063,0.123833709767155,0.157043904554888,0.18232205870468,0.120625609406071,0.0197575053165229,0.0502480965417325,0.0422500044686489,-0.118940439651379,-0.00442321110826101,-0.106447557236122,-0.180003366496035,-0.0330365310380719,-0.0137056023384536,0.0241609389474577,0.0152375643274252,0.108661720425877,0.123913413900175,-0.065240765286791,0.09688917326122,-0.0911032490616333,0.175570531934406,-0.113069874675061,-0.309848796789582,-0.236977741192666,-0.187587373227178,-0.101479515673476,-0.182433504394276,-0.192326182904369,-0.219094880295806,-0.260493085392446,-0.115684592880953,-0.168775687521487,0.068032506026223,-0.0751331208155342,0.0663878993091683,-0.0459361281655204,-0.171984205586921,-0.134751658122781,-0.123852059950584,-0.0115155149717189,-0.200562393280769
-0.26926864464842,0.554313432075928,0.0811173943011715,0,0.539469437396217,-0.0394562945331203,-0.0507547539754079,-0.0915256766815033,-0.0242088513983216,-0.373672437815601,-0.368252931446613,-0.261321732011944,0.189533742438999,0.510755388954089,0.542010589691867,0.275494248187495,0.066260653908259,0.126527783818766,0.211959365511715,0.0599688591152054,0.322787902600969,0.0201882020754117,0.54339116566688,-0.388616967239945,-0.477801469684415,-0.103301961522852,0.25529396600887,0.242965121891681,0.175670258280189,0.553640418377999,-0.336820969428364,0.294903371202131,0.487985857848138,-0.00166844088669101,0.155589967362401,-0.0160138992353621,0.0463502824376719,-0.369664954341194,0.0204989687011833,-0.301301473986854,-0.0567323911878544,-0.324879975035313,-0.298905408017855,0.116716669763514,0.0953919302018769,0.386600958084354,0.488479225563621,0.43682239954959,-0.159298557929082,-0.142141941927612,-0.123836182793574,0.255800117691866,0.553922689571001,0.861646560171429,-0.0890339195805101,-0.139321432950159,0.0819383294231366,-0.0062808121865774,-0.370947670201742,-0.279585453865058,-0.252977941395505,0.231717726558456,0.360085931140344,0.490765547384134,0.495792362703277,0.544742319784151,-0.212757211368256,0.195272946270082,0.150100696428524,0.100021880257683,0.295807817964871,0.0217828228797499,0.453534808899564,-0.3609545126126,-0.213955039009381,-0.451990777587427,0.294859169868799,0.526530199047468,-0.338111603931445,0.485962919222954,0.0127221957003918,-0.00967435533037028,-0.317522197122434,0.0151564542834306,0.324308821588696,0.399779452794901,0.161530920774612,0.0903710163273409,-0.0718851054203918,-0.314742955612387,0.401609529983974,-0.519604955876162,-0.100625002481728,-0.234055677330645,-0.382976181362548,-0.0779819582728314,0.379109571624251,0.407192367171514,-0.0505204194975565,-0.158879694933492
-0.129192924564227,0.603883987611298,0.165798831229013,0.539469437396217,0,0.323056513901385,0.0298675841534064,0.0149593349749477,0.299276389851478,-0.14594549002991,-0.278472935817837,-0.287623929848688,-0.163088330534339,-0.0161110503530853,0.05279614151465,0.00401994919373792,-0.289583661016931,-0.274264537911732,-0.229216190456681,-0.128422759354232,-0.1658937007574,-0.33518785107614,0.00508964515237959,-0.460915171285531,-0.252667765434388,-0.251821658271977,0.0635202746346404,0.0679593378061748,-0.185224890257587,0.0612285803562647,-0.157288959150805,0.0316730636734156,0.202362143448893,-0.263741892622581,-0.263259078034144,0.1088378179833,0.0212725028347561,-0.0558206497770662,0.0718361004027347,-0.295911174793783,-0.140871834862889,-0.197998872487994,-0.455616193575735,0.295040886236913,0.0912541678708812,0.187666511503923,0.0954260054441041,0.0185723774065729,0.200919839023815,0.0336510974423577,-0.0656469663856237,0.068672121475079,0.185898163944601,0.53345516306463,0.367785719500144,0.0498115016066779,-0.0350342174077774,0.2284750263183,-0.135888911893975,-0.385373042634016,-0.185220032075,-0.128121532589279,-0.0426918762243109,-0.0311906874075907,0.00298185387038344,0.0423438342696796,-0.189545116644359,-0.245092251076374,-0.272016998871287,-0.227395598869088,-0.166067091987204,-0.265147485781434,-0.0498652984084345,-0.328697002583684,-0.28691437157018,-0.381159639465113,-0.0909099061193955,0.0366818851239835,-0.187064552192276,0.0770614517738703,-0.277622512605124,-0.0160059936009623,-0.107617665072327,-0.244216515060577,0.100394470227777,0.0440272227343836,0.0303131653270862,0.0829039190702867,-0.00440573553788241,-0.220358446682614,0.198985465883607,-0.180128032201032,0.0398893187145616,-0.0522698218976715,-0.33636739389557,0.181963590291212,0.155033937737243,0.106713068414964,0.203953276623687,0.0268017965860937
0.0596025346161664,0.329262639648218,0.552006064268319,-0.0394562945331203,0.323056513901385,0,0.162535547714075,0.556984517851539,0.814718592736342,0.287093869536816,0.172481083498329,0.166769035620912,0.0181764104849724,-0.174022757749709,-0.224927050342293,-0.0241969775999472,-0.0899932073135005,-0.122544155025337,-0.159398155444517,-0.252087489098638,-0.158511961744168,-0.101006850158184,-0.129103343606577,-0.0499262115161287,0.152861345401854,0.090730923268551,-0.0690756516520557,-0.0567941854598698,-0.139042261162034,-0.166521112075263,0.0156075830343831,-0.0710288637958731,-0.218396192647527,-0.192361584525606,-0.23445507457906,-0.0522969441612753,-0.244347109056991,0.222643454586758,-0.00437261482042745,0.0309838205567377,-0.216610988091189,0.0114847476547923,-0.15625808689853,-0.0826159002024425,-0.227073443417948,-0.257133331042007,-0.271739961874963,-0.248842809197677,0.267705434805547,-0.193683760670788,0.170555442306589,0.273776257228704,-0.0416925183038203,-0.106777051070791,0.756770993351557,0.696142685305484,0.386988852705307,0.734876740837804,0.302312464958051,0.0322329452589854,0.26101175446869,0.0177392357924979,-0.0121795732785467,-0.179600916320377,-0.141709483995485,-0.203380511972697,-0.0277730152022909,-0.0974251829676163,-0.121029431935047,-0.115943505873949,-0.186335314901234,0.0567457488486462,-0.109724487655425,0.0292469490708328,0.0937035681183678,0.165787977120986,-0.142071886341121,-0.11181178729578,0.0187215284395853,-0.182253290399872,-0.239278108155173,-0.212517815510074,-0.0165859799369115,-0.173803279617313,-0.0689086141999522,-0.252794296426404,-0.224905681539364,-0.0414217775069593,-0.144641877776024,-0.129708886700549,-0.218357186327777,0.227459450435024,0.0412722303475755,0.00636962184002196,-0.0174671206033794,-0.0791028698597595,-0.247866543307033,-0.23721812595451,0.181267148685159,-0.158152615248282
-0.063787478166022,0.115850279400417,0.0155951443417953,-0.0507547539754079,0.0298675841534064,0.162535547714075,0,0.450251858340597,0.29718959035868,0.0956463128785785,0.168596039173198,0.201947625334225,0.115868081900807,-0.0128367922031655,-0.100215144260668,0.312059517416242,0.0237414577832079,0.148461407663832,-0.0016022720051372,0.195092620866415,-0.0158236381313177,0.180223647227167,0.0785321908195382,0.153533706741515,0.13100966821401,0.0130890883797501,0.0916904764760977,-0.122177610193674,0.0383451790370744,-0.0815550528030071,0.0220470710363708,-0.0914965801106536,-0.0270734928867742,-0.188237823329196,-0.0711674851820389,-0.0448337735615646,-0.428268974098905,0.310329920799672,0.350095524691338,0.363702783615226,0.0496324601606982,0.00347539461197006,-0.0275534368218652,-0.265743696237467,-0.110816472205546,-0.205844132709477,-0.0330219433060053,-0.177410040473763,0.0803718650934214,-0.0940129926998683,0.224242866586076,0.26895709935155,0.322133099815707,-0.0823646660894165,0.123153992618672,0.155803660281845,0.460223711322817,0.274790070976375,0.230471911362331,-0.0594675146244705,0.255576098621449,0.0737833121765102,0.0601352751850847,-0.0642817839791487,0.0169212712004791,-0.0940747249633263,0.571351397260785,0.00601661155758611,-0.00106258415960093,0.0365719592945138,0.088805052826507,0.276992790144009,0.0551280448651894,0.339959246634262,0.297439044681034,0.0982751763503135,0.0186568507254686,0.0573012570135219,0.128799453439254,-0.0705682517176292,-0.110196516917682,-0.261560261087116,-0.146286099554778,-0.0889711964357325,0.0521441753757654,0.0199855280804898,-0.258035982468285,-0.257174190676443,-0.00635126827667059,0.0766323335369045,-0.0491181591723787,0.294129039966484,0.401237264186141,-0.113181556475033,0.0836372896971702,-0.179153060345239,-0.142203344245428,-0.111761493760334,0.0600747519467852,-0.143950469737364
0.0655319025155053,0.318417323635163,0.488446301114292,-0.0915256766815033,0.0149593349749477,0.556984517851539,0.450251858340597,0,0.661908351375635,0.312538550932623,0.2369760474735,0.241113983386218,0.159024739034346,-0.0843536854780315,-0.258492603276227,0.307336337306957,0.133066077061046,0.188247008974236,-0.0389156034463357,-0.21726475387369,-0.0246537375461589,0.179979611859271,-0.0337960697174663,0.117450359880846,0.314055836145116,0.0991856205046182,-0.174960629991468,-0.296953663767974,-0.103788305405444,-0.17144832292909,0.105397874041762,0.0504714919630163,-0.119227643019544,-0.0762805480079118,-0.0611573015358083,-0.339032113112065,-0.498931364890968,0.373092815099502,0.148922277502292,0.303879782486521,-0.156939536088436,-0.0250867019597789,0.065732911128398,-0.414065232137845,-0.277996404699751,-0.458297554537708,-0.277458509973513,-0.288055301952484,-0.138017084573161,-0.366984264491552,0.323350060038675,0.574721749200771,0.213232563146807,-0.204674470299402,0.48061618789279,0.55328577210787,0.796809275736745,0.745948371624058,0.40253868403333,0.0441176308919092,0.357106926929761,0.148859807075263,0.0576593879711512,-0.152668633984143,-0.0458038334312852,-0.243350114083011,0.0848231687875561,0.0855057751224498,0.00915734102986475,0.0681516964897167,-0.0561718775391555,0.280705407854255,-0.00928089760043,0.248143706185018,0.304136154710632,0.219514071633303,-0.199635513280873,-0.0912349508913217,0.181075969115099,-0.116596533462589,-0.24241600544753,-0.384291947628695,-0.167007289630664,-0.0908676884920864,-0.199016888954972,-0.274031514292563,-0.468549402727258,-0.342776750994347,-0.393607999659374,-0.195586417183192,-0.209788838561109,0.314890216203273,0.10428085980274,-0.0978541310874419,0.0489240706293783,-0.413381581553178,-0.428896212932828,-0.448673589285934,-0.222440453375304,-0.414370073252744
0.020997254688015,0.351842233014601,0.483470170910583,-0.0242088513983216,0.299276389851478,0.814718592736342,0.29718959035868,0.661908351375635,0,0.304678423895818,0.15611603840848,0.185030683171895,0.0798794827831781,-0.125063131355282,-0.195304614915102,0.106108221595395,-0.0503891962299773,-0.00655425916825839,-0.138323857860108,-0.210546633339676,-0.0900562387178474,-0.0139209163061314,-0.0660209789274546,-0.0755653592084234,0.16985006953443,0.0540559158299888,-0.0190627834133315,-0.0353217970382238,-0.105874472264038,-0.128795222178312,0.0743667212543786,-0.0971655084199649,-0.195922641601292,-0.134349954586614,-0.173502623833726,0.0308534064665632,-0.288225908297555,0.246123494208152,0.081519472549782,0.115034744544062,-0.211571032823739,0.00461557892141659,-0.138660465173437,-0.151890412922261,-0.181452756023203,-0.295002180209577,-0.22130127463336,-0.231868410867452,0.237077593677124,-0.218404521386312,0.164169588634675,0.34740280436596,0.0440684474320361,-0.125116628941194,0.730811847341019,0.681924201203477,0.504554769047516,0.849537531390055,0.367438504173864,-0.0293254772794658,0.285311768050745,0.0673447045154749,0.0676112323634341,-0.13726140683984,-0.0619557442112446,-0.183874096471581,0.0186825044983443,-0.0771537404796157,-0.0913862185586408,-0.0821893364000859,-0.112381870490333,0.0917714841890908,-0.0472829278625997,0.0836502190460273,0.120450428839114,0.096479735593142,-0.139425202010272,-0.0607413137074819,0.0897224323182093,-0.181927763707835,-0.324617650290265,-0.294992895742996,-0.044886189374528,-0.190422504450973,-0.078479797648943,-0.257090780301458,-0.255734987519009,-0.0838791286893853,-0.138644742098463,-0.214596301910342,-0.261692841133147,0.232485858686007,0.0587206587977078,-0.0538794014398598,-0.0406611834597011,-0.13196363213773,-0.300409116534878,-0.283659167816507,0.146129395447214,-0.224095510224215
0.0576970195012462,-0.09596432360521,0.0209563833877055,-0.373672437815601,-0.14594549002991,0.287093869536816,0.0956463128785785,0.312538550932623,0.304678423895818,0,0.244612132150382,0.426759743099169,-0.0872715086626919,-0.402188430863727,-0.400138570490253,-0.0172599500581553,-0.0957122586097199,-0.126125922513977,-0.254814399552309,-0.169151246926042,-0.247192846811999,-0.132497176772417,-0.336278813823625,0.228005081369799,0.429735036500928,0.0341356218433452,-0.168679357821806,-0.0436796387720044,-0.0518258359586743,-0.437385841254067,0.297456122447541,-0.334525653205345,-0.286926310090461,-0.0530574520015602,-0.152002461871524,0.0134315277547095,-0.143200316069183,0.299662964624172,0.0178791986823771,0.342337710441096,-0.062274915489031,0.319802510579441,0.125462323526738,-0.110022191120569,-0.0202593533446012,-0.342891681800228,-0.463175787103277,-0.402560343771773,0.0901304057865001,-0.0341673647375656,0.170407686132591,-0.0831840646922572,-0.190620066205494,-0.436935122554592,0.308215105861285,0.233499160299304,0.109806856032678,0.286095637922756,0.792140309251839,0.25887868585258,0.467371710669912,-0.113047840599893,-0.198278041298928,-0.388282102516069,-0.364825172860206,-0.40492403209421,0.3025693366958,-0.205015733207224,-0.135901181702331,-0.156030564276176,-0.222266160107313,0.0256355554388948,-0.354470716561658,0.478438386296703,0.346472015217139,0.389323839558254,-0.126097266408172,-0.316109367188612,0.306233976527018,-0.329495183268785,-0.109323139303075,-0.104553818340305,0.366788527731255,-0.0176000978638006,-0.134402300069003,-0.383233960755689,-0.0127344115594452,0.126136885795782,-0.0459698026563029,0.199026456131298,-0.190447022522258,0.43232207905599,0.178140915979188,0.250265863769066,0.297407972094463,0.0956417238298375,-0.337484279834819,-0.400574071637053,0.0136825174530556,-0.0323708766279027
-0.0175957386947603,-0.0984038348122965,0.0612319078071322,-0.368252931446613,-0.278472935817837,0.172481083498329,0.168596039173198,0.2369760474735,0.15611603840848,0.244612132150382,0,0.603138744024729,0.27917184202243,-0.0838007970863406,-0.177819394737984,-0.0568939575277992,0.202634824462815,0.0273333906680862,0.0896312836727072,-0.0471904256642903,0.0374077612354111,0.263885074309261,-0.152992343131363,0.578900171091744,0.445262381384403,0.583068177254044,-0.0108825695966843,0.000432606366692341,0.123461767984585,-0.235171456262861,0.0275175298238027,-0.130485187770588,-0.317360926406419,0.0611345191473461,0.110804939545571,-0.10524156548962,-0.00467325137458201,0.212205827434684,0.161262026338451,0.258030528156937,0.131945449942854,0.279907827497781,0.439074457493485,-0.200806889506198,-0.0474252633962401,-0.242906143116827,-0.239069785260589,-0.217918425955762,0.0724153026392307,0.0387728784164095,-0.0237398321177538,0.042431369503753,-0.195525156237324,-0.421095857900994,0.164087945731395,0.256730520493038,0.127159759388173,0.109234904502626,0.366801493635968,0.575898421990783,0.566212898712904,0.278495527757764,0.0837578686104557,-0.0405408570397564,-0.0502825815321551,-0.164224751987906,0.0208542126013051,0.156066517944115,0.100833090589742,0.0259212693475708,0.016022176262072,0.268238481943603,-0.109406347329809,0.378306629892537,0.456188910082757,0.650340899432042,0.0273811033770753,-0.102743440128537,0.0378854415129848,-0.322746447555794,0.184299269024826,-0.077964904652438,0.132447233092443,0.0386187672263522,-0.114322734224534,-0.330190337896272,-0.059686443262976,-0.0593490138671149,-0.10600512551716,0.132573089671997,-0.277717957202386,0.292065920615081,0.177472196733077,0.138764521337421,0.447765559361043,-0.11948269105547,-0.200836901346997,-0.258424991263912,-0.0307954430525983,0.0381084970878266
-0.09971110299134,-0.0213541740993411,0.125915883017383,-0.261321732011944,-0.287623929848688,0.166769035620912,0.201947625334225,0.241113983386218,0.185030683171895,0.426759743099169,0.603138744024729,0,0.394110367972152,0.0958891166676985,0.0165981738395603,0.0217577105446451,0.336675466657149,0.0650425301513643,0.234887399916183,0.104780003311253,0.214986849395395,0.300271929671339,0.0457041756242514,0.657116607986595,0.417334601119589,0.607043475095321,0.0901736801828243,0.208630321021364,0.319317663224937,-0.0350462829769057,-0.0521780600061775,-0.205536527362432,-0.349430306995896,-0.00030715739824558,0.219253073417034,-0.0878188545735457,-0.0599639658269516,0.0780039135681816,0.117521521364144,0.313589924696955,-0.0185803315257061,0.28346974000457,0.359528303664875,-0.191453492097379,-0.1118199685124,-0.167558027361671,-0.189989294798562,-0.208149577808666,0.0432825509744257,-0.054646981199841,-0.0565330201833127,0.111579102113207,-0.115742061633855,-0.341450380107311,0.116670070367356,0.265159478000964,0.101465852356131,0.154380909169895,0.446570083201111,0.731033403859522,0.799955445703865,0.392548653093405,0.234752150549554,0.146698002539592,0.113994336149474,0.0318544942372123,0.148062691732161,0.272885770994839,0.183596992119686,0.00667200481494791,0.221056848376306,0.342535883343571,0.0502190214369144,0.521213926808118,0.689928392766563,0.727407693809258,0.227799402495276,0.132545334789188,-0.0123863469170372,-0.24602470001682,0.249860542034424,-0.256267509320628,0.0774796370480837,0.0883390612506406,0.0312769128433261,-0.305256486811683,0.0393384106328226,0.0528901856256592,-0.0591636206550696,0.155531563485891,-0.392284795010214,0.183663640947449,0.191486012305773,0.135318918763684,0.465143854375663,-0.0894525719531858,-0.151600936707615,-0.164355937910266,0.0193617597664782,-0.0699589127918888
-0.289235539686519,0.13647677833092,0.142021061846707,0.189533742438999,-0.163088330534339,0.0181764104849724,0.115868081900807,0.159024739034346,0.0798794827831781,-0.0872715086626919,0.27917184202243,0.394110367972152,0,0.685327938234585,0.529218393946159,0.172922515332849,0.562946346627994,0.338200086827294,0.602022804771659,0.173378118496886,0.571870840573871,0.544891990127193,0.500271407701271,0.300421415165125,-0.0156621863227365,0.350569435673428,0.224106453194092,0.210567567553132,0.55769038043427,0.471403594416887,-0.247847790060638,0.181227232621301,0.0658482946918588,0.106618153741208,0.488160084393755,-0.243619514646029,-0.00508569430489625,-0.0997275469847079,0.18631581422994,0.22092988699068,0.0892467830513149,-0.120752505926947,0.179657794119955,-0.210322358656989,-0.141872121338161,0.06173886333059,0.224650511517411,0.19045565102217,-0.154542373064457,-0.187977856559514,-0.168158613737647,0.284890685505711,0.280367862587179,0.129186847394736,-0.126634226542742,0.123654360041593,0.231628235766282,0.0892634413806325,-0.0467491311623313,0.317529575545631,0.33030347310343,0.848141047359052,0.824301556163059,0.663185613428024,0.586052234856346,0.52518140342651,-0.0688554739399252,0.556463170855489,0.43879767447531,0.243406635245303,0.525969880769472,0.46166654908695,0.475811218167721,0.173634021921589,0.263599659863648,0.173124110865325,0.502584086683476,0.500173629456977,-0.174793820711732,0.216061192916476,0.280843347860533,-0.180356840299062,-0.246659821085844,0.226812908879748,0.18640959850607,0.0993609039107281,0.0906290524364,-0.0468835350480622,-0.143044771557344,-0.147164884029787,0.0480410943790372,-0.173117573830383,0.0517989566868986,-0.156621907556221,0.0539564470465117,-0.286775414753328,0.111850447206222,0.159877125401159,-0.0851526637862233,-0.181547056596503
-0.388323060773232,0.238714805150578,0.0913740978285452,0.510755388954089,-0.0161110503530853,-0.174022757749709,-0.0128367922031655,-0.0843536854780315,-0.125063131355282,-0.402188430863727,-0.0838007970863406,0.0958891166676985,0.685327938234585,0,0.862795678675204,0.195901169463829,0.435972003814428,0.304094647736908,0.621229293253144,0.276581515705628,0.769588930762981,0.356151372552725,0.766510758855375,0.0763318836646035,-0.365382791694278,0.114470639061874,0.463486924389574,0.411150969251077,0.562617095022967,0.794289042326123,-0.389433249955003,0.310625674987178,0.289247463134891,0.0648138899731927,0.430049972698044,-0.136251743916437,0.043157670316314,-0.400691414458211,0.0802391236194768,-0.0687980778462416,0.0485052129191023,-0.273073240398685,-0.0628969070505189,-0.0319011665664792,-0.0350911056886423,0.432291157925612,0.513172977372213,0.493875136607585,-0.245424224260817,-0.157987537589519,-0.245838880981057,0.240530553992629,0.409678309227303,0.443507276105575,-0.319495241471078,-0.0491426632082624,0.0889410875220239,-0.0728178918571984,-0.39041286856936,0.0841367753648466,-0.00574828777201161,0.625900366227082,0.76096773786054,0.865544290292793,0.84189281722628,0.859568407162886,-0.131127049563069,0.506475513375458,0.472224604512655,0.258766750852681,0.719711996472336,0.23288673061368,0.717114727411185,-0.110797437658832,0.0902550943267166,-0.167159705724441,0.621612183505047,0.814091504064047,-0.341880129848521,0.456536585469642,0.360858024044931,-0.09607217533649,-0.36410456847985,0.170966626168617,0.431752216110879,0.367626772573779,0.183063732904397,0.110281425128073,-0.0631792488972357,-0.169373929105371,0.206083898355953,-0.460355022927324,-0.0830558436906949,-0.21470044816123,-0.198330173416052,-0.171097831494704,0.458823382481081,0.533695435035139,-0.116028536784498,-0.160209420894846
-0.39563879012605,0.210619559035827,0.0147962627420179,0.542010589691867,0.05279614151465,-0.224927050342293,-0.100215144260668,-0.258492603276227,-0.195304614915102,-0.400138570490253,-0.177819394737984,0.0165981738395603,0.529218393946159,0.862795678675204,0,0.115705271807033,0.304627269601446,0.231327054451765,0.550100550632601,0.334140386409431,0.768584707187903,0.177185896471174,0.749270819491571,-0.0150112091347978,-0.436063700734682,0.0214812342465703,0.474540225390602,0.499653582113718,0.568856573327082,0.827030040053305,-0.417676983664137,0.242503497699132,0.281347086586486,0.0047077676243449,0.329858579625592,-0.00225294059592566,0.110088419570134,-0.500791093754733,-0.0160891276829836,-0.203226161640967,-0.0185667391713228,-0.286222696399751,-0.194607695615529,0.0426265325804546,-0.0516015475827687,0.493523948807737,0.490675289499679,0.518430858048229,-0.197476243590248,-0.119478735558505,-0.290614797254214,0.111189518500254,0.36221083641942,0.50386491235896,-0.332866732430266,-0.130180073483166,-0.0808340091604979,-0.167105311466424,-0.407950450478422,0.0507156584192474,-0.0940670867417709,0.48851946998157,0.677371816329244,0.828734995327893,0.842317571900225,0.925243059630741,-0.10606313205943,0.39855621947093,0.424470783426668,0.231315288070217,0.753195936516848,0.0870325475892846,0.699619946276584,-0.199232515480012,0.0306088797273559,-0.238612913825621,0.66875658196807,0.837659221323597,-0.37428191544229,0.457064258459468,0.368881513265171,-0.0315746155798605,-0.318922876662264,0.0982815109340876,0.466105655386858,0.402442498521008,0.301881801160933,0.248870604722875,0.0627859805481869,-0.127603309336952,0.202559287591105,-0.510543866909557,-0.131661600094811,-0.204453918035269,-0.273818837472733,-0.0633689603343786,0.519902622737712,0.642767256335649,-0.0265596730772016,-0.0893930485387118
-0.0445832431442908,0.244923973358877,0.0262486306161214,0.275494248187495,0.00401994919373792,-0.0241969775999472,0.312059517416242,0.307336337306957,0.106108221595395,-0.0172599500581553,-0.0568939575277992,0.0217577105446451,0.172922515332849,0.195901169463829,0.115705271807033,0,0.287164252760819,0.347569940340099,0.151901026620765,-0.0745640242456153,0.115202589395163,0.370815398904085,0.22326202120122,-0.051059887055309,0.115650397556197,-0.00243324065076157,-0.0305503356678838,0.0739590151068572,-0.0406058611250016,0.144441564607799,0.0918222017501259,0.358238951382447,0.386288179217742,0.213337451574731,0.352282010490486,-0.234192110426841,-0.352318381996677,0.0420354180611303,0.136557327249139,0.235377826260156,-0.224375533558614,-0.21079345833982,0.0284792370240583,-0.415266173986946,-0.172083412068859,-0.209079217098585,0.0118186004266633,0.14814627469901,-0.244560177289188,-0.460289482067854,0.25794438376413,0.414441371238162,0.6390024005415,0.17781774117422,-0.0414485417691871,0.0295716348730451,0.481548632591033,0.146118802962638,0.166361361657135,-0.165080853202412,0.0544154467567054,0.159694628111286,0.192295216368282,0.213553685222132,0.195631115911777,0.125059281665192,0.204981374621386,0.251948950596178,0.160581539208648,0.17943452032571,0.117558800359517,0.266512461854933,0.210733308716055,0.170643299575532,0.130791255911578,-0.0376737870724203,-0.00651940821910958,0.180822734834356,0.148211083536101,0.291901465687337,-0.228789086909491,-0.310359484120621,-0.261475078833909,0.0536537093753241,-0.0505880577892139,-0.00220533689721532,-0.233503309071698,-0.158216004879907,-0.282740680324034,-0.390559877828742,0.145718002380687,0.0389642416931868,0.0141976953402825,-0.303603469496486,-0.20073917005788,-0.415249269656575,-0.232018237317157,-0.0973088881466311,-0.261240992286321,-0.454449934595444
-0.195972031185861,-0.0298719334191563,-0.00293929876476644,0.066260653908259,-0.289583661016931,-0.0899932073135005,0.0237414577832079,0.133066077061046,-0.0503891962299773,-0.0957122586097199,0.202634824462815,0.336675466657149,0.562946346627994,0.435972003814428,0.304627269601446,0.287164252760819,0,0.610294842279874,0.764092252295541,0.232673526224377,0.474995642942896,0.581417594203471,0.417386055746544,0.293858015785299,-0.0360899450204134,0.400708683563134,0.181440552322679,0.153445705150628,0.462175225956665,0.323077401645628,-0.242674434922132,-0.0325177532002747,0.0249980887488523,0.488092808906401,0.593039171894049,-0.271933593102081,0.0443987646691655,-0.347964228692724,-0.190938867463573,-0.0148374838152029,-0.0487609052086883,-0.254446254830543,0.20779437752091,-0.403385431934822,-0.139002691832973,-0.123207880767482,0.0650638194795033,0.349676249519746,-0.311874298274985,-0.337816527081789,-0.29532558973625,0.22816036896529,0.31151951135947,0.0160905351371058,-0.202422532458942,-0.0563138475690732,0.222440147407255,-0.00119841974249616,-0.128102439921824,0.246935660558039,0.278476041055347,0.49920822139567,0.449475336652915,0.461359645484157,0.474299501442276,0.30298966371495,-0.192836259290791,0.810143903404853,0.709287102072081,0.555594580151952,0.409114853276925,0.568889132647516,0.417022175910388,-0.0291586611922671,0.310331656980984,0.203462561654034,0.369785075037465,0.266392661881653,-0.229175359793454,-0.0587586343531526,0.383235315280396,-0.0651531109454763,-0.0446557472099353,0.527503385491986,0.178899588803541,0.1069972094171,0.0139143271847507,0.0267270762529864,-0.16121123599515,-0.337737495570033,-0.137412529468492,-0.348349728475122,-0.321029178757254,-0.370859196791088,0.0387326573621305,-0.475581666339309,-0.0591458592846199,0.120499423684812,-0.248360995888478,-0.352131477033733
-0.0349136511488493,-0.121464127475263,-0.0976368834432686,0.126527783818766,-0.274264537911732,-0.122544155025337,0.148461407663832,0.188247008974236,-0.00655425916825839,-0.126125922513977,0.0273333906680862,0.0650425301513643,0.338200086827294,0.304094647736908,0.231327054451765,0.347569940340099,0.610294842279874,0,0.621346461614689,0.42957677618507,0.379136819042446,0.513917689500266,0.521242269715007,0.0645535902550725,-0.179595848787178,0.253777455330579,0.177543582653504,0.0681163471426975,0.375633650756193,0.324741081276671,-0.221599212731242,-0.0749049414082207,0.125958711721161,0.642662728156444,0.511319248785355,-0.0447575384813353,-0.0376881245276793,-0.387228828521213,-0.282679681149317,-0.0399054184646721,0.000601086423967726,-0.312154302159836,0.155531461920289,-0.50370909975582,-0.209729671252256,-0.200673723183087,0.213349172436754,0.522823295551664,-0.19574261883763,-0.332653176681788,-0.102975904598779,0.187033846445256,0.37218791524197,0.0723477808977308,-0.245174725636745,-0.0586653564043381,0.358418177385297,0.0554042786369048,-0.157114197442889,0.0451341960863989,-0.00111946670868851,0.295358970453041,0.342713074296385,0.297253244388768,0.378907527081315,0.245288026573093,-0.0233026949990095,0.591828410713076,0.683955651921358,0.756099045798727,0.429744862426435,0.486742110384414,0.532664600404913,-0.118894116470716,0.101635853675574,-0.0102222643603411,0.315447885501149,0.257155696124492,-0.183572136949426,-0.0251164000146417,0.184993940242638,0.0656479093447513,-0.0742154323169694,0.407432548457922,0.173999927939711,0.290288064599058,-0.0511421478056154,-0.0792257374856731,0.070995704778441,-0.348505293533116,-0.0897118143886138,-0.352117476336323,-0.401600028152874,-0.427881788395163,-0.112133916432997,-0.516309523621707,-0.114128070214361,0.211201062725215,-0.118725288468882,-0.344121489055824
-0.283487911205706,-0.0181082298082527,-0.0360786301049732,0.211959365511715,-0.229216190456681,-0.159398155444517,-0.0016022720051372,-0.0389156034463357,-0.138323857860108,-0.254814399552309,0.0896312836727072,0.234887399916183,0.602022804771659,0.621229293253144,0.550100550632601,0.151901026620765,0.764092252295541,0.621346461614689,0,0.446303043687829,0.657142125114768,0.497058236795459,0.617378834366242,0.272376115307954,-0.233337669482585,0.341291460903158,0.327048960702229,0.254457427838942,0.637473460563501,0.563778057381458,-0.383661159627746,0.0329196556596621,0.0380798605717761,0.379764899846297,0.538572122393421,-0.160108865710872,0.0774381918622171,-0.499891115893569,-0.22611674217523,-0.129041371124794,-0.0167326041678364,-0.325611321851299,0.0687041026197848,-0.288211666293224,-0.153944508641443,0.0515411092785932,0.242351787287462,0.444526371370004,-0.296613964170581,-0.255240276312122,-0.324966709559794,0.14618544319838,0.304873294034247,0.161393480490246,-0.330389843627138,-0.0970379514752399,0.0918329664351823,-0.0826935994319949,-0.316958688008075,0.203479058217199,0.127515723920759,0.531911540026985,0.564995961739367,0.6243526190929,0.641418548506167,0.549537361135984,-0.154768979543888,0.752505539401929,0.744749877936585,0.563001563546634,0.653757142857808,0.47934207830181,0.62590560583358,-0.122289827418011,0.252821550402448,0.0815984513504839,0.610829998347165,0.494920201824678,-0.344419782401693,0.085405551641646,0.475233976157023,-0.0416620131236805,-0.188941748746245,0.404340702820704,0.317501527027322,0.292537032155782,0.123149509175689,0.0452953947769535,0.00524401158048776,-0.232581716104782,-0.0740707037461718,-0.472456075176292,-0.315709334258189,-0.392939258555788,-0.0544356251304459,-0.389170079854994,0.128851291727211,0.361743000183792,-0.147562318477651,-0.25630963482398
-0.0968879553972983,-0.222566507109037,-0.292596968123929,0.0599688591152054,-0.128422759354232,-0.252087489098638,0.195092620866415,-0.21726475387369,-0.210546633339676,-0.169151246926042,-0.0471904256642903,0.104780003311253,0.173378118496886,0.276581515705628,0.334140386409431,-0.0745640242456153,0.232673526224377,0.42957677618507,0.446303043687829,0,0.354607288303016,0.104966182303279,0.45577233718866,0.0811917024221143,-0.295553643078014,0.131853663659024,0.491522347706332,0.295083673079119,0.5146608453484,0.329204715858557,-0.326796063779879,-0.295131426520151,-0.0926113450894619,0.118829460095536,0.255130755441921,0.284026702342931,0.0947677356587307,-0.374204207504711,-0.121552975731857,-0.12841848776726,0.114528856552039,-0.248748509091172,-0.0572677770302161,0.00382591426514495,0.0356845561648955,0.189369655774404,0.282638820170653,0.326968265858057,0.155123676099162,0.177303073213292,-0.202032084273383,-0.127645992030605,0.0619741525772222,0.0696719657407871,-0.368832102760521,-0.203743139355676,-0.11547956262727,-0.185834544563525,-0.295057338664537,0.0280548810419207,-0.00855262799360615,0.100292392572656,0.218307164945911,0.264631499072953,0.340614820958543,0.320150648944992,0.231207837297155,0.230963557318736,0.352263574111447,0.398098804333907,0.586282527046898,0.112812686367257,0.43769519855989,-0.100233142963916,0.015403694635436,-0.101975567636863,0.477957022606629,0.322725850540745,-0.310029267591637,-0.109708611691116,0.23709234803153,0.208625500286692,-0.0584709529946735,0.0977969396403577,0.41161425701388,0.36519296107518,0.219941479762546,0.108420134441814,0.555054504844905,0.152556838643352,-0.0792772343842204,-0.308040497887357,-0.0389632123508336,-0.225529492813899,-0.0708276965506979,0.052614631534259,0.307718140789877,0.525367631033038,0.344382689159318,0.168310597508011
-0.319455936077763,0.0912603004443032,0.0294758704841523,0.322787902600969,-0.1658937007574,-0.158511961744168,-0.0158236381313177,-0.0246537375461589,-0.0900562387178474,-0.247192846811999,0.0374077612354111,0.214986849395395,0.571870840573871,0.769588930762981,0.768584707187903,0.115202589395163,0.474995642942896,0.379136819042446,0.657142125114768,0.354607288303016,0,0.30249917020315,0.679960131267153,0.213329016504163,-0.279914375826779,0.183711072243051,0.389767901899344,0.396179481108928,0.645167684864811,0.685160370257202,-0.347392872335558,0.118295311013132,0.118842406299325,0.108391557147681,0.337991669582539,-0.124210416956224,0.0320462658222555,-0.427647523758543,-0.0580734104218094,-0.140414206891459,-0.0104227623100367,-0.228835599443339,-0.0238328782693021,-0.158373237318399,-0.194892010206602,0.279133104426278,0.336895582692299,0.363524414783521,-0.268984974295242,-0.177051486153087,-0.188782322958463,0.19177583453422,0.316621869291065,0.24158937807063,-0.289804057840074,-0.0289192336679306,0.0968344476183904,-0.0421216638723403,-0.245452447238903,0.221226621913217,0.114390384156926,0.51652357041191,0.631225260706229,0.721590214655662,0.809591594693086,0.765163213764475,-0.124637993391094,0.513648034886778,0.579735021324391,0.363789678926392,0.823114819066671,0.25280041585621,0.678468710538976,-0.100973083813417,0.247815693384709,-0.00844247668027016,0.662493987111329,0.735606853596747,-0.291574180615883,0.280998619093792,0.442643972459733,-0.104931157929258,-0.280666817354789,0.19285416363101,0.370248761031051,0.322969680662797,0.199505551908373,0.138303339684455,-0.0382248269515837,-0.114189960804447,0.0417667535680276,-0.410735850231761,-0.152146726385585,-0.200347505276733,-0.0626858829427284,-0.238282849278729,0.304907991683917,0.429689704802992,-0.151631791808273,-0.161091002281091
