0,0.140215224165743,0.473060171629589,-0.288015545806144,-0.00772141534206801,0.480077144147886,0.365773440899085,0.359862633949949,0.341120649551974,0.286541828199602,-0.076999270119546,-0.149125816051224,-0.401127752260728,-0.301901729122037,-0.327867763036157,0.531380367847185,-0.279742880459898,-0.222306070633926,-0.209516494959901,-0.361937298663899,-0.323049163072531,-0.338925478510792,-0.34952787492202,-0.129686517148814,0.27728270942687,-0.350084186155708,-0.0903861220303597,-0.446433402955914,-0.1880390779224,-0.362093985079728,0.409624430194212,0.0734460123102842,0.248518949407786,-0.277646089551735,-0.42244970576898,0.0190235297009552,-0.298225620738805,0.299695372964051,0.0973344700068965,-0.0378974938563304,-0.189895579400031,-0.0978915775845495,-0.255596141864873,-0.246679954167852,-0.319133698797355,-0.250305201127835,-0.318390166118075,-0.397352553069011,0.258202564209317,-0.0707078699828664,0.690801231192112,0.450222971266193,0.0502380255621322,-0.273167035333675,0.510104147963592,0.672493574773191,0.319976075300924,0.342447389224734,0.199433436193118,-0.132878001734109,0.0588222687185098,-0.326364777647696,-0.270769438712703,-0.332450542154237,-0.268849313673673,-0.307918517479583,0.23215378209522,-0.303845030521352,-0.25983110060467,-0.0881751692176906,-0.328992194209072,-0.345832341303871,-0.316949342798649,0.407817547914348,0.07768905866617,0.114432975117966,-0.290406064548289,-0.309878617035742,0.231504335983169,0.0925725408189435,-0.199656436341375,-0.0336023064369478,-0.331788377750003,-0.444585501864754,-0.168088582799278,-0.372108887965668,-0.220831841485375,-0.339652439282465,-0.0369283529722376,0.132631669545375,0.216337633678304,0.359575278969752,0.246768134531173,0.330666739832885,-0.135151999339136,-0.194856611688712,-0.315542947388278,-0.320831559436969,0.346360712512346,-0.0202799387606697
0.140215224165743,0,0.36029385327855,0.219872524185209,0.392090573781112,0.256218047919597,-0.0443498432851414,0.070417634463415,0.0607955735816131,-0.0485179607124046,-0.204492031378711,-0.0367037784982272,-0.2349053604917,-0.199629294661954,-0.0871327099647779,0.365079484886067,-0.2588154921405,-0.204332024062502,-0.187041767942065,-0.220166391747052,-0.0914140307313565,-0.325866731466962,-0.135046543165905,-0.163544257705876,-0.0529351759209241,-0.0650925003576571,0.29861212549131,-0.22074990784736,-0.124499053065482,-0.0951200991131546,0.0507381166570952,0.387754524912782,0.324872570763687,-0.283870915857417,-0.159117786098519,-0.11726042977042,-0.305180286207306,0.103602771578538,-0.00390764312330958,-0.184367990311606,-0.228907117498098,-0.227764482614228,-0.22971024288387,-0.0840870832150708,0.0680447228622875,0.0189227662651111,-0.224310491299499,-0.22682060437792,-0.145465362429381,-0.234950737728691,0.301263627297492,0.556527408554712,0.383003585306805,0.255371971488839,0.235654953163322,0.138704295000069,0.223746008035678,0.0456453388398164,-0.0114826243714206,-0.133435265647626,-0.142494456213034,-0.192498857405041,-0.240311270038316,-0.194874461222345,-0.114068641408464,-0.0936273836483236,0.0553279763999858,-0.1622006888515,-0.268467316052173,-0.23930882315943,-0.152128824213295,-0.327018795257234,-0.208341060548776,-0.057944026853468,-0.065902685399808,-0.106809345955753,-0.160694602017748,-0.123893663289715,-0.0108496990304456,0.443101865698059,-0.219725246456868,-0.22152032276663,0.0110758367956586,-0.261991599089381,0.15404616555833,-0.252612916458506,-0.21211871940243,-0.290335243171221,-0.236742358669937,-0.197522199441168,0.334638668410645,0.163658708819435,0.0491573483933299,-0.0902246463879712,-0.172504665436715,-0.157574452720426,-0.0728585575451458,-0.254437439952719,-0.132162939039684,-0.227822175634681
0.473060171629589,0.36029385327855,0,-0.451934802785399,-0.169780546852057,0.664045235208099,0.450030237359998,0.458070542613247,0.360549625266686,0.279387958226305,0.00770971247649351,-0.028088474897432,-0.281861384484883,-0.440364626703111,-0.464990063064283,0.48153450254564,-0.167072446238073,-0.0600617930991735,-0.272273943173849,-0.230338757620305,-0.286189648946883,-0.138784859831848,-0.465637867825624,-0.0156629264622784,0.353009544650295,-0.166671047164309,-0.174373464331122,-0.251690832412007,-0.245796036385338,-0.399752878594048,0.382758289164232,-0.0409801160232558,0.0839467825652997,-0.131034239582237,-0.30647458330997,-0.0239853753154651,-0.0545927777907982,0.310281178611767,0.0888425394762008,0.20101424827896,-0.00548114080106129,0.0339810151127513,-0.00746211234696001,-0.213628498148372,-0.456961766165102,-0.447001273355451,-0.43499918247308,-0.507760442680632,0.314930328245658,-0.0108404198238034,0.618232240269508,0.579869856228381,-0.159147243732676,-0.441926979917095,0.607981224642705,0.748322688130209,0.345754045948566,0.409439396637508,0.252102900239691,-0.06794300129415,-0.022800458001816,-0.207431732208118,-0.251897967550984,-0.354353721455268,-0.249470824807905,-0.422721987441063,0.133241127994026,-0.0446561736931498,-0.156583064585116,0.0568294899127291,-0.250322345461334,-0.230490151601162,-0.452562579107512,0.385699923889139,0.213106791821389,0.158271558682995,-0.0742359144511041,-0.398454851244154,0.220164594243041,-0.0444916288985058,0.0215672578487846,-0.0690988327522111,-0.468930192873259,-0.364632679090124,-0.306207967662998,-0.499031001607634,-0.196053271811457,-0.227007686593614,-0.0240040874494774,0.0298610852752574,0.128009766129671,0.539235272241665,0.171289411348082,0.303050924774186,-0.113998341806177,-0.338536930860588,-0.523678124498821,-0.471281452906375,0.341425256916401,0.0470526782575151
-0.288015545806144,0.219872524185209,-0.451934802785399,0,0.641656731796406,-0.344143786454994,-0.507169104719537,-0.406418282993916,-0.272694609324527,-0.445815041235118,-0.257216740051287,-0.0154215524802018,0.0884196343316557,0.309427494323618,0.466016297037793,-0.194283755864017,-0.0641029736757397,-0.138601992891021,0.12778905121951,0.0185592913798475,0.198212157178743,-0.21531793384181,0.398244770015596,-0.267302702064021,-0.505994103187879,0.0974581923962796,0.424370519804773,0.0401159560076285,0.132882260201694,0.374571535268368,-0.35592716094957,0.490031703201449,0.328469837448762,-0.176798253057102,0.212118594379367,-0.224837533890404,-0.207858421453765,-0.189347413214309,-0.160824289170706,-0.478006750970242,-0.342541630884587,-0.304023572471442,-0.246514402850654,0.192918878963795,0.701640819515954,0.549698799496767,0.291211546265826,0.302020154383678,-0.415664633061279,-0.358454914219979,-0.406893367526369,-0.18989219946578,0.679763211469369,0.923083026731254,-0.484228354391249,-0.481327741964671,0.149928801706747,-0.359640215867068,-0.394291696042586,-0.134038845220976,-0.156721639579894,0.0561402752851381,0.0508625853726279,0.316909982651881,0.230988515799998,0.380951287995536,0.0242157342755166,-0.119670537012313,-0.140938951541244,-0.337677399156064,0.06227384158625,-0.0605914066785999,0.335480018366204,-0.486486032240395,-0.411463232766823,-0.416888068599616,-0.0492576764458733,0.278987906690458,-0.314770262604291,0.458782237843769,-0.253271564835353,-0.197012319260818,0.596617535146999,0.308315770804882,0.529394731951366,0.353364508538103,-0.0977289808261389,-0.0964489394842978,-0.31400851237975,-0.417697199804668,0.268616564331957,-0.442028941488091,-0.158728699099982,-0.534057121290074,-0.172073092579947,0.292190771998967,0.537307710739838,0.276990264762804,-0.506438341762179,-0.40088289831155
-0.00772141534206801,0.392090573781112,-0.169780546852057,0.641656731796406,0,0.0819537354156043,-0.291072547270153,-0.182557287976905,0.0174424635902494,-0.235571132596918,-0.350825059096752,-0.198272822016016,-0.185537281467675,0.0221138870604101,0.0853974530122049,0.216252534606705,-0.277666524449777,-0.363306839991143,-0.0523343633851865,-0.297484769303274,-0.151908980203197,-0.475281494445405,-0.0198429878612653,-0.371059599029474,-0.273940964765723,-0.213360861761983,0.344112594772925,-0.336112185727123,-0.113054242440204,-0.0575441490574565,-0.0486662424981486,0.603043458218741,0.571308917165934,-0.350090973362975,-0.105009197890141,-0.17907219070733,-0.273650355059228,0.162032685975223,0.0827701473767763,-0.403310977568518,-0.402977647700127,-0.366468893493185,-0.326358275510109,0.0322903488406696,0.448629111285962,0.341729132140123,-0.0427108396912378,-0.0558490180095818,-0.269710448516668,-0.281831787263801,0.0432547515160795,0.22196069811011,0.666812405024941,0.704507627871011,0.0604899808707989,-0.166236368353566,0.211005632599956,-0.179953205695119,-0.276355396100391,-0.314570195485467,-0.283064502658456,-0.162597066434772,-0.215497606055765,-0.128080860523543,-0.13898068552858,0.00264265305426751,0.0415161231594647,-0.401860162763947,-0.369488107352928,-0.463048949712661,-0.279756095504801,-0.344232031295301,-0.0778026733465284,-0.21293642427153,-0.480770303621661,-0.41936355360157,-0.28124197366495,-0.133955633513557,-0.00108496033646738,0.559292447805994,-0.494233116008177,-0.243023624674492,0.37515041838295,-0.0612731085250354,0.365344388080298,0.00447867642981879,-0.164514542256247,-0.31339913414161,-0.345783469359614,-0.382378298684888,0.55812862173791,-0.0815545351942197,0.156944794888181,-0.175931625885525,-0.176956280093319,0.109073610762318,0.277594240019295,-0.0532024009693337,-0.260512058481736,-0.331253426766846
0.480077144147886,0.256218047919597,0.664045235208099,-0.344143786454994,0.0819537354156043,0,0.471022503843415,0.570629037144251,0.572463102821305,0.339509213711225,-0.0162579931552491,-0.186869734282171,-0.27251937979357,-0.326835099726922,-0.418172056600586,0.476906674153548,-0.182594810533511,-0.143212304882517,-0.195495206960837,-0.309570418730682,-0.347897770414633,-0.246200239477703,-0.460714795979999,-0.112873394001302,0.352840750293887,-0.309156791939826,-0.220656304345393,-0.297528490931817,-0.274788753924746,-0.425237210369405,0.409027549224433,0.125754664922911,0.201467035740504,-0.202221806810512,-0.397400003907196,0.129482528074922,-0.0642636980003791,0.527236684133486,0.280842890287029,0.242485080417051,-0.116004378721966,-0.0384396414044723,-0.043291078351253,-0.17147310663517,-0.382836131316562,-0.338429720702476,-0.379250896505927,-0.444333844286866,0.456690116111325,0.0804936089160706,0.569158758942561,0.480993729708699,-0.075450796111158,-0.297974507527499,0.760889092303719,0.79468913119727,0.383924696559317,0.506915153150801,0.301627820540057,-0.114011137769545,-0.125229563257745,-0.20251444099052,-0.205698964684634,-0.356210220854238,-0.311477288654776,-0.379484737208298,0.230524384130221,-0.20792866176814,-0.307725438784616,-0.0679590463170217,-0.333589628927677,-0.285635876682473,-0.428510237361585,0.46058913996977,-0.00205953708218871,0.111264850677257,-0.217510518278753,-0.398324262297566,0.349448174859654,0.0779046879236822,-0.226616810545893,-0.0849197762403637,-0.340687657658243,-0.446971239846753,-0.249723505352636,-0.401223890241053,-0.112957094539477,-0.201256204217717,0.0306939005646326,0.0769458409565722,0.262623142201288,0.609261260774611,0.433393748635841,0.441003056277582,-0.0406574382932149,-0.239927327219574,-0.390126567359709,-0.394444117600664,0.497164617486392,0.115414454441728
0.365773440899085,-0.0443498432851414,0.450030237359998,-0.507169104719537,-0.291072547270153,0.471022503843415,0,0.743634481637097,0.585942393392506,0.469629544068532,0.182143368898332,-0.0108988487988554,-0.164470647073594,-0.295215141397283,-0.370956500232266,0.40065153224655,-0.0339638740362024,0.187757972307334,-0.185179735224013,0.0436032481552412,-0.167888944284442,0.107011315705877,-0.311824025477217,0.236254397530602,0.650644372803258,-0.039693365727536,-0.245899136674211,-0.132176100457781,-0.0453505187796178,-0.291113547704912,0.462252953663468,-0.249810855672247,-0.159696919585156,0.0638961294264943,-0.179301224041593,0.288693994417197,0.0909787167150976,0.358800366654108,0.384458228755973,0.569380307323096,0.264359447324094,0.243572205368247,0.173465153957581,-0.0410058653576753,-0.467868737679857,-0.404311757376946,-0.25299036124546,-0.303168132563152,0.490197800627711,0.238976527526881,0.405876019235255,0.231850862826797,-0.30072592831833,-0.50530697858671,0.54869106440199,0.562055881453678,0.414419640566938,0.628840009928323,0.581394899198539,0.0538743060071316,0.0288029093752836,-0.177012905627687,-0.0993810812710282,-0.245099216482055,-0.19827950012445,-0.330137380217473,0.545391583090173,0.0208932942518236,0.0531236452425958,0.338391565276004,-0.0185276751516546,-0.0737548899015237,-0.26422485062927,0.550755855447156,0.395800688795752,0.417108775191857,0.070770031749702,-0.263981153915826,0.401645011819352,-0.238429673534154,0.253821054076675,0.0828103964152128,-0.432225682280125,-0.314476075300784,-0.342910600381807,-0.377256284890556,0.0272035603913876,-0.124448267118153,0.268791799704258,0.362999676632766,-0.123117199378236,0.523471343236178,0.268449382387683,0.536131494564727,0.0174623740036213,-0.120924493884089,-0.497048551373919,-0.302743574819755,0.596173957737437,0.233658128685945
0.359862633949949,0.070417634463415,0.458070542613247,-0.406418282993916,-0.182557287976905,0.570629037144251,0.743634481637097,0,0.777663862002815,0.60247876701669,0.245976132095435,-0.0235807312695223,-0.100055369681623,-0.2012836836326,-0.303028697210537,0.328201716001905,0.0404563830158776,0.242947302513742,-0.0896351332030167,-0.044113720725753,-0.180597993215463,0.0237073929359711,-0.283450113015319,0.103193554598859,0.541117176144348,-0.146789888548913,-0.287784610799587,-0.116242407202619,-0.110735817932923,-0.292110071688736,0.396144477407475,-0.182286630224483,-0.0971124079796328,0.07203464941648,-0.230480632995033,0.409931386861946,0.117464619986916,0.459371626787293,0.354718662816635,0.506918619014106,0.136024215445888,0.234613348084417,0.179516772187788,-0.0223004826205526,-0.399774490168126,-0.344224673947799,-0.262764666728929,-0.290265597719139,0.553669727876266,0.27342783075423,0.411343508058933,0.255442833044463,-0.198884999889386,-0.383424750463578,0.64405289442138,0.587853980491865,0.543892648822895,0.831979737556748,0.647349368099762,0.173308885312729,0.0971069881105554,-0.0897500404557152,-0.0771376846457227,-0.21276428246548,-0.213125009061023,-0.260632830209932,0.493713878002961,-0.0218719041986781,-0.0437282224867885,0.352593089611778,-0.110469196371999,-0.0476282520982655,-0.222311670428337,0.642279318873015,0.282357368211862,0.375801651699724,-0.072351012750766,-0.260147123129469,0.294040937079001,-0.194025206992927,0.0124931389149385,0.185901600165099,-0.337800342567842,-0.309437023674033,-0.320505747772412,-0.307349132617267,0.0462467064715662,-0.0737726270187045,0.318384530741863,0.443765167586583,-0.0251288728669882,0.581432095288294,0.361579881680765,0.577168596144229,0.170265154214897,-0.100949991926912,-0.383651842278488,-0.261427839431986,0.628976814980063,0.325821213145719
0.341120649551974,0.0607955735816131,0.360549625266686,-0.272694609324527,0.0174424635902494,0.572463102821305,0.585942393392506,0.777663862002815,0,0.527948975526682,0.12221050961347,-0.195810742165901,-0.149563793748614,-0.212485254102673,-0.324451995924036,0.297785962867685,-0.00764175865857001,0.139981150936026,-0.147834829499384,-0.132438232744031,-0.24177957133249,-0.153136870202523,-0.309195764156852,-0.108822708743568,0.380467869344716,-0.339921201334273,-0.365122076316757,-0.270560537084208,-0.292028530840247,-0.391322614545768,0.440299040061888,-0.110853772774416,-0.0101338803241057,0.043884445591511,-0.280575434057035,0.44340843848733,0.105890251329247,0.479010396467208,0.454194508832948,0.328911505205576,0.0597814213221492,0.0926410938875081,0.0966297109888493,0.0459806136732196,-0.236823040298915,-0.286451574633384,-0.213206401709024,-0.224397419156795,0.48931781906066,0.28605570638965,0.376465361726415,0.266535339943431,-0.0602030167158566,-0.236084204249368,0.623388863848564,0.529218527280161,0.556430863735211,0.801417299420752,0.493065357014748,0.050316810161744,0.0291578098290555,-0.119429601522531,-0.123864037182944,-0.249031953327329,-0.263128212773882,-0.292139679643231,0.464634414025517,-0.148814400320835,-0.0398906077129763,0.298842817543606,-0.25869155668543,-0.147871112241024,-0.247607533825105,0.600413265767399,0.0333948091447667,0.121173746918068,-0.254864691904926,-0.402142137846988,0.377844091950873,-0.151417901155715,-0.164669438804376,0.325757151017323,-0.170491641507894,-0.319959764545109,-0.363077622649509,-0.234280468523278,0.0533852254493896,-0.134518034058088,0.341912139774255,0.451419884756908,0.120490026620413,0.493004194736989,0.492440276569809,0.525799315640131,0.082815503942359,0.0443166769866358,-0.249800608458125,-0.18118641270087,0.583183036856381,0.331682863473161
0.286541828199602,-0.0485179607124046,0.279387958226305,-0.445815041235118,-0.235571132596918,0.339509213711225,0.469629544068532,0.60247876701669,0.527948975526682,0,0.456065406421663,0.0800626840458335,-0.0751097828036556,-0.291853257226082,-0.382813903339343,0.285884033879074,0.0214946155375176,0.139964290766812,-0.153339137640991,-0.138721585702463,-0.28734064826352,0.0510176449331282,-0.365762792690344,0.20079449087635,0.629630405193543,-0.095035121112208,-0.334311966623887,-0.122125628275621,-0.262431339611929,-0.33311390399898,0.383770059040167,-0.101983163174155,-0.0454450133770689,0.0475081664929331,-0.287226136439625,0.234225240882475,-0.00455021043630117,0.321143283371098,0.230576255667317,0.394242122998994,0.080691716374052,0.172720077953221,0.121107061280273,-0.0627698883046906,-0.421933283052387,-0.457094680262185,-0.398318900356825,-0.345220417816085,0.253917154112128,0.187689937215894,0.411124694356484,0.255346138539004,-0.18375573299028,-0.402140725303567,0.508166572297619,0.345395794890095,0.284759820581923,0.572344086394707,0.7101556107323,0.36046211003884,0.366396339159983,-0.0686550049149485,-0.163619164668265,-0.299585048716681,-0.339559468784093,-0.350527414854528,0.257862000668283,-0.0226896572693093,-0.0232328243697514,0.271802211756669,-0.220027886388278,-0.0290428925138973,-0.316985524567112,0.517210718773553,0.375037181752677,0.499553192866423,-0.182207504149334,-0.287417911456679,0.304888519486491,-0.128817644273936,-0.0526233233104516,0.119192344601437,-0.372361156279908,-0.332784735176398,-0.465261647744361,-0.367163367158352,-0.0381803404978442,-0.0575156052528648,0.245581245254018,0.376471306945798,0.0223802543253046,0.501341714864449,0.221828834817222,0.495035573440294,0.177053167155732,-0.142094714761043,-0.436343765438985,-0.303227005943772,0.373548122699758,0.311722812205685
-0.076999270119546,-0.204492031378711,0.00770971247649351,-0.257216740051287,-0.350825059096752,-0.0162579931552491,0.182143368898332,0.245976132095435,0.12221050961347,0.456065406421663,0,0.679495320297313,0.439376835856347,0.199190405745796,0.123071708374456,-0.252167441367275,0.456940155385062,0.506429548764289,0.272571349116866,0.318837006574474,0.201737539707943,0.493972351032354,0.146876795088342,0.666143703480835,0.347023701657678,0.555217904236188,-0.381028905381371,0.383682315665685,0.255011222214974,0.176898300409618,-0.134187126210647,-0.339519408350705,-0.466097629041298,0.488576756405845,0.118413918174897,0.378462384176904,0.423676299672456,-0.0437438975582297,0.0366190363119985,0.46564063218239,0.473147778447664,0.507779162993961,0.372877650773888,0.202524487633443,-0.150085713258815,-0.245065389656147,0.0956816127769939,0.121817843045668,0.304552056568686,0.511504417353222,-0.111029315900995,-0.250531943464013,-0.362201654107185,-0.283705028649442,0.067080813203104,-0.0292097141098287,-0.126109002429367,0.224684493822322,0.497870374693033,0.745379415714553,0.541198241000748,0.417026359341941,0.300020375983867,0.190876739063172,0.159678178119204,0.156052927411624,-0.0549950286133294,0.462338200997095,0.392785307774756,0.336971367459963,0.283324002410476,0.448703007385371,0.175456294612892,0.145049936466728,0.601974439558062,0.670554486748635,0.360065032259895,0.24312209843786,-0.0901542882859145,-0.326826966130642,0.393965582496916,0.145746267425489,-0.0552741397428473,0.157910691139493,-0.266023422296819,0.0864289744428214,0.366838239726188,0.354338028920766,0.430007733024277,0.380251761320633,-0.444278089411325,0.0771613191587501,-0.13871136051435,0.242112135673532,0.388488606165847,0.181484553589385,-0.155264220282001,0.162818801904933,0.258360237431086,0.49564439080081
-0.149125816051224,-0.0367037784982272,-0.028088474897432,-0.0154215524802018,-0.198272822016016,-0.186869734282171,-0.0108988487988554,-0.0235807312695223,-0.195810742165901,0.0800626840458335,0.679495320297313,0,0.490614533853148,0.350539215793093,0.34514500021922,-0.28736375037038,0.567665425864895,0.461978876822126,0.461273108429809,0.372388854985504,0.442021725473045,0.538354177902213,0.352345710186665,0.704309565847878,0.191869648965404,0.787973646266632,-0.128326967167555,0.438128867247557,0.449033648748861,0.422597892653767,-0.415012342314244,-0.226434069625835,-0.43460925670145,0.394239869270716,0.296057022946084,0.163201948710151,0.300614112765249,-0.289951403995267,-0.148173606764395,0.245365244535381,0.348875208411479,0.452747352994692,0.23519743328493,0.159602371774197,0.00910434791401138,-0.090356876195048,0.193426351637685,0.157525110863552,0.0848875170364027,0.228282534445405,-0.210070886480361,-0.285595296181721,-0.185901150893722,-0.0752048437357212,-0.160417041881348,-0.182139060580442,-0.237923401830134,-0.052595877896778,0.238123640813971,0.678847223020252,0.544551618605263,0.456725568285037,0.405620410669581,0.377496736413212,0.396609559440079,0.344415319515713,-0.195935630308248,0.577042572279235,0.325057098879276,0.143203603621372,0.443654707191251,0.455620107184295,0.324434925953667,-0.212714669878996,0.632331089907668,0.53728680264205,0.490491676271194,0.451465325025595,-0.395346691696434,-0.191463101580313,0.44758072849338,-0.120356862747063,0.0191785864460523,0.318534625788513,-0.00217659216528773,0.138129866593427,0.189349885046992,0.284945854934837,0.159154744269085,0.0624758837739043,-0.507264319752407,-0.110750909333242,-0.408738585637596,-0.0942163693962619,0.262916637371962,0.133213908283835,-0.061721738312016,0.193017235600829,-0.0354651538751593,0.159016010630219
-0.401127752260728,-0.2349053604917,-0.281861384484883,0.0884196343316557,-0.185537281467675,-0.27251937979357,-0.164470647073594,-0.100055369681623,-0.149563793748614,-0.0751097828036556,0.439376835856347,0.490614533853148,0,0.644912172219922,0.555731463204965,-0.58140864852217,0.683251778345131,0.449462472235201,0.54407992049348,0.52093058207122,0.593318939765065,0.640060213488515,0.558211925969076,0.395693080137399,-0.183016762914443,0.506380997610158,-0.189669276515509,0.690014834572587,0.572340304910819,0.549649076546046,-0.400451440211948,-0.334902350248158,-0.487703913679673,0.521891735922569,0.536850145052756,0.218233041008486,0.496763335634883,-0.232521190058013,-0.0627186174034801,0.18153545275361,0.335689194469831,0.357497527347064,0.390441054676973,0.411655383614075,0.285123157385537,0.227167110194616,0.528179657830036,0.54660989421011,0.0784592336812722,0.355343733875944,-0.527171660997971,-0.534106099920534,-0.243779847547118,0.0671649882874338,-0.261482048211407,-0.354181167838174,-0.233353509949909,-0.0598699224051233,0.0778298735635502,0.480128982803293,0.369345128920641,0.865737112596262,0.755683181524869,0.567911163091364,0.59068420411779,0.573795877263411,-0.186535613694444,0.579550793163702,0.423503092841616,0.181273985144488,0.535541225217002,0.664927710891338,0.576437509468425,-0.133494254710484,0.195676402760667,0.209487066418367,0.582517497979908,0.615016914573904,-0.286545274504934,-0.331042095906043,0.358140302479954,0.174755729694594,0.343514243758551,0.565905771923352,0.0933093564521332,0.564628422981249,0.447630164567663,0.614410964416738,0.26099008378973,0.124744168556108,-0.482652121278283,-0.256854900197827,-0.199702445701137,-0.119753532882378,0.295824634419163,0.427108975453039,0.354154902077001,0.55469992583203,-0.0100640893455472,0.260559907546855
-0.301901729122037,-0.199629294661954,-0.440364626703111,0.309427494323618,0.0221138870604101,-0.326835099726922,-0.295215141397283,-0.2012836836326,-0.212485254102673,-0.291853257226082,0.199190405745796,0.350539215793093,0.644912172219922,0,0.870023494760703,-0.598040524946153,0.64360252599007,0.334910872132413,0.72552561593461,0.479159529091871,0.69280520835446,0.448242042166068,0.813570600253836,0.265639075341938,-0.330835279258262,0.384075181778893,0.0520198718252179,0.65189396064291,0.650389255113477,0.752562875796168,-0.552889699640264,-0.195288330398002,-0.352754571648153,0.382569959589374,0.528870641392738,0.200438720132318,0.32175700956658,-0.321000463127639,-0.123068104668716,0.0190160372750676,0.129315093761874,0.220351283135615,0.163511070824645,0.300830725559216,0.439560920019896,0.55442448436768,0.78975374983499,0.74462132677572,-0.00621270964211977,0.183847058513146,-0.576698043561865,-0.575842128036213,-0.0181204049785186,0.292431894755189,-0.338592849944781,-0.387028381299367,-0.233496934022213,-0.173132301709474,-0.0643439502625816,0.328943250004127,0.203221703697996,0.533789030735668,0.731074933594665,0.786762496838885,0.725103885321957,0.857340781591495,-0.175119554360484,0.444746490135127,0.263423694742108,0.0178883675562648,0.570902586085456,0.545756893134786,0.827434270408553,-0.213558481445825,0.0330566256914136,0.0411249683487905,0.475380089897561,0.781443552895567,-0.463290794058767,-0.207722942195444,0.188538609165242,0.039182936364931,0.454646257191931,0.577093575346771,0.390034686039497,0.780362936668195,0.373908998797138,0.586119106218358,0.150793090046163,0.0343534862191171,-0.417587014247126,-0.427887082244774,-0.235716236251253,-0.227498306623429,0.18846110594689,0.398838684966746,0.650500056096292,0.768002160688336,-0.111801705874911,0.0604544343491983
-0.327867763036157,-0.0871327099647779,-0.464990063064283,0.466016297037793,0.0853974530122049,-0.418172056600586,-0.370956500232266,-0.303028697210537,-0.324451995924036,-0.382813903339343,0.123071708374456,0.34514500021922,0.555731463204965,0.870023494760703,0,-0.564554511079012,0.501358545943684,0.269941189593355,0.606373198984634,0.443149306756703,0.66359524349624,0.365649317213731,0.876319259722924,0.223254489253418,-0.378646312863793,0.426476694484231,0.234286853091651,0.641639583649874,0.600033594368154,0.858784811881269,-0.585458949463722,-0.063390346157498,-0.273469898966419,0.279364740863759,0.529650696559536,0.0589149359300399,0.176530130092789,-0.401610607394582,-0.225300997517292,-0.111140849022182,0.0354708224835071,0.117465521558853,0.0447189191765886,0.260904077972722,0.513265332594682,0.646381553771146,0.775821166311625,0.752670688300655,-0.127353325916474,0.00422048150921764,-0.602619245719798,-0.532956982092473,0.132107495385834,0.433754146176257,-0.45338873019872,-0.45713820328781,-0.200165111083054,-0.265419131998695,-0.139987738970983,0.311133549692884,0.201305528010667,0.44069950985841,0.632285626730807,0.815996622098439,0.727033279189826,0.922934326752545,-0.148513395519561,0.375420130421461,0.197790826695557,-0.0430885325004859,0.572025867244057,0.409825043552396,0.838659174707431,-0.36391832744384,0.00772235547872142,-0.0128471256280496,0.418783402825556,0.822768943595692,-0.538749752788451,-0.0657297674643195,0.141699896840962,-0.0641463626239387,0.482682414570444,0.5499273105334,0.490186044531037,0.739233560022249,0.250948969877058,0.494074952931904,0.0145093275807827,-0.112933969239523,-0.371112338779778,-0.511204204949932,-0.341978221403659,-0.396425575266362,0.0647291024235837,0.347059887839649,0.677062251836955,0.741472971856852,-0.258495845727924,-0.0947752158486278
0.531380367847185,0.365079484886067,0.48153450254564,-0.194283755864017,0.216252534606705,0.476906674153548,0.40065153224655,0.328201716001905,0.297785962867685,0.285884033879074,-0.252167441367275,-0.28736375037038,-0.58140864852217,-0.598040524946153,-0.564554511079012,0,-0.494161254505553,-0.359763148154246,-0.422782992611558,-0.455076484049039,-0.525703859860119,-0.394816115916592,-0.578683733361072,-0.195512077663338,0.367046586008705,-0.336797449096063,0.135552912438688,-0.558469366904144,-0.388854150368871,-0.522276714302823,0.4643578940797,0.437244921776781,0.533326878275994,-0.425145969529473,-0.413688840910153,-0.201437174142694,-0.414055154972696,0.369072393684441,0.151830844626822,-0.0898622804402191,-0.299615230799177,-0.327294548680702,-0.280941683232528,-0.386643241362787,-0.372836244823547,-0.324708795036264,-0.597665098826688,-0.641666679249281,-0.107269511733506,-0.307164836132138,0.770642089668566,0.770740301112937,0.303805757279018,-0.148487627554222,0.56866406293433,0.451377113986231,0.395149487552762,0.222019658022806,0.14597956692516,-0.325103212626039,-0.259728915125019,-0.54187481085004,-0.534815115808519,-0.59022333326684,-0.534023292081179,-0.577410553322391,0.304602458760795,-0.434613063748533,-0.378651665262078,-0.192545949843769,-0.461886181199353,-0.527353757757399,-0.606553667386746,0.200017509598255,-0.0403152181819158,-0.0365712351556358,-0.389548997735173,-0.542797383928247,0.391618174714569,0.406193468242756,-0.273893203408913,-0.287798794846984,-0.390228653873683,-0.54289193603638,-0.0977003509526187,-0.645146278043851,-0.358001378339383,-0.550966978137081,-0.267256201180669,-0.173613680951933,0.532508613354643,0.474301032040784,0.272466086815725,0.215773799084399,-0.244530473256558,-0.446779660648536,-0.50426535048411,-0.635301988225388,0.0302634146710024,-0.266380432181852
-0.279742880459898,-0.2588154921405,-0.167072446238073,-0.0641029736757397,-0.277666524449777,-0.182594810533511,-0.0339638740362024,0.0404563830158776,-0.00764175865857001,0.0214946155375176,0.456940155385062,0.567665425864895,0.683251778345131,0.64360252599007,0.501358545943684,-0.494161254505553,0,0.595821742736332,0.792680457555012,0.584670744988633,0.656496870528118,0.695830328812808,0.551845609639366,0.570389683345487,-0.00316888243145659,0.515587195957694,-0.22829812862197,0.644265452602834,0.636378783935603,0.512288024562368,-0.415512384063246,-0.411863423646296,-0.561772670040682,0.58112598052054,0.516280449328653,0.285971526610787,0.493944809312099,-0.325330223131584,-0.0855056667804525,0.245635821740165,0.326367115637585,0.397203804486636,0.308556936711777,0.279004665416655,0.122162494485874,0.0856729116153992,0.489444376289218,0.479910802133974,0.139989483638842,0.310701120068257,-0.402640690549034,-0.489377185401393,-0.292417743245537,-0.0715187956155141,-0.135389622876006,-0.216674643102523,-0.176443724371964,0.0760728834439216,0.197581847489592,0.526470272089786,0.361845197881149,0.59998073425638,0.6921281327661,0.610525164907884,0.623374280726497,0.538656887951991,-0.0809542506092372,0.766761748655597,0.473811559149146,0.30893592871482,0.614028552016011,0.677086619248872,0.59550002352706,-0.0846746423870354,0.404008626520314,0.308596673016647,0.609727523703736,0.580243817547062,-0.345458231855206,-0.422957790957021,0.442433539084901,0.145183462103085,0.182418978714959,0.550757717814038,0.00152772971329094,0.48682859140732,0.458864126448967,0.603454908417719,0.337307435274172,0.185406789811139,-0.542472485297995,-0.184765012655551,-0.265956269158434,-0.0332578500906426,0.219921142490833,0.293818217257621,0.207710093362525,0.522933745270397,0.076327008510305,0.208318647570215
-0.222306070633926,-0.204332024062502,-0.0600617930991735,-0.138601992891021,-0.363306839991143,-0.143212304882517,0.187757972307334,0.242947302513742,0.139981150936026,0.139964290766812,0.506429548764289,0.461978876822126,0.449462472235201,0.334910872132413,0.269941189593355,-0.359763148154246,0.595821742736332,0,0.351193566612528,0.766991215599265,0.533476938318544,0.661026173769343,0.383865251277351,0.549915931830438,0.0954058431713585,0.52845919086462,-0.278089508003435,0.482806975602932,0.367852047426315,0.338700015343612,-0.220120164651487,-0.501474221873322,-0.517205645286783,0.730256868398713,0.527408261463073,0.460405189237192,0.508755199471654,-0.292926695111175,0.00896185579416285,0.383437588779329,0.526422339570775,0.497480866957911,0.453055617817991,0.273707254401683,0.0451741790988538,-0.113647227149234,0.356214774940152,0.385153849355505,0.278344504070849,0.424205700323756,-0.277742101364867,-0.402669337199545,-0.369776814189093,-0.168807606657722,-0.046906681334631,-0.117692556667674,-0.0794103619773777,0.248677053118375,0.307514262460605,0.514171005799661,0.35017859643354,0.437342737028952,0.408496550298235,0.366823123402064,0.354933388539733,0.300209304507998,0.0903975542722837,0.639828194185854,0.625584140021782,0.724358237055523,0.614659287239563,0.610631023154171,0.426787865869298,0.00433528539790406,0.496917762183244,0.396600498759735,0.443258874437787,0.354728309635449,-0.241440433021844,-0.461340086954622,0.61248697355059,0.315609891734952,0.110654037641625,0.480341186104728,-0.148535215451033,0.327923447900767,0.41575327229942,0.459212015522816,0.537346678414374,0.36048638047949,-0.507030973343784,-0.124124861290877,-0.234460597849467,0.0570580468865594,0.290947074752375,0.229486646229295,-0.00557339076445568,0.387172453379407,0.209767033854522,0.32873764348467
-0.209516494959901,-0.187041767942065,-0.272273943173849,0.12778905121951,-0.0523343633851865,-0.195495206960837,-0.185179735224013,-0.0896351332030167,-0.147834829499384,-0.153339137640991,0.272571349116866,0.461273108429809,0.54407992049348,0.72552561593461,0.606373198984634,-0.422782992611558,0.792680457555012,0.351193566612528,0,0.438852887860286,0.650312718920383,0.486084231223135,0.583311265279635,0.422862116335816,-0.117514687144564,0.413922329184882,0.0236789373618242,0.588338936752798,0.702020446218051,0.523471204835081,-0.52937342531379,-0.20158513043197,-0.351552783896103,0.389716005628325,0.465401634991696,0.158914805666052,0.357504985292274,-0.30343451242392,-0.146174336111513,0.0547885726708723,0.102137903960843,0.239262779382656,0.0989786509474354,0.212716675895289,0.290846671973668,0.314755107376142,0.514709116111219,0.492509112694689,-0.0124772729826363,0.137497123334359,-0.407003942937662,-0.463204509738968,-0.0869981749471728,0.136261508823969,-0.198083778252454,-0.264088754260112,-0.21628409973334,-0.103156710111569,0.0831402943998282,0.382063805490365,0.176263839263624,0.465940484198676,0.658756303401088,0.657432203740941,0.670114695634493,0.627647171565714,-0.139405465695203,0.609554165547702,0.278859936270787,0.00795060022763266,0.542832517859372,0.533236227864237,0.599342480936068,-0.162096678837735,0.20172557453588,0.13745110061576,0.543734108574584,0.6285928133007,-0.441301324143249,-0.20494265031736,0.218821975918755,-0.0133184402096158,0.331135172007848,0.52482029679734,0.30252718542347,0.544815053446409,0.394007709294744,0.526786162995401,0.141671182189656,0.016263845716994,-0.383995878773912,-0.235474946345518,-0.23182762856238,-0.12190002394034,0.133110798911861,0.283194500131338,0.389696141640406,0.524299814703324,-0.071769929302069,0.0314769314104839
-0.361937298663899,-0.220166391747052,-0.230338757620305,0.0185592913798475,-0.297484769303274,-0.309570418730682,0.0436032481552412,-0.044113720725753,-0.132438232744031,-0.138721585702463,0.318837006574474,0.372388854985504,0.52093058207122,0.479159529091871,0.443149306756703,-0.455076484049039,0.584670744988633,0.766991215599265,0.438852887860286,0,0.668097913331499,0.645220329079509,0.53949555431721,0.457824686715214,-0.123269989526278,0.546278637704701,-0.0390443503631242,0.631000194290896,0.565288130618783,0.49535239050824,-0.327935164847451,-0.396578097468483,-0.488787256260918,0.64928019450849,0.649491022451559,0.409378438351431,0.52745017744937,-0.409898779283734,-0.0593450857937013,0.19027236607898,0.479256789413628,0.333628059983886,0.362155278206236,0.34778079550142,0.240171632161338,0.0915148737843754,0.501061034663098,0.550703660611373,0.121400858879244,0.329931883060403,-0.429671020400194,-0.494079438158297,-0.294938554176997,-0.00255116194868308,-0.24352583409825,-0.310755901814599,-0.189520574591102,-0.0357763550137154,0.049059015893635,0.328379231954919,0.126176673394829,0.487105462560307,0.54957246540996,0.495446542880434,0.540530704146963,0.463446908517809,0.0697913179319183,0.653077436723677,0.63529833622537,0.547801407380132,0.813915135518238,0.595700466184129,0.564523020032543,-0.218426748020089,0.320859428951974,0.185327854449323,0.654541080332582,0.534769660925003,-0.284971501730804,-0.3718808067641,0.632630912098655,0.257162525874112,0.308164587615998,0.582056208233792,0.145210235448909,0.47683177866338,0.51182000028486,0.588654402626604,0.492757970729141,0.206006010950254,-0.477280414211594,-0.286606386326659,-0.261795162956206,-0.142629147479424,0.155645544761155,0.369711635970716,0.197893402715077,0.533736458820071,0.0578709157095872,0.159678040628607
-0.323049163072531,-0.0914140307313565,-0.286189648946883,0.198212157178743,-0.151908980203197,-0.347897770414633,-0.167888944284442,-0.180597993215463,-0.24177957133249,-0.28734064826352,0.201737539707943,0.442021725473045,0.593318939765065,0.69280520835446,0.66359524349624,-0.525703859860119,0.656496870528118,0.533476938318544,0.650312718920383,0.668097913331499,0,0.602040798998522,0.719760407279858,0.415968806880332,-0.244742821581108,0.514854933103006,0.0193487270365949,0.657406768415847,0.638959966865324,0.641293417205565,-0.527543798973687,-0.35563508784069,-0.479518205836768,0.494815889182893,0.655986331336014,0.0548509657710776,0.282999390689383,-0.505782282207702,-0.219685251040215,0.0341180662230742,0.245226529098382,0.23654580707839,0.168203625808308,0.244891797741484,0.302014647466716,0.272930254789117,0.646726732499576,0.610408302157478,-0.0556549538158789,0.0987070434173323,-0.523824729026333,-0.522329866263492,-0.144200782379387,0.136896293381685,-0.370154217518962,-0.351526019503181,-0.277030113967364,-0.164196033202915,-0.0494959797997846,0.346395361816119,0.212838939526258,0.517346631800911,0.744530894595267,0.762903599562623,0.819391395421734,0.69216570364834,-0.187303680384247,0.644603410585926,0.477201474240717,0.240615824981939,0.826717473490309,0.623443329652882,0.719093108770717,-0.304882701804699,0.247964068234934,0.0766653174532591,0.573052782959567,0.707925393223872,-0.467604061123617,-0.31127905075766,0.488296798488423,0.0333082562790913,0.326484175295276,0.602634479905317,0.261787540156535,0.628961469372098,0.279385219647781,0.510618500646409,0.0892990313819779,-0.0171925533676486,-0.574128825712617,-0.435154810332718,-0.40634578753511,-0.288802273478026,0.0600242438761731,0.316180026254163,0.373639479365723,0.615855408277825,-0.168197013054932,-0.0504895381770286
