0,-0.188824747549861,0.210784938852977,-0.193615333521809,-0.0469385964917036,-0.0604456871319975,-0.103330305703574,0.0351373027727047,-0.0233911801603892,-0.138921404742116,-0.0830152433790662,0.1304904008381,-0.132208518162043,-0.149081085428158,-0.125695983129561,0.0735745223439749,-0.0729694171654307,-0.0922195127634597,-0.167853366121383,-0.0159130574865406,-0.0732178062683302,-0.114065507688088,-0.0365170820903972,-0.0272866963909177,0.0235641466881461,0.00294453355402525,0.0341485848706145,0.0117612173052859,0.0734690743777382,-0.110502045887235,0.030776549003002,-0.311362482905935,-0.130375745812278,-0.117814936280133,-0.0874667271898615,0.0190254531624974,-0.20835336883291,-0.0990468308883589,-0.214296184054204,-0.128609680331096,0.0720247717704444,0.371086021345806,-0.023262229967854,0.179504308330421,0.0272179500081447,-0.0232344221364402,-0.0718208349797718,0.0177003462781886,0.0745546952645965,-0.0178689070175017,0.478332108780743,0.0408299043249224,-0.160596838708698,-0.241555023957537,-0.0824733887796202,0.108594392916533,-0.016588609277805,-0.0321505964046324,0.092174476079944,0.221083764234593,0.0813767248480901,0.0387351649589684,-0.10644486324327,-0.103748508696517,-0.137312663847925,-0.131292464748022,0.13215898718545,-0.0988325434962142,-0.158394928646192,-0.03788451156762,-0.124490682309303,-0.0238549335523158,-0.0552313296825282,0.051770987274757,0.00297134736189616,0.274060158458245,-0.0717783156546082,-0.167828321433879,-0.0491855670589901,-0.223800569726648,0.0250109407733216,0.0791293018045118,0.0234021385640238,-0.0247112994418909,0.0832995552187067,-0.154946758946842,-0.279016745520876,0.0967680068802609,-0.0322945619819909,0.170627044136979,-0.0993484966976644,-0.027867459735036,-0.20134936240505,0.364146467841699,0.179281412382154,0.0462227404683305,0.0237886259341859,-0.025046960187264,0.211478054954375,-0.0252014920871186
-0.188824747549861,0,0.189344578620172,0.676684388420708,0.674187608506969,0.393043574582375,0.130359161826965,0.471213923858178,0.375032211595771,0.057805777156597,-0.163025066747332,-0.298598819166033,0.0525022704345726,0.0505975026122971,0.0227602957704357,0.266737842838749,-0.196933917642183,0.186042971923074,-0.0664031251931147,-0.0245279987618441,0.0621718879411231,-0.0529999769932329,-0.0485334256836907,-0.198744621159266,-0.102839607545951,-0.285997396298844,-0.319680316972886,-0.357335698574823,-0.208614443501024,-0.120198569077036,0.219909621993772,0.323543770343258,0.26236090657827,-0.23735570982818,-0.260551769962045,-0.215290694110985,-0.220720124691662,0.209180996330708,0.20552807637941,0.0160405559332038,-0.377429665930799,-0.325982919466042,-0.190225785818581,-0.273295359792463,-0.232051942884135,-0.33128601880062,-0.198714477551348,-0.27017814601601,0.155160909904501,-0.246375675597132,0.169763487859991,0.672028055143791,0.438435398663661,0.615639688775169,0.532953127798107,0.229814552679556,0.349653199167835,0.436996096573963,-0.1267144589256,-0.340528200221035,-0.311893261976478,-0.0462790888024601,-0.0288390214713778,0.077985180981977,0.0435908935667291,0.0133673941476107,-0.072933472344272,-0.114243194349911,-0.150434570838396,-0.0415755781787007,0.0123336325001776,-0.259915396115865,-0.0444097169670022,-0.136006876002883,-0.183919965655214,-0.391370672538036,-0.0677468721521182,-0.0878881818981543,0.169897672787708,0.311317140884043,-0.290013775365597,-0.441032562218464,-0.210334431618861,-0.31140207272672,-0.392226534291007,-0.222044442999924,-0.210273597735269,-0.411523993910071,-0.277883259850956,-0.477371156868578,0.208602618419111,0.13346323834325,0.102635165027659,-0.088769844327045,-0.356747000709752,-0.166096385428861,-0.361635962951018,-0.278602653625802,0.0472312903879456,-0.22269992857102
0.210784938852977,0.189344578620172,0,0.0108033646587663,0.383606333656121,0.545059399636743,0.0744892975940154,0.464520542073059,0.470665822936849,-0.104355415430943,0.329349866581317,0.417753891579688,0.341730198878531,0.181530495557385,0.0955615669591253,-0.0406770974700423,0.28222652669871,0.30680973119537,0.209424821897602,0.138910541349781,0.184806075705796,0.227516220559286,0.144763964093777,0.316054801339271,-0.121448157295577,0.297109974860547,0.159050291933344,0.0769873419260007,0.160403305197144,0.0426438137898743,-0.307729440600355,-0.268085675456795,-0.241981686608229,0.0735414151523325,0.165009846304594,0.0380222374473327,-0.262176673283966,-0.11742420597993,-0.0278720733080622,0.169513307833404,-0.125746376658385,0.115915950632644,0.19430727626464,-0.121860639790303,-0.0604020223422756,0.0739275780034327,-0.00794781217056345,0.043780326154913,0.0949819128485505,-0.123948694608571,-0.0200182363557685,0.440683718393988,-0.0373690952116442,-0.0384268175869222,0.474499310808817,0.707112284764074,0.349692065548651,0.528303567581459,-0.0666408317806858,0.463614740455795,0.350349434638563,0.413482578027193,0.310231468860809,0.230794828098045,0.0998591198888407,0.116858655239445,0.133846965500281,0.277294650155837,0.0537873493467235,0.254496570562994,0.132480102469458,0.257203472310261,0.170057595378411,0.242539052086853,0.32555205965405,0.273930767207084,-0.00230256317611858,0.119428551474029,-0.313941485418448,-0.273283700037452,0.163648346092446,0.000709555599482189,-0.108410170018474,0.0901000631917815,0.160450786180303,-0.0390490174643548,-0.238422327353807,0.0174886127040824,0.0662655925101095,0.0268758737230549,-0.331714218370213,-0.176001412901372,0.0396521273434535,-0.0908476771512975,0.167858142849968,-0.234408735243348,0.0663509537388499,0.05042756033344,0.14407805299195,-0.130447060010795
-0.193615333521809,0.676684388420708,0.0108033646587663,0,0.539261262808257,0.122968031901549,0.109927282877043,0.176130423478418,0.135781908821919,-0.00103182765627215,-0.262973377598222,-0.333043577079726,0.0440534965151428,0.266675733845382,0.312752952726303,0.0711341972320112,-0.123027627743284,0.206522530411216,0.135181759549355,0.140081690897499,0.302083051100004,-0.191260200767202,0.204950723879482,-0.169062455018193,-0.139305196444141,-0.352214398873529,-0.294190817001871,-0.279963794040064,-0.0300183599603672,0.182947258641275,0.256850486423497,0.447113486607798,0.393323521694706,-0.0937013143457421,-0.332065091213137,-0.192582842742168,-0.114763381356454,0.22373644655364,0.172361558507212,-0.0180563450798399,-0.323260733572399,-0.320005287899634,-0.376994393298535,-0.137060251948306,-0.300686728152667,-0.323850442675469,-0.0836455625579265,-0.151637355865036,0.0316724333227542,-0.186655598505655,0.0799926801596446,0.352923452472878,0.46407156298887,0.813224078851934,0.235094505621033,-0.0105130532665315,0.205778024079235,0.149111422924273,-0.206505943051377,-0.294896708628595,-0.284611697632077,-0.0209861921525396,0.121885051514488,0.238875412412522,0.307246096390441,0.292589856988727,-0.186889657669989,0.0100743015079738,0.0634289309302625,0.0618501057148613,0.28564060478705,-0.273119926508912,0.217820487056885,-0.150076503729925,-0.16964098468091,-0.379075723527548,0.103413817084871,0.0933837827175734,0.260576631490632,0.582705842536127,-0.164553993802868,-0.319936823872955,-0.289210288996761,-0.370297137794745,-0.391035245099205,0.0310781296304598,-0.07905056328831,-0.351468524474175,-0.162155586102691,-0.41585765384817,0.284962545963601,-0.0237564019223398,0.0192304254406324,-0.164238176179759,-0.407847323411991,-0.116978124572454,-0.316489889919644,-0.221565037357506,-0.0739185160748091,-0.182516578701067
-0.0469385964917036,0.674187608506969,0.383606333656121,0.539261262808257,0,0.534733897424732,0.0391992327460358,0.313477770209644,0.381872118122515,-0.0843770140494227,-0.00408287948613924,-0.096595431207885,0.0556215149056809,0.036966644158913,0.0512253019637176,0.0746753030087392,-0.172274777329578,0.0627701480597251,-0.0654035563369832,-0.0521203797739099,0.0588469721441575,-0.145845908891619,-0.071313422341255,-0.100157517106198,-0.150866502860995,-0.1430640516872,-0.25469816614265,-0.287616818227641,-0.219373047046685,-0.0647690298023058,0.0766932517519946,0.116289061513749,0.137672004410972,-0.268346322905075,-0.259758589259384,-0.14812818063646,-0.236408917556754,0.109328282409282,0.0780787104691321,-0.0755455098508221,-0.263577170554632,-0.0953593531449381,-0.0351512688473959,-0.16342193598037,-0.163087629861443,-0.215894769612801,-0.165595381103747,-0.236845848733088,0.220093144111255,-0.165270645137049,0.170213849811052,0.455752330659084,0.215304086691103,0.480290450424942,0.58987215066991,0.441342125007367,0.237012914976982,0.432393998226442,-0.115489849751982,-0.043929867505161,-0.14277925287828,0.0497657950123181,-0.00526384719043158,0.0625196380040413,0.0249744711824366,0.0440821262468422,-0.146096718078486,-0.0636038836568033,-0.218056893419168,-0.0999925918342651,-0.0220362730835159,-0.256667524358976,-0.0688648233196991,-0.0864670581620139,-0.0810813469557957,-0.233828726108874,-0.120403276675443,-0.078018472392402,0.072099346226283,0.144022072619016,-0.247895731407396,-0.358865373995356,-0.229599449483021,-0.358616717855947,-0.330841115108103,-0.245865821263777,-0.221773122344465,-0.31575427486001,-0.244553647899608,-0.313752436204904,0.0239294673636436,0.0495582915394464,0.0352434335342904,-0.0559394130830085,-0.227971164094111,-0.118874294920666,-0.255657511045977,-0.267285056162937,0.129466296392759,-0.145191661670867
-0.0604456871319975,0.393043574582375,0.545059399636743,0.122968031901549,0.534733897424732,0,0.311478193416783,0.626549546451187,0.717325335972617,0.203086311857991,0.267163514875063,0.27410800905702,0.372621176942218,0.0920854489237481,-0.0729741054284055,0.0240168377064145,0.0970664531139782,0.183085575909685,0.0738176442012877,-0.0481398666072899,-0.00991785672161078,0.160093928237808,-0.0372966390693509,0.131298689957841,0.0392286180858388,0.0858823037442214,-0.0113034006495099,-0.0670189554977071,-0.0373008313164327,-0.0770552999381844,-0.120653800824854,-0.120255125091368,-0.0550745561937165,-0.106520929686099,0.0965943511185044,-0.0593585630241752,-0.119218429698669,0.0115957627319556,0.166463537663584,0.280258894812572,-0.133935613662055,0.121843575941598,0.224660348969447,-0.0898804787113692,0.00109214932421086,-0.0039978036562391,-0.0570648755580609,-0.111801836393449,0.314005762745111,-0.147597913949445,0.0344253492693923,0.565683152790091,0.148715278680007,0.190426737307331,0.840445575918321,0.789628164430076,0.514926274634256,0.716423701935464,0.19796427538943,0.137377876832155,0.191096708994526,0.312940691112038,0.176725015941155,0.113869939235368,-0.0435669287943984,-0.0652021168822458,0.277349386318351,0.138383255071949,-0.159745010558308,0.030998855777009,-0.0802119915509461,0.0969069792920237,-0.0225730983929318,0.271053687605598,0.272383560486644,0.0684982860703213,-0.00245161646999104,0.0198476313845889,-0.155304565172901,-0.193329321179085,-0.152562968076941,-0.234533618149744,-0.0287184274277493,-0.0104552245077213,-0.081666449980278,-0.154626632864482,-0.137840279819615,-0.136158409675532,-0.125901489211667,-0.154390552460252,-0.215842082146405,0.00696940851513911,0.183512542660994,0.087282949122347,0.0680016391156417,-0.0453309786448042,-0.0222275807678988,-0.141804429562638,0.191120225698814,-0.178619101773018
-0.103330305703574,0.130359161826965,0.0744892975940154,0.109927282877043,0.0391992327460358,0.311478193416783,0,0.357508538712194,0.408564186444645,0.255487484727207,-0.0533633355172833,-0.0557327187888992,0.0527486176995622,-0.0149972884324724,-0.154670200720063,0.358353438056,-0.00831717461298103,0.00294483525539239,-0.0363569550760317,0.113385597076977,-0.182474531407479,0.0209711445911595,-0.0214798395475721,0.0313164078884664,0.0799000108735412,-0.123930162576954,0.0509442837316045,-0.101763068323651,-0.045579380692722,-0.190335477001653,0.00105896470988071,-0.00401069001599021,0.0909364667618734,-0.158385429427527,0.0902810928423597,-0.033605444099354,-0.06481746278138,0.199657139703271,0.225253902807369,0.612648338931771,-0.0164342618038495,0.066883847599107,0.00229438749672414,0.0778380149095397,0.150776229531762,0.00620058814859559,0.0098771835916145,-0.105811969102976,0.207556265965279,0.0482026924289834,0.0317795280632592,0.191969976379944,0.542155746203779,0.194447187278565,0.28883768923561,0.184145194896658,0.340866936980928,0.300495225231337,0.0145855252417501,-0.206632967308524,-0.150035662132194,-0.042660525978157,-0.0562487966942563,-0.0246196623768238,-0.116522883416541,-0.174283006495638,0.537053178188565,-0.0495453398637553,-0.214643357941911,-0.10654332251063,-0.114858516881015,1.82260550002031e-05,-0.119918311414639,0.384080129422625,0.0503838444192736,-0.167699806833223,-0.00839995706363158,-0.170351081042591,0.0152050224176467,-0.0537460102446735,-0.203856287487506,-0.13251562381659,0.0220456241543004,0.0414259733868067,-0.0513670496869478,-0.0958657607719706,-0.0986701436660222,-0.110084250459841,-0.0209561105391693,0.115141959708699,-0.0346495721739783,0.201173428864309,0.318771734248343,0.0196309146052984,-0.0164755007033543,0.205155418375823,0.0759628853487636,-0.103634936297937,0.142328298592204,0.0102999691918555
0.0351373027727047,0.471213923858178,0.464520542073059,0.176130423478418,0.313477770209644,0.626549546451187,0.357508538712194,0,0.779282437582968,0.270852055160996,0.126774938947991,0.158766198086769,0.25944741310289,0.095476973756258,-0.0797877088533882,0.194996694941548,0.12454499801118,0.468946063146408,0.0184542494250398,0.112171373932793,0.0518374835545423,0.238288504709324,0.0575508594171911,0.127343119916699,-0.0282363773397804,-0.058583682849668,-0.024618418408722,-0.160920238706169,0.0555488393902197,-0.0949550009449391,-0.0353900811037344,-0.0941491296287621,-0.0723363712042803,-0.130081111510804,0.0452387756692078,-0.127076149667372,-0.371945875878072,0.0668667532462669,0.222057516473,0.357627433036296,-0.25403909604796,-0.0362321263895913,0.0105678169745222,-0.248012398938111,-0.124698364638824,-0.096847920692699,-0.153448152289406,-0.106933519622094,0.0870595353853382,-0.309780976684516,0.163345365700037,0.71026558172487,0.222359043880686,0.189055571508858,0.662508803324008,0.564774925092818,0.687900065448336,0.817111859521302,0.20354623585419,0.0132365253233579,0.0631809756074442,0.233759797321203,0.132092256049144,0.183960965428593,-0.00762235281300013,-0.0547989925393772,0.47436627680824,0.0946343931721146,-0.117409371288424,0.236219227529362,-0.0178595435748995,0.116995733227662,0.0876760279466228,0.354147689783589,0.195150643906116,0.0172151103365131,0.0267415080376831,-0.0221585997404639,-0.227974813068469,-0.161889767907237,-0.0865434304666802,-0.26683334218921,-0.1053873904346,0.0258765131107104,-0.0304613592645321,-0.173519323355057,-0.388222516294768,-0.253859091874674,-0.149527787111905,-0.205511651343308,-0.175305319195868,0.0360415012648284,0.207343925299789,0.116941025073276,0.00458593472024356,-0.245052564829327,-0.10940893426713,-0.10988558290808,0.100347284550323,-0.34518888601764
-0.0233911801603892,0.375032211595771,0.470665822936849,0.135781908821919,0.381872118122515,0.717325335972617,0.408564186444645,0.779282437582968,0,0.245471653185434,0.121455149156848,0.229935320726406,0.274303066368563,0.16403053292396,-0.00732769239666149,0.128069633809955,0.144954275179522,0.324324612708081,0.0786459819497088,0.0541943368780403,0.00634439790994658,0.112181930965384,0.0657856108276004,0.150086643529657,-0.025797662522107,-0.0486553938501108,0.0372177645978803,-0.0624860364526622,0.0595050823189962,-0.0380396436465998,-0.0654628307124386,-0.144855393447606,-0.0457454962467111,-0.107950531788007,0.0773196771828248,0.00605690012757643,-0.263885952353576,0.00528483809928726,0.160883095549286,0.358485525696985,-0.156120752750142,0.114208920000351,0.0434175373067144,-0.133367244954427,-0.0422774274358728,0.016272246817515,-0.0998630473321472,-0.0627420172501819,0.134880756790002,-0.220019714654418,0.151120787624337,0.610907531663709,0.276508067754596,0.234649172993498,0.741927421959455,0.651329524452345,0.650598127236275,0.874307707897091,0.219784045721834,0.0769087702817509,0.132403505142324,0.274036106456733,0.161442025997749,0.199495386249353,0.0547116476068278,0.00554525469768107,0.450528215771514,0.182283504351611,-0.164279854008531,0.153853903469757,-0.0351178748481594,0.105972503008295,0.0874431391071408,0.411388951289181,0.307151280985351,0.0845317076179322,0.0566299344920244,0.027350602997834,-0.210395410883548,-0.172932925749102,-0.0731440494584799,-0.1961988218861,-0.0364812709521808,0.0474071074650361,0.0434895607896955,-0.119560134176495,-0.270403251284179,-0.15986239023533,-0.0715972161929936,-0.0584153324634262,-0.180058433576663,0.0202040195333953,0.16710673181136,0.153411813285862,0.0451168718423918,-0.151081506601501,0.00573275606662433,-0.0821757730291568,0.0899521567230938,-0.267761401330326
-0.138921404742116,0.057805777156597,-0.104355415430943,-0.00103182765627215,-0.0843770140494227,0.203086311857991,0.255487484727207,0.270852055160996,0.245471653185434,0,-0.0845320820380496,0.0292629570417529,0.00571567603591003,-0.140048322650857,-0.184561377303086,0.171172683833849,-0.113667914465745,-0.120139065209277,-0.161962308791877,-0.262009391778971,-0.229510878853557,-0.0276054010760882,-0.14654881221698,-0.0218688338714478,0.368300166303413,-0.147425695780925,-0.212716225145883,-0.244001185282975,-0.0931344103963233,-0.179182147210457,0.294642627089814,0.194027141845323,0.108876127779363,-0.282064831927978,-0.0986721824916749,-0.270336497053807,-0.0458422606221346,0.329528839788249,0.4306171086159,0.414223109643519,-0.233204740779483,-0.00194316906880949,-0.0622710133704759,-0.0498008182745325,-0.127349963350598,-0.291554650731016,-0.262490568537214,-0.240885790128191,-0.167835266329935,-0.291486846727012,0.215175664430065,0.2246386023916,0.155401945111733,0.128502145982043,0.197406674608716,0.0289742161749963,0.310892571533305,0.205904565762287,0.64407502105366,-0.240177177278882,0.0375459125799023,-0.139365000270739,-0.1601729105675,-0.182763651513252,-0.187163180321515,-0.176491234222403,0.332892745672829,-0.19107507822618,-0.221832426520797,-0.240532093985004,-0.243570334460684,-0.122126572718385,-0.148185926332596,0.36807276212628,0.00746213346130719,0.0393626922448413,-0.0292650461367107,-0.163674805866069,0.0886582899842832,0.0492315639919874,-0.209985306089693,-0.340104288803322,0.088920358539105,-0.0964644800935043,-0.179379301056729,-0.290858524946169,-0.0514093611279965,-0.292112848392412,-0.30051955699316,-0.2301272866751,0.0511930629211136,0.346405581640443,0.480098616959239,0.20673866629045,0.0115047516665725,0.0064563627690352,-0.2873590086987,-0.278970675268952,-0.157254579342606,-0.266094788332787
-0.0830152433790662,-0.163025066747332,0.329349866581317,-0.262973377598222,-0.00408287948613924,0.267163514875063,-0.0533633355172833,0.126774938947991,0.121455149156848,-0.0845320820380496,0,0.610131357890985,0.425144226293409,0.12707082592998,0.058510857508902,-0.246532047216302,0.369450265109589,0.221304609260642,0.227720508890359,0.0671726340166813,0.0837340431195248,0.380621254102332,0.0721995700628491,0.443400737471347,0.0465458225069435,0.651826760644607,0.317659725616207,0.219219289590421,0.122545380687358,0.0260481746361824,-0.449359356955901,-0.274380802647354,-0.25680904173776,0.245559123129644,0.404776017546794,0.155901638348229,-0.0246862729675407,-0.1584297782063,-0.0795169741079132,0.0969652941995364,0.144698254854,0.00790789864480934,0.463120965777398,-0.0202054240643808,0.178811707373668,0.200934613890999,0.0945413811914946,0.105115332725379,0.192168500670447,0.134633635033192,-0.368229964727466,-0.030922998566253,-0.327465010173172,-0.264721705725167,0.167350489138287,0.35368531147662,0.108577351751797,0.218781035814941,0.122683333489305,0.664943431949298,0.553307505306568,0.460562257973384,0.262169215867019,0.124240012783346,0.0357903853981503,0.0406612342538372,0.0692183864166676,0.348162980300637,0.16309614729876,0.253456341180188,0.0526944536525763,0.466837628673383,0.0916233023231996,0.240709915002283,0.470169320599463,0.357043362919391,0.0220176931748938,0.129546362439002,-0.326296758856711,-0.30232081554071,0.248573311321794,0.23277162506253,0.00739863288799838,0.354924515049999,0.311488811399857,0.09811520893818,-0.0338407288680453,0.23176817069464,0.216291302435414,0.249406817432162,-0.340992253072514,-0.171852361208789,0.048268392273894,-0.17351749677008,0.392080778621807,-0.0861082602014634,0.216297210677217,0.131157476198541,0.285214856405613,0.125579674138506
0.1304904008381,-0.298598819166033,0.417753891579688,-0.333043577079726,-0.096595431207885,0.27410800905702,-0.0557327187888992,0.158766198086769,0.229935320726406,0.0292629570417529,0.610131357890985,0,0.489468546110987,0.170719225763704,0.0969717446143759,-0.259481125505747,0.530600457739468,0.212685647628765,0.282287686809475,0.0188404416075247,0.120857978516497,0.366079330203042,0.146263926187141,0.604039601681274,0.108266379390908,0.641050801953678,0.370282737360574,0.317618865932277,0.288647849067146,0.131900707435791,-0.439290156842024,-0.435938047655399,-0.399184600806009,0.245849759435443,0.428375134457135,0.184855078430271,0.000656518778354982,-0.366476418514341,-0.224718285361742,0.134207587790014,0.110903804588345,0.277558372621726,0.343755626636072,0.0825169302468507,0.130018551843689,0.193343886712642,0.0823854414434672,0.139513905502481,0.0468640108011955,0.00573928779922305,-0.255797665049284,-0.0447903548801302,-0.327724314634004,-0.390224050593838,0.112860052669046,0.412965417564603,0.102252910867642,0.24086437645931,0.201916156531838,0.729218077424382,0.793930530469449,0.597311428887523,0.349629950015138,0.187061611252794,0.102661591118509,0.0906040834727071,0.188749690830424,0.492894262989052,0.221037531244165,0.292763081318063,0.0859436227436005,0.588858581542432,0.21578275735541,0.384372241711662,0.690089241614789,0.625511947031377,0.158784787949837,0.256863489504183,-0.376395414024514,-0.411367271895298,0.39975852064327,0.277415784117654,0.083822329398855,0.445644109727133,0.434080036862545,0.16165170890337,-0.0101952126861339,0.298466682967822,0.216627047908712,0.303609627445728,-0.465800031113834,-0.281703690767953,-0.0804571808920305,-0.00639007397573534,0.497749820303875,-0.124922024748311,0.218971385969684,0.13891761184307,0.132395691076092,-0.0221110561461893
-0.132208518162043,0.0525022704345726,0.341730198878531,0.0440534965151428,0.0556215149056809,0.372621176942218,0.0527486176995622,0.25944741310289,0.274303066368563,0.00571567603591003,0.425144226293409,0.489468546110987,0,0.508210501817261,0.34085801979042,-0.298981228310483,0.621252267197511,0.404553463071571,0.589363819240285,0.300548972192769,0.385047174537906,0.506017529829921,0.361150178606958,0.375529380540566,-0.0634999964722946,0.290007926902941,0.361190208744425,0.283069698376096,0.46640960606339,0.224526498763725,-0.183623972993325,-0.0501031175836585,-0.0895904282928033,0.413537743224137,0.445047804945535,0.0661186815468288,0.158479908581975,-0.0892395865693935,0.0649665503389863,0.157823618975168,0.102964131713054,0.0996632228275199,0.267106873664689,0.060408425575056,0.130505157980819,0.201889438854011,0.312681735553327,0.205169676980768,0.195427384498834,0.127218582427841,-0.360105038576154,0.191573754987639,-0.112854487616042,0.0854440723627272,0.295510700703748,0.38874256718531,0.214891039308029,0.299660563905884,0.0136525301751133,0.42141405410252,0.538061533430366,0.829574745028214,0.67155646596146,0.51548298446063,0.373235228345426,0.315019628937622,0.127815322415673,0.657205415069249,0.404411904154145,0.403948474828392,0.382987653107027,0.511347676696444,0.343248914296082,0.200278541557466,0.441614552613324,0.228322072480557,0.317115134622317,0.335091395974725,-0.235140634523493,-0.0312377544198208,0.248959491391982,0.203269466389472,-0.0784059790944181,0.302492002366556,0.19461151317702,0.354179263205754,0.133324263456909,0.123072397449385,0.234607586397246,0.0200992987565442,-0.211827439879614,-0.255704834457849,0.0142958289756704,-0.0799735225318892,0.163393864778323,-0.0463498770741378,0.170118585283937,0.168584501153582,0.201504903898355,0.049092207410164
-0.149081085428158,0.0505975026122971,0.181530495557385,0.266675733845382,0.036966644158913,0.0920854489237481,-0.0149972884324724,0.095476973756258,0.16403053292396,-0.140048322650857,0.12707082592998,0.170719225763704,0.508210501817261,0,0.833954539436174,-0.445141477483504,0.502912716536184,0.511611760320848,0.789286734918673,0.527502917797768,0.792372235929893,0.221240848356094,0.82301349343113,0.187427506374891,-0.178012747659945,-0.000387150266371875,0.272347942565594,0.241133178635311,0.601365807772185,0.706600263225452,-0.146738133212612,0.115008949877907,0.0571918685809048,0.479595473588364,0.199891884619634,0.121891817413812,0.0695671225792572,-0.0862482323979656,0.0263024574584028,0.036363253845888,0.10702194290008,-0.0527901015014741,-0.101086345226442,-0.010633632471379,-0.0465733105917455,0.276866331645455,0.535521909541008,0.489544620416324,-0.00725022585246277,0.0521989342398415,-0.395782673934303,0.0124698619329583,-0.0712789449575152,0.292000445116821,0.09065772460617,0.128743616100082,0.11087553323242,0.157964789860691,-0.215404166055084,0.19734865588726,0.192796448759929,0.510894674679474,0.7292623525595,0.851537643025932,0.861869111576814,0.817197892812259,-0.0130925738384086,0.619730906966177,0.561405056539011,0.588226282514411,0.818658543112819,0.265609708736798,0.788233789468151,0.0202082963343181,0.212823474764391,0.00119295381188741,0.416794802388075,0.565413894240453,-0.135516795038171,0.287485348754668,0.282949010007754,0.263115423177747,-0.178001679816306,0.127166729568788,0.119021608621169,0.625112523927853,0.0793247059947891,0.0678493296207463,0.295657748913192,0.0323593460130805,0.00484032368784457,-0.375454371860628,-0.132384110866985,-0.267038794640069,-0.0621487527641231,-0.108535344514131,0.280129658855218,0.362456906900779,-0.0542103787676557,-0.028043034801332
-0.125695983129561,0.0227602957704357,0.0955615669591253,0.312752952726303,0.0512253019637176,-0.0729741054284055,-0.154670200720063,-0.0797877088533882,-0.00732769239666149,-0.184561377303086,0.058510857508902,0.0969717446143759,0.34085801979042,0.833954539436174,0,-0.543240777640844,0.329165395326961,0.435300626671025,0.638010099315115,0.522023910808976,0.819866022507974,0.0355059226914525,0.825265969985722,0.138080321420864,-0.221507339024688,-0.0305394517074419,0.175593033403637,0.244739948510035,0.528863877649815,0.793890668407399,-0.105390209795343,0.18994649470615,0.110788936382973,0.425011363154393,0.073980482274722,0.166325847259119,0.10619152857549,-0.0738868762838418,-0.00436279460107254,-0.0921093688967737,0.12292904363022,-0.0823418031803562,-0.182083754330986,0.00131466999073893,-0.109868499662916,0.218697183326188,0.481068675062289,0.456630554459888,-0.0748375157423105,0.0860167185480156,-0.34752017863229,-0.11934918727266,-0.130322785864634,0.322342751461174,-0.0741208004033039,-0.0236131340621329,-0.0448405805265479,-0.0110610295732978,-0.246552520050718,0.196269256108153,0.136829138181005,0.377637912302288,0.60706298869438,0.760424173981601,0.86516796138894,0.91535449117736,-0.163396748555744,0.483581840011037,0.543374043428426,0.532049157242111,0.846004081456831,0.117557212729856,0.782822563566296,-0.0715912971505074,0.147563817243524,-0.0269386820769616,0.434833164780305,0.628755699277161,-0.0246641296243314,0.407264792260653,0.313368247777004,0.290814784911236,-0.205811456897793,0.0363575346299916,0.0697952516023816,0.642909318330077,0.145767924609073,0.125416198882519,0.331337344626271,0.0707922893472677,0.0511952384440696,-0.389288983581227,-0.212104972507645,-0.288381170327889,-0.113371417447447,-0.0887701833513246,0.219274546416911,0.33356643348245,-0.101100275959616,0.0419786277390272
0.0735745223439749,0.266737842838749,-0.0406770974700423,0.0711341972320112,0.0746753030087392,0.0240168377064145,0.358353438056,0.194996694941548,0.128069633809955,0.171172683833849,-0.246532047216302,-0.259481125505747,-0.298981228310483,-0.445141477483504,-0.543240777640844,0,-0.236501289436687,-0.223183135712095,-0.382337006325181,-0.379504894424545,-0.452570262817,-0.00143250552408254,-0.492000933203646,-0.0736761647756982,0.180851657037157,-0.119997067657801,-0.316204496313861,-0.40844171026349,-0.393342840004048,-0.584168239391666,0.318443676680344,0.138761099452831,0.118953400217771,-0.393893291070656,-0.128560530783678,-0.366180997553126,-0.309393296805734,0.349656353025021,0.152345509935458,0.228822986211624,-0.349218699065359,-0.0575176798617466,-0.0387321554052806,-0.22041370216403,-0.141417333267108,-0.409189152345653,-0.427385990149645,-0.492200343714367,-0.135738907686492,-0.326261389464311,0.43167818492667,0.33798770311859,0.593349079922568,0.0392133085566645,0.125435169989902,-0.0262384329288971,0.231040522655611,0.099061695251248,0.0660345410402698,-0.380170347323819,-0.355664088835144,-0.364270386988017,-0.437081479298114,-0.380338802945517,-0.462064996528087,-0.548870842451833,0.17452147108135,-0.3754028415649,-0.34962657570937,-0.369879426139778,-0.483915109670608,-0.165743519506463,-0.468404184576927,0.0913790987539094,-0.112737877122915,-0.141529246835216,-0.273644360072302,-0.505788306941353,0.199189562292963,-0.0117629611144647,-0.184696753559379,-0.446813579151929,-0.0190826119909632,-0.106129418713288,-0.245186667958376,-0.524970759407299,-0.326169875449319,-0.2896275244233,-0.449932416474988,-0.211146923879572,0.152460398024957,0.513388401271797,0.276873212314626,0.166287570611304,-0.0923598738306289,-0.130147182475944,-0.376127375680207,-0.457576961217331,-0.153146053334856,-0.291447099713081
-0.0729694171654307,-0.196933917642183,0.28222652669871,-0.123027627743284,-0.172274777329578,0.0970664531139782,-0.00831717461298103,0.12454499801118,0.144954275179522,-0.113667914465745,0.369450265109589,0.530600457739468,0.621252267197511,0.502912716536184,0.329165395326961,-0.236501289436687,0,0.54023888668301,0.684878156926608,0.36426369494382,0.389060230674946,0.628601690466404,0.461706964136504,0.480319152512159,-0.0717824208608438,0.36174583906475,0.5593966813594,0.386791338083207,0.550389548022923,0.297311800224141,-0.304044327004767,-0.229065558651931,-0.216958597853891,0.611456067067335,0.575010890721443,0.0708379892683474,0.0961124078139719,-0.295408353737842,-0.182328813465674,0.100306416907928,0.169980582999214,0.0275086663618544,0.192904037908371,-0.0148036258548008,0.166809553634905,0.313873785596712,0.325519318859056,0.410685002793866,-0.014154183879859,0.0631570617296335,-0.460281767111492,-0.00760024138525607,-0.163727492750493,-0.15708129699644,0.00886902872673804,0.241868941038361,0.154228823459782,0.186450469377059,-0.0198302464341303,0.428838618873166,0.518970536159579,0.633637455565834,0.626210183846995,0.498237315324926,0.392378199380825,0.307812711229065,0.153218546189662,0.792861435054953,0.562816494424003,0.624727541765876,0.421972656962946,0.742323495667229,0.471892270931917,0.192855054108968,0.50887624411233,0.319833568133222,0.313353231145765,0.388065752117371,-0.409765936258187,-0.19029036466594,0.479073734493581,0.461525985826096,-0.038056116452699,0.540283412826372,0.471617321014254,0.457595112690964,0.121461457953546,0.205435244991975,0.3500236727795,0.183271782707204,-0.311410872065801,-0.280488677946301,-0.161855845147938,-0.204123237800273,0.26561028845475,-0.206743994443217,0.316656972836897,0.400987413568294,0.0344923609760532,-0.0338052953927982
-0.0922195127634597,0.186042971923074,0.30680973119537,0.206522530411216,0.0627701480597251,0.183085575909685,0.00294483525539239,0.468946063146408,0.324324612708081,-0.120139065209277,0.221304609260642,0.212685647628765,0.404553463071571,0.511611760320848,0.435300626671025,-0.223183135712095,0.54023888668301,0,0.456499403900369,0.660620453400489,0.561333699838105,0.423200258209146,0.565496560342454,0.2571427349884,-0.276333908811747,0.0762498246850446,0.308039765486371,0.239610630844428,0.467326349259027,0.397421071873228,-0.24037338070168,-0.116971333239212,-0.0919986171782509,0.526950062792712,0.287169811258376,0.153328925051447,-0.0873624167749003,-0.190173982483834,-0.0361147094043826,0.0384334457234749,0.0806672962807569,-0.187345621433905,-0.0432896438552511,-0.190228934978845,-0.0378074756093984,0.207492764947852,0.229920930754053,0.407581418347215,-0.00429115160966427,-0.0608162817731204,-0.295837729515653,0.254186481317626,-0.0762310888017187,0.137042114353531,0.190044788284799,0.245111738703755,0.358944973941099,0.400596604742411,-0.154297967861631,0.210118848987407,0.191918484754052,0.414939008370038,0.507490352670415,0.521183557331716,0.432816708543224,0.44244193233496,0.155761605800101,0.49233954322798,0.516105547237588,0.832283477399804,0.54928036129028,0.400887330909945,0.574955015586036,0.0508369407290604,0.21989185347419,0.0286547864029314,0.364510460122866,0.426429737033073,-0.30365380972043,-0.0111954307589082,0.322289626137617,0.322426891605529,-0.149313590063568,0.307009316485062,0.279711645970132,0.415710159542013,-0.0462769749554165,0.0846568002202237,0.372739640658797,-0.0339159639297344,-0.163241448363959,-0.321114824863696,-0.149201860931727,-0.238533341362216,-0.0360318591470249,-0.270685381071359,0.172027732438597,0.361744238932322,0.0356853380193352,-0.146114479711424
-0.167853366121383,-0.0664031251931147,0.209424821897602,0.135181759549355,-0.0654035563369832,0.0738176442012877,-0.0363569550760317,0.0184542494250398,0.0786459819497088,-0.161962308791877,0.227720508890359,0.282287686809475,0.589363819240285,0.789286734918673,0.638010099315115,-0.382337006325181,0.684878156926608,0.456499403900369,0,0.409231589179217,0.647453297008919,0.411167890654181,0.635756951532512,0.220340899238246,-0.119117056509982,0.152310712561901,0.34559154867159,0.286057123172643,0.59978144715981,0.517241782504074,-0.206540147504213,0.0719636519798813,0.0041182857935918,0.590380539241196,0.358299015624288,0.0703186772797661,0.184354272731932,-0.11606915174899,-0.0631098057687742,0.0486180332250394,0.154274462679876,-0.0336622809326306,0.0510141154090861,0.0818776937630677,0.0522434581717065,0.2486052478734,0.501701674825723,0.424323366841086,0.0152561639972361,0.112640318407992,-0.44047869239596,-0.0477691827308836,-0.106858818180018,0.134785526621265,0.0366313726136069,0.160907860804035,0.0977746896804482,0.0834585362080132,-0.157316534116596,0.318726127650574,0.326849470008084,0.578584290822964,0.780695991447121,0.752464271844309,0.721775901140861,0.606742204903396,0.0197279747393851,0.788201726533671,0.631464405500414,0.546919819571594,0.67739809883718,0.467617252739128,0.656952644195478,0.0711127058536419,0.274471346875332,0.125584703142949,0.362038668860157,0.464917668826051,-0.21393605360805,0.199516221255308,0.310644246674016,0.343518099118309,-0.11737144364477,0.26355710691898,0.173631792958501,0.624582140197266,0.17772245553913,0.0959619232626043,0.300731176101399,0.070588233551574,-0.0273652814183623,-0.322984737768677,-0.131891668416914,-0.272398229727057,0.0737339097143878,-0.0847125686954577,0.235788420152144,0.317315925925713,-0.0147981440538249,0.0149359351735117
-0.0159130574865406,-0.0245279987618441,0.138910541349781,0.140081690897499,-0.0521203797739099,-0.0481398666072899,0.113385597076977,0.112171373932793,0.0541943368780403,-0.262009391778971,0.0671726340166813,0.0188404416075247,0.300548972192769,0.527502917797768,0.522023910808976,-0.379504894424545,0.36426369494382,0.660620453400489,0.409231589179217,0,0.556671673174151,0.223809688238197,0.67410672172483,0.133282667323028,-0.296455438555651,0.026379452079918,0.445394698983031,0.405965989074316,0.561247462731776,0.493675243444603,-0.234948876841657,-0.114843851739244,0.00231684689798204,0.539630999976717,0.301425241658001,0.280179032394171,0.0664899020843944,-0.17169579509248,-0.12022248505224,0.00675359976418839,0.248715891545096,-0.0925312081229151,-0.0819830706187876,0.050842489397661,0.134706568729208,0.378920409750984,0.416715760540802,0.602829530495758,0.149805535129806,0.228458729083613,-0.339773608681475,-0.0593083240326166,-0.13004410378947,0.118927574776479,-0.0602114233397603,0.0211643547112414,-0.0418713353337195,0.066071199986228,-0.336014125073104,0.15389687034519,0.0763855525632794,0.295027408845999,0.482320165895175,0.462148855491233,0.448318527211433,0.525162227346425,0.0693126361179817,0.355837939534002,0.475239569741594,0.669729394170323,0.657070994842988,0.251495272636514,0.536355755332451,-0.0356229081826493,0.0355749440330138,-0.0624000971145838,0.437268635877596,0.481524774182954,-0.194579665188159,0.0581145402059636,0.284915516403517,0.472210525613475,-0.0335267646311025,0.24928874859422,0.351647279916882,0.546528083602099,0.0910804115947911,0.26370002294137,0.549917098366484,0.171067854817588,-0.109002753814874,-0.357007522534735,-0.189971648804496,-0.317912651363558,-0.0647307215282896,0.0228413896967831,0.366890907294525,0.579063267808523,0.192193899823232,0.124138530784268
-0.0732178062683302,0.0621718879411231,0.184806075705796,0.302083051100004,0.0588469721441575,-0.00991785672161078,-0.182474531407479,0.0518374835545423,0.00634439790994658,-0.229510878853557,0.0837340431195248,0.120857978516497,0.385047174537906,0.792372235929893,0.819866022507974,-0.452570262817,0.389060230674946,0.561333699838105,0.647453297008919,0.556671673174151,0,0.170050871170108,0.783690127364165,0.180874000715244,-0.19893694935494,0.00356902519540962,0.129002916474736,0.178979402683427,0.546754795399885,0.746163480637108,-0.128923581081717,0.143759474858397,0.0178144381357159,0.413695471132479,0.0580395744054316,0.0518080469720958,-0.0198205352382552,-0.078050238009114,-0.0113458809958622,-0.0861753247987044,-0.00365534469178376,-0.129195446027279,-0.198952114460395,-0.112243636314186,-0.216654894826835,0.137848717000683,0.412742587595284,0.410930276722475,-0.103723406535153,-0.038249573680723,-0.298602289436064,-0.00928131695669739,-0.135113900455821,0.27183470192399,-0.0232339675656534,0.0570917158192835,0.0410401567126577,0.0360226995404734,-0.27243362344604,0.204187315095123,0.151605831072113,0.405919448136119,0.659592808606536,0.759847410470124,0.787005582646316,0.795808532138072,-0.111968313030828,0.465850980216169,0.588005551027175,0.603051417399503,0.864728481274778,0.176792687827806,0.804313410070152,-0.0866653180995164,0.147147522505524,0.00230095330224364,0.395484384045791,0.615797619016637,-0.115229095068376,0.332765388642566,0.323646582552964,0.192097718998672,-0.253201292820627,0.0199602628702264,0.0351734505728852,0.595345890966206,-0.000706046304599067,0.0308566909621127,0.231791277483987,-0.0578674279123308,0.0268272498356211,-0.36655058876287,-0.178525454883169,-0.298286155089944,-0.0975783975535945,-0.203898625387552,0.135552931297209,0.279898609289069,-0.109567610770747,-0.0953559071338573
