0,0.340920330169679,0.208248500053488,0.0273853027902781,0.0479488004323392,0.428865451719259,0.21557825531976,0.134099121798193,0.0185554110060431,0.110427572294067,0.0519688744322088,0.228465504620389,-0.25113274983974,-0.164715309307697,-0.318982353355623,0.243794871993704,-0.318053083556243,-0.0285971909674347,-0.153373428082587,-0.088712106753678,-0.137131072250751,-0.339749011322756,-0.180644483653595,-0.181466119870695,0.554570421173658,0.0329569378776778,-0.208002230749976,-0.425725221201319,-0.332013677208695,-0.27752080137235,0.0176105040100565,0.650759528752685,0.0999926343906024,-0.175916389212826,-0.292146749149848,-0.0493647981896276,-0.290764024407155,0.510878004249735,0.146829489622511,0.290387269827633,-0.0838337724791037,-0.176259737172796,-0.0479168995121342,0.116331914131779,-0.096940318999869,-0.23769289626287,-0.137460958058514,-0.120261783292404,0.423559066240469,-0.0809687368451162,0.550264419202626,0.360586872323424,0.0958578579564506,-0.0224896147881943,0.120790308723779,0.579286124234546,0.154145618325033,0.000143422275819996,0.0912416781996292,0.0801111037575047,-0.110804592139256,-0.277779981990352,-0.235711634614332,-0.149959807160401,-0.161680823165793,-0.234942925322764,-0.00954559705489269,-0.213079542968664,-0.225516854910124,-0.130309907585281,-0.151533242400351,-0.309034104062724,-0.202867718177273,-0.0966063288740055,-0.350139329878189,0.225416642247777,-0.344294708638075,-0.38690066281408,-0.0506820135188745,0.419682078712504,-0.287522575808574,-0.242043206902231,-0.158127447801509,-0.281961263659586,-0.236256757354209,-0.25683249841107,-0.209123480515155,-0.306343376344548,-0.0335559109746863,-0.176558727569521,0.222123978450714,0.61911139323398,0.240650242598112,0.141834512036079,-0.174750059716427,-0.0527781859581737,-0.220846757722874,-0.188046133029983,0.382321902180789,-0.0352116510416941
0.340920330169679,0,0.512944510090994,0.508431721704294,0.480639546428627,0.594144789577271,0.488300395667216,0.516930645639082,0.297190721985309,-0.141966306841784,-0.0298675978222081,0.143735329364448,-0.0879210756059944,0.0370326992491761,-0.152526699930714,0.674331059730095,-0.0389383063764601,0.427403972053998,0.141164347539515,0.322976529294669,0.139406237687643,-0.109522681365514,0.114088250675184,0.0386064273283783,0.133074876302347,-0.00793705656943936,-0.0609874658371255,-0.378858297312226,-0.153220969441832,-0.107099936461242,-0.225747442165306,0.0743250921908917,0.0122323567554657,0.256619008477659,-0.0880115018398565,0.146542662904582,-0.252558011348465,-0.0458735795412082,-0.0237710496971525,0.162709725013837,0.0090934729540648,-0.233571910388823,0.0414766225305659,-0.0895832330035168,-0.242772851713669,-0.0943986022526698,-0.016853037393941,0.0535161326548875,0.4562808855732,-0.0620787577448277,0.315570605384413,0.77615978370807,0.390942771437376,0.440022947979547,0.610792935696995,0.481317153069426,0.55592620251635,0.389776533321905,-0.0388837594224326,-0.00875905427575634,0.00176473135521655,-0.0753891144494573,-0.0378824962541723,0.0740245492354276,0.0543845275129389,-0.0788132370683148,0.0887355576951544,0.100527695279335,0.137539484340196,0.31468969717661,0.201908655606895,0.0369153815820342,0.175140141452279,-0.0662689881834057,-0.162896561960759,0.0598701442340803,-0.090089079601653,-0.224803801018135,-0.22200129439372,-0.0418287493122481,0.0241657362991869,-0.187269475903204,-0.0790427950712969,-0.0470561714310788,-0.0542018621567936,-0.0607945802266103,-0.168190657054984,-0.237762935954655,0.235045333115098,-0.105090314155965,0.00985570424487624,0.194064278834857,0.000959386008922246,-0.0190547961038337,-0.00723885947459371,-0.0462928770009731,-0.0191760846726214,0.0663754848537179,0.51568314707131,0.0419122028151744
0.208248500053488,0.512944510090994,0,0.139696331787343,0.317011013548416,0.763977657831572,0.482245300071322,0.536536689911068,0.471145834799732,-0.014463949379444,0.000157229663189095,0.0394206700154412,0.0927006362589807,0.0147082051003852,-0.139159495569933,0.246603351153554,0.179190151528124,0.330802661484386,0.0277613361040182,0.126545896094599,0.0371644393810278,0.0706219574521387,0.0983976194388496,0.070059573097564,0.15378422642,0.0482177101584045,-0.00750304140356295,-0.203364259136457,-0.0406750893508106,-0.0984672727524254,-0.0259634010274675,0.0496756141425857,-0.129226867660023,0.235129326881946,-0.0281917805947489,0.0623932569572359,-0.19757257517648,0.121072592736165,-0.0261886905746037,0.172272599075084,0.0561747961925115,0.100517809980605,0.120693054025149,0.00784730161701458,-0.00656748380415709,-0.0307552392253689,-0.0757726570953125,-0.0195874941249656,0.476542271150375,-0.0280727356575697,-0.0191249242571811,0.6315271570518,0.0873605122453234,0.0731035706035306,0.686219044331709,0.538219435912812,0.524764301561569,0.478132739162042,0.00987280005539105,0.00931942654908696,-0.0325583804255589,0.0646771955654128,0.0510094469073089,0.103367095963931,-0.00165264812879761,-0.135848531934179,0.118278735934876,0.121610147491226,0.0988396805830952,0.200418069684028,0.114193534853703,0.0655298041160603,0.0973324795028513,-0.0156416564696766,-0.00261066749010708,0.079591113837121,0.0545143101160021,-0.176303421247227,-0.0131039675469749,-0.00869870596758398,0.0870464507501077,-0.111354686919218,-0.0737640242446735,-0.0553388349745735,-0.0295709396111193,-0.0734326193933839,-0.190906904285365,-0.227210819619384,0.0893030303062191,-0.012457679971215,-0.143881533182108,0.136603250054399,-0.0250124844783249,0.0304062882568723,0.073739307833469,-0.0490071171585915,-0.00025272755203322,-0.00997798848629241,0.416298624210366,0.0591661245362355
0.0273853027902781,0.508431721704294,0.139696331787343,0,0.450116533646688,0.187749137152173,0.15959391170395,0.311536239549567,0.186856520664135,-0.296417506239087,-0.0766130358805602,0.0088728911016452,-0.125499578759453,0.0675955010187333,-0.0239328900016003,0.425522325455903,-0.153473258373702,0.324949197842055,0.168842667145622,0.198740379538919,0.129559874967783,-0.240858998380197,0.0499863336601121,-0.155523943835554,-0.10237752275845,-0.167634547985381,-0.277695389380254,-0.314237150077686,-0.184879326677902,-0.0685565260949534,-0.238673849357966,-0.0958986790841529,0.177061754833816,0.141513739450418,-0.245130354396836,0.191816671517022,-0.151149471122803,-0.146336625740337,-0.0269922194135923,-0.0251229045044638,-0.0136264492566249,-0.188289387492826,-0.192603848973745,-0.236561722264211,-0.346149846827313,-0.20394662892174,-0.0192384133007212,-0.0029872045512934,0.116434000668795,0.000204605923479154,0.217043640257008,0.406942137570456,0.518711693469999,0.803588797214805,0.317895076294823,0.141307930760864,0.357149542954996,0.262144685936962,-0.174201456159555,-0.0391172052964642,-0.0300712668418781,-0.110938831608688,-0.038054968662972,0.0845767359752929,0.156663973883223,0.0485623984725915,-0.0522216291813514,0.0529634794158117,0.110100573303863,0.305044628865249,0.228775693559454,-0.0921415475060638,0.116734618970778,-0.128504732736098,-0.191128045144519,-0.195234931880941,-0.104513639569461,-0.0955977892985932,-0.239872082803618,-0.125389586279016,-0.0543538497737418,-0.132068057205519,-0.278667513874752,-0.242973211838023,-0.251941955723313,-0.116335004756521,-0.0973933963835743,-0.235093842280007,0.273824474787856,-0.147114865354595,0.177802240441057,-0.096232379889268,-0.0426134278881125,-0.218344236335931,-0.190758882601445,-0.144365244007069,-0.148802163887697,0.00998474045499024,0.269385416726003,-0.016669448395737
0.0479488004323392,0.480639546428627,0.317011013548416,0.450116533646688,0,0.381031021497354,0.211022211988201,0.253864245300531,0.21845904406804,-0.165048060460262,-0.120803677504183,-0.0198995327157632,-0.263461745414325,0.00717960761216455,0.0314105532573406,0.422287393764159,-0.118727343502538,0.211995733532228,0.0920817738432403,0.553263866235548,0.179553997068639,-0.114306049248945,0.142583725459071,0.149137969357494,-0.181103328645076,-0.0805699168950815,-0.00815074033262933,-0.186410152810296,-0.013654776244185,-0.00597996167739053,-0.250357682983215,-0.0624102974927529,0.0359765652400636,0.160379082583335,-0.0231883827158482,0.452017978860114,0.0573969195256692,-0.247485996052715,-0.00234283054305586,-0.028941623115518,0.125873060812164,-0.246713727514912,-0.101268261313824,-0.249226199426626,-0.203807957737407,-0.064072051686702,0.0953859757665529,0.126758221291004,0.229073375397886,0.0946414909522189,0.227892184042303,0.449970112612537,0.321574868166711,0.565346571245061,0.564858822516625,0.156656645808994,0.281729715984159,0.321992715672125,-0.0986369497246236,-0.0553754364897128,-0.0440755814560729,-0.185582040793791,-0.0056902329127427,0.0149142486359626,0.0538696931188428,0.02960505164305,0.153744203510387,-0.0166498233100421,0.180606169218032,0.211458014540992,0.24702278529334,0.0733156203656061,0.207448561610001,-0.0428699354608655,-0.0132044078370361,-0.0556938708399232,0.0209884387445486,-0.075050063973987,-0.280523099363279,-0.0307036034139683,0.285081216142746,0.121422399263347,0.0745838560842037,0.0784243061238459,0.0746345775738012,0.169291900021758,0.140179359995029,-0.124843726338239,0.43562504840289,0.0886963633459003,0.0550605934513339,-0.0808759433318514,0.00694783504123948,0.0426414448445405,0.015198062105452,-0.0863041167976906,0.0622914422035603,0.194586072262553,0.323509572611079,0.162585634376888
0.428865451719259,0.594144789577271,0.763977657831572,0.187749137152173,0.381031021497354,0,0.552507935488486,0.588142178357191,0.54333779570049,0.0259283524951502,0.0213444359287356,0.122742466616905,-0.0407094399532067,-0.0407079578235433,-0.208837210830861,0.369674575459639,0.0258017835111589,0.368754039616333,0.0288123827216643,0.247682639314437,0.051381963567441,-0.0559954375647967,0.0836707893114435,0.0476482273952443,0.34638161743948,0.0641959079080565,-0.0597787490362177,-0.313573964569741,-0.132400820585238,-0.137937130345202,-0.118704253116578,0.165676374622287,-0.14786469569489,0.228452025454684,-0.0743793311585959,0.0936300473940485,-0.251798518004181,0.159486613342848,0.00946190957586892,0.315689824419247,0.0854560196830708,0.00570764637227618,0.100365808438371,0.0396721240244193,-0.141695293094263,-0.0864656946677274,-0.0643563179190277,0.00574137241949482,0.667042614025226,-0.0779055735781342,0.121651003981789,0.644796262335592,0.189506357475471,0.176377752468396,0.737256752245035,0.750472217620304,0.571667957689162,0.523524768833906,0.0920393644585629,0.0460002048856447,-0.0580807680935158,-0.0701848250608525,-0.0514157640430796,0.0522918699511903,0.0235416665703952,-0.164476785822745,0.186968110304374,0.0732715725367553,0.107930944825497,0.215381699005528,0.125167264942014,-0.027834739305098,0.0954520940047461,-0.037017637611365,-0.0755739516845664,0.159888589741645,-0.0396025774871727,-0.243839555854878,-0.116055567908895,0.0169445434812851,0.042402412528957,-0.149576436136611,-0.0624820565771456,-0.0657643714445676,-0.0778983753518531,-0.111362116070915,-0.222287670652789,-0.259869234215617,0.0979798467094351,-0.0421645078176695,-0.0822993658632532,0.370821164955165,0.0934927204971825,0.129083420547824,0.0169315329920063,-0.0131068005028322,-0.0311038339141972,-0.00363845083923777,0.54704480143795,0.039616034787552
0.21557825531976,0.488300395667216,0.482245300071322,0.15959391170395,0.211022211988201,0.552507935488486,0,0.695982301156151,0.575073444901598,-0.000580550516599596,-0.0153175102318281,0.159805040318038,0.131139960331831,0.220798186876361,0.0745903394660839,0.427856197231834,0.248836234514836,0.522409526794006,0.296317072363429,0.309549359963231,0.348506190729513,0.0630961211700887,0.319379060430845,0.297932541801139,0.181506618042755,0.113721933634305,0.182029688955064,-0.204537086723973,0.121714811459976,0.0587994353519406,-0.294247656881264,-0.0466199507046933,-0.275818892098684,0.49300841182331,0.10876610470387,0.199877377980057,-0.104779157492812,0.116172844123922,0.18810113820753,0.504296804486837,0.356925627998381,-0.0397436391282629,0.209738717053116,0.0318195632149539,-0.0686555509253996,0.175499968885345,0.22163453951755,0.264455741364146,0.532320117660472,0.185652659538866,-0.0823709564709731,0.491545305451183,0.117621276798136,0.0831049788944133,0.463638554397354,0.534766689170168,0.593852798504226,0.510279789703806,0.0553147270487359,0.0389186505060032,0.0421287199314523,0.116289061307429,0.102661237443894,0.251968033493719,0.287352787028408,0.130983114741764,0.349535388823239,0.29076823386575,0.320397507050422,0.373552715810437,0.352757336489797,0.124574806640565,0.303028885168983,0.0881443892228233,0.0227524196792538,0.156139223335275,0.199009207108788,-0.015095659138657,-0.262439162503646,-0.170338375797953,0.20918022633569,-0.0167952327345366,-0.0369523705562988,-0.0808152226828754,0.07846224785626,0.018291551015338,-0.0743704673206163,-0.113014682099434,0.140850546457395,0.104902738160618,-0.251386604262966,0.232096441145028,0.155202167710476,0.0524129327948229,0.123272351838564,0.0604523849920253,0.218215520956742,0.197969104789457,0.413461135273053,0.301304033913224
0.134099121798193,0.516930645639082,0.536536689911068,0.311536239549567,0.253864245300531,0.588142178357191,0.695982301156151,0,0.772945916873678,-0.165122216752837,-0.111956773662282,-0.0500144714178806,0.048791181033411,0.142561615984501,0.00647623211109287,0.348095543030111,0.194651907440715,0.763255176297318,0.243348322720817,0.313749757586115,0.309035317070431,-0.0124018519634917,0.195488485656835,-0.0063316927705306,0.107086978450729,-0.00235409558208344,0.0455980001677202,-0.190259189559406,-0.0591994629007827,-0.0534309136486772,-0.200842885046835,-0.18018405546577,-0.13048342318617,0.597371805060275,0.0456373451311882,0.0887460520900206,-0.205898896477707,-0.0619901937874089,-0.125129623227507,0.345570613160467,0.264487585356523,-0.0101616518299269,0.182756096571239,0.0895417661315663,-0.0542364849119618,0.0834420288940882,0.00755301576037644,0.0883496318928787,0.440879422814341,0.0471953125613136,-0.114385275177168,0.512733056280103,0.183011035085599,0.214988741673671,0.598222660198409,0.551780081434775,0.850929751708084,0.803586288111199,-0.0551866834526005,-0.0892942007728772,-0.145218302257755,0.0308249283973942,-0.00163292824125887,0.204420597732553,0.298164393831304,0.00103477507712,0.225676359670761,0.275442122637801,0.374904581108822,0.61388172415589,0.398309878671282,0.0314687474241387,0.205834550166561,-0.0877284522442993,-0.0732594638735734,-0.0104938504763569,0.107716821183202,-0.102186794350556,-0.255236557132314,-0.286915986757884,0.0952637511806051,0.00292967147005927,0.0237543318823516,-0.137355364004123,-0.0611402492175981,-0.123027254480702,-0.203374594995967,-0.169097376132713,0.128009470268056,-0.0176178259070071,-0.182852562326598,0.139094267028801,-0.0553919309702531,0.0110894319258513,0.0362752305848286,0.120270301314799,0.0695225022752525,0.0314490462144328,0.323058183030733,0.123662326156087
0.0185554110060431,0.297190721985309,0.471145834799732,0.186856520664135,0.21845904406804,0.54333779570049,0.575073444901598,0.772945916873678,0,-0.044990219323568,-0.0654934028906275,-0.098777253631491,0.0660165444009469,0.0798664373687494,-0.0148383452863264,0.0808980526594078,0.167781849905181,0.602721829066367,0.0744163800292672,0.314317917828537,0.257687908125803,0.0141063967541432,0.128011475221267,0.0152215336829458,0.0747135973759697,0.0383456505832909,0.0520006260933258,-0.0938778461542304,0.0408564672425457,-0.0527943033893992,-0.184859246140289,-0.210127357710426,-0.18556568350018,0.481886476168285,0.0521395650710449,0.123291287100558,-0.073560684298517,-0.0772006100700234,-0.114561713458276,0.303952036555557,0.385471894382393,0.0799322979664759,0.154235354255107,0.123222087982188,0.0451940389482871,0.0784631188093689,0.0173610255335194,0.0666179384132824,0.424346419589351,0.171603460233361,-0.215796196262588,0.309619896162885,0.0132569776755448,0.17687423684947,0.548573158535355,0.502540647079642,0.68541825445078,0.807657027799797,0.0997191376580223,-0.0750827849052718,-0.180070358983152,0.0837345422651739,-0.0126387053794855,0.114105487280841,0.181039825856018,-0.015750152683183,0.346654567734715,0.217284957269561,0.383007967483601,0.536545468578835,0.341789524648849,0.0854904539518888,0.141639333827871,-0.0290074048748527,0.0644772975354551,0.0106266868911097,0.173615169555883,-0.0469439377961726,-0.291961714796985,-0.264972255918213,0.151608867278938,0.196888942802976,0.107962254009647,-0.0857959993565042,-0.014968285883569,-0.124121085987711,-0.108120393079568,-0.0623652767776941,0.0804783603126946,0.183653363886983,-0.197938274658307,0.0644595650547196,-0.0287305275687278,0.0712229341830098,0.0701710248415635,0.164077012279704,0.0988303647497802,0.0255190555532428,0.255691448512279,0.193353582758719
0.110427572294067,-0.141966306841784,-0.014463949379444,-0.296417506239087,-0.165048060460262,0.0259283524951502,-0.000580550516599596,-0.165122216752837,-0.044990219323568,0,0.544411997117682,0.369987145131143,0.152634472864448,-0.156793104242084,-0.179376510291118,-0.0557761056689835,0.100626970116438,-0.261204298841082,-0.201206230003608,-0.17345936215475,-0.171818859606492,0.201404268687867,-0.164823955556434,0.253612542640185,0.494366790663274,0.36589554279832,0.0278781988220366,0.115744309868716,0.0696320030273046,-0.107650805458615,0.37637396666763,0.285678517803289,0.0469721532950831,-0.170612093187189,0.113970315576358,-0.0923746959084918,0.161930949748128,0.409773147659148,0.172997332046831,0.400044460186366,0.177050224656964,0.330638036149334,0.144208943871474,0.357091801767044,0.1426640474564,-0.0753857685970385,-0.0755576150934367,-0.0733706108088101,0.113000026781055,-0.116233517394618,0.0484089974036554,-0.09346514001024,-0.140363763918549,-0.250436757262058,-0.0648998031355425,0.124127737678631,-0.253100761511157,-0.183539780298812,0.662601442377938,0.47786094849496,0.33901424746136,-0.00480508714310643,-0.181172947441751,-0.234074209685963,-0.307713052079376,-0.168934959596141,0.326094483985945,-0.228846764105209,-0.24996748609189,-0.297492010235074,-0.297753207929715,-0.0233778638870542,-0.186397913581057,0.571442578674869,0.330140772644263,0.521672965517907,0.00819141006717505,-0.068754040876889,0.256720103302052,0.251684568859364,-0.0744492291172642,0.0230526102449369,0.100408549467893,0.0781746587319793,-0.0179786300017765,-0.0562281518629821,0.132376646305099,0.217320842504819,-0.145873276082308,0.324863483146116,0.10142909128309,0.350567534653708,0.298935720052576,0.336534711456484,0.145916991848161,0.278647068390667,-0.0434204733433858,-0.0954011810177373,0.0258188088244439,-0.0481474308851698
0.0519688744322088,-0.0298675978222081,0.000157229663189095,-0.0766130358805602,-0.120803677504183,0.0213444359287356,-0.0153175102318281,-0.111956773662282,-0.0654934028906275,0.544411997117682,0,0.646552139071033,0.147228490307001,-0.155355349877005,-0.159417298166468,0.0613592168559437,0.0348582197327165,-0.140949383780677,-0.181816855832879,-0.111611834968935,-0.153027747994777,0.125826701908613,-0.25066194865986,0.113794637132292,0.385402624725406,0.682335821173205,-0.156501564723699,0.0511316298429842,0.0129479952099637,-0.0998998412200241,0.209567860707163,0.146708841137068,0.0536189584226071,-0.124585129324739,0.0342394318487419,0.109717513324186,0.227262271466132,0.236388207609534,0.131566452274855,0.30722487507289,0.312281160121334,0.218526978235568,0.220492139934961,0.542835245252709,-0.0146859650688628,-0.137445106952532,-0.140341263356322,-0.158296134228351,0.192958072294956,-0.0290301948241983,0.0537342503425199,0.0720268030786854,-0.0723018486635388,-0.111480379589304,-0.050180436841157,0.165594556830596,-0.0748753878796686,-0.0636874630956499,0.695486140237545,0.802450732042425,0.535991441615222,0.0936826483993267,-0.113849294823351,-0.140772153463272,-0.165578320227164,-0.114186354671365,0.479334053879315,-0.0901467598177656,-0.112935092815829,-0.114539039481096,-0.213353086857961,0.0342455942653724,-0.130032992485412,0.685700810264943,0.52545134006271,0.67491609684676,-0.0344933182822878,-0.127539721399833,0.115416514889378,0.0950702903561221,-0.0319904009244938,0.159549600639783,0.0277742944849086,0.12908186195867,-0.0868835080321213,-0.0628441442728104,0.209899838525513,0.170964565102713,0.104113911293944,0.505017058445124,0.0258587085157426,0.332556576040009,0.313062269881884,0.179950996400055,0.123953588008641,0.388400811330216,-0.107872074046228,-0.108975510211538,0.180901981259171,0.122494067182998
0.228465504620389,0.143735329364448,0.0394206700154412,0.0088728911016452,-0.0198995327157632,0.122742466616905,0.159805040318038,-0.0500144714178806,-0.098777253631491,0.369987145131143,0.646552139071033,0,0.102021330706412,0.0613082275355076,0.033381626817313,0.19135788177617,-0.0566640145708591,-0.117912324287004,0.0384764077377856,-0.104197482808011,0.013913032422049,0.0396433087545164,0.0131264149100426,0.258493698993073,0.420420323940205,0.660970524018275,0.0200270366667415,-0.0364090195582037,0.0750522550425544,0.0936553102969356,-0.0931246760748109,0.142515653211253,-0.0864269183297958,-0.109211015046282,0.00593427456493465,0.204201848544577,0.06596535754608,0.248607316044909,0.312153837109092,0.377366768837992,0.180071744300191,0.0926740627513999,0.324266408122776,0.320249098967384,-0.139109566084039,0.0360663512182612,0.116750198861563,0.0940613572115383,0.305714113731369,-0.0220422197009024,0.123307317002843,0.150269482256166,-0.00976178616459386,-0.0615233851934158,0.015762074762883,0.27508797036963,-0.0458241080326377,-0.116750881487126,0.475680362880245,0.646173216748982,0.571302109540811,0.0916012057236652,-0.00960048296151111,0.0581677688318687,0.0307358735872535,0.114110472020172,0.316534146972461,0.0201691135386895,-0.0534737037529458,-0.139319971712881,-0.0701843006470169,0.0431517763205739,0.0797395855756317,0.492374000072001,0.234947671361661,0.704903833051518,0.0267577808568893,0.00764115652580219,-0.118243556186249,0.0393846329241684,-0.00687135700657676,-0.0601498865069812,-0.0950507222803713,0.0807568639970955,0.0297375937976235,0.0287049260631061,0.150353659850724,0.0932766397861239,0.143436369462863,0.260793239905269,-0.0559261032315906,0.40687077600192,0.362035137360186,0.297716819284602,0.149483048998715,0.23500576029216,0.0757410235689926,0.104902628862469,0.327283836390089,0.13963930680035
-0.25113274983974,-0.0879210756059944,0.0927006362589807,-0.125499578759453,-0.263461745414325,-0.0407094399532067,0.131139960331831,0.048791181033411,0.0660165444009469,0.152634472864448,0.147228490307001,0.102021330706412,0,0.473467820971287,0.325469120925613,-0.134549548239558,0.733003733626449,0.152639086057393,0.415011851423691,-0.11673340951905,0.270902141821264,0.576645434748875,0.329290603948792,0.37853879369304,0.00848804830240579,0.237967153899386,0.3389611232721,0.359609814700695,0.533069118612335,0.301144628644929,-0.0186585794967802,-0.175733258105629,-0.229879067418586,0.344363455801089,0.384939307748474,-0.15422705616748,0.22804761275413,0.155361484447891,0.211653047203736,0.0339049975905088,0.095667194864338,0.30997543802746,0.226181254071486,0.0553389372614197,0.158472623116814,0.318069669665794,0.212237237703953,0.221721007298419,-0.0183031618725092,0.0820671036606581,-0.331687487312219,-0.0155151067696187,-0.159022010249513,-0.165035712403362,-0.00933903436299382,-0.0241204967201142,-0.0209462760731903,-0.0205278942603602,0.0829141466646545,0.14870359253065,0.389278989120429,0.763120853751529,0.473700486114525,0.393923767050966,0.254625614437091,0.353300819251328,-0.0527404734583572,0.508426567980119,0.254732892143153,0.0877600870070635,0.157213503350902,0.400826292432033,0.291019603372085,0.0621683838250854,0.432447971404802,0.107782510623715,0.467552684507466,0.365703791969998,0.168677662843675,-0.143136899393311,0.19420127682708,-0.0120842073866881,-0.0770050798922646,0.247812562205983,0.246543988011599,0.122836806762001,0.125981355856866,0.256026694050288,-0.0951215645592595,0.0705101462189141,-0.309028970637824,-0.136241310583773,-0.104849989421493,-0.0889905688139286,0.206444974816786,0.0290885193177087,0.282887428050276,0.195197797267576,-0.0582763431349965,0.0410755320398777
-0.164715309307697,0.0370326992491761,0.0147082051003852,0.0675955010187333,0.00717960761216455,-0.0407079578235433,0.220798186876361,0.142561615984501,0.0798664373687494,-0.156793104242084,-0.155355349877005,0.0613082275355076,0.473467820971287,0,0.760005800233587,-0.105148300441708,0.540849209653219,0.32018678475636,0.722028962745733,0.102254254406086,0.703240467443513,0.372388665234843,0.775068521690389,0.527242057073154,-0.199959576669657,0.0641257263813994,0.526381549423478,0.244098718965045,0.575752923823776,0.735056701090766,-0.438267246450459,-0.287805263226838,-0.360890264525493,0.521869332380456,0.276978661437723,0.142896229806646,0.114938155817863,-0.0981880279998672,0.206296725434921,-0.0311747196277569,0.228116470165786,-0.0533326152506793,0.132879873901457,-0.176574196051195,-0.0705714003130135,0.592773001826457,0.633076645099088,0.636205400963923,0.0781668754060673,0.274168065550757,-0.308769576464343,0.011593261237374,-0.169157529352995,0.0196513976202073,0.0618001698526966,-0.0172349533005139,0.0656865635719915,0.0846430393955572,-0.228749456650961,-0.103640006524634,0.207003031008717,0.42274772913684,0.657915589482132,0.699932914559152,0.68539580504483,0.776977439550436,-0.0775130987504106,0.613527786126799,0.50529578609928,0.294667762188653,0.594336652081237,0.417546905554592,0.683113899177893,-0.070000063449973,0.129585402613948,-0.0234589159324417,0.573936533955526,0.637994101853937,-0.231959979311218,-0.315996268465652,0.411041562275043,0.0694748113335266,-0.0779613501065045,0.165753632162881,0.46071317302678,0.47613437053347,0.12746895113826,0.193576394782238,0.215124973316275,0.0237471042350351,-0.342777847376045,-0.224603634805658,-0.0500872528482299,-0.147531645278476,0.133738381146411,-0.104120671300454,0.58034910209229,0.627048212533581,0.0494717587557044,0.274719697211085
-0.318982353355623,-0.152526699930714,-0.139159495569933,-0.0239328900016003,0.0314105532573406,-0.208837210830861,0.0745903394660839,0.00647623211109287,-0.0148383452863264,-0.179376510291118,-0.159417298166468,0.033381626817313,0.325469120925613,0.760005800233587,0,-0.148711810557486,0.401494779768879,0.224597864296646,0.613846890427018,0.173187657991644,0.691588696278464,0.328101819188719,0.706567973351404,0.447244493163812,-0.346735105815236,0.0423916397086065,0.54252914071092,0.463633628526699,0.659194564603818,0.746253349010215,-0.382499358943635,-0.386908029683721,-0.301268324256743,0.435769959054583,0.343868852085031,0.191291555225286,0.240688448823559,-0.252874683013782,0.155205295497947,-0.1741001735016,0.149186085525354,-0.0446393670462356,0.157990687488676,-0.192412798859964,-0.0744966407048741,0.606429590947315,0.594010467903115,0.58680337313309,-0.113668215063986,0.226344876789045,-0.318838049452273,-0.14470145582576,-0.136181374581663,-0.0122562273761968,-0.030905788758564,-0.207527658726043,-0.0230128772729406,0.0075815477983925,-0.208221059018295,-0.110240193860987,0.22402257929436,0.412153158963059,0.614559863892316,0.6514614184853,0.72297157230983,0.8283984485511,0.00261948169780262,0.612155609911413,0.577465104018077,0.31571431707704,0.630556303600006,0.474254942292706,0.66496102142944,-0.00188551360387357,0.206107749141551,-0.0503644292747606,0.654126002438749,0.758158172939113,-0.253761416005854,-0.338662053951958,0.515392938250707,0.224558465979266,0.100358578321358,0.307369829235884,0.52011622255813,0.551378074966486,0.266723555078225,0.335675330922645,0.256893135925937,0.110065205450162,-0.389211448136915,-0.324406050213091,-0.0555070775844189,-0.0511964755937405,0.196038845163885,-0.0361345724475106,0.606779847857061,0.623055102521508,-0.106423198298547,0.24321045108875
0.243794871993704,0.674331059730095,0.246603351153554,0.425522325455903,0.422287393764159,0.369674575459639,0.427856197231834,0.348095543030111,0.0808980526594078,-0.0557761056689835,0.0613592168559437,0.19135788177617,-0.134549548239558,-0.105148300441708,-0.148711810557486,0,-0.111676277608244,0.280100912204183,0.0806476733830516,0.388785985806249,0.111470720347521,-0.151172445005603,0.0549614813330309,0.0463232075571154,0.0879374417626782,0.00301971059417661,-0.0800839274601454,-0.284264930873761,-0.127533163125482,-0.152614874497997,-0.104375060383717,0.140599281543381,0.215998375069993,0.177057863521026,-0.0088915739208918,0.136350663356382,-0.108747485899807,-0.0294857527917041,0.0939643464385049,0.219741028100113,-0.0268014515626645,-0.248633905886392,0.0276786021693643,-0.0589126023838439,-0.23496391559776,-0.129361444983091,-0.0158918167271273,0.0350179380456455,0.298989830873021,-0.10020433451707,0.375722400011045,0.615628446289552,0.587173533619289,0.352392553721563,0.324016397628458,0.278423248025048,0.360358908271528,0.198351416040551,-0.000392395811184086,0.09341816913732,0.10288613072055,-0.134332175460413,-0.132858632190545,-0.0253950926174173,0.0281056273075214,-0.113832109534113,0.142134418759377,0.00631247995486135,0.0626016754018902,0.192045663825654,0.126930125914329,-0.0430646240166775,0.116366764075928,0.0630839689693481,-0.127555571927234,0.0938542318899618,-0.104542106671887,-0.270748604191542,-0.160208622665116,0.0168036111053437,-0.018851143953374,-0.170707160756117,-0.0473959908724794,0.0192592937926438,-0.0768382939496867,-0.035709506359397,-0.0025789786603501,-0.178759071707229,0.180332056896721,-0.0966391472315195,0.0688161124288917,0.205426739035475,0.107391432385789,0.00795819028543359,-0.0316060926349572,0.028585252886253,-0.0636600904414661,0.027080967229914,0.402074095602584,0.0255521062276398
-0.318053083556243,-0.0389383063764601,0.179190151528124,-0.153473258373702,-0.118727343502538,0.0258017835111589,0.248836234514836,0.194651907440715,0.167781849905181,0.100626970116438,0.0348582197327165,-0.0566640145708591,0.733003733626449,0.540849209653219,0.401494779768879,-0.111676277608244,0,0.323039200684831,0.496350737042661,0.0526008127626917,0.448168090229508,0.633953312689077,0.480416742560658,0.554161675650419,-0.129127037951509,0.179947624918751,0.4319934335377,0.372071187088989,0.581936210023232,0.368554569124679,-0.123532073231702,-0.307119038395031,-0.318305446359185,0.624169154829253,0.450797180253048,-0.121000409271213,0.278081414677253,-0.0727789899406086,0.0340822531430146,-0.0263059047365994,0.273815000103256,0.178194158393976,0.192343303184857,0.0252126775152425,0.132097063232758,0.428125490901197,0.276092535227616,0.32370901466197,0.00313123784569244,0.201108044097629,-0.46213204603842,0.0391441835677177,-0.230202187012968,-0.189796326266787,0.0962902959890485,-0.0250885219212252,0.0907191751860338,0.155633631503186,-0.0699247257170416,0.0765893375708498,0.290795215614462,0.574235212413268,0.445946549991842,0.415968432433626,0.353610901833401,0.36938587749273,0.0164669194985683,0.554547807559902,0.424819946649576,0.283734800546408,0.374792376569542,0.446469229367112,0.41084553093651,0.0392774769871847,0.443955956560236,0.0524127337668131,0.547596693128806,0.379648236354142,0.0488182231219888,-0.291450759279072,0.391047866193726,0.141225569459385,0.0454285953056596,0.234668125330992,0.337253222019874,0.244188527485665,0.179945033156991,0.271797231161654,-0.0274492971637718,0.16828803991025,-0.387133865855203,-0.267715350474094,-0.180670211686355,-0.121644708749206,0.265223436140444,0.064961911883249,0.374947615416551,0.298973272843342,-0.042005907359772,0.203571414066888
-0.0285971909674347,0.427403972053998,0.330802661484386,0.324949197842055,0.211995733532228,0.368754039616333,0.522409526794006,0.763255176297318,0.602721829066367,-0.261204298841082,-0.140949383780677,-0.117912324287004,0.152639086057393,0.32018678475636,0.224597864296646,0.280100912204183,0.323039200684831,0,0.470123173036464,0.470279156133921,0.53018847194028,0.0293581457359721,0.315209292997764,0.0994439245992366,-0.0734537901011633,-0.0783387994707034,0.0568459935390447,-0.107091976415816,0.0726294103962628,0.0765063084810949,-0.237735852109011,-0.272498537730016,-0.132229676118112,0.797550484522886,0.0485387898976049,0.106005312054554,-0.1971550019049,-0.200235183861004,-0.189488823562237,0.171362504246368,0.30431325716505,-0.0705751856604691,0.104976995368486,-0.0457908839455279,-0.182697905792369,0.106840590001181,0.0572632391662659,0.125946502086045,0.31877574006258,0.0928128884909429,-0.120709222655416,0.381209851403059,0.20805734312156,0.258310348296798,0.42576273837681,0.344696805091356,0.720615933065665,0.714755339593178,-0.131609002207363,-0.140820770731319,-0.142523582107049,0.171327904771486,0.130206306564428,0.388077530014697,0.512240402692252,0.218238072467013,0.178125145101438,0.471547501419829,0.581886514719775,0.825319050021312,0.630899719829522,0.107426313077801,0.343620974813546,-0.113515117640158,-0.00351943241717564,-0.144859741229466,0.237986873182443,0.0372802267825186,-0.191122294535462,-0.329787281790457,0.198916728134656,0.0941440694568977,-0.0218933568340901,-0.119553848485141,-0.0356104495681396,-0.0503880440453274,-0.209258061528376,-0.16672297425653,0.267111280180104,0.0388998497699416,-0.227362237638851,-0.0306888546515077,-0.221793496783081,-0.128411436982011,-0.00509696274042812,0.0116994110583911,0.0828754383631856,0.100367544880967,0.25015672162338,0.162116943995898
-0.153373428082587,0.141164347539515,0.0277613361040182,0.168842667145622,0.0920817738432403,0.0288123827216643,0.296317072363429,0.243348322720817,0.0744163800292672,-0.201206230003608,-0.181816855832879,0.0384764077377856,0.415011851423691,0.722028962745733,0.613846890427018,0.0806476733830516,0.496350737042661,0.470123173036464,0,0.167782612476015,0.66090391569471,0.177559668284251,0.579719875107642,0.453962815286867,-0.140031941403465,-0.00496854680001326,0.320447878548192,0.098959647120989,0.422188682468078,0.464553204396649,-0.353136348032655,-0.233333444664763,-0.215924204231821,0.584652079387472,0.21381645976609,0.104504599699155,0.0389595598977975,-0.0973670378511529,0.142554982953059,0.00442795424792035,0.146712314522038,0.00787493429749433,0.159947592722888,-0.222095867174515,-0.210267895974635,0.330021942855735,0.415334046711289,0.417613921873938,0.0498408088592906,0.182320333606544,-0.165463704681024,0.0442413683517202,0.0549896653675787,0.12280287017178,0.0912004044303825,0.0205964239761836,0.157655933623042,0.127635573604874,-0.23783936598811,-0.122258786214474,0.153324457393497,0.365841138951516,0.477474890136304,0.605668663304436,0.678070140142828,0.617032799239258,-0.123319783866499,0.584189555855302,0.489616353546402,0.371818351574573,0.568109806010246,0.242983960746526,0.526899830234362,-0.162995330323797,0.0842308308401939,-0.10019205796432,0.451542918033644,0.423892692005217,-0.123765100741495,-0.219961599582453,0.326391597554467,-0.0796026020445472,-0.0944445977082864,0.0524961056562602,0.217795594183615,0.253688709131986,0.0451699182996807,0.0704144942814026,0.18386401443853,-0.112294026736878,-0.244386568792152,-0.158937652328254,-0.125249571866577,-0.0835580115980955,0.169062777455326,-0.0848816546630527,0.346032509698942,0.403915468861011,0.0189294015391358,0.203125381984196
-0.088712106753678,0.322976529294669,0.126545896094599,0.198740379538919,0.553263866235548,0.247682639314437,0.309549359963231,0.313749757586115,0.314317917828537,-0.17345936215475,-0.111611834968935,-0.104197482808011,-0.11673340951905,0.102254254406086,0.173187657991644,0.388785985806249,0.0526008127626917,0.470279156133921,0.167782612476015,0,0.408878907753789,-0.052966586732083,0.267656522000031,0.134226975484493,-0.258104635512685,-0.123199101821816,0.0984310761878702,-0.0630200119730026,0.11370714553676,0.0576297715351235,-0.177281314565645,-0.206404962623279,-0.0682838341152262,0.441847448552431,0.0881692576509463,0.443424798721603,0.0578715633099237,-0.339105572879777,-0.1229545633172,0.00983776045237586,0.34309857597148,-0.296958143433205,-0.0632168783925683,-0.126203941388678,-0.115330474644919,0.109253440691425,0.173415911628837,0.220697763668418,0.334838325470085,0.223304208446931,0.0329574873288469,0.329267888149635,0.249591228122629,0.310414509845898,0.347371832677823,0.0735868415795506,0.337909799819515,0.402486923400885,-0.135286503634615,-0.0613939764539446,-0.109405106901268,0.00703859073539302,0.0118451394981579,0.125115796884913,0.24036824791284,0.125659067089381,0.372541513996339,0.160670689731732,0.383919359566268,0.469720837560905,0.486290350295684,0.0731707610812206,0.281077600565005,0.012940573893025,0.0262762865707278,-0.14692115633267,0.146333735723318,-0.0209270010676889,-0.195854980251725,-0.213044462173916,0.288153383818636,0.304811012205857,0.154222682147907,0.0659845210229065,0.149851412575191,0.177521507133269,0.102041905895293,-0.0859303043795128,0.442248609844675,0.270946269759732,-0.119323015565997,-0.119503525463234,-0.102846980954398,-0.0326253267754284,-0.0126169677069448,0.0146677337546978,0.166926946255866,0.242553948800553,0.357731744989721,0.32430996622033
-0.137131072250751,0.139406237687643,0.0371644393810278,0.129559874967783,0.179553997068639,0.051381963567441,0.348506190729513,0.309035317070431,0.257687908125803,-0.171818859606492,-0.153027747994777,0.013913032422049,0.270902141821264,0.703240467443513,0.691588696278464,0.111470720347521,0.448168090229508,0.53018847194028,0.66090391569471,0.408878907753789,0,0.161830889785306,0.67947424022397,0.487151411682341,-0.222218543916985,0.0196123657712745,0.414692956224913,0.113592130170346,0.477142044258509,0.549292291630653,-0.40787081374429,-0.241652905603685,-0.285758802672472,0.682306441975298,0.18342232989498,0.190443483356597,0.0407067753952583,-0.200681375339516,0.0313296573132135,0.0198513827530643,0.270748551035195,-0.167029449904544,0.0851907956488527,-0.174062915993952,-0.156293622910677,0.465357705120792,0.475600951771669,0.521356942053078,0.111829134775274,0.239714400989063,-0.216791498992926,0.1082122466953,0.0143767524668741,0.109018971795859,0.151572889492442,0.0632435578395616,0.248627729339473,0.292636132846646,-0.147593041568318,-0.105816143670286,0.121911001895433,0.349191856998165,0.440738987817069,0.582540458209322,0.731779757369304,0.697585350343288,0.0933858407494442,0.625699567546937,0.680213620371372,0.552122624597216,0.837089354733517,0.35079321764523,0.667637831113422,-0.0359238049434225,0.150672820462391,-0.0206349801444615,0.533404163276614,0.46199442069641,-0.270855990343658,-0.264906855630318,0.465231801311103,0.147319603776993,0.050248838260915,0.116613758230703,0.386804822878959,0.369945757752352,0.10578075609495,0.115054618774699,0.262735420558443,0.101136167254484,-0.363201484014866,-0.17447598452007,-0.142073962340171,-0.0976991791066125,0.11324140006117,-0.0410400653653812,0.491968910507028,0.547483088764277,0.0747913095190121,0.306905232346619
