0,0.201728848140765,0.360437055686586,-0.182098107246563,-0.0368673990839579,0.231740081313802,0.396911675814095,0.152765154836645,0.0709044329196927,0.301238246918403,0.186363372565381,0.234644904746828,0.0810788774435902,-0.246830858761315,-0.287985826296842,0.279103174262907,0.0316660251635076,-0.036191896233322,-0.157990805476601,-0.0268650693257741,-0.2383197448067,0.00385660433353726,-0.206965899225213,0.154169042337148,0.393654649307011,0.158419732612133,-0.012884358463494,-0.112710771213542,0.0404491281247866,-0.275068958800335,-0.068978004713536,-0.0719158643261093,-0.168078212812337,0.00610371144310621,0.0852772822584647,0.0587772943963507,0.079219977429883,0.46002374895357,0.110995766449918,0.311267911975068,0.198474268209217,0.365996332423081,0.23973179162731,0.229631240791744,0.16505905459153,-0.147133237101075,-0.150255396750671,-0.18987968227266,0.227048339245226,0.187117758903743,0.293698353950731,0.326353533828872,0.078954977452477,-0.134832806455159,0.219197945292004,0.277440366537023,0.0934404432315275,0.0371055499198748,0.255998910089752,0.060204607294444,0.0951715873473056,0.0392452343035255,-0.141565457468965,-0.285443441387221,-0.307110792511608,-0.288215084719502,0.286297874076366,-0.0243002759759264,-0.0583412902520941,-0.129990705459292,-0.217564074161479,0.179619511850402,-0.257913710702253,0.141893620654433,-0.0179139795268976,0.269269544878187,-0.0861359266897616,-0.273366753266931,-0.0344534031957391,-0.144376252517774,-0.0187840352189106,0.00982446506608614,0.14868648369435,0.178684824851343,0.135275434062651,-0.171806042363102,-0.0095286712876132,-0.0702539955914066,0.0495357721495358,0.1619410899041,0.103641920427864,0.370262900341787,0.10426702825822,0.372851312244026,0.0607685547082194,0.19885642067315,-0.122161115903246,-0.187648330805185,0.216350295028318,0.186077915405059
0.201728848140765,0,0.443367768854506,0.438298262063142,0.728355548215625,0.435659469985166,0.104176847218317,0.471820416722019,0.403090012295907,0.065651006398939,0.111512007532955,0.0654888135203462,0.194578733042641,0.0392218253118823,-0.0918431981257497,0.436957304747567,0.136658252825747,0.351025355099288,0.0800548710898908,0.0691909344573354,0.0964748748341972,0.184672489526835,0.138294811110266,0.032758399240718,-0.0319655356475761,0.0405378827050782,-0.00323638327517893,-0.0728505468450203,0.0993584260379654,-0.109395812277958,-0.0446841675339506,-0.0224458274824643,0.0896805680851707,0.190091160633036,0.156901520093773,0.283274905556669,0.0589415473166341,-0.103701994783007,0.128633635922112,0.0595255689424641,0.0129068281428772,-0.0357040212815459,-0.0221087455118752,-0.168322242806675,0.0821947486216355,-0.203885767307658,-0.0138362225588482,-0.0235613415309649,0.251038996436359,0.0457937546275212,0.128472431338588,0.770391636036946,0.313761298853023,0.505933930228713,0.535712567558684,0.261831358054311,0.486887563622447,0.442544923463486,0.0772556365864663,0.21878621175335,0.165960888894475,0.122555209261417,-0.00409951404088496,0.0483909897298046,-0.00294774057069249,-0.0236592096962571,-0.0432291847991888,0.0514589762945629,0.120338967079927,0.212668550140204,0.103394201473644,0.00714581705419165,0.138608052247275,0.0349710448840362,0.0469923970159626,0.0419288925394788,0.116394028200419,-0.0615626235144212,-0.0427753053047074,-0.0184051098737098,0.0669452322765222,-0.0897764598323203,0.0303395778022128,0.0730539852037357,0.122676661418096,-0.0110399302862195,-0.00405600442282356,-0.0741840754879741,0.207083278468239,-0.110628052361065,0.0674566372590482,-0.221113907931342,0.117940469068308,-0.0593924789074614,0.0278318895398879,-0.118251937256859,-0.10140900633249,-0.0824419744114126,0.276541691256602,0.0549591618070018
0.360437055686586,0.443367768854506,0,-0.251838806717077,0.346073270218915,0.773931259448586,0.509075241443079,0.663798162990032,0.634264711714895,0.297254713919789,0.395738477075719,0.344468309678665,0.403788945247499,0.0618798535856945,-0.0837217674409204,-0.0164909374572921,0.345193769745357,0.353715373291977,0.124908480803754,0.203233132166162,0.113260486844578,0.285359393542442,0.103912596503853,0.280428313965522,0.205458757351125,0.341799201872633,0.140312301979649,-0.0166515557228369,0.3375836049225,-0.138619664329817,-0.171939622359982,-0.314029565610063,-0.440920152062751,0.190634954836938,0.258811006516022,0.386908302961123,0.232868461668726,0.168278786103523,0.265145466676495,0.339974348897978,0.306615700593452,0.446305887343294,0.361876993344085,0.137111692242059,0.207692088518625,-0.105236764450293,0.0094176684546257,0.0283568950196872,0.573111277035295,0.317740458222412,-0.16487468452591,0.500459119964735,-0.120786018976493,-0.204356972227992,0.737139532750462,0.720880183540918,0.540912327243629,0.629706572235798,0.317278375351773,0.358174978486314,0.249012575482048,0.233002218601533,0.164871404373284,0.0536839715751894,-0.0203243269075737,-0.0729908823545597,0.379055501942982,0.231030994746417,0.101547314791945,0.157260924434317,0.105142975811594,0.316288890673953,0.1367000582315,0.312957071787491,0.184501788896926,0.377375330378126,0.220503388712599,-0.0821243224622286,-0.169298645276044,-0.292417055515281,-0.0257968626805275,0.00831183576758363,0.299111122771528,0.313845596984391,0.308875476981792,0.0735703211243481,0.157757873722027,-0.0191758897215248,0.328164693876059,0.206160583373599,-0.260108128260758,0.208593621739137,0.235591764119147,0.400639783806726,0.302952915611397,0.249783519027589,0.0482488361002647,-0.00696917005134731,0.537642917757212,0.362122803898328
-0.182098107246563,0.438298262063142,-0.251838806717077,0,0.44633987735593,-0.158698257409746,-0.35493510758354,-0.174932052174467,-0.047546454944276,-0.266341376900838,-0.243252321965239,-0.258847845300702,-0.105264000567367,0.257270911275657,0.279178041734214,0.523227545512274,-0.107362824672006,0.118904912473547,0.129112943003174,0.011084538687065,0.233633418641959,-0.0995994791226849,0.285415823631084,-0.186637738897773,-0.263110996041155,-0.348155041591598,-0.145465157026357,-0.0398345845224794,-0.0724726345310251,0.282723370576532,0.273512987151161,0.554770495133057,0.731817915022621,0.0396508829818447,-0.172158851946974,-0.00717546112095227,-0.100624049762349,-0.247030952714974,-0.081575185945254,-0.258581839368038,-0.28129079245234,-0.543707271235303,-0.462476259513148,-0.303190809614247,-0.230541771648562,-0.0280955451224458,0.190925434934277,0.12146072169414,-0.221436872365398,-0.225192268830253,0.41026830247204,0.355990268370859,0.575962395735547,0.896097956039746,-0.0732298808900895,-0.203854755383532,-0.0341616184143522,-0.0444945565933508,-0.265987643604364,-0.110635319977331,-0.0943126182731065,0.00822537257494487,0.0296401668096787,0.268633544940935,0.271731705051804,0.330896669631033,-0.491999091442298,-0.0520259760729767,0.0481619642150654,0.0711650585845457,0.225611608144673,-0.326426936381816,0.223313646916933,-0.362031922654409,-0.0715074884975475,-0.33535896141074,0.040860363158929,0.272301660552285,0.348419799880334,0.590199518547632,0.114440678192375,-0.125800390559638,-0.41087972190276,-0.3695178584093,-0.243406444580192,-0.00323113396346549,-0.0551908801660722,-0.0841337566574987,-0.0282054075208185,-0.398480303921612,0.412852688958246,-0.364038166495951,-0.0962918043351854,-0.437197620157202,-0.234531031524517,-0.379942491098482,-0.0733531634825226,0.0836900776135783,-0.189601293132107,-0.259217167467184
-0.0368673990839579,0.728355548215625,0.346073270218915,0.44633987735593,0,0.420555235168244,0.0303202052685581,0.501906079197998,0.451488711353384,-0.0389786582505194,0.0698567122873755,0.0182311139789499,0.136840067977581,0.0742448670685428,-0.0617688701576941,0.268976344202563,0.143347391914964,0.331648274069101,0.0972853753175563,0.0909545257559808,0.144739544890563,0.119316398529246,0.203200441011184,-0.0047325045856859,-0.166034100264303,-0.0548726180126909,-0.0139363252805862,-0.113062552923876,0.133562617742469,-0.0971891586744827,-0.0470445702735304,-0.0444132676897049,0.0661823323153633,0.210087685055534,0.108002255136907,0.309011157643387,0.123506269635829,-0.209649919576118,0.105348709398209,0.062362930988883,0.0815508879228823,-0.0759449521001878,-0.0576426849882106,-0.28207144536449,0.0592660570087349,-0.169219115378064,-0.00136303784494195,0.0619554978398086,0.241541589430364,0.0091993615011839,-0.0787668355903163,0.567897198467272,0.20874617986055,0.501215366881019,0.546432835613952,0.274892809965571,0.453605577224698,0.52781711798728,0.0127660257803633,0.164622349935337,0.10461539552694,0.10130230691275,0.00832541871161437,0.119154849398643,0.0396650467150427,0.0247011662314378,-0.0523387505698834,0.0333506089165486,0.125387444232422,0.20037294527582,0.140634804963942,-0.125405756440393,0.199956639656435,0.0314482541333981,0.0308985075466388,-0.0282304611674393,0.144513432779487,-0.0730898743835283,0.0157129625553935,-0.0749514306573198,0.056871032086447,-0.0238855366796904,0.00408235820835658,-0.003324394260105,0.0519474260953503,0.0507685221197061,0.0922664454974588,-0.126927482933368,0.182759237170252,-0.0938561116261276,0.0338377378267957,-0.34667250445256,0.0586734932906709,-0.191253950520036,0.00979403323379969,-0.175487867070399,-0.120752828631976,-0.0346935447051644,0.259887468222453,0.0322838447450562
0.231740081313802,0.435659469985166,0.773931259448586,-0.158698257409746,0.420555235168244,0,0.546584632350712,0.672533110937734,0.795554813650613,0.321447515434166,0.372031535541166,0.285711740423738,0.399752932059069,0.0964393132596117,-0.036608380825469,-0.0188012473568377,0.276635536457855,0.282488580222229,0.0897065860145699,0.292999395883738,0.104022386955721,0.23638408280842,0.107220591356827,0.223073216511693,0.159610278113461,0.291297216523922,0.23170344718583,0.0129691630643031,0.364380279066158,-0.118524305734655,-0.173482228326178,-0.279156409307608,-0.363551509278177,0.0840132785524826,0.259795847912265,0.544168779515869,0.316385841331688,0.125238411678816,0.36835141774715,0.38799162338465,0.36559423795958,0.398830363705524,0.333876402021161,0.158999130684948,0.280570374087974,-0.0237649261192896,0.0555205549236365,0.0783666651662287,0.710355708593887,0.437146905654484,-0.117650634202118,0.453998101452665,-0.0378595086147651,-0.0985799248202568,0.789846516765208,0.795078840307394,0.467871955613327,0.729135308861422,0.382009796207636,0.387115235823,0.235123885443408,0.266600772320649,0.198251297712804,0.0952504759108029,0.0022946416519648,-0.00960509063719001,0.440888275753715,0.158143626875075,0.0144903376594543,0.0504390063440351,0.114256977515881,0.274490659973732,0.114835032231585,0.36940174324044,0.0659114584510228,0.327553984752316,0.24021673679879,-0.0629177498275607,-0.146279519700594,-0.219281666325617,-0.0915251177297723,0.00175510056220697,0.265886696834803,0.248573978666311,0.320920371810157,0.0645051622608377,0.226636051574958,0.0162692312580761,0.44193183031073,0.216361663036471,-0.199419078841732,0.152567355430015,0.291224036469917,0.342709408943993,0.307808368473949,0.277246301549907,0.112986815962655,0.0186108587916857,0.687910361321704,0.468932361280215
0.396911675814095,0.104176847218317,0.509075241443079,-0.35493510758354,0.0303202052685581,0.546584632350712,0,0.506819541071176,0.367820606159598,0.503908794612996,0.354682035786003,0.333110576062928,0.230348134285825,-0.161823607186722,-0.221181396630176,0.0084536147429312,0.0928871316067565,-0.0798474883952665,-0.153753230658583,0.0491776386593869,-0.185232339912674,0.210503954303563,-0.17803847055007,0.3072752275873,0.516998680641037,0.301513449204119,0.0800181937775512,-0.141121230178518,0.190248883265014,-0.250701461189921,-0.251674709846216,-0.302748426273777,-0.458549911812723,-0.0618851417402111,0.136798839271194,0.158865500644451,0.130009058596007,0.497368016432598,0.433110002624861,0.710057524710344,0.456768530219403,0.583459452954239,0.505777442495827,0.282557533268667,0.221584477255334,-0.123035940463503,-0.111910080322103,-0.116915638510261,0.506517693089631,0.353274110220784,-0.0966307064977441,0.177605107866969,-0.0602366439994344,-0.311160776744819,0.434183224957135,0.524085381481302,0.307998396621464,0.337405075761421,0.434386116752808,0.184242446372284,0.123160628376585,0.0693058639977019,-0.0248512566265718,-0.251814690840893,-0.267763636727715,-0.260412090319411,0.693777689458952,-0.0600524331312958,-0.157804692302685,-0.229799898166712,-0.140971006982784,0.31513331582187,-0.199863493641779,0.548162577743909,-0.0902285048060699,0.403812295703107,-0.0143219862181478,-0.237515693573369,-0.172226363436478,-0.289087678199933,-0.125245632900028,-0.0376871586946397,0.420143395147229,0.307659426135879,0.235260748595453,-0.114084223578647,0.0587939507149813,-0.0897294539556951,0.163368989493418,0.384789959618087,-0.132683542602914,0.459890163838585,0.312124953162177,0.549078644951598,0.288560185060887,0.386182931715318,0.0246894431957657,-0.130148239713285,0.515858368422857,0.409898201433917
0.152765154836645,0.471820416722019,0.663798162990032,-0.174932052174467,0.501906079197998,0.672533110937734,0.506819541071176,0,0.668563013851023,0.283824921266247,0.433165572157196,0.363914104257865,0.408987575967744,0.023458829061977,-0.159882030901473,-0.00708294304365599,0.390164034485719,0.389238024001379,0.118075461117606,0.0690634599024834,0.0388191509215257,0.359660824512373,0.0888769695540553,0.234358571906377,0.12698061216282,0.338126423293648,0.0813908831038338,-0.0978732150247236,0.268439977680242,-0.224210804360566,-0.207706835476071,-0.330720396458128,-0.42132775751884,0.268068901359593,0.293778491421221,0.421596244928899,0.269089165080845,0.125749338593512,0.267238295418286,0.361210830433143,0.390773224954974,0.369437684215172,0.362018017994315,0.0110532626899972,0.241129671384057,-0.198957679680647,-0.11182667506169,0.00946050858368787,0.507634566457937,0.287941360479039,-0.254169720735468,0.405349283565756,-0.186448880511443,-0.114276278936931,0.71036712484095,0.624584629187131,0.745913988209011,0.737636607898627,0.32462336420023,0.391188204867591,0.23523881553725,0.257226733340348,0.144243643712574,0.014608302708148,-0.0785282908852351,-0.123242081612726,0.361691750341386,0.198108805059635,0.168668475700151,0.2042929318873,-0.00761391162282359,0.303743031717963,0.165409572237201,0.292760602009896,0.125846617154499,0.349772395766966,0.175024848674313,-0.186156177111418,-0.213177243289111,-0.360309525548972,-0.0272272440118056,0.0855082382382814,0.328388312802827,0.366747894149381,0.245748882773365,0.0851318982034877,0.182784532160029,-0.0353837812026892,0.285563441688731,0.227918123917486,-0.295615006024296,0.073487813545103,0.155041011835668,0.200106578849196,0.202475033995341,0.164343244381607,-0.0404543191061508,-0.0641614752568054,0.577541828435599,0.334172691733303
0.0709044329196927,0.403090012295907,0.634264711714895,-0.047546454944276,0.451488711353384,0.795554813650613,0.367820606159598,0.668563013851023,0,0.209976719677745,0.408581281475029,0.319642179088403,0.406168306445098,0.237341569642685,0.098462187507121,0.0380761070019648,0.221546167255498,0.410166106740003,0.193670989549503,0.373534172280757,0.224198884737812,0.250543632756913,0.236599120682807,0.204113136176735,-0.102949353858212,0.258827563337117,0.295932264159828,0.0578514709677486,0.404792194653428,0.013242843873978,-0.101670501839284,-0.159620527329078,-0.194598865263582,0.102285298073859,0.29461943612285,0.632494674208892,0.362233078352051,-0.0561662389529337,0.277477822361678,0.344809546626518,0.352978988754521,0.249610783791993,0.25867203919928,0.148813272742202,0.239119275018722,0.0458751662892843,0.18851289143709,0.183115013067173,0.612617086994804,0.451397591418109,-0.0816671990570439,0.403099827989118,0.0132342227461167,-0.013167199837008,0.756273592361837,0.762470206336219,0.451119892113481,0.878150021121733,0.347366401363534,0.422053971661694,0.286642302755324,0.375275331228116,0.28003064841644,0.196168870027776,0.0873775557255202,0.12923117357088,0.354212032483164,0.164695363859655,0.0128819368676068,0.126954234243719,0.227720938353351,0.27860238377167,0.242407424594541,0.314485839103511,0.130235286297931,0.295440023034499,0.308494058992965,0.0606039394212829,-0.0894589696288329,-0.0913328120210065,0.00355292132624441,0.0289867761669058,0.195359999174506,0.190823855072605,0.321806139561419,0.17767577070387,0.308870102204823,0.101479099060394,0.552824600193402,0.213843652203956,-0.191143295631193,0.0201379863237926,0.297670663090093,0.198889812927693,0.30879178144978,0.267671000703022,0.175978290256789,0.113164997468959,0.646514084082945,0.509605492213326
0.301238246918403,0.065651006398939,0.297254713919789,-0.266341376900838,-0.0389786582505194,0.321447515434166,0.503908794612996,0.283824921266247,0.209976719677745,0,0.581453818704553,0.654347261072727,0.356019884725732,-0.0290938700578846,-0.0946650048027794,0.0383484143594625,0.256192352896779,0.028800622645433,0.0362152305103909,-0.051903917709412,-0.0922395269515568,0.275570680113903,-0.138909676253193,0.434613834180739,0.576424704695002,0.526825668067744,0.108766110044204,0.116088345858422,0.285162117798889,-0.119392968153506,-0.211004497658551,-0.38751627227536,-0.352792819453527,0.24276224708563,0.206243359481045,0.0665126963309051,0.191917413243277,0.28831879408756,0.440600643338381,0.563497270918596,0.333570506010392,0.514640015170364,0.588898462684278,0.32715960171509,0.281876082274779,-0.12395460098023,-0.0882603823681643,-0.132727264723344,0.387047888824218,0.265659909929298,-0.120803688742732,0.108366333762606,-0.0407873008486183,-0.244281832852856,0.217548736120182,0.343103313827094,0.14698031308276,0.142739326907403,0.767368474921412,0.453646476092468,0.507459239852403,0.138591635514806,0.0492841098768845,-0.161759812460466,-0.163959391319187,-0.109886335895363,0.379569972380242,0.129168469816771,0.132437129775462,-0.0692283319607211,-0.0883172373491287,0.490273681491538,-0.151794125535268,0.461269225299445,0.146645390538991,0.62627849055852,0.174531295475989,-0.0727973118080074,-0.320853826726044,-0.322545827785071,0.0290094526929067,0.128886881637344,0.484491606072479,0.407350551180432,0.292880254399833,-0.030383440777096,0.11982552532044,0.0669947273151255,0.115938187018905,0.303278042713845,-0.013156557852612,0.43086630785302,0.532912163742881,0.496711636773198,0.435533313215894,0.345919695046717,0.0102675756357878,-0.0840263811932533,0.356172586033796,0.264157711486243
0.186363372565381,0.111512007532955,0.395738477075719,-0.243252321965239,0.0698567122873755,0.372031535541166,0.354682035786003,0.433165572157196,0.408581281475029,0.581453818704553,0,0.8485278962257,0.595795409823346,0.196365539954654,0.0789983576756054,-0.0289735320087195,0.433604813006492,0.29036900728198,0.204578803269302,0.0880733717785601,0.0758861373008504,0.444023000270953,0.0985084337037669,0.54012205490053,0.19130705541754,0.726183018067472,0.152729927914625,0.145868319969819,0.392343500999135,0.0714331477231212,-0.220963636536702,-0.293299593363057,-0.350123491662934,0.317588764962016,0.337951390175393,0.31228913133799,0.367322487097652,0.0393882356631322,0.384649497517825,0.496871014280296,0.467357437899767,0.483824288355609,0.598260624757936,0.324512665114192,0.313803160317348,-0.0573907925538538,0.0852450044649044,0.0476508097155354,0.460757535065471,0.423253228062818,-0.226944915278315,0.118448350829745,-0.199988519416527,-0.252098386340996,0.361296560438404,0.480553697746605,0.311755738365093,0.413217446625391,0.649596147932903,0.761634103593561,0.713398939479849,0.416819271578166,0.192430028274454,0.0384981695885144,-0.0183672885853602,0.0893316993007743,0.34265984029846,0.30661923405973,0.256744191716419,0.140377134181215,0.0676004580739591,0.579979792479636,0.119796878493681,0.432485957485296,0.423921928420944,0.674620305272276,0.323992221554995,0.083008901097686,-0.314935342273298,-0.248222181927077,0.120024395655033,0.13900348188366,0.409625274228526,0.442885853303882,0.316755640592637,0.135139596654535,0.345036140457559,0.139742672737408,0.356940485162494,0.384688504853371,-0.192431268586987,0.244962955055996,0.446151148413199,0.357094495145341,0.434701564968924,0.349696091225172,0.104353550134119,0.0534246248579342,0.475713855379483,0.435842300236584
0.234644904746828,0.0654888135203462,0.344468309678665,-0.258847845300702,0.0182311139789499,0.285711740423738,0.333110576062928,0.363914104257865,0.319642179088403,0.654347261072727,0.8485278962257,0,0.533584011051867,0.158207546908571,0.0365328578135088,-0.0160771844345705,0.429052974572986,0.279507698890937,0.220954384314225,0.000519205954398838,0.0228209556230306,0.400804712720033,0.0569158689369721,0.601547415745006,0.257499094006197,0.737394626708681,0.110565907958964,0.160849257076,0.315600621068825,0.0408010204423701,-0.24934198789456,-0.321781935391239,-0.341414104359079,0.328080745383614,0.264135669774077,0.214839540546855,0.283679536308474,0.0109118760638849,0.317230103348304,0.516263204843965,0.412418710333808,0.475710273554805,0.604964547699564,0.32737468244499,0.242591180015658,-0.118133104005098,0.0557184875980109,-0.0186080915125313,0.407342908556123,0.306847192275138,-0.207667785178411,0.0854435531594317,-0.147996770694786,-0.257059649326314,0.290922901620737,0.401624050803133,0.270665147388134,0.317697600107071,0.696830838450395,0.729319328236851,0.775621356243545,0.320929930975381,0.14157325273174,-0.0356477746667553,-0.0600919940985104,0.0345023731102673,0.332541879963986,0.295197423906289,0.248025885925581,0.131609877456173,0.0283469171056127,0.551911129413529,0.0689594812525996,0.471872377040236,0.480424937118269,0.743246273470039,0.266475203003397,0.071567839475424,-0.364509806114848,-0.265887403254108,0.201089287181371,0.13555582100907,0.417858226951173,0.419519138213179,0.301400341144109,0.124882291545977,0.258769171360804,0.151562884637892,0.275074639595505,0.375363189186349,-0.162682384415692,0.234385599761188,0.469137242437439,0.363126384470232,0.46513392992618,0.319606217513646,0.0442006111482606,0.0111786662632673,0.397177811795107,0.337296731353818
0.0810788774435902,0.194578733042641,0.403788945247499,-0.105264000567367,0.136840067977581,0.399752932059069,0.230348134285825,0.408987575967744,0.406168306445098,0.356019884725732,0.595795409823346,0.533584011051867,0,0.441466777921243,0.272927727020326,0.0736476022944955,0.652793515277864,0.432185950874133,0.457443585173031,0.194386482668741,0.300981737132025,0.599810036110155,0.304536610902637,0.53537342781539,0.0920842042194712,0.467885254586459,0.232490134978805,0.248806204014197,0.525140605597811,0.200473093062845,-0.0153151675161948,-0.18502564052944,-0.156095832309905,0.407970308843861,0.404902403743845,0.263643445445888,0.335018885757942,0.03645795564668,0.292592281231353,0.305370717070358,0.341178647409188,0.235705337663187,0.365590005409983,0.200732903116342,0.235688693720355,0.0716381026018496,0.269389461352782,0.212376969248573,0.340042937843083,0.296931112493227,-0.156098471095813,0.16100911742541,-0.0819894557308297,-0.106051178291792,0.339224220508485,0.387305056373177,0.304124052520831,0.392507779930561,0.370634698245494,0.548138858271976,0.461481005499189,0.710176587529115,0.407812563400059,0.281176556691313,0.19172591937755,0.270827713557981,0.199925518009315,0.417744386576265,0.246741152039766,0.212808529971919,0.24462285042349,0.533833610160508,0.288449552551395,0.291733845637087,0.452981661808487,0.356011467459945,0.452033506106319,0.236576305005726,-0.111950749138082,-0.116748749577269,0.155380645893596,0.0836626363066347,0.203274842382433,0.342570969547149,0.328989597904641,0.248608252329466,0.319678681801204,0.128956876217052,0.284926530667841,0.2293391104339,-0.188179506393439,0.136450436889823,0.297519607489927,0.222522541650116,0.302901031525026,0.230425794609198,0.201595962169653,0.147438828011314,0.358254410672467,0.292737473467355
-0.246830858761315,0.0392218253118823,0.0618798535856945,0.257270911275657,0.0742448670685428,0.0964393132596117,-0.161823607186722,0.023458829061977,0.237341569642685,-0.0290938700578846,0.196365539954654,0.158207546908571,0.441466777921243,0,0.827671581430003,0.0832712183605141,0.390313241175193,0.434655617072543,0.761439545387183,0.399895244064826,0.777882525231831,0.325379939641119,0.760682595762511,0.184453158545553,-0.247962508752098,0.0651173332780409,0.349232912959645,0.452841021830196,0.421683042265952,0.761147558672394,0.0357338493939983,0.250263249262744,0.272568007287384,0.291749704437944,0.134752454138336,0.195646507305191,0.243877108665761,-0.190565759528435,0.0861140797859102,-0.0444736998901149,0.0864774416127689,-0.147104063436998,-0.0782386237583372,0.0964828859532244,-0.101821880897377,0.44557407503955,0.75394834597115,0.674649257160645,0.0518662818245333,0.0532501001118154,0.0885163475330458,-0.029141940952096,0.116871809611028,0.192074792578061,0.0478287377422131,0.150571942208263,-0.00120086960781366,0.196009912629884,0.0774639919370629,0.255448156861493,0.178796524201031,0.439684814782699,0.570099573103308,0.740897434122342,0.744053489763531,0.805793543895868,-0.124987554693283,0.426181476853586,0.268532646520662,0.253394825671302,0.66526388443329,0.142748980233303,0.686801925960397,-0.0680840732115091,0.28454817104587,0.0211835833709871,0.454842522638612,0.766844081941826,0.0320361373807159,0.334940369683158,0.217578448860514,0.126544652134168,-0.196327709430345,-0.181191984971516,0.167255101702766,0.444301706095079,0.28440024377482,0.318664854855741,0.219187116473159,0.00154729863835712,-0.0339817896989437,-0.105046257722959,0.133230471512077,-0.0714116745851405,0.0815747891981235,0.0496051112056261,0.52828783487906,0.631606617062893,0.0358926938385017,0.0372209546250369
-0.287985826296842,-0.0918431981257497,-0.0837217674409204,0.279178041734214,-0.0617688701576941,-0.036608380825469,-0.221181396630176,-0.159882030901473,0.098462187507121,-0.0946650048027794,0.0789983576756054,0.0365328578135088,0.272927727020326,0.827671581430003,0,0.0447334121259817,0.186803379811092,0.3099987475649,0.595777672666761,0.398578170514058,0.71966440163495,0.195398087074021,0.732325570329054,0.0860060788517884,-0.281326353386997,-0.0230256814955546,0.265017608408405,0.430697045837466,0.35787919142946,0.82289330187109,0.050850068302696,0.331324043778106,0.336161979460262,0.137541495846406,0.00944029103512879,0.16494480305559,0.214234904623774,-0.208347896720088,-0.0150322017289315,-0.103593381674783,-0.014940202740127,-0.2077668619156,-0.187258833029983,0.0684545901795776,-0.202329543319233,0.425853702222296,0.713723008367642,0.655087468735547,-0.0714040521207486,-0.00715029342496924,0.181278224385463,-0.131586068418827,0.118127766048757,0.1867569332792,-0.104251704764078,0.0230981409124406,-0.171341717061576,0.0359454631916934,-0.025020179989018,0.0996544766007304,0.0481744993108053,0.351092459380682,0.548089801850321,0.705532477743995,0.766992634026114,0.893940755569832,-0.186031533049561,0.289899698418953,0.179178235106846,0.22118953086914,0.693348001893872,0.0439502606696952,0.651054597403933,-0.151253395022594,0.185876970635838,-0.0845484119466042,0.442884073547088,0.814988306254459,0.0376701182685686,0.422555823493872,0.173088967266208,0.0817577623216206,-0.289228026059375,-0.303301549401846,0.0809409910483733,0.442008465802712,0.271977519871097,0.31646107046257,0.198761167196004,-0.0446233763344928,-0.0105249575782173,-0.137274884814921,-0.00806678958868788,-0.132151697337285,-0.0420043849528247,-0.00133351853262411,0.463184852746452,0.644209971844716,-0.0644584435538609,0.00113453901264589
0.279103174262907,0.436957304747567,-0.0164909374572921,0.523227545512274,0.268976344202563,-0.0188012473568377,0.0084536147429312,-0.00708294304365599,0.0380761070019648,0.0383484143594625,-0.0289735320087195,-0.0160771844345705,0.0736476022944955,0.0832712183605141,0.0447334121259817,0,0.0805781204137987,0.184519739354383,0.112450730687732,-0.0280068989706388,0.123274536276528,0.0506972804496942,0.115943636479841,0.156906020168848,-0.0127956889070032,-0.150750114668279,0.0167486081090558,0.00422903239183314,0.0683654463322303,0.0492992394788546,0.0932157718756487,0.344574320864269,0.526042606716062,0.0753055532072385,-0.0350111095790917,-0.0998854494585893,-0.163434085512488,0.0190215663089677,0.0939381083765968,0.18161399971384,-0.104611017790054,-0.201412663433749,-0.214008993580645,-0.229214749754383,-0.0923304387192279,-0.0878360299319924,0.0606786201521701,-0.0689258210529271,-0.156675092510633,-0.179281981905646,0.545985623168758,0.487606924483327,0.7155279818992,0.548330330614684,0.0322954904402382,0.00287587673291355,0.0762638383095064,0.0168839511857301,0.0227376754828852,-0.0207692039045085,0.0628210261173831,0.0738620251880379,-0.0288431160910857,0.047297354776508,-0.0106002857655953,0.0442916616580191,-0.135045669247606,0.0296466492914671,0.0272736721492679,0.0938104222319866,0.161143844646098,0.0661328458845872,0.0178725151425435,0.0402293820268737,0.14925265903262,-0.0270110450463304,0.0950714727560731,0.0711292301030394,0.156856821063161,0.322345237099951,0.396126612188912,-0.0666177703944308,-0.203206543475254,-0.127185120885463,0.0728388145810263,0.0345590467005877,-0.0632882264939931,0.0320436730825179,0.00734695929915658,-0.0423469685722068,0.310924455664427,-0.11132922347154,0.255725996578585,-0.0898712847794581,-0.026156143212951,-0.255044655269573,-0.0186092161930668,-0.0327241634219791,-0.0776526321681672,-0.14031949750418
0.0316660251635076,0.136658252825747,0.345193769745357,-0.107362824672006,0.143347391914964,0.276635536457855,0.0928871316067565,0.390164034485719,0.221546167255498,0.256192352896779,0.433604813006492,0.429052974572986,0.652793515277864,0.390313241175193,0.186803379811092,0.0805781204137987,0,0.423780948292103,0.619525902907965,0.0134673617264779,0.338961823450353,0.512469229895804,0.305027679926924,0.544024691834511,0.142285112649843,0.358593566070419,0.147992465115691,0.185994690736994,0.457643494665157,0.150095424310906,-0.138500653337729,-0.187308475824565,-0.185348283300208,0.57136931756897,0.302924437974033,0.0688805529229901,0.258317970900724,0.0265567548374257,0.210090997252823,0.170945121529672,0.296959781039638,0.167808698629324,0.251459911944314,-0.0666873278398528,0.0728805354983929,-0.0395437002255105,0.152482504536908,0.175309747367961,0.152545480807925,0.0531149657282246,-0.227013770339496,0.0943176071618716,-0.0724583000103018,-0.0686562896632406,0.207804987472082,0.296760686353827,0.365876074749594,0.250937484531786,0.260076306138937,0.402392898300165,0.36144147073798,0.354147929691336,0.302355957203669,0.286751041088269,0.253605674313763,0.186615128651245,0.0783783773831738,0.614061424220608,0.46437888525061,0.338873111424733,0.247268302555491,0.46837341381382,0.342428756740329,0.177228655074473,0.505967322300925,0.314088725955323,0.442633019062309,0.192763115772995,-0.217776093925784,-0.192270430220407,0.327099092941369,0.257008462096039,0.18931576433359,0.300071408451449,0.284411580379187,0.338596223807029,0.254991159319925,0.0841884770449597,0.0719117666358548,0.206772556220717,-0.210259170277187,0.0750538552137712,0.239720720583003,0.169074762094559,0.196457824317124,-0.00593501010437352,0.138702557922288,0.192338287559348,0.184258972126034,0.0739249733360352
-0.036191896233322,0.351025355099288,0.353715373291977,0.118904912473547,0.331648274069101,0.282488580222229,-0.0798474883952665,0.389238024001379,0.410166106740003,0.028800622645433,0.29036900728198,0.279507698890937,0.432185950874133,0.434655617072543,0.3099987475649,0.184519739354383,0.423780948292103,0,0.52317315379737,0.434432670828625,0.509954145436098,0.389575054034706,0.502983044658196,0.338753903532782,-0.194065407097064,0.260946773076977,0.360693978671696,0.332738268041117,0.45529819744469,0.243287704724469,-8.95146378598605e-05,-0.0667643661219481,0.0547997615097476,0.636534958817195,0.407062692545154,0.375631084696486,0.251268953522476,-0.256074692839216,-0.0203486119064849,-0.0245596843459303,0.134524199624297,-0.0329154578829168,0.0167607235142855,-0.087871991397803,-0.0204853264743617,0.123864184621541,0.274812731671318,0.343117290529894,0.185737375383318,0.094227520256806,0.0301301991609028,0.294862686464781,0.0658874702572652,0.112855331395106,0.352542841319477,0.304511202369899,0.422879521083136,0.425194136264811,0.110422633130497,0.332252956381367,0.260373944611237,0.401711709414796,0.264164852291878,0.298832132177147,0.286098101305938,0.311839646076397,0.0401419899192399,0.363928348332258,0.445687600370375,0.686676174378662,0.514941505700007,0.326172981708416,0.494316142111374,0.115956161684651,0.382622285883214,0.211254812841372,0.506757120187389,0.31961264714168,0.00429575036789832,0.00652880791312185,0.321720756259479,0.253241813052571,0.129024342276362,0.241457139665617,0.422304248310864,0.37101518549147,0.352961955871654,0.377672963612257,0.497082664567445,0.110777848293241,-0.0791659540843654,-0.184177239519122,0.0733253903246053,-0.0324710916837005,0.182296485579357,0.00624059641793654,0.274363815763933,0.346663742465393,0.289761441099698,0.204458035501666
-0.157990805476601,0.0800548710898908,0.124908480803754,0.129112943003174,0.0972853753175563,0.0897065860145699,-0.153753230658583,0.118075461117606,0.193670989549503,0.0362152305103909,0.204578803269302,0.220954384314225,0.457443585173031,0.761439545387183,0.595777672666761,0.112450730687732,0.619525902907965,0.52317315379737,0,0.307505734395973,0.720081362199596,0.371252593319177,0.584296716775117,0.298537694869433,-0.121164441992014,0.101826202524369,0.336158582024641,0.393374076030454,0.510632237113684,0.498025380545064,-0.0101300304068273,0.0550576190246488,0.129877719607209,0.507619896679966,0.255770861407948,0.105167300209283,0.282980304735677,-0.122432951751493,0.0725319095053994,-0.0246092662931124,0.169477657480272,-0.0681151583571181,0.0180220515363507,0.0118953862770131,-0.0711194465215016,0.276969762211073,0.54890542550322,0.494360705075616,0.0191887974596063,0.0312260098798757,0.0162968880302295,0.000264999654304915,0.0880350035638144,0.129414205360881,0.0487548314138732,0.179217519014472,0.107326965358675,0.190160599754122,0.135984794228156,0.22742703013638,0.183404898798909,0.360422596004689,0.46762349926151,0.534088426670707,0.593348301100715,0.553699230680753,-0.0778928563389926,0.570615082231131,0.423763142333331,0.380125047457311,0.565739592366006,0.279290249251095,0.563291876129644,-0.0499661409859559,0.374419463014352,0.108314530842159,0.548368749247381,0.564746723074046,-0.0244929406788099,0.11323177254834,0.30262743616693,0.281306602741483,-0.0163956910204439,0.015243475970637,0.260988780078778,0.462852990262595,0.32609794779631,0.303180871596188,0.159980752278184,0.069910164243576,-0.0236553004207988,-0.0562996941167367,0.136527105358687,0.0254036632661567,0.116119493235744,0.0210617038208961,0.402710114935536,0.530479698643323,0.0307849764050524,0.0424814087356741
-0.0268650693257741,0.0691909344573354,0.203233132166162,0.011084538687065,0.0909545257559808,0.292999395883738,0.0491776386593869,0.0690634599024834,0.373534172280757,-0.051903917709412,0.0880733717785601,0.000519205954398838,0.194386482668741,0.399895244064826,0.398578170514058,-0.0280068989706388,0.0134673617264779,0.434432670828625,0.307505734395973,0,0.510827546677877,0.178488471482726,0.413324424381695,0.10364810229894,-0.242228175450711,0.0493528038279555,0.588775661843832,0.421552123186319,0.585987023825329,0.326114902584647,-0.0459391656899337,0.0222054893843092,0.0777357461474809,0.265781362411329,0.377456204922178,0.580077518524176,0.50380165137273,-0.104974393364208,0.0704009335087359,0.0710957851629342,0.357127919796927,-0.0371783408114369,0.0394153491551981,0.202595768298374,0.128037340206935,0.505034177295527,0.527947352722625,0.547477332196158,0.348018468823268,0.505378577605547,0.109059664181929,0.0484819895696647,0.0401657199630668,0.00411430651228133,0.231027198775604,0.303336173538263,-0.103308679197841,0.319564525395075,0.043538054471857,0.0815013320502027,-0.0128631629652621,0.30361878531776,0.235659300854365,0.309705442733147,0.294886406415379,0.372189349952413,0.191000921128508,0.102856104666778,0.161359469753244,0.283711241948583,0.559681595851054,0.137440767354198,0.354290563325634,0.0431403845527734,-0.0225545959661089,-0.0007835052954306,0.501415251042158,0.366376363578589,0.0272149234892664,0.118442709575681,-0.0251189245939533,0.324719779200968,0.0660752314081104,0.0468542925450355,0.419632171894867,0.33494453374451,0.505384506048005,0.448656782593728,0.699594293779432,0.252670785291705,0.078834682967662,-0.0920358066320074,0.0461004048417468,0.103091905385848,0.130086170702655,0.235336222696706,0.569149167845462,0.541471264894473,0.349422328804195,0.539498553903579
-0.2383197448067,0.0964748748341972,0.113260486844578,0.233633418641959,0.144739544890563,0.104022386955721,-0.185232339912674,0.0388191509215257,0.224198884737812,-0.0922395269515568,0.0758861373008504,0.0228209556230306,0.300981737132025,0.777882525231831,0.71966440163495,0.123274536276528,0.338961823450353,0.509954145436098,0.720081362199596,0.510827546677877,0,0.218547612540409,0.712059253032598,0.168728169790835,-0.204091910016655,-0.0118460340492034,0.443438944867175,0.518730662244189,0.55268917668415,0.645248676453667,0.0425272002271087,0.217350139106424,0.231392000333017,0.37451212937566,0.188624295208654,0.150113393382837,0.282620139980383,-0.233776942916664,-0.0748674826420735,-0.141946816459667,0.0413977158073852,-0.237640582303531,-0.175247638274831,-0.0554599238050665,-0.133067845412136,0.436518561107983,0.632967637219667,0.661359246167961,-0.0131150953187991,-0.0147658332509623,0.10523046431908,0.0143388011263258,0.167911874492827,0.198964292355498,0.0334644730006389,0.134942302223736,0.0198793624755804,0.19242873716399,-0.0150858536683,0.10227027144868,0.0321265359252296,0.286476292155966,0.421715511192018,0.624435457156789,0.675938305192743,0.685302259393093,-0.156749836219547,0.44719777085526,0.375528612917119,0.443497438548115,0.812172200088683,0.106191867752712,0.644110561116386,-0.111451917219731,0.281889314838276,-0.0335784927657096,0.571776174897636,0.682191709422665,0.0472187178717475,0.283193777738575,0.272586872990236,0.217772134223243,-0.168066588811855,-0.145375461077653,0.299954117703241,0.44607061585332,0.334915072511795,0.38926986604558,0.236140044525151,0.0182123213003429,-0.00553721853961546,-0.183999864978964,0.0322026185416203,-0.128767558293797,0.00630019260944907,-0.0549881687613952,0.532911359946499,0.648980576038247,-0.0299076875321101,0.0256102726912894
