0,0.135376910460755,0.406923578610137,0.15604456527136,0.0987229925250523,0.254667194427244,0.230522717722439,0.0295935597776425,0.0377643037480081,0.0880490519533282,0.153741818827898,0.0537860897042391,0.0076072677429522,-0.211483386056814,-0.255035573902445,0.657696225041983,8.69431513346323e-05,-0.198219261140024,-0.0998253758219924,-0.0937498086703914,-0.0949338858062359,-0.0721090206786275,-0.308800767956444,-0.092704995472022,0.245593230739047,0.0316075140616592,-0.168687021957825,-0.133297035308732,0.0344724049452974,-0.345674782475166,-0.0736989438220783,0.153399471742881,0.0643041887477693,-0.129240533577751,-0.0410747425060195,-0.210524850404558,-0.0269879767388198,0.0618793664210965,-0.181799713324321,-0.102432081828769,-0.0331232943449447,0.0800202399005641,-0.0551360388240776,-0.127401012652928,0.030554769804065,-0.255156644160594,-0.274084490660259,-0.220681356701985,0.248283126815687,0.0376537627473988,0.256717564493124,0.25145100878949,0.105429152159256,0.0316613337902609,0.180308324478838,0.258975185588657,-0.0440539561572289,0.0136183052638721,0.0126036276915066,0.0620704172744098,0.0322044687670274,-0.127427611114619,-0.287497569011893,-0.279020439750099,-0.274350006588767,-0.332211654908986,-0.00244025947117157,-0.107105018966617,-0.127064649171421,-0.224661922355733,-0.171619434900512,0.0131158696964294,-0.361765680917567,-0.0871701114507355,0.0401950851393116,0.182100275518823,-0.0991214938012623,-0.187443321870374,0.0127508868279928,-0.0351984443841579,-0.078809493373297,-0.155240663055323,-0.133387018667362,-0.0877924492885164,-0.0891713817990033,-0.291382228404378,-0.046073764941825,-0.0026504133590161,-0.160933137627133,-0.107760935038728,-0.137539402897292,0.119833085450901,-0.0684293876351876,0.0984217059275195,-0.0436731102855506,-0.113159405865453,-0.17834453584819,-0.328671011540061,0.189199253246241,0.112360571433136
0.135376910460755,0,0.5309655792366,0.393682786761416,0.526177466792456,0.43133351725369,0.392293736759117,0.377892409764847,0.283430610532451,0.0330404014691692,0.0504877203054665,0.0764348564187924,0.106663953342815,-0.0654590396746395,-0.141285612777498,0.267164218316269,0.0187146455045962,-0.06135992685391,-0.14980474260174,-0.00464479595639277,-0.101559456083086,-0.00374075640772313,-0.080362247635298,-0.0633595077112951,0.066613299327275,-0.0365230557768,-0.0758411136199028,-0.234999930722685,-0.22370714020334,-0.143907571762854,-0.0310550322623085,0.015977318313965,-0.0170020591620741,-0.151327806262085,-0.0438333036052515,0.103124756417103,-0.187433379180602,0.143447179157959,0.189541915473614,0.282279845099886,-0.0360883010415269,-0.163866032751798,0.0774301858281149,0.0586150836048621,0.00153361975399239,-0.0931415367317124,-0.0773041815183113,-0.0994492825207144,0.344653880184938,0.104468445550689,0.0985049540973486,0.608012481101018,0.192808614209341,0.311181594992951,0.455943881206545,0.347758747931914,0.419584399632472,0.236074470838702,-0.00320465878596956,0.0762399102856375,0.113187477606179,-0.0180288328591036,-0.12483223291301,-0.1275236741194,-0.121438963382966,-0.138026702187065,0.314227376278855,-0.0924472745259134,-0.0928995864954564,-0.0036366171484417,-0.0856726793566827,-0.0644044870546445,-0.176490493302635,0.296160082287816,-0.113401979004745,-0.100623751074356,-0.165333706334625,-0.225934429278175,-0.060899032999649,-0.01393600144863,-0.248051150727772,-0.127882525737469,-0.019658126921218,0.00286842209990608,-0.0458657329897721,-0.154754429602136,-0.167937251564986,-0.166158020523513,0.0167329965855235,0.0340290717775871,0.0150586011243936,0.0888196932791348,0.312474699930843,-0.160478848568206,0.101730207045644,0.0474185491618942,-0.110209896662169,-0.12528831355818,0.269617531658449,0.126861721364614
0.406923578610137,0.5309655792366,0,0.00513461846552211,0.401576505421492,0.704291959372098,0.423712846931439,0.383631747536017,0.379235927355283,-0.0404292679332313,0.274169571992847,0.258113182038377,0.128722166249016,-0.127601964305555,-0.187972360911175,0.421658263243979,0.0923988250524935,-0.092151781270957,-0.0940778190064555,-0.0322968123722934,-0.0668059892648865,0.0775153500447042,-0.181143511726295,-0.15349857368702,0.145709544030845,0.200616147443888,0.0374821748370745,-0.0679964949047678,-0.0994789594976014,-0.197859535158132,-0.199859252145545,-0.12914716883271,-0.172844489677406,-0.138994165652382,0.123990480537936,0.0263350802264057,-0.136072119491851,-0.0392655944319579,0.0328766105958192,0.098921150629615,0.0242131934638477,-0.0249272458499048,0.254017979415741,0.0913754918686002,0.0738995371133229,-0.056619089951859,-0.192813966896219,-0.0895915492678863,0.573383647555156,0.255193003676766,0.0187359693166845,0.557996599666299,-0.0272828578357269,-0.0420701828398623,0.613443696839698,0.645266606103374,0.255931366519892,0.256721819196148,-0.0492858089457362,0.0442310656363812,0.110414630143531,0.0631339402845979,-0.0461490580568135,-0.107684670766653,-0.107615316979346,-0.19450710002246,0.171208203196615,-0.0188869335820183,-0.0838636744169474,-0.0442337086985208,-0.0573760658023155,0.0726034341379947,-0.208729835671293,0.116399967622805,-0.0687547847058265,0.0455210576456374,-0.129658273661148,-0.103440180719116,-0.236663790948356,-0.158174742101627,-0.143368916911901,-0.138538759755578,-0.0128144616444334,0.0736470581586786,0.102889509310039,-0.112359587527834,-0.110216491303358,0.0067952432029119,-0.0031855508260011,-0.0424328635578489,-0.159918991019817,0.0854022090315359,0.238977184956966,-0.1270842373916,0.0762988615799424,0.032007341275163,-0.0410276281531957,-0.0685563277431317,0.464161221007591,0.27553035785853
0.15604456527136,0.393682786761416,0.00513461846552211,0,0.342854719531888,0.0364725835862513,0.155032569221556,0.0949338151725261,-0.00196382354234672,0.13281363600376,-0.150111083594031,-0.150850879980649,0.0758558441584517,-0.0497290542983237,-0.106563474234182,0.310823879724922,0.0364089210157223,-0.0362888551401808,-0.0439752112266323,-0.0831155552415975,-0.0896385316468071,-0.110013184259075,-0.0310116808512965,0.000706301520894227,0.00558700998112662,-0.28013676124578,-0.165723348601495,-0.195431739121083,-0.200253126329647,-0.103249136058504,0.0395444379476122,0.214866614191161,0.37762032809205,-0.0264756370834384,-0.209960594226766,-0.0600321970376699,-0.170473797810053,0.260636956581859,0.131174198150362,0.0257004451102155,-0.0520284924148111,-0.188439463839007,-0.17628452832076,-0.181985703485344,-0.0493198068196334,-0.132887351343661,-0.0597069862625428,-0.143270632782583,-0.0937652982763733,-0.165685493825207,0.354024316356296,0.38168490791894,0.483673078644805,0.673302604772178,0.110938769163691,-0.00486632856253665,0.228971373713729,0.0905731471409903,0.0951939896483399,-0.0605669115262585,-0.023890828720541,-0.201506687371082,-0.280215817488606,-0.161738733181414,-0.173680567199696,-0.108408389619328,0.113604855559128,-0.234196359155883,-0.144236405495636,-0.0884676395456794,-0.158572261756847,-0.286307341763361,-0.146794124099087,0.00845410531340125,-0.128354952149158,-0.170958777312882,-0.246532883545578,-0.197778088129367,0.0794152937060237,0.189476607718537,-0.290424751728188,-0.171262193257854,-0.226465020040362,-0.241684942890531,-0.268247519304768,-0.233629520389726,-0.180698314697867,-0.136183075570326,-0.183020657442567,-0.136309119954564,0.194011385087534,0.0612585780348468,-0.0288969222388595,-0.187114896389999,-0.128973485369976,-0.030165816391309,-0.166565813849009,-0.273415441394261,-0.117141018122021,-0.174242552615249
0.0987229925250523,0.526177466792456,0.401576505421492,0.342854719531888,0,0.495856937535367,0.285462767922654,0.492895201446614,0.382164916509686,0.138809988474231,-0.0468429385646263,-0.138453311483134,0.0203541042012519,-0.00589210222908468,-0.0310797156448506,0.132987464266932,0.0518837625089058,-0.0568948192966531,-0.0317475186950851,-0.0872731639526614,0.101711320289594,-0.123916742781189,-0.0910652927612516,-0.171963287236159,0.049716276503724,-0.148563947863618,-0.18655580139359,-0.23382017165335,-0.112163112588306,-0.13525174546195,0.0037986225251802,0.0665302973716642,0.00393095373660065,-0.0962830528621611,-0.232713421998001,-0.0212598083965214,-0.161183308359492,0.0975668281759478,0.0742366452337521,0.124770621295271,-0.0351960101307449,-0.194537723362791,-0.163776583211802,-0.0535447896116246,-0.0980233663425535,-0.180125898226968,-0.123267350538369,-0.195472166046273,0.221425361451551,0.0424421001369485,0.253414150645681,0.513921998186459,0.329149134513412,0.303618585056339,0.522525819082703,0.38016124618341,0.457709176915012,0.297693726916509,0.0842678055774543,-0.0434690647005911,0.000833202193639452,-0.126797107251897,-0.216682002187351,-0.113775750773914,-0.121036935242266,-0.0944138758686464,0.342817570681495,-0.145650898889139,-0.159984442564958,-0.127324584786979,-0.091878060797433,-0.285333323012879,-0.233195572863059,0.192132053338868,-0.215326408528117,-0.210107457038219,-0.196925246876046,-0.305236157335438,-0.0189275544768742,0.0611509361921824,-0.386743012046717,-0.305563240125714,-0.244658086278605,-0.222905389823538,-0.240760896124319,-0.269417943912112,-0.14833260616971,-0.319047549161336,-0.128531615993958,-0.138024682388892,0.159036554307494,0.0209672303037624,0.200666752000129,-0.199089511680582,-0.0595852996832856,-0.177697505437543,-0.321583656096383,-0.248087025945988,0.163424301864004,0.0458363399145252
0.254667194427244,0.43133351725369,0.704291959372098,0.0364725835862513,0.495856937535367,0,0.510659177431926,0.527208772692009,0.574931146485594,0.0764070815023227,0.319293227384949,0.215077519789259,0.18856633421697,-0.0991909478386878,-0.124113974137762,0.266556772561973,0.0776557943517452,-0.0484836069795052,-0.0794497268173525,0.00800609194666728,-0.0101169416280982,0.0607759184292549,-0.189002779764188,-0.128201786519856,0.138488608114178,0.200696200304098,0.00966187956666305,-0.135800690901985,-0.0978681989751546,-0.132280214830608,-0.165138008144523,-0.118093044163458,-0.142690508774395,-0.1186530410779,0.0516852749879601,0.112595663560524,-0.122610014737665,-0.0448948200760734,0.105488102062807,0.17892113914314,0.0586496634546751,-0.101841589620975,0.215430168822174,0.0826778427132585,0.100582025861689,-0.0757171149464517,-0.208997510902108,-0.120557953794274,0.688159607186053,0.28347642899042,-0.00252522315905889,0.469578053745768,-0.0359144881588709,0.0017856712010313,0.754162789007902,0.764271385839017,0.429118236715273,0.448932218264896,0.0376653725896998,0.103382299714266,0.146484049860703,0.109859667137559,-0.0872577400961785,-0.070706546150478,-0.127439510463754,-0.111592410732224,0.358908941145705,-0.0346229468605782,-0.0847434991713303,-0.0123430000195131,0.00993007595326663,0.0127592213290109,-0.240044895385724,0.215977879666503,-0.0339643780039817,-0.0149756991037857,-0.11962326294498,-0.113297681134089,-0.200876175519839,-0.185173498531753,-0.186917100250508,-0.16017610655186,-0.101599158745081,0.0107577571564634,0.0372788421902843,-0.200333739233115,-0.0888075077811613,-0.0799275247680204,0.0446009184647527,-0.0146713383460195,-0.172876595717169,0.0811732900335907,0.216158328771017,-0.183969456405339,0.0515391042919356,-0.0537029216069082,-0.109502556568859,-0.126368600712181,0.597093345698493,0.308412387055323
0.230522717722439,0.392293736759117,0.423712846931439,0.155032569221556,0.285462767922654,0.510659177431926,0,0.539367996578859,0.456559948613531,0.177237584509253,0.229354567684244,0.180229980210669,0.241384978396157,-0.0288674099127327,-0.138207036550268,0.416981309976414,0.234377339588434,0.111402159853858,0.0473318770964134,0.123195762148918,-0.0372353884680781,0.107470704040943,-0.12526449173627,-0.06596350425699,0.140138404692891,0.0604139812308239,0.0278985753831977,-0.161991291268589,-0.085290463523667,-0.144986352287591,-0.112622129539226,-0.0360412706400935,-0.095364993595134,0.088590224565663,0.100851016254851,0.206032041623818,-0.0679612711834432,0.0945861549465365,0.0607687257254468,0.494814802201474,0.316355776396812,0.0104596481663962,0.207791400182463,0.0637351656759291,0.0710808256761369,-0.0453537438895767,-0.198239165647701,-0.0542531524588003,0.528051409568911,0.253101232420657,-0.0567257385324706,0.307673120903442,-0.0161392193038321,-0.0162864381470915,0.39579858341492,0.362201241932537,0.262914683519356,0.282479348111806,-0.0884663823125542,0.0363092993880378,0.127758475627271,0.0118469278041115,-0.130429473470102,-0.109630929706794,-0.126648704345912,-0.159291045440736,0.296344522286068,-0.0596942832967961,-0.0553801863209796,-0.00440403093622761,-0.0449645280570753,0.00790732329732021,-0.23251115910153,0.16939040333899,-0.129522925572808,-0.0868571144721687,-0.125897436737804,-0.176248678373707,-0.181906601619372,-0.226718171530197,-0.248382540842052,-0.150068681979205,0.000119034184399186,0.00114948195909538,0.0346894674228055,-0.171909118374764,-0.128193243373665,-0.106388179444816,0.11537786931895,-0.00912988177071504,-0.242427469280279,0.00422705181189888,0.0768390307583425,-0.00607609254553414,0.0944884675821301,-0.00176122477293481,-0.0369306458059596,-0.127509712951444,0.411488548062158,0.25470528316887
0.0295935597776425,0.377892409764847,0.383631747536017,0.0949338151725261,0.492895201446614,0.527208772692009,0.539367996578859,0,0.741957205772247,0.0900330530522826,0.220480287652345,0.152336170995568,0.158766400967494,0.0145972893024664,-0.110612766094907,0.0850371959827604,0.236803403222013,0.323949617302588,0.147701337438829,0.155452139454792,0.107948981616327,-0.00279566034859482,-0.071726813132288,-0.00479031573847325,-0.0599084979503198,0.0677731769983241,-0.114798261171635,-0.131308224587527,-0.0211366770871387,-0.106558249328451,-0.113838998580841,-0.0553844263503178,-0.104744982832775,0.200407405482461,-0.112800135609041,0.318621815445343,-0.12350330147383,0.0145539052887163,-0.00286583415108841,0.300773610243986,0.344401867942426,-0.000259871283988425,0.0612903558470008,-0.0100888647071949,-0.0862021744819446,-0.129742721168873,-0.13736590984507,-0.0814101102618885,0.413868745271904,0.25950015380416,-0.0838083419974986,0.297367504940772,0.0383990098549366,-0.00078264602832405,0.558271152703204,0.35954046320516,0.536594109211311,0.628176204259837,-0.0838497662607302,0.0641912035357173,0.166641885286444,-0.0557294657262,-0.141789023939957,-0.0579236915003289,-0.0887449143520778,-0.0976647947153097,0.285875263746507,0.0447374297951433,0.0774510611354124,0.193227951976588,0.0577018620428237,-0.107230363821222,-0.148576609059522,0.116611265214225,-0.149868727846601,-0.123047801873547,-0.0470308413194686,-0.142200227818995,-0.143793988011013,-0.13284479386459,-0.176291646546355,-0.0325096237322568,-0.188153629915213,-0.151827113748639,-0.12557028841268,-0.196096217157988,-0.136951615829803,-0.0914466880597973,0.184735457780375,0.00473527754421274,-0.120504418400361,-0.0356304073534401,0.0894437742408114,-0.0412152837885525,0.0467845403686784,-0.149634779452127,-0.135152114536276,-0.113294846446523,0.316667307639253,0.247486211164268
0.0377643037480081,0.283430610532451,0.379235927355283,-0.00196382354234672,0.382164916509686,0.574931146485594,0.456559948613531,0.741957205772247,0,-0.00700898666047609,0.283386096049554,0.212674474054561,0.255629344279786,0.0186529749763397,-0.122524493619118,0.0541937064972685,0.264014123249113,0.300487757801508,0.17272870372966,0.226025242210553,0.0968464453142024,0.119996762100519,-0.115576452863371,-0.0166812544861589,-0.137342706663489,0.0999124452671736,-0.0497654808648757,-0.00883143703018551,0.0515018739484941,-0.0507312297175877,-0.245100528338587,-0.160533035808815,-0.135467321671942,0.280329667807457,-0.0342492972974555,0.436776751701203,-0.0322675343921228,-0.0620593993029304,-0.0318085972981793,0.189386584570809,0.421508938480501,-0.0505320811798618,0.134528791064789,0.023012386739291,-0.0808095018739001,-0.0507832638156239,-0.128087482199898,-0.0528989038764714,0.493005704857941,0.421776144618678,-0.168415639519513,0.191825973519449,-0.0939599568752036,-0.0952713916217529,0.496585255621804,0.438141282163442,0.460258751678761,0.730643326166707,-0.170513861446737,0.0513814749032991,0.165588851514401,0.0829889667372015,-0.062702815448786,-0.044236422602581,-0.0708268844914696,-0.119555987464163,0.254383972582152,0.108285169172905,0.111964128257087,0.2100799958641,0.0810891743937374,0.0270713810099867,-0.17671583195078,0.0417871958201734,-0.0923280744148843,-0.141227884805225,0.0186057144352663,-0.0720150256113401,-0.231172898184573,-0.278396983134002,-0.119873873217507,0.0856070835542005,-0.202620066126339,-0.0661505517057493,-0.0385252963202246,-0.125600684548449,-0.0303470536297126,-0.0267873492420435,0.318613725976647,0.090714204612444,-0.258729513894515,-0.11924521238842,0.0291193781372405,-0.141697735998011,0.0582841110596229,-0.175607833281181,-0.0999206587552831,-0.0476028163676838,0.389123114534944,0.393251742137751
0.0880490519533282,0.0330404014691692,-0.0404292679332313,0.13281363600376,0.138809988474231,0.0764070815023227,0.177237584509253,0.0900330530522826,-0.00700898666047609,0,-0.0423375745593464,-0.199355865940786,-0.0913576676856209,-0.175057990579776,-0.231513090638408,0.196915587629418,-0.0771147067338182,-0.176882777158538,-0.227472445337236,-0.227202514516256,-0.242986853684183,-0.222943854857666,-0.217460951508742,0.0613160683737144,0.480504136221804,-0.125509815090952,-0.236154854115593,-0.39133850782896,-0.137494150388443,-0.29686069673437,0.173968228042303,0.254866534601366,0.220033106050922,-0.129303840343358,-0.214503319095839,-0.172875863840124,0.0640912714015796,0.383519700274532,0.243430107633834,0.33320161745797,-0.0511154459621645,0.00398294703904004,-0.148228974067048,-0.018056122576126,0.0930162986071135,-0.358944508480908,-0.191683991267598,-0.170459709556433,-0.0989904132623112,-0.347234003999328,0.0444695382764466,-0.0162570112662757,-0.141560282282026,-0.0343390782721115,0.0591925864852113,0.0600724771100777,0.0730354844434146,0.0149574392019868,0.394534538199086,0.0184540804872745,-0.148194262939459,-0.333068593536418,-0.368905586874753,-0.357496113997307,-0.391125903627735,-0.295170449183678,0.163656679305195,-0.27693737583107,-0.244519949007158,-0.246355845067164,-0.375694976164964,-0.240807243448015,-0.380493273015709,0.150919771129027,-0.110044650273355,-0.0732069567217838,-0.200902733348719,-0.352600807120393,0.208753532460441,-0.0453917952748565,-0.136428853474093,-0.170000302522981,0.0306268036784114,-0.181894906855877,-0.30011557420906,-0.394269844825563,0.0811401249913556,-0.240125182948531,-0.302233482668959,-0.00623674103558472,-0.0424096731016247,0.169917410242711,-0.00942439059282117,0.0368381351496213,-0.167026931852171,-0.0537325690079563,-0.32865656789428,-0.441833960784106,-0.0323868479329477,-0.285765568657034
0.153741818827898,0.0504877203054665,0.274169571992847,-0.150111083594031,-0.0468429385646263,0.319293227384949,0.229354567684244,0.220480287652345,0.283386096049554,-0.0423375745593464,0,0.712556083604036,0.308056377401941,-0.0267222535400897,-0.132545278962385,0.049683129999401,0.307269858942885,0.176626643312583,0.202458956083737,0.112437623998019,0.0527815979271713,0.236106259916518,-0.167092723940419,0.343906038641161,0.0426774322120761,0.656244302644497,0.00721826132239958,0.0137042713870784,0.0812327431625413,-0.183429887259989,-0.305161841145717,-0.100735520013205,-0.235579148420941,0.140088532890443,0.220883765958668,0.203339089478573,0.103117115269205,-0.198789568800993,-0.10989505290585,0.154210207997188,0.304655128143234,0.0960990974623478,0.403020429214027,0.0323915416672462,0.147435649558569,-0.123552323017052,-0.19395880062615,-0.148100205824394,0.416192050342867,0.298328309774462,-0.0740210235630127,0.0883236138207844,-0.134765951074554,-0.15146828262412,0.196427830189516,0.227732647054719,0.0668305317556337,0.150175390688979,-0.119118066348995,0.325218437266433,0.315809463026982,0.228584333867544,-0.0131260494393334,-0.0439921800881164,-0.0974677613967316,-0.14760276783549,0.0227792267592853,0.091614789749983,0.0355831200808624,0.0695142558644877,0.0687332496546485,0.256573036901564,-0.168804846101174,-0.00281503695626549,0.242158624287212,0.241351780446551,0.0172191999595558,0.000626687770708653,-0.140692695894893,-0.136795209983797,0.0857529319999059,0.00173569223148308,-0.0557301864950965,0.142116570949882,0.121390325931802,-0.0320656025182845,0.0401572801407258,0.100226471783036,0.202489573242081,0.0662041625276724,-0.169180476224125,-0.0644507268285908,-0.0414190448836269,-0.0442098773188765,0.187660505412454,0.00860230084658827,-0.046203543934494,-0.110693321855485,0.408294940033595,0.297547886304601
0.0537860897042391,0.0764348564187924,0.258113182038377,-0.150850879980649,-0.138453311483134,0.215077519789259,0.180229980210669,0.152336170995568,0.212674474054561,-0.199355865940786,0.712556083604036,0,0.378693186990558,0.0207889948205507,-0.0577094718819886,-0.0221890052193929,0.395815718830187,0.224920764604221,0.225133030927368,0.175765488532972,0.05904841300566,0.26818937004097,-0.0661596545146558,0.432167984966369,-0.0991914649955258,0.634140697973306,0.167504899577176,0.111921636973111,0.055253002874139,-0.102241492868649,-0.306069963915379,-0.0815031134429054,-0.19365679992963,0.138000722438748,0.318913105808007,0.269191595019122,0.0615474460681915,-0.166026079045291,-0.0129182912202581,0.156393151244119,0.274003182231287,0.132108023348807,0.516257878567777,0.118425694539438,0.190607183362884,0.0313679632005304,-0.101621141957995,-0.0347014485675541,0.363786922663984,0.318364904981546,-0.0869106458312568,0.0600802940664193,-0.147765610138775,-0.187204150514986,0.0844151841814006,0.125565985827483,0.0291869721899082,0.083813374555614,-0.190332329011694,0.349812363265702,0.366964393190971,0.280707626722927,0.11103544963743,0.0227767344698422,0.00472008027547023,-0.0839675525969626,-0.0626469063667234,0.117444263463225,0.0423968440479421,0.148309515632328,0.103215782888956,0.266544687364957,-0.0492734574661729,0.00397322129349666,0.296709472935169,0.250386411384544,0.0240665267503779,0.121256827659282,-0.169619713600569,-0.0344583319249377,0.084437880923358,0.0573395828407381,0.0275524888697594,0.157840975147323,0.23811233019195,0.0887539060085599,0.0100308298347751,0.224476924701529,0.303657161232943,0.026918285130728,-0.0951072603300067,-0.0958151471002797,-0.0331973013879185,-0.0360498023818947,0.265346426158529,0.141714118878607,0.139172322910316,0.043167518968645,0.390285660980747,0.297186146084264
0.0076072677429522,0.106663953342815,0.128722166249016,0.0758558441584517,0.0203541042012519,0.18856633421697,0.241384978396157,0.158766400967494,0.255629344279786,-0.0913576676856209,0.308056377401941,0.378693186990558,0,0.329696788630106,0.0524395692701004,0.0393043178055162,0.573353832359754,0.193728904007721,0.397608930317222,0.0944389422624476,0.0850717354457183,0.513850033137612,0.153153264700405,0.105391179712681,0.0556229419408502,0.209880908744451,0.291495359456305,0.0830290836872967,-0.0103846070358185,0.130814871421663,-0.297816964979424,0.0321621552384488,-0.0602213459949863,0.193074402354211,0.366234056413596,0.192912725814735,-0.0768217855402435,-0.0339551603501833,0.0234731237700611,0.0583948987559394,0.153007830836446,-0.0198268792607792,0.302147328771931,-0.0615257366488161,0.132097483915906,0.167028075688725,0.116390883203639,0.140743445736915,0.246722612689562,0.20448823821346,-0.0366478319336837,0.174955457266088,0.00512252785689855,-0.0095190319635742,0.0974270209186643,0.180096351813693,0.0683349102215549,0.218030939538927,-0.0870733637003859,0.00877883473263173,0.140174456640295,0.321831630020151,0.0562369369404935,-0.0290755407243054,0.00430941467139011,-0.0197956995154272,0.0122330656876508,-0.0266710546400849,0.00706269945181829,0.0306001758583725,-0.0148769351146036,0.091718150608483,-0.0690123473552064,-0.0665815252770164,-0.0515527803008074,-0.0742229672977488,0.00284098177708869,0.12335025773774,-0.231658054910519,-0.0970088968237815,-0.24679488134229,-0.174803563573528,-0.0300428298666421,0.02148216784133,0.137004894205876,-0.0413960916862213,-0.0418003092762638,0.153889728655344,0.0562539383449637,-0.233087958293184,-0.100901910006685,-0.0557876546021087,-0.0905259187538244,-0.140863294310468,0.031014574259066,0.0655556198046032,0.115170084486337,0.0492049009469376,0.174920837279844,0.0580664973418269
-0.211483386056814,-0.0654590396746395,-0.127601964305555,-0.0497290542983237,-0.00589210222908468,-0.0991909478386878,-0.0288674099127327,0.0145972893024664,0.0186529749763397,-0.175057990579776,-0.0267222535400897,0.0207889948205507,0.329696788630106,0,0.658543021608724,-0.18213035958431,0.177008225186027,0.393122837309875,0.557226204562753,0.369337789476457,0.516988962266192,0.251830414275913,0.672945097956392,-0.027692088661036,-0.273375243622349,0.0266672555163453,0.240485658524526,0.191843021868444,0.359029458630978,0.519423636464167,-0.184344902086892,-0.117146877332563,-0.108728710428245,0.294616240125644,0.14835027669461,0.166242186625818,0.178205383108927,-0.166128139990098,-0.207734666474296,-0.0211556154186583,0.050171603615914,0.039763631915327,-0.0149176887423659,0.0123497931274087,-0.127470279964949,0.291420915388672,0.588630971222669,0.453164112126536,-0.0558019905228349,0.0149123666890926,-0.250528337478153,-0.123226418452103,-0.135133631220353,-0.0538611944217296,-0.147740540172638,-0.183078071557068,-0.116772067933741,-0.0191699669291475,-0.276499996367409,-0.0810312904317928,-0.0203215436952505,0.0528648837705952,0.20622919668845,0.229224877829893,0.235654563481744,0.490546535346029,-0.156306901576108,-0.00969330254114977,0.0224956731534171,0.0430812184531144,0.230737440691752,0.00165806766228916,0.342992458910373,-0.163086795479961,-0.119967579231538,-0.212513098358337,0.327651722368432,0.365965156676537,-0.208446497885418,-0.195174191804787,-0.0931183359022051,-0.0823861770532572,-0.137616788382917,-0.03944234419069,0.156851987097121,0.187876390124039,0.215241489288566,0.132298823312243,0.106977500185854,-0.143879053872027,-0.110878729309458,-0.312577894001476,-0.205409960475645,-0.0250866894628763,-0.0515977508783922,0.0173450068804715,0.287053408443949,0.334808186456936,-0.0885999790691714,-0.0577065158357676
-0.255035573902445,-0.141285612777498,-0.187972360911175,-0.106563474234182,-0.0310797156448506,-0.124113974137762,-0.138207036550268,-0.110612766094907,-0.122524493619118,-0.231513090638408,-0.132545278962385,-0.0577094718819886,0.0524395692701004,0.658543021608724,0,-0.257125113405736,-0.0300141467869494,0.283332732419681,0.300993264013549,0.352552542906032,0.560884700812925,0.125413087934971,0.616049913505062,-0.045477334080586,-0.31232005124663,0.00813064789137679,0.209617031715361,0.253608060005574,0.312465259517326,0.61798122075753,-0.146217072932221,-0.100440464291641,-0.0778510729715649,0.129145763437226,0.111672647403779,0.14072899026301,0.169881506366639,-0.160559491003168,-0.170355200104672,-0.0843857611049006,-0.062615944775371,0.0690858861252751,-0.0527540085043156,0.0508528623423172,-0.10863918261936,0.353949840581149,0.479893494660201,0.399624426167442,-0.0736793130928073,-0.00386731400688711,-0.20374673325644,-0.225805775444809,-0.149773346615414,-0.0532812499477686,-0.163768704970052,-0.269207305703664,-0.17215160564479,-0.146742997125065,-0.292766887846323,-0.0555960741473182,-0.0297346988063755,0.0472396587626642,0.342898913522576,0.466760213185937,0.432934999135427,0.77416053573682,-0.181310889102748,-0.0106391477580969,-0.00444050572086637,0.0909593081517314,0.409233487102522,-0.0121650562902092,0.513675994421272,-0.142324430810164,-0.0195297433828632,-0.146496582103264,0.33696912488107,0.44907005875837,-0.141285552751518,-0.0721521564683098,-0.0227146038868609,-0.0593767481669707,-0.111073766933528,0.0205815103651106,0.149886673299775,0.300653677743869,0.201860749290374,0.0687356371315781,0.169108340265904,-0.0930668157362281,-0.0289684590584508,-0.37627889797636,-0.203015734361145,-0.00249510575253562,-0.0322108007308602,-0.024758459116685,0.286797065913197,0.370973976289419,-0.0982748054014292,-0.0125128729391159
0.657696225041983,0.267164218316269,0.421658263243979,0.310823879724922,0.132987464266932,0.266556772561973,0.416981309976414,0.0850371959827604,0.0541937064972685,0.196915587629418,0.049683129999401,-0.0221890052193929,0.0393043178055162,-0.18213035958431,-0.257125113405736,0,0.0925416577377462,-0.104951925970139,-0.0497977022266992,-0.0484278966427376,-0.0894149866743898,0.000708389565159964,-0.242457434165946,-0.149058301892316,0.310920833214949,-0.0950699898340863,-0.142111898018748,-0.199813618554201,-0.0541481310753658,-0.324426370966488,-0.0521432641252584,0.145670919012183,0.224120604665246,-0.0267450807782109,-0.0262826990767052,-0.131202718180582,-0.0575771181944697,0.219671349940177,0.000655565663444409,0.0541669502907426,0.0209309592409664,-0.0291621834881933,-0.069999637277711,-0.17192499408909,-0.0452811813595524,-0.240543900242465,-0.246965490844093,-0.163193208467067,0.252222393913823,0.0939037532911018,0.174330704951751,0.29059947033533,0.0899152028809732,0.0567647261306832,0.233311074640509,0.275705685582152,-0.0270783518914677,0.019518547596556,-0.0405211974427489,-0.0814159753747109,0.003109348497235,-0.20793442804745,-0.316328521277168,-0.292503779178757,-0.267912813069526,-0.31557396270215,-0.00502787846613369,-0.143117576821734,-0.0897852753690754,-0.135414154796445,-0.150138786631888,-0.0467014503467471,-0.340369729059734,-0.0787788794849453,-0.070794496237887,0.0597744795739836,-0.164245811775193,-0.177641150871092,-0.117534145079482,-0.126654472733063,-0.107055006610543,-0.0897517134998451,-0.127386612499042,-0.102088316726559,-0.0792673966517359,-0.263927984977931,-0.0331593771678014,0.0110267195005375,-0.151918417637607,-0.120014042298458,-0.230188492614944,0.129408072522491,0.0246654172121041,0.0205790947839811,-0.0314923487309878,-0.0805778251091222,-0.137940726168956,-0.312254117571809,0.178152814153343,0.108075267924303
8.69431513346323e-05,0.0187146455045962,0.0923988250524935,0.0364089210157223,0.0518837625089058,0.0776557943517452,0.234377339588434,0.236803403222013,0.264014123249113,-0.0771147067338182,0.307269858942885,0.395815718830187,0.573353832359754,0.177008225186027,-0.0300141467869494,0.0925416577377462,0,0.298211122083539,0.54349914270626,0.159036171005467,0.190153159318437,0.445398360411502,0.0633928381200143,0.345173849600366,0.0429336116556707,0.202531795299723,0.164120884516734,0.125844312562905,0.0830411890768595,-0.0463462098547118,-0.297790309366814,-0.0263340130013322,-0.0884687259304442,0.334711494773085,0.235696635132576,0.204892699148324,-0.0660930628211813,0.00250044352681336,0.0157789312873964,0.162336178124431,0.289849463903412,0.0840697525593808,0.20614163905364,-0.0718930251999418,0.051938375535974,0.0723799582149603,-0.0401599687557639,0.0327852633087773,0.172607823020278,0.261377234152166,-0.082457247081155,0.053598167222522,0.0107002288940956,-0.0660211097693476,0.00343370363455787,0.0446069464902146,0.0178337992770766,0.123910745594614,-0.167396749562926,0.0127903329593081,0.224208423069093,0.0905897307368318,-0.0424244878026125,-0.0138868719274007,0.0778229126934282,-0.102016506933081,-0.0774379512409557,0.0855873913190693,0.145302851591445,0.111378704926292,0.0622741725478288,0.0288524507652464,-0.109167212134684,-0.0881484327882095,0.0742367900699943,0.0493448383563333,-0.0120919034298625,0.0202554532963074,-0.214152634681666,-0.0981859546817933,-0.156455899439627,-0.0653659329566205,-0.0696788754493529,-0.0234800716757684,0.0441230096178998,-0.0180982699645962,-0.0638338034342445,0.102281429906199,0.134592659130733,-0.192600119475056,-0.127387654670349,-0.0482477109687064,-0.0238054647153857,0.0314495129533965,0.141830517914891,-0.0539677620294159,0.0177149262180144,-0.00868547971674935,0.132962885454614,0.111708704533985
-0.198219261140024,-0.06135992685391,-0.092151781270957,-0.0362888551401808,-0.0568948192966531,-0.0484836069795052,0.111402159853858,0.323949617302588,0.300487757801508,-0.176882777158538,0.176626643312583,0.224920764604221,0.193728904007721,0.393122837309875,0.283332732419681,-0.104951925970139,0.298211122083539,0,0.549867141388046,0.619483954711804,0.508053687461217,0.108521477985452,0.235365125653189,0.23808395540274,-0.305183138543579,0.126391252666483,-0.00926633834266699,0.0351212829000828,0.296529113588321,0.111749381729416,-0.304457604993264,-0.13471437458588,-0.0581214055714933,0.729651080788327,-0.00795875330336866,0.642163343392001,0.100524726114625,-0.118791401119159,-0.0480717189196977,0.100623684187981,0.570322473119892,0.146305581503543,0.0636504492574003,-0.083861325354811,-0.139910841765661,0.00503215351615363,0.138420998484834,0.102441839684254,0.148536047792184,0.352221857468993,-0.270042273425522,-0.131820587813789,-0.0951367820344435,-0.0180125150694672,-0.0148785550686275,-0.148984205940851,0.0763543026803283,0.254695544536568,-0.291135631180329,0.035165386381492,0.134489533725795,-0.00931098745156637,0.0286140018089387,0.194439013365691,0.191061325309791,0.275486591248671,-0.137769181335549,0.142634855306773,0.320562660214093,0.572848854897441,0.431288160912288,-0.00217763137674315,0.179203375889003,-0.162913315992493,0.0472838330530099,-0.0668468609647309,0.309261943424132,0.164903035861151,-0.216594246397479,-0.221715385857411,0.12656571169477,0.358236834476747,-0.178159526555113,-0.104173491066317,-0.00610440140509008,0.0262746909602518,0.17232477216212,0.119717543845973,0.560920460741809,0.0908878024456762,-0.172269426357788,-0.292670363999549,-0.13733047156187,0.0282799437397045,-0.00177629146979025,-0.0449080842766715,0.0726881025970644,0.0893527352035615,0.0858584482719851,0.244290450995785
-0.0998253758219924,-0.14980474260174,-0.0940778190064555,-0.0439752112266323,-0.0317475186950851,-0.0794497268173525,0.0473318770964134,0.147701337438829,0.17272870372966,-0.227472445337236,0.202458956083737,0.225133030927368,0.397608930317222,0.557226204562753,0.300993264013549,-0.0497977022266992,0.54349914270626,0.549867141388046,0,0.424096170871627,0.526664496289212,0.323134997001203,0.357518279562192,0.114542528844145,-0.220445098128059,0.11446920842258,0.109273654180346,0.117755543954617,0.492635343489136,0.146438508027645,-0.293843507917511,-0.102768467376017,-0.0780455951937079,0.578377753556564,0.139088331058869,0.207199275838065,0.178398800933272,-0.153219004487327,-0.164890125195183,-0.0141163646035702,0.310290248673699,0.103268176172157,0.0322073545663035,-0.192609204931274,-0.178592139910535,0.0769841604432405,0.27585011622859,0.188016263754807,0.0523457064031192,0.278960123736275,-0.189886159751191,-0.122608881360341,-0.0153786384534184,-0.0186501199374304,-0.0953628891144706,-0.146367783002914,-0.13028179140263,0.0952619538613243,-0.278867141143232,-0.0411278175908792,0.161238155508392,0.0692342963725211,0.0756159999046425,0.164823157128242,0.176844303452401,0.190806756609992,-0.204740175850139,0.189212842634497,0.24890910723362,0.1734857475122,0.270970308174315,0.0286172239380939,0.165041974905426,-0.264704025926022,0.00492542718171542,-0.0374981694920663,0.389001344450335,0.198275488812015,-0.249769153439913,-0.190164605477801,0.00169237642978238,0.0496836373541992,-0.243464512988618,-0.116079048252052,0.0871548416060758,0.0767136886056726,0.244033458333616,0.157620556334673,0.21208004094116,-0.164068246296475,-0.162853901036129,-0.222013129019641,-0.185246749852813,0.0443969154251534,0.0127749116322928,-0.124295146841767,0.118571733244462,0.147416148853308,0.0105908715471152,0.140418055209661
-0.0937498086703914,-0.00464479595639277,-0.0322968123722934,-0.0831155552415975,-0.0872731639526614,0.00800609194666728,0.123195762148918,0.155452139454792,0.226025242210553,-0.227202514516256,0.112437623998019,0.175765488532972,0.0944389422624476,0.369337789476457,0.352552542906032,-0.0484278966427376,0.159036171005467,0.619483954711804,0.424096170871627,0,0.602270089361068,0.0470825803113976,0.164727047124331,0.131996547407177,-0.249831630244035,0.0533306937462204,0.0267335984781452,0.0313015809911365,0.540952654472911,0.0925463243536493,-0.306121330132103,-0.164625449245689,-0.149925060814727,0.492158249552478,-0.041243484726664,0.496031898663223,0.204907189436874,-0.142221847039171,-0.0640293961730237,0.165289946047667,0.340642013166188,0.00607684113876755,0.0409326304272479,-0.0102079826672949,-0.104637523882923,0.0896648098102259,0.115882679095489,0.0528680655518591,0.246115371609394,0.465281884352735,-0.255713415619686,-0.138302513301614,-0.123365791985104,-0.113413639483328,-0.038270102076132,-0.104518334673359,0.0179672148567643,0.154542944781497,-0.363268876875046,0.0498672588447207,0.156090468251736,0.0511980682887694,0.18402627690141,0.301346403103138,0.30436962774164,0.340058523755579,-0.0539555653194449,0.206025136290217,0.322875674113209,0.517522005999172,0.628727632442682,0.0755917109626681,0.215642127346961,-0.0396281464030254,0.092098308724231,-0.0196213134122354,0.513674111920201,0.173421917072262,-0.248451515174572,-0.211605337527048,0.218206389210744,0.382066196683534,-0.18937326241643,-0.118572497124162,0.0486353297763697,0.14155693144021,0.229406343586187,0.0503908804930174,0.607832496234182,0.150066600674586,-0.255695247248027,-0.274705191049267,-0.0631141760650852,-0.00509680052275007,0.0494822659571258,-0.0728834401971856,0.13898740586198,0.160817576334095,0.256144110304669,0.415093772384229
-0.0949338858062359,-0.101559456083086,-0.0668059892648865,-0.0896385316468071,0.101711320289594,-0.0101169416280982,-0.0372353884680781,0.107948981616327,0.0968464453142024,-0.242986853684183,0.0527815979271713,0.05904841300566,0.0850717354457183,0.516988962266192,0.560884700812925,-0.0894149866743898,0.190153159318437,0.508053687461217,0.526664496289212,0.602270089361068,0,0.0357647315499644,0.29373835936636,0.0610140402834259,-0.211559619025297,0.00447700995165814,-0.0643835579285266,0.0162828101737594,0.45275865089423,0.193327604300348,-0.212926259962862,-0.102112676933231,-0.0924275766436401,0.364338104496325,-0.115609870527208,0.165696974765925,0.0632229587423942,-0.123065234622376,-0.074289801941819,-0.0098377146768414,0.178498067168112,0.0177986675554385,-0.103088929442129,-0.116998865820212,-0.162661407163062,0.0156636138004635,0.165200099825701,0.0162695166497239,0.0718065642251358,0.282866073937943,-0.130508559184331,-0.128204253004533,0.0264527110771245,-0.0527183836642496,-0.0134829245478552,-0.122333654199336,-0.0571481251651248,0.0697875894739089,-0.26783990365472,-0.067893193743692,0.0604981900903238,-0.0301416621496828,0.0763012808636775,0.327111764215131,0.29287343647201,0.486797485630469,-0.110665434167328,0.115317320727271,0.19753044368197,0.274224660057784,0.617606584011278,-0.140923576779071,0.230788709659818,-0.134625471400721,0.0493263777649624,-0.106555598486119,0.359485953181523,0.135381312410565,-0.154456532493457,-0.0876958984114417,0.0277663337751562,0.0879473719228092,-0.305086273916345,-0.216114450437686,-0.0881994936169349,0.0540386068434754,0.149550024506958,-0.0751272309456302,0.255479064715686,-0.0768411865905705,-0.0986253400952002,-0.196372758884046,-0.0484789892517542,-0.00710236576305474,-0.0746835227802014,-0.188219569688731,-0.025286152963161,0.0722812461997441,0.0404792471305717,0.233898257263291
