0,0.233997582063279,0.289816125592769,-0.115367022495999,-0.123603746983601,0.076373075855907,0.236919958878078,0.197386619172104,0.237564740051428,0.230413003362453,-0.0597862288535932,0.0361069351862588,-0.131869191403935,-0.352136255078423,-0.456095392407932,0.303803005665801,-0.168162143505168,-0.0536747846240044,-0.186602088859786,0.0213829240858002,-0.247929185072918,-0.150365573253206,-0.525652725650992,0.00790041013730111,0.1779578251745,-0.0297328213154992,-0.308144900640834,-0.404405770270683,-0.141757163353892,-0.558554691978243,0.289103149551575,-0.0935970973838543,-0.0700919572259419,-0.144540562199424,-0.198577822856782,0.154052475783784,-0.104716991644615,0.0852468641467924,-0.161552257474941,0.151902338479899,0.121635098958117,0.272268692905512,0.0853296138483047,0.0075546048862529,0.211284540590995,-0.476797893421139,-0.419458220788266,-0.567654349739458,0.220642507169697,0.0398885381355599,0.684983972950184,0.410185677397219,0.0729398883440482,-0.084553608897053,0.0984793707061751,0.227255422484674,0.142287651953065,0.0633547197208765,0.084151105469223,-0.0413566270984052,-0.0332569244036659,-0.235851534615235,-0.381063383706529,-0.280270255579009,-0.483389119200253,-0.483027427014154,0.340722301953411,-0.327717145885217,-0.336638591563094,-0.0348233223233704,-0.35165966970308,-0.291095201935363,-0.482524717269359,-0.0783666558377911,-0.0720339357978785,0.074288844799144,-0.214890401023275,-0.567047855380397,0.275856472375373,-0.00314648769090665,-0.26372759351232,0.133031155706158,0.21024700140228,-0.176650979870015,-0.0080921001648285,-0.38643760333402,-0.182060949433682,-0.382413278891609,0.141633403687175,0.137296391850569,0.00922126478312439,0.348413667056183,-0.0712091267890574,0.13379895416476,0.17012088155201,0.0449266130418098,-0.419487029438577,-0.4421558234383,0.277849698813175,0.048542752647755
0.233997582063279,0,0.400198223864691,0.299920926759276,0.521280925308966,0.340573189387425,0.0959528879925862,0.587586002057267,0.385750918561917,-0.00313579976615185,0.0637931893270664,0.00837736640595469,0.0102916217277475,0.0919007391239125,-0.0846825891527568,0.363193352913061,0.0621176682740714,0.122373858341705,0.137460309766425,-0.0099603558005811,0.1171146100562,-0.0249756081986958,-0.104443622910996,-0.0707428213240054,0.00592462475711849,-0.122686686332291,-0.142100599625898,-0.195155678649979,-0.111941066679515,-0.188871726955584,-0.0234682048321112,-0.0824635632319481,-0.148698251123334,-0.196927150915646,-0.0982031608067691,0.0460877969657052,-0.109919797886337,-0.110012881670385,-0.0989319998248708,-0.132453317160846,-0.308523102447341,-0.159811671754433,-0.203918908842482,-0.309713751798086,-0.0842514406710553,-0.327900562705352,-0.269692462296452,-0.214508947236886,0.051439185640978,-0.267748476757949,0.110823238899903,0.68947990755612,0.329555324670086,0.370762846095008,0.464720747324983,0.310702725499556,0.502167081069692,0.431382099650167,-0.0103389852533804,0.00337076660279606,0.0412811582254615,0.0446031567912012,-0.040962094241003,0.131418375946077,-0.0210553695313026,-0.109545459310083,-0.006496987079173,-0.0247239663653898,-0.086202138898738,0.116525441134157,0.0218671851241237,-0.00514633971116476,-0.000273435864577975,-0.0912131233274243,0.0219469654685146,-0.0424379457810733,0.00863057568150548,-0.117563914081323,-0.0923469886536351,-0.0764024025864372,-0.194380547886575,-0.282787008886107,-0.156151156819444,-0.0746385235491379,0.0614886767309267,-0.15782419867058,-0.108105006129629,-0.222325449154576,0.000611161506851005,-0.211477255627615,-0.20085910883021,-0.0161979392440257,-0.124562596942325,-0.119058080933566,-0.112521513429447,-0.20140482171964,-0.282722940481038,-0.245016070721831,0.109412038648711,-0.208523544627958
0.289816125592769,0.400198223864691,0,-0.396390388199841,0.0514983082603292,0.722077196904083,0.420912697537134,0.581515472156386,0.614328258746616,0.278661701348278,0.382064582422835,0.224835219168281,0.273405176592362,-0.00238243462966625,-0.176278039871544,-0.0586548544028602,0.282353493454514,0.271478486971476,0.200357728971565,0.177506120350189,0.149076015659072,0.267027992831461,-0.0658519575797432,0.331046924479789,0.339051855173055,0.228182474267564,0.0766207335977547,-0.166857576996263,0.174525908410788,-0.298332341968089,-0.144643368299815,-0.510751556955476,-0.441086384613988,0.206443424903327,0.211108093824827,0.168989009325378,0.0669902696579424,0.058771136381847,0.0885138960697149,0.362479474609975,0.191564526349199,0.237702618302875,0.239472042156183,-0.0216465161799949,0.128020539644263,-0.230328107937624,-0.0542457385577163,-0.263619130049235,0.610185246440087,0.274580090466478,0.227018093105128,0.698002909120047,-0.16097120637284,-0.333588570870101,0.677253735404562,0.777551713509269,0.359747070605223,0.504039631836876,0.456584020897448,0.345413408791418,0.437590578561904,0.289840223507798,-0.011018528170491,-0.0730858538231978,-0.0369242577534411,-0.262668697316328,0.378113411316805,0.232350717186635,0.201166097441425,0.0693845147672186,-0.000708643751822385,0.277489053270147,-0.0700331234562952,0.30914228062619,0.368326560292333,0.496602514614976,0.146392726236467,-0.187728001105342,-0.221486217161586,-0.510991992343263,0.188181509953464,-0.0785509927381549,0.193135849114635,0.351890695839679,0.151510346523223,-0.0300921564508615,0.0572452672905963,-0.0742213169105159,0.268477078722326,0.348290906409499,-0.359150772595806,0.369217029365507,0.159671486143674,0.276151123828501,0.538383849073598,-0.101032902649955,-0.277301782043104,-0.232207524966679,0.568688125092059,0.349389151729531
-0.115367022495999,0.299920926759276,-0.396390388199841,0,0.540999635291752,-0.31989044261875,-0.227748737666619,-0.0684518517504696,-0.313694128662445,-0.390356480057119,-0.408375405645225,-0.250165989327208,-0.238082049381164,0.155051104509887,0.141149462103858,0.425222558975981,-0.274629731895683,-0.296758194461505,-0.0943646779392854,-0.325970950260401,-0.12628251792937,-0.286773064467431,0.0523236911648244,-0.463460506064821,-0.351714455186095,-0.350293152325794,-0.303437685661515,-0.0616100632189816,-0.356678977784869,0.171116247082054,-0.0303510195323756,0.59502491654261,0.438063562117644,-0.423573607178345,-0.354859818749978,-0.283323827180972,-0.311738210227839,-0.0384392953253934,-0.135350867727582,-0.431503636281429,-0.557522444417937,-0.402703370211032,-0.438040348263673,-0.377667757492223,-0.333290919642399,-0.00585737294801839,-0.119705786492651,0.0924685635765435,-0.538436972622516,-0.577283164383386,0.0291352401832581,-0.0912160826527537,0.545140302350592,0.762835778533237,-0.209916480912222,-0.459126880611607,0.151987509593498,-0.129364444522542,-0.46701871593498,-0.37850789905844,-0.386944758700326,-0.235535503099887,0.0359557579320628,0.156054695307336,0.0936115232964365,0.210033038410377,-0.37716603333397,-0.226989081582236,-0.285024412237014,-0.108962200711044,-0.0279366966070503,-0.219532412844067,0.0851386440803653,-0.262194436060328,-0.447940239603297,-0.528256794529036,-0.177418434845976,0.135985160092748,0.106157427877814,0.602786642993416,-0.437790748751213,-0.311943741020631,-0.3726920738724,-0.440454773224856,-0.240971631778626,-0.113399818333985,-0.213258349985535,-0.185113467657461,-0.412579769718113,-0.606002670099316,0.24884759824086,-0.329441517649614,-0.139171966183123,-0.36087751915379,-0.608270313668254,-0.171393261610707,0.0956429303889066,0.00114958434773498,-0.458928706450688,-0.577529351258291
-0.123603746983601,0.521280925308966,0.0514983082603292,0.540999635291752,0,0.210412634928746,-0.232807398647712,0.280358192717884,0.122086859443761,-0.226949081479293,-0.0561808971545943,-0.194178704071286,-0.126148913973733,0.217100233779429,0.119229215968802,0.184362962666434,-0.0652396774289974,-0.075176754587511,0.0604004237283874,-0.214826456009639,0.108160431038475,-0.185876059061104,0.119203096497125,-0.265682651486145,-0.114044775133294,-0.264540211932506,-0.152646190462528,-0.0907229654015419,-0.280501062318357,0.112725506472812,-0.0812810576327562,0.312077427645285,0.185800251764152,-0.261363478015244,-0.125931369077841,-0.150801504634717,-0.164682088697856,-0.0901589385558823,-0.0922063934408443,-0.363346251654712,-0.456194043811597,-0.335544245319777,-0.397814962095394,-0.496691027543566,-0.218663450086831,-0.117226871794982,-0.0637106602837229,0.0461101589948097,-0.132447034937936,-0.448104489884868,-0.0220198878798367,0.287108955471818,0.463385245049689,0.664660842154682,0.396575215583806,0.0299936709239218,0.395840861529016,0.245555204139084,-0.220616288652624,-0.163568094988318,-0.190387669574662,-0.0796191791562454,0.0981045568985689,0.214625281418612,0.186419350446441,0.189812492609027,-0.271590641059732,-0.0595154176043156,-0.0653597139016563,-0.00747961775346498,0.0733249315728896,-0.0288720838291721,0.194561816575913,-0.228705126319247,-0.236310200179775,-0.255003412388949,-0.0514469192299007,0.150560832365192,-0.0320695018494736,0.25999106047401,-0.277867129073367,-0.367799185134075,-0.282828709103515,-0.160899082556727,-0.0612584182450111,-0.0486642202040924,-0.0272770307758763,-0.0991817171983778,-0.244617841684143,-0.44794832790361,0.185236865721728,-0.220489507735163,-0.160481379313615,-0.248407460494322,-0.402949454999781,-0.338082943209521,-0.0491514145288104,-0.064048932044433,-0.133326061401771,-0.379382157631025
0.076373075855907,0.340573189387425,0.722077196904083,-0.31989044261875,0.210412634928746,0,0.307584945077597,0.632153421961474,0.669784980715617,0.17661940125706,0.404589300819153,0.158563565116018,0.271970330581833,0.109868354937494,-0.00568728564954925,-0.162212370435911,0.3287402808373,0.277601333760266,0.232124132451753,0.2249840513391,0.305941181990286,0.169049910802404,0.115646061482748,0.358999628478525,0.430611158312669,0.23914048716871,0.208053329032134,-0.0398078266263296,0.183292086593221,-0.138454984949215,-0.190718193021301,-0.438912671313225,-0.427719025098202,0.130884268915368,0.263833448943998,0.163514648876299,0.0806218004167326,0.140487030760758,0.272544499166972,0.336902982654954,0.0908187223270077,0.0854487872284762,0.0838599482212706,-0.163874448680351,-0.0923582513366798,-0.164325570935015,0.0158833713065905,-0.102852025084934,0.625673723974649,0.138992659174095,0.0204340271590095,0.578868142814307,-0.130850349099133,-0.152225974782397,0.851771696213372,0.742196702329883,0.391368643291711,0.618195977224787,0.369223117197192,0.262583999791601,0.379722206287315,0.328062184397608,0.112855298754019,0.0964358020639872,0.141042527628856,-0.0545770841555207,0.2300445462689,0.288905942549,0.264903183176475,0.0920066496185782,0.156490550327011,0.348041827950828,0.0958701581904235,0.269967393085693,0.344866304732349,0.43779722419031,0.256997750657555,-0.000489065516004008,-0.218879239793962,-0.469161178002912,0.189476345342518,-0.237891048555671,-0.0108933440841654,0.322526499302872,0.145587803411259,0.0207526790108793,0.171880218342004,0.00792879720050473,0.251085553776954,0.216968698778432,-0.257266099648256,0.284790813636405,0.146770997095783,0.159744989308026,0.404611571549192,-0.230621658023556,-0.236183663036299,-0.124038729383705,0.53985613167625,0.231525871357447
0.236919958878078,0.0959528879925862,0.420912697537134,-0.227748737666619,-0.232807398647712,0.307584945077597,0,0.329394096218733,0.356825491277494,0.274051686847251,0.132862330906885,0.107134485461595,0.0917993988016034,-0.107334796950568,-0.220784994150068,0.0580948981009723,0.0345525095317487,-0.0356721918011816,-0.0182479475893418,0.191656406457341,-0.0523261489811618,-0.019444001838135,-0.134318288404475,0.341838393100899,0.274484556090687,0.0882707140790111,0.106002846505572,-0.105378289657847,0.164269188840184,-0.306295802609352,-0.0185406100873734,-0.350675835161374,-0.318501382729455,0.0486588625156436,0.100499697565383,0.167104745245259,0.126329482731524,0.281084499843515,0.35073940922831,0.701416303836368,0.378343590334543,0.287753777139584,0.374770675746663,0.19056431387665,0.132635730800475,-0.0193814791771096,0.00496061959323423,-0.162349931027788,0.400468718652843,0.400272792523016,0.150095097558382,0.308099573120468,-0.00618133416607495,-0.221940785459288,0.202848039148635,0.397313065842941,0.0303284327726577,0.298392774789401,0.285962240072394,0.13625163573166,0.261562449940572,0.119964308009667,-0.193148849391852,-0.184071634769624,-0.141102157943881,-0.309728811723232,0.55135386689466,0.00206043239428545,-0.0732366916487107,-0.260096574897916,-0.160198867437672,0.0441388614098609,-0.259271291983429,0.655017019045655,0.243786896969343,0.192712774575118,0.0516100433547854,-0.243895497688981,-0.0027585415909735,-0.330442906909531,0.0893929531773635,0.0278372983028551,0.198570959219813,0.0782116714003811,0.0113575354628411,-0.0104985671806318,0.0937802728739027,-0.00765242153501455,0.270033001406385,0.454168884569375,-0.203105202365638,0.490958058308783,0.47220598491629,0.333716671994082,0.444642913829114,0.0913850261196426,-0.103330053993966,-0.179772969886018,0.338708083863802,0.341421306508937
0.197386619172104,0.587586002057267,0.581515472156386,-0.0684518517504696,0.280358192717884,0.632153421961474,0.329394096218733,0,0.761575252365043,0.11383918721636,0.283789990909996,0.185126005473928,0.187819257315564,0.152072294513593,-0.0509236280810748,0.00560074587914991,0.319536007605615,0.401818152809211,0.265020352944903,0.185646388926804,0.279655560488347,0.168979303820293,0.0304237722545752,0.279061164611805,0.167500044844043,0.106309695258022,0.0791073178851876,-0.0840156664732354,0.0972081187954344,-0.194982650134658,-0.116175965016259,-0.44850399409228,-0.450155120509098,0.077477767706302,0.147581671392047,0.348283467019705,0.0285523826850328,-0.149786231006111,0.0230004890685224,0.21612331854605,0.00407287956744064,0.0198367756203644,0.0331139531455165,-0.198204222390281,-0.0304349625983454,-0.246425429769589,-0.138637686238785,-0.142022183554917,0.419680485493716,0.0427327005784616,0.128953743508205,0.663115357715347,0.0570261629416744,0.0657632273337713,0.672430189094585,0.633029713432518,0.725723779886931,0.785217021682494,0.204356421088633,0.237458109117809,0.267809109425509,0.226567433190798,0.0613248711207236,0.164266547508794,0.127812426032998,-0.0915702486100374,0.320559410801608,0.217913094487524,0.139773357817414,0.21425887600336,0.105370797805484,0.218156659542317,0.0936852358804661,0.118877649359845,0.324848481125662,0.255258922278313,0.188065784061077,-0.0735630799547754,-0.205314078292787,-0.41528609639452,0.036680540642154,-0.212740144388606,-0.0125135829080398,0.220646387697865,0.178369240697016,-0.0619694544766199,0.0323648015425487,-0.12260840413398,0.316962101918477,0.083405447535608,-0.280145031800925,0.151454563867635,-0.00220597100391225,0.0157802821561594,0.217968187757652,-0.19426563392892,-0.25490788474626,-0.154081499381936,0.394298900761722,0.0987211173166402
0.237564740051428,0.385750918561917,0.614328258746616,-0.313694128662445,0.122086859443761,0.669784980715617,0.356825491277494,0.761575252365043,0,0.330080330034641,0.296667812047062,0.197016672615405,0.123543376135451,-0.0786888402320225,-0.269013501200356,-0.079548735489323,0.306691201142569,0.364173605142213,0.17070687415339,0.234502545509247,0.236696946779822,0.137814231699839,-0.129155702343291,0.271212836216786,0.275554637419643,0.129164678965897,0.0953939964847442,-0.203127810154,0.0397556221612834,-0.328441703954122,0.0367880186883508,-0.523824502070012,-0.433840820423712,0.10965160087083,0.145223730954927,0.437089513619275,0.0922943364898559,-0.113100918804602,-0.01427560594568,0.313178958632603,0.109879613005526,0.184504532082841,0.106626567830918,-0.0824137742525559,0.115264952195716,-0.34416489766302,-0.210067625052015,-0.249542550037223,0.488834120982723,0.141404804767057,0.0560610135690089,0.616257924219591,0.0285059811604529,-0.118709086789032,0.715176760663634,0.738719627291441,0.563020090605341,0.80643027771843,0.302296610182241,0.234172948408247,0.238906947863542,0.125978699464902,-0.113429463977795,-0.0033606003289461,-0.0504856097233511,-0.292138464386335,0.413013661844204,0.141284698237703,0.0493626102305782,0.177278567368275,-0.0345512698373673,0.137486607595641,-0.0947710760217122,0.155094082104273,0.311118155110068,0.3289921194716,0.0312215148102085,-0.228689533865,-0.100335398302979,-0.464201653469982,0.0218893017145333,-0.0320308654833763,0.101229511487506,0.200525376281126,0.326755844269678,-0.14237111979001,0.054066184875676,-0.128377348941174,0.351592209875162,0.230724791826087,-0.254486594074071,0.299996601729397,0.0640534129658885,0.1228889910323,0.310868949116633,-0.108281880414566,-0.375325008966663,-0.292035474309726,0.419512410339932,0.178781671286373
0.230413003362453,-0.00313579976615185,0.278661701348278,-0.390356480057119,-0.226949081479293,0.17661940125706,0.274051686847251,0.11383918721636,0.330080330034641,0,0.329481020236383,0.417553892195058,0.188666806532777,-0.24633843674992,-0.311277560710951,0.00925144947616285,-0.0149704042100428,-0.0780944478873229,-0.16324549834639,-0.0333558813122038,-0.188730848153132,0.0738231325162992,-0.247710159172575,0.209272409012632,0.609588671754483,0.159590658630084,-0.0572796752765499,-0.150977316808005,-0.0175717733844972,-0.266419448703309,0.144198675094267,-0.272276008046365,-0.0962571229770531,0.0440248160609889,-0.0298109159573853,0.0565154186943332,0.101440529595713,0.199564728786171,0.0856633801522359,0.439508852482359,0.240723053199465,0.506373935477412,0.351094327693664,0.22308239168375,0.216536981125461,-0.25894905994462,-0.177322388991349,-0.288338977558643,0.228370067360471,0.147630162903549,0.118624748623069,0.254307656290994,-0.029971314465964,-0.26260904874834,0.163556205116034,0.334986351298815,0.0910775190661002,0.142830466611053,0.529946335443948,0.23696010107317,0.17488843518198,0.0369004487471097,-0.157229246248194,-0.183745984960904,-0.332924978303445,-0.326244201217296,0.436642610950219,-0.171116117263909,-0.146150572234075,-0.125643109871094,-0.320719398264299,-0.0805186198205795,-0.301467920017055,0.21130960424187,0.0978960552762861,0.308616820941178,-0.104837961519351,-0.230174458351232,0.0827063541509156,-0.209815627352434,-0.0688188285350599,0.149269417614208,0.265026990885988,0.0291605243371846,-0.00195566107455399,-0.106517550921368,0.0524418077575581,-0.0411807488969352,0.0858122886513399,0.241437924806218,-0.0584984576371027,0.600524746253761,0.254602830697631,0.471384718839741,0.271528043806703,0.084707453879978,-0.311923984223109,-0.301340838546217,0.244108857615206,0.134739363401897
-0.0597862288535932,0.0637931893270664,0.382064582422835,-0.408375405645225,-0.0561808971545943,0.404589300819153,0.132862330906885,0.283789990909996,0.296667812047062,0.329481020236383,0,0.550476219130108,0.65546921032283,0.348496661912702,0.207570589455257,-0.30796253503553,0.516842178600004,0.32853325827514,0.382812569785971,0.167980599951806,0.25327831298724,0.479562198116016,0.230766708856484,0.594422982582727,0.364682076169345,0.574684057902878,0.333620197570429,0.218057583225762,0.431424554690222,0.121838012876337,-0.173504120899409,-0.446125337181467,-0.474308583009258,0.393475413060479,0.506945308944504,0.088750014018367,0.27961677030397,-0.124380160111826,0.137486616695364,0.207351312006471,0.317441218621174,0.252391709900567,0.342834426372402,0.229578294172223,0.0937981308269892,0.139064411165113,0.263279644886564,0.0761189993701985,0.48325087780787,0.359323356714306,-0.0772183863248658,0.180920198305581,-0.357882878452905,-0.345459263266033,0.334032030641495,0.473603235571378,0.143652968631182,0.30312092144509,0.488735182142006,0.688199336533175,0.677894580980515,0.575655776585694,0.353440148250372,0.23870536570989,0.238426685551582,0.142387242770991,0.18828453278334,0.375624096943964,0.332793443957507,0.0510226841416409,0.133664173032627,0.477990422184693,0.25002550745534,0.261313634540798,0.494744952222015,0.618022948994392,0.425153778405684,0.207682932337627,-0.358429867429944,-0.534288630604748,0.33284131678532,-0.0800248630508967,0.121448976513213,0.502376971860935,0.0551733564281307,0.235747558329139,0.276080143446379,0.27437156970088,0.275279059423287,0.334451494462998,-0.377051986008436,0.162677249461948,0.076409457599648,0.27070743933706,0.518199220349476,0.00655812903276107,0.0595664369150431,0.14349415793345,0.521943560835585,0.417706927185873
0.0361069351862588,0.00837736640595469,0.224835219168281,-0.250165989327208,-0.194178704071286,0.158563565116018,0.107134485461595,0.185126005473928,0.197016672615405,0.417553892195058,0.550476219130108,0,0.55724468542968,0.293875378243287,0.217885888414172,-0.22160630480594,0.372742844581177,0.140049596011178,0.309872071344548,0.052985260504447,0.146304477639242,0.31184054633489,0.190335802295013,0.468358628667511,0.220281201149466,0.547021406144962,0.24378185731204,0.181700435580069,0.289961106127454,0.126284346536784,-0.242912191700581,-0.323714604666047,-0.364756619486119,0.15533769014141,0.260992080283883,0.0875361860136932,0.12242773084142,-0.154740458113562,0.0513279122469648,0.242175331233519,0.28460388576653,0.326635397754416,0.351074305208275,0.276399091228509,0.0214314649950006,0.132802148422544,0.178450860428761,0.126716061847716,0.275228843565493,0.195089580780445,-0.0664186020135233,0.0847995574643514,-0.269705234636681,-0.247773995405801,0.10954803939597,0.253659636980398,0.202059834753518,0.225333125957647,0.366821627116596,0.552234558229169,0.552776628543387,0.428626534071647,0.317176985174186,0.257843775943174,0.188820141069679,0.164302236387557,0.337758320366499,0.252520947761795,0.120778153276856,-0.0571247279452516,0.0829604648047214,0.348514173232626,0.182901358029992,0.196184411941965,0.370296510364426,0.500525676455824,0.276942619570007,0.237150891595401,-0.311137961922899,-0.323327090760028,0.131085954750349,-0.123174042759406,0.070358141752402,0.287554877286759,-0.103372248563117,0.113766492105251,0.125046805358096,0.236698191108436,0.107976939034847,0.114998731481802,-0.325527428766651,0.153044460280246,0.140238037642135,0.375194484046475,0.361531231539447,0.117418584946376,0.0495733330629567,0.160850713860633,0.363885142481154,0.192696809711565
-0.131869191403935,0.0102916217277475,0.273405176592362,-0.238082049381164,-0.126148913973733,0.271970330581833,0.0917993988016034,0.187819257315564,0.123543376135451,0.188666806532777,0.65546921032283,0.55724468542968,0,0.514694513668853,0.398091122215163,-0.237705948819449,0.63780199653562,0.363953358642172,0.489138363204802,0.157998751650283,0.282684410900557,0.65133070159134,0.425045312144245,0.564649780649258,0.173319035753924,0.441253315382454,0.376066218388249,0.358553628543401,0.50834397698706,0.297188377425663,-0.310820739523992,-0.388895030059412,-0.349906574764416,0.457084348634089,0.553141692353319,0.0412932887463951,0.179532615764242,-0.117409850663889,0.115730555356629,0.13325037146546,0.271871274367389,0.127877850675817,0.305991951308831,0.259832172153477,-0.103290424886809,0.317025856408956,0.419104215451362,0.271163261686666,0.347512778620611,0.351129614706655,-0.0396162029163076,0.0299212278422274,-0.363561615043324,-0.2827688589852,0.129561486422751,0.337014472763524,0.133375970864318,0.197582290088237,0.393249414085591,0.668372766919343,0.727413573101013,0.798239438947267,0.555042304575877,0.351690006283538,0.390609779941086,0.331201640149827,0.130814894161971,0.512895697813814,0.46570342213113,0.0831915932918389,0.250414555896046,0.624281035178842,0.399716637945862,0.306672414908491,0.533466507651975,0.51993881187249,0.5586174965172,0.38190169895927,-0.400148247786776,-0.431910317169915,0.424539776761427,-0.12552652175153,0.0413848411873424,0.578297900975249,-0.107512651212749,0.352030399097542,0.261409301303351,0.289786660433582,0.272433953921248,0.272038363626478,-0.352239689902259,0.0767442649631691,0.135177102748886,0.210108825025374,0.451967363442643,0.065347658871308,0.188849030899013,0.29743082888084,0.452393440361428,0.391641995073994
-0.352136255078423,0.0919007391239125,-0.00238243462966625,0.155051104509887,0.217100233779429,0.109868354937494,-0.107334796950568,0.152072294513593,-0.0786888402320225,-0.24633843674992,0.348496661912702,0.293875378243287,0.514694513668853,0,0.776201972968622,-0.256297061292521,0.472493391482005,0.291095790789607,0.682793090679719,0.0810253312203339,0.550661835502513,0.369608357506138,0.731292400382367,0.230109531035024,-0.130099688147572,0.218437793024018,0.397755898670789,0.538196891431649,0.424269333561104,0.617759682579981,-0.438551103736818,-0.0589071831678477,-0.207922024094015,0.210737611327062,0.390967853466601,-0.0844504190504573,0.0808075697648817,-0.297980022615602,-0.0430373454562715,-0.20820785211284,-0.0703961016316637,-0.236494969682019,-0.125076046317448,0.0168162168427689,-0.284909702702294,0.516234178828333,0.56062021512999,0.619278511102209,0.0907397542967369,0.033466828250997,-0.251578240596524,-0.157072767380866,-0.170774883860052,0.0652479380385362,0.0403302181130691,0.0318565141114005,0.146363446616095,0.15012401644346,-0.0312987266834529,0.381429846416517,0.41635565258102,0.629342885478979,0.744957580316279,0.671925892410321,0.771704419049938,0.739983231321268,-0.216237221219207,0.613733648755856,0.521471917058912,0.0920727612510446,0.54507871075652,0.621291804222147,0.744172632340194,0.113437636111122,0.348264974820733,0.195615660966113,0.574212667784672,0.705951414977912,-0.443618454033281,-0.174781707871835,0.340263057200494,-0.350054191407815,-0.253060910487751,0.451605845127677,-0.075565085705088,0.51050837792157,0.252042959852305,0.426979597602705,0.0222675321799336,-0.128761722659619,-0.281205860306252,-0.33860045516069,-0.0726659635672551,-0.0925741320007522,-0.0207843311098751,-0.0209005681555873,0.476320157699883,0.58161130855605,0.125295334086306,0.0483846774522028
-0.456095392407932,-0.0846825891527568,-0.176278039871544,0.141149462103858,0.119229215968802,-0.00568728564954925,-0.220784994150068,-0.0509236280810748,-0.269013501200356,-0.311277560710951,0.207570589455257,0.217885888414172,0.398091122215163,0.776201972968622,0,-0.351217135916012,0.32192437268193,0.229870223849094,0.42111650562,0.207712622868922,0.519696450669608,0.195685764485301,0.747911914648503,0.213010025074959,-0.206575909257825,0.168150278710902,0.419269893072443,0.656804400225317,0.447836522947614,0.751484413507372,-0.431256085851182,-0.0198890793518861,-0.181962579681257,0.125315581696927,0.308464431516102,-0.0812374887223473,0.07671521971925,-0.300850446847508,0.0247497855221833,-0.200243962442399,-0.0877840365444015,-0.338292596491701,-0.196662701610057,0.0170416657676099,-0.404556535297008,0.589093728023995,0.558769106810131,0.69172693934043,-0.0109325445158073,-0.0440622450966732,-0.354083422110378,-0.365309192876335,-0.284014992077143,0.0649643572991673,-0.0937908590317287,-0.147112429265072,-0.0528928375677562,-0.00817482869799668,-0.0659214118555172,0.241144417849956,0.305245663720716,0.554986869470104,0.777250733898196,0.621389958408194,0.801460463214572,0.903351318571691,-0.267828145362478,0.570229240744469,0.572443628036522,0.137391649287262,0.690570665682286,0.530412440586359,0.76754905239301,0.0595453175822825,0.313891154837854,0.100164551160244,0.645682496762251,0.805514035486447,-0.374925196586215,-0.110470517662808,0.451717832644428,-0.298369496837958,-0.341133776064382,0.378388284089517,-0.107223045664201,0.55486244399401,0.263647577539595,0.465588618680496,0.0315242765476196,-0.151187791817764,-0.242967162961175,-0.444446558093362,-0.0991646079384032,-0.169787297673899,-0.0869707751617383,0.00591728892132003,0.53282038692437,0.684191294969698,0.0659742823408133,-0.00170143485090888
0.303803005665801,0.363193352913061,-0.0586548544028602,0.425222558975981,0.184362962666434,-0.162212370435911,0.0580948981009723,0.00560074587914991,-0.079548735489323,0.00925144947616285,-0.30796253503553,-0.22160630480594,-0.237705948819449,-0.256297061292521,-0.351217135916012,0,-0.19436826268958,-0.28275121262836,-0.271889203226441,-0.400911948371562,-0.381163727132377,-0.141889341580525,-0.343717663766581,-0.289385591058046,-0.0331993187341594,-0.300598012580163,-0.455991439335629,-0.356599181179084,-0.410909764008972,-0.279505118023077,0.225040483457503,0.40989993527046,0.364604744803462,-0.323658792853667,-0.245667077006629,-0.268300056730788,-0.293428092949971,0.131665880679048,-0.098343753928397,-0.0656334492281677,-0.338390321443706,-0.140876003936637,-0.186163215916805,-0.342257203726494,-0.0916910653787194,-0.356818032623381,-0.407581236661387,-0.329265722046471,-0.331055448755075,-0.390468322789793,0.262131005760526,0.226041557476145,0.528759194275063,0.33472172682601,-0.117826480998874,-0.184644033417096,0.0632396587046681,-0.111695269488583,-0.243385581833102,-0.327439593636081,-0.295962156716476,-0.338236902482435,-0.289529165364173,-0.108778893556077,-0.344502886717825,-0.279932251911488,-0.0461174683656934,-0.455321343845962,-0.426831316603872,-0.130701653531118,-0.360325324981611,-0.382965296598806,-0.33707377629922,-0.123252579447603,-0.369612058924296,-0.337321912094356,-0.379893061419672,-0.330207058130734,0.237039379871502,0.399851585367218,-0.466960407471428,-0.130719566808078,-0.213539011434454,-0.391737323052639,-0.249345110287775,-0.325049478503469,-0.311719020383026,-0.396233061062689,-0.363850663975047,-0.319411091632469,0.185086414871491,0.0741836424670756,-0.0533222257916876,-0.211199320108816,-0.335197424793484,-0.213819092457263,-0.339922162318087,-0.454730373279171,-0.276929769647188,-0.396870046260007
-0.168162143505168,0.0621176682740714,0.282353493454514,-0.274629731895683,-0.0652396774289974,0.3287402808373,0.0345525095317487,0.319536007605615,0.306691201142569,-0.0149704042100428,0.516842178600004,0.372742844581177,0.63780199653562,0.472493391482005,0.32192437268193,-0.19436826268958,0,0.605645954899057,0.630180330166838,0.238424410743813,0.563373193718132,0.698703186419069,0.483970617930864,0.61720542413398,0.0242678043184118,0.444926153617446,0.479340690383203,0.38722092591051,0.554481217024557,0.274067277302451,-0.225405612679234,-0.453274179811768,-0.445540100221125,0.539856461626279,0.6859560894412,0.13554319451731,0.308072770139801,-0.336443669140739,0.0448966161164222,0.0958534016151515,0.218309065476683,0.023204926770872,0.214172998389011,0.13251503564623,0.000791011173469781,0.260803093687939,0.390705929652222,0.329792265573894,0.300163551523395,0.319022724504085,-0.178801219904765,0.0688018106103991,-0.336963158453991,-0.319136492454073,0.252722267353565,0.361543374491512,0.213268164051193,0.358870065171338,0.216317182589409,0.569405646314966,0.607206328299123,0.591961172610699,0.434849087110387,0.382377044444936,0.449469195857955,0.28413413798418,0.0616334815401632,0.657055623284997,0.563152690131114,0.281722907768977,0.386949043424852,0.665155403956641,0.46481906310107,0.152052282923634,0.62516642130223,0.466512737701793,0.562231274564069,0.37546236945509,-0.389364019533083,-0.552733103917525,0.474300427593246,-0.124526246966728,-0.00605506176568774,0.660926035081069,0.119241542094346,0.347167778950558,0.332371343098843,0.306885737553906,0.311620878009303,0.247435500836309,-0.378210456168317,-0.122120382793259,-0.0362036612267594,0.0236391344818837,0.393313318080851,-0.00953894252896846,0.183164280317946,0.266033903685581,0.316003652102743,0.371791492868567
-0.0536747846240044,0.122373858341705,0.271478486971476,-0.296758194461505,-0.075176754587511,0.277601333760266,-0.0356721918011816,0.401818152809211,0.364173605142213,-0.0780944478873229,0.32853325827514,0.140049596011178,0.363953358642172,0.291095790789607,0.229870223849094,-0.28275121262836,0.605645954899057,0,0.404628613668748,0.523295551234209,0.571668534999191,0.514864269182511,0.333545129040787,0.385764354789515,-0.0184306498844891,0.281206988595353,0.393976344825496,0.304980385443706,0.478405620101382,0.0933374200041603,-0.236837669108408,-0.588991274298177,-0.477250063669679,0.593502678915411,0.494146548830985,0.571399356667314,0.334108660849869,-0.437293805090682,-0.175908187068669,-0.00746890147304646,0.187548457223682,-0.15762100433419,0.0682950518233421,0.0190651230292619,0.0518279472217907,0.0465073406014954,0.210413088919588,0.199815056562844,0.362148835899536,0.30230385422122,-0.0802329442714164,0.142154064641514,-0.401660084817349,-0.287186597756715,0.235479881621936,0.328250994959131,0.284482056226626,0.322937430385566,0.244673891786186,0.373116776881755,0.398469325367654,0.426728840117062,0.260102446623281,0.249251076398277,0.347507598373178,0.169904464760435,0.0872166415652879,0.591390691607116,0.647556248630492,0.710569039775427,0.460433952479868,0.476216541558494,0.356039476792968,-0.0749273438563627,0.590015018602166,0.375104867753637,0.531882901675765,0.21181033360414,-0.394249242135865,-0.609732114722823,0.519682405175441,0.184717779184994,0.0349552728669549,0.566949109291576,0.30302594086525,0.177886308177958,0.304496660904219,0.202526901665129,0.601012809592717,0.262802832793324,-0.409176603796154,-0.246622286899222,-0.268613850591502,-0.16619916276739,0.284487063161694,-0.0466342493168551,0.0216949868818423,0.214141832656476,0.369709147366371,0.39372046183553
-0.186602088859786,0.137460309766425,0.200357728971565,-0.0943646779392854,0.0604004237283874,0.232124132451753,-0.0182479475893418,0.265020352944903,0.17070687415339,-0.16324549834639,0.382812569785971,0.309872071344548,0.489138363204802,0.682793090679719,0.42111650562,-0.271889203226441,0.630180330166838,0.404628613668748,0,0.143405544504477,0.624404452894502,0.493570547485422,0.517451495974612,0.330566998854165,-0.0323371240402744,0.294952208930435,0.432223731772842,0.38054829711207,0.508091896323704,0.291686941209874,-0.364611081106016,-0.258500384247839,-0.30843630608733,0.37253948949968,0.425127754713813,0.00948602427382473,0.199041211517129,-0.237430096866751,-0.048207215681173,-0.0890652070608452,0.057734725092809,-0.0992494144716569,0.000205486875843859,0.176608636812178,-0.0211516067609825,0.313223406858433,0.424371175701841,0.395313404263328,0.23351564494824,0.258626119619916,-0.1448770881302,0.0338264486018485,-0.190503090353185,-0.17190210885386,0.19977447020381,0.223300969030879,0.212965858867242,0.302370013438848,0.100355583322866,0.485471969642455,0.482358771842384,0.561662628904541,0.485532083895943,0.448710784782884,0.60460446158572,0.380387086130748,-0.127146660846644,0.707697466062907,0.497964241722783,0.132334692170394,0.419117031782854,0.645419804133444,0.536952282657942,0.146410413397692,0.49323309951981,0.350288521363276,0.513308283618723,0.452696060321323,-0.434794412023124,-0.371399755894823,0.355753905003823,-0.242980638833283,-0.0679733202949613,0.495730387674814,0.101084210629859,0.295904645792078,0.269800991596154,0.365585118876956,0.14904929966761,0.0619091871543018,-0.33565017749705,-0.190301882759224,-0.0810185886629828,-0.018802838631254,0.205225199986778,0.0718825616513855,0.293212845803373,0.374948645904835,0.189679091005537,0.256442239433256
0.0213829240858002,-0.0099603558005811,0.177506120350189,-0.325970950260401,-0.214826456009639,0.2249840513391,0.191656406457341,0.185646388926804,0.234502545509247,-0.0333558813122038,0.167980599951806,0.052985260504447,0.157998751650283,0.0810253312203339,0.207712622868922,-0.400911948371562,0.238424410743813,0.523295551234209,0.143405544504477,0,0.499546152585363,0.0773801315466419,0.186378179640536,0.326881616770175,0.00691294475587381,0.143620768816867,0.467422159496364,0.192544533430131,0.477771665362657,0.0775431436648557,-0.154222807577096,-0.49709054452956,-0.437414450319116,0.217563798173854,0.238522201752727,0.504813896460768,0.274352016660203,-0.126912440394437,0.0939384911522689,0.168499471193469,0.261667133718565,-0.0628923925804301,0.0730755758783729,0.142039602368604,-0.00334900822019936,0.119453254267222,0.138817666781918,0.168522330247706,0.344532313468366,0.333493776500948,-0.0934395715577508,-0.0110308806325738,-0.437041986521322,-0.29819895436459,0.150361086384578,0.270786490215937,-0.0516075115572602,0.214603808871007,0.260250652254342,0.174406371143614,0.260168644101087,0.321483720008707,0.104747883584186,0.0925650678741818,0.157939039616431,0.138133394883789,0.16394132376733,0.404877740140989,0.42688673210565,0.48019806212401,0.508311137354673,0.197660127761967,0.178641435491619,0.251948523005664,0.483091196896478,0.180638945740527,0.476693024399864,0.118571931946364,-0.240017877954715,-0.505122830998164,0.459027445528037,0.288070035392751,0.0300275051511095,0.312961883161612,0.367495502199065,0.181690479114834,0.296239617960433,0.14805981998561,0.68065429625563,0.446079152325594,-0.385959890964658,-0.036514644274591,0.0432858529736767,-0.0822110460224482,0.277646381632966,0.0450248648682701,0.0801928141293139,0.269444319411143,0.368982151679387,0.391824802586557
-0.247929185072918,0.1171146100562,0.149076015659072,-0.12628251792937,0.108160431038475,0.305941181990286,-0.0523261489811618,0.279655560488347,0.236696946779822,-0.188730848153132,0.25327831298724,0.146304477639242,0.282684410900557,0.550661835502513,0.519696450669608,-0.381163727132377,0.563373193718132,0.571668534999191,0.624404452894502,0.499546152585363,0,0.257483050432249,0.539025383617202,0.283249144827851,-0.0477506411571258,0.154805264766622,0.533946371405069,0.416499988709505,0.483497861142849,0.330736934536116,-0.3705954069898,-0.406768903689235,-0.43670944484304,0.260950039920458,0.374814712766882,0.139592234823339,0.204268702180135,-0.338856725378868,-0.0515254339444044,-0.0953074949634567,-0.0142342463046471,-0.236139020861213,-0.178221181865806,-0.0199087975632414,-0.156218208380097,0.238284879541893,0.316343026583408,0.440730897427598,0.251855158003443,0.127003855094847,-0.31144181713802,0.0157215845710772,-0.276801912706833,-0.0907444090203325,0.298374265136366,0.229745325597403,0.193877650031197,0.34121410907976,0.0970687655154855,0.276560798959033,0.306998108720515,0.492767129621349,0.386342639392497,0.433445528816461,0.638441495050096,0.462657216214816,-0.151830739323005,0.731789088517533,0.662963224643157,0.445070495128084,0.763702717614772,0.52008944765022,0.582631370694992,0.0350182971696071,0.555906018250849,0.214331631309239,0.596400441577572,0.493940865235802,-0.424116887412851,-0.464581568034317,0.506409059901716,-0.113935990074835,-0.195045652071571,0.488965196586697,0.335429645529666,0.276239674215307,0.338529280357063,0.319890926743226,0.281597471944689,0.0790252676399923,-0.345756063738839,-0.297937919339105,-0.173792077755809,-0.161723344293619,0.0791959459632137,-0.0355611484309111,0.224326000186535,0.417344567532219,0.198621647159106,0.195787332185726
