0,0.02148793,0.07779137,-0.08511305,-0.2292031,-0.02456061,-0.1338653,-0.04270718,-0.03545984,-0.3426799,-0.04698993,0.1527208,0.02016402,-0.09239955,-0.113221,-0.1734214,-0.09865116,-0.2108717,-0.2815433,-0.07287851,-0.2449324,0.1194906,-0.0827844,-0.3480181,-0.4332882,-0.1714494,-0.07505965,-0.1255455,-0.3264352,-0.06339131,-0.2216027,0.109229,-0.1564422,-0.06377048,0.06613032,-0.2199752,-0.1975274,-0.2191212,-0.2793074,0.08592706,-0.167182,0.3342118,-0.08351377,-0.01469449,-0.02064929,-0.2450391,-0.1138829,-0.212727,0.219929,-0.1952101,0.05498588,0.02084158,0.1271501,-0.03044112,-0.04958979,-0.01463772,-0.1224639,0.06573562,-0.1879936,0.3460595,-0.04935921,0.1595764,0.05933228,-0.07199252,-0.199743,0.05141789,-0.07742295,0.003606984,0.1196623,-0.08846431,-0.1050322,0.2255419,0.1058616,-0.1181533,0.120571,-0.1148123,-0.3322461,-0.3104345,-0.07423797,-0.003268335,0.08993133,0.02762619,0.03911703,0.09003293,-0.01392618,-0.1592585,-0.2224931,0.155998,0.006300496,0.07078283,-0.05553379,-0.01691607,-0.0963617,0.3179921,0.1691473,0.07661372,-0.1401125,-0.01534382,0.2484688,-0.01331763
0.02148793,0,0.2921862,0.3605146,0.1997854,-0.0168053,0.224027,0.4523554,-0.05425726,-0.07421916,-0.1439167,-0.01900792,0.08887868,0.2369583,-0.01176029,0.2604982,0.05514498,0.3708478,0.3383484,-0.0941571,0.01363926,0.139879,0.1934406,-0.1888394,-0.1211887,-0.0682616,0.04791388,-0.1208793,-0.1687527,0.02648313,-0.0988387,-0.05842928,-0.06505369,0.1474102,0.2095712,-0.216798,-0.3822059,-0.2403204,-0.3601575,-0.04955878,-0.2658627,-0.2020631,0.1459769,0.06029797,0.2305794,-0.3304469,-0.03195893,-0.009478897,-0.2118324,-0.3093917,-0.05620492,0.4908344,0.2170599,0.1828866,0.2030476,-0.3822284,0.3238986,0.3966154,-0.1692214,-0.1624379,-0.01786549,-0.06128291,0.125793,0.2054562,0.2314527,0.07959113,-0.04395263,0.2383695,0.2675467,0.4220806,0.03533854,0.004068725,0.07556548,-0.0586695,-0.1119774,0.04348692,-0.2805365,-0.01267918,-0.06328502,-0.206692,-0.08973485,-0.2075317,0.2414343,-0.1181535,-0.14412,-0.1485964,-0.2778078,0.01710598,-0.1009865,-0.3987246,-0.3519745,-0.1809402,-0.2534132,0.08449066,0.008180265,0.02396898,-0.352283,-0.2738842,-0.2415095,-0.3157302
0.07779137,0.2921862,0,-0.02927205,-0.01089426,0.04517944,0.1036921,0.2295364,0.03999897,-0.2367423,-0.1476631,0.2374218,-0.08405266,-0.1193832,-0.1598348,0.1403939,-0.07955478,0.0510426,0.08214591,0.01375741,-0.250928,0.1148576,-0.048308,-0.2440659,-0.009158135,0.005287293,0.1141654,0.08095877,-0.1623763,-0.1851281,-0.167676,0.2512831,-0.1518019,-0.0882284,0.2003182,-0.1976466,-0.1690671,-0.001167209,-0.09689056,-0.02876313,-0.1425088,-0.0670464,-0.05096724,0.1403686,0.1640271,-0.1288459,-0.1543646,0.06845486,-0.07814153,-0.1647722,0.2595979,0.2931149,0.3609241,0.2306415,0.3187129,-0.03941879,0.144285,0.2376069,-0.05944866,-0.02202554,-0.06045218,-0.1017671,-0.05399521,-0.1019674,0.01924279,0.1269926,-0.01768759,0.09900803,-0.08944879,-0.00182373,0.04876895,0.08845241,-0.004750167,-0.03898641,-0.050834,-0.0005691939,-0.2746455,-0.07001025,-0.1749368,-0.02148431,-0.0531404,-0.1014319,0.1380233,-0.1424115,-0.2070817,-0.2781681,-0.1512959,0.1026246,-0.07592816,-0.2070123,-0.2097078,-0.1203568,-0.1736759,0.07295345,-0.1009967,0.1723008,-0.2091627,-0.138468,-0.06177363,-0.08354914
-0.08511305,0.3605146,-0.02927205,0,0.1836397,-0.07022241,0.009835118,0.2107438,0.1378813,-0.05836641,-0.1339898,-0.2403176,-0.1460425,0.07617857,-0.08622998,0.3017507,-0.121021,0.1815183,0.0002152418,-0.050046,0.07231672,-0.0625938,0.05511963,-0.109962,-0.09209555,-0.1050937,-0.3253037,-0.246586,-0.06377444,0.05405282,-0.05491275,-0.0628805,0.1447326,0.1149942,-0.2574742,-0.1812538,-0.1021719,-0.2682564,-0.269992,-0.2925254,-0.2372908,-0.2358691,-0.1560788,-0.3638065,-0.2545438,-0.277178,-0.221417,-0.09944012,-0.1611328,-0.08503725,0.1355077,0.05427967,0.06701468,0.2470255,0.01933296,-0.1973214,0.0664952,0.196723,-0.1236467,-0.1635804,-0.1216418,-0.07424875,0.03665695,0.02158558,-0.145536,0.03749386,-0.2181454,-0.06138713,0.04149711,0.09203128,0.03966477,-0.02976652,-0.07826818,-0.2304525,-0.2122574,-0.2443629,0.02951739,-0.1001509,-0.250072,-0.263751,-0.1600415,-0.2367451,-0.2937823,0.04518994,0.05471442,-0.07454313,-0.1724373,-0.1607804,-0.2083201,-0.3189549,-0.1343215,-0.2456803,-0.2525551,-0.347663,-0.2420194,-0.3998752,-0.2491635,-0.2972953,-0.2838979,-0.1506927
-0.2292031,0.1997854,-0.01089426,0.1836397,0,0.3759699,0.1309798,0.2132271,0.3671482,0.3551031,0.02350799,-0.4293216,-0.008280495,0.1091504,-0.2736776,0.159375,0.224083,0.1091687,0.1418392,0.06965426,0.2230369,0.02499584,0.03879708,0.1204398,-0.02388303,-0.00328839,-0.247374,-0.2380777,0.0612866,-0.1615212,0.4387259,-0.08093917,0.1693787,0.3044213,-0.1067467,-0.04759432,-0.05556624,-0.09756585,-0.06685306,-0.2473394,-0.08036943,0.04200628,0.03380691,-0.1665628,-0.07865079,-0.08056789,-0.1985078,-0.134356,0.07173978,-0.01139436,0.01082229,0.2597238,-0.1527846,0.1989574,0.2933945,0.07914802,0.1253905,0.1577309,-0.06132707,-0.2914366,0.02401951,-0.02514982,-0.1595045,0.1335826,-0.0248425,-0.3203388,-0.1059037,-0.0708003,-0.05351966,0.05989847,-0.1165048,0.009219373,-0.009055815,-0.1939579,-0.2320812,-0.1029282,0.2464358,-0.06561097,0.2946894,-0.004852541,-0.3418576,-0.2227388,-0.1720365,-0.01670232,-0.02392188,-0.04433969,0.02115439,-0.3611721,-0.01615345,-0.2840655,0.005003696,0.2232693,0.07638813,-0.1335442,0.01140281,-0.2294297,-0.216932,-0.3713916,-0.02708747,-0.2449304
-0.02456061,-0.0168053,0.04517944,-0.07022241,0.3759699,0,-0.03696595,0.05176122,0.3221686,0.1143678,0.1012451,-0.1497438,-0.1775562,-0.1905595,-0.1909282,0.08439562,0.02665187,0.07638144,-0.07031142,0.1746724,-0.0340887,-0.02471589,-0.1117711,0.1244683,0.03177164,-0.02712578,-0.2196648,-0.03100392,0.08108901,-0.1455098,0.2257808,0.1266899,0.04674119,-0.01216698,-0.1427841,0.1124222,0.05085303,-0.002220413,-0.05731222,-0.1258491,-0.02049086,0.1737885,-0.09333333,-0.10491,-0.1482737,-0.07526421,-0.07923048,-0.1964575,0.3259173,0.06557506,0.1006231,0.1003937,-0.1016889,0.1548679,0.4711738,0.3781741,0.05163229,-0.008545251,0.04568337,-0.1594395,-0.09751774,-0.06466637,-0.1343006,-0.1061189,-0.24685,-0.2491615,-0.04165881,-0.248025,-0.1315756,-0.002604291,-0.05459326,-0.002907565,-0.1331923,-0.2261012,0.0244353,0.01667604,0.04204159,-0.1782744,0.06611079,0.01110104,-0.09438989,-0.1347154,-0.1495663,0.04295871,-0.05531155,-0.01549759,0.041199,-0.1152905,0.05392798,-0.05247562,0.08386041,0.0688162,-0.008724759,0.03375912,-0.02699587,-0.03565222,-0.1958956,-0.2536884,0.1189565,-0.03006658
-0.1338653,0.224027,0.1036921,0.009835118,0.1309798,-0.03696595,0,0.4377371,0.2258067,0.1904951,0.03188895,-0.03480827,0.1571176,0.1883967,-0.04402961,0.3194597,0.2826593,0.3557836,0.3786086,-0.01499814,0.1199228,0.0819478,0.1123514,0.306293,0.1759179,0.08105623,0.08296657,0.07903577,0.2070478,-0.04843861,0.1970014,-0.06113089,-0.1316691,0.09960596,0.1227837,0.195561,-0.1012588,0.1239449,0.1092901,0.1668067,0.1951092,-0.04829266,0.2665534,0.1644575,0.2219118,0.06155017,0.01262579,0.08481456,-0.09930789,-0.004696574,-0.05954441,0.29847,0.09607295,-0.2498707,-0.01076692,-0.0553051,0.3817624,0.1787845,-0.08236237,-0.1302013,0.101788,-0.1556661,-0.1925128,0.0550505,0.2896702,-0.08935769,0.4168607,0.08996084,-4.855675e-05,0.2101515,0.1651025,-0.1488235,-0.05932556,0.1827168,0.02473762,0.03869931,0.1023088,0.0960067,0.2123798,-0.05856034,-0.1721502,-0.2794418,0.01774881,-0.2476575,-0.2301052,-0.2111475,0.03216485,-0.146956,0.1383601,-0.06132131,-0.171879,0.1266311,0.03970584,0.05112243,0.0264671,0.1223395,-0.111352,-0.2156203,-0.09774469,-0.08126894
-0.04270718,0.4523554,0.2295364,0.2107438,0.2132271,0.05176122,0.4377371,0,0.2751632,0.113157,0.03336307,-0.02298864,-0.007826704,0.1582823,-0.1256223,0.2787963,0.06825145,0.3740326,0.2238369,-0.2087265,0.07110482,-0.02451306,-0.01756179,-0.03630559,0.05804088,0.02445606,-0.06298429,-0.1031215,-0.05083792,-0.08578163,0.113903,0.02043235,-0.05067531,0.06872951,0.108489,0.06655668,-0.2027713,-0.0239883,-0.1603252,0.01189275,-0.07511736,-0.07591464,0.1214246,0.09360611,0.1275312,-0.06190086,-0.0766876,-0.07456961,-0.2768084,-0.1231374,0.01821385,0.5615205,0.1861033,-0.02086589,0.1233947,-0.1553441,0.5966046,0.5980146,-0.02063069,-0.1016655,0.05664901,-0.05586753,-0.05251914,0.09495053,0.2074856,-0.08099703,0.2061979,0.1889407,0.1197119,0.438219,-0.05722653,-0.06766524,-0.08675388,-0.06036768,-0.01376275,0.1390487,-0.06615792,-0.01319197,0.04030864,0.04984359,-0.1396857,-0.3309979,0.02153292,-0.1238118,-0.1630955,-0.19074,-0.0878837,-0.1003039,-0.08245067,-0.1323641,-0.1473799,-0.009984961,-0.0001215354,0.120358,0.0257664,0.0704924,-0.1017023,-0.3222735,-0.3597865,-0.2313353
-0.03545984,-0.05425726,0.03999897,0.1378813,0.3671482,0.3221686,0.2258067,0.2751632,0,0.1726693,0.01935982,-0.1905285,-0.09976599,-0.1423644,-0.3281584,0.1926671,0.2283324,0.07257986,0.002885331,0.03559626,-0.04170121,-0.09876077,-0.2194182,0.1991716,0.1966901,0.008796834,-0.1844627,-0.01592087,0.1270928,-0.2502667,0.4176422,0.22734,-0.0449979,-0.007569517,-0.168487,0.2054595,-0.09589799,0.1173093,0.1657433,-0.1060746,0.1310621,0.2571011,0.1057791,0.0005936688,-0.04958535,0.03169004,-0.2010164,-0.200973,0.1632332,-0.001186142,0.03378837,0.0448365,-0.06122845,0.05285962,0.2417745,0.4177646,0.1323799,0.2064699,-0.0338226,-0.1645859,0.0646353,-0.1226102,-0.3489336,-0.1305944,-0.1347722,-0.4086552,0.08128238,-0.2659676,-0.2545334,-0.02923291,-0.06420758,-0.1808796,-0.2601969,-0.08508237,0.0669852,-0.09561376,0.09307074,-0.2653691,0.2834703,0.1817943,-0.1027819,-0.195939,-0.1588579,-0.2211259,-0.1582162,-0.2542154,-0.09231223,-0.3792578,0.001060131,-0.01738436,-0.0678619,0.3606255,0.09273423,-0.007018481,0.1108894,-0.06289347,-0.1995108,-0.3963924,-0.04350624,-0.1148633
-0.3426799,-0.07421916,-0.2367423,-0.05836641,0.3551031,0.1143678,0.1904951,0.113157,0.1726693,0,0.4847448,-0.2021517,0.2014263,0.2719954,-0.05127186,-0.07703132,0.3069362,-0.03474771,0.1742248,-0.0730249,0.4880703,0.02153289,0.1536393,0.5025338,0.388305,0.3467281,-0.07657851,0.03747147,0.2569607,0.04985424,0.6668759,-0.2027711,0.3092913,0.3673744,0.009335034,0.2042965,0.1387421,0.130078,0.02252955,0.198656,0.09660988,0.01991266,0.3145594,-0.1400001,-0.06470994,0.295239,0.03769105,0.02178968,-0.04153392,0.1107646,-0.2090752,0.08032835,-0.5261231,-0.2502859,-0.1283451,0.1327318,-0.05605624,-0.1638532,0.1828149,-0.174254,0.1345777,0.0900272,-0.1519254,0.1595169,0.1608592,-0.3100621,-0.01183017,-0.04776794,-0.05115833,-0.04962236,-0.1702815,-0.1314901,-0.04131572,-0.1224959,-0.2878461,0.2026815,0.4601712,0.2658762,0.3044751,-0.04938381,-0.2650964,-0.01736857,-0.1493587,0.07511187,0.2043576,0.33271,0.2736702,-0.192035,0.03876294,0.005188499,-0.03102451,0.2029772,0.2951804,-0.1387305,0.1212245,-0.1213405,0.2075112,-0.06950168,-0.08833352,-0.2145294
-0.04698993,-0.1439167,-0.1476631,-0.1339898,0.02350799,0.1012451,0.03188895,0.03336307,0.01935982,0.4847448,0,0.3099083,0.2063396,0.2326578,0.09574472,-0.2932703,0.1810533,-0.1442347,0.01171497,-0.1362049,0.12867,0.04358358,0.0874428,0.3217142,0.3115414,0.3132312,-0.09180318,0.151928,0.06359032,0.1415834,0.3609799,-0.05506191,0.1464062,0.1977667,0.03160018,0.06930917,0.116994,0.07130837,-0.04466014,0.2453914,-0.019936,0.3019435,0.2028972,-0.09865783,-0.07837784,0.1222656,0.02108401,7.322526e-05,0.054404,-0.01484085,-0.1916664,-0.03800996,-0.4210626,-0.3158447,-0.04758035,0.1362237,-0.2570592,-0.09931593,0.3412939,0.2593426,0.2235629,0.3262043,0.1450265,0.1512992,0.04176487,0.05311409,-0.2036356,-0.02501502,0.03408831,-0.2072393,-0.1988108,0.03927055,0.06498315,-0.1809668,-0.01100153,0.3127666,0.1847654,0.2710342,0.08900217,-0.08470927,-0.236328,0.06419796,-0.07881378,0.2135393,0.2321352,0.3037463,0.0951198,0.1317,0.04283171,0.04160881,-0.05138874,0.1586868,0.1397696,0.1237939,0.1753795,0.007423439,0.1972711,0.02373167,0.006896222,-0.1659157
0.1527208,-0.01900792,0.2374218,-0.2403176,-0.4293216,-0.1497438,-0.03480827,-0.02298864,-0.1905285,-0.2021517,0.3099083,0,0.2467772,0.04195947,0.2101801,-0.2531247,0.01042555,-0.1149855,-0.00625781,-0.1597635,-0.2877078,0.2177359,-0.05337555,-0.01753278,0.1728941,0.2327058,0.2482125,0.3500547,-0.1773259,0.1523451,-0.2463606,0.1720381,-0.1697277,-0.1557999,0.3111068,-0.1348353,-0.08483241,0.1063211,0.06683511,0.3093269,-0.1055149,0.2396923,0.1925655,0.2971732,0.2986297,-0.114454,-0.002441652,0.02380936,-0.06248293,-0.3112435,-0.03100946,0.03215132,0.1241186,-0.1895664,-0.02195191,-0.04159777,-0.1445192,0.05244163,0.2742257,0.5071046,0.3355886,0.2280901,0.2266473,-0.01973738,0.0975607,0.400286,-0.02762578,0.1618388,0.0594716,-0.1002518,0.07412037,0.1636405,0.08289587,0.1631977,0.33245,0.3408215,-0.2632003,0.2220353,-0.05397976,0.02327954,0.103553,0.04493945,0.3146235,0.003948607,-0.01083606,-0.07530309,-0.1273814,0.4328952,-0.01361778,0.07137635,-0.1977425,0.05177542,-0.05015886,0.3459123,0.1949421,0.3710955,-0.02602383,0.122897,0.09795856,-0.1344078
0.02016402,0.08887868,-0.08405266,-0.1460425,-0.008280495,-0.1775562,0.1571176,-0.007826704,-0.09976599,0.2014263,0.2063396,0.2467772,0,0.5107036,0.1994516,-0.232229,0.497211,0.07627635,0.3741593,-0.1559764,0.111978,0.4827589,0.3786431,0.1198516,0.03884662,0.3159412,0.3297552,0.2945308,-0.09432544,0.3424987,0.1140421,-0.2491145,-0.00615214,0.3448864,0.4980535,-0.1665778,-0.1343805,-0.02600647,-0.06414249,0.2381121,-0.1074519,0.1153352,0.5519226,0.2556521,0.4322275,-0.02985548,0.1884369,0.1093358,-0.07591509,-0.3213831,-0.342306,0.08068617,-0.2031392,-0.411461,-0.1715357,-0.3463064,-0.1702494,-0.02711467,-0.1268118,0.1750859,0.3367432,0.3011258,0.1683352,0.2358021,0.3606877,0.1427212,-0.04813568,0.2992641,0.2390631,0.09628531,0.03101723,0.07554118,0.1997209,0.1746439,-0.004189705,0.2168736,-0.006794151,0.4188591,0.2859188,-0.210675,-0.0322388,-0.005988946,0.308727,-0.1067789,0.001398031,0.03546541,-0.04744084,0.3100327,0.07070931,-0.2339467,-0.3855333,0.08966797,-0.1250302,0.2116001,0.2746751,0.198802,0.03002726,0.02898075,0.173601,-0.3697816
-0.09239955,0.2369583,-0.1193832,0.07617857,0.1091504,-0.1905595,0.1883967,0.1582823,-0.1423644,0.2719954,0.2326578,0.04195947,0.5107036,0,0.4353781,-0.1751679,0.3508438,0.1311626,0.4744062,-0.269448,0.3486822,0.1811404,0.4299157,0.04026334,0.1096095,0.1679971,0.09958195,0.05336474,-0.14075,0.5004202,0.08218656,-0.2621991,0.1197456,0.3725311,0.2375935,-0.2034191,-0.1749827,-0.1014785,-0.2173194,0.1755193,-0.2290417,-0.150315,0.288218,0.009816872,0.140237,-0.116976,0.1168609,0.1433578,-0.2482664,-0.1797734,-0.208374,0.2353137,-0.2370397,-0.3294777,-0.2210836,-0.3798813,-0.1016479,0.1260085,0.06976212,0.08523823,0.3985564,0.2748441,0.3905421,0.5043335,0.4194219,0.3291723,-0.1631823,0.3634941,0.3014863,0.2101655,0.03893352,0.09325716,0.3934092,0.01733481,-0.08846074,0.2671329,0.06111678,0.4961805,0.1298901,-0.2344161,-0.2477889,-0.1083135,0.1304933,0.0482797,0.08341829,0.1608377,-0.1028099,0.1541564,-0.01727755,-0.3395811,-0.2518783,-0.02572321,-0.1185054,-0.05358047,0.1239778,-0.08817864,0.03713557,0.08884393,-0.1549277,-0.2994854
-0.113221,-0.01176029,-0.1598348,-0.08622998,-0.2736776,-0.1909282,-0.04402961,-0.1256223,-0.3281584,-0.05127186,0.09574472,0.2101801,0.1994516,0.4353781,0,-0.2021848,0.09107035,0.01259775,0.2019823,-0.08692374,0.2271883,-0.04956042,0.2549924,0.05980108,0.1447423,0.09339903,0.1490766,0.1847217,0.02384579,0.4734333,-0.2241309,-0.1363542,0.08371349,-0.01631667,0.05501765,-0.07902963,-0.002143574,0.02158969,0.005959389,0.07541125,-0.09349748,-0.1755102,0.01479383,0.05595483,0.08154974,-0.101665,0.188211,0.07777335,-0.1639083,-0.06754243,-0.1362916,-0.04738438,-0.09734246,-0.1567931,-0.2023682,-0.2294632,-0.1246813,-0.03436927,0.1685503,0.1497214,0.2262208,0.07117894,0.3582047,0.3003805,0.2854863,0.4875372,-0.03944706,0.1896271,0.1720814,0.06606972,0.2581182,0.0110012,0.2869363,0.1696426,0.1491881,0.2503456,0.03446722,0.4053829,-0.1002481,-0.128181,0.01348708,0.03399907,0.1257895,0.06049801,0.08510942,0.2269496,-0.05325039,0.2511465,-0.03160617,0.001036532,-0.00993313,-0.1297239,-0.103396,-0.09027292,-0.0766347,0.0350386,0.08484923,0.2849206,-0.07172197,0.001783648
-0.1734214,0.2604982,0.1403939,0.3017507,0.159375,0.08439562,0.3194597,0.2787963,0.1926671,-0.07703132,-0.2932703,-0.2531247,-0.232229,-0.1751679,-0.2021848,0,-0.147239,0.4787565,0.1325942,0.1028246,0.01742678,-0.1701591,-0.08350108,0.1102639,-0.03054039,-0.1413098,-0.07347492,-0.1405182,0.2241246,-0.3174135,-0.04152498,-0.1149693,0.008557962,-0.05046789,-0.1418159,0.2335939,0.009142276,0.0005536161,0.02602847,-0.3356702,0.2502183,-0.3315324,-0.09076132,-0.02434256,-0.06200585,0.04362196,-0.02769826,0.003953725,-0.06992383,0.2291436,0.1222965,0.2079646,0.2718158,0.2794527,0.1749977,0.01596437,0.4535458,0.1437489,-0.1993564,-0.406395,-0.3458676,-0.3309705,-0.2759976,-0.1953489,-0.03190856,-0.2340129,0.2794223,-0.1166915,-0.113884,0.2964802,0.1275055,-0.2099186,-0.299403,-0.05905309,-0.06022777,-0.3183463,0.02970658,-0.175879,-0.04257265,0.01404488,-0.02553294,-0.2240825,-0.1411091,-0.164903,-0.2524218,-0.2108639,-0.00378213,-0.252979,-0.009550123,-0.03219032,0.04611788,-0.1642704,-0.09993383,-0.1931371,-0.321677,-0.119998,-0.1062345,-0.1829889,-0.2108625,0.1295383
-0.09865116,0.05514498,-0.07955478,-0.121021,0.224083,0.02665187,0.2826593,0.06825145,0.2283324,0.3069362,0.1810533,0.01042555,0.497211,0.3508438,0.09107035,-0.147239,0,0.117137,0.3636861,-0.02592007,0.1080165,0.3116056,0.2174049,0.319815,0.1830695,0.2664794,0.1580983,0.1613044,0.05043421,0.1544117,0.3995254,-0.04555076,-0.1163065,0.3359195,0.2613177,-0.04918518,-0.1623118,0.03106108,0.05657375,0.0579864,0.01218017,0.1902963,0.4480389,0.1799379,0.2870966,-0.007222909,-0.007207996,-0.1011396,0.009176527,-0.2396884,-0.219018,0.1089246,-0.1380212,-0.2495914,0.008560666,-0.08224269,0.009935009,0.00778742,-0.09153684,0.01273587,0.284771,0.08096827,-0.05607566,0.2019533,0.211947,-0.1157527,0.05194861,0.114886,0.07821771,0.1079811,0.08220113,-0.00864604,0.1133854,0.08190493,0.0749965,0.1433793,0.1586529,0.193627,0.4007408,-0.03858839,-0.07281495,-0.1425114,0.1577964,-0.1643916,-0.07375448,-0.08952121,-0.04457068,-0.09301642,0.06806503,-0.1800243,-0.3088887,0.2322477,-0.001929256,0.144806,0.2221363,0.1198572,-0.171727,-0.2554297,0.01675057,-0.3083692
-0.2108717,0.3708478,0.0510426,0.1815183,0.1091687,0.07638144,0.3557836,0.3740326,0.07257986,-0.03474771,-0.1442347,-0.1149855,0.07627635,0.1311626,0.01259775,0.4787565,0.117137,0,0.4022326,0.1648284,0.07928565,0.02148687,0.1520364,0.09700525,-0.03946554,0.05024873,0.04041626,-0.007231379,0.1843837,0.0098085,-0.05508137,-0.2125934,-0.1267578,0.2692325,0.1118072,0.2399163,-0.01025282,-0.172814,-0.06558356,-0.2112743,0.07411236,-0.1886399,0.1188121,0.06909252,0.1274849,-0.08699393,0.09861944,0.003540902,-0.1751805,0.06616094,-0.1461955,0.2694983,0.1687977,-0.02831969,0.0891933,-0.1678467,0.4682311,0.2336908,-0.211658,-0.332459,-0.1231889,-0.1525747,0.02988254,0.008236968,0.1920824,-0.02930569,0.2275886,0.1888698,0.2341722,0.5743664,0.2420967,-0.07128412,-0.07175894,0.05388279,-0.02938754,-0.0222493,-0.009199043,0.1188302,-0.02712352,-0.1352929,0.04179465,-0.1655971,0.05882018,-0.0421988,-0.12764,0.01929025,-0.0001071927,-0.05690738,0.2160019,-0.1519607,-0.2023768,-0.1084592,-0.2438842,0.03062319,-0.1559581,-0.0650974,-0.1510539,-0.1547587,-0.2095322,0.01094576
-0.2815433,0.3383484,0.08214591,0.0002152418,0.1418392,-0.07031142,0.3786086,0.2238369,0.002885331,0.1742248,0.01171497,-0.00625781,0.3741593,0.4744062,0.2019823,0.1325942,0.3636861,0.4022326,0,-0.09978822,0.1278952,0.06091139,0.3154021,0.1823929,0.1420391,0.09458186,0.3413154,0.2696103,0.1100567,0.1750276,0.1691507,-0.2487487,-0.1024255,0.2521732,0.2866875,0.05126319,-0.1914592,0.08432774,-0.04077892,0.02319344,0.03565723,-0.2156619,0.3732419,0.3263949,0.3840786,0.03458907,0.2205225,0.2350514,-0.1415017,-0.08053289,-0.2702641,0.2638756,-0.1089623,-0.2455037,-0.02097578,-0.1894538,0.1767203,0.1178345,-0.004321681,-0.2093848,0.176252,-0.07680587,0.06325374,0.2690739,0.5034884,0.07233464,0.1456831,0.2974254,0.1718375,0.3171074,0.1200197,-0.167787,0.1028564,0.2497716,0.030108,0.1681032,-0.03803888,0.3395419,0.2777813,-0.1263205,-0.1241335,-0.1846782,0.3781102,-0.220832,-0.1152881,-0.01831207,-0.1287345,0.104214,0.03770667,-0.2969905,-0.327549,0.05520948,-0.1432884,0.06335708,0.01922448,0.1950119,-0.04834204,0.01253389,-0.09402673,-0.2641745
-0.07287851,-0.0941571,0.01375741,-0.050046,0.06965426,0.1746724,-0.01499814,-0.2087265,0.03559626,-0.0730249,-0.1362049,-0.1597635,-0.1559764,-0.269448,-0.08692374,0.1028246,-0.02592007,0.1648284,-0.09978822,0,0.006535168,-0.002569299,-0.07743342,0.04122861,-0.09578907,-0.00463767,0.09763994,0.07049149,0.4673143,-0.2039231,0.02888423,0.05331065,-0.0005209445,-0.01251409,-0.1428424,0.2833889,0.3538561,0.01910505,0.04603709,-0.2516341,0.2279018,-0.007906429,-0.09495571,-0.01122248,0.01870526,0.05021226,0.04599538,0.026132,0.3486841,0.3001148,0.05181909,-0.1804214,0.029688,0.1191529,0.1546688,0.06521518,-0.03568469,-0.1339498,-0.2978199,-0.1325938,-0.2682846,-0.2344691,-0.2787245,-0.1816756,-0.2179685,-0.1845567,0.1539608,-0.3182548,-0.2045793,-0.06544182,0.2982538,-0.1653802,-0.07268827,-0.07802182,-0.1356004,-0.2954559,0.1725151,-0.2126845,-0.05662746,-0.110306,0.03602426,0.2200277,-0.135464,-0.2177354,-0.1111499,-0.04177847,0.2884837,-0.1310724,0.4082547,0.213839,0.1052271,-0.1546349,-0.08792752,-0.04244451,-0.2144024,0.05244072,-0.1674488,-0.08839639,0.261927,0.3035034
-0.2449324,0.01363926,-0.250928,0.07231672,0.2230369,-0.0340887,0.1199228,0.07110482,-0.04170121,0.4880703,0.12867,-0.2877078,0.111978,0.3486822,0.2271883,0.01742678,0.1080165,0.07928565,0.1278952,0.006535168,0,-0.09077277,0.2628824,0.2618268,0.1196719,0.1708555,-0.07971483,-0.1067559,0.1684689,0.2272535,0.2134203,-0.2890908,0.3456655,0.2792414,-0.1044068,0.09993723,0.1364844,-0.09947801,-0.1991382,-0.02536746,-0.00539982,-0.3165094,-0.005560665,-0.2461938,-0.1896274,0.09812041,0.03065114,0.09590959,-0.1484317,0.2385675,-0.08949134,0.05899509,-0.2100206,-0.09062689,-0.1848741,-0.125438,0.01244774,-0.01621596,-0.001170102,-0.2029241,-0.05464755,0.02733926,0.0217988,0.2117395,0.2240098,-0.08407249,0.01098216,0.1055069,0.1772777,0.1268228,7.278734e-05,-0.06111411,0.103461,-0.1188005,-0.2897907,0.05980406,0.422404,0.268414,0.0001932104,-0.1391011,-0.1604979,0.008987987,-0.198789,0.1044415,0.1521351,0.3157777,0.2163252,-0.1418029,0.09337383,-0.01911096,0.1156485,-0.1570969,0.1029683,-0.3044381,-0.1578076,-0.2998415,0.1343705,0.1031109,-0.1870243,-0.01119328
0.1194906,0.139879,0.1148576,-0.0625938,0.02499584,-0.02471589,0.0819478,-0.02451306,-0.09876077,0.02153289,0.04358358,0.2177359,0.4827589,0.1811404,-0.04956042,-0.1701591,0.3116056,0.02148687,0.06091139,-0.002569299,-0.09077277,0,0.277539,-0.09639836,-0.04706569,0.2017489,0.1678616,0.1138564,-0.266289,0.1993292,-0.00732723,0.006313046,-0.04385856,0.3450979,0.5675489,-0.3278353,-0.211385,-0.1982768,-0.1499236,0.235866,-0.31154,0.1492711,0.3952603,0.1381162,0.3825101,-0.2525503,-0.02463945,-0.05239718,-0.1021471,-0.4479327,-0.06787477,0.1317678,0.05518604,-0.1502584,0.09988549,-0.250864,-0.105941,0.05371512,-0.1256669,0.1724508,0.1572015,0.2218545,0.1502155,0.1312846,0.1749717,0.1455756,-0.1136353,0.2412218,0.1929722,0.1057775,-0.01276886,0.3833385,0.2907274,-0.04241025,-0.04291604,0.2447467,-0.1813673,0.1979938,0.09660854,-0.1996873,0.06340804,-0.07359549,0.2490763,0.09392396,-0.0009982359,-0.06490926,-0.1435081,0.2690963,-0.001525067,-0.3173969,-0.3877342,-0.05847434,-0.2209627,0.2810892,0.333944,0.1909965,-0.1830485,-0.145007,0.09702539,-0.3492605
-0.0827844,0.1934406,-0.048308,0.05511963,0.03879708,-0.1117711,0.1123514,-0.01756179,-0.2194182,0.1536393,0.0874428,-0.05337555,0.3786431,0.4299157,0.2549924,-0.08350108,0.2174049,0.1520364,0.3154021,-0.07743342,0.2628824,0.277539,0,-0.05994552,-0.0567056,0.120678,0.1537158,0.02391314,-0.1246571,0.4077721,-0.04507291,-0.3198863,0.1227759,0.3830996,0.2861719,-0.1597249,-0.1263589,-0.2453069,-0.25135,0.1067316,-0.20756,-0.1996651,0.1615059,-0.05223507,0.1131822,-0.1415152,0.2635544,0.2802837,-0.08839478,-0.09877815,-0.1582058,0.07872678,-0.1804783,-0.1714704,-0.06875778,-0.3416195,-0.1460761,0.0121596,-0.07940965,-0.04012914,0.05742703,0.1426062,0.2684799,0.3104064,0.3585395,0.184247,-0.1478112,0.293738,0.2947477,0.1056963,0.03185127,0.1584759,0.3098288,0.06543719,-0.222158,0.1704963,0.002423164,0.3531878,-0.01957398,-0.2506287,-0.1349906,-0.07717861,0.1489413,0.07295358,0.1268064,0.1986986,-0.107632,0.1956809,0.06103013,-0.3193239,-0.2422871,-0.19671,-0.2323769,-0.02773163,-0.02776995,-0.1079723,-0.0150699,0.1201501,0.007191922,-0.1694613
-0.3480181,-0.1888394,-0.2440659,-0.109962,0.1204398,0.1244683,0.306293,-0.03630559,0.1991716,0.5025338,0.3217142,-0.01753278,0.1198516,0.04026334,0.05980108,0.1102639,0.319815,0.09700525,0.1823929,0.04122861,0.2618268,-0.09639836,-0.05994552,0,0.4704107,0.2414805,0.05454965,0.2576855,0.5320257,-0.03186092,0.4618811,-0.1273642,0.07026516,-0.009999746,-0.1104892,0.3692347,0.1545292,0.3286442,0.3538443,0.07209745,0.4152838,0.05474338,0.243989,0.0384512,0.00791125,0.3543044,0.1757457,-0.03369482,0.03349395,0.1862869,-0.2176812,-0.1034784,-0.3258741,-0.2655347,-0.1140181,0.2254274,0.01884291,-0.2412892,0.1652623,-0.1305791,0.1068344,-0.1712307,-0.2387536,-0.07877187,0.05561697,-0.2120218,0.2106233,-0.2122615,-0.2109861,-0.09516957,0.1182418,-0.3116229,-0.1967606,0.1416921,0.1636745,0.06118732,0.4753049,0.2210465,0.2606207,0.03881856,-0.02260459,-0.07265696,-0.1239702,-0.1320224,-0.001373313,0.1248841,0.246095,-0.1379818,0.08441905,0.2418913,0.06607175,0.2233769,0.2726541,-0.1195591,0.007045443,0.03305609,0.1215013,-0.05829038,-0.04837282,0.005818761
-0.4332882,-0.1211887,-0.009158135,-0.09209555,-0.02388303,0.03177164,0.1759179,0.05804088,0.1966901,0.388305,0.3115414,0.1728941,0.03884662,0.1096095,0.1447423,-0.03054039,0.1830695,-0.03946554,0.1420391,-0.09578907,0.1196719,-0.04706569,-0.0567056,0.4704107,0,0.2800689,0.102438,0.2664058,0.2561168,0.1122211,0.3376548,0.2272931,0.06913827,-0.09450522,0.01526608,0.2241841,-0.02172217,0.407827,0.3658498,0.2136948,0.173466,-0.02029196,0.232037,0.1226381,0.08413168,0.221846,0.08458724,0.05409155,-0.0953943,0.007856323,0.03528357,-0.04512881,-0.11812,-0.08799127,0.001612389,0.1800686,-0.01513793,-0.04469552,0.3979777,-0.07089386,0.3021849,-0.03460784,-0.1055525,0.05972818,0.1744245,0.002515977,0.08268764,-0.08806511,-0.25326,-0.09811034,0.06068786,-0.2139867,-0.09136631,0.1339361,0.1084279,0.3780466,0.1744836,0.2636092,0.197405,0.2032419,-0.01226051,-0.06461396,0.06975615,-0.1426857,-0.0271302,0.02403408,0.09961288,-0.1247253,-0.08080739,0.04233247,-0.04116136,0.1962054,0.1812328,-0.08551136,0.1368655,0.1216065,0.1065352,-0.01839374,-0.2489351,-0.03623176
-0.1714494,-0.0682616,0.005287293,-0.1050937,-0.00328839,-0.02712578,0.08105623,0.02445606,0.008796834,0.3467281,0.3132312,0.2327058,0.3159412,0.1679971,0.09339903,-0.1413098,0.2664794,0.05024873,0.09458186,-0.00463767,0.1708555,0.2017489,0.120678,0.2414805,0.2800689,0,0.128165,0.3573893,0.1279535,0.2282616,0.2881144,-0.1662457,0.01848705,0.2234496,0.1552637,0.07753081,0.2379201,0.03582508,-0.02254138,0.1467097,-0.01305368,0.09427831,0.3123336,0.05294512,0.1025375,0.2012028,0.02161395,-0.08028098,-0.14025,-0.06858717,-0.2397812,0.01034485,-0.2936316,-0.2395928,-0.04621398,-0.02324376,-0.1172633,-0.07447737,-0.05825121,0.09015951,0.1734563,0.08337025,0.01949333,0.01542616,0.1833137,0.01646319,-0.05032551,0.09114883,0.08931105,-0.01108001,0.05380848,-0.03606902,0.04680545,-0.07379166,-0.06518355,0.2180216,0.2943352,0.423735,0.09225389,-0.0868936,-0.008100954,-0.06240359,0.02287373,0.05211622,0.2153183,0.1318895,0.28586,0.2185413,0.05026977,0.005898172,-0.1898518,0.09648265,0.0287042,0.005650746,0.07133365,0.06376541,0.1772608,-0.06091465,-0.01468843,-0.2281699
-0.07505965,0.04791388,0.1141654,-0.3253037,-0.247374,-0.2196648,0.08296657,-0.06298429,-0.1844627,-0.07657851,-0.09180318,0.2482125,0.3297552,0.09958195,0.1490766,-0.07347492,0.1580983,0.04041626,0.3413154,0.09763994,-0.07971483,0.1678616,0.1537158,0.05454965,0.102438,0.128165,0,0.4690763,0.2292477,0.05883014,-0.08577221,-0.1291159,-0.2449499,-0.1657229,0.557988,0.166222,0.03682738,0.3125891,0.1750066,0.1364149,0.3093646,-0.1529125,0.4299413,0.6596392,0.6401331,0.2689435,0.456355,0.4341512,0.131933,0.03797451,-0.251859,0.03507226,0.02874744,-0.2124681,-0.02236882,-0.1670206,0.02856114,-0.05577552,-0.1484542,-0.08306432,0.04030831,-0.188503,-0.1199202,-0.1081809,0.3630127,0.1046921,0.2900963,0.1003439,-0.06924226,0.07529893,0.2066547,-0.268517,-0.04428462,0.4033425,0.08984198,0.1274524,-0.101402,0.1871545,0.2176061,0.05204719,0.09365184,0.1170357,0.5339246,-0.4405706,-0.3109642,-0.1940576,0.05551655,0.3233352,0.1940545,0.08659156,-0.2233374,-0.05600623,-0.085292,0.3253709,0.06750419,0.5709291,0.1273864,0.2522666,0.1834503,0.06564277
-0.1255455,-0.1208793,0.08095877,-0.246586,-0.2380777,-0.03100392,0.07903577,-0.1031215,-0.01592087,0.03747147,0.151928,0.3500547,0.2945308,0.05336474,0.1847217,-0.1405182,0.1613044,-0.007231379,0.2696103,0.07049149,-0.1067559,0.1138564,0.02391314,0.2576855,0.2664058,0.3573893,0.4690763,0,0.325733,0.1486723,0.1194154,-0.0982095,-0.267441,-0.1648733,0.2384589,0.2098669,0.2577996,0.3657356,0.2119996,0.1479279,0.2620593,0.1244861,0.4075551,0.5122594,0.4275287,0.357394,0.2873013,0.1848047,0.1329358,-0.008201903,-0.2425421,-0.07502928,-0.1609437,-0.3069676,-0.001396574,0.06062639,-0.1009547,-0.1292328,-0.01385114,0.05057893,0.168514,-0.1430928,-0.1063073,-0.09358508,0.2592063,0.1037613,0.1618713,-0.006234071,-0.133959,-0.1370533,0.1957116,-0.3085847,-0.125669,0.2686461,0.1934797,0.2095601,0.0686681,0.3226736,0.2476141,-0.0540804,0.0188939,0.001285122,0.2960814,-0.328044,-0.1208249,-0.1038575,0.163516,0.4540385,0.163888,0.1171111,-0.2432891,0.1141651,-0.04576072,0.2580647,0.05191851,0.5178163,0.198429,0.1323685,0.2009893,-0.003646143
-0.3264352,-0.1687527,-0.1623763,-0.06377444,0.0612866,0.08108901,0.2070478,-0.05083792,0.1270928,0.2569607,0.06359032,-0.1773259,-0.09432544,-0.14075,0.02384579,0.2241246,0.05043421,0.1843837,0.1100567,0.4673143,0.1684689,-0.266289,-0.1246571,0.5320257,0.2561168,0.1279535,0.2292477,0.325733,0,-0.1944992,0.3105226,-0.1251183,0.002221634,-0.1614705,-0.2195303,0.5594783,0.4526773,0.4061728,0.3734489,-0.1233479,0.6267791,-0.08996055,0.110331,0.1286789,0.0272333,0.4695102,0.2932079,0.1004127,0.2420806,0.4445747,-0.1284802,-0.1696881,-0.2381154,-0.1279905,0.008826693,0.1364658,0.06805193,-0.2042655,-0.1499659,-0.3110783,-0.1691079,-0.4259197,-0.4301108,-0.2407269,0.003168087,-0.2575615,0.3968275,-0.3394922,-0.3526706,-0.06611491,0.3629049,-0.5688192,-0.3360069,0.1348863,-0.02794477,-0.1977923,0.5370305,0.02728418,0.1319371,0.004750637,-0.03722147,0.0976213,-0.1492043,-0.3892351,-0.1423309,-0.01301145,0.4463739,-0.1274525,0.3336028,0.4082787,0.1345545,0.01683168,0.1661798,-0.1506801,-0.2127398,0.1417313,0.1685643,0.0002901254,0.1108915,0.2819748
-0.06339131,0.02648313,-0.1851281,0.05405282,-0.1615212,-0.1455098,-0.04843861,-0.08578163,-0.2502667,0.04985424,0.1415834,0.1523451,0.3424987,0.5004202,0.4734333,-0.3174135,0.1544117,0.0098085,0.1750276,-0.2039231,0.2272535,0.1993292,0.4077721,-0.03186092,0.1122211,0.2282616,0.05883014,0.1486723,-0.1944992,0,-0.20563,-0.1385977,0.1280442,0.1814797,0.1725508,-0.2112756,-0.0536001,-0.2354,-0.2118354,0.197063,-0.3568555,-0.1881426,0.1061928,-0.04761632,0.02410137,-0.1623867,0.04065936,0.06163003,-0.2933706,-0.1853338,-0.1388644,-0.03427415,-0.1557452,-0.225291,-0.1926059,-0.2477306,-0.2358184,0.05615631,0.1614255,0.1751761,0.365832,0.3316348,0.4892682,0.3420075,0.2268134,0.4921248,-0.2468141,0.3300796,0.2985974,0.04591982,0.113461,0.2427914,0.3952537,0.09243786,0.04135289,0.4002011,0.02226076,0.568935,-0.1358421,-0.1690161,-0.01516719,-0.1351107,0.04706992,0.2103285,0.2545536,0.2351379,-0.1079243,0.2965258,-0.07468517,-0.2890384,-0.1327444,-0.1584914,-0.1945464,-0.09662383,0.03475863,-0.1400075,0.05563485,0.1754234,-0.1874391,-0.1976713
-0.2216027,-0.0988387,-0.167676,-0.05491275,0.4387259,0.2257808,0.1970014,0.113903,0.4176422,0.6668759,0.3609799,-0.2463606,0.1140421,0.08218656,-0.2241309,-0.04152498,0.3995254,-0.05508137,0.1691507,0.02888423,0.2134203,-0.00732723,-0.04507291,0.4618811,0.3376548,0.2881144,-0.08577221,0.1194154,0.3105226,-0.20563,0,-0.03504468,0.09171522,0.2162444,-0.07144539,0.2260618,0.09199034,0.2374634,0.1627154,0.08117173,0.2065388,0.2910464,0.331442,-0.0006453458,0.01470416,0.3200246,-0.0008986481,-0.0917026,0.134482,0.03993613,-0.1810425,0.04190326,-0.4502445,-0.164969,0.01574,0.2706053,-0.002931457,-0.1359821,0.03269357,-0.1883709,0.1241567,-0.08158917,-0.3768045,0.01512503,0.07608917,-0.4723287,0.03783052,-0.2121363,-0.2176062,-0.1095355,-0.1286419,-0.2958227,-0.1877511,-0.1172621,-0.1530049,0.04113024,0.3941858,0.02980896,0.4905629,0.02437031,-0.2422338,-0.04435417,-0.09438959,-0.1285383,0.05077242,0.05026992,0.228769,-0.2865248,0.01353944,0.03493759,-0.0875074,0.431515,0.3045093,-0.05380535,0.2002395,0.05162896,0.08640258,-0.3159982,0.05250949,-0.2387685
0.109229,-0.05842928,0.2512831,-0.0628805,-0.08093917,0.1266899,-0.06113089,0.02043235,0.22734,-0.2027711,-0.05506191,0.1720381,-0.2491145,-0.2621991,-0.1363542,-0.1149693,-0.04555076,-0.2125934,-0.2487487,0.05331065,-0.2890908,0.006313046,-0.3198863,-0.1273642,0.2272931,-0.1662457,-0.1291159,-0.0982095,-0.1251183,-0.1385977,-0.03504468,0,-0.0009610018,-0.2633071,-0.1239597,-0.05820376,-0.1738797,0.2163451,0.2210865,0.1153433,-0.06164251,0.1980218,-0.1631547,-0.01029969,-0.0495154,-0.1838251,-0.2373313,-0.1302268,0.09975085,-0.1409344,0.4608031,-0.07991364,0.2616139,0.2482427,0.1691965,0.2096348,-0.04135467,0.07671894,0.2480501,0.154323,0.1706875,0.05627054,-0.06849167,-0.06767616,-0.262879,0.07768337,-0.09509032,-0.1917699,-0.2857006,-0.1990857,0.004801373,0.06426912,-0.0504485,-0.03184005,0.1815548,0.07860903,-0.3061059,-0.3241638,-0.12094,0.3315397,0.06796974,-0.02479782,-0.06265031,-0.1135739,-0.1639637,-0.3325714,-0.1809908,-0.2458992,-0.1175008,0.007479833,0.0816253,0.0991578,0.1206768,-0.03327161,0.1320485,0.06629486,-0.3050991,-0.2387615,-0.06931745,0.04866472
-0.1564422,-0.06505369,-0.1518019,0.1447326,0.1693787,0.04674119,-0.1316691,-0.05067531,-0.0449979,0.3092913,0.1464062,-0.1697277,-0.00615214,0.1197456,0.08371349,0.008557962,-0.1163065,-0.1267578,-0.1024255,-0.0005209445,0.3456655,-0.04385856,0.1227759,0.07026516,0.06913827,0.01848705,-0.2449499,-0.267441,0.002221634,0.1280442,0.09171522,-0.0009610018,0,0.230037,-0.1512803,-0.03497515,0.1249615,-0.0618333,-0.1577802,0.004870654,-0.1557445,-0.1865391,-0.1976573,-0.4076798,-0.3100997,-0.09964572,-0.01717223,0.02325572,-0.1719066,0.1481754,0.05020866,-0.1128923,-0.2609,0.06038803,-0.07875785,-0.01068237,-0.1715665,-0.04452883,0.1393565,0.001818514,-0.001765322,0.1861444,0.1178878,0.1671221,-0.0784664,-0.02574856,-0.2744534,-0.06577933,-0.0164894,-0.07706575,-0.2093392,0.139051,0.1297895,-0.2570304,-0.2790428,-0.02852146,0.1908575,0.08215406,-0.1972114,-0.2235657,-0.1394606,0.1150935,-0.3518897,0.2691666,0.2417621,0.3328207,0.08890303,-0.1602138,-0.1046833,-0.1313004,0.1784521,-0.1526261,-0.03896566,-0.4159342,-0.1295555,-0.3782652,0.03029001,0.05198959,-0.1472226,-0.07446747
-0.06377048,0.1474102,-0.0882284,0.1149942,0.3044213,-0.01216698,0.09960596,0.06872951,-0.007569517,0.3673744,0.1977667,-0.1557999,0.3448864,0.3725311,-0.01631667,-0.05046789,0.3359195,0.2692325,0.2521732,-0.01251409,0.2792414,0.3450979,0.3830996,-0.009999746,-0.09450522,0.2234496,-0.1657229,-0.1648733,-0.1614705,0.1814797,0.2162444,-0.2633071,0.230037,0,0.2184325,-0.1637624,-0.02024368,-0.4259079,-0.3019894,0.004957575,-0.3235137,0.01992305,0.1661073,-0.2982953,-0.06446697,-0.2355169,-0.1279101,-0.02519542,-0.1467363,-0.1313124,-0.1931497,0.1297385,-0.2341668,-0.1164382,-0.0827131,-0.1774888,-0.1005708,0.01294127,-0.09716026,-0.0008535896,0.04991751,0.2519416,0.2123548,0.2831285,0.1877501,-0.06194975,-0.2508444,0.2891703,0.3678063,0.2122108,-0.1340817,0.357793,0.2701174,-0.2106254,-0.3188936,0.09861876,0.1163001,0.2406734,0.02959306,-0.2987426,-0.193314,-0.01824893,-0.102661,0.3710389,0.2888627,0.3292672,0.03160179,-0.04661428,0.1201083,-0.38492,-0.3140421,0.0175612,-0.1907526,-0.06964867,0.04913114,-0.3529269,-0.09072747,-0.07408715,-0.01385595,-0.2665452
0.06613032,0.2095712,0.2003182,-0.2574742,-0.1067467,-0.1427841,0.1227837,0.108489,-0.168487,0.009335034,0.03160018,0.3111068,0.4980535,0.2375935,0.05501765,-0.1418159,0.2613177,0.1118072,0.2866875,-0.1428424,-0.1044068,0.5675489,0.2861719,-0.1104892,0.01526608,0.1552637,0.557988,0.2384589,-0.2195303,0.1725508,-0.07144539,-0.1239597,-0.1512803,0.2184325,0,-0.1374629,-0.2532204,-0.02249325,-0.06367853,0.3001647,-0.1065897,0.02349341,0.5407942,0.5004427,0.6628549,-0.08603549,0.1880841,0.2296993,-0.08560616,-0.3256511,-0.2398873,0.232638,0.09213515,-0.2175929,0.04034895,-0.2238476,0.05721912,0.0710484,-0.07776545,0.07933061,0.1756046,0.1271463,0.1282148,0.09059267,0.3977622,0.1601724,0.07603171,0.3707932,0.1968469,0.2487275,-0.03802364,0.187424,0.1869126,0.2193268,0.04972835,0.36198,-0.2871948,0.2562104,0.2145219,-0.009076235,0.02826096,-0.04406269,0.5514991,-0.09529845,-0.1843719,-0.08360429,-0.1890502,0.3516014,0.03579742,-0.2587795,-0.447323,0.009139172,-0.1910794,0.4695703,0.3262733,0.4321127,-0.04262394,0.08282496,0.1117686,-0.2113842
-0.2199752,-0.216798,-0.1976466,-0.1812538,-0.04759432,0.1124222,0.195561,0.06655668,0.2054595,0.2042965,0.06930917,-0.1348353,-0.1665778,-0.2034191,-0.07902963,0.2335939,-0.04918518,0.2399163,0.05126319,0.2833889,0.09993723,-0.3278353,-0.1597249,0.3692347,0.2241841,0.07753081,0.166222,0.2098669,0.5594783,-0.2112756,0.2260618,-0.05820376,-0.03497515,-0.1637624,-0.1374629,0,0.5026053,0.4070241,0.3194003,-0.0272298,0.6153606,-0.0685448,0.1132419,0.2322128,0.07909966,0.4404673,0.3017792,0.1647913,0.2404699,0.5884766,-0.1905509,-0.1261467,-0.1715109,-0.158403,-0.01690091,0.2768714,0.1478514,-0.1321379,-0.06004639,-0.3081194,-0.1633976,-0.3164582,-0.3410628,-0.2667269,0.03880085,-0.3430501,0.3846517,-0.284709,-0.2707385,-0.0009423255,0.1176241,-0.5142754,-0.3841567,0.1064414,0.05619429,-0.1166042,0.2668189,-0.04135465,0.1810124,0.1829763,-0.06250364,0.07974549,-0.1112115,-0.309019,-0.2084567,0.01054659,0.4394149,-0.1511039,0.4402534,0.4197184,0.180106,0.109984,0.1968359,-0.008934437,-0.16474,0.1735165,0.1788871,0.07323167,0.0616987,0.4353241
-0.1975274,-0.3822059,-0.1690671,-0.1021719,-0.05556624,0.05085303,-0.1012588,-0.2027713,-0.09589799,0.1387421,0.116994,-0.08483241,-0.1343805,-0.1749827,-0.002143574,0.009142276,-0.1623118,-0.01025282,-0.1914592,0.3538561,0.1364844,-0.211385,-0.1263589,0.1545292,-0.02172217,0.2379201,0.03682738,0.2577996,0.4526773,-0.0536001,0.09199034,-0.1738797,0.1249615,-0.02024368,-0.2532204,0.5026053,0,0.202644,0.1578844,-0.09764639,0.3716876,-0.05196315,-0.1066994,-0.04624237,-0.1656393,0.3864433,0.1150762,0.09921747,0.2051735,0.5869126,-0.095627,-0.2934918,-0.264433,-0.09997364,-0.06715976,0.1291766,-0.1725465,-0.2515202,-0.1418452,-0.1059133,-0.2181121,-0.1885061,-0.1767507,-0.2700267,-0.1335105,-0.1340125,0.0566294,-0.2857074,-0.1974852,-0.257079,0.0809643,-0.288863,-0.2677619,-0.09990544,-0.2053549,-0.2627395,0.4107549,0.05587079,-0.09915266,-0.08814922,-0.1587699,0.1656035,-0.3505102,-0.03072198,0.008725433,0.1233693,0.6770642,0.04837633,0.4504735,0.3145649,0.1908436,-0.06661808,0.0695609,-0.1960298,-0.3555454,-0.0470162,0.2850239,0.1077487,0.192401,0.4339886
