0,0.119120610142682,0.231999588774942,-0.02440517782896,-0.0361922987115825,0.017756547783525,0.0282284316822169,0.0505408092210936,-0.0613004652008051,-0.218319784011563,-0.29875595603954,-0.324073456163429,-0.268336557112381,-0.264898581504882,-0.117659809079064,0.454566305971442,-0.237717835872214,-0.0195360364805722,-0.116210532444367,-0.125334645448246,-0.00887929117134777,-0.230766555647002,-0.127116002936562,-0.249498989961668,0.155885661744143,-0.270845079521042,-0.165624350009258,-0.114749067319271,-0.235696279122868,-0.208702025983414,0.243866008813501,0.162148861131322,0.214294434419638,-0.157686220899826,-0.279646548063012,-0.0707572570635031,-0.328569338870428,0.142430704486589,-0.13619980390922,-0.194362003897904,-0.17076940482203,-0.0217092859227014,-0.28265148757837,-0.280115259061427,-0.0963095741505493,-0.278848696899457,-0.129900566132939,-0.0168286181384965,0.0502613850667617,-0.194951119038584,0.670121833088738,0.258666054438365,0.0517260782116749,-0.0924120521782609,-0.0126116411601491,0.0324002453526776,0.130675530855864,-0.0776965512766107,-0.193197468660133,-0.211955412122579,-0.29459148701212,-0.298293397804027,-0.277369063700648,-0.121718031068363,-0.146921711930596,-0.182311586814044,0.0810976303369114,-0.21301116590648,-0.091791180544598,0.0702157493572461,0.0460737531843756,-0.20523901985014,0.018894631970182,-0.00674926615419291,-0.338796398421761,-0.161365268304396,-0.151688637458089,-0.123015300146221,0.250884671133035,0.175334275513269,-0.134824700371202,-0.164715452834166,-0.0969562526593068,-0.227220492473783,-0.116622159918995,-0.0371471434321484,-0.288198195846666,-0.170646659711327,-0.0177996607401638,-0.121865870011762,0.249547086396158,0.148402226447824,-0.234147844539322,-0.0596772945641373,-0.22694319715592,-0.20201245276737,-0.0855180673934809,0.0838313165244343,0.125196589781802,-0.110044570307232
0.119120610142682,0,0.467559954254339,0.458025187133251,0.584024449766903,0.410139973022401,0.148409729235914,0.588024701789059,0.433026494029254,-0.0336249856982101,0.0580301428490281,-0.0351958182828049,0.0321620755045451,0.190683139642655,0.163416561586263,0.210220370056608,-0.0701286674289084,0.204080342799075,0.0775126926905407,0.156249470802125,0.215916615960688,-0.207902868317724,-0.0546512192019821,-0.172645638556756,-0.0353218656850467,-0.228989787678053,-0.19707941580402,-0.106243510597938,0.128783458926119,-0.127122102331145,-0.0820141310751027,-0.00313377098823097,0.0332737546374548,0.0681930395602199,-0.200599076012558,0.28367927136985,0.0616458003608664,-0.0706169195374191,-0.191862938553864,-0.165498997126714,-0.0774376772933438,-0.176700663620308,-0.273252040544907,-0.169852741932548,-0.0971232423170292,-0.268024868937965,-0.227930440443674,-0.15150599322652,0.380525864988949,0.0054328868508407,0.00340125369311211,0.734716874405927,0.187452623132897,0.371574936360123,0.504038375160408,0.526270226399251,0.440289594803047,0.51813403425835,-0.0486270572289937,-0.0060627706960888,-0.147163781614034,-0.0113910369467856,-0.0951416439941208,0.161898385310343,0.209768459092088,0.141237249322928,-0.0202583970408733,0.0457617347692804,-0.0105853148108946,0.256634804073153,0.196074732152475,-0.266633532719209,-0.0750785656761129,-0.163482720488575,-0.0583058741778347,-0.27048223669116,0.127626626476639,-0.116785595238482,-0.078177091976947,-0.0549261942917308,-0.0933310585015413,-0.199516653115226,-0.159781053059455,-0.13016618062673,-0.258921647818815,-0.284847363201549,0.0356667342103898,-0.143553789447442,0.15638465552467,-0.281949061432732,-0.0392851659853518,-0.188102028870065,-0.185588303742726,-0.291307328631415,-0.364916580894168,-0.211847319222878,-0.278814389833668,-0.163121847512724,0.345435909725943,-0.0485806190015805
0.231999588774942,0.467559954254339,0,0.0991915392085455,0.498920004200589,0.687356866510387,0.218317113041996,0.637310711198496,0.595757417332201,-0.0168019198796537,0.189690457001664,-0.000252928976343816,0.051668591883107,0.275643496182499,0.169609706339128,0.0838681356203958,0.112953758883801,0.151094689940257,0.176031116883834,-0.0435098115270112,0.360139260049459,-0.162926025810648,0.0168065425303817,-0.165179131021535,0.155534109703075,-0.0547557006171948,-0.171944617514634,-0.112786664751833,0.148285442490754,-0.166590953359697,0.0398292340167728,-0.21728187882126,-0.181606590363471,0.0256874835884653,-0.126545892290623,0.262797774767852,-0.0148400360809132,0.0745832195567941,0.0627487952931531,-0.00623610440892224,-0.0116001772115296,0.142426062210792,-0.0230342660048514,-0.038968663562115,0.13810281123208,-0.238421317616656,-0.192736929644446,-0.0877653742544522,0.431615448281311,0.124689579717599,-0.0392896583683706,0.4633940636102,-0.130654434081962,-0.0643892285281298,0.621928199355493,0.603118420605353,0.374114431093366,0.601296168545342,0.0380434192760449,0.187571924655947,-0.0354265553187319,0.0707215601720659,-0.0789384683712513,0.160559677918632,0.212221703842122,0.090184541601124,0.22198102624128,0.159549808852113,0.0298597949544057,0.148956130631263,0.204651041699802,-0.147432335783741,-0.0240291803085961,0.081970745028432,-0.00591119769372767,0.0720391299286082,0.170037763423246,-0.112552084789148,-0.0413755593591729,-0.237942227715853,-0.217316011930049,-0.2667506252357,0.0078560385508775,-0.0506942719245946,-0.270869641236541,-0.293982599330302,0.039704529022491,-0.040723270624125,0.141198702646559,-0.0774578691712722,-0.211057454023956,0.0326353277149303,0.0192344043542862,-0.0653870035226277,-0.105976622177903,0.00763349671808071,-0.195090037329797,-0.153290220671153,0.3926538325981,0.143826711357569
-0.02440517782896,0.458025187133251,0.0991915392085455,0,0.432086601043208,0.0851288614049014,0.0699329669692214,0.228370868368044,0.0814035517332156,-0.14469773962817,-0.00595177425711508,-0.159677194787428,0.0524781703969699,0.162820579252933,-0.0146883390093865,0.288303473074141,-0.029237899087648,0.171401361882432,0.201279042705,-0.0403549958525882,-0.0443296393880127,-0.0739322566013391,0.0479647180498589,-0.192376187857922,-0.370979421388011,-0.27947220074451,-0.135033529992765,-0.13952379103807,0.109301509610697,-0.240548194596212,0.0104056028315254,0.234504148615107,0.216639452373911,0.182046144312795,-0.0412698781672214,0.171539085551228,0.102265494969215,-0.117683990036429,-0.232764380641979,-0.146683781539898,-0.0277653442740619,-0.199865321782057,-0.339272843956241,0.0555821254532252,-0.062504089306831,-0.185892666575069,-0.136764139261685,-0.314807983469899,0.126906977717624,0.0175775771406594,0.0121800730303435,0.420566024356087,0.473009562324981,0.759379176740906,0.132133041370143,0.175358209914977,0.507582244298834,0.115333819772989,-0.200981137631834,-0.101643833867108,-0.119404079813484,0.0744076141700768,-0.00642416626171849,0.00420673010075789,0.211245572077924,0.0811048893011374,-0.0116408727807809,0.119951371686728,0.148478545556869,0.132150519691357,-0.161212436946289,0.00340066734759185,-0.0409766788468055,-0.276123035223628,-0.133141936893824,-0.37395069141468,0.164724012062388,-0.0802474342371567,0.0971933204639477,0.234503942838527,-0.0808058500129021,-0.220081285165614,-0.125408181651456,0.107157487459762,-0.087507222962276,-0.102705023058141,0.103190010508947,-0.170229816328126,0.162098295787429,-0.332079801892206,0.131488166165008,-0.37455723478227,-0.194888600008131,-0.244884961294669,-0.3639181679769,-0.0986096936002103,-0.322547623288101,-0.222126808203194,0.141438750264662,-0.0901488153083273
-0.0361922987115825,0.584024449766903,0.498920004200589,0.432086601043208,0,0.603499679804837,0.0844809069656061,0.492471726178908,0.538629915804383,0.0304550223956016,0.249169040999011,0.0376369272451202,0.113367475599368,0.350411822462167,0.187186036259136,0.1050760457697,0.0787859146798688,0.075913911570519,0.156497100271145,-0.0289032699611284,0.229840294184512,-0.0979176078242267,-0.0185241250793318,-0.123129244017811,0.0670118810197609,-0.136970278193743,-0.16417097531307,-0.116800874771067,0.26657013684202,-0.182965199397633,0.0874371403841365,0.00635702018099567,0.00585597442220108,0.092264856045683,-0.0515764591423381,0.212781049531664,0.0948569773257443,-0.0205763834535301,-0.0907253693193309,-0.0769171634091433,-0.00353891480152073,0.0236174319181131,-0.11083867701785,0.0104557755373374,0.066788357660867,-0.207555434887169,-0.189998041878255,-0.196642772042096,0.304082513384941,0.0842624477164479,-0.106461349515839,0.423788584348439,0.0494480192736634,0.327767667241519,0.64157969449858,0.531287881360484,0.331074682807396,0.538444006172293,0.0580331652402139,0.175571616440346,-0.03233919502102,0.137754726794386,-0.030393098895695,0.19220776096843,0.323963469987047,0.171548258598031,0.0651427034151399,0.147161162793716,0.0718623210061573,0.0140565536761017,0.072787838749804,-0.167894819625508,-0.172301466884436,-0.0158331563048421,0.018534977881188,-0.12704508572975,0.250137972639089,-0.0940465072798791,0.071570807430939,-0.0570525110978355,-0.173176313153252,-0.231452361379339,-0.0775707897923158,-0.0319546201434572,-0.271751076049691,-0.253830902561721,0.106697460502991,-0.122903147325391,0.0626508921168606,-0.158086868675567,-0.0266864914688355,-0.132847604399624,-0.0988561531433678,-0.0959105288289398,-0.184340716298436,-0.0357749925044912,-0.2534794728524,-0.237620020767619,0.287532544690121,-0.00541445262351447
0.017756547783525,0.410139973022401,0.687356866510387,0.0851288614049014,0.603499679804837,0,0.195528265943934,0.594575722494115,0.792366310369282,0.239768652478239,0.457247641294739,0.223797373574255,0.179461764907684,0.417662972358565,0.343472444576262,-0.00453149261440035,0.18900355524667,0.132591139206064,0.167381319153731,0.109201081399558,0.418773983313671,-0.0545305880637324,0.0108813413570735,-0.00230891673001117,0.232364889805436,0.0705529030132306,-0.15931561885658,-0.0788967582969868,0.308228487472393,-0.108138720628637,0.0464092658714277,-0.261601611512674,-0.231181089127308,0.0837850764557468,-0.0427890948748434,0.385348048962735,0.106616357287142,0.0791743289488554,0.0982945201564444,0.0759953421863012,0.0447379038217932,0.159330017032427,0.0434635845592111,-0.020207567614037,0.172348178391418,-0.267225363894813,-0.28543900083352,-0.12046163543837,0.564497687796613,0.205075398975815,-0.21150615358281,0.326249866502597,-0.248883960257036,-0.114386093251655,0.767935608999774,0.766145094329293,0.286662264488695,0.702525626598433,0.295575196951468,0.404860727112099,0.173826905207436,0.174361994404238,0.0139044309271111,0.332050803181039,0.370000111810793,0.268820762558122,0.222027921106642,0.244133187816971,0.108909637065193,0.0855460710941875,0.29829270340312,-0.143802486804078,-0.126872553287283,0.168100319875945,0.211691971294515,0.178568300715551,0.313334925495797,-0.0608660290396798,-0.0455088828698212,-0.319593885968019,-0.139558723133342,-0.188261342226919,0.0253157851068732,-0.0316539353007615,-0.338652135764497,-0.355434579736485,0.157884711108402,-0.00493442704222696,0.212378155621159,0.028334085393803,-0.271182939945675,0.0736221655002761,0.0956845964092426,-0.0122835216467661,-0.0737966531923969,0.0502653279164011,-0.258739015989884,-0.218468162587995,0.55073644141893,0.201487098119247
0.0282284316822169,0.148409729235914,0.218317113041996,0.0699329669692214,0.0844809069656061,0.195528265943934,0,0.428199216101637,0.348868518661985,0.0746571915389573,0.0100132969782456,-0.0837465716843496,-0.0156747605829037,0.0631085424919321,-0.169727839882383,0.264198712230443,-0.0811477062145266,0.0730859172061371,0.014011401727946,-0.0774089232157853,-0.0333786241079868,-0.133283987464874,-0.0197840341020182,-0.0932156026412862,-0.100521997327336,-0.121547646199914,-0.173102242659734,-0.150822748789036,0.0355549178817773,-0.146200705580027,-0.010339536101982,-0.246598123582932,-0.169463867803017,-0.0126420961448087,-0.0933760575527035,0.16862034334695,-0.0471122294035483,0.269784211749385,0.17990383681602,0.523033585688774,0.0989413955326146,0.0251601344815237,-0.0323614883577614,-0.00902045287657591,0.0350877080772825,-0.0778462047231353,-0.0108315113594005,0.0112362586025388,0.176511949213847,0.122113572795725,0.00316367711966998,0.218997909169828,0.292561284430652,-0.0507270043870492,0.172820330933841,0.223896323805192,0.391532692727442,0.346471445553728,-0.0189858317083351,-0.0319470715116574,-0.0708275403845233,-0.00652428993466026,-0.0494647035990604,-0.0552747113426019,-0.0588637538010917,-0.133094461793915,0.625693951863002,-0.0193599989240061,0.0627841807209772,0.051499828145954,-0.0564071786222366,-0.0297693795939779,0.0717187741666422,0.338375859694669,-0.100225183814445,-0.0551153273844422,-0.0678237302853818,-0.210215610992492,-0.014343422086262,-0.272363398765876,-0.152169137542589,0.0481805773832873,-0.0156463395673095,-0.0358810693273734,-0.195254692110961,-0.0172641028708697,-0.0284888314079433,-0.117201127492378,0.056064125729721,0.18310235370941,-0.12156417878981,0.132136281390916,0.111831189770783,-0.131925517335695,-0.0806465934760473,0.0376297758244593,0.0548190447988125,0.0953678552662943,0.177525528254519,0.145276086540435
0.0505408092210936,0.588024701789059,0.637310711198496,0.228370868368044,0.492471726178908,0.594575722494115,0.428199216101637,0,0.667511429726362,0.069936344749339,0.210971669929761,0.0877188842686269,0.126970280650307,0.306363252149739,0.138422916833353,0.150891429488039,0.101630367730001,0.384335888486396,0.265589632717542,-0.0290821919573556,0.358037794716699,-0.0819402506427564,0.0741607755125844,-0.106245976802214,0.073912527342049,-0.054700152781932,-0.184353831478667,-0.2175531815752,0.115509057044259,-0.190390092298419,-0.0930525397999812,-0.254074732099603,-0.205191965251505,0.211563882987766,-0.0903926233872715,0.22920009395525,-0.05407540890804,0.120959228566801,0.0979374219331779,0.0950883185986307,0.0590773694774693,0.021638814848381,-0.0283517199698516,-0.0590542829134154,0.0727501568522186,-0.248878089593827,-0.226811296057313,-0.0653568551243796,0.39973787721164,0.0866373909809268,-0.119023474389749,0.596804720473505,0.0642334723453884,0.0897927465422842,0.625934259099659,0.59269684308786,0.621065555822303,0.74173737752559,0.0905706090715212,0.147779544985772,-0.0417049410966722,0.142243521810619,-0.073366181307929,0.128723823261627,0.201762900611614,0.0666996466616858,0.319797234706842,0.247707311156302,0.159765586659922,0.353076710497398,0.157763764930619,-0.0949698417447975,0.0807052222906917,0.105178511586075,0.0464016948649695,-0.00862296146904282,0.0840251173756691,-0.22093148330555,-0.115604412682795,-0.269405600177067,-0.0955470277771215,-0.15932349369064,0.0074987876952151,-0.0299927906465543,-0.295060396066039,-0.34990277514809,-0.0157518729578604,-0.123976033664727,0.1031466895624,-0.0372348509729478,-0.2285788703354,-0.0315222866959136,0.0195004149093528,-0.166559273816417,-0.120683856164362,-0.052373591821211,-0.233861658793636,-0.118012237826021,0.366442057129233,0.104376593022254
-0.0613004652008051,0.433026494029254,0.595757417332201,0.0814035517332156,0.538629915804383,0.792366310369282,0.348868518661985,0.667511429726362,0,0.238803867886415,0.396947215341978,0.231607107258044,0.183011551588509,0.387391652333953,0.283370434430089,-0.0433737519468167,0.149505700804374,0.176179760117835,0.15272522285965,0.159783573457507,0.39996601724192,-0.0658790277772638,0.00402313344890843,0.0165656330448022,0.182863846536959,0.068221048289713,-0.154572980630592,-0.106653421634428,0.286215976133417,-0.11859735775948,-0.050484484788255,-0.303954429426591,-0.24337901056238,0.127778063230387,-0.0195148716140503,0.431265805308055,0.105374547207005,0.0568933452443382,0.0853525950059391,0.186747968449338,0.0806249441641716,0.12397926440685,0.0812015728896159,0.0054997578034928,0.209185731822647,-0.274792213350657,-0.263542297092193,-0.113502675035773,0.56937003509803,0.234596014703703,-0.281776038974431,0.348974760601321,-0.13303813578516,-0.0646470235993572,0.71891076605373,0.750388900140211,0.309346090306715,0.791946283150852,0.236592767748437,0.351177774804047,0.119921505939341,0.17012347757455,0.00301728998678575,0.267044517961427,0.338706487594303,0.246925225427808,0.29281681342007,0.218821031462944,0.155143820047514,0.15663507934176,0.290892882815264,-0.158877928575853,-0.109551010227758,0.18143305213152,0.171560011914513,0.125281909868343,0.23536169161362,-0.108951796398582,-0.117609011240471,-0.369741507138948,-0.106965337256274,-0.0955141664353416,0.0345321451336291,-0.0175872324537547,-0.359936245815739,-0.38982655931239,0.153644637159786,-0.0379663672156891,0.252756972476818,0.0765234589162394,-0.297994486309807,-0.0136107815890638,0.0327890346087845,-0.0773814625623335,-0.0746127851571008,0.0297749859452541,-0.287141957385043,-0.186333718501571,0.519828099472573,0.227663367673428
-0.218319784011563,-0.0336249856982101,-0.0168019198796537,-0.14469773962817,0.0304550223956016,0.239768652478239,0.0746571915389573,0.069936344749339,0.238803867886415,0,0.616701993265484,0.635544984594805,0.375912508980402,0.236426197194708,0.361310154194975,-0.0876775610912664,0.13142716458643,-0.0830850183169194,-0.129462656606933,0.136545785405,0.114541362202506,0.127357978992013,0.0594711519020604,0.393782862188185,0.452006191538235,0.369252148466615,-0.100259923329498,0.0330702891964382,0.303140163691818,0.162675455020356,-0.100213524529367,-0.253169668802327,-0.378363707437006,0.0265037859415326,0.0826994620374307,0.191761755789432,0.220987798770961,0.235982754550131,0.235152814347842,0.426702274537237,0.0954057596674845,0.250475758685887,0.247983177231268,0.0742896061406397,0.119869349857143,-0.182906198408018,-0.233979339977639,-0.028304721395085,0.240993799767539,0.14379785547395,-0.269752510468103,-0.0113613332970677,-0.301706509678016,-0.26863568495256,0.197005085103931,0.234162724636697,-0.0523523987221155,0.159758767248223,0.824392722799044,0.569393849931257,0.500267700938624,0.314677348399842,0.260102813862602,0.201810007587476,0.16622355472751,0.311349843492247,0.230331087577505,0.225009519053955,0.140816904001926,-0.111772716726367,0.145934731154679,0.0984266725327413,-0.0567729245968158,0.488390921680119,0.625292571663308,0.533315359768575,0.259132239009146,0.135778510107618,-0.12378488846872,-0.29699846078132,0.168949417972831,0.0429514487386023,0.144513236638704,-0.0322580815754659,-0.234968564986937,-0.259859803403295,0.25443221562993,0.0965899405072478,0.101358942966995,0.467613825998162,-0.38501156221879,0.258413425650916,0.405342262043714,0.218954132604069,0.322677859652409,0.200835589153613,-0.178489708123475,-0.115891718814401,0.276195330188408,0.183019338777155
-0.29875595603954,0.0580301428490281,0.189690457001664,-0.00595177425711508,0.249169040999011,0.457247641294739,0.0100132969782456,0.210971669929761,0.396947215341978,0.616701993265484,0,0.703549440351119,0.387937852676018,0.45180541053558,0.438280426321555,-0.191549234435198,0.36756294753541,0.0132235084618138,0.140275444095946,0.0732906246572513,0.333360699909264,0.250270989405334,0.150794554457043,0.374218447395932,0.336382402097381,0.474299506315064,-0.100930690181066,0.041366412830481,0.486303732711215,0.0356720923498448,-0.102023487757936,-0.245671746442229,-0.360260365509402,0.16601847277544,0.173113062425416,0.288667840763818,0.303825073739652,0.132943156406711,0.241953654331065,0.285943502910949,0.184367252240285,0.243890978397325,0.299570618918008,0.0917942553175362,0.10699897626653,-0.160329106743365,-0.227663899312228,-0.182406771964116,0.307834757363369,0.211236598922757,-0.371313263405007,0.0288834743323258,-0.337837994267664,-0.19999092069014,0.380909210428327,0.392845974161529,0.0221194162737215,0.362404739588244,0.663535210818946,0.764936832252196,0.575878055600928,0.377125689862575,0.247826830079839,0.332501542981682,0.421782663756724,0.41643220067972,0.168471280506437,0.424972080938377,0.237789503010424,-0.137589392041691,0.188737149264721,0.166591789511379,-0.122437182135728,0.35166168723382,0.631503074116882,0.534789937794452,0.452471566157639,0.118712576387887,-0.139867437983086,-0.272771807182116,0.0639244738266728,-0.0385810850703022,0.0304426573542441,0.0759188237886711,-0.230800155341754,-0.277750372400667,0.34079558786137,0.137494262237388,0.164165264940678,0.387183805104303,-0.389740802636437,0.194090832256676,0.295312146495628,0.171834445175226,0.282958439199312,0.175334373751413,-0.254082196427374,-0.303660761886835,0.303628423542867,0.248230738135706
-0.324073456163429,-0.0351958182828049,-0.000252928976343816,-0.159677194787428,0.0376369272451202,0.223797373574255,-0.0837465716843496,0.0877188842686269,0.231607107258044,0.635544984594805,0.703549440351119,0,0.484972879370597,0.305479567875356,0.346077730762275,-0.323119036307668,0.486640853873885,0.0727474306429895,0.180616604963508,0.215269126074755,0.234256389806109,0.388126888593863,0.133939561285299,0.653008011164922,0.391589560112596,0.649737451351526,0.048520646213685,0.23614926216071,0.446081478363078,0.10696791408681,-0.356994983447022,-0.268846257057647,-0.362178807602453,0.245557636462508,0.269109918833261,0.285403614033108,0.359751721540226,-0.00358145904758667,0.158652737210518,0.199817441431288,0.169581776149384,0.122466831478885,0.415023171318888,0.104787674672032,0.108875892220918,-0.113909981132174,-0.290680863389803,-0.0771635446002721,0.255770094620676,0.202319973400998,-0.336032014404094,-0.0356092011195878,-0.31199279748761,-0.233067930978313,0.190000984618454,0.215388874913228,-0.114188496536939,0.216432546011508,0.603419281707752,0.734882301174973,0.730689450757229,0.413031816179122,0.320724912843345,0.187052171591344,0.320284561289727,0.314100295327211,0.0286561573806634,0.482174974377088,0.263089846926051,-0.00463108962264126,0.142507154779287,0.309172177143374,-0.0729177558508719,0.244912784706107,0.762951570323862,0.602999074659486,0.428981642421525,0.189123784319355,-0.375215792967531,-0.27359291262646,0.331420145215355,0.0899071482008465,0.125728879717159,0.131141022356991,-0.107022294367408,-0.377133930673995,0.372242522850768,0.257363735216216,0.247572893257092,0.375081240962418,-0.408023749514998,0.0945441722375476,0.328163116623451,0.151710003592812,0.371936762396553,0.211132987102161,-0.270849241055072,-0.286881868818921,0.217598405684183,0.248938070248284
-0.268336557112381,0.0321620755045451,0.051668591883107,0.0524781703969699,0.113367475599368,0.179461764907684,-0.0156747605829037,0.126970280650307,0.183011551588509,0.375912508980402,0.387937852676018,0.484972879370597,0,0.51866934403279,0.292473215984697,-0.217265992894764,0.400182123702112,0.0654313959518682,0.299650879110439,0.00544453415627288,0.17145735286377,0.35872476726018,0.208505015590081,0.252403397749117,0.0913769599831128,0.262760760007491,0.0526329642116839,0.204502810660954,0.399479822860927,0.258883971676323,-0.251159530667359,-0.123107241271695,-0.173914817332601,0.242988301063052,0.238609021577296,0.103745003349036,0.206929426656469,-0.0624779523229093,0.0744191064500161,0.118623883632906,0.187483103691757,0.0199636277849173,0.14459649962333,0.10155615716407,-0.0251598653940522,0.0761633076445535,-0.0138093619538599,-0.0452491368764842,0.102232271228645,0.0864877900118181,-0.237666074642481,0.00467442073806025,-0.110575420187149,0.0127426051478285,0.146615952217813,0.162637317264028,-0.0205857640092293,0.179089557633298,0.320435600031957,0.410370850005773,0.503449036516486,0.792097842817417,0.669913258946703,0.253387986441453,0.335877145788682,0.309108347008052,-0.0585482492523863,0.441894566188211,0.23603128752135,-0.001197273683943,-0.0211764946601914,0.306684185526053,-0.0299166040891078,0.0126916424699263,0.465493106002719,0.200088162264265,0.377458972747776,0.169595512256426,-0.237678873221452,-0.124564787379409,0.196132322922385,0.038650465226834,0.0172610380891387,0.21541524530725,-0.15179261346355,-0.193386240001672,0.287445423202821,0.174932252839471,0.071225025367078,0.116647001117814,-0.189465226769767,-0.065177800404078,0.239485271702244,0.0024678645627806,0.134419292623698,0.0333526608599978,-0.178356976058846,-0.240661090408797,0.0695991991917488,0.0759145902015154
-0.264898581504882,0.190683139642655,0.275643496182499,0.162820579252933,0.350411822462167,0.417662972358565,0.0631085424919321,0.306363252149739,0.387391652333953,0.236426197194708,0.45180541053558,0.305479567875356,0.51866934403279,0,0.48768581452995,-0.157407147297757,0.406511666808437,0.125936868311566,0.363687878719821,-0.0247105400950257,0.456017296931621,0.266294785223501,0.469227561032065,0.0580369516540541,0.0454205011998745,0.128276855996404,0.013396453824633,0.032561185352495,0.461704724582314,0.176689534109279,-0.042396436148953,-0.100110332258865,-0.117778635842293,0.221091179541627,0.220137643231991,0.164342599991769,0.110944369814776,-0.0140096345139806,0.04171350370902,0.062724062681147,0.101816740707949,0.0791354313264379,0.0566641942575654,0.108526093096658,0.0330118421188775,0.0284273664745651,-0.0713467428296378,-0.115774437111544,0.185796841530469,0.162790230971488,-0.259852886153302,0.108386328935839,-0.0924935674486486,0.0324597754946697,0.423162056006005,0.397583797845762,0.112302876962978,0.411831044936532,0.250843102548329,0.379964014376,0.253254062918533,0.488401092136271,0.445817118391291,0.502208517091637,0.56027886226867,0.531491422148673,0.0217901514076994,0.465416450520559,0.185337824091539,-0.0310549327429555,0.133053682852096,0.232416620570115,0.0932858517389982,-0.0114261333886043,0.309128498360393,0.102316117050058,0.438572578796635,0.239277031728891,-0.0775763921819524,-0.120380512733621,-0.0263149654910083,-0.114447773509771,-0.103825899432464,0.161612042933085,-0.162196148145207,-0.200245233294836,0.182765225662661,0.0943244164744614,0.0706036327140053,-0.0403159207752608,-0.163139415985252,-0.039090708674074,0.190353813639836,-0.0574924202276804,0.00602582459042909,0.0554631277354699,-0.121350733028278,-0.245050926138059,0.187110206854398,0.127785797266379
-0.117659809079064,0.163416561586263,0.169609706339128,-0.0146883390093865,0.187186036259136,0.343472444576262,-0.169727839882383,0.138422916833353,0.283370434430089,0.361310154194975,0.438280426321555,0.346077730762275,0.292473215984697,0.48768581452995,0,-0.18520985767704,0.0857976124818996,0.00913539625599965,-0.0983057883330164,0.253873720142073,0.554797824735419,0.032587174043351,0.223086206180083,0.0410878309688607,0.264273312536276,0.095665783055783,-0.0737739528790746,0.00911937883021021,0.420054769785754,0.335046742211576,-0.0843537584528072,-0.132963877600726,-0.178491903526802,-0.00766553146690191,0.00999999814086768,0.0447773262691302,0.0614569126444448,-0.0404419762285406,-0.10735592430711,-0.0861206856223013,-0.0982186058675413,0.0148448350039621,-0.0254289061263656,-0.0986818862762359,-0.00845743093878697,-0.0740125869066793,-0.1780054055898,-0.0718709687774844,0.294413066052799,0.0433652709141328,-0.209537257835216,0.0468804149699345,-0.301866933098728,-0.0851947565306843,0.301481722788402,0.378024368777654,-0.056468433785726,0.226462807550588,0.41851110762667,0.384145751290631,0.227002412932263,0.200758116556534,0.179602828464507,0.563940577273604,0.496205393002061,0.814460016623529,-0.152432792781101,0.139110325517574,0.0751578971652931,-0.0386953112812803,0.541839355318589,-0.0918107032091244,-0.027145257284729,-0.0200323396504986,0.391042867847023,0.137013407796718,0.41306050616249,0.257078484508374,-0.147330334547412,-0.211131663255326,-0.00784854152712122,-0.118567511448203,-0.0849616304944938,-0.0698755604965413,-0.22084071095565,-0.259087306939217,0.173796460099666,0.077256017536356,0.0371036820155155,-0.0498696212780369,-0.257354042665239,0.0193803224013341,0.0100902751843882,-0.0567468381315336,-0.0442332258903799,-0.074923382624448,-0.138518208430375,-0.123256447133039,0.297148449448377,-0.0131367759663435
0.454566305971442,0.210220370056608,0.0838681356203958,0.288303473074141,0.1050760457697,-0.00453149261440035,0.264198712230443,0.150891429488039,-0.0433737519468167,-0.0876775610912664,-0.191549234435198,-0.323119036307668,-0.217265992894764,-0.157407147297757,-0.18520985767704,0,-0.244657046468537,0.0849585597362076,-0.0450449621798789,-0.219907787782014,-0.13349511093616,-0.169540715642632,-0.0902311918330901,-0.192812524176888,-0.00285931061997198,-0.325065376952317,-0.233258423105042,-0.284605855075437,-0.223488756045756,-0.281913598137939,0.268183697988507,0.274159523895279,0.286820409529515,0.032622549131756,-0.159453906285003,-0.14107758306501,-0.215378958365512,0.27401385360354,-0.0165031904881417,0.00378136356591695,-0.112024491738376,-0.117979125932693,-0.314453948101259,-0.226782004903408,-0.108240560491253,-0.274298702944247,-0.093494653873441,-0.124983355078842,-0.139130373671262,-0.28866545084465,0.500942237609538,0.339803987030085,0.446321758664296,0.163881795709933,-0.0229902661111764,-0.0415098770991556,0.444193662071722,-0.0304755143501686,-0.123190965555535,-0.24560643697316,-0.319446990203862,-0.195656741413493,-0.23829866374738,-0.13169967643409,-0.0947985432760528,-0.179897689870162,0.23439336216855,-0.0700039707009969,-0.00649770350975086,0.0852031127171125,-0.127980119684774,-0.071571366741117,0.0827376114870031,0.106882273121625,-0.257868363954605,-0.242783821521143,-0.1995592188929,-0.214705013871685,0.340662834093399,0.288000320855977,-0.0685190127849832,-0.233165569798474,-0.142859955045321,-0.0827098313243359,-0.123625477329313,0.050636510301512,-0.23461327434307,-0.310300336859153,-0.147570178247457,-0.138268895410823,0.269837155168394,0.142021218692451,-0.164580830809265,-0.141539241662714,-0.296557456121067,-0.253297194675898,-0.12245448323999,0.0421330677853065,-0.0636209731823915,-0.26615017578269
-0.237717835872214,-0.0701286674289084,0.112953758883801,-0.029237899087648,0.0787859146798688,0.18900355524667,-0.0811477062145266,0.101630367730001,0.149505700804374,0.13142716458643,0.36756294753541,0.486640853873885,0.400182123702112,0.406511666808437,0.0857976124818996,-0.244657046468537,0,0.249197188032279,0.608984930208283,0.0400389053110835,0.303079734730517,0.562089874809376,0.293172347379762,0.536424677749879,0.0514729946855599,0.477656540184096,0.157244467128046,0.14640579588109,0.337542728979573,-0.116082692330331,-0.148240688267016,-0.169106913887152,-0.117119595415364,0.430137525000942,0.4119188314134,0.20854929617639,0.241647024860633,-0.101618008655132,0.11387018113122,0.0505628665853508,0.200968582291141,0.141276618006652,0.367702593836342,0.0945246479103323,0.130733672038888,0.0299405130461663,-0.154124640551731,-0.0922026411355644,0.0512467501409495,0.183091472091283,-0.229896838811197,-0.111234976007094,-0.242963871378159,-0.146064513550495,0.203696176755109,0.123710752355263,-0.0427738842371108,0.199612758647892,0.105928301429864,0.419764167424131,0.435774877242459,0.434110130302225,0.315840436233008,0.159447207792752,0.378361678332218,0.128742726803203,0.0138425031509802,0.700236935373394,0.366623296995141,0.089033785663335,0.0233261773277285,0.518369501536032,0.0810561498409568,0.0481407164522054,0.498168692334992,0.328323715782799,0.373824306105839,0.0433811984509192,-0.191806710636736,-0.111419265273284,0.393822477464621,0.0951407097640719,0.107568919271392,0.371846456007747,0.0686163573291881,-0.218172026172503,0.289339844149918,0.20787385342142,0.239142245550242,0.207069531774545,-0.215090325333317,-0.0221283926134716,0.170948239899196,0.107516513181793,0.236979077836977,0.187253988159226,-0.201227163695868,-0.337842599845147,0.0314456050158711,0.211915634750452
-0.0195360364805722,0.204080342799075,0.151094689940257,0.171401361882432,0.075913911570519,0.132591139206064,0.0730859172061371,0.384335888486396,0.176179760117835,-0.0830850183169194,0.0132235084618138,0.0727474306429895,0.0654313959518682,0.125936868311566,0.00913539625599965,0.0849585597362076,0.249197188032279,0,0.490554692229376,0.189491602987711,0.300935016078053,0.278038317465207,0.321274129253907,0.0833727552207712,-0.0579322351807097,0.082215719173903,0.0790812676388126,-0.012811169411263,-0.0193836485865573,-0.0527964461368511,-0.180584824556106,-0.142858905187369,-0.0135835203327032,0.687708621591437,0.135061453357946,0.0250218365303955,-0.0166568836154906,-0.125710181534305,0.00588739840428086,-0.103534061631184,0.00400085120213457,-0.143735715149106,-0.0102973103641844,-0.15749377164945,0.0496441352690863,-0.0654886591522298,-0.152581558735611,0.0131405679406035,0.048381390780367,-0.0726401596102357,-0.0588207046229257,0.188430417359469,0.120638486025018,0.0939187441143286,0.152688286996012,0.114269427193687,0.340235003325133,0.215843435126858,-0.0793074532170124,-0.0153908844247322,-0.0172569174895823,0.0830769587523103,-0.0268292616804284,0.0153940438722713,0.0800210774782274,-0.00246493300611453,-0.0218478909309741,0.34008129209606,0.433989696645123,0.759552030220484,0.166288874757856,0.229094452152775,0.299827382412589,-0.102601775598649,0.0789027607005209,-0.00154303521956762,0.0330583413829041,-0.0496282681383565,-0.125365958628507,-0.0941356586339709,0.402144568497928,0.179461694394095,0.0783760404613283,0.220642881133061,0.0739990616610604,-0.186954227729739,0.0226938910308206,0.0969751738542716,0.12562986997117,-0.0790439616665617,-0.0538507006545745,-0.196745719787293,-0.0442962171947917,-0.159243678515085,-0.155004011085794,-0.209837161331886,-0.227232636531571,0.00424324715150999,0.0341016738234439,-0.076007185094375
-0.116210532444367,0.0775126926905407,0.176031116883834,0.201279042705,0.156497100271145,0.167381319153731,0.014011401727946,0.265589632717542,0.15272522285965,-0.129462656606933,0.140275444095946,0.180616604963508,0.299650879110439,0.363687878719821,-0.0983057883330164,-0.0450449621798789,0.608984930208283,0.490554692229376,0,-0.0750982840162241,0.167010421635334,0.415910322464411,0.324582440719999,0.261035340795946,-0.0833721357032203,0.197747859262622,0.126819139186249,0.0715808011605839,0.184746472363101,-0.219617970821525,-0.166588183814615,-0.0199538963479788,-0.00500758058479722,0.632773806684042,0.297911322896765,0.110276868652142,0.10694732490728,-0.144988774730315,0.0366052098579406,-0.0598657364196455,0.107018386527076,-0.0515746069653247,0.086011234806252,0.052658166506397,0.0214354659612281,-0.0453261742619594,-0.130160499998975,-0.193861553323817,0.0322760416395953,0.0818318086489355,-0.12267435738452,0.0877237517846889,0.0884409306253744,0.116316429717256,0.16796666073351,0.107680789461392,0.22314215921086,0.227437607657437,-0.151530978740506,0.14967340402479,0.163369076131388,0.357672449122693,0.241099718116899,0.0918468229031464,0.316895111702519,-0.0171357186717724,-0.0386213686013625,0.639653579860303,0.388185960265097,0.302750498571805,-0.138798622553697,0.453125024672841,0.20010506776787,-0.128634359239723,0.199191027994786,0.0501498060584662,0.250540485155943,-0.0177592364133017,-0.152651055147769,0.0336552712089189,0.342424916630511,-0.029853036343371,0.0484461554838997,0.376828557347014,0.14819944223045,-0.113949254525008,0.146403641423405,0.0763955824074779,0.131867215070515,-0.0711645770506987,-0.0242933410775076,-0.207397633713557,0.0783403595574884,-0.0785099966872982,-0.00519602594999588,0.024223554252715,-0.218001330023493,-0.26481246021707,-0.0177018784548406,0.0764668616920081
-0.125334645448246,0.156249470802125,-0.0435098115270112,-0.0403549958525882,-0.0289032699611284,0.109201081399558,-0.0774089232157853,-0.0290821919573556,0.159783573457507,0.136545785405,0.0732906246572513,0.215269126074755,0.00544453415627288,-0.0247105400950257,0.253873720142073,-0.219907787782014,0.0400389053110835,0.189491602987711,-0.0750982840162241,0,0.226927302430348,-0.0727588140658407,-0.046943886902553,0.266883148513424,0.000805634846637447,0.135307905155963,0.214153703582275,0.167545696624307,0.153150387388685,0.0840962828239112,-0.285883236617159,-0.120297977457321,-0.0403207143274048,0.0655033876885312,-0.0619788574956833,0.399668846383192,0.165151227707755,-0.235755700330403,-0.289885841015176,-0.149959781982005,-0.132842043242363,-0.155655282419491,-0.0496637086136791,-0.0342474442018438,0.0814229845753803,-0.0611159678972535,-0.269808116436207,0.128324049823933,0.419470609937831,0.146590213259054,-0.196871652008491,0.0384482483537441,-0.0696368519384964,-0.00546912017505838,0.0417278495234967,0.19528083508668,-0.178565987598053,0.0901085874117064,0.0487981831265179,0.0568103506750316,0.0969750268532871,-0.113825596947828,-0.0376972803204956,0.0696666394064266,0.100509020746162,0.229845715935103,-0.175161104998104,-0.0516383492042213,0.000755580997556777,0.273403320100872,0.48489240812591,-0.120337242897502,-0.0381542206558367,-0.121725278756862,0.194606524848243,0.00661197804406894,0.176661598992826,0.107943986334671,-0.272735258736399,-0.159014491412601,0.287625105716311,0.16708583181097,0.0288734138715957,-0.0182590688594043,0.0596801590543225,-0.248354431295748,0.136224530438516,0.182728288558989,0.515494778348276,-0.03650453152075,-0.124357422340577,-0.170194027380417,-0.09810065396417,-0.0794091358235526,-0.111314537285259,-0.0140837954133812,-0.111700791225514,0.0464480521969895,0.34099041742353,0.116327262340683
-0.00887929117134777,0.215916615960688,0.360139260049459,-0.0443296393880127,0.229840294184512,0.418773983313671,-0.0333786241079868,0.358037794716699,0.39996601724192,0.114541362202506,0.333360699909264,0.234256389806109,0.17145735286377,0.456017296931621,0.554797824735419,-0.13349511093616,0.303079734730517,0.300935016078053,0.167010421635334,0.226927302430348,0,0.121094500176645,0.337642032565519,0.0972193481672574,0.179932455886137,0.0979060832384242,0.00805669263301844,-0.082503373831381,0.373767917927517,0.0752053056977465,8.38884022864051e-05,-0.230118710819604,-0.151420387568048,0.148552479293737,0.0147831945262327,0.0755519337418944,-0.02314449697141,-0.0535543362634361,-0.0823653411808234,-0.0673481948584319,-0.0295212461884236,0.166711384053192,0.0617127479300764,-0.113382064606966,0.0218088874276103,-0.131707399515722,-0.193238319210027,-0.0790998471606069,0.246626730829041,0.0871959688145022,-0.189350970635725,0.0595412843052746,-0.33215615560822,-0.192999616266156,0.405743219484528,0.363644395618529,0.0532897832855592,0.390965829027673,0.15513842281431,0.313484054424695,0.0983107476485897,0.115805963704142,0.0414024057830383,0.401724942755095,0.515150506653256,0.493783039139506,-0.0293625826894704,0.292093749271799,0.2651891985125,0.264307042135378,0.628442240433877,0.00199220379392401,0.182024600381273,0.0122795003761368,0.258859250658207,0.14459815508098,0.363507319550558,0.148553487320893,-0.0111947617493328,-0.27021414432636,0.0986911891811305,0.0277497189920986,-0.100337710569967,-0.00465755011737986,-0.133648932779987,-0.298326732775803,0.0855884798306833,-0.000147220172802798,0.0970841759400559,0.0209864039768471,-0.215155112277534,-0.00866315679896226,-0.0898504627920242,-0.0170730023350411,0.00209450426933364,-0.104620110398719,-0.153072050627449,-0.0947345925386073,0.236294130532679,0.104237450517849
