0,0.237987564782327,0.478064499088218,0.0514470516286585,0.193904169924875,0.246912178045457,-0.0304781316579259,0.0950673408053032,-0.0701786675786324,-0.315525710401483,-0.0865063189510011,-0.268403965528007,-0.123047231935258,-0.348621153225785,-0.405784938943939,0.249237257550331,-0.0900548361396385,0.0649578405337556,-0.18838426921022,-0.0161603161653055,-0.29770373652654,-0.0889244463663175,-0.339156125375799,-0.177176707659728,0.200445198454351,-0.0581574906802659,-0.100737010703393,-0.0203327479367678,-0.172649442768947,-0.408492981914583,-0.13091605780331,0.186973836935518,0.00586371190604204,-0.117672097648745,-0.0267831923976513,-0.155586232941288,-0.176694560832199,0.20288412036544,-0.0790152886025321,-0.296096271075073,-0.124384827555929,-0.153200049739049,-0.12226493371221,-0.0383242567937522,-0.104866451040542,-0.264253729258568,-0.24604432191331,-0.287820680825496,0.205384340772086,0.0832574041264301,0.613235112040719,0.350092934120774,0.10851817697065,-0.119329531427217,0.198222244507352,0.342639561241292,0.0459778427892171,0.0453675066757215,-0.237011145397869,-0.0265922608491353,-0.0421812034920422,-0.112070202659254,-0.245642078876071,-0.286986509672736,-0.358654199592223,-0.408433152208601,-0.101598171546781,-0.190684618365512,-0.307376124844062,0.0520921136637558,-0.160118152607437,-0.114380008889228,-0.317993992265908,-0.157379463221098,0.0200139880457725,0.0295661292079786,-0.226866902767072,-0.318568912218328,-0.0820768221453002,0.0496436720362173,-0.185024917028196,0.106056194621269,-0.178361772912634,-0.0585837582061,-0.169675147581278,-0.258926653758122,-0.266915803701844,-0.0687442345762453,-0.0445320371509656,-0.0905814761229474,0.0259134122069649,0.0107139494965534,-0.25453169364341,-0.072490495955756,-0.170109298653974,-0.21030149621299,-0.226910050726985,-0.300194520596501,0.0744858381451647,-0.00105906864017257
0.237987564782327,0,0.472295018972842,0.699535239002161,0.241392467287903,0.256878165772729,0.367188366796546,0.633377189736191,0.346811566588336,-0.178145832511406,-0.431296922419894,-0.284731792181228,-0.32547960632868,-0.377991218156762,-0.390837517664822,0.437757349797604,-0.200747883362378,0.33371991045385,-0.138545536978469,-0.152059169262677,-0.161693472773612,-0.341924656882767,-0.374549492674624,-0.352365092730815,0.0713433366686157,-0.401273956698345,-0.380798913411989,-0.342620210950439,-0.437823895040102,-0.341419898322522,0.0783586673123726,0.101612800074735,0.0341418834898624,-0.102680818578038,-0.302211771359688,-0.174436271441962,-0.487276754776132,0.262305768428541,-0.0088917069087058,-0.156515253210276,-0.424161583664735,-0.0836486255561184,-0.337235385792385,-0.110104754907461,-0.20762098166194,-0.400871099712325,-0.426955946100832,-0.428771836889788,-0.146469985880158,-0.37158874217737,0.455765270417755,0.663121952235985,0.552927988423096,0.250269011084429,0.249026137482774,0.301578753523374,0.513640008614139,0.484746966429503,-0.327701947350489,-0.473342447538972,-0.235827018469964,-0.305360802181691,-0.351083735207805,-0.15977067167421,-0.2308702063446,-0.315610813175191,-0.120342025911276,-0.1850190511521,-0.228108273165867,0.263171124416512,-0.15210386069868,-0.327203002193115,-0.284058014615946,-0.166894235695044,-0.16031818904563,-0.207501931772706,-0.362330877355938,-0.384774278818226,0.0940597500984281,0.0161645437406963,-0.380863392868035,-0.207416146413612,-0.326043820250082,-0.250640484032448,-0.345102145807655,-0.382462289475015,-0.528608920706265,-0.372565337862345,-0.12307080779457,-0.330726635905851,0.0500748319383955,0.171799758922736,-0.251775056133828,-0.0584707282247478,-0.354606422404982,-0.189442356503639,-0.383109887308902,-0.422141985539495,-0.109978283341207,-0.462720539541056
0.478064499088218,0.472295018972842,0,0.118431530071425,0.380813615927114,0.563127162233983,0.246701723081756,0.576371664990597,0.355973373562161,-0.367194250665779,0.00807325469257921,-0.0990598147627089,-0.0473243001668933,-0.285868476028339,-0.414162881003843,0.447362086455024,0.0972884869172874,0.36548292744876,0.0283805320771485,0.0419845971861345,-0.0589986543879139,-0.042756991267323,-0.33320752321095,-0.0384741183789748,0.151823745593394,-0.0492245999772182,-0.088462098929161,-0.0238960890862551,-0.167537637016991,-0.430681726692497,-0.0489581606846374,-0.20910086074347,-0.192840057677216,0.0583302824036293,0.0594989710414768,-0.115325245951946,-0.26798533204323,0.0562060537274501,-0.169892862049147,-0.177994615827424,-0.194428534588336,0.0193667908771122,-0.0583759083772897,0.0636755349964049,-8.95202869602894e-05,-0.270332280502252,-0.339461738236,-0.360934472160098,0.235849528044883,-0.0154458160625574,0.438130218174503,0.729984499099115,0.176773954938907,-0.0655747737380672,0.594190747744738,0.640877298705263,0.370738719529921,0.43672402716587,-0.222619979896753,-0.017961786041157,0.0520208552306608,-0.0538169194650494,-0.283551749204559,-0.123077393246211,-0.296354227277482,-0.378520555938846,-0.0786334172655591,-0.0290742263623306,-0.158526986736755,0.317321579992532,-0.10101026330552,-0.0549476153255159,-0.254147417081405,-0.00512708265096717,0.163704754570794,0.183800703826339,-0.161413230327977,-0.326875855132431,-0.101269121817453,-0.221172622180504,-0.106813219958864,-0.0457333408716748,-0.0645587786233301,0.0948904162135731,-0.0763607055351444,-0.314474790140661,-0.418955532580197,-0.196279214823626,0.0526724803706553,0.00608742463193928,-0.180690892764465,0.115477097883343,-0.38205004272018,0.071326308068018,-0.106222472371593,-0.13406587699273,-0.187396621009059,-0.384120438592885,0.11388218423477,-0.115492273620214
0.0514470516286585,0.699535239002161,0.118431530071425,0,0.0722610018184657,-0.0836987996368191,0.23708645671553,0.372163222037161,0.0681614661283792,-0.087586437773739,-0.417744468552053,-0.370798426931578,-0.319657160262887,-0.168866910815606,-0.048945334329911,0.323043487420106,-0.222479440158658,0.131591010694642,-0.0732370426810964,-0.225364408664657,-0.0212074752758536,-0.349189703600443,-0.0863139306624304,-0.3844892760317,-0.0376091202567931,-0.409154696252325,-0.327600412918128,-0.380474322731417,-0.243131799734643,-0.0245077733449469,0.15721915815206,0.412582915191682,0.329567161119786,-0.0625554509505662,-0.357160439620238,-0.25467776619595,-0.372421111409667,0.259655587258017,0.0623694394911217,-0.157133903926081,-0.448933064325988,-0.147781575391185,-0.412895616739256,-0.141321571608156,-0.329026000782267,-0.213585828611899,-0.222401282072115,-0.239761581706044,-0.322377453111165,-0.43753986727654,0.321237221399654,0.405931127179197,0.601769081213655,0.409841332943559,-0.165495573513782,0.00519349553108697,0.359208928295615,0.22268783958973,-0.342405250737575,-0.405687898100132,-0.293991989958521,-0.19508254926624,-0.112838721257355,0.0118496265740726,0.0822456607747152,0.0274421146337268,-0.149382320489409,-0.0318251741065936,-0.0341590076692394,0.0973323582006619,-0.0047537216254001,-0.236789032945107,-0.0286710203519701,-0.135879197196283,-0.214950524707966,-0.311919450068068,-0.157402170701357,-0.15019914759833,0.134783625739309,0.308744260241165,-0.27399117202948,-0.306424263009944,-0.431741762984859,-0.27877648159404,-0.288940398387865,-0.15549701425925,-0.305095228783047,-0.326938969232362,-0.219885360066756,-0.366740596851754,0.189924197641449,-0.0505517793613857,-0.117288126419132,-0.239815289442142,-0.399011609908657,-0.135169013080519,-0.269764831481137,-0.154157310354322,-0.276943675229306,-0.476651273178948
0.193904169924875,0.241392467287903,0.380813615927114,0.0722610018184657,0,0.263248916355336,-0.0332662377498012,0.254242807276809,0.280604766959664,-0.262570423765497,0.0623610618834853,-0.0338373409494535,0.0439441400644143,-0.0408342002089964,-0.165763154805362,0.206617006686144,0.116803807954833,0.255279496440454,0.0334462902134448,0.206020659369926,-0.0547308331175828,0.0231253577072341,-0.0701907888102701,0.00162134918288319,-0.0648801495245175,0.0919842963426216,0.0185946368243649,0.267360170887014,0.0337926391950594,-0.241156865260777,-0.0445856970613395,-0.246373209266266,-0.0381109020420995,0.0670227183879559,0.143918369614588,0.119703318292873,0.0146382995285429,-0.193236334876984,-0.192956384321289,-0.244092561323353,0.0530911142734495,0.196157588762378,-0.0227844482749141,0.3004459970609,0.270673904292742,-0.0647372420352304,-0.0513545715866663,-0.14453020282669,0.133686198486972,0.0796106467559175,0.134744040773431,0.229793839354157,0.161362434265291,0.395198840434812,0.482767060261973,0.1503229583842,0.13937380189717,0.197834988134629,-0.237317811799479,-0.0370494160087482,0.0897720738956335,-0.0408715382852647,-0.0886768051647876,-0.080636512192882,-0.198682934242403,-0.212371920161439,0.0205552396469539,-0.0347781178367177,-0.110252219750723,0.155964117627733,-0.0696844349897593,-0.0353225354155401,-0.176175977850771,-0.132712599711601,0.0983622511603734,0.104944286351047,0.0449918790096633,-0.198045987942472,-0.143948879589419,-0.214369522742961,-0.169302207992301,-0.0171709333363602,0.170526520007024,0.0553930721311442,-0.0219349915120291,-0.128239909704906,-0.175623239899911,0.116137186864445,0.136238609410683,0.0127892446604998,-0.106029411865012,-0.188747868589625,-0.20317497085314,0.0521589834840723,0.00168008309078984,0.138928597600146,-0.0759955545783965,-0.242224589474766,0.0539335496967813,-0.0749323220500945
0.246912178045457,0.256878165772729,0.563127162233983,-0.0836987996368191,0.263248916355336,0,0.330504867924465,0.439456395465262,0.592469117322348,-0.0392983972607946,0.0660525018161352,0.169845851503201,0.0446685734399798,-0.194829206260896,-0.337225759651371,0.0712727488695678,0.0249225928085848,0.200777728466746,-0.00713607271499742,0.210194072620898,-0.0877131199498421,-0.0309318917236707,-0.33798364598332,-0.0129366709953064,0.104257014638107,-0.00234802122207722,-0.125760925753821,-0.190978905515945,-0.0594295087768752,-0.401346035250619,-0.0450352622806584,-0.296497945322175,-0.30331499324305,-0.0561595235237483,-0.0118354162445919,0.209881382294984,-0.144797737686151,0.0190731249854362,-0.0966416862427238,0.0716218809064141,0.0117617256024834,-0.0832467883384972,0.0438870479438328,-0.0983287672223126,0.0671588685978141,-0.277070870699606,-0.259338746164917,-0.226048761799948,0.51405179326882,0.101069635305893,0.120727246261682,0.450386464640758,-0.0498123815311923,-0.158321723235852,0.710890959407163,0.785832573837235,0.214572181326306,0.365917427313618,0.0183331252085087,-0.0264019939777706,-0.019130870313544,0.0204469785255113,-0.184294622828618,-0.148517419015257,-0.328805385404784,-0.30935589180778,-0.0145889274917619,-0.0628764601361985,-0.193907019929063,0.00850718786181403,-0.112148292872479,-0.109366314306826,-0.246902249155853,-0.0700150160197088,-0.0234967704382692,0.0713606382419823,-0.125407373028111,-0.274232244593979,-0.100098030345902,-0.404324235758157,-0.200220925221247,-0.148970824703738,0.0241866074065671,0.00513574878025986,-0.0730079580448098,-0.236227169112973,-0.126667826936973,-0.288650681674669,0.281283634015756,-0.0230462189379912,-0.0907513955073713,0.267552365911125,-0.260593713979411,0.175639970608301,-0.0728438274991467,-0.0784193779692869,-0.174399032484167,-0.321268078210992,0.583979644366177,0.0653686834340155
-0.0304781316579259,0.367188366796546,0.246701723081756,0.23708645671553,-0.0332662377498012,0.330504867924465,0,0.527153107772049,0.519396505643225,0.0599674044734762,0.0175361951133462,0.138577447773181,-0.0386593702715473,-0.24163215293461,-0.21524689375941,0.587036942643177,-0.00194484699161959,0.281296340275681,-0.0615489079995803,0.078444110190534,-0.0655371029512096,-0.0865337642688172,-0.257889545568684,0.0610751959532749,-0.00402761878867436,-0.155971155825457,-0.109969961195308,-0.227727422039391,-0.0564483800354335,-0.277712133443863,0.129338264794344,-0.263337045198229,-0.198980836939925,0.030764147138189,-0.0578641044652297,0.29056873274831,-0.0565570937934578,0.122356419123473,0.0327402075661098,0.488355788983762,0.07953809805024,0.0168583813974824,-0.0960944236181328,-0.0536530399235468,0.0699347139654983,-0.195428217835446,-0.216928066133644,-0.128423003218377,0.187318220595402,-0.0133356528320445,0.0937874967901935,0.436380572169838,0.247887909471846,0.0530137671531398,0.298226320723611,0.368471482093898,0.613372693337444,0.516427946542415,0.0658053869487519,-0.0631109437996026,-0.00232847649047292,-0.0897225162353952,-0.177683905212553,-0.0829770747317631,-0.153475101516038,-0.205004533384715,0.418315264215862,-0.0336413684631297,-0.0888310389339528,0.132449482774733,-0.0687021892582581,-0.109542242620094,-0.211539628449514,0.363920184001764,0.0626327151485719,-0.0449899356623116,-0.0360292870997304,-0.305643849305253,0.0735587061195307,-0.32639737565049,-0.0579881642272679,-0.0721792903779207,-0.0136260479647841,0.0117496223409908,-0.0142978075655148,-0.223119697511935,-0.0734381365664044,-0.353213785562007,0.284075388581801,0.135746428314781,-0.161465993927746,0.263578425133189,-0.0284060225153906,0.10307631931194,-0.0272478484430207,0.00269710183820212,-0.120680735591898,-0.19347819513623,0.262695569961562,-0.0301372606313613
0.0950673408053032,0.633377189736191,0.576371664990597,0.372163222037161,0.254242807276809,0.439456395465262,0.527153107772049,0,0.700303995460624,-0.104194888881963,-0.0319460090837921,0.117034378543744,0.0275060157483401,-0.195406829994238,-0.320154543644291,0.389076352402185,0.196666661702939,0.642386697764793,0.208962337186016,0.0952811489045662,0.0525736267912638,-0.00607254085823479,-0.220967133612261,0.0286810531353609,0.0401261424762641,-0.182420259490766,-0.0459555254022991,-0.134456838362276,-0.128100876312639,-0.353803003118349,0.0114881347596386,-0.308510267415788,-0.2892972519696,0.224936780596537,0.0558401491314057,0.191435513668368,-0.212583008958937,0.015809652168742,-0.109460447136207,0.029236441538343,-0.188855708077933,-0.0214461845885444,-0.096861129751672,-0.00298341208488455,0.0900514952413266,-0.174768158688986,-0.264641650685433,-0.295211623760685,0.0502396327614693,-0.151751167220498,0.222445398341965,0.655593428500332,0.293816280453342,0.0276626954662661,0.513697100177514,0.557892566846172,0.814121025222857,0.830543847239222,-0.0689193801991535,-0.068450872771452,0.17593021220573,-0.0688051418644878,-0.167718786280255,0.0636918084792248,-0.12655050893786,-0.269354319134512,0.144848700501071,0.143390769844475,0.0352218051156226,0.475610816146982,-0.00903658667535421,-0.00833125126633538,-0.118156166625262,0.147818249418437,0.181442946752762,0.124294636343997,-0.0973310623971659,-0.25105732908406,0.0207719525003312,-0.379385646150267,-0.0837480675366626,-0.192312968656332,0.000805927536720925,0.152400023678306,0.0232779569383362,-0.246925897814494,-0.284161644931294,-0.307213166156428,0.270175180199656,0.0732355101896672,-0.252588223161006,0.261536043572659,-0.273987914754597,0.0822438283477048,0.00420331210446227,-0.040354097004312,-0.0699352418130288,-0.28524247329209,0.0958323907905794,-0.217218253619171
-0.0701786675786324,0.346811566588336,0.355973373562161,0.0681614661283792,0.280604766959664,0.592469117322348,0.519396505643225,0.700303995460624,0,0.0625482546556706,0.115521374203789,0.303350339279138,0.151870664705482,-0.102687152027559,-0.221576461663927,0.223033473802486,0.184988961023409,0.419739958206739,0.178525778918146,0.265434031596637,-0.0155594995515462,0.0295899981553731,-0.243166113627809,0.118124931721733,0.00263293831453036,-0.140570408135765,-0.0669568898001626,-0.0795679535346173,0.0145952488368475,-0.326802185529779,0.0970145185255849,-0.422449850474632,-0.349044881069504,0.0675584481106883,0.0357733387152525,0.518090587575338,-0.0210645027712441,-0.119521100927848,-0.151531828677288,0.220517851386149,0.0133560170856106,0.0253690910567788,-0.0287586539024694,0.0531679291999069,0.193508513643389,-0.152143944086005,-0.210399617835125,-0.183250813684321,0.27658544734589,-0.00589362670596023,-0.0234916244093877,0.33644510133323,0.156769655722366,0.111230486213181,0.585398043358903,0.579492640815076,0.608233497840897,0.773365809308214,0.0682963870066612,-0.000991798533936524,0.223776100720914,0.0219094138388236,-0.093672633073595,0.079107710167093,-0.138535831103057,-0.168306987127548,0.29603064494986,0.108435771055677,-0.0299094176548452,0.217342575660073,-0.0265914295771184,-0.00859077954994829,-0.164653396596388,0.194801077901854,0.151439330869284,0.077277952924334,-0.0134068613684152,-0.225999576816733,0.0309854046729014,-0.455682946684425,-0.111837666298586,-0.160867375969988,0.137340343633249,0.106011304611377,0.0281168559269198,-0.195494781090136,-0.0749216240801803,-0.24412676596809,0.547775180591306,0.158853850697256,-0.251837019105819,0.252987967020713,-0.204479367577542,0.17650910627776,0.0742793747176298,0.0696961682392207,-0.0625315051652716,-0.267038271504829,0.427897722716442,-0.0679394532496289
-0.315525710401483,-0.178145832511406,-0.367194250665779,-0.087586437773739,-0.262570423765497,-0.0392983972607946,0.0599674044734762,-0.104194888881963,0.0625482546556706,0,0.110161169725844,0.297493119853002,-0.200178480272837,-0.0642092403771921,-0.0193818372782084,-0.184161856598364,-0.253417716796537,-0.36715187304824,-0.23934322497934,-0.295725761205055,-0.223467712049992,-0.172187360002361,-0.115287944798568,-0.0932242122353693,0.397233856964684,0.0122132003312294,-0.191544667528982,-0.197638466870791,-0.0694895818115123,0.0241729091418608,0.137068906675743,0.0931137095660309,0.0641669415856464,-0.318202194624951,-0.217226137475422,0.0910683880563913,-0.0231709542692178,0.0233767122799033,0.171651935958487,0.167634160539303,-0.24420056428783,-0.00692943618363793,-0.0580051575433714,-0.18943033935851,-0.148270000012165,-0.212447721062446,-0.174249032640164,-0.0890433932387938,-0.130439342532741,-0.36863977949739,-0.118894100511309,-0.121735656449205,0.0934760665899729,0.0345195739476616,-0.119105550392525,-0.149553006629416,-0.0155163246419709,-0.0169418998357478,0.7279107948323,0.0274185985747072,-0.0629971561598739,-0.294202344574207,-0.0661741621707,-0.185349802573438,-0.0745387476512734,-0.0240588803860643,0.0846852040902944,-0.21303108482161,-0.160068986565999,-0.333592237824214,-0.158768395814335,-0.190536969719962,-0.0764823344812927,0.0124903518046814,-0.178692430886158,-0.105513709179753,-0.107373316637296,-0.0253736328760679,0.222415223298493,0.0427526759859804,-0.188583666719494,-0.270825069033741,-0.0622191111820026,-0.292551505114794,-0.165011955368667,-0.160382164409313,0.176803628404789,-0.156902324938396,-0.119425952765188,-0.298169761373915,0.0588140454246486,0.279155197705252,0.381073853715277,0.000660357097648392,-0.149269161222125,0.039982588445296,-0.162603047809527,-0.0778638970972736,0.0739814157365041,-0.184846208573888
-0.0865063189510011,-0.431296922419894,0.00807325469257921,-0.417744468552053,0.0623610618834853,0.0660525018161352,0.0175361951133462,-0.0319460090837921,0.115521374203789,0.110161169725844,0,0.663880800492451,0.569615523944073,0.31442715400735,0.217483983869759,-0.0473939252499299,0.494358805841905,-0.0450506363174457,0.320847179686789,0.181405412173943,0.115333893525005,0.477474532123865,0.166598035502415,0.595262257758997,0.148110897543941,0.544425659391579,0.387723202109922,0.376409163288119,0.469977303068833,0.0592095971058496,-0.171912688405819,-0.381983947722255,-0.367983357901993,0.237482331374415,0.499773520590576,0.261710102050813,0.469271760993841,-0.413188109822652,-0.186013527663801,0.097690435445176,0.26167252030062,0.172481597200773,0.372141964678615,0.153269028076526,0.328876112609459,0.238879841719441,0.195604476987499,0.149943388025481,0.290098123915116,0.366628481730107,-0.371304462735502,-0.222032301655738,-0.356152737482942,-0.125487478430037,0.199499514091139,0.17191208152613,0.0579900987850885,0.0572754350816008,0.410757173719848,0.725101479128074,0.621272224105256,0.332294662656894,0.324106417816649,0.264766916227421,0.144679505201751,0.149930342457898,0.235171528476591,0.284061117462972,0.215552206015132,-0.138211131601834,0.110632873719822,0.398836094381231,0.179452191815533,0.300058597155516,0.355123017597196,0.619427800602358,0.399506500369433,0.198544056502611,-0.180107204971222,-0.326747831661509,0.259188640198972,-0.176179028582354,0.449911791503778,0.409356035209844,0.38729647852108,0.145248449324674,0.393651428842252,0.182029100762437,0.313349617949934,0.436289998368934,-0.461527805805956,-0.0135224915391682,-0.0394521413550917,0.177726517328664,0.444168382018887,0.229587154280777,0.312386439708688,0.153982809796669,0.315353646912077,0.390941351903578
-0.268403965528007,-0.284731792181228,-0.0990598147627089,-0.370798426931578,-0.0338373409494535,0.169845851503201,0.138577447773181,0.117034378543744,0.303350339279138,0.297493119853002,0.663880800492451,0,0.527715462882679,0.285065891601806,0.167291260339896,-0.182725741643586,0.471539313634926,0.0565867490371447,0.327629155117739,0.22812214526086,0.159787462986752,0.442367727158903,0.0976374256530828,0.619471421624074,0.246656604438743,0.533513598138807,0.30816571258186,0.190423883286049,0.352752101621676,0.0550534230443587,-0.148890253551018,-0.418901091746782,-0.447718553868282,0.241182195073024,0.445561338507318,0.403626078315286,0.387510224342444,-0.40068800648898,-0.173337331100817,0.159173984767409,0.185406034415806,0.001475602962103,0.365010918629549,-0.0763527754815228,0.264248728399574,0.0989900130396635,0.108788418183184,0.0696596410227311,0.14524337560324,0.188232624569179,-0.422359816990595,-0.17860549972094,-0.323896551304679,-0.239230642813229,0.233121891783593,0.211264771545305,0.18401959621504,0.193356540268407,0.495102410667988,0.473660720417185,0.542224435521722,0.328980509904025,0.29888785609758,0.261315047676882,0.108549760674173,0.142888738702874,0.203100169844422,0.256958536279997,0.233380443528903,-0.0321576314921981,0.155347112804713,0.320551244235921,0.149764305717521,0.222047043163536,0.369739876079067,0.505861303177782,0.328144202888502,0.164626652622201,-0.113289667414568,-0.444729980489908,0.254436251200309,-0.220901608070982,0.420942690701106,0.369635377433263,0.335017929937839,0.0913511577159989,0.393740383015455,-0.0291743986176154,0.372339992491449,0.341551463273998,-0.476046680835736,0.156213347488804,-0.0230146091611443,0.18025073396895,0.418526344020993,0.0602960935845386,0.212461537569392,0.0627700182115301,0.331850961351223,0.288291585528682
-0.123047231935258,-0.32547960632868,-0.0473243001668933,-0.319657160262887,0.0439441400644143,0.0446685734399798,-0.0386593702715473,0.0275060157483401,0.151870664705482,-0.200178480272837,0.569615523944073,0.527715462882679,0,0.605877755594079,0.459922890274355,-0.168918896397492,0.774524074728629,0.195472006729252,0.657126473926905,0.47930716797408,0.496070703112431,0.72010264148465,0.453616166462436,0.717887943349666,-0.0911966604921915,0.457108685120877,0.692401685012224,0.424961385953605,0.68024147558319,0.304801472644761,-0.265813059610333,-0.398730205333001,-0.381570060461556,0.581284932329379,0.716765563603508,0.267862429821035,0.563705698891235,-0.443446620853565,-0.186861989662357,0.038763696511846,0.427082887978502,-0.0178892621097908,0.37768167006878,0.0297296481710007,0.375779980973431,0.541626715892907,0.563928470016815,0.440540452395312,0.19579743672487,0.526338401253666,-0.448693267728262,-0.279707018702654,-0.47452631283081,-0.227099299156397,0.110354287736412,0.134552873841278,0.0477126226157336,0.0648725407295749,0.162288563905194,0.638821973191885,0.678493193971355,0.748951495757985,0.673493079108428,0.633134916412929,0.4095768390701,0.428118069550409,0.0405287709172321,0.665817896221689,0.60537323727955,0.147544790937125,0.38443972788419,0.733674106748062,0.457213241836261,0.224754477203342,0.394628764257851,0.57850487908886,0.638494098876443,0.467827970046559,-0.366021587630323,-0.396057043498612,0.581911751292413,0.0013082901674177,0.55684887233372,0.733678018198168,0.706390269214673,0.537348551474253,0.504960858382864,0.16747811869506,0.491184624564178,0.642123913563526,-0.546403516399336,-0.0891109417339048,-0.145757540838277,0.136739355647517,0.608201455873668,0.0890356317808834,0.611072981327599,0.439949098843887,0.199877505260839,0.471708351085104
-0.348621153225785,-0.377991218156762,-0.285868476028339,-0.168866910815606,-0.0408342002089964,-0.194829206260896,-0.24163215293461,-0.195406829994238,-0.102687152027559,-0.0642092403771921,0.31442715400735,0.285065891601806,0.605877755594079,0,0.814112675889258,-0.356507999404903,0.545510790976994,0.00683470919951848,0.689028515427832,0.380429170003593,0.740545059997466,0.51279083678848,0.802431508656109,0.460687783818178,-0.19893476373503,0.360439845245758,0.592026526040274,0.436687950995354,0.699332088930361,0.741601941239808,-0.126295453642238,-0.102371947631357,-0.0111061426366467,0.416069123261105,0.49677774383455,0.130543767366572,0.465415396995139,-0.404726487692129,-0.0405603643954439,-0.0840966720696773,0.259959416071341,-0.020699966503882,0.263074037412155,0.068692238282943,0.197501200203552,0.678779793981146,0.731903932489487,0.705954506085324,-0.036512503903823,0.250980813233353,-0.542507489585752,-0.435324877318169,-0.402186332195589,-0.0991647428615178,-0.205503800757763,-0.177228120710344,-0.221392907537311,-0.190850914025195,0.0644121976944279,0.356840114879495,0.351817571420709,0.557277998706848,0.783928591356802,0.723011996604527,0.71749212549264,0.737163353258831,-0.146461951902481,0.744845922094537,0.747656166340829,0.0678315066827714,0.549744010183697,0.652409605890414,0.723085753201727,-0.0098121261254668,0.189226840891714,0.354941084503961,0.645782250198569,0.802690728345559,-0.31046272984534,-0.0985060585747865,0.573791238828762,-0.0382217011368645,0.329942113308477,0.516502510559459,0.636914109501647,0.718438911634002,0.50359120115513,0.321544415454114,0.234136470206142,0.330205915230701,-0.321706409089446,-0.311384655850345,0.0101150756818705,-0.0415259060447126,0.441105019056035,0.13092187037045,0.655112984336741,0.716129914047527,-0.0591155959628892,0.251226128171916
-0.405784938943939,-0.390837517664822,-0.414162881003843,-0.048945334329911,-0.165763154805362,-0.337225759651371,-0.21524689375941,-0.320154543644291,-0.221576461663927,-0.0193818372782084,0.217483983869759,0.167291260339896,0.459922890274355,0.814112675889258,0,-0.313673808882343,0.306509005812105,-0.204131317768322,0.442687764689654,0.218556930965582,0.615493977771914,0.349780336860989,0.818406584096658,0.357213301080172,-0.247737121427029,0.275494795706377,0.434679183900508,0.307031633635926,0.628762927285543,0.840206275675373,-0.0735468629276324,0.0944769821498221,0.147017564740731,0.235956675623773,0.28121309831804,0.0685301174652124,0.382879957938631,-0.274721376092926,0.0042348458947832,-0.0119159301837437,0.188644104443233,-0.0286168769674856,0.127578168754945,-0.0255416214239605,0.0504887594691561,0.612969749501166,0.664874970431316,0.68778459157402,-0.14043525311714,0.137817325017682,-0.517698664207838,-0.469648078327134,-0.325174278315748,-0.0388912288005061,-0.375297850775143,-0.311609999375796,-0.256839636781436,-0.279166029487139,0.032890156028458,0.272723442126272,0.217631153005981,0.478767799491482,0.779340078345481,0.734190818271321,0.846516189656629,0.887513537903223,-0.0998887374313609,0.596889248365905,0.676719991501384,-0.102750131022139,0.594465582829313,0.52718682235737,0.745782251172421,0.0366919032206492,0.0672995661205435,0.205915128625644,0.646795903844881,0.780714440103514,-0.178303009269529,0.131114207901935,0.509345833127671,-0.0489395516327759,0.17860299103489,0.337108416929279,0.491928010602782,0.713227449925504,0.481514847117109,0.253630674323482,0.16011598343202,0.240025288270123,-0.207316934771313,-0.325944474972331,0.0980707532866448,-0.11348497963157,0.293979408294496,0.117872853502708,0.551811394677968,0.758061795732669,-0.113647079213001,0.184490966841229
0.249237257550331,0.437757349797604,0.447362086455024,0.323043487420106,0.206617006686144,0.0712727488695678,0.587036942643177,0.389076352402185,0.223033473802486,-0.184161856598364,-0.0473939252499299,-0.182725741643586,-0.168918896397492,-0.356507999404903,-0.313673808882343,0,-0.0724084912208444,0.255710277491096,-0.183522938154045,-0.0790629711356542,-0.210516685151195,-0.163989866160527,-0.297136877443654,-0.0561039831296417,0.0300816060481339,-0.197994359218037,-0.186396744257759,-0.0940251936133446,-0.179087358069741,-0.325695263975757,0.14547909198284,-0.0628742868937208,0.0351779757265903,0.00592663339850034,-0.0804935396923801,0.00107593553384618,-0.18710371864538,0.162091300248421,0.037816597480883,0.219209960778958,-0.0531361096262457,0.129635412082918,-0.192372720946787,0.0763449253709509,-0.0499657546295947,-0.247509117434815,-0.285183220406924,-0.279527815851595,0.0502614904730251,-0.0652627820053632,0.40804189163482,0.517231282082434,0.457330270694534,0.264831249656841,0.167384528524743,0.214415211177919,0.487799294830045,0.386702566469623,-0.144899853517723,-0.0682771161419507,-0.0621373748071555,-0.187329947086569,-0.298413894243923,-0.175484689769984,-0.232973374822146,-0.285234697150141,0.299897781595371,-0.15758823690312,-0.224974824382799,0.236150115195171,-0.126926898777788,-0.164103981532944,-0.309112566450388,0.295183379179803,0.0950673772363783,-0.0363817259300626,-0.0928784764231299,-0.369772090507785,0.0623155618398667,-0.0716906092702444,-0.138641688401717,0.0610264278675113,-0.144374867060928,-0.0581806837218401,-0.139759468581502,-0.320774843769098,-0.335696514186705,-0.19287335279118,0.0974298150912762,0.0571031226007094,-0.0586263370580163,0.0529456099305584,-0.0623919037238185,-0.00256518302273722,-0.161652354341674,-0.0705467621475023,-0.197689625611462,-0.333880899966545,-0.0311249492522712,-0.170102777103963
-0.0900548361396385,-0.200747883362378,0.0972884869172874,-0.222479440158658,0.116803807954833,0.0249225928085848,-0.00194484699161959,0.196666661702939,0.184988961023409,-0.253417716796537,0.494358805841905,0.471539313634926,0.774524074728629,0.545510790976994,0.306509005812105,-0.0724084912208444,0,0.423789087808996,0.791097128942529,0.47925001235665,0.515353606473666,0.690088449262293,0.440602178268464,0.722396075825382,-0.00782481150958056,0.374009397579406,0.6819814739594,0.416810138716835,0.576926668832031,0.217563879865154,-0.227127604607233,-0.4175017875669,-0.426323571911142,0.698267523306679,0.768846159011018,0.272220778246073,0.541809083165429,-0.469218384841917,-0.251539904386735,-0.0681506610978223,0.35011716524894,0.0221982818010966,0.334720182283462,0.0942748662400099,0.406450181669062,0.494529414239268,0.478418118007799,0.351480608584657,0.131473807291936,0.433312350807762,-0.291044240697721,-0.124974525144305,-0.303035499411992,-0.189009108461665,0.156066947148681,0.152106867821271,0.165811780208959,0.161973635155385,0.0686448169422909,0.530941507592306,0.608698619953719,0.608653760939855,0.544900266787984,0.587555968173161,0.31332937588703,0.27547374781122,0.0422983497707793,0.689790360850383,0.576680915990193,0.32174038773973,0.306932469017778,0.693215358356537,0.452243948448105,0.198769259521438,0.505126570312448,0.55974334011896,0.499059049122282,0.414004266394812,-0.280290742393492,-0.422815179826307,0.546298874620521,-0.050912065282834,0.529642729729281,0.77876747232724,0.681950032652514,0.430806803658083,0.41079371968327,0.174794147059256,0.434324361978553,0.618397811716358,-0.511481525087336,-0.0999447049931272,-0.238122679132757,0.105240480286856,0.550468116135175,0.074020880075397,0.595701892338268,0.364898538974674,0.0895070457598818,0.366459199335764
0.0649578405337556,0.33371991045385,0.36548292744876,0.131591010694642,0.255279496440454,0.200777728466746,0.281296340275681,0.642386697764793,0.419739958206739,-0.36715187304824,-0.0450506363174457,0.0565867490371447,0.195472006729252,0.00683470919951848,-0.204131317768322,0.255710277491096,0.423789087808996,0,0.435077573955131,0.473699001038677,0.223216437690712,0.161466380104932,0.0252012160275813,0.232668134375279,-0.136350586317018,-0.0431612280410237,0.306346032873007,0.142543700034067,-0.0206441635069852,-0.182051383827075,-0.0457229691412342,-0.400563897591913,-0.295557568467895,0.622618591990288,0.350637587494407,0.350101106568402,-0.0226630632657907,-0.185681484916736,-0.203008164220056,-0.0807950853302873,0.196329744893322,0.0147300319260426,-0.00312880322775477,0.0964281333287301,0.305974802726689,0.12428633239052,0.0383154332961928,-0.0089349199866195,-0.0271209385407369,0.111976447086563,0.06176647739455,0.300977905403576,0.0127013569409846,-0.131872846034358,0.336303587279867,0.279281823270341,0.553805149350049,0.555115421370712,-0.200716015572686,-0.0126305439652737,0.255702205643758,0.167046705088046,-0.0397623668511459,0.126648529554827,-0.0927943062857365,-0.189959232451589,0.234361063746913,0.272691930589681,0.198682850908725,0.801804411813359,0.0667399768712202,0.157418110459752,0.0709836399567312,0.142408493924611,0.419823339152093,0.185511302920666,0.0123247526427497,-0.0403517634898059,-0.113445968949184,-0.480805363654848,0.264019353839285,0.268566233501998,0.230659840805549,0.408406395482029,0.301004107449505,0.0317515785398265,-0.130590166256701,-0.0367845053519217,0.443104787551624,0.374530248093234,-0.326686215600863,0.0507425191451567,-0.296703617679689,0.0792752090539478,0.221634826446659,-0.101813977729367,0.204854584667009,-0.0432549400353946,-0.0744185876900548,-0.0276100427232861
-0.18838426921022,-0.138545536978469,0.0283805320771485,-0.0732370426810964,0.0334462902134448,-0.00713607271499742,-0.0615489079995803,0.208962337186016,0.178525778918146,-0.23934322497934,0.320847179686789,0.327629155117739,0.657126473926905,0.689028515427832,0.442687764689654,-0.183522938154045,0.791097128942529,0.435077573955131,0,0.516945049311888,0.708609589551848,0.525702278698069,0.563261238128998,0.511997415500414,-0.153310493524882,0.218383996411595,0.635646436680473,0.344766506395639,0.597392201189988,0.380358240509849,-0.179530769853905,-0.274276315847839,-0.270781834548867,0.656963835129123,0.589717801133431,0.222157196475713,0.420272816242274,-0.427109408017608,-0.171922183761926,-0.120930977952725,0.225617484610087,-0.0915500617792793,0.201879306133447,0.113807285413866,0.286990368225538,0.557715920203813,0.531152960729276,0.455358209732956,0.0573202160445987,0.295068002302755,-0.363091250765428,-0.133901853639399,-0.26173947744558,-0.161888224554208,0.0234742043712894,0.108203823798743,0.116888805181554,0.172729129879864,-0.0380799495028051,0.390799115877315,0.469169917805805,0.585847702749084,0.579569441094063,0.664500695108987,0.476503327960972,0.421972957475293,-0.0615634848738829,0.81572554186231,0.708905921205105,0.35727331918001,0.440916251909603,0.644322934121719,0.57775399787281,0.0910753131146207,0.392955720818403,0.401563841170443,0.511502305793322,0.562274892936542,-0.258814859842357,-0.313169145963085,0.555852479804875,-0.0299761785010963,0.362782151201788,0.663937542640487,0.653707858447643,0.507752414526811,0.379586218748771,0.186265176879232,0.390177567306723,0.481360787477806,-0.388145696888023,-0.165730320943161,-0.218097702417587,0.0251282782315677,0.429579802048807,0.108472022283304,0.606332847211075,0.485627566952479,0.0233580955745629,0.247873815885279
-0.0161603161653055,-0.152059169262677,0.0419845971861345,-0.225364408664657,0.206020659369926,0.210194072620898,0.078444110190534,0.0952811489045662,0.265434031596637,-0.295725761205055,0.181405412173943,0.22812214526086,0.47930716797408,0.380429170003593,0.218556930965582,-0.0790629711356542,0.47925001235665,0.473699001038677,0.516945049311888,0,0.494433144148926,0.23512461843319,0.321005079566673,0.366798566312412,-0.248555047433221,0.176715500447275,0.481214040978401,0.24342835348234,0.489734071346439,0.112235576080301,-0.139457237946656,-0.269719409705199,-0.20626434869758,0.464991609086297,0.399110554536913,0.509109812268815,0.420459358413082,-0.272826507474605,-0.167789436573443,-0.0601378694269367,0.39172988422048,-0.127398557307296,0.008413452095084,0.0783640362150828,0.324044124156484,0.337091901731281,0.364948190938306,0.388719668230913,0.273993819503011,0.433454315000158,-0.28341011928103,-0.169992238907661,-0.28639296521887,-0.192971207089257,0.204444519581855,0.134220596024054,0.0219926270155308,0.112072707795196,-0.106939982625833,0.239060423228194,0.320965242527403,0.49529799943242,0.381520216777644,0.329708264270161,0.166819775381632,0.169001472328975,0.0423576971396463,0.465308743453806,0.436903349299692,0.373458496712322,0.44365259748665,0.328589709574689,0.32215885800543,-0.00298499071875625,0.277442955481731,0.177966954406336,0.454679024556234,0.24651778275049,-0.222695886623307,-0.347684233003306,0.442494828638564,0.237193251823723,0.367664715919342,0.452499778709746,0.514246205688505,0.370528748982841,0.359732929557526,0.110644935278369,0.631790299996151,0.413955702951144,-0.331986885833109,-0.218070003152026,-0.231100073188005,0.00784691326912431,0.258554692296156,0.0259162550759331,0.357212944290154,0.308348945773565,0.256666744960139,0.319956728774936
-0.29770373652654,-0.161693472773612,-0.0589986543879139,-0.0212074752758536,-0.0547308331175828,-0.0877131199498421,-0.0655371029512096,0.0525736267912638,-0.0155594995515462,-0.223467712049992,0.115333893525005,0.159787462986752,0.496070703112431,0.740545059997466,0.615493977771914,-0.210516685151195,0.515353606473666,0.223216437690712,0.708609589551848,0.494433144148926,0,0.360077735994601,0.712581975562192,0.339927569590385,-0.251662260165972,0.183677581869868,0.51582293977257,0.177696119156586,0.598577337960403,0.571772537762075,-0.180710997785855,-0.0740315958560604,-0.0460178656371619,0.491400895345557,0.384004941706512,0.106391338901504,0.364358318741162,-0.189936307982662,0.0196441558524274,-0.0438926222789976,0.145409054135922,-0.188903266498299,0.0991437109376294,-0.0492615506402997,0.107922894330538,0.573062382580548,0.607153003973104,0.602690144752601,-0.0129398971092837,0.249250778553063,-0.392101148658977,-0.15806560863425,-0.29266654444914,-0.205971923718298,-0.127726667344143,-0.0638343335683251,-0.0576587490272284,-0.0398754210729488,-0.112945069826926,0.260887502959621,0.265374093018659,0.547087547334014,0.645516416276505,0.641982022915628,0.623527893260404,0.549382617960725,-0.214006752570511,0.763562762058128,0.834641071568994,0.30777963410259,0.673873398869657,0.57541678442838,0.671269213458436,0.0543889557500571,0.163033792208591,0.212778771011877,0.55324399966353,0.628649739089283,-0.266753949706256,-0.0856019347358673,0.613459852703647,0.0330939590372209,0.225655776652611,0.520769104393782,0.611889920991395,0.623708202455495,0.390741862304344,0.0948238964830001,0.216163636433647,0.326577167306159,-0.254555927187299,-0.241886281393216,-0.0556299023398353,-0.0972295784383296,0.291753315255278,-0.0198604622824295,0.560322207461815,0.627073605588033,-0.0998011568244526,0.269772027970939
