0,0.14249207228234,0.424606656396404,0.25813967274939,-0.0524350855718311,0.410149248900238,0.418972019207866,0.418470475631293,0.405036991378339,0.182308973489822,0.0059532357864825,-0.101540836421269,-0.104123045061093,-0.29585244245725,-0.22951546436221,0.535680056257647,-0.172875021274625,0.0164780248881802,-0.180493715024229,-0.358355906206118,-0.299372208495213,-0.362832375737614,-0.34466739697343,-0.167945032214419,0.33190848234835,-0.195248051462625,-0.511856480522338,-0.526962165238855,-0.272553788611553,-0.278389955253895,0.294713432931084,0.325456973035782,0.210122226761981,-0.258420274233137,-0.516695475568721,-0.0934019644142895,-0.333226787650082,0.645762998626918,0.284677081712142,0.229878001032089,-0.13238408665308,0.00999903398725873,-0.272615667014051,-0.1142257558856,-0.19615184732946,-0.479824036875589,-0.397596836031875,-0.448572992994759,0.344575215824534,-0.0293088218190651,0.619593326029461,0.419432254202079,0.470729431513776,0.197046274633082,0.335753653772841,0.508298405051096,0.506553447644299,0.397244694214698,0.201097811157254,-0.0533154931163646,0.00453636880384492,-0.124913613021769,-0.212740105984904,-0.227660982542085,-0.140767816832452,-0.215442213670909,0.326485175493262,-0.19258135293467,-0.274369839968033,-0.00174257098801349,-0.359980988418876,-0.374537943292372,-0.384976204484163,0.265651478218154,-0.217003473242233,-0.0180576342574859,-0.29992472510727,-0.390592325537974,0.368179755709347,0.373041869492044,-0.414168038546139,-0.238835817354877,-0.157453418416058,-0.395201862991188,-0.488750373016351,-0.461904374137255,-0.305528292872713,-0.520802054664903,-0.00248969548995007,-0.0904715490658229,0.398937507897075,0.544505100272814,0.338405662753959,0.126442743839325,-0.162255169029532,-0.205545378093411,-0.406410980875133,-0.418980403136473,0.37741301853341,-0.0395993467548643
0.14249207228234,0,0.63882667633904,0.357005724184579,0.396754440256373,0.377927005848858,0.0445214610852449,0.443697353524843,0.346898363999365,-0.312970625823221,-0.0941587410716049,-0.0102848054297395,0.196555961489784,0.194134801283272,0.286114704123878,0.268809320583655,-0.0871987151187824,0.320644890512848,0.0222999113873673,0.238036523624077,0.265018873730483,0.0578486151631861,0.266300787153826,-0.21893112480548,-0.351826067873228,0.0226273569403119,0.172767782937874,0.0198854173327902,0.0858785145134653,0.220795815092538,-0.279677419989396,-0.000224009280942944,-0.0669722831053972,-0.151298004206441,0.0856393015929849,-0.129796419385342,-0.318466644527848,-0.0656936999276847,0.119033493047705,-0.271570782957286,-0.256781588621196,-0.263120023475333,-0.11950150230182,-0.197661798466362,-0.189081196252019,0.106385235931952,0.229074756656628,0.122113224657063,0.301951955510315,-0.102832182246828,0.0991937194235428,0.672209331540159,0.310545452784191,0.41324787671036,0.403081024187034,0.369301728282057,0.265163274038926,0.39673308763731,-0.366631110640356,-0.0122902628201909,0.0777001101483327,0.131943772106791,0.226792421381985,0.253843120511482,0.202247870535104,0.255496926838865,-0.128301969119196,0.0795502089447289,-0.0537422463431529,0.300175571313351,0.272151054181454,0.0336343590460917,0.214176013213236,-0.0959455016823752,-0.0888372970748353,-0.262161859843035,-0.0507489565784658,0.202184751887965,-0.198022639188766,0.0644182462084429,-0.27994200563123,-0.289843607687191,-0.18494734201787,0.0843112857264384,0.175820936313582,0.0625843787063703,-0.174422512020763,-0.0786845704904904,0.291071589911745,-0.31201293722111,-0.0188571206092018,0.119858951387725,-0.058295778662725,-0.0763346314075091,-0.311121003244523,-0.085006670634249,0.208933423429131,0.201013444376151,0.394029760046982,-0.1319077356736
0.424606656396404,0.63882667633904,0,0.226988421258835,0.0845894924101167,0.491747001561784,0.252810566898064,0.507633396937252,0.408794935939152,-0.0475867842230359,0.0318473810738375,0.0638641422016672,0.138897098274783,0.000955984435707786,0.106714550544382,0.350153051325066,-0.0046411389950428,0.323443172558445,0.0477327783400418,0.0254564814286686,0.12762448508601,-0.0149426044779294,-0.0703313421916617,-0.122153386556655,-0.00791365573213961,0.0338453534173301,-0.0921346195083196,-0.185429082911244,0.061840359157182,-0.0778713503219556,-0.185998090565258,-0.0917825209557435,-0.130458815342499,-0.0251776974429377,-0.122139488361692,-0.202393713992919,-0.356142332321272,0.286093503303,0.277960138919665,-0.00623628260470934,-0.105511242113956,-0.167303998762555,-0.0982488628035764,-0.0586948637222186,-0.0884916191346177,-0.174028949086978,-0.0759306964524291,-0.178253214723759,0.348876780153246,0.094933963707043,0.201573487007184,0.576958538180244,0.259873369190889,0.207240086044593,0.307143582352948,0.698462700971982,0.422271782648603,0.437820671189075,-0.187482631864979,0.0259352919048602,0.063411714819138,0.103685425601577,0.0862470644700445,0.088670175758197,0.149841374435863,0.0664016482570057,0.107933882321489,0.111643525262099,0.0406585823486625,0.274049700042189,0.0868973554065462,-0.0981689522571961,-0.0902650883558076,0.1747187204836,-0.0486425024780019,-0.0820109567294002,0.0190361307273467,-0.0563047155665898,-0.118389132101083,0.019737493137217,-0.229756349858993,-0.166344093496352,-0.0996453935388814,-0.111842996800186,-0.0468092390503149,-0.17963760859056,-0.259925870506696,-0.262507911635109,0.166674369949943,-0.0918130672612265,0.0136153159258694,0.371446077079741,0.0711067933851743,-0.0577998234168025,-0.188471628932449,-0.0130183796658861,-0.106775331572922,-0.119600313372172,0.404472178280894,0.063443321171673
0.25813967274939,0.357005724184579,0.226988421258835,0,0.610084869714007,0.209316414116234,-0.0517751205450461,0.171481220115782,0.110019027434126,-0.471801102940173,-0.409893414562631,-0.28858024333702,0.00879166284523662,0.232328427140128,0.325610660583009,0.634172726719302,-0.190458471546993,-0.0518479413788071,-0.0512221263658312,0.0130296901193495,0.150605378328786,-0.210928404972172,0.332289993359614,-0.406851760668878,-0.341413829441975,-0.138180221152913,0.0813736836808042,-0.0580282485491466,-0.113705273269071,0.316361905627758,0.109908229710775,0.683159559769475,0.634951910066111,-0.38232619605266,-0.0465201521467425,-0.250830212111759,-0.358897705702721,-0.0232360176696589,-0.159070243173424,-0.354160807703665,-0.475394490499512,-0.138606255824262,-0.2767909705373,-0.341655750836434,-0.389701682027682,0.0734662233179558,0.168235724844983,0.0409919806359668,-0.0356744975994282,-0.301085944872955,0.56421771545744,0.685513374095155,0.660982019621638,0.863774290381458,0.225610408233631,0.15365603839227,0.0614249285184317,0.11655401845177,-0.480859496277772,-0.264981451188236,-0.11936903119191,-0.143365935488099,0.117973807290252,0.208208791422793,0.112667058253257,0.381472619355118,-0.277581054380807,-0.128585017727649,-0.297789956779406,0.0156087421257794,0.174357941831738,-0.19321004224589,0.267823237477872,-0.356286075245195,-0.209983048869308,-0.352210934956536,-0.170665098168113,0.276682018089668,0.25369046478173,0.717213567428537,-0.25538634698729,-0.472947541852883,-0.293733858475969,-0.0434002611304212,0.0801087945166872,0.0927248092081528,-0.297059858027873,-0.14839027792756,-0.0149823942992322,-0.489259998405634,0.264213613983892,-0.015767136539978,0.0978218821099665,0.123227407061193,-0.387416964037172,-0.235826394698958,0.178330322333216,0.180032007097609,0.152340233960253,-0.287876440934701
-0.0524350855718311,0.396754440256373,0.0845894924101167,0.610084869714007,0,0.00600459703092786,-0.344747605712729,-0.10149552351186,-0.0980229462112625,-0.603707673227475,-0.38492236037467,-0.155560482405976,0.192753998831172,0.372636189895653,0.367919404868753,0.281391111453788,-0.0573379054609352,0.00391607552637379,0.0276200126327171,0.33968427621726,0.323763938249066,-0.00652263785241453,0.467144996440601,-0.306986413316148,-0.559354329715068,0.0188731667416806,0.342178173345228,0.275030931425831,0.0575029865535919,0.430347183744619,-0.0676802096276471,0.448932771587322,0.444239348995305,-0.212092703585766,0.252394189447932,-0.029605218902842,-0.100655324185409,-0.306330175550113,-0.39545357495553,-0.553766353413723,-0.320242017312,-0.0304055753264899,-0.0578956112876509,-0.168148080109866,-0.204137611131118,0.329774804521633,0.435574043093841,0.300421347115951,-0.0984549691607081,-0.162582274785469,0.258457786798308,0.453385704319329,0.331632504765233,0.731611700968304,0.217507687696442,-0.159832318042541,-0.266482097213693,-0.14099838463346,-0.531726193399837,-0.0936943933704284,0.0254643123865278,0.074012065889427,0.305843619811978,0.317629185954513,0.175389133133756,0.39625007411364,-0.471302069737333,-0.0858425874867442,-0.185131017569902,0.0760707268750187,0.351409023550025,0.0669995323246494,0.427519821652556,-0.547785696029258,-0.0791088733308776,-0.206931699361563,-0.0389075781319052,0.435861579709725,-0.0600042531160013,0.470153673584364,-0.0275003820045927,-0.26757382799705,-0.145944963695459,0.190126673865831,0.346518121495631,0.361812739653262,-0.0603983386773404,0.132770696275574,0.129779480792748,-0.364823723815755,0.0495350126718779,-0.274523335095785,-0.19694210315702,0.0407503160566424,-0.215258166571978,-0.0649244439907968,0.423595150122476,0.436949816534901,0.0220251537354197,-0.185966925487121
0.410149248900238,0.377927005848858,0.491747001561784,0.209316414116234,0.00600459703092786,0,0.535257846006986,0.622746522729261,0.675493547898722,0.168919805951579,0.107684732737078,0.052542632091993,0.112029580470007,-0.0383230336290325,0.00227977433345093,0.419196754504438,-0.0644192369493543,0.158883242921805,-0.0424779113764072,-0.213067050607007,-0.0947562613760046,-0.208933628448851,-0.085799131204618,-0.0338900572850042,0.214747599771549,-0.0991450587491523,-0.228633175070901,-0.2951310308471,-0.109887004330581,-0.0990140113484061,0.168525558726342,0.115207268358914,-0.00598182350176601,-0.139283542703905,-0.345933194354373,0.0277967080819679,-0.21329148223207,0.353515463042302,0.451772825322111,0.205944976408005,-0.0361689568136008,0.0143635184024819,-0.138444373834267,-0.0587925328648339,-0.124046697759069,-0.235644120012798,-0.197770200446552,-0.21451643610509,0.582884879797315,-0.0325188983415996,0.226182246536687,0.440462580135273,0.381929141758589,0.179107852889141,0.741385878507087,0.68376050217522,0.531060277984943,0.594804686480154,0.191645233484263,0.0563737637844482,0.121718340594632,0.0416032837723878,-0.0221763877557742,-0.0174853386879939,-0.00763191923759342,-0.00937600440285957,0.302820628476022,-0.0760974929301089,-0.156100143328412,0.0875936652673957,-0.145191435922298,-0.235911764530523,-0.140961014361057,0.259071809917701,-0.157722870542288,-0.0275686656783294,-0.158917913003772,-0.158762519246986,0.155108095438219,0.15138056333614,-0.416154178046486,-0.264351676748329,-0.12548639758633,-0.316620560844823,-0.213710114876881,-0.312932625791943,-0.132231253108644,-0.316963055594305,0.197549282797631,-0.149495010184582,0.180097908227839,0.468372465630037,0.263286985524205,0.0786600023007102,-0.159103853380795,-0.103220557897185,-0.152285812072045,-0.22603266928125,0.629900263827138,-0.0363738019756168
0.418972019207866,0.0445214610852449,0.252810566898064,-0.0517751205450461,-0.344747605712729,0.535257846006986,0,0.654776421736333,0.627799293172117,0.594261992661884,0.30001790117916,-0.0112690238596274,-0.0450927677460163,-0.373879964713804,-0.361164735898863,0.266897082730521,-0.0718768991660123,0.191631858948058,-0.0543133809697765,-0.263799457014036,-0.333979351108108,-0.193165191043055,-0.472389844537793,0.141342963357686,0.621559645772433,-0.129940780199896,-0.515037478857764,-0.530644753374132,-0.137071143801379,-0.484895111368315,0.239010158106099,-0.0834155295239808,-0.209615444822119,0.0203712969823493,-0.467386760157001,0.0399254798284888,-0.0824203443065848,0.607168911669493,0.653391082738081,0.692098861783963,0.182523956001646,0.018219399493053,-0.128736522658638,0.00613592487173083,0.120135770074837,-0.549639162312311,-0.55047486445737,-0.527466604686748,0.464931321163971,0.0825108747152232,0.0478636431461543,0.0906163138404479,0.231838820689412,-0.189961592719116,0.416641504648216,0.54402816521796,0.728743097563374,0.580839007167836,0.518284527451889,0.0278224195030932,0.0324863398526865,-0.0419871984021307,-0.263697881059347,-0.311300534301791,-0.190913010987812,-0.403711988859553,0.687562170588849,-0.0155320470531931,-0.0204394991333318,0.0489985046429401,-0.370635835093879,-0.246664942535386,-0.484555029117738,0.615957688723626,-0.106519083862832,0.0884411692518483,-0.146536766656447,-0.539901776174634,0.187730261158915,-0.131739670042566,-0.250961843101503,-0.0297461414051643,0.039563763803609,-0.403399033636226,-0.488547820476889,-0.588003739863201,-0.0974725582377083,-0.481292777409809,0.105930834962982,0.107517290315284,0.13207229546308,0.609926536284603,0.396077388196696,0.0780754696659829,0.00102959343817152,-0.0973698384897421,-0.522023398718567,-0.583374128298297,0.464546167889435,0.0739270990216239
0.418470475631293,0.443697353524843,0.507633396937252,0.171481220115782,-0.10149552351186,0.622746522729261,0.654776421736333,0,0.850709731880197,0.246621165648431,0.150859693772332,0.0613128002936916,0.10940894983945,-0.121837511428675,-0.0240721689847289,0.371011385811552,-0.0537321242233273,0.439198047872266,0.0297728952340316,-0.137936818666331,-0.0543238350045333,-0.170918643854882,-0.183876141076984,0.00395196244898248,0.276277162499411,-0.0972077263486515,-0.273812609933389,-0.399946102186861,-0.0632392423169825,-0.19275473159861,0.0852376629355386,-0.0357846201112078,-0.11782697337274,-0.147808808693416,-0.336534177455717,-0.114341310818686,-0.37856439623883,0.424195697165296,0.560280980777709,0.307925544115528,-0.120222648573033,-0.116017564930151,-0.198181540455372,-0.131363803132043,-0.116345863331599,-0.308815278159134,-0.3206921047103,-0.319450346835364,0.492537288730948,-0.0696845221530733,0.169168606024309,0.47810400862729,0.459119106355593,0.0657864887376771,0.510826600070248,0.729587902934482,0.860581510703833,0.869814923405622,0.192653002645323,0.0551037364100609,0.139432489290713,0.099666165368169,-0.0269559592078829,-0.0123007910353183,0.0968220064477111,-0.0439122474175448,0.402359830080554,0.061898555031546,-0.0854838469231561,0.338591928099641,-0.0839316965051143,-0.192499705510557,-0.212651844516005,0.426911011525027,-0.116131296178492,-0.059352425832669,-0.145472689176932,-0.240119915683626,0.0503349413488365,-0.0241279271900995,-0.462240028134859,-0.279161354137843,-0.145719163005938,-0.276586450349511,-0.253877515764375,-0.413264700694512,-0.312336569546347,-0.414870718786314,0.236066208793465,-0.164235935721218,0.0545726958296884,0.574450421771981,0.276863831736219,0.0153707913015957,-0.202751634532341,-0.176007364343659,-0.241021634397771,-0.319778146830965,0.643573730744277,-0.100985232340167
0.405036991378339,0.346898363999365,0.408794935939152,0.110019027434126,-0.0980229462112625,0.675493547898722,0.627799293172117,0.850709731880197,0,0.342211225912945,0.261703898915626,0.168200835818987,0.147347680621013,-0.109548683204892,-0.0427440015616173,0.356095370806062,0.00935991798999943,0.434339558360774,0.0433748122399653,-0.137032834968745,-0.0869938570011937,-0.19117623712726,-0.191959283906677,0.0876105574958004,0.329768134649857,-0.0736231432044768,-0.316759284509698,-0.365453976284187,-0.0353965448756005,-0.172865341554719,0.169105193407562,-0.0350067248452856,-0.0931959507890928,-0.0824101509386791,-0.358345821557757,0.058775111705686,-0.274207239141934,0.387957458946809,0.519727025537409,0.309601333027482,-0.0332791099793962,0.0500615929857355,-0.0998312301357006,0.00375649189234242,-0.0202125645277741,-0.297086337471,-0.327958560808426,-0.306365620077917,0.500446303116059,0.019800047739085,0.201293041089896,0.425955503294353,0.422771521307409,0.0207706756962397,0.5352627388327,0.719253395253987,0.777552877594713,0.872474148585435,0.348688837991499,0.208598995623549,0.297632113340291,0.156193785419569,-0.0118014536238267,0.00348667562080255,0.0874787625185012,-0.0640770461805754,0.425182598984792,0.068969063072052,-0.0964227867415529,0.335170658901295,-0.0993323760141404,-0.157768257986146,-0.1902559643671,0.436510954299973,-0.0515703639933716,0.113593976165212,-0.112873730598357,-0.254589886190872,0.0781032472506142,-0.00180600504233934,-0.435323318391959,-0.223308879739561,-0.0594129061974412,-0.289669531813171,-0.283268524724543,-0.407325719976739,-0.257374859950338,-0.411086327161224,0.334742367812656,-0.130853069388247,0.0536871817948772,0.543630490105706,0.19787526585806,0.101728634035673,-0.0378506174573182,-0.12104188102438,-0.232839667915369,-0.322536042344631,0.650663759360492,0.00751031731777147
0.182308973489822,-0.312970625823221,-0.0475867842230359,-0.471801102940173,-0.603707673227475,0.168919805951579,0.594261992661884,0.246621165648431,0.342211225912945,0,0.551442985025817,0.191021650957914,-0.0410730201941153,-0.414898665361253,-0.465221607962057,-0.1854123515307,0.0772088621463292,0.113420374527641,-0.0365045364270552,-0.247148724141674,-0.355384426616621,-0.0320912194242457,-0.562197682783374,0.390443884896808,0.788068205149461,-0.0670834634278203,-0.419972493754344,-0.254856100622925,0.00515295750899862,-0.539924050284442,0.162465766342981,-0.382528000116613,-0.424392852567745,0.291081906873111,-0.279574901400159,0.261833996121184,0.26443899653976,0.444159719050207,0.4675166187279,0.76848072567718,0.494106407967589,0.264967756078497,0.107475885426469,0.312191895787634,0.420623929734163,-0.428085986552224,-0.518224083846831,-0.392511214316673,0.287667469380758,0.310614013105911,-0.249228667422896,-0.361652751340963,-0.234310165528738,-0.603062181274361,0.0833516735253538,0.241452458579568,0.406196729574055,0.291107622023614,0.839222668154375,0.281731894742583,0.189988184569046,0.0641874712824753,-0.247429922993596,-0.325006743362409,-0.206549978710096,-0.534921784911713,0.712841067705805,0.0819360551438024,0.203108768215476,-0.0328686858541532,-0.383400791015016,-0.0611700533811297,-0.491969657945181,0.652238450729792,0.0958274523220933,0.402208117720854,0.0654364886521783,-0.525611511888649,0.0811870271020777,-0.415205727369116,0.0508100842484567,0.34156108702156,0.366917653971733,-0.238038926392178,-0.375056524383511,-0.417725466601193,0.165381627917469,-0.158193372130587,0.0893391362859358,0.492593979441101,-0.0236719863184165,0.404537928100702,0.226553631601338,0.0764808911219358,0.355035781226223,0.134765762586197,-0.445116394424238,-0.508150397308222,0.183254397666178,0.364614092905189
0.0059532357864825,-0.0941587410716049,0.0318473810738375,-0.409893414562631,-0.38492236037467,0.107684732737078,0.30001790117916,0.150859693772332,0.261703898915626,0.551442985025817,0,0.70693823525076,0.346921616331212,-0.132238086745888,-0.143726621179854,-0.261830424876254,0.384874098568284,0.389435865308295,0.221075193712005,0.106365725203471,0.0270434420200119,0.301065336851444,-0.274037078869472,0.69803747105527,0.451263841521327,0.524104710061991,-0.149282724216052,0.0139601327076551,0.293791868281134,-0.284567360522097,-0.113084056379615,-0.458419642509203,-0.427834925765526,0.542774663876813,-0.0098299898496307,0.421218108389564,0.361248235830597,0.221321814061375,0.342478119568121,0.385193226435355,0.573072843436897,0.183323088744624,0.481250056873125,0.431122908432386,0.491313138597507,-0.133098993672163,-0.226688600814737,-0.0636940338321528,0.325934085628085,0.560289303320215,-0.332669662774585,-0.305463855066702,-0.311399009860848,-0.477550316428048,-0.00417878872702282,0.121302326873297,0.173159448113664,0.20012480696388,0.514322960864732,0.730575008226199,0.563102170287285,0.449018982181485,0.068563102520568,-0.0260089416966898,0.0614180046184556,-0.259252378348947,0.39101573687972,0.362247036092445,0.480987930990181,0.28819072557669,0.00252164249693093,0.310125930706251,-0.251862148458976,0.49851881593505,0.541815551980137,0.533776352277466,0.320229395378095,-0.220817951063732,-0.184613307072191,-0.436057808789875,0.222745249648756,0.491807914392641,0.386391828360905,0.0820778297887602,-0.125293794733749,-0.20669230336036,0.395376604407299,0.00247669561823024,0.422196543834272,0.5302484005985,-0.147824796135034,0.151726071569189,-0.0260584819000992,0.0693242659935291,0.517564779317876,0.273531266664142,-0.112748101492901,-0.177937415389617,0.191331310126738,0.528939889495013
-0.101540836421269,-0.0102848054297395,0.0638641422016672,-0.28858024333702,-0.155560482405976,0.052542632091993,-0.0112690238596274,0.0613128002936916,0.168200835818987,0.191021650957914,0.70693823525076,0,0.421435117785875,0.0725151797415303,0.0350428769969509,-0.194939017415945,0.583438158386971,0.480244565272004,0.329787038658668,0.24705767397492,0.17606371369701,0.413416500954941,-0.0389749145587171,0.715849389171611,0.144950591142164,0.688162380507014,0.00176341214028911,0.121618447136887,0.340152840774274,-0.0394833402002115,-0.168293710807317,-0.364235854137463,-0.273316137226409,0.540714842865278,0.15098071490471,0.37905290260492,0.323534030267458,-0.0245096975468433,0.0800823342644149,0.0227424354887037,0.406597276517619,0.176738052269081,0.548650314083313,0.41898619062834,0.378890562637243,0.0684788868474299,-0.0323654433753019,0.0917638867209089,0.164142304461052,0.504550281140413,-0.23781314998168,-0.184002546338243,-0.251135802366627,-0.290886194464347,-0.077640474416886,0.0836443836872854,0.00535731066299448,0.128334161782419,0.228361215868769,0.814288559675005,0.750049414155806,0.543622738863529,0.190321029056418,0.137486700293252,0.184213708112725,-0.0399583379311197,0.0662274852793578,0.488116175207898,0.514083184738218,0.434475245197466,0.180316051046914,0.436166447076075,-0.0131739018397939,0.243121856940852,0.706712657210427,0.605996953252338,0.382352261238853,0.00569365008991652,-0.221763175444382,-0.303147815895124,0.313705958576851,0.444302705872844,0.300187622423662,0.284001391385969,0.0561191271938171,-0.0258279759195046,0.35618444867769,0.0627185624201267,0.472922649063103,0.372844670226956,-0.234025987179822,0.0146908568964,-0.227858768289423,0.0945620024867148,0.548698337527888,0.248441968781697,0.117758666669069,0.0386938497226667,0.0814991237195212,0.437122700626997
-0.104123045061093,0.196555961489784,0.138897098274783,0.00879166284523662,0.192753998831172,0.112029580470007,-0.0450927677460163,0.10940894983945,0.147347680621013,-0.0410730201941153,0.346921616331212,0.421435117785875,0,0.396880449800565,0.407410025197832,-0.115845382645339,0.545345027685351,0.489924667937561,0.542266265901488,0.398362441109402,0.522782323179042,0.503876337771203,0.27799131919677,0.370168315393536,-0.078625407273419,0.325729081427896,0.308047707626081,0.376675410217263,0.58812661515216,0.234356976577435,-0.256615112073565,-0.164465881813524,-0.122892044071486,0.429833521380428,0.338090544189941,0.130833834173258,0.184672337256341,-0.0759965534310158,0.0349226726339881,-0.13651007494664,0.181092521560399,0.0223162251325271,0.18265162801365,0.217169837887568,0.266602902315447,0.26221612448237,0.241730256400802,0.261188310099694,0.161116607085753,0.254823213007306,-0.213843358766941,0.0318348441330045,-0.102932994300896,0.013144917434585,0.0271405381168903,0.128608459881586,0.00151988525487377,0.110063429661152,-0.0307138704198031,0.443657055402607,0.355450570453683,0.799483073229228,0.67037232914593,0.491158970837804,0.538911599641072,0.322264688997253,-0.129207473207381,0.548266685288199,0.459523110213675,0.46111746375256,0.489601370538749,0.4814682839803,0.291699283486562,0.0160375182840741,0.386761761671855,0.223041063792894,0.535491728166347,0.29663410370307,-0.26122013027774,-0.104338476882464,0.270014956610128,0.20914638897393,0.0986785030555493,0.279123672476334,0.329774937459055,0.299908937057177,0.179984199846596,0.199239221100481,0.344895054417525,0.106493873310366,-0.325220370716718,-0.112048474221265,-0.307175004274773,0.0357315591135693,0.0830362500341665,0.14485458008861,0.293989141022761,0.272160261247077,0.179682827190002,0.167333453020591
-0.29585244245725,0.194134801283272,0.000955984435707786,0.232328427140128,0.372636189895653,-0.0383230336290325,-0.373879964713804,-0.121837511428675,-0.109548683204892,-0.414898665361253,-0.132238086745888,0.0725151797415303,0.396880449800565,0,0.821550843224626,-0.0294611589889829,0.300769351702689,0.177999208482955,0.569801170462452,0.316949609274491,0.73751942907986,0.276998827592511,0.736153940236368,-0.0337072839283825,-0.383138579767388,0.116599313757348,0.654750064278007,0.512281787132286,0.300776565966787,0.672570746627545,-0.262548357700588,0.103670062685171,0.122080481925141,0.0576466820633495,0.412316983215917,-0.10507753690982,-0.0345930297811281,-0.348373108431208,-0.244655712591374,-0.470375096150346,-0.204198217119006,-0.14993856263117,-0.0717508807209516,-0.0735859044898067,-0.0623917843578738,0.538003233265955,0.581391844897561,0.482535485696526,-0.0790157040431445,-0.103349373913979,-0.0968553027818114,0.198207508236465,-0.0353265630418613,0.282672687940222,-0.0191408461692275,-0.0652148423282,-0.303166386114852,-0.113495999399433,-0.352017601989896,0.069651166239565,0.0174456175806723,0.232124735866725,0.702771155643686,0.845063878391622,0.709233409755876,0.793266049640464,-0.493196142213851,0.334680361056135,0.106414117995959,0.219088345698887,0.620000195539991,0.259123879012992,0.796593151543855,-0.430383753246218,0.118567956537094,-0.0546384281952658,0.289034362478077,0.698291753409576,-0.23588526932466,0.142653613069994,0.102644268749139,-0.139786181023823,-0.115381322345177,0.268084584040478,0.658100759949956,0.682102199008024,0.0733138063427716,0.361840272069862,0.0706272482097205,-0.256669023171053,-0.210740161209978,-0.277528069662133,-0.312277930046807,-0.0773692899066642,-0.174614353733709,0.0403727111292557,0.566578996063124,0.632722309814281,0.00458482215190918,-0.0906649468879789
-0.22951546436221,0.286114704123878,0.106714550544382,0.325610660583009,0.367919404868753,0.00227977433345093,-0.361164735898863,-0.0240721689847289,-0.0427440015616173,-0.465221607962057,-0.143726621179854,0.0350428769969509,0.407410025197832,0.821550843224626,0,0.0384390202806112,0.211673046610162,0.197396826696958,0.518760587424037,0.322853797496485,0.819439911100825,0.282928505234305,0.774153969550164,-0.12093587909067,-0.417903474666133,0.0817688509908874,0.646607449706298,0.525790446757757,0.32359112739535,0.741162594646531,-0.266915737771517,0.138241665755028,0.173521505426319,-0.0195996122683861,0.368840148962083,-0.197990621277596,-0.169328412294614,-0.341023827987288,-0.191755200515488,-0.490842733898452,-0.314568623519735,-0.232151372624483,-0.117554391046389,-0.137399204085438,-0.127474293573289,0.594744529671572,0.635232031559787,0.536791330194135,-0.0168044528318352,-0.148970218343845,-0.0127453804771181,0.304948892465632,0.0542576327220427,0.359884785793456,-0.0074883379927508,0.030029687172586,-0.226113550909748,-0.000898428341410493,-0.458309866387453,0.0158777059972046,-0.0210612790112671,0.229169464803652,0.732969285059382,0.870579836387156,0.807005747644566,0.917692288413295,-0.515010058587995,0.314445872412899,0.0850078348100046,0.275010274164632,0.728504874119455,0.238516475453716,0.779879996596047,-0.417533440749691,0.0707439651539304,-0.196484157373228,0.303827813113241,0.750118620014219,-0.199077236769017,0.20095909066863,0.0276720182599957,-0.257625509393298,-0.16976488169934,0.251560595673873,0.647645217351947,0.68218684142968,-0.0339714879398233,0.371618657323208,0.0651794088896489,-0.383966980129872,-0.182675883596761,-0.246007818426385,-0.243651162571049,-0.0745782723343151,-0.265427746151407,-0.00944726357670096,0.61486738361758,0.654546524014015,0.0813935437708047,-0.155501829223554
0.535680056257647,0.268809320583655,0.350153051325066,0.634172726719302,0.281391111453788,0.419196754504438,0.266897082730521,0.371011385811552,0.356095370806062,-0.1854123515307,-0.261830424876254,-0.194939017415945,-0.115845382645339,-0.0294611589889829,0.0384390202806112,0,-0.128781074186793,0.0560489220389531,-0.142931589607667,-0.195342173503591,-0.106518170927932,-0.352841500819726,0.0042853578914841,-0.291393642622701,-0.0324321795951031,-0.200193593211444,-0.321633735713261,-0.447684636122398,-0.315799293648628,0.00387454458619738,0.259764336236767,0.63983891859591,0.59942716279383,-0.32309351389799,-0.402518732899228,-0.223654226789525,-0.494287501680402,0.275842383326887,0.076082169898989,-0.114440800740232,-0.431655574236682,-0.120555218399111,-0.328998286384089,-0.337343581139193,-0.40036346365418,-0.303115656423175,-0.16618972789132,-0.32603438881379,0.00226333844870209,-0.25698075571408,0.749071999264127,0.711791688738302,0.792431289220725,0.538461164742227,0.357632308488227,0.429812064508906,0.320957714573368,0.318546839356831,-0.170863913367029,-0.195681476927625,-0.0374380255450373,-0.227346873132237,-0.113587361010772,-0.0354188541295732,-0.0384541053378597,0.0973403831235859,-0.100249817804804,-0.171776671069285,-0.296023831659721,0.121485585735351,-0.106318077008358,-0.395055271547951,-0.0417445584019626,-0.0783257178033189,-0.177871682127831,-0.195409149113525,-0.34662478674793,-0.0954659454747877,0.330563436986397,0.680640860550919,-0.361643242976655,-0.454752622079805,-0.338361669552819,-0.350358561268635,-0.299747825816428,-0.259293196487754,-0.439495510771353,-0.508326662776128,-0.00114934245105853,-0.443903901813702,0.388536182584027,0.284947229992291,0.279870670802353,0.0844699158316057,-0.321335709075349,-0.345628865079288,-0.212419697200464,-0.215890553916895,0.187531850825599,-0.242468163451851
-0.172875021274625,-0.0871987151187824,-0.0046411389950428,-0.190458471546993,-0.0573379054609352,-0.0644192369493543,-0.0718768991660123,-0.0537321242233273,0.00935991798999943,0.0772088621463292,0.384874098568284,0.583438158386971,0.545345027685351,0.300769351702689,0.211673046610162,-0.128781074186793,0,0.580935540486522,0.648479721850433,0.356325247675244,0.39838701160799,0.615343138757181,0.130783954881021,0.628001774621865,0.044898766485937,0.453986955744232,0.149395838030546,0.295764905017716,0.547083115696532,0.0756554554072162,-0.0924449893227172,-0.302336586604317,-0.170534642186689,0.724408632873967,0.293321644153082,0.1708204909044,0.326714254542108,-0.150333078428559,-0.107981533361028,-0.00405171388421124,0.310997559840493,0.139355315872156,0.287639563535366,0.355176026155519,0.313962798926784,0.144324542482667,0.0704092815814971,0.0902133991150345,-0.0929722254478011,0.352994875030975,-0.228559477821613,-0.188399788970369,-0.210319841202832,-0.219410536740654,-0.216171050585103,0.0643366224661753,-0.106660155286298,-0.0386690130999315,0.105826770419867,0.517229583689764,0.405837210759079,0.507963150572413,0.416023336697778,0.340392828334858,0.424032354921597,0.12030327092558,-0.0987098832445916,0.75028849491114,0.693780244180846,0.555148524996649,0.354125687163107,0.468563159730624,0.200731818750904,0.0601630188561302,0.680267306655479,0.424750254620982,0.590912050451333,0.119571106144745,-0.200774480277073,-0.253139063578497,0.53197344847602,0.501686110320971,0.219876686291928,0.249728019198215,0.225647977174652,0.209136610148826,0.214943059957185,0.133076746589042,0.305117825615367,0.270832964282274,-0.313046199377935,-0.122263280357168,-0.408366606185336,0.0423172009097677,0.308147587032398,0.211440641687138,0.151978917717915,0.122563769950008,-0.116121965495712,0.281378946485609
0.0164780248881802,0.320644890512848,0.323443172558445,-0.0518479413788071,0.00391607552637379,0.158883242921805,0.191631858948058,0.439198047872266,0.434339558360774,0.113420374527641,0.389435865308295,0.480244565272004,0.489924667937561,0.177999208482955,0.197396826696958,0.0560489220389531,0.580935540486522,0,0.508949201868887,0.552345337205008,0.42332731036889,0.456468977811603,0.037083094741886,0.426627898332369,0.037248694177043,0.391322779228995,0.0748332971285684,0.0830380275740887,0.477101261905708,-0.038193652383953,-0.204516567494458,-0.322594733780366,-0.223208448655387,0.528246342361593,0.211269152201333,0.196637068215923,0.0921710292145416,-0.000300719533883205,0.160211322370149,0.0708048091305019,0.174302616445607,0.0282365219977565,0.270737848295766,0.178436524009148,0.248812886451892,0.0105110280706945,-0.0298303064616058,-0.00487242764065715,0.185262195879017,0.378120196599675,-0.131685373871702,0.175961017206255,0.0632974586274432,-0.120146923904442,0.0113273493682181,0.339419385564052,0.323399699627059,0.417747905330832,0.0509845103714982,0.477999134065215,0.454518362495716,0.543130071117277,0.381596549947352,0.290732054093267,0.441036263308648,0.104121855971564,0.0573855687619807,0.646572997831359,0.560473176227073,0.87574464130088,0.458081746628235,0.461544901250975,0.104099696853756,0.180891079534389,0.485678748881079,0.280237674504076,0.435678025267642,-0.017834746162411,-0.297053180670096,-0.266341340763907,0.184601564374384,0.292204423308186,0.156445893324778,0.258035037239654,0.126366395906016,-0.0042762869439149,0.0851639462348878,-0.0696105904288988,0.58659246145465,0.0734526677441329,-0.281019426898934,0.117136552916115,-0.262977153613485,0.0712598066951874,0.233294431675282,0.0861986291817957,0.0864318020411499,0.0146542334766947,0.235484036491265,0.255641911174064
-0.180493715024229,0.0222999113873673,0.0477327783400418,-0.0512221263658312,0.0276200126327171,-0.0424779113764072,-0.0543133809697765,0.0297728952340316,0.0433748122399653,-0.0365045364270552,0.221075193712005,0.329787038658668,0.542266265901488,0.569801170462452,0.518760587424037,-0.142931589607667,0.648479721850433,0.508949201868887,0,0.375820409674458,0.621047719913265,0.492965068092192,0.2936351690854,0.378827636519119,-0.000339067387510052,0.304523938477305,0.284995228825094,0.32527930097972,0.48096805629803,0.24743216401136,-0.228088778418602,-0.215192258405603,-0.133749540708707,0.487774161045104,0.325830422072533,0.0302656797593682,0.182592939778166,-0.0776752644299567,-0.0157041765003454,-0.0582588809199017,0.128677178070634,0.00557127553389315,0.137544907610148,0.199047643602757,0.264328162917927,0.196943917170868,0.194648034541689,0.123264556586649,-0.0414393141625904,0.178758188834861,-0.233301939361825,-0.0436645549249978,-0.168241647717831,-0.0790497659924935,-0.151294063841675,0.0729478269190372,-0.0465638660582607,0.0226640817607616,-0.0232520260440973,0.332785849732501,0.199047542526937,0.416544857601267,0.656339964573562,0.634390998536112,0.748077927293825,0.419336382736769,-0.135327834569807,0.699221041813259,0.505302673439921,0.483047080588256,0.503863480436041,0.426336913659236,0.376357761426536,-0.0154196059733439,0.427821754753857,0.271284077061684,0.532530521799439,0.25500798514684,-0.284754342583492,-0.156586669315457,0.364000693748769,0.231651793003515,0.157445788942301,0.211443492131769,0.354521984256604,0.382453192952075,0.115593747595575,0.130653125305326,0.21125877215345,0.0742540719800773,-0.300801518711107,-0.0614780967727746,-0.336576909757577,-0.0219676911133768,0.127199001745972,0.15209261684198,0.205878857447054,0.209544317443518,-0.0169825423553735,0.132535999302142
-0.358355906206118,0.238036523624077,0.0254564814286686,0.0130296901193495,0.33968427621726,-0.213067050607007,-0.263799457014036,-0.137936818666331,-0.137032834968745,-0.247148724141674,0.106365725203471,0.24705767397492,0.398362441109402,0.316949609274491,0.322853797496485,-0.195342173503591,0.356325247675244,0.552345337205008,0.375820409674458,0,0.55825014772176,0.489131708814425,0.316934558831545,0.19135368914736,-0.382690331414742,0.348123238576685,0.428388913719341,0.413863778017746,0.553809763357231,0.205397034044349,-0.330857644707677,-0.250123290090262,-0.135287035181998,0.422971079121696,0.564224693717394,0.298854383638714,0.351230284568119,-0.424387729863901,-0.203721909821624,-0.226315518625272,0.139660428096199,-0.0827777834071817,0.285345794560714,0.113248889261883,0.232555859142699,0.323270887541544,0.329153596134008,0.313914472068759,-0.0880484205296959,0.261204764244581,-0.272428953997983,0.0208825646845068,-0.149428653536646,0.0349357478805513,-0.133910369464,-0.23554123593602,-0.262693211314034,-0.124734730727755,-0.261615754420777,0.279301369670386,0.26056631227147,0.456961658563635,0.43601037934668,0.360396666801749,0.368358077818301,0.249907677953034,-0.23335356557936,0.475074195628239,0.459442552840191,0.590490127477058,0.683900665000383,0.610752819765008,0.357105512331932,-0.204896916749307,0.376972326351198,0.0742620395909716,0.505715733142439,0.260218323195551,-0.367766849946335,-0.2174587643473,0.433895396097251,0.354453914411481,0.221798456003049,0.613516913540507,0.439077252528361,0.39210153837531,0.391981418137354,0.309513287802514,0.552457304578449,0.0345263968307321,-0.227568717816962,-0.248944352436288,-0.292518449391508,0.0467608955805988,0.202563658297972,0.166553807063505,0.41482686086641,0.369030372871582,-0.0914840728642615,0.144401883943609
-0.299372208495213,0.265018873730483,0.12762448508601,0.150605378328786,0.323763938249066,-0.0947562613760046,-0.333979351108108,-0.0543238350045333,-0.0869938570011937,-0.355384426616621,0.0270434420200119,0.17606371369701,0.522782323179042,0.73751942907986,0.819439911100825,-0.106518170927932,0.39838701160799,0.42332731036889,0.621047719913265,0.55825014772176,0,0.528656300723582,0.656641960948552,0.0659712170795215,-0.369292498664845,0.254062753136631,0.662292888469993,0.564332864181032,0.590118817499812,0.552248820007284,-0.364299969464201,-0.0674407579781122,0.00577919997113434,0.271905089867262,0.502049846225238,-0.0379361137045116,0.0494053030038315,-0.335480801302261,-0.190711503238516,-0.404644418737744,-0.135040986643617,-0.192663868675554,0.0543597127222129,0.000276145939679628,0.0816922145055653,0.552278395977905,0.576391553466655,0.4993838734219,-0.0548800226316168,0.0400276991459936,-0.161445140288537,0.161764469233897,-0.0991720875604149,0.183559809581968,-0.109444556220626,-0.0310738642612527,-0.23823707175206,-0.0725278693173399,-0.392080570430135,0.160246966068545,0.0950907940576641,0.407578478084248,0.749440770603471,0.795306371562696,0.806835532728606,0.719765944835105,-0.451510106424269,0.565695556284784,0.384983009503212,0.485647341453169,0.873143644998778,0.513814521309815,0.685343248475686,-0.342418490577276,0.288844792159127,-0.0510188181264938,0.550060344123507,0.616206501634021,-0.319340766139345,-0.00926537324599922,0.268899179969632,0.0489526789110218,0.0268944799496131,0.431656314460269,0.686271040823739,0.662472850393662,0.143062787952213,0.391404382828355,0.210977892232008,-0.165643504748371,-0.275576729491898,-0.259254032301382,-0.312675335734042,-0.0339679006849022,-0.0506258722828769,0.0856830907206815,0.597440902000742,0.611812149280365,-0.0214489389901488,-0.00115267881294895
