0,0.221168384316464,0.694958583558057,-0.307612132051636,-0.00877245264428587,0.383946443276461,0.493099696001759,0.399197936444604,0.274314516704208,0.422529512294372,0.139039795030773,0.0387663926919024,-0.186399112215443,-0.374905184725063,-0.360946971428414,0.34089879977195,-0.150596430331838,-0.195153182909284,-0.255646114065242,-0.134098870744132,-0.224381515154174,-0.347377705834926,-0.424380042760423,-0.0449303661274078,0.278977714304706,-0.170254718701502,-0.308491449594217,-0.273885552013168,0.00191641275298458,-0.447931853558893,0.176613079284498,0.0513212358725817,-0.224290598335306,-0.0939396514164927,-0.379621111995741,-0.131395920899008,-0.131766257169139,0.373746614072375,-0.0526342159334021,0.184036560441208,-0.0064407227008265,0.134526394606844,-0.211325731476398,-0.165956720890043,-0.207280320756379,-0.375469956970375,-0.389489725602724,-0.366704750463132,0.421178277890942,0.117887618577405,0.436667017092588,0.406997121723078,-0.140082180525787,-0.240633482352524,0.444148078971054,0.510263260052299,0.211740129541739,0.163129535622035,0.351283284789971,0.165963404397609,-0.0489238928126133,-0.124953665094972,-0.247652903368493,-0.344267406981641,-0.427144031874474,-0.351695600637084,0.252828457500024,-0.232856634013765,-0.215729015114328,-0.209478778323046,-0.307444920668612,-0.220102794781119,-0.351370584276913,0.20751679594443,0.00295652527314349,0.074091260435086,-0.169248462506233,-0.372805336137666,0.125419778458378,0.0762987059213183,-0.191829461481843,0.091333017005751,-0.0259387054418987,-0.217503859164413,-0.291265392162054,-0.401498329581499,-0.129631803365928,-0.150752282624259,-0.0478443681543553,0.303409936563231,-0.157627093922922,0.290422175541617,-0.122574962352403,0.139130880172958,0.0140801996600731,-0.00722380643729546,-0.315083904289625,-0.250648592538644,0.296897878129719,0.151565958082657
0.221168384316464,0,0.366124482812231,0.222052747619941,0.388675791896999,0.174018015376444,0.0612665896734122,0.250214462328789,0.197089717088124,-0.115130958984477,-0.16462323586453,-0.192791330480936,-0.142755141016666,-0.155271788201953,-0.17095991967202,0.539754526150925,-0.122827635182838,0.132990383010839,-0.0516182273524549,-0.00563156533840438,-0.0653105915678516,-0.10985960680427,-0.134919155101555,-0.145356318329289,-0.18899736728973,-0.244604965341302,-0.177623291330063,-0.295858447576914,-0.143012919575516,-0.256920385541081,0.139964169725899,0.175425964311099,0.160035904429409,0.0387876253206769,-0.142153398271829,-0.0665763780013503,-0.252748412235219,0.0591260001676724,-0.176766798023862,-0.155964347402737,-0.0664440666659535,-0.123144007590098,-0.228586035936272,-0.175526392761493,-0.0202895263849435,-0.163808266991227,-0.105068855890228,-0.138238495345401,0.0333611091639229,-0.0213913532498408,0.503409878000632,0.718159959718052,0.293660037799547,0.276246779704858,0.371401364266714,0.176607245901995,0.271777068747565,0.168814827489111,-0.150535052591147,-0.17101428590893,-0.170311390306255,-0.113004195505669,-0.205950322812216,-0.151848229731336,-0.132187881701339,-0.134815194326193,0.0838131881183818,-0.117177045192647,-0.0459164340685834,0.0816606760998434,-0.10848434038473,-0.105862475603836,-0.126591654776799,-0.113327793038287,-0.20299564991449,-0.294961244532346,-0.0822471356822958,-0.21321056697972,0.121130468643592,0.333385113066155,-0.00792517816202407,0.113660682261493,-0.0402559902393113,-0.218848805856685,-0.145950456179656,-0.124200005398874,-0.164125061613298,-0.133977424261649,0.0214960191580849,-0.0500641691308578,0.284595766140978,-0.123076432459117,-0.092243278213438,-0.122791470384335,-0.172839092656099,-0.0626616141536627,-0.0925119075229443,-0.135525659761253,-0.000629366506038417,-0.0437009916976918
0.694958583558057,0.366124482812231,0,-0.369107374075243,0.131468386550229,0.593073458374126,0.412748545483137,0.417564089231723,0.383778314864498,0.230069263560501,0.147594250860661,0.115507797152085,-0.0509080039885193,-0.234655031434692,-0.283197312395038,0.214855742201363,0.00747845686547049,-0.0797839002756488,-0.105626290864215,-0.0771746610924453,-0.147063054965975,-0.200537025503443,-0.269148606932459,-0.00309365060481852,0.164046606887585,-0.0949301784892319,-0.219812010108264,-0.214673908541177,0.0579206349231501,-0.353434548933433,0.00746560594482825,-0.117097903734101,-0.380792278935123,-0.00674727130968552,-0.272308607524687,-0.0238173560132401,-0.04256845159169,0.271780809792892,-0.0472998876872504,0.0956719279563995,0.0671111350188035,0.155030858252384,-0.129238196170131,-0.147930595643274,-0.0747152145647049,-0.29138367447061,-0.256410584875997,-0.282227059576159,0.508402827946139,0.144546301671242,0.255893749180782,0.51082564928067,-0.272140488982238,-0.299924128069998,0.626142197236636,0.654497028965671,0.114481810633717,0.29188642251484,0.244882049330867,0.178410298781927,0.0441260485744171,-0.00833536071118267,-0.0949167586620482,-0.234388932827528,-0.319371945205485,-0.249084139034069,0.197944760777898,-0.0654297667722913,-0.104622738465168,-0.126678825868805,-0.199921016544851,-0.155094291920432,-0.268013917954969,0.238422857535841,0.0598517651532019,0.134943729455892,-0.0697170695341421,-0.28783573655668,0.00116432800885579,-0.0674757602382322,-0.0540017138860044,0.135330016318918,0.0822670175229364,-0.182211627251723,-0.200199988993275,-0.309232886582084,-0.0444901244246274,-0.0995504563906373,0.0434152881184308,0.253513561008126,-0.283108449403219,0.2297201278457,-0.0939537105860903,0.0848427768038868,0.035258274666739,-0.0263080113978299,-0.229491886843324,-0.197919609380695,0.368830540143378,0.166750758421356
-0.307612132051636,0.222052747619941,-0.369107374075243,0,0.619442778197308,-0.113402713902483,-0.263677698825424,-0.117664700533765,-0.0393100346686613,-0.439830614915198,-0.0954377816220019,-0.0334753004283269,0.00995623600267344,0.346607433649862,0.431480191399225,0.265469484743697,0.034977995292678,0.322115181878678,0.286569470404969,0.271198595228559,0.371609559475489,0.261430141230943,0.423989748931205,0.014352096715136,-0.428372340913014,0.0354663706731178,0.149702120967986,0.111228064971814,0.0270507058416471,0.388846097527827,0.00714307236268721,0.359015002518655,0.585343757093062,0.0920687786794857,0.279552096692789,0.146115819193118,-0.0305179948627326,-0.215432419304493,-0.0475063939608107,-0.218893836362362,-0.119747592813968,-0.270930343706369,0.014554069105525,0.0946135307070955,0.176797149365822,0.276613676280285,0.430713722743065,0.306700256891048,-0.280512073597428,-0.0405511242010036,0.108231248568696,0.0815373807881168,0.583230591547309,0.823004995400791,0.00982835658228022,-0.247217226141943,0.214431623406422,0.0444843167309246,-0.512773328814839,-0.173458835994861,-0.0513787496651889,-0.105480280912168,0.0226998646365804,0.420560127533269,0.402450338447134,0.407797166533714,-0.0909307529639906,0.0918608366093504,0.051805211111325,0.416676912600347,0.357293666194472,0.116711890043379,0.381927493352368,-0.367161066150968,-0.0988736068384626,-0.29584598887838,0.182266402004025,0.202601197258406,-0.063801308776145,0.247728896218104,0.00956831917779283,-0.188083885104718,-0.150477963097436,-0.0309450400492845,0.251467393733198,0.421831116105809,0.00994344731805762,-0.147400308839647,0.142889154298554,-0.411230444771128,0.52405345077532,-0.400047384408151,0.103000549057899,-0.304816134134823,-0.237794181138451,-0.0384276811914484,0.293322423409606,0.237328811373829,-0.146947241350381,-0.0757257594610574
-0.00877245264428587,0.388675791896999,0.131468386550229,0.619442778197308,0,0.431482052810679,-0.138458933678048,0.259175653243646,0.420130579633207,-0.256926419291469,0.143994858003299,0.157727997283857,0.187111630095964,0.291575847627179,0.313644249250347,0.209229347532694,0.136955870785256,0.34147640256846,0.239998864705637,0.304268930185835,0.303624166091595,0.180685405456715,0.274571993465906,0.120622172324549,-0.245791396572881,0.0958568985904461,0.122089929137387,0.110635873077016,0.190063144528994,0.209451824300333,-0.115247596121047,0.142611587204021,0.213954154909991,0.137175826692815,0.178781069895691,0.241227757115034,0.0914836460645068,-0.156711221265239,-0.0243089034979967,-0.169422100357134,0.0207437937568336,-0.15934008977978,0.0253240734222585,0.106454610348728,0.254094502382082,0.17263060797673,0.281211662853694,0.2250831301534,0.0705487542246606,0.111333373444673,0.116408500146885,0.378721083279282,0.361638836956065,0.617798192070803,0.518093438397276,0.284454375252762,0.292489320265137,0.507039940366543,-0.257461858846888,0.0576471102764263,0.122265992109534,0.121976347964367,0.152702692246576,0.314274494066819,0.22241162480365,0.31083158122828,0.0260924154046064,0.151215906115103,0.0759420128251359,0.385599735745135,0.302955521723261,0.0947583231497973,0.263341783177272,-0.229267266492754,0.0435875299147879,-0.0804149629593977,0.296167688132008,0.0703073921764349,-0.143345962339677,0.0700407133211585,0.0926670559089099,-0.0128491631473372,0.0387013262547389,-0.034085266555675,0.254350954623269,0.263571674947122,0.155481763817437,-0.105487871013334,0.309560220215193,-0.183193715363545,0.202927005839347,-0.230803374452423,0.0512622561139168,-0.234962089451354,-0.181169151223355,-0.00729761973222666,0.224268921143785,0.202278606842723,0.178077994609734,0.0757887507579061
0.383946443276461,0.174018015376444,0.593073458374126,-0.113402713902483,0.431482052810679,0,0.292995604543099,0.47451904600028,0.643048734455449,0.203872243887873,0.17087831250394,0.0923524819904635,0.168052885467568,-0.0327267830037184,-0.070217384657657,0.109930594233668,0.106583766458974,0.0599068137846247,-0.0607444437673101,0.0148584506032999,-0.00316302882959745,-0.0573422992250567,-0.101588544600502,0.0283624867364972,0.147800576835915,0.0111008296997931,-0.046071374052212,-0.061815067774363,0.177554738835824,-0.14860782478781,-0.0724216575274504,-0.0649540232717682,-0.214212461971949,0.0515169370216748,-0.102053792847785,0.114888908176942,0.0446748561366461,0.140076357285372,0.0741293205598352,0.0880468438350508,0.113485926111602,0.0380642920467801,-0.0433809117302023,-0.0351092745883328,0.0569080482558626,-0.0840896076908585,-0.0782934491949164,-0.0902282096267599,0.569646148686096,0.103585793515898,0.0835267452713785,0.32142001599355,-0.12701193574078,-0.0639526565528306,0.727370371707121,0.754479933525769,0.202065467163648,0.507450043074756,0.189664121107013,0.136525833029879,0.0755181117366561,0.16398491164902,0.113185669689942,-0.04573431739527,-0.16033036632649,-0.0453564633502048,0.141057288225472,-0.0045301086221173,-0.0855748407001341,0.00334196890061763,-0.034822330351614,-0.0711155758768035,-0.102494412263192,0.0930656089419777,0.0566267987654847,0.132677950711444,0.111752553885817,-0.119150213971122,-0.0364129434118651,-0.120763894613877,-0.0167554108604943,0.0486036130322866,0.102996928839277,-0.0852504086719284,-0.0215627204847583,-0.126153086985668,0.0724925248019876,-0.0747374017705616,0.128237888029851,0.0765544371957,-0.180771020786562,0.125424506585298,0.0376648807737062,0.00339495440068311,-0.0426192912689353,-0.0722672664144661,-0.0458983158220961,-0.0687890750812208,0.448255061397937,0.0993247510155806
0.493099696001759,0.0612665896734122,0.412748545483137,-0.263677698825424,-0.138458933678048,0.292995604543099,0,0.496913593743974,0.285474443144038,0.355779025161722,0.0143657820692032,-0.0150034271791072,-0.0810243952215739,-0.241403732155286,-0.251826355293586,0.25267621216991,0.10717569337277,0.00490618425210591,-0.0933455229593454,0.0486827862090965,-0.146600526155898,-0.123269823792164,-0.244805568053394,-0.0946505420245768,0.255476576645648,-0.0830635276851736,-0.111251752897243,-0.173030181483034,0.136607303876843,-0.29843893308895,0.0222373983172244,-0.141498616828711,-0.237647463994341,0.0946483780711155,-0.147258165173024,0.0350350932513363,-0.0134706446698018,0.397119331003107,0.232080980895271,0.493046228514045,0.219482332259532,0.158525781332439,-0.0777488585720936,-0.0338848105761257,-0.0657491724160551,-0.176061217310335,-0.184641083711907,-0.20500968792889,0.55986356106865,0.227853871699936,0.241009971920554,0.289475071592729,-0.108765364603245,-0.225397343004085,0.310554869185708,0.462964778962699,0.364703649587587,0.206394001120433,0.311292810834516,0.0760952008953897,-0.0333334800699652,-0.0923250941388902,-0.102845594312552,-0.222734634716731,-0.285346094715867,-0.287116502291111,0.517644216178803,-0.0354303246620052,-0.0814772074003307,-0.129573477455106,-0.162365955844818,-0.0370347225222031,-0.160982527104925,0.47842804604939,0.0334332996898045,0.141488263884743,-0.0845140460385789,-0.237867107445336,-0.019372611345434,-0.107203929849048,-0.0991690019679507,0.0853904776742611,0.039851673322035,-0.0766741712256733,-0.0906161973037371,-0.262424766020261,-0.0715454681428404,-0.0910916897058422,0.0533081585627782,0.36525137350588,-0.242794536187441,0.217731363142762,0.149196199723239,0.109910469456338,0.109801944491655,0.0996401961965597,-0.115296286571705,-0.13720516258905,0.485326209639934,0.212598910818597
0.399197936444604,0.250214462328789,0.417564089231723,-0.117664700533765,0.259175653243646,0.47451904600028,0.496913593743974,0,0.611439112123234,0.240340875834103,0.107884824868095,0.0570261503700409,0.0728335238905005,-0.0736789845989365,-0.0930599932794719,0.201471829532873,0.30524348269786,0.365333000174267,0.0767525847529099,0.165901595285856,0.0902401453750562,0.153999981424624,-0.082652895144957,-0.0352068819400795,0.165694718065321,0.0444319654481133,-0.0685670109185052,-0.138840500730719,0.251663179272604,-0.177984663032954,-0.0844096075047156,-0.314604092911994,-0.362713161581878,0.407537539277325,0.00303501731089992,0.0988428554512051,0.0712180532426086,0.188082830452402,0.0608454464118192,0.181530034956672,0.29312452050842,0.16786307157212,0.0224340030990457,0.000431995156205119,0.0780920280287061,-0.104147159717833,-0.0860572734716043,-0.0498323130428804,0.512779664993248,0.275623347460648,0.119356754598603,0.433874951015484,-0.0986621399446879,-0.0896967687270896,0.549788789434127,0.620160965020301,0.636486212804451,0.663142715580806,0.153397666211668,0.144758504685317,0.056792363604157,0.0188674255177581,0.0690653402143793,-0.0191367091022541,-0.0822371541328066,-0.0637762403233682,0.321166924942645,0.219417829379767,0.225390055611596,0.223924589444063,0.0590208242210764,0.211151736345761,0.0561866442811763,0.319709301727784,0.0361106861462158,0.166036697141983,0.178051309931174,-0.102208802634089,-0.133309165557949,-0.275932266350007,0.0549474530145318,0.21101403732271,0.173536373875001,0.0562496212347586,0.0555723334854864,-0.099739930724592,0.110655758871996,-0.0139779417228272,0.214082044155801,0.333721480096383,-0.303152403941247,0.0740140765258021,0.0724445571410849,0.0669527564395508,0.0661212707422239,0.0587304308911984,-0.0133312246527755,-0.00839937892852639,0.476362192770562,0.258728202782121
0.274314516704208,0.197089717088124,0.383778314864498,-0.0393100346686613,0.420130579633207,0.643048734455449,0.285474443144038,0.611439112123234,0,0.237469901238372,0.0788800303366368,-0.052597841499521,0.0757794386644645,-0.0700035717565243,-0.082847249236617,0.144766586513449,0.159657402983123,0.159786361725245,-0.0359386938021237,0.0947733468442952,-0.0365203266960301,-0.00367384727740051,-0.111973595386674,-0.16919093993095,0.0420586291403619,-0.0624024186839058,-0.0710485786553854,-0.114276395323108,0.182204147053437,-0.10945002734509,0.00389817667498074,-0.102541120446217,-0.0772906521645281,0.202697586964472,-0.0300033944185628,0.0734499694303757,-0.0292920174527917,0.0733054441175111,-0.0272466100083607,0.0617283341931896,0.2048050082445,-0.0591425825043673,-0.10629347073831,-0.0581928042075032,0.0974166905277819,-0.0589993442941257,-0.092264770965705,-0.0317637914591398,0.506826578989978,0.257376803109491,0.134081062066289,0.351825469600788,-0.0454769933119213,-0.0242906293069639,0.565658591500327,0.728509731039673,0.439566657531513,0.73549051796258,0.1143152576308,0.0246185883056001,-0.0420480757866362,0.034736712585999,0.0236150640663287,-0.0750287535948161,-0.153953181401624,-0.0712388531680132,0.354336393842015,0.0321541412200106,0.00127788320522589,0.0691352857438132,-0.0404838886750194,-0.0300733108979157,-0.080554284380508,0.173221712593712,-0.0993815795544778,-0.0440434850810421,0.133127742878524,-0.189079501379025,-0.0426295761782039,-0.161605004395892,-0.129149858350972,0.18460690648336,0.0662818068952679,-0.0552800563238981,-0.0116806251538643,-0.124141662364089,0.0375054259084224,-0.103381190775918,0.228855823005504,0.177324274787277,-0.158742218912508,-0.0361320075659112,0.0460108906807412,-0.0964552810425513,-0.0762184299391719,-0.0535412421303859,-0.0552990675761452,-0.0623340624335213,0.509631464336401,0.226236362647262
0.422529512294372,-0.115130958984477,0.230069263560501,-0.439830614915198,-0.256926419291469,0.203872243887873,0.355779025161722,0.240340875834103,0.237469901238372,0,0.213767732042801,0.0439013808986499,-0.12689263779804,-0.489132675160411,-0.45229020124629,0.0593308698134057,-0.0221973093795591,-0.317461947391489,-0.400541790206038,-0.15842262846389,-0.401970680651679,-0.393613530838213,-0.515449844655521,-0.0872789467294917,0.602471955260411,-0.157151573741277,-0.31903103200565,-0.187241360940588,0.0884051123931147,-0.348430276123216,0.236748286264916,0.0121100509149038,-0.156333638584624,0.0492056269116777,-0.414674965047647,-0.251298484424252,-0.10773270968688,0.375263583338606,0.081262380126954,0.378085411502684,0.137962980558716,0.165442447353256,-0.261669549050241,-0.042797780913502,-0.304629816351481,-0.314586143646974,-0.539685897300478,-0.383702943554958,0.276419121813388,0.175664752162324,0.141167060391827,0.0850782053792466,-0.310933153728551,-0.428516792127857,0.147035019955102,0.285467146337461,0.0583699698853441,0.0628803630361852,0.630094537351823,0.265334625252738,0.0605022816924203,-0.0587124890367573,-0.20793722000669,-0.437090065130867,-0.517268221329869,-0.485947840619505,0.13894649626525,-0.249493606833347,-0.195306423067259,-0.330417117409528,-0.385998123010278,-0.29045846451523,-0.459734732014769,0.275928233549349,-0.000300564234286801,0.19548240932941,-0.209784697640386,-0.429392606005095,0.135973236943134,-0.0887662785917754,-0.326400296587153,0.0694177675049471,-0.0407168185700773,-0.134377122507779,-0.318146852419993,-0.531708304528971,-0.110596464942046,-0.13198476747126,-0.0732272902615319,0.382963330111361,-0.302644015049715,0.25534890748531,-0.0263854087053415,0.270100952143948,0.0609641923418182,-0.101602921513438,-0.342017798928355,-0.352199707849828,0.204719312247705,0.184999827548324
0.139039795030773,-0.16462323586453,0.147594250860661,-0.0954377816220019,0.143994858003299,0.17087831250394,0.0143657820692032,0.107884824868095,0.0788800303366368,0.213767732042801,0,0.793780441951275,0.453201828141996,0.296913575241275,0.287557796228919,-0.213954948250944,0.288463963064624,0.188946156584561,0.209920035839581,0.28739115765559,0.226842816138893,0.260214335019493,0.186085687430541,0.683891787272011,0.241865900198799,0.676941047010656,0.251639794232775,0.269627941785399,0.445528313782685,0.126700696357481,-0.273919190129483,-0.254112709545347,-0.367240211571332,0.109882120959756,0.19815700380137,0.354073123025072,0.410522063303999,-0.0342168632994458,0.245592952960602,0.275078728657834,0.360690788263984,0.416805225727125,0.481468962527464,0.166805222549222,0.311834012589443,0.0974016839743936,0.217340728769006,0.178751078519847,0.173944116755362,0.331880182354713,-0.130077494195869,0.0500293284765825,-0.0679689502675156,-0.00132725738080826,0.169062265487129,0.223732737867299,-0.0777294989623424,0.248144362083825,0.403139130917228,0.753519394609506,0.67186755045594,0.417971034572262,0.401313508336975,0.245785934104219,0.118881133519009,0.28674652111089,0.0969080028092418,0.223452354155696,0.181203514684005,0.183533516047636,0.301610491649733,0.218057421160275,0.251410094101235,0.210800473095772,0.642131749098777,0.573031935568484,0.433397055707979,0.262576887692216,-0.317625778589841,-0.188357138146259,0.345040050024185,0.202485754050274,0.217363954272588,0.188886905510144,0.361087757559536,0.1669631699648,0.492732375663747,0.252750370241472,0.355546407166742,0.32295818340228,-0.183758622418028,0.0745034984223822,0.164431242386314,0.23730119165009,0.362458468648723,0.357873827781197,0.261167827291233,0.274980390537423,0.261874420266442,0.368880251231439
0.0387663926919024,-0.192791330480936,0.115507797152085,-0.0334753004283269,0.157727997283857,0.0923524819904635,-0.0150034271791072,0.0570261503700409,-0.052597841499521,0.0439013808986499,0.793780441951275,0,0.527231590367174,0.413315636792317,0.393117246125441,-0.279755745583363,0.41864250532936,0.292854519424445,0.342543702847501,0.376086557602486,0.357133539266952,0.389217055430054,0.323683146447472,0.769385054584374,0.132098843679605,0.740899069807566,0.290525930900921,0.385790825754967,0.499883999147095,0.230619527195224,-0.428345051181416,-0.34321825923687,-0.419982054943875,0.19283914253973,0.285521476321255,0.439474174812346,0.522850754407464,-0.118379710484442,0.340522641790588,0.226691013000958,0.391325805271321,0.478202149408624,0.573343969407495,0.266894596810802,0.370849722220538,0.147815945389142,0.330112544403499,0.233906429332945,0.153307820712946,0.380296920185696,-0.233454968861601,-0.0390988650129704,-0.0882664654234232,0.048681987443557,0.125809424356678,0.140155951141425,-0.128203019679502,0.197018462729025,0.28079957249759,0.747262834255358,0.731397784060211,0.467647633944456,0.499927585894965,0.358348339345911,0.244737718365286,0.390905296780622,0.0232640622029641,0.359406153607337,0.326436369184304,0.275877459188421,0.409650180042111,0.347534603229946,0.376425575597499,0.186156402698877,0.717851803802845,0.648368654708914,0.517242916783423,0.360031851421027,-0.417930604605904,-0.267009929973306,0.487038412478027,0.17309291201395,0.254689693139973,0.260669385141805,0.453271333713215,0.288542911183923,0.55067972721547,0.267102398916013,0.410895617110972,0.276801054539996,-0.220324533944231,0.0604785293449681,0.196064527988075,0.146570783172048,0.349922648892018,0.395918160918065,0.344930316009745,0.336115639426978,0.2361030715989,0.402362388676764
-0.186399112215443,-0.142755141016666,-0.0509080039885193,0.00995623600267344,0.187111630095964,0.168052885467568,-0.0810243952215739,0.0728335238905005,0.0757794386644645,-0.12689263779804,0.453201828141996,0.527231590367174,0,0.580672891114979,0.469203629835954,-0.287028448372844,0.596924880822264,0.248340850134174,0.423983207287189,0.278385080663847,0.416627734240598,0.549100203240452,0.440411729327328,0.592985517664531,0.120421007266968,0.588293962098376,0.426594244807787,0.411913466721697,0.515663375449684,0.339849427091729,-0.368285744834368,-0.363081274820029,-0.378058500647522,0.180182321018212,0.474025231437445,0.401789175001666,0.509588202599783,-0.126781215560765,0.42910435255388,0.148889231466174,0.299746073153943,0.367088814965754,0.603023031262325,0.341037463530761,0.458481568460779,0.364351564220071,0.451035561742403,0.39613496777724,0.166592323767873,0.190493784038973,-0.282001861595805,-0.0412781914172415,-0.00701633812100902,0.0897993111788106,0.150339021323328,0.171786093713854,-0.0886855050607366,0.261643893688852,0.224071999430245,0.427673764469548,0.557412401298965,0.797667863828717,0.777145191387254,0.482110396142536,0.357007423329472,0.506540147519095,0.036515406978527,0.50254207159777,0.32540820895172,0.202511527726211,0.428483476725886,0.473275848637586,0.500787582213214,0.188159182504131,0.571481899415843,0.462168568114093,0.534418118186685,0.507482315142757,-0.294813366048931,-0.243178333570518,0.510311065288083,0.168976969951633,0.306352134139076,0.393042721038556,0.527904211689159,0.426941976321718,0.545448417924494,0.374483762204383,0.335599154489311,0.157984419251905,-0.141586158689743,0.0382592506184706,0.378364439000748,0.196585543099574,0.358605515042498,0.435228856795121,0.509790239489386,0.431421776180961,0.217580827861593,0.157928671320075
-0.374905184725063,-0.155271788201953,-0.234655031434692,0.346607433649862,0.291575847627179,-0.0327267830037184,-0.241403732155286,-0.0736789845989365,-0.0700035717565243,-0.489132675160411,0.296913575241275,0.413315636792317,0.580672891114979,0,0.865677357614625,-0.2660315633314,0.440166524218233,0.372393689332043,0.690820553135943,0.362195651464769,0.700343698523829,0.648841711422168,0.77385704267833,0.455017245311656,-0.233676481971422,0.522564662708423,0.564002973768563,0.496072425359334,0.403375396624075,0.627436343825273,-0.426251217436511,-0.291149637005642,-0.117049950155617,0.13081216842967,0.602595296998845,0.413905366441364,0.434940325159554,-0.361184699371812,0.240983282232807,-0.100819938976191,0.115920799483519,0.173206974194232,0.505571246354951,0.290045269578959,0.471138027153103,0.47448849689496,0.741625075290944,0.559808509394752,-0.0456366156365718,0.101702859412736,-0.33459855267665,-0.14111221838629,0.123308380150609,0.353753006607645,0.00112397426360035,-0.069685014218027,-0.09398103336561,0.126511276615991,-0.199720830108122,0.20672474744185,0.382618073131104,0.37155198777387,0.64607244127444,0.777637642168504,0.776105067208768,0.858528065021494,-0.112202893421708,0.493128000250797,0.362280566659521,0.38701432708778,0.713040099374362,0.502624725940579,0.775794979404616,-0.0792941858482862,0.399882871657978,0.208051910346977,0.578078633015868,0.714860010286044,-0.40173591078488,-0.240218140929753,0.434736477182374,-0.0399766778112159,0.138167826775653,0.287162480160005,0.695566732775899,0.731019856852363,0.481422861213809,0.306340766378151,0.300756483005276,-0.177470359123545,0.0190664400496342,-0.24668998348747,0.253001396014037,-0.0495396299686627,0.127779967729097,0.332947689917814,0.586971358912784,0.608175932350814,0.0569029606025037,0.0494782970889953
-0.360946971428414,-0.17095991967202,-0.283197312395038,0.431480191399225,0.313644249250347,-0.070217384657657,-0.251826355293586,-0.0930599932794719,-0.082847249236617,-0.45229020124629,0.287557796228919,0.393117246125441,0.469203629835954,0.865677357614625,0,-0.238758911037229,0.363554714014345,0.373977822035181,0.622805795140038,0.418544682362103,0.750329271458427,0.616806435063563,0.763872989406563,0.442885824523368,-0.196922585219374,0.515838034085066,0.583736990871226,0.58762481292156,0.45385271860653,0.705013043044472,-0.40846620660179,-0.207373841912932,-0.0422426032360333,0.15147189138741,0.60348942895698,0.385977816708636,0.385960468114109,-0.348960568124063,0.197349420490421,-0.0951552370382338,0.0987097991421306,0.108962014611568,0.452710347507115,0.342471788534847,0.422201474409934,0.503582856170156,0.742488896129132,0.614673230955981,-0.0958396248916348,0.0618856782154716,-0.345190139214258,-0.157093655390917,0.148612214865185,0.410539934482512,-0.0429539702520365,-0.129739786073986,-0.0654952215244931,0.0997274480102358,-0.231046881616784,0.201945154392984,0.358104259670958,0.27078853158811,0.599651019596512,0.797093236721686,0.817843772098643,0.902909094429019,-0.146636113271914,0.432920694314798,0.347346095480545,0.442932567884739,0.755982387781216,0.484659223017807,0.778731462227161,-0.120518213729963,0.37513525491154,0.192454472413118,0.605954507567582,0.723264914804202,-0.414908260479921,-0.236077847782709,0.384100368454265,-0.130871327935784,0.0248350166956224,0.287790047715521,0.697584109250066,0.769257512343002,0.438326431440499,0.286326624040243,0.266715534323803,-0.232645230032577,0.0311727430357376,-0.252573909756968,0.235839922385154,-0.0828091212961332,0.053356332645218,0.272636656123179,0.581635389822296,0.647320699773718,0.0265919060713914,0.0275747941794572
0.34089879977195,0.539754526150925,0.214855742201363,0.265469484743697,0.209229347532694,0.109930594233668,0.25267621216991,0.201471829532873,0.144766586513449,0.0593308698134057,-0.213954948250944,-0.279755745583363,-0.287028448372844,-0.2660315633314,-0.238758911037229,0,-0.0983879018583782,0.0289897721681229,-0.0674313253122674,-0.0248715576593983,-0.103057533483335,-0.190441534278647,-0.221291190210301,-0.291338167830348,-0.158524029276665,-0.350478988434752,-0.296771575909473,-0.308262970918846,-0.170372315264633,-0.294817579122138,0.176417919157996,0.381447263900467,0.372775755778055,0.12223412159981,-0.210375503783767,-0.218499839700702,-0.284134119629217,0.164649559432707,-0.107082485321198,0.039036426789252,-0.0567152569171381,-0.205965194615502,-0.258680493029089,-0.26195680033374,-0.154874490723874,-0.207281435446363,-0.184741607040756,-0.255158224651209,0.0562536266258532,-0.00576861972191382,0.619194246392746,0.556669545567812,0.427154429077745,0.302855448468582,0.154324571343898,0.0925647725048115,0.296390667135881,0.0538857970378067,-0.0967474052036129,-0.162354290642728,-0.239766313015727,-0.270371891514873,-0.354123964645216,-0.174787682436191,-0.193753945409391,-0.24619317917135,0.153099213708694,-0.109358106884253,-0.0949682000124209,0.0176480091082447,-0.155789676193916,-0.150581554927452,-0.212355466106956,-0.00996295056933074,-0.250716551874498,-0.309511846517398,-0.244756664026689,-0.316445173626041,0.0557927144693658,0.382982250794274,-0.240138385173205,-0.0520396842832323,-0.224536538639321,-0.26091804153649,-0.277700186940982,-0.213695354587724,-0.295578429411208,-0.291512269410956,-0.0462967974109793,-0.0334193154209688,0.299664068964415,-0.0440657959361774,0.0251157365097295,-0.169994120656082,-0.164863471062063,-0.183676210702598,-0.17113497073276,-0.29801747376336,-0.0476965028285419,-0.0332096603151529
-0.150596430331838,-0.122827635182838,0.00747845686547049,0.034977995292678,0.136955870785256,0.106583766458974,0.10717569337277,0.30524348269786,0.159657402983123,-0.0221973093795591,0.288463963064624,0.41864250532936,0.596924880822264,0.440166524218233,0.363554714014345,-0.0983879018583782,0,0.379440187682652,0.649379168600438,0.335313947758343,0.479975900033687,0.572753241550224,0.384376849630791,0.387230637531915,0.0477172713629653,0.407253845416044,0.245967803381072,0.272253138570671,0.597539546976356,0.265283288128178,-0.357072172971066,-0.326339349141533,-0.322602409199474,0.55678752781427,0.424138394622206,0.219489126676502,0.497899697029399,-0.00772066174779358,0.371499136185237,0.161807422382843,0.413768412328408,0.266934094693372,0.480096832769957,0.321694707714904,0.339708818025031,0.28719009463904,0.321565895947483,0.24033473514055,0.271930383610384,0.271660256308517,-0.307349123364799,0.0207053533883051,-0.0665450521065663,0.0289182555464437,0.103350868019935,0.212761674608101,0.174639927595619,0.331192464147546,0.0556269098246534,0.267683457728069,0.373888466217079,0.386243190307429,0.547023795793037,0.483794206302925,0.374361384705054,0.366904942270445,0.0548986584252367,0.728804163104276,0.583146035505155,0.307075648826293,0.454680546129845,0.559693558396578,0.455978056421958,0.248117248140149,0.39445892967481,0.365046864232399,0.505091521813377,0.262955251661933,-0.371652600032859,-0.34390286106252,0.393178360257024,0.17355708490037,0.239322705186328,0.432298753457677,0.410581058575948,0.337412944346326,0.505453802968143,0.132807269229718,0.273767130644554,0.153133521228468,-0.248928495945629,0.0719299026097562,0.373951875958305,0.0964307547609549,0.247629000485882,0.255303920175209,0.388902439220699,0.245840652257115,0.293409756695233,0.207867573500037
-0.195153182909284,0.132990383010839,-0.0797839002756488,0.322115181878678,0.34147640256846,0.0599068137846247,0.00490618425210591,0.365333000174267,0.159786361725245,-0.317461947391489,0.188946156584561,0.292854519424445,0.248340850134174,0.372393689332043,0.373977822035181,0.0289897721681229,0.379440187682652,0,0.432706820097796,0.644834191213689,0.53460400545036,0.54555739145318,0.425678292862688,0.244140330357839,-0.25263866503115,0.379610770439656,0.303384642425315,0.129683379638663,0.354327970848765,0.23163537498663,-0.285189809087519,-0.334039647294596,-0.183859869697672,0.624435041744344,0.483918461865112,0.546746005378029,0.292178148375397,-0.250203474965635,0.0487004170492543,-0.00380080085140798,0.430167057297974,0.198073878950648,0.350348521384488,0.1141043205544,0.379622969252364,0.197280063378466,0.372150271005399,0.315427353179778,0.101384655767688,0.352442659664347,-0.135440666642951,0.162163547867978,0.248489751372499,0.335930009861105,0.135964660837763,0.158285786607718,0.434328902323705,0.447119312405242,-0.163172377242797,0.141334895988734,0.23162154430639,0.171907511961724,0.346345715756269,0.400120635468157,0.410235920256496,0.397668563513506,0.150152798270472,0.425349517831653,0.594865203734924,0.816242804878664,0.610551156570805,0.505043159409567,0.523922266980933,0.088831232564984,0.21440208010403,0.189833556763118,0.503311752594469,0.310123016079123,-0.290951564762374,-0.219202146100413,0.424579079162465,0.313010253116258,0.286816429522071,0.350435975902457,0.463705144358906,0.394411857685504,0.332501153987209,0.143355842587961,0.556148167852943,0.0744557106026223,0.0450402479753664,-0.254394803445079,0.140705776346256,-0.0678843319064174,0.100141996742113,0.215391274740233,0.362495735933901,0.305710352553987,0.214577424869972,0.293731562391095
-0.255646114065242,-0.0516182273524549,-0.105626290864215,0.286569470404969,0.239998864705637,-0.0607444437673101,-0.0933455229593454,0.0767525847529099,-0.0359386938021237,-0.400541790206038,0.209920035839581,0.342543702847501,0.423983207287189,0.690820553135943,0.622805795140038,-0.0674313253122674,0.649379168600438,0.432706820097796,0,0.363687266859381,0.690194887811723,0.562887864041422,0.573570387499463,0.332241996931074,-0.232575385596316,0.364388127092367,0.343989988838453,0.296308347781321,0.451248907816972,0.3859760457697,-0.366547537719489,-0.239392962005135,-0.096515897182311,0.336254073959524,0.482548123706204,0.26042465905891,0.442143170214306,-0.197330726960775,0.223756135947849,-0.0335654467762236,0.210666530925023,0.171505818868734,0.424318553353714,0.159429634879855,0.344249632480937,0.322556165935998,0.506141953190098,0.309623065960393,0.0497358501553304,0.150695782190545,-0.23863761548677,-0.0100989778826849,0.11294681051732,0.262698668566459,0.0211627133784212,-0.030022335974013,0.0633543088973831,0.194063617172288,-0.219184992866975,0.114148873640739,0.245678850545059,0.243460228807723,0.486880497477938,0.646983928872125,0.666992839627716,0.601368425331885,-0.0947775053754076,0.714022710444043,0.524675154362736,0.440682543857689,0.630937132666255,0.549748045207277,0.597097859152757,0.0152378301175436,0.266745076209692,0.182995228775426,0.521020533455705,0.459359873890956,-0.372998689290722,-0.211402043803043,0.356328093007958,-0.00644594006648025,0.0803138219204429,0.267608379629506,0.491648575933445,0.535680758700729,0.446838283115346,0.175341600764129,0.221439923853825,-0.123500167996831,-0.0120244524812779,-0.140085707145,0.253948136946282,-0.0620618011629454,0.0906190471563796,0.212052107151584,0.422388700819544,0.346075435663196,0.1128959627914,0.0614033703076407
-0.134098870744132,-0.00563156533840438,-0.0771746610924453,0.271198595228559,0.304268930185835,0.0148584506032999,0.0486827862090965,0.165901595285856,0.0947733468442952,-0.15842262846389,0.28739115765559,0.376086557602486,0.278385080663847,0.362195651464769,0.418544682362103,-0.0248715576593983,0.335313947758343,0.644834191213689,0.363687266859381,0,0.520487077732768,0.377476420496431,0.391347579964615,0.327782133412731,-0.159357955823009,0.357816626465712,0.377164557796277,0.335024771876465,0.584740226398502,0.290579207836662,-0.322977288804767,-0.275189304789856,-0.167680798467907,0.490032081952669,0.413320889413438,0.457013176891402,0.321439173361353,-0.229910446603048,0.0644186786777913,0.0783977000792597,0.330755014492206,0.17081347973901,0.272392628100081,0.250121454225701,0.333462867787642,0.247181937733435,0.358514435911914,0.402825956837656,0.0488636803677333,0.396955824565101,-0.130163129537204,0.0898295191047569,0.146909489296039,0.299853076715647,0.122304689478796,0.0870872758526814,0.167643490183217,0.34691766761571,-0.0617768773687241,0.294392156708212,0.335787368790018,0.222132770467065,0.360714038789503,0.392510465717193,0.347825670577389,0.397867162197847,0.118613817725505,0.358347358683893,0.513990565198033,0.726277311493845,0.693709331600988,0.434704663874219,0.501644668512264,0.0496793150841376,0.321557968687303,0.24963281456777,0.636882744257885,0.311284664176505,-0.420240824225072,-0.244505464636116,0.38912237493881,0.238259710717306,0.0654627231579213,0.33948936456912,0.527094166627673,0.363398768800257,0.346845597877552,0.242582899386272,0.626767942153254,0.0951334557832396,-0.0713403293018097,-0.150029947533666,0.0870152467971427,-0.132377691589823,0.0152087823614547,0.302268901589351,0.399179662154706,0.399844249545725,0.190870399650521,0.364230673519933
-0.224381515154174,-0.0653105915678516,-0.147063054965975,0.371609559475489,0.303624166091595,-0.00316302882959745,-0.146600526155898,0.0902401453750562,-0.0365203266960301,-0.401970680651679,0.226842816138893,0.357133539266952,0.416627734240598,0.700343698523829,0.750329271458427,-0.103057533483335,0.479975900033687,0.53460400545036,0.690194887811723,0.520487077732768,0,0.579008431770192,0.669977076076562,0.396292332499132,-0.152892315280182,0.460406696171193,0.418831151451577,0.397990433402486,0.50122529419099,0.468694112400967,-0.387608399061453,-0.232233862671962,-0.15357020908876,0.345484578870464,0.500324539166941,0.387784414719491,0.351516465903618,-0.232333256177488,0.184294047263001,-0.0960203779952255,0.164180419263449,0.176227579996709,0.388465683649008,0.220007700250546,0.372849024282919,0.334332949361392,0.563042878681229,0.419064504111742,-0.0151493464652617,0.10749357382967,-0.232176571786372,0.0104413947793835,0.237640413298937,0.398148417356726,0.0480916745950641,-0.0283190333500117,0.137176912447555,0.229917987754339,-0.204236752346591,0.150788648925726,0.274458264128058,0.213660191177887,0.516427959984115,0.664466434389979,0.734839915597281,0.731684701394303,-0.112152179679452,0.553758747149023,0.554543077644298,0.590029935934148,0.823570113714265,0.529416023041177,0.716827961851606,-0.0487092811319299,0.329743047694874,0.220043007708301,0.622774054036968,0.528278486125089,-0.403925741603268,-0.189224258409022,0.430648837880623,-0.0131130745166058,0.0466017087003224,0.267048205839816,0.579912559408571,0.602698226068011,0.418702544112695,0.187251384658564,0.297511360169489,-0.150080719159637,0.0360101942023384,-0.127204750949232,0.239143055903799,-0.0967580863555878,0.0472330811615442,0.212504062613561,0.460013731021234,0.450952646599801,0.038631112328251,0.0425444590471129
