0,0.274957621624256,0.504334203022396,-0.000206783417434098,-0.0829088943637465,0.240893422804847,0.0898095688758472,-0.049640165140277,-0.0907365024934735,-0.0883101553912097,0.0775246379061781,0.181845796847187,-0.20187707494498,-0.110561378407989,-0.076636277756037,0.227089398199914,-0.22518955839327,-0.110222134877782,-0.202620116369128,-0.123585759902288,-0.00323698391783474,-0.290942513670815,-0.0803701303497883,-0.150637163262143,0.517914388441918,0.24242598653482,-0.194810955149968,-0.228535900837382,-0.0970099157243166,-0.217318196527083,-0.120883210459148,0.135744462971539,-0.0486554206321342,-0.166145145504181,-0.232940267998582,-0.102988436672505,-0.210252488928796,0.262700257877588,-0.107389867499544,0.0261082196105647,-0.0757281922660519,0.395153599603477,0.111695120480516,0.0619299141921811,-0.110316752946891,-0.323854718433846,-0.218493793848955,-0.156678770497242,0.243681493190057,-0.191234575093195,0.423994783907828,0.524019985608768,0.284999593567042,0.0557610619489571,0.0648843405831229,0.266308342836343,-0.0232171567478087,-0.071331722629915,-0.141205430934928,0.0477524380669768,-0.00350351455010762,-0.20514666288392,-0.280716144836553,-0.139306114792261,-0.0436668914814197,-0.0504132723149321,0.0465949755243008,-0.213694683687121,-0.130941682957858,-0.107852458593842,-0.0403465751086483,-0.269424946103928,-0.110029023395618,-0.0501909128598272,-0.199904130341621,0.330871747605518,-0.11717465823065,-0.224667939756315,-0.00624718978823085,0.0515758363000516,-0.0734230128579486,-0.0452145748661979,-0.0601370084507278,-0.178733721071486,-0.24760017425152,-0.306036007278731,-0.115255737649501,-0.281940890803041,-0.111686758076703,0.00565026666175372,0.0320279690121467,0.290835592404948,0.0228029074834754,0.356313872797437,0.141065420271031,-0.0880279442079074,-0.269350886582595,-0.152086090705045,0.217521693736168,-0.2101443404329
0.274957621624256,0,0.269494502985007,0.513336015351828,0.586079523917193,0.159313891443944,0.041849254732516,0.174628961956721,-0.0728536649430756,-0.143087936621684,-0.144900981467945,-3.68966934349473e-05,-0.0549758012534795,-0.0114689904113261,-0.0163276068387174,0.577145056706243,-0.0699889020195731,0.13523850029093,0.0131657038627153,-0.0776482640681001,0.154518387857348,-0.287375944494011,0.03545726274916,-0.225271399746936,0.0635660021963775,-0.105663418987626,-0.270287006650265,-0.291290678533791,-0.0781026090353641,-0.272961383521236,0.16676599557841,0.42590055551194,0.343809206208103,-0.0406009993032246,-0.305846289492812,-0.0307773545959084,-0.318308504280752,0.333861614640645,-0.0362067213026936,-0.170840649420383,-0.232557827457538,0.0612353986513082,-0.28264965561727,-0.0592287404905576,-0.207729794580279,-0.229585497894244,-0.243912560000495,-0.11911401458362,-0.00585142209879819,-0.319595911037094,0.483089273806685,0.619306676266285,0.523665642386911,0.55237409265622,0.196458420188184,0.0699461194056492,0.14697242989562,0.0543814707285603,-0.219588729270794,-0.134684800642223,-0.0627061275524092,-0.00933892990411323,-0.300024271799191,-0.189853828772597,0.0884378804687398,-0.00210192972753986,-0.114437348850355,-0.0478326390292477,-0.0582999579197505,0.0892123668776378,0.051646236852444,-0.294474125319197,-0.0503415995421875,-0.135681873024745,-0.0997955936251379,-0.057607546773443,-0.160164121744903,-0.170865731203173,0.195386448125823,0.397836752737269,-0.136665370824132,-0.264894757876112,-0.289099563722307,-0.229129412840036,-0.314935535538234,-0.384364963076354,-0.202172105389955,-0.253106765389941,-0.149818081496069,-0.247827177660383,0.284688809163078,-0.0269376381287627,-0.0933233442279922,0.0614215614647034,-0.23426461718825,-0.153049623548555,-0.296914767716734,-0.187662116916065,0.0363325927599978,-0.377420667057414
0.504334203022396,0.269494502985007,0,-0.243850420294815,0.0504258841962089,0.623199433205368,0.431631033880875,0.308093203899127,0.240541689444463,-0.0609147736399788,0.280456526303274,0.356968964092176,0.0409821842657466,-0.096465707716599,-0.156985957624326,0.0282416192922856,-0.0254791226956524,-0.0178970471300091,-0.0362366605154622,-0.0931196714695668,-0.0351919604811399,-0.11523807383531,-0.103018139790722,0.0685235620286805,0.437430827865248,0.462829164636561,-0.0506062330402158,-0.0789467306161498,-0.00178521982367478,-0.241188415152288,-0.26584741510477,-0.174473053588177,-0.366172929400253,-0.0845342712688665,-0.0798594565686483,-0.0607308491886177,-0.0687158919067407,0.0178953610662676,-0.211305878006245,0.266127902903632,0.0181914496948772,0.239749381395863,0.284620971570412,0.031675347513828,-0.0734518685603665,-0.256101539447288,-0.302475516919773,-0.157536352961452,0.482425449411347,-0.131119319749524,0.00812951942190793,0.649083938587656,0.203946511192028,-0.149386655135658,0.480139552531809,0.701791829308684,0.32523575953136,0.264818989431235,0.0156851787779304,0.270543308809455,0.171053300811744,-0.0325689361676676,-0.216179667499034,-0.0396500306418779,-0.098324070172375,-0.17097874804069,0.261980607951436,-0.0545081113576492,-0.0758771192069834,-0.0802823674745515,-0.0765703062237376,-0.0453353123001297,-0.0946581974974671,0.21972274606942,-0.0618457625755836,0.414333477745496,0.0244805066715297,-0.220896783651331,-0.268081087874766,-0.25711872414699,-0.0698486574081326,-0.102524476573448,0.073274324832416,0.0341924268986369,-0.161118161335773,-0.332820911558542,0.0211675681819344,-0.111911739802036,-0.119063912191764,0.13391048753928,-0.350000535357035,0.341482055076644,-0.0249251763381252,0.249856967453333,0.236881440814947,0.00603773034866573,-0.179562747448975,-0.218749837490692,0.349812713319514,-0.103196854255845
-0.000206783417434098,0.513336015351828,-0.243850420294815,0,0.407322287538026,-0.179216815670258,-0.20311363202695,-0.206732061948444,-0.433263734703425,-0.127507288467147,-0.18946821737808,-0.179390311445581,0.0268738587477074,0.193212982572089,0.259251950778481,0.522640966984778,0.0321647722617743,0.16838125890095,0.137560525367454,0.0912010458128868,0.348527880776373,-0.128338600039618,0.275972533594848,-0.198362530918572,0.0529076095452242,-0.282706747579914,-0.145447400215185,-0.10450633787258,0.0443552787218309,-0.0929852845036793,0.460279437486482,0.713969019081091,0.742650574388612,0.181335577280689,-0.219656965401574,0.0428246073136347,-0.0969353299914141,0.454232505536842,0.143023304094574,-0.326281675201265,-0.141877214244299,-0.043322763258155,-0.415147534443546,-0.0932185142940438,-0.152638307409645,0.0363397132891681,0.14038928332054,0.052326712914188,-0.269977383789149,-0.0670100877190837,0.634256156659088,0.146004085322186,0.480321313032483,0.87773486977186,-0.234345168105247,-0.324824911998087,-0.170271437813492,-0.29294743248523,-0.288483816532968,-0.1368032727304,-0.127416644813629,0.104899010577971,-0.196594808915408,-0.297567276817362,0.317943562046481,0.341820228543127,-0.306761102676069,0.106361626470153,0.17472203388552,0.199246948916295,0.24715105168234,-0.197027827074228,-0.0115848774715655,-0.346827800575525,-0.00623662782173392,-0.228478031599996,0.0077916853871247,0.0998728893576457,0.42959607929452,0.786974614796473,0.0833126344831283,0.0144538763878059,-0.297524923140339,-0.186622562165528,-0.133456358988286,-0.154489155956894,-0.140250748863776,-0.0731479570525958,0.144550717774985,-0.212400991455895,0.633253592043355,-0.108088526228023,-0.00377777094367607,-0.110611230148975,-0.397675423446556,-0.12306698451226,-0.100963393287785,0.0883485273631319,-0.165816493854694,-0.22829024058034
-0.0829088943637465,0.586079523917193,0.0504258841962089,0.407322287538026,0,0.309325750444755,0.158126289325158,0.348345482348621,0.148626014906222,-0.0733914905544957,-0.110288643229978,-0.108739185221293,0.054413725553015,0.0155586789208982,-0.0935686463026904,0.22212959835422,0.0142248395780441,0.199956103109892,0.0786511664647983,-0.0480551378447836,0.0545026958921594,-0.0512506887372039,0.00615410532432654,-0.0689590821929883,-0.174850298303028,-0.103014148462113,-0.0441177587031069,-0.121317890402388,-0.0069438080238419,-0.155926947272861,0.0514302440683164,0.136645542117264,0.172678747215208,0.131916677884481,-0.0560013929956665,0.138725636874458,-0.170255252085489,0.0671961351724543,-0.0127306280553576,-0.0293280408890176,-0.0107405370177009,-0.124765593656975,-0.191568369591237,-0.110026250710969,-0.0246076187299815,-0.154752120925759,-0.126138917550675,-0.0333749553858354,0.0420981924651952,-0.118984095002712,0.149260140150525,0.276325024463028,0.201475308272243,0.491112476048836,0.486390805262215,0.0866203990141998,0.325698305394279,0.246396690650164,-0.0811446150413786,-0.117677945325158,-0.110040431414905,0.0840011987942061,-0.139879680292019,-0.0586628050653157,0.0606830473872322,-0.0595755971936677,0.00156068867031682,0.0303248388731319,0.0554916199651592,0.115946219479,-0.0256485313945878,-0.0963876251653248,-0.0125413395756926,-0.0527671399993622,-0.0554039395196543,-0.138255903017651,-0.0372648016466763,-0.0985064310851423,0.0343648150441062,0.158202090368266,-0.0697888673837774,-0.156136790205272,-0.102815900362919,-0.090391284249046,-0.116836195163143,-0.184435286583498,-0.0873776135190865,-0.0931687172132479,-0.0379372596156751,-0.167539702777308,0.0864292455598437,-0.236920743403702,-0.113154374550218,-0.0123203183277822,-0.145361355791236,-0.151273415792725,-0.211428392615841,-0.148043861067001,0.070281587901897,-0.159903193603688
0.240893422804847,0.159313891443944,0.623199433205368,-0.179216815670258,0.309325750444755,0,0.546050634768838,0.49509954613584,0.471529747664697,0.0599055874477637,0.268999369398447,0.280512911258296,0.0989137667904572,-0.00643926094530729,-0.158450227403362,-0.0986320772990358,0.0635850845321801,0.0691208324638947,0.0241544202122882,-0.0219306525243752,-0.0178622325784933,-0.0586683773385634,-0.0892279294439539,0.169741017546959,0.304796395489485,0.390084027908379,0.0101310768764183,-0.0367349012829022,0.0471719653737379,-0.257915624872656,-0.248280562004427,-0.263306918428252,-0.350338996073884,-0.01135213367117,-0.017881520043302,0.115233475721804,-0.01745327044167,-0.135031461314392,-0.110871014924981,0.37287178898603,0.0664127482478793,0.0708415179370143,0.273764864460882,0.0423807135357339,-0.00260098663624404,-0.254234571310057,-0.289946115954462,-0.137954500022086,0.7096273641572,-0.00206242554023086,-0.111187051394154,0.416946078919961,0.049541883759025,-0.0858112530011286,0.748240065085909,0.793946000797911,0.458223134260318,0.467820054410096,0.0898358125034226,0.255593474496264,0.178905532523964,0.103841408042201,-0.102359103597076,0.0785610146210788,0.01433788053602,-0.153829628993969,0.251909593652788,0.0419067324455526,0.03915932975112,0.00605661542014957,-0.044717949617256,0.0355912526661644,-0.00796294466986391,0.241391246600658,0.0393099618608689,0.337625283732829,0.0922997796348322,-0.171399920662352,-0.267215234304494,-0.286584422587088,-0.00575381344087222,-0.0416629335449729,0.13813644449602,0.112850196761979,-0.0291992002117308,-0.207269692498793,0.0499855592046209,-0.0636670799004371,0.00069392601432777,0.084948112773624,-0.363953576519043,0.2036867712293,0.0650742814337641,0.1152522782895,0.237018190258577,0.0221510251041187,-0.191019236227303,-0.190831072926937,0.592005126276477,0.0246947312582491
0.0898095688758472,0.041849254732516,0.431631033880875,-0.20311363202695,0.158126289325158,0.546050634768838,0,0.620350355531039,0.417794614198541,0.254477640410157,0.19863358553791,0.255168503829038,0.0872025082557378,-0.189258596828636,-0.269152492349552,-0.0320691307357206,0.00748305089483516,-0.013954363087003,-0.0482827977860041,-0.0445014206971078,-0.120224231562769,0.0801525265962944,-0.197194971437056,0.271581113557325,0.131755767096478,0.283458500816772,0.0110556011622598,-0.0467466035104395,-0.0450938799264649,-0.31607963665263,-0.243615114605871,-0.403506948411052,-0.47548866436369,-0.0124560313546984,0.21534427793349,0.00566289463660494,0.0180837863911397,-0.0349864481944167,0.0853619761842658,0.746717681488116,0.267940236057887,0.130036522446183,0.486752477380311,0.274506412083565,0.215607035861174,-0.151405424456651,-0.275012930244246,-0.187894268091139,0.552381949774731,0.0174685149818263,-0.242770451223208,0.289643155070969,0.128904006107772,-0.154995366168222,0.528215092330926,0.585038322394996,0.646214383986833,0.344485551361143,0.330314179960084,0.235922728552481,0.111070500332992,0.0288466511750238,-0.172883204893506,-0.106739235663946,-0.129523578150904,-0.264704103485039,0.643553514908168,-0.0551434193637539,-0.0707102275153876,-0.121298403986837,-0.151127890868149,0.0438980064992522,-0.16606160426368,0.54976496164437,0.0377240116691735,0.164132804370101,-0.0330260678976549,-0.275191417439069,-0.248907915797031,-0.379932114749096,-0.153598579940173,-0.0592963952069799,0.352552371989858,0.235692137004747,-0.123161957549472,-0.230096485539728,0.10007962450159,-0.0339934514565489,-0.0965412006952093,0.205834084798129,-0.378220987292194,0.252719626687749,0.189238483106552,0.0956882553740615,0.370670443882807,0.29082620252543,-0.106690421119117,-0.188601113277434,0.364976685435961,0.104321184238293
-0.049640165140277,0.174628961956721,0.308093203899127,-0.206732061948444,0.348345482348621,0.49509954613584,0.620350355531039,0,0.706169365939162,0.0957278146434457,0.255695475126434,0.292209196599712,0.215541782015665,-0.112169379001714,-0.229620043772727,-0.137439530954221,0.182360039981281,0.352535909125728,0.129345020028973,0.0451320379109502,-0.0301282217634356,0.170723795434102,-0.0991617446951785,0.329562111324948,-0.174896933332084,0.245965827755763,0.120467867487694,0.0897449547748047,0.0935397651282783,-0.243530411636981,-0.298935606661106,-0.400461957627416,-0.437189343897876,0.179154345341896,0.334391109135516,0.297427932753305,0.106646779363512,-0.291801539110415,-0.123431976605112,0.418965008809801,0.373517602535336,-0.0547020591394861,0.332607436812141,0.227141541519001,0.239478715253614,-0.071448327869651,-0.2402988710177,-0.0531147993221906,0.461666597468729,0.114933880935701,-0.376288929054593,0.192464207353662,-0.0439223847843671,-0.160199627107143,0.623950051803258,0.542674338027801,0.789074386053657,0.746404836800893,0.276722440802434,0.223993679819078,0.188998026582284,0.121136177557761,-0.0852345628110493,0.0172923226162973,-0.0283413116870698,-0.220237384889643,0.423546014351302,0.120233792714236,0.116081271945462,0.197594802063347,-0.0717142538182326,0.15094327788116,0.103307417274975,0.404300861023275,0.16549931469305,0.147399944575427,0.0834947379979121,-0.166556057898267,-0.315629100958416,-0.397432849487759,-0.0997927484860748,-0.00803074075937938,0.291216467552998,0.29405233372652,-0.00995945241868841,-0.111684976404972,0.215976169463545,0.102973458856686,0.0431946512914775,0.146404842191773,-0.410620573233968,-0.034328626325976,-0.0162163329596493,0.00115544498140314,0.247393699577377,0.196563689311792,-0.0568752734147,-0.128137633632706,0.39740347570949,0.185835282409704
-0.0907365024934735,-0.0728536649430756,0.240541689444463,-0.433263734703425,0.148626014906222,0.471529747664697,0.417794614198541,0.706169365939162,0,0.179750801471442,0.393862932222981,0.361778573933406,0.248722747069475,-0.0749768788367165,-0.196816093321497,-0.357027383774513,0.135891871413812,0.187755321787543,0.072876896556393,0.0572758137974457,-0.105611275532371,0.235839719732381,-0.138340982494533,0.390857755054841,-0.178349137923355,0.343603032624062,0.256575779030205,0.233740720081184,0.131697012432543,-0.10160867966988,-0.384690104606158,-0.444297381874884,-0.478978893093248,0.0967586623360809,0.392958830950131,0.390365267050495,0.246978935164846,-0.40493526806896,-0.14993563180847,0.379395220275226,0.348849323473023,-0.00560909552889322,0.345003293146289,0.240301236088676,0.300946460109357,0.00636415018953419,-0.190050486718194,-0.0143993447288058,0.463359554884398,0.234572522941226,-0.488465348590811,-0.0306282658460161,-0.30501211293573,-0.384797125277661,0.565913739765609,0.553667714738338,0.553831561720177,0.797096027455742,0.378013607807948,0.320110000442614,0.333552594670318,0.127519316222462,0.0304714829779784,0.0849019888728704,-0.0886542918501496,-0.20523719100272,0.406496825407319,0.0688465600155857,0.0231318983138216,0.0595438985503475,-0.0882518945411888,0.25775789432458,0.0827267173676665,0.491289738546641,0.228538684208066,0.254327544769501,0.141302971026245,-0.047426242197217,-0.36562656061795,-0.497509776443622,-0.123487230913815,-0.0321042726151389,0.299729733334132,0.323353233958127,0.137029563058678,-0.0264915954050436,0.373087424206214,0.218871073523472,0.108473395996419,0.248741321691527,-0.511055009939782,-0.0917629517609483,-0.0498775726446215,0.0584161994622549,0.369542900094811,0.234404642708848,0.052307784786854,-0.080648529405001,0.442079976297618,0.373425480684229
-0.0883101553912097,-0.143087936621684,-0.0609147736399788,-0.127507288467147,-0.0733914905544957,0.0599055874477637,0.254477640410157,0.0957278146434457,0.179750801471442,0,0.160752825258267,0.38114455885718,-0.207965305810736,-0.40228890268685,-0.369774855206259,-0.0158235568566014,-0.21557395350974,-0.44552316273144,-0.287045479072461,-0.314040369243332,-0.342246828146152,0.0146229114314013,-0.377759779358987,0.204411540691043,0.137324370108217,0.149049452082818,-0.13962640447588,-0.122616292949354,-0.318664460103087,-0.212703404182678,0.0500583143759984,-0.126269249017669,-0.0960291044470451,-0.291490719180342,0.131985157559591,-0.135178098964399,0.0425859601599436,0.192139903150652,0.568669059309483,0.500672179812478,0.0275736780437144,0.124792586418823,0.332975005394022,0.408299193489877,0.243571143615103,-0.212333910451362,-0.197156419449744,-0.351973296396761,0.131025512615024,-0.188880525925394,-0.0248646473613267,-0.00738660936145568,-0.0888271709099014,-0.136425536944115,0.14130773417379,0.114105087365324,0.0725655730108345,-0.0173319662857839,0.790860687837592,0.0492369489238989,0.407342517177411,-0.182093640358857,-0.0976966600015318,-0.201076225517655,-0.34275669121205,-0.339714112104863,0.396571537105218,-0.327437858318858,-0.334042730218941,-0.468660838092895,-0.354099677822688,0.0322205334955547,-0.395497742676804,0.493841239298884,0.135241271463535,0.280090546754335,-0.275507645645231,-0.275197311699451,0.0124971293151831,-0.108676812616384,-0.214996440336439,-0.21670814806196,0.321956110619256,0.207698026702012,-0.0396001434816889,-0.0940095902922997,0.132023209942305,-0.107177653301324,-0.211041430312301,0.0703756166057847,0.0758528486942639,0.351800071032913,0.598460743437195,0.0646834178736666,0.49422055932519,0.424262446055717,-0.220588853212996,-0.24569814629853,0.214280968133238,0.0354746167226514
0.0775246379061781,-0.144900981467945,0.280456526303274,-0.18946821737808,-0.110288643229978,0.268999369398447,0.19863358553791,0.255695475126434,0.393862932222981,0.160752825258267,0,0.595736132904074,0.345990147259622,-0.0393742409697557,-0.097411739439464,-0.202905297803239,0.185717395384484,0.0458059233766635,0.0849842265622057,0.00628232934333695,-0.0874409736327623,0.195758721490622,-0.0954624773022018,0.470328197969834,0.139645560997572,0.598697612025385,0.32703592951951,0.345074316172314,0.0883955012143495,-0.120100789916121,-0.229930248033133,-0.173919105849399,-0.272056969202348,0.118142599736573,0.270874243485248,0.274902179267808,0.38426743525024,-0.14395596498238,-0.168117467393911,0.247102119778515,0.319604953500639,0.00225258582436936,0.332845532554786,0.350838938126264,0.235032537349585,0.139593715967842,-0.0814089835188358,-0.0305478740703819,0.349333682304801,0.312665575992622,-0.197435266710963,0.0642973251126995,-0.170057229595935,-0.161044846201791,0.156639645528436,0.357211422595314,0.131773881673781,0.358746492378283,0.339079664920413,0.80152566430079,0.590936538101025,0.250374953714525,0.0460586967848711,-0.0335263617570657,-0.0564550260019016,-0.0713324914947933,0.291712921912122,0.0769489120569544,0.0135350383437144,-0.0547625448357626,-0.0758036990928938,0.273990975729373,-0.00896631449616312,0.360620309721471,0.326151968771868,0.459266836116471,0.14154376860761,-0.0357688829870271,-0.34193637667683,-0.220309502396384,0.0296413213255639,0.102983675255889,0.272287974273836,0.403034241016027,0.175371359267559,0.0414954793384571,0.451864907117669,0.363474134828859,0.247419655902769,0.451925274625986,-0.228487749138227,0.139650729829411,0.00412458011656258,0.00800653149067719,0.422679004574208,0.32940363469021,0.194230489929074,0.00384065299928187,0.35280255067508,0.360558371113282
0.181845796847187,-3.68966934349473e-05,0.356968964092176,-0.179390311445581,-0.108739185221293,0.280512911258296,0.255168503829038,0.292209196599712,0.361778573933406,0.38114455885718,0.595736132904074,0,0.181638476581884,-0.0742744977555411,-0.116903923947372,-0.10420449830532,0.174764477655831,0.0500930864193031,0.0847782048227755,0.00246893021912371,-0.013115072609655,0.128353691466034,-0.0553014310299164,0.408038364059901,0.138108527662307,0.64345087350935,0.0924381792849277,0.117573172829838,0.0281715797022639,-0.198624169405079,-0.237542442102596,-0.145104920065805,-0.239932017198969,0.0852979777151714,0.199125015905531,0.208257402742916,0.155261161527149,-0.0496099374063523,0.056022514915707,0.345814006717497,0.253551270288128,0.150978669149563,0.332352629860387,0.362275390705259,0.057023005454681,-0.0243478498698242,-0.146148371478386,-0.0824721101190832,0.420142171874041,0.0475722784170105,-0.137874292859723,0.184163042990697,-0.0914693039388799,-0.176616928568512,0.196383567532357,0.418630765691332,0.183290448760746,0.324429429686697,0.494676156979866,0.470109115119489,0.727165440427533,0.118330860248702,-0.139784849894623,-0.113476983669877,-0.0318916466677754,-0.0960612049360508,0.334484693718255,0.0108490703224207,-0.00106168793209604,-0.0341258926970271,-0.0405677848807671,0.156374272563544,0.0331295769096067,0.55244267544986,0.308684726593655,0.648431745048862,0.0558877110828676,-0.0770034626894999,-0.340522934212815,-0.183861181920062,-0.126834582906151,-0.0234969344009925,0.0767928342462769,0.327565886231892,0.0219970329399751,-0.142629417375068,0.283863058016455,0.150892565838189,0.08055751444184,0.237014246753517,-0.219011641898011,0.174643491699976,0.27396247461162,0.0709607857986903,0.513415543178183,0.248779396584374,0.00652271801762164,-0.0329339830325047,0.479579424884131,0.153281945273061
-0.20187707494498,-0.0549758012534795,0.0409821842657466,0.0268738587477074,0.054413725553015,0.0989137667904572,0.0872025082557378,0.215541782015665,0.248722747069475,-0.207965305810736,0.345990147259622,0.181638476581884,0,0.428215203743731,0.288745589149743,-0.0988208148541705,0.665167988542307,0.513405104546009,0.565398517591562,0.375133471727379,0.3745686179933,0.547664141218919,0.312864655404508,0.498419971499055,-0.0425370401852947,0.21716029654559,0.524768963774547,0.338077854665039,0.529729847891158,0.136257758144629,-0.166588356215601,-0.0540554806482094,-0.0906329572370693,0.611836468358864,0.465849264908298,0.301925503558215,0.319447738457398,-0.0838253838636285,-0.142205727845562,0.0434398261454303,0.475225287954304,-0.0798000265340674,0.117502221881982,0.0836558055482525,0.190235266315917,0.385350600630839,0.158232108748818,0.346565805646919,0.0534936066581223,0.48762563803556,-0.20671479712379,-0.113467117470186,-0.0673121418836084,-0.0216526993440233,0.0506567077970719,0.113605187997955,0.20625595739271,0.294049787001546,-0.0753033656596428,0.390009790281432,0.162567765409007,0.784348629514374,0.206463081757142,0.22278597301696,0.410324824919764,0.333578252490699,0.0513735423210595,0.595126128118358,0.514324160150624,0.482006501147372,0.382705464913488,0.462183942070692,0.393002646762664,0.103957607154199,0.354984655176161,0.0797872463037205,0.490152884217959,0.272474619074062,-0.288192197591314,-0.0622866806189282,0.231419956819578,0.309006563325264,-0.00464420105574041,0.352853885178206,0.186207794944756,0.0525603448244312,0.274016143740092,0.383788295799051,0.361476581400265,0.315683126918078,-0.226751211246741,-0.105785287414034,-0.152860035845559,-0.0410564222004731,-0.0142191098992092,0.0999828358647014,0.306240808054737,0.288368886222034,-0.0124365824411265,0.402690026565326
-0.110561378407989,-0.0114689904113261,-0.096465707716599,0.193212982572089,0.0155586789208982,-0.00643926094530729,-0.189258596828636,-0.112169379001714,-0.0749768788367165,-0.40228890268685,-0.0393742409697557,-0.0742744977555411,0.428215203743731,0,0.792408466742754,-0.101173506154014,0.42032235762033,0.545461690665461,0.611035397453322,0.627423445434323,0.722422824657686,0.214556887907894,0.733101654171016,0.105305827631867,-0.0656713336731851,-0.0859985389070799,0.323371089042029,0.111523792617848,0.612717298786892,0.392123324475771,0.0129877877218377,0.190840092426976,0.23118375803231,0.445880753330304,0.041775358142404,0.214212678505431,0.0453993861834075,-0.0577896385115681,-0.175089984060341,-0.283927809874507,0.0654332117827979,-0.16346606808446,-0.251608693842989,-0.202159505453622,-0.127035652229417,0.43266831808753,0.437056350327438,0.520300082729372,-0.0860189505280287,0.164547706073927,0.0361786950122309,-0.136317127492399,-0.0266657946889547,0.161986517774519,-0.148876799989719,-0.0767563407556552,-0.0884323165330908,0.0343740268417896,-0.355997297742414,0.0507498902097048,-0.0796228722834562,0.450798377429675,0.237711174685446,0.327059749978235,0.745582672579834,0.770346063628988,-0.305014313123548,0.574034044649393,0.558749453044879,0.60579766106892,0.74890589515409,0.223657891631283,0.619170608761835,-0.218591275759233,0.150351904091558,-0.153503855985849,0.561689419182058,0.600201752947098,-0.0951345332345492,0.204772535434251,0.346434373078407,0.358179536037087,-0.288145228673984,0.0691292627119175,0.233634637358987,0.164283944808632,0.0445599292836324,0.198323514214967,0.343778014611248,-0.0218075163073953,-0.00741507871289671,-0.253221389805322,-0.216931022596845,-0.0607149846643904,-0.31199508590275,-0.248169113234437,0.332197796791815,0.539736704625951,-0.119828464985672,-0.0333510086911086
-0.076636277756037,-0.0163276068387174,-0.156985957624326,0.259251950778481,-0.0935686463026904,-0.158450227403362,-0.269152492349552,-0.229620043772727,-0.196816093321497,-0.369774855206259,-0.097411739439464,-0.116903923947372,0.288745589149743,0.792408466742754,0,-0.111326883855671,0.27787109254304,0.463680569151809,0.408017463027573,0.701331202883674,0.804925273245737,0.0966861174260163,0.800943015976029,0.038315134668914,-0.0533175755982732,-0.160338158239761,0.278316111177039,0.113766472256105,0.611805431686565,0.507360920746589,0.0569500450794719,0.263472533975782,0.29903115342837,0.343704840117431,-0.00364858271899198,0.187059636485404,0.0352118469447182,0.0175135218840517,-0.131515870511977,-0.337496618696053,0.0176652363755462,-0.138589962382653,-0.305534772966186,-0.153874810923929,-0.18092049564446,0.459819163397997,0.424880007820171,0.543066748690087,-0.153800491693426,0.152736490320287,0.0757740596552517,-0.182192523349373,-0.0323002303584201,0.178374399111995,-0.317913060648155,-0.180954853117241,-0.185569318300739,-0.0783640628889065,-0.332729708135539,0.00319015920890229,-0.0622230979866928,0.291639311602973,0.0728181213525889,0.126295871149701,0.732969314250705,0.894043285103053,-0.305077330508127,0.397448205995715,0.465966228761206,0.554410452902326,0.850890152558788,0.115278254359771,0.570023133548766,-0.257812845455198,0.129111692151582,-0.129239033545902,0.537401846318521,0.709320221206798,-0.0365190191157169,0.281915924591992,0.301843784441801,0.370093929176132,-0.334653704674901,0.0440878641828575,0.202888374936969,0.0547968398504698,0.0352118312423287,0.203288494817091,0.35688073787467,0.00595192694505784,0.0853301040341277,-0.232803850437375,-0.152314557676719,-0.041730290746895,-0.332493441794963,-0.248028090046477,0.425793055842611,0.662055447458132,-0.116614106815885,-0.0224582535930226
0.227089398199914,0.577145056706243,0.0282416192922856,0.522640966984778,0.22212959835422,-0.0986320772990358,-0.0320691307357206,-0.137439530954221,-0.357027383774513,-0.0158235568566014,-0.202905297803239,-0.10420449830532,-0.0988208148541705,-0.101173506154014,-0.111326883855671,0,-0.0840905729389782,-0.101638225618855,-0.0878821286878585,-0.246484834262141,-0.00169717257508967,-0.149735641434492,-0.0746044604568346,-0.220479383134811,0.131181842360343,-0.136610388021173,-0.358771134580748,-0.366836651366978,-0.280118913242722,-0.228441642286604,0.365939050546867,0.487622731436162,0.4308721651476,-0.0938409462276242,-0.262018303709307,-0.221580846807802,-0.332910273747626,0.536288562125181,0.164330756709357,-0.152143931222038,-0.251323394079625,0.20010684200715,-0.184321122569608,-0.0649269193689877,-0.0539298641591251,-0.312690542650604,-0.163888837075845,-0.230565942074592,-0.182129771844954,-0.308945276030523,0.623031778852375,0.351291752541733,0.649684758880225,0.502206581696205,-0.0883742879362366,-0.148732053015284,-0.0825547652277447,-0.314472589228902,-0.178568732263383,-0.176707329049797,-0.128719468501948,0.00792104318067924,-0.188102653787529,-0.158831897448913,-0.0494759263459525,-0.0752000853335457,-0.115794770977892,-0.11248372696228,-0.126024982097909,-0.0764582189613699,-0.0780382994560511,-0.25843397126374,-0.18937305306549,-0.180985435947746,-0.0980743225984557,-0.124993913842992,-0.350687349564919,-0.257056035472643,0.437293257122661,0.507365997816974,-0.0695388660028704,-0.256487095416661,-0.179387861312068,-0.286164653349117,-0.337131961346107,-0.226125799623942,-0.287666490617747,-0.354359600135433,-0.253148950448131,-0.257864213905674,0.539395403415934,0.113347465580942,-0.0245885362566332,0.0379483172597689,-0.235558859547279,-0.0993658352118086,-0.424342934409062,-0.288160839575358,-0.192951576377535,-0.32453067738971
-0.22518955839327,-0.0699889020195731,-0.0254791226956524,0.0321647722617743,0.0142248395780441,0.0635850845321801,0.00748305089483516,0.182360039981281,0.135891871413812,-0.21557395350974,0.185717395384484,0.174764477655831,0.665167988542307,0.42032235762033,0.27787109254304,-0.0840905729389782,0,0.531543823477881,0.680753056698568,0.319139836495794,0.362808066047237,0.410503943737054,0.294901956605585,0.561931047406077,-0.0556170161918127,0.0775507695428234,0.499062411968267,0.332126665429198,0.494412752761758,0.0350441650913495,-0.0269390358184672,-0.0251757315616494,-0.00606196353224488,0.559497262380546,0.276479340775606,0.332976293718141,0.270822103873144,-0.210947783528963,-0.184058079235844,-0.089694628257917,0.353622748337103,-0.148610669557166,-0.112069040513709,-0.0278182766135198,0.0817635656698182,0.320831880104015,0.0885162347659974,0.304813169020309,0.0134745279990505,0.353530479004173,-0.163364903684729,-0.106892157221426,-0.0447794210347582,-0.00660965986247334,0.00608729079637767,0.0569764004076838,0.152239290622681,0.245870148955927,-0.143292832505147,0.266759235086967,0.181177760585579,0.587365379026532,0.210605726287503,0.177068306089867,0.45327370883427,0.292300396923704,-0.0834362810465446,0.689491351154488,0.588220274653138,0.536875457970785,0.365008048447332,0.531780445870156,0.431062236859257,-0.00948111984198326,0.499654696661256,0.0310824616100477,0.497985270527013,0.234296424597971,-0.136984984578257,-0.0186046493949534,0.386399065939609,0.312829592753239,-0.0753433632713743,0.293665815948524,0.285389930332301,0.146306223503053,0.243874566895947,0.322658846228054,0.371987010987253,0.265051562125343,-0.174378186504603,-0.111382863361127,-0.121196050609766,-0.105559303748769,-0.104722786771156,0.0212204950927523,0.223265052577752,0.239497413242917,-0.0128550188290556,0.252168861060278
-0.110222134877782,0.13523850029093,-0.0178970471300091,0.16838125890095,0.199956103109892,0.0691208324638947,-0.013954363087003,0.352535909125728,0.187755321787543,-0.44552316273144,0.0458059233766635,0.0500930864193031,0.513405104546009,0.545461690665461,0.463680569151809,-0.101638225618855,0.531543823477881,0,0.654806857759426,0.674584077567044,0.627223100436448,0.324193869178433,0.59455086763649,0.230567035617641,-0.217017570650402,0.0321792353469035,0.355813254856395,0.277192811254835,0.669371417332025,0.180973892206319,-0.0949428528213323,-0.017956313864022,0.0273009555883463,0.735566816242008,0.271970873352507,0.463243173262355,0.170124179026226,-0.204746302939236,-0.23648591379453,-0.216153321361473,0.422945904529781,-0.161337853193403,-0.107650134475855,-0.0197922130069977,0.000588329743059546,0.435871961918748,0.347073272998379,0.594419580449954,0.0428881475431724,0.345829291448301,-0.143478948092676,-0.0277101403443493,-0.00858365884676086,0.146745390536532,0.0582235373023245,0.0404883825984958,0.336383082925711,0.411258682240008,-0.271173961788597,0.137381674954412,-0.0030103530685756,0.435118586134154,-0.0116903229493122,0.109870825992025,0.600458099704593,0.476302719473149,-0.124823204206594,0.66397710978209,0.698609794034194,0.843432933218945,0.595897329394826,0.220462743283937,0.622045538072952,-0.124843371682108,0.239465290888044,-0.0501736828705011,0.585486186383457,0.412307845089763,-0.171731927668883,0.0373286817625279,0.249067563101555,0.458164108380541,-0.144238298626862,0.164472842712492,0.182077996768512,0.0424880856255155,0.150595653595259,0.323696266127754,0.470047048912421,0.0724230027941726,-0.152956821506044,-0.270001034438525,-0.23285843374504,-0.107587693201024,-0.232419455174169,-0.109598433117853,0.301622294155754,0.477310409685542,0.021305384731111,0.13105488946521
-0.202620116369128,0.0131657038627153,-0.0362366605154622,0.137560525367454,0.0786511664647983,0.0241544202122882,-0.0482827977860041,0.129345020028973,0.072876896556393,-0.287045479072461,0.0849842265622057,0.0847782048227755,0.565398517591562,0.611035397453322,0.408017463027573,-0.0878821286878585,0.680753056698568,0.654806857759426,0,0.494022927069338,0.524683520222817,0.337680396084847,0.448194577075859,0.315791381278684,-0.115547782361314,-0.00826995314456358,0.402099980654732,0.330827002245102,0.612094572777536,0.0597993871014698,0.0269552654765139,0.0786595375285436,0.121015216919264,0.644840258369234,0.190410883649049,0.268963635509968,0.362088910098984,-0.0977421162636851,-0.134729637773543,-0.163981970088295,0.305001642136426,-0.145046409885113,-0.146697273669995,-0.0128619140377617,0.0469935562205983,0.41678511642307,0.274785855441141,0.431483120285242,-0.0551670331354738,0.298507802161094,-0.0470828638737964,-0.0326451716622905,0.025661918983166,0.106751046159983,-0.0349632369250926,-0.00244900863312585,0.100367698258257,0.209792565789268,-0.205446324933428,0.209583219931619,0.0639574729164735,0.561068859689802,0.174706530182493,0.210810350325162,0.602659868075452,0.431187953892978,-0.12791516423082,0.806391258775408,0.658678787565713,0.630989108462324,0.50356358260991,0.344180392620129,0.512194868255312,-0.071245073365945,0.375960467291016,-0.141699084843793,0.605772391059506,0.302524549313464,-0.0711960490244403,0.115454345199947,0.374588905430247,0.409023956506799,-0.108099079814126,0.199133440267672,0.2282396017688,0.139937292128675,0.272066908775814,0.328331907828714,0.4766790879896,0.160737115013885,-0.0844604261790469,-0.140571378612272,-0.129377020593121,-0.182324024564145,-0.227779631845619,-0.0411979276747923,0.238597721311609,0.339172530130587,-0.0829177298683882,0.103979825105787
-0.123585759902288,-0.0776482640681001,-0.0931196714695668,0.0912010458128868,-0.0480551378447836,-0.0219306525243752,-0.0445014206971078,0.0451320379109502,0.0572758137974457,-0.314040369243332,0.00628232934333695,0.00246893021912371,0.375133471727379,0.627423445434323,0.701331202883674,-0.246484834262141,0.319139836495794,0.674584077567044,0.494022927069338,0,0.729364361640372,0.266791684528908,0.742206028558661,0.163671788158494,-0.148792654339438,-0.00159281180650035,0.428957287636627,0.339929585706821,0.789243071954606,0.399360097908499,-0.101317854358305,0.0135606639889116,0.0789256728159532,0.550708878464845,0.232135652751189,0.365965530075533,0.20391256803485,-0.12462785789855,-0.0936042422450922,-0.140536664360905,0.321564900699898,-0.1032767197215,-0.091129551670095,0.0210404800061826,-0.0848241388352239,0.568100965056921,0.503746578148864,0.677156361535898,0.079477514277391,0.383487239249207,-0.131813315055722,-0.150187193813749,-0.131913086795449,0.0497426681931109,-0.129856738581798,-0.0320210635925911,0.0949573389979998,0.195336675554955,-0.180935751570147,0.125467485768835,0.036956728381375,0.303264884276022,-0.0482393174581042,-0.0259232230868473,0.641691451069848,0.707576417038536,-0.0482385965538881,0.499892768520794,0.561575729662487,0.6703518154004,0.785250672868484,0.168382608657981,0.574899499235962,-0.0181348691000616,0.154693239445143,-0.0352532038668058,0.688442544289707,0.672793583236369,-0.17251773185791,0.0819239311944331,0.23094315336511,0.50760842248881,-0.204922458252057,0.177926282926319,0.255527370962794,0.0348607421286645,0.174350050755585,0.383045602723157,0.538121748616349,0.173223664258451,-0.113239731032535,-0.206895856430927,-0.0616545844498595,-0.103536568303914,-0.155015189156078,-0.109062012717356,0.47706655557791,0.717743681317093,0.0706688708808981,0.197133482651254
-0.00323698391783474,0.154518387857348,-0.0351919604811399,0.348527880776373,0.0545026958921594,-0.0178622325784933,-0.120224231562769,-0.0301282217634356,-0.105611275532371,-0.342246828146152,-0.0874409736327623,-0.013115072609655,0.3745686179933,0.722422824657686,0.804925273245737,-0.00169717257508967,0.362808066047237,0.627223100436448,0.524683520222817,0.729364361640372,0,0.144810935590264,0.836312691047528,0.0805529045629368,0.0225761660924476,-0.0689094102963433,0.256127046611217,0.097266809645566,0.678678645644498,0.344683673002699,0.0643515838635244,0.309510208999489,0.335007597157977,0.482194680239408,0.0843038439137149,0.18755227190847,0.0220596079247384,0.126203042431737,-0.0322156922717066,-0.247289592378317,0.151708084458251,-0.0933448771432837,-0.207020926205721,-0.0831697680259415,-0.193505174757007,0.420643934734306,0.348008006750521,0.553160320588637,-0.0164945458319595,0.149426428380095,0.154749589283909,0.0245547794493484,0.136813787555764,0.29656714978165,-0.169536038014822,-0.0600633171935958,0.0241463986210385,0.0525445949748897,-0.296642472615872,0.0317919041480722,-0.0209383285445842,0.306771712543133,-0.204693818061584,-0.0595800622337903,0.772662980849008,0.820797247571105,-0.2099351343707,0.499228809490675,0.532916472991146,0.650982658681607,0.883733057568162,0.0578877018628283,0.59686552348538,-0.183618172335354,0.102988325796382,-0.0649267051133691,0.546041426011316,0.582218035692839,-0.0429236028657663,0.361239848952061,0.185757107785886,0.354873301130353,-0.337625238799413,0.0554898668660777,0.0383112126807087,-0.201737066238851,-0.000533253698559545,0.144563038206481,0.326660372148183,0.00706545602139705,0.101094472348067,-0.121829213376736,-0.0318190267663703,-0.0480732139087142,-0.285774433178408,-0.204662451257222,0.318101367259417,0.60536724071108,-0.000788171253423577,-0.0409352678703685
