0,0.183256706414334,0.291065372537946,-0.296830357322726,-0.132448845849877,0.250184818528573,-0.135857512953013,-0.191127515430907,-0.0780158769721825,0.0405449258975961,-0.116593204996263,-0.163505328422795,0.126111717571208,0.142857536996468,0.00831057647655201,0.320748902193263,0.219361519117166,-0.094544689129636,0.16842645649959,-0.054927444042051,-0.00455394697102478,0.29156508573802,0.188459400771969,-0.0125806088664899,0.53922243252667,-0.042290606993811,0.330368428527672,0.0123935518961499,0.100978943859137,0.107488517799546,0.176540863830751,0.272601520598022,-0.100345712091747,0.0416849817895714,0.310307239376435,-0.0642547443563314,-0.0179326113236146,0.362753593290522,-0.027046591365893,-0.148875311137247,-0.115336192674342,0.168536500890123,0.218723275870483,0.194708310380411,0.284969942389234,0.238972624840174,0.246883417334253,0.267629144193894,0.159372015798993,0.0834813491181277,0.580271264035998,0.371346943894555,-0.272466409314282,-0.333430683264947,0.134053087298882,0.264147492726357,-0.219649472160006,-0.0755782185030281,0.436634489626892,-0.173249135094946,0.0547698751708694,-0.0580577231564126,0.0891593974407327,0.0459118070027001,0.0304759525026996,0.0101176210860309,-0.0310327991485443,0.09033698240735,0.0778618120681671,-0.0743815843847556,0.0240891766170361,0.187810289497332,0.0882304063799245,0.132912628148347,0.0650307369918979,0.464215544845182,0.101239607051364,0.139984056412267,0.125101525106896,0.150000148340317,0.0294649156231999,-0.0943495211909108,0.266440065373426,0.201190507837973,0.302973552043408,0.167164682777363,0.0663996710830755,0.111168856175424,-0.0934925810463094,-0.144590395644377,-0.114443135717314,0.550528960840771,0.0380954023326806,0.470701999963039,0.285771235347262,0.306168969095802,0.184650757281199,0.318219634386653,0.0928192984620876,0.0887931886911351
0.183256706414334,0,0.659550689724673,0.299711525672614,0.554646299562203,0.512372985293809,0.510189494473056,0.578228322979033,0.543925386065098,-0.0115183694492489,0.116567612204562,0.0960372548382619,0.377144022048345,0.411581747774028,0.332342529381034,0.683587983268992,0.524173867304878,0.486096612043213,0.436608820901744,0.438364119280042,0.428727471726189,0.258979306235185,0.340796953420458,0.0518749985908672,-0.143542481260947,0.142444388691671,0.189398765845075,0.169928502806748,0.363798727000412,0.362368040469948,-0.444886793066248,-0.395189015785129,-0.47739706312263,0.36340756755327,0.185142081143347,0.384355032842628,0.181640068753996,-0.275373008106893,0.0736492793312622,-0.0349278052935573,0.284564170678919,-0.229424125830165,0.182733709871806,-0.123216053678043,0.230723502120527,0.204020837149365,0.297799231836779,0.354073697682795,0.441715402300696,0.254092709377893,0.00308429154839045,0.721276058206979,-0.141248761554329,0.343678526751607,0.565982408923343,0.552817718895431,0.476498112272764,0.543581190080548,0.139225766029,0.0889731659229467,0.51902994188794,0.42007513475842,0.35807151727503,0.25512201107106,0.229959161544696,0.331459231528714,0.400209114759224,0.335602819983234,0.367296036857554,0.467692793397776,0.385578285844847,0.143929903843632,0.337000526504125,0.468254657252519,0.29939135398625,0.114484581205971,0.316389515237485,0.341622605525784,-0.496035268949647,-0.442236064118168,0.13729922430211,0.240190283716607,-0.10769767712558,0.0205812188348832,0.124399271915769,0.256241672885021,0.20571431279346,0.0249988093188396,0.258095476556936,0.0343021832898667,-0.533808377498345,-0.16030159478233,0.214849053454828,-0.263421511247941,0.261646902513753,-0.105873664989907,0.139024458486316,0.341385958756664,0.491557670474129,0.236149385570916
0.291065372537946,0.659550689724673,0,-0.0124939933559894,0.29385928065437,0.573987488298828,0.353170178157988,0.430689574684637,0.482211551606446,-0.086342368049366,0.0980012492673665,-0.00784900245919216,0.35939961039517,0.35346958228715,0.257785284399368,0.530929129296397,0.537291700237761,0.354372151204154,0.432795556908963,0.259177773333259,0.273086826448448,0.421958505208435,0.31564056346062,0.0330300595991495,-0.0752242157344083,0.11124849896879,0.294227198391118,0.227699474212826,0.287677910344219,0.28939251491894,-0.23236665331075,-0.188124785443432,-0.405708832265303,0.312143431052587,0.359246410129716,0.272821217227098,0.0497659577026441,-0.0197216835530733,0.0359887308723843,-0.0963437901808669,0.146623275018038,-0.205090249744292,0.222738298120028,-0.150050740683608,0.133976565355201,0.100869848168935,0.263669208723381,0.3512154633782,0.371007178641116,0.136351866749,0.179565947803059,0.672536801827332,-0.222194111492237,0.0575675488821224,0.64938701987825,0.573478296244612,0.293407452494459,0.472918579707787,0.082887810631092,-0.0225176231114222,0.327643156834545,0.306105161551652,0.369753276904881,0.244085430593202,0.21440066008119,0.238384057235037,0.189349182664243,0.323937259182723,0.327783295792118,0.340819142690741,0.282763283759814,0.198723932627519,0.295407936526058,0.290972085867042,0.119951624164136,0.126277998224385,0.204585896015114,0.298247950686242,-0.290160639710935,-0.177680176790274,0.132036080504772,0.135730283812737,0.0340266405861704,0.165170651397484,0.199259524014705,0.225596546164883,0.0303531063545551,0.102141839853521,0.167654958278949,-0.110586400415117,-0.460152968872412,0.0213014878651999,0.156551527694389,-0.100925406516727,0.282435542275178,-0.0945973621058579,0.0685515082659098,0.316508575870813,0.380056632279663,0.147279619699761
-0.296830357322726,0.299711525672614,-0.0124939933559894,0,0.569752009244688,0.163292512982444,0.368823340175731,0.44482511421304,0.322629644051329,-0.185532948257111,-0.0518411342428553,0.15831221683932,0.250962958097684,0.291828697991366,0.398060796402032,0.15719363192237,0.157459137908007,0.442986941633023,0.180286896565737,0.25580508887984,0.419684593884168,-0.0673921287707828,0.207393644328632,-0.0388676393628369,-0.281532033766052,0.227442181298558,-0.284755781907996,0.0250301258014179,0.190763251824754,0.240571950250587,-0.428302529358423,-0.311124687437186,0.110031470419649,0.382765017095828,-0.315422639088141,0.208573355347089,0.0945155751520647,-0.425577593789886,0.176918691202678,-0.178423133774338,0.213881877587041,-0.319339863660328,-0.218705001870441,-0.312177988176417,-0.24023706917112,-0.0900539785546932,-0.0236556577260406,0.0708468707760996,0.162311411051358,0.0148270243091771,-0.37602203622536,0.168989479665372,0.389364388276648,0.877115275203939,0.197084575511991,0.2193353719659,0.59661970368832,0.380388590294837,-0.126844949910875,0.0971893067986943,0.255939223787692,0.325280738482274,0.196360042046088,0.254955093076598,0.303481924579228,0.391330356793738,0.22980005672907,0.195959949811306,0.389282718302046,0.429838473270807,0.242325280942642,-0.058850917665182,0.269946947767307,0.102261586373068,0.150178611639408,-0.156313369819697,0.223963427576482,0.225360580446611,-0.400570117363184,-0.255424227643535,0.216349704633499,0.352537481793639,-0.516427115162295,-0.330895837818416,-0.288408273072922,-0.039588520961306,0.139520424982728,-0.101204335921284,0.188314823776093,0.000482360298182252,0.00395299613396868,-0.49852186568131,0.182358263207744,-0.441718665440096,-0.256647257299351,-0.45652094057975,-0.0992419617627972,-0.0553593586487097,0.297025257705952,0.00679351577896052
-0.132448845849877,0.554646299562203,0.29385928065437,0.569752009244688,0,0.617254703310298,0.533738238857007,0.595829602312868,0.645675273872294,-0.00500180775246795,0.0508400482356405,0.130430787652509,0.275498213436968,0.505382296037581,0.467080801254684,0.284947978896774,0.356254967879248,0.513562962760877,0.408824520108336,0.425166906012021,0.501224559841173,0.0992969934791918,0.373953589948339,-0.0636349056339756,-0.0939475472864697,0.22021118086411,-0.123822880833987,-0.107586125755075,0.251612313028358,0.390149001022728,-0.421233652440476,-0.280587867531479,-0.160109303615089,0.372157982176139,-0.184987396296722,0.355905122430301,0.0437251299354342,-0.336151973408431,0.317244816207886,-0.07914361093313,0.216329559867301,-0.21388997694833,-0.140705275646208,-0.216315183558955,-0.157303449504756,0.0171205452368612,0.152944330127085,0.174075105782544,0.439832433521086,0.101927733795667,-0.289127162046463,0.394367311913949,0.24478204140545,0.69116800931388,0.58075377721983,0.54699156114376,0.594682030910311,0.634937784468131,0.105900115349281,0.0693305616790602,0.333706321067584,0.325499533242026,0.396256979207757,0.422413596189343,0.438891490681116,0.464038944122394,0.282346996223703,0.391473355783275,0.512430185669443,0.545156762194939,0.364344269906443,0.060794013877323,0.448449059630133,0.337794346581879,0.260184141405286,-0.0678326226717445,0.275678848946209,0.294467914274315,-0.424751478927076,-0.419934986606152,0.169091935577496,0.244004978886001,-0.400504639117885,-0.251650369385914,-0.169605068588947,0.0586920264066178,0.130580803067287,-0.219293591960326,0.253040687104767,-0.0586884643422157,-0.215250172874576,-0.388442042522926,0.211178181969626,-0.33269130058382,-0.137326496410527,-0.28473051472143,-0.00909822061499967,0.104052298725973,0.515563655942197,0.0629271676156621
0.250184818528573,0.512372985293809,0.573987488298828,0.163292512982444,0.617254703310298,0,0.530176214397639,0.565376029388218,0.722405273909036,0.0776435244447614,0.167326100266775,0.0825798117987106,0.438693012797864,0.530213900138511,0.432209072402108,0.406508386684127,0.520581378874936,0.495467616743796,0.502211894169319,0.328232433051175,0.421395683017235,0.374810240757454,0.456288230367999,-0.0312743491320256,0.0704747898589825,0.216926421188306,0.11237576346194,0.0206009441594228,0.308594214179276,0.402746859008143,-0.295681419024659,-0.134463425226365,-0.279940699750784,0.398986194207103,0.14493266254037,0.337191935366844,0.0131726941010368,-0.0732370925650832,0.299570448210327,-0.0824001929399735,0.159859992836913,-0.163194930883968,0.0605845875757401,-0.180819349902244,-0.0293615740018702,0.0624189584482841,0.268513884316099,0.308975297924033,0.570608508667102,0.0960673603129015,0.0615243090232197,0.607463318344107,-0.0335387694009118,0.274634466522283,0.795991973007958,0.838330610366771,0.457914366065194,0.673701607213298,0.295225097832536,0.0511208901802861,0.359803125235754,0.363837664828588,0.545284955199477,0.423310135949384,0.425944934529809,0.447381130431093,0.194109617798447,0.435832089693124,0.538112055167308,0.518387234140275,0.322446776810696,0.262330235497909,0.480807519590883,0.347575130595951,0.232329392813961,0.10930709629919,0.305781010584067,0.358539928753648,-0.326872070897738,-0.288440634676286,0.128618469776838,0.168423642112164,-0.149598953172,0.0166983744869824,0.0395537034639405,0.174861124455914,0.0747197387201925,-0.0751124052359574,0.218100695984052,-0.173877137174947,-0.321617142991072,-0.0784324729430202,0.152605058464927,-0.131941809264638,0.0593615904897388,-0.130974454708916,0.0359045425722512,0.243037485907846,0.612082400449498,0.0864833240679842
-0.135857512953013,0.510189494473056,0.353170178157988,0.368823340175731,0.533738238857007,0.530176214397639,0,0.859038217474112,0.704191993473806,0.0491326254410731,0.299616548303115,0.257704152518354,0.461939568466237,0.466465380768784,0.459478137890648,0.487675768380449,0.485554608326887,0.597119846521915,0.490856218137481,0.416252499509625,0.432554100370018,0.148239590808227,0.30193418015325,0.116527778374155,-0.311585849114936,0.266931159822519,-0.010805344875373,0.120377711286401,0.304018609154492,0.387466149178667,-0.474450912994094,-0.358595451294731,-0.290874445340991,0.335293521365467,0.0140160038173451,0.465487743822907,0.195507438052148,-0.395094629278585,0.211069546592234,-0.0190047500009492,0.282720175531259,-0.329605374936569,-0.117532260828525,-0.28897288150473,-0.10779495518292,-0.00966774254216015,0.11832459679762,0.166386750053427,0.357864125986482,0.0981247623303737,-0.132526309377271,0.51230242767321,0.267825876774251,0.453543437696713,0.540231134983288,0.607769540334852,0.819615851571049,0.730270177825361,0.00323191535850591,0.176025098833025,0.448277639520067,0.542429035452947,0.463704130424517,0.428237303557394,0.401722311578025,0.478432212620417,0.327860090868375,0.544742650445203,0.507523009761709,0.711034427445122,0.396788596544238,0.104226333345285,0.45515893125098,0.301410937290584,0.376364664623054,-0.140995467819119,0.345804492286263,0.418184041977664,-0.464099278791947,-0.405505973891838,0.0444161080307742,0.176302263800179,-0.362313832350516,-0.125811672788338,-0.0512041210075589,0.0260147031490707,0.161823614015759,0.00124691011708217,0.348440611574942,-0.101110175709456,-0.339211324059164,-0.364660403039058,0.139974885292851,-0.470081777627704,-0.117910929288765,-0.286584988926379,8.52539199560812e-05,0.146424459082911,0.500072866449829,0.156943375720124
-0.191127515430907,0.578228322979033,0.430689574684637,0.44482511421304,0.595829602312868,0.565376029388218,0.859038217474112,0,0.788091612588671,-0.0444821019727655,0.261143181325764,0.27378663780648,0.436600869672644,0.432491629503635,0.429224707461254,0.444433898037202,0.492815514790536,0.702608794014915,0.450914650112993,0.439564035078798,0.456527919588447,0.174360451596101,0.270085023403764,0.133951875677698,-0.404351170535796,0.268889296787678,-0.0603293553841375,0.111704899176236,0.294601966709326,0.340687010712195,-0.502254991425504,-0.401285113304287,-0.316080365338012,0.411596587642306,0.00705941102432503,0.492834384834314,0.141801639028118,-0.448869959370109,0.093429760403908,-0.0497897717667404,0.289776899209625,-0.429993274950049,-0.12063901457102,-0.369304917108731,-0.161751531283498,-0.0746831269540688,0.0735493110363006,0.129504494952753,0.410552060077247,0.141773110254229,-0.152405502870093,0.556101040461672,0.225951112048614,0.518226868763538,0.613440783647377,0.651057114305752,0.840903059434485,0.822692725126405,-0.109814740828113,0.112772015229759,0.411265529587389,0.551713405823173,0.431208763986684,0.397987566738848,0.390240731950359,0.44540864809656,0.325741698549854,0.517106071256732,0.545819675744041,0.744867782280855,0.406529517414165,0.102437317318887,0.434158269073622,0.220098811797744,0.33328391329899,-0.220016932163342,0.280642799573544,0.357850101943589,-0.504370837250588,-0.442345421683051,0.0784256220322941,0.239068413192202,-0.397302395763714,-0.110881010004828,-0.0756256286897688,0.0353094794359397,0.1009922558959,-0.026703037677833,0.393479189661129,-0.0967944836020819,-0.359702808278012,-0.393694456201122,0.0998868968844921,-0.504785657798661,-0.105213147364925,-0.372697521478238,-0.0621102298854606,0.105411638419534,0.538783477920923,0.188984339226074
-0.0780158769721825,0.543925386065098,0.482211551606446,0.322629644051329,0.645675273872294,0.722405273909036,0.704191993473806,0.788091612588671,0,0.0819349114258074,0.284606621618435,0.230545789568388,0.386647975360943,0.515560501579557,0.448408364881329,0.412898727595551,0.583075705449694,0.647509517940812,0.528480911695627,0.493056251792677,0.530251756574243,0.286175217123126,0.383574672708007,0.135709054333081,-0.329470352499131,0.208018872029605,0.0465057553678129,0.0678912079750713,0.460632230332491,0.379166034248802,-0.548516857171913,-0.423054988781809,-0.37018444153622,0.442595476243342,0.0611289405551395,0.552072788084042,0.197874405961543,-0.406828109392642,0.0654940403877345,0.0918317625224154,0.347240593939872,-0.391622284799688,-0.11852637740293,-0.357603583867855,-0.0857949213329137,0.0272293084960236,0.201011024448324,0.265063724329711,0.567548547279038,0.264455359742345,-0.104013406151916,0.567384786850079,0.040761628122601,0.439806415883615,0.738995169561955,0.741959316495845,0.669878006420712,0.872471093854035,-0.0105391236447557,0.14473171558841,0.407426785070332,0.453867575785554,0.561428497362169,0.468603820770326,0.432271500093811,0.468658991557539,0.416446950842631,0.500328700955378,0.612404255873275,0.708101271503157,0.499071526857313,0.257582193033998,0.541353209831258,0.319050518076675,0.38519171180779,-0.167133163672738,0.419971555569371,0.405058543927531,-0.569522303653252,-0.499903473850945,0.24585440744789,0.358528459241183,-0.374786498039162,-0.0650156790215987,0.0263660873252985,0.187416959081889,0.171953315505215,-0.00454742779781742,0.430883071021499,0.0178727563514744,-0.416875713598068,-0.368539358236689,0.0648578894417942,-0.464705003020146,-0.0449926611202426,-0.354424838109846,0.0437964851424462,0.233635260430222,0.670070723732759,0.299814530406482
0.0405449258975961,-0.0115183694492489,-0.086342368049366,-0.185532948257111,-0.00500180775246795,0.0776435244447614,0.0491326254410731,-0.0444821019727655,0.0819349114258074,0,0.571250464920646,0.336854638478374,0.0261937028218638,0.027136448711558,-0.172216323125571,0.107359128748686,0.1131834114565,-0.149708434098233,0.0586529620706631,-0.0813101230911577,-0.0903110148729023,0.244657452249515,-0.0069810388922317,0.30307377634079,0.313255470374427,0.193386986310907,0.237299647279294,-0.103586701732881,0.151487850027111,-0.000497846049341912,0.0347114502286752,-0.011260528263174,-0.100705109732728,-0.116809567615122,0.349914510444417,-0.00778741742430825,0.246199526553487,0.166854235567642,0.21962991462262,0.558514998118111,-0.0120292233427613,0.339320441881816,0.15468940190274,0.162701876293181,0.248114600456686,0.156329287658924,0.0619852145069951,0.0248454578647574,-0.000661159400186123,-0.0714395453979389,0.022247371040645,-0.00327865686835794,-0.200558890555772,-0.153891455968977,0.0263875936516517,-0.0271831038772542,-0.0957675254591188,-0.0223443595952413,0.506526850112663,0.543025202973225,0.31316510582252,0.0931498482348252,0.193507786963115,0.0208678472035214,-0.0657792037537794,-0.146213479143001,0.174439430722221,0.0548034148469241,-0.000560804625458147,-0.148548140591236,-0.0760050460001673,0.444966834632266,0.0261178353937715,0.38050273321572,0.433384299927062,0.421042972587865,0.12683956217123,0.0327406230497442,0.028953465429926,-0.236735519424134,0.0862283338059962,-0.129759302524986,0.255162380070705,0.388965450168304,0.314571264759998,0.117959197364702,0.242116320081964,-0.0456876724578873,-0.149267591143329,0.19772489586008,-0.175493380692429,0.0108982164236868,-0.0317829716822335,0.0674534169178801,0.323053889137418,0.325248521565754,0.170505666047811,0.0485280784947123,-0.0310536325443075,-0.0134724325095206
-0.116593204996263,0.116567612204562,0.0980012492673665,-0.0518411342428553,0.0508400482356405,0.167326100266775,0.299616548303115,0.261143181325764,0.284606621618435,0.571250464920646,0,0.624557453996588,0.324613266469828,0.200472123470594,0.067827938004592,0.0835895220047359,0.264455234938297,0.144179797361426,0.216501018891165,0.0992621661982595,0.0780098842999453,0.281588050100749,0.107124725843163,0.38867486535818,-0.095828660880276,0.359658589358231,0.124309653343592,0.126258638215767,0.204068638498222,0.123727822864059,-0.189821005719722,-0.106265514107627,-0.170384734998926,0.0939134071724003,0.273633268236939,0.206869620062224,0.336735895413764,-0.0412037657140912,0.161670576594774,0.518840595617037,0.295177058635594,-0.0556014117073112,0.164791955137444,-0.0575503222123199,-0.0154152945281432,0.0478632526422274,0.101069106547882,0.11119918833783,0.192302556127373,0.120287914268203,-0.031948958663617,0.0993913224487758,-0.132077437860271,-0.0106571267719114,0.216590246334034,0.147020920684209,0.169633565767437,0.238811269776136,0.102082589383327,0.559594416965674,0.394250620111188,0.428183419383842,0.348390443430693,0.216975303871043,0.113016193054009,0.090125637999995,0.143410256711795,0.252220301442825,0.166202619333489,0.126269136667285,0.103870623950103,0.346718855577445,0.128878307058147,0.276235810705285,0.398223390720203,0.0218944455683732,0.208578584526266,0.178945923701841,-0.179616006355598,-0.263871475215029,0.144914518342665,0.0872946510774946,-0.0266516958009552,0.237606855972261,0.159522427199165,0.115761155620883,0.227924498971037,0.139573680283359,0.169443446397259,0.23344483405491,-0.202102241564324,-0.111607714319619,0.0956435645565269,-0.16032842689827,0.0948578130835332,0.0136097383200867,0.103648017947829,0.0919263261718575,0.179689604507497,0.234223768288315
-0.163505328422795,0.0960372548382619,-0.00784900245919216,0.15831221683932,0.130430787652509,0.0825798117987106,0.257704152518354,0.27378663780648,0.230545789568388,0.336854638478374,0.624557453996588,0,0.296527304715292,0.250204623857326,0.210826566389261,0.0014894409405731,0.177128934805445,0.297788664893781,0.123309229584256,0.237187604225177,0.258500338088409,0.104931940719701,0.137289971671636,0.586637480857186,-0.156121214328328,0.617996822953207,-0.0306172275328728,0.0898894520920834,0.272903680516761,0.209916160546887,-0.424534782698774,-0.162889902030354,-0.14031608330613,0.187942312515099,0.0365692947971925,0.301915202995877,0.411753017443056,-0.328494788336242,0.138848341262367,0.490358841828624,0.348530819104194,-0.280852049169972,0.161450252408481,-0.222868015870054,-0.244849035443999,-0.0535459927086008,0.0361205478075891,0.0308031054509195,0.239251988324147,0.0761230627478514,-0.178809461637992,0.0112590322638765,0.0114588770438241,0.170709520665559,0.0802578599678336,0.0935419688037246,0.209220091260356,0.226651034260779,-0.0880878590475822,0.664066967578344,0.562770260500818,0.475011906067748,0.263946485202189,0.245509296036434,0.181578761641681,0.184060198601491,0.0897514618415872,0.230592773014124,0.231566975098649,0.210168706957034,0.195627425646138,0.095083557617012,0.167259070375823,0.168179916850771,0.566373169036456,0.00519764373980464,0.259377093639942,0.308411775322556,-0.373103169901042,-0.231718059414554,0.191391175318352,0.112445196777393,-0.38676200580481,-0.103606528472034,-0.0091761129823344,0.0180699599605104,0.352246907467887,0.0611187267183305,0.258369656660671,0.177617085113634,-0.159428043912217,-0.259879083398416,0.062609394684612,-0.243142460865729,-0.0205055066475062,-0.275303088524599,-0.0351442223834754,-0.0142080547396028,0.234116270076929,0.176717918139952
0.126111717571208,0.377144022048345,0.35939961039517,0.250962958097684,0.275498213436968,0.438693012797864,0.461939568466237,0.436600869672644,0.386647975360943,0.0261937028218638,0.324613266469828,0.296527304715292,0,0.375122078655724,0.352060548792881,0.342677009184401,0.550882176861891,0.341485366582036,0.389147203040146,0.261032526044371,0.262092583529323,0.352241154824232,0.257260469005981,0.129804008617292,-0.0875758012352491,0.258611503044392,0.0994947350518387,0.259859187376227,0.227756766571867,0.376600013681246,-0.318200068777966,-0.229358301383962,-0.283978570938551,0.284460040810071,0.145543777301024,0.148200683184598,0.0657166504369826,-0.169087313585076,0.214114721941833,-0.0621330361437664,0.144015656737251,-0.201207202407905,0.10259053119403,-0.230885729251561,-0.0819411631598579,0.0273709286675042,0.147422731316542,0.212934469629985,0.292858963763404,0.0862437065005602,-0.00450791199493096,0.493859995335632,-0.0351227572033252,0.282567894559561,0.445912557473394,0.475660288391972,0.398331401759892,0.458729690790933,0.116968770048786,0.217567233044892,0.607763894634832,0.825054088847726,0.540998217517303,0.277714308861603,0.201169224845408,0.323932114830412,0.13888638715037,0.374520846952678,0.342887287447295,0.407679359862603,0.192300748297974,0.169473132370863,0.238172735716539,0.169924333527451,0.28008099979806,0.112662891208257,0.274608425335201,0.405226463691084,-0.327978759740725,-0.215529454307182,0.0905354584327288,0.164838730041575,-0.230663739001221,-0.0201061578333305,0.05030582101361,0.120796477350401,0.0315200092946042,0.0349628568763361,0.122030909525664,-0.14558316892322,-0.321627930525528,-0.0921264314753813,0.173301440167059,-0.206572449983826,0.0426000650212872,-0.220829053950164,0.0188978338798691,0.154500746127228,0.337198590344003,0.112077966027246
0.142857536996468,0.411581747774028,0.35346958228715,0.291828697991366,0.505382296037581,0.530213900138511,0.466465380768784,0.432491629503635,0.515560501579557,0.027136448711558,0.200472123470594,0.250204623857326,0.375122078655724,0,0.81274212942921,0.325276040470213,0.58652324364473,0.596880751470224,0.731925589448229,0.572920245620076,0.741171188615122,0.402737793314001,0.798689321069896,0.14671977331578,-0.012717719208194,0.420645632180556,0.247243144311918,0.19102592149636,0.582742094488414,0.773228777970812,-0.511967876777035,-0.195780405469196,-0.136646590515102,0.608258110071246,0.0904132016037068,0.464357948955184,0.289313097192171,-0.273946328734654,0.369708527109012,0.0288750598478538,0.432863484605718,-0.286494962618699,0.101824811397558,-0.221446159030933,-0.175928411492474,0.338239863913266,0.633638355775726,0.664323505036291,0.479995050295445,0.232414786477731,-0.101242217525693,0.435653812750128,0.0335604094038132,0.40633824341588,0.45963041017804,0.553954696586452,0.423235756365776,0.509655211112775,0.139094993489567,0.161209366257722,0.407082853370314,0.3306454318603,0.648692279276882,0.785287711428273,0.77942205499142,0.778096595450062,0.185019631307226,0.599127825249716,0.726358584211115,0.493531399763139,0.602825084316424,0.17738482315069,0.74877216062859,0.40612708113093,0.353570448917185,0.0258031580810377,0.602363005852056,0.694927903139023,-0.529320030002406,-0.39240222060881,0.52237041922932,0.393519022885788,-0.399140675220908,-0.154004317469643,0.0989783375537555,0.445907830305659,0.344897275826827,0.0689137070807222,0.359079627976409,0.0131940603857154,-0.240285909821685,-0.206370974309434,0.369675586602047,-0.22924591605516,-0.0637378989659194,-0.319171497554111,0.332033402180904,0.5363737807175,0.534634881871141,0.206330059609632
0.00831057647655201,0.332342529381034,0.257785284399368,0.398060796402032,0.467080801254684,0.432209072402108,0.459478137890648,0.429224707461254,0.448408364881329,-0.172216323125571,0.067827938004592,0.210826566389261,0.352060548792881,0.81274212942921,0,0.230133371072466,0.472558108260071,0.632539917608677,0.593519129618809,0.595380989868215,0.810060550925322,0.243847987242221,0.712963547992645,0.119849315692972,-0.154054807912893,0.423174541208475,0.0855509847402175,0.278062384143918,0.559115696464434,0.768919817188309,-0.552506055234476,-0.214269904263475,-0.0944512770036681,0.615192338781336,-0.0596895360460551,0.430902404496062,0.235245170132596,-0.389019151654146,0.309584671762801,-0.103337156926601,0.39300894135494,-0.365574954394295,-0.00850927724655958,-0.336999748457234,-0.266907200487572,0.188735670465763,0.429037445627057,0.531899207159847,0.407571037746651,0.153164473531795,-0.245712751719858,0.344194993010432,0.140937518432104,0.503087915981213,0.358282462801477,0.493196630417679,0.486905503417161,0.477864960287465,-0.0113116382526244,0.083916764828411,0.340076624431949,0.337177574010433,0.546841418494815,0.722274692403702,0.7761578395673,0.888518394803821,0.12976146746813,0.498625132233636,0.661336186872975,0.525574878591878,0.647084223647242,0.0159211278050189,0.694700909957974,0.277621372101897,0.243390464992735,-0.100571918616371,0.572205269084717,0.68333094242083,-0.529120951960396,-0.346878770441839,0.453256063979073,0.428597503337765,-0.513815554542157,-0.300950607302162,-0.0453732508159648,0.28750665128536,0.26536360632097,0.0604821017729655,0.367423895738994,-0.0438805146743003,-0.172462511088649,-0.306877819749894,0.33147103754813,-0.320636139951011,-0.198143149994266,-0.45367620108447,0.200131245980113,0.401510014524462,0.487656758242533,0.141316336021676
0.320748902193263,0.683587983268992,0.530929129296397,0.15719363192237,0.284947978896774,0.406508386684127,0.487675768380449,0.444433898037202,0.412898727595551,0.107359128748686,0.0835895220047359,0.0014894409405731,0.342677009184401,0.325276040470213,0.230133371072466,0,0.452115995757514,0.337294393445165,0.339360111882761,0.306463197575722,0.312004786616553,0.358680121296816,0.310905665855985,0.172054854383417,0.0255805934915309,0.171823805975958,0.293209492421682,0.124541570867437,0.295468581305736,0.310420357438239,-0.329729857579854,-0.346816974898778,-0.416186377804334,0.290244631760009,0.328962637447343,0.258655796570549,0.128844430662494,-0.065839729091848,0.110197251510339,-0.0186178997028484,0.128133451022929,-0.0890118524356712,0.209369108254466,-0.160526345238595,0.300845269651362,0.1745854012452,0.312733596209819,0.344597435958724,0.253419827968333,0.109166991424317,0.275379242457668,0.791279233021391,-0.13160159079323,0.16984683818222,0.395181800865054,0.53821750045141,0.416483976815274,0.408179466145653,0.268407622836172,0.0181067582932859,0.468747876451855,0.338430284935829,0.31776017683619,0.143770099354771,0.16450089913203,0.235008070980622,0.289609337692097,0.245983121129254,0.277780868958408,0.390916616964688,0.294416283049577,0.258025911860524,0.277935404872888,0.400103807807434,0.327774123419746,0.315742241351093,0.227315120655187,0.344879897921102,-0.38578670111749,-0.372541175546882,0.104815869193468,0.0983318078783215,0.037232760812403,0.125456042027894,0.225159849643281,0.186850878902316,0.12035835150779,0.039710376942567,0.0955258495630534,-0.0186324339099621,-0.528742839505224,0.0370540766749822,0.208587812294371,-0.103993379580391,0.381214291487087,-0.0379596087866465,0.0890363099087817,0.260978397279825,0.366484277862317,0.113028830670012
0.219361519117166,0.524173867304878,0.537291700237761,0.157459137908007,0.356254967879248,0.520581378874936,0.485554608326887,0.492815514790536,0.583075705449694,0.1131834114565,0.264455234938297,0.177128934805445,0.550882176861891,0.58652324364473,0.472558108260071,0.452115995757514,0,0.526932140247759,0.786211061673939,0.420606457086792,0.559946677737493,0.614237430103085,0.512621663205385,0.212144697206087,-0.0596720224646086,0.272377476108021,0.410766144279787,0.386276158361452,0.584106816037068,0.556419645546748,-0.465862976095748,-0.345021765731728,-0.438417363783114,0.515326909373402,0.369693720089871,0.317114129089457,0.152092254331759,-0.247484636973067,0.0925412759459158,0.0505093589225073,0.277843314337061,-0.209811351839226,0.165935874350842,-0.227768744951589,0.0920592812172042,0.286784133163796,0.425194628930706,0.472985363428321,0.379213505506146,0.180227127662424,0.0323900999662841,0.559183688631716,-0.179641258608011,0.213110539631119,0.552807912753435,0.575711516043779,0.386964993177132,0.577078830926891,0.167737909237319,0.204504476334113,0.520497586460594,0.473649821425579,0.687157597302107,0.559478734397628,0.462651536249267,0.441986259277784,0.341193067631107,0.653668241633441,0.64017448519077,0.506740480645028,0.504784744184718,0.407018241979978,0.575956240177662,0.343450479019239,0.466875004318051,0.197334145182461,0.52507555385626,0.594534689956649,-0.513458381774585,-0.433838895568177,0.394939240448149,0.309244725238097,-0.176627995509483,0.132944348973116,0.338443743352105,0.442728042164204,0.152618049105285,0.152931148061458,0.210000574477796,0.0149584306241478,-0.529886053095176,-0.175171943640035,0.139334370877511,-0.258877052200189,0.228565970215463,-0.20450172750607,0.303373219648586,0.485655103492909,0.427191305156744,0.218013709912439
-0.094544689129636,0.486096612043213,0.354372151204154,0.442986941633023,0.513562962760877,0.495467616743796,0.597119846521915,0.702608794014915,0.647509517940812,-0.149708434098233,0.144179797361426,0.297788664893781,0.341485366582036,0.596880751470224,0.632539917608677,0.337294393445165,0.526932140247759,0,0.538375286014992,0.68088216394159,0.714607294193838,0.330605857630665,0.527121631542742,0.202094524711794,-0.330332338310664,0.404500044831741,0.0379108590164665,0.300699410433874,0.535912025501644,0.506090049861902,-0.639713767134196,-0.346391283505219,-0.206603198034666,0.78278085883562,0.0402638573645521,0.625035579417369,0.298234765525077,-0.539547791653404,0.119337705628928,-0.0162825487330378,0.472535497901477,-0.522040868965499,-0.0212689671527389,-0.480257397506805,-0.18394775316224,-0.0180018211578435,0.282279197123507,0.334458659316291,0.486851313826175,0.194134499017729,-0.268790362098193,0.450208166470772,0.111450738166888,0.506278800115524,0.479264187745001,0.618146078945902,0.634288150551333,0.66129372910026,-0.119399455292423,0.11191154061741,0.389387698444525,0.429164206962634,0.522777678647734,0.547057589353859,0.545709611410818,0.574843552740438,0.29692121260241,0.495216484399999,0.734950450157781,0.778210645010235,0.652191178029405,0.14793066573459,0.594735127569685,0.216046257561587,0.295952478251657,-0.204860816229188,0.509058423006513,0.502715334956526,-0.62919440401505,-0.448233655518354,0.408861773803058,0.525176401624832,-0.510426617275769,-0.154151220085979,-0.00291863741000529,0.301010865837233,0.283173687531365,0.0370829073147132,0.513177625293966,0.0336620694340457,-0.290590823517045,-0.426292933734554,0.206197449937945,-0.478226556970634,-0.167061616535011,-0.509162880019251,0.0346012629758728,0.235952582223701,0.578676137722238,0.208196285755704
0.16842645649959,0.436608820901744,0.432795556908963,0.180286896565737,0.408824520108336,0.502211894169319,0.490856218137481,0.450914650112993,0.528480911695627,0.0586529620706631,0.216501018891165,0.123309229584256,0.389147203040146,0.731925589448229,0.593519129618809,0.339360111882761,0.786211061673939,0.538375286014992,0,0.500700628323143,0.616803052939891,0.464760467533894,0.574665175467719,0.11061238316698,-0.000679242784210993,0.273918326293722,0.326114348315072,0.297050067733725,0.56265712663857,0.590135047930571,-0.385134438537312,-0.194775453920668,-0.256750461388729,0.506551121561844,0.200079563293018,0.401781326497395,0.204858324118468,-0.181932518028532,0.244839023800021,0.0129359994273905,0.320484214672301,-0.251890632178826,0.0550246910615276,-0.168550949133528,-0.050474347034926,0.292778868686384,0.460030548810696,0.504001913638692,0.445848620789385,0.219475368390754,-0.0371261003228229,0.462982343787034,-0.0312296000143679,0.259672056471454,0.508008393351781,0.550226952546056,0.404657990966995,0.522236012052054,0.151813947905921,0.126384441290569,0.353080281981237,0.311721066827514,0.685590713903981,0.738223126301485,0.642527571116314,0.582395320641722,0.268796105576524,0.744475820180456,0.688918325822036,0.519897515825163,0.595991758573598,0.261546745755279,0.67001787557645,0.359929592694933,0.385118964668563,0.0599672954695088,0.578438482959767,0.630678342262755,-0.419435520801312,-0.360076122793249,0.410778995777122,0.294641840004496,-0.239515006926705,-0.0161169566653963,0.229454332634252,0.392710437330997,0.222483426186491,0.140476615045707,0.329282054521286,0.0143434970099031,-0.338806748222653,-0.149436698913969,0.220976443006719,-0.199395518448383,-0.015804349940884,-0.178561705622358,0.322704424614458,0.536543437984224,0.48655720396026,0.232565481553008
-0.054927444042051,0.438364119280042,0.259177773333259,0.25580508887984,0.425166906012021,0.328232433051175,0.416252499509625,0.439564035078798,0.493056251792677,-0.0813101230911577,0.0992621661982595,0.237187604225177,0.261032526044371,0.572920245620076,0.595380989868215,0.306463197575722,0.420606457086792,0.68088216394159,0.500700628323143,0,0.700852885601185,0.145389841960567,0.446545938822199,0.191858350285111,-0.275353467875676,0.269103212824008,0.206680699393729,0.316215706067566,0.624292747513089,0.507532915197279,-0.641049598834456,-0.442094618990741,-0.390983589084712,0.502650440727693,-0.0353204505709315,0.6950117245501,0.40633576104479,-0.526214852677338,0.0931078342077372,0.130298301494892,0.526820023509522,-0.36072288296602,-0.0174159462517197,-0.236161908941313,-0.082716842281533,0.199132380711585,0.338585131938924,0.365356223980351,0.556338291658781,0.447908225149592,-0.291638282144971,0.363551618387629,-0.0869197431940543,0.324599016645711,0.31370601944819,0.458133929459752,0.37109047070953,0.451557389925645,-0.0620816065916576,0.11499746426026,0.389356719141051,0.337991641899169,0.51268917154413,0.492903892552647,0.483872662853009,0.530269386715598,0.343151592461446,0.358396508345194,0.516954510389306,0.617893649001425,0.790638486209739,0.0231631657533133,0.517199954041812,0.399742660530753,0.30589000016657,-0.163149729406586,0.646710531914384,0.553645755838382,-0.631656385600656,-0.491937521451799,0.383683277375538,0.483597284249504,-0.413131991748445,-0.20742836717237,0.124754440994992,0.345186060074328,0.385815307926761,0.212449568696799,0.643798536652556,0.27016798058569,-0.365854447953253,-0.36089417325519,0.271491789438293,-0.412674423759235,-0.100148604776043,-0.332524898420277,0.250338945079497,0.436738312438065,0.580857250062018,0.369768552865183
-0.00455394697102478,0.428727471726189,0.273086826448448,0.419684593884168,0.501224559841173,0.421395683017235,0.432554100370018,0.456527919588447,0.530251756574243,-0.0903110148729023,0.0780098842999453,0.258500338088409,0.262092583529323,0.741171188615122,0.810060550925322,0.312004786616553,0.559946677737493,0.714607294193838,0.616803052939891,0.700852885601185,0,0.274033154783101,0.650988495580508,0.237827853399022,-0.189179055951038,0.404657947414836,0.151361188753245,0.24418073671799,0.677815834779849,0.716396887429866,-0.698473390539755,-0.357791100416181,-0.241628536430143,0.654004845145938,-0.0345954006460477,0.519310451496438,0.264946979095488,-0.493324804523265,0.179897888710452,0.00876287378456431,0.429272935258667,-0.445022658091486,-0.016080370457694,-0.402420541702383,-0.170426055658251,0.199305142248527,0.38200107865172,0.484903767607637,0.438920865828172,0.190111765091377,-0.288365054300013,0.39009725179268,0.0429198285966942,0.481240693553061,0.381452829593707,0.525565874430115,0.480034869581609,0.516421857800473,-0.000952590452777281,0.140334657071117,0.407366518774384,0.329875208136942,0.559038811907921,0.667182472395246,0.706969671062909,0.761046377428306,0.294771051994719,0.513837500457966,0.727670270195194,0.624134859950342,0.775056499568372,0.0856558338672483,0.703597073452645,0.315925426169625,0.420696546252109,-0.0552768409675914,0.639287327298891,0.685985211517978,-0.692096901268319,-0.508213456091611,0.512503149535552,0.464507888741855,-0.549610942066924,-0.296882170797586,0.0369661268129509,0.303371980975521,0.310572130422076,0.040523954955123,0.384306491667626,0.0696270346317319,-0.363690795448776,-0.39272761223266,0.222932227478721,-0.404768092359199,-0.130178672582068,-0.47966857665467,0.206414317835455,0.394806534185274,0.540351329773468,0.188122049108112
0.29156508573802,0.258979306235185,0.421958505208435,-0.0673921287707828,0.0992969934791918,0.374810240757454,0.148239590808227,0.174360451596101,0.286175217123126,0.244657452249515,0.281588050100749,0.104931940719701,0.352241154824232,0.402737793314001,0.243847987242221,0.358680121296816,0.614237430103085,0.330605857630665,0.464760467533894,0.145389841960567,0.274033154783101,0,0.575707739547169,0.177662692522031,0.15229572668152,0.359785126334923,0.536485015845721,0.238634732471632,0.326874782976702,0.478201376378545,-0.171819639025184,-0.102682060551496,-0.153615915974786,0.572849803589831,0.691769759782712,0.060238664515196,0.0321329093025082,0.0825327118710599,0.159778403556767,0.176939766896547,0.135633684797704,0.0178231522617686,0.462360001125073,-0.222677872552772,0.158547449274983,0.277084584547724,0.525361988929394,0.496883611463738,0.113129934473351,-0.0565649543028332,0.203256225606305,0.423965499449029,-0.278590655101874,-0.00556702035087625,0.375105434925173,0.368468841762338,0.0634099140753516,0.266683702111899,0.218474614268324,0.170238433929361,0.273009151915228,0.1866117289422,0.523392425797359,0.367377810811851,0.325311542539217,0.235977676988386,-0.0150840230501804,0.346379389973144,0.492366973382151,0.193508349224228,0.243374619186936,0.629738533859931,0.437675800211654,0.160541423423893,0.224925451394458,0.317142201789638,0.252637810892292,0.38619118148901,-0.250555567821869,-0.226971867307857,0.423381233611229,0.196189185275418,0.102142102034758,0.429240847916352,0.475590392339774,0.501002895985233,0.0507077650304708,0.105188698600313,-0.0445393871646341,-0.0191489634596896,-0.36556346950472,0.0250558105682986,0.168481969465007,0.00162595851886123,0.353791769153232,-0.054049551177326,0.268505331726412,0.313027289065698,0.161088807632214,0.0325491738036725
