0,0.150247818779031,0.454818831352754,0.349602218593094,0.432750069104255,0.665744701774549,0.324750925397154,0.308693661245446,0.32558142325413,0.215687221154485,-0.336675775843681,-0.306443611659874,-0.177840139167253,0.0162218720718597,0.00965458311722606,0.633342398422553,-0.183350188535401,-0.29501317511407,-0.26754561414927,-0.200346948716232,-0.201954355194961,-0.156720369568053,-0.0228565090572323,-0.356563785410582,0.116988559587297,-0.299327536938843,-0.106575131887517,0.138509535041662,-0.223758062316911,0.0221766888982235,0.177926298847941,0.528925467723396,0.401324408195076,-0.338043010549172,-0.202654162469703,-0.279363481453376,-0.3713825483311,0.472077112545951,0.0401689947481758,0.232718039144621,-0.320253692449176,0.0256175944370704,-0.183012406380708,-0.11336524646679,-0.186213001413134,-0.0284591506599321,-0.0669280686887071,-0.105588241471639,0.0237185724112281,-0.310255634282105,0.718072685593097,0.501469881141406,0.42592545495747,0.245953392539693,0.436362729329525,0.607068470611127,0.263621057447166,0.238426218795366,-0.230997975589064,-0.482202034374613,-0.18512634761568,-0.0535969392201486,-0.00198465217667259,0.0904013965098472,0.0678578672787124,0.146520009528723,0.127002161907185,-0.0860110171003065,-0.305356718590217,-0.337828285991728,-0.0753144140388239,-0.131418781198129,-0.0990557103517985,-0.377503568719466,-0.246520830755304,-0.459749339850668,-0.148095431463273,0.0357861239706922,0.127037439333266,0.53001976551195,-0.124827291948241,-0.382281409204882,-0.155322259305317,-0.236862555733531,-0.169259860129157,-0.234653273525207,-0.291893271323721,-0.196548807298728,-0.382707636547003,-0.340663269485233,0.41578941780634,-0.136921760520182,-0.163107418075832,-0.202036739047079,-0.246232372323783,0.00485930219886962,-0.0651034667038908,-0.15470756670212,0.16980365111305,-0.306678672804777
0.150247818779031,0,0.462914371801654,0.277765501174591,0.545931022320987,0.310233237445831,0.256995134365709,0.41577503785646,0.164061795990566,-0.221843424694128,-0.225440552597972,-0.0419191560684753,0.0614598021570902,-0.0144190319360296,-0.0300906227657278,0.429679587774228,0.0815644444205961,0.188285111891498,0.0772693666081194,0.195424127586877,0.0874552610824225,0.014535298649777,-0.031686880939432,-0.0548965111881224,-0.204667299326645,0.0628795602845264,-0.0925918992321704,-0.000715522638210438,0.132322549364865,-0.0950302074772696,-0.0891696807509099,-0.0673885126000888,0.0134829734637122,0.0529435392200807,-0.138433700666876,0.0211376397951528,0.0485114307379345,-0.00547403683180974,0.0377020191167891,-0.030012992650593,-0.142937785544076,0.0937011564359344,0.0698274455322541,0.0750244379598495,0.063539875512023,-0.0962096814347185,-0.153600331532008,-0.0996453770603313,0.096020639099401,0.0188585032687918,0.0309492712125536,0.422223623689388,0.0972155901053669,0.202079069504479,0.404967091460409,0.18977096360017,0.244402341414811,0.200361029323203,-0.195403358959788,-0.161766403430224,0.200109796269665,0.100835496839939,-0.0486043836888819,-0.0388130219965697,0.0166449329518992,-0.0627113113317186,-0.0746624800363935,0.115821697928937,0.100408259353483,0.132588885111802,0.0994132847260118,-0.0369274262278104,0.0222767327897017,-0.104094469857171,0.118802607558594,-0.120018593377302,0.141673493579266,-0.140517508298471,0.050290978778944,-0.0689456568629032,0.172312646361469,0.0328960987099031,0.00858691285462419,-0.144804495832145,-0.0528696724388052,-0.240168523541951,0.0840957578110422,-0.101230917356929,0.0259684989998106,-0.101340036292214,0.00885705820696596,-0.254790624593715,-0.0574271124817793,0.0395290090806637,-0.0307753620992765,0.134115724485181,-0.0697932058552166,-0.0549195121327052,0.0174629904443443,0.0203208937803181
0.454818831352754,0.462914371801654,0,-0.110527685240143,0.29760593182941,0.640083568604848,0.478274943754329,0.571979089674958,0.330581850671642,-0.135044677310885,-0.172256958526407,-0.0192587980137328,0.191545298027927,0.125232151377089,0.0119913283523087,0.197540739677629,0.262283859351892,0.157393739993908,0.119198750028159,0.285710327032734,0.304018994626581,0.253870873246722,0.020126472249513,0.0542385209908101,-0.104445808066542,-0.030053390869357,0.0651582316120811,0.263739058854706,0.336497788537347,-0.0675589569544863,0.0119315202775328,-0.197578369741693,-0.333853733493272,0.202687785079861,0.0441224060709852,0.0705383610366531,0.162353288009062,-0.0147205275814498,0.278859801484925,0.212723794575531,0.0624305144751857,0.220657642226651,0.0884231995512752,0.193894936426566,0.151664104213143,-0.0821736133444619,-0.0588923450652287,-0.0817343634404089,0.32485944173003,0.0835495986333661,-0.0263734638114321,0.140851717540693,-0.219873701561454,-0.135650347571019,0.686147051953537,0.450581282851141,0.356425534828325,0.398730532195998,-0.0466723475430989,-0.274218894240805,0.139705540228748,0.229148010354917,-0.0360374581243904,-0.0671561683993347,-0.0221997523572255,0.0205015189086456,0.19045563092897,0.218517775308714,0.221039227061863,0.239922763286522,0.185918508050574,0.140985926553477,0.0154216646044735,-0.0133291739783493,-0.000422297405985512,-0.237325635853603,0.327982551958308,-0.129480077004727,0.143497620557356,-0.182193053958117,0.208338003150219,0.147261192457689,0.205379587452438,0.0576205014323749,-0.0179679082655546,-0.208922117932966,0.227823528985288,-0.0235716384594188,0.0527026196793207,0.00762208979886706,-0.280009333171041,-0.1989296489111,0.0940425979323603,0.037810344424358,-0.0206441346092264,0.239041780293295,-0.103663311216488,-0.0488652845439885,0.243152815088811,0.155546852592042
0.349602218593094,0.277765501174591,-0.110527685240143,0,0.675443585259437,0.229535102082526,0.0811701688913324,0.13245892443438,0.158101945854507,-0.0642834149004502,-0.218596126947317,-0.191867198988422,-0.29412186607627,0.128619149482216,0.250523918217866,0.672052198279588,-0.392898013860658,0.0375589266356497,-0.15671574877388,-0.181867516080703,-0.279150625644605,-0.397544445412234,0.245491061291295,-0.261112582463925,-0.0364353995399174,-0.153100670785836,0.0846258845520628,0.0390382401778371,-0.337647385397749,0.347905478252843,-0.111471268224906,0.525681268536957,0.736359460594472,-0.412361296896491,-0.226386397312707,-0.0488679140260621,-0.362516381623708,0.308744538196219,-0.113619764443722,-0.0800425942125683,-0.34443125900728,-0.0671542972367616,-0.206902093167604,0.0797138070750466,0.00146885293405121,0.364639834946522,0.156066049120086,0.221145391162796,-0.0162741315372241,-0.177316564640348,0.592656891535441,0.762543624439606,0.825097174552835,0.755233768058148,0.103181687793993,0.258958584746878,0.164856531943419,0.028810959824617,-0.288411275252821,-0.164168604145631,0.140927830792683,-0.145833757106639,0.220745877638493,0.290876940701212,0.274410894649591,0.318550314440997,-0.0950421562078227,-0.101818729475739,-0.332835153257725,-0.239853867468426,-0.0206369124891089,-0.189377852842068,0.202926973553952,-0.2370856177382,0.0437728109177545,-0.152522730482324,-0.277852776133831,0.320420239596886,-0.0837889921966665,0.54558134032429,-0.0805186873606132,-0.265902771714592,-0.128046136923626,-0.188207562091789,0.19639186584117,0.000759546242916472,-0.343568536902297,0.0355273484837523,-0.17974410364125,-0.224452475159256,0.662279826200773,-0.128246906538364,-0.0355369642246531,-0.00714688884691187,-0.255471780446424,0.11376326066344,0.408554368519205,0.204542384612789,0.0804214627977856,-0.27215060009205
0.432750069104255,0.545931022320987,0.29760593182941,0.675443585259437,0,0.51372742310978,0.346349091843493,0.455879510300363,0.383497848235532,-0.0221506470771405,-0.124946170062219,-0.0777353495340298,-0.229040090703731,0.0328570417368747,0.0843616921132826,0.756749411395416,-0.252380556307274,0.0308722362043859,-0.167665077464045,-0.049735437486995,-0.190420008806284,-0.315937473210064,0.149954457857492,-0.138990660658318,0.0856864093920988,-0.127870864391556,0.019908866186785,-0.0639215642522264,-0.242827844603905,0.207713022389007,-0.135688165178578,0.417544783822452,0.443239100552041,-0.283761823826839,-0.270967930317706,-0.0101329504189652,-0.318291657268676,0.350453561219321,0.0707208061375783,0.0817895789609084,-0.250818391740281,-0.122613035273845,-0.170088531359819,-0.0363437182322597,-0.0694715044842773,0.223977375406816,-0.0208127288555374,0.100293632679754,0.127632199478706,-0.152992500635995,0.459803655384345,0.768514848242572,0.569968928006947,0.606181991359003,0.560980842144504,0.432595214766363,0.319346215074518,0.27407952331221,-0.247855493124858,-0.191661296209603,0.11457170911558,-0.114433259252971,0.105364053689504,0.111901350243569,0.103520161501625,0.139295025430715,0.120117550574984,-0.120574714028436,-0.232684898879671,-0.136252557472552,-0.0435263528237688,-0.211548540331401,0.191158391137826,-0.0918529345215952,0.052615158715619,-0.16444039616502,-0.205489159253331,0.164270784468504,-0.0819158612343448,0.393141903839937,-0.00574093219734257,-0.195070895981361,-0.132611947811253,-0.227824485461426,0.107927935290576,-0.154604799376885,-0.252746530995138,-0.0741540589615717,-0.0859431210470577,-0.174313498777768,0.446345807052626,-0.022565485175048,0.0264623879788513,-0.103981227808626,-0.252787677214238,-0.0342737787444936,0.267272341438668,0.165802428004924,0.159791204012133,-0.200613847436023
0.665744701774549,0.310233237445831,0.640083568604848,0.229535102082526,0.51372742310978,0,0.649379120371849,0.673754044901426,0.579356729862008,0.104089546212323,-0.107537530834518,-0.0737532999822772,-0.111632661774589,0.197773923486916,0.156292968585986,0.432679218190624,-0.0596546901731218,-0.0106386180202386,-0.191768857859673,0.0610455446815133,0.100723625660281,-0.0880906078239768,0.188597528556475,-0.0971850434335908,0.218057497999361,-0.22560270214649,0.120837190057073,0.149320864475308,-0.0595783235916849,0.166640720479581,-0.00835254570677823,0.239294395695445,0.0234879254620201,-0.193101950307225,-0.109229639733369,-0.0174274091752511,-0.308192395174346,0.372162584164678,0.447569808714097,0.389866973042974,-0.101640490625876,-0.0189918844983836,-0.149332227987404,-0.00110464261192478,0.0102160137715803,0.124581497817582,0.0291713322500688,0.0540516404712323,0.43629462917024,-0.159278654997895,0.337748602446051,0.401210800711761,0.172880966013645,0.252494465414756,0.781361450405556,0.729139978146394,0.487489561633981,0.492001474553703,-0.108586791806248,-0.3409974318619,0.0118142572437242,0.0220820400549582,0.0843962143110515,0.098283194474535,0.119551457957956,0.218591168533014,0.384266319855599,-0.0247709428201473,-0.142098941771324,-0.0496208871676068,0.0895760205027693,-0.0669281765692807,0.172636802072723,-0.0344447585860491,-0.123490917055139,-0.273655695684394,-0.0137143978157978,0.119701788585673,0.0402344967494681,0.223483292701356,0.0332785179402489,-0.151432321776007,0.0574750596888603,-0.0548856565956444,0.0733143710079192,-0.207519394783076,-0.162970637302611,-0.0199640851231355,-0.0777508417766997,-0.139104597490922,0.133206327239083,0.00874849411313747,0.198428597015059,-0.14908456043674,-0.256801755087727,0.080147690542121,0.11720882606022,0.0783369807666662,0.452716542557672,-0.0818786155431503
0.324750925397154,0.256995134365709,0.478274943754329,0.0811701688913324,0.346349091843493,0.649379120371849,0,0.691079447638349,0.572597170543035,0.098984219694142,0.0916427079243808,0.017108896321256,-0.197609759971037,0.0252032735431618,-0.0387121416056742,0.278017566905073,-0.0111288305803475,0.0759339249481265,-0.173353722035232,0.123040565695825,0.062769729209244,-0.195252223100643,0.070475516460316,0.0833437113110973,0.217461012672229,-0.166819313225806,0.0126678861645085,-0.107210982140953,-0.0624131054757037,0.0220012702537144,-0.0657091354590244,0.0804009865232831,-0.146076043109955,-0.0827999369829095,-0.244916410433685,0.158827947437713,-0.142276753632473,0.35092281776137,0.590516027556253,0.604514087640106,0.226266829661202,-0.124843737302863,-0.143317620488192,-0.0307280609985114,-0.0494707800719103,0.0514540993457069,-0.0712627656908073,0.0688012438298569,0.628061002028401,0.114390059614348,0.0294032953628365,0.257406627379226,0.0067184081785891,0.185187693706251,0.694955620920474,0.594116132568808,0.47502059746193,0.493085438590854,0.0419651493975881,-0.0763289785240961,0.0408462633979515,-0.131199151436822,-0.0790135727137949,-0.0815192399268913,-0.106085546136695,-0.00403378168884977,0.570761594551525,-0.0521140173342232,-0.0553478468021424,0.052580483220026,-0.0495812422129149,-0.236190815317052,0.115910275145646,0.209915902336901,-0.0214214434761103,-0.136725113003376,-0.0741640245822154,-0.0389898122388538,-0.0429093472141371,0.0465930709550058,0.138504985872622,0.0646433781463889,-0.05092416305689,-0.181215872613496,0.045525299772665,-0.224742561174148,-0.0451372650603251,-0.160143954731657,0.145495382303392,0.13204581332311,-0.04213762729797,0.188414267882832,0.410382268582406,-0.117661307070107,-0.261639557977858,0.000950264699685256,0.092362103547851,0.118918233141863,0.570422857535538,0.160657357938872
0.308693661245446,0.41577503785646,0.571979089674958,0.13245892443438,0.455879510300363,0.673754044901426,0.691079447638349,0,0.692842428453959,0.135910113376584,0.0547788571693243,0.038104579874938,-0.069600227453936,0.102458028392097,0.0518391723089966,0.320364715526256,0.0719410337589187,0.187045541193828,-0.000896477463199768,0.0889675912183268,0.145338391481656,-0.0769501261438256,0.0899837405149433,0.0883725661056383,0.243765331031518,-0.110527273102275,0.0561495950363238,-0.0606385569121432,0.0706216872667656,0.0502023610998583,-0.0553742811831463,0.0503993679755406,-0.106591345238894,-0.0166128331977053,-0.147964689494969,0.0317962076504429,-0.0906260895728206,0.3299938427995,0.416936791118227,0.398975251699964,0.0524601821743095,-0.0826195177129465,-0.161179576998307,0.0215830280283705,-0.0100754637886825,0.0400900468585623,-0.0751090178303109,0.0264044492288903,0.459844135510703,-0.00680124983151127,0.0680626617957262,0.331033739175041,0.0639207164126174,0.106834142601472,0.708382715327082,0.650391711259376,0.680802606267676,0.669298182006652,0.0591625186618984,-0.0727380359780364,0.105475933245759,-0.0101152606003833,0.0260926067232581,0.0171515109912385,0.0141513588954417,0.0411384706001961,0.466895044535013,0.0662690407956333,0.0228023368326148,0.186355466960617,0.0740642268567715,-0.0680874736472983,0.119739453961945,0.18222922836582,0.0306097101211397,-0.0283305925471688,0.0435837522839407,-0.0328578800202939,0.0512576466960749,0.0608621195265232,0.0528557666336248,-0.0616582843913697,0.0325023889217893,-0.0649727812366143,0.0659587025091983,-0.224513037126423,-0.0354898208889528,-0.0550274935390751,0.0231210576108827,0.00014703006455199,0.0432352930485681,0.176609013505279,0.314799745465913,-0.054968847609098,-0.202868792597544,0.0757191813678562,0.0833791072475569,0.0617249604012768,0.43458106175506,0.0247326005389143
0.32558142325413,0.164061795990566,0.330581850671642,0.158101945854507,0.383497848235532,0.579356729862008,0.572597170543035,0.692842428453959,0,0.470776670945917,0.082713399938476,-0.0824318095231188,-0.171815343063775,-0.091366871395794,-0.099862442146942,0.343122790607302,-0.00531117594239494,-0.0351421224138655,-0.16315072879099,-0.123110603612915,-0.047183912470728,-0.258425755050946,-0.0598456652521401,-0.127676467123984,0.436895697865293,-0.222010993819117,-0.0656585313387929,-0.271948125557808,-0.12911454151562,-0.0495921924302269,0.1405749456788,0.290048327697003,0.064279804416271,-0.117620765126763,-0.274928439057746,-0.0517773887539258,-0.254453118825849,0.538769333748637,0.300383735131143,0.609116892676113,0.0871071738001252,-0.215676240067319,-0.313774562623488,-0.155580192192977,-0.189655286022333,-0.0325331991501289,-0.162997694826876,-0.055998867211789,0.468348596457472,-0.0221963491118816,0.22973970449096,0.313743525931576,0.203104046610202,0.171161303833295,0.538615007029545,0.812194276379543,0.697552338512609,0.830096599296816,0.207448234015785,-0.0418890427069482,-0.130574909040139,-0.138184097037096,-0.102413296770595,-0.0271160125533103,-0.142764127805519,-0.071993604688133,0.701239025256068,-0.0827395653379956,-0.103208128794242,0.0374396369039285,-0.136371571754598,-0.281686230087184,-0.00707320594434009,0.0811982985756773,-0.167690105039313,-0.0848360446873422,-0.217086709105412,-0.0994236524826717,0.0863340963241685,0.296987197043048,-0.156111548796582,-0.211400852358426,-0.143246830215276,-0.232978298945178,-0.0525028619074081,-0.234924158728888,-0.277023694346298,-0.224326805699513,-0.129226032352292,-0.0759017860705959,0.252211105091416,0.337945249669002,0.265039398135016,-0.158543332527607,-0.326935807477028,-0.108989519306795,0.0128238054986478,-0.0167022829864041,0.519014632678091,-0.0433772701386007
0.215687221154485,-0.221843424694128,-0.135044677310885,-0.0642834149004502,-0.0221506470771405,0.104089546212323,0.098984219694142,0.135910113376584,0.470776670945917,0,0.297641211494684,0.0507895801509624,-0.12864964760108,-0.304056391774596,-0.326878318852301,0.139139659156699,0.0815620395780625,-0.37904923544755,-0.304722224502535,-0.33509573767443,-0.27606737061127,-0.21691567555469,-0.263215187382232,-0.0570855720332191,0.707971922734762,-0.173164932177774,-0.312855851533031,-0.428147044290101,-0.247908216766715,-0.203918093961603,0.450501290357176,0.447211870757694,0.136204116902885,-0.10011177302602,-0.344626353155597,-0.198368266440842,-0.209896065696603,0.609604828153297,0.00918659569056634,0.504157166263574,0.141864065477377,-0.109636598580761,-0.340337348609899,-0.338155425023554,-0.423825552923841,-0.232992168420057,-0.324409213678705,-0.242505084519706,0.0365329869163978,-0.0299650712192063,0.228915650498021,0.0121584774691937,0.117851879552947,-0.0420099706262372,0.0232708554557547,0.40081129070395,0.255124566620814,0.480033099136956,0.546229080928592,0.150206035488851,-0.365822863854275,-0.20763768430145,-0.226224413532006,-0.175660490423473,-0.321009081093298,-0.291165640986618,0.511662862690602,-0.290899978651995,-0.232786230285107,-0.0764059756204917,-0.360451931665151,-0.331493137734128,-0.26132879102796,0.159181962122175,-0.236857348035952,0.0780036690330188,-0.318203128813306,-0.199595474241983,0.295704157785733,0.432967382206651,-0.340330036296769,-0.251055629747942,-0.319471406510797,-0.350541794258512,-0.285461686326131,-0.334109351859552,-0.329482993086825,-0.375983379450296,-0.187481158488317,0.00899614618574197,0.234338398338988,0.533009371497988,0.0672879980616629,-0.0933804032339794,-0.270533231894412,-0.231624219094547,-0.21223312774896,-0.254847986216263,0.276551117091909,-0.000205723037301587
-0.336675775843681,-0.225440552597972,-0.172256958526407,-0.218596126947317,-0.124946170062219,-0.107537530834518,0.0916427079243808,0.0547788571693243,0.082713399938476,0.297641211494684,0,0.763581147694981,-0.0273680642761452,-0.210861715322079,-0.194691307445539,-0.192223067321703,0.127841928361283,0.0449964370797792,-0.180349802117889,-0.0391165143357741,-0.102397782771286,-0.167143104429064,-0.0402867069453359,0.683495644532245,0.543344136907834,0.263121593398558,-0.0771857682211448,-0.38826163244629,-0.135791780456378,0.020484750311517,0.0360238610223933,-0.0573199710424565,-0.265319035478242,0.160311799350448,-0.23978121345171,0.352446069504765,0.0491242615398897,0.158753107009384,0.342145419239434,0.188001255068077,0.501306022447798,0.0885338855380852,-0.120407611301085,-0.111473203731095,-0.185558675045721,-0.0205942899092982,-0.155257632934295,-0.00841661617193675,0.247495663390996,0.357929984756829,-0.374114329259911,-0.22716797817758,-0.209551665493653,-0.110739402816475,0.0532713819115763,-0.119373542658152,0.0373874244975438,0.0666952554516639,0.622929078765906,0.698597242200056,0.187430980147352,-0.208062300194207,-0.142418295969125,-0.233438337150082,-0.331997029327846,-0.264144269888106,0.348244780423869,-0.301139720778064,-0.0700943214306928,0.258713618685254,-0.31722808291997,-0.248793443537667,0.0224822639178071,0.750327478787824,0.16821140620153,0.56325620293317,-0.247937079160398,-0.00271080037384308,0.0721077769536046,-0.130613939720935,-0.0753687234940521,0.344651231447751,-0.141697163000652,-0.111229141497202,-0.00177163803572462,-0.0700430798446342,-0.0362332674445241,-0.0794566584242511,0.452548146114116,0.571995813489815,-0.227218659568494,0.606050991362124,0.507346507876666,0.213100901348462,-0.175990509057648,-0.131897341526314,0.0279057476617939,0.0704902595214289,0.241849479070018,0.402908986551156
-0.306443611659874,-0.0419191560684753,-0.0192587980137328,-0.191867198988422,-0.0777353495340298,-0.0737532999822772,0.017108896321256,0.038104579874938,-0.0824318095231188,0.0507895801509624,0.763581147694981,0,0.129286948260246,-0.0704726853641164,-0.0797149343862057,-0.178293019254674,0.175042527271355,0.237971577626469,-0.0562952242695612,0.151642882928547,0.0327024699898123,-0.0338550828417897,0.0738582609941365,0.752898274805242,0.404997023830722,0.436689248404433,0.0118968792835717,-0.130214602308214,0.00418596602065314,0.109295927674924,-0.0919597194371359,-0.15244617276775,-0.309082374893396,0.234235362753734,-0.124045773880387,0.458736369459361,0.159594381511865,-0.000689542836621397,0.356545078182809,0.0330065863072731,0.427045978797983,0.316036229524566,0.048128552955382,0.012783549469784,-0.0361465675556391,0.0169259276674979,-0.0912321083159501,0.0139444700137734,0.229443546029623,0.354524417793721,-0.42727998818626,-0.206590356985535,-0.270129032809305,-0.119248598803125,0.0520105322723028,-0.237047114943241,-0.0716415652222336,-0.0671755545658693,0.459133475314013,0.555712698478053,0.437451213663099,-0.0159242452670356,-0.0386738061066441,-0.177936052803683,-0.201602911959456,-0.140772613073594,0.170753840852642,-0.160588473825085,0.0298578535538514,0.385607803624717,-0.139508028230864,-0.067422056402406,0.103137803223845,0.692810901640025,0.348118846450102,0.575569647447199,-0.0601314431665384,0.0723594493462669,0.0235965226500159,-0.233807844060279,0.0520197859286687,0.437508529405457,-0.0142713887461509,0.0133550804795825,0.0514396591758794,-0.0826670635483521,0.135652369325573,0.0313708321086926,0.56337073770231,0.552093109570775,-0.321261013207882,0.320938284626184,0.493722242459118,0.342223808182632,-0.046136798488205,0.0169118922203282,0.0441659410876861,0.0908621149966706,0.205457672763885,0.450263973860717
-0.177840139167253,0.0614598021570902,0.191545298027927,-0.29412186607627,-0.229040090703731,-0.111632661774589,-0.197609759971037,-0.069600227453936,-0.171815343063775,-0.12864964760108,-0.0273680642761452,0.129286948260246,0,0.297473800373424,0.163696852838979,-0.263034326965099,0.554678251156418,0.34916108521414,0.648568071817561,0.362590646718808,0.455008686200816,0.642916508605671,0.118778115914697,0.120963351069095,-0.194635913403939,0.427313283031707,0.0591687737575469,0.328085166039842,0.65784682335604,0.0239308781997361,-0.0230683832670145,-0.309377641339121,-0.31934317332612,0.472698257187827,0.412016931138489,0.0367349195404873,0.541938228743293,-0.243998638899951,0.0741216487627693,-0.107489131927555,0.0144407076454889,0.509101398570256,0.479970337677703,0.321420970123869,0.326066181856102,-0.0462678887031441,0.0594314458693122,0.0111303612057191,-0.00393480177763885,0.183970642755981,-0.383182447429963,-0.350697566118916,-0.37135577297819,-0.427273009285906,-0.0934933760016475,-0.159054649151349,-0.202618938032621,-0.0589099914868189,0.0990116304143397,0.0160138803052635,0.287402879767775,0.744743152387749,0.27160039285745,0.0715618180616011,0.180459849970608,0.0509193107039082,-0.228430016913155,0.559132329719625,0.595482858228862,0.40900301462009,0.445838853916772,0.585401069878432,-0.0168273369499393,-0.0427756024241875,0.236849776787009,0.275935269209155,0.612258148527232,-0.00939371335227778,0.0703032621993242,-0.257451620336266,0.366773768618449,0.256528573274172,0.343221829058695,0.319698029443795,0.0381161063924406,0.0108008855375684,0.526062381592101,0.272465023530593,0.0674741820025069,0.0406350913785916,-0.409816237828548,-0.343893395427207,-0.126244405586351,0.339448746498655,0.440896371366041,0.273291451393723,-0.0356492186392489,-0.00986046794977691,-0.238710946303938,0.173861943594162
0.0162218720718597,-0.0144190319360296,0.125232151377089,0.128619149482216,0.0328570417368747,0.197773923486916,0.0252032735431618,0.102458028392097,-0.091366871395794,-0.304056391774596,-0.210861715322079,-0.0704726853641164,0.297473800373424,0,0.851759414148206,-0.0735841410813776,0.00208778283939399,0.307500789549642,0.383466731302981,0.216830408623159,0.525075374042414,0.285981761997099,0.781170736792654,-0.0458274248277988,-0.208823223774145,-0.013203700351066,0.660135840093259,0.625802585611985,0.252719796832469,0.640582846960376,-0.311694804358925,-0.0914611063917211,-0.0382774118777829,-0.0836833867680105,0.560535564592972,0.0443265439015106,-0.0391616769769593,-0.165025324380207,0.21673375328144,-0.108403345238041,-0.246722675070032,0.102232573295347,0.0895019151963054,0.373971200951236,0.469138692998173,0.535615978627367,0.701877676513095,0.533535487362223,0.147684900279384,-0.176776934167388,-0.0690513384592368,-0.016176683933991,-0.0169465880461535,0.0805290098127159,0.0764870110873885,-0.0171709836351154,-0.0598894041424405,-0.108803018000837,-0.270954962577134,-0.230185196237864,0.241880996928108,0.538260843394632,0.740425582902697,0.543934411780424,0.793018821514659,0.814346527586074,-0.171944594121466,0.487317696053182,0.141236589922219,-0.00269141450805941,0.695236014479093,0.59688946862861,0.537653673006574,-0.121498967591658,0.185927518936811,-0.0483101548041246,0.373822320313664,0.603721079073817,-0.178060006923632,-0.0601512615191529,0.258692235770648,-0.0923275032729146,0.374132982781368,0.613391561639902,0.587859282506946,0.366423571976598,0.128822906038225,0.651900598199368,-0.0389384586495662,-0.138036026507127,-0.0919151553720915,-0.328196474536308,0.0724472120788247,0.00984997250387347,0.131376775957313,0.397484465850632,0.502061582903625,0.434065246919246,0.0156169448836505,-0.128178265842449
0.00965458311722606,-0.0300906227657278,0.0119913283523087,0.250523918217866,0.0843616921132826,0.156292968585986,-0.0387121416056742,0.0518391723089966,-0.099862442146942,-0.326878318852301,-0.194691307445539,-0.0797149343862057,0.163696852838979,0.851759414148206,0,-0.014328413884844,-0.214517028385042,0.30624852820262,0.281821842077838,0.128579912259899,0.413553934877916,0.119882488820931,0.775342428841695,-0.117205754934561,-0.190523887734203,-0.00575621392551819,0.672321357086988,0.564469584648504,0.0933060487166645,0.699127875656039,-0.389583541046376,-0.0102390322158538,0.110738488422666,-0.228978532882593,0.549635787807633,0.0238489770502108,-0.185779895179484,-0.122895487877578,0.137861081267186,-0.208145875706316,-0.316368320133707,-0.0215165640861101,0.0861777626221142,0.325961434885745,0.423901518977699,0.593020922152081,0.780542282338335,0.583562018495669,0.0730611688938693,-0.221038583908172,0.0415670101067475,0.0786130585650454,0.13276008313143,0.180401030192285,0.011007869459371,-0.0353763219534199,-0.074983889375635,-0.181020282776224,-0.34439244196644,-0.1865111593087,0.266227913364637,0.420587699155276,0.725114813379059,0.564071918035277,0.815293475769838,0.888485022326982,-0.220987085176932,0.340529541330817,-0.0108910483720613,-0.0897542707854865,0.639126563401962,0.533942087985289,0.53237061488312,-0.147772829438602,0.15640064559968,0.0125199995406918,0.226160835607262,0.680229145771789,-0.259586386234259,0.0192802634206155,0.124108953639127,-0.167239805707857,0.32118269274753,0.635298809155581,0.616446668304847,0.46444833212747,-0.0305396175532156,0.685306326375697,-0.0682515470278799,-0.169092712187581,0.0614086878973686,-0.270587560736306,0.0684655792882433,-0.0165754880808002,0.141948929307408,0.324664271318259,0.55345336769215,0.452970535836445,-0.0148724049194436,-0.23192479906394
0.633342398422553,0.429679587774228,0.197540739677629,0.672052198279588,0.756749411395416,0.432679218190624,0.278017566905073,0.320364715526256,0.343122790607302,0.139139659156699,-0.192223067321703,-0.178293019254674,-0.263034326965099,-0.0735841410813776,-0.014328413884844,0,-0.317651023226331,-0.200304117908987,-0.236790418578185,-0.29865314920162,-0.396418225562338,-0.407746862290247,-0.0098410409232469,-0.294963166100843,0.135388593122586,-0.180983765018186,-0.171738220625796,-0.117216577140282,-0.384751785345473,0.0921814920779194,0.000497031543317871,0.642396490954878,0.658216961334358,-0.412588991070488,-0.386573655014049,-0.189555410002674,-0.392185922050821,0.529485409201276,-0.0291103124904291,0.119620214093503,-0.361840454964317,-0.102517319276253,-0.239012792198173,-0.171175387659756,-0.246506506295751,0.0772876755743324,-0.13282687608296,-0.050262163346599,-0.0219431036878828,-0.277469542274423,0.718722707213232,0.805458955572357,0.716675493026839,0.524457991672507,0.373424354354782,0.487010673260649,0.230164190531083,0.209861377687002,-0.218842770204925,-0.241385964594661,0.0092891895838872,-0.143161310855895,0.0342799085770892,0.160557220239341,0.0557215751521801,0.086095572677065,0.0544248836258383,-0.118901016501097,-0.345011627766094,-0.346549735183714,-0.194405962035193,-0.30042561002135,0.0063288123764317,-0.264413036638566,-0.0527270659549154,-0.227874458754691,-0.33232224903942,0.0857364122197981,0.0374401631153115,0.635410669384586,-0.102875854053334,-0.39184558558133,-0.30100421181104,-0.416977439021158,-0.100899881018615,-0.250769959397568,-0.372178153107422,-0.233265210708413,-0.335850871943273,-0.309623821399545,0.641688518364184,-0.0268763273881936,-0.076773170511135,-0.11947854694105,-0.340931549941586,-0.0748220166402535,0.0963874623071619,-0.0384514686358329,0.0579189504250698,-0.36817602348841
-0.183350188535401,0.0815644444205961,0.262283859351892,-0.392898013860658,-0.252380556307274,-0.0596546901731218,-0.0111288305803475,0.0719410337589187,-0.00531117594239494,0.0815620395780625,0.127841928361283,0.175042527271355,0.554678251156418,0.00208778283939399,-0.214517028385042,-0.317651023226331,0,0.264815439769536,0.476244711210907,0.480259281222354,0.435794625546472,0.628294838784179,-0.0896381768341137,0.308195515312969,-0.0380357552955594,0.380695715625677,-0.0846255722944376,0.175451567701875,0.659062253599141,-0.209420384605662,0.351524479091861,-0.401595033599855,-0.516682168692765,0.764704983592932,0.137522417785526,0.084571202833378,0.654569451866735,-0.215945530308738,0.0835617512932525,0.116495108828716,0.262578317181698,0.479722037094029,0.229184195238969,0.332965272339367,0.192025873501443,-0.263095024818863,-0.235588361300028,-0.139095655271129,0.0985941928135148,0.361942574027944,-0.492919528306434,-0.401655038356786,-0.48205231385863,-0.424160137313246,0.0595201950356739,-0.0594423008069508,0.0539061998952541,0.192780196332285,0.383818563398925,0.170019419481052,0.160324604585536,0.345736183804407,-0.086983497952206,-0.241394070884852,-0.178284104945038,-0.308485163892892,0.100914379956649,0.417088003006016,0.694436784100795,0.594962955229774,0.220788419733459,0.299378067454451,-0.127819399523189,0.138686020527707,0.248790276874659,0.226086169790727,0.540392814374985,-0.290468056570875,0.42288356487273,-0.343271423387184,0.348748291395262,0.424156351916763,0.277964552015472,0.124304970193674,-0.0863181393211183,-0.211426657322622,0.560199788939116,0.0203318026446511,0.238886497297106,0.190029933377746,-0.51663560613182,-0.0944965918549372,-0.0399350968521923,0.259411582450951,0.141412307125178,0.376497171089588,-0.239371888041075,-0.13257597755263,-0.0389303707810816,0.443447271216428
-0.29501317511407,0.188285111891498,0.157393739993908,0.0375589266356497,0.0308722362043859,-0.0106386180202386,0.0759339249481265,0.187045541193828,-0.0351421224138655,-0.37904923544755,0.0449964370797792,0.237971577626469,0.34916108521414,0.307500789549642,0.30624852820262,-0.200304117908987,0.264815439769536,0,0.508893505681922,0.679778228165087,0.514868676335886,0.339454185042702,0.227353374624954,0.258213105349071,-0.19912614958351,0.354531670551996,0.179231280862185,0.238950029128066,0.464871871802058,0.17087473667766,-0.179309019264695,-0.36835325960492,-0.247249907442389,0.48562165020638,0.264690663668264,0.481122275022769,0.430083053997402,-0.290420073806185,0.175269283085105,-0.0443889989473579,0.243895308705654,0.262999534608642,0.389450965254809,0.38624132479617,0.455205230952985,0.148289810850543,0.200686487962792,0.196077091732992,0.282551996129075,0.439302651261508,-0.404219576724905,-0.0854627457233735,-0.171486577006142,0.0111743207873728,0.0674942535565631,-0.140971951494735,0.0660754932000493,0.0516069019716088,-0.022164097682885,0.0975910916940716,0.543556577179061,0.308990265764172,0.22884987664218,0.0166132042789708,0.256274689022129,0.162847401642308,-0.0558573002154342,0.344527161662013,0.521956811590464,0.651317490199218,0.482994988982764,0.341643417080954,0.145121439863455,0.194439390775419,0.410001224958607,0.309104916443602,0.417580956928118,0.0818742133666495,-0.046367139032697,-0.34986212596125,0.304595526727371,0.491169910781179,0.360161644373635,0.274127411544834,0.244220885589214,0.0162266298953224,0.487177296547775,0.283340983393284,0.540648296821647,0.276273986690361,-0.28085729762549,-0.240733777049157,0.194701989592203,0.31259740774984,0.360716551865273,0.372334545813266,0.180258898743312,0.186189337847648,0.116653416464604,0.396208888987309
-0.26754561414927,0.0772693666081194,0.119198750028159,-0.15671574877388,-0.167665077464045,-0.191768857859673,-0.173353722035232,-0.000896477463199768,-0.16315072879099,-0.304722224502535,-0.180349802117889,-0.0562952242695612,0.648568071817561,0.383466731302981,0.281821842077838,-0.236790418578185,0.476244711210907,0.508893505681922,0,0.369607361688171,0.475838365234371,0.543593314508421,0.177757368764886,0.0671380167425476,-0.405578063544414,0.376566976177147,0.12966136339678,0.316081444331511,0.674108749667013,0.0532073298206879,-0.132852116726714,-0.352443503659063,-0.220002377428442,0.438461910505878,0.472287432942121,0.0206848829730767,0.553168937634286,-0.335785945862408,-0.10457897032085,-0.154916881883657,-0.0607810649275777,0.258314251567578,0.386852910707371,0.387187753209635,0.36190166891667,0.00506844841011548,0.187188928661163,0.100972545200747,-0.056205172579398,0.140850203209989,-0.356934348701027,-0.26631987827527,-0.267875355401337,-0.331231895564111,-0.123842644652442,-0.192422067823167,-0.109052949267608,-0.0549714504286226,-0.118394209225572,-0.00940657129562911,0.280314251539218,0.575107871543367,0.342471148128147,0.171340124456985,0.362305428873969,0.15527137578659,-0.265707035782451,0.771955473124307,0.662481653068443,0.301793851513989,0.574996346192764,0.601928834078704,0.0582074682928571,-0.0758948325945995,0.411412593357848,0.234078609987859,0.655382419960684,0.0302678415330755,-0.0495893982127248,-0.245498662973134,0.455838654753863,0.178886054970789,0.273513340217685,0.330691071749782,0.107845311856119,0.107183092026463,0.544969926308038,0.338887609025649,0.00669242453397619,0.00378045145692992,-0.278170000784118,-0.375780781089766,-0.159776303641852,0.203870787537569,0.400965714541048,0.286192738979049,0.0198293447506123,0.0103729501118389,-0.301734671032108,0.0423445249580554
-0.200346948716232,0.195424127586877,0.285710327032734,-0.181867516080703,-0.049735437486995,0.0610455446815133,0.123040565695825,0.0889675912183268,-0.123110603612915,-0.33509573767443,-0.0391165143357741,0.151642882928547,0.362590646718808,0.216830408623159,0.128579912259899,-0.29865314920162,0.480259281222354,0.679778228165087,0.369607361688171,0,0.663488667338782,0.53290888733194,0.14906131053224,0.207749859451667,-0.22735170507454,0.314101277631289,0.137893673311297,0.360572210844152,0.625882426463105,0.0328651045080278,-0.0620704324226989,-0.500826652940798,-0.46729635894752,0.616744305335367,0.24571113920285,0.358591621962145,0.468525810388834,-0.405609063002449,0.236461658577056,-0.0087860136600823,0.255631893649926,0.323613535214821,0.410159686387993,0.405594428989621,0.484012338532508,-0.00119908662751304,0.0154652226935094,0.0766390298645115,0.318318265593195,0.435319918317502,-0.472067407429054,-0.190263618303416,-0.376958930716184,-0.0397932865601559,0.145364642070518,-0.185143447328003,-0.0512386560089873,-0.00632761545534593,0.0415024905678759,-0.0445452112138472,0.406456497675403,0.305150718767537,0.0441474133218816,-0.20821051165253,0.0697731710818476,0.0233104074765185,-0.0315397378139784,0.29490692578201,0.607190271329766,0.636611294094503,0.508850470665983,0.320273012644524,0.0948064425595969,0.123252614693624,0.259297253983018,0.150790723703832,0.558328094568992,-0.068839277235534,0.0490831887270706,-0.506055689104786,0.362540067441791,0.552473020657882,0.485072048605109,0.283998848156157,0.166557646468356,-0.110614757731907,0.586169236275694,0.214333115744172,0.584714752573346,0.234347922344013,-0.473104508645705,-0.305662172611886,0.0770454333074197,0.232896537982549,0.363974221193196,0.443013626082943,0.0127637129590105,0.102425864992686,0.143240252388165,0.504626092385019
-0.201954355194961,0.0874552610824225,0.304018994626581,-0.279150625644605,-0.190420008806284,0.100723625660281,0.062769729209244,0.145338391481656,-0.047183912470728,-0.27606737061127,-0.102397782771286,0.0327024699898123,0.455008686200816,0.525075374042414,0.413553934877916,-0.396418225562338,0.435794625546472,0.514868676335886,0.475838365234371,0.663488667338782,0,0.644628721676943,0.299057550192047,0.0842805188496431,-0.220894426576006,0.0969904947716527,0.300361760200789,0.478374130690465,0.722600994022827,0.104928949987493,-0.0280096330995168,-0.502195361396039,-0.507579984312473,0.453417661366761,0.527202525415541,0.105290764469674,0.32934699641444,-0.38162757236247,0.213634797604205,-0.011421029569076,0.0745570259263815,0.198599607102696,0.302072378088781,0.401068840316777,0.459432453075647,0.0486748754402905,0.24244935148739,0.110865281816132,0.223307219110767,0.152365024585531,-0.45985734524108,-0.300037490626718,-0.445700601059087,-0.173603748977877,0.133221659392971,-0.0896164875449966,0.0751753398184418,0.0610407788744163,-0.000130993945990176,-0.118874443609389,0.21530349411726,0.527237168811114,0.254340377981652,-0.0292362528535323,0.331249229111478,0.266322175222146,0.00739057202263314,0.482901230381799,0.53205469637175,0.495341605914116,0.766305359722765,0.571078995775006,0.107211564657361,0.00839336293244919,0.120566049274993,0.00107258282994155,0.682734167895314,0.000355213454285863,0.072164536775788,-0.470813034814876,0.241218967164694,0.279500979713061,0.49515398723182,0.545188542335529,0.235694988101331,0.0316904028840974,0.435809429694634,0.33510171955978,0.242298713751192,0.0475217812145652,-0.511928438949305,-0.2766822160816,0.0426461408732035,0.0348518947602784,0.350435513133894,0.438897567648015,0.0200733422309612,0.0992327458247308,0.0764034477986183,0.235122108661693
