0,0.508264222355507,0.597279920805131,-0.174655208937138,0.0714330012227513,0.315033363903195,0.17651060539258,0.101533871370504,0.147139812129694,0.244790623933067,0.234173757486453,0.193808582355033,0.218365786022003,-0.0351949764361384,-0.200535701531958,0.42721810130796,0.13306655846281,-0.11259930832696,0.0428387323765955,-0.050500896783959,-0.0152694225046795,0.200390747306726,-0.136124615381585,0.0275545783297151,0.454919799059319,0.23732025818059,-0.0298626987656649,-0.0434842219466456,0.12241463508593,-0.231274791293778,-0.0451594354440808,-0.114007889911268,-0.273276404531969,0.0379603646954594,0.207143069062827,-0.0531291811832162,0.140284983251976,0.518766165929814,0.254908156138865,0.102285573197156,0.0541597871947357,0.298238129585399,0.268175844874431,0.177745392366755,0.0917075879125426,-0.250903550760397,-0.0573354908195843,-0.139301993301703,0.256363983353525,0.165914640417845,0.50063023035285,0.650799155177236,-0.0538610649973762,-0.115489907790499,0.323850304004972,0.417092379624036,0.158622151167234,0.125001164861134,0.255654465150008,0.103288342497528,0.136955038526784,-0.0309430419644667,-0.143512414705601,-0.415964759491767,-0.239345558057423,-0.218437112110086,0.130098561478308,-0.151897079790447,-0.121600196596141,-0.206253930640186,-0.125127404970959,-0.0402041670825276,-0.254641864966525,0.140757529674545,-0.0695617197323267,0.242708687619406,-0.0371690788023724,-0.257685396564812,-0.0467998025357345,-0.158626113963415,-0.244925240580645,-0.129005285077508,0.238017375709858,-0.192472905936174,-0.266175900412287,-0.383303625546111,0.210816527484161,-0.0172199348367237,-0.00585781989924964,0.148126265538857,-0.0852366589431503,0.441715315563612,0.158448744320935,0.342213529399455,0.259763655953164,0.105696820945428,-0.269471912662553,-0.0717132084446461,0.322355613270979,0.231843821228676
0.508264222355507,0,0.739223864360032,-0.0711179203785395,0.506226849679569,0.651419031843964,0.251597312988028,0.516392627794291,0.529016492759634,0.378595216180836,0.457520748822852,0.294919759431725,0.290092616451692,0.364118782884195,0.137614188464912,0.435958212390296,0.243915461501357,0.269115141405184,0.269076701230353,0.290345046126625,0.335654357041708,0.31125380197091,0.107890536706571,0.24447236135224,0.0721860299573065,0.23752419814373,0.231201238285352,0.126689928752135,0.409820236015264,-0.01070406122372,-0.19319355521665,-0.296866445484313,-0.36590669982033,0.324610577896037,0.501045368399152,0.245685442467731,0.35771180001597,0.188292777999922,0.0979406363886931,-0.0217815659597381,0.0275580923347111,0.042320707788643,0.0957043701885167,0.110716118229618,0.0448687349063797,-0.135473679192689,0.122539621966556,0.0334935051968522,0.441151836558337,0.257707823992364,0.187687826988703,0.804467640769005,0.0340199192425665,0.16364975224398,0.628639637363329,0.683959646616867,0.541053547719667,0.537278499778826,0.362756372084843,0.243230429911878,0.184219323031937,0.0168932026076901,0.314877450237314,-0.126552940954747,0.175213717851865,0.124129292442416,0.0944161735280631,0.121687624264111,0.247283276115544,0.215307571842048,0.231302295317422,0.209135080985834,0.0437514224970846,0.0827181364710463,0.213128646367268,0.196637546567799,0.26552853527425,-0.0242418071229049,-0.276885480270226,-0.333690755148504,-0.121439117432546,-0.121896994071391,0.0623046819091319,0.0807015259039406,-0.00757626500167715,-0.374576400023852,0.429336044185621,0.146438202268891,0.225563902829072,0.045481252844501,-0.309746303652077,0.295494084268409,0.0247125747599098,0.0112591494337463,0.0105278919369278,-0.0481566321274054,-0.194246303435172,0.0899315786638894,0.368287998700259,0.277465841358798
0.597279920805131,0.739223864360032,0,-0.294042157869381,0.445963033177592,0.780892086993989,0.298758173028895,0.500285356870924,0.604463325639824,0.499187781676734,0.513737940754043,0.404133143379864,0.370605384113464,0.243391150072564,0.0153409516724883,0.203955433384373,0.294503771105485,0.151962605791605,0.217312092876447,0.198293975660378,0.18791927410496,0.313035971534504,-0.0244703443387708,0.191012504865666,0.252617671035677,0.315380371161033,0.144118247477641,0.17499601240783,0.345983173456352,-0.12073598271965,-0.169910284192976,-0.444189532224303,-0.520698983671737,0.25134044375235,0.480132408193657,0.254376704909337,0.366424152774321,0.319763235206844,0.256971020791134,0.0894674195496011,0.0814640265499296,0.320366635215736,0.286284503979965,0.258427879799589,0.217028140884492,-0.269315828424409,-0.0376873702729954,-0.10215787213891,0.506852926794399,0.291384790011013,0.053985029820734,0.755746268066639,-0.168089794681018,-0.0677963692194266,0.797581744591634,0.78042998161727,0.523351851253128,0.59033012643281,0.523021881257358,0.397850091969553,0.345907336794444,0.0486986294627284,0.163140967749119,-0.241721315422981,0.00837181816000823,-0.00550574578184186,0.227924140426403,0.0578334370651074,0.129060925865823,0.0693534033825728,0.0949853029425806,0.170265613999666,-0.102861267989916,0.129076485746941,0.212427025597733,0.434335140155295,0.205235357062972,-0.13895229429209,-0.294152252177429,-0.486563047703637,-0.165862409547575,-0.129030051126649,0.308884950291871,0.0148695954675164,-0.157429603217637,-0.488693218754674,0.408664404689633,0.116586054803513,0.210234815006716,0.134760242904053,-0.436987438748336,0.328472090236907,0.152629032585055,0.250321519998389,0.236741356694631,0.0958525934117491,-0.352135864669669,-0.0975359233023658,0.450537335167276,0.310454286617668
-0.174655208937138,-0.0711179203785395,-0.294042157869381,0,0.175702055572762,-0.199607983012223,0.0226204176296926,-0.152311863397643,-0.221106434680856,-0.37733988372501,-0.191420193569011,-0.0768701704813894,-0.0475071871982316,0.276975253819022,0.27418496449887,0.346632042774767,0.0412457945145078,-0.00222108578654983,0.135778288895165,0.0515194349540161,0.0830289823728597,-0.0159437171069724,0.296929627706069,-0.00507808619286903,-0.254678821144009,-0.0780045488027876,0.0462877727356113,-0.0129080590191383,-0.0509703081569024,0.216623201948644,0.106509883746618,0.461498551389069,0.575322247905627,-0.00823467625011012,-0.052487650214603,-0.0530951895594746,-0.00974934440869941,-0.237043984596646,-0.0996361448614296,-0.1259177054778,-0.111162175609737,-0.219882492976428,-0.150564382438203,-0.0340284850216247,-0.0657878207346663,0.173115734228611,0.320964773037904,0.192627370019787,-0.086579548391478,-0.0565885531949331,0.267037846743705,-0.144463570743525,0.498596378053329,0.764146851639189,-0.220617826638143,-0.211151525583584,-0.101605225818033,-0.259590797619004,-0.287796266201329,-0.167275301346183,-0.0564460310350983,0.00915883197387764,0.212458140693609,0.124439827859153,0.236987795842258,0.270375339670812,-0.0643514866908607,0.14301839511002,-0.00815456407435123,-0.0913963687102865,0.0529850401817707,-0.0445927517242114,-0.0287676572586458,-0.147301671147331,-0.0272463548710508,-0.260784900353095,0.032656614129288,0.140621385988841,0.172312666049683,0.554824004463055,-0.0981230068326533,-0.207877190829718,-0.190963710428119,0.0582964290594115,0.00206187163526537,-0.038334493933181,-0.0275392594962519,-0.0638746086592067,0.0135018768025835,-0.186826273860844,0.524614796361223,-0.303503618764126,-0.0267433198750617,-0.125675397520577,-0.0628723286543906,0.0653428904465723,0.184663320497586,0.138507070796422,-0.0918266151648036,-0.10641080504299
0.0714330012227513,0.506226849679569,0.445963033177592,0.175702055572762,0,0.606147607929942,0.00279479882833438,0.455133940327805,0.52093867501751,0.182566449284496,0.360452376454205,0.318406489735426,0.186916031052815,0.434291180831032,0.33627131044857,0.154052463930238,0.104694105872679,0.203047183344076,0.167656852019614,0.354435396956302,0.323137402047688,-0.0372822363982659,0.219581149850184,0.224644212015305,-0.22758890189697,0.0877707628501889,0.237181622584722,0.239661119108272,0.304254524073029,0.103583902989215,-0.0795708262132445,-0.139736781893768,0.0223685835904281,0.158532700336757,0.261860551703166,0.335443355825596,0.243379263580462,-0.26540075248646,-0.253416067909054,-0.284285903967971,-0.0631231748394476,-0.0285164524590602,-0.118465189671603,0.133761146519008,0.138174621725475,-0.0132126888319618,0.129774664155919,0.126864603357102,0.45992316112817,0.160344784509355,0.0601513243724033,0.283332889650327,0.0920682646596822,0.499581288215184,0.623377583054723,0.464408512807754,0.387826648561413,0.511530041949114,0.17563204250094,0.296557652570868,0.194953621992079,0.0149698705308279,0.334425024742246,0.0180248827546498,0.274229606102342,0.320415706947823,-0.0379392716812714,0.094699031606073,0.101112753406792,0.143531469597258,0.312999988105052,-0.0290241320646456,0.0396345626826382,-0.1383123225774,0.223317924769493,0.120885126785135,0.289115599566631,0.0687439270256247,-0.139895131818047,-0.106205000974895,-0.113583806780127,-0.171847617184152,0.0527096854865769,0.0176723012159032,0.0677577601231287,-0.370384170262205,0.237843559734041,0.11734463443819,0.257953200389261,-0.111797629474351,-0.0481501283366001,-0.24393228342471,-0.179117257688148,0.0298560747722847,-0.125857554607648,-0.0269002650389485,-0.130625097705862,0.134090716960802,0.357229598309305,0.0613581624555527
0.315033363903195,0.651419031843964,0.780892086993989,-0.199607983012223,0.606147607929942,0,0.315170614547554,0.634502976831549,0.780379528034587,0.494099060326477,0.530413982191119,0.362833076148668,0.364741746437099,0.348528927331732,0.164822652065793,0.0664371719990515,0.18416007002643,0.215121919353192,0.186335071045414,0.36853561973046,0.274563354714527,0.196827354912115,0.0261726609240666,0.0985988705038771,0.0816862785198932,0.17885160500225,0.215951196016199,0.218424846766426,0.388423363768131,-0.0690034146796083,-0.0882175227978755,-0.449534071449113,-0.42162177080384,0.247251294937468,0.435307422514015,0.424458624864494,0.437181163712494,0.0345633100786962,0.120447545720815,-0.0315616303248143,0.0635387681946346,0.231051105661312,0.156007764613396,0.298521602622433,0.236203679582577,-0.215891141896181,-0.00412464198339287,-0.0100065233399784,0.697639189490754,0.327902628403787,-0.12905461714859,0.546333364327901,-0.111766916548087,0.0938269041301901,0.865993075964693,0.855503748927845,0.610444823618225,0.746485649013063,0.516688250204803,0.387678416838757,0.335544093341402,0.0848695163065768,0.2844119994759,-0.136386145872964,0.12791662269616,0.144085538164565,0.214744574191655,0.0476854524496662,0.125832920353929,0.147643353223113,0.217164638489336,0.0881695613562639,-0.0755278274101717,0.0309658006452034,0.173436639561025,0.333622666008161,0.29530523740341,-0.0859993071752975,-0.249314209474638,-0.442428061711601,-0.251665430209712,-0.148549389507422,0.218921351286774,-0.0120663383305512,-0.0696818235860932,-0.494018765179288,0.415056524466844,0.0945553534570591,0.323867758594279,-0.0441003754797454,-0.413604705243569,0.102564535609545,0.0418777142451003,0.204487524110479,0.106416779997575,0.0649398853121466,-0.357371553032433,-0.0499491433765181,0.585646357499378,0.278977387579536
0.17651060539258,0.251597312988028,0.298758173028895,0.0226204176296926,0.00279479882833438,0.315170614547554,0,0.375443988272795,0.388659665319788,0.527392808863549,0.165548977685649,0.198553697464397,0.13536563250566,0.00841041704004301,-0.228956984923253,0.206840065476851,0.03280702746754,-0.0266355528952671,-0.0749072140507712,0.0834631195856948,-0.0166772602872418,0.334533504674348,-0.229161087491391,-0.112099154605463,0.250104560947951,-0.0517075673002637,0.0373378810941514,-0.0397454308455831,0.117054953347551,-0.265168291158263,0.0737012353746376,-0.349260648611732,-0.463437692538741,0.046567090873269,0.219227446318163,0.168238714282873,0.304998835221285,0.424201704229853,0.630599757767399,0.639450178077817,0.318008279836601,0.275966624744377,0.462825204817385,0.26596771489792,0.22325816160786,-0.204491765469677,-0.0450493748592953,-0.0422264211664735,0.302006136460527,0.379168851380202,-0.0330663068628337,0.31126273711306,0.149967531341069,0.107674558597119,0.289793261731139,0.386447872436511,0.556248519160849,0.365865436725243,0.578343134867566,0.0569954991745361,0.268367717713404,-0.0571412018835454,0.0333813618149069,-0.257625650426,-0.107971613632098,-0.222454112679264,0.728839218709782,-0.0783394367067704,0.0141505759025062,-0.0498411970254333,-0.0456706212460268,0.0748477997513818,-0.255376545633671,0.564809253492985,-0.101701294987921,0.186446365774296,-0.0119044688735382,-0.262324122405386,-0.125176511531595,-0.329848032910129,-0.33729946668845,-0.0889200930914466,0.251192098813019,-0.119807700381754,-0.179009206305898,-0.27521649419909,0.253613075125711,-0.224139171975277,0.212506903788975,0.129846425460295,-0.325453980246964,0.430791692210621,0.628195779915523,0.234233671662385,0.500254819139789,0.215910572285634,-0.166070479315517,-0.109231874051599,0.362194839776211,0.398582588138376
0.101533871370504,0.516392627794291,0.500285356870924,-0.152311863397643,0.455133940327805,0.634502976831549,0.375443988272795,0,0.798598846159364,0.452027118313323,0.392931214636739,0.295133921902168,0.134434559142291,0.315819752361297,0.111160862269186,0.175102360729507,0.174205463397121,0.461390238966286,0.283098335701504,0.337183934329763,0.323020810214049,0.0925191061857223,0.064281164360257,0.132893707202021,-0.00953500584431875,0.128139601714137,0.121121415863641,0.100882602951043,0.320591432360365,-0.0297989779578858,-0.00477755797812096,-0.481717318834715,-0.422062589805077,0.34210356136721,0.371385142453816,0.415259025929636,0.352876480169652,-0.0968730412416104,-0.00216301210376827,0.0104696662973577,0.129201025886962,0.0815847340171624,0.0664896550980037,0.204600442652306,0.114527333786946,-0.220540037256108,-0.101454742130821,-0.0490498031708126,0.542793728121761,0.303325068733297,-0.183340811788224,0.423600402391655,0.00552791608725748,0.131861255407164,0.592823737375979,0.621725481761684,0.832423014081972,0.815946316352387,0.496398917332694,0.281377767951633,0.262944305913169,-0.00334377405409379,0.259960182022125,0.0350342243872744,0.174129002343925,0.105499703025914,0.32633155417528,0.176956946618018,0.292043173132722,0.389612412710447,0.278003800481609,0.159021903252266,0.0765245783817212,0.0891683823344016,0.109300546328483,0.303871729431487,0.271133866510838,-0.107103937467118,-0.187802595785841,-0.453106708394307,-0.176930040563106,-0.126569212094139,0.18347837797613,0.0597913346692246,-0.0174280110460879,-0.354013328349592,0.36015658470855,-0.00226795960579905,0.328616580211018,-0.00211631884536629,-0.441603963748029,0.040599915704582,-0.00463496158670282,0.0898055453945515,0.106863725137061,0.0491432989831334,-0.31033044690096,-0.0549543766912875,0.499704047326311,0.308487086842637
0.147139812129694,0.529016492759634,0.604463325639824,-0.221106434680856,0.52093867501751,0.780379528034587,0.388659665319788,0.798598846159364,0,0.585127133249965,0.550157059167569,0.392303610567646,0.31089231172802,0.313416548072438,0.12266643561053,0.0412248583306008,0.129941051523019,0.282831757176289,0.177100444356975,0.394986513416149,0.311253894247771,0.162497763315763,-0.021145997130048,0.0466905058405699,0.0678415138118383,0.151223191582978,0.191067493639952,0.184212233222504,0.429562917055617,-0.0990646985658971,0.0604544709197925,-0.475515645815209,-0.447673000953735,0.246082420145455,0.424980069913876,0.482369885570896,0.432002892344902,-0.045467339821322,0.0662268932158939,0.0373809685938487,0.146181467893016,0.192516106673542,0.168789348901933,0.369752546604063,0.281590187917009,-0.281649099364297,-0.107314955043809,-0.0659329232865539,0.684522570205729,0.384107041048766,-0.215808397821045,0.410212178479107,-0.064017021027509,0.106912803858942,0.7030400539208,0.766672073040155,0.744658757181926,0.896144297349764,0.623878675166172,0.384125474376526,0.390400385228791,0.0995596123952163,0.281027292684003,-0.142963245297459,0.118743241055922,0.10426299613273,0.339188260553843,0.0464445448714242,0.14130791080095,0.198069426583966,0.275321538620487,0.0736294916173652,-0.111590707804309,0.136632978953885,0.0944355871513831,0.353645748412255,0.317115808379301,-0.159474205558301,-0.151927338062227,-0.453592005764933,-0.329117007119154,-0.179780393366669,0.257069388316931,-0.0610129612786686,-0.0836774816733591,-0.525887673516851,0.429190424369257,-0.00801303017201177,0.37428600673145,-0.0113246804449561,-0.441294585052852,0.080578347662928,0.0437184701408768,0.155627367062166,0.175186394647338,0.149293919611324,-0.415809215466801,-0.116135378079881,0.597514227144988,0.360330365629371
0.244790623933067,0.378595216180836,0.499187781676734,-0.37733988372501,0.182566449284496,0.494099060326477,0.527392808863549,0.452027118313323,0.585127133249965,0,0.62717380577782,0.551066811530505,0.296488004592932,0.0477440144103687,-0.197263131310306,0.0163565220471125,0.163463064326728,-0.0216700897959034,0.0274913042137065,0.0895347584167124,0.0678988494286666,0.325850937106841,-0.252442859602607,0.159056362458182,0.460270837055569,0.249371348797146,0.0494530804880469,0.138359722903487,0.297151757083873,-0.268260482864627,-0.067234048173424,-0.419581473481162,-0.582456471443134,0.108530916470139,0.3797755522642,0.203621619986308,0.321771077775014,0.379311510477076,0.452340363393751,0.48640304616103,0.244607939126753,0.451472821279479,0.48535420164855,0.303115072739537,0.326553937911852,-0.32453061469319,-0.217499457976395,-0.22056935459503,0.385890903404564,0.378861673940151,-0.0992258752046386,0.407159584061321,-0.139883047614409,-0.159743825797419,0.499406962510365,0.542675660583813,0.550225607789088,0.548747709447528,0.84585963920572,0.405876015883381,0.454371532880716,0.0510840510807669,0.0595979219028124,-0.363362803135881,-0.132204459028744,-0.205242195712412,0.549330470487909,-0.0406910825240454,0.062797290326129,-0.0767646216923933,-0.0284960746806835,0.145587220415102,-0.240379322462887,0.563072686754373,0.100326161795816,0.506470554158565,0.14865708852314,-0.251543058553753,-0.281278002647392,-0.465803276228864,-0.244320218537558,-0.185959943293975,0.421335231246661,-0.0989008629258444,-0.214073926337786,-0.439340483989193,0.352306090460879,-0.076782741910834,0.17382649724486,0.2674224492798,-0.468658479578085,0.445341584872683,0.456733884063623,0.28289112838668,0.447662809753749,0.181080144555929,-0.34242707888918,-0.196829953158025,0.413345103092492,0.418099225664918
0.234173757486453,0.457520748822852,0.513737940754043,-0.191420193569011,0.360452376454205,0.530413982191119,0.165548977685649,0.392931214636739,0.550157059167569,0.62717380577782,0,0.728309849069917,0.554452028962182,0.369403920444531,0.187139460615329,0.038469932966127,0.410883161956675,0.157843994086875,0.278521254124802,0.272861471976454,0.26983970665707,0.381862796811463,0.10020968349618,0.397056074753424,0.194428630900972,0.571335031238502,0.24282479927099,0.352082476532411,0.476470186205371,0.00990766478459108,-0.177805417751386,-0.196193272851321,-0.29912834793081,0.241854469877021,0.546060694984238,0.365794788285823,0.395018935993208,0.0627862237986494,0.0479159093822768,0.0742721245474536,0.210623422255983,0.229142393418225,0.310404390897362,0.387990089911158,0.279770195021015,-0.143502676504251,0.0236463051414075,-0.0327866928477312,0.502907787912812,0.445877437866073,-0.0134491746412172,0.405137029677167,-0.148261186566248,0.00763895996334588,0.466191720986215,0.551464196831661,0.439334607857644,0.538096782064529,0.60142488964742,0.711588893886866,0.610441480202075,0.336411949730029,0.366322889314382,-0.190503847239014,0.180204589965073,0.170421262288597,0.240342732289998,0.16646589573984,0.122614129670709,-0.00357299883035028,0.184331386609287,0.246894803456947,-0.066626413221939,0.309309670405868,0.425905354422178,0.496517769265963,0.412530896380749,-0.00246895575290556,-0.328005953401269,-0.230417201899694,-0.151022336717401,-0.230782521282641,0.282642532651976,0.117689426173005,-0.0447303225205977,-0.486448859058976,0.447689666289848,0.177719458564105,0.331464813245456,0.298870112196556,-0.334404073823517,0.172286094289766,0.0587443053117701,0.0783850158047615,0.145974915424617,0.257637440651572,-0.258990147697107,-0.0278951066862732,0.473828340178778,0.489970608234135
0.193808582355033,0.294919759431725,0.404133143379864,-0.0768701704813894,0.318406489735426,0.362833076148668,0.198553697464397,0.295133921902168,0.392303610567646,0.551066811530505,0.728309849069917,0,0.433717967059428,0.348140671448514,0.136783505932875,0.0734456560013685,0.516881002236401,0.153943119939507,0.326690339573533,0.155643285551274,0.213112184532764,0.325932197123051,0.160961704520965,0.528664760885045,0.208582580175808,0.648126446964178,0.162625125417782,0.422235525199412,0.366017759940299,0.0393615073436503,-0.220960513708132,-0.146966090112259,-0.251909035997425,0.235717109575249,0.463695783430432,0.338123052081576,0.361347889851036,0.0684563665763852,0.0857174239352539,0.178651037918691,0.286443075402921,0.317632941277721,0.409782179784775,0.396320510569095,0.356936856801083,-0.117704260680658,0.0200651156872118,-0.0550499718527004,0.392140033685841,0.418508918125593,-0.0110195384450438,0.276242903049075,-0.11746674650627,0.0461057219328617,0.34385595377691,0.347256947277706,0.342530473098216,0.369768538018336,0.592626392548847,0.733973535381775,0.768787654112328,0.237827786001552,0.292752007524698,-0.153173994285016,0.138025410066686,0.112422056916524,0.323285936489427,0.273216015882505,0.126060514833313,-0.064201177239718,0.0921435032582924,0.251246568383126,-0.0685807073994203,0.416341174494137,0.501305817866121,0.681142209430143,0.358021352057177,0.0349946651808922,-0.380491563621338,-0.16660648433825,-0.0425946924562368,-0.283843946570443,0.352040448929366,0.1623340264795,-0.0808466322362832,-0.485388344358244,0.385797711962172,0.180478733696465,0.317855936765324,0.362987281333556,-0.321700203414291,0.162371670839462,0.236320919847359,0.203011581042543,0.296521971589982,0.354790885521448,-0.186069858128574,-0.0750766931413601,0.408499496600642,0.439867038444271
0.218365786022003,0.290092616451692,0.370605384113464,-0.0475071871982316,0.186916031052815,0.364741746437099,0.13536563250566,0.134434559142291,0.31089231172802,0.296488004592932,0.554452028962182,0.433717967059428,0,0.342374630417451,0.198760922684196,-0.00650188716866903,0.53643799311747,0.15832875220017,0.323871895417672,0.2739638308669,0.18699886720694,0.488388346904524,0.14807770826015,0.190187798852872,0.0171485794716427,0.327557027208179,0.38922518101602,0.362672106637088,0.438739189631877,0.0795893556468654,-0.149264764854236,-0.0523945700154616,-0.164905477416953,0.27597888369999,0.424524927367334,0.290366358990385,0.43917887939132,0.0972757495891764,0.0788022426846136,0.0928462584289175,0.285226416581997,0.136028574822657,0.249563586534006,0.408193942504568,0.29657254152476,0.0644206314638323,0.232483812781419,0.110290936515545,0.342057867490816,0.413045530187338,-0.0257978350711219,0.296603729759099,-0.16231624297636,0.00805508897309916,0.271689095371682,0.36699382863406,0.160366597911104,0.29095611924791,0.306090357680976,0.44166951874066,0.556930924248764,0.756308809467523,0.446102977037335,-0.182000937169493,0.156107419717961,0.18637714522815,0.135690847002739,0.250647401422631,0.133787193266173,-0.00196273781976041,0.142149884531073,0.296605441602745,-0.0719362318926883,0.176718209301719,0.340344974127109,0.209719863909873,0.376508232988946,0.0495731822084006,-0.259190106487543,-0.0918587860575036,0.00156193883578573,-0.033306895327057,0.179054876058708,0.177150554162472,0.0425494715690753,-0.366212027776781,0.460164224582298,0.262780648357045,0.354835654424096,0.324678769667845,-0.210348327134196,0.134766203143877,0.0299591341704408,0.00642005616485438,0.101631374370787,0.347880339818332,-0.0738475900192102,0.0428374485102574,0.303757737028884,0.415405475815335
-0.0351949764361384,0.364118782884195,0.243391150072564,0.276975253819022,0.434291180831032,0.348528927331732,0.00841041704004301,0.315819752361297,0.313416548072438,0.0477440144103687,0.369403920444531,0.348140671448514,0.342374630417451,0,0.790235347335611,0.132057336550793,0.392555855751824,0.495955332379823,0.58248234294266,0.581552467230401,0.697307874513501,0.280657035276928,0.744861982838995,0.292641643279712,-0.313368418081167,0.314082810347486,0.556320180940742,0.516033183581834,0.555071705590443,0.634132302737584,-0.251751570342233,0.0673819528507943,0.0627165422750801,0.41256351727032,0.487799823395829,0.429595383508583,0.448948621597491,-0.338483403078478,-0.242332643979778,-0.263032426204441,0.110666696611408,-0.18148470998465,-0.0956836482179174,0.217464055097592,0.0606860074648883,0.458070039740306,0.646991408764753,0.562988957307524,0.363297252532253,0.291042764799886,-0.0597298235202898,0.198944055522478,0.0994512312589971,0.399614180951541,0.222412796742718,0.266111693602798,0.288315840216982,0.3448164105524,0.143262385897209,0.35011164061406,0.276231730181205,0.259108167584239,0.773108077029741,0.359768590811096,0.785958967718153,0.772331520143306,-0.0886541132274508,0.527983887898999,0.461301663104245,0.367706480254897,0.652401671390899,0.378100841263871,0.448100983305972,-0.0227178608315584,0.500044959423552,0.198602092870299,0.634280915541716,0.581359033197315,-0.32890989442141,0.0747498416648546,0.126483220458822,-0.124920195109798,-0.153614832791442,0.391804949644266,0.332564852156466,-0.222840100204374,0.470352297619812,0.433321196792516,0.415599776312529,-0.0164648108796153,-0.17529611084037,-0.113101456859145,-0.115933629747503,-0.208190843091542,-0.211268602658625,0.127816939669608,0.260057023471356,0.460200028815235,0.26443639254492,0.227656904202743
-0.200535701531958,0.137614188464912,0.0153409516724883,0.27418496449887,0.33627131044857,0.164822652065793,-0.228956984923253,0.111160862269186,0.12266643561053,-0.197263131310306,0.187139460615329,0.136783505932875,0.198760922684196,0.790235347335611,0,-0.0443979323504612,0.139629392788783,0.390055136925904,0.352724550427022,0.52922441428378,0.636593453447592,0.00858703291330141,0.81814325814285,0.194891866775987,-0.453755757102263,0.190419038354938,0.463488472777788,0.469218806913674,0.402915844334493,0.783075705027055,-0.230464046602391,0.185115620813122,0.246725504308372,0.240568350311256,0.224817845609893,0.345404295205498,0.247979166313858,-0.529037282534688,-0.458277107321953,-0.426099863180468,-0.0213622692769675,-0.312059160892919,-0.331352723028556,0.0715724497933003,-0.0788572706536019,0.574881064754541,0.630532820190182,0.643421435401979,0.216445758501812,0.105214027693386,-0.11891260947507,-0.0479946285977244,0.0485783787224402,0.366763159461939,0.0394266270821595,0.0450016280968296,0.0654279716604599,0.167949844362061,-0.138737432997511,0.257352505821596,0.110871623089408,0.276243759478865,0.674362023816969,0.475911962399271,0.791220778277033,0.925876963571541,-0.250832959831768,0.359624856341982,0.305614988638569,0.305754499954968,0.666636537822386,0.17770305736163,0.544808598761222,-0.183097139442298,0.389709099583494,0.0246990482117842,0.575817988481113,0.740854758971603,-0.229926511934412,0.216631776347721,0.15194465721394,-0.0539411182658775,-0.321183322031993,0.332201753537968,0.427110825536015,0.0251767259935022,0.250145041563275,0.452522014999966,0.323730649713951,-0.0751321136750751,-0.0607306451002209,-0.315830838613088,-0.321836711178041,-0.334208094035151,-0.422583281107894,0.0456052574847492,0.433704703185243,0.534757722242792,0.109277580056545,0.0348317134941906
0.42721810130796,0.435958212390296,0.203955433384373,0.346632042774767,0.154052463930238,0.0664371719990515,0.206840065476851,0.175102360729507,0.0412248583306008,0.0163565220471125,0.038469932966127,0.0734456560013685,-0.00650188716866903,0.132057336550793,-0.0443979323504612,0,0.203028889215558,0.153491163438099,0.202689106577454,-0.0777090181155354,0.10251523606182,0.205181780776323,0.0748653567531476,0.199455622762322,0.153966084225103,0.10007364579422,-0.0321137093503136,-0.148009987660361,0.0518389629082925,-0.0526813658174749,0.132098861630352,0.207326880520224,0.198367922830565,0.198819696876452,0.169000151879342,-0.141469752343053,-0.0303870936549947,0.221213622952905,0.0994422062980929,0.0548121344337891,-0.090476953801088,-0.0264527781695669,0.0538609835570147,-0.0299858530709726,-0.143407496389116,-0.0798538255928226,0.0570855905750153,-0.0744940577498568,-0.0269705025982115,-0.0384373786767297,0.604010618687611,0.462734828093531,0.59347130126019,0.376644184403585,0.0880830452075837,0.15847697242347,0.23056466030597,0.0114932984250697,0.0251357764625665,-0.123580500193052,-0.0244986916586344,-0.116130529081601,0.0398137385504402,-0.12104826113875,0.0296079718923921,-0.0728767365831249,0.0785371317480847,0.151680955483856,0.193314734531416,0.0760062808945403,-0.0340214578949308,0.181424994813301,-0.0722937118786837,0.000308375672802546,0.0509555974952531,0.000368378826851096,-0.0427069294789479,-0.10422886870377,0.160201177434207,0.227510810129181,0.0131219994661406,-0.243653183507806,-0.0638380072894545,0.0614478951510681,-0.150974241348542,-0.257705807807602,0.0910157958854957,-0.120386413913521,-0.0777537858786936,-0.0719508979953713,0.267941722564688,0.173626896533749,0.107041364180495,0.132111462429472,0.0695263330794972,-0.0583278633105182,-0.0785245872103327,-0.00967206830750432,0.0252180322731259,0.0250815170760511
0.13306655846281,0.243915461501357,0.294503771105485,0.0412457945145078,0.104694105872679,0.18416007002643,0.03280702746754,0.174205463397121,0.129941051523019,0.163463064326728,0.410883161956675,0.516881002236401,0.53643799311747,0.392555855751824,0.139629392788783,0.203028889215558,0,0.441291046619631,0.724963133084965,0.175881846935378,0.279563694370976,0.539686913688011,0.297234968709232,0.552823961850138,0.0467469335635577,0.486594114253712,0.266600800392516,0.36593305549929,0.436176543211266,0.177664046292501,-0.258490870308139,0.0179238596275607,-0.102252618090635,0.624069491270326,0.547395758816722,0.240413067081646,0.412203738436237,0.0990968449520353,0.069955576752964,0.10926600175791,0.354611121770452,0.048266608452538,0.263497952126538,0.243959168006639,0.247743266982432,0.0824854499173903,0.206875597470616,0.0660987957401846,0.123272182209842,0.358419944138782,-0.0275284267353287,0.257064819999957,-0.0408111121547719,-0.0138429722042009,0.148260501023591,0.1582954696036,0.128080813755927,0.128723416357081,0.21521333108047,0.422143436682605,0.4726260178853,0.389902980119166,0.384696561494901,-0.0163524935535223,0.272662213387707,0.124263407878154,0.0486940344359628,0.687923783090678,0.518983929612962,0.26004774459971,0.134761704929977,0.609159721075113,0.17595718221134,0.10542417497065,0.637660518456891,0.37792528339781,0.412181112156257,0.144628379319835,-0.370702607827011,-0.0642690757744745,0.38472563654668,-0.0111347919599142,0.209543184891824,0.477125456640216,0.0651059838453703,-0.324498310519301,0.481495045375236,0.297577321968933,0.295712101269014,0.409608569710612,-0.187756816267818,0.130292320738463,0.0400472243636602,0.00736544497797703,0.0876465980842135,0.195709245961934,-0.0454189394263037,0.0296062820624723,0.132883819782056,0.348173947838268
-0.11259930832696,0.269115141405184,0.151962605791605,-0.00222108578654983,0.203047183344076,0.215121919353192,-0.0266355528952671,0.461390238966286,0.282831757176289,-0.0216700897959034,0.157843994086875,0.153943119939507,0.15832875220017,0.495955332379823,0.390055136925904,0.153491163438099,0.441291046619631,0,0.579799149709139,0.636138873035504,0.584778659123702,0.22320604142255,0.462412374171686,0.35229739711736,-0.375018776926375,0.230033092357402,0.447725288340426,0.456187400706113,0.478046782179147,0.391602881021945,-0.156940926777567,-0.113607585894384,-0.122123339587871,0.773172370205876,0.477549707236457,0.566834091059134,0.393820435133074,-0.356492327233842,-0.328244592379868,-0.240589074301609,0.315850216708352,-0.318454589161394,-0.222692431393405,0.113195153483421,-0.0523325470073669,0.33506229244017,0.292680687523454,0.34331342763829,0.171302006219984,0.309886851757855,-0.207076155023816,0.126460911691169,-0.0167327289247091,0.07727669984895,0.0972569658866954,0.107868402776125,0.326689207093,0.334114631319875,0.0347961019550702,0.239669487868433,0.128148379901094,0.213232449911797,0.50443623917619,0.267400074028753,0.467464563726588,0.359231809603064,-0.073641899880885,0.543681283441994,0.698323759546499,0.825422213899867,0.545175095494377,0.514313843331508,0.472648219891181,-0.147829812625876,0.406109610558841,0.106447355528417,0.547463823297892,0.392415848620602,-0.279510952788999,-0.157585861295108,0.270823774051519,0.295702561429941,-0.203736647745945,0.535017196624079,0.458202276054576,0.0298951805921876,0.446861093610202,0.492526348165754,0.590435370560666,0.13173344601997,-0.342502196030549,-0.0978442979957304,-0.245327047245998,-0.2576471059466,-0.26131799877517,0.0341349611287642,0.186615033891649,0.302385232783501,0.101311341077093,0.241911550483678
0.0428387323765955,0.269076701230353,0.217312092876447,0.135778288895165,0.167656852019614,0.186335071045414,-0.0749072140507712,0.283098335701504,0.177100444356975,0.0274913042137065,0.278521254124802,0.326690339573533,0.323871895417672,0.58248234294266,0.352724550427022,0.202689106577454,0.724963133084965,0.579799149709139,0,0.323457842034829,0.458022169176944,0.404446400331838,0.44842026447232,0.409776725029279,-0.0949393564831508,0.368660782419225,0.345840134483039,0.319689522010328,0.480522096466003,0.309286186340769,-0.172903847959897,0.068662636429565,0.0140698454516943,0.673334743749047,0.549751865490366,0.330653747098058,0.45579764382108,-0.113035781434581,-0.0967307419907681,-0.13650993119618,0.237441188525442,-0.100398726129221,0.0546225682708269,0.227294444453483,0.151961309300985,0.206094419987814,0.349451411190381,0.180127923776825,0.167013912641432,0.321879787939601,-0.0132289385364566,0.231090975016989,0.0626774549854698,0.121261527391466,0.124404962875078,0.14237057285074,0.192836118468809,0.181771220378116,0.110063772808337,0.275453373211054,0.264976857576925,0.272960585014787,0.511514022448163,0.181844685857365,0.503795913397223,0.32654545203101,-0.153712523775433,0.786271703485141,0.614348362577843,0.41412506871184,0.309497617652897,0.552916340847499,0.284471947318351,-0.105221176638162,0.566621826843617,0.241497968924851,0.491197472593792,0.256718441838577,-0.252968920099515,0.0575163486448612,0.333669745950949,-0.0334978394570629,0.0143805936506999,0.514552260390607,0.136399380682351,-0.25700535704447,0.525307544119459,0.322172483187285,0.317816588631278,0.136779651745207,-0.105816779468241,-0.00866938701425041,-0.105267686872047,-0.0994276576190918,-0.0752532077922184,0.155563024311364,0.00316932869731267,0.117121175848627,0.112531908896957,0.244470885748182
-0.050500896783959,0.290345046126625,0.198293975660378,0.0515194349540161,0.354435396956302,0.36853561973046,0.0834631195856948,0.337183934329763,0.394986513416149,0.0895347584167124,0.272861471976454,0.155643285551274,0.2739638308669,0.581552467230401,0.52922441428378,-0.0777090181155354,0.175881846935378,0.636138873035504,0.323457842034829,0,0.727888637907642,0.170531776172896,0.441748888804754,0.100629549381296,-0.352835699904749,0.10378211532739,0.633629208291153,0.610467283113032,0.70178248430365,0.396837048714714,-0.180774858458347,-0.131177563925091,-0.184130640599573,0.472869307353241,0.45338060295033,0.639640043236226,0.553034834062908,-0.349204744446557,-0.277990820033369,-0.206217109123655,0.328514872370595,-0.245363658968141,-0.2370798637281,0.273461454529155,0.0747637321971976,0.377861471448603,0.456049770033313,0.565253964788968,0.444374738278718,0.443520827376292,-0.235370558098173,0.0457189787231487,-0.174462376601916,0.194390281149926,0.175402009638471,0.263789286143639,0.294649803458003,0.438803374105263,0.125973706196698,0.228027553452978,0.146374186698988,0.222685642221368,0.599002945709225,0.0777539472690326,0.520317227070145,0.497665815657737,0.0280357785957689,0.23979681730354,0.396649154676538,0.565478541630784,0.77150641740878,0.221133015830416,0.359970423927325,0.0305510836269537,0.167596580092009,0.041001524378897,0.729569567765059,0.441300521555407,-0.324865309574117,-0.168844781945274,-0.0809633158595543,0.272985007620429,-0.163219892525908,0.2268547819843,0.548951329711901,-0.0806199820947706,0.552320953562491,0.52801964286285,0.726674283886726,0.103874954912772,-0.36660828475222,-0.0271444741199318,-0.162786737720183,-0.248868298585134,-0.228664796531509,0.159818177135051,0.240262577318269,0.507638740403403,0.357361647400871,0.361930168694215
-0.0152694225046795,0.335654357041708,0.18791927410496,0.0830289823728597,0.323137402047688,0.274563354714527,-0.0166772602872418,0.323020810214049,0.311253894247771,0.0678988494286666,0.26983970665707,0.213112184532764,0.18699886720694,0.697307874513501,0.636593453447592,0.10251523606182,0.279563694370976,0.584778659123702,0.458022169176944,0.727888637907642,0,0.217736015006542,0.640347088277711,0.245800413322674,-0.274882200245489,0.134402447098338,0.560270768373165,0.47449753673037,0.705959007997124,0.596004987295537,-0.170676285978898,-0.0362075660178732,-0.105824830947129,0.510714377738944,0.463641961495406,0.383810353714684,0.431598120025886,-0.269649351120356,-0.239336026512057,-0.206613625527615,0.195476371985324,-0.258484932694164,-0.184017256979784,0.170659078374995,0.0451147162502244,0.482385622159218,0.568933245816577,0.618824612604309,0.299968204964622,0.287494547856009,-0.140611198880662,0.126008791258869,-0.0583234938273845,0.251154582267636,0.141789417729953,0.182420776932342,0.261022255417223,0.34057674690593,0.0812335009567828,0.140428013751754,0.137902330588335,0.130774891162195,0.602838175372114,0.107180063726962,0.711933622272005,0.619317158735724,-0.0997355838780389,0.380212637390893,0.555237098973795,0.516959469568561,0.878444514365753,0.293601056678459,0.566832255840705,-0.0172968782591744,0.265742545802607,0.0706710668448073,0.686678780750079,0.580617776431641,-0.284008009535927,-0.0699362606895373,0.0627239737308453,0.0294693874037558,-0.169261619897706,0.202847926129753,0.457684705227188,-0.0990284974950431,0.45620546856098,0.393428252961141,0.402820391810046,0.0423473283598227,-0.301614155836914,0.0423663222147775,-0.177409191524633,-0.281166972035762,-0.267284100471953,0.0514687312039983,0.330119762746455,0.615762426189118,0.204164414312471,0.249178858122544
