0,0.264881444365133,0.489637666957748,0.108444886471381,0.0465059430296516,0.0874805470900772,0.110543826890791,0.0279887228296627,-0.0621850086453813,0.448325242837861,0.22872958796968,0.150027739458609,-0.103375068414038,-0.469356542264009,-0.435683766302439,0.345935359797354,-0.111929499951852,-0.0896873728157789,-0.202017899048737,-0.254347546640784,-0.148077281975983,-0.0584645549421133,-0.403143653011907,0.220969408718739,0.442653550681058,0.114041650650179,-0.357115588899175,-0.509266884950328,-0.0912406427322361,-0.488047868331134,0.217540504098517,0.070623659377754,-0.10192965699072,0.0209392821859093,-0.14143552079877,-0.175985524271929,-0.0803438867583966,0.504687965138931,0.328683947264553,0.379050683552746,0.0635738125782992,0.355761980435006,0.0937378060660693,-0.0816121545285419,0.0749391331849373,-0.441166755440146,-0.392114563493496,-0.438121648492816,0.251276265042843,0.166964147652621,0.469473538382281,0.373010504529398,-0.213236279167535,0.0830047318383127,0.105536747044232,0.258248710780267,0.154384693362943,-0.0231590108292823,0.173290468888785,0.303159883306448,0.169032992595794,-0.0740239793863151,-0.350117073571057,-0.332508253431124,-0.410384716648818,-0.411144735647433,0.18279015704726,-0.072966002502662,-0.153099176851544,-0.0825698789203303,-0.171841637953829,0.0449171291044186,-0.45717759169557,0.25862293385254,0.0280599174210973,0.381462998737598,-0.243176536811786,-0.496112607516432,0.172141689885692,-0.180501649795463,-0.361696281140057,-0.177948225186725,0.22947850732001,-0.0150037677987663,-0.294165268298374,-0.338564979275015,0.035180718827875,-0.430096192776619,-0.0325256187101934,0.193319708621206,-0.187605106728003,0.453609028310902,0.22910911687871,0.408819099417901,0.399329235479965,0.127846320859689,-0.373414966936542,-0.360488713112957,0.177174711494547,0.229586975870242
0.264881444365133,0,0.4131752102383,0.751532379459741,0.696456929936225,0.483203625613678,0.245247315136559,0.577768865337783,0.314634290022218,0.112984438773905,0.247382024448714,0.0947621732903921,0.213141453840447,-0.0504036625406787,-0.0540222114035746,0.347217805969782,0.184729281508521,0.248503651240845,0.109455453866985,0.170895834152571,0.0721119811169435,0.121676705204636,-0.200719053367143,0.0506300605378048,0.135784539979623,0.1321559143537,-0.222583109633797,-0.207069481677041,0.162290604908051,-0.359285253486294,0.0355570729850766,0.0190210903944777,-0.0384909407670879,0.0443106376418319,0.161832024504508,-0.123739908706641,-0.158741758808399,0.108764039409628,0.0677446618816023,0.193011146742935,-0.067985855019928,0.123930730032417,0.17269974317843,-0.120518096372759,0.115569529795976,-0.202866764201725,-0.114188766615165,-0.121416084656254,0.322184441461375,0.169361126557879,0.386225869111764,0.82050671831736,0.276751426340895,0.723742309351581,0.531626282447171,0.425466265180142,0.61752067154372,0.367995569021083,0.114974913835253,0.181736829684831,0.0513350195508626,0.22844458939923,0.0529097384484707,-0.0732061422396482,0.0379767756653751,-0.0838012570989111,0.200139855006594,0.152898295070166,0.0099335684801415,0.295514474333087,-0.00995683827362746,0.211270017153739,-0.237104074458454,0.144065303748834,0.0216025985979453,0.151259774693383,0.0926043881999368,-0.244182088190717,0.0709331779084351,-0.115105387289663,-0.282110062132993,-0.298712913918097,0.148566005827884,0.186030166413513,-0.163617127109054,-0.202436173457871,0.0245043249343692,-0.183241701538708,0.108147964374299,-0.127047684956304,-0.0107998615983642,0.152258700563041,0.144266105019485,0.142597174669216,0.136954700136079,-0.0573288882211542,-0.161012136019938,-0.217730984373373,0.414867435686956,0.146789601613953
0.489637666957748,0.4131752102383,0,0.186696653829845,0.549424422730319,0.706966616458619,0.315305147751476,0.506880433863999,0.606397170618376,0.415805440318709,0.345331813510873,0.139841092754227,0.144959229872097,-0.13496680121758,-0.0876436086968894,0.00654396515420918,0.260538484467367,0.0834257059098714,0.112956686834773,0.0406965887542976,0.0344367645028999,0.0162809479647652,-0.21420951323174,0.19705547081905,0.393393064908663,0.166203693389197,-0.137669052636886,-0.258439620567721,0.20674739107827,-0.380591081703133,0.121698691303337,-0.250431315748855,-0.365394584208606,0.0746367366123772,0.0977276002459278,0.0702153750832956,0.0352086902913787,0.183385586504285,0.253243002463757,0.304991517510501,0.108665917842746,0.376917207176786,0.199372878081416,0.0731991231382367,0.36005118401931,-0.319468329607854,-0.259380044508828,-0.239979157681304,0.637363019686117,0.259757809140003,0.173521001814527,0.627056334069803,-0.195178462673088,0.160183142635292,0.663125464711916,0.769964108779354,0.529161704033583,0.606484164243609,0.321523864355309,0.421153851445409,0.243114893341021,0.122853578462948,-0.12090653913883,-0.170187800584368,-0.0864513827454902,-0.151400032340774,0.265429403057115,0.205131307324958,-0.0853838288692831,0.104010362924914,-0.0730002908914289,0.138022903301135,-0.233105101606178,0.281401296723428,0.161075318257037,0.356397927856899,0.150661843578655,-0.390754888362071,0.130140430633728,-0.414066291644974,-0.464223477336037,-0.349726662022223,0.448080431163017,0.146831640992858,-0.195871327941205,-0.376636760393902,0.182911238968516,-0.213392218076602,0.348425589393401,0.105506195926583,-0.336919458072804,0.260181839466488,0.26331148625618,0.392088932067932,0.378808879790523,0.192325660404124,-0.225322771886002,-0.176456244788783,0.577184141623705,0.303624188872526
0.108444886471381,0.751532379459741,0.186696653829845,0,0.64384950714071,0.34468435022765,0.21247009988638,0.574205019606626,0.218162145328536,0.0567163440808251,0.158097761230381,0.209064028482766,0.291247375442271,0.161345641532693,-0.0732467454031443,0.179026557280982,0.312930439896475,0.321902421560007,0.297501755877589,0.0659129179441096,-0.0107202871780843,0.24050854565308,0.00321203028431087,0.137719175671929,0.0723245902956898,0.12288983740759,-0.0960512145254251,-0.065791757615249,0.22806023060727,-0.217664675812155,-0.0773736231376729,0.0258533635808122,-0.102023448387607,0.177114396241272,0.252502232103853,-0.013749476383809,-0.0416937838898716,0.0463985290480696,0.0923988702510023,0.169101167182661,0.0571034811476831,0.184741801880393,0.254421802068866,-0.0250490799001768,0.153948828831037,0.0367106472929574,0.141203375147527,0.102495264983602,0.21266997354892,0.249388629579986,0.217491882046014,0.652609042363166,0.34019388553969,0.839735303061904,0.452097877775411,0.296176893076039,0.546691218718418,0.290043534322274,0.0578795594790226,0.196966188425837,0.157429660627894,0.265144588910784,0.158952313547511,-0.0621836113358577,0.129431670899545,-0.106950093116245,0.10040054140134,0.317909764904671,0.168138742815932,0.372085669365963,-0.100331427134105,0.25446699769135,-0.0828554478444683,0.061160982171557,0.128028810077937,0.158457069602532,0.166675857604811,-0.0737383637007038,-0.0796067213076508,-0.0436132365962791,-0.197540859675433,-0.228681373683837,0.0988248035231409,0.228576414755498,-0.131915068921089,-0.179540185142538,0.139040802720723,-0.00193145091314566,0.174319233842244,-0.111638277163379,0.00494604538558385,0.0576969916213592,0.221917517066649,0.130769173624259,0.146459824414835,-0.0157104345560115,0.0486794523831935,-0.0952556047652643,0.316793749152831,0.19299998744788
0.0465059430296516,0.696456929936225,0.549424422730319,0.64384950714071,0,0.746365249141894,0.288338174770646,0.710518139928254,0.642611705742182,0.119428861027049,0.310659885351782,0.153634141676966,0.391332732176968,0.236001632771065,0.136812283827577,-0.0431194907792297,0.422586728432502,0.252389036723601,0.341523825530681,0.242885321018273,0.0973006967175686,0.219751992119656,0.0285409811060917,0.105379237149401,0.12873270934515,0.176931339486725,0.0225719836936432,0.060861274234174,0.337533350941127,-0.167185484209899,-0.0421832431341525,-0.179077445851164,-0.239940880019631,0.102219523386905,0.303285110551555,0.0958348274623946,0.0265175110155434,-0.0333882203375837,0.0981923664567402,0.155502163762382,0.0715643415687785,0.168220686554046,0.22345259735027,0.0719319043022231,0.330861455235532,-0.00113675516426248,0.0948398238134592,0.0928955274446413,0.513624995588687,0.258068604704772,0.0592587768631911,0.729196027137279,0.18332694595439,0.624798181691282,0.805703857282361,0.652316497168464,0.671389908686269,0.693577684577906,0.230073728738843,0.284194617632901,0.168052468570035,0.326581167280752,0.215484600226508,0.0128649057089404,0.218633167613211,0.0587519203154182,0.182993233909669,0.356034544121118,0.0530963742888737,0.29311409734285,-0.0335756452102281,0.253397529064092,-0.03051696812585,0.131284162034463,0.145628989356993,0.163389778024129,0.337440540049236,-0.070783667480234,0.0306321358901866,-0.273398942862561,-0.308094769038886,-0.320043011208498,0.289055928465024,0.255577859152181,-0.117020240042171,-0.240233039477171,0.180927578610125,0.047926833154137,0.34516560665365,-0.133028235948635,-0.129580919393568,0.0644003334848335,0.214164463128764,0.129624849966282,0.118646043135952,0.0906615525050653,0.0400970630032482,-0.0391116993826417,0.59998346615828,0.230270396878374
0.0874805470900772,0.483203625613678,0.706966616458619,0.34468435022765,0.746365249141894,0,0.412991908387796,0.640982702251197,0.827281164907084,0.248591215630927,0.450705071679379,0.140248658247687,0.374624119892002,0.203730868711894,0.210801504164007,-0.114005257249461,0.435231985278607,0.186622915575693,0.30942374566585,0.270478436889055,0.118858970328623,0.191092575757934,-0.0351127570617571,0.146092370797943,0.216839213719915,0.194404088503424,0.00831070929624987,0.0491465141988667,0.375694086315531,-0.16798360660325,0.0512873960667155,-0.260657219899149,-0.289027115475794,0.0605052877074188,0.260117873305103,0.203782891840392,0.0779736782788255,0.0673155905416746,0.224972512188476,0.276197023301445,0.102368855470656,0.183106517242275,0.250274261870664,0.126188378276675,0.370810484194905,-0.0896662529174936,-0.00880524717535943,-0.0134376728634879,0.745810740738408,0.317234301840164,0.0178819087139936,0.616391464180199,-0.0335372440171434,0.314589169032452,0.863213050654702,0.867128141028186,0.609649272353189,0.802366217508146,0.386342071559054,0.351947544115215,0.188246008795483,0.280570112197853,0.196322593891514,0.0487732652220007,0.172261322511245,0.130274570748499,0.323283863531422,0.317559486753108,-0.0571326978258419,0.197784346477648,0.0117652362496543,0.273425961512162,-0.0768956290452326,0.322406350799341,0.18365589327459,0.206877918517029,0.407617769148281,-0.135592978131543,0.14491546833396,-0.358835121904916,-0.368222100101485,-0.355032106302037,0.379688751787095,0.228648944133961,-0.115744513724193,-0.258092460580001,0.228954299270738,0.0166046387302491,0.457818257530094,-0.0499877120726165,-0.239637817512644,0.168892130576,0.349978943941745,0.230042585138313,0.204231422122272,0.170378014211,-0.0268963320980079,-0.0604197568511201,0.775844504388404,0.313335791436828
0.110543826890791,0.245247315136559,0.315305147751476,0.21247009988638,0.288338174770646,0.412991908387796,0,0.39644835214791,0.417730445655439,0.246550111128971,0.240918893455376,0.0202935594025254,0.0414126931914497,-0.0255920592972903,0.0330982064825429,0.170957679623422,0.200165796294334,0.0148901909811302,0.152935936143943,0.179532042185054,0.0573612746793612,0.0311848794912762,-0.107887117702973,0.256046414359834,0.184254343813122,0.0703840767909458,-0.151749578103496,-0.0621778779077767,0.372638959143135,-0.230532525983136,0.184899066848562,-0.113937677214343,-0.272464415608512,-0.0594305262044449,0.0711816977792952,0.0865871471700824,-0.0995989675485843,0.258959998608417,0.281376085391554,0.400936208580918,0.12517699983724,0.131573580232746,0.0671943440810081,0.0916594574974678,0.274699920022916,-0.199452181572557,-0.181347550851724,-0.23665814313143,0.410423568554281,0.240643582475979,0.0955511477859728,0.354516497671074,0.162203819036458,0.185693891787222,0.355653754884886,0.371360574928734,0.445605820417039,0.406206955310794,0.279103077693171,0.177914939916476,0.151217517829475,-0.0281705688442764,-0.0740819925820633,-0.168681039810029,-0.0368423481499049,-0.000723461897553501,0.700926865924045,0.111635268843412,-0.203767274190505,-0.0200470687067654,0.00681145025084117,0.202456652714972,-0.159447764785204,0.562385117621811,0.315981621347759,0.142832160353268,0.259784519285519,-0.198973019814446,0.1800815034299,-0.289357074880649,-0.435878400388526,-0.48011376609722,0.181142206108679,0.109804824856816,-0.197282312411542,-0.296313333913807,0.0373412017371113,-0.19444338864208,0.332406307346503,0.120156912961161,-0.317310118175172,0.323912952229675,0.511150249160907,0.279015025595109,0.229738939439162,0.108930791167864,-0.154717162108927,-0.309640420585269,0.46375397701635,0.30893264484855
0.0279887228296627,0.577768865337783,0.506880433863999,0.574205019606626,0.710518139928254,0.640982702251197,0.39644835214791,0,0.636714538341305,0.151099060269029,0.256568283467211,0.122089984062319,0.298582672213028,0.178290716006916,0.1398057966762,-0.0245704207832416,0.480204958344601,0.538147875405612,0.434642611441091,0.196259639486121,0.188885838736885,0.228470219563032,-0.00743818311224964,0.129440076710888,0.169669655800124,0.184193546853317,0.0446545364934445,0.0907749340533789,0.398776013489689,-0.205301379684433,-0.0554499938337624,-0.267092233008774,-0.3245084145951,0.275365540747871,0.39092676749949,0.166994737509945,0.121757490292212,-0.0787840443707213,0.11343097078162,0.163757171959823,0.090270699018926,0.245779508862367,0.230596094102192,0.0816050703757292,0.417355485475541,-0.0523976535895725,0.0366011604334592,0.0952136109810178,0.483884409863734,0.2682939755443,0.00496512320876054,0.681694560424434,0.154711557266839,0.497404871333246,0.676199547032002,0.573738205578226,0.828724143517955,0.67350190753816,0.229956908918192,0.319288523037228,0.215525691443968,0.250034260035767,0.15482296622665,-0.00475800571665048,0.281483484374003,0.0731397597902709,0.130255249301062,0.425257578575004,0.238176419400888,0.540250152869826,0.0186235622729377,0.283370229393226,0.00714309598548428,0.118104303471557,0.264622230167573,0.220938038629953,0.416806758999978,-0.12036885212078,-0.0595353730002362,-0.351974112317278,-0.301750436512042,-0.425416879728741,0.305818262182003,0.309820527529468,-0.020560224389219,-0.201068149475478,0.268892305056595,0.0813753558407172,0.382389318197704,-0.122110642162867,-0.251766914626645,-0.0602087059479932,0.178663211831615,0.172915426460676,0.156424751870494,0.0483781714882164,-0.0331205583311707,-0.0778641379476826,0.508483697591729,0.203913101519575
-0.0621850086453813,0.314634290022218,0.606397170618376,0.218162145328536,0.642611705742182,0.827281164907084,0.417730445655439,0.636714538341305,0,0.116610968312239,0.29889323955833,0.0402981349092874,0.318356065295314,0.335817569766318,0.351188246539039,-0.152714757452967,0.413558449984383,0.191893674017795,0.361209898635907,0.330339208244446,0.182319965104859,0.133273656658178,0.0922522637160505,0.0961690339650284,0.0576162621434011,0.111712742365398,0.131689057703059,0.160945205316035,0.412901414910804,-0.0543628746366126,0.0463442574490141,-0.260578944315049,-0.258730230058067,0.0632079434532221,0.246198853448418,0.348686981163478,0.0961485564224102,-0.064767874473095,0.13521743864252,0.138115569011587,0.175529257629367,0.130106751106699,0.152062110055714,0.146512519351903,0.430043628354222,0.0199200360957705,0.0884418221452497,0.0996640639359265,0.640222136807251,0.291199485951184,-0.0782369492762426,0.474451591576125,0.0659338548686602,0.234072535731683,0.74569027043708,0.756848511786066,0.542538158109573,0.865550342776071,0.288615795901605,0.249067819698652,0.149227772205005,0.261808570438615,0.224361640914354,0.0845124662671995,0.277721672242153,0.241615380492015,0.283252816134795,0.338817197704544,-0.032432883912568,0.193435558228146,0.0354638861174894,0.141486196430198,0.0695941009472445,0.234138926319998,0.232524661551186,0.0689483480925039,0.455571911126826,-0.000703701779810349,0.0672835044587975,-0.314284740989073,-0.321827736740999,-0.326679092565919,0.294219457685962,0.165122822611512,-0.0325153415522294,-0.200011030870933,0.222837348523175,0.0848501008646162,0.520300355553866,-0.00401118571776098,-0.199748581595387,-0.0242638966681244,0.245703028727817,0.151996585584391,0.0604515298005304,0.113960189263377,0.0483745595349312,0.0302619672292457,0.631108839663391,0.261866574466673
0.448325242837861,0.112984438773905,0.415805440318709,0.0567163440808251,0.119428861027049,0.248591215630927,0.246550111128971,0.151099060269029,0.116610968312239,0,0.568095255398412,0.359873178532943,0.134651039328149,-0.21841116905973,-0.299518582193926,0.00474147371483071,0.214704814536425,-0.11601521570549,0.0213666243483463,-0.343937482601309,-0.217102008809012,0.265173301253636,-0.193148502097387,0.514800051943695,0.74913373852023,0.248099756268171,-0.12037643071161,-0.213070898392704,0.100049660138493,-0.267969173831432,0.218007405772696,-0.200710764816663,-0.419609925221424,0.0990500348917216,0.137356176695271,-0.114840257003964,0.21100933544704,0.487325991860981,0.556595278880091,0.583000024914392,0.150662954702925,0.57147468463181,0.392844841542941,0.205445081465705,0.270815017797232,-0.219690419321577,-0.196856684659429,-0.280571901317017,0.378945795631029,0.363599207889798,0.00618694033815313,0.245902211409877,-0.39175609171665,-0.0376031869170986,0.267621141741959,0.353747300168978,0.235297705671606,0.165493500786779,0.696677243223291,0.716330460365368,0.575038121778062,-0.0211513651665215,-0.169323382907283,-0.214002518737084,-0.263232717729548,-0.240743617421402,0.216552156883648,0.124254199224757,-0.0796125397765582,-0.125331893771213,-0.227620761506153,0.323113451381198,-0.269176961195879,0.49432321297253,0.409564444839157,0.735025644129723,0.000785802596936592,-0.257962679356928,0.183469517446622,-0.428952083488861,-0.450355855156548,-0.383046540092159,0.509922788446303,0.237948429599712,-0.286548097654639,-0.435936405969253,0.318741722490606,-0.165256848083383,0.0954465194678749,0.168894330462216,-0.517643091033306,0.488943716117756,0.498974330635111,0.620206900858135,0.680119044703797,0.365642472176933,-0.158219069114322,-0.307979238645034,0.344445964536646,0.427599175743728
0.22872958796968,0.247382024448714,0.345331813510873,0.158097761230381,0.310659885351782,0.450705071679379,0.240918893455376,0.256568283467211,0.29889323955833,0.568095255398412,0,0.42721940320238,0.406931522781922,0.000906963183091194,-0.0882519712317729,0.0462866337538906,0.298375974638783,-0.0331416433645603,0.131607397679415,-0.0627443635167385,-0.25622124110668,0.315349221518877,-0.122911691182244,0.400016023753243,0.634411128805061,0.521236657383284,-0.0275669374885632,0.0818077693261846,0.286258616789727,-0.12434456475522,0.019181712611784,-0.119191715786845,-0.260441994659788,0.0803153756735509,0.231054774374584,-0.0339634104033804,0.270179992870394,0.2543396000474,0.336179479986197,0.410915331238816,0.0516040581172679,0.33061137398474,0.367015789394773,0.248991638839844,0.332803125903978,-0.103753710885421,-0.0275414112513863,-0.0577254243194167,0.544274099566898,0.250743635437175,-0.0345024494511735,0.320329785122986,-0.21965922357714,0.0245927940864767,0.430152411573783,0.416594047442596,0.308556626846231,0.312860012730056,0.590951559549721,0.555716196859764,0.370880280748713,0.227158033614446,0.0731720811496286,-0.122849882366747,-0.117717996410599,0.0117298683817421,0.256182356156371,0.135426334139271,-0.102865586394375,0.0559182029401846,-0.252215198448771,0.382585611219417,-0.209215424099632,0.407136279887428,0.296652401639033,0.543581758055158,0.267449973160364,-0.117044552525574,0.133077643325953,-0.273208825538198,-0.276714689519278,-0.30104926477704,0.543203492451253,0.346812722239685,-0.244986501504653,-0.421263819432229,0.307515142780301,-0.053514153766816,0.237942121261542,-0.013870127446292,-0.294331446151868,0.33523243701817,0.347458147160511,0.303289053352758,0.423078556962013,0.400881552103072,-0.00757472267410754,-0.191105149630117,0.518769488858197,0.261134490891937
0.150027739458609,0.0947621732903921,0.139841092754227,0.209064028482766,0.153634141676966,0.140248658247687,0.0202935594025254,0.122089984062319,0.0402981349092874,0.359873178532943,0.42721940320238,0,0.401583732481462,0.101988117373796,-0.239630834191785,-0.24221711990694,0.365704533681248,0.0335348836020111,0.280829914535101,-0.211865596771949,-0.305497181485678,0.428112465027343,0.0922363746045219,0.674151824031766,0.398334546801228,0.666372233199252,0.174998879155585,0.0554164925672676,0.279683321105609,0.00397176337053999,-0.303657566548876,-0.187655245568737,-0.263287591164209,0.342218503188519,0.298149007677022,0.157547640310979,0.385371912729929,0.0568038332367693,0.231504960690508,0.320652873465255,0.246503115350022,0.568015914075326,0.644399330787359,0.435456809950631,0.313033888342009,0.211160620567101,0.281332614877601,0.172249398016846,0.252997518742195,0.447313136539003,-0.108055167165309,0.191416744887916,-0.146579556663107,0.0706246114343984,0.198228374871071,0.133311945045902,0.0779042763355884,0.0787892539162268,0.266034087823524,0.600475257876934,0.563696901204677,0.245692808546878,0.00919076881988195,-0.188332961892048,-0.0619594861930293,-0.210678136759098,-0.070483200686695,0.373566835781267,0.318070621217891,0.140219267835341,-0.264755867652967,0.460809481217077,-0.0749949034661246,0.0114010236982391,0.478660387897585,0.610126015259831,0.235042806936922,-0.00797438216367577,-0.228202554650167,-0.143675640219658,0.0156306749804735,0.00229362868447631,0.422121463891846,0.479008082509827,-0.0721335655711424,-0.262331495753771,0.485681970668068,0.138080374710071,0.295549735024529,0.160214326619569,-0.126280989961306,0.129450165403533,0.265175979909741,0.109950577311541,0.555095338953919,0.416011530202922,0.234919379819247,0.0394417178808669,0.180548814759072,0.45153422244599
-0.103375068414038,0.213141453840447,0.144959229872097,0.291247375442271,0.391332732176968,0.374624119892002,0.0414126931914497,0.298582672213028,0.318356065295314,0.134651039328149,0.406931522781922,0.401583732481462,0,0.283006307038039,0.113118663763511,-0.214959508617026,0.513810089733516,0.121313883534291,0.395107052327773,0.0480561301233345,-0.176817183276463,0.523453773110262,0.168002084888812,0.259858930181193,0.209253003341308,0.420264182969163,0.232309879959124,0.327444615913498,0.457077092264484,0.0891734074843556,-0.139840686401311,-0.177784251287955,-0.223921143619885,0.18854590126872,0.463849429301597,0.0607700070134642,0.31947994558199,-0.101013036750965,0.0412643843867864,0.103504139290359,0.0833023278501871,0.22911109725183,0.485912807503747,0.403385179003566,0.321510270501554,0.229431912710548,0.329727952189739,0.261591648257204,0.33521800735292,0.198988094988705,-0.174908099626266,0.269417099337061,-0.0864265478258313,0.232170504856321,0.424799586184206,0.305950543508719,0.286186487877588,0.348553679570553,0.282031382327229,0.332328734156141,0.28893482207851,0.787148314745219,0.510355367299711,0.118198995530411,0.211256494843826,0.195024446634364,-0.0187337849881451,0.424146587693136,0.145689004031601,0.174350477005845,-0.134290653740757,0.48270382319541,0.0059246677405542,-0.00538804316948977,0.20652644211762,0.231089361894391,0.522873253398932,0.143953435433986,-0.0823601407340501,-0.157631960339963,0.00536432202041463,-0.112331496562558,0.321928170792667,0.428359382625537,0.06038074045048,-0.0861658358423645,0.41923402697826,0.271634087405315,0.230323691212444,-0.121578305617326,-0.0993542104682102,-0.0025136362953563,0.141840466483321,-0.00495337093883461,0.19858329924447,0.306808117563722,0.229698899763686,0.120462450063179,0.352663031212059,0.136357726322665
-0.469356542264009,-0.0504036625406787,-0.13496680121758,0.161345641532693,0.236001632771065,0.203730868711894,-0.0255920592972903,0.178290716006916,0.335817569766318,-0.21841116905973,0.000906963183091194,0.101988117373796,0.283006307038039,0,0.5127316768521,-0.264250556126631,0.338769117500341,0.057842016552781,0.476292531380113,0.183765296903053,0.0379109843445367,0.2168630395537,0.687743358536694,-0.0677370239146253,-0.208722762556443,0.0428717256670574,0.496526037595719,0.610066020860493,0.24728910549063,0.561163578984609,-0.137859223103607,0.0158964573345227,0.0756806010432974,-0.0804218355783862,0.29173101156023,0.290568177504063,0.121740713691843,-0.292043760003063,-0.17635933092437,-0.240563920220972,-0.0126283208460912,-0.0352134718370153,-0.013424320579369,0.178043712738644,0.0390104259843816,0.604006914795784,0.627549701992831,0.620398956945509,0.0461680282621645,-0.0151541347637855,-0.261953754708854,-0.0429540890888376,0.266799829816138,0.199440704166149,0.217923781414349,0.134821496222808,0.0304532159823936,0.307432134837623,0.00208405145530137,-0.0348626135512028,-0.030837866850732,0.186533610238344,0.583737036286187,0.427435427741243,0.528158699615898,0.486919131557959,-0.119197925176666,0.366382755236414,0.0940562837112833,0.0559678714186808,-0.0204949588194503,-0.0304639288163305,0.671767805114796,-0.161186818679271,0.131442371879913,-0.127980618959429,0.422612412027532,0.695219138566991,-0.159907838838836,0.1215380534379,0.141904587438382,0.0837382854174051,-0.0799225681772673,0.112523968534361,0.234748807467209,0.176251002928337,0.129298368728895,0.589906340703538,0.178283099334825,-0.171240716372062,0.186961193040853,-0.314332816533827,-0.0396326754370613,-0.0631556834703918,-0.197430493735872,0.0402001086429779,0.572458908119107,0.481996395644689,0.0996085189207649,-0.0759993105661662
-0.435683766302439,-0.0540222114035746,-0.0876436086968894,-0.0732467454031443,0.136812283827577,0.210801504164007,0.0330982064825429,0.1398057966762,0.351188246539039,-0.299518582193926,-0.0882519712317729,-0.239630834191785,0.113118663763511,0.5127316768521,0,-0.182393036269803,0.129444662458117,0.0988245533372706,0.157042598902561,0.536934740150688,0.518476378618587,-0.00947201708166278,0.258707213025927,-0.213664757748379,-0.403984691419326,-0.202994259780014,0.356978598467923,0.398145950919752,0.264049420769499,0.459949931142079,-0.0465187514056095,-0.114930702202084,0.0280516498328636,-0.176938027483145,0.155418078911957,0.155177380229778,-0.129484734638844,-0.366798187791685,-0.299224407788439,-0.324093304477402,-0.110033813274782,-0.324685056745156,-0.195402248251793,-0.0658560941822287,-0.112584962162341,0.230938580421266,0.167073597544548,0.220130897801206,-0.0267850365837772,-0.097825524595455,-0.226775349337863,-0.0656416360345652,0.163615386444349,0.0416084526431386,0.152799143663528,0.149892123231281,0.0021093245919635,0.306463276193666,-0.0824721009509214,-0.199080059811186,-0.158746744600196,0.179653133535098,0.56824397467424,0.592856521646055,0.547757504649303,0.848227962591109,-0.0068501062085618,0.124259018649661,-0.00288525720841333,0.000733359683256871,0.461402499363001,-0.13462534421587,0.416460117382012,-0.10776148887648,0.0159754105998692,-0.319232999200354,0.371177921688821,0.430053522536173,-0.0859380043937312,-0.0389730010695098,0.128289130503192,-0.00309506082321236,-0.206135739172824,-0.0504917398431574,0.371658887559172,0.428690553141672,-0.0786960338805643,0.375849278758724,0.0362649646519523,-0.151527913916849,0.0671707233019983,-0.356847575373627,-0.121795710981829,-0.150601746126253,-0.393382328035533,-0.177475050621661,0.197889019416003,0.324939254345961,0.0584746462796321,-0.169274280361946
0.345935359797354,0.347217805969782,0.00654396515420918,0.179026557280982,-0.0431194907792297,-0.114005257249461,0.170957679623422,-0.0245704207832416,-0.152714757452967,0.00474147371483071,0.0462866337538906,-0.24221711990694,-0.214959508617026,-0.264250556126631,-0.182393036269803,0,-0.201457600703303,-0.000670561492360329,-0.210086380458561,0.00410074978198762,-0.0600867564522809,-0.145491607515873,-0.214305253914054,-0.0960556762608996,0.0645353982284051,-0.0139735088989265,-0.306176018202079,-0.225960084771934,-0.0993360040027241,-0.290396527068628,0.261085471720081,0.51635245653853,0.401179735863696,-0.0942283786355185,-0.104250683310067,-0.257014785790952,-0.223069163266721,0.31171682756945,-0.0292005527466332,0.0157957294733852,-0.266527151272829,-0.126141641926125,-0.21801734958119,-0.334284999494555,-0.107041057891008,-0.295322674253928,-0.276771949164483,-0.173832356483101,-0.12866190592835,-0.239166342047322,0.608165039443599,0.253369698367638,0.391407282773429,0.188358993537183,-0.144559067498047,-0.110015169288145,0.118085147685591,-0.192661397815279,-0.0471638101062473,-0.216646149461994,-0.245259659009133,-0.138694879226813,-0.18685552704413,-0.166477013265013,-0.181141420939594,-0.146990477401058,0.281365777355199,-0.205501666938442,-0.176294360072971,-0.0460359552760961,-0.111246829096116,-0.0851594068354629,-0.22507140824408,0.173555338535256,-0.160032947138061,-0.114120723785977,-0.163808061316854,-0.155194066077065,0.265766369022887,0.311789207013151,-0.155819748487316,-0.211110164603042,-0.134009777142287,-0.0941713288474657,-0.160502687578311,-0.182182753479968,-0.234814540686023,-0.312620704437954,-0.218527903659687,-0.10201646237022,0.243492036709972,0.282655293837321,0.0224114415591432,0.114491811650154,-0.0552478263586686,-0.157089371360927,-0.244518219730805,-0.338143913239887,-0.0807262974153274,-0.211219839532233
-0.111929499951852,0.184729281508521,0.260538484467367,0.312930439896475,0.422586728432502,0.435231985278607,0.200165796294334,0.480204958344601,0.413558449984383,0.214704814536425,0.298375974638783,0.365704533681248,0.513810089733516,0.338769117500341,0.129444662458117,-0.201457600703303,0,0.272528528596873,0.787190141653841,0.0317065515705105,0.0983980616128044,0.44427112112064,0.121001440536581,0.351176339648199,0.210857740185422,0.264178196164107,0.25131259357403,0.208232820036802,0.460146538031107,-0.00591409715334825,-0.0454772584209708,-0.298137068574562,-0.25556386544091,0.334983535858491,0.545233974671054,0.213328023693315,0.392752636124951,-0.0283616121128159,0.153685772839991,0.129569802645824,0.115798479492063,0.254452559376824,0.420892173638962,0.297940591262324,0.361779563965201,0.170733271204093,0.169872523773052,0.205913110559831,0.318569197038716,0.285561049310732,-0.140601832059237,0.315714091312563,-0.00552569048533621,0.24001199569526,0.487590558618623,0.395812121575119,0.427550695889211,0.415291579564993,0.323160602976221,0.329908224402745,0.276935167915404,0.31795732161207,0.285089075439772,0.155222282490178,0.439879744383961,0.0580372909515459,0.00436378890310455,0.738347954611355,0.371275865089024,0.224070365678564,-0.000546744693576443,0.418432785841686,0.142796042323734,0.0290296726027435,0.305763288118159,0.269667255503657,0.529025487532566,0.0321584684216474,-0.0143431756296126,-0.307595425582753,-0.159112147355163,-0.243258621369899,0.354033498794799,0.403808045899731,0.0770809200661299,-0.190022442547208,0.477337393831496,0.241776196704203,0.368634857629866,-0.10303155631548,-0.15909506136372,0.0187759029768632,0.237152916906823,0.122985404534842,0.203578058922393,0.238112807287623,0.193690210156915,0.0432037571464827,0.333244517699881,0.225234197131005
-0.0896873728157789,0.248503651240845,0.0834257059098714,0.321902421560007,0.252389036723601,0.186622915575693,0.0148901909811302,0.538147875405612,0.191893674017795,-0.11601521570549,-0.0331416433645603,0.0335348836020111,0.121313883534291,0.057842016552781,0.0988245533372706,-0.000670561492360329,0.272528528596873,0,0.267733837961582,0.256785446505611,0.341153591778725,0.163484395287446,-0.0138329005383033,0.123108351260614,-0.0841403563209919,0.0507741579730455,-0.0106901246314611,0.0551241675604264,0.185008138170523,-0.0105855225555759,-0.213608246112438,-0.270664744153617,-0.163369487978425,0.636814525920286,0.300747704429471,0.248365116671355,0.170120733402972,-0.251469543699692,-0.134489166345166,0.00595197981285667,0.169354144260102,-0.00146605172300442,0.156084432447494,-0.0934215333361582,0.124882528602824,-0.0715367031583536,-0.0174254851317224,0.153683786940055,0.115324923082546,0.161704452052597,-0.0205107486883831,0.220347020875781,0.0847982274320636,0.210666516041968,0.203913262292222,0.132628438791934,0.431005869328899,0.192332938575295,-0.0359113783151844,0.0728297905830507,0.0708315354032164,0.192146561891684,0.0935286664391511,0.0781193164210446,0.235862659880042,0.0526683245226818,-0.130325399444087,0.295055447780006,0.59860075414857,0.82021929159751,0.227102246185115,0.241332940542775,0.074661254258833,-0.122081084543765,0.136346716877095,0.0126013608476612,0.244714207675701,-0.0804821403820275,-0.194165200167761,-0.204976894473135,0.177775098447113,-0.0365243343287369,0.0528939523497405,0.233118136123038,0.0618068853064114,0.0677517638652612,0.187800687652699,0.0502737711707144,0.312517675233784,-0.090957831568662,-0.0508514615140104,-0.271433714180125,-0.15365650948199,-0.157965912630053,-0.081032888257837,-0.207322119431739,-0.122027463811614,-0.0957601302589879,0.138123286081605,0.0795592622966556
-0.202017899048737,0.109455453866985,0.112956686834773,0.297501755877589,0.341523825530681,0.30942374566585,0.152935936143943,0.434642611441091,0.361209898635907,0.0213666243483463,0.131607397679415,0.280829914535101,0.395107052327773,0.476292531380113,0.157042598902561,-0.210086380458561,0.787190141653841,0.267733837961582,0,0.0495687729885741,0.107611768846475,0.348956119325741,0.267958234556344,0.208367111198958,0.0417333781551844,0.160350000052967,0.363373327763784,0.325335898636321,0.470422924434585,0.0433951813600781,-0.109766076173452,-0.179701490917427,-0.130310959720385,0.27032492816229,0.524944639758651,0.275009546452337,0.338111233899886,-0.156730806031421,0.0335066286121743,-0.0171046886650892,0.0753439104977649,0.181517123738397,0.234516576355199,0.259617386411309,0.304946749181102,0.332094597981804,0.314673570743435,0.354429995762101,0.216391227517131,0.172451925092379,-0.154727176817422,0.232274524682892,0.165269580374705,0.260511128431542,0.376021352970206,0.276381102363186,0.33758254092045,0.354321430227959,0.127665560490085,0.152196090468022,0.137542635177154,0.212902980222343,0.363595343695057,0.215411682607096,0.59193429576803,0.0740449353766261,-0.0967521349555729,0.722394796150658,0.369298598705116,0.262996182443971,0.0134298758289715,0.248884244046708,0.275312101969388,-0.101792404349787,0.284216918400872,0.0848805710433536,0.566655793636611,0.137533660400207,-0.0783273559162218,-0.134252999690408,-0.0448862094372306,-0.136595025529467,0.117080497044767,0.278327890041282,0.182879211544207,-0.0876508679450072,0.383419649794443,0.372097862562237,0.300404075758565,-0.173526974279364,0.0123546251860923,-0.104474364138095,0.149320379612674,0.0169535154819895,0.0224294845174351,0.129597042509843,0.314914689754767,0.136575878332092,0.196989493188469,0.0734884788043489
-0.254347546640784,0.170895834152571,0.0406965887542976,0.0659129179441096,0.242885321018273,0.270478436889055,0.179532042185054,0.196259639486121,0.330339208244446,-0.343937482601309,-0.0627443635167385,-0.211865596771949,0.0480561301233345,0.183765296903053,0.536934740150688,0.00410074978198762,0.0317065515705105,0.256785446505611,0.0495687729885741,0,0.547158106110034,-0.236106018401573,0.0513978506604445,-0.138346279448735,-0.337428798116718,-0.159821708589629,0.0810279141125909,0.117812092845391,0.218084296536234,0.113231721900115,-0.0390448660268239,-0.104161870640857,0.0216214977535267,-0.0820089508360036,0.00780245069595891,0.265541555313013,-0.220468036865818,-0.299110848647581,-0.305978479813481,-0.171751500116467,-0.0380905790966925,-0.318590620602986,-0.221866172857739,-0.152589878014656,-0.0238696525398804,-0.0453314107194124,-0.0146824720329757,0.070967516932006,0.146071742010801,0.0271800624051771,0.0282178998393508,0.109414109762252,0.270676358042196,0.163522493090164,0.177672762215643,0.163685276850155,0.146245426679697,0.263821608544671,-0.214097690881382,-0.193299167232364,-0.178526580617726,0.129424148086444,0.200175176549667,0.248477565987883,0.302408765488836,0.431561926032908,0.234679553993741,0.0054634766238697,0.0355120659159373,0.243988412738087,0.494948226192098,-0.151372808586328,0.126470699712058,-5.96938380358145e-05,0.0177504617417792,-0.314046147596983,0.255353182826651,0.100784190697085,0.00515938884294094,-0.0570196909637617,0.141508730776863,0.0701335558125017,-0.0706956119545475,-0.0733606622928971,0.121414431965896,0.178626490400087,-0.165387792917405,0.0394705150774744,0.269567572587697,0.0754063707201406,0.127709201405233,-0.239469838242728,-0.151229149268789,-0.204682376341312,-0.31713410238886,-0.161289298580413,-0.0226864438023629,0.137752518393739,0.219583260330218,-0.0200122635474108
-0.148077281975983,0.0721119811169435,0.0344367645028999,-0.0107202871780843,0.0973006967175686,0.118858970328623,0.0573612746793612,0.188885838736885,0.182319965104859,-0.217102008809012,-0.25622124110668,-0.305497181485678,-0.176817183276463,0.0379109843445367,0.518476378618587,-0.0600867564522809,0.0983980616128044,0.341153591778725,0.107611768846475,0.547158106110034,0,-0.23033669084064,-0.125851087465716,-0.13401084704738,-0.395450126348954,-0.385664220927778,-0.0997909102283378,-0.191170440175249,0.00683376706493834,0.0295757223388031,0.080942385550525,-0.21085288305527,0.0379728395216815,0.000823767710644417,-0.0452734785305234,0.0100804001457763,-0.3416620188231,-0.208700932221895,-0.240112636962513,-0.180876512063554,-0.137961194131841,-0.395643676646774,-0.209243344184755,-0.346456873163553,-0.298053977825084,-0.258296436190512,-0.309946214758387,-0.239544956966823,-0.0653083985176642,-0.0557368487997864,0.0364082967880456,0.0672942554776021,0.0591630090193239,0.0752273323296975,0.111687496249693,0.133664725816702,0.118665058612759,0.212992952106551,-0.216369963751416,-0.209353294708443,-0.234657050323061,-0.0204828151761631,0.180186753388663,0.486159259149463,0.463880600115949,0.425669196830012,-0.0514240156368496,0.157959869110934,0.22929626311538,0.222089869501627,0.827470731436914,-0.123674747028913,0.148916355750264,-0.125592536764402,-0.0498874744671168,-0.311069507027886,0.0269417872898284,-0.0863449263561862,0.0393582611558251,-0.167478568563814,0.143550987349457,0.089151930358677,-0.23260936739165,-0.166224354887987,0.121919483153199,0.385872917905478,-0.253576967437855,-0.0595264618016085,-0.0345320333071663,-0.0825570428855826,0.00131607668751154,-0.239277093285791,-0.202576592829908,-0.182193214713188,-0.312717127534721,-0.356095811953701,-0.289457297259492,-0.0268052120443361,-0.0297910200019078,-0.0902660787575497
