0,0.48068544527011,0.462394209574259,-0.119921875825981,-0.102782786240261,0.116528560908806,0.286669576958328,0.230391587597714,-0.0111608157105553,0.177868664587025,0.315727165188196,0.0396378124377025,-0.106910714457909,-0.419434912833995,-0.432485960956681,0.410708446076961,-0.046685928917316,-0.153734614006036,-0.241322475779055,-0.260758170868855,-0.264467098388216,0.0284246368058784,-0.360469534089064,-0.0404016803916716,0.345204728716509,0.213752821863898,0.0150891600411016,-0.0516474152827863,-0.373279158170161,-0.405843089881355,-0.042178473100102,0.101300844915331,0.0853762978959542,-0.11119449932353,0.0617221488658409,-0.220699371948961,-0.166647899435273,0.109230114261381,-0.178046092751687,0.185464754141963,-0.0937801293452947,0.275881612569828,0.178573747050799,-0.0587428384506168,0.00592874896714529,-0.23530133206256,-0.365347520861461,-0.318136166154622,0.0278322073929881,-0.202638027246342,0.574620363198002,0.590601069153184,0.233939079143894,0.028999670138337,0.162043303746018,0.320256911633773,0.252667757682842,0.098884917650188,0.0362920275371852,0.0441862648708688,0.0189759418798092,-0.0403970970281062,-0.204182479222879,-0.281154121851792,-0.333008157817891,-0.37194194958877,0.292825121374898,-0.113220258276063,-0.232835674007866,-0.299070091516273,-0.391224366287014,0.182844453502111,-0.303840993209279,-0.0183329969267104,0.0988174703759902,0.220025108748973,-0.245684591499959,-0.279164410367652,0.121329844063459,-0.140342602884115,0.0153350596203087,-0.0620277694712416,0.147815817480346,0.327026275611094,0.0581751730211024,-0.169513661506233,-0.0671517215788051,-0.0300113227806708,-0.224668330640716,0.0606710981208588,-0.12695771172812,0.23555843222228,-0.294620852363572,0.206389845442021,0.226873402924313,-0.0508984687125976,-0.0973324757620215,-0.222315899711494,0.119961272256365,-0.107852636946392
0.48068544527011,0,0.535925826611226,0.248619364373871,0.365571466597244,0.278463381984884,0.177322245596617,0.126204413215312,0.0178364734730496,0.183265222802344,0.00393451568865892,-0.200182516924535,-0.0313298968347096,-0.437107597476139,-0.434197393152074,0.48504022351987,-0.08803855084301,-0.108049882047726,-0.25201902043676,-0.109858251420448,-0.302045732413722,-0.120266650426679,-0.375588254205597,-0.152364807918789,0.220525190411839,-0.0921848224658169,0.0555366817526028,-0.13055817167947,-0.305103470748171,-0.402754174877717,0.0300259430498726,-0.200948265516113,0.0707894145447574,-0.206224083266402,0.0330864858633353,-0.124768239073345,-0.195825322712445,0.036160625220952,0.00293418139659978,0.00510006874487259,-0.188776787350044,0.0572639328111795,-0.0276903925180217,0.0282616761735735,0.0124865265162692,-0.205781443442877,-0.256583665155894,-0.178840813811033,0.159177904057896,-0.192258098457746,0.405741573915435,0.768454173096939,0.328820218697147,0.287678871177345,0.181988808897194,0.387901759842382,0.345060696376708,0.0110095477115258,0.281684227602466,-0.219120713972334,0.0406753960279014,0.00810237361427914,-0.132628868403157,-0.264660344838706,-0.224375936869546,-0.324101849786283,0.297640871553483,-0.159387232162782,-0.166491601450926,-0.108952542950868,-0.403511580898093,0.173374311824083,-0.29197909583293,0.0388143793999273,-0.046957078788279,0.123201652508535,-0.276150711828763,-0.294965323026197,0.00281148170788914,-0.220903737537764,0.00279596918426525,0.0485757709740335,0.181075808266776,0.281426894476295,0.102217001402853,-0.105214190843594,-0.174645115265696,0.0231961325361291,-0.149576265181365,-0.0745599815511386,-0.057734096263557,-0.0416554834815396,-0.0484357299704125,0.137649096362212,0.0720214054090746,0.095595817453601,-0.0838680081116602,-0.103905097142071,0.0900822718768862,-0.163935052243747
0.462394209574259,0.535925826611226,0,-0.374303071490393,0.175138210325775,0.440043347830127,0.447596952794036,0.345643309844869,0.0652503839862638,0.196189242758754,0.265994695344098,0.166500897227684,0.200934109953414,-0.284197779702247,-0.420174862694503,0.203913773987876,0.179609318157892,-0.17379465228014,-0.219368699210622,-0.350917896929585,-0.239032841125888,0.238130880604718,-0.314342386727009,0.215050135170628,0.356717020109602,0.322040120482408,0.230533681456428,0.159324389598837,-0.230831011753649,-0.298659698900755,-0.197959961250383,-0.245772388202484,-0.260047076448649,-0.0585533195718997,0.354824826348481,-0.254821471161995,-0.072412776349462,-0.103571287719204,-0.118677600887222,0.369497801703867,0.0717204989526151,0.283762293550289,0.36224302713053,-0.0356824946906794,0.113298393393098,0.103420827371145,-0.16904104341911,-0.0668073545386957,0.117518246580168,-0.152901027332236,0.313658586523248,0.6700609980148,-0.0270530097648078,-0.246454429065549,0.506667451347535,0.592705247569775,0.366047043112096,0.115974417765876,0.0755787148897676,0.196655482595365,0.284111552640123,0.327116196226539,0.103357908301276,-0.0870548356103501,-0.280654605875938,-0.321626261848812,0.461713166017924,0.0644073150617948,0.00564628967176887,-0.0676366865477109,-0.37777520940606,0.5259795962072,-0.158850722856325,0.150493181112366,0.307744799164626,0.433290123983737,-0.0369570690696251,-0.0932818809099854,-0.0571525025291107,-0.377819084936269,0.225081265664988,0.127260573945688,0.208905463180738,0.456674088163061,0.381802169054079,0.111230881037089,-0.0524793414532069,0.228265924619292,-0.366999115784017,0.276259289979135,-0.468950910514075,0.211321578771495,-0.236998066899818,0.179712288704206,0.385125496716159,0.0489021045509266,0.238164238499487,0.00474661773367087,0.0296057260766451,-0.193960829989882
-0.119921875825981,0.248619364373871,-0.374303071490393,0,0.345614660511606,-0.0493760919630157,-0.314161028658661,-0.326134634608528,-0.0934880090769655,0.0339343851725446,-0.460265806567748,-0.572595729569368,-0.359366439320629,-0.191522784196578,-0.00852551966344822,0.37756942972288,-0.489927129902007,-0.0182441360919415,-0.0608981202787046,0.187768536773304,-0.080667899212589,-0.523932237008837,-0.120133342168463,-0.501172304556716,-0.192289851701438,-0.602405693030155,-0.411160559077532,-0.508986924333308,-0.142245681789896,-0.142782253376611,0.318371322758758,0.100773581485722,0.48003178675161,-0.297014630776491,-0.476669358815273,0.0775238908047942,-0.220187052698746,0.0808165845579563,0.275946511421671,-0.416492638360042,-0.402868175688904,-0.254987296057712,-0.498086996845198,0.11165589230625,-0.081358887001468,-0.490275708678315,-0.17636820024379,-0.224211255801408,-0.0561513031857812,-0.0843188912789449,0.0256996164836608,0.0208548686438473,0.495108601080702,0.810679643606462,-0.371697527824632,-0.202791003041666,-0.0109164371047168,-0.193718463214572,0.360284637703267,-0.426560793875688,-0.340886104058557,-0.470432510747346,-0.413493743223339,-0.278846357054336,0.041283683578452,0.0124455748022607,-0.199669152928235,-0.401578740956054,-0.288766827319561,-0.171745927642051,-0.0641718729781812,-0.510250849463116,-0.27824143668993,-0.154708443116375,-0.481033819421253,-0.385269552651168,-0.367026424877596,-0.300373847017468,0.112215707560869,0.260431556643145,-0.354691205202348,-0.181641499840232,0.0405960365445876,-0.28326060774068,-0.456533377927983,-0.384802906557367,-0.210314974208721,-0.340282636610515,0.17946782609027,-0.520825574441676,0.611884478815286,-0.350346623922353,0.252510923838598,0.0551620183959541,-0.280841901598254,0.079779704839204,-0.501134413730621,-0.298181863987112,-0.0978765720373507,-0.0191490350932727
-0.102782786240261,0.365571466597244,0.175138210325775,0.345614660511606,0,0.236502384970499,-0.102367574801118,-0.0660021593640931,0.172151679319129,0.0824604121204668,-0.208734355292216,-0.120161036689024,0.136190321161464,-0.121704907024515,-0.106965734295042,0.0322328892137244,-0.0764963213195739,-0.057599577551964,-0.100507834348869,0.122496847964649,-0.090170256299514,-0.16606898311003,-0.124896657747756,-0.180801840538509,-0.0586818834503857,-0.267743808254194,-0.09046061674607,-0.16981602549476,-0.106020397369665,-0.117917806646952,-0.00914427725341966,-0.219438911835332,0.0321227495854752,-0.120478407462351,-0.0923218388761679,0.136740938063648,-0.032046823804335,0.0148180384292408,0.118964977356459,-0.145254666638527,0.00359911156848395,-0.147437527935775,-0.118421829607869,0.160639271119942,0.0724193303638234,-0.107003970342218,0.00331661987276843,-0.0396958408144102,0.0564240613572356,0.0873494738184324,-0.0696604845188401,0.175529752283897,0.0218317542254301,0.34861754121693,0.179665385104433,0.0571105557171278,0.117843997284749,0.118527590452635,0.296039274395843,-0.157177836914317,0.000969183941648541,0.06776220229182,-0.0450991054321656,-0.141561518409231,-0.0543510548974561,-0.100610375346923,0.0328679111506789,-0.116843581378813,-0.14556006671706,0.0194674091398995,-0.128722959968086,-0.068315495317387,-0.218546578892234,-0.00977251448747173,-0.149250321739549,-0.163894456994241,-0.121532548437644,-0.237611644973262,-0.0677773871962508,-0.180901318278825,-0.192170864557491,0.205436228971162,0.0346799201695097,-0.0449693501893892,-0.0958330682408471,-0.142533641756766,-0.0611327056646506,-0.0526791780730347,0.153964195345873,-0.0959769807769633,0.089581165198874,-0.13820719673728,0.195219745701417,-0.0787274502088919,-0.128084507711984,0.233394152526701,-0.107595783376868,-0.129558410721883,-0.0092460431137278,0.061912470381433
0.116528560908806,0.278463381984884,0.440043347830127,-0.0493760919630157,0.236502384970499,0,0.37682066630852,0.194049344791163,0.108847556662867,0.196549318778814,-0.0225519710375781,-0.134195682244766,0.0358447253936344,-0.163757782299954,-0.23870174409281,0.0820983943887262,0.0309083464741181,-0.14870176440515,-0.0766342142289496,-0.159075793496786,-0.0722445735649489,0.0500545255416286,-0.249497791378749,0.004585226442146,-0.0583188560349533,0.00129104069553384,0.0246330262402434,-0.0434874554267717,-0.167829519412523,-0.149836443600816,0.0893527831084562,-0.0902498167532862,-0.156298645979123,-0.11631589302792,0.233196477863734,-0.106737701250376,0.0793368569674445,0.00588118547992201,0.365554565296631,0.446502208891579,0.166934074858203,0.212104108880024,0.299077833027594,0.0351559360876429,0.192745323777364,0.0253687308174182,0.0194552795646714,-3.38066996650326e-05,0.347748844823539,0.0775992097993655,0.101504134499218,0.312226845332211,-0.0158107031348942,-0.00403427932541661,0.632038346505067,0.610487719779729,0.231515000066023,-0.00497124969035221,0.134163073450267,0.151317201655331,0.136835937004712,0.16087047269421,0.00417381564831081,-0.0703251015637933,-0.108750701355698,-0.181128328643178,0.325465449289204,-0.025702196328726,-0.0727038539916217,-0.116648930531641,-0.174978360467442,0.252356864067542,-0.180642390189753,0.105532003094544,0.062020008015071,0.341339185941816,-0.169958080965283,-0.041529851430751,0.148625623677907,-0.126409890304041,-0.0447934372332255,0.0657614917023597,0.214221036863295,0.25111433441864,0.0878171342383044,0.0327662601233729,0.000838697510478218,0.0505058961368599,-0.145250863526826,0.0367185506256227,-0.16801529370655,0.000557070945531762,-0.066511970845172,0.247480173686759,0.219276198823461,0.100304521453926,0.0883388423620326,-0.0388418403906212,0.0811064669647485,0.0701406096203658
0.286669576958328,0.177322245596617,0.447596952794036,-0.314161028658661,-0.102367574801118,0.37682066630852,0,0.620089830161707,0.168576710154774,0.361389847668926,0.172079734949482,0.0706534373861414,0.097427048184737,-0.276478922064343,-0.385792251008444,0.224439462819549,0.112828288324955,0.105261481988592,-0.229171850800903,-0.197190502392216,-0.098100798795992,0.312812913800998,-0.203896624872045,0.11447946962543,0.118640554751973,0.261177058310887,0.177494318880421,0.0741378394220645,-0.126943539615173,-0.23003140102481,-0.0715386589517512,-0.197971961188476,-0.2212901728698,0.0905073456790703,0.332061844958412,-0.193391700036788,-0.105790589384234,-0.153406345741323,0.0163218881989488,0.65437548689041,0.22019453753276,0.192009005897117,0.426630147498526,0.00290000884499727,0.253913740648981,0.0596872983524263,-0.179526819202314,-0.0646208573562616,0.144886924134318,-0.0625554972570184,0.190883265089049,0.302329545363926,0.0277839025676803,-0.272367735611987,0.393062556570963,0.395813358671069,0.457426030543368,0.156613468530541,0.073671523032328,0.188168376819651,0.211070007833465,0.19597503577039,-0.0759577365600141,-0.157879984040396,-0.252737128820466,-0.345431477631125,0.534781449208265,-0.0377913197226296,-0.0759364519814146,-0.0321647310105558,-0.200079237742399,0.409280529484364,-0.115542506291407,0.318677361582097,0.272145215642549,0.351533294935102,-0.0945504512316611,-0.083774514567621,-0.00805175131210966,-0.263737196806647,0.118625311790359,0.0183015243983818,0.363876101664662,0.435146641838134,0.29658086656166,0.0118487201747973,-0.0993956627221926,0.114332931028543,-0.287219790521373,0.235397387835111,-0.347462731468781,0.162777785604995,-0.1369239022142,0.203927175631219,0.451572894634505,0.037970746118073,0.153665651770269,0.00110267462330031,0.0538465782279748,0.00598764136898625
0.230391587597714,0.126204413215312,0.345643309844869,-0.326134634608528,-0.0660021593640931,0.194049344791163,0.620089830161707,0,0.406626079228891,0.24647858216542,0.263537555305901,0.180449901475033,0.138166958441492,-0.248962907948886,-0.359309241830859,0.0856242780851638,0.128418210004581,0.104359681130546,-0.243619488096609,-0.167587527312782,-0.0999572054724809,0.27481246244076,-0.274081589051731,0.057634723594331,0.155707528908857,0.285365940922257,0.17568361282079,0.0656605661419081,-0.256188502839376,-0.167175772467409,-0.10815560495613,-0.167148880839458,-0.252019374086453,0.0206252536757952,0.349173246186913,-0.0292767169892147,0.0131398166070293,-0.0346262602098444,-0.0144581962075281,0.495520925290842,0.275361604345731,0.195746457443566,0.403648441799901,0.119152387140658,0.230956116846687,0.0947790684766185,-0.156816248321951,-0.0640605273294998,0.133119117491608,0.131023389677028,0.150284158981754,0.23237646711377,-0.0537369109754519,-0.322970289579736,0.271393949602257,0.36977422022424,0.476408428450198,0.397163640921416,-0.0207864632663706,0.205515724793852,0.269283049840795,0.217115484186715,-0.0349197279539896,-0.184567710370524,-0.317494851931006,-0.382212369213531,0.448592952690828,0.0188644371446548,-0.107414110168178,0.0490183680638075,-0.209778099647996,0.388460514105328,-0.174029124470812,0.294847497641738,0.260782690354219,0.245631290589416,-0.093541963431342,-0.18874641528884,-0.0454963111992278,-0.278303402711621,-0.0381637848584381,0.0988042552408086,0.245335313494049,0.322159017473367,0.240884521160871,0.00466083152982746,0.0195787945380674,0.0408461271778696,-0.120060225663615,0.160114859520579,-0.329572684371312,0.254016877753618,-0.0451219651456541,0.0719524955398286,0.322656050664482,0.0688292772380681,0.108877323261583,0.00722358914764993,0.175166168605468,0.0859101414596519
-0.0111608157105553,0.0178364734730496,0.0652503839862638,-0.0934880090769655,0.172151679319129,0.108847556662867,0.168576710154774,0.406626079228891,0,0.229786463269511,0.206848180662041,0.15303269742328,0.166353200992315,-0.134276558766718,-0.208988027239886,-0.10299305282822,0.0964165065196324,0.0801707201780386,-0.135935874336535,0.121718952242354,-0.141253307051782,0.144395669575386,-0.198521057852214,-0.025194074656564,0.0399937226405026,0.126001058792276,0.0904546725594751,-0.00931474491914052,-0.101010946803083,-0.173628924348096,-0.0987204738082637,-0.154334344103699,-0.235912992247119,-0.0353703950691734,0.214773082754732,0.368726778857058,0.1062574828515,-0.0157463158327965,0.0296376435465609,0.284954026998398,0.30896025084359,0.122338095346327,0.195494718427923,0.201760360099509,0.278491402996603,0.111553385783776,0.027514446206978,-0.0379984849198808,0.258628097420342,0.374355974317434,0.034173600622132,-0.0208207335029351,-0.115601116485197,-0.0891611029227693,0.215703501926407,0.15434545755798,0.253081749534969,0.53604561441347,0.0965665258837467,0.035619451959785,0.159830834462133,0.186480162499784,0.0282604968904356,-0.213466445232903,-0.254200548211307,-0.302474790820664,0.322356168931474,0.00417787996649807,-0.112681097930403,-0.0276002059215418,-0.175582241934967,0.173131495898869,-0.197316878706333,0.246477459369338,0.156153014643323,0.0051224553624204,-0.089902880744002,-0.288574613906782,-0.0723650563912601,-0.253532880528725,-0.144094229007135,0.222318283108928,0.208552620672729,0.153126647973275,0.081713752651269,-0.099507056547724,0.000625629207943136,0.0681198369143819,0.243304317163316,0.21002679953191,-0.126322999923989,0.180989454717044,0.0714481459059084,-0.0435089632653801,0.133478667508946,0.235274589779791,0.0746448763575651,-0.0916427713315059,0.278233227021354,0.327341516372738
0.177868664587025,0.183265222802344,0.196189242758754,0.0339343851725446,0.0824604121204668,0.196549318778814,0.361389847668926,0.24647858216542,0.229786463269511,0,0.0233527396742139,-0.0387823586573869,0.174242015032209,-0.348576076995221,-0.354132219829553,0.320521911677929,-0.105776814253016,-0.117929741461322,-0.337100164965356,-0.129697020347305,-0.252826447976406,0.144836998581039,-0.388860339599452,0.00783015593670448,0.0646469309038941,0.0886035961757484,0.0928522276817106,0.0263421801323191,-0.249186221943629,-0.306727807794687,-0.141246617986932,-0.29540409187646,-0.117629013531722,-0.21697738045068,0.145362850333592,-0.20160314486812,-0.187550737607597,-0.200989723033284,0.156791121225829,0.367426405014434,-0.129222965196295,0.256184855015631,0.214857703480091,0.273305721771339,0.356784099203794,-0.125697379432313,-0.313086417354858,-0.283180814056536,-0.0622991198929547,-0.129892636744774,0.0869951176748927,0.161721707246935,0.118172564584075,0.101039448579446,0.121210122297343,0.135487405039604,0.479945639698073,0.237228468797529,0.553098555258741,0.165962286553266,0.42176401817259,0.227982445932018,-0.133900217019744,-0.301275725066298,-0.293451458428847,-0.333428946208163,0.429578624578072,-0.215450600511584,-0.355909864824154,-0.276270525523625,-0.327292417474308,0.242296230895834,-0.357218594485012,0.344909221924245,0.295960650970434,0.357334596532446,-0.263582275547006,-0.204974309439093,-0.122713977829209,-0.375612999964834,0.0063134928180348,-0.0882027608888472,0.430527839708461,0.421855745329037,0.176758752796839,-0.312294012804699,-0.147756727927188,0.207161174630468,-0.177559530404292,0.144387592102435,-0.202105205074509,-0.112482182796817,-0.100335546306719,0.219303660514365,0.466678722780276,0.307888958986364,-0.0215727044823536,-0.290744400632685,-0.206962551013564,-0.050808382211244
0.315727165188196,0.00393451568865892,0.265994695344098,-0.460265806567748,-0.208734355292216,-0.0225519710375781,0.172079734949482,0.263537555305901,0.206848180662041,0.0233527396742139,0,0.536836518432917,0.215895565109327,0.048850245846407,-0.0102271959765351,-0.245939386569188,0.272316968654432,-0.140403436064313,-0.0186619825027225,-0.185477115085169,-0.0604136377274096,0.261496151786252,-0.0409808351581701,0.247151177019126,0.407034279410835,0.582152157421516,0.301357402821767,0.29660431235738,-0.0388394320288075,0.029758872650171,-0.139750687418156,0.0773699542354304,-0.187165945517929,0.11639988788561,0.358860465951195,0.0452720228117494,0.139625396547396,0.141900495540711,-0.242630301640771,0.266425671498866,0.284959992472757,0.17172107092625,0.344961213386933,-0.12732528451414,-0.0197128672893579,0.232984843000934,0.0696924808816629,0.131772579864375,0.254117054742156,0.159108666877895,0.1655396713537,0.151415134397135,-0.323728654164807,-0.421040979575545,0.14759879705306,0.182259634370908,-0.0187338388636867,0.102008520566751,-0.2940399455273,0.229478657718032,0.222924143478934,0.231266277447633,0.226123314482788,0.0990632001643614,-0.0837316074403882,-0.0809437985127943,0.072167058626402,0.209973602461268,0.0540129574440798,-0.0721006160272225,-0.0977495475687803,0.295464869043185,0.072586325484239,-0.0388649413349236,0.261731428826245,0.284008279082445,0.124175727574452,0.0510245508458255,-0.0149326373089718,-0.130579427273243,0.117291447886484,0.0977540669059099,-0.124446706264475,0.201384430002,0.199993343157131,0.186141902555086,0.0960738705569089,0.114943782619233,-0.114904895555348,0.252008730301938,-0.283162158688495,0.349160491160765,-0.0585877675252259,-0.207521131351491,0.0807073672410937,-0.0854667904649717,0.251480459935283,0.128218299480711,0.322484085730407,0.120172971265226
0.0396378124377025,-0.200182516924535,0.166500897227684,-0.572595729569368,-0.120161036689024,-0.134195682244766,0.0706534373861414,0.180449901475033,0.15303269742328,-0.0387823586573869,0.536836518432917,0,0.510926391520186,0.421159476133778,0.245975735082925,-0.460016040171873,0.513304098334347,-0.067667976510693,0.221451723142849,-0.139266270837972,0.232380043838507,0.366604164550743,0.236558834830613,0.502807892253757,0.0956117650253317,0.634475829438383,0.322681327748786,0.441996530008739,0.152068369807762,0.374204494161975,-0.371344346293072,0.0969441170768472,-0.342779902182529,0.170668520105496,0.288439329759784,0.128790481225056,0.286373351255166,0.0471327686570846,-0.278280951217329,0.17434781724119,0.450405455985915,0.0815371995494003,0.310754187038597,-0.180495383472669,-0.103211501787428,0.439092255141147,0.307954461933134,0.290479557365826,0.114052923899644,0.217909757595068,-0.0750198368658065,-0.0867917544774244,-0.483372038972546,-0.546569544252658,0.239555010199099,-0.0545408250521897,-0.204126200201315,0.155843981671152,-0.37130601343241,0.473438417916836,0.40819484309425,0.462827454758994,0.518960105632746,0.403314420015959,0.200100356317245,0.162517836698043,-0.0255272304321915,0.449191777377957,0.250048914486651,0.12522462433658,0.187146105191324,0.316527870112365,0.354132418129676,-0.0114692311369979,0.397171768218317,0.130823775469047,0.398812811191886,0.351885881001017,-0.107415856929723,-0.0508800136441097,0.176033188519754,0.150912003166788,-0.293032347811384,0.051007493461236,0.223786695290526,0.306168183254535,0.270537452997931,0.164046957058684,-0.0274457682769773,0.373327951926096,-0.358416968822878,0.295269135602009,-0.119802104710482,-0.286070737842074,-0.0183136842000187,-0.134996109814901,0.374740820709735,0.240072002517605,0.179660993316244,0.14851897454069
-0.106910714457909,-0.0313298968347096,0.200934109953414,-0.359366439320629,0.136190321161464,0.0358447253936344,0.097427048184737,0.138166958441492,0.166353200992315,0.174242015032209,0.215895565109327,0.510926391520186,0,0.326521790195898,0.131515448467974,-0.332408012291157,0.518990433939164,-0.00486857241289035,0.13379291636017,-0.0197828671667604,0.0245992726320404,0.458319269486886,0.15467046128097,0.403061976362772,-0.0405587320193821,0.285392091386986,0.490105960392494,0.466466209955444,0.1934060009403,0.289477537022616,-0.152763725788769,-0.300260743216861,-0.361740873621725,0.166020919515537,0.345763533365611,0.127670582245207,0.277774847201055,-0.0555965710177181,-0.103252134245138,0.1282978995255,0.39207108294728,-0.0168688722926281,0.259633340774098,0.080553095124003,0.141278669172652,0.520362017162121,0.366573259217155,0.314318086966027,0.154850173100535,0.212808860453167,-0.259978959250008,-0.0249125830655085,-0.421117436539981,-0.310628459659385,0.196664962788302,-0.0432180247628974,0.0573714346413984,0.146932462958635,0.0455343815856761,0.229561220552017,0.538601520434527,0.766901078624306,0.635277262105864,0.368664249246924,0.129526764799281,0.0968639486066673,0.0608080952002926,0.4234101353777,0.162716896825828,0.209058071959728,0.0154866690796266,0.364594139329605,0.208643962873368,0.0833738778330454,0.348054631109163,0.0797361444902196,0.324484516054175,0.346934389869392,-0.183750532405535,-0.312803876927562,0.124518603776226,0.188094536210934,-0.060335867034593,0.155402129589908,0.396833995885737,0.274802824267293,0.115657825673528,0.345944367546169,0.0342228995416721,0.319068781400455,-0.376108551397317,0.0418301876485383,-0.0215624500779946,-0.219549655428861,0.0745658985679393,0.157073094836054,0.452458118504998,0.247759465362779,0.094517520308405,0.118398361210288
-0.419434912833995,-0.437107597476139,-0.284197779702247,-0.191522784196578,-0.121704907024515,-0.163757782299954,-0.276478922064343,-0.248962907948886,-0.134276558766718,-0.348576076995221,0.048850245846407,0.421159476133778,0.326521790195898,0,0.745647122687978,-0.539843248157051,0.472567529408796,0.15224377580762,0.667024263829804,0.143303806546568,0.510215415771674,0.17171311195373,0.686464829918715,0.357440956176123,-0.307720442570274,0.12636338519437,0.144662027449224,0.341078268461251,0.478768247956781,0.770529110510484,-0.137704191780835,0.176771801311867,-0.169497625593596,0.306534434516272,-0.00126100405139456,0.227398536848875,0.364254716047736,0.0701299239575405,-0.0284838724425754,-0.126477817805801,0.329116073058483,-0.148632815207298,-0.0714027153555204,-0.216387362029779,-0.209184600250969,0.452326574119218,0.675974290540457,0.545081249009034,0.0310429455091201,0.217165110360557,-0.372387253426123,-0.42042890834218,-0.426888612301294,-0.263051930749201,0.0326309598562357,-0.337202895958901,-0.51745441846545,-0.168643337781443,-0.420005535550081,0.203199430975248,-0.00562952027775477,0.181791632848104,0.552788380936045,0.739642135884891,0.654170521159519,0.674309947866914,-0.440135230685109,0.556660431377134,0.554641843874383,0.400493609572502,0.613669482065862,-0.0754723700634759,0.665782579647959,-0.165599364817137,0.0310815014825607,-0.230466941916009,0.577959304055259,0.614873335053171,-0.0876850658066149,0.231113608186796,0.118624755382,0.11591785154162,-0.446737604869043,-0.354568455654121,-0.0445793277747936,0.400319986516541,0.358062517902923,0.041435160912659,0.192375076799645,0.0904824252462765,0.000278903800269101,-0.0412961135860107,0.0598501453537637,-0.335422244264353,-0.358443239646559,-0.221935090684764,0.285005012052419,0.398493386281704,0.0553830929516807,0.149263616621571
-0.432485960956681,-0.434197393152074,-0.420174862694503,-0.00852551966344822,-0.106965734295042,-0.23870174409281,-0.385792251008444,-0.359309241830859,-0.208988027239886,-0.354132219829553,-0.0102271959765351,0.245975735082925,0.131515448467974,0.745647122687978,0,-0.4231037156498,0.202790678366608,0.15854221445874,0.578566309609072,0.238488214759976,0.576344534803413,-0.0755832215299368,0.647376272291656,0.198859598232427,-0.232347196772472,0.0705547565776467,-0.00941390502416104,0.191692111190492,0.497161381700925,0.706063453186669,-0.0600580372212429,0.205354355033293,-0.0386981459958872,0.188139769040996,-0.217336342688254,0.192749559801128,0.245726797736379,0.0710309517263803,-0.0439370851901579,-0.290596525644411,0.0584092932741637,-0.286245366866119,-0.324343703861213,-0.27831514201687,-0.355462114814065,0.164381643036274,0.437694372593336,0.335526450464889,-0.0233982718381504,0.0906544586609412,-0.344565323185145,-0.446122212894317,-0.261595221773561,-0.107103525914652,-0.112399538261905,-0.410699535947224,-0.556581015702917,-0.234529896341155,-0.283477925735063,0.152233332799599,-0.0395993167980755,0.0162945125510095,0.374878540435159,0.607699869365429,0.710769707459009,0.8419768016548,-0.503349195560266,0.401005259191276,0.420311403761478,0.309704417559194,0.689362305925122,-0.268272425647912,0.598334600014007,-0.152778666352216,0.0136560168336041,-0.21042851565909,0.527187829017831,0.610514848160531,-0.102025497382453,0.298641749848889,0.115389481482361,-0.04204679355445,-0.522528272951104,-0.473514429631941,-0.181964229374728,0.260021553450128,0.281129295419376,-0.0858335155199577,0.183792607811755,-0.0147290293973013,0.102959620667297,-0.0904281815652115,0.165738485418213,-0.333285200570513,-0.472987604220527,-0.307619761538284,0.0394247905368508,0.233420924257668,0.0209394318827071,0.0858146139055007
0.410708446076961,0.48504022351987,0.203913773987876,0.37756942972288,0.0322328892137244,0.0820983943887262,0.224439462819549,0.0856242780851638,-0.10299305282822,0.320521911677929,-0.245939386569188,-0.460016040171873,-0.332408012291157,-0.539843248157051,-0.4231037156498,0,-0.427755894459659,0.0108523625492932,-0.252237569327668,-0.162849704181714,-0.341527846671341,-0.261144655240043,-0.367465882035956,-0.323606719800235,0.156786803628354,-0.2520758338628,-0.316007998370182,-0.400236332344832,-0.381340726842129,-0.513794184029706,0.0796283541979583,-0.0573810384226338,0.282072565536164,-0.269364899127407,-0.297439357234268,-0.293726300141835,-0.346204439769427,-0.106728528105159,0.110667937256309,-0.0324566374905952,-0.4700994019182,0.15124050185604,-0.182255526252374,0.000864113007964922,-0.0210294130859531,-0.567026479005447,-0.517284901125899,-0.501110480480301,-0.27346641487619,-0.376181598185437,0.433368120413702,0.465543547631827,0.706617560474405,0.479722402930761,-0.110079461884583,0.202959090420278,0.400407838641788,0.0365153257856768,0.447525413161118,-0.184475627435862,-0.169835981199608,-0.31498461459968,-0.50647600098727,-0.517817411569317,-0.325798804608676,-0.335195955067508,0.309389091077894,-0.443314838378613,-0.356823577299039,-0.314251948898226,-0.40029086969525,-0.130536467618444,-0.46688885877508,0.0629760318393831,-0.0984682738849886,0.0369006709304399,-0.38614799528532,-0.447784901639532,0.0604337881655388,-0.0895209982163791,-0.077128626254269,-0.268573053105281,0.206627145839741,0.12361511514166,-0.190895944308902,-0.479017203415413,-0.2039890158448,-0.188562179141363,-0.209622585558682,-0.20496059842131,0.127502127807968,-0.13300642904341,-0.048222471611138,0.297721428110286,0.149770473414693,0.00853917577714599,-0.442191099759444,-0.413123068897296,-0.255461845686284,-0.257160211619021
-0.046685928917316,-0.08803855084301,0.179609318157892,-0.489927129902007,-0.0764963213195739,0.0309083464741181,0.112828288324955,0.128418210004581,0.0964165065196324,-0.105776814253016,0.272316968654432,0.513304098334347,0.518990433939164,0.472567529408796,0.202790678366608,-0.427755894459659,0,0.111806306097897,0.385278452138284,-0.00607229641752628,0.272333042894294,0.639120075893412,0.373141057905442,0.668962737249108,-0.0551835225382973,0.343753139791823,0.539636372262994,0.520008822933251,0.300919557087253,0.357047226733276,-0.241770426931826,-0.143253615238776,-0.357791508892474,0.574863064746836,0.405904425981667,0.0765627411264695,0.266977006183715,-0.0783423347892997,-0.228722955366267,0.232922652500319,0.50765793451846,-0.0464068439450426,0.270576795662279,-0.202213183496976,-0.00910832046594237,0.591821855531867,0.474867715371291,0.444168367883254,0.0892362342579759,0.101841537741249,-0.26073670349418,-0.0220983331080666,-0.555569384659602,-0.518191011061643,0.230964471768867,-0.0375679683288917,-0.122420580799231,0.140744486536042,-0.36261452859052,0.245373386106905,0.172656478381051,0.423000736199482,0.565609417860507,0.527962197381275,0.218910256162928,0.183798560373697,0.00192731801602014,0.631020313272376,0.544925766796073,0.462711287821337,0.253364895463015,0.444673296989221,0.497429582517373,0.0345273634347354,0.442999915000885,0.00385255005517015,0.458538097195445,0.43950244842588,-0.238675356265368,-0.196109120265302,0.368196952412879,0.326219335162569,-0.180503863967814,0.10800729722682,0.428072705158367,0.47047027434572,0.209576994254642,0.312088368167862,-0.0216290066852951,0.452180135309012,-0.420332799857433,0.0316695072220899,-0.0996328990751914,-0.338885312588003,-0.00616239467195293,-0.0797178910578047,0.549790855518193,0.400296002299392,0.0773084092375261,0.0401281683691045
-0.153734614006036,-0.108049882047726,-0.17379465228014,-0.0182441360919415,-0.057599577551964,-0.14870176440515,0.105261481988592,0.104359681130546,0.0801707201780386,-0.117929741461322,-0.140403436064313,-0.067667976510693,-0.00486857241289035,0.15224377580762,0.15854221445874,0.0108523625492932,0.111806306097897,0,0.308257801151325,0.470455975255374,0.214076712413517,0.118128515912276,0.421994783792216,0.0541349752165801,-0.119436677923111,-0.104953935054165,0.103703643272673,0.0250319754662418,0.339396714274754,0.138798780634883,-0.019335869701996,-0.179825751587017,-0.136958213771817,0.459061283183389,-0.0711160141479575,0.260762993699227,0.00175502149960008,-0.0972685296739335,-0.0809053959494933,-0.0475525370611442,0.121410288937743,-0.0888075751773435,-0.0737626757398719,-0.104173070842058,0.0406547352249671,-0.0305789030421333,0.0911453977333805,0.0833007366011006,-0.0301126851480501,0.041602555608046,-0.0652511436458815,-0.146743541955187,0.00718151908024745,-0.10329700685861,-0.116236927664772,-0.14015763645157,0.0209513319034703,0.106535972132319,-0.12250747977709,-0.165691669091035,-0.220077695112294,-0.164178915419009,-0.0309956693386862,0.0880453384872871,0.147219582202333,0.130229388477368,-0.00776114323846163,0.0873624846562387,0.310841167317004,0.526851806280691,0.350650473389191,-0.0515364858301468,0.248211501994086,0.152164236013987,-0.0431265978671281,-0.201331400812797,0.248532420976044,0.0285126987217427,-0.0877687096025829,-0.109873956140515,0.0787835250974071,0.0922944925087753,-0.036749366877517,-0.13301601072755,-0.00136334091353264,0.0399525351661571,0.0569578935705609,-0.0587284239726923,0.287218158837278,0.0782161536143223,-0.0253217181532391,-0.0419253803069081,0.189991079901432,-0.127529628765447,-0.134221722554938,-0.0367277631333173,-0.0658358771438454,0.127818762240832,0.0772340369557747,0.137173080277249
-0.241322475779055,-0.25201902043676,-0.219368699210622,-0.0608981202787046,-0.100507834348869,-0.0766342142289496,-0.229171850800903,-0.243619488096609,-0.135935874336535,-0.337100164965356,-0.0186619825027225,0.221451723142849,0.13379291636017,0.667024263829804,0.578566309609072,-0.252237569327668,0.385278452138284,0.308257801151325,0,0.198788291065196,0.412794274362652,0.0957230951645722,0.568729831176124,0.294475998341748,-0.261127961126918,0.00216248605500239,0.0541718616550507,0.206958416165751,0.349826148013353,0.531110414300919,-0.016171508575488,0.100144057652041,-0.134158431069668,0.308843823714889,-0.106581508953861,0.17208561179079,0.205850537861684,0.0077664318367896,-0.00354878406520044,-0.108128522210048,0.160332455687133,-0.157871366021752,-0.205636811231596,-0.299648618739573,-0.248398103116821,0.177203828327737,0.49508706982514,0.296485942870636,-0.0555078754760045,0.0612909406729591,-0.236457157504588,-0.253983798210531,-0.182275356399645,-0.10870984806089,-0.00812790688755638,-0.20739021426918,-0.420687532723426,-0.175255732212455,-0.291468738412321,0.107633486714363,-0.191434095056554,-0.0664600975491811,0.309478165096212,0.517864380470602,0.538010957840772,0.498462186337645,-0.30078108397227,0.500595127005338,0.526918483990408,0.323697827669667,0.461527334522494,-0.152576916724065,0.491367934381358,-0.0719145378400793,0.0416776194181659,-0.256258090536296,0.415067225537766,0.449494044423377,-0.0385250932324559,0.166534328914142,0.0721265872142541,-0.0562647545548995,-0.388029295963649,-0.366336944562514,-0.127551952909454,0.243931847796432,0.221286832130212,-0.0487349879136121,0.184761455570512,-0.000103345415827916,0.053770937216524,-0.0706426535766859,0.066874532525746,-0.311719421796634,-0.311053810625751,-0.267544776430028,0.0492732754618261,0.247249447864709,-0.00373279200291154,0.0798977817372852
-0.260758170868855,-0.109858251420448,-0.350917896929585,0.187768536773304,0.122496847964649,-0.159075793496786,-0.197190502392216,-0.167587527312782,0.121718952242354,-0.129697020347305,-0.185477115085169,-0.139266270837972,-0.0197828671667604,0.143303806546568,0.238488214759976,-0.162849704181714,-0.00607229641752628,0.470455975255374,0.198788291065196,0,0.238449220196698,-0.0884754770500967,0.361056464564271,-0.0582126019917259,-0.188475112873827,-0.209292212947601,0.159790927408649,-0.014113441980462,0.486969237756452,0.117474245726323,-0.0137847853418675,-0.166026892956332,-0.0814558719913602,0.212438053259677,-0.116630283213528,0.466072763823922,0.0267076190570634,0.0436198065283515,-0.0181414378554903,-0.182174225373146,0.117844346840116,-0.288488021386847,-0.338191793797414,0.0810577210468084,0.0626310004892016,-0.0959728286027073,0.118142187453239,0.144724308171439,0.189617352871909,0.249839913341625,-0.222720636477559,-0.216653765411787,-0.125734809019871,0.041299255828144,-0.169238376610117,-0.212763896655175,-0.178226670993302,0.113032770660812,0.0101434246296717,-0.14864918755241,-0.166971302721779,-0.139969568312033,-0.0122317930079515,0.0631980539169092,0.166070851198639,0.202889605951603,-0.110707794936483,0.133575216745572,0.166994549020698,0.350605140370294,0.387904738433578,-0.197158513716769,0.216776393215773,0.112052350589752,-0.116951012831964,-0.273822044299795,0.251077199850369,0.0792273798017052,-0.182294732469623,-0.032810802201795,-0.0255633563330239,0.151337273573181,-0.082177636574003,-0.260833932106565,-0.0293267131967637,0.0480270788533479,0.04190496595227,0.0312406784394566,0.600202709770397,0.045910063653754,0.107546304630488,-0.123780844114915,0.250246341576785,-0.231819664511434,-0.28396766248435,0.243890547542217,-0.123664409690992,0.15358626729954,0.26020613076818,0.449863989405603
-0.264467098388216,-0.302045732413722,-0.239032841125888,-0.080667899212589,-0.090170256299514,-0.0722445735649489,-0.098100798795992,-0.0999572054724809,-0.141253307051782,-0.252826447976406,-0.0604136377274096,0.232380043838507,0.0245992726320404,0.510215415771674,0.576344534803413,-0.341527846671341,0.272333042894294,0.214076712413517,0.412794274362652,0.238449220196698,0,-0.0300256827282865,0.497208799966157,0.251514054863133,-0.195835773622854,0.0879732244981027,-0.0179942035179422,0.122787659354647,0.397602080549883,0.564161101157883,-0.17920910828846,0.160631258544833,-0.133077523858472,0.203685920540825,-0.169463181978803,0.102473157573255,0.0867109037467673,0.0545841901999782,-0.062205687010708,-0.0572149232422196,0.121420769591044,-0.0930034398005344,-0.143709986838836,-0.255568173583965,-0.240166107162352,0.144008641725887,0.233692347185346,0.251668584096566,0.0212916685912226,0.0252058622064407,-0.179592739024682,-0.270226816206424,-0.278966235141684,-0.212746142889176,0.10217186384618,-0.190773562983864,-0.412664239188297,-0.155585730402663,-0.318294821889854,0.144144871974423,-0.00238708671953254,-0.0263788237399607,0.228563849972614,0.451579383582621,0.516831366042985,0.551211892457498,-0.25234454719342,0.340903662107738,0.378915257254213,0.32833486591606,0.7349714020371,-0.106472654930631,0.580460949531822,-0.0240754329020646,0.0801545049094252,-0.133867031089021,0.433005998824792,0.495016297912294,-0.107161475664497,0.219553559093067,0.0795218930629848,0.0187619285744373,-0.419595778834901,-0.274684927958833,-0.103435432905397,0.248780132137228,0.146037700710395,-0.162665791835048,0.0930256197672765,0.0333189652876017,-0.0237561229946198,-0.0129684369610284,0.11083462108316,-0.160287971834137,-0.324813233083417,-0.307721410891517,0.0674895194267599,0.215215532134052,0.0238138678672692,0.044898873721417
