0,0.0547382822757343,0.282521918012811,0.279011433672024,0.387557000777749,0.182953117835822,0.117812787315787,0.100147136724698,-0.0353862676276719,-0.0686792261681802,0.32359504782249,0.346237872535092,-0.350758848117464,-0.176444256318702,-0.176768913696298,0.35186924414085,-0.405140071336451,-0.0367901904541906,-0.173863585191522,-0.133323943234899,-0.162900014628868,-0.432267653827694,-0.183748579641012,0.0734551428538945,0.220982775147168,0.235473158425622,-0.182298610505504,-0.327593316324226,-0.355857229732631,-0.161131814973387,-0.281920051591922,0.540043794179057,0.304342466207161,-0.293888288180057,-0.288889658448941,0.344485939629212,0.024474206715977,0.213334706913104,0.168348842021658,-0.0151109907371113,-0.0924512620403562,0.081020489444809,-0.027194472169519,-0.163799930735474,-0.341706718736236,-0.144302213756539,-0.108736382458588,-0.125445226151535,0.15699210456167,-0.146582273533072,0.629730824274203,0.00858349355072863,0.469823248600865,0.372357563121485,0.219984908123478,0.0630238064750266,0.0251064973513259,0.0102998269211699,-0.213353994589229,0.272764049918704,0.280729443987601,-0.389244403931259,-0.182402028861973,-0.288605992156478,-0.154652467496778,-0.152288795063726,0.0428634940074043,-0.286759316869245,-0.218270800928793,-0.16438428666555,-0.236754867222539,-0.388738698842888,-0.252631754208448,0.0352829023983568,-0.13613930311938,0.151474157581329,-0.333804207057716,-0.194854137888967,-0.313711898471314,0.346086405646271,-0.335852668639699,-0.251032564579789,-0.319708390419325,-0.278590517449947,-0.22520679669896,-0.159293701313235,-0.00708054713575319,-0.322912001367553,0.237726484399639,-0.210290839327403,0.325889855548602,0.154142911973414,0.218765636613918,0.205372796043736,0.0383172678417736,-0.360920981909828,-0.0651612196065909,-0.119830003515386,0.177809946617344,-0.0546384620605919
0.0547382822757343,0,0.630680430782531,0.415002674008723,0.365300879749724,0.541602576713484,0.411052077109304,0.559302571752157,0.378580853020829,0.134530505780008,0.0497752339320532,0.00732917490248075,0.140973302378816,0.0956361099302456,0.0975301841383949,0.358093748134407,0.134653649886358,0.139380641461738,0.0789283406069898,0.214947505806161,0.244910599925418,0.0133102927997263,0.110138847210187,0.0893572681684202,0.116861193830163,-0.0193309306743315,0.109681594011313,0.103871081918012,0.282507551759634,0.114354585837093,0.128785195060248,-0.0676952023036061,-0.280142176580782,0.179938550983305,0.0223519906474046,0.0229154853349568,0.0711283287447255,0.190148894395931,0.135071844209923,0.180464656190329,0.180183730734654,0.0315850732713358,0.00757934682377559,-0.0337293390231625,0.0463856350222421,0.0720292792093511,0.0433341762281448,0.0968858552689003,0.42281701853076,0.185576167064338,0.288151620519694,0.758073498570816,0.080623701444241,0.26156015433174,0.612704779324193,0.572576913642085,0.552337224432921,0.51349970300285,0.156587463004255,0.00889579934092967,0.00862189368428113,0.0991100980068653,0.0940142376718788,0.092783573779953,0.134103495392319,0.0603156840372688,0.161650380891787,0.195403643616076,0.172599539113299,0.219410778494501,0.283185305310681,0.0740116473766217,0.105597724978299,0.230922826430832,0.0119293850170967,0.0471734615369163,0.271894486046869,0.163425165520147,0.0881523953506626,0.0902750489501616,0.00850322157057406,0.0775224681426734,0.116495825159606,0.0352617544916751,0.0758001865106774,0.00074430758850137,0.107280509345145,0.0784112670956254,0.14686279359778,0.101094262875113,-0.157940530703686,0.119702154081424,0.154975487182223,-0.0315443652686441,-0.0699062640046162,0.0352487887379716,0.0958653454428799,0.0973524707282526,0.434328795349877,0.133639291051752
0.282521918012811,0.630680430782531,0,0.114925993200593,0.283659690652872,0.727349689157431,0.445097103233665,0.444618766584567,0.447900420653981,0.0586932448195812,0.326571480639361,0.306476334869735,0.246075669978202,0.313822864969639,0.310764654002347,0.229317246991982,0.115870741793878,0.259943538903385,0.302649877707659,0.21723118551804,0.423168122706147,0.0840973377174054,0.297369708291954,0.308500848151314,0.174122375319027,0.267929901711857,0.242328199859446,0.170185549979502,0.224244380072434,0.2689242104332,-0.030479148127192,-0.0340789102723131,-0.462792435181011,0.252394871885865,0.172320099775296,0.270338132203391,0.281445703850021,0.282419556167285,0.337933535529691,0.231398684716728,0.360877624681203,0.190977830375169,0.229872843147126,0.0236012796791907,0.129259368862897,0.196377998415651,0.216316462670508,0.276539418680876,0.646485772049129,0.16968142185063,0.277523435777644,0.705285624127,-0.0697314261024187,0.075363165907575,0.648979585192113,0.718809248835667,0.421188940941363,0.572094818772447,0.135209274675471,0.288407085365066,0.19347382155853,0.162839442736144,0.277923241582349,0.290766355568382,0.376123323686931,0.296085071512626,0.365787103096028,0.301457988416974,0.29904957997051,0.259956573831749,0.380056056622473,0.139639684262937,0.245205287660859,0.295175310127182,0.155067402673374,0.280015075845816,0.280220363703263,0.311380130903796,-0.128311844311647,0.178440528982353,0.0357860369969037,0.207209472478164,0.195427631397717,0.132016171267887,0.189950650366168,0.153032027886552,0.283075070438207,0.138400399859999,0.351811399589162,0.229212950984038,-0.228356154664306,0.217862715008857,0.2647716955356,0.117708538928478,0.0554625220266009,0.00990785608700604,0.25348074361448,0.268666867479324,0.536415720036873,0.167658623457355
0.279011433672024,0.415002674008723,0.114925993200593,0,0.499595814612266,0.0782276019378449,0.281478613900778,0.352115717395334,-0.0911002546288545,-0.334188452176335,0.186810291395836,0.287486697285944,-0.100822900822018,0.139319836063901,0.127659839496191,0.332400484057823,-0.18936561154542,0.168041883331595,0.0962405246663723,0.144945637609855,0.0029330250746224,-0.244924158433365,0.0987878836145453,0.0391464847525865,-0.214870419437389,0.161411542074228,0.10844488304408,0.00664479944312426,-0.140558882409987,0.13309568136598,-0.370843009113852,0.0455676014780867,0.056590126138418,-0.149126495856441,0.0416893901129675,0.317845951659899,0.0931183163700347,-0.10690545522395,0.150883026598867,-0.102474652987123,0.00592234205826768,-0.194608817864934,0.0696301744492551,0.140851482299395,-0.0239338822631799,0.152222483575996,0.208915881295164,0.146161085975689,0.143330453313253,0.0329193335649486,0.25871707786541,0.223463316372807,0.409919876429625,0.780007278181929,0.323109659215803,-0.00175956803564285,0.478723269474225,0.158440206039908,-0.359068387722332,0.201790996129125,0.337877021848237,-0.0497296674403319,0.152633897406513,0.0554645641239088,0.104296240213064,0.134126000576171,-0.0534312373912746,0.0390505993418799,0.0469398856426435,0.130724475393925,0.104961630273198,-0.0675798375959619,0.013075405865736,0.283973975877377,0.121619851715043,-0.019667872963529,-0.120134217923161,0.119851327058512,-0.389725887835797,-0.0884770787918266,-0.20196788455122,-0.0741855157341347,-0.0569347661089581,-0.0326134012742248,0.0233599853170344,0.134797568374608,0.0621221643803447,-0.0355706677198997,0.359362308298059,-0.106796575163431,-0.150711292447256,-0.116437531424777,0.226893295056197,-0.042886168843158,0.292452389678768,-0.0545424457518277,0.199585056694344,0.122915755072135,0.123810667373321,0.113474224867493
0.387557000777749,0.365300879749724,0.283659690652872,0.499595814612266,0,0.358817062688149,0.147323906980298,0.464698304348995,0.176774715896326,-0.213572928622706,0.270378810647966,0.269783763489497,-0.1973909591122,0.0309591852050853,-0.0171783560931434,0.180032242828753,-0.29853650970218,0.116447025914591,-0.0608961302442336,0.0466391978597832,-0.0894361804991257,-0.361876321788739,-0.0131679801485194,-0.0313375296173162,-0.121050991614208,0.11860125921331,0.00427268078034038,-0.0640159171040464,-0.26391050055611,0.0333341083778427,-0.454557847503139,0.00886486967079451,0.102008375460985,-0.204997255954284,-0.113485085763865,0.420860943538554,0.0686835269857237,-0.142843258329402,0.0411964148584454,-0.100812108484997,0.010536773985605,-0.138246795559342,0.0251328374516683,0.0185513768953443,-0.162777825274745,0.0458129268709489,0.0796426529679602,0.0406999271745135,0.198836327800279,-0.0289188745035689,0.226230198704578,0.0843252467823175,0.233977083936626,0.493215570558787,0.710183377131182,0.152612709020127,0.146707372695227,0.33446607008184,-0.231275008369703,0.273095971603722,0.320674261177007,-0.184279393713546,0.0422934356874513,-0.0587360928673953,-0.00982020178261035,-0.000179471779933256,-0.123991570458503,-0.134339355185157,-0.117544290683154,-0.0451242589309256,-0.098817454927665,-0.214270854052447,-0.0782116105993201,0.0464505408808332,0.0276795940529668,0.114656813558984,-0.226284047125612,0.00587310832777871,-0.452888967705895,-0.0836057757012599,-0.324122133219825,-0.244665737907226,-0.188476832796564,-0.099961755943703,-0.0440760372781947,0.014061765961939,0.0605832437441554,-0.0734921710055924,0.302724304191456,-0.193552246172902,-0.0655179440360136,-0.091350326889098,0.13187910401655,0.0686426618318794,0.20496755757104,-0.257427441429992,0.0760544453910278,0.00680046490382583,0.187237625600104,-0.029008598902436
0.182953117835822,0.541602576713484,0.727349689157431,0.0782276019378449,0.358817062688149,0,0.271630872634283,0.566504331895821,0.713127139529483,0.266999067963048,0.137293168217585,0.0789920555418586,0.288070116452069,0.196371115711928,0.234655948102275,0.080891209879699,0.136236084163328,0.122772431133467,0.125860583926833,0.150049704120748,0.357222989158649,0.106267391051603,0.153637393874866,0.195753421339669,0.274003305919818,0.14368854394826,0.0907828158673716,0.0791387671849356,0.329098419174527,0.164996969397337,0.00432254779079142,0.0396788182418693,-0.359632142714075,0.252321557768469,0.0744426217470114,0.0793567265613257,0.201300387684875,0.170201309395136,0.158004315239851,0.255154950405638,0.235423875981871,0.219266610567794,0.112945544208209,-0.0578691689587846,0.0117327203583676,0.0481376212931921,0.053345141682303,0.0917506574368964,0.623731355697609,0.15690051907512,0.288927862363974,0.597817489632533,-0.103500171323849,-0.0349498977985019,0.695302831749668,0.8381095393203,0.32294761936264,0.671405779830478,0.28496297118531,0.164578717549047,0.137535713358598,0.189315880145342,0.195095462213424,0.202311135821348,0.269089957395527,0.210370563398608,0.227306908922475,0.27345002177923,0.23872388482,0.141195008360955,0.262771074347254,0.104988002423358,0.153010228937108,0.140407488834359,0.154633659973021,0.314799751327665,0.337194681960113,0.181040799971332,-0.0769536942848238,0.137404465507827,0.0606835326902259,0.0600420789349665,0.0523106262139054,0.0768466134717675,0.0599156296458775,0.000773862643688598,0.204468251356705,0.0590575781124315,0.111183665010472,0.091110941313992,-0.191244721295992,0.207977074765179,0.201830909989923,0.114559510697875,-0.072361290149337,-0.112282012935957,0.0867776928772751,0.0905960206273505,0.619789243580233,0.105211965288312
0.117812787315787,0.411052077109304,0.445097103233665,0.281478613900778,0.147323906980298,0.271630872634283,0,0.374272745275847,0.204807602204597,0.12530935522035,0.358362886330943,0.362505092586503,0.152596873868694,0.162377588473533,0.137673218960843,0.354498493073858,0.144811348154413,0.31144565812783,0.320194110766088,0.21554083414469,0.31503818838468,0.0255491470107475,0.108172801054934,0.481698076353981,0.25529762566165,0.281898360990335,0.0762989242606108,-0.0643289818336974,0.112751127997198,0.107559204207523,0.0952778324675705,0.0354589084411765,-0.330368685201886,0.181629817586804,0.0757285524119966,0.293661132051003,0.2873730602824,0.449129826018314,0.601349359069964,0.602375952298283,0.512482276506808,0.149216688348819,0.320619652603824,-0.0856267441576757,-0.0159628867211299,0.0457800009545905,0.123547924156084,0.1217846455748,0.420281034194226,0.324645721974462,0.221184768818202,0.556757527410515,0.13442868850616,0.216354577607399,0.342385663199887,0.359697565629428,0.670795480875192,0.316737487250361,0.111331831061735,0.181657479813197,0.151850778157286,-0.00972718636410344,0.0480539400489503,0.0845846605691594,0.190885923203981,0.116944457742326,0.418306317539328,0.17860305687162,0.163978734489462,0.27649988180631,0.296451303650452,0.0129138817775092,0.0291294615628864,0.590819018410031,0.119495750125503,0.179253637301448,0.160039166690435,0.134931407218368,0.0470187811874252,0.244806890972895,-0.00285240056184222,0.182393533909031,0.064758598886466,-0.0908577375430724,-0.0297035655425728,-0.0552480798128553,0.342957616388732,-0.0723750982318425,0.364447684521134,0.281704904583402,-0.0982135540918186,0.315364633715207,0.495754096138189,0.119201679250564,0.129687260659379,0.0023299614653054,0.103281778532787,0.0932346614838718,0.288176809416578,0.372420092219299
0.100147136724698,0.559302571752157,0.444618766584567,0.352115717395334,0.464698304348995,0.566504331895821,0.374272745275847,0,0.636829457044333,0.0902429988627992,0.0419139844167863,0.0366257044811558,0.152698393559684,0.124662640710056,0.11844025294824,0.232773999892696,0.134442967003342,0.352715426549129,0.136688849788822,0.0516058876125592,0.234581340178573,0.0276098931317146,0.0602113599803589,0.0127795674690536,0.0850721849505098,0.0826859506262395,-0.00405085075496553,-0.0483222504274429,0.136180285125601,0.0598089307487928,-0.0648601232209447,-0.0171178722702693,-0.134669461451402,0.204781683409106,0.0225847098695108,0.0814458575001482,-0.0269046766086877,0.0276364808011263,0.09883985352747,0.14184337575807,0.074277069141353,0.0453442801090775,0.0213637887547407,-0.151191372641411,-0.0699599116970942,-0.0248962771313705,-0.00593348247228365,-0.0122824586486675,0.275769715142498,-0.00237905777253986,0.206208253004982,0.505302014406498,0.0104888201654641,0.113443849044462,0.627990560087167,0.516579214557302,0.497766522327434,0.749218365659282,0.0624030177346029,0.0482584224851348,0.0412672265097914,0.067111246231076,0.0605689769333378,0.121859790661077,0.123638107984917,0.111306796251176,0.0388778084587974,0.170249496413828,0.145293491758705,0.34441240261497,0.180585177584877,0.0345733524396153,0.0895024419475194,0.0718199139659004,0.0931384206751488,0.124516407250173,0.154907672472735,0.0749147428386745,-0.0804351377318433,-0.0466906038170325,-0.0220195928077251,-0.0229717291831413,-0.0728038315657103,-0.00315474947230505,-0.0110506526836037,-0.0781985161921368,0.0279070795317411,-0.0746291004217878,0.0649341767742246,-0.0961508067589958,-0.223292003568687,-0.0415555678536955,0.0801579074399341,-0.0611787679178073,-0.084819598923381,-0.196505607666397,0.00596756232483036,-0.0198358058418591,0.363787377919825,-0.042824026598054
-0.0353862676276719,0.378580853020829,0.447900420653981,-0.0911002546288545,0.176774715896326,0.713127139529483,0.204807602204597,0.636829457044333,0,0.41063186415147,-0.101028978163582,-0.173626283704791,0.241918604987734,0.0271885806830548,0.0479306718552816,0.065903934053915,0.240549136793484,0.0311238885553199,0.0228972794899603,-0.0121784438775217,0.250496349630642,0.165516858144975,0.00608674332470696,0.0214875092594281,0.260540803970986,-0.073600966529233,-0.0666942936461745,-0.0498822805112007,0.359418961409177,0.00404751466880106,0.196316875227055,0.0184500858604858,-0.198218550078668,0.257434978275594,-0.0243941589249366,-0.11888891928036,-0.0338945382115462,0.161106258378225,0.087955468841504,0.298585465690336,0.122850026661929,0.182568482731245,-0.0615906259118472,-0.244970284862093,-0.036929266691462,-0.117926597984716,-0.147996164864667,-0.0971493410792536,0.300994278068211,0.0899422553611947,0.16717657221553,0.479409289333939,-0.0477572314846617,-0.195191776846776,0.494587197732453,0.735791013256176,0.295798941476003,0.814765929918667,0.400840972045124,-0.107387136440568,-0.161037933248012,0.13672166484935,0.0161256687286786,0.115073934493422,0.102192870442408,0.0419310611356342,0.184183081691509,0.194441591731044,0.113343644361414,0.103829635778362,0.157946466085476,0.0889376629447629,0.0769751302379701,0.072227223441028,0.0192856774269365,0.130432814900875,0.33670717308635,0.0304063796921359,0.199857382695177,0.0850108568957677,0.0780441750046451,-0.00168078423075263,-0.00594026711282756,0.00134891749552021,-0.0559551279780844,-0.168123012173635,0.0487450536909415,-0.0443545091018258,-0.12252230756325,0.0631694442592954,-0.0515994557226778,0.135732536111826,0.111162037751651,0.0277994269042091,-0.273260150854312,-0.149069374826974,-0.0955519502222099,-0.0807985344618503,0.43500083543974,0.0156529920517292
-0.0686792261681802,0.134530505780008,0.0586932448195812,-0.334188452176335,-0.213572928622706,0.266999067963048,0.12530935522035,0.0902429988627992,0.41063186415147,0,-0.170771455187551,-0.345252983533179,0.108088573273745,-0.314594451828464,-0.298346182587368,0.112924391202164,0.272931427074882,-0.336940776329263,-0.307323028083116,-0.0724488536688473,0.0269782637041464,0.214488707236415,-0.258367108734104,0.195915749987566,0.716518183952018,-0.198801483427008,-0.311132103427657,-0.217363813163988,0.462028982371067,-0.263386904580457,0.600414793897985,0.264641775187395,-0.110667127845896,0.31324284656027,-0.238142060203376,-0.408438829703936,-0.0751391165947628,0.514651317591146,0.0979889410022746,0.540620262388828,0.144273234260845,0.463535934653648,-0.161090015492456,-0.412097313425182,-0.196136511965885,-0.376234707636439,-0.444784350656246,-0.360844572800522,0.045921491842255,0.1814125020516,0.224021873315584,0.268648084214873,-0.0653004426164892,-0.379989853338087,-0.0531041919826505,0.362206739829806,0.121923933374397,0.111494299159532,0.828781562194444,-0.20805900191494,-0.318771680892968,-0.0671734370664185,-0.324880275642289,-0.273753647966792,-0.271729912454867,-0.34577466296715,0.172715704626206,-0.0205254495466303,-0.0567137765856288,-0.177319718074978,-0.06914173042019,-0.0135566765454225,-0.176848430808966,0.142458240859382,-0.225748235398566,0.185800747873031,0.356870497410535,-0.223471978985134,0.58182818507152,0.357930031035139,0.163292710651023,-0.00901968331355653,-0.156638435322305,-0.184102311905615,-0.289718269886148,-0.429281199517536,0.0109293545510556,-0.1857287307228,-0.407303634761182,0.195028957925613,0.234427341239213,0.598844474538943,0.258527113153905,0.180531887974957,-0.432306760079857,-0.17810953288218,-0.363314055412043,-0.323510498231181,0.255308417155992,0.0511471909162127
0.32359504782249,0.0497752339320532,0.326571480639361,0.186810291395836,0.270378810647966,0.137293168217585,0.358362886330943,0.0419139844167863,-0.101028978163582,-0.170771455187551,0,0.86862404308587,-0.00257730992163868,0.227340131398302,0.24958815022156,-0.0496670294339733,-0.189878932971712,0.301164307404543,0.29821606535997,0.149401256534693,0.132059274387969,-0.280022760136503,0.117528030527751,0.587699771570765,0.226092670462621,0.656409025778251,0.110261217038102,-0.0319564764877712,-0.314137896196285,0.11948224802103,-0.243582612889032,0.0751356805583952,-0.223421234976634,-0.109736825959828,0.0867182455890521,0.603690866074457,0.332616160374864,0.230015166140087,0.445330853749189,0.171727345765098,0.347376930943764,0.218026404427433,0.45289970041696,0.116400705107358,-0.0455690523852117,0.111666815546388,0.236823839074271,0.178364559276742,0.43617681590402,0.114131700544365,0.0934658471420149,0.0494878469320507,0.0222702396721986,0.277733144470094,0.271228139254276,0.122189335628901,0.144958893202284,0.0515085904735242,-0.0912789793311725,0.770269121169026,0.672296541337103,-0.0801674894034014,0.157051857321283,0.0790566776750998,0.195350967022387,0.279351740652449,0.29036243822527,0.0235896875905224,0.0899533135273726,0.202918719392227,0.131675720682189,-0.126489559757648,-0.0315238656531485,0.465614047889707,0.36089261076076,0.553012702200476,-0.163964434011024,0.174193025495558,-0.360261513266954,0.16054473061637,-0.155647406260864,0.128346118870702,-0.0286957560536566,-0.0895663421850374,0.00342103529083853,0.100466048119059,0.267209852530197,-0.0572540312136377,0.632583109165942,0.246976513683523,-0.119527094866266,0.363872527182973,0.471194897126769,0.426910347744522,0.494404815269187,-0.0200435866499606,0.190025896420147,0.137440378650486,0.270529474282198,0.234807215404171
0.346237872535092,0.00732917490248075,0.306476334869735,0.287486697285944,0.269783763489497,0.0789920555418586,0.362505092586503,0.0366257044811558,-0.173626283704791,-0.345252983533179,0.86862404308587,0,0.0019026849285143,0.288316186762277,0.28221532847834,-0.0301114913672724,-0.201712427624156,0.400615896397914,0.388827960759603,0.112229148799911,0.118493385531505,-0.271897919009084,0.135251349478031,0.5795134155287,0.117803204033541,0.746680925561902,0.133983268977699,-0.0326505180536494,-0.399505837921734,0.136638242488834,-0.346786420548357,0.0576166644815086,-0.138565379372937,-0.176254503709276,0.147099957626292,0.685969119576672,0.342084387090908,0.149474422397082,0.467448782215568,0.046950633794185,0.279422443794316,0.205569605871899,0.520952700234074,0.228956036790493,-0.00391531622067282,0.138404216559089,0.302225974722297,0.204065252492949,0.391855913728319,0.0682463637079757,0.0875629041190091,0.0049103584512091,0.108735998878529,0.362835401088524,0.246708620508242,0.0245235577360799,0.141210405373911,0.0449292435337001,-0.288314110187975,0.758664857624974,0.743262926139234,-0.0550116799753972,0.188616707410241,0.111397409805923,0.231611342920506,0.303160293802129,0.196777107144005,0.0344384301263537,0.0859447740941251,0.245918596383252,0.126633729758628,-0.120273803497349,-0.0375773627532011,0.39830081405711,0.411962554370447,0.521701269527444,-0.261406522693604,0.168537179326178,-0.454270649150202,0.0844945109904564,-0.175065790478665,0.121732728594507,-0.0165706603429625,-0.0766078829971746,0.00938683847883483,0.13741308673779,0.243985910969259,-0.0602738889018479,0.686480381488956,0.144414033531669,-0.123400590672724,0.219780002449484,0.431277559704668,0.40914580248717,0.570664610463094,0.0305100659684003,0.221136379854611,0.157652110919888,0.168362329695466,0.210234483058753
-0.350758848117464,0.140973302378816,0.246075669978202,-0.100822900822018,-0.1973909591122,0.288070116452069,0.152596873868694,0.152698393559684,0.241918604987734,0.108088573273745,-0.00257730992163868,0.0019026849285143,0,0.630601267408906,0.606754565862062,-0.28779690160898,0.672177708071584,0.231361738255107,0.604258424256608,0.2130388250294,0.601530581759316,0.70615451587102,0.54733632863282,0.267555526040984,0.0152309236350378,0.288612347004707,0.492643439698293,0.499811355124901,0.584996117526153,0.493593232392484,0.143133597024187,-0.310328565819636,-0.56155916775315,0.544763223533776,0.659264485152278,-0.204212967195544,0.36061473872847,-0.0602056256597618,0.0903673266487797,0.1546973246254,0.332975215296809,0.143028268609986,0.470100794271012,0.413374084742355,0.616449302801133,0.395815351693003,0.472170318184755,0.437301933537338,0.297397561827145,0.140924695416622,-0.245593341630182,0.301577234881197,-0.372746491309581,-0.175498028357327,0.0827440599520162,0.33306547816896,0.264567965315509,0.266235386506719,0.222604941521119,0.137423942957925,0.174321413465222,0.836716579862596,0.569908528991142,0.61242673534889,0.60352670074804,0.569623768820303,0.245117998568671,0.736480182321909,0.595904087489628,0.337066686975877,0.552509632876596,0.664339785730481,0.532759187747792,0.113732319264852,0.465433851666968,0.271718505772017,0.65761469049886,0.53579631742901,0.0761699640128266,-0.19675671196496,0.551178518513543,0.408493720917641,0.594070467273299,0.56466915416816,0.466442122922739,0.391638186214174,0.430538924342265,0.494426399756878,-0.047917736796325,0.268152366727241,-0.416876710761576,0.0340410418632312,0.0508960299597457,0.0117342650821977,0.21478523743796,0.522698950386736,0.397261134513838,0.437828200846056,0.21101313691737,0.100774961636359
-0.176444256318702,0.0956361099302456,0.313822864969639,0.139319836063901,0.0309591852050853,0.196371115711928,0.162377588473533,0.124662640710056,0.0271885806830548,-0.314594451828464,0.227340131398302,0.288316186762277,0.630601267408906,0,0.89381408220594,-0.277431234871345,0.41827606379138,0.443768320804315,0.776131156259793,0.403307932044886,0.666782432995957,0.51530863085108,0.849159000891373,0.209039620241846,-0.299454679124978,0.379255699463383,0.810858028097427,0.749588654657295,0.319616388406813,0.838842658185513,-0.341691624727021,-0.376203527175742,-0.578286469840118,0.358077790510024,0.801199964612112,0.212038591393459,0.423854161029976,-0.24897223571655,0.138813368721304,-0.0704205202868863,0.285018394054069,-0.118495515668918,0.493307194923276,0.631826577615398,0.718749537934118,0.769964051256283,0.834237765586598,0.80004472982371,0.36110295918401,0.0999226693022747,-0.314986018317762,0.17041162040225,-0.308461441055164,0.133158711017355,0.163315135273869,0.166044121527819,0.240450270577421,0.2089417654113,-0.177115233510025,0.303511186793291,0.364623631960702,0.653392496716677,0.863045307312753,0.848738012461936,0.860415418175145,0.876527995234104,0.173336361378108,0.764888524448818,0.648695158179523,0.390057955931559,0.687411694373295,0.695839940358525,0.767719284650699,0.22514292785575,0.598793476510545,0.253429195943469,0.487304202953163,0.833696903081875,-0.405971195547524,-0.239409391852276,0.370019336489607,0.332078649055881,0.671605391867702,0.707608344802747,0.741715752734325,0.767045374569711,0.468953491706397,0.69314640388016,0.347949211037038,0.158190946669014,-0.626119343695667,-0.189446618718155,0.0833066699301918,-0.0979181320292559,0.463128955328471,0.512634977612978,0.777310600024215,0.781212887069995,0.141050312048961,0.132304967363814
-0.176768913696298,0.0975301841383949,0.310764654002347,0.127659839496191,-0.0171783560931434,0.234655948102275,0.137673218960843,0.11844025294824,0.0479306718552816,-0.298346182587368,0.24958815022156,0.28221532847834,0.606754565862062,0.89381408220594,0,-0.274547829942278,0.358623602883467,0.504772000588994,0.722853163226292,0.47161130228656,0.726304493770905,0.483122943437431,0.814103717095605,0.213924655929682,-0.256158499463083,0.362141097920385,0.758627364353542,0.703986279506514,0.348011282977171,0.803783552325657,-0.315183640191812,-0.321881377407509,-0.574068945114524,0.40650862297002,0.753276259738057,0.200296222439929,0.419373613410822,-0.254915368191957,0.130220605818622,-0.0597942360351982,0.283509495398519,-0.130162997594367,0.426805111711914,0.510050171078786,0.6261752646614,0.716129440669264,0.780203026749453,0.761477526679173,0.40081927718191,0.0818027081573764,-0.310020885709177,0.165596810010308,-0.297504262200658,0.101111919354903,0.163083395130598,0.200823028915431,0.24499200277307,0.213041318443364,-0.145687405039172,0.342153281166448,0.400073778155643,0.631569625839738,0.826447350833484,0.833867045266221,0.854156809008852,0.936143026312637,0.237962450644538,0.740752751129452,0.729586629986138,0.503234984114946,0.752221519409199,0.661720482010344,0.743965361713266,0.207370554203128,0.636749374102856,0.276376138503326,0.524666666636944,0.808384444311291,-0.381518167852282,-0.189940592384128,0.448423535396728,0.451323618310034,0.600568487120629,0.676278736768037,0.705823852893524,0.744699149322757,0.464134642352471,0.630715841896148,0.368023605965164,0.189873370105807,-0.60353521132831,-0.167297761405158,0.0971742734238397,-0.101282668733096,0.417187111194276,0.4132172163586,0.734374431959445,0.74616486325656,0.191493708474641,0.114600561015904
0.35186924414085,0.358093748134407,0.229317246991982,0.332400484057823,0.180032242828753,0.080891209879699,0.354498493073858,0.232773999892696,0.065903934053915,0.112924391202164,-0.0496670294339733,-0.0301114913672724,-0.28779690160898,-0.277431234871345,-0.274547829942278,0,-0.111259768193881,0.0327990053086592,-0.191186768137434,-0.0739138072562257,-0.077942583229054,-0.154069341757585,-0.167359606075116,-0.0168167980986123,0.162881704925012,-0.147171677107997,-0.217588833784618,-0.282842122084652,-0.0501735790592262,-0.193081362551406,0.0726721516426805,0.357119742298248,0.258140634663333,0.0207620826654651,-0.254563953094179,-0.00537000438313823,-0.15373762149798,0.322390654429915,0.217401429757971,0.218132986577752,-0.0578161623820592,-0.0260349593870309,-0.231531942520761,-0.416417808122449,-0.307987379911638,-0.208396045751728,-0.237932495632017,-0.183985330756022,-0.00563397521409332,-0.0982439605148439,0.523604766582358,0.359895409012724,0.539474544802957,0.228421349209177,0.105950847536598,0.121512135383134,0.351333981000345,0.0769969188495274,-0.0243568647967436,-0.161849511852649,-0.196763257945189,-0.338584778382846,-0.295942939244395,-0.259840680584369,-0.239158057563482,-0.270544620812002,0.0988542709910617,-0.170047601548438,-0.0792779203591655,0.0163573445316883,-0.0713465203502185,-0.232312447806302,-0.159179430055605,0.0992219369306082,-0.292556283603403,-0.16986658667935,-0.10035562610916,-0.190169433455451,0.0859247787321373,0.380488239696389,-0.0977410486173148,-0.0717868217485879,-0.239861391413115,-0.238408522229485,-0.205139515160804,-0.244709867213223,-0.0883711372640808,-0.283111688695986,-0.0180956824115359,-0.153524454003852,0.233129134456914,0.0914713407557241,0.0963407970187233,-0.157805280833577,-0.303843890279143,-0.36046352186474,-0.162815821264355,-0.162511872246465,0.0585000691634183,-0.087511358866072
-0.405140071336451,0.134653649886358,0.115870741793878,-0.18936561154542,-0.29853650970218,0.136236084163328,0.144811348154413,0.134442967003342,0.240549136793484,0.272931427074882,-0.189878932971712,-0.201712427624156,0.672177708071584,0.41827606379138,0.358623602883467,-0.111259768193881,0,0.230596188414005,0.532480777440346,0.253008573737615,0.59480025728156,0.808767472015561,0.454451602800402,0.272140659613543,0.111869380335368,0.113294592347118,0.368119951563205,0.446542369795403,0.713044476722104,0.364011567649428,0.369385113430384,-0.252245332532732,-0.434290786675249,0.713491651062583,0.498937715201453,-0.295895549277796,0.28001839538321,0.011450807699154,-0.0420280732641737,0.163362915174281,0.318814557775307,0.167357820793586,0.288988583561787,0.233088945840258,0.51501829355916,0.275168210103556,0.260061191846036,0.309013937812082,0.124453887320895,0.241074832583951,-0.210000703754826,0.263159544513807,-0.297002079775693,-0.279336894691306,-0.0778502435319029,0.229003852123708,0.195749055656597,0.219403299425817,0.365019288473585,-0.114446681374117,-0.127727554488931,0.55228309424528,0.34335818391046,0.460511453667619,0.446243736002292,0.312090257563887,0.164226219017721,0.651027303231299,0.545170247384564,0.329728460799876,0.570594521119338,0.633828837233764,0.496342090704138,0.0676091408522016,0.346940042342157,0.115480359685819,0.707180155564604,0.422303592805107,0.324221023479281,-0.13227227980823,0.60111676469068,0.362375018259186,0.51269993640901,0.430981468147243,0.367847392217899,0.214117255561654,0.327097006581331,0.428548651370648,-0.175472927752698,0.274946015807753,-0.317092373598351,0.0176902832709962,-0.0905791458530297,-0.10000394309008,-0.0261909112421415,0.445139201291592,0.258535083725499,0.318562412213446,0.0986060823820255,0.112011915884507
-0.0367901904541906,0.139380641461738,0.259943538903385,0.168041883331595,0.116447025914591,0.122772431133467,0.31144565812783,0.352715426549129,0.0311238885553199,-0.336940776329263,0.301164307404543,0.400615896397914,0.231361738255107,0.443768320804315,0.504772000588994,0.0327990053086592,0.230596188414005,0,0.577829489805788,0.487016077421834,0.510419856911402,0.188335648123191,0.351558519163983,0.222389938636171,-0.122092570381352,0.403759281846325,0.268383196954087,0.206959190030237,0.0524508084337756,0.282372650264752,-0.206733521104035,-0.198947416857728,-0.260655294121584,0.421569423117895,0.389809564485804,0.408782857400319,0.263370895968356,-0.200140025155754,0.0530417968027799,-0.116602080352018,0.259417938062544,-0.11919575047902,0.280964319802162,0.140434968619004,0.17696013845571,0.222465728217531,0.333559223601839,0.300654112856253,0.297442330750162,0.0038671869597169,-0.145132468935015,0.125258048506522,-0.0613028450646459,0.0772483944324946,0.245961837257526,0.095914248531458,0.261517102876738,0.287817764972785,-0.231735414490367,0.305399066707745,0.327431388712424,0.170922821458736,0.300186013240881,0.394529334764172,0.413720356520851,0.483832615217545,0.234118239326184,0.321495330162147,0.507029484006735,0.811516765842955,0.558541566178633,0.222629977674166,0.306767355125619,0.0829302888129827,0.480032666812456,0.20559407665854,0.149506764965638,0.317634273643026,-0.265583855478367,-0.130707841081218,0.258038567299174,0.511929894679791,0.182310862754341,0.222586063166974,0.265125404825122,0.261152046138521,0.248927215038719,0.149242350309963,0.501334767474607,0.0410289938184465,-0.348851572855757,-0.22673737468003,-0.027204497810217,-0.0893243183719079,0.221579713108337,0.0730617641490244,0.253522538097735,0.2589765996555,0.131056669865294,0.0219151165839158
-0.173863585191522,0.0789283406069898,0.302649877707659,0.0962405246663723,-0.0608961302442336,0.125860583926833,0.320194110766088,0.136688849788822,0.0228972794899603,-0.307323028083116,0.29821606535997,0.388827960759603,0.604258424256608,0.776131156259793,0.722853163226292,-0.191186768137434,0.532480777440346,0.577829489805788,0,0.30012289036108,0.659437883728394,0.492464207645104,0.626981256495592,0.350935519939545,-0.173095940802929,0.502334291198365,0.551517081295909,0.469073771618066,0.244397360754412,0.563383381859576,-0.161823624078208,-0.315924195827639,-0.5070709808877,0.43593948660271,0.665061422448436,0.21517648891109,0.475100748927598,-0.146285713634769,0.19889302684494,0.0180195150944105,0.397595719943997,-0.0262096844274245,0.561363183066009,0.469254493170657,0.553194129182188,0.494516472903567,0.637441898693063,0.564139236264905,0.348016814163825,0.150079292723027,-0.297325510673675,0.199138300272512,-0.208367637242117,0.0803833098456798,0.13289513825289,0.157448460886342,0.273264371695985,0.249183374788659,-0.181024806922842,0.330614577869297,0.377888502200622,0.532914229470659,0.61534617878279,0.705912158815349,0.746024806379453,0.70470005549723,0.232067452005939,0.714496748206502,0.6302733787168,0.555780614922958,0.640870626795436,0.53835005680024,0.532105026394736,0.205387438099714,0.617871283277653,0.259080207409087,0.392935985022285,0.599767426623066,-0.248298778683896,-0.21567353842076,0.395531132912569,0.44168201309649,0.529206549952355,0.473727036805913,0.477183614818729,0.495278489197142,0.494929060146776,0.407016921553555,0.343478176000255,0.217334850261608,-0.500543302451782,-0.144689005842837,0.0715812884500901,-0.00484468675874756,0.413268105996821,0.436562530619672,0.518707753361594,0.530088679027588,0.0754937443925486,0.173573751941017
-0.133323943234899,0.214947505806161,0.21723118551804,0.144945637609855,0.0466391978597832,0.150049704120748,0.21554083414469,0.0516058876125592,-0.0121784438775217,-0.0724488536688473,0.149401256534693,0.112229148799911,0.2130388250294,0.403307932044886,0.47161130228656,-0.0739138072562257,0.253008573737615,0.487016077421834,0.30012289036108,0,0.495268340566259,0.215061038935016,0.434609464163829,0.172642453211578,-0.127618075602614,0.134658784809014,0.396361061354959,0.436360314503847,0.428993615280328,0.402044612457203,-0.148303581678852,-0.33202406150521,-0.477263718801952,0.433015398121362,0.351248831493804,0.301010501112371,0.39388408699313,-0.118046695665336,0.0839662496235368,0.0544172022766091,0.469055200468506,-0.160331581753325,0.119965834763423,0.264555907239402,0.281379303223687,0.357765100264241,0.361800420046334,0.415437347126775,0.462052434872108,0.416022894050001,-0.129403993272518,0.205991621508352,-0.145427346788982,0.153013366338926,0.0932841733530213,0.156132247042823,0.229837992800792,0.061409827141385,0.0689627133695431,0.16801561762583,0.228663138220174,0.236735541353513,0.389527363658913,0.378416139303961,0.390284430836569,0.416911061674806,0.339680462816576,0.339749498356266,0.456730146450738,0.398538850039754,0.659414019304406,0.323187512678844,0.40257659402953,0.352592029267565,0.312893625526924,0.114950799946419,0.448257549442849,0.408671231984211,-0.189357813884072,-0.140456165223371,0.281530566569708,0.472066605835019,0.307324162041183,0.281418594617703,0.371744022678709,0.366273951538067,0.331879966319971,0.369465320822063,0.502373267227895,0.339878416323991,-0.399987632453678,-0.0215882879102305,0.164258182165391,-0.105478526464544,0.206957090017163,0.231495019795069,0.361091842172909,0.400195396584788,0.320160068461004,0.364353005188559
-0.162900014628868,0.244910599925418,0.423168122706147,0.0029330250746224,-0.0894361804991257,0.357222989158649,0.31503818838468,0.234581340178573,0.250496349630642,0.0269782637041464,0.132059274387969,0.118493385531505,0.601530581759316,0.666782432995957,0.726304493770905,-0.077942583229054,0.59480025728156,0.510419856911402,0.659437883728394,0.495268340566259,0,0.58046995504858,0.675829236968006,0.339246555925144,-0.0135165585778361,0.215436345620538,0.578693871162016,0.553359731489588,0.612450056766018,0.63302605434836,-0.0286873870777449,-0.237753138865245,-0.602120519251737,0.65239289378229,0.588894078347154,0.0323174237242524,0.441045527136562,-0.034366472089816,0.161080105351896,0.164026636419185,0.41271740008061,0.0897737383353018,0.341632645124339,0.272248599650244,0.492396484764464,0.524896546600991,0.491614172146349,0.584340929923809,0.454968891703697,0.265149720382351,-0.120971102996657,0.40951565039675,-0.214923753752083,-0.0135771895132497,0.206489323365911,0.39308877058395,0.375540612469397,0.355068725145105,0.181758892608336,0.19704135226749,0.189341995714471,0.522068624484087,0.581028123077454,0.651327698890517,0.751773632980887,0.675535595222855,0.346440939943572,0.712771256220894,0.803897512017857,0.558902242546427,0.870634647725405,0.599608863446553,0.664359720186069,0.295988647003077,0.564648711942643,0.286761868872652,0.709883772547488,0.660100159907049,-0.0680979854919621,-0.0309086042065067,0.507694625073049,0.475386682532,0.538766599670909,0.516045972468687,0.537159909988927,0.463541714477277,0.536142971786542,0.512388081917198,0.228960334173509,0.36459334281963,-0.479374862278791,0.000231418376152698,0.108897267035307,-0.0322360151227756,0.19127783626221,0.314836634039562,0.555898797975433,0.580072783802093,0.339430426681103,0.246954543884201
