0,0.365661847099361,0.605232881461695,-0.14422686728714,0.181020819484467,0.483354077258644,0.374112946226846,0.382876203208121,0.32335378758179,0.242240570486642,0.166180871381099,-0.00777164916683816,-0.042817409485073,-0.514745504398106,-0.564139064499264,0.45536720268134,0.0743440891364018,-0.0741569559119146,-0.221137115031613,-0.118059693019457,-0.412548855289982,0.0147773685597964,-0.550544453690259,0.0702237924769922,0.252635369363277,0.121393576010127,-0.263610177522144,-0.326124592984549,-0.0774242874815424,-0.50250865225582,-0.193374315792672,-0.0220877648788878,-0.146931356984094,-0.0476593555813461,-0.144693646511475,0.108843146501434,-0.214866830930363,0.474952231178841,0.124873092161149,0.0901870877974042,0.11066043818361,0.00522018366134554,0.113682848719176,-0.206177883510833,-0.0387475885871733,-0.441504701465953,-0.400718724812079,-0.359422064230519,0.471348593304224,0.227242497030161,0.535683163122562,0.501544122250744,-0.115122406026868,-0.0720755599044455,0.40849552475717,0.551595228139621,0.227089930365373,0.205849722740429,0.149751244350391,-0.0407492439512891,-0.202120759210127,0.0838677698974356,-0.197349737034113,-0.318038284772561,-0.491221463806592,-0.578688618895764,0.187192873216161,-0.0546448024693358,-0.141251061841946,-0.160509395234736,-0.436200555479026,-0.0183023434233337,-0.530154052808648,0.220232347523552,0.0236887364872324,0.173692261578538,-0.131779355792924,-0.504900416988698,-0.134707498835604,-0.109660021525779,-0.0744266351172152,0.0317989038096216,-0.100053988972105,-0.105711281878023,-0.359047132845938,-0.390753956736187,-0.101014441217405,-0.288965576633244,-0.0428509834796385,0.0965563872219413,-0.00134243771811194,0.458722319638703,0.30058856083885,0.0916430214277284,-0.0370938531137982,-0.255565072115255,-0.421618773854651,-0.436357668518278,0.410034418155934,0.191543322979529
0.365661847099361,0,0.594408858054907,0.393312679090097,0.60306103716663,0.368263289313285,0.310450160760568,0.33682561493949,0.307650710212801,0.00681393613965752,-0.0291374329416853,-0.0500909761392691,-0.128730882780852,-0.333030955627664,-0.285514900050332,0.654845651663559,-0.0305846147510471,-0.143821108705172,-0.32928159956408,-0.293049358564152,-0.220177559217039,-0.289543973054046,-0.338046075241998,-0.141513699296623,0.00832753056688295,-0.0872459406387022,-0.357339888167993,-0.422381696657947,-0.250232093105779,-0.317381525695952,-0.050140359328393,0.175746060211757,0.0252258595575433,-0.291360499575182,-0.254570041540999,-0.0743377383768885,-0.370655759153263,0.125691364891444,-0.128519160249229,0.0337666389503284,-0.238827062193601,-0.190873722563498,-0.148868468633775,-0.290380341273334,-0.253891071450004,-0.444291803256366,-0.411525677340218,-0.400201094552071,0.188153546767833,-0.0357169386346787,0.445753687357757,0.685339358789857,0.410402399117677,0.260692915299185,0.495108817645503,0.360072610643029,0.337062082828121,0.241303640644813,-0.036703534264401,-0.120339808393786,-0.0209765892166305,-0.022359831044619,-0.26021242154665,-0.262965658907876,-0.304475448218783,-0.295948040032919,-0.0385472906638721,-0.188075887789225,-0.211835616425442,-0.201398866319835,-0.221370793263501,-0.226182288942522,-0.291684389401316,0.0919432053285711,-0.0383829790754513,0.0301038604905834,-0.338827420414214,-0.308587461892194,-0.0678510088859892,0.167316215002788,-0.180818298082086,-0.250895488938932,-0.270487780827594,-0.192327300812621,-0.371721351325802,-0.433162932895699,-0.299009195998277,-0.328526450669549,-0.0735869611376379,-0.0948322467423153,0.115195720440291,0.147077700310358,0.0833282875543327,-0.0947067514804227,-0.215578433692579,-0.257282873009338,-0.440655764727816,-0.37321074623836,0.164218719240918,-0.0632638099235445
0.605232881461695,0.594408858054907,0,-0.0329028633881792,0.427734610044788,0.709622550249764,0.524952760495915,0.628958593812848,0.546768563537379,0.20418041676007,0.373341313813091,0.25542726530999,0.105404374317174,-0.459599305597444,-0.476243337586451,0.49892346270589,0.315404542200712,0.0362036442813858,-0.183498180026069,-0.123194197601634,-0.257614479462893,0.0999947727881941,-0.513586841009621,0.258921446376459,0.23651511702011,0.321161708818307,-0.200798799840181,-0.248185403111188,0.03380466884444,-0.440848625749124,-0.171894652243226,-0.197706167114142,-0.403305816854327,-0.00444743403981607,-0.0497974565759216,0.122918042797766,-0.309977929598815,0.307033894791301,0.0605546630584296,0.196865474841146,0.0949568061709586,0.155706179782189,0.280853458797198,-0.13532386643939,0.0453541507899871,-0.437646480639814,-0.48913998120145,-0.432468093270348,0.547242284165468,0.344464014723787,0.264653523448668,0.777029436433995,-0.147114097325864,-0.21292054571455,0.702476290078807,0.771293449810396,0.421572751307904,0.441648712044332,0.11047651389996,0.105099523033445,0.0246496637706966,0.243468889160956,-0.127836764372477,-0.268583024265802,-0.443746052848341,-0.539559753414545,0.174351450718346,0.100038074678149,-0.0162271955558855,-0.00601722563880395,-0.304518459018087,0.0382166847972247,-0.460288009401688,0.412834074905799,0.245729105882764,0.431407444733815,-0.0603919370646717,-0.414137571237568,-0.214078022725874,-0.24336803537476,0.0343670699677232,0.0725205491929438,-0.00696766325573251,0.0278137977805344,-0.251651709435673,-0.469589499976331,-0.292243225655723,-0.239248881021981,0.0827489271445103,0.286180523284968,-0.220435808610612,0.276523632203266,0.287177253232464,0.0332794937261599,0.0571017945022522,-0.108285031884186,-0.412494397720907,-0.457761860803742,0.412442293432629,0.288550523944254
-0.14422686728714,0.393312679090097,-0.0329028633881792,0,0.576128863543071,-0.150094221375316,-0.200059706915587,-0.213581070138992,-0.244295742365919,-0.469752980787592,-0.19187529610016,-0.171878811406856,-0.132718633831705,0.197945577442718,0.295914224885117,0.0967533080662608,-0.192825506048719,-0.171311871077682,-0.0749327394511976,-0.147845341864988,0.195168742848046,-0.34234639170194,0.178302317019813,-0.377620912596424,-0.459619114109998,-0.317904884664803,-0.190158630443739,-0.169195474951292,-0.168013563951083,0.253624507481607,-0.180321921113811,0.387024027051574,0.498867889868098,-0.270553561907933,-0.202761611291058,-0.208746381546936,-0.218393397592147,-0.284479312605413,-0.300095395537791,-0.351336393097715,-0.297201497457281,-0.485774755710448,-0.329482992246043,-0.353150202691584,-0.342334546909997,0.0533269747444882,0.0670080149306348,0.0375325075448071,-0.14871268156654,-0.174411835344266,0.206747965139307,0.0781065268978158,0.419076117244269,0.629724202479945,0.0102022697220742,-0.19661953671946,-0.0658904679622344,-0.112301455970401,-0.489014771833343,-0.290878113036195,-0.00407370074677553,-0.0995035520711365,-0.0300214198073203,0.135022915203326,0.199290485922213,0.323902470951872,-0.520247714043734,-0.155435267803544,-0.108160312310984,-0.172258904115501,0.26056451607758,-0.418433551747178,0.141525290292587,-0.510881767671905,-0.266876414319643,-0.239140052277446,-0.272900673975185,0.145840498356253,-0.16906039491881,0.51390337415644,-0.176208297883622,-0.346272754193689,-0.546865288319602,-0.425411818199661,-0.124710277510122,0.0326545466306628,-0.300886690898332,0.0465301318135926,-0.224556046198415,-0.487422865418005,0.256069260869528,-0.395681568016589,-0.340354828697183,-0.484292224200387,-0.531096607589317,-0.244999992578055,-0.0200689403445324,0.0518955791894896,-0.0949833643845614,-0.177181969333023
0.181020819484467,0.60306103716663,0.427734610044788,0.576128863543071,0,0.301358478657074,0.152966303569073,0.284218654139837,0.226921264752952,-0.19935489497281,0.106694417075281,0.11549072214327,0.0176824598115017,-0.101432862012788,-0.0531054637948095,0.249049808016312,0.114090198468853,-0.0150244052457556,-0.132337507401907,-0.142629639350714,-0.0277033407464281,-0.0847356819717012,-0.145855955101746,-0.0501987798637035,-0.215801826939711,0.0602835572680488,-0.222960179072689,-0.231186375146566,-0.0368472499021753,-0.114859273425358,-0.254129253125757,0.000555365470703159,0.100990841725141,-0.134059444342418,-0.0741444047149512,-0.0227898808772783,-0.250897056302463,-0.110898158549279,-0.16761156979296,-0.0887829974096169,-0.115533748235096,-0.133196738965402,0.0117637525584059,-0.305170023638631,-0.188550321451815,-0.256827175892343,-0.208042517776128,-0.219057471315861,0.187553870235159,0.103056558426919,0.275131453759095,0.530081046003125,0.167792519457872,0.244158632291123,0.57017597900973,0.291081256564919,0.301779277917849,0.277448764671318,-0.267841999690518,-0.0197245514715566,0.0950259008503825,0.0806291652100976,-0.116515144782727,-0.0265822263351529,-0.103806564553602,-0.0659134824621706,-0.178209067396471,-0.0435775318082889,-0.0834999816937462,-0.0349567669845858,0.000167549510680754,-0.19157367442467,-0.154592093751697,-0.0996489834441374,-0.0759705654561706,0.0963120560693044,-0.186037793898967,-0.142795979430012,-0.309812868458067,0.0646221357179133,-0.097534871492589,-0.139412891577,-0.309561648145111,-0.178188141280759,-0.255233527113384,-0.249599728451862,-0.340311889246933,-0.126720535688529,-0.0259399351789701,-0.167343375982594,-0.0324626780580703,-0.191015842453147,-0.163584597743316,-0.316416491063008,-0.276711238628996,-0.208772905658327,-0.301204331454646,-0.237848033753761,0.218172174035135,0.0397133124780628
0.483354077258644,0.368263289313285,0.709622550249764,-0.150094221375316,0.301358478657074,0,0.671899764875906,0.719420833596735,0.684508925130574,0.418205056863505,0.324018123240646,0.193208483723641,0.156709861418785,-0.441718783807645,-0.503792117688334,0.366628861619658,0.257163291755141,0.0733782296978819,-0.125960450192964,-0.117595263858809,-0.325891068152065,0.180568667106319,-0.488488230900911,0.357729525746485,0.412424196092955,0.339842685210109,-0.0740884519126128,-0.165439911569787,0.0319926068863751,-0.506003563662273,-0.0922216999007472,-0.300920862767036,-0.359340814144621,0.0834806814425874,0.0529880717206899,0.104602585921647,-0.225428646113384,0.326139252563353,0.366787910163934,0.415134979577124,0.159168712704081,0.172209031621948,0.378984118942385,-0.0118561781798784,0.132413365483683,-0.408510364271797,-0.351241286322351,-0.342401161165841,0.592441488280041,0.295626387289796,0.189045394415137,0.543762695130743,-0.209420088782536,-0.250686292124853,0.728807583369509,0.827527863486227,0.488363907406248,0.514722681914383,0.399137944217325,0.180170881386498,-0.0509005950835828,0.178760931134187,-0.144880419603669,-0.297995017941752,-0.441976496021634,-0.559740925338616,0.371541113184896,0.128640125657719,-0.0473338157682878,-0.0258759747050383,-0.362822259380353,0.136048760440577,-0.45136704034027,0.488412481467238,0.31368513741703,0.379345428187091,0.00293644438936051,-0.427161638658586,-0.189542920029565,-0.339885457221145,-0.0282759510098433,0.0294049258623106,0.187874082166727,0.163484556310503,-0.242989743828267,-0.443173434133749,-0.140454581035199,-0.25688342111139,0.0451044780069846,0.267365130081679,-0.184155189967385,0.464643219249274,0.518586776739127,0.181134836766,0.219749705531022,-0.0621963117600962,-0.446300784827356,-0.379299960409459,0.448073851653051,0.211730610740757
0.374112946226846,0.310450160760568,0.524952760495915,-0.200059706915587,0.152966303569073,0.671899764875906,0,0.716010536961056,0.648783486018544,0.537117495876392,0.2825410170423,0.210518025744563,0.186586790411783,-0.429823350804539,-0.503511456576597,0.331220391659237,0.230316016830937,0.0570667647009037,-0.0935670699842482,-0.146273960474346,-0.315899907322361,0.0816938667965427,-0.478089758275997,0.328392957533357,0.572854698927204,0.251907052465482,-0.149135341893285,-0.220581917072956,0.0015452228797427,-0.502221223281325,0.155526175126023,-0.155920496928516,-0.249472300163483,0.153019908673218,-0.0315437682891407,0.134582698582141,-0.100231051081345,0.509724438350097,0.351986665799865,0.603887959796513,0.262917867529932,0.309859491127209,0.285735075673673,0.109488572385335,0.141571213012509,-0.426151264958715,-0.397885207319915,-0.361610993316788,0.486840494965471,0.276065041749393,0.159890333928332,0.423593863675185,-0.0694624930388741,-0.272850812544044,0.528048895075979,0.602962029523906,0.47995880402644,0.461289677651226,0.521360909394904,0.268271847155069,0.123401980982498,0.189689871942257,-0.224574527933448,-0.446575529922367,-0.419673257416168,-0.562299332425526,0.538238586918295,0.0480504195255689,-0.0715503394615166,-0.054934134783515,-0.387372381258949,0.045622710619419,-0.474764861604767,0.533572165351034,0.242624632610339,0.287826311076865,-0.0106639847954371,-0.467891672095705,-0.00741689833254507,-0.193561466692803,-0.0664266195222759,0.0323094019082773,0.229093084209075,0.155788576764498,-0.319449643709232,-0.504233285481039,-0.0358126750264783,-0.402569574417993,0.0477900556758997,0.276899616987635,-0.0531511781330065,0.512162935062365,0.552551864023342,0.297066435306747,0.252852164204012,0.0687504247616378,-0.478396424695761,-0.383733110479717,0.350671027472861,0.230739311367416
0.382876203208121,0.33682561493949,0.628958593812848,-0.213581070138992,0.284218654139837,0.719420833596735,0.716010536961056,0,0.822715675882658,0.50230475390318,0.439353235255444,0.372085692728757,0.286763131352086,-0.378939699735008,-0.472674889298171,0.301086722595058,0.344763097632604,0.222453640224263,-0.0614470488590476,-0.0705774770887327,-0.269368446454242,0.240955502648605,-0.447949880209072,0.448641646903037,0.436095737475139,0.431857040020949,-0.0872945321425238,-0.133011441410363,0.132989937251564,-0.495109175725034,-0.0606825132512135,-0.412020054683913,-0.487437329925479,0.165944381910852,0.0524784245179702,0.296312269588319,-0.123291388000578,0.293183469703759,0.26051643655758,0.526830311484215,0.206745434394795,0.312227715121063,0.41117528012787,0.0775420933616427,0.184744009024975,-0.429077769607737,-0.403526327613847,-0.366937109142509,0.496399648580584,0.304848005655638,0.0705147938904499,0.546927037769038,-0.212197230727684,-0.328231742688494,0.711328813626658,0.752168045118209,0.705082450570029,0.771811756195174,0.428493487645263,0.393775381255949,0.154173669777335,0.317779922614772,-0.116028133847342,-0.364494845702374,-0.401765045138535,-0.534528189216589,0.512947459419706,0.208940406660836,-0.0250835197204459,0.145189414978116,-0.314731381172839,0.258894269389454,-0.427322346529304,0.628549293778344,0.377208569695428,0.48183844106175,0.0934396958733033,-0.391871496072947,-0.178052250508621,-0.44820898562578,0.0811038978911626,0.145874847780755,0.268326005812899,0.274486530672145,-0.222939410579561,-0.485403861352858,-0.0573593115873598,-0.308039394866437,0.22256363236301,0.413419478217869,-0.354704592649394,0.376133923470834,0.445650977600442,0.208795726125366,0.31614339190518,0.0126695349384055,-0.442622417256302,-0.390815372505586,0.404048435811008,0.23652132281399
0.32335378758179,0.307650710212801,0.546768563537379,-0.244295742365919,0.226921264752952,0.684508925130574,0.648783486018544,0.822715675882658,0,0.659432429331201,0.286010908182984,0.258273273885373,0.205152636008747,-0.413267933541447,-0.508365169038292,0.301201096182775,0.261488293366341,0.133215290500971,-0.13404324313126,-0.153727925438703,-0.343401591817126,0.184039358183167,-0.442514083399959,0.331874602060863,0.495545798802232,0.348653080371337,-0.153323720289628,-0.214403574590668,0.0488351379905211,-0.514859013168913,0.0468916863724892,-0.337040511848261,-0.446341844074214,0.0655373512457968,0.0098016083423555,0.205029174049091,-0.181652051805587,0.297545836124226,0.308438113256647,0.602682168974198,0.110310565319289,0.377812130344582,0.320367541595612,0.122322376925376,0.147458777770392,-0.492606656719819,-0.430305903172264,-0.410904388224459,0.453414523512041,0.12790275645915,0.0204582211355484,0.450426083117151,-0.17244552749618,-0.247154053383456,0.67700430449721,0.752312449016009,0.733264652475972,0.740708479307893,0.566982603525331,0.363476900274592,0.119018930755004,0.216850417288,-0.183076961626518,-0.386164480460079,-0.450554186250958,-0.538346950419442,0.638643806897572,0.135537589538139,-0.111644060086343,0.062145332108033,-0.394409724774978,0.197928670990737,-0.437155152125768,0.615383028815728,0.311323263747038,0.353519664849868,0.0417874323049656,-0.444061879289685,-0.0592970501513106,-0.40748737608581,-0.0224829205136688,0.0802484985075229,0.29811780073412,0.26495024783661,-0.314471295295643,-0.507565371548276,-0.111536599255312,-0.430694087482835,0.174073695506478,0.333759432588104,-0.298827260031846,0.411068540707288,0.462804222845109,0.310938159904957,0.299379205687737,0.0324849205192991,-0.470644884162419,-0.423753738105008,0.402772814003063,0.0617240335681391
0.242240570486642,0.00681393613965752,0.20418041676007,-0.469752980787592,-0.19935489497281,0.418205056863505,0.537117495876392,0.50230475390318,0.659432429331201,0,0.0847675815667932,0.0114982176805341,0.0297225213546978,-0.452932907854879,-0.549911194588105,0.216409592534452,0.0460254499005122,-0.155731675954838,-0.227097816860012,-0.298138461068581,-0.447982404518568,0.0332558731594809,-0.426935920691371,0.205085124620964,0.731993756828291,0.144347231248108,-0.217356926600877,-0.288707817420053,-0.154446490483061,-0.51884803812536,0.274745940899575,-0.114186740927846,-0.30253021745896,-0.063695451463481,-0.153568148688555,-0.0592701999746997,-0.14112005103197,0.451956585119827,0.389912971662657,0.634297547210003,0.0276142685348938,0.360673364078221,0.137602223273257,0.182706057095366,0.138983401819458,-0.470468177055222,-0.38475898151273,-0.385385448402724,0.24606656970813,-0.0751349797718191,-0.027687266702035,0.0808956237269616,-0.144994336400779,-0.255564974347705,0.254087765538334,0.461625739167613,0.423646612193881,0.37140298216081,0.81430094436972,0.245926518837758,-0.0122373488453366,0.0220586529640696,-0.288944163443546,-0.442124971639092,-0.460074015632981,-0.537208801968138,0.691064670881211,-0.0288240043757563,-0.265232217397844,-0.194228631191012,-0.507708100337303,0.0591320129334662,-0.432810150155329,0.575675099742069,0.15679196110071,0.172174771950269,-0.0591528300996653,-0.461181097303157,0.181948660114219,-0.214608379927382,-0.146215600150833,-0.0846791819993858,0.365754049034813,0.145304184980884,-0.361273854681984,-0.478486750179573,0.00767671885984885,-0.519698209121841,-0.110831144573483,0.208957602160493,-0.140319644769942,0.573230517648785,0.581317331485667,0.521309210497813,0.306073914588564,0.0241864559211784,-0.448419878084079,-0.407842083529047,0.195458325096289,-0.132065865526881
0.166180871381099,-0.0291374329416853,0.373341313813091,-0.19187529610016,0.106694417075281,0.324018123240646,0.2825410170423,0.439353235255444,0.286010908182984,0.0847675815667932,0,0.822734234789438,0.595529776649139,0.0298842116164842,-0.0739807258865718,-0.154840223128758,0.624580167085978,0.392280239641585,0.330729752127286,0.232831268325184,0.111024905581086,0.548658579947174,-0.122382419959685,0.747247518972964,0.216926486375761,0.795550298629175,0.239023926145136,0.236541576708665,0.474952529832562,-0.103441477019428,-0.203200479648072,-0.414558753720236,-0.442869569596008,0.454887021372823,0.400002767932025,0.521439063298474,0.0986972540626385,0.0229470327785125,-0.120950160177168,0.139475265707442,0.451065882601218,0.43659755814879,0.710890823294448,0.230027164129313,0.406930033184654,-0.0315595394795634,-0.0425695909282799,-0.0817169598066327,0.464402948243426,0.61223614577853,-0.178831188144548,0.318399361740827,-0.441286480600887,-0.42832390205369,0.421035295984861,0.434352392918298,0.234145180286246,0.405930513784772,0.0763244526226307,0.630665550956923,0.46472713032443,0.595406538228963,0.268012014149157,-0.0749562673398097,-0.0338932175831107,-0.18527981751253,0.19614804381678,0.491994146606694,0.383673479956236,0.380766495148249,0.0665228387339264,0.429279344379892,-0.123188646011039,0.524368423241094,0.414205331810743,0.787064012352587,0.333552149937667,-0.040092167268428,-0.329932671570579,-0.445801481608727,0.447634841895279,0.403608351654042,0.263432432927602,0.392259062618635,0.154513617023224,-0.0914835708857435,-0.0419327475669995,0.091111586963756,0.347413316693355,0.540087125121452,-0.481419180925293,-0.00923117533337376,0.0752053628016025,-0.00316816729660398,0.425505879482742,0.224064007162977,-0.0845783398016986,-0.0730273515568772,0.458501955038899,0.594381515183247
-0.00777164916683816,-0.0500909761392691,0.25542726530999,-0.171878811406856,0.11549072214327,0.193208483723641,0.210518025744563,0.372085692728757,0.258273273885373,0.0114982176805341,0.822734234789438,0,0.644714631374886,0.158506495384607,0.0472703205495778,-0.194386823885168,0.684563650819443,0.489868021062507,0.446481806027004,0.326033871285588,0.226440034222729,0.582220697366263,0.049735782031768,0.742062467875726,0.127987047188358,0.801328654761462,0.350046994651934,0.356532865768547,0.553871094725195,0.0162078518895518,-0.12804137672985,-0.444827612855088,-0.452129232540134,0.514494444764538,0.472129914848697,0.575045803236263,0.224695231976935,-0.135724094333551,-0.210702526057084,0.176806627129452,0.494162839525501,0.524063939052487,0.677928323076556,0.368942795602659,0.477859595521602,0.066998734161149,0.0534435960235001,0.0389301823243545,0.425208210471742,0.597329549210994,-0.30398640748513,0.209051232396145,-0.443954328335221,-0.412174323326508,0.358296274963984,0.299912860522869,0.212088565760375,0.393052928015443,0.0341313881840525,0.718103404373072,0.606496004758674,0.601149461005557,0.334981250527572,0.0426881605054355,0.0926504176621803,-0.0378330684120295,0.212802382216904,0.593847766911267,0.459471187631074,0.480501912968937,0.198028408728107,0.49660199682752,0.0510199217007537,0.502968621842485,0.515201339710297,0.781015625829195,0.426310308607477,0.120563490737244,-0.30449735441543,-0.478489453903796,0.513712520625338,0.479466884859303,0.348774426303646,0.513539535730548,0.263654148904834,0.0127022817236152,0.0394089923693082,0.159920093866613,0.4773276205626,0.585455015233981,-0.541388828375182,-0.21183512301995,-0.0493426551210654,0.0114671277510854,0.483277929034718,0.393479060538303,0.0172401512692926,0.0650035403059589,0.456343316409768,0.591117988849132
-0.042817409485073,-0.128730882780852,0.105404374317174,-0.132718633831705,0.0176824598115017,0.156709861418785,0.186586790411783,0.286763131352086,0.205152636008747,0.0297225213546978,0.595529776649139,0.644714631374886,0,0.379221784066092,0.229017700331742,-0.227618628684365,0.733397929115685,0.52593360687921,0.658042978845437,0.338435211367076,0.316659135049752,0.685196156457736,0.212841454059011,0.642669094118488,0.0745562961232286,0.522538681798479,0.511315175421906,0.464128574349964,0.676584726441913,0.160479203135172,0.0239459217100887,-0.253372144167778,-0.32136644259425,0.616693112945869,0.611609385631062,0.476155948607115,0.281090717281513,-0.103158488686546,-0.0342155621157329,0.241706395648959,0.454287718247186,0.314676831338141,0.505889485258607,0.430889373940463,0.482854782311171,0.229982757802096,0.287836875830548,0.21657008243127,0.276279367124195,0.433841788391771,-0.286722940581671,0.0553165243765383,-0.387558920507832,-0.403568519407428,0.20957104219777,0.210053887433019,0.16389167780455,0.298462011512142,0.0111535730930465,0.535954786971712,0.486436006739312,0.825329173382835,0.620912247012154,0.22332393366708,0.332481588615899,0.14160588088926,0.099925293916102,0.672798051934647,0.627865839831147,0.522805519296221,0.295172939186752,0.611898716368236,0.215507269499987,0.366987798681548,0.471666453806322,0.542530837683569,0.611991127042318,0.248019678355449,-0.262623960683209,-0.308921832453446,0.593826827937331,0.443071628438108,0.370097712391758,0.559484699157689,0.378303991437381,0.215858522718292,0.168681815027665,0.206557875251566,0.44942315466898,0.442180170719099,-0.507547554267201,-0.249164025593543,-0.0252040642620865,-0.0919581913298337,0.381824293710318,0.468574369432542,0.144492288848835,0.222128946562242,0.30448331798075,0.403912146141265
-0.514745504398106,-0.333030955627664,-0.459599305597444,0.197945577442718,-0.101432862012788,-0.441718783807645,-0.429823350804539,-0.378939699735008,-0.413267933541447,-0.452932907854879,0.0298842116164842,0.158506495384607,0.379221784066092,0,0.884615849377116,-0.481512738096749,0.187801942251965,0.328631971403033,0.683927794920202,0.413826205466249,0.775503277953488,0.241424024373189,0.846904739649226,0.0760000796274425,-0.402477163993926,-0.078251109700466,0.595988232868469,0.609834801841606,0.48468899102849,0.800421457263496,0.0822143929939198,0.0670068534852587,0.0858369466871674,0.296697851855201,0.332423622883856,0.107965831141402,0.310039186275152,-0.485774917641481,-0.267544498594891,-0.186019015531627,0.079681366674743,-0.109804214099634,-0.0909446621396459,0.185097667627764,0.0546347632266815,0.756463532659529,0.769242211708316,0.712030897993228,-0.223053293658816,-0.00648189765357047,-0.353782828294118,-0.466988177368426,-0.0991444950655157,0.0917772464383557,-0.414123277003192,-0.470420558741288,-0.304438376919073,-0.254711526856402,-0.420937076876517,0.0221082277799346,0.213872737656014,0.276091243679348,0.676647523462456,0.693230214406365,0.876541213065995,0.86116515232885,-0.408237435892783,0.392917469922452,0.577102812829708,0.367057353279965,0.797907406578636,0.202577019218743,0.81531284288586,-0.273176100735123,0.0509384300906608,-0.0844480395953152,0.486988888929028,0.799689128661136,0.000107197563085716,0.0705296438841559,0.39546700762533,0.114460163553485,-0.0272941941516258,0.168250368095543,0.646152539820819,0.713033157880537,0.153991347513392,0.540004406777647,0.185797432729018,-0.0797290340905755,-0.15076905145218,-0.568404293524886,-0.440064182836401,-0.271584527238908,-0.0487277771167786,0.308541645813226,0.683412588807213,0.761475989394494,-0.1543267676322,0.0461899606107055
-0.564139064499264,-0.285514900050332,-0.476243337586451,0.295914224885117,-0.0531054637948095,-0.503792117688334,-0.503511456576597,-0.472674889298171,-0.508365169038292,-0.549911194588105,-0.0739807258865718,0.0472703205495778,0.229017700331742,0.884615849377116,0,-0.454526868567231,0.0512316648312702,0.293782932059756,0.554239945709038,0.421745485907943,0.818855167461066,0.102088146504315,0.846858003936661,-0.0480937133723576,-0.49495688823597,-0.194302107053279,0.498959647457817,0.529866746715716,0.402483352961083,0.826143642428075,0.0431339105386129,0.127749930063372,0.209607330588075,0.221144361708701,0.250288843321192,0.0373857105926028,0.281465410109536,-0.515096135128736,-0.31070846536375,-0.274505485937101,0.0329834972458101,-0.211868533209644,-0.188806887984983,0.102959653201975,-0.0161151409033175,0.745647386153707,0.735548044904072,0.700231357298516,-0.263626293305026,-0.0236995797134196,-0.327151909289574,-0.45448597367083,0.0111639408722158,0.167745883380521,-0.452535127364118,-0.54589668722116,-0.354121317122271,-0.319936065820961,-0.510087850248143,-0.0769679996186367,0.148586268939649,0.145834073103004,0.568596460170124,0.69280530148991,0.860515267579467,0.919881715045282,-0.482988921297751,0.229126558641902,0.510389559975837,0.340959065065709,0.85513376588874,0.0748894143890195,0.815818251651703,-0.391443634571558,-0.0438094803720406,-0.188242889734687,0.377725566735161,0.79601625800777,0.0252795631603219,0.157572437050079,0.303932272874483,0.0708751698412571,-0.128131963947421,0.0777805165360164,0.56804320008881,0.693565803952188,0.0940713486008872,0.497384921475491,0.143693520125707,-0.162995397755053,-0.0284392687569393,-0.601275398907347,-0.49585294603916,-0.337885686505778,-0.150948184819963,0.238009885293424,0.660310732365641,0.756365843498652,-0.194356760094968,0.0284278842009036
0.45536720268134,0.654845651663559,0.49892346270589,0.0967533080662608,0.249049808016312,0.366628861619658,0.331220391659237,0.301086722595058,0.301201096182775,0.216409592534452,-0.154840223128758,-0.194386823885168,-0.227618628684365,-0.481512738096749,-0.454526868567231,0,-0.0939468963364069,-0.187396884366782,-0.421679142704808,-0.291084608084376,-0.357368861959389,-0.232669499970899,-0.415950971424358,-0.137186166082464,0.144402739068032,-0.162165714364445,-0.42838540879741,-0.505250137231686,-0.333340940959831,-0.43981864219918,-0.0579844473124703,0.195793347637191,0.0416521814145584,-0.296869894479528,-0.304478461623374,-0.0873631781204774,-0.265942677518572,0.281782457926467,0.0925678312612084,0.170433204283813,-0.186552855493966,-0.195998683086941,-0.178078085014536,-0.290241790051525,-0.20791550649193,-0.518605030303927,-0.445546240034733,-0.409945846690038,0.16996577235458,-0.105872404191529,0.30979730474271,0.441914579102374,0.308917258905773,0.0836949374184015,0.350077387645043,0.354735880541719,0.249520212817479,0.215078754576521,0.140698569714466,-0.170933931190154,-0.137876812660201,-0.0869405084916485,-0.320397744187899,-0.363986102617202,-0.461173840424869,-0.447688039633999,0.0657274892769106,-0.245438874495055,-0.313003116557172,-0.246438324522665,-0.389248590000705,-0.145365061632483,-0.348380389061191,0.125484137318599,0.0457952980638905,-0.0569390638203484,-0.349846105259529,-0.42429758428444,-0.104603291119263,0.123822995130831,-0.206759989838379,-0.21382430344218,-0.248331659395745,-0.187352376880931,-0.46547866290997,-0.468992078764644,-0.134350657556656,-0.461943575146561,-0.0999633946294007,-0.0598473131112308,0.0631003944615715,0.319268380157058,0.215831056073026,-0.0478759126505461,-0.162227148841279,-0.311591516096528,-0.472619404805269,-0.430345355090415,0.150803607655388,-0.129741864620849
0.0743440891364018,-0.0305846147510471,0.315404542200712,-0.192825506048719,0.114090198468853,0.257163291755141,0.230316016830937,0.344763097632604,0.261488293366341,0.0460254499005122,0.624580167085978,0.684563650819443,0.733397929115685,0.187801942251965,0.0512316648312702,-0.0939468963364069,0,0.426937461998689,0.559832892775157,0.282385978577932,0.215210109929077,0.751507411563912,0.0812589520102336,0.734838272068747,0.142898786929575,0.640540690311805,0.455640626619795,0.388423336806211,0.633413583734108,0.00974680121835039,-0.0821712885100934,-0.400301784218264,-0.411741215716216,0.605676783321636,0.620773368188214,0.450851794407542,0.254113591463924,-0.0406569610858728,-0.0732734978630749,0.197999185412203,0.514275566275383,0.405641605012683,0.637266156249462,0.426061238155287,0.55347082358316,0.103660254273753,0.123372607698893,0.113397804762607,0.405610590908488,0.590674295389278,-0.264668609841992,0.235554663210494,-0.498481936481737,-0.562057870372352,0.35547498496803,0.344774080283492,0.172745222866717,0.328855340924386,-0.0263549724622244,0.479902584981622,0.332219144772711,0.604056728019713,0.373118160986729,0.118884350462786,0.134613094941259,-0.0502791557736664,0.0979462874478482,0.708362036603924,0.593201133236235,0.49300541519611,0.179257134342523,0.617152771987675,0.105104624207889,0.415304702779361,0.557196190322762,0.612805921103625,0.533529949214728,0.111391277015771,-0.292969530059599,-0.435823178777032,0.633378831008182,0.550184575625667,0.381579071437991,0.568178749723089,0.315223373089119,0.0980403543261078,0.120757883564341,0.163376428651993,0.461268401265963,0.583939594470793,-0.577979952557995,-0.224900420514052,-0.0350707297065106,-0.0721634602102506,0.395086178455217,0.420615494602146,0.0542940576097299,0.12299700671573,0.358094112535023,0.546885026113365
-0.0741569559119146,-0.143821108705172,0.0362036442813858,-0.171311871077682,-0.0150244052457556,0.0733782296978819,0.0570667647009037,0.222453640224263,0.133215290500971,-0.155731675954838,0.392280239641585,0.489868021062507,0.52593360687921,0.328631971403033,0.293782932059756,-0.187396884366782,0.426937461998689,0,0.454790719461957,0.762624493687367,0.468497806373276,0.568253053105793,0.29121691091173,0.457160809660495,-0.137836491920831,0.392428155794338,0.538106640163352,0.496783524163576,0.686433807262138,0.226960333548598,-0.120895224240417,-0.415383118482803,-0.305871226910238,0.742185991740442,0.549786447607409,0.717476140678261,0.416311592446418,-0.234691173815732,-0.06237706186634,0.141747872124278,0.551717406529878,0.189610033342573,0.393089489456001,0.233543562522536,0.30966663471638,0.290501159631736,0.330415966887332,0.361316081418883,0.301286051167687,0.489080763955891,-0.323398394165322,-0.00230818194553148,-0.325746807803415,-0.285034030638873,0.150771340327498,0.108560329858227,0.143897534267796,0.343134072441487,-0.127187250674617,0.392225902086887,0.298004133156163,0.499896828938466,0.501144487574084,0.246771452107171,0.24811070699629,0.205388458072574,0.107931347405517,0.435530870637385,0.586441509603659,0.847710630436324,0.454846796710666,0.57388661966369,0.312587434260442,0.249600351508319,0.436937567411664,0.37780399411965,0.61150656864124,0.348842110770567,-0.233655406561225,-0.447584405399881,0.49519049002959,0.632828614760025,0.323771474654496,0.59025468734175,0.410843107060004,0.285364412866569,0.272067460922009,0.290151783375417,0.803407629199413,0.499103999300235,-0.394069789613867,-0.261354820248765,-0.113377609379629,-0.142649966731324,0.334784117495153,0.234055467673276,0.19209599634821,0.358524323849374,0.369248881438949,0.456516022708491
-0.221137115031613,-0.32928159956408,-0.183498180026069,-0.0749327394511976,-0.132337507401907,-0.125960450192964,-0.0935670699842482,-0.0614470488590476,-0.13404324313126,-0.227097816860012,0.330729752127286,0.446481806027004,0.658042978845437,0.683927794920202,0.554239945709038,-0.421679142704808,0.559832892775157,0.454790719461957,0,0.461026220837682,0.611952655597044,0.531991483351396,0.530989868012058,0.467550335012009,-0.0922587206251226,0.263659081055675,0.665702266460584,0.628250637438491,0.73920449665658,0.437563456949445,0.0701908755816252,-0.233740507400105,-0.181045992808563,0.617348435884594,0.528814052398584,0.325884361178701,0.443453944275721,-0.247353867325643,-0.156927675770884,0.0343944975545748,0.382353605821241,0.16899974911335,0.244987174346908,0.426438449942879,0.338908162664705,0.514103412766296,0.549731268436048,0.468386358079235,0.0745126067364413,0.339842204730149,-0.323770249097975,-0.250472852066589,-0.346383733142361,-0.218860643317487,-0.111056588968954,-0.146933286637263,-0.122047442483791,-0.0201533227616073,-0.198791894082235,0.321992435517624,0.322757644008154,0.501255052076375,0.644531255206081,0.440217144191314,0.646830209372518,0.493145351053074,-0.12791274711031,0.681404368559404,0.763378581429419,0.474554770831062,0.57709676295617,0.491726682111342,0.505274181847505,0.0798257332758967,0.387001318159627,0.272483022399515,0.710969081544345,0.520856086568626,-0.0490971311859878,-0.223364511825607,0.642269840760969,0.373004979802871,0.248742670606227,0.433655503957145,0.597036391470743,0.548584190147571,0.291313602354607,0.429294867111552,0.36733212830775,0.269794206209675,-0.335865608441008,-0.370803491929958,-0.233143230264274,-0.109875747666131,0.248942773789799,0.478148985755959,0.404964667624441,0.514320045714538,0.0632198381405995,0.366175678852706
-0.118059693019457,-0.293049358564152,-0.123194197601634,-0.147845341864988,-0.142629639350714,-0.117595263858809,-0.146273960474346,-0.0705774770887327,-0.153727925438703,-0.298138461068581,0.232831268325184,0.326033871285588,0.338435211367076,0.413826205466249,0.421745485907943,-0.291084608084376,0.282385978577932,0.762624493687367,0.461026220837682,0,0.612218791386563,0.444445804139562,0.430287318219597,0.317228196324012,-0.292892660430175,0.226084023326639,0.619064744112448,0.566737404871944,0.713335723831894,0.364343304209572,-0.129821721068987,-0.331954005220573,-0.177443361433466,0.662081451115998,0.442145259684462,0.610576100589648,0.489843565403707,-0.262708005815107,-0.144883084926673,-0.0273180034995672,0.559436746793876,0.0707140670260196,0.231008776022281,0.248607190185988,0.271570800545869,0.480079032042958,0.481194859555934,0.560290180843633,0.223383441645116,0.492041961066391,-0.341312841742844,-0.19280441331319,-0.326345015209998,-0.162711905987832,-0.109212063520771,-0.109201316797952,-0.143151161018917,0.0675399626287667,-0.258120349286844,0.223919377860949,0.184641229160678,0.306566480283807,0.480328818780719,0.360406730603194,0.337190908591393,0.344170055732747,-0.0287443620804699,0.366193979796105,0.617313872342855,0.734052139023635,0.599263251686632,0.412376839488673,0.449601836698057,0.0388002495009607,0.308052571328418,0.20572551897234,0.65639192742756,0.442542110674883,-0.200936375612307,-0.384083706799133,0.469489958977722,0.642347466813321,0.239834381494564,0.435027216855717,0.531035810863134,0.404048896136756,0.317513186121219,0.379849652568674,0.682966703147053,0.437738894624177,-0.268570310929787,-0.350515205136953,-0.239896369740055,-0.22165058312316,0.2149681948428,0.263587261749015,0.379374843280978,0.520485392399715,0.271296785572556,0.478873189800301
-0.412548855289982,-0.220177559217039,-0.257614479462893,0.195168742848046,-0.0277033407464281,-0.325891068152065,-0.315899907322361,-0.269368446454242,-0.343401591817126,-0.447982404518568,0.111024905581086,0.226440034222729,0.316659135049752,0.775503277953488,0.818855167461066,-0.357368861959389,0.215210109929077,0.468497806373276,0.611952655597044,0.612218791386563,0,0.20683991112434,0.751762911771279,0.155874169048167,-0.410034999934719,-0.0284480637993403,0.532968751211128,0.531793476302963,0.587382148037074,0.704605448018965,0.00898857177849429,-0.0147515848711754,0.00756007774972005,0.399957356284594,0.248450988019623,0.204885787924212,0.319583105634048,-0.406844932793883,-0.319083598067664,-0.145948495833085,0.20063135612846,-0.124359704777738,-0.0607719930009581,0.154821409668115,0.0588835679306942,0.649947163689402,0.619621855347846,0.650690091455355,-0.058611919037103,0.206390341039899,-0.335378334621591,-0.289921243464369,-0.0968554534680756,0.06027240553002,-0.307897465612312,-0.343871488419957,-0.252191285915534,-0.1740777753742,-0.437708949402838,0.0450860415105692,0.22782699742638,0.270816417225305,0.579009326045796,0.612117894588134,0.72105922250752,0.752250170250864,-0.342131350338653,0.356578457626381,0.668917672115122,0.488083002315324,0.913677627585474,0.168102532748495,0.745338416898313,-0.171044322784001,0.166787773482442,0.00955058224400537,0.531701460117783,0.720072250236951,-0.043526722248213,-0.00802174548291353,0.43910542302623,0.242136791641967,-0.058547055728166,0.176701220878438,0.540141143011002,0.567314019711676,0.117246523968652,0.430100112528602,0.30522211471919,0.0730630380118122,-0.143930582104192,-0.514639475118721,-0.385246186250899,-0.314607443420027,-0.0559217057141976,0.263436599461632,0.543824623206273,0.680204756533875,-0.0280825229689131,0.248429597734603
