0,0.0945429476730198,0.332866889784596,-0.151443659440496,-0.18665479137217,-0.00143990140523009,-0.0888234142305762,-0.320242102955553,-0.167589078398841,0.0226949988675345,0.190352342785245,0.110453371206311,-0.189987418146127,-0.395221006059809,-0.288816665200391,0.359876815435585,-0.29984154572081,-0.318856280750896,-0.337796236832921,-0.145546897375147,-0.332167730905184,-0.0885119406599886,-0.33987999867714,-0.113966135057581,0.22045612806912,0.0624924890872994,-0.232476337851066,-0.270591029670569,-0.0625279960232841,-0.409342202347873,-0.0208311863245914,-0.15598011549274,-0.252363697475689,-0.184165616237958,-0.114798764147904,-0.106437627912901,-0.079230597575148,-0.235155833805808,-0.205075132966496,-0.000258702694384027,0.0157915128318905,0.331787410204884,-0.0305137154156034,0.175423261807755,0.18783858970061,-0.390302020651163,-0.29292714675393,-0.257580686458173,0.287674258893174,0.0142995303033483,0.31735573423519,0.189870389236068,-0.326284922934372,-0.260396382436632,-0.0471534899560105,0.170149593967518,-0.23222339726643,-0.214016047000856,-0.0671596765194066,0.076579772599193,-0.206782018456872,0.166756550921128,-0.351839097970679,-0.364341418451071,-0.348381405383799,-0.239581164266679,0.107434436202877,-0.326733076429821,-0.288763364934472,-0.0980338703739885,-0.240260370745059,-0.185258124524018,-0.262793241291595,-0.0870189859888433,-0.246390432629728,0.0125848258976198,-0.108929824556293,-0.326435314565682,0.138030762024615,-0.28890672578863,-0.0490693809915111,0.44646165908044,0.00961723586305916,-0.0404353751347588,-0.255791960272178,-0.256425188536885,-0.249535083591857,-0.322952238689153,-0.0962641889630293,0.187521172181886,-0.0811201005101592,-0.420812550439605,-0.330598181691519,0.150649484778477,-0.219400565202805,0.0367584717203442,-0.353139569097351,-0.257416087824105,0.338425167624454,0.238042962195025
0.0945429476730198,0,0.599976770331435,0.673456328778068,0.738790912129598,0.667573818699843,0.515645516764636,0.649128526931785,0.579531639329985,0.231033675930359,0.12248243351728,0.0092632244360776,0.32694949282847,0.117318221098477,0.0014869913465657,0.469825204320073,0.141554146980802,0.449477879550048,0.277665257111685,0.345873362709439,0.232199643350767,0.0272496606692677,0.0243479919779585,0.0735779552327336,0.0707518972560939,-0.0602032774773195,0.00474449018528456,-0.0443467786935271,0.124904882386946,-0.0991486364615168,-0.320178789772795,-0.188650920550747,-0.0894031406642534,0.172977861063541,0.0922558439669559,0.253796952364577,-0.0472591748075385,-0.0226062275682298,-0.0760946663407523,0.0760122566840335,0.0787390442941207,0.0907679879077175,-0.092610252333766,-0.0610166566902421,-0.367853225923207,-0.091134008090283,-0.0530086049431488,-0.0520538868527227,0.420734482823164,0.140612034293696,0.00299385752838846,0.763093810792332,0.165069162825159,0.642800143280621,0.710664286247798,0.610428436575377,0.550275774457623,0.590479573094053,-0.0163592204625721,0.324274901090245,0.2685873052566,0.276074292511658,0.0651769449808043,0.139582454373354,0.136822337508275,-0.0267326416787216,-0.0545842874765595,0.239081133199984,0.0746584076124169,0.202604251356461,0.208210040435138,0.072817592640207,-0.0561504116657557,0.049169816231527,0.153795837469873,0.166907457440074,0.0966820329694074,-0.0599699803199422,-0.360241636538813,-0.191736099417143,-0.074712783230585,-0.230719605339745,-0.0926986878842967,0.00204245112605328,0.0283456286197238,-0.0800146759140515,-0.0180099449066539,-0.0502013366412853,0.298388360248398,-0.0914041684042794,-0.321660499409982,-0.204384868572779,0.143252316412743,0.0586326984128553,-0.0235389617477534,-0.130577862643305,-0.0750733343714722,-0.0410630354638225,0.368728389506876,0.0940752262604574
0.332866889784596,0.599976770331435,0,0.117770518798824,0.361403611080395,0.738344383703283,0.573550914904975,0.404259595436159,0.496220936254358,0.277489212217509,0.236841451797541,0.146839752162816,0.251453176790022,-0.0433024397490186,-0.139017998826216,0.285072979438048,0.142940387748278,0.323016859561992,0.177640980001535,0.228330643590547,0.106434630251405,0.102170334877248,-0.0860763587812993,0.174227896688099,0.168209170951016,0.091291681850249,-0.012160448374834,-0.0310765597109615,0.09188999501379,-0.180873470484531,-0.373832931456565,-0.523131208121921,-0.431361335799169,0.130335351840462,0.160676966228693,0.0827145607475503,-0.0779987576612734,-0.315204798030992,-0.0884268194540228,0.297813262167534,0.145195481399604,0.353306093650046,0.038956475549406,0.0597268503284911,-0.188141339732458,-0.221677255750936,-0.148174906538656,-0.16471014711049,0.584992880555641,0.167535929858553,-0.0893203231982215,0.704126268755834,-0.142692225532021,0.125457884431241,0.652471759269525,0.812771285343212,0.397138944292125,0.459795114160189,0.0738111689894685,0.328725575301277,0.0688115264718291,0.210703574275946,-0.0508407319191375,-0.0237357592874457,-0.0545909691243788,-0.139333599301154,0.0686758247900612,0.126486878574264,0.0210680902934954,0.224913332173708,0.0883905585335304,0.0527587178172639,-0.118239468806983,0.167650544751656,0.146399589259178,0.129732898300945,0.0620494062090571,-0.162694171082623,-0.303336729201413,-0.46583593616191,0.0864442309686136,0.0522822925647813,0.0736305971126692,0.110317065072338,0.020504906369961,-0.169913969023604,-0.101440709053084,-0.119800145017471,0.210658350647418,0.0995689039794988,-0.422856987283475,-0.477775300821818,0.0489341468445057,0.199583534702832,0.0582323424853089,-0.0452290947168506,-0.191805607742464,-0.151858806896928,0.595068823428703,0.2400938297143
-0.151443659440496,0.673456328778068,0.117770518798824,0,0.755080593144905,0.339774788597232,0.285935818873641,0.553282930170363,0.39955422394926,0.0711657739759446,0.0768030113655151,0.0430508684901174,0.245122093299668,0.322560722745232,0.241683249137433,0.31687518056537,0.103094978034059,0.360869523714576,0.327392589097849,0.331262747541621,0.281068800109996,-0.00243640644469587,0.252034692654721,0.00837122473593895,-0.0466162139272688,-0.0585439420059626,0.0693356414617525,0.00927196890615271,0.191536381113582,0.127398345781492,-0.0744862124518364,0.226028834501388,0.292606466979951,0.157138530379542,-0.00213849527378162,0.3194859241505,0.00112299147937549,0.305552360909003,-0.0140915981536339,-0.0856638217810909,0.0812038989046694,-0.0491926615893534,-0.0700815462315804,-0.0476739384352071,-0.337395254592907,0.150863488346703,0.170656041625537,0.214487625959353,0.16963759453495,0.147843235403994,0.138946542971117,0.468949716198331,0.46741671616172,0.850800382589204,0.466623700329907,0.269912455425665,0.447571856022983,0.448037826993458,-0.0669650382872471,0.314527600057147,0.362203755513478,0.228461255198766,0.234591356334366,0.334669976092488,0.355412712277545,0.245302454494153,-0.0638293554479707,0.289887747321798,0.138337945817079,0.108524796440842,0.28294137092015,0.112393765181845,0.169917694636851,-0.0225464861149413,0.160783948210844,0.189103617122968,0.165200191307932,0.140484660513029,-0.183487698730541,0.169658649833889,-0.111345206042216,-0.32089825983551,-0.160113788844624,-0.020755093182656,0.063824230776805,0.118173125871576,0.0614318315672395,0.0521267185075392,0.319374248502211,-0.0535956743220551,-0.0103478337415665,0.0904678051746708,0.17247621352312,0.0814770313822752,-0.0185015144265952,-0.0516697982822898,0.140505361075121,0.224564924712613,0.147225242772882,0.0454012354949322
-0.18665479137217,0.738790912129598,0.361403611080395,0.755080593144905,0,0.602524512498368,0.365420962606843,0.673109229106384,0.599141703148873,0.096199535316938,0.125578169796076,0.11818139177653,0.361246838851619,0.341078056327792,0.220588699915065,0.181352081096405,0.225713797776908,0.49105849035958,0.425679339387904,0.371342009290176,0.369929811097472,0.0687561747595971,0.267565856802006,0.118142962481069,-0.0199223684784492,0.0416798958580904,0.135337217977667,0.0720326087818886,0.262038281199251,0.125313503259996,-0.260294549637066,0.0248898932976044,0.157175392579641,0.227085677056371,0.130810441243842,0.35664912104473,0.0572540448595715,0.143221025176445,-0.0386818341953693,-0.0256106726584957,0.0888835776229982,0.0413074524172576,-0.0106814805367515,-0.0383051877086757,-0.315704507114096,0.130915959644056,0.137842462661104,0.186206566149506,0.302544901084868,0.154200796296593,0.0101314873164321,0.611455434988848,0.359643140543942,0.792901952707628,0.704984445326008,0.492712834611604,0.513453916515658,0.642435650918045,-0.0156289803562978,0.38950308267015,0.381559422550061,0.241713766170642,0.260651575264378,0.361954631319586,0.371842930157585,0.21830160266048,-0.143836435906532,0.355531056054846,0.208213104216314,0.23156065274319,0.357294601490841,0.205528537615598,0.172376412136877,-0.0361226434761838,0.224870236148901,0.272590899739498,0.247730165045724,0.149951170380416,-0.350856934179365,0.0196605549807998,-0.0505266264306261,-0.340309636448193,-0.105652414988834,0.0618574515992919,0.164350613931243,0.0991681792193748,0.122084884693364,0.102948729663669,0.397757831193127,-0.101234007042308,-0.153080236994276,-0.056556597373058,0.169519236298118,0.153190861879548,0.0705486580131885,-0.00185855673551251,0.13747836362012,0.203618549062541,0.303691397749747,0.112303511424187
-0.00143990140523009,0.667573818699843,0.738344383703283,0.339774788597232,0.602524512498368,0,0.607777601667332,0.656302523213429,0.761197769545354,0.355270939066836,0.234540107619987,0.0842604356967693,0.488155928450974,0.179103321749103,0.0258605398131267,0.192073209920209,0.300691381215325,0.547572756956575,0.390912072992541,0.452242065543753,0.318919786445968,0.202925284468885,0.128478236624199,0.286562410354309,0.085964799838984,0.110025043283786,0.120948648393336,0.112939965748526,0.221213805611819,0.0293132859601845,-0.43655617772718,-0.460999106411955,-0.335136626478988,0.292877928267907,0.279590811994438,0.297141829504385,0.0445365113704103,-0.270969095572614,9.18274198585361e-05,0.288706445752862,0.201878013081508,0.18592116938145,0.0438271760780192,-0.0417313256212296,-0.295115125266588,-0.0681143576797552,-0.010290836991305,0.00360729270456478,0.63947650127841,0.268500119479071,-0.191900433133643,0.682103944999852,-0.0115537556064486,0.397975357801509,0.861211640495221,0.842237755329615,0.568170645083384,0.737682789994137,0.18138822698453,0.33638092945386,0.212327659777122,0.261471123365539,0.152927109010339,0.172741836769469,0.132391082928755,0.00782793488162806,0.07919224506809,0.329006550199907,0.165859633750308,0.310150655408851,0.293621487561124,0.194723548475397,0.0419855443258177,0.238111202390764,0.271918607093578,0.182222706681927,0.244287006259271,0.0728014207558085,-0.434849850467406,-0.391259173268141,0.145939587084022,-0.205613027546829,0.094440473446516,0.1666379851888,0.194087831392422,-0.0440569952373978,0.108747277154197,0.0764580129691048,0.378125798949458,0.0186459042599463,-0.444297574459575,-0.337168777299768,0.216234844300773,0.108538212564041,0.0821311753487647,-0.0508483127096085,-0.0564889764550108,0.0148775146167779,0.599941186744829,0.253643726236844
-0.0888234142305762,0.515645516764636,0.573550914904975,0.285935818873641,0.365420962606843,0.607777601667332,0,0.668962937172821,0.591422060798573,0.33678026975219,0.145089564922869,0.146896167521308,0.278797257621959,0.1536030113882,-0.0254748753144334,0.317671193906045,0.315831537475254,0.492114266846688,0.348279217794559,0.30548306194596,0.26849526598506,0.116607115052742,0.0966728498349984,0.276886766162615,0.197308476268695,0.103331876225535,0.0444735909630927,0.0331448112693313,0.141163258529385,-0.0160232872962267,-0.350251659231792,-0.377046627900981,-0.246808504318225,0.27590013216793,0.191386022605099,0.246154300503674,-0.0106046506056695,-0.166429207147908,0.205523618530332,0.524637415940406,0.364687198611611,0.178576320698498,0.159344915284961,-0.0651717295444827,-0.271037435798652,-0.0324406740749957,-0.038140312621902,-0.0436758328387995,0.416261428965012,0.272044760081631,-0.33501582589715,0.477561075332956,0.187747298073819,0.264459459429896,0.552154238468231,0.555168693878838,0.708257884286934,0.57448762032376,0.0718196864504573,0.251227833715016,0.219624418701157,0.0823007419806954,0.0610648419735902,0.138324230956679,0.120065403942487,-0.0578554393332721,0.336392524047492,0.324163912130676,0.178248548173002,0.308921861894549,0.184133443205368,0.145199608540184,0.00524171689854687,0.386078898109469,0.317358799307608,0.185228746028867,0.125900536589347,-0.00743604382296739,-0.407145837955704,-0.396662577470821,0.155251484995472,-0.164638507828143,0.0848759496266335,0.158129670364056,0.147535536806987,-0.00037528791814932,0.0350741527120562,-0.0150831587740927,0.279327929280319,0.160057484546099,-0.471367103124223,-0.262100253228423,0.360471871529874,0.0986965459575147,0.10611000169145,-0.195058863691435,-0.0243691695310445,-0.037632121974136,0.356792875091321,0.152073870207364
-0.320242102955553,0.649128526931785,0.404259595436159,0.553282930170363,0.673109229106384,0.656302523213429,0.668962937172821,0,0.779831137167229,0.21490056647569,0.0110269495188342,0.0516584742521385,0.420487021775396,0.382700733312544,0.173106379158433,0.165120429686373,0.399541844108638,0.760244899372323,0.516124034171826,0.472078901430596,0.482463742383611,0.166242440095686,0.308646917136219,0.147666251861755,0.0216097421085077,-0.0408563545519187,0.178614149351826,0.121373446733391,0.16476633620955,0.126655575086289,-0.241629119908968,-0.143868617858531,0.00166204860062058,0.390275083416536,0.216468964016388,0.407119069354896,-0.00519912323760258,0.0179351215207964,0.0575149725520865,0.172591776925436,0.221610753564418,0.0100604681998302,0.00558397500461696,-0.0469752106970611,-0.324948193315204,0.154602274090121,0.147962917822676,0.144351928424627,0.28842881047643,0.202249941855062,-0.270261474936619,0.53424394747845,0.325240792432519,0.624543202907576,0.706758513709613,0.548105005653617,0.825507586781101,0.826040860245724,0.0167269792199246,0.292805812701682,0.330803085987922,0.184076682941385,0.257672987169356,0.379850853291631,0.347514104006826,0.148557471320084,0.0460514108009761,0.462357140831538,0.318168942664882,0.390806058755077,0.366082088111652,0.278947319415394,0.188783439490285,0.165550908345571,0.415557101143189,0.210494590211683,0.167494360029722,0.147904236460669,-0.365098792190163,-0.126479464213706,0.108127846100549,-0.349056298721044,0.014186990751673,0.179668316308988,0.2707873140911,0.137229743538863,0.102322665788653,0.111270680386142,0.429268195775766,-0.00736154360706401,-0.344563873942712,-0.101762143369243,0.290557732213573,0.0681589063215328,0.102358076462396,-0.103854314374265,0.143482171941493,0.165796950554952,0.256303512824131,0.0647155591450447
-0.167589078398841,0.579531639329985,0.496220936254358,0.39955422394926,0.599141703148873,0.761197769545354,0.591422060798573,0.779831137167229,0,0.417823121416909,0.137389584576937,0.0407351552570142,0.435724385059291,0.219513424592651,0.0272536335939054,0.10505014510282,0.248088883190462,0.590042806919393,0.38736740378091,0.436891674584581,0.314749701333118,0.162294106891111,0.161997527853417,0.196087727159049,0.171057073940637,0.0421767899156698,0.0713444124257986,0.0729905111083883,0.183292643212408,0.00163103481812308,-0.28332974128487,-0.315423952658502,-0.201708936261045,0.323289041035979,0.199631670594337,0.455009314978719,0.0260193737791872,-0.159247797439705,0.0766129257096428,0.224905396462648,0.195127834284427,0.13088688307745,0.0327202332375029,0.0309143248905101,-0.194427237754057,-0.0191971424895229,-0.0014445115098665,-0.0112905443050233,0.410039863176638,0.270476789989703,-0.280491077796201,0.499932454634475,0.142187792669386,0.477543586468338,0.753038919878771,0.672979204719772,0.692988621496232,0.825986060894985,0.165852834522725,0.307573145464825,0.286118137257023,0.205013271370034,0.168659959493847,0.206416687610931,0.171541349574363,0.0178889779764425,0.146303705160533,0.350325467318729,0.155795405452727,0.271504979148567,0.243720086272745,0.183651889901244,0.0538155803417356,0.250058250252577,0.314998146079498,0.247270728585022,0.189618650740819,0.0760213403658795,-0.30942672507718,-0.276243587800076,0.139280034610116,-0.210884593616871,0.0977634338189537,0.192060051126603,0.178769692855722,-0.0100956558094163,0.0862983294303477,0.030028514041063,0.420332862942191,0.117390523413679,-0.380528847972766,-0.212885436299643,0.289490605624059,0.0852775916433126,0.0761838581761227,-0.132516392136158,-0.0437218742711746,0.00380034250410361,0.376894631649986,0.174415353624451
0.0226949988675345,0.231033675930359,0.277489212217509,0.0711657739759446,0.096199535316938,0.355270939066836,0.33678026975219,0.21490056647569,0.417823121416909,0,0.323339606183764,-0.0250010095594872,0.215542874358652,-0.160465246683963,-0.270645843588689,0.198525234382021,-0.0216721857431393,0.0574779866481066,0.0695367905286516,-0.0237805281150535,-0.104787318857603,0.100087776341211,-0.166115336578306,0.23766738879694,0.548782183263208,0.10625888278798,-0.150495170666081,-0.0160971304104541,0.0309258282563703,-0.119228484792765,-0.184776456934928,-0.253401474138243,-0.243095413204493,0.0214213068113991,0.115182618061114,-0.0210350569627287,0.047956311773197,-0.14932377114608,0.213652095689662,0.364629644170454,0.0896865873965245,0.216409319557084,0.219903046526166,0.0279396806865274,-0.00542680010968764,-0.232231737803747,-0.252599350614081,-0.25792017716971,0.191317621628937,0.184621874073196,-0.150726608606528,0.176296613265975,-0.0571376770858957,0.0353946063512356,0.33793094234127,0.361129569463794,0.139195071053589,0.262070525997893,0.384783795752667,0.119628390577056,0.0926343923638943,-0.0385771376761389,-0.13501763998557,-0.166905073458925,-0.187992450936557,-0.287957561088332,0.155060085221557,0.0309385085663592,-0.16314573180692,-0.103171574322936,-0.14745300678659,-0.105736853062581,-0.235313395731866,0.308605746159232,0.0603114300269784,0.12726720335205,-0.00815583775427496,-0.150298098885442,-0.239204434624159,-0.269332691372278,0.030207871001565,-0.12981844155863,0.118676905798684,0.066762353910223,-0.113930648072839,-0.242500227256674,-0.0566114502923051,-0.176037593137075,-0.0462834976224047,0.0669133149812045,-0.261625623787712,-0.178639845542411,0.236673908128679,0.0511139819384559,0.073817206970744,-0.224443570101019,-0.271164298267079,-0.314054818293637,0.0772804135817264,0.111703622851974
0.190352342785245,0.12248243351728,0.236841451797541,0.0768030113655151,0.125578169796076,0.234540107619987,0.145089564922869,0.0110269495188342,0.137389584576937,0.323339606183764,0,0.554447479732402,0.350368763312986,0.0825298917865502,0.162560684418167,0.0893116051519583,0.246824793274214,0.029369406559075,0.173150959843035,0.155848105142331,0.0707816055241475,0.259151188967597,0.0942610045782239,0.551988608503213,0.234380682276047,0.593866261218379,0.0675062188552084,0.0945044097715554,0.249498293400322,0.139654105499429,-0.330418602473405,-0.316912308291786,-0.223081137958108,0.128212398167465,0.24977392597465,-0.0192876733759504,0.19595714160389,-0.279769174295267,0.0581019399533393,0.214573512588467,0.239208419958272,0.365035321356741,0.332937319359483,0.0701979963128677,0.0196801873746521,-0.0555076612344872,-0.0633906699705082,0.0627847527602233,0.347189936549735,0.349715002786912,-0.0143646096736029,0.266938384274566,-0.119360802839251,0.0290091065950899,0.116389166891825,0.201714333732732,-0.084031086050468,0.0647261715647232,0.189506043546342,0.463215008942928,0.180270863830876,0.262552827379392,0.119017018727463,0.0554030204407721,0.0422630218981854,0.134439486806249,-0.0834802428315038,0.129803933577291,-0.0153546631332643,0.00582335485550848,0.115196475873386,0.0873868723400483,0.0795161973474408,0.0746654631871997,0.0791651513740052,0.220374722363087,0.205759154703742,0.0947354888630034,-0.256461632740785,-0.298212556294468,0.116393297575842,0.00374024072521997,0.172490258477842,0.121891248553535,0.0868718578864054,-0.0142424213230259,0.0618054120553383,-0.0116385529983702,-0.00377047387417363,0.0497017289756202,-0.178137638126245,-0.387966534775277,0.0159350084913396,0.182674590644724,0.0734654217487343,-0.0357125538812475,-0.0291068609641046,0.0214146269069337,0.284622412492341,0.36634981653454
0.110453371206311,0.0092632244360776,0.146839752162816,0.0430508684901174,0.11818139177653,0.0842604356967693,0.146896167521308,0.0516584742521385,0.0407351552570142,-0.0250010095594872,0.554447479732402,0,0.349932521396769,0.294681216276576,0.331630329470989,-0.133551360526995,0.431466551730413,0.201596636751525,0.320671641466616,0.261112848251091,0.289216583575349,0.353805381189502,0.314180541638074,0.560515012827641,0.130055941308885,0.679900571548324,0.333319580564705,0.27895329225948,0.39080355582865,0.248609307462764,-0.291630122221522,-0.213117730983228,-0.0498528710923504,0.360126251417267,0.408113058957361,0.161198785672826,0.272469460606032,-0.157937161198081,-0.0423654136741887,0.14353337571851,0.459658476079248,0.567988315467488,0.521382841522096,0.270338293697737,0.128652703101655,0.268960074832416,0.202046214332519,0.303905402724904,0.200460622803831,0.261238567298908,-0.0255617489747517,0.13726694779408,-0.010209492433165,0.0442736341762552,0.0479925511783346,0.120796276308134,-0.0102435367412884,0.129580145908658,0.0966636604845569,0.607401776912695,0.344545398110034,0.420318713176451,0.325260018946991,0.310842967621271,0.315881953440882,0.335181814717,-0.0460067574883101,0.329786870881074,0.306640562290952,0.254789122903578,0.349651130131529,0.431853217624954,0.312748529853261,0.0877286925069186,0.320408659057373,0.479124982541581,0.312255472197942,0.238052333082297,-0.153199638211299,-0.192213659760749,0.304631710511232,0.151396360174073,0.236561891142361,0.402319590750914,0.367979685945492,0.33895904587267,0.126993921901074,0.24239729104095,0.274863142067066,0.264384232346832,-0.14597112138981,-0.3918211937263,-0.00296995288174646,0.478193328367576,0.324190340945531,0.174656216226653,0.323112788908631,0.313669268630718,0.330310320508865,0.351952469553057
-0.189987418146127,0.32694949282847,0.251453176790022,0.245122093299668,0.361246838851619,0.488155928450974,0.278797257621959,0.420487021775396,0.435724385059291,0.215542874358652,0.350368763312986,0.349932521396769,0,0.546978971503053,0.426872672345874,-0.0875397925697922,0.716720299765091,0.537619969536648,0.701558727273575,0.558968805936697,0.61412506732169,0.630575680378272,0.475053057996516,0.540472174312411,-0.0431089068326927,0.21111376660528,0.619254701179409,0.592569231092965,0.513511244108949,0.442695213006804,-0.332300613582786,-0.376528008606829,-0.145459843973342,0.617915787299186,0.692505872312956,0.192362063128033,0.399765199196779,-0.200533670497278,-0.0151832935675762,0.176669434020513,0.399877561767875,0.247982143997208,0.277872456025522,0.0876076371628958,-0.136244005724494,0.448617219464588,0.438313035659471,0.414203890670991,0.287497304485516,0.366489019297311,-0.195425036906374,0.364707402017344,-0.0505203004531086,0.277823102407948,0.415482306406431,0.360761350133556,0.233787466854876,0.494853537488951,0.139802175771064,0.464697933435131,0.286228562724683,0.576428020380175,0.599126876782379,0.506810373415369,0.473793550929746,0.380519240221536,-0.164119734304988,0.647279655177169,0.493569194996899,0.302303924071169,0.564574082092958,0.537775688138952,0.358411396934324,0.18060934179881,0.385946167002715,0.237288245992971,0.394976635737241,0.443562600786134,-0.379836355917673,-0.258779230792228,0.326389863188972,-0.196439942248733,0.268815967177919,0.429234195597078,0.601197219174154,0.409283907043604,0.326557068557522,0.477235709018952,0.359360543512501,0.0250078761484151,-0.336047691416561,-0.30533193534779,0.205015706119289,0.199161707961193,0.24974613809147,-0.00613611555099474,0.416082693420024,0.377930901679221,0.239430084889193,0.24954462906976
-0.395221006059809,0.117318221098477,-0.0433024397490186,0.322560722745232,0.341078056327792,0.179103321749103,0.1536030113882,0.382700733312544,0.219513424592651,-0.160465246683963,0.0825298917865502,0.294681216276576,0.546978971503053,0,0.801978500753176,-0.146983701970552,0.648004561473148,0.501809594587767,0.80766037333555,0.497444444652337,0.776781503115522,0.384152644560707,0.864771905006857,0.249111707181978,-0.220313898292687,0.0465259012348877,0.585188887494256,0.542156169138105,0.580449466149401,0.724260067744067,-0.145164880478269,0.0394466830084704,0.196920519736384,0.487393329541488,0.355429320346906,0.227362774949424,0.320372852707019,0.161623869397217,-0.0269099009320367,-0.0752679326353705,0.19283201341899,0.024691781486913,0.0408438893677489,0.0826718062984575,-0.223341949291684,0.719976301141667,0.78655840083973,0.777426178244408,0.0528270383594636,0.233341078950005,-0.118153602208554,0.114698777194534,0.268772594008891,0.379544545439019,0.181910583770987,0.0658102963784823,0.253547586729735,0.321703707452079,-0.0893986668575623,0.39938062877067,0.34633735855254,0.360985986625615,0.724512958705273,0.806901589186623,0.809787892356213,0.783622246378571,-0.188709631992545,0.684189107463001,0.59108559083822,0.27872760539797,0.720850630231589,0.535816865509029,0.781717882549039,0.0252542554490227,0.435230002239392,0.277180731800379,0.527022387407804,0.743297186770924,-0.292861159131789,0.103700203484246,0.290798100430611,-0.316141295151831,0.0310770668172229,0.264307970821806,0.542728056649012,0.614857591058881,0.351425849679725,0.567947742056014,0.341219309608503,-0.0164641195650839,-0.108293554144225,-0.0244831538142994,0.179201531751359,0.186869549529388,0.177808639399809,0.0269093034305872,0.690065023351853,0.755490276857543,0.0858994777152594,0.121871946457041
-0.288816665200391,0.0014869913465657,-0.139017998826216,0.241683249137433,0.220588699915065,0.0258605398131267,-0.0254748753144334,0.173106379158433,0.0272536335939054,-0.270645843588689,0.162560684418167,0.331630329470989,0.426872672345874,0.801978500753176,0,-0.202395798238039,0.480018321340227,0.257277221473722,0.587166780251686,0.36648895303525,0.674299319658814,0.270255106129214,0.790110445343017,0.261380847147299,-0.226757620617892,0.13896937981522,0.534560887645016,0.561767743270554,0.561465768393954,0.803266171679223,-0.106908923090732,0.116606580785536,0.214483866194449,0.331243545573684,0.280738582678694,0.145730136259162,0.306570257740453,0.16507940718652,-0.109557343570502,-0.191504253163919,0.115936135364231,0.0226317005612026,0.035822006205229,0.106144662219591,-0.186478856715808,0.66857358146525,0.686654559751741,0.782993379745432,0.0286181276333517,0.14449113855898,0.0298115002629529,0.0666956332219792,0.178920197293065,0.302567983361972,0.0191671963616483,-0.0639204991021982,0.0206134919516774,0.130762651971842,-0.149567879447468,0.384169702901543,0.247435159030319,0.363952714196933,0.724047868114362,0.773171053017997,0.806401859975145,0.90580185996673,-0.268231678103311,0.533036115596888,0.551196016314472,0.149961489765007,0.733118258918486,0.389958550721562,0.771003572522531,-0.182347242005428,0.289002370666581,0.217769980414041,0.511062178378341,0.715477283447786,-0.153140225936583,0.20131129568856,0.206770518224709,-0.271188961137806,-0.00780522273634647,0.178181754644501,0.469526145468172,0.589777013141239,0.290776551713777,0.506548945314308,0.256311937222015,-0.0614667323254439,0.0263892013081121,0.0347167246109347,0.0121621679818859,0.140286009744231,0.0946849534121783,0.123619225739868,0.641509475193109,0.752145692699432,0.0677033948794001,0.0986608933575796
0.359876815435585,0.469825204320073,0.285072979438048,0.31687518056537,0.181352081096405,0.192073209920209,0.317671193906045,0.165120429686373,0.10505014510282,0.198525234382021,0.0893116051519583,-0.133551360526995,-0.0875397925697922,-0.146983701970552,-0.202395798238039,0,-0.125994818752411,0.013790059792976,-0.0799366032811293,-0.0148397168236655,-0.126242562630309,-0.147767666398079,-0.148149303895203,-0.0846085466787178,0.184228235583583,-0.0592366929407083,-0.320370316907776,-0.30235841141144,-0.0499310620513956,-0.282453902744178,0.000748195447878474,0.124818781146366,0.129444345328511,-0.0884987857116002,-0.209531341642964,0.0617406154611082,-0.120264434970617,0.0840787797335475,-0.0240901418142322,0.0125723140654203,-0.117733400362904,-0.0177907118384098,-0.118522381536231,-0.153817020419315,-0.19872172946936,-0.337131814749891,-0.231383976990976,-0.193297755623538,0.13374521139748,-0.0669428285311524,0.233204505241414,0.375782806202739,0.242090784070957,0.220345590098026,0.213070645232762,0.191359575254912,0.17782759203483,0.0754069154798978,-0.115776414516192,0.0232710124613533,0.0877820235521636,-0.000301919569894929,-0.222019021581012,-0.182532073330171,-0.154865091835202,-0.191011418681779,0.0983960581598219,-0.146686308335274,-0.197066380286556,0.0449789356297921,-0.142676422521339,-0.189612717019365,-0.186986131553137,-0.0350136794023364,-0.0941548881480372,-0.0184860835983764,-0.0150877729392592,-0.195038825360553,-0.128901723352459,-0.0260860770859616,-0.0647615525481737,-0.0106551234084032,-0.188980156404715,-0.199641986398303,-0.305271072351046,-0.238719521902827,-0.144216130101213,-0.278225777828058,-0.0291169843897388,-0.0836114844569387,-0.0255911276928581,-0.0771078729561491,-0.0898436771780201,-0.115011989798924,-0.248611665296745,-0.262465853219259,-0.322793241686022,-0.196774962772932,0.132654211604914,-0.0466376568011422
-0.29984154572081,0.141554146980802,0.142940387748278,0.103094978034059,0.225713797776908,0.300691381215325,0.315831537475254,0.399541844108638,0.248088883190462,-0.0216721857431393,0.246824793274214,0.431466551730413,0.716720299765091,0.648004561473148,0.480018321340227,-0.125994818752411,0,0.625784823856556,0.777932124703711,0.558771729042256,0.681120340391679,0.621845865981932,0.597400240938421,0.541488813281578,-0.165854443519505,0.252938777701145,0.59753876111853,0.514227031705462,0.509008916735915,0.460709511049581,-0.260320520089903,-0.282285571885344,-0.0412713925402146,0.679704297408988,0.651796435870659,0.191603222441265,0.427871589594805,-0.124335547021571,-0.0194382237578648,0.132758122835509,0.459997336722309,0.222445444880818,0.272889581453813,0.1096931428446,-0.0950615108972488,0.504073439412991,0.506688976571763,0.506660809315126,0.200957262957881,0.409517775243049,-0.168520376135246,0.203141229970417,0.106713109333175,0.170539607555032,0.231212571780957,0.181251723362334,0.262071799444701,0.370261875304412,0.0330101270255107,0.358388629199642,0.244304788592659,0.333394021755354,0.555115262030482,0.574211854537672,0.527940564343489,0.445241474058491,-0.115538743025807,0.670740219519808,0.597941823547013,0.488217425394802,0.58993670149366,0.606171530669026,0.501233248425529,0.146881782203488,0.515643980884175,0.195537255033386,0.432994367844326,0.458072206668405,-0.323310857500584,-0.162522882032829,0.421012591745242,-0.115629285253734,0.290750374721659,0.436264073006324,0.607969835211755,0.505123788815754,0.400147384385689,0.473311013397966,0.354074468034125,0.025053387922809,-0.227987428132573,-0.225408410704162,0.176637410319509,0.256015776481237,0.332381865509006,0.105781459070899,0.509061146190349,0.474797958881219,0.176882052388383,0.272887115131473
-0.318856280750896,0.449477879550048,0.323016859561992,0.360869523714576,0.49105849035958,0.547572756956575,0.492114266846688,0.760244899372323,0.590042806919393,0.0574779866481066,0.029369406559075,0.201596636751525,0.537619969536648,0.501809594587767,0.257277221473722,0.013790059792976,0.625784823856556,0,0.620116756241093,0.738514758009884,0.656140411561532,0.370909922977599,0.422626989986173,0.244161344948601,-0.0694152172731538,0.04702658579841,0.370184697073288,0.248772697561389,0.216332219079537,0.228321340742498,-0.1595587196612,-0.222989519579876,-0.0221752444101324,0.665183672240117,0.401373234725003,0.467611098859676,0.0965103608792094,-0.0126697845450124,-0.0654961521559954,0.0811853947285222,0.38401571031219,0.130011601884121,0.0473568581410444,0.0547442424199351,-0.256797137803012,0.28861166100665,0.32299930220804,0.269621216723839,0.294941501755824,0.290944627544721,-0.257473384478699,0.386619860308678,0.246576633476985,0.444653396444753,0.544199137774937,0.440182476640288,0.662387653305121,0.678005951415888,-0.0463313333895718,0.365959844941948,0.346529025847369,0.290660674059339,0.394286320108542,0.481532506081949,0.429410053291869,0.261437700637724,-0.041834523649694,0.604652117393861,0.548260218016939,0.671249990687894,0.547051488162419,0.483842033936848,0.335524953812865,0.0946479421030621,0.570194470506897,0.219774146204227,0.198965596347164,0.262855846115808,-0.320923270783822,-0.147791063661018,0.348930969796321,-0.135503260195905,0.121340996342069,0.369247515580857,0.465196290131008,0.333180529162695,0.128444666123528,0.235890193742786,0.60565209895292,0.0786293160782695,-0.31310756675132,-0.169699522735756,0.175051376631217,0.169652674868529,0.192413729488527,-0.0587981683023091,0.284520412250941,0.321557354802015,0.297627712731805,0.179940168694903
-0.337796236832921,0.277665257111685,0.177640980001535,0.327392589097849,0.425679339387904,0.390912072992541,0.348279217794559,0.516124034171826,0.38736740378091,0.0695367905286516,0.173150959843035,0.320671641466616,0.701558727273575,0.80766037333555,0.587166780251686,-0.0799366032811293,0.777932124703711,0.620116756241093,0,0.571354216198136,0.790139152057068,0.524672141316269,0.725620637372777,0.377118817924183,-0.141882516287296,0.0892212166155152,0.600017234455778,0.539164213170393,0.649738151434106,0.572623239972142,-0.330792012738089,-0.210295331558781,0.0204662435400984,0.628699888399582,0.527207316793573,0.228997375903276,0.424490596127493,-0.0323140799034641,0.0543265097361577,0.119146345686833,0.355779494389178,0.169118620689207,0.169629410022555,0.112009924553533,-0.176792440102048,0.601250089662278,0.66263949584624,0.633964451102655,0.242072178575879,0.436063852929006,-0.197663193820289,0.299565269651671,0.202160159254053,0.378803565397129,0.37520391890862,0.268143505582512,0.370935398771039,0.484543928667921,0.0283067991180278,0.417319019190829,0.280114494308725,0.357565619946628,0.655082720782819,0.721414502382589,0.703482298178188,0.55600805915074,-0.120709558625521,0.764183249817412,0.600224795725619,0.383763407839422,0.707858432730195,0.579174861441266,0.626773275079599,0.180652616204658,0.449918198928834,0.254728547583882,0.535427984506933,0.568948712683276,-0.440970374905765,-0.153106306592359,0.341093334732922,-0.280455176509962,0.114279554864781,0.350720399247149,0.579425305632752,0.548404752961286,0.401830575237332,0.488671424673876,0.38618621808245,0.0109135762383017,-0.30318088567656,-0.220879802270981,0.275647683364263,0.255769157238759,0.238103824568435,-0.00181773691119175,0.575706277839864,0.59970321629643,0.210078653285509,0.287543862024303
-0.145546897375147,0.345873362709439,0.228330643590547,0.331262747541621,0.371342009290176,0.452242065543753,0.30548306194596,0.472078901430596,0.436891674584581,-0.0237805281150535,0.155848105142331,0.261112848251091,0.558968805936697,0.497444444652337,0.36648895303525,-0.0148397168236655,0.558771729042256,0.738514758009884,0.571354216198136,0,0.636309128311637,0.424393949019786,0.457066853832929,0.307483291328152,-0.122288848830897,0.104165711386584,0.435203539885929,0.297677735680042,0.388141517300436,0.285495371249625,-0.193996121576137,-0.268673810372484,-0.0956866363685765,0.714962741399062,0.453792136112596,0.57741926923589,0.268934775964623,-0.0953354877049649,-0.0982563494233272,0.0216182100775267,0.503775628925242,0.213585372822234,0.0515730664498405,0.132201976064662,-0.208977147124193,0.322347663754316,0.401067136430581,0.395172007652632,0.455964806620133,0.434775265606128,-0.102045042575881,0.304056386083898,0.113518602404762,0.378850651024985,0.399341543361265,0.343549515917047,0.390258906377257,0.476636754261089,-0.0494213833990652,0.412749059839379,0.324245565017194,0.404605842782406,0.46312488764106,0.52340445792758,0.469342093586984,0.391241512948939,0.0439831592509098,0.633728409882418,0.5915321224681,0.662246591222377,0.654198844798395,0.510671546902847,0.413286127837372,0.0740766975406712,0.49164626615984,0.208751376759949,0.374798181533361,0.362891579402118,-0.282670409269339,-0.162831975902509,0.459708423921379,0.0825958195038857,0.179702455866492,0.385789360032933,0.519060412463134,0.474209369035882,0.219400645819596,0.332524798104553,0.692581083482115,0.252282877421031,-0.249075923973455,-0.192930104586295,0.130279492420962,0.163000835674423,0.172412523727609,0.00199582488104664,0.339637093328288,0.451959408163416,0.456129709185169,0.347374054195387
-0.332167730905184,0.232199643350767,0.106434630251405,0.281068800109996,0.369929811097472,0.318919786445968,0.26849526598506,0.482463742383611,0.314749701333118,-0.104787318857603,0.0707816055241475,0.289216583575349,0.61412506732169,0.776781503115522,0.674299319658814,-0.126242562630309,0.681120340391679,0.656140411561532,0.790139152057068,0.636309128311637,0,0.429388919603506,0.726528605317661,0.308207415902924,-0.199010679779688,0.0680542509049668,0.632980270675747,0.537856370343857,0.571078953969843,0.616928890222462,-0.23955111689044,-0.0991635462305061,0.0714987537147734,0.621646421298981,0.470216472390677,0.272171771783892,0.330846017501746,0.0576500683750751,-0.0908272766565304,-0.056751290101524,0.291740313360431,0.0714100201432872,0.0282578665272493,0.0824565348981662,-0.262788961941269,0.625265490633377,0.6475843990174,0.665648632821764,0.169418433080355,0.300002638016423,-0.187194582119252,0.24380330494804,0.162986032274151,0.359442299352856,0.320283246969623,0.173031562710163,0.332321828088047,0.421351599690967,-0.159732851125167,0.405739242541828,0.274022510941312,0.384190390780316,0.734438575867703,0.796681614813862,0.799814237874366,0.653394138745817,-0.177783863123111,0.749832914218131,0.743661499518918,0.457093568255716,0.866387187395012,0.576801645585393,0.693135343455385,-0.0118082572622429,0.481881151953889,0.227466781292786,0.503335701475994,0.615169609269904,-0.353674300442984,-0.0612349489358318,0.423210686445385,-0.2706527822466,0.00944853025332127,0.363345340858785,0.661044073545357,0.64596513678786,0.323112369702616,0.507624055355352,0.490571483358794,0.0179144679985196,-0.265750745746682,-0.170502083608643,0.100887703386346,0.140805155697087,0.121261376725023,0.0122576878997108,0.618562534182585,0.712368604413059,0.186921132590328,0.207604282915598
