0,0.195951690971068,0.279350640331638,-0.140160516106644,0.268783909272553,0.217460008974605,0.0844350860536996,0.0846941038154536,0.200620002874317,0.17040124479776,0.303689406078095,0.188108640199704,0.0814226298678012,0.112975436515304,0.0529971844878208,-0.0612806274831772,-0.057242601510559,-0.0900038377492482,-0.141755797881423,-0.016673131063866,-0.103479160618767,0.0584891694932681,0.142261345709794,0.153811659806441,-0.0838965521354583,0.197642185791206,-0.00526776905690593,0.0533991114893141,0.0556084518608205,-0.0139570212413951,-0.0620139799843126,0.167427641164734,-0.105057852882582,-0.107946820991658,0.162260472386838,0.302217595463147,0.0556591434034525,-0.0586201570288118,0.0331610820078324,0.199580527904785,0.192238669136659,-0.0518101004815065,0.136465612603963,0.1970117698249,0.151592687742781,0.0347358305930056,0.183443544426716,0.13317978426727,0.516471514184935,0.233410035655192,0.476975530356393,0.157342304512366,-0.135598441037207,-0.0756661875367579,0.230141776883714,0.224211407339483,0.130117494693801,0.169353933365349,0.274426063898264,0.287923352240612,0.325764838789845,0.0919154672278989,0.198188991409479,-0.101282030046879,-0.0338962395945463,-0.00405554428063498,0.184231895410429,0.0392215458625201,-0.194702316528077,-0.0764373875665949,-0.134804367254594,-0.0264441280792409,0.0149924686474485,0.235108719189324,0.152117604340825,0.112740662823198,0.0996693465590591,0.0766960216753687,-0.118359660501856,0.0381106282691266,-0.230785991295987,-0.0326797214424424,0.130386999305648,0.0470733171141099,-0.17588435244029,0.136181014818002,0.0547014418310464,-0.164378619122518,0.269663740483566,-0.0050633756017116,-0.0553018910880756,-0.0838762749232173,0.0736280417236217,-0.0284745362395177,0.110735808507616,0.108181201844298,-0.127714053363809,0.229613935020047,0.496048075890182,0.187889732086163
0.195951690971068,0,0.339247573909655,0.476604387314586,0.579703855189462,0.376913943420538,0.378123821058724,0.540156270523472,0.360702574932034,0.315827537914387,-0.0015893586619831,0.12460803506246,-0.0283204843473079,-0.1166720441668,-0.130293446732503,0.543057162373887,0.0823236782064649,0.028808662014847,-0.10475241318963,0.0413286581656768,0.0447065570634158,0.0611883211196333,-0.050410556529124,0.135966975898963,0.0142395037720347,0.124970525934109,-0.126806749925232,-0.0407853648406276,-0.00346996524294811,-0.221083937126645,0.0077162694064462,-0.222987883767796,0.00499956530369269,-0.126980370801325,0.0907396714035716,0.0839750656917524,0.122425267756245,0.0178196473958328,0.064544209939305,0.218768305235006,0.0829062142687598,0.198556446324684,0.0664934100002165,0.00868919674939785,0.161452109307834,-0.222280689159774,-0.0933226492825109,-0.151338917572948,0.274838055097549,0.0864879587774787,0.292093981653651,0.588181957152688,0.425290238956866,0.362700816116054,0.482849534425659,0.337496392257212,0.423642315850068,0.386790003408334,0.0137946753027136,0.0170564437114981,0.18861778347488,-0.0796796481810651,-0.124471608745603,-0.255179061354246,0.107750264798551,-0.185134944360507,0.126444927274081,-0.00813826061512613,-0.0557722541353204,0.0780997908065761,0.0469331773795561,-0.168309507869179,-0.200844341631624,-0.02942952948309,-0.0119623403163343,0.0529122781995732,-0.0123029892526384,-0.23313777584922,-0.0165991187120851,-0.206129494740587,-0.137596219133191,-0.0697107599239574,0.0317394977666159,-0.203344729262467,-0.198324575837523,-0.184313795494963,0.0298033300669627,-0.373724862520238,0.0359762792478797,-0.119116286315992,-0.00621358689763053,0.0211000724071788,0.136549376695031,0.113748148529417,-0.206605336618039,-0.0917619185049379,-0.316713211821434,-0.248680254548228,0.197374878053268,0.100944085227372
0.279350640331638,0.339247573909655,0,-0.102653365513982,0.239935664747723,0.571768015598379,0.333891756426033,0.593880348912464,0.455472819944479,0.134088493017353,0.512997938157773,0.475485565309687,0.298595623187105,0.0473267668097547,0.00661279294324609,-0.0496627913894255,0.323806439067435,0.0196417321028244,0.0244528943987753,-0.142706179945406,-0.0906397372403844,0.362805377562398,0.0683976443468087,0.503201907745436,0.346858853847994,0.537098237504333,0.0178992732465537,-0.0959543631273472,0.207261074213278,-0.0123438066913722,-0.528423099809091,-0.0905863614278986,-0.604190914037716,-0.0389536009777725,0.38103830376746,0.239781136593399,-0.0588050182858791,-0.2264226783844,-0.112539055309242,0.146842649081569,0.080036300282215,-0.103686383168701,0.407567948657717,-0.181105428041496,-0.381764194211948,-0.23495373155349,0.0775161354121472,-0.149752138083193,0.289367904278698,0.158321986541259,-0.0532580110497163,0.588449113631299,0.0919699523585021,0.230120413306054,0.481067284558453,0.730426490297673,0.547965003063262,0.577935567107117,0.262982230678784,0.410856536893276,0.377443493285126,0.216170814457098,0.0893250222688011,-0.124096154975113,0.0563459331447101,-0.061030306691233,0.111250996073,0.0677438376761652,-0.155988021351647,-0.0776859676253359,-0.00568695575554419,0.171408486228516,0.0701062347766436,0.104288635565851,0.325312432617191,0.325452376745044,0.233726047103076,0.0353393716868184,-0.415320609237563,0.100635453322009,-0.124895361671943,-0.396191513891795,-0.351453371383255,0.0322181874741624,-0.281898216035747,-0.0115467251320704,0.0626604131334874,-0.359618421470857,0.206111699893344,-0.0776123592905303,-0.23741730032274,0.204154874048617,-0.167081541502041,-0.253110078585566,-0.147570346650645,-0.385290434407133,-0.350922434542308,-0.188788158961237,0.192086677125908,0.244288201008464
-0.140160516106644,0.476604387314586,-0.102653365513982,0,0.394397385181943,0.121050101515017,0.0989859497376377,0.280631787364931,0.146843421800517,0.15015124371277,-0.284641128667109,-0.171462862685356,-0.11278451086846,-0.0693332996880659,-0.0837942199618719,0.433832323481365,0.0264018009393221,0.0956908398366863,0.0545551964193824,0.0992708522206282,0.21533608393071,-0.110481934988495,-0.0701495366659454,-0.0475510675815616,0.0413890580786272,-0.194465979374681,-0.282207264972957,-0.22952218239026,-0.0111104392567632,-0.180966534046628,0.318923737831294,-0.0394149816420419,0.395015964683877,0.00837116447011793,-0.181123681901609,-0.122130387181916,0.0190244353800886,0.195770159028703,-0.00136850469937807,-0.00513600747219356,-0.0233590587025087,0.213747908858503,-0.191705291356526,-0.0675025766431454,0.187772587743998,-0.247721356851605,-0.220237013005177,-0.223722455820028,-0.0452484569267946,-0.0445088144972183,0.27662969190459,0.224147896387299,0.369100204117517,0.460514725233412,0.247648359739788,0.0310031599115467,0.1110040613118,0.0847570217328035,-0.243170579973471,-0.264193028226162,-0.189563127653869,-0.253586391518242,-0.197157796286641,-0.178293107298181,0.0595212383089309,-0.148857220209848,-0.151697054462418,-0.0473587601801762,0.0104689614303143,0.113854204719117,0.12219241828387,-0.250388242523226,-0.215779332127156,-0.273323406561646,-0.233467588103304,-0.159465112095857,-0.079325761053147,-0.309381128238051,0.253004147865318,-0.171761983604371,-0.0996446508411638,-0.0723572162536111,-0.0315732866829347,-0.289696515870585,-0.159917011560291,-0.241338317196169,-0.11650000000579,-0.372743372501532,-0.137797325505685,-0.146944617606822,0.102547346987724,0.0869079918068545,0.0142290939915443,0.1473384494516,-0.357369215672428,-0.119188542455714,-0.297238567915073,-0.315671253779589,-0.0369129783102276,-0.0200888438194725
0.268783909272553,0.579703855189462,0.239935664747723,0.394397385181943,0,0.466674562087778,0.208419156269561,0.427963793208222,0.485677377998921,0.290879918831403,0.0211826645528213,0.085842106719593,-0.0359045415704261,0.0111030234870775,-0.0348081594945353,0.146683405158562,0.0203042375640515,-0.0500076734381006,-0.0939877391698328,0.0589836791618038,-0.00123370863169551,-0.0246519349201696,0.00141007713066109,0.168515891886815,-0.21380538947919,0.0338889480274267,-0.162965223816408,-0.0366007972157994,-0.0367295076082841,-0.120516656155957,-0.0798686036030288,-0.0824027981592651,-0.0962108968456176,-0.138152942165879,0.00625644397288416,0.12600990961037,0.169997544264398,-0.0483889953288463,0.140957127550636,0.261861437096547,0.226415507098665,0.127038979622243,0.0879215224579594,0.130980154714263,0.131661858685548,-0.00860896908728914,0.024149215971247,-0.0691120131106957,0.398101385271483,0.291614598596878,0.195227030665434,0.280722049941882,0.235362313285741,0.44075288070706,0.562040594096473,0.284041960437685,0.380864122533251,0.367489724251933,0.0826950117532052,-0.0511833293373604,0.109239786016784,-0.137782113186069,-0.0438952986637257,-0.253796243456945,0.106963397720326,-0.219406298766475,0.136629598897622,-0.137337182692148,-0.174872349791853,0.0302489748117028,-0.0138829373658273,-0.292510639668845,-0.247770784783113,0.0446982248040514,-0.0740501106591027,-0.00221919642120301,-0.0132196267090749,-0.263094487175989,-0.131002108446226,-0.277526107806685,-0.299746890114623,-0.0755213908067432,-0.0342177655397377,-0.294074916316439,-0.326828241620871,-0.0892395831068835,0.0444648906752568,-0.397297479932547,0.0945194752271881,-0.0157278357650284,0.0489742373704642,-0.104872914409453,0.311179016203454,0.125647949960752,-0.119244052688752,-0.00586687221779972,-0.184738260031503,-0.151289306415863,0.28934590802906,0.270878282627049
0.217460008974605,0.376913943420538,0.571768015598379,0.121050101515017,0.466674562087778,0,0.323794406838656,0.637199177312142,0.7356911027139,0.285637748220672,0.31100350456756,0.265694102127153,0.223713589227186,0.0744518614489974,-0.0554424959186223,-0.0161231848317462,0.183959832628686,0.0484075134163782,-0.0335086769543797,-0.0625516343992107,-0.0485042753215126,0.240435388142426,0.0331784797165467,0.382462932238288,0.162381314518391,0.312926229465041,-0.00356619314221479,0.0114612629355402,0.17682378618205,-0.0366094274169555,-0.263742880468382,-0.118434271574672,-0.375850445164827,0.0194341332183594,0.304366172110536,0.37955826309106,0.156424447365927,-0.124209693081245,0.0431501350138673,0.19638322266798,0.221306964890059,0.0369298202805351,0.266858918790267,0.026652688949631,-0.0891026144738697,-0.114490649378348,0.105751991424357,-0.0909866152615286,0.567314393793784,0.378551132912294,0.0816107225044185,0.531661287110377,0.17032643146785,0.300670647724818,0.824757702687727,0.776367569520265,0.560634419282129,0.625647283368295,0.191997501588826,0.214618987907109,0.222571457975411,0.0478144957385553,0.0529799598624425,-0.235304898674447,0.00358249716529988,-0.19397836920704,0.10341353529295,-0.116325806861203,-0.19322261302784,-0.0224699842278922,-0.114767844447097,0.00784406491268984,-0.10102398850865,-0.0123865327523314,0.132758159428273,0.14632418991706,0.108250524256681,-0.15365915232419,-0.214672542440769,-0.00566980722383087,-0.294952560493459,-0.244014505501657,-0.157098606958308,-0.0992288796781805,-0.360799287445903,-0.0141395083317344,0.203716177529819,-0.268378178693765,0.325592651493591,-0.026789496817732,-0.0206778412455826,0.170529078303648,0.0134301695331512,-0.0316060252292115,-0.113769122188177,-0.168464068069677,-0.302711181460713,-0.107871733484506,0.448207387799457,0.42979272969383
0.0844350860536996,0.378123821058724,0.333891756426033,0.0989859497376377,0.208419156269561,0.323794406838656,0,0.51521193061628,0.344477068933194,0.444469678466922,0.146644265637043,0.534452202856466,0.151548750119982,0.180737516243012,0.10820109614033,0.292558623248796,0.427585372407374,0.150260782656442,0.127668105200368,-0.00697265181654905,0.0986028557629216,0.409150824721022,0.243180026866148,0.485611078059845,0.135313210256,0.443219971248732,0.110640150130015,0.268955687775182,0.272395551478771,0.172065874545033,-0.12897581414342,4.87004384055015e-05,-0.221641706328646,-0.0145241268908657,0.306424466301043,0.0519820873807881,-0.00458696508270951,-0.132463140398146,0.0458125381296597,0.422402626941355,-0.100858484034122,-0.050171235333494,0.379547487602882,-0.177028010320697,-0.115151995423333,-0.212225675659631,0.0431777815229484,-0.0533951143140299,0.0083942011816606,-0.190261299832461,0.000725065896831281,0.501397123294866,0.423518822304983,0.135194223269288,0.319596590849602,0.377601682145038,0.482322401854044,0.436477317719528,0.363876969090336,0.0863509800961282,0.327011143771413,0.105938989828933,0.158655677420619,-0.114635122016301,0.13117851307805,0.0621218464677476,0.427333901221643,0.344710011034295,-0.0209103767209945,-0.0409175028225668,0.0784315730654787,0.253018552238046,0.223732338840947,0.194826466195279,0.342840793682161,0.467377001060412,0.315085529243639,0.266271126459173,4.23414355619256e-05,-0.0239304706045582,0.113675231803361,-0.399199268325704,-0.0783017001669652,0.108316322144368,0.00835904083864542,0.0475059226889779,0.182988916424851,-0.123350864689233,0.0938973305005408,-0.148589101250407,-0.161424415335152,0.108869705588554,0.162590906131214,-0.0078506974018304,0.100456645790504,-0.122435148679797,-0.201156015133984,-0.176316975152228,-0.111996929385887,-0.110060438161899
0.0846941038154536,0.540156270523472,0.593880348912464,0.280631787364931,0.427963793208222,0.637199177312142,0.51521193061628,0,0.69663928415769,0.252576589795116,0.332276880458635,0.374501795810297,0.229641367498043,0.148220417370055,-0.00654605377028805,0.159572913605251,0.388605537473666,0.229679316680066,0.168311446462929,-0.0658230075965153,0.0439139677133608,0.348199075827339,0.132131906154211,0.506598303097475,0.188329993030193,0.395700740735389,-0.0534361209530299,-0.031870610992634,0.210486614818265,0.0345308672502072,-0.320992103878002,-0.134552342908746,-0.348932110099025,0.0835256556818416,0.317387133589394,0.293218061958188,-0.0132907647926993,-0.186721963172088,-0.000470931782078481,0.241530788309585,0.157119723727403,-0.0535914598919185,0.288929091389619,-0.154377946080922,-0.231737302802694,-0.207584233452789,0.0866081353654425,-0.133425947829681,0.287081828246479,0.186132518092272,0.0221380538192476,0.667436445123612,0.400556045683464,0.398451592200338,0.660145575013115,0.649832470551729,0.745561448768212,0.762094455096982,0.274407187582166,0.244368151549804,0.294301120343737,0.0598084671013027,0.0459707901118044,-0.166446386829101,0.0993889259081006,-0.132278647296433,0.166076987417637,0.118854452033086,-0.112747760171408,0.182473132121026,0.000305256447148092,0.082107358942105,0.0343252571735993,0.0283276156292247,0.243951332022805,0.267321527227606,0.239350804937479,-0.0829250813432107,-0.211802726860097,-0.0243616253651671,-0.215601011109316,-0.413934898011951,-0.218919826669529,-0.0593410131754507,-0.285772930986416,-0.0289405029283217,0.052338758311187,-0.403009635790163,0.268624891578073,-0.096020008191254,-0.0831219075028565,0.145688625153009,-0.00031896510551986,-0.0788642822181291,-0.148318411529655,-0.292955515917293,-0.361138489698401,-0.252826901677331,0.160921154614251,0.265178350712491
0.200620002874317,0.360702574932034,0.455472819944479,0.146843421800517,0.485677377998921,0.7356911027139,0.344477068933194,0.69663928415769,0,0.176595305654155,0.354980997753432,0.264603739206178,0.25051514084985,0.197784623209584,0.0217307639639616,-0.0974819455949035,0.278173353288377,0.117409606338689,0.0590537579410796,-0.0565271388616988,-0.110689660086663,0.270499404452578,0.169631897235749,0.424082652736006,0.0235742896544541,0.297776287511557,0.0179453050457312,0.0613909036442763,0.189041798790442,0.105804971987963,-0.270782268372496,-0.0388698132212492,-0.352640158388211,0.0658612199786167,0.325314705213,0.487651388733272,0.107078750531232,-0.17642223147009,0.0858278698336861,0.215770577434025,0.260854570035501,-0.121101135628067,0.233717287371071,0.0592452468876222,-0.1029643701237,-0.00862418871401456,0.246959935027912,0.00484505631062552,0.522702598903436,0.384002368808454,0.0233565132321022,0.496813619587331,0.223691601355551,0.344648148090842,0.750775976539752,0.608105031833557,0.650292628755376,0.699805088803478,0.308003280113091,0.245649412968473,0.263270189290614,0.0801190211903255,0.150006065971919,-0.196392981718059,0.0110234465310117,-0.160571449977966,0.217561416036431,-0.00283384606891433,-0.259347874341951,0.0695236877503937,-0.192112831053463,0.0597395642884493,0.02477524819765,0.167314529448117,0.22435727304086,0.149799138286297,0.234797277094319,-0.0576429769838813,-0.15424602940022,-0.00780983957717919,-0.355197601585466,-0.316432749397739,-0.0543189943809641,-0.0640266090563256,-0.323565632122423,0.126527097057949,0.16650396149716,-0.262348982366123,0.438895683395669,0.0370037738913366,0.0299938422117211,0.12816769914759,0.13871276863117,-0.055949422491569,0.0207270577786408,-0.0712721637903799,-0.194675869994488,-0.0350657119481344,0.383323423734735,0.448593201841486
0.17040124479776,0.315827537914387,0.134088493017353,0.15015124371277,0.290879918831403,0.285637748220672,0.444469678466922,0.252576589795116,0.176595305654155,0,0.119776008570098,0.466326176848028,0.0691609632678506,0.0123051695831134,0.000690887576789083,0.33246308329509,0.203678574602433,-0.133063319479255,0.000380862617786,-0.153386413519466,0.0716663366121306,0.168396213071109,0.05913645749676,0.329466722106524,0.238471516889354,0.318609988709014,-0.00885907468401193,0.296176703523429,0.129569495520056,0.0141139960988914,0.0952932328732145,0.0769409589080263,-0.0319573358686065,-0.124587223933785,0.151592470783111,-0.0990643251067898,0.118368107983918,0.127798473727858,-0.0167161399290738,0.339628553872234,-0.086670425834998,0.236002937679054,0.294807977597765,0.0289418197384866,0.261512074662834,-0.127271054553378,-0.11373648182408,-0.0315613618794292,0.115658326717215,-0.0787867898596251,0.185872136537581,0.195877333658675,0.29919918398905,0.204504328055156,0.231167564833365,0.224070325422411,0.182002709462223,0.204092335180905,0.349332321064507,-0.0164713920845237,0.31612510482881,-0.0707596159122206,0.0198367845756156,-0.111158990478269,0.123184122515948,-0.0290436500220524,0.11708216750256,0.0869613279269959,-0.0948464963922418,-0.26150398472422,0.0306961200288803,-0.0350984459581311,-0.0667441522939178,0.0030045680328859,0.149195492770779,0.431917298029167,0.117763852581464,0.072876928495234,0.0566287086540408,-0.064675182009182,0.0285204657533582,-0.236972961552204,-0.0673617369971372,-0.173871733530459,-0.0902393093849806,-0.125706753707945,0.167118206767985,-0.209052479847353,-0.116120605914377,-0.298099886928717,-0.195924303453731,0.0579196733193287,0.164978177127575,0.142116196288517,-0.00728980548972955,-0.072377331133086,-0.271650128686571,-0.146088908594239,0.107169537439016,-0.0569705654845862
0.303689406078095,-0.0015893586619831,0.512997938157773,-0.284641128667109,0.0211826645528213,0.31100350456756,0.146644265637043,0.332276880458635,0.354980997753432,0.119776008570098,0,0.621222078010319,0.486393088860564,0.211363662714442,0.0814970085174554,-0.231526958051631,0.464817164560175,-0.000410233209948738,0.0974321688161894,-0.262207547535611,-0.206728468737218,0.511314942260191,0.188217964509213,0.599194368472627,0.268062326623785,0.625389127753328,0.227071001437658,0.191644751562824,0.232948428744482,0.196083753379198,-0.470626376416922,0.0500704422625632,-0.449415390916626,0.0208738394792618,0.517518706715182,0.312596845352311,-0.0325434855821897,-0.229571394472241,-0.119796686770154,0.188178143650668,0.170815357073176,-0.195554144423889,0.465816579538263,-0.0605414942482515,-0.312569213889466,0.0071362961158629,0.296496634368745,-0.0322554773684682,0.23840027159352,0.21948328228777,-0.117830006684683,0.224398072294864,-0.0728876253923001,0.0523207807498739,0.198398765933424,0.417706912629086,0.367273553119618,0.409645699874986,0.468909433669105,0.642633831021193,0.566205367496041,0.400057695713725,0.264414225551865,-0.10466720427063,-0.110391819270374,-0.0223834096847834,0.216732121429861,0.150902639124332,-0.30008777902336,-0.196412046664654,-0.249282247063688,0.359922926534867,0.202517064334651,0.380790375386295,0.546191152688353,0.461770303439878,0.34494440292446,0.311588376189144,-0.367958575235857,0.0727442646670013,-0.119481649383866,-0.378994089919235,-0.284107182788868,0.21492530637138,-0.165966299042325,0.207197839475697,0.149415929914412,-0.118810997433723,0.296436752624774,0.048409678962531,-0.271949127480029,0.043156069676625,-0.119426016838946,-0.24490529555247,0.108324858641826,-0.220905090686409,-0.167568639971806,-0.0169509441167439,0.215233314433293,0.26347048469102
0.188108640199704,0.12460803506246,0.475485565309687,-0.171462862685356,0.085842106719593,0.265694102127153,0.534452202856466,0.374501795810297,0.264603739206178,0.466326176848028,0.621222078010319,0,0.466287780477896,0.255428823064273,0.197465553885468,0.100782306222086,0.605840795495019,0.0822631231014401,0.203507793347367,-0.147485920542147,0.0299923696427508,0.618146763456432,0.24916211609427,0.701768835402775,0.352874991075464,0.795758753026372,0.181034316823522,0.317545128862467,0.320277433984573,0.238520173682623,-0.322794461585189,0.122011877864845,-0.408844840762067,0.0461344939272414,0.466598125760721,0.0756410221247726,-0.0680351330540643,-0.231952497532119,-0.190668715846228,0.280093886788283,-0.114566472225989,-0.0881260258996934,0.578116333790821,-0.204535288600216,-0.248158909308137,-0.220067474002432,0.100985151899559,-0.0758023260590524,0.0204839385570772,-0.116706143381526,-0.0759332058643449,0.32700951285466,0.224418456066963,0.0879822649411749,0.180550478108945,0.353441422096055,0.327516541532152,0.372751622255108,0.601404095755478,0.375208327568064,0.633329207398331,0.363166871353148,0.273177179891281,-0.0306048100121636,0.114301716325804,0.137187241063677,0.357087490052576,0.371006174359842,-0.0702722256488576,-0.196135848456276,-0.0144846617211079,0.403116218745227,0.310980053030004,0.344323695488675,0.572998746927044,0.733066208521399,0.456475286439925,0.46194304503817,-0.180451780799446,0.125116853440797,0.125949177763648,-0.506288287293027,-0.217690716834936,0.22716844896615,-0.00291651951584054,0.103835452846842,0.167853879799044,-0.191907296191914,0.135414970236329,-0.188817847827453,-0.320575555206117,0.0931442172529861,-0.0669472328249004,-0.16026679892714,0.136519350627759,-0.274739569330224,-0.270071810943058,-0.14017546487411,-0.0343722216428543,-0.0186121365547048
0.0814226298678012,-0.0283204843473079,0.298595623187105,-0.11278451086846,-0.0359045415704261,0.223713589227186,0.151548750119982,0.229641367498043,0.25051514084985,0.0691609632678506,0.486393088860564,0.466287780477896,0,0.520459289024234,0.334829868409324,-0.14655375153706,0.633051111065692,0.0916517976621988,0.328947142926116,-0.0882338695877658,-0.106309148535714,0.577233609202653,0.442291292843539,0.604809024367097,0.260152146998294,0.446303178950492,0.4102643775475,0.248185222821577,0.507286801685154,0.44131635852266,-0.304744682226184,-0.115467061076575,-0.239951982520713,0.211973834571913,0.50943227060774,0.345877851176137,0.090742708614742,-0.309650584621711,-0.148276196679077,0.117154247344153,0.0829994199891033,-0.209473703725843,0.202193867521174,-0.0750347949807417,-0.268914376889278,0.0388093723653862,0.365078407143513,0.165509765565497,0.165003596891149,0.17030846252419,-0.140009793149753,0.173859933583707,0.0370916901310534,0.0933944126640811,0.147758687892912,0.259477301915756,0.200276957040619,0.302516281068702,0.309507372281812,0.455429017786225,0.52075831890876,0.661401827329852,0.502813099094448,-0.0420087572217705,-0.0262128838372615,0.141846234851329,0.194707017797213,0.276815636512004,-0.267846586729409,-0.0861634165494627,-0.231172121148478,0.437240360998902,0.366319360731583,0.314613568741895,0.523011242692771,0.354301260635156,0.478969346914235,0.451091027227429,-0.28700047898759,-0.0856908545467397,-0.174798305148961,-0.458054845126351,-0.193814543320883,0.237777590693455,-0.0222383579946613,0.312766338108878,0.27526199817398,-0.0543107633246944,0.402660407722051,0.015545709311838,-0.102136532952698,0.138126463877628,-0.0939088629200712,-0.208741681002143,0.0395787317980007,-0.156165816609652,-0.105021933337894,0.111084816511292,0.112948190176655,0.234099126872317
0.112975436515304,-0.1166720441668,0.0473267668097547,-0.0693332996880659,0.0111030234870775,0.0744518614489974,0.180737516243012,0.148220417370055,0.197784623209584,0.0123051695831134,0.211363662714442,0.255428823064273,0.520459289024234,0,0.686238499219026,-0.159114607726976,0.454230915607194,0.281818312798156,0.505914375608318,0.077450205895772,0.182334383024491,0.369114013916591,0.705605700997838,0.419245267267943,0.0172584199042477,0.208316060784049,0.282225815752789,0.230910218780952,0.508268680607468,0.663543583613176,-0.186834337970309,-0.0424660196128442,-0.0949172308510607,0.343658897249232,0.305112952186808,0.262078158225177,0.101155835228598,-0.237639526675704,0.0723097234563071,0.171754307401913,0.164939680605541,-0.24024385528927,0.103633745819668,0.047632190877907,-0.146772670768598,0.210740464212516,0.508331823969365,0.449894531750427,0.112732078394479,0.188640849361089,-0.114368642004996,0.0513632636111395,0.0324194938625477,0.0701945096611881,0.0536720021993838,0.108948018163179,0.17792520853566,0.23105107175278,0.339093832817509,0.210489423971045,0.267357806408521,0.418107700675722,0.563505641347436,0.144108726787674,0.0800480194131004,0.402600178874343,0.163745298762006,0.43175654372395,-0.20024363926157,0.174011258011464,-0.141859930490018,0.307694669424052,0.435610318321952,0.272085818108343,0.362992239339615,0.227993550456114,0.472572296236129,0.474981134365788,-0.19365400963255,-0.119439056233439,-0.318199109252244,-0.421788934396896,-0.037890936912988,0.14935639760224,-0.0459382340235613,0.437363714946554,0.21977420310976,-0.00942500383553113,0.360608613119214,0.0709470688288803,0.0584316727237276,0.109389685640607,0.0774168110457698,-0.0564295585024102,0.157983615014354,0.0232037848975341,0.0529935568460887,0.288187455147153,0.0817995584076639,0.204268251434691
0.0529971844878208,-0.130293446732503,0.00661279294324609,-0.0837942199618719,-0.0348081594945353,-0.0554424959186223,0.10820109614033,-0.00654605377028805,0.0217307639639616,0.000690887576789083,0.0814970085174554,0.197465553885468,0.334829868409324,0.686238499219026,0,-0.121181579212495,0.309266985754421,0.173792912382703,0.331640920131603,0.109469053690038,0.370679343940806,0.220868948647974,0.481842689566168,0.29166489669877,0.0187447768068772,0.134948682936557,0.127861979171228,0.222656328029688,0.463490916811586,0.557788634736164,-0.115285316451578,0.028080751633579,-0.112610827658302,0.137935706559927,0.128817076349921,0.024208534110451,0.0181697183514026,-0.257395375873071,-0.0643367973821817,0.0446264320944191,-0.0969994684409011,-0.210017910717463,-0.00579438931490699,-0.0710524416317089,-0.149830033112693,0.0173752242749386,0.254777732372307,0.268294587337737,-0.0399080156916151,-0.0626650294508799,-0.0913333900531658,-0.0126268556967432,0.104191093114869,0.0460454454965111,-0.0821874109346063,-0.0075884203070992,-0.00318167845546536,0.0397850642408104,0.163978878793119,0.0801686306254359,0.196821959771299,0.328407470903516,0.45748463541992,0.240573900020025,0.241848523602916,0.706153441109768,0.123811840645938,0.406546530869436,-0.019725510686572,0.0954680449530153,0.154946592230918,0.230525662118365,0.322157194457575,0.13930818964026,0.300096565922415,0.176124380748033,0.503596355843392,0.490083197837932,-0.131546367169855,-0.0313386807425963,-0.0368562567283238,-0.325607015517787,-0.0840726486198025,0.0630617474505835,0.0234229185331531,0.206401513032984,0.149150996856633,-0.0507988214299384,0.116727791128125,-0.0997734454156934,-0.0372736310065158,0.0495051383290372,-0.0698748970053479,-0.042683645484231,-0.0241563204312876,-0.0935803687601059,-0.0332261209711036,0.113197163858469,-0.0815384378959018,-0.0376322465841083
-0.0612806274831772,0.543057162373887,-0.0496627913894255,0.433832323481365,0.146683405158562,-0.0161231848317462,0.292558623248796,0.159572913605251,-0.0974819455949035,0.33246308329509,-0.231526958051631,0.100782306222086,-0.14655375153706,-0.159114607726976,-0.121181579212495,0,0.0530394538692491,0.249235172195197,0.0915997869038349,0.17375186957333,0.284678814289574,0.0450606927483295,-0.103942457844106,-0.057880889441874,0.10861806434524,0.0664476921054472,-0.169999707466685,0.05019599395638,-0.0501912890579779,-0.273156859639443,0.311673664120955,-0.0208548145549245,0.310265548567974,0.0503356297191916,-0.0342999958761386,-0.218164973762965,-0.0156268646761789,0.215932642817791,-0.0596247957124842,0.0832096350289333,-0.179693663449811,0.29964281675721,-0.0253945869990667,-0.179354054900301,0.271017899699812,-0.355323303272312,-0.364603825792664,-0.18377435225777,-0.147851076670127,-0.306990747303901,0.298344356622485,0.258504754799443,0.471437433315312,0.149023874485357,0.0462886717506208,-0.0392396143094345,-0.0317087880382165,-0.0861560802505542,-0.0750974383246493,-0.215846957568695,0.0460358475905329,-0.176537741627298,-0.254391259129278,-0.0454620972151066,0.192949696759748,-0.0422229613327003,0.0438280721970256,0.15658169424845,0.310482917111747,0.0861100176920258,0.258965083155338,-0.100815185416402,-0.151856979283402,-0.153652856571298,-0.0956794139151117,0.102993239241146,-0.097850448865859,-0.148326296643157,0.273594565811389,-0.045921864080796,0.18318325850753,0.0138632174841401,0.093159179323875,-0.044580215722695,0.084075330538264,-0.323083014718445,-0.0547950551148215,-0.161463865228567,-0.174448400826964,-0.24443158066939,-0.0264138127697102,0.0157034133978654,0.0316056653259891,0.144973068373268,-0.160341373573031,-0.125110415418939,-0.275865132633909,-0.32387518338553,-0.137142896440125,-0.250323744247913
-0.057242601510559,0.0823236782064649,0.323806439067435,0.0264018009393221,0.0203042375640515,0.183959832628686,0.427585372407374,0.388605537473666,0.278173353288377,0.203678574602433,0.464817164560175,0.605840795495019,0.633051111065692,0.454230915607194,0.309266985754421,0.0530394538692491,0,0.25806048419459,0.510862134232104,-0.077910349741064,0.0311812398610334,0.745670953649841,0.452787103625133,0.742355505339212,0.358667783968742,0.553182689240215,0.320639102325376,0.27704662365032,0.539641955904651,0.446770200387761,-0.262177760863716,-0.0440617356155119,-0.259098626392141,0.150812223359483,0.515108538240568,0.141150720004619,-0.083222459630991,-0.286076111209195,-0.197581774889988,0.208208985694146,-0.110783122684457,-0.210427650517047,0.313189270641462,-0.289156385198752,-0.371657791277326,-0.112776808810052,0.246744744140138,-0.019927133203603,-0.124724299326471,-0.122626555890039,-0.212017464989267,0.279369646859828,0.283899332129354,0.192007007512667,0.148861090583802,0.272613853937943,0.330620901299273,0.371947726779774,0.345158654220268,0.394089588907238,0.512165905328581,0.468352199480551,0.374954531631849,-0.141213530409845,-0.0939493751827924,0.0892783940730645,0.363636004405604,0.471035925672442,-0.231094529917612,-0.10807590328378,-0.0718567585715743,0.554441165578771,0.395643170168943,0.279534019472828,0.631377905985495,0.529035991733269,0.598230761887862,0.490334676910119,-0.21358969934115,-0.0893743420485212,0.0904112422349196,-0.626398397267728,-0.385273805364082,0.211426927450081,-0.038399842661561,0.206894840756092,0.165032548942346,-0.200143693554526,0.236732459154333,-0.110723477411596,-0.348419522841367,0.202623919382391,-0.0601749171111029,-0.188501924983632,-0.00544386164431081,-0.347106203541554,-0.232223903407945,-0.19156972356367,-0.193603192034192,-0.0295137065810005
-0.0900038377492482,0.028808662014847,0.0196417321028244,0.0956908398366863,-0.0500076734381006,0.0484075134163782,0.150260782656442,0.229679316680066,0.117409606338689,-0.133063319479255,-0.000410233209948738,0.0822631231014401,0.0916517976621988,0.281818312798156,0.173792912382703,0.249235172195197,0.25806048419459,0,0.630534320901821,0.530460607794536,0.490548738155771,0.210069958039356,0.191811711101726,0.0968634951996654,0.100331733711418,0.09635846398045,-0.0659885747581215,-0.0497258427909021,0.125619497966313,0.0192239539665052,0.0566726348788217,0.0662994948656711,0.0982414295501359,0.662829589703102,0.0597201262000393,0.281700522273834,-0.249777197150605,-0.129933670135977,-0.140145017568814,-0.0347091383653218,0.101912804679124,-0.126635687540336,-0.0304032263314893,-0.265965148094422,-0.0436223470959328,-0.207237258895186,-0.154559727224267,0.00387745192304444,-0.0525792663940335,-0.156121753632924,0.0310431119037488,0.130668246986816,0.247590003902032,-0.0305281970216454,0.0525233815270009,0.0464816094687647,0.0311734884606197,-0.00482057635185496,-0.0251298884384968,-0.025227022422356,-0.0112255388728201,-0.0911513428385389,-0.128132064656701,0.114173669628361,0.166708133460905,0.0792494347786333,0.158356666108087,0.242811092342412,0.427636004015958,0.54965085321245,0.358626294086004,0.0290657095233297,0.0892555372185829,-0.0389539166250481,0.0271643722383986,0.0248092702527714,0.118304542886819,0.019725921082143,0.12816999890491,0.127631106017353,0.12800979233904,0.031790127001963,0.0815044387174924,0.163925148629733,0.0084447154703798,-0.176008701872917,-0.107383958770441,0.018941245219149,0.325789893820054,-0.0514722631818064,0.0229498811729893,0.0561364606670992,-0.189206885144623,-0.120478885620668,-0.0399083617924121,-0.208800353554441,-0.198600835814815,-0.151400560732222,-0.0863405998767102,-0.102369340649551
-0.141755797881423,-0.10475241318963,0.0244528943987753,0.0545551964193824,-0.0939877391698328,-0.0335086769543797,0.127668105200368,0.168311446462929,0.0590537579410796,0.000380862617786,0.0974321688161894,0.203507793347367,0.328947142926116,0.505914375608318,0.331640920131603,0.0915997869038349,0.510862134232104,0.630534320901821,0,0.200518654240392,0.33672059567428,0.345440313050373,0.34781987233825,0.266484301445549,0.200241938231248,0.14185856712449,0.138561732278111,0.106299454256072,0.354077514008208,0.307418910382512,-0.035699314174009,0.07632417034397,0.0173506559048017,0.570508866822106,0.13738866433497,0.17132910905845,-0.141047883764165,-0.0472894030305402,-0.11648642406227,0.0482012056217375,0.106382164350271,-0.157823740232397,0.0422992520059046,-0.137911171400755,-0.147679443248417,0.037764853064849,0.0632302790545356,0.118865869302739,-0.130479718094738,-0.0872686067400627,-0.122148564520033,0.0017912614004137,0.184584888492278,0.066682957969814,-0.0677476309381403,0.0173880636680551,0.0129569482604479,0.00850040876719378,0.112759536801034,0.115284885590755,0.101119537896185,0.101784913372444,0.088625201498679,0.12617474889569,0.143946710450824,0.152691128316722,0.0450442493612832,0.466395205451196,0.186372104530486,0.34024820437632,0.146634392109819,0.206007067189069,0.195642552325653,0.0414001225907558,0.189848636211804,0.183471014285252,0.321972690301851,0.196634062162104,-0.0348591109866175,0.0954335449101638,-0.0165285547186018,-0.257893014888214,-0.112473757905552,0.148687665810392,0.00716289748914339,0.0346460274378353,-0.0322472677048635,-0.0399310751830797,0.231255379112757,-0.0226248612108025,-0.076966857246584,0.211908907084338,-0.0655152159831807,-0.059738420033402,0.00573738182296304,-0.140919018936335,-0.0558253787280146,-0.0685479197776346,-0.150876082377786,-0.0339592508656667
-0.016673131063866,0.0413286581656768,-0.142706179945406,0.0992708522206282,0.0589836791618038,-0.0625516343992107,-0.00697265181654905,-0.0658230075965153,-0.0565271388616988,-0.153386413519466,-0.262207547535611,-0.147485920542147,-0.0882338695877658,0.077450205895772,0.109469053690038,0.17375186957333,-0.077910349741064,0.530460607794536,0.200518654240392,0,0.436524687438404,-0.107297241142627,0.113650169958165,-0.145680412538336,-0.0306181801896567,-0.108269398596519,-0.0134427002203893,-0.0998267316066001,0.0764696681918198,-0.115899262409638,0.19898270289805,-0.0527622227344712,0.0938484563892937,0.269816544088914,-0.10210008855697,0.167752748757723,-0.216981534890703,-0.145631331266274,-0.18594075747052,-0.213783690414039,-0.091169812010627,-0.0840969473922223,-0.239336851322648,-0.191971390753883,0.129438364642668,-0.279183579554265,-0.228476365862779,-0.0150568497549734,0.045525706457017,-0.149933580069691,0.143522084994311,0.00842657205542268,0.142258546151062,-0.0757410415889156,-0.0300097671249818,-0.167883384533797,-0.198007055809192,-0.19726664752195,-0.156627201776608,-0.239421281854857,-0.141044148997185,-0.143984200903473,-0.121026488568948,0.141448225070838,0.135948225095792,0.123564759991069,0.147862591791973,0.0455242760368518,0.352460902730016,0.365752974215336,0.526514721336632,-0.13393939385979,0.0150697353260684,-0.0914022614229551,-0.192889446820741,-0.165692508022633,0.0752426229076653,-0.053828742476135,0.21260813988221,-0.0196033632318358,0.181695047752872,0.237253466749297,0.236352707956063,0.0302481304434937,0.176712663286889,-0.217375414838556,-0.118602520329153,-0.0123262706323685,0.25693865948786,-0.0136163462840882,0.0878041588902107,-0.0562813194740764,-0.180731682665613,-0.110358556678691,-0.0460225171671056,-0.0840241091843206,-0.145280296312447,-0.0121081521997531,0.0308106240384701,-0.157552441565569
-0.103479160618767,0.0447065570634158,-0.0906397372403844,0.21533608393071,-0.00123370863169551,-0.0485042753215126,0.0986028557629216,0.0439139677133608,-0.110689660086663,0.0716663366121306,-0.206728468737218,0.0299923696427508,-0.106309148535714,0.182334383024491,0.370679343940806,0.284678814289574,0.0311812398610334,0.490548738155771,0.33672059567428,0.436524687438404,0,-0.0664269315724002,-0.0771158109098886,-0.0548188739452068,0.0781231009498995,-0.0190366167045608,-0.20124358377096,-0.114288119709054,0.0721899068179136,-0.0754097097511276,0.203313859479016,0.202442625309439,0.115281251338768,0.291948520631543,-0.185744855610609,-0.139367726263456,-0.283673068135416,0.0235668021443177,-0.221293550572882,-0.120861451110065,-0.1681189072458,0.00827645190921839,-0.159325330464572,-0.285685367044419,0.0670325257378321,-0.352186079385575,-0.435125988670452,-0.10917988333639,-0.187742137655438,-0.326107490184223,0.0878514316690288,0.0541094023121874,0.28614395243012,0.102609597882194,-0.0569806594875159,-0.0421167623926467,-0.104147717320636,-0.161422532880165,-0.0795964353377426,-0.2828145473772,-0.0814838314000003,-0.280687272621104,-0.27141372175426,0.264019304458045,0.49183471619124,0.403536197873457,-0.0922326213871964,0.170304724042813,0.460976113615671,0.228161514493443,0.726093082899163,-0.265901998349183,-0.189507525260329,-0.279170263987277,-0.169858933992908,0.0144417043650686,0.134150920076079,-0.0253518257514285,0.254724888242068,0.200017935918166,0.257785980115964,-0.0373436282666278,-0.035528506684458,-0.17650725101684,0.08131955875997,-0.467785903363557,-0.186231882611745,-0.146240475510291,-0.165376378935365,-0.292648994573261,-0.102011841168721,0.023547764407677,-0.23858146933404,-0.0240660231334387,-0.226830098633046,-0.217880322814144,-0.273919530965103,-0.322890154246607,-0.194894332059811,-0.269969433102813
