0,0.162247100177577,0.213232844442843,0.155526705346257,0.176872300570835,0.129224425046454,0.144797461025967,0.13055888703969,0.097713671486259,0.155629153552395,0.0100949125746858,0.0704187168052441,0.148612837395867,0.0216094762507013,0.0514049535247117,0.193549522978657,0.0302250296973694,0.0634395031104823,0.0964053496463782,0.0400801777772054,0.0291023363939991,-0.0146202200432993,0.0260936287963123,0.16230687720283,0.279813443561843,0.031249536256921,0.190826306390035,0.117606308217806,0.0440606895535602,-0.00145658890941068,0.152924828009672,0.374270768593513,0.082756874469664,0.0309364353612494,0.269911994534651,0.135343912736803,0.0603571113679856,0.203927418268568,0.034784737953469,0.0897515400317526,0.12339366395649,0.282249383078805,0.190725331733557,0.103475154588751,0.105795067090821,0.0526010574799369,0.0299106552854154,0.00487742460792572,0.0829756287366825,0.0534437057230319,0.155081895906058,0.239666902392167,-0.00194563004915436,0.120431772242546,0.144037781547101,0.184047889471989,0.115282070639156,0.0997903860276802,0.0878483265188715,0.0470139437011201,0.00589004941396798,-0.00347072163252668,0.0200814106668102,0.00335112501891733,0.00776187368092956,0.0187424666610101,0.00313484001330101,0.0383256719725988,-0.0554851794802575,-0.0879530152998855,0.0638766534024835,0.0385932650458237,-0.118509773090496,-0.0922326197806846,-0.0533413006639918,0.087087028770883,0.0420608387558396,0.0990903507270867,0.130827037652791,0.216769933270124,-0.0281366832602502,-0.0169593950863624,0.118490755379523,-0.0942254999106931,0.0723108543901235,-0.0631245263931252,0.0769347735513085,0.156558957327602,0.0324582716607694,-0.0744080977144519,0.119315329820497,0.146720520907491,-0.0526735194900693,0.0782519316806445,-0.0550875311100291,0.120100705157623,0.0162766793071,0.0854094011705696,0.0906209794275197,-0.000645813480643263
0.162247100177577,0,0.41904298563558,0.640800299067326,0.57746786823941,0.1768750204945,0.0176371085564998,0.297312841189832,0.0811507453518843,0.00102633999834775,-0.147626722823554,-0.176222252384956,-0.0176770622359407,-0.0854389918274673,0.0331130498733244,0.307809682562065,-0.162499614072026,0.198294777531103,-0.0340802836128976,0.270093548480783,0.0498798300502803,-0.125680052116738,0.0120470336500054,-0.0912081303058773,-0.107627350192259,-0.174661847594802,0.121004887235111,0.207988877023749,0.117813449073605,-0.106096127867971,0.0743454059163192,-0.0019767821489444,0.103172643881406,0.0224374117315472,0.0761403858339645,0.174599097763968,0.288311540508526,-0.0652967280794119,-0.00561399769484056,-0.0935563439204129,0.0274329718883201,0.0133642679349859,0.062709864827264,0.0265439082096493,0.161046229985859,-0.0528626746276994,0.0143208522274997,0.101130328243593,0.209964157182321,0.130704930251341,0.186629025017326,0.624369760624662,0.203015393935578,0.564206074318611,0.453787634251495,0.194800256596036,0.378430995369481,0.0598816189375287,-0.00788894950580394,-0.0865442507685805,-0.0464597020126326,-0.0815987904728597,-0.00669436536054882,0.0937446044829155,0.0649533194193029,0.00222580514723447,0.076393564775566,0.0420430900718254,0.0520834432311013,0.149973904807615,0.160479275783338,-0.0708524388514036,-0.081407505881814,-0.072692860146621,-0.0352599180624468,-0.116857280639731,0.201982170535007,0.040955219005982,-0.142497978397664,0.0502672896631572,0.014276739272811,0.0869359268672991,0.210901933319243,-0.0601052625876786,0.119857729563706,-0.0372753538650673,0.282570630361712,0.200996715127595,0.239520450931098,0.0685903450051026,0.165242750160419,-0.0611577741491024,0.00984379694524192,0.049840149831492,-0.0815625459086403,0.107826793019154,-0.00454413701935834,0.125349735651202,0.136504626019006,0.044809072936556
0.213232844442843,0.41904298563558,0,0.321424522118399,0.173461532863744,0.495736663983481,0.302099039532737,0.358542604103857,0.220682742846595,-0.0161283945562556,0.066334911009015,0.101703667917188,0.0334519604259217,0.000553471388191733,-0.0171911987482441,-0.00868557706943094,-0.0198941883475022,0.253913792010972,0.033175199671674,0.00751270705994285,0.0863133672207053,-0.0724210177195725,0.105346319279453,0.254860743713913,0.0810433551857478,-0.0827685687237707,0.182873911403463,-0.0759664009111704,0.0390380793643815,0.0926195547383047,0.0322055392078837,0.116059996523165,-0.0625325259901791,0.0172127001786301,0.2354681951179,0.0861441698390295,-0.0960467950128823,0.173699874573404,-0.0528871958845019,-0.0470994569420901,0.140927097444875,-0.000479679421322397,0.105851108633217,0.0337000085358021,0.0807424159000735,-0.039446087736301,0.148091209297382,0.155479952657753,0.396332619376411,0.037127992928558,0.00829819766697258,0.408251949022615,-0.151945721615886,0.193117621722501,0.531216080898907,0.325916274699234,0.198614475931456,0.202902227512554,-0.111677226195256,-0.054937850892228,0.0142551407438874,-0.018664669565968,0.111879552219095,0.105694997138381,-0.0876812089573314,-0.116868066634404,-0.15497367880719,0.0262099862112766,-0.218011360056919,-0.0723195263380882,-0.150816649710475,-0.0365469618077007,-0.296509569930185,-0.143586257724217,0.148530436872006,-0.122877451090245,-0.0143390304375196,-0.0847868814347508,0.0159743023895247,0.000315100719133135,0.0865549839976302,-0.196469002780138,-0.0254026176549659,-0.14934471959326,-0.141313735913632,-0.16034967261586,0.0332850150895961,0.0145438332724423,0.0412516088081986,-0.0855214674621383,-0.130496835558343,-0.0744805020013866,-0.212656101999144,-0.0807198490153206,-0.114056018135939,0.0509643706237302,-0.0923107071004794,-0.0959702309016216,0.176817590882141,0.0850234388054259
0.155526705346257,0.640800299067326,0.321424522118399,0,0.532424776375356,0.246431929270472,0.145842453540269,0.40896175146314,0.121558688055932,-0.030132094717532,-0.205191676916159,-0.205342943937742,-0.0568200011907044,-0.184228484074602,-0.128062599788734,0.354712419700134,-0.0758468769456788,0.27621633757058,-0.0646389612918712,0.185944667119337,0.0483418839123093,-0.0381480607362811,0.135035953946833,-0.0851470006099323,-0.0524543581465163,-0.365594214073468,0.124224506914617,0.0683293479557337,-0.0248179184688648,0.053527997875217,-0.0087323818279444,0.0987866534495759,0.161682247955052,0.118510198227624,0.0481449435580319,0.248162650606044,0.11418295745451,0.109371506519901,0.0294017432872655,-0.0642864413429468,0.0911857931067316,-0.0592952656105987,-0.0252240874251558,-0.102017924903779,0.15753194980277,-0.0814899322324069,0.125167178371288,0.218295681394183,0.22474593521798,0.231363503646877,0.278314862617225,0.529278661627212,0.302264501463551,0.689175502814434,0.365602108458034,0.217895131096267,0.436164487080877,0.124824926352212,-0.116382571604875,-0.220535845839512,-0.265154756577825,-0.16360494375666,-0.141502032147194,-0.0786799597644902,-0.144739630651659,-0.198366506009398,0.142623442000456,-0.0636392916490522,0.0382712106336704,0.236749991397076,0.01013357533201,-0.18989421241132,-0.159238714071436,-0.000394954416436496,-0.220422216659124,-0.297283816212994,-0.0145530902603944,0.137303186442748,-0.168908730685298,-0.0515253773273129,-0.00660244853622798,-0.0162996908203267,0.0710305217731123,-0.224051884547323,-0.00532856053451899,-0.0775013095332797,0.075041376859585,0.0432143277296873,0.296354169014817,-0.00480408090218924,0.0846501579271455,-0.0183691618188497,-0.0611856704793124,-0.146336285383753,-0.258336529394824,-0.0538235031875678,-0.0448569266082313,0.182445721448155,0.232649680187294,0.173468602448734
0.176872300570835,0.57746786823941,0.173461532863744,0.532424776375356,0,0.26243538568579,-0.157898104740024,0.241986121852411,0.229490440072454,-0.0158178238059749,-0.247381925311788,-0.27813869628232,0.100601710108542,0.0253259382320785,0.105328673945243,0.359508228751183,-0.14844347061187,0.117114245780779,-0.0449018867452,0.483113817972519,0.208622630593114,-0.190760282758152,0.163723581611451,-0.135582918622958,-0.0740001570942241,-0.195714119643512,0.122111894278074,0.319626167720389,0.190026865625546,-0.0824165947318622,0.0641597346629869,0.0290803242323236,0.14813471794327,0.0176026497773858,0.0236300943431994,0.181729822689029,0.332167636124503,-0.179067611104772,-0.0182627211724923,-0.214031867577768,-0.133652867045817,0.0429866617114254,-0.0516458543676955,-0.0734460654439443,0.137051860675763,-0.119460832697928,-0.136164361724692,0.0368301589965603,0.0610873639233812,0.110992595204157,0.20007997557064,0.331585409107503,0.146540561994714,0.415084790843498,0.402410567855249,0.208944736645783,0.241700065828507,0.174122169431603,0.0147424597649027,-0.121908273379493,-0.102829988168016,-0.0454952646143046,0.103483728738876,0.115077706052022,0.116978029656856,0.027275093819701,0.150202417467531,0.182707281540951,0.109310697019613,0.106853404567169,0.276275143753012,-0.031426664483272,0.037152203494472,-0.0748680260849581,-0.0924771909070153,-0.058259762640863,0.223084694300427,0.24129563524243,-0.185020956554808,0.0243560966366061,0.13552862377107,0.0241182011836894,0.227096535118484,-0.115705774460607,0.196117013374044,-0.0919114299729897,0.206436949080705,0.26252346931657,0.230051843555412,0.0596701776113539,0.212687517593463,-0.0562605148882018,0.0599580938599879,0.0608966561105013,-0.0860231476961562,0.0331757086543409,-0.0158536608072633,0.204860490872819,0.0560275695041775,-0.018694372259347
0.129224425046454,0.1768750204945,0.495736663983481,0.246431929270472,0.26243538568579,0,0.043932989653328,0.408036100014498,0.625510369048883,0.0631922274224891,0.0332761050498447,0.0309475722033917,0.146044777736439,0.158907589871224,0.0959898457996012,-0.119975442961132,-0.0912145333581599,0.291515579890277,0.0416966771086339,0.19504033509209,0.131121790616704,-0.163399727893602,0.1339369453971,0.0877541036027145,0.137379427301892,-0.0679318233890514,0.149948342674595,0.0253108510668367,0.128287233730322,0.0477825892054915,0.033471903005642,0.213261300772986,-0.0467113711137748,-0.0952384742994215,0.159748222701851,0.0373279176959999,-0.157085580260459,0.105968818128411,0.0265834839987609,-0.0269455193112503,-0.0550588793477438,0.00325441898911206,0.0144975771790245,-0.0140037540305415,0.0847286871335665,-0.0757096051507258,-0.0221039981213066,0.060556836370395,0.493039110276403,-0.0276823614726328,0.0808064907650803,0.225247359164182,-0.113738172808163,0.214438999172864,0.69449039113681,0.624969178221949,0.247974630755308,0.509104733385563,0.0240971149380841,-0.111027178697916,-0.0875894033743565,0.00135837485382565,0.123008781642162,0.158121341722836,0.0385661969750036,-0.028769444041993,-0.0144643414189316,0.00931678331318685,-0.110351116624807,0.00610618392692725,-0.0396420319682476,-0.122730184589842,-0.215835749624366,0.0600898183767039,-0.062466986501394,-0.113269553430885,0.010037980602544,0.0466447167506383,0.0203426284338324,-0.0177264665172919,-0.0448669862675809,-0.26892654465032,-0.0174256276857295,-0.198219582602412,-0.113559705929825,-0.16450780613391,-0.116803685715059,0.0159865257294024,0.0446011563838359,-0.161469635301796,-0.0600944891848467,0.0243939469556462,-0.00892191003181477,-0.063047902317393,-0.203503388797329,0.020364842428378,-0.0819291143522103,-0.124161250515684,0.409173444239238,0.0362877308762108
0.144797461025967,0.0176371085564998,0.302099039532737,0.145842453540269,-0.157898104740024,0.043932989653328,0,0.319961727811101,-0.0102753624849031,-0.0904767214568579,-0.00267759149363769,0.0536618873359443,-0.203390626933375,-0.22362968082812,-0.362517748916596,0.136063513485434,0.302256300765096,0.385568927258744,0.18698057128675,-0.246220970805187,0.0737866831830638,0.109002265345697,0.209139855687066,0.305519844817181,0.0473815122929214,-0.0967091079795165,0.0155456668737152,-0.345050655703126,-0.18837980424929,0.0924153905105961,-0.120785105186043,0.0803200663178946,-0.0122652016569236,0.310402554987945,0.114688162426103,0.129781741184034,-0.263541092438123,0.340834580550788,0.0705995804375407,0.27526981189955,0.368327418532535,-0.203045194301581,-0.00763896960193908,-0.0450030929838443,0.0180710034437907,0.182618854542664,0.278676634152955,0.141624320032538,0.251873309054236,0.185782183615203,0.0379039925639436,0.168159930287168,0.165631964752443,0.038539360585847,-0.0309142557902993,0.0397140959069102,0.119104282446481,0.0589296737181758,-0.308251559252154,-0.275449610672694,-0.265055718544325,-0.212635131594967,-0.214123493277363,-0.286715493714489,-0.290310119948877,-0.426573607923001,0.0797051448263856,-0.0399507774221888,-0.169428741519828,-0.0351150774935972,-0.365839300312217,-0.051283257304338,-0.106310285321123,-0.23035199193907,-0.0442719004994388,-0.342923593298041,-0.34173949007795,-0.101010037435332,0.00545962427448574,-0.0617519623661203,-0.1203796697262,-0.138329667916302,-0.238828405509944,-0.133786818173966,-0.228111738140616,-0.172238588174124,-0.12060361032731,-0.152847175161904,-0.0352644318840776,-0.141007739011401,-0.215519203544507,-0.0122381993153859,-0.255844458191676,-0.199883724463396,-0.187064610490748,-0.14246239244058,0.104765303524469,-0.0551768012448684,0.0401681833118332,0.246120521302405
0.13055888703969,0.297312841189832,0.358542604103857,0.40896175146314,0.241986121852411,0.408036100014498,0.319961727811101,0,0.527230341808173,-0.0204991454581899,-0.153392430545632,-0.0472446380229723,-0.00559325697328801,-0.0351178741339056,-0.0643012802170644,0.10975430351297,0.101503242125661,0.684019141206216,0.110799187487948,0.259547584369451,0.318094308372401,-0.212236302765967,0.201316944703641,0.162583674412224,0.0475517319511291,-0.209748648518513,-0.0418412454983393,-0.104152795922975,0.0940335754149018,0.0547026186309182,-0.0722000404079366,0.0592882667767519,0.11080941486636,0.0892124878035939,-0.0949710619653539,0.0440501073173016,-0.101783031155037,0.0146627968085323,-0.0657215959882894,-0.0924722453233729,-0.0103711823920058,-0.129943458846186,-0.120507571383364,-0.116304841084349,-0.0770972523494394,-0.186392040105453,0.0232472462814766,0.0368053878079462,0.300999820982491,0.0433519767172441,0.0858636901933192,0.406612190631764,0.0843704393461942,0.315010070882394,0.401971180635268,0.457356714767282,0.586669157275521,0.624951475954815,-0.199472346418403,-0.117323506099462,-0.122308608128114,-0.0563456380696475,-0.0849661424986785,-0.109818795204116,-0.0396091330307053,-0.18093036797659,0.0518488693305218,0.0286981205106178,-0.11037058871005,0.339194998359114,-0.0631069379581118,-0.141841320619832,0.0268763373260592,-0.171330100576966,-0.0129829192662438,-0.176027874813257,-0.00433985645750693,-0.0156485486710612,-0.0940484761985445,-0.15609186472828,-0.00718905980437861,-0.264915202457556,-0.167733903960493,-0.158395404546618,-0.159428897795571,-0.19460703046248,-0.049831317683566,-0.141804666422596,0.162007231549222,-0.298548490958493,-0.214672107029819,-0.138526265916333,-0.243479676530773,-0.189986001830547,-0.212204292079632,-0.139159577310679,-0.214524361937191,-0.0630910937373608,0.293521607064588,0.104760693313773
0.097713671486259,0.0811507453518843,0.220682742846595,0.121558688055932,0.229490440072454,0.625510369048883,-0.0102753624849031,0.527230341808173,0,0.0653903890287589,-0.0551272349458549,0.0321667434242961,0.0670047611286664,0.151150291089961,0.193813351178791,-0.00152419968455104,-0.158801025676957,0.381521032738381,-0.0067391764747676,0.423102140307058,0.228357528477346,-0.262793897236243,0.045426057339487,0.0914339443214941,0.0903977506437739,-0.016010065603848,0.0516301665885105,0.0475236695423433,0.246371803781133,-0.0805641508673859,0.0739751043934049,0.139984094045054,0.051630161659946,-0.121302030464007,0.00563428056110765,0.0787770887703307,-0.0426376144565172,-0.0210471318605895,0.00577499657890618,-0.0111957666169092,-0.102207036554311,0.0261493509385274,-0.102223521202511,0.0240831230199189,0.00503655221792816,-0.207987733907992,-0.212146688883729,0.0249091146320958,0.360123996658805,-0.0541069047461533,0.132754375145407,0.153646736474479,0.0241874669565207,0.165335212027285,0.519157604196643,0.63319837278289,0.354829170361693,0.780045732420877,0.0821403893351777,-0.0430032579983047,-0.00181757260532293,-0.0946539783065789,0.0296417575430651,0.186755453872644,0.163406484013245,0.11164301154861,0.100461090294922,-0.0361476719017618,-0.100089308442481,0.104147175514316,0.120473009972881,-0.0833861766642957,-0.0271752281821453,0.0918420936101901,-0.063967200054213,-0.0246973008274303,0.173430200706397,-0.0163036590900607,0.0793626133779326,-0.00153757103067874,-0.089211212757277,-0.192468350086124,-0.0182822170879721,-0.0924429272393811,-0.0462822543530063,-0.0998240033682395,-0.0445321179971136,0.0428886371186381,0.0743474865759479,-0.211148048609994,0.0223653730431767,0.0240353301967213,0.0608754126569567,0.00624403594636102,-0.118047106261679,0.0357807566295485,-0.147179723018247,-0.109207119159534,0.40719443363377,-0.0741653930091615
0.155629153552395,0.00102633999834775,-0.0161283945562556,-0.030132094717532,-0.0158178238059749,0.0631922274224891,-0.0904767214568579,-0.0204991454581899,0.0653903890287589,0,0.175762734041748,-0.024156662131184,0.41793335646128,0.38255317712919,0.408943363669817,-0.141028908350201,0.313411851937778,-0.134912350470528,0.0184425611259058,0.0455702022004486,0.138673838946278,0.112731922827797,0.332009794114082,0.337536827612972,0.623785910263765,-0.123639233852852,0.00257240188682723,0.101916236981638,0.313290592706515,0.38599661363914,0.0191684312380111,0.334534077754653,0.485450911107545,-0.132735015060415,-0.0748580736179522,-0.190385699253675,0.241869818185968,0.318138595096527,0.591676926305252,0.361832850232056,-0.23580713111929,0.172996896838916,0.125795062704084,-0.186142336536091,0.0484627311201939,-0.276149158802898,0.162831239607189,0.0237060680546587,0.161243377065085,0.262048041514942,0.311261762418947,-0.026234620351693,-0.00325735918668362,0.029122610716028,-0.0251716292088866,0.149120441164168,-0.104404501770421,0.08010589572353,0.572550545290151,0.261264827614042,0.21627465537254,0.28764042695872,0.150033245031247,0.199709504666507,0.20015239281626,0.229481352728132,-0.0503906604225971,0.00864468025489572,-0.0909971691287731,0.0330912087548953,-0.0261349386042038,-0.0900470241128398,0.0228830252286922,0.378633787822125,0.161257138487187,0.0557888871754991,0.280675160045171,0.386998196537012,-0.332605621577471,-0.136623691931048,0.143498968712723,-0.276181891052512,-0.0201433416516102,-0.198520070451744,-0.124591508366669,0.0445839270055157,0.183888722812107,-0.111394803077302,0.125093629110497,0.00714386632389141,0.232101137792088,0.299907516533727,0.38970910343983,-0.347795669520938,-0.0609437264476484,-0.011098373794439,-0.163454208617189,-0.254630265837508,0.239848793789258,0.300617175158208
0.0100949125746858,-0.147626722823554,0.066334911009015,-0.205191676916159,-0.247381925311788,0.0332761050498447,-0.00267759149363769,-0.153392430545632,-0.0551272349458549,0.175762734041748,0,0.132235007593278,0.239679829786583,0.176643663285883,0.223562086444885,-0.0728790129573835,-0.0102577456963694,-0.267482937325421,-0.0184975388288536,-0.184507143798458,-0.102611650760113,0.164289511088684,-0.099637801197474,0.119388027792603,0.203083754836213,0.267508195137181,-0.0215002649075756,-0.0984462017287824,0.0752446185818052,-0.136445760650785,0.117511446885321,0.0457141849137743,-0.197739058231464,-0.175193284221849,-0.129003349298874,-0.290542961300488,-0.0509791854258616,-0.00200838825638004,-0.0130251549354711,0.0980336414148184,-0.138494228697492,0.115667584613808,0.143555363765792,0.128720046235439,0.115862448865189,0.107003184319877,-0.0384095064974116,-0.110494404515158,0.073201615552634,-0.192130731185274,0.067988870192636,0.0969994236869416,-0.124320405528016,-0.0724898697902553,-0.0372769435483864,0.0625305013574582,-0.12996868524078,-0.0564963862829241,0.259019255793615,0.36067718712608,0.245470088168751,0.213800439911512,0.229733714928914,0.149870822527581,0.0839057070311914,0.312960242203331,-0.15626096201578,-0.12219462002531,-0.144708581057822,-0.296260897173039,-0.0196480693313233,0.0538148267913719,-0.0603607752966998,-0.00794095712640481,0.133282028408405,0.316266841259748,0.184493220344673,0.00787871684262877,-0.00745899757385707,0.194335077957793,-0.146391925381278,-0.0978946009144608,0.0913219241730147,0.110073059007569,0.0410269062378468,-0.0731851205708981,0.0400450941575529,0.0814855742775053,-0.245839007584239,-0.0715685485308129,-0.00965195360002121,0.184122937397156,0.066857331713908,0.17027088651545,0.117991437497268,0.152298946124867,0.0551036196553296,-0.172897903450763,0.0483429209058113,-0.1328479563382
0.0704187168052441,-0.176222252384956,0.101703667917188,-0.205342943937742,-0.27813869628232,0.0309475722033917,0.0536618873359443,-0.0472446380229723,0.0321667434242961,-0.024156662131184,0.132235007593278,0,0.047476235067472,0.150075154192501,0.0951406386901968,-0.0209469136512902,-0.159042408032654,-0.0203752902856458,0.123953560906772,-0.251910105903156,-0.113508101844633,-0.0732855342365853,-0.173647457253712,0.417914737739672,0.113956117979315,0.508080529514048,-0.134093571372935,-0.0407471365119382,0.033895099744905,-0.0687030423929138,-0.318516069279452,-0.045031936145178,-0.299636113763232,-0.283512815894503,0.156400194323766,-0.0418238997898102,-0.100334180742201,-0.114851447926543,-0.236345750822684,0.026812732205415,-0.0362140992983884,-0.247194933555249,-0.127801332976692,-0.145918792984588,-0.457668629773868,-0.0623422412369065,-0.298186307138486,-0.168420484570245,0.0315388703407294,-0.0813965269702952,-0.277809960506259,-0.096224154760554,-0.250014763941192,-0.226618808281754,-0.0901053781631816,0.0215162391738839,-0.113013642503471,-0.00983619198156711,0.106323144780396,0.236155184756551,0.417673393732618,0.0181842376791257,0.0398396914535997,-0.0156412264156198,-0.164246023864123,0.129728541932488,-0.352339704188066,-0.17726223338996,-0.290871119918921,-0.319009366408224,-0.123555580370821,0.072593683969854,-0.112969586195849,0.160676251211052,0.117115997729131,0.26332727939741,-0.110645108589895,-0.1807948255865,0.253416467691419,-0.17531818855456,-0.13549547063863,-0.166587946184587,-0.334897966085963,0.0250239171678924,-0.14072808819358,-0.0476731135476355,-0.0372749509285192,0.0327750402698392,-0.204702709612959,-0.2543532325613,-0.194507406509777,-0.246209389414634,-0.0924856751154068,0.0490607591873119,0.061481588348361,-0.185460269260724,-0.132672573127017,-0.161188587580775,-0.0444305918822074,-0.0115949517509804
0.148612837395867,-0.0176770622359407,0.0334519604259217,-0.0568200011907044,0.100601710108542,0.146044777736439,-0.203390626933375,-0.00559325697328801,0.0670047611286664,0.41793335646128,0.239679829786583,0.047476235067472,0,0.455854465727488,0.423796668062884,-0.133521611164242,0.233529561367678,-0.113130706757858,0.109825063781499,0.0117052888174884,0.175680290239168,0.135978983097941,0.189686906903599,0.142894065841422,0.333563779862985,0.169837014107193,0.0787393660964402,0.310927824479912,0.294871896455033,0.0970573696893857,0.111207733158463,0.269065990067111,0.0705483603974116,-0.208869526125638,0.0945447083488533,-0.161757795031097,0.183411673576725,-0.0222784189296702,0.168883260420828,0.0375748210757486,-0.234339701373003,0.216877673300826,0.208887692637285,0.0247401100060804,0.0411084241215055,-0.0554939388492483,-0.00923567935919296,-0.132141582791352,0.0594029834135275,0.0162688676793856,0.178295053108054,0.0959930820092076,-0.102413430254525,0.0730800099838094,0.0802399208805232,0.100646269462358,0.0255394787198204,0.0323139457063748,0.338652791540916,0.18626779591397,0.249013324983701,0.61535042841504,0.421097805141389,0.251395390448111,0.272602226408176,0.376130610993608,-0.0992373226018289,0.151873564897028,0.0122561591023514,-0.0571671440481337,0.13831624467806,-0.0156838684733719,0.0880158112891874,0.138263748468599,0.112749833265158,0.175960299020147,0.240565950997411,0.304500769668895,-0.15142232559032,0.122483914283495,0.0388849842485114,-0.120032682081464,0.157332907412328,-0.0564383757227823,0.0968660378076415,-0.0412029192413468,0.143788920906487,0.130239540601432,-0.0316164265701002,-0.104446870822068,0.120437771469244,0.172498056974006,0.192604223982165,0.0606234610400812,0.00244181125350168,0.15251185319805,0.0264201276724527,-0.0939277589444767,0.119925601912511,0.00874871316768796
0.0216094762507013,-0.0854389918274673,0.000553471388191733,-0.184228484074602,0.0253259382320785,0.158907589871224,-0.22362968082812,-0.0351178741339056,0.151150291089961,0.38255317712919,0.176643663285883,0.150075154192501,0.455854465727488,0,0.676567951733062,-0.233568439904988,0.306457794603943,-0.0729166242841575,0.441524860853383,0.13377503317812,0.440530675291377,-0.0496209004980902,0.230013779687139,0.153436433726847,0.272479772912357,0.186648923814842,0.0441716545221726,0.23220195794231,0.423352957807546,0.126967478160162,0.201313527954839,0.137807893763779,0.0314857897899019,-0.264241211549952,-0.0419929350509682,-0.351840074040106,0.124636654342738,-0.0659940117152547,0.0440042837314703,-0.040243575744241,-0.418766985083534,0.243239599881999,0.114345125466414,0.128073172591896,-0.00543158956620548,-0.0765896730595374,-0.210284078034537,-0.167903841157396,0.0702784336968605,-0.106747772600651,0.139940266885268,-0.00975909535659189,-0.0972315263487475,-0.0796171576726201,0.0939942875743899,0.236072624618912,-0.0241517144391126,0.14988387055383,0.324671095790679,0.208291983286305,0.23659889503983,0.252435139877724,0.317964537178267,0.54916743293653,0.534584280770734,0.563669937635744,-0.111540611096686,0.278141202587347,-0.0735538016851239,-0.0972497568437826,0.284505436932699,-0.0304391865434436,0.25206423712291,0.195416728672399,0.182832108269465,0.244450430778758,0.348282739477287,0.312989975021036,-0.0443715158120063,0.151523639114062,0.070933148915746,-0.258313194253563,0.0946619993099057,-0.0539548012241411,0.0726756913026158,-0.119586432186772,0.10715488178244,0.105063359811238,-0.12933405305079,-0.174788378478178,0.168771075476199,0.145746211883827,0.239365508019889,0.127577430078369,-0.0284537336967655,0.23400745404341,-0.0198263395858862,-0.136454806809094,0.152395181191385,-0.0922612019666887
0.0514049535247117,0.0331130498733244,-0.0171911987482441,-0.128062599788734,0.105328673945243,0.0959898457996012,-0.362517748916596,-0.0643012802170644,0.193813351178791,0.408943363669817,0.223562086444885,0.0951406386901968,0.423796668062884,0.676567951733062,0,-0.127876519595872,0.0956740718025597,-0.166419967863414,0.197299921514721,0.345307516961994,0.361967557310072,-0.0339052071356481,0.169606315684345,0.137404191079862,0.26196929573269,0.13368451410201,0.07856372688707,0.259152775968408,0.634134790008582,0.0607461966888429,0.229914553709462,0.0891043276724582,0.118330973310681,-0.280905444523296,-0.0487973384178765,-0.232182798817973,0.350070668326906,-0.0916141737925112,0.0990907985128064,-0.00467469051244775,-0.391104172080634,0.275808277474691,0.1627035260279,0.119982455267265,0.0382787668420589,-0.210001329492886,-0.196201915320878,-0.0887849812955168,0.118481115338377,0.00123835033348868,0.215936243437708,0.0345352588352296,-0.119423330681546,-0.0152272932330869,0.101198639801386,0.197798258419696,-0.0284892778206892,0.184021714472701,0.398889600913757,0.383391966307251,0.330497693151133,0.219247701924328,0.27383991116369,0.558126520867458,0.601543178926724,0.80511816991632,-0.0208719679847251,0.163015919483511,0.0108646408962911,-0.0482361070350597,0.445588189663584,0.034528783065891,0.329011165848768,0.230251695210696,0.235231100027127,0.3154478129384,0.576556260908409,0.251846045948103,-0.138046446471426,0.162708540186766,0.124786183748316,-0.102399798820065,0.196760235429405,0.0278617649236137,0.113647000520307,0.0456684140896419,0.298818219495575,0.0988502875796702,-0.00876101002669946,-0.0208254135187519,0.276288650921477,0.214397840610157,0.325760247954528,0.145337185890023,0.075351893627934,0.272221626679692,-0.076441373702502,-0.119849912005372,0.22752359394895,-0.0408380217533308
0.193549522978657,0.307809682562065,-0.00868557706943094,0.354712419700134,0.359508228751183,-0.119975442961132,0.136063513485434,0.10975430351297,-0.00152419968455104,-0.141028908350201,-0.0728790129573835,-0.0209469136512902,-0.133521611164242,-0.233568439904988,-0.127876519595872,0,-0.203855810865872,0.109367189288281,-0.0485557844073001,0.201606781864774,-0.0524452257257838,0.051002511795754,-0.0137376975476428,-0.0102933992265432,-0.157397301167026,-0.113140538035936,-0.070945430506728,0.0213203777148535,-0.0636483462327317,-0.207657697198213,-0.187596603967443,-0.154208015997082,0.0986718701688534,0.184147964456854,-0.0318204666911932,0.259638861839725,0.268303418238312,-0.115572709352668,0.0263342997440361,0.0718326836024683,0.0796645781681304,-0.178350028043162,-0.12295496533098,-0.19189546540361,-0.0311027630229569,-0.127636127489909,-0.139315349971813,0.037974662750505,0.0289687461588223,0.232564026791191,0.195047971529716,0.266171952660717,0.328329522764283,0.275811638096887,-0.0224599210805884,-0.000633920407697102,0.278345797664267,0.0182199742336571,-0.00758308920739503,-0.00638050231570537,-0.0167628831973935,-0.146238607167729,-0.175488581170541,-0.203733599586312,-0.122980509417306,-0.0791260122944121,0.314649691939627,-0.0528288532337815,0.17361179714318,0.197865493452903,0.0570490844839016,0.141638162485486,0.0739502731954907,0.01909669826511,-0.0931580450065987,0.000839193090995157,0.126762123066038,0.00969915885691928,-0.156785942761582,-0.0449689458492779,0.0147073165490253,0.138491829915719,0.0370079630213796,0.0106439248404973,0.113228116875088,0.0700137695866967,0.240836708587129,0.0912913091732174,0.206927363314344,0.129325020941448,0.193524897007695,-0.0496503525761201,0.0728085161223574,-0.00115170393928995,-0.0343433071167817,-0.152257571849896,-0.000184521928369297,0.160937535535575,0.012325697239463,0.13788247720553
0.0302250296973694,-0.162499614072026,-0.0198941883475022,-0.0758468769456788,-0.14844347061187,-0.0912145333581599,0.302256300765096,0.101503242125661,-0.158801025676957,0.313411851937778,-0.0102577456963694,-0.159042408032654,0.233529561367678,0.306457794603943,0.0956740718025597,-0.203855810865872,0,0.192928962544667,0.371389024591776,-0.103568455035185,0.345992309616571,0.232123273992692,0.494907973545411,0.219753551590952,0.281645837257923,-0.238952271078665,0.0155380446912022,-0.136160940178754,0.127737218495721,0.410256976403175,0.0421444372881858,0.17457330212236,0.267619298329934,0.294271765210743,-0.0962134767017561,-0.108048720963231,-0.0247491949091327,0.25380675189226,0.22808838656484,0.153463967964816,0.0214425656097126,0.0464683768299141,0.0654128627556487,-0.047598003256957,0.0318850135473227,0.0291827002325612,0.328840698735919,0.0378395740436018,0.0653155941075934,0.256327398734563,0.103302051440098,-0.0995447096014558,0.0268050841826905,-0.110394533205958,-0.217938632450913,-0.058399968651135,-0.0715360915227385,-0.0927786144394986,-0.0708641656189607,-0.103214179610697,-0.14679292185001,0.170858743495602,0.0129798711185895,-0.0433665680737337,0.0593478141864883,-0.062071264658577,0.0344044420025964,0.244021661776059,0.0255053909056429,0.138005734083414,-0.124470750304117,-0.111738225503954,0.189833642322161,-0.104956169770145,0.079632411500065,-0.230624557481562,-0.0359504212663024,0.235209423909492,-0.210204802082787,-0.0451856150997892,0.120677787319749,-0.154164825307911,-0.125767105591261,-0.178119997276128,-0.142798861192559,-0.0900434949774039,-0.0125280138325929,-0.25955086734384,0.053050998680649,-0.0636986950390413,-0.0776621167744042,0.0910338562677485,-0.0682696547273201,-0.255453591568099,-0.235942699592146,-0.0289149876252135,0.0368060317421521,-0.0468318076188319,0.034113529100217,0.280112308596424
0.0634395031104823,0.198294777531103,0.253913792010972,0.27621633757058,0.117114245780779,0.291515579890277,0.385568927258744,0.684019141206216,0.381521032738381,-0.134912350470528,-0.267482937325421,-0.0203752902856458,-0.113130706757858,-0.0729166242841575,-0.166419967863414,0.109367189288281,0.192928962544667,0,0.277492941075967,0.261999001802981,0.314758891082264,-0.181699897897726,0.322341623381567,0.156140507043396,-0.0255806152596752,-0.187490320799226,0.0373922066506551,-0.18257867372744,-0.000270676865455283,0.0159579385092315,-0.0973917920575718,-0.00210120590985136,0.0598036558697122,0.334094097566674,0.018681197217243,0.19222360178138,-0.173651865607175,0.0234761322878031,-0.0901814052779199,-0.128106788382466,0.180906086858883,-0.157236999085987,-0.0849992628697601,-0.102548217048747,-0.0466555684827595,-0.106816268371119,0.0624614863374431,0.149299543943264,0.21317348701894,0.0672214445138027,0.073514530384871,0.29049032100364,0.17379443757586,0.229631164216688,0.239778474734967,0.381266414995213,0.589682361177476,0.436512675785577,-0.261787298734112,-0.273257230747319,-0.239906313854079,-0.141759193622959,-0.23720502863608,-0.198112434241457,-0.105440130300061,-0.24507228722446,0.118629281693579,0.0196908556739533,0.0355075668736913,0.421616400270358,-0.0229871730321416,-0.0693922965467544,0.134800742679308,-0.174553179181408,-0.106710952639542,-0.240476984274983,-0.0603973383811845,0.0155879093408169,-0.0245816972382551,-0.211457618968879,-0.0275577095071657,-0.142459833651064,-0.175642022410124,-0.17505036050275,-0.106485500289446,-0.1368162172608,-0.0820186698422749,-0.148111991044952,0.21918329699385,-0.280634554503352,-0.212555094471045,-0.169548570274172,-0.254367354307774,-0.200603982238953,-0.239783113842216,-0.143148627460753,-0.120989986450431,0.0474861441549551,0.21704530635019,0.112191764532509
0.0964053496463782,-0.0340802836128976,0.033175199671674,-0.0646389612918712,-0.0449018867452,0.0416966771086339,0.18698057128675,0.110799187487948,-0.0067391764747676,0.0184425611259058,-0.0184975388288536,0.123953560906772,0.109825063781499,0.441524860853383,0.197299921514721,-0.0485557844073001,0.371389024591776,0.277492941075967,0,-0.00512028618709246,0.425317497277003,-0.120919236943653,0.287781383586627,0.0211112045407988,0.143302334902186,0.150407760815502,0.147295977270204,0.00224493486222808,-0.0327780975100754,0.0270171244169742,0.193894381024381,0.130358361195886,-0.110362409407454,0.0265136354748754,0.0837263319610474,-0.155737004601261,-0.0622508731216134,0.0690583919954787,-0.0598300964632326,-0.0611533013791683,-0.208847813429166,0.159098249323327,0.223234267923499,0.20152948770965,0.144549277759938,0.0753780280757208,-0.179129137045717,0.0438809300175738,0.00116162894229821,-0.072238006924036,0.15722415071755,0.0677155159842101,0.161299527530828,0.0654126566698999,-0.0101215047726524,0.159030632688998,0.182909276446108,0.0909100278018404,0.0887761035680819,-0.0676373928594915,-0.00496936705589139,0.0144474667017046,-0.00124617961421446,0.123073658344566,0.196416468441652,0.195809218378977,0.100919984131783,0.300331720750597,-0.0210193508567746,-0.0637183073586197,0.135892677254325,0.0235335992700058,0.331675606340314,-0.0532754919286218,0.0683636943979179,0.0649841351677685,0.0291039151104906,0.228481472852718,0.131694978656423,0.18598060749618,-0.108045873612122,-0.138936771414444,0.119089264782813,-0.111190283162247,0.13703064088521,-0.202822250056266,0.0345109532335705,0.123503990515297,-0.108979541077651,-0.177479634887301,0.172724416830374,0.16620765477963,0.140501072389414,0.123214316047783,-0.0841876345013675,0.230791231058794,0.184124995833657,0.05224198979847,0.0302952813634159,-0.00123200929595824
0.0400801777772054,0.270093548480783,0.00751270705994285,0.185944667119337,0.483113817972519,0.19504033509209,-0.246220970805187,0.259547584369451,0.423102140307058,0.0455702022004486,-0.184507143798458,-0.251910105903156,0.0117052888174884,0.13377503317812,0.345307516961994,0.201606781864774,-0.103568455035185,0.261999001802981,-0.00512028618709246,0,0.29194186140834,-0.261882285703719,0.200653901276338,-0.0738910630228405,-0.081265724861954,-0.168207069917951,0.0601499320406163,0.179296211600626,0.416942593620225,-0.0869127430969613,0.0765457212305425,-0.121475700379614,0.174236584822685,0.114121503611151,-0.177836227874544,0.235177452038211,0.332893728438062,-0.261890032681244,0.018852927352281,-0.235687334257266,-0.119010905310053,0.0346248553108997,-0.0714348786388799,-0.0795313279567031,0.0577831012575252,-0.311979151501243,-0.173603585161824,0.137748868440389,0.202977160794807,0.0749021237802168,0.200566586964142,0.113163390748976,0.0925156594515744,0.189436151831564,0.273422249855388,0.314776414469783,0.288659745684032,0.396473400383093,0.0543991570961982,0.0133641904294503,-0.036884044598375,-0.0758853876140932,0.00257943982074521,0.26296365654073,0.317491897680848,0.28781839910357,0.267341336055133,0.118715384690036,0.224187384428766,0.383855504737392,0.487823977564268,0.00209826494721283,0.288717991096185,0.0311760495151183,-0.0186032931085954,0.0218794826919097,0.502548026466186,0.167408284673539,-0.233183275101941,-0.0627674160317292,0.233531276073684,0.0393725162113645,0.147885205607712,-0.0336221326881529,0.143210574778975,0.00832622514491394,0.237522846819584,0.0623722241897847,0.436948775491606,0.0685089451516754,0.160047354126213,-0.0880070089279214,0.106699047230599,-0.0207827508016673,-0.0569508538412197,0.0202852544033586,-0.181455366262138,0.104034173766262,0.309784811208526,-0.0440952320465997
0.0291023363939991,0.0498798300502803,0.0863133672207053,0.0483418839123093,0.208622630593114,0.131121790616704,0.0737866831830638,0.318094308372401,0.228357528477346,0.138673838946278,-0.102611650760113,-0.113508101844633,0.175680290239168,0.440530675291377,0.361967557310072,-0.0524452257257838,0.345992309616571,0.314758891082264,0.425317497277003,0.29194186140834,0,-0.166780773696318,0.402266516220845,0.000972258336906976,0.057955508688456,-0.0666934631336216,0.128485257716393,0.0828910682325785,0.256665758495023,0.103393307634432,0.202414230740566,-0.035411163399975,0.0544764745809436,-4.08966089663149e-05,-0.065208472472008,-0.240747086397718,-0.0286721785053357,-0.095123026460466,-0.0283498196665831,-0.11321983949586,-0.368416791797441,0.119471783310263,0.0968071249787728,0.151164947794175,0.0871020784447053,-0.0222282704013426,-0.133582909347498,0.040599312302895,-0.0145905905436497,-0.0696555963831245,0.0975657033132084,0.113762679320915,0.162727716238415,0.0462895471467201,0.151861565068562,0.12812171821878,0.245145361577957,0.336123594947131,0.00930943610798214,-0.00644448413518861,-0.0502382650323936,0.124505514996568,0.0978971194363381,0.241170857591532,0.325388599448045,0.231289282235801,0.182052740522349,0.439587614810711,0.0376285687764636,0.0782653841880907,0.349527104599355,0.064995113706274,0.352681447598689,0.00197061237175393,0.212012636028465,0.0375917545415381,0.207169114065151,0.2117456724072,-0.0632921951092387,0.123030244665455,0.186085522309926,-0.261658386042681,0.140354020678959,-0.0460034052485235,0.127820339732129,-0.183417511445336,0.00746180553901111,0.00192973317649632,-0.0558795632187283,-0.142616910700858,0.0593256825019682,0.0945107311615103,0.0986055549121212,0.106458721157704,-0.0695854954812254,0.229552768831115,0.0733421375315838,0.0603153415760995,0.00506877602427589,-0.0442228590827273
