0,-0.0671233873315941,0.183967437767747,-0.305196088695875,-0.1461041448157,-0.00409887669229046,-0.00287936723052099,-0.115966953179168,-0.228474530612553,-0.14543989487903,-0.0738281329752491,-0.00788984659687372,-0.154825810984371,-0.159056978157061,-0.129893935467606,0.222209587673385,0.00876289340913351,0.0298018896384161,-0.184815518404191,-0.0449365499725639,-0.139334763298605,0.248198129334557,0.0363756351293502,0.187552008108263,-0.0336038358673459,0.0103922420175532,-0.184527145765422,-0.0654790730494638,0.0437588746190177,-0.0489741420257884,-0.0163431546183685,0.032384945193725,0.0444662663329273,0.234546281286652,0.344722221786159,0.189820863238556,-0.0156688864049792,0.18284964413354,-0.122740360680292,-0.0822536381403995,0.198584400844289,0.093778881399102,0.181277376160293,0.083544050916251,0.0108075848406724,-0.0639110417370558,0.134061052085543,0.143375458313505,0.335309985778615,0.127078682371185,0.626602218258157,0.111206245777927,-0.00112315764643018,-0.170329706395636,-0.0402715002858809,0.0142559161422524,-0.0884084495285379,-0.26146406223048,-0.145899179647258,0.0167749419251107,-0.0720972977603087,-0.0565968537378344,-0.054901518631025,-0.178671021330189,-0.102673188388714,-0.156473908819368,0.372319221325684,-0.0109613430617233,0.00686176649954776,-0.0444585137311982,-0.140135278708059,0.329862980312424,0.203941023077985,0.0805904534483492,-0.0572186494849451,-0.000191208835057062,-0.00275143429637536,0.0712374015913331,-0.0277035151347942,0.0334602184120902,0.221826854189555,0.148526480600798,-0.0454242259005382,0.298844929400389,-0.343710360406424,0.137978427172612,-0.107967239304764,0.0096401047068735,0.0974049365559611,0.0726145016715271,0.162707930061715,0.0702208890902612,-0.114304644728717,0.134056867100195,0.0839062956058616,0.105358468888596,-0.107667375297766,0.106127173255808,0.407869455500812,0.140323197927193
-0.0671233873315941,0,0.384439866213891,0.713760276120154,0.654631700966865,0.360374127502421,0.493275629104294,0.380041901687658,0.477855753290133,-0.34085169908273,-0.447710724393915,-0.334641606711143,-0.341886156545578,-0.246451771352998,-0.159552270011335,0.340254581763198,-0.317480640848796,0.302732661692437,-0.128037816304872,0.424689274337845,-0.15246448581947,-0.128663057524721,-0.116366834249601,-0.167044034400507,-0.24749876776073,-0.466518722213623,-0.175115114634287,-0.272036130522179,-0.120881205905023,-0.253917033046719,0.22371201578613,-0.369115897538138,-0.0440788363279469,-0.0108302767909356,-0.254508378687327,0.315298129235001,-0.11222092851258,-0.428711110032182,-0.269733031362693,0.0255862964007121,-0.203247307321748,-0.422137312050587,-0.410298025705369,0.0672749410310563,-0.107798160934883,-0.248633231857097,-0.109438527153998,-0.137845889263807,-0.120681456557813,-0.000673185992040887,0.133184355401105,0.591223047059756,0.390933902815874,0.75524749412685,0.529731703523497,-0.176763110023654,0.53644556477315,0.497869219363379,-0.256440802740512,-0.444715973808771,-0.309941893482541,-0.372813022514993,-0.11957096423365,-0.261022222671541,0.0157730503572843,-0.319697701512707,0.201677733799621,-0.0569235450525112,-0.0659440143171956,0.170896058638135,-0.0541812836007167,-0.0141454065306537,0.0124545407023197,0.103711546340219,0.0401954670695531,-0.278466775428925,-0.0125048106893948,-0.0177264462870677,0.276025795048804,-0.267197071332535,-0.180185402692378,-0.146808077674542,0.184126596720137,-0.0695368704848529,-0.114687483150581,0.0120785909137348,0.00403440636578902,-0.323798286464714,0.261921973761691,-0.0834807609747824,-0.230767059402161,-0.356875900935576,-0.233748560909554,-0.137784270588954,-0.274373846738541,-0.109389891981389,-0.112453073471977,-0.0841728249303381,-0.0645178164599291,-0.101426725692246
0.183967437767747,0.384439866213891,0,0.248610534793772,0.292612964630194,0.619608534811337,0.323866543629982,0.448344845927733,0.484862937347132,-0.148799002564102,-0.098126672723622,0.116238739334361,0.0902947497957098,0.0864227666220355,0.0498618349618155,0.14740389041557,0.16632869458228,0.33746836507188,0.190562083280043,0.0910718734761532,0.14145476321318,0.113766059588616,0.0405873407035069,0.143573389013675,-0.339010235527463,-0.0918086297935825,-0.275299804596527,-0.16316862243463,0.0447425508603989,-0.048575555132192,-0.156590974944584,-0.367821288744868,-0.242885311461115,0.0301157476796491,0.0249278508642825,0.125271352391123,-0.148671251863479,-0.246689155231453,-0.16911176885667,0.138198301179981,-0.202895696926758,-0.177945749314481,-0.131655041465207,-0.0246251786458753,-0.327382212079444,-0.246986210789159,-0.0646517045915366,-0.0377136486020481,0.101163321634719,0.00647519697959008,0.209396542885092,0.635865859160037,0.2192495903364,0.163556603351545,0.565642287183971,0.473007768009834,0.407172361198365,0.376406085682266,-0.019786492862785,0.0966263880701458,0.0999320475704896,0.0970638821406771,0.268657534572083,0.0686705467136956,0.305941592405129,-0.0496046391473442,0.0961401403354672,0.349170095841205,0.279850588633783,0.343658986618768,0.101461530650883,0.254424577260267,0.293754268559667,0.209373908069386,0.145906033075155,-0.0228693071283938,0.0360856605150792,0.0545494377973256,-0.0775276329284156,-0.192914745930884,0.112333396453599,-0.134842888624049,-0.153424385862085,0.141310494453185,-0.241517583672674,0.0923616782814398,-0.123060142151532,-0.240452192414813,0.163001523685309,-0.103006447407946,-0.331968439660273,-0.0425321985711369,-0.175522603740647,-0.172541557877937,0.0146517868877649,-0.101262698159269,-0.129847456738498,0.046884416171355,0.149460953785386,0.0495392524894668
-0.305196088695875,0.713760276120154,0.248610534793772,0,0.624119532780893,0.182008590381251,0.473955775674497,0.406744601624548,0.430671901131172,-0.202417335641814,-0.336756439572096,-0.270639247398378,-0.223061925319835,-0.0448582541637741,0.00664714535216941,0.227272107676773,-0.285935748648004,0.251206083425055,-0.0128553296606926,0.429045115459283,0.0101514515697654,-0.235771974811697,-0.0926989672091316,-0.267670512604996,-0.186970128565446,-0.362740768321917,-0.146168023746262,-0.160327347428154,-0.0455813301569281,-0.144031084941742,0.0833241278949,-0.292099147446206,-0.0411460144859581,-0.126623328351469,-0.377414320697561,0.195247827097563,-0.0545259585513995,-0.476235761752202,-0.228953969170256,0.00532914746065759,-0.342147066944681,-0.481739086448957,-0.512377913271893,0.041626307945797,-0.0828485863600291,-0.235388213051674,-0.201435028203749,-0.169695388173746,-0.157351687267091,0.00623006266656955,-0.113012722630059,0.414161602524516,0.380817396314327,0.763953343531472,0.361105589935837,-0.141197946834989,0.50332177908172,0.471463285771531,-0.170617102926198,-0.361812051930035,-0.25206160610506,-0.32604385772479,-0.1046098025919,-0.0549803379578834,0.127701754566145,-0.110519372886618,-0.0196221902579448,-0.0427763904512999,-0.0567739328084026,0.200582430866751,0.116065546266219,-0.19537794394774,0.00413507271186589,-0.0121013602952768,-6.00152701442253e-05,-0.26357622875542,0.0026537188003884,-0.0896889787641548,0.0883172773232158,-0.202508792362316,-0.305450859748497,-0.241260621242639,-0.0024624386486211,-0.211689428510225,-0.0711580691403974,-0.114022554683651,0.067482209655961,-0.295170907054347,0.212121935815366,-0.212212622263482,-0.362535246873058,-0.312411277330292,-0.173888552127977,-0.232497399634473,-0.301321509920093,-0.0825327558274953,-0.1041451732119,-0.138648920705708,-0.131678406385046,-0.0604897948034854
-0.1461041448157,0.654631700966865,0.292612964630194,0.624119532780893,0,0.354198866422564,0.272004014934168,0.156945700489504,0.384358052246048,-0.409439541375554,-0.48423891643719,-0.377838784604917,-0.388001277764132,-0.270310131126196,-0.178739805309208,0.100957344292467,-0.290517929759133,0.0884438189159311,-0.176912089825127,0.377276275964054,-0.143791239571667,-0.193334048403375,-0.180525521794686,-0.245008241034022,-0.259414081795959,-0.29008485645891,-0.0774983639918988,-0.176697835688634,-0.101425297301217,-0.303522025753198,-0.0066553476917512,-0.311067683277093,-0.0707612327805584,0.00485064375431587,-0.233544165158807,0.269859041091166,-0.0398252405499845,-0.392435027227497,-0.20826749132845,-0.0934175669070441,-0.158473770895694,-0.389910155339387,-0.330506203320747,0.0380646934265868,-0.103771804733915,-0.0837106719455005,-0.117355187874697,-0.117820893770211,-0.0684616969868865,0.0477770385424436,-0.010124511190946,0.322130971679911,0.142697440991754,0.702632797569657,0.566538522704272,-0.108884320293969,0.283395635672802,0.317146205995004,-0.353333922534693,-0.506411469535982,-0.330180123657105,-0.430965745392344,-0.199546963541705,-0.312462982064547,-0.0354861289418176,-0.287112594952683,-0.0125436110967628,-0.196378415174304,-0.102441187059429,0.0422409632828614,-0.0496122068549743,-0.138728320625452,-0.0787333612147546,-0.0988773056340546,-0.09834312273041,-0.285297594050206,-0.0540596912639568,-0.204783588541404,0.0944358388866309,-0.142290635055306,-0.193421947049891,-0.0817669389104434,0.11023096721634,-0.0821354116755047,-0.0686590758627221,-0.00146190756724949,0.0425006064232061,-0.265247711460621,0.141217691227477,-0.132327221507719,-0.179187635345037,-0.283667746046641,-0.267796888044618,-0.196643299234115,-0.21895563272797,-0.0679862994948459,-0.0597501155908753,-0.150736732842025,-0.0265753308407962,-0.011314469006037
-0.00409887669229046,0.360374127502421,0.619608534811337,0.182008590381251,0.354198866422564,0,0.339930167160992,0.374423965502782,0.606691599406915,-0.210427151657121,-0.0985843683439747,0.0662733949300062,0.0449803710365054,-0.095888199183478,-0.171168960800171,0.0357174840221924,0.0939663433642099,0.232465716179959,0.100994514926874,0.0730645642281195,-0.0981858328444366,0.118378337370653,-0.0776704176045863,0.142310492321014,-0.230526595294998,-0.0256916354051686,-0.113230808759292,-0.134909510986176,0.00778654744499443,-0.153367598297579,-0.0955217230960094,-0.283634837940461,-0.26012586815908,-0.00820049417692575,-0.00426327258816237,0.198678714078365,-0.0903557168156496,-0.147508661326178,-0.0877689874449396,0.174727839745535,-0.116080194737963,-0.0351136200343843,0.0183089009429686,-0.0843402217954802,-0.324478143963942,-0.145669518385106,-0.0717588521878666,-0.122577255503855,0.19972110729528,0.0622274560684496,0.0415603223902738,0.490067246434852,0.0937450375006723,0.171739839572759,0.751815683534424,0.550675791177484,0.343001901614303,0.418559543627222,0.0167955704137494,0.0152933335662941,0.117453554522916,0.0853253940171766,0.176562130400338,-0.0960222365595318,0.09031091725927,-0.166120093333303,0.136335518684689,0.20436602167394,0.10725628586078,0.147727687222955,-0.0740754441940995,0.230210759116865,0.0635278707316579,0.240964220978665,0.166726782031117,0.0785181278169625,0.0633389206318045,0.0124610306466371,-0.0267494647629287,-0.0589110445533556,0.12219441702455,-0.132721490244884,-0.0242917670818645,0.11605349223284,-0.101444861214088,0.0179835784163382,-0.0368966174668397,-0.149598744777013,0.17999199853731,0.00970441457252178,-0.160606103065167,-0.0512478437896874,-0.171907190834516,-0.0538945284067547,0.116147889714907,-0.152003807217414,-0.0548105925927767,-0.0715466003705759,0.225058583306995,0.0843055599712641
-0.00287936723052099,0.493275629104294,0.323866543629982,0.473955775674497,0.272004014934168,0.339930167160992,0,0.583162289679745,0.498880087289792,-0.224181225716588,-0.164096727283105,-0.160635657231656,0.0854553369870396,0.147407538743891,0.147578345589176,0.545391840297636,0.0373633531733879,0.516181558789979,0.189084905597249,0.379539578342781,0.0799159414721248,0.0952335375574857,0.0665004379635313,0.0323326604801337,-0.166521254217852,-0.183739749003651,-0.222751848638441,-0.294982536754342,0.0975176071343815,-0.0967351828048934,0.00402327821729611,-0.114639885767895,-0.0351788245022619,-0.0578780706509982,-0.106482810192034,0.22210750955029,-0.0729277892732994,-0.183995514317286,-0.0478351648712665,0.477415521774765,-0.104290195236599,-0.337562321101698,-0.327282393520133,-0.0278364075322587,-0.286883286672781,-0.235118489387158,-0.0488914135284503,-0.00993905251857759,0.111591854404522,0.114045008455541,0.0951723259538539,0.598091280119894,0.62864051717013,0.34893290434882,0.395965511558478,0.147979700138484,0.699931317626798,0.552879956741762,-0.163036995869238,-0.112038669894494,-0.0932932443817967,0.106096448323982,0.195468747340127,0.170751551755661,0.237810060475673,0.0886699328027671,0.324464356351609,0.305406205691321,0.138410763598547,0.426954426548016,0.121272518657013,0.0677846143763624,0.103480155268884,0.136966994052869,0.118216776016929,-0.212338929666159,0.18091680360889,0.0247198311425401,-0.0472152375030847,-0.0869480617530355,0.0352184018507552,-0.207447766922011,-0.216623802587674,-0.182454603608973,-0.274442506469755,-0.0883125838080934,0.0665969880000626,-0.349787806590497,0.307318093365771,-0.104671440785784,-0.201740342998843,-0.243666239413077,-0.133874791600783,-0.189561502015372,-0.233553949662672,-0.149342919303763,-0.230237993549489,-0.05518060338235,0.224679455216973,0.0688188606461545
-0.115966953179168,0.380041901687658,0.448344845927733,0.406744601624548,0.156945700489504,0.374423965502782,0.583162289679745,0,0.677679029488929,0.0891262270660376,-0.0470779619668261,0.0597345973877395,0.324456830210007,0.303789831148402,0.232068395117113,0.384754629745314,0.137459593882425,0.594336133121416,0.232326651131284,0.154332187266051,0.211333719667596,0.121653330074259,0.147056064410378,-0.0916787628046805,-0.163476213006522,-0.14539621187919,-0.206762192357934,-0.20383435356486,-0.167242375680537,0.0147745121838906,-0.17186001842104,-0.144717706007093,-0.115859995052817,-0.181766114669267,-0.171255481278724,0.000955695690581328,-0.325915277863979,-0.1551499101615,0.0516364661381765,0.297904462654779,-0.391523412594029,-0.327118035398266,-0.301921138991198,-0.150890430650633,-0.327353727079741,-0.24233367850163,-0.1814793436604,-0.182412974794993,-0.11763232960448,-0.203250170422556,0.0927347771939849,0.564398214893043,0.574459324276849,0.183163459310256,0.365826695957309,0.344963644841799,0.755239422784816,0.715212769484612,-0.0220069921940202,0.0602093566154375,-0.0641034485224962,0.29426791442928,0.313345227565368,0.387885164500036,0.272767228096072,0.239983622251685,0.00696744418932593,0.324554307631048,0.153642002989916,0.582986913291701,0.192755397262692,0.0375644466655396,0.232877040855727,0.00841451031518196,-0.0415270318726796,-0.196526652211751,-0.108080897134052,0.0476874117692557,-0.147579295088042,-0.314146470523868,-0.163125950356435,-0.31108433969552,-0.223038597679676,-0.195469040987342,-0.201513060217874,-0.0549665683342258,-0.186866887711342,-0.17398669470325,0.140541328649335,-0.423850773322277,-0.322300547855739,-0.05481869537538,-0.14325963189695,-0.347880286484029,-0.278270383755093,-0.277545014203912,-0.175450758480666,-0.112030279838442,-0.00991149380772774,-0.153598139451485
-0.228474530612553,0.477855753290133,0.484862937347132,0.430671901131172,0.384358052246048,0.606691599406915,0.498880087289792,0.677679029488929,0,-0.0220061548159236,-0.118703540202635,-0.00469496191345397,0.146952150213773,0.10605068315436,0.048843850912378,0.20099035837866,-0.00400796759147366,0.374770045973179,0.124004081195344,0.275750297612519,0.0826999540809836,0.00450320994175157,0.031097453768462,-0.128935735537241,-0.194272716980259,-0.159672872534332,-0.148836125146487,-0.126460419836927,-0.1258400492025,-0.106151097142335,-0.010087582365626,-0.225419813866734,-0.194959500235514,-0.10650998899602,-0.243673576873729,0.184958693037915,-0.163268947111281,-0.220482047819089,-0.0439191746394869,0.269115272875897,-0.37932591103213,-0.317195521131251,-0.311306459801017,-0.0469257977190501,-0.250964936190138,-0.246058338976191,-0.187488263009783,-0.222444065821866,-0.079626282831023,-0.121088058812687,-0.00825295490236628,0.58093294264081,0.390051022080534,0.314061504635735,0.610647159793675,0.339233180381725,0.60032402856526,0.781787028775396,0.0593221644656641,-0.0634289208793999,-0.0343681969539266,0.125151503778805,0.212358948093815,0.148308387345398,0.181963986527046,0.0250768117447725,-0.00941111646407982,0.157870145667073,0.0481301915221299,0.32923892992517,0.113793362947819,-0.0467234015396985,0.0710290799896339,0.116938994545672,0.0257091317293422,-0.123344938595318,-0.015419365838781,0.0114451647933935,0.0313119878123629,-0.243255287072199,-0.159039459236964,-0.271803599348232,0.00325640168609367,-0.164603163485202,-0.0882607735366732,-0.0791896378220602,-0.030724135620276,-0.114260967161196,0.221867392607555,-0.291189951413238,-0.336580134540341,-0.112670459782537,-0.149347417165443,-0.209357664807857,-0.193442998141735,-0.164115415934312,-0.162360602739368,-0.154950204253855,-0.0237923939845404,-0.136995719683676
-0.14543989487903,-0.34085169908273,-0.148799002564102,-0.202417335641814,-0.409439541375554,-0.210427151657121,-0.224181225716588,0.0891262270660376,-0.0220061548159236,0,0.584257006167999,0.474166417676848,0.383779531646272,0.219070164246558,0.147951402448003,-0.0609338220681439,0.0871015052618151,-0.228630404550614,0.0224995395274893,-0.333001049018442,0.136873856117919,-0.122227017029183,0.0314172405674069,0.0933163616614063,0.475882024873953,0.262620931638634,-0.111851737832769,0.126200635085737,-0.0850608465683276,0.14079571061612,-0.0105328350581153,0.337110452511189,-0.110179317619175,-0.29894070318905,-0.172391781474339,-0.375767208018617,-0.132116381928655,0.301669374854249,0.154344884770614,0.0777073200876012,-0.312441702447286,0.209147412102923,0.0407643944824898,-0.0970205598022356,-0.0367606061731675,-0.134161254776536,-0.292149647731189,-0.250639307465095,-0.228171732121903,-0.352438321752717,0.0176973853512083,-0.150361084625898,0.0799483289030435,-0.373224751250152,-0.255500482240853,0.111327948268993,-0.0967876271283761,0.0116153033803598,0.514365391792165,0.456774234247903,0.236294332902078,0.367303139150006,0.0734974743830189,0.299046514564867,-0.072225334821348,0.290377180377272,-0.290025938585472,-0.0276537190021933,-0.132947386285634,-0.115072470328301,0.0809097552671374,-0.112948011126126,-0.119254801829069,0.096992110626317,-0.0102677258703688,0.243631633093062,-0.162249521383173,0.0731372998107232,-0.0836578948095354,0.00735058814105019,-0.275875585939385,-0.302610213963425,-0.156192715599073,-0.143755739509928,-0.0147197608122121,-0.289776406022247,-0.176463302569367,0.230559118911283,-0.27652132935615,-0.327207887598833,-0.0937424918012783,0.285239141327525,0.331098121419434,0.0619943991102002,-0.0118723445124568,-0.00339373932284715,-0.104306042567284,-0.207984654216139,-0.234963497319823,-0.230000825676412
-0.0738281329752491,-0.447710724393915,-0.098126672723622,-0.336756439572096,-0.48423891643719,-0.0985843683439747,-0.164096727283105,-0.0470779619668261,-0.118703540202635,0.584257006167999,0,0.656553247168896,0.435861769892176,0.233704119108998,0.238455176685569,-0.108499988463816,0.284846293111675,-0.153523755766461,0.258961353803121,-0.196474886104853,0.282580965519103,0.0833029330301837,-0.0120164407015518,0.4502867389329,0.416128666089957,0.64350252386454,0.00316838818083095,0.194018128995703,0.314202233327337,0.210158015694401,-0.139830565245136,0.264698696056362,-0.183607172953412,-0.177157691955162,0.0105404394457705,-0.393123620752778,-0.0225958721369067,0.22912732563933,0.156939861025997,0.0982339968226822,-0.185107544327088,0.240270462517766,0.26434219331651,-0.219938925508796,-0.0955115249616136,-0.231288609551147,-0.279042227696352,-0.246018151004267,-0.0312144649749593,-0.190481240666415,-0.131073803190721,-0.199941609863228,-0.0367167948836955,-0.46991023789526,-0.268228723238043,0.227237578263139,-0.175481244499699,-0.145203117016326,0.560175992742411,0.688251289870171,0.611796380674534,0.419569199481638,0.248470684568115,0.294638304539899,0.0881465806937288,0.357570979025151,-0.242718826054608,0.22530947792163,0.0867221988120766,-0.0544473942779084,0.288896483754165,0.138199807439472,-0.135099700117095,0.252841618394594,0.357908851518825,0.606574306363176,0.244500301550035,0.168716543811084,-0.219223067135374,0.108466202441912,0.0735805887766953,-0.263236055944108,-0.331942327431618,0.00405707353747293,0.0251025781783192,-0.308379396099957,-0.0853499591806559,0.0884402250022951,-0.264472963315201,-0.0559007139933229,-0.0752155357571761,0.225613166754692,0.311194398990527,0.0134745371158334,0.355099867533115,-0.0967616911157694,-0.200175871075151,-0.213894942284906,-0.0681028389995157,-0.0680833950469975
-0.00788984659687372,-0.334641606711143,0.116238739334361,-0.270639247398378,-0.377838784604917,0.0662733949300062,-0.160635657231656,0.0597345973877395,-0.00469496191345397,0.474166417676848,0.656553247168896,0,0.474467464172737,0.282957836420656,0.252965276788629,-0.0451643893886391,0.488952381096604,-0.0452666173834526,0.346306396015251,-0.235324621295945,0.358981647006855,0.238711718486874,0.171905216327547,0.532261847465432,0.129458495892637,0.627647672845259,0.040086184485354,0.212361535784581,0.235974082564227,0.353999152132223,-0.270024332942659,-0.00444960478278197,-0.265886423184403,-0.125641165385522,0.172276799394125,-0.404958029768568,-0.15614777263828,0.0803412043477744,0.239483171729423,0.130088001528462,-0.18017737885139,0.258798374023911,0.451262704484507,-0.20267701214552,-0.148587353049137,-0.138282038171052,-0.181253234873711,-0.148380919938704,-0.0596680634200399,-0.297751451902746,-0.0654393277748041,-0.102745772241527,-0.0389794000688702,-0.457307656355222,-0.143601432955498,0.347025144553507,-0.123552434609156,-0.0632519613247773,0.424643854139016,0.583196380920295,0.537555212546824,0.401725440734813,0.344834350554747,0.342618676971474,0.257380969525177,0.330077529857361,-0.19550953802153,0.387648976262848,0.219216390360937,0.106126549642973,0.289764502362761,0.285726138808562,0.131410633573366,0.277614084788079,0.36867559729029,0.526247443401891,0.166416216056949,0.222976207817202,-0.315897146179043,-0.0814348890996831,0.18663529392695,-0.200944912571344,-0.310132564885957,0.143959864632573,0.0416236267238487,-0.100953127655339,-0.221288947515065,0.0935624237309608,-0.283389328449275,-0.0687833128390394,-0.127454739969392,0.168161505980411,0.23691391909472,-0.0740768323067678,0.331471040470455,-0.16628862123836,-0.100458415342029,0.000428212897587401,-0.0921541854036028,-0.202858674861565
-0.154825810984371,-0.341886156545578,0.0902947497957098,-0.223061925319835,-0.388001277764132,0.0449803710365054,0.0854553369870396,0.324456830210007,0.146952150213773,0.383779531646272,0.435861769892176,0.474467464172737,0,0.638256144675857,0.543355126840639,0.123003121682788,0.612234135071525,0.253509229171562,0.465015494617327,-0.178890342191791,0.444885352761857,0.330001940715467,0.392906278916982,0.172607156635886,-0.0481644006018695,0.327765240792698,-0.0527798136343087,0.00660633800374682,0.106455351205024,0.418497950425741,-0.289229616354972,0.0939952321725916,-0.176154081618997,-0.00466956089050518,0.1771281396599,-0.290860697991541,-0.106538377543233,0.148459743106384,0.351193730030224,0.318391870879031,-0.126209961973858,0.145752682916833,0.130574653162101,-0.255623493748454,-0.18991006369523,-0.127378653328303,0.0119266635704594,0.00141357100817908,-0.024669007074711,-0.190818470118639,-0.143053670553193,0.100418420881252,0.239774828813439,-0.480456651896516,-0.0976590778726612,0.455896431059557,0.177698545235845,0.169032598820763,0.250620839859162,0.492415792278895,0.313328067822707,0.818828340058511,0.623547018812396,0.716286143015195,0.434921850916667,0.639135186602954,-0.147706456530569,0.532161357962823,0.357650107723224,0.406105862422115,0.297481999245822,0.151543225878236,0.268290355463318,0.047078462406042,0.0921110494121654,0.0823991151243505,0.0325023211102782,0.185736575478191,-0.336257127059085,-0.0829258455997254,0.106009634827576,-0.0694738284662624,-0.327272361732453,-0.0509266524611177,-0.0583417121989556,0.0121254638061235,-0.0735604484461076,0.00659178391803328,-0.066585981382718,-0.199081988861135,-0.127472826026402,0.142732967682468,0.131902961110304,-0.198406581530865,-0.0247197090808743,-0.157508187089426,-0.118966088742917,0.0539806685110919,-0.00364828766770729,-0.0751567131935845
-0.159056978157061,-0.246451771352998,0.0864227666220355,-0.0448582541637741,-0.270310131126196,-0.095888199183478,0.147407538743891,0.303789831148402,0.10605068315436,0.219070164246558,0.233704119108998,0.282957836420656,0.638256144675857,0,0.784246850961716,0.0723399618656353,0.54581992392134,0.383407127882733,0.578847867063007,-0.0443021732975092,0.652406367613268,0.253468609293807,0.577974024262519,0.093200324945411,-0.182757564716899,0.18412423656682,0.0269727682674692,0.0373637346188533,0.208743703799015,0.58139899778635,-0.316164176735478,-0.0248937639338816,-0.0231057370576369,0.0815075886106857,0.100127707896318,-0.207338759322909,-0.0335424375961405,-0.0537108475955421,0.235065662901008,0.227987017826382,-0.0807674851964606,-0.0552054663345073,-0.0636194121437072,-0.124622589443891,-0.158804823302996,-0.0393282045285506,0.245869124612789,0.264629939219725,-0.0208859093027541,-0.0989113559537577,-0.239903314418554,0.0753377923158131,0.187229863993112,-0.338760237068015,-0.151862393761403,0.307287133566517,0.185952064338591,0.151485863060028,0.0886809964602401,0.314728106673794,0.154015847172581,0.525408462486856,0.603357277145916,0.76878604842175,0.671863432330746,0.745906027485001,-0.143563582829227,0.508573824454208,0.466248191775123,0.504923133047905,0.474421296816937,-0.00690887979686184,0.459866595946359,-0.0621105132088731,0.022327264090407,-0.0862641293057198,0.155532799503916,0.296397046574118,-0.363490309542201,-0.140567721722504,0.101813235375599,-0.0113877018035539,-0.391026839176038,-0.150180281832731,-0.0256848421842045,0.157127238217454,-0.0126281517097297,-0.0131377992640724,0.0246797322498916,-0.218067176091279,-0.295752671482848,-0.0640153036427151,0.0582775645036357,-0.324505589473024,-0.175865969241118,-0.060936187497294,-0.033997407518076,0.258490475261489,-0.0246741875665998,-0.0605099580332745
-0.129893935467606,-0.159552270011335,0.0498618349618155,0.00664714535216941,-0.178739805309208,-0.171168960800171,0.147578345589176,0.232068395117113,0.048843850912378,0.147951402448003,0.238455176685569,0.252965276788629,0.543355126840639,0.784246850961716,0,0.134928984084938,0.497128593701277,0.386202940213617,0.591911496025252,0.141705710544849,0.742071414814165,0.188680230927716,0.517526377671016,0.149607125150614,-0.205582880629131,0.162639475975627,-0.00016013443866723,0.0188778786446865,0.398645740711453,0.558621881180608,-0.262984493140987,-0.113457432490141,-0.00323461384170431,0.148756945787384,0.0847276664412461,-0.170039943021183,0.0365946946444789,-0.178248355382352,0.190506249828078,0.122394283790258,-0.0595549795929495,-0.0927121844887296,-0.146056299875024,-0.128081609377095,-0.100705414379562,-0.144118725597942,0.165829710254269,0.222976148698767,-0.0352823120762729,-0.0950849383454061,-0.226031764276729,0.0645291839657441,0.233769495877649,-0.222449268099609,-0.182626810021266,0.144532453033275,0.150069828783462,0.127783581625104,0.0771251755842843,0.305814760357937,0.139785254234569,0.409224547724995,0.524259186484963,0.70281215855399,0.72692078131063,0.795480271321292,-0.131502674983745,0.492465267504786,0.510446445956717,0.522179919793205,0.637728985470033,-0.0152903584595004,0.412741140861302,-0.0246668977803437,0.160170625506558,-0.0426047285355417,0.356158473446755,0.304568574577715,-0.307913337423494,-0.226716368689041,0.157324115431044,0.00841938844063732,-0.358086548082818,-0.154048112159651,-0.0426522071964852,0.0785585818347751,0.0397789337710485,-0.0790302160694671,0.0418765121727932,-0.169738792092915,-0.32365356263379,-0.121803142862694,0.123064180758172,-0.315241181336,-0.217870228877408,-0.0856431676647152,-0.12138989806844,0.214045878814855,-0.0887908730346657,-0.109923156554297
0.222209587673385,0.340254581763198,0.14740389041557,0.227272107676773,0.100957344292467,0.0357174840221924,0.545391840297636,0.384754629745314,0.20099035837866,-0.0609338220681439,-0.108499988463816,-0.0451643893886391,0.123003121682788,0.0723399618656353,0.134928984084938,0,0.0909444682647073,0.334267922983153,0.0227245265434034,0.168360214849848,0.0869284632689991,0.156898543564469,0.163206754949248,0.0192063047620766,-0.0070927303876312,-0.106363916985239,-0.155850799946003,-0.29303006089981,-0.127629752832161,-0.0778307091654979,-0.0176266618623317,0.0762689725412983,0.144870489514969,-0.0384114977430927,-0.0222250918620153,-0.0406660945164672,-0.294751788524807,0.0725940750994848,0.161272636199765,0.331038694499306,-0.154346756578052,-0.183232884913609,-0.179375415589042,-0.117751063767121,-0.169582618544333,-0.2640374415543,-0.0729749958852118,-0.0899475969735159,-0.14542416315097,-0.171555148055933,0.397994940582086,0.479369416000951,0.702170538679946,0.13893093226785,0.159362464776748,-0.0165483300343214,0.505044567689796,0.34215402462062,-0.170742357200509,-0.0733462290929476,-0.148022304141609,0.168406188697911,0.0691030870302146,0.203513986906895,0.0583931431758882,0.12624891434484,0.320266347474136,0.197910754741531,0.0807876955139109,0.328501567505097,0.0622705443933517,0.101169216794367,0.113368814083701,0.0661846350838658,0.00357253259784492,-0.178108441146277,-0.0622892145736926,0.0421526784776393,-0.0190835653885911,-0.093550691957057,-0.0189707234348649,-0.142292185498048,-0.131656742829918,-0.114025085581736,-0.339644724318455,-0.0353519346291195,-0.207324335477309,-0.236898592099006,0.0114099480322238,-0.196521111234774,0.0389284565584228,-0.0141849813539109,0.0279216287674481,-0.183059048974384,-0.234660572161543,-0.170545935840843,-0.260947547389497,-0.0413702320898444,0.0329476963883086,-0.167366924530576
0.00876289340913351,-0.317480640848796,0.16632869458228,-0.285935748648004,-0.290517929759133,0.0939663433642099,0.0373633531733879,0.137459593882425,-0.00400796759147366,0.0871015052618151,0.284846293111675,0.488952381096604,0.612234135071525,0.54581992392134,0.497128593701277,0.0909444682647073,0,0.308452668697402,0.644291471122382,-0.106255447699921,0.525520536547435,0.473008637640525,0.370254882665531,0.426428123107133,-0.196608560984265,0.382179668919553,0.0429287039509118,-0.0354231241195063,0.286280885853843,0.352060775255484,-0.476688563764265,-0.04200543412748,-0.0824926476234158,0.268279326221013,0.472879155899977,-0.234657510750151,0.0133506715088733,0.0304292453968641,0.315611256069417,0.238137067304744,0.173160297330495,0.137921238393551,0.345823793022285,-0.268247475106843,-0.189652025789375,0.00833064361708515,0.226966384454312,0.190619753471608,0.140525442252337,0.00730543737295767,-0.179773436382508,0.0338326920952573,0.0610399092649141,-0.4771897160424,-0.0257848543738315,0.456186802373823,0.00561000904344555,-0.0111541612843346,-0.0165930479643225,0.396270482540599,0.288722032458936,0.539602563050342,0.464744471342918,0.543007515955027,0.492115706390997,0.503526961221021,-0.0332942496539423,0.651880493024446,0.6123808658745,0.45132943523821,0.362888703394228,0.326326139525091,0.380016362113613,-0.002176738777558,0.204803868328637,0.105546066713167,0.199656669366914,0.101154195506228,-0.453331180418696,-0.0685747455433013,0.440121039083859,0.167445175385037,-0.355186944219692,0.21307522704342,-0.0434194875386264,0.213423422004162,0.000405593689039384,-0.132848224455187,-0.00946642203401853,0.071697100356685,-0.0264517203688687,-0.0218655953565557,-0.0197733118585271,-0.249692606972211,0.0901565784311952,-0.190221487697706,-0.00855511592540544,0.23225964762222,0.166087530433536,0.0770897210101636
0.0298018896384161,0.302732661692437,0.33746836507188,0.251206083425055,0.0884438189159311,0.232465716179959,0.516181558789979,0.594336133121416,0.374770045973179,-0.228630404550614,-0.153523755766461,-0.0452666173834526,0.253509229171562,0.383407127882733,0.386202940213617,0.334267922983153,0.308452668697402,0,0.431030687545961,0.330206712071558,0.398078561471295,0.350650682025131,0.31814082049371,0.0140655907483773,-0.344250365191709,-0.106241428190693,0.00209815890716837,-0.153466385074594,0.108833379370801,0.185828455094616,-0.233653889932069,-0.287074689632765,-0.0219888583571692,0.229199508754379,0.0541474104911647,0.193011162103468,-0.0836951853864402,-0.261576247479702,0.0378914216373339,0.257274793550128,-0.010929911050837,-0.26445350447354,-0.177515203980761,-0.0737634957175395,-0.288612813406764,-0.0541492227911638,0.128319276280224,0.146887942631996,0.114183958191966,0.106203112057154,-0.0105143492777295,0.469379778631649,0.37279957046514,0.113571742469089,0.188696896613585,0.22421087880522,0.57761947294498,0.385253756590588,-0.257040329340505,-0.0518752496463378,-0.106367369653986,0.221200088466152,0.331446912697805,0.294500418176243,0.432547038597556,0.284338880927821,0.13561805522403,0.477798027399628,0.455519135779413,0.755243450401919,0.285255738670494,0.195715617843351,0.399295683245735,-0.0477910824900743,0.0251355394975095,-0.228112481808637,0.172688233997101,0.167111056273522,-0.204547565458043,-0.277049887777535,0.161993738479415,0.0228728786732465,-0.221127516729971,-0.0570528154378104,-0.107073872861825,0.190035135617494,0.0580337088652917,-0.179498146420147,0.331714706974773,-0.0934212978663087,-0.182928683265227,-0.291102183447425,-0.269626686191103,-0.371066057164519,-0.254675820470001,-0.18042873083677,0.00113178482357323,0.154495399508295,0.165699545310939,0.0816270130550533
-0.184815518404191,-0.128037816304872,0.190562083280043,-0.0128553296606926,-0.176912089825127,0.100994514926874,0.189084905597249,0.232326651131284,0.124004081195344,0.0224995395274893,0.258961353803121,0.346306396015251,0.465015494617327,0.578847867063007,0.591911496025252,0.0227245265434034,0.644291471122382,0.431030687545961,0,0.0439627711520222,0.661280538142517,0.290709859661466,0.222365417329077,0.360254617408942,-0.185831825919554,0.245241966704075,0.0257504128849123,-0.00735973012665825,0.508098037738701,0.338817207476414,-0.271374013256937,-0.0934317928954563,-0.0228854797730734,0.141214152215352,0.160248794061074,-0.204744669165267,0.0956617468889225,-0.212165979881976,0.0915354644287015,0.161267236990607,0.0208275504927011,-0.0417111731678583,0.0412566567950646,-0.192982197376851,-0.257999664804923,-0.116241164072971,0.104963187454118,0.0693260139311301,0.0704264226249465,0.0225267555971836,-0.38304915911107,0.09660033426846,0.0759403919781775,-0.236300306662969,0.0282568601780394,0.297137911855896,0.147542059842658,0.121611201278397,0.0397551990811339,0.348705214114897,0.329117602738721,0.38133498544764,0.437735154199345,0.481226471840056,0.634887962636775,0.494384131408772,-0.146057066368263,0.737280947889357,0.667996101842817,0.520155854477169,0.543942943936253,0.194378427354429,0.283061168952482,0.0339314067585816,0.365349068857337,0.146503763195795,0.477992088246187,0.138182182114946,-0.286501734939682,-0.0865669125661498,0.390874835927427,0.0563648486895633,-0.352474230464801,0.0293137845627081,0.0679495352589787,0.0808082398861877,0.151414655496475,-0.231762787533062,0.083843865890897,0.0456240586510942,-0.269868871602287,-0.22186643609215,-0.0571851892132756,-0.284485783544739,0.0542767329751656,-0.19649790114747,-0.0687523640070941,0.0973698552476095,0.0473635285742257,0.0635676079205563
-0.0449365499725639,0.424689274337845,0.0910718734761532,0.429045115459283,0.377276275964054,0.0730645642281195,0.379539578342781,0.154332187266051,0.275750297612519,-0.333001049018442,-0.196474886104853,-0.235324621295945,-0.178890342191791,-0.0443021732975092,0.141705710544849,0.168360214849848,-0.106255447699921,0.330206712071558,0.0439627711520222,0,0.178422748086461,-0.0222264296856573,-0.000973092708827754,-0.040984839395371,-0.2860412060004,-0.190926964258188,-0.0199277147379673,-0.0185062759093374,0.302794662959687,-0.109847288006566,-0.064273069547397,-0.432170238356691,-0.10055204662973,0.274324861165248,-0.014389019045631,0.533712482579122,0.23403609492208,-0.453577432898634,-0.180966947498369,0.0935030357320998,0.0478640755646526,-0.372496283464349,-0.335859961233241,0.150051524083106,0.103765528978528,-0.187349916904282,-0.013736371960286,0.0723115886879982,0.166902619906314,0.315669436889065,-0.0458011802784768,0.216720892894412,0.231719172675399,0.490075231931643,0.121013399327433,-0.165899227643808,0.266132193980431,0.246322380790034,-0.263213620330652,-0.302147576178599,-0.245537650021394,-0.286665588143181,-0.0880897751407976,-0.0861175108483868,0.144214599404683,-0.0270034842069642,0.158358954956195,-0.00102517101319632,0.102765579784279,0.273783986529684,0.328156126867727,-0.0925173516007838,0.0227588482761986,0.00757106383181978,0.107570959317081,-0.219251687741205,0.281349594198524,-0.0633153694593603,-0.057468565120699,-0.374772538322945,-0.0142417656101701,-0.0300593338048288,-0.0381898850649641,-0.14230346333899,-0.0777979389986947,-0.0560595611901736,0.223421701894797,-0.113845324859316,0.505807575956906,0.0383850986994046,-0.229514877445658,-0.399803151206731,-0.228180168575813,-0.244798172718239,-0.322070707754341,0.00400845247090543,-0.129275392856459,0.0251588121373221,0.131857213216053,0.132586156732431
-0.139334763298605,-0.15246448581947,0.14145476321318,0.0101514515697654,-0.143791239571667,-0.0981858328444366,0.0799159414721248,0.211333719667596,0.0826999540809836,0.136873856117919,0.282580965519103,0.358981647006855,0.444885352761857,0.652406367613268,0.742071414814165,0.0869284632689991,0.525520536547435,0.398078561471295,0.661280538142517,0.178422748086461,0,0.143132154501694,0.347567347725738,0.259011965098001,-0.203251643972913,0.263873225529516,0.0371379444602434,0.0268148660361068,0.428883651978048,0.442148148509562,-0.375498652849731,-0.174351307025119,-0.0584526040761752,0.0833542638900937,0.0132977959360204,-0.255060912121992,-0.0304375120446173,-0.235624285093449,0.141552637162785,0.0951823230536194,-0.117195001254932,-0.0745985402720942,-0.0619752428239784,-0.168074131169751,-0.127725699980104,-0.154520073783853,0.00109200476572699,0.118643819463565,-0.0400382401752074,-0.106414678279029,-0.253692716716251,0.048407403013545,0.138835302196911,-0.241278013525794,-0.14094423794235,0.206422517831859,0.0920781569936606,0.106527898077012,0.0629148922647518,0.362655173681641,0.246019324659583,0.30183255227609,0.376002403065558,0.55447669543878,0.693082993792092,0.6439272255373,-0.21802318088341,0.511033305978414,0.574437003395633,0.563985408719589,0.78608362044786,-0.0246366431809474,0.334694002614949,-0.00974448527520325,0.250102220894289,0.106726464959759,0.387577115330238,0.180278656574431,-0.38933151829231,-0.318834771346652,0.18252848287221,-0.0523964781667633,-0.410947135990314,-0.141458555722141,0.00193184716637976,-0.027781160809721,-0.0550391319824096,-0.0907983211686295,-0.00951656851985331,-0.156921822916274,-0.359873609032537,-0.148902805354021,0.0146487813237477,-0.387651593583483,-0.0845083433792078,-0.137309567517744,-0.100568042904098,0.147510063701572,-0.0810222685107817,-0.0727150957471878
