0,0.222351722932312,0.409403420130541,-0.0738689419051166,0.0257031510162192,0.26071333461734,0.124853757928599,0.223886396679056,0.0719619138802454,0.250225781319116,0.0552220007964341,0.13125743153927,-0.0241492929164809,0.0199472360680387,0.121268861489392,0.353434456027734,-0.0157547065081841,0.120176228800271,-0.0346731982870957,0.0079180252618675,0.052134673520677,-0.0454200075539309,0.0318964761603836,0.0686189676928663,0.457756965349486,0.0355049728473878,-0.222951844708598,-0.104227282215406,0.189406307904874,-0.123856146452115,-0.176213995000579,0.0958097804599108,-0.164371335712155,-0.160433392575935,-0.164609591613485,-0.0926397274319079,-0.170688372782716,0.168125106803526,0.0622838483346253,0.0848546032087015,-0.179179363131571,0.239176990146707,-0.119499154180919,0.0199952841793618,-0.17693466974833,-0.00214384991896799,-0.208170017983367,-0.0491078731467804,0.273922962514518,-0.0711069479910462,0.640858479898919,0.340863940497935,0.0837149303198867,-0.0131781892818714,0.23704747394243,0.381009110610859,0.242230982679974,0.0358568613654166,0.282254163956598,0.107815329692847,0.16088205101591,-0.0791114720216468,0.0252463096858963,-0.0865772650151435,0.0536541682179658,0.0929138214543547,0.181262825301133,-0.0169661699891489,-0.0270481401240135,0.0308032546933869,0.10729039996472,0.089492703656195,0.00791630771060657,0.218526918209085,0.140888186209205,0.447338190267187,0.161064375563761,0.0870089714312536,-0.184590543382528,0.0776165284488648,0.0720344668655509,-0.0771988515880851,-0.117085296050848,0.122797031456738,-0.0807841508006443,-0.0181247506778112,0.104493221988223,0.0292158533297825,0.083952712576504,0.0643649278223671,-0.121186784672442,0.0168494897483696,0.00873979029788349,0.323221270624904,0.127582795766651,-0.00436393823383463,0.0201649291253558,-0.113007898962047,0.295173155397084,-0.0401968172078948
0.222351722932312,0,0.526096181603649,0.338707534551829,0.410972953522934,0.357250272357783,0.193373955511706,0.626127407626828,0.296524901802467,-0.0178318667288373,-0.00140700790092478,-0.0178126947707967,-0.0457269773812295,-0.0601875557422051,-0.0456697210682666,0.610353808127694,0.163430743989946,0.393584676709393,0.0302067853219398,0.108259635578373,0.0257149216216379,-0.0639970653547115,-0.110913491531869,0.140210657899636,0.0488344394142091,-0.0457895095995335,-0.19915342600509,-0.26672278230735,0.0628227019645425,-0.29745858837727,-0.14289499470414,-0.0693549815940897,-0.205008302598899,-0.0869148121087909,-0.183684852300847,-0.0201231368426954,-0.152862421228229,-0.0219795584465666,-0.0722633809837937,0.0386294146583678,-0.404105187858755,-0.042453089794817,-0.299391666506776,-0.193300377720484,-0.198341213479756,-0.194304990296225,-0.368161196284414,-0.321498984333582,0.114119786035514,-0.186370526667426,0.375019498430882,0.732952657862954,0.442915277867698,0.4666369957324,0.543035478010589,0.249536092652191,0.719444626880087,0.423398639862853,-0.0530555263959307,-0.140500829105828,0.0091511943316701,-0.074902583790358,0.215017176384714,-0.0463300056283663,0.0155674926972844,-0.120622629592796,0.320433676746115,0.0417359693658307,0.0905957819665346,0.323602349206899,0.122383651457992,0.276961593562798,0.0326144530826137,0.220302217209456,0.164356004518208,0.0959707801172397,0.116509755769495,0.0408903039218348,-0.0407106221791865,-0.110142898573178,0.166945364364227,-0.196846019397286,-0.167095479218249,0.111066056688296,0.116819452073171,0.0254827059291283,0.0560498494756392,-0.192405078240776,0.196462612026583,0.0301155520511954,-0.217407312623328,0.0640429348569014,-0.0507835433477414,0.033467345026762,-0.109351816357889,-0.15298496908642,-0.030073564738338,-0.25072141473037,0.095655017419111,-0.197012852824183
0.409403420130541,0.526096181603649,0,-0.0943855986648758,0.111884178065564,0.662855919972436,0.0706786601289159,0.555360850546,0.530391670113404,0.200585345128979,0.179134681378951,0.355196732657983,0.00806651856362275,0.1228842613571,-0.0261489992848225,0.314908206174098,0.177413179580268,0.236936052938312,0.00556791566440227,0.0721705558540594,0.045169228301715,-0.0280054674748925,0.0651273970929787,0.319559426742935,0.28039784454606,0.263246219819142,-0.0685612486950211,-0.200340356918068,0.221905081175481,-0.175131174670442,-0.182004485923107,-0.0331867656574412,-0.358738444822049,-0.220860721183822,-0.138806242510527,0.000440329629797662,-0.200553538405834,0.0490117064415079,0.0264148836720621,0.114851505740552,-0.46551482402322,0.0231996976714779,-0.199576572182837,-0.2622686740218,-0.172747836570928,-0.309909699278708,-0.41305296499344,-0.290337159568099,0.173973605749,-0.305449127384901,0.351021487157481,0.660580129669057,0.0304271764765683,0.0602456269810995,0.689780681279504,0.704467777639378,0.419909118609687,0.547322147940012,0.121497626379214,0.188203558924205,0.209575078306471,-0.03244167601909,0.251362452708457,-0.0490540911656649,0.0279704363455763,-0.0192981502840977,0.124137646789154,0.138869746474349,0.0580361026095084,0.132723267484624,0.161939713340233,0.301908446381076,0.121588505566743,0.263609077894337,0.380151433658173,0.38946354036101,0.224752738598454,0.290370121450694,-0.112075296043838,-0.0489305195621121,0.243885421994373,-0.243329406739582,-0.132673967384155,0.170554821406886,0.0922957697701339,-0.0884068602442688,-0.0406170555600295,-0.160743671027613,0.205255999613963,0.12261118966261,-0.37816566535931,0.0684578563536979,0.0561052351574604,0.0814157158452161,0.0653402233731821,-0.319409640694176,-0.180722052231695,-0.357626164440368,0.19819211327998,-0.258011553560968
-0.0738689419051166,0.338707534551829,-0.0943855986648758,0,0.662628524966447,-0.174971037695174,-0.0159688263800714,0.124417783460513,-0.141922804197334,-0.290642448502742,-0.364077545643662,-0.359993818530118,-0.162617891764763,-0.0226851015232453,-0.0768016074015013,0.217324776476916,-0.0304402315010974,0.147370110077581,0.0811814793839758,0.0714670712651193,0.1164298206102,-0.235484231121982,-0.129634458672828,-0.186281733189813,-0.124183060824813,-0.359096038302459,-0.161669336989415,-0.208513063669026,-0.0518278326238259,-0.135839724364902,0.07216939645799,0.227913113747498,0.211244272445656,-0.0423599027743271,-0.242237618653872,-0.0832724359740828,-0.140254068400547,-0.100221318135198,-0.253071577550001,-0.254929953692973,-0.174806752088259,-0.247753666649646,-0.241866630740633,-0.0271955168539273,0.0182268995074815,0.032720294555156,-0.0783595068428549,-0.0514291806647809,-0.103289521253996,-0.0466600388516273,-0.112640582848567,0.185807822514529,0.559036703988733,0.807387078324484,-0.0643968365116418,-0.25258385072727,0.363781796037201,-0.0690192092904826,-0.219787486869723,-0.343177958913136,-0.225213619820683,0.0326367663718044,0.0775270283781651,0.0384548909665669,0.120771260609849,-0.0810584930810387,0.0664808473231922,0.0326405522470231,0.0412655217586174,0.0794487691186285,-0.0995797814398592,-0.0685613782535917,-0.0358582011932188,-0.108029350075716,-0.113146294563576,-0.177035522535393,0.0246581530245359,-0.143272836598163,0.096106218779722,0.222884296523906,-0.0402728636939795,-0.20556933627136,0.0110832688803565,-0.0950311854339465,0.0784121858312593,0.065875995897281,0.0139254832312056,-0.18172113596398,-0.105426182890572,-0.271054836441832,0.131135433700329,-0.225593688178648,-0.21791110748845,-0.278140557635629,-0.172703940898065,0.0936846183191958,0.0787379542840789,0.0185658568380107,-0.141599070298562,-0.0927899160920806
0.0257031510162192,0.410972953522934,0.111884178065564,0.662628524966447,0,-0.0231370762467071,-0.149637254218409,0.215145121017819,-0.0341300179932627,-0.233091080089494,-0.300796995583451,-0.281671889712636,-0.103855493683928,-0.0310411483075602,-0.00732814681986033,0.241527396324571,-0.0313258734578811,0.198776963794219,0.0369548223790015,0.126530210342896,0.143635645010017,-0.124799177301536,-0.05726025521339,-0.128134039442161,-0.0919079035981396,-0.278486508699814,-0.0569799613061754,-0.169683274238165,0.0243505646869792,-0.0290088688233076,-0.0999289068794794,0.0839208105074003,0.0996686737388742,-0.000504417017254288,-0.180780417859008,-0.0700968104935002,-0.130244289771882,-0.111095776883684,-0.208770181022852,-0.293463796785279,-0.300465852527659,-0.168918248828229,-0.216328480731601,-0.114738756613768,-0.0457129936885659,-0.00941606504434381,-0.0537592506096314,-0.121179647947465,-0.106530127407772,-0.131065945913403,-0.0189911934841304,0.30632824860154,0.473831455962327,0.757922162521503,0.187969804632458,-0.131018322251446,0.389362229989097,0.0371771527144773,-0.190458612232166,-0.281837868841047,-0.158923111922246,0.0758327278815384,0.169374990107439,0.0644668138993559,0.0636093074999107,-0.00923798474314711,-0.0319863687917552,0.0372075558106539,0.0775647168880813,0.0876962166304867,-0.0640006677161094,-0.0188611145284052,0.0920349222310233,-0.193472597503104,-0.0730988995098377,-0.114948213984854,0.0557178422497405,-0.0257756920618679,-0.0975398422778673,-0.00647560333890524,-0.0529679542164608,-0.296794428584353,-0.0113920179112387,-0.0159605646723702,0.137259659335153,0.116335818926611,-0.000956815596012646,-0.197315445829485,-0.108919578060117,-0.332497933898337,0.042679634436234,-0.266248992846033,-0.196408342021151,-0.248402175749054,-0.177376969881811,-0.0385622794533772,0.0558779352201195,-0.0164141794953894,-0.148384020557771,-0.16991325533536
0.26071333461734,0.357250272357783,0.662855919972436,-0.174971037695174,-0.0231370762467071,0,0.0993299717644992,0.484949903797829,0.708851321719744,0.274265541051485,0.159376873434156,0.444722451405891,0.0916455921102168,0.182889872705416,-0.0823761364705858,0.0859746098730213,0.190071983632235,0.165455024192847,-0.0288518991735121,0.124842350805104,-0.00465282672288035,0.0197420647360409,0.0210729446645025,0.352554870248094,0.242610744287037,0.292607513139946,-0.0365470883626507,-0.117527473307368,0.193183276934843,-0.151598052260343,-0.0743194992844154,-0.13397593299308,-0.318118800041406,-0.119166247311923,-0.0685788346583739,0.217846422141111,-0.0493912494294037,-0.0711776216660006,0.0145287679318406,0.153518317910762,-0.325976312547002,0.0817333767638627,-0.101967313555764,-0.250023955196141,0.000139544784866869,-0.407876875554432,-0.345799826125287,-0.240237237634439,0.315591707984018,-0.206587055320413,0.21867146547906,0.415547439482191,-0.152091581315915,-0.0434275825255196,0.742642166621699,0.755329845189962,0.278268070345476,0.648031293070272,0.218390252402535,0.182814666618659,0.332515009477212,-0.0384610857361562,0.261870385831164,-0.0509284292689062,-0.024301586440451,-0.082939734483636,0.136426523351564,0.0620761641933685,0.0570159961489604,0.109368329965506,0.103132580828019,0.278522507791653,0.132053563394718,0.300511366810485,0.296362045136258,0.381319415345826,0.216147563998741,0.309716199006073,0.00268652444071393,-0.144398711357524,0.312178089072423,-0.000366634039888598,-0.0160092658661992,0.186713826423813,0.0942664194505359,-0.13005692802666,0.120180761088588,-0.0294792949206336,0.348414694251661,0.277737786260169,-0.317072659958058,0.0637494030832216,0.0472532173980308,0.106109401278467,0.217015389477195,-0.273684561789764,-0.249845128978121,-0.230912908482646,0.316100270521667,-0.116615204178887
0.124853757928599,0.193373955511706,0.0706786601289159,-0.0159688263800714,-0.149637254218409,0.0993299717644992,0,0.271736945792488,0.155764116293839,0.217509046367569,0.134335624839924,0.105780964696083,-0.0403545770704485,-0.0839356925914399,0.0358074337731175,0.285360748020718,0.0530133103552629,0.101012658995989,0.0468255054688884,0.102007474254322,-0.0360412768907055,-0.103127330386309,-0.0855943381840767,0.159163595450042,0.184895356296621,-0.00817037427682747,-0.232716847567323,-0.0524524314658073,0.1360731855725,-0.268982540778987,-0.0322183694065143,-0.114810692541534,-0.140770988255683,-0.0451937437088457,-0.101556988130612,0.141343315281367,0.0833803935936557,0.0970100168271286,0.141268457390633,0.449924502935014,0.0626587983249676,0.100605385180904,-0.0337175086882564,0.11860383491524,-0.0203566640176647,-0.142871677693151,-0.144613837770239,-0.110487947017521,0.20676956749468,0.173458509137093,0.213108958389105,0.133241651472197,0.244201054956416,-0.0282305914839547,0.0270592602839838,0.102862942719249,0.247863244711809,0.124029358079411,0.119666080696599,-0.0187318623901901,0.120292495554557,-0.137388401260035,-0.0196711849311234,-0.093773429285093,-0.0367651220607524,-0.107146114947491,0.671676833274694,-0.023254429553803,-0.0540029060844828,0.167486182068352,0.00611380490546022,0.154500844206701,-0.0420719798789194,0.510038694589361,0.148845868964934,0.13341385121056,0.141822170950179,-0.0505537576461634,-0.0255219526989674,-0.0803537996417944,0.160765805939867,0.192329785553178,-0.079763986443705,0.0475205280205325,-0.032383618925069,-0.0388452496741373,0.21003326674623,0.0443008791201855,0.303504343069024,0.4266542469359,0.00238285672052394,0.267310662643706,0.128631351022755,0.171025140960668,0.0125896827522707,0.0294547780270504,-0.0327997056453219,0.0238554688574986,0.291998651719341,0.216994210310819
0.223886396679056,0.626127407626828,0.555360850546,0.124417783460513,0.215145121017819,0.484949903797829,0.271736945792488,0,0.605150470272628,0.0590255744873956,0.00891184782254238,0.0912442431893784,-0.108042890930021,0.00125598776761894,-0.0493550557703008,0.480696714276002,0.262072175380099,0.619916006849707,0.104137345223114,0.352351822953794,0.27016413934722,-0.0918208419552537,-0.0696500167802694,0.341575401985418,0.164847384104205,0.016413859893739,-0.222208684953679,-0.345864018200888,0.220939790777242,-0.354182194931727,0.0611485509071894,-0.181346815940449,-0.323353544827169,-0.0415851941981891,-0.193948681316725,0.222148475048453,-0.10093166999925,-0.166862808537317,-0.146204293656264,0.0645667540535443,-0.444435442005942,-0.0723460680120513,-0.315474112919422,-0.358163882252418,-0.203466563326892,-0.445261555149139,-0.512570691742421,-0.460060534061455,0.0515872986369488,-0.247634201354788,0.332423410026938,0.622236274482726,0.366843287562628,0.24894578323353,0.586634264565671,0.407332865339357,0.733800547009406,0.716320795246072,-0.028406206035595,-0.162260401756638,0.0718030897440122,-0.192482002133012,0.173541021629896,-0.140342607183849,0.0116612566623195,-0.180984668681845,0.436474537346819,0.0638478895083097,0.300638745764267,0.563415878552133,0.35678699204568,0.26911552283042,0.115945549158526,0.228986261895554,0.306399849051959,0.174313510895239,0.322518085095204,0.0110901647931001,0.105032681402932,-0.150966830066637,0.386231456397084,-0.0550805853666011,-0.188190211759478,0.169069844753472,0.0774988388506572,-0.138680783294208,0.1122805929983,-0.287456434170732,0.402627604594257,0.11435488238586,-0.269636146688615,-0.0073372243979812,-0.0759711851961662,0.0727306769598968,-0.0221219524690632,-0.404085126388875,-0.271987812198993,-0.37500491941393,0.13441785039502,-0.255454951448413
0.0719619138802454,0.296524901802467,0.530391670113404,-0.141922804197334,-0.0341300179932627,0.708851321719744,0.155764116293839,0.605150470272628,0,0.247503508083158,0.095025703015947,0.337941511400983,-0.0263118676284766,0.0888705864942477,0.0013448805663215,0.04500440802112,0.129078274123791,0.223170206930218,-0.0289788195161845,0.273030814796798,0.124650458970877,-0.0632223929814591,-0.0315689900285569,0.398191356766664,0.224022853048286,0.219115672170461,-0.0791549828749771,-0.257860358607571,0.262545368174279,-0.204976979301633,0.164681275883762,-0.192521730182161,-0.294149434680912,-0.146966914826983,-0.145787067053561,0.231206833360575,-0.0601671327338076,-0.15892375099363,-0.0275582534620025,0.168434625021431,-0.365202643251925,0.0187068704381151,-0.153132936186267,-0.382345156789992,-0.0459770022539821,-0.502663745089181,-0.464338570829474,-0.44822631418361,0.065836599183401,-0.317073709214304,0.168098275282241,0.348013668858978,-0.0849593444725066,-0.0637434172953597,0.659058563218028,0.639275547741595,0.339052587257266,0.80433550972561,0.167501740725484,-0.0385876560122679,0.245288159250744,-0.160626438475671,0.184579732770694,-0.17252599925338,-0.0617181209429771,-0.0575461887282626,0.267644349090854,0.0172284880834605,0.0756553840832933,0.23648392849234,0.221903021510132,0.189896858181694,0.0210434002982442,0.346777883644789,0.279617022566609,0.279500383240889,0.322993918860846,0.209685308474501,0.189980602168105,-0.129817598030578,0.391192162424533,0.0539024831341575,-0.0448123489361098,0.09096929644034,0.128061805424709,-0.222110879883667,0.138242371824767,-0.214659464895065,0.401121118348521,0.311003647358109,-0.248975224059615,0.0989174470316766,0.140786470700965,0.107280758259282,0.150742042927879,-0.450738943299967,-0.316224610777699,-0.362780716037395,0.138689228602562,-0.213395946719172
0.250225781319116,-0.0178318667288373,0.200585345128979,-0.290642448502742,-0.233091080089494,0.274265541051485,0.217509046367569,0.0590255744873956,0.247503508083158,0,0.525328968309929,0.633325990026583,0.215801059817679,0.119639417214335,0.172655121348015,0.0322865621462421,0.148489070819632,-0.112207503185926,-0.00466863388662855,-0.146253968863117,-0.10391100063867,0.261559679196832,0.103486981659262,0.312395401290465,0.546713337601059,0.49368512624327,-0.0789766436453336,0.157622611259865,0.254851034138251,0.177089834687956,-0.118713615426404,-0.0863612682819518,-0.21723992567566,-0.091435870729902,0.157234365134725,-0.149840667082032,0.030074113222286,0.187630407238311,0.423196357849893,0.492915196156712,-0.00551940913596655,0.474324899094767,0.436242051052625,0.0558735184781406,-0.0535309007735767,-0.116262589576506,-0.161342183105051,-0.164370877122953,0.141204423394063,-0.128637783127613,0.193777414355969,0.0233181991963737,-0.219840493695246,-0.277566621302257,0.168799560284064,0.270557868115881,-0.0488692460984632,0.156023167506872,0.769737276870581,0.522420283099751,0.629782041664039,0.0235874583383063,0.0162758034458016,-0.0871263668462267,-0.0401270693246644,0.174160170752899,0.080825415138158,0.115355730655265,-0.112609516011922,-0.152849038364943,-0.0954920970257785,0.228458674858054,-0.137292386390557,0.395054360303006,0.374912251756482,0.600634003430616,0.223038336135439,0.303369154722119,-0.161880817078997,-0.153876743541972,0.119575294894252,0.00775034085274312,-0.033238172345374,0.144249483313523,-0.243897619835064,-0.187473377331773,0.159506640940903,0.0788008849584367,-0.0271402847943199,0.276475289621273,-0.170338965082444,0.139102476665991,0.403217669535452,0.327783396706712,0.498499338454489,-0.0302697651294322,-0.196289576210173,-0.304502593887209,0.0695838575414414,-0.0539834247762559
0.0552220007964341,-0.00140700790092478,0.179134681378951,-0.364077545643662,-0.300796995583451,0.159376873434156,0.134335624839924,0.00891184782254238,0.095025703015947,0.525328968309929,0,0.558923172154147,0.358493144068815,0.0833448651926294,0.0467399715848595,0.0513879797911635,0.23970144541693,-0.0381832076106582,0.00314340581218586,-0.135072786440214,-0.143054716573431,0.339722905144194,0.16115419052364,0.400616014244496,0.215084413748445,0.600427758975121,0.0569210199582377,0.232772887088668,0.182810783044042,0.098824094816617,-0.183081538614689,0.00644652902504854,-0.193491295327552,0.0589646693603118,0.256408179539175,-0.112292160569118,-0.023100064800733,0.140479860355899,0.317711395406686,0.348584720504555,0.0859588538141604,0.226992898414317,0.274146422643812,0.0586139363529227,-0.146312014919614,-0.101373870925818,-0.0740640101475195,-0.102661772157779,0.102158956426495,-0.0585887152060016,0.136650628004567,0.0734232570514179,-0.185549232219299,-0.322078416399171,0.105302070082064,0.229233957572903,-0.0855501360567748,0.0735279734827068,0.336380421857154,0.531574410419088,0.322197781447718,0.177766163049549,0.127630885892801,-0.155913419596766,-0.0934388283069626,0.0911022327021047,-0.00530082840533297,0.167146572549912,0.0105892960932976,-0.0733188462552126,-0.0540837102024019,0.337978099660745,-0.0427520542399549,0.289589831198077,0.433261650080355,0.313968196550602,0.107174688961441,0.272418471822355,-0.187223440940912,-0.0922060073069645,0.126111677092288,-0.0057634887549437,-0.168887438249948,0.175086888204014,-0.123779183426212,-0.079039222799783,-0.0225199095563681,0.103692936608472,0.00528171951702889,0.231427073967642,-0.11945028319974,0.185824846810102,0.275905892999895,0.138937568662161,0.184662733475939,-0.112897887919765,-0.157488292147027,-0.285182647329992,0.0816406734436164,-0.0283263706857565
0.13125743153927,-0.0178126947707967,0.355196732657983,-0.359993818530118,-0.281671889712636,0.444722451405891,0.105780964696083,0.0912442431893784,0.337941511400983,0.633325990026583,0.558923172154147,0,0.381795290536875,0.326300526570184,0.0422300755449768,-0.0518351817711289,0.345392753067859,-0.0607838436880022,0.0659590523952777,-0.0920171744133815,-0.0124025374241927,0.277529139509285,0.217387611162934,0.588556520333964,0.394417892948328,0.694080537525138,0.133691844824498,0.113167983194058,0.292233194725655,0.0998814886627946,-0.186068652372371,0.0299836588897807,-0.246538481123715,-0.0385590468780619,0.159602986523933,-0.0339328435220549,0.0444058201411168,-0.00512844831887149,0.220166610903646,0.357493332359135,-0.131772201160174,0.224653354168066,0.265411176889023,-0.0817067850852216,0.0254488376369715,-0.281771254542777,-0.195215583464619,-0.17639311000398,0.118334504062138,-0.206492430060133,0.0246259541764603,0.0781640216209743,-0.287758049718085,-0.331921882174861,0.289285420164541,0.457214977458898,-0.10815494904328,0.283414711688783,0.452580157285608,0.672718392656785,0.677652443841044,0.184159509294768,0.265610725684736,-0.0642236367394759,0.0970177003654615,0.0835625020890474,-0.0759753185664164,0.247375502456134,0.0652953753812211,-0.099206437014511,-0.0271192946575517,0.406158720283305,0.0851500926598989,0.355309970812828,0.602475635443798,0.644890026100933,0.268281371179847,0.478329268854878,-0.114964691435049,-0.0608421567438127,0.300018011658809,-0.0731772683357355,0.0115322335853947,0.288450880888476,-0.027994786878605,-0.175332093463575,0.0955677557816657,0.0682556990953457,0.0720655513050727,0.234715169302712,-0.328076906244571,-0.0013871832753842,0.133219521505659,0.0968762813526011,0.403410249139888,-0.13640195997442,-0.293884830880514,-0.334724210497362,0.0684395894710915,-0.127653027407754
-0.0241492929164809,-0.0457269773812295,0.00806651856362275,-0.162617891764763,-0.103855493683928,0.0916455921102168,-0.0403545770704485,-0.108042890930021,-0.0263118676284766,0.215801059817679,0.358493144068815,0.381795290536875,0,0.345810455513937,0.0233967905025246,-0.023870322150219,0.335402657070565,-0.011399017135942,0.186698222369044,-0.0403544204335536,0.0223706643616664,0.525637367247995,0.306988288088487,0.223615241366516,-0.010817716305015,0.36759467067681,0.277857255459,0.282728661745297,0.18289780250988,0.309248863999068,-0.154033869468374,0.0247752011373438,-0.166238222972372,0.182462854162846,0.416627797996796,-0.0699277397614007,0.0160537191338273,-0.0533709451181313,0.247676557989788,0.175537934692102,0.0484849065982129,0.10103413859419,0.271937247541007,-0.0335935554838976,-0.0657858991522255,-0.0279536659176429,0.118725396105135,0.14415798285396,-0.00522946780933883,0.00565266879230996,-0.0176034964398202,0.00245854957917501,-0.152398456249141,-0.0995330653749276,0.0476158264100857,0.042441288236403,-0.112963475363283,-0.0297173573525337,0.124059731927706,0.324576236638239,0.328759750107445,0.667250951449928,0.274289378948487,0.0379807748981951,0.133429223738233,0.025239419570163,-0.173217827135043,0.310944242162603,0.0424121225797533,-0.0937536090828425,-0.065431934444734,0.351555545313406,0.0416552382809684,0.0992868555083388,0.211636788391157,0.141585806674164,0.0791481444631223,0.2800564433584,-0.105404369131114,-0.0342393887923786,0.0246410048992376,-0.0863302960712165,-0.109873199718318,0.108110732124439,-0.110953228217809,-0.0435941480469319,0.00423323324741569,0.207220835008307,-0.0888517626165083,-0.0395868956309111,-0.158698235750844,-0.0360790669168429,0.147675558793757,-0.0146902005008112,0.198109147021396,-0.0339740356024321,-0.146169641379762,-0.12866351745593,-0.0033041290220232,-0.0550863665615212
0.0199472360680387,-0.0601875557422051,0.1228842613571,-0.0226851015232453,-0.0310411483075602,0.182889872705416,-0.0839356925914399,0.00125598776761894,0.0888705864942477,0.119639417214335,0.0833448651926294,0.326300526570184,0.345810455513937,0,0.146317685484086,-0.0980016089314913,0.345514536878588,0.0322349739523153,0.45085001696124,0.060301563610101,0.31173065954871,0.24893410498083,0.44367576508528,0.286494836712034,0.072310371303822,0.228189556216837,0.277322756613464,0.176874789648578,0.442107090952295,0.271167317348582,-0.131991555657328,0.0302080331952589,-0.00768195711805176,0.0738133442801514,0.121406764715619,-0.0511633510283952,0.0117137634569778,-0.158723665441276,0.0786403667110393,0.0969528708445117,-0.0978570458216757,0.00605272467279724,0.112809927912468,-0.0925981172986873,0.0563299677299531,-0.0868925323531154,-0.0412306833612246,0.134912055639244,-0.146906442035198,-0.0751598730814988,-0.085515947610805,-0.0181948104423521,-0.0972067813402078,-0.00276304435056254,0.103859245211338,0.158120655303416,-0.0556157536848669,0.0565421601958255,0.0904350918998986,0.249995517821848,0.259592665392073,0.234101198622606,0.349049894920516,0.182143459758508,0.563109659539446,0.182074941360674,-0.140037429816094,0.349953882084417,0.162789798180265,-0.0215359523078899,-0.00682406863414481,0.270100949150082,0.246056372381848,0.104507676173728,0.259890105598483,0.276122195938167,0.337995341740439,0.456627409728311,-0.108618308054399,-0.0310944610890437,0.213388970582574,-0.112442616733958,0.0226083941158838,0.155799663055347,0.0297962274207436,-0.124470858996954,0.0655824347717926,0.140110430657972,-0.00649514954682267,-0.000130637046784923,-0.131022908683617,-0.151606911931454,0.0211481284066824,-0.0590197776026708,0.198531217221044,-0.117504867841461,-0.219059276256904,-0.136479364919625,-0.129796740942905,-0.124534503090869
0.121268861489392,-0.0456697210682666,-0.0261489992848225,-0.0768016074015013,-0.00732814681986033,-0.0823761364705858,0.0358074337731175,-0.0493550557703008,0.0013448805663215,0.172655121348015,0.0467399715848595,0.0422300755449768,0.0233967905025246,0.146317685484086,0,-0.0142681381536054,-0.139222714112199,-0.214003767619726,-0.0399666508047712,-0.0415864590756929,0.223099705011554,-0.0549466201325186,0.158331323776803,0.0132045590161814,0.16127226602456,-0.0854367439862662,0.0183651252995826,-0.0155701642080775,0.22527992538357,0.251241313259062,0.0288565975165026,-0.156566283495768,-0.0846982390424702,-0.227630598910126,-0.125425784660653,-0.361288938089138,-0.136224699656123,-0.00381016562282329,0.0934704835165578,0.0317270572438575,-0.219525634941229,0.100591188243049,0.0194289526072852,-0.0566800067725688,-0.0927745192249599,0.107109742395797,-0.0792668216406515,-0.227270860457722,-0.21081907499277,-0.23599226345129,0.117162195911924,-0.0517250406216244,-0.0808087624059588,-0.0211335113059832,-0.0369082919764898,-0.0372580940954663,0.00276536812428134,-0.0587454083310562,0.182716485700614,0.0354042521559324,0.163670561017697,-0.0449104446995164,0.11286033380881,0.243555818930934,0.219252133625445,0.753519650177605,-0.017348376485652,0.0143645384483719,-0.16728121370619,-0.127458297881975,0.130376509702945,-0.103701388846092,-0.0598130270469968,0.0959537804902964,0.080606594169069,0.160010213930164,0.222465254565477,0.231886784601081,0.0253695481953241,-0.181031487814993,-0.0646662088990898,-0.112937829503425,-0.104959847421197,-0.0722391317779506,0.0165398748488072,-0.0521845714343339,-0.0535287949531946,-0.0585281597535106,-0.225162471172624,-0.0677065854237696,-0.0469181422606882,-0.0429661360382308,0.121527106041151,0.106416949320899,0.108434426362432,-0.0618529638784602,0.0884605303372439,-0.114041479012989,-0.218135101160965,-0.186033743283632
0.353434456027734,0.610353808127694,0.314908206174098,0.217324776476916,0.241527396324571,0.0859746098730213,0.285360748020718,0.480696714276002,0.04500440802112,0.0322865621462421,0.0513879797911635,-0.0518351817711289,-0.023870322150219,-0.0980016089314913,-0.0142681381536054,0,0.260278583663563,0.452008177005121,0.0886919624947742,0.0466171991343739,0.11198994936439,0.0525328865626035,0.0232170679260897,0.187406118565145,0.222760787350182,-0.0263429614409823,-0.328919175383218,-0.290609470938565,0.0154238448906306,-0.282179081279658,-0.101411618964918,0.0203720210779789,-0.0939199572550089,0.0534390331240141,-0.118825031729845,-0.074391376935214,-0.188519748203577,0.18072877788656,-0.0125553308671711,0.0813258293195935,-0.331325898899376,0.00813441390193298,-0.218310130329283,-0.134486103600368,-0.183727392228621,-0.161832592074512,-0.244395733812826,-0.255467182275785,0.0597373548171036,-0.190075541729306,0.467047660114103,0.569518532258044,0.581645464895126,0.299320139378102,0.235778959297562,0.100183642698306,0.552026412219421,0.171726398084725,-0.018706594557283,-0.0919935499784209,0.000322989054427466,-0.0475734796518032,0.140612834478515,0.00999005296384082,0.0385696886400623,-0.115371668942166,0.365258142632806,0.113597922806757,0.251380269032414,0.35920340347221,0.180476849527769,0.300544919742049,0.133102488826189,0.198790104614625,0.232859127310435,0.151393380115763,0.0382039619160499,-0.0276311034060701,-0.0152738458811419,-0.0737772699425657,0.181357138579622,-0.180427287544385,-0.198163549755682,0.203393321756401,0.0150704987322957,0.0719027958868467,0.0475303848887274,-0.209558375784064,0.0511222833230125,-0.0590976813539901,-0.121392522151755,0.143588690244089,-0.0475244243953607,0.0520917121313481,-0.09428891317845,-0.114741242741441,-0.0387971403306051,-0.27063264323329,0.0643571722853931,-0.226058817661279
-0.0157547065081841,0.163430743989946,0.177413179580268,-0.0304402315010974,-0.0313258734578811,0.190071983632235,0.0530133103552629,0.262072175380099,0.129078274123791,0.148489070819632,0.23970144541693,0.345392753067859,0.335402657070565,0.345514536878588,-0.139222714112199,0.260278583663563,0,0.468359580716356,0.548004827143269,0.168332605071086,0.258157567328996,0.437033945483624,0.24488694813165,0.510143941943285,0.0894761225494321,0.316573850483754,-0.00977464763308289,0.0657982747994692,0.228663885239855,-0.0317494027860439,-0.0528683529668637,-0.074089713012098,-0.269779839553986,0.386847751469579,0.265089128085291,0.143162740062542,0.091507557346911,-0.223876239427907,-0.0591134583541084,0.0483853913162397,-0.0906644698599766,-0.0902388419228856,0.0138218819330904,-0.154242978884065,-0.0625304481658578,-0.39248722143989,-0.120906791020113,-0.0686101902133137,-0.057658745635396,-0.0770036899212796,-0.0348960585832554,0.147148648406956,0.175651166803749,0.00305509184112219,0.153618307686137,0.118631287213709,0.112973263635477,0.238297990078736,-0.0122531902276319,0.216856024168428,0.242434096907733,0.171481730132276,0.181578125015,-0.0534264780879436,0.248468081745666,-0.20698664684503,-0.00325356798793321,0.553301687578421,0.554962596205969,0.39894322748119,0.162001414731419,0.499574886405711,0.216944412871029,0.0142698427382429,0.465982265607673,0.204460324742835,0.216333548999189,0.155337189379939,0.0209308717179481,-0.128162944277106,0.413638942662473,0.0508864659780062,-0.103615884670422,0.366710071148445,-0.0854138840699868,-0.125657610551619,0.168873090792683,0.039603928156231,0.108064897615146,-0.0524099385666126,-0.277516484340238,-0.158402554897921,-0.139466020617592,-0.0951253180474295,0.119416130825419,-0.146934487307779,-0.400212739233983,-0.277622001016643,-0.0433870315634843,-0.145884027299929
0.120176228800271,0.393584676709393,0.236936052938312,0.147370110077581,0.198776963794219,0.165455024192847,0.101012658995989,0.619916006849707,0.223170206930218,-0.112207503185926,-0.0381832076106582,-0.0607838436880022,-0.011399017135942,0.0322349739523153,-0.214003767619726,0.452008177005121,0.468359580716356,0,0.333844725607732,0.5234319084705,0.435851238430178,0.113816402312669,0.0662524814096114,0.300574741637163,-0.0196909516272013,-0.0283846476016248,-0.215378169921143,-0.23990902999018,0.190119607226383,-0.266142961395205,-0.0208584872592627,-0.205206334386469,-0.270929850883525,0.355621520590525,0.0588976307819748,0.404710864064756,-0.00105494713350215,-0.28542307938238,-0.24685482347104,-0.0533808970570208,-0.13702396189951,-0.165051988580948,-0.216048747530034,-0.291808986608518,-0.227615398766972,-0.385721514741239,-0.246125210417321,-0.207730252800593,0.0188088827674495,0.00287993786558382,0.226604238976878,0.382174759498218,0.435795902298511,0.241449215965724,0.273392806014843,0.0905233395459727,0.490893714416539,0.402004703479712,-0.200755957145117,-0.152645106615427,-0.0732021576461661,-0.0661915735044991,0.0576063573213994,-0.156311845605518,0.119957758613853,-0.310918297502595,0.329804147174382,0.181820584102052,0.631506912824004,0.774150575560439,0.513527715035618,0.355905791559125,0.284989995654197,-0.0129184936810028,0.244539057794882,0.0140983418038789,0.251613656824177,-0.104963023328229,0.0248818891933819,-0.179854904316419,0.41587230551381,0.126540262071303,-0.188205814004831,0.29495670411363,-0.0545124909039354,-0.0366699219041102,0.12214778993996,-0.201182147601018,0.419414465063791,-0.0352096612794404,-0.210276457809175,-0.184586761360271,-0.262231090563395,-0.053410595667607,-0.067922559058505,-0.22659708289856,-0.318586522401116,-0.21560471945499,0.123246952359855,-0.0946992964897439
-0.0346731982870957,0.0302067853219398,0.00556791566440227,0.0811814793839758,0.0369548223790015,-0.0288518991735121,0.0468255054688884,0.104137345223114,-0.0289788195161845,-0.00466863388662855,0.00314340581218586,0.0659590523952777,0.186698222369044,0.45085001696124,-0.0399666508047712,0.0886919624947742,0.548004827143269,0.333844725607732,0,0.197657163628304,0.311198630678764,0.307069303188546,0.254732816767703,0.178951721588243,-0.0274796573251864,0.0630874490116745,0.079948135573625,0.12856277381886,0.387624597901057,0.0876279825724859,0.0785726597349103,-0.0305820734377147,-0.126928848222783,0.350293852600212,0.204780228465197,0.0664955676663813,0.131574469843465,-0.143982058926549,-0.0150790271764705,0.0655460747056419,0.0443452148044593,-0.0670102903084112,-0.00105689837852979,-0.0636737388494445,-0.0632175886033638,-0.1625747157643,0.00577489233565394,0.0924167069929378,-0.123289165865444,0.0872986890372345,-0.0355237743961338,-0.00207213147806095,0.117490129568428,0.0878407084085983,-0.00866709992146723,-0.0823711576380139,0.0905117296564533,0.0215965532396838,-0.0965000169672583,0.00971159139919457,0.0136079848934333,0.0598195861290029,0.0816668400060022,0.0295805173206081,0.388364395814381,-0.0992771159202614,0.0138253463347568,0.457651244627593,0.385126739831609,0.280494255495052,0.0941498041673327,0.278010597637663,0.142025509438665,-0.0102470314982482,0.122304023340776,0.00843165179678525,0.241966737943002,0.093830769760333,0.0574426753894147,-0.0363896798144685,0.207855500117369,0.079062007124694,-0.0461059013323156,0.179347397902061,-0.0759982803076403,-0.0572504794075842,0.148159223769356,0.100708193992129,0.111288166507124,-0.0505148273797079,-0.0768877407635519,-0.14414181576169,-0.0489902112364832,-0.0777007638191464,0.0712593283117518,-0.0121962139302306,-0.212984887847315,-0.0924268194010316,-0.0725940034442001,-0.00413216721300398
0.0079180252618675,0.108259635578373,0.0721705558540594,0.0714670712651193,0.126530210342896,0.124842350805104,0.102007474254322,0.352351822953794,0.273030814796798,-0.146253968863117,-0.135072786440214,-0.0920171744133815,-0.0403544204335536,0.060301563610101,-0.0415864590756929,0.0466171991343739,0.168332605071086,0.5234319084705,0.197657163628304,0,0.448199217406332,-0.112860709425174,-0.0169141305268609,0.243364297908548,-0.0320473444192491,-0.0347977089186358,-0.119870919520274,-0.144040663676239,0.32833724041217,-0.245983466495892,0.0582969005012364,-0.120797280341661,-0.243336428469256,0.193425718041238,-0.0241460144279579,0.466612459736998,0.0781051890402512,-0.377187772357103,-0.271175216514125,-0.113439080056739,-0.125477846710478,-0.213520753305893,-0.262353573278768,-0.285273327718517,-0.0376372442669767,-0.422373546443941,-0.211801794257541,-0.144162206159144,0.060622015363871,0.0449210883743817,0.0607342509016888,0.0841806193846903,0.171451785375527,0.106949595844071,0.196733625742457,0.0455196333874027,0.193294362693914,0.355716903762349,-0.199506733932197,-0.246977500553396,-0.0977662297536191,-0.104119155200208,0.0334433713386359,-0.218015707745637,0.0992827759146832,-0.156468456307062,0.31392925310276,0.0239162220201264,0.384180818397456,0.589513309926149,0.52243946860008,0.179859272604094,0.197942238529946,0.0672156877889518,0.091481233842722,-0.0202989578168622,0.404202082684367,-0.0506096933997999,0.10796075764939,-0.0850663768238947,0.40859959076261,0.253196197082333,-0.0485281361846826,0.200660770161004,0.0948822360497216,-0.0579225976818391,0.238481466185907,-0.0477642634135338,0.575371160419213,0.0531205655592205,-0.193484448972591,-0.179721799124088,-0.160948344282342,-0.033727721305888,-0.0527986995882914,-0.242245381332768,-0.301843968245737,-0.0424748842306915,0.191363670480029,0.0768513657751815
0.052134673520677,0.0257149216216379,0.045169228301715,0.1164298206102,0.143635645010017,-0.00465282672288035,-0.0360412768907055,0.27016413934722,0.124650458970877,-0.10391100063867,-0.143054716573431,-0.0124025374241927,0.0223706643616664,0.31173065954871,0.223099705011554,0.11198994936439,0.258157567328996,0.435851238430178,0.311198630678764,0.448199217406332,0,-0.0131267183229484,0.269315846320747,0.208383096809017,0.0411264087609565,-0.0664924901698641,-0.0587943222232931,-0.277233247138192,0.385731777098113,0.0421272278774445,0.0410774687434066,-0.0899961113767514,-0.103926088178383,0.0756725781592765,-0.143502810298144,0.0424666741558873,-0.166819052212297,-0.270778311075677,-0.179126328743273,-0.157932712423709,-0.231691466399931,-0.156495457885843,-0.14215004044011,-0.273753580462941,-0.0389933261426181,-0.211098403327363,-0.191434532676656,-0.208266788962272,-0.261708945402528,-0.165545300106234,0.0375894362427574,0.0803062897625912,0.239866697493124,0.199286297062052,0.0597040669156482,-0.0192571745108273,0.203717640463729,0.225082284845439,-0.16304310972882,-0.0945436732773174,0.0154435405817967,0.00551590623106599,0.0991114204970657,0.0218145504128517,0.414300472788935,0.215133652431954,0.0454729095866835,0.139213269987196,0.37607738455478,0.412992498392859,0.604787367028029,0.0481534022311184,0.178882339320398,-0.0995090909651448,0.221766076735422,0.0485844003409682,0.354770956351348,0.05143765440055,0.0999381919741443,-0.0978535384854088,0.238668539420423,-0.0652517690834575,-0.0940985613088808,0.0631369548909761,-0.0380866732042853,-0.153077333436828,-0.0353566696872018,-0.31079029873153,0.0829621640748226,-0.233370002914916,-0.161410767873515,-0.296239426043745,-0.189520649461849,-0.133120228544993,-0.0281635604627107,-0.236172920082741,-0.225301467899316,-0.233709146450334,-0.174312509911712,-0.220364561464005
