0,0.242534481316777,-0.0607106380693204,0.0908918172038165,0.160357273907131,-0.0134544464373723,0.21441638537864,0.244979382537785,0.271116631141199,0.253734870027697,-0.353568309684968,-0.239330486036835,-0.172492598033516,-0.292822071176302,-0.232928835837735,0.109132227456424,-0.285931901382477,0.00978359409247957,-0.246611471390192,-0.215108944573569,-0.225281688257206,-0.412862528938493,-0.271413444350289,-0.300515071233058,0.0349143890608792,-0.444304647690204,-0.321763223944779,-0.215351808644888,-0.233630538828292,-0.239539728004622,0.307729585388681,0.159036507814904,-0.0074247333391643,-0.373945050563711,-0.404510734334775,0.072665578642268,-0.0544791877237936,0.426683960002618,0.164346218396096,0.0190081785095951,0.0184188452138087,0.0875570767829516,-0.189750401346602,0.123303199641734,-0.0642729036912508,-0.239497783167441,-0.28553084475458,-0.243075869174011,0.186942190594383,-0.122536049732061,0.585790542518749,0.284850820681503,0.211788796161525,0.352063262571159,0.162295502739071,0.0392041107637417,0.322540628954292,0.0328728422564109,0.237623020328265,-0.537993564852607,-0.217496558175955,-0.105940179668907,-0.180626083159642,-0.305815746660388,-0.28580595898331,-0.24149984102268,0.27664849405096,-0.279831258596708,-0.386487029544375,-0.0710730806109712,-0.260290018147316,-0.417966298184308,-0.328534224225454,-0.117900156362671,-0.360360327512979,-0.366778468289865,-0.233999544505682,-0.19957618180431,0.309251496469168,-0.0392024054344532,-0.336680951183277,-0.165129934971969,-0.0792172561218676,-0.386845142223507,-0.370729819361567,-0.247925469817535,0.0889407689520942,-0.160405769956682,-0.224786949683944,-0.128272241182139,0.161131577915801,0.172764222995443,0.148348598222038,0.162768206688659,-0.256463483396446,-0.0599376388718822,-0.262138441547182,-0.289971077746475,0.233996567519658,-0.0990743901153581
0.242534481316777,0,0.379188731096556,0.547300222075929,0.438701371312868,0.188775092431735,0.0731579075825624,0.431850237434531,0.250564207935692,-0.0781711548567171,-0.219155890579048,-0.159395380288223,-0.131591926367788,-0.0898035818415017,-0.118493700415448,0.593182968607263,-0.185010466647018,0.252519099082486,-0.0222460147262793,-0.0543174385557799,-0.0277158076178517,-0.237295413336043,-0.0536472785871524,-0.293746778168355,-0.169841538376551,-0.272130998859688,-0.0687040714940924,-0.163026188811039,-0.361948195261363,-0.0782450226783377,-0.0120134009234365,0.154134737960542,0.195437815567932,-0.257839204296912,-0.196249333965485,-0.197120614352832,-0.232043572545669,0.08362712624167,0.072491566217358,-0.0797769867037542,-0.148385939227585,-0.0671504204019297,-0.217366618264682,-0.0146183333608247,-0.270880391569801,0.0124896029526035,-0.120655214203624,-0.114086676953547,0.102052828509066,-0.185508491179009,0.442331835595878,0.598647166422976,0.430002397713398,0.535615956469158,0.285374718892037,0.174502890133105,0.392895516494743,0.277277339118498,-0.0768359316901656,-0.213453274516233,-0.108908416459559,-0.0333950115721667,-0.168428349385433,-0.130981972778966,-0.0812748091893995,-0.0804699095108202,0.0508239391271414,-0.132205703641612,-0.195297598829138,0.0183248862940824,-0.0731065449854656,-0.281729773635126,-0.0968138266495113,-0.0434060795820263,-0.213186657520083,-0.243969522192503,-0.267005410490003,-0.152307872041303,-0.137773159068017,0.143878184453988,-0.315002202416413,-0.19149126368259,-0.0608026596738071,-0.259564500319108,-0.132820553758691,-0.22888322143937,-0.281009047860721,-0.125519108776823,-0.131857444542861,-0.11317583626179,0.0834177680686679,-0.0283877276134274,0.00349896201106594,-0.0704380165719236,-0.27580880293248,-0.0865606221537957,-0.0186257520177689,-0.163731015219478,0.00294897929277344,-0.222274792480022
-0.0607106380693204,0.379188731096556,0,0.0249389090365737,0.405007941660056,0.690641364134762,0.390723330755976,0.482979118016442,0.437720690889485,0.163647546282096,0.259960455191336,0.123360275872362,0.143226796516247,-0.105980590866267,-0.219948764740047,0.479932082313838,0.2884506832779,0.392941965441139,0.154259088942804,0.0103583742151405,-0.110515303698958,0.232481459510931,-0.121563926126608,0.10374241050341,0.28405672140847,0.191273449070472,0.0696141766818116,-0.103405947876199,-0.0738904153883194,-0.259089420625647,-0.0736198633512975,-0.355382382110953,-0.283570270404262,0.23407594911787,0.184250332438115,-0.296788295241892,-0.128002978406026,0.137264663527813,0.0488960897055705,0.164277240227627,-0.00904247621905773,-0.0157654981152664,0.234729286715202,0.0735618850178152,-0.10129771796792,0.0194942729612784,-0.175985450547752,-0.201462035980171,0.440404955538236,0.171263798766213,0.27990497646287,0.626014789146264,0.00845207220130329,0.0218492218455585,0.627420424975313,0.693686586395889,0.326562902485702,0.422959966807777,0.0543564950651711,0.281541766089363,0.0151450195530232,0.0798555723697777,-0.238574341471228,-0.15345480224086,-0.129015334975648,-0.215053765280042,0.040781026959554,0.151991757953426,0.0712107914287365,0.23158502926922,-0.114228069794775,0.0847304737492632,-0.0847577755865426,-0.0452441283748355,0.0803134017512471,0.225450159711789,-0.0620593511411621,-0.310477223286961,-0.200947708929955,-0.278036214658514,-0.220574945793878,-0.10753231642762,0.0935326213163001,0.176400848349347,-0.0100129014972486,-0.230071094448863,-0.336206482508777,-0.220927780880762,0.0507329019943276,0.0261774703617592,-0.080577694357498,0.398591486545781,-0.0797805090109701,-0.143233361410756,0.199993933084312,0.0414834015481313,-0.0581047931576275,-0.175763497442584,0.322435168529335,0.0772706777708613
0.0908918172038165,0.547300222075929,0.0249389090365737,0,0.349990002499501,-0.0462227442801314,-0.169577671078248,0.247635106747802,-0.0476481061892556,-0.409313023609838,-0.174577664453544,-0.0984171299607613,-0.00958535554320313,0.172281544394907,0.235357645104211,0.163897839827795,-0.229557040504077,0.108869698983488,0.109183233830753,0.0805534881600509,0.287413669290362,-0.371670207760679,0.260929281090783,-0.348528313390585,-0.431777638842134,-0.241640584746276,-0.111437311623421,-0.103404335601661,-0.378540129819193,0.329419805937369,0.0337056749898646,0.519467997415517,0.429922247879023,-0.426892912329792,-0.317465327015058,-0.0930528755037576,-0.181221844596983,-0.183933754357863,-0.0374913654928303,-0.340439697659338,-0.304860908964377,-0.222111087735865,-0.439370742627019,-0.0960632786668084,-0.325404257187538,0.0140459066590948,0.102194544489728,0.137695049076932,-0.0688169717987749,-0.270222811058414,0.230675536116683,0.388381811235714,0.571755409470136,0.688461688562856,0.0294632654037517,-0.0460635017907061,0.235981208973173,0.19450805906715,-0.35065894282955,-0.131931116642582,0.0680612169270056,0.234183824402865,0.159440192340746,0.18372196705526,0.233927998026244,0.287022945503988,-0.1389003999641,-0.0452347794354495,-0.0795825987733437,-0.148561975856799,0.214228065230941,-0.260103870223441,0.177121084116091,-0.053968564034952,-0.0719950971563877,-0.351774860218099,-0.218128914083729,0.247253242893838,-0.031687045385961,0.507724756636005,-0.230969351367796,-0.32650035350285,-0.351099620854485,-0.400317078761697,-0.11273569344466,-0.0655182911133083,-0.140630817682748,-0.0745569556634674,-0.0719678381300926,-0.305631258502957,-0.0200292715285588,-0.326966393293997,-0.0809921232090403,-0.0814408381749268,-0.522862916221647,-0.125805111127366,0.0490788634948103,0.0573230092694269,-0.131366360675466,-0.301449654124278
0.160357273907131,0.438701371312868,0.405007941660056,0.349990002499501,0,0.483689963176524,0.2024472574271,0.390552212347215,0.330313871164617,0.0313637935586226,-0.00194801828883607,-0.0544807720847515,-0.118803589929881,-0.315445922968791,-0.286205224937749,0.409575797108483,-0.184376762319152,0.130814649168168,-0.199788860653547,-0.197399840894437,-0.205379054176623,-0.159598154420224,-0.23073307682701,-0.187971615571234,-0.0520510259476398,-0.00474484500873646,-0.0610471524457226,-0.0549737637824056,-0.359968155094735,-0.21420675550803,-0.165670377927849,-0.065845251188348,0.0195051839410721,-0.100765047494595,-0.163777245134044,-0.151741591622155,-0.144945267334009,0.0600989801548469,0.110240277938623,0.00162747027818747,-0.0729638051535066,-0.157900573100149,-0.0607966456665603,-0.0184147133871795,-0.347839757487792,-0.0755403938331847,-0.296178998573431,-0.198189095475108,0.161094859788029,-0.0811738711364338,0.282960966503885,0.510207115812936,0.430784853596815,0.574039139729719,0.626170019034185,0.31786231098444,0.207862912927958,0.235828771023139,-0.0900582583713949,-0.0317800749846519,0.00247379036289902,-0.0480798662091793,-0.407054717595443,-0.298405404674941,-0.255512642637381,-0.23771324875142,0.0984928373718535,-0.279298920407454,-0.201417036863858,0.0341926588788761,-0.292094623256279,-0.226151015009149,-0.230605730606347,-0.0830614425237916,-0.178745858529959,-0.0416805274808723,-0.316094555664883,-0.250452470003594,-0.202671051469818,-0.0556175929824119,-0.33056893983041,-0.090180190113609,-0.13652619349342,-0.213176579105008,-0.133754878515604,-0.315427702055848,-0.164160789496608,-0.107125112112071,-0.14829921293076,-0.105933179085021,0.143599180795146,0.119945958814261,-0.0648460751840942,-0.218345557013534,-0.168120959373102,-0.124790651938323,-0.0884035723880178,-0.229384565566261,0.106163694671266,-0.116247273809036
-0.0134544464373723,0.188775092431735,0.690641364134762,-0.0462227442801314,0.483689963176524,0,0.523133578866128,0.492472773552782,0.51061696579377,0.397899563301499,0.161783668395191,0.0810366248598346,0.134250866793316,-0.261169815248866,-0.368732859108526,0.403716489473878,0.2957104275886,0.302733623348632,0.0379546484802011,-0.06043144276441,-0.276536887765423,0.232217880920525,-0.302148090436546,0.0575805473707479,0.333266152551154,0.159602237331601,-0.0103944290869028,-0.0926959431154076,-0.00529617177414064,-0.386517010256166,-0.0146649015800706,-0.406313081173044,-0.295530814983809,0.279336733800281,0.154543365140254,-0.238643704092694,-0.0947996938540488,0.216575864754084,0.225712863822686,0.320811921451826,0.0746863705716997,-0.0693120226106766,0.300461334742013,0.113217168693294,-0.0856650410780267,-0.05085400253685,-0.298415790305845,-0.286642756794655,0.51909190080178,0.215363176482298,0.180614839506238,0.499467490532547,0.0496333502733352,0.0552969315736159,0.764657588892508,0.726719710873302,0.278666001998185,0.420935580773958,0.148716282066469,0.179703207972084,-0.100229861906733,0.0751938134203046,-0.348679766201126,-0.316514334710324,-0.27325939539279,-0.374651379473535,0.0587483388556706,0.0589103185925389,0.00946554306338601,0.234750663839871,-0.264587512340715,0.0771757338831536,-0.23957025132412,-0.0796997478801436,0.0327386709924129,0.141086237267736,-0.0352101412131576,-0.421082627694112,-0.0779750205200334,-0.370063629862734,-0.222933578477079,-0.0717345313104809,0.0332051451386969,0.150818070620667,-0.0848960472802587,-0.250885938540826,-0.246285663998368,-0.239373758529392,0.0071172252349865,0.0026436122568256,-0.0915055193963416,0.44904426428425,0.0397027640733699,-0.194940947543309,0.151352878327086,0.0168913685847405,-0.131267421130635,-0.261314794121289,0.439692530312185,0.129332373462334
0.21441638537864,0.0731579075825624,0.390723330755976,-0.169577671078248,0.2024472574271,0.523133578866128,0,0.594736234742346,0.689180914171628,0.539837582872704,0.0709610002339713,0.112889936423862,-0.0306701751702245,-0.423257344453479,-0.493366770272482,0.405451880487876,0.137706787903223,0.355373613341648,-0.165425097644023,-0.191876208143768,-0.45677760960825,0.126899202445788,-0.482545088380661,0.143940414030183,0.379531531567928,0.0777361491985124,-0.168868869112388,-0.136740960969332,-0.00300161423147205,-0.533469533855484,0.108803669503574,-0.357688717338893,-0.239609001787248,0.163484925341326,0.0200291651101532,-0.030442736661799,0.00300260959703601,0.423257995848957,0.306833750536242,0.514504465947817,0.328550114117051,0.110147198252228,0.413227017253172,0.22590761439267,-0.0326089738924199,-0.0551930819243619,-0.404232865260828,-0.464533002532833,0.490543990429688,0.314442133181029,0.291489453931859,0.329521887692205,0.064213771532118,-0.0183758093449092,0.544521768926394,0.575760711462483,0.424266366532098,0.459612522425126,0.330008532293997,-0.0109250610917345,-0.129164604020817,-0.109041941637916,-0.388066052689193,-0.439446073056094,-0.441169630748487,-0.504440890925588,0.399492388034741,-0.0980364547444381,-0.207559384406705,0.28453563973829,-0.41389514942609,-0.0920480830599179,-0.477738330860889,0.115486240239444,-0.00583422771416678,0.111940604756588,-0.0924017305315631,-0.494789453459184,0.0346013983007909,-0.432722571763011,-0.309128571028556,-0.0176424425813807,0.00166686113566376,0.0626021762055794,-0.249962355440959,-0.354618080849394,-0.135595390378484,-0.256503505209009,-0.00906176056410951,0.190674914020271,0.0105369615403701,0.501803921051086,0.217652722282557,-0.00123306087893142,0.264452961172541,0.0128572141233697,-0.165498978919593,-0.420481915073599,0.434253004598851,0.210174392430768
0.244979382537785,0.431850237434531,0.482979118016442,0.247635106747802,0.390552212347215,0.492472773552782,0.594736234742346,0,0.732229308251432,0.253898866570061,-0.0209858562902205,0.0427884283408104,-0.0193032827069664,-0.257220068650021,-0.373634304764658,0.469600328604675,0.104217353784012,0.590308584077665,0.0393345600687274,-0.122124012638265,-0.242200447676443,-0.00281831548068345,-0.29074604946804,-0.0360026503161842,0.0955789576095696,-0.077837877976036,-0.112939881919542,-0.119982593176364,-0.20415470921213,-0.35016431964524,0.0704399705004187,-0.189304556016857,-0.135351593699489,0.112517975308538,-0.0874725330410719,-0.0908791987776413,-0.11322597198633,0.22387692283742,0.164576695581875,0.232508644595862,0.201091477394149,0.101433233344621,0.142890958492452,0.139222218287151,-0.166509500556421,0.0222964533158148,-0.29924767191669,-0.300060964895385,0.432399761889798,0.117710312329366,0.403428297564631,0.599448079938699,0.24353653897693,0.301842430007985,0.585307518783076,0.589199029074596,0.658360211793722,0.671353671245264,0.24214005492016,-0.115850017740669,-0.0358984234450077,0.0170550725245042,-0.309101893753376,-0.359356136732087,-0.27476304094448,-0.371772711230783,0.213051718628653,-0.0162356732413515,-0.047892499275349,0.361874041287752,-0.25751568576752,-0.206598819993786,-0.328037074529681,-0.000855263621420242,-0.175417187006059,-0.0090247853734374,-0.212332939225708,-0.350518542167395,-0.0202395112172918,-0.239193651821045,-0.291703450247831,-0.0782205606609432,0.0316362836987455,-0.084128206923188,-0.196740672168599,-0.302953651468455,-0.242702113308202,-0.118826792321254,0.0724440435136226,0.0661697394065153,0.0742754306545713,0.286195488976465,0.165481133728069,0.0993295586299796,0.0494811687967036,-0.0540567949262942,-0.07018319618986,-0.257639797290556,0.381023637641746,0.0931183824899761
0.271116631141199,0.250564207935692,0.437720690889485,-0.0476481061892556,0.330313871164617,0.51061696579377,0.689180914171628,0.732229308251432,0,0.477737057623937,0.0330331628640937,0.140908265760447,-0.104890113911446,-0.494979403256739,-0.586969946514641,0.490726323269045,0.0119600189033533,0.470503551400419,-0.152993242388527,-0.26236331142912,-0.473929602165743,0.0340988942106324,-0.523389994595424,0.0861915559965516,0.299835343188274,-0.0214736775587381,-0.185829612855788,-0.190189584623518,-0.196177134768887,-0.567765181808434,0.0673179777244915,-0.313566600892795,-0.240584400167938,0.145056201165299,-0.0753224184143627,-0.0414361870909673,-0.12679865915,0.405605837467503,0.201892263358166,0.374598228941907,0.254410679396883,0.309120435595959,0.336704634520449,0.211590123299034,-0.108296110630057,-0.114911565467711,-0.485378829404377,-0.489050412910172,0.48045776239357,0.178785236968601,0.432500173152526,0.480016925458604,0.149973699098612,0.151679740918311,0.614400190555606,0.649589124643703,0.640171564834509,0.610552669540876,0.448106662168181,-0.1067439328063,0.00810171269519204,-0.182812202238422,-0.475936021327762,-0.544279320918226,-0.494721862483458,-0.579947870555511,0.429647345096032,-0.147307727208036,-0.198388070841832,0.391637176400781,-0.463761895965753,-0.225607918138154,-0.509564463836428,0.0805350565071218,-0.20054325366169,0.159197646337814,-0.250922360081824,-0.512013015589492,0.00164864110118111,-0.396030965804697,-0.34875749719931,-0.0291670475736248,0.113913785608094,-0.0476577394899574,-0.298376783226756,-0.393661039994668,-0.217119850833459,-0.171010102755222,0.00116583536906562,0.164570602904416,0.0504619188239425,0.434700241286704,0.221541885960781,0.225123854291667,0.229985061238556,-0.0887346510553787,-0.228812765086867,-0.464530256192499,0.45062947286685,0.162300089947369
0.253734870027697,-0.0781711548567171,0.163647546282096,-0.409313023609838,0.0313637935586226,0.397899563301499,0.539837582872704,0.253898866570061,0.477737057623937,0,0.108157305395131,0.116659913202135,-0.0614637991406129,-0.425224310729453,-0.504794679882594,0.262061377762248,0.140875878239422,0.0819645273142662,-0.215584148488148,-0.249318754521092,-0.46972927917732,0.163047607316839,-0.525275690031832,0.268555053925337,0.668577652079702,0.116079909872148,-0.112635868708635,-0.113329639099263,0.153531097276301,-0.549069756296095,0.110000048130182,-0.445585872991651,-0.354547874443081,0.20552141398739,0.151047960448818,-0.0307863485372483,0.0873029340815008,0.551546784385297,0.271775298877244,0.592081747094621,0.280616990090644,0.303608022168494,0.437205186799452,0.212787380644084,0.211425468570164,-0.210759727637453,-0.41594333444084,-0.417727730179026,0.40439829982641,0.238018405499671,0.149379032516259,0.0906490893788494,-0.178852931608266,-0.176697310533511,0.36757705140989,0.360402481204368,0.233413769943319,0.189567338083209,0.627388111775945,-0.0484736516269582,-0.111785231036037,-0.259243607852833,-0.350628696745241,-0.470085039120234,-0.43408301099435,-0.552880493402063,0.258214465692534,-0.120466887041501,-0.188116431151973,0.13133110583489,-0.456963771121261,0.0437778668386417,-0.48244448969139,0.12339830078282,-0.0781367384059879,0.236989223244344,0.017497963208444,-0.53136787755754,0.0529926699444739,-0.563198205601376,-0.194728894272257,-0.0290311589016672,0.289135849942801,0.209336188364033,-0.161896293432455,-0.236361785208264,0.018966862397262,-0.156523694050774,-0.0622145764394574,0.0877023169968276,-0.0251263950714761,0.53197975980179,0.367682967385828,0.0945614901730672,0.413037120855048,0.112768326287426,-0.27209594810096,-0.381233593858145,0.421669726692459,0.251187971770987
-0.353568309684968,-0.219155890579048,0.259960455191336,-0.174577664453544,-0.00194801828883607,0.161783668395191,0.0709610002339713,-0.0209858562902205,0.0330331628640937,0.108157305395131,0,0.729007185488029,0.386003475284261,0.135242599493029,0.111308962488858,0.0209591549088782,0.398037573437365,0.0791651397780064,0.162552145955572,0.151982695296825,0.0753900435947149,0.454746331756397,0.151264013214821,0.664248672009031,0.236434034641098,0.73343817103294,0.318611554337095,0.200490293466102,0.249740252142598,0.0908697686377924,-0.438065448729377,-0.331832014078876,-0.307381257320398,0.296936847269378,0.438871263933121,0.109597459232836,0.300982418624231,-0.158421278782286,-0.141416410889281,0.190941777307376,0.2166810798935,0.211263930143369,0.455525347429937,0.0866284852317129,0.191661746887225,0.107878446740933,0.141864492981582,0.0695726908281176,0.22565006244676,0.398706997044046,-0.265780714607623,-0.0640197197525149,-0.365991209867718,-0.281967973250715,0.0606256347238324,0.244234804318231,0.020051911971299,0.105321384961099,0.20376981393904,0.776678833001309,0.625041099404795,0.15220617821659,0.0670865219061955,0.172613742914322,0.127638367689394,0.126148201509985,0.206276622023397,0.187483482087776,0.171290617579662,0.0405834777729018,0.109389588196395,0.402838768190543,0.212335635895069,0.406685404185232,0.467988939439546,0.710315275529526,0.2117536987258,0.157803804007677,-0.422479926239919,-0.236145613747857,0.0788165756004458,0.0542875532696926,0.0878461645467839,0.470640938984337,0.334133831114447,0.0495415428716523,0.112443510177293,0.141339243004871,0.219040238006897,0.309577500575261,-0.265705989436484,0.139589224035887,-0.0568595578554104,0.0593612023922638,0.471406738729272,0.182090532568798,0.183659356577486,0.157635176105033,0.188727127754216,0.437918694899247
-0.239330486036835,-0.159395380288223,0.123360275872362,-0.0984171299607613,-0.0544807720847515,0.0810366248598346,0.112889936423862,0.0427884283408104,0.140908265760447,0.116659913202135,0.729007185488029,0,0.435901955012494,0.0424134281372342,0.0522307849984156,0.0441431874851669,0.314440112299634,0.149867907447951,0.122848539860037,0.0879283090087238,-0.0242662920352434,0.347245750934449,0.0986769453160022,0.606656196987153,0.202490808664269,0.656893680503486,0.240047835247904,0.13327287499962,0.0941565578512382,0.068030506871708,-0.363178163405787,-0.210307631444799,-0.236194881404927,0.168674016446517,0.279004892938232,0.145812667615659,0.167011322804668,-0.161526118713812,-0.200462263113835,0.175954580342345,0.192607928436424,0.309828767811622,0.445205063143138,0.130238756545164,0.16792118779487,0.0389896463409141,0.0644193628140665,0.0171315447302002,0.23033884240484,0.283817376242334,-0.179363424143042,-0.0714059985425899,-0.280140805775674,-0.163116932460673,-0.00827936425443937,0.172519280624651,0.165213678973115,0.180165468437544,0.22355746201108,0.610842731857266,0.71883082511804,0.19715882971748,0.0824916820433013,0.0933951353438123,0.0460933341212314,0.0716647348827344,0.323828935481297,0.10290000229925,0.0924025925592339,0.12434971816665,0.0277329509349356,0.242633915289197,0.148832066729828,0.413356781073761,0.42588353364219,0.65232445720712,0.10492978182967,0.18044562279311,-0.376403551465909,-0.179034335328777,0.0228133921217101,0.0348835998346586,0.0432766735253835,0.310974869367681,0.206781773612564,0.0138169111638442,0.0383635241396922,0.145006276765401,0.174069114979656,0.289437497836341,-0.312483527240383,0.0257935151756958,-0.0476932440778959,0.174162149193036,0.419656133691436,0.0568158025724534,0.102039070724295,0.0814456941997169,0.12653056105975,0.340949748184335
-0.172492598033516,-0.131591926367788,0.143226796516247,-0.00958535554320313,-0.118803589929881,0.134250866793316,-0.0306701751702245,-0.0193032827069664,-0.104890113911446,-0.0614637991406129,0.386003475284261,0.435901955012494,0,0.295679305532616,0.224179214391653,-0.129257771819466,0.573316250305724,0.178021200930016,0.454504569116034,0.325170029974048,0.214580921056349,0.401383170573724,0.224198466168939,0.269538186945591,0.03871585523375,0.336847289104459,0.337205982136881,0.234776082736983,0.24895310051146,0.196412655848961,-0.0905172880192736,-0.100226309774588,-0.109673149687869,0.256496385524693,0.335817265235354,0.0962966114441024,0.199711425459731,-0.197275009626173,-0.126764990737895,-0.0615767173755089,0.0952154941894386,-0.0871506517704163,0.12887942732758,0.104674932236839,0.0664250739069199,0.191458531250866,0.265271449668072,0.15662557208577,0.18360019609578,0.25190330757704,-0.118450448308509,0.0244491853418965,-0.215482584267827,-0.134971476714281,0.0192059261118189,0.121524370755507,0.0271336016336472,0.134891625618466,-0.0415765317227346,0.398871953925574,0.309823544852527,0.700270633328402,0.30549320776639,0.205987414795351,0.221700529649505,0.187368044618085,-0.0251223650403154,0.38409260783941,0.292195206686608,0.0735106773354596,0.223310620750185,0.336646418125759,0.210862933362637,0.0449186510994611,0.362596678085113,0.230257199203113,0.287591779827339,0.263218227880281,-0.103524682252,-0.00386219897604434,0.144533285389761,-0.0217349191808369,-0.0369629471897245,0.2911183280848,0.30847388186556,0.154527484468666,0.0679786890737655,0.147013230524725,0.212086927552247,0.0948419123173401,-0.26073034315284,0.0202382371755472,-0.178120991542705,-0.109117386124782,0.117962061405437,0.165958628819667,0.225327718776974,0.221084601762027,0.120440902811229,0.208376151647671
-0.292822071176302,-0.0898035818415017,-0.105980590866267,0.172281544394907,-0.315445922968791,-0.261169815248866,-0.423257344453479,-0.257220068650021,-0.494979403256739,-0.425224310729453,0.135242599493029,0.0424134281372342,0.295679305532616,0,0.845387345942357,-0.30079769309058,0.346327668271254,0.101907546201061,0.628553002710354,0.638355504017118,0.829092908699386,0.195253453388438,0.841915604790318,0.0803862849107887,-0.273082228798686,0.0654806414070761,0.327799056725479,0.335075231481838,0.405159115310569,0.739003937467615,-0.111605728265555,0.10192285483776,0.052091190302939,0.0278629329535863,0.210672500748682,0.141912547402488,0.184292570661797,-0.447809508591991,-0.127469246717292,-0.207979865438737,-0.0241418144153745,-0.0643201886143384,-0.163066890726259,-0.0433920723298501,0.0996713329405851,0.440215254326009,0.831838031537228,0.694845615740469,-0.155820565314312,0.027596247896901,-0.399712199391491,-0.203876891499904,-0.202731212239258,-0.14038305480374,-0.406683547458201,-0.229861512720679,-0.133456310675126,-0.0837654264788402,-0.272576258013646,0.226155657771899,0.159310111587209,0.368645847752113,0.77930281854973,0.824465220465691,0.842180907009375,0.795512626085116,-0.208493015864178,0.60896715512081,0.487729622218121,-0.146774722691821,0.816248028947281,0.351167073100584,0.760469334766461,0.142511406104108,0.332651840660901,-0.0324339514564302,0.52359722385034,0.692133239480025,-0.0932049275788661,0.197232009841368,0.398066182918512,-0.0556544132875551,-0.0481330402702507,0.171311804629904,0.464659003292032,0.60230890496429,0.182444607722324,0.242549159427679,0.336487503313547,0.0334970754830414,-0.269733982138887,-0.368150200916993,-0.0688282153334759,0.0221557453992757,-0.0942572792445375,0.206692685783155,0.550175968906468,0.728229796250996,-0.16301999989828,0.0123626568804056
-0.232928835837735,-0.118493700415448,-0.219948764740047,0.235357645104211,-0.286205224937749,-0.368732859108526,-0.493366770272482,-0.373634304764658,-0.586969946514641,-0.504794679882594,0.111308962488858,0.0522307849984156,0.224179214391653,0.845387345942357,0,-0.372470174355757,0.150594962269209,-0.0121178420082717,0.464242515023308,0.530937756737093,0.812407830424424,-0.00151481669998704,0.875865969298808,-0.00799160387161892,-0.363452877628808,0.0606572940251366,0.210719191769052,0.27597299572237,0.278467589019793,0.835806394165007,-0.136334353790624,0.233853099874773,0.141300392205319,-0.177253093703955,0.0422921182613052,0.189704507892144,0.145131419810509,-0.462036730305667,-0.169129236345924,-0.301375025655937,-0.113860416298069,-0.12973675194378,-0.252266530664914,-0.0965931152129023,0.018714463570728,0.367055730796633,0.768789697261362,0.665688899189718,-0.252109834895188,-0.0751807054544311,-0.386575019050233,-0.264281364116686,-0.123248598256812,-0.0468051033137269,-0.491375827278242,-0.357415695037757,-0.221214125321353,-0.200817291275363,-0.355948670615184,0.203038659716079,0.188677823212482,0.368221544862321,0.785893239142245,0.884347733438815,0.852711272751694,0.906170493824186,-0.189197726088013,0.469301013803854,0.347837464586672,-0.209985014361442,0.809926886174216,0.254939328465764,0.824102544623515,0.14778955198699,0.353839208919379,-0.0837993208709361,0.405779867940693,0.7913501659898,-0.102482383170788,0.332324794279186,0.338248002787377,-0.0615115811917901,-0.164057058628178,0.0416644691071323,0.371876977482677,0.570204455719553,0.188024926683595,0.195544938642041,0.260660657043979,-0.0407686029312675,-0.24585399672657,-0.448450751751473,-0.0927102138747012,-0.0584982273761403,-0.184375988700891,0.142137962648431,0.501471533169481,0.683291324246449,-0.275307942170779,-0.0892999674664626
0.109132227456424,0.593182968607263,0.479932082313838,0.163897839827795,0.409575797108483,0.403716489473878,0.405451880487876,0.469600328604675,0.490726323269045,0.262061377762248,0.0209591549088782,0.0441431874851669,-0.129257771819466,-0.30079769309058,-0.372470174355757,0,-0.00627394214914276,0.298183326444675,-0.0602381694083834,-0.218456704938183,-0.308485798418234,0.0677464785073233,-0.310121300994906,0.0585087843159617,0.1326069184503,0.024802096348277,0.0383091275522716,-0.10000416527933,-0.221405446690709,-0.353164560693448,-0.132055569653235,-0.209488766751454,-0.0200766875603498,0.092423195934699,0.0585907815054156,-0.274037953907063,-0.240169227721028,0.185565338759434,0.0965830746838568,0.279211335386094,-0.00360713200040388,0.06844089564091,0.158468604707065,-0.0248716806004811,-0.106900509614302,-0.046337463456791,-0.317443745209302,-0.32207880880468,0.204599864012408,-0.0727914323945624,0.335082249053702,0.485848385621617,0.301679762500527,0.246498611144627,0.469087134334771,0.393607296951833,0.366313724385713,0.312373218402283,0.162757295030799,0.0226813777753167,-0.0413086250715704,-0.201491450387476,-0.377110353745491,-0.312705804325,-0.297199976560389,-0.351936090640504,0.253056692240746,-0.0863170218217217,-0.138692536890128,0.180931074629032,-0.325983100688924,-0.0925181457477394,-0.29357382062026,0.176515365219152,-0.0695804029513611,0.0699163074658312,-0.181352845931463,-0.389875432589439,-0.282310093162139,-0.242825708948644,-0.289339836802074,-0.0745824100584886,0.0938864502917826,0.0281789626881414,-0.0209000970457845,-0.271707722634782,-0.313662319806752,-0.0967811230116492,-0.116120849561847,0.0228969708888646,-0.0046976470532124,0.170530616215129,0.129686659694275,-0.0537476805740299,0.0960782428759544,-0.0784650559149618,-0.0900724290416564,-0.315239115316666,0.114781705541893,-0.110097901413607
-0.285931901382477,-0.185010466647018,0.2884506832779,-0.229557040504077,-0.184376762319152,0.2957104275886,0.137706787903223,0.104217353784012,0.0119600189033533,0.140875878239422,0.398037573437365,0.314440112299634,0.573316250305724,0.346327668271254,0.150594962269209,-0.00627394214914276,0,0.367385779858497,0.639251090207297,0.397462757273016,0.188524441565908,0.658822319753877,0.224387111810337,0.471070045598782,0.214898585758069,0.391453109950647,0.388273971728153,0.244582332295586,0.5136753272666,0.109158003784225,-0.0927547657907885,-0.443624043958037,-0.346318911339573,0.604223347396511,0.579403636485286,0.0315040889780056,0.261570117974871,-0.0675460867956751,-0.0121959074438488,0.224015835223197,0.281012072820017,0.0065669634848515,0.349011201447208,0.122612348969263,0.217915122378636,0.260150110326087,0.285675869296284,0.207217144918556,0.217447762042243,0.374642648719209,-0.27508734562276,-0.0146707764113378,-0.32515934113436,-0.349432680614963,0.0936671790689039,0.231867356202572,0.116182300304611,0.270738562898068,0.102528916492331,0.434276793779376,0.124526090771468,0.374254869983246,0.22993035768994,0.213895313542433,0.232805888876132,0.0864382271238113,-0.0624344314228793,0.612282668671484,0.520091365928967,0.218557629969351,0.234548049095866,0.558825983372716,0.234604130410635,0.0927399079194155,0.420153964286603,0.324768380558405,0.502412984411369,0.0938669612999469,-0.0935143471729912,-0.344637069703131,0.273045856954745,-0.0064183847438715,0.182860998008876,0.559699551882518,0.365916005083218,0.22934547002859,0.0997748978026179,0.0913777145976017,0.410805469943869,0.167738818032255,-0.303784716809735,0.185280614118415,0.00986334307227349,-0.100834836930681,0.364619029993481,0.208344931531347,0.247975275557944,0.291360400392435,0.177764696288608,0.3317062390972
0.00978359409247957,0.252519099082486,0.392941965441139,0.108869698983488,0.130814649168168,0.302733623348632,0.355373613341648,0.590308584077665,0.470503551400419,0.0819645273142662,0.0791651397780064,0.149867907447951,0.178021200930016,0.101907546201061,-0.0121178420082717,0.298183326444675,0.367385779858497,0,0.462262413280319,0.341874636056458,0.113442345136125,0.154083163326043,0.0587081714023124,0.106002173363103,0.0815914770476164,0.0392128919105862,0.0973659684776625,0.0901770100757893,-0.00583912085472106,-0.033080396951029,-0.00826128030911943,-0.272200811549405,-0.205517296202657,0.3586237127985,0.0702866070909622,0.128453052079646,-0.0515378803977716,0.0711001009127391,-0.000669442751342053,0.114130693087853,0.314773537307916,0.0823830010731725,0.176722214921422,0.193848747551537,-0.0197522150186929,0.197046729083276,0.0641975267954695,0.0633826742992799,0.291128568164996,0.183637829479762,0.126085741130683,0.317430487065116,0.0536121316755098,0.0641675236179196,0.260805565450045,0.389297606608933,0.606185766367092,0.649185032081041,0.144934256282306,0.0896934430062419,0.0950807609125021,0.241307432567477,0.100935347825724,0.0328723598650977,0.0928250098744344,-0.0289219166248004,0.236926076268872,0.384661127952006,0.338611046801178,0.625707520805128,0.0925444949384674,0.0131946915710622,0.00810368964392118,0.102055859640121,0.0979670165355999,0.110870751401045,0.0449453058504708,-0.038008725032325,-0.127174988173261,-0.239489027373751,0.014096352048849,0.0850946752513894,0.120490203665086,0.0814143521614523,0.0213924180557878,-0.000400526090815802,-0.167838714148396,0.0526759373857673,0.471060951300419,0.209889397700484,-0.116488222089886,0.18187443360499,0.0911910821614944,0.0534397473962942,0.213527288376171,0.0449412891508476,0.152149390995015,0.0879112824932868,0.214677241929856,0.0861686401606247
-0.246611471390192,-0.0222460147262793,0.154259088942804,0.109183233830753,-0.199788860653547,0.0379546484802011,-0.165425097644023,0.0393345600687274,-0.152993242388527,-0.215584148488148,0.162552145955572,0.122848539860037,0.454504569116034,0.628553002710354,0.464242515023308,-0.0602381694083834,0.639251090207297,0.462262413280319,0,0.598195600475905,0.576297716657737,0.371540345543833,0.499556998435245,0.168769843375948,-0.0944581070167526,0.114290763195056,0.285969489891384,0.219813655037637,0.293975157186125,0.428685036787063,-0.0423144987223553,-0.135550832720571,-0.142516591647675,0.351646745892858,0.312910267514425,0.00250277714754878,0.0663512424659082,-0.248703396357966,-0.0899442078152221,-0.0860640199409533,0.0662154293826464,-0.0221863396327092,-0.0114716535055511,0.00889178158057331,0.0523782305576863,0.291172444086318,0.495953614031691,0.444253071115972,0.0308882328280596,0.11199208556126,-0.222277525620512,-0.00561237247270738,-0.155729879742397,-0.140236299946355,-0.125137061427872,0.062835679667305,0.154655279309333,0.228804757799113,-0.111841989732467,0.260644170156468,0.101285621613593,0.459781916182772,0.548338007746667,0.500861622868923,0.555880340610343,0.412735936079265,-0.155751087101076,0.748674595356973,0.694237999279068,0.239618421817872,0.567279997810114,0.378774364782713,0.446365610605951,0.0799445410121998,0.303057936241849,0.0753340080560658,0.441271852238003,0.380633948027859,-0.0881404922396577,-0.0294990069939183,0.377965613232443,-0.0557765843911065,0.0690847293559484,0.256451641600872,0.340923082477398,0.371815148389589,0.0121692721409806,0.16667261874747,0.453213861851583,0.053591973402513,-0.272576715500936,-0.089256029870602,-0.00504355525639238,0.00428287401929659,0.0925365377739897,0.116336945630132,0.328859781957919,0.47220205416251,0.0106978432785954,0.0826109712481981
-0.215108944573569,-0.0543174385557799,0.0103583742151405,0.0805534881600509,-0.197399840894437,-0.06043144276441,-0.191876208143768,-0.122124012638265,-0.26236331142912,-0.249318754521092,0.151982695296825,0.0879283090087238,0.325170029974048,0.638355504017118,0.530937756737093,-0.218456704938183,0.397462757273016,0.341874636056458,0.598195600475905,0,0.648566739270371,0.23599401152681,0.526339849375005,0.124662179363316,-0.170359852069529,0.10721061852725,0.373005757122819,0.290929206627768,0.412064278647235,0.436272858803092,-0.15955574995265,-0.102371863278759,-0.137034636504041,0.202976738289966,0.286289533338069,0.238077666799815,0.218855929039712,-0.306447606567534,-0.0868283891707226,-0.0545143017226652,0.165934128643135,-0.0444926572652619,0.00684720125636266,0.123793736613501,0.175998931048823,0.297571962418103,0.589891272090256,0.554299612422427,0.0910214370752513,0.237068741670225,-0.31181874279822,-0.0868416236975096,-0.167664178585075,-0.118632375590175,-0.228780044711063,-0.0503330115973701,0.0323272981706237,0.104476248653624,-0.141100183749217,0.228210151684841,0.176895322903091,0.373637238988797,0.542615797348003,0.545565655020778,0.624124089133192,0.485657762903545,0.0371386439661722,0.607384503223058,0.567007715681728,0.161100722031373,0.651370516083509,0.343366270745646,0.492708051804054,0.172805519767105,0.314117942777035,0.0659911928274704,0.484051999854917,0.440388719219791,-0.149268707218761,-0.0244142341504553,0.442915834931301,0.0482965226174554,0.0355008549004477,0.249957987439215,0.401067797271631,0.406849389796539,0.178729978527121,0.20367563988083,0.501498307658439,0.274646375747227,-0.256472062507342,-0.146466369725694,-0.0397164561693257,0.00967707040827963,0.0330987720005448,0.209580874383385,0.404917682414668,0.596276721911685,0.0751940398901604,0.174146854297994
-0.225281688257206,-0.0277158076178517,-0.110515303698958,0.287413669290362,-0.205379054176623,-0.276536887765423,-0.45677760960825,-0.242200447676443,-0.473929602165743,-0.46972927917732,0.0753900435947149,-0.0242662920352434,0.214580921056349,0.829092908699386,0.812407830424424,-0.308485798418234,0.188524441565908,0.113442345136125,0.576297716657737,0.648566739270371,0,0.00628326954017467,0.779227738420674,-0.0554796147646154,-0.314461106217306,-0.034351867289615,0.200882767088324,0.248691041218789,0.265901192174411,0.733961442258658,-0.0902287463459101,0.194779464660049,0.0962111121214727,-0.0982461437558658,0.0495955582449408,0.134987372440787,0.0994041692312033,-0.394156353158905,-0.13304012841434,-0.315749545678439,-0.107425068867401,-0.0718110622600033,-0.282346650604718,-0.0300288162296142,-0.0142255098856014,0.319332367127449,0.723306199928167,0.628127193991941,-0.186259753187204,-0.038252088656696,-0.29216306548233,-0.128233174793662,-0.0841915366831577,-0.009482422180372,-0.384329691545362,-0.236118810734214,-0.0868599340337435,-0.0577936699166769,-0.315280985799208,0.14379479160286,0.156460555903512,0.393682921750359,0.720502946862805,0.787407088342201,0.870795763997917,0.771138041105916,-0.224350281057088,0.554340163274688,0.458858659902392,-0.114941409494895,0.872123302065711,0.205481236105885,0.704928906469355,0.0876911548812727,0.255599702149975,-0.0907794173911093,0.388656646579845,0.685638898257254,-0.0836947667902011,0.2752653714328,0.326306275785529,-0.124761486902758,-0.11846814868918,-0.00632243318263376,0.326204438528722,0.453018550884599,0.132445666550402,0.157800290242013,0.29322936109607,-0.0490513879020787,-0.227214639921654,-0.351220396849415,-0.0851177141649985,0.0195277430546092,-0.194984545357111,0.128747660901937,0.431466421701625,0.638905474201241,-0.181350478067391,-0.0400763055557127
