0,0.487048660405399,0.491475846776098,0.212760603532726,0.249175962034535,0.408442936529518,0.193491995310735,0.225709557546303,0.303653139547979,0.196123439412579,-0.0350045454533812,-0.0010421349119598,-0.0433028786423871,-0.173607311296578,-0.220973118779456,0.328155657938595,-0.108355391561287,-0.0398703658897049,-0.172226156118358,-0.221290910048059,-0.18479043679621,-0.0476137470942959,-0.196466606419575,-0.17622063181753,0.147273832761221,-0.0808096419637608,-0.227077706633313,-0.232206596558553,-0.096382618985147,-0.298750841451003,0.11663389497916,-0.0436532960596627,-0.0971140527398164,-0.149871903466992,-0.224773251600904,-0.067012085088158,-0.270485551765481,0.238724333264658,-0.0549412914672469,0.128292928208607,0.00136974417395786,0.146831785515924,-0.0885801797359936,-0.148807199856063,-0.229982999880662,-0.187488085735142,-0.218612711966675,-0.239248104856312,0.181728322822024,-0.13704179417568,0.668910847078407,0.551768893345614,0.0381225191489943,0.099903713047856,0.429239736973818,0.437898882154253,0.284662236337804,0.255407935763545,0.0123866519664388,-0.0523126824939144,-0.0676049553234179,0.127257087045976,-0.178885823826829,-0.0291665355273825,-0.212918934870425,-0.235945557548577,0.244085377665751,-0.0127053678263894,-0.234629822617485,-0.0609529871069864,-0.199781301639283,-0.0945995673045852,-0.176975590148796,0.116903729050934,-0.118039295588899,-0.020879230035087,-0.110753061985174,-0.339950090698226,0.0502167287244249,-0.0835297272325704,-0.248937807812363,-0.012760860741232,-0.146836970126742,-0.183742361954892,-0.2778084648668,-0.26554829938141,-0.20580401276712,-0.178398820805032,-0.107086590558224,-0.105413487196847,-0.0614206303514427,0.349029387027867,0.0313509225492533,0.0748721211849772,-0.21333640543697,-0.124243109471814,-0.234038826444852,-0.135178185550142,0.23470742713285,-0.156852970452046
0.487048660405399,0,0.663064108737205,0.460199953400593,0.532561248726194,0.587217194508419,0.614593905420579,0.681040852501136,0.658259212758465,0.286379896159586,0.156999922897962,0.0771014847796096,-0.0475259789720853,-0.212099376329073,-0.331288869910264,0.707256598948095,0.0877511424022928,0.201962886475197,-0.142427336139593,0.0718504673874005,-0.141601253936912,0.0535566730737862,-0.290950170057947,0.0549367760036556,0.228055978243813,0.0513270894219059,-0.224201233249075,-0.361594324598559,0.0707376894872097,-0.510382503852217,0.117958635890888,-0.398651763381725,-0.213630111926628,0.0187261033794323,-0.0809862229579766,0.219644007860062,-0.304883535319936,-0.0403584031114233,-0.0806068419018317,0.402114964880516,0.242133203373663,0.128049217025065,0.0239763442948038,-0.243621104045804,-0.11773113656766,-0.180681427998498,-0.351204363809665,-0.382420070561507,0.326703078326025,0.00376796646071605,0.406015463461814,0.78638678928731,0.124932898486458,0.285726145226744,0.633115419524961,0.58328171888161,0.65982179133642,0.572445501513404,0.170917441607361,0.159387285623448,0.0466188825157121,0.0532686322397939,-0.198044211373629,-0.0312296670083748,-0.221677641900361,-0.369924302651125,0.563577646529687,0.0171906987665689,-0.207553550398654,0.171208231829195,-0.160021782094255,-0.0265593519216553,-0.238540369417068,0.274571458930897,-0.137053009040334,0.0609801768126194,-0.152849661308983,-0.525494699683926,0.0585457104388317,-0.38851556013147,-0.269724550021347,-0.0541940521650031,0.0797434762961433,-0.0125027151567091,-0.247281520949425,-0.42158300063874,-0.222245983709035,-0.415557282060468,0.0718468839760719,0.122052116966529,-0.254916940915826,0.361632650122898,0.306886944910824,0.119325063359014,-0.0680756645070836,-0.0751900360218925,-0.186596476524797,-0.265517520610585,0.334013876773712,-0.0458408838652903
0.491475846776098,0.663064108737205,0,0.312623538680542,0.465013196545931,0.704852869509994,0.493015382264923,0.542364743170828,0.650377361937974,0.168148998114262,0.236525237238233,0.151062460135228,0.214102744960185,-0.0112610692309981,-0.106485871535051,0.469746448878085,0.17937720640092,0.231271682992578,0.0245036748422198,0.065008787058296,0.0114978063313765,0.228382389581132,-0.136872329445989,0.148074968547048,0.141175119047175,0.124811462696321,-0.102605355707393,-0.150453016739903,0.14840379462462,-0.317239745088565,-0.0146557382355913,-0.412004665818102,-0.19059141038637,0.0713438191953288,-0.00950382068587005,0.229080310994605,-0.286620983654045,-0.109164879972857,-0.0928699821621309,0.319666932043848,0.197737488249133,0.0307615924671757,0.00742529756479702,-0.139329771039267,-0.236180565238722,-0.081610939076526,-0.26346655848785,-0.266189067547721,0.455784481629909,0.0289751651280531,0.37348917812452,0.725645972437538,0.00450713403152749,0.148479347680172,0.715952159927519,0.760558295580453,0.551250150939767,0.582136976712248,0.104322404344635,0.246960297398219,0.15091871114343,0.254806668673549,0.00288035251227106,0.11818740409105,-0.0508699284345734,-0.135997117939438,0.48927983568194,0.191157233584287,-0.0903970599587535,0.130977878383336,-0.00955033847998924,0.100639665580828,-0.0723620528643991,0.229089402080626,-0.082060347367584,0.105448209714943,-0.0430983212335692,-0.231409417854758,-0.0248027737089786,-0.362219240165003,-0.161824162833772,-0.0735982356190998,0.0519542325415937,0.0554972635864757,-0.0987051348430789,-0.348049611060539,-0.249405498151593,-0.288873861812459,0.0901172401786826,0.129128725136778,-0.252048947119788,0.289626698883091,0.234442672088799,0.029216213584889,-0.0564396375996935,-0.0110865958304518,-0.11365348077959,-0.121567398240281,0.430468843315371,-0.0070265523089843
0.212760603532726,0.460199953400593,0.312623538680542,0,0.628572106963106,0.344163311740388,0.351350692126634,0.479371873663028,0.407695666431522,-0.105522216148142,-0.0500742944066718,-0.0398105334200538,0.0662985219676253,0.0771108217421055,0.0293427385482584,0.499836735342557,0.181767301503995,0.382557434682944,0.0642949047765703,0.325147019104906,0.10268870936802,0.160692511747626,0.00938478436088147,-0.0794512406098458,-0.228270014826139,-0.174914671381934,-0.0972414949589233,-0.330622086191723,0.0937940674181032,-0.166048593813359,-0.0261328661876705,-0.192223640742257,0.0399867621583053,0.160339957106058,0.0795659746025687,0.163229592295062,-0.295286442878332,-0.0758970617011848,0.045140425062909,0.132180775956211,0.070885380542734,-0.192341003259039,-0.0612321568751965,-0.121624025808807,-0.114435039060691,-0.0923943089132191,-0.0786291762628507,-0.154532979384937,0.278004542046584,0.0357255308563954,0.194028453867526,0.413896697565589,0.360890357400568,0.761722557699501,0.430240951236969,0.280073797927438,0.570834196660782,0.377956807404492,-0.20645616445905,-0.109175224935353,-0.00235710327793818,0.0758067096048146,0.0508044912449652,0.114139319691555,0.0231001378837298,-0.0101460312903287,0.260700777361613,0.170686663605668,0.0271820767400889,0.251917578730107,0.124658505980114,0.0710234252231698,0.0461616117365536,0.105398462041207,-0.260443490696971,-0.283917179461138,-0.074524598936024,-0.289256236583262,-0.12261505874649,-0.20375926885403,-0.278601251712384,-0.206125769299593,-0.0611560720779979,-0.0589922685440782,-0.146192712166725,-0.215509338876888,-0.178591438450487,-0.376805574996778,0.106894949228798,-0.12409302216269,-0.124824322865237,-0.0936278584317101,0.173812649811271,-0.203678579185822,-0.277507502841866,-0.153590229565373,-0.167841694110605,-0.0607953146500626,0.24979888065376,-0.0332865560802619
0.249175962034535,0.532561248726194,0.465013196545931,0.628572106963106,0,0.657828635812581,0.406594000817326,0.52608819825162,0.590669642503129,-0.0345597803232445,0.0229868572156578,0.0303404747647252,0.217163468570869,0.137695224760735,0.050094201408364,0.472856641953615,0.249109597155024,0.319553567505993,0.05645663677901,0.355259255633158,0.0947213248732824,0.265451698386062,0.0304567795531911,-0.0394358428939539,-0.138053863079473,-0.0715511832560804,-0.00461896171701545,-0.183153005535023,0.219103491581809,-0.193918900669444,-0.0930098475312113,-0.356808062004164,0.0405226326986711,0.216246976775988,0.219803417626857,0.362671731224757,-0.0551396084302129,-0.106310566524845,0.0582848089810719,0.219360304136856,0.235925001209601,-0.0196700843766069,0.0572983929713313,0.105107760696002,0.0916361585737957,0.119639165939594,0.00156086006232903,-0.0627736230789137,0.537167801094132,0.297134181024488,0.143760475900639,0.485536648763957,0.114743005904624,0.684838388119506,0.740190213096145,0.579501769775612,0.516901245964025,0.56493100798749,-0.0981932884188256,0.0506700539769004,0.102405906703308,0.215465228714098,0.120646480608732,0.224051025565737,0.0720500441768187,-0.014619040576545,0.279110360310709,0.275569734880307,0.0528495546510171,0.163491440314465,0.0828640285669378,0.139679163190697,0.021469972966107,0.0448830879371367,-0.281915331565664,-0.176336776725134,-0.00735802057033117,-0.292391936741931,-0.22256943445048,-0.401264640696054,-0.266536379985509,-0.0949173897278079,0.0389168259757248,0.0719591379736789,-0.067129585234799,-0.156008627574841,-0.000650575700603691,-0.301862061133402,0.215654596324606,-0.06269212170705,-0.0815878060916071,-0.0679575889278428,0.207717154671165,0.0472669424908071,-0.212526895085752,0.13603100818431,0.0503952428748112,-0.00501665448608519,0.467302952145355,0.184427540126268
0.408442936529518,0.587217194508419,0.704852869509994,0.344163311740388,0.657828635812581,0,0.561297250337853,0.605551101547098,0.743459826729148,0.258463101492367,0.317962701283398,0.247338965002874,0.372568253942116,0.108622583539552,-0.0267045144779996,0.479048099485425,0.325083749288076,0.307048605459996,0.0884116689511602,0.150611713177893,0.047569272564609,0.405729796207998,-0.0414497290091372,0.10966615043346,0.134984419091862,0.157054667816801,-0.016005773125061,-0.088065238726391,0.21642960363305,-0.259834560752594,-0.0276965909360425,-0.522661297223581,-0.177231638159974,0.244871397259156,0.207479467189362,0.297521916835478,-0.162937078631715,-0.164088775558521,0.0781929634272921,0.452672983166207,0.388623859786542,0.265147878031263,0.205562578749269,-0.0163203884274626,0.0273536870150795,0.112395201380286,-0.0845298880728367,-0.13598591592567,0.649657392012158,0.183015296713295,0.252449007120716,0.574889615129293,-0.0613000949848237,0.284120887362692,0.859141012150409,0.878946979426079,0.584766065896857,0.65346993083438,0.207170269101396,0.299383617539707,0.199245575693172,0.360497299362281,0.134096589969422,0.276025765741524,0.00753339152312753,-0.0935168848041946,0.489153679255683,0.308011846073215,0.0499409568883615,0.178596516075697,0.00588469468333504,0.216750655797117,-0.0103471928814695,0.211735697380642,-0.159493459428504,0.0987975455081478,0.0138088192018164,-0.282768423923025,-0.085560257390044,-0.494931331026074,-0.184592490251443,0.0158336213980479,0.116229828404292,0.16555716351241,-0.0708877884847654,-0.206470944772077,-0.0734274184527708,-0.215823590036348,0.160583525658341,0.108728971862163,-0.202472003846227,0.167229118893854,0.310900693344129,0.251835667925025,-0.0334393518201768,0.163062394288172,0.0608373279712032,-0.00192482267294512,0.580564316276364,0.114399198711607
0.193491995310735,0.614593905420579,0.493015382264923,0.351350692126634,0.406594000817326,0.561297250337853,0,0.764247671151254,0.68012766742753,0.24928195903886,0.306205526200626,0.20179555454494,0.0630319940735623,-0.041335124647698,-0.164515112889878,0.689396986314395,0.271983138660982,0.367822930208803,0.0877475086968251,0.219037780189749,0.0368239805537855,0.205679082505553,-0.049179715458786,0.193307819010569,0.194058552479859,0.160458758608344,-0.0210823784651081,-0.252300481292839,0.147827039268958,-0.393453692014713,-0.0665157084428392,-0.525099687747756,-0.264055760585538,0.193816602859082,0.0732204974327557,0.270763586732493,-0.258371774580401,-0.237038935378543,-0.0401294796052133,0.590173755069798,0.462972122461723,0.234662564274274,0.15241425137437,-0.292540712533236,0.0117843291555393,-0.0212336333484816,-0.188161475054045,-0.202319687822413,0.341506751201379,-0.014126582027422,0.0730747043589717,0.501630870153383,0.173737031479732,0.192429363273697,0.555394534965519,0.544923762978643,0.748687016741464,0.672041612601462,0.18154931544358,0.170876671621642,0.120677628949968,0.0714595329303563,-0.0430191609641987,0.185247496085107,-0.042862396624436,-0.200871806930183,0.785044370264794,0.140283060172105,0.0464731378998722,0.351452338005738,-0.00558824218086807,0.167011394920849,0.0180139130543052,0.372384879539532,-0.107437879250272,0.102655825857139,-0.0331278467200888,-0.396428071615163,0.0302613046322879,-0.485191659853232,-0.0907006742821868,0.0158989865845996,0.174239339581817,0.124831334378952,-0.0621839593316674,-0.239223860147946,-0.149615255403626,-0.320803941666887,0.185595782306075,0.283234153402062,-0.286115546184002,0.222146053718591,0.433145367898717,0.149017188775389,0.0231727389562892,-0.0677144767054841,0.00690526729793482,-0.117844262242916,0.298150419633918,-0.0392134661812065
0.225709557546303,0.681040852501136,0.542364743170828,0.479371873663028,0.52608819825162,0.605551101547098,0.764247671151254,0,0.77664730655637,0.147274214472357,0.301886118024798,0.22596239549923,0.125188576602989,0.0318272551587235,-0.112581782911428,0.720655736309072,0.367993272360476,0.505858533844221,0.159425918655786,0.301343794585207,0.126878923361656,0.231225825060973,-0.05609105579157,0.169892397310311,0.0930815142261515,0.117686595222809,-0.000965063497010972,-0.253542251347255,0.238160219662145,-0.373688972399005,-0.0943969268991738,-0.538083947396282,-0.199751389640111,0.241911047857389,0.108216834252031,0.371579923236753,-0.220359001575922,-0.247941921766958,0.0103263343747498,0.535331657522759,0.403479835527246,0.101809060459469,0.136785951940868,-0.176613967425684,0.0157825786771203,-0.00327615657314301,-0.167008402567524,-0.198823179527127,0.396252492348701,0.0560214531109822,0.0762617955658062,0.578815040149004,0.192758348261328,0.326839786450045,0.631010761218724,0.602824342998534,0.85468886558541,0.792756370183631,0.151926782341861,0.198870172607847,0.1740171386491,0.136554518562774,0.016438410723521,0.203146293779784,-0.000516567076146272,-0.16323900685903,0.680117531166768,0.2679338936998,0.0724978096036566,0.426572970379113,0.0751406065953606,0.173109209456477,-0.014181205551927,0.390885260310772,-0.0942256947942668,0.0589582632615416,0.0253585185562187,-0.39011805750485,-0.0415251714693979,-0.510024598054452,-0.148963093399847,-0.0802435140731966,0.130182917812416,0.108813253462548,-0.0602453543811778,-0.300221033964568,-0.117306944958631,-0.393236348224092,0.23596660197754,0.201482093229904,-0.287250893773866,0.1544784844366,0.457667538012524,0.100832702072989,-0.0447971186803921,-0.0366005202049101,-0.0261848150819296,-0.146017472772473,0.349451685472334,-0.0125788843872751
0.303653139547979,0.658259212758465,0.650377361937974,0.407695666431522,0.590669642503129,0.743459826729148,0.68012766742753,0.77664730655637,0,0.176846206884633,0.330414227632008,0.217891146822602,0.2060209044992,0.074088897777786,-0.047830371916211,0.63088393427579,0.228340429719212,0.346078272060292,0.0600789516347374,0.246056775853797,0.0864136381321166,0.242922726715288,-0.104840398064255,0.175808634427188,0.0692108472398983,0.101096990652754,-0.0337319710767887,-0.195833896308405,0.234457043534568,-0.329534091299056,-0.0543016194672764,-0.524128009667552,-0.197441900196977,0.123004154821366,0.100490697951635,0.505913494827577,-0.217343286571924,-0.200326437394124,-0.0128273603839091,0.564738790047557,0.416602989331104,0.0998451893336926,0.139346036000112,-0.0771239276146044,-0.0855402840352944,0.0260531324259297,-0.145994546020387,-0.217312442755922,0.567299352195776,0.141601209881715,0.205959930979574,0.614034731416026,0.0330148421979726,0.307500448043044,0.753705843846275,0.732733849725721,0.728218807020649,0.821299738507267,0.179033064615192,0.314450571788877,0.221176049723805,0.22955237152461,0.070332960542306,0.254688527049415,0.0341224617219861,-0.101837142204714,0.660205425074584,0.28376656544071,-0.0407614830090791,0.212158429570105,0.0596040200458597,0.121999412832653,-0.091760655740405,0.396182623250095,-0.0696469007189669,0.0535684964064276,0.0326463949944885,-0.340888609752539,-0.0810293103960711,-0.475349204488759,-0.206145201791019,-0.0506469282522048,0.0895367059397415,0.0514695739456968,-0.0898996619870474,-0.313561838386844,-0.104441280727275,-0.375915248786732,0.262585946829469,0.191516028584494,-0.283521214598543,0.128269515633822,0.408207410938221,0.105415362425722,-0.0755417207680446,0.063906075915793,-0.0114440943614739,-0.106107343671673,0.501390696499554,0.0715973606462445
0.196123439412579,0.286379896159586,0.168148998114262,-0.105522216148142,-0.0345597803232445,0.258463101492367,0.24928195903886,0.147274214472357,0.176846206884633,0,0.326508630397998,0.209205206299387,-0.0336527452500314,-0.323368049589393,-0.336168063709427,0.190468300919157,-0.105755109377412,-0.269086339819093,-0.222414005722968,-0.322032088774071,-0.349991487621964,-0.0466845404807222,-0.326970111627782,0.194783661293887,0.703747443502197,0.230156900918965,-0.234456840932467,-0.0354964390027776,-0.0339922294273831,-0.373031410938372,0.16795114592719,-0.115408103155856,-0.178387460668005,-0.131887670313029,-0.139961605431591,-0.0104837738693666,0.0441482868951681,0.0606357116288702,0.0422730787962795,0.380109581921243,0.138573573659205,0.513970816586822,0.049134271142867,-0.16463718806256,-0.0470178603293334,-0.227768950505412,-0.286336204682322,-0.349115502857027,0.0991347546234565,-0.158239156229863,0.191452886634211,0.184313453662873,-0.100793315820825,-0.152601594071467,0.173907907099479,0.2570623146407,0.121829377778058,0.0632255043166748,0.730916095456435,0.349629659183006,0.0889494977069383,0.013659299832203,-0.166214194554279,-0.156302090895176,-0.323705151157113,-0.342676229469038,0.241108276352813,-0.157997170436849,-0.305634323121107,-0.182612608252324,-0.322078270122146,-0.157273343541584,-0.262353063865083,0.298116876745998,0.196135788786337,0.350928200530791,-0.039008343018269,-0.276470911743357,0.0640896848730743,-0.115916249360411,-0.14917901577355,0.011073595406671,0.0815762468992112,-0.0680276736246478,-0.169661532410427,-0.237873817868032,0.108002874203376,-0.0824476508847543,-0.123955586799561,0.0968638669121984,-0.0741585982589644,0.332993752076342,0.0935833967108964,0.454300678315951,0.0627888778509909,-0.0392295930599828,-0.176568974617522,-0.321390520115856,0.115343413132664,-0.0782628435843252
-0.0350045454533812,0.156999922897962,0.236525237238233,-0.0500742944066718,0.0229868572156578,0.317962701283398,0.306205526200626,0.301886118024798,0.330414227632008,0.326508630397998,0,0.616337848854261,0.395731210229674,0.130742513518378,0.142518460232856,0.0854374421996564,0.291541841109333,0.23805041845169,0.105603148497079,-0.00661796222042552,0.0597126373125155,0.402857419826521,0.068174752368103,0.528924186185817,0.235212198880342,0.634443789745365,0.0546675640489731,0.129894283993926,0.119772282990586,-0.033114070743002,-0.194428973644827,-0.462053913687408,-0.219987028872151,0.337773827016621,0.259042325767833,0.320068532467846,0.055094482445234,-0.350400932321467,0.118025574984933,0.54370344301024,0.569635143546341,0.390468383006607,0.49050644610721,-0.010503638600389,0.0966539642960232,0.125130337885408,0.0706614775380573,0.018321774427798,0.328465429865886,0.148235937263616,-0.191553591573864,0.0192106115772636,-0.36204697964235,-0.155445809977911,0.245072768806367,0.367279237098313,0.217389718386244,0.267830407030042,0.423893555243438,0.680864181378771,0.579110176889715,0.319199056298043,0.19823332880579,0.266204586872032,0.100843008045018,0.100810352002816,0.331089837283614,0.188392931767294,0.0935924947211499,0.157924323566757,0.0419664420038049,0.172585664280289,0.0550051796190207,0.364915441697279,0.174530711336738,0.503573238207899,0.0577026015365133,0.0339258633891882,-0.110803788877896,-0.412617235723158,0.149381313379433,0.206863707523851,0.267659387223161,0.282402170007361,0.0345184335155068,-0.0659429065078828,0.0880848438354634,0.0363510344395463,0.305027911608735,0.459644971883114,-0.2737331774343,0.0639388323284619,0.278545442112523,0.292113627464892,0.332624986526377,0.155452495501109,0.0736390022246317,-0.00958500227595645,0.362847658894919,0.174107429718886
-0.0010421349119598,0.0771014847796096,0.151062460135228,-0.0398105334200538,0.0303404747647252,0.247338965002874,0.20179555454494,0.22596239549923,0.217891146822602,0.209205206299387,0.616337848854261,0,0.37650720558965,0.268393880097655,0.259679980237254,0.0409426219671701,0.376459164993116,0.233097103558112,0.177129134607539,-0.0384387602828048,0.176238169616206,0.401691810378019,0.18300394058599,0.531251329338147,0.200221158216661,0.668496375790802,0.12874809867928,0.281949637854063,0.106760797145227,0.0573080713073531,-0.316423476439223,-0.386162663512133,-0.155138029712569,0.332748518100626,0.219621740551276,0.239466991235848,0.097603565801647,-0.359062666867953,0.0974645471851213,0.429266778901279,0.445617455425551,0.363342589437869,0.501266015157852,-0.0434462742753659,0.0486060242274256,0.14429941476875,0.187455811671615,0.0661488703533541,0.187373588329914,0.00686256279538737,-0.208542417825104,-0.0717301686417838,-0.257992220046493,-0.135412595005128,0.162363307700248,0.29436361432522,0.145725854192429,0.200494633760811,0.38164890299521,0.562464458537506,0.708102468542269,0.313581949096885,0.332837048989116,0.325934688497558,0.197309346549325,0.204839133236867,0.253607691654049,0.250534607075254,0.167021083994322,0.0911777996190747,0.13166987525165,0.256415358233111,0.176389664655134,0.444782535011971,0.299132583455539,0.51638466819417,0.238175649843254,0.18360808360126,-0.206929060589173,-0.256928508171905,0.162886021000678,0.0483796535333112,0.201840108377443,0.171458036996114,0.113349283957815,0.0614887895853307,0.124916584476546,0.156694687716589,0.201237032416649,0.356828571385192,-0.254381668048023,-0.0843598394412103,0.246517745625046,0.311846793070407,0.319975119895974,0.113711392789125,0.0948635896730608,0.0642789594613119,0.226809745216411,0.0685259586367903
-0.0433028786423871,-0.0475259789720853,0.214102744960185,0.0662985219676253,0.217163468570869,0.372568253942116,0.0630319940735623,0.125188576602989,0.2060209044992,-0.0336527452500314,0.395731210229674,0.37650720558965,0,0.536885696385221,0.466589788647349,-0.0306789734276856,0.589101821625038,0.389016063056271,0.405779862592873,0.197634567833437,0.37161395887925,0.684096122756823,0.362286360416869,0.299274950543723,-0.107455805664128,0.242498955014826,0.383780918310355,0.29221871364553,0.232905193025967,0.337630935096969,-0.178120294068886,-0.308242499607502,-0.0222941920558908,0.396700623819873,0.449000701970185,0.13659849303664,0.00972944226354022,-0.101542561440058,0.339669582472175,0.165167377810297,0.281145985292855,0.0191022020514556,0.313259402569721,0.13370146110432,0.163388364685035,0.397879200345414,0.302668454486457,0.270220592791995,0.266760975693018,0.169646282766819,-0.145732601091882,-0.00140221513041382,-0.246693816852274,0.0212380114615542,0.310711088942289,0.3725800636665,0.148122515991036,0.192788658599929,0.0165469788104357,0.298079749038511,0.416796346850806,0.755581886067818,0.604627511738548,0.544964592529885,0.345864769497599,0.421205483463534,0.0864622673924776,0.615131063235694,0.41456331695499,0.2230971954198,0.301264424255796,0.458522961656754,0.349977991651289,0.144006013490531,0.111040231138835,0.0322099813573411,0.21678177435873,0.290948883213234,-0.217832807276184,-0.303701150430479,0.236657171204786,0.117340641536803,0.0911354136735971,0.318061934239238,0.285905406515217,0.194901278466841,-0.015964845459232,0.100768558493143,0.227441594446185,0.213458827428516,-0.0835668504656669,-0.175495861250495,0.320235350305973,-0.0383748935586073,0.104592766008154,0.157917801957134,0.338262109958669,0.310697233729611,0.223290784941498,0.1329030285612
-0.173607311296578,-0.212099376329073,-0.0112610692309981,0.0771108217421055,0.137695224760735,0.108622583539552,-0.041335124647698,0.0318272551587235,0.074088897777786,-0.323368049589393,0.130742513518378,0.268393880097655,0.536885696385221,0,0.853947576616992,-0.145749686128197,0.400127992204556,0.407532193529991,0.659645271823033,0.456070382789202,0.814450806461538,0.532726520374529,0.795791739135378,0.122312688839593,-0.357551277737602,0.0748905483105359,0.547794993200366,0.304694505774734,0.424599906338257,0.624955188607301,-0.319750902398941,-0.232358269016605,0.0346838101013962,0.376117366374024,0.479000073766089,0.152850859261319,0.112821983686486,-0.220203914644099,0.241180156077914,0.0195424948293191,0.158689643763645,-0.129797926488654,0.150391543879389,0.186578714790499,0.0401893041991236,0.524070033355894,0.745777993895965,0.607750696521443,0.175869629351293,0.156170251686724,-0.336363078024555,-0.210293499352265,-0.120651332778427,0.143048624633093,0.100521352789924,0.101298088763895,0.00613857123237479,0.0551947244106192,-0.225348440117845,0.0841763135375968,0.278650491845673,0.344461680201468,0.727474305130752,0.771259191794366,0.846031748549383,0.828316460729118,-0.0523841667152197,0.622532964106416,0.62773135258923,0.256687477825886,0.763373722038069,0.533898634470183,0.718588688363706,0.0478592038950144,0.0336353157666093,-0.081777465817942,0.560052391350234,0.575139016224439,-0.372045119775443,-0.168406373541317,0.335425550320118,-0.0305689809027293,0.0180513419093443,0.225986181666137,0.475814857561312,0.556850271989003,0.131782960930286,0.158106036223483,0.285753839918721,0.0222249385455298,-0.100957525684612,-0.497802365680029,0.152593419228762,-0.171684374677041,-0.0623054210727399,0.08721126540192,0.430100086604767,0.536032215657137,0.139623021760766,0.0848941624905887
-0.220973118779456,-0.331288869910264,-0.106485871535051,0.0293427385482584,0.050094201408364,-0.0267045144779996,-0.164515112889878,-0.112581782911428,-0.047830371916211,-0.336168063709427,0.142518460232856,0.259679980237254,0.466589788647349,0.853947576616992,0,-0.280412262714392,0.239355062238968,0.293616342245143,0.498656687950065,0.348904633035904,0.706804036134634,0.423917589179486,0.754447157365924,0.128008314062397,-0.368752089002412,0.101476012540203,0.465098196852292,0.333911733785336,0.37008682695794,0.691734857452017,-0.337984362718087,-0.151934325674179,0.0212545931615909,0.277635126299808,0.413413786224261,0.145118247925638,0.16479404682542,-0.268958269094038,0.19721586871263,-0.0500029000750239,0.0923716594916915,-0.10910108022096,0.154433613626386,0.236109893446268,0.00182590513271821,0.492673208985282,0.69811816383476,0.59862978580641,0.124602427007175,0.113252696242024,-0.341308068841539,-0.318284344819211,-0.194167984858197,0.12343519057929,-0.0300369431888886,-0.0342238093530699,-0.117190096072828,-0.0651958279827119,-0.202964713449275,0.097652223510159,0.285849052671717,0.301662384194729,0.664370911821543,0.666234589991905,0.823066287745756,0.894155274549422,-0.140848408076462,0.475826645272561,0.485727866921045,0.153514090318391,0.726526604251136,0.453422455131409,0.692381417721476,0.0182220497460559,0.0547625701342549,-0.0415343718497831,0.513136297593606,0.658029823848439,-0.381255866578995,-0.0825551067087986,0.307778635317316,-0.0273588895810937,-0.0245697588494857,0.18094240363406,0.431136987361231,0.535193743866063,0.160499108529179,0.209454015424664,0.285568356919803,0.017225216160577,-0.0795268370044417,-0.523767811153421,0.0755556422077679,-0.123297472102639,-0.0105018341484128,0.0990678447056403,0.406120909337235,0.515539151695354,0.102296250965691,0.0784306861653372
0.328155657938595,0.707256598948095,0.469746448878085,0.499836735342557,0.472856641953615,0.479048099485425,0.689396986314395,0.720655736309072,0.63088393427579,0.190468300919157,0.0854374421996564,0.0409426219671701,-0.0306789734276856,-0.145749686128197,-0.280412262714392,0,0.217272044245851,0.32914438842998,-0.020923287134288,0.131577238589151,-0.0796762882049383,0.0636651232282019,-0.207898899463737,0.0450787773554893,0.1578665459835,-0.062930194778798,-0.174401715206949,-0.368333310019916,0.0180227083792098,-0.441459220386189,0.0665315558865871,-0.279114373944848,-0.085609912866814,0.0908817328046104,0.0151303581304154,0.197091839043454,-0.348915756060573,0.00554325828223637,-0.00904928540491333,0.471045429332887,0.249156783740985,0.0466648241997256,0.0474963773348902,-0.282994913747445,-0.0674905217709567,-0.159696342156957,-0.277789223929881,-0.319891528581901,0.229716161720951,-0.0578219332849918,0.279017800172437,0.640909542915093,0.390603654103322,0.365309028881271,0.51557158039065,0.451111038233858,0.721419011160268,0.621363014023407,0.0758481438126162,0.0481846823604502,-0.0259403721379785,0.0301009192523508,-0.150671406247673,0.0806004757264564,-0.182081703532115,-0.323739880141535,0.563421755216795,0.157657215245693,-0.113599951018113,0.247510054091522,-0.129785330618271,0.00497991038204682,-0.151531264148684,0.291187093602676,-0.0600149188680232,-0.103560575482343,-0.153723353694849,-0.50468494891487,0.027890779812127,-0.333112679577149,-0.340759603924247,-0.22606138425744,-0.0685294890665797,-0.0544145235617263,-0.197334425005751,-0.405327405529589,-0.268812369087097,-0.452986805921931,0.0110710839903958,-0.0150075495313781,-0.23451213076323,0.258801803610968,0.344854689917251,-0.0163359858055502,-0.192486603214393,-0.203602550391513,-0.200598778958892,-0.307767736333847,0.154681547023539,-0.175576451795533
-0.108355391561287,0.0877511424022928,0.17937720640092,0.181767301503995,0.249109597155024,0.325083749288076,0.271983138660982,0.367993272360476,0.228340429719212,-0.105755109377412,0.291541841109333,0.376459164993116,0.589101821625038,0.400127992204556,0.239355062238968,0.217272044245851,0,0.596927642274256,0.573589189711878,0.277883913852951,0.331823192780408,0.644563213872192,0.330640408468545,0.376230504797291,-0.0231856248071983,0.27272167234417,0.351260344755317,0.246206727040999,0.21073019033679,0.119579040072798,-0.223307290923697,-0.334708723375536,-0.0282299107477967,0.522759337396076,0.46353397742152,0.0589840652396454,-0.088466813752665,-0.206965191374582,0.180971670523304,0.136988893951,0.277308434333674,-0.0391579409020868,0.209060784316095,-0.118090141585634,0.180655672217131,0.235063863807136,0.125933958447462,0.147561216644838,0.126506348950976,0.0415098399499667,-0.246700177675765,0.0587780735213892,0.0638843201400641,0.110170782936706,0.273200845921313,0.305657355134207,0.315003853285965,0.268965970398593,-0.0641969182461473,0.176641322814153,0.348766645295819,0.485793941617526,0.412126908073815,0.489365721775475,0.243689011241708,0.208621407942644,0.18052719266593,0.643999881196051,0.510898540207195,0.384649995707717,0.219934593300728,0.547943662555817,0.332464609484863,0.092765287540669,0.147537350052258,0.0439438109848285,0.13587213030676,0.14979332690788,-0.130359218816297,-0.353918894509618,0.276195705272618,-0.00574116283415126,0.140916847350489,0.398463382705942,0.333934688609352,0.0873596986792883,-0.0616670081959055,0.0849872938557991,0.168405086792861,0.183368357292763,-0.14855952276115,-0.152336710802147,0.288380297907174,-0.0762921870903911,0.0639458688951602,0.0249979223709343,0.221006729459909,0.160443893192169,0.0819487667152105,0.00457104222491792
-0.0398703658897049,0.201962886475197,0.231271682992578,0.382557434682944,0.319553567505993,0.307048605459996,0.367822930208803,0.505858533844221,0.346078272060292,-0.269086339819093,0.23805041845169,0.233097103558112,0.389016063056271,0.407532193529991,0.293616342245143,0.32914438842998,0.596927642274256,0,0.528142885675257,0.567929560860854,0.454662017138342,0.505667763848555,0.420496214758575,0.206843176281862,-0.251651700512759,0.128365233531012,0.371247898011036,0.102745169195721,0.210136995615158,0.159584453805052,-0.287866297268873,-0.50095124152157,-0.0516276543062532,0.643763507943871,0.44574192072604,0.291995736482489,-0.148954354143842,-0.37427601976189,0.0911260675819477,0.220108534804096,0.385501020267542,-0.117531128698446,0.103203507676978,-0.140291880352917,0.0791204999767764,0.26670196899701,0.173610357099284,0.276718655825224,0.212012032074844,0.0302070290074187,-0.232453171536416,0.135380681450661,0.149436952076321,0.275892494107352,0.30275076735961,0.263746269256314,0.484480044400211,0.38030483250391,-0.229520575871698,0.0357434700965327,0.180349410410503,0.313268502578932,0.33315683961874,0.426012226281602,0.286672572258655,0.272334874912175,0.292278849037404,0.48804382827717,0.596203276754058,0.768500586725948,0.416407328534663,0.495744503318832,0.460284584156803,0.153615607234386,-0.0520393333850175,-0.118369000432467,0.122248600640614,0.108417899864525,-0.191297566420108,-0.452252240897898,0.279365651298898,0.117865584050046,0.142795018289031,0.341776203298636,0.322110224604029,0.107924529699761,-0.12114441683623,-0.0225301967929725,0.410584576446191,0.227850603461431,-0.228022856180722,-0.227310295528459,0.29600368598089,-0.187897142883138,-0.0743489272510499,-0.0822372224200368,0.195883551764691,0.313611019540101,0.171390487468876,-0.0509503777552272
-0.172226156118358,-0.142427336139593,0.0245036748422198,0.0642949047765703,0.05645663677901,0.0884116689511602,0.0877475086968251,0.159425918655786,0.0600789516347374,-0.222414005722968,0.105603148497079,0.177129134607539,0.405779862592873,0.659645271823033,0.498656687950065,-0.020923287134288,0.573589189711878,0.528142885675257,0,0.427318779670883,0.697199478659215,0.555728255987237,0.621925404871385,0.206186997718724,-0.234280834398341,0.0612064122906984,0.558677263025287,0.230772041128452,0.384382597986639,0.388970909915642,-0.272984959012083,-0.266155750721264,0.0619685703526807,0.521369574992262,0.504654651605568,0.0137034901209861,0.0269332098521324,-0.177949904538238,0.203301940387802,0.0111885207260371,0.238331796120465,-0.124894910791349,0.0631067513248879,-0.00473851561448871,0.0634757405992703,0.381742336518308,0.480436676659801,0.462420710846238,0.0559601903959028,0.104902968816857,-0.368218946032005,-0.170313766345313,0.0245703490485273,0.0544887703726832,0.0456383584078584,0.0757671575023594,0.117067501859484,0.0959263040549959,-0.188314135601183,0.0117694570649223,0.154295281925561,0.232368881986618,0.541416270635017,0.59358805193846,0.578221253666846,0.496744479793672,0.0270782611898104,0.622257047578283,0.740223834336586,0.364206236548985,0.594959160151599,0.622834776366936,0.606784622737453,-0.0093961043372879,0.0468516896422318,-0.0861981175847958,0.476242514328032,0.343995583627792,-0.251523208712227,-0.243167942108744,0.417406331685335,-0.0380352314039971,0.118880938729002,0.315240958197827,0.514379679664796,0.41748750653015,0.0531031939759199,0.0642686442115276,0.236663251801558,0.0714720105559329,-0.158822374341673,-0.356696865545295,0.169231033192581,-0.194256327385122,-0.0807894626739672,-0.0172282784218407,0.324021870090504,0.391896024769803,0.0339064696644569,0.0527019469241828
-0.221290910048059,0.0718504673874005,0.065008787058296,0.325147019104906,0.355259255633158,0.150611713177893,0.219037780189749,0.301343794585207,0.246056775853797,-0.322032088774071,-0.00661796222042552,-0.0384387602828048,0.197634567833437,0.456070382789202,0.348904633035904,0.131577238589151,0.277883913852951,0.567929560860854,0.427318779670883,0,0.582264858909647,0.336560084688844,0.471704578110811,0.0819517187814332,-0.341793273415274,-0.013141450591778,0.468716733259069,0.162969047486364,0.543473094200771,0.18502336494202,-0.199268836371176,-0.424542140724097,0.00399716654422314,0.445570134663216,0.393778714047204,0.449493930448272,0.127345937695135,-0.362434990337164,0.108148379280051,0.115487024389133,0.286101706603848,-0.214994721131025,-0.060206541151572,0.162591980109345,0.212159747668055,0.33983776931442,0.3435700855966,0.384803061591854,0.345437247957187,0.330340114767863,-0.350643210840438,-0.00797718958463761,0.022378432381184,0.346157273518489,0.197573107512239,0.112447904580702,0.225701460108535,0.253773078036439,-0.295563683478795,-0.0192842387417829,0.0274593132289946,-0.00471899470764286,0.315030548117558,0.341552657482983,0.435069142983614,0.326792826722514,0.136829733490567,0.335794394688823,0.547202030648367,0.590815025827946,0.60181681536092,0.377210586490557,0.458377161944828,-0.0197614013671405,-0.192711000935197,-0.180378885877191,0.355709294646417,0.183857110621187,-0.231314655006383,-0.428633705979463,0.26810333871824,0.172898853423263,0.21282609031572,0.200247036032059,0.415665728275995,0.241464941375215,0.123811160076505,0.0654713637361688,0.580498429667576,0.172327581894133,-0.016636177354697,-0.363382052690012,0.238983136802795,-0.214138588548519,-0.114156014681607,0.132703977325136,0.368060955290288,0.426680325001039,0.273775544296107,0.278294601239852
-0.18479043679621,-0.141601253936912,0.0114978063313765,0.10268870936802,0.0947213248732824,0.047569272564609,0.0368239805537855,0.126878923361656,0.0864136381321166,-0.349991487621964,0.0597126373125155,0.176238169616206,0.37161395887925,0.814450806461538,0.706804036134634,-0.0796762882049383,0.331823192780408,0.454662017138342,0.697199478659215,0.582264858909647,0,0.434721158654566,0.730993022033711,0.151505609598455,-0.314500123989692,0.0717113220790325,0.566418170320616,0.258972885337145,0.514807973686257,0.517526145875644,-0.272444520505111,-0.267038280665989,0.0507171369385964,0.389991956467201,0.444651061480118,0.173557998044738,0.0909725440819146,-0.287229287506053,0.123497063155493,0.0466677174742363,0.171443261415816,-0.153510477286832,0.0808872561364899,0.0811051549665444,0.00362680723797142,0.433374532796142,0.659090883170988,0.562473251502818,0.138311208221084,0.100021746550134,-0.383056926397492,-0.165606563955724,-0.0794581125951994,0.116231897927192,0.0484112083182953,0.057339923161921,0.0778979659469674,0.0950064582155862,-0.230693241584287,0.037973356426956,0.199627005648696,0.176110381677817,0.621707562899446,0.642926277705271,0.817194777085002,0.694621725121887,0.0351409560725013,0.545954687047809,0.688343659914261,0.366135619941426,0.854981751689453,0.556302943222559,0.683197450436624,0.0933990929373641,0.0251791008151472,-0.0315063515246274,0.656739518594039,0.497858305475542,-0.306077807448344,-0.21792902834885,0.444345973566109,-0.0341183225437948,0.100702463183348,0.243718217253176,0.511367769489396,0.512613482587012,0.0969113112356453,0.105863145862372,0.350718051498163,0.0854275285220985,-0.178015709551548,-0.449161320093467,0.171051910888314,-0.178734257341476,-0.0434348432086531,-0.000370718329604709,0.374278170517969,0.539279506618921,0.109836238788623,0.0603070989205862
