0,0.0790309746904898,0.276843812236121,-0.161760947940785,-0.0769597418609799,-0.0605438577813717,-0.0304538528552002,-0.0887007402266952,-0.240506374991473,0.0703064862111843,-0.225232925315198,-0.138176145475078,-0.155125522206493,-0.145021223284254,-0.0536875098883089,0.417108375379601,-0.194049886081253,-0.134279263667771,-0.168346775331497,-0.112916559167637,-0.0696458238000844,-0.0218878716889138,-0.0594994516865147,-0.231139832697338,0.196424993877597,-0.233637657318892,-0.0979005073609862,-0.177612726978418,-0.0374458805551905,-0.0850679694774784,0.281729495516884,0.372921068550548,0.20426494670752,-0.222398987967204,0.00161484370609517,-0.303821323790794,-0.153746550306471,0.277188146896731,0.261089740170867,-0.0694773880181641,-0.170253682921316,0.313414083549314,-0.109859618731444,-0.00799209812507205,0.0447578045885285,-0.0908774109315199,-0.107439135299,-0.0226431850559195,0.0828361576212921,-0.24313753889686,0.30868861126791,0.234798025191157,-0.0190356489572092,-0.275810104312165,-0.0346947943042744,0.0967127492312706,-0.0187408928761136,-0.0943750869419079,0.0047563613771382,0.0616464376146622,-0.0666210077673929,-0.123741614162343,-0.181411606326301,-0.178374990221798,-0.235868929370237,-0.13905508445872,-0.0414968722234271,-0.184642222675118,-0.243605650359977,-0.108140053855654,-0.111852099246888,-0.152892154812038,-0.153672382030419,-0.0787616867311433,-0.0369264191729643,-0.0797264054561425,-0.170040292522986,-0.0677635058829708,0.117215404471993,0.244013407027276,-0.177533674351828,-0.0529256322558307,-0.0209790551369577,-0.14872534852322,-0.26520592770592,-0.156630612285978,-0.0500568623392305,-0.0362163828672218,-0.246287024151963,-0.058085181936395,-0.0689064379162552,0.174666792975218,-0.106787523251803,0.379451547613193,-0.0987344141637637,-0.0259259358629617,-0.138329869772784,-0.0838194003480607,0.12871978306566,-0.18428579399803
0.0790309746904898,0,0.499879081945779,0.126281085649003,0.266676409753036,0.326547565059556,-0.167576353251537,0.118797309033309,0.0587339838736777,0.064829325692178,-0.0997786051496963,-0.22235615124211,-0.339271912537266,-0.36841635063635,-0.369934281769655,0.297163465411936,-0.257562693461844,-0.344561783279161,-0.336131788900256,-0.208059295207945,-0.260480317471102,-0.307288138557566,-0.354744318097315,-0.236510480058476,-0.147585519999594,-0.093160908493194,-0.306327028720622,-0.415490188090913,-0.259231737350664,-0.335196267781603,-0.162985746428345,-0.0286198914053823,0.0275622418009347,-0.40641342328285,-0.166651871047513,-0.188469638153902,-0.310265555389438,0.0585669984380153,-0.022828237041539,-0.059005091767443,-0.320058861073338,-0.151970574286327,-0.24957244953342,-0.258512386472058,-0.237779480574081,-0.399018033655047,-0.306598474376231,-0.284576889233518,-0.156512468872721,-0.22276188176892,-0.217548568534688,0.621968587004864,-0.139381246477193,0.0380298676577192,0.41218533014357,0.215795054431921,-0.0206706105940231,0.0847890538824265,0.0622490148727827,-0.256754320924623,-0.110890869441583,-0.174391824767659,-0.381789235018685,-0.435612812782184,-0.413097376425977,-0.375746147112508,-0.180023729242496,-0.394618358726673,-0.419487766871812,-0.439879259205247,-0.360658345659209,-0.257101183865579,-0.38460397489346,-0.0218614358740672,-0.226541318857396,-0.18299119575229,-0.323731395061421,-0.377134937200267,-0.0810226310136741,-0.158991952847849,-0.365387443071241,-0.257288744035982,-0.156130757025239,-0.0933906274079659,-0.289941371964309,-0.369468979807059,-0.249975266026738,-0.274605866680641,-0.343107753666023,-0.312021402598127,-0.140890250698354,-0.00719307467064468,0.0819784027158141,-0.236499302224275,-0.0951614489858279,-0.121419900016315,-0.367845258257977,-0.416864530360791,-0.197703929947525,-0.200938051717421
0.276843812236121,0.499879081945779,0,0.0887005012070321,0.30077357357762,0.577708225275634,0.0238473098912,0.272847148671436,0.255577434133403,0.0418519007380513,0.127834372193578,0.00278888579434935,-0.188082643180692,-0.435387790211919,-0.349902075938935,-0.096219330119014,-0.122779558445571,-0.195182700484055,-0.135224923074636,-0.271640781675376,-0.329534452446653,-0.108752697085616,-0.358364387560086,-0.0678585230664782,0.126035919571669,-0.0173632437642283,-0.093916710737939,-0.316901188664408,-0.104380454339395,-0.30394269520982,-0.121978377078364,-0.126346729772179,-0.340808515755316,-0.263642376823609,0.0450997299089898,0.022474752882277,-0.12310459698416,-0.243734620452403,-0.26100190262397,0.107874633664465,-0.147937714854663,-0.00075219363571373,-0.0958835686254783,-0.254272920046291,-0.0577650339638061,-0.225545242555406,-0.284580291702329,-0.254953802834737,0.195885374253789,-0.0857406089872293,-0.233497447307617,0.3628125435188,0.0210952049819551,0.0845798168262036,0.530990745327628,0.468527357683109,0.129477168986913,0.131885343153995,0.317595072565519,-0.0453250368730113,0.14317842176768,-0.0268938053415379,-0.174444733536088,-0.321319936315053,-0.327369481729595,-0.3664646671392,0.100653861867049,-0.177700334896676,-0.207515929762879,-0.282845193137889,-0.336460135721942,-0.00448541290383875,-0.334383486924606,0.107988056223209,-0.0398963244717194,0.201272131461564,-0.138418846495615,-0.23870301688935,-0.156128259947273,-0.14260047942937,-0.137403368566291,-0.144482991546326,0.00702390196898261,0.14181149774999,-0.0689214851727924,-0.274086378645251,-0.00997024253637543,-0.113804896546885,-0.0976294342446745,-0.0229703628662669,-0.139502179818035,0.268684708622029,0.186196401500465,0.0327597251387326,0.195724326491638,-0.0805279848740484,-0.13714902247438,-0.271778541435124,0.035755674102214,-0.0902507678276689
-0.161760947940785,0.126281085649003,0.0887005012070321,0,0.666462828959468,0.216256056127285,0.182988555123407,0.26974333115299,0.272139668077372,-0.09170775116858,0.23209662504281,0.0830358165993848,0.0889993271074364,0.115060103303508,0.0171003705432429,-0.150008228814278,0.088093907312289,0.208230678958953,0.134484644929041,0.189984440924327,0.087647519181896,0.107638615982301,-0.0130194753173446,0.193757012300246,-0.175362624169822,0.236946704716403,-0.00324899887335137,-0.0613342017709282,0.0986962799875213,-0.0280164120972268,-0.385928799505279,-0.170801848156867,0.107448178371574,0.239806270130571,0.140844584300352,0.0292696527015372,0.130982070734445,0.0478489254813377,0.0412304939696598,0.158374308030012,0.385810021035418,-0.258085064823744,0.291467353890903,-0.0698842958164343,-0.0754575032594043,0.117737050359769,0.159990621988889,0.0882678774920242,0.231011231321753,0.281073206922209,-0.210853723762988,-0.040359073230384,0.0341743148423966,0.678597446159994,0.150366262510518,0.194185576811794,0.216453429977369,0.111570646622034,-0.213916253809255,0.0654214713090172,0.017809062114935,0.153101057026284,0.221647952569001,0.190582934868042,0.148757709678889,0.094215227801901,0.0388032054943573,0.0631949870391552,0.228703157731783,0.0284762872751788,0.0794473489443888,0.191298481176471,0.0614649445312456,-0.198248142267884,-0.183428971011195,0.0509386185403483,-0.0583750454992382,-0.135757018433362,-0.384430222737662,-0.279797102099887,0.0406341862214635,0.0933460859124187,-0.186435157776652,0.146715048783061,-0.00165848557653186,0.197673498601736,-0.0440932442821483,-0.311261327619336,0.0878122881694491,-0.0571142771944592,-0.306871121560195,-0.202725542267995,-0.0173561105648226,-0.319225173150137,0.124637905823654,0.148614700197323,0.0791951215152501,0.0111636750766012,0.185920457058521,0.2283105740184
-0.0769597418609799,0.266676409753036,0.30077357357762,0.666462828959468,0,0.375997459766692,0.251699933319975,0.396111259257635,0.412096339702529,0.0108807585574814,0.22019002052009,0.0573595433742446,-0.0816546797216942,-0.108708634570491,-0.144968326245781,-0.118180414663387,0.00611327419086706,0.113692406211717,-0.0725013208501154,-0.00921774552323079,-0.0857082224075643,0.105828300080449,-0.153674714482201,0.103535862925589,-0.0144374559239164,0.249967715467369,-0.0345550430284221,-0.0975443636340724,-0.0341895532136321,-0.108945502545329,-0.528661485943924,-0.19837626193338,-0.0816729572941587,0.0551689204797375,0.122983896134965,-0.038066781722564,0.107499468229619,-0.090373257636537,-0.00487002405628342,0.158460382031837,0.291166962371482,-0.222185383865149,0.245992357353758,-0.0282134118793809,-0.121269111505475,0.00481775168374786,0.00605357445468503,-0.0190901662906214,0.211819611074359,0.200063835947423,-0.146229339945267,0.216508320910406,0.274667837707382,0.639443264460691,0.356236245666357,0.335957978586921,0.389670616708125,0.161765981654561,-0.144647155611842,0.089417593031346,0.0136572175458491,-0.0247440767459765,0.0581151439886316,-0.058956297092549,-0.0539775224580375,-0.109338715199001,0.0381274181587041,-0.0267797591762297,0.0267041160602275,-0.109095681401256,-0.117402107543715,0.0928320286552639,-0.145285052585788,-0.171621977897817,-0.210867950012261,0.119232277096065,-0.227986290017318,-0.265730992775584,-0.5504967571972,-0.300821476736575,-0.208751866299059,-0.0879883861835464,-0.191925230789842,0.105485118399408,-0.14565250979152,-0.0286419714584258,-0.0568755328245881,-0.331146870782516,-0.0831860050558263,-0.17950409356781,-0.205066817680198,-0.0665447604249345,0.0817257146464233,-0.334976988588239,0.0967949066049658,0.0245293905266895,-0.0560164206684614,-0.156504030626986,0.14429140448872,0.126601209790383
-0.0605438577813717,0.326547565059556,0.577708225275634,0.216256056127285,0.375997459766692,0,0.202276163264611,0.550973622339884,0.523725909684085,-0.0576884183679027,0.277835820191905,0.0846063371070198,-0.016085388218692,-0.18914992480863,-0.200191417717781,-0.275832277980439,0.0388483870121095,0.0760726205096618,0.016013382897938,-0.0918566178466829,-0.125845624380081,0.193064482256314,-0.146814393641426,0.105373060114685,-0.0182983559807876,0.248393514604401,0.0962291644999816,-0.0546552202590914,0.0131592023548642,-0.161198079918273,-0.267136143118697,-0.166464086532007,-0.354072672235768,0.0161773288665756,0.252943228300026,0.139934053359208,-0.00623724040768734,-0.302485047420419,-0.324871428902792,0.0820416383638828,0.1114567559781,-0.166072747200383,0.127168467878423,-0.141069020394541,-0.0891681141837439,-0.0149734261670474,-0.0244745875757397,-0.0748877239485543,0.494171675220584,0.213055087650088,-0.17605974433394,0.235170746525213,0.0875758137182697,0.337393894066102,0.718292636972389,0.641266027634,0.375264844965664,0.306267452993218,0.106322605074117,-0.00620503018449475,0.0895774640516984,0.0656418815727428,0.0718448480278683,-0.0778111221996288,-0.0548940557784159,-0.143983971203723,0.261241422222296,0.0234610228997828,0.0370744066143278,-0.088317331624181,-0.147708351706233,0.271566826495978,-0.0989513236152912,0.039876246445555,-0.0379149300521789,0.145024232597563,-0.0743553198885437,-0.131682695654916,-0.259752925440975,-0.196383928186126,-0.060419445546479,-0.0552317280752547,-0.0361574352302016,0.275820129738124,0.0144035254570044,-0.0282649387130354,-0.110330303551759,-0.123858712846636,0.0294086712477323,-0.0155127585491577,0.0186965320885851,0.169271561119707,0.068354236985152,-0.196870116651025,0.227364167049548,-0.0616151317489675,0.00600245305463269,-0.093099394861386,0.298568300718955,0.233216585065432
-0.0304538528552002,-0.167576353251537,0.0238473098912,0.182988555123407,0.251699933319975,0.202276163264611,0,0.445039778612722,0.404779030828654,0.0839617583937371,0.34522708793134,0.404060352502153,0.209961256552973,0.0395374368283407,0.0614891022100726,0.0299653131153086,0.30691934166842,0.382276420716376,0.176787777720408,0.0639276403730817,0.170465700851377,0.419039229447418,0.081268275837225,0.324152015585359,0.280439770855785,0.40103570575981,0.247048698753496,0.163745333693505,0.214113282963421,0.0134133289155675,-0.042820556594962,-0.00194201957238503,-0.115117804933156,0.276548783979311,0.330454446545681,0.284170222413423,0.0849793013633983,-0.0204431493825514,-0.0542800632440324,0.45421590650225,0.343407679312857,0.0875090287041615,0.293526900163432,-0.0999383214849213,-0.0153903565769146,0.056178529065115,0.110129010609487,-0.0462084437398057,0.271467930494724,0.0917263630177506,0.0300970344382352,-0.15798909392201,0.30494876466974,0.164141966452257,0.18389915057933,0.119384067205099,0.446062944033888,0.256785885657432,0.0551408976916029,0.296165722744631,0.242265411050193,0.122123941047877,0.257938685825822,0.10443844013631,0.157120307814924,0.0743629594396004,0.434490623367467,0.34363319215926,0.302917826596043,0.279123305712027,0.102839897556203,0.384142037108162,0.152180965546668,0.208070701540207,0.340426324687823,0.38788218721054,0.233914265837502,0.122378223393922,-0.0942962073848904,-0.032264504810251,0.270074179655463,0.05481511231451,0.0640193252584096,0.240067400724003,0.0825002854554936,0.126456342145617,0.12276922290736,-0.0137282507292278,0.191264749084292,0.203768678845642,-0.137001934817525,-0.0180695279692771,-0.0388017918978888,0.0256473240713915,0.228871046584063,-0.101321800705986,0.0105101282599218,-0.0316571945944813,0.144932854978505,0.102454582566409
-0.0887007402266952,0.118797309033309,0.272847148671436,0.26974333115299,0.396111259257635,0.550973622339884,0.445039778612722,0,0.762721716411705,-0.0772677506115611,0.214142945285613,0.097855595978879,0.0533723878360716,-0.063436840854366,-0.115315402305374,-0.112457632926396,0.149406307943168,0.308209406893627,0.0431357845851765,0.0557977161027244,0.0496026397628508,0.320922365042863,-0.0304742015132702,0.134264936346473,-0.0559281541667759,0.259012734129358,0.17267848480299,0.00064782873656526,0.121307376780222,-0.0753940289873646,-0.189638640530942,-0.083587127231695,-0.157050099839021,0.120373014169337,0.356530463826286,0.180096044309305,-0.00335069001004386,-0.202125091275605,-0.11485685031947,0.175689355242634,0.264081053687169,-0.0923362112785519,0.138962284188959,-0.249664494827965,-0.172413868079081,0.0754248960978595,0.135144582934275,-0.0655724859092002,0.430071483847498,0.277960616512332,-0.100690526831004,0.124912162708542,0.106749560207828,0.373439730472719,0.589813605592289,0.508163290251416,0.589557240868641,0.662389509681783,-0.000325808433297755,0.122415853802583,0.0424467636801575,-0.0134844705330061,0.120122536956551,0.0267603896274498,0.0267395482469771,-0.0586275927227443,0.386485033813233,0.112128181794096,0.167480035797601,0.1161902744196,0.00942290539387126,0.264908943551498,-0.00661463130319606,0.065380179794056,0.00302817019556148,0.146818479851362,0.00135601379056725,-0.054351656125768,-0.315192130989173,-0.156983405160522,0.0561953354338448,0.0992289851083217,-0.184843562625399,0.262040756380767,0.0279961307922504,0.166596979159015,-0.0537162238113486,-0.10686603587234,0.125201119571758,0.129599201035797,0.00700767865160968,-0.0435568813056239,0.0434070208253799,-0.200772597783222,0.127457396959831,-0.185573565283035,0.0522139305227472,-0.0615273827697891,0.279450179409158,0.279185611833091
-0.240506374991473,0.0587339838736777,0.255577434133403,0.272139668077372,0.412096339702529,0.523725909684085,0.404779030828654,0.762721716411705,0,-0.0311264341600958,0.316625301437635,0.122004969089232,0.152849747436526,0.00696268119007414,-0.0477804737208558,-0.239430380005582,0.252941601691062,0.383489901221952,0.137691041306966,0.0748830231845851,0.0903318119041685,0.306252847466749,-0.0214589423794057,0.229965576141876,-0.0609495967770908,0.300100510276402,0.20811132740869,0.052747138139318,0.169216309367834,-0.0449143866911017,-0.301221719798127,-0.213471270884608,-0.227894257519772,0.211849141421466,0.361115779440891,0.323429681501931,0.0739232961325241,-0.26874566554458,-0.240820435417122,0.146645547083837,0.346107454635764,-0.238451636511048,0.0670474699854131,-0.289528175530756,-0.203920203388138,0.0553783974056337,0.0769434190348476,-0.104118962688404,0.365395422619111,0.333104400138824,-0.226150864436002,0.0335787519930928,0.122811280404563,0.397926507851124,0.521271866743109,0.522240647142148,0.551372098948921,0.679590316546121,0.0636024225294377,0.0709658287847125,0.0237628009334872,0.0553954486173243,0.204925283040188,0.110766156735054,0.14424829603827,0.0218537562441741,0.420789396866911,0.202841640238766,0.311414018754984,0.188733046535551,0.0790440887822229,0.343137160666765,0.030880587578264,0.0939075394623578,0.0603086719427261,0.220073061979889,0.0665842189827851,-0.000263774661615283,-0.389097776900198,-0.257952957300678,0.128197786253039,0.151975205562331,-0.201304872215417,0.342667600366931,0.158821649978925,0.202215067719625,0.00295117494453794,-0.0973341587566179,0.259190385700257,0.161864941852798,-0.0435829925882675,-0.0405768188102887,0.0931883149114143,-0.294145610580757,0.141331126688817,-0.218869803940415,0.0964450681930106,-0.0488088603913492,0.237590847718891,0.294827371401701
0.0703064862111843,0.064829325692178,0.0418519007380513,-0.09170775116858,0.0108807585574814,-0.0576884183679027,0.0839617583937371,-0.0772677506115611,-0.0311264341600958,0,-0.142659997035427,-0.00357652733839959,-0.0686405973366767,-0.138870547434622,-0.0111883146549275,0.258892219873756,-0.0538210141753306,-0.144062141027774,-0.194273993359269,-0.164337413212162,-0.097433925844005,-0.111779949577881,-0.123480339041408,-0.0801800140621793,0.482264853014196,-0.206598284475741,-0.108752101479441,-0.0868113666636251,-0.0750595808643439,-0.124865907801087,0.10114253472776,-0.0405004600233883,0.158069572481603,-0.211316447234775,-0.21448061272609,0.130234802911415,-0.00404020407276295,0.234157453515157,0.258017396289439,0.469286279966431,-0.11044526101023,0.211954320536859,-0.210953703309572,0.0204801047803549,0.00943044255574633,-0.225952522211659,-0.267038715589117,-0.14880269810045,-0.246921047009172,-0.236862460701989,-0.0986185061509709,-0.0124924618145176,-0.0155214441024037,-0.270730335336476,-0.14542352146476,-0.102595886350245,-0.0902749272481732,-0.0186338965654557,0.183112947987117,0.115230612252043,0.102380740076124,-0.207240026361626,-0.167732885645349,-0.192702127326479,-0.138393609886237,-0.087088004974965,-0.257653804520335,-0.0849164477263685,-0.135801371640236,-0.0807114122162147,-0.0739638959535175,-0.246713906719507,-0.175961322834898,0.190760721056748,0.108354548455393,0.306069966790763,0.0509121466951086,0.101666277555788,0.0608811217822797,-0.0728539363966624,-0.0223204935976555,-0.0499078590622187,0.0988630454294857,-0.192637527308649,-0.0762534029412753,-0.158045797171776,0.195106418049053,0.0939402068734676,-0.0710354473254854,0.048579443841143,-0.245681805012098,-0.120632229930027,0.173779319037352,0.13389819744476,-0.154718250239709,-0.191184542230657,-0.166030846790188,-0.10916914463728,-0.152619315008131,-0.176345544268849
-0.225232925315198,-0.0997786051496963,0.127834372193578,0.23209662504281,0.22019002052009,0.277835820191905,0.34522708793134,0.214142945285613,0.316625301437635,-0.142659997035427,0,0.664004926028703,0.396490080172352,0.133009101303185,0.0366489509038066,-0.450180972341586,0.304038860903346,0.238940264376295,0.302383042838246,-0.0130627834803684,0.123353677077329,0.312557205545011,0.0394829511883719,0.620380583003628,0.14819200478167,0.687594297944698,0.20592281433416,0.079379889287387,0.137408788971769,0.0745777899349883,-0.300296167717972,-0.124952101094992,-0.399516791991533,0.304500983167599,0.344486122171003,0.262396316421462,0.209969263976203,-0.319152212069579,-0.314632917945237,0.187610535596435,0.415295838171133,-0.0902468839159208,0.511994065060951,0.00908415441572961,0.0744449451230162,0.116641844524795,0.126345002661752,-0.0662863578378044,0.364902216752766,0.393269930782321,-0.0992192507992663,-0.0908518403153115,0.110996918136922,0.331731212348351,0.166226338823707,0.284010437964633,0.222500485218576,0.0531909188942311,0.298335013065473,0.361606698315791,0.425017366520916,0.373951255390112,0.347052606584064,0.18400046118049,0.252265737191402,0.155794621416383,0.268225178551165,0.267585509161948,0.287615580468132,0.125349549662918,0.0852584374387007,0.47214921914014,0.135383751555253,0.169202647592308,0.214527431812966,0.455732349459999,0.102943256055348,-0.0200644149193769,-0.235612476288823,-0.127317078808082,0.126326025199893,-0.18772197716516,0.0654666693243,0.366342906298109,0.177993031241829,-0.00270008405579778,0.0568726033873848,-0.139688942535,0.30460643967655,0.0525537632897256,-0.00991694948083901,0.135614969606781,0.0704464488288707,-0.156106098705989,0.498507275672378,0.236640986109628,0.0905897896307777,-0.0572747644800349,0.17445728780053,0.301020684861162
-0.138176145475078,-0.22235615124211,0.00278888579434935,0.0830358165993848,0.0573595433742446,0.0846063371070198,0.404060352502153,0.097855595978879,0.122004969089232,-0.00357652733839959,0.664004926028703,0,0.518173254904683,0.154068602045806,0.125896045104494,-0.340965427147555,0.359171852407122,0.265646622472062,0.365639868684406,0.0378032897614616,0.179997327538819,0.24246549648077,0.137548038128733,0.645349127362577,0.314840802970346,0.630433488766695,0.293478774136635,0.170721473976126,0.202750192321846,0.0942614335478652,-0.0999105391172674,-0.0446510238581775,-0.32910387765107,0.297106344850205,0.268381272910755,0.375783367920685,0.239552257925798,-0.222443687000137,-0.179365372179466,0.352054898121073,0.331570329129248,0.166367373091426,0.512253927984089,0.146903488099053,0.285097092166183,0.116287163409648,0.140757560796457,-0.0337658608960309,0.251130563248041,0.269959887478925,0.0900749273675521,-0.152164991029061,0.234281716770363,0.160936751132081,0.0147424181179937,0.0731453070120877,0.25651121536554,-0.00555119217953384,0.312305714538164,0.558947726651161,0.665808405506335,0.504367405414683,0.456503718448416,0.199487826051506,0.295545814451539,0.194045868887725,0.326548631751265,0.380668883606474,0.311115800866572,0.248406256235419,0.168390343215834,0.491839991150345,0.239798209277204,0.38289540445887,0.474437208507904,0.622831336973873,0.357822752271563,0.176643389928059,-0.0897329474316138,0.0300845903331022,0.301686162018839,-0.200922657210892,0.311507525695356,0.351689660361032,0.303783652225959,0.0895818523367273,0.149447883254645,0.134797076129741,0.413661806481256,0.293125604165442,0.0047228079263297,0.133100340738128,0.100574370489968,0.0786694860560954,0.571714039161801,0.308405166393574,0.126606036115628,0.0474997279187473,0.127416418797629,0.2237496317894
-0.155125522206493,-0.339271912537266,-0.188082643180692,0.0889993271074364,-0.0816546797216942,-0.016085388218692,0.209961256552973,0.0533723878360716,0.152849747436526,-0.0686405973366767,0.396490080172352,0.518173254904683,0,0.567626105931249,0.498867303596391,-0.264227967714656,0.695488041876852,0.613214185545124,0.629764647303865,0.278203464217067,0.472918385039424,0.505222257512061,0.563264627703003,0.58693876690879,0.171373408379986,0.333530140420991,0.561496245795634,0.398950503859877,0.358840485007573,0.434968625701314,0.103792982492061,0.0426526125630369,-0.114908932200212,0.62346497912917,0.431039877002997,0.404968307487238,0.144190468790187,-0.111240069457482,-0.0710725989468535,0.165557256798144,0.469660020791703,-0.0680333343439744,0.298007281574691,-0.0339064867507697,0.278408471257797,0.344853293270481,0.458242737532147,0.257186846321944,0.178991767067033,0.198455338963766,0.150206947305252,-0.320401665518888,0.144225236129802,0.188119578110318,-0.13192080617123,0.0326455871730452,0.221881995557497,0.0794791564856227,0.0350823727054794,0.236763738721846,0.302336466493532,0.660310351652863,0.669364816651991,0.542265969281922,0.630621710855995,0.543004390941574,0.295733611275787,0.598186287887991,0.590708247637781,0.572022932796642,0.530994010706694,0.548476329509603,0.604687034139202,0.188484776753357,0.401650006602211,0.314125326951428,0.469010928152076,0.579644305784359,-0.122143785427098,0.0394957978396599,0.486157505630453,0.111155542052097,0.133316117618017,0.282135863325888,0.44306705706246,0.390334721467089,-0.0264019814610352,0.293897519046284,0.488384689300238,0.249809695509429,-0.0154055648036421,-0.0763877466321641,-0.123883350470942,-0.097400360946726,0.287699947741707,0.123988833402685,0.40479505711409,0.376419147481809,0.196027856972875,0.190303974492172
-0.145021223284254,-0.36841635063635,-0.435387790211919,0.115060103303508,-0.108708634570491,-0.18914992480863,0.0395374368283407,-0.063436840854366,0.00696268119007414,-0.138870547434622,0.133009101303185,0.154068602045806,0.567626105931249,0,0.788349368782724,-0.0411712237773905,0.466230038621054,0.633822722686394,0.605058621993552,0.532421732926893,0.788696376695015,0.346590691326873,0.774113991803246,0.314110751309114,0.0155338615329264,0.0741919311712768,0.348869189125353,0.41987298013919,0.418518173540064,0.649800515089854,0.0816971536062405,0.108729202103296,0.235436887895877,0.581527939579479,0.203465525999073,0.0974955877043042,0.132282259311729,0.150565498311071,0.153590326139167,-0.077327478398562,0.390216699748249,-0.121562624893026,0.141830181495843,0.0363875914818785,0.0694127271566243,0.404119073626782,0.637160663514702,0.449249447374344,0.0591641310514606,0.180059456566901,0.219356744432297,-0.231100292678463,0.100058645483693,0.157281366025506,-0.259881223249599,-0.0427345811267479,0.110116168177565,0.0365324704853526,-0.25985207516408,0.132571614489398,-0.0780342562929669,0.273174135961813,0.556690679168089,0.720182729307888,0.72536014662084,0.816454659131566,0.0560335133688209,0.424095454131882,0.528633188173902,0.583608105802805,0.767166941850492,0.218690533945111,0.758548262251425,-0.0813453067440413,0.0743550345839627,-0.0722087328134486,0.334819611529661,0.586421342745479,-0.0934085825278683,0.0839532580363657,0.315358006516234,0.15864506916506,-0.192714992249724,-0.0723567699129607,0.216370303226187,0.512685709255168,-0.0539347136879249,0.0704090003301023,0.309090102031151,0.0608962662453382,0.0937067272772827,-0.336836524685336,-0.292888155601228,-0.140603639012564,-0.142263893115307,0.0158251806632704,0.375763945073882,0.514714964542683,0.170899861388507,0.125241223067347
-0.0536875098883089,-0.369934281769655,-0.349902075938935,0.0171003705432429,-0.144968326245781,-0.200191417717781,0.0614891022100726,-0.115315402305374,-0.0477804737208558,-0.0111883146549275,0.0366489509038066,0.125896045104494,0.498867303596391,0.788349368782724,0,0.0248356131166651,0.413105925364694,0.580419569568733,0.555155081112424,0.427976491829891,0.743876963897769,0.295687938845612,0.748907335892023,0.24177816598684,0.207366732364157,-0.0874247819472072,0.302102590463109,0.386578572603218,0.445353816868162,0.666766023194609,0.170101133389931,0.118174408587581,0.209021279089094,0.516338407152004,0.149015985886532,0.131564387729575,0.191307465699406,0.18001707315072,0.173269534189263,0.00321552965545897,0.267351791202618,-0.0316731439379504,0.0187635234330511,0.0507558665371424,0.0916394818185219,0.344739601563327,0.480330743327778,0.404901862435244,-0.0488373046561615,0.0263159305277702,0.240816862637731,-0.232458093937304,0.137491214412098,0.0240045468873288,-0.260061882924846,-0.100940739523681,0.0930141303273486,-0.0123137008389796,-0.120046939795255,0.148635242587856,-0.0613065470797903,0.262096419140979,0.56196025923733,0.705984421808754,0.718512964011921,0.861947656434995,0.0138575185268513,0.458752227560886,0.491870184696473,0.581966965063656,0.78272691840523,0.155117667218919,0.769195056693272,-0.0208383406268927,0.179870942854678,0.00909462784891287,0.419129911860302,0.652883098637675,0.0187562821164854,0.152793117777273,0.343161377493253,0.112149066725278,-0.135967399328742,-0.1309475777106,0.161876453023238,0.445239116221766,0.0985468153225769,0.107177374370964,0.260471692076077,0.0834492611256857,0.0937363685311845,-0.29129562764144,-0.288294113605634,-0.0141349361160156,-0.192798177928307,-0.0228417015559114,0.290085310342958,0.484092427949977,0.0728931679589871,-0.0357988392606182
0.417108375379601,0.297163465411936,-0.096219330119014,-0.150008228814278,-0.118180414663387,-0.275832277980439,0.0299653131153086,-0.112457632926396,-0.239430380005582,0.258892219873756,-0.450180972341586,-0.340965427147555,-0.264227967714656,-0.0411712237773905,0.0248356131166651,0,-0.125826129815353,-0.118326204706618,-0.275107706215382,-0.00235043676303698,0.110548741216932,-0.107355242918686,-0.0142068743127023,-0.298272086789793,0.0776363138018305,-0.349728537221928,-0.227752216327309,-0.197986964090194,-0.0852944955455893,-0.0647675842293723,0.302709792426926,0.308946064678972,0.525393914106375,-0.243293664894722,-0.164320183775928,-0.344804988325939,-0.29219970916346,0.511134911405048,0.46682249228873,0.0180109765783544,-0.284112895146738,0.148588863769228,-0.329410527977104,-0.122339355819693,-0.185067098986272,-0.297055876745016,-0.140479711235965,-0.104349982069007,-0.364419711774325,-0.494515034335383,0.215481859993725,0.356275284437597,-0.0583108973889302,-0.380767186541792,-0.10679383624835,-0.125380045557197,-0.0727778300983782,0.0238248076116004,-0.129609773610284,-0.0880842002339235,-0.243960833920714,-0.295205571295602,-0.319283306850621,-0.202504002419344,-0.20703543143514,-0.0594872131258013,-0.174511792271862,-0.179934236497425,-0.2687232224459,-0.0822978592190197,0.00390122988258529,-0.342016682181028,-0.0895400411373968,-0.0573702569842811,0.0135374338045267,-0.279575979421941,-0.17655547325642,-0.0774494382828896,0.264444811825338,0.161626818474649,-0.16375974222165,-0.057660868604704,-0.163811591268185,-0.333907369375601,-0.361172175675848,-0.16371707411474,-0.0967285324359906,-0.0892597544284011,-0.424774111444564,-0.188248994100682,-0.165719044407416,-0.229693720824357,-0.167746943451453,0.120034229889464,-0.43823954408617,-0.204450680990674,-0.380837650647374,-0.213653625106937,-0.228785508791045,-0.454904807674927
-0.194049886081253,-0.257562693461844,-0.122779558445571,0.088093907312289,0.00611327419086706,0.0388483870121095,0.30691934166842,0.149406307943168,0.252941601691062,-0.0538210141753306,0.304038860903346,0.359171852407122,0.695488041876852,0.466230038621054,0.413105925364694,-0.125826129815353,0,0.612484267981757,0.58339797177949,0.20158555488381,0.449210062319055,0.57535692744762,0.502883039318648,0.527505438205456,0.19264527930878,0.289686923213606,0.539335352735957,0.411467858406404,0.287973355355463,0.404443798455336,0.0485383637534389,0.0883697604135998,-0.0674410646595547,0.640756095315299,0.423415869749202,0.300388224480567,0.0758300368684766,-0.0752469296876347,-0.120627403872156,0.260262242269809,0.421870023633609,-0.126053210486546,0.230555071639075,-0.0655963465952023,0.178259774748642,0.302383173486279,0.332543945564562,0.197837480504865,0.0385451353165243,0.0392146099979945,0.105601460130531,-0.253607510969098,0.221534870210983,0.16753251123546,-0.0356425753621305,0.0677554037871081,0.210402979065761,0.136342790228091,-0.0343371127033236,0.150045687182141,0.123542158982162,0.426327048136087,0.558785380657242,0.506508578870253,0.591390815483149,0.472285727935398,0.287759423373638,0.690939487338245,0.602476223925121,0.548575121354531,0.468488981357037,0.515943663960071,0.555698144353106,0.0898357652578243,0.345858440983047,0.272364671248262,0.35558273126159,0.498131643882711,-0.123187951531013,0.0921295531955102,0.449164304146494,0.123230638925446,0.0970430608167583,0.25627660163658,0.415138843322712,0.355549811879901,-0.0193002913925605,0.164269802552402,0.313736701176016,0.213393088678726,-0.0794594238119771,-0.125067040461991,-0.213999716204938,-0.125193007748122,0.144884660781028,-0.077418741942653,0.329680550314738,0.281734797314455,0.0364800668337041,0.00344716873804422
-0.134279263667771,-0.344561783279161,-0.195182700484055,0.208230678958953,0.113692406211717,0.0760726205096618,0.382276420716376,0.308209406893627,0.383489901221952,-0.144062141027774,0.238940264376295,0.265646622472062,0.613214185545124,0.633822722686394,0.580419569568733,-0.118326204706618,0.612484267981757,0,0.643440778614871,0.582472415688628,0.65690596307026,0.574762459713219,0.621565934327129,0.416910107496565,0.0599676477744619,0.200850586066144,0.448754523292164,0.424420743391381,0.493162264659976,0.487403672319984,-0.0242262429690401,-0.00731730417523616,0.0276723213313686,0.779231609960249,0.446909369109582,0.396892550795308,0.247143961559423,-0.0779759840928027,-0.0283277348729557,0.094254344647139,0.599081792668892,-0.174682210504145,0.221735148752531,-0.0660217911986933,0.0822051725366892,0.387127107065024,0.516853584321322,0.367093490860441,0.246740123080286,0.314059458656589,0.179314747033336,-0.201821259917188,0.267682998974011,0.347154327750006,0.0278728299074219,0.16243839574421,0.445996680525347,0.347554111050391,-0.130573301027989,0.171192461701886,0.0361237357587051,0.362155406159816,0.645222797640327,0.6331344818158,0.695094251518796,0.621364323539224,0.391523972749115,0.631915286648843,0.749856815916305,0.781953904711836,0.686401885984942,0.496633930206091,0.684931878991472,0.000346728875608325,0.201507046740874,0.130049568253528,0.456977988297626,0.540374846802055,-0.209052490170969,0.0226264716087808,0.48880898868228,0.309830406875964,-0.0533243873389015,0.209393730046984,0.294444726671844,0.523731746537198,0.0882238449875987,0.150250316328092,0.519103534406781,0.238224456815771,0.0766119244778085,-0.22960024858934,-0.263008457367602,-0.151180788263942,0.0379583475649715,-0.0208281776636665,0.382521561864442,0.47686025245251,0.310652552371024,0.248000977048767
-0.168346775331497,-0.336131788900256,-0.135224923074636,0.134484644929041,-0.0725013208501154,0.016013382897938,0.176787777720408,0.0431357845851765,0.137691041306966,-0.194273993359269,0.302383042838246,0.365639868684406,0.629764647303865,0.605058621993552,0.555155081112424,-0.275107706215382,0.58339797177949,0.643440778614871,0,0.421650176081799,0.542602764014481,0.400830239061767,0.557644631448885,0.47629921055431,0.0990565581591827,0.169459535734947,0.389672433536137,0.403140693390701,0.434857909130596,0.45034108418834,0.0698294968283465,-0.00490742138585031,-0.0559361003369107,0.635080745162839,0.299780458073146,0.279703934749802,0.221172567997737,-0.0678968790725675,-0.0147262726580148,0.173574022325166,0.481736345251305,-0.0425098036350609,0.283263788968571,0.0488334776203528,0.226701195657034,0.40834691675477,0.50613597287171,0.281535002110039,0.134406507365264,0.257465158387031,0.0898692639890343,-0.23075416760396,0.144112507001926,0.212330994078603,-0.0681909292781298,0.0394567043581579,0.114929827467185,0.0335930512261143,-0.0381796347710502,0.153092154638244,0.150367508753104,0.440946632220925,0.616326736975546,0.65382660257375,0.679343047163908,0.593100421098606,0.226947597326847,0.528557159553854,0.592593927772861,0.532406592900156,0.595228401247519,0.444560370455407,0.612806932908112,0.0216527287951799,0.189850091669638,0.164184048356413,0.439513944841363,0.502119894191104,-0.0820421223430954,0.159843362418509,0.487730365843279,0.163493912621784,0.0785205000179896,0.162846030857425,0.365076435358802,0.504188027103969,0.0838195310955391,0.152265099396359,0.440562800485542,0.274990467742903,0.0644047422902686,-0.105435861705396,-0.132803754059362,-0.035752312770766,0.168301424160157,0.12888838673271,0.426419250162712,0.401044535926879,0.119137259987331,0.194422354382362
-0.112916559167637,-0.208059295207945,-0.271640781675376,0.189984440924327,-0.00921774552323079,-0.0918566178466829,0.0639276403730817,0.0557977161027244,0.0748830231845851,-0.164337413212162,-0.0130627834803684,0.0378032897614616,0.278203464217067,0.532421732926893,0.427976491829891,-0.00235043676303698,0.20158555488381,0.582472415688628,0.421650176081799,0,0.59618376835491,0.153142613300087,0.45514010734812,0.0777140423740679,-0.0871816964516553,0.0115000252200802,0.211721888651995,0.185046063032971,0.502136011659775,0.232600486067877,-0.0712072783909819,-0.0997374314724767,0.166233298213479,0.460256630527865,0.183452987305775,0.282497248090505,0.177918628509527,0.109846019203344,0.0714815503426798,-0.0784010681901533,0.41321174870265,-0.16445921479582,0.0805948717982329,0.0349592708519358,0.0599024778458028,0.227259714848639,0.448847021842663,0.341708367805954,0.179379820910055,0.405614388505476,0.204699655854519,-0.0725781671875506,0.132071049922345,0.271176890635222,-0.131465551502528,-0.0122232277723798,0.211190119980254,0.175055745206927,-0.211188249382607,-0.0353536072395446,-0.0765273388619084,0.129708799892541,0.361025307625257,0.466132734544225,0.446361257926085,0.465953781621392,0.246368515797642,0.214521667007615,0.472968392365866,0.524018999036997,0.592639151168432,0.150240387651146,0.525912672387606,-0.0625586006286355,-0.0638338491736782,-0.151082468519281,0.345391611740804,0.282466263306945,-0.0956336807879895,0.0113648932467101,0.363570197542971,0.359277289387805,-0.0395488618124399,-0.0585137911878465,0.22798107089504,0.494068967173103,0.0755652384757512,0.0874345666969737,0.468713650198619,0.210536736572853,0.164508647619533,-0.213400714131114,-0.13753869901437,-0.0572239794724971,-0.100199660537968,0.15644568408282,0.308942831655323,0.445554949458432,0.408520844114496,0.349276128753401
-0.0696458238000844,-0.260480317471102,-0.329534452446653,0.087647519181896,-0.0857082224075643,-0.125845624380081,0.170465700851377,0.0496026397628508,0.0903318119041685,-0.097433925844005,0.123353677077329,0.179997327538819,0.472918385039424,0.788696376695015,0.743876963897769,0.110548741216932,0.449210062319055,0.65690596307026,0.542602764014481,0.59618376835491,0,0.327281540539674,0.662121152577999,0.287811572186044,0.116234745534409,0.0576832079136018,0.288427950749368,0.337926833781593,0.563227735447061,0.486442772598368,0.0933579427690486,0.179560985401054,0.178815365129671,0.50555771278683,0.188795006377355,0.167644880733147,0.130583077299463,0.178270505044825,0.126791477693984,0.0296215763146771,0.318572340993094,-0.100647671123764,0.045960524905047,-0.0499679378332534,-0.0168379743969007,0.235261658715178,0.507521884661524,0.24345736679858,0.0355751687961814,0.167392016733805,0.224491961497726,-0.095776065465895,0.148316428091138,0.126530105111631,-0.193170147572943,-0.0104449620258585,0.182355256128519,0.123451023145148,-0.162619262405004,0.168919902703081,-0.046667971736142,0.223349416463503,0.566673460829564,0.706033240355592,0.704041013088918,0.786736459293591,0.172345208607622,0.475983385200301,0.573179072878172,0.61727918826497,0.838082846144781,0.222816320415138,0.747298370890653,0.0572537177082322,0.175038790860848,0.0148902976154059,0.448186150299615,0.473899573126232,-0.0475635358187299,0.145351872758229,0.412745550941015,0.15370718688987,-0.170013864274656,-0.0663889178629653,0.177561086933951,0.508894857106317,0.0256782524547135,-0.0408831336709462,0.3424666119839,0.153074138678297,0.0792594422786798,-0.283830713741544,-0.222574284213701,-0.0936278181401331,-0.131600802147137,-0.092386041236314,0.215137131318236,0.345854226201327,0.151823220448804,0.128162934857852
