0,0.435631368751564,0.384349098634673,0.34449445811471,0.289328525533291,0.107123331443647,-0.00381949897303301,0.210185275667783,0.171523264472843,-0.036097396556151,-0.173579849823526,-0.182688164231121,-0.17881841095344,-0.230321836575657,-0.146179288854035,0.396140812444579,-0.180879722514156,-0.231900267423133,-0.222645699231987,-0.185350827805319,-0.128364365952319,-0.0874042120863447,-0.115215891804531,-0.284171787387843,0.291017602102088,-0.175356149318374,0.0169442768423562,-0.104587479405395,-0.0690479166364429,-0.214221214682088,-0.205266317227011,0.113707417782254,0.233520145686144,-0.105165722704979,0.0299903332936634,-0.180730206278156,-0.00149444979103727,0.357672226839802,0.253872233834418,-0.0213348861569461,-0.205176166482947,0.163456267387568,0.0555193556590896,0.0290522931810183,0.0195222781905574,-0.112169923304892,-0.107507835866609,-0.0691132896277341,0.0102061574695639,-0.0832599974124198,0.303682960248624,0.395233356294559,-0.13445386761513,0.19287781347777,0.294695990624993,0.389815257592509,0.232353796935643,0.149809141206576,-0.029072825419474,0.0823106412598965,0.0647976615622019,-0.213300051079659,-0.192604578989822,-0.152539196239797,-0.255860231444926,-0.128676718077397,0.0134019586403152,-0.13898139838636,-0.177112217471358,-0.18500857172496,-0.172323532120813,-0.191050034051785,-0.132772882118978,0.013236184967208,-0.168068471850239,0.280028122443358,-0.0886539240815132,-0.106328079750911,0.0453102671951214,0.0592286622752076,-0.344030674191203,-0.201940987934177,0.119645203964015,-0.097404654928008,-0.123077659999829,-0.209910642028593,-0.00881061432672438,-0.0053963160861492,-0.240107176081161,-0.0953189792549902,-0.037362075537093,0.191356129646941,0.0637608684263044,0.283720682644788,0.0341939458070426,0.0932645896861309,-0.0889702752218782,-0.0681818019333863,0.0858026079218169,-0.12105746849933
0.435631368751564,0,0.368001908499257,0.491833550528745,0.597966952334352,0.127688998819199,0.0815123208837362,0.267877544709142,0.170718146698149,-0.0724636305200689,-0.119099868072565,-0.179567087376031,-0.0519973807208226,-0.257844385118349,-0.29870635978088,0.531896061240066,-0.127123251761775,-0.14052761015171,-0.221496256725333,-0.243624407097757,-0.164048144775511,-0.0137357888445972,-0.239467063157215,-0.216625893954558,0.0579562046810668,-0.114276107708918,-0.0166266618749285,-0.166332204314693,-0.0522681476922408,-0.34665247440187,-0.347555824367135,-0.0419564373724935,0.0840415466161719,0.0239401121699593,-0.00241379981736014,-0.174345158938204,0.0389328611974989,0.315106176893442,0.330498545902101,0.0203569262745447,-0.118512669291621,0.0958433833868301,0.0999673301877254,-0.0928454507308573,0.0549627591428692,-0.100113885835158,-0.212122702841791,-0.24661415639653,0.0547445725583684,-0.0930828016713551,0.184341452637757,0.60926379098856,0.211678071038795,0.492117732561051,0.301714555352796,0.255751105084368,0.312509775527842,0.14901672377427,0.0561193085705164,0.0128254792639675,0.0578618266556757,-0.0643262231151832,-0.10325226952131,0.0160786971591967,-0.128963985584246,-0.298111411112105,0.219993153583804,0.0791597770157227,0.034586661801328,-0.0942257342643757,-0.154220519047336,-0.0173410119514196,-0.217286153192372,0.189228026348886,-0.0268591156230201,0.134397476680627,-0.0987245087421489,-0.307364713350725,-0.00628503372503552,0.0091136866253078,-0.193043627299874,-0.0158333536144884,0.131801942042297,-0.0262617745601341,-0.0891465880282701,-0.143349234855892,0.0367574974740312,-0.180309134647659,-0.225212353362622,-0.0331845760262219,0.0308592694710139,0.0884243656215316,0.262372544802294,0.0381752017620308,0.0781341147537508,0.0184484027871028,-0.138050623248838,-0.238021398154532,0.0283826905735782,-0.061922534083577
0.384349098634673,0.368001908499257,0,0.0936364604446716,0.36478234383926,0.49453862392609,0.134300631710892,0.413390602931282,0.397800331263661,0.0161010331517983,-0.0854525443815463,0.245348651917649,-0.0571906465560393,-0.151364703990523,-0.196558962547411,0.314192705566697,-0.111611928541981,0.0328838408249186,-0.0812756980078821,-0.12255219667298,-0.106283772641925,-0.105263072779515,-0.142186827622521,-0.0432837333174261,-0.0252104037209231,0.156500420641127,-0.103528851662202,-0.0262364026352699,-0.0359433206673577,-0.240267744614641,-0.434572257325626,-0.0169382843320205,-0.0210660778417158,0.0286128592182178,-0.0448452354531686,0.00727800236493126,-0.0103857404523983,-0.0277235350780049,0.0658066860483861,-0.0649232082570131,0.0168035620247475,0.0693989078920717,0.13761272816113,-0.0086525413273912,-0.0699572592403849,-0.205983859606701,-0.214060091792078,-0.213460719741399,0.427112526011961,0.0668992971838915,0.103983143821858,0.511112191792545,-0.212709767305216,0.108947413293072,0.483686305240898,0.658903100889565,0.365948257070615,0.398264650664126,-0.179432455411452,0.172686745866499,0.0664634000777595,0.0472351846800522,-0.0375048058775332,-0.016107970434133,-0.0750457226704458,-0.14108190635846,-0.00752336126552605,0.157776385444564,0.127862977156225,0.0274470988933308,-0.054356087370681,0.0631464400557638,-0.133047009666328,-0.0354919116420913,-0.0561852675568074,0.184539456502231,-0.124293468202649,-0.160847047474361,-0.233303548165025,-0.145158051959731,0.0134130394381364,0.139955889507384,-0.0803381107853323,-0.00876890246794116,-0.119896337066684,-0.204238571015748,-0.0842101705185091,-0.0682590839354604,0.0133742428164737,0.040813670496295,-0.192305580233183,-0.104495947446468,-0.0840144482717391,-0.0760079930234267,-0.155618478784145,-0.130793891647962,-0.172040087442886,-0.119778199323376,0.411382759916185,0.126220978448431
0.34449445811471,0.491833550528745,0.0936364604446716,0,0.404174776239234,-0.0340884154406052,-0.0191538554937894,-0.0286956604088709,-0.0449004043734437,-0.127988677327805,-0.243059427154063,-0.316876752390141,0.0166394682721608,-0.138799072330915,-0.218445896033948,0.53114118541283,-0.138765979418606,-0.246320220407244,-0.177186389996126,-0.263329155236329,-0.0748396961437069,0.017882720369728,-0.128468452266661,-0.251402113191211,0.0721823199983876,-0.333960127924025,0.0131344770436216,-0.275104421265167,-0.186371256162203,-0.151244596352787,0.0304615313792235,0.284678126609874,0.501141877145288,-0.112105019726932,0.0578239001685361,-0.364985347893747,-0.145611217086501,0.289215460554104,0.269956957281465,0.1032842991771,-0.195175830806535,-0.105258750517664,0.108872149162992,-0.147659286320175,0.196327125355065,-0.0754218611910284,0.0199789615391884,-0.00618589838993609,-0.194952678833107,-0.241366512234945,0.348052667885592,0.263047826696159,0.256659567660366,0.49888636229036,0.0505323072763909,0.0300352866294476,0.0718194766497265,-0.123825938061798,-0.0514536457758243,-0.145052519137511,-0.100802910573547,-0.154314352301949,-0.240361640463457,-0.119511339666437,-0.258826282085084,-0.216384458174431,0.0452901446916992,-0.133903239550608,-0.205332321565929,-0.252125092376418,-0.185687977149778,-0.195012217543411,-0.225389386090035,-0.0470924576550528,-0.152589378657466,-0.167954890431142,-0.121183817337964,-0.139402118100484,0.258459306697383,0.246728967096946,-0.366755293636625,-0.272478494442623,0.159089538199815,-0.219850578086766,-0.194672887557308,-0.218566293282551,-0.0188264814331267,-0.077002410182221,-0.324421302982894,-0.239849897116787,0.027297856957967,0.00801465479667313,0.12617914625501,-0.169658995658767,-0.146965538242947,-0.0330753268814088,0.00614662715118957,-0.13049245308421,-0.21746040034095,-0.248312476114734
0.289328525533291,0.597966952334352,0.36478234383926,0.404174776239234,0,0.33615475992524,0.0807708148429941,0.161773625866577,0.0804583145641479,0.0447023801054428,0.121800895337729,-0.0644577109310536,-0.021943315921312,-0.29228627444583,-0.194376253486572,0.217545992496823,-0.0381924489492049,-0.0207959605654716,-0.218991255465299,-0.0996418883815082,-0.0188129171685146,0.112413197292713,-0.244173037547318,-0.0874309935707649,0.0369194994199582,0.044785559840324,0.111875575353343,0.0967728141042331,0.142990994307045,-0.214719966746987,-0.226317740104333,-0.130900209822691,-0.0505249503349876,0.144086906640177,-0.027076602135112,0.0854931303154887,0.264488737353087,0.058464312483081,0.140504822741084,-0.0422497011296027,0.0229811285178929,0.17160315745607,0.0155217203338762,0.110005396014008,0.151369889054563,0.0551710800260879,-0.212011211223016,-0.182214859471579,0.195636968375553,0.170909666876075,0.160256588060889,0.385082899198971,0.301760624802177,0.573172646241904,0.560413096137996,0.281747912468754,0.313275787540639,0.13175898567828,0.075311419557437,0.0574865782817356,0.226570336545092,-0.0273626858760501,-0.0532922213867843,-0.0255063367518153,-0.0107676882071514,-0.314708915029327,0.347821088462369,0.137454392316302,0.200250181834572,0.0990815401305828,-0.049390606816082,0.154243337694152,0.0190140562417638,0.28086584268,0.0668754864252443,0.188710063597311,0.0714052146291636,-0.353147958548343,-0.0773050201933218,-0.0842009804819625,-0.0198472326287048,0.140687507928369,0.156052841232973,0.169303224721679,0.128742856842033,0.0691443194546625,0.273784032317919,-0.256150227374369,0.0328393211452135,0.0842201479523486,0.0719170442516776,-0.0899303570576662,0.265030669675163,-0.0427460405109502,0.0623513076305176,-0.0113144758581756,-0.12015024724669,-0.0751070044049904,0.20276474701517,0.232212141168279
0.107123331443647,0.127688998819199,0.49453862392609,-0.0340884154406052,0.33615475992524,0,0.10021001747643,0.335612153650655,0.421327727262102,0.217266672232858,0.136726579158742,0.0771777591510922,0.0409657245321133,-0.231930664044297,-0.209700170490923,0.182149874396394,-0.169548260648723,0.0139594087949494,-0.0999028876610767,-0.0543012254184043,-0.0508928462656116,-0.133548132685731,-0.102710202301411,-0.156063960217668,0.232334618647523,0.00340392510052691,-0.158497509763002,-0.086298934912518,0.155935212299135,-0.268754594259046,-0.123170626853641,-0.0771588235369595,-0.0929262325876515,0.0354449370933203,-0.205586542284192,0.0464659043543002,0.0522274707842046,-0.103954116727399,-0.108299892716643,-0.179962786273004,-0.0500968997527963,-0.0615512641084527,-0.0600754233835523,0.00776427096475905,0.155656348065234,-0.281038139113377,-0.285097310507982,-0.266465403673589,0.429789009169653,0.108843940853904,-0.111776567120746,0.245290612816349,-0.00601738015372185,0.103194082091538,0.685847747497788,0.631424578382886,0.374213550559313,0.360919521687693,-0.00768781115684328,0.168093577510093,0.0974062705004638,-0.0282045377085139,0.0402824169183995,-0.0880491069417058,-0.0966339098966681,-0.175845066628214,0.132266809232979,-0.0094656139179501,0.148427265182439,0.00994325216045979,-0.123708268597703,0.122407319354744,0.0143463557250432,0.179420957111742,-0.0570745041816507,0.147786812722548,0.0196623003667348,-0.152941454847212,-0.119583248514463,-0.228346980409523,0.102741612802383,0.104153237577995,0.0209203216841239,0.0436439066447923,-0.0974292687791542,-0.0365492253103998,0.0756842974427102,-0.128309164815712,0.0527160558659605,0.142985089560893,-0.16634588643079,-0.117698501059157,-0.0226402549516647,-0.0810561066206451,-0.0112588603812112,-0.198660886727269,-0.295970388227731,-0.131506075868198,0.570175129053688,0.242477940925864
-0.00381949897303301,0.0815123208837362,0.134300631710892,-0.0191538554937894,0.0807708148429941,0.10021001747643,0,0.535961587391468,0.433672059441447,0.465695534937562,0.184967183073178,0.250430202294637,0.0533220014829931,-0.0803813214065957,-0.0431254729747277,0.258163235006805,0.0157194952604436,0.210417979505569,-0.0123873350227549,-0.00312967278873546,-0.0584614594442029,0.0485922384916243,-0.0784762252736509,0.285756045027022,0.123980363393915,0.263910007072481,-0.105552552800178,0.0570518647612751,0.103240135538952,-0.0493451457685814,-0.243290928757085,-0.266901836756138,-0.234557281463603,0.16114071115006,-0.00788372515428768,0.245556902214504,0.133341601624798,0.0734384789755422,0.319421702459107,0.563064668508369,0.313879627784549,0.2808975631448,0.248327672974446,0.103354300280491,-0.010560644805298,-0.0189492348161283,-0.124217497938601,-0.126969801064355,0.263190803435054,0.211361432806107,-0.175778784731037,0.0430790668195871,0.167262709540431,0.0490020773747224,0.118112143502569,0.101639002212234,0.424991225765946,0.446158995070362,0.0853617317028377,0.476811734270124,0.343882665635548,0.208953603149469,0.0655174079161784,-0.0392410603252363,0.0241383250555445,-0.0845740528301621,0.33378795216999,0.132449135963232,0.207647536508904,0.089769739566621,-0.0338318169944116,0.259248380744262,-0.121279774353401,0.458386236157497,0.351355877270004,0.363305051779371,0.113456868817901,-0.0939631197500619,-0.258652308214614,-0.274056572609646,0.257923814521504,0.200143475008426,0.000671072369441703,0.309444307015203,-0.0549597932196434,-0.0351523399423444,0.0660351895394375,-0.073449123634663,0.205225793471352,0.406591107720794,-0.0989023911431356,0.00330366345397286,0.142806131948785,0.102940746390838,0.216948457038725,-0.0202804268322988,-0.147120279727189,-0.143828189689718,0.298839695616402,0.253090597318522
0.210185275667783,0.267877544709142,0.413390602931282,-0.0286956604088709,0.161773625866577,0.335612153650655,0.535961587391468,0,0.717340846234422,0.317219420142364,0.177726396625048,0.282998112011241,0.0877659519120626,-0.0610365017948868,-0.0969515963985612,0.23894649670425,0.0542492225684011,0.303887479851482,0.0299053574132149,-0.0152897786504445,0.0074300706347475,-0.0663043369691867,-0.0714145381476721,0.1170366204267,0.222371181986146,0.194679752008258,-0.0669935730091705,0.0452265026372218,0.143828234171365,-0.137060090689471,-0.31824823187555,-0.250750097739062,-0.274688709818039,0.181762606688506,-0.0262244889751333,0.136475754850062,0.0250696031103096,0.0623938611787607,0.127960593822548,0.144446210337801,0.166423477932842,0.188814911548447,0.152314058723532,0.0316492853731293,-0.0601977669852769,-0.0694877775725599,-0.201146313091782,-0.194726714682527,0.313605562388292,0.0693726314858602,-0.122169012765968,0.29765382483246,-0.0500213787030042,0.10614139026903,0.29867833322838,0.452083533433419,0.671668045812794,0.731869282182765,0.0350777457422584,0.412207432339828,0.282666416420029,0.170617278125972,0.0687250669089047,0.0501830965107074,0.00328861223143262,-0.0681282867599409,0.174350591543516,0.199459687496418,0.181185241706107,0.127723480895985,-0.00540735195229176,0.10244730517781,-0.136183218496817,0.247092701528136,0.179367384363694,0.370119097134869,0.0471164638112037,-0.0948153175529087,-0.235652766715931,-0.262587506985246,0.138069299917264,0.166654772992308,-0.0111818684715361,0.138914498694836,-0.0880224032189424,-0.203216755084449,-0.0363426617910973,-0.0561435780609089,0.104944897019032,0.280106214307651,-0.148901784322707,0.0799884555082962,-0.0343453741227231,0.165054766875948,0.137872402495111,-0.0256560657728623,-0.152871575187021,-0.269157621376234,0.357558723026158,0.158412775538983
0.171523264472843,0.170718146698149,0.397800331263661,-0.0449004043734437,0.0804583145641479,0.421327727262102,0.433672059441447,0.717340846234422,0,0.366856801205091,0.0402192385272148,0.156142303895177,0.0842894186583054,-0.0718414516208761,-0.142180103316625,0.115286780355691,-0.0922461821735865,0.191042919260766,-0.0428434869196991,-0.0257698955614813,-0.021981018916696,-0.192063059898114,-0.100164770146488,0.0131740133963991,0.2367916221403,0.04669306625197,-0.120875537088097,-0.00272981684718293,0.12469584740891,-0.191547540477015,-0.261577729745689,-0.175159685576419,-0.142274273108082,0.107208911013982,-0.153434357669569,0.151294761564367,-0.00706503128454103,0.039939682807595,0.0847553934651147,0.179409633525903,0.133459411535118,0.13435709839778,0.110198587336367,0.0571586273637094,0.0786210332593334,-0.129849825372388,-0.238711721424318,-0.181578741488861,0.23513801417445,0.0636791054338728,-0.112213067553074,0.232590761509237,-0.176795512422308,0.00874236327776271,0.312453848849907,0.607754030408295,0.583130634806349,0.835627423795295,0.0205961085523893,0.431378615016898,0.25575082283886,0.148354268403402,0.0731758542338845,0.0519139719150832,-0.0632596510043071,-0.106387182373427,0.117851635137927,0.120455746653986,0.107798750277455,0.10012539130899,-0.0800713624948088,0.0153936912881748,-0.197184378107511,0.185287795993554,0.110972127605398,0.306828386913347,0.00328497172329575,-0.0949599049595911,-0.123378714192315,-0.247822320438979,0.086966743015235,0.17797835990577,0.0948708879084817,0.0186648248067745,-0.180248946435183,-0.247321108480376,-0.0700005189279578,-0.0201849635333437,0.135397638554924,0.306679355472508,-0.161659253378724,0.0452588640237999,-0.112707671703954,0.0470546002757044,0.12707377557321,-0.0239547175655256,-0.20164030423012,-0.256735934599081,0.364269724543598,0.113861528474947
-0.036097396556151,-0.0724636305200689,0.0161010331517983,-0.127988677327805,0.0447023801054428,0.217266672232858,0.465695534937562,0.317219420142364,0.366856801205091,0,0.487729513029923,0.382838884087597,0.28005452514333,-0.162630011953934,-0.0298539183522342,0.0623566482873903,0.0944619788319445,0.163799241471759,-0.0711136851112156,0.154783538315926,0.062295046839823,0.0692404829843836,-0.0849390844000503,0.283123688634112,0.436469750103274,0.290543651184879,0.00651437686329395,0.19773876809178,0.416681549516647,-0.0174933509952795,-0.181863374707013,-0.192740547685059,-0.160035020051769,0.229314211609744,-0.0623663860566344,0.219084713650897,0.28649521552521,0.0470382137868646,0.0912845375902422,0.378798465010057,0.267035465454214,0.221413722085414,0.258717775899075,0.270419855025634,0.245603048747795,-0.0115010296351008,-0.0805501397204551,-0.0635945343587939,0.261328233828751,0.277742803515565,-0.262166194155486,-0.076427663841566,0.179559252567264,0.0247610979462601,0.103130509770004,0.129010059127514,0.160286901696751,0.334303567728875,0.230406869001262,0.568276096118069,0.351439752090964,0.226633490169288,0.217721322275321,0.0373313405395851,0.0376745308861696,-0.0709853611039801,0.199398190689206,0.187637942916679,0.278293555121392,0.173019449087859,-0.0117680119921567,0.387912625898269,-0.0303518344392961,0.424841745031822,0.330934856884995,0.400099336397082,0.2517589083849,0.0834927655215173,-0.213987278227738,-0.320770674146866,0.278761316647697,0.195338649057714,0.129756395423276,0.408079157568169,0.111674439736473,0.0946217824711937,0.176459834290216,0.0137486359557446,0.205683201684074,0.307967310631011,-0.0863409604913091,-0.0220826495751047,0.148501384662504,0.0689818086657931,0.16197726525816,-0.00530997357210555,-0.116131880304932,-0.0136682785434685,0.378621060740211,0.353017525338498
-0.173579849823526,-0.119099868072565,-0.0854525443815463,-0.243059427154063,0.121800895337729,0.136726579158742,0.184967183073178,0.177726396625048,0.0402192385272148,0.487729513029923,0,0.508865115977772,0.369036787987666,0.019759355507441,0.217660608741862,-0.107915456122023,0.255336904453479,0.225433116185959,0.0120132533280606,0.195721581861561,0.22810051552064,0.304499062949542,0.00841122285799613,0.363449875146802,0.238924006644991,0.524664175124557,0.076413079277773,0.380984651608894,0.442004133405954,0.123517276739275,-0.132858044847506,-0.282553534366766,-0.334318252263992,0.221321990870922,0.0660611578076067,0.266743386083368,0.403522459538798,-0.0347577708453801,-0.041740723984302,0.0464442239895907,0.243847817804747,0.203572778943205,0.1918851401264,0.344444435099549,-0.063346429443515,0.144248257823324,0.00741448426418965,-0.0398244960437824,0.364529531926881,0.334587697191757,-0.192173564209342,-0.153017696755309,0.290768881748094,0.0330349453672787,0.0144617109463714,-0.0995749220153977,0.0208285993980065,0.0953829806581786,0.182082196798948,0.459689877283777,0.4197306772963,0.337869934895722,0.415810729049539,0.245461310501503,0.292548447726269,0.126344185593582,0.10473946356006,0.308332698918437,0.32956191464997,0.243559424321073,0.211124633229708,0.448358260454666,0.18683984533158,0.255292803545716,0.344688732227609,0.333881096940359,0.416583681485628,0.0372261540704931,-0.332008939368426,-0.236985547027034,0.291450778835489,0.167057791358571,-0.052871904323828,0.493749621644823,0.319053999028366,0.273775880123923,0.283899612816036,-0.0837958518986761,0.212738649612016,0.113383736796425,0.0212786587345241,-0.0152108667510034,0.119092815920555,0.135138343462,0.101754166982529,0.00756132148473041,-0.0530718081183409,0.0356439338100839,0.295116812919963,0.399440353839382
-0.182688164231121,-0.179567087376031,0.245348651917649,-0.316876752390141,-0.0644577109310536,0.0771777591510922,0.250430202294637,0.282998112011241,0.156142303895177,0.382838884087597,0.508865115977772,0,0.362004095984474,0.0645881919313898,0.0806268419778354,-0.0609287337099939,0.369204690291356,0.369355327202035,0.19547711072769,0.240058279314934,0.123021184453488,0.18050442755365,0.022235350978935,0.563138146271355,-0.0453363684405471,0.744013187735348,0.0691628291693984,0.293646228770136,0.344036668532582,0.0562368210639569,-0.294860862388714,-0.231427706020071,-0.307064087574039,0.305356128390812,0.178852677565571,0.368287712365604,0.19566692611899,-0.226388436035083,-0.111919421416937,0.0931722099276787,0.392927893363629,0.18587882207123,0.389029129650858,0.20553031783693,-0.179381915963902,0.00576090171569524,-0.062076678538026,-0.0539919808181659,0.460838968573291,0.359264818696536,-0.181139136172802,-0.0470303204133584,0.0175353662915415,-0.095308108835736,0.0233897215421264,0.0628573199970387,0.108431709617602,0.208238950515162,-0.0199096564879805,0.335216648085962,0.218260303513476,0.401911611228904,0.298747266575451,0.151988132399993,0.215828023784073,0.0451329001051366,0.00208840412345241,0.412306569178629,0.355746282523849,0.305743400183112,0.182510121362579,0.427058932411839,0.0455327860052945,0.0869122581033918,0.33097785734926,0.214542703012029,0.240782667320685,0.148952222537774,-0.427858985549164,-0.259664135808907,0.433435901512031,0.333825072720566,-0.198567674327287,0.408116456153208,0.28275261713013,0.0913004957126194,0.0352789578682372,0.167965730092314,0.357759399637764,0.166453791965498,-0.119827308284308,-0.111160847723437,-0.0672364175440773,-0.0445450482901429,-0.038002796441444,0.0396940030857486,0.0707112015320872,0.057584990433179,0.391437922025755,0.384375428021314
-0.17881841095344,-0.0519973807208226,-0.0571906465560393,0.0166394682721608,-0.021943315921312,0.0409657245321133,0.0533220014829931,0.0877659519120626,0.0842894186583054,0.28005452514333,0.369036787987666,0.362004095984474,0,0.276387804213125,0.269725345265191,-0.095015824397756,0.525893257745091,0.414130192104363,0.344385592634615,0.388849498349871,0.36957423740564,0.39758976502639,0.238379128971889,0.433036870990722,-0.0187961182550638,0.269867681337057,0.202905054852976,0.167865643956295,0.471710316632446,0.222337203589324,-0.0456434613943594,-0.23286019926521,-0.143232445840491,0.35425580840233,0.350557207269853,0.194274180717065,0.196891617970316,-0.131029403502691,-0.0352363009137728,0.142451085967285,0.339281680507543,0.117474878116747,0.168070797115453,0.0574119187267148,-0.0356008525914293,0.124777421362066,0.311829416705392,0.274954271652876,0.0601223953690245,0.185642909300746,-0.213274832991923,-0.156775089094296,0.10164018397456,0.0794643680961448,-0.0494972516761465,-0.0655017751541499,-0.0542809917327834,0.0462408482101115,0.0320702413414473,0.254525259047338,0.260738657993369,0.588645640565809,0.553642900076744,0.324391199591097,0.303095405487118,0.268199098488077,0.00825938537192642,0.34069914223407,0.268069607672137,0.313739132497983,0.320736429778195,0.330580758969413,0.242338663731765,0.0841801701818804,0.313893587825215,0.0495188516611195,0.415252711254163,0.41443947219984,-0.256136592067851,-0.151379060608619,0.272012375269271,0.180020277615615,-0.229303262681934,0.166827736155804,0.305654363883958,0.282693101983162,0.257024506267302,0.242644879839021,0.248113371694831,0.0983236239761942,-0.123334102255108,-0.189346085149211,-0.10981900877704,-0.159352010605261,0.0216194408304798,0.154632459497983,0.292870072389543,0.284555502937206,0.0977248757329004,0.191204964101731
-0.230321836575657,-0.257844385118349,-0.151364703990523,-0.138799072330915,-0.29228627444583,-0.231930664044297,-0.0803813214065957,-0.0610365017948868,-0.0718414516208761,-0.162630011953934,0.019759355507441,0.0645881919313898,0.276387804213125,0,0.656683952580759,-0.210706172124506,0.379714749321822,0.370882648271241,0.631574526647915,0.249593100800233,0.524769618528487,0.362761453149699,0.648145187333544,0.211058783657962,-0.104244379007971,0.118382693771141,0.210468821978545,0.155061769396667,0.0679009178983746,0.522528921560458,0.00162908664629449,0.0603273588997705,-0.0422718694096074,0.13712998626733,0.296695655975202,0.015570140151342,-0.085805153402129,-0.118722925846669,-0.125392104260518,-0.109825046575775,0.0260452328034237,0.0438751344698932,-0.0336644067751182,0.00456572198587841,-0.293125563214461,0.252476869930134,0.59413905310106,0.529048337750578,-0.0758596198403439,-0.0795740245143419,0.0389194854848712,-0.244511325164883,-0.00911168970487786,-0.307566140995737,-0.372463028977451,-0.241337586651243,-0.197951509245254,-0.125067235857784,-0.162310119404021,-0.0511704939378632,-0.078776160933387,0.0866442714760282,0.234301205426945,0.367904599063708,0.430636081804293,0.70024237280536,-0.292468933980944,0.0572504803445841,0.0251491419524382,0.149398023796275,0.504288393439026,-0.0283126596050149,0.441759876245639,-0.295022229499669,-0.0265185800461523,-0.169991769937872,0.206541473547868,0.426647239851282,-0.0965157939089291,0.109416756460798,0.0649510732450255,-0.0776640914372919,-0.280752424510623,-0.0178432349819196,0.123282471821855,0.190231192068135,-0.0223575814706123,0.180156033548554,0.123415030990572,-0.204796374440427,0.00487173577152873,-0.104982505487382,-0.300544425438141,-0.0442761532459609,-0.150927623476351,0.0499008362257858,0.384460296627166,0.360246542398149,-0.216412041120769,-0.116929499826384
-0.146179288854035,-0.29870635978088,-0.196558962547411,-0.218445896033948,-0.194376253486572,-0.209700170490923,-0.0431254729747277,-0.0969515963985612,-0.142180103316625,-0.0298539183522342,0.217660608741862,0.0806268419778354,0.269725345265191,0.656683952580759,0,-0.269175256125206,0.434257048116365,0.451998736245376,0.371933630582962,0.523696004681591,0.747594971837133,0.560351039396013,0.520118062490153,0.316200196082062,-0.0609324670681564,0.219442651408413,0.288541180982582,0.536796772868212,0.348801486487574,0.767347004021022,0.0665349744873518,0.0108316209883759,-0.0657824949734807,0.276957204116972,0.249387511136639,0.211267153665838,0.234329697631733,-0.181287037891143,-0.12638246695803,-0.117163667247135,0.129883889364592,0.10619221493901,-0.0648548590840471,0.31215973260991,-0.232322360897974,0.546188767783824,0.548979046254831,0.59020584698356,-0.032919251873818,0.117376530142888,0.0214859270007757,-0.252470775023822,-0.0242204808362562,-0.335686852746258,-0.338484034729159,-0.29657003412109,-0.26356394979846,-0.159525289284594,-0.249811310205015,0.0807864845379049,-0.0732212135780227,0.0691681316424204,0.411967123730345,0.4503402518206,0.694028859906828,0.829848867794167,-0.305332574527228,0.0949351441495957,0.191087189090156,0.380664176697743,0.752866789332263,0.113004128215846,0.585684996378802,-0.1840752085689,0.000137828438378946,-0.0118341397611352,0.443994311453932,0.340858187990856,-0.0368927116687933,0.018545664468563,0.0904617938561933,-0.02323835112476,-0.181995191520387,0.167375986991969,0.34473208661744,0.496910905075801,0.171947651170043,-0.0652856109003315,0.304359203824714,-0.202458050966258,-0.102804202459265,-0.155062297566593,-0.30866081538823,0.096029050570598,-0.215893587518406,-0.0494606953680046,0.368052765366412,0.517252986942071,-0.079863744517676,0.0661853995698491
0.396140812444579,0.531896061240066,0.314192705566697,0.53114118541283,0.217545992496823,0.182149874396394,0.258163235006805,0.23894649670425,0.115286780355691,0.0623566482873903,-0.107915456122023,-0.0609287337099939,-0.095015824397756,-0.210706172124506,-0.269175256125206,0,-0.207249152936591,-0.201889329202043,-0.153748687743503,-0.313247225872486,-0.214460448222932,-0.0503111052083355,-0.108432943348303,-0.170641897074872,0.257226123341264,-0.153108999306985,-0.22361544765796,-0.335440007509291,-0.145398083861497,-0.310465610308779,-0.228367818029054,0.250313405134147,0.427055423366248,-0.0418045490927176,0.0289956814217331,-0.262756720172421,-0.104936719517257,0.394636782466498,0.343742200823996,0.124007822440444,-0.146511471678534,-0.130716663210035,0.204515670647515,-0.132469577624519,0.0542951743730513,-0.338863826312195,-0.150889869119899,-0.2614853584639,0.116671517448833,-0.135025273526203,0.225158375122534,0.443869406299861,0.216773319710765,0.201997561113204,0.124670901670396,0.177271944350969,0.245513999522319,0.0439718968557854,-0.108809690419042,0.0691011072398366,-0.117019908270723,-0.216512067626072,-0.176295552100043,-0.160868252688672,-0.252254547390903,-0.197189439320272,0.0165809339929243,-0.126630107481796,-0.0733299954888406,-0.264404990699719,-0.263750281347307,-0.0544747651232344,-0.295891659973127,0.12953193497769,-0.165325059434859,0.0830506092282124,-0.184713162439365,-0.195459671029491,0.0170740600084297,0.0363412393832598,-0.223417845905613,-0.176757740117798,0.115520726889308,0.00178391589863671,-0.333676898623451,-0.218857716225695,-0.149192702869963,-0.118575078081352,-0.283784556850849,-0.126478965993873,-0.0948345036341235,0.181614973914801,0.222495551960472,0.129182464882602,-0.105923702989173,-0.223855631355126,-0.269006449328382,-0.312247230578017,0.11179093930383,-0.080477145317072
-0.180879722514156,-0.127123251761775,-0.111611928541981,-0.138765979418606,-0.0381924489492049,-0.169548260648723,0.0157194952604436,0.0542492225684011,-0.0922461821735865,0.0944619788319445,0.255336904453479,0.369204690291356,0.525893257745091,0.379714749321822,0.434257048116365,-0.207249152936591,0,0.686447033265827,0.420096929861727,0.637133297770262,0.554819647188026,0.597107162924653,0.224608135579763,0.724928306438398,-0.150719684211997,0.367666419405214,0.46234375619533,0.423286533610236,0.528345767260772,0.406023482129992,-0.136142701953525,-0.291055657169058,-0.238900173824919,0.654172182282243,0.53034408343368,0.361132633749437,0.306248552137513,-0.217836079916736,-0.0563932548201,0.0493890269433679,0.523062738888045,0.181643269690412,0.210567127917966,0.117499567830338,-0.162285217987789,0.441120128565214,0.344445489144752,0.391538196710214,0.101554331806738,0.303474978453052,-0.249943483801971,-0.189586151539608,0.0881462786963974,-0.0204043708824011,-0.171574211802773,-0.171851372780495,-0.0750272614067413,-0.0166964734267659,-0.112870876944655,0.0776567771548699,0.0498139171214679,0.285442172099058,0.455362249221831,0.410673543275519,0.51636740214454,0.310052474062016,-0.0253109647887598,0.49448916697463,0.455863444828643,0.570754693802819,0.579884292374707,0.360550724244331,0.339468615057824,0.0118387738689778,0.339461783005735,0.0640841389961998,0.462074120078069,0.30099909418176,-0.294052620937693,-0.22639833512983,0.425014485762398,0.307633005817586,-0.223673514363788,0.262358204657027,0.563591789623458,0.451105631240611,0.366340849148369,0.139125651248919,0.454296305258151,0.0722073276168551,-0.10810943830542,-0.228835784905211,-0.172090719083218,-0.109788236630707,-0.0280807227796409,0.147144737334585,0.484963107928779,0.408463754977758,0.00828908676108887,0.261596075508625
-0.231900267423133,-0.14052761015171,0.0328838408249186,-0.246320220407244,-0.0207959605654716,0.0139594087949494,0.210417979505569,0.303887479851482,0.191042919260766,0.163799241471759,0.225433116185959,0.369355327202035,0.414130192104363,0.370882648271241,0.451998736245376,-0.201889329202043,0.686447033265827,0,0.428878039459669,0.722137519643682,0.569047939941561,0.471900635784235,0.242755650849156,0.655474711074444,-0.171802315580803,0.389294266615468,0.349999066496525,0.456621126421097,0.587691113602055,0.349316154785107,-0.195951237201668,-0.377939524516145,-0.335683851051272,0.737132763184602,0.391203028639244,0.605009257544456,0.400603494536386,-0.362021620607151,-0.100745512933743,0.0746684685912444,0.62851021328797,0.230480039690548,0.172455161862255,0.169507997608403,-0.0934789064973703,0.364850422223779,0.221538967973983,0.307988995392856,0.218705742416432,0.474366919333751,-0.345846126804419,-0.142092841707765,-0.0120168508633295,-0.0804035061504281,-0.0719499996778305,-0.0328681989679183,0.152538792650175,0.259285625267936,-0.18655382496109,0.154883290104758,0.0432016959660602,0.31678289769354,0.471812322545895,0.436897873127659,0.592456818444221,0.367262216266177,0.0624583468183415,0.526727753962246,0.637065704763624,0.768809466431564,0.646305632965149,0.430791124609787,0.367994995521113,0.102384170388019,0.30535523378266,0.0982987027345891,0.440741708920031,0.253384989814836,-0.369822147819949,-0.395149989100723,0.536975795354113,0.524484155041308,-0.23481788535549,0.311493761180459,0.486066692164285,0.419517495573836,0.378745571035131,0.0981388019003021,0.695888554348967,0.246864931134258,-0.221318609389804,-0.348040626183476,-0.237816668576988,-0.133989999361852,-0.0280543914072279,0.0979729394625787,0.35280808703398,0.36934317950109,0.209866102818749,0.436154069482999
-0.222645699231987,-0.221496256725333,-0.0812756980078821,-0.177186389996126,-0.218991255465299,-0.0999028876610767,-0.0123873350227549,0.0299053574132149,-0.0428434869196991,-0.0711136851112156,0.0120132533280606,0.19547711072769,0.344385592634615,0.631574526647915,0.371933630582962,-0.153748687743503,0.420096929861727,0.428878039459669,0,0.213131289473626,0.393277785741223,0.25915170771662,0.459037885792943,0.260161626687946,-0.111725733678708,0.178070871971083,0.116824362634687,-0.062571033298795,0.158422856849293,0.199525694603376,-0.0324181855657917,-0.0581216805894712,-0.144100248091864,0.227972183879235,0.28326325731794,0.0739160702931844,-0.0580823567706402,-0.134483847860961,-0.144913817565115,-0.0301627645559849,0.0784691236080243,-0.00478727789692734,-0.00842647300975557,-0.112562034991543,-0.273450755200093,-0.0270936753972657,0.381014727733351,0.306201969469812,0.0203256863381137,-0.0110747607085827,-0.0770345082972484,-0.144800384003442,-0.0737173808603636,-0.135011446244947,-0.13566692268746,-0.138709060859422,-0.0538570466137279,-0.0795004090930206,-0.116267591712776,-0.0440824887815962,-0.0631045234969981,0.0874544346852143,0.214414990529933,0.240465585083043,0.298462872247793,0.43414372755374,-0.162119679433072,0.101814605054359,0.0612934758018116,0.119610335756799,0.37399779683438,0.0738662704552374,0.342398835660068,-0.142586464576336,0.0890947651047835,-0.0938667974427258,0.291551836742699,0.489522389503384,-0.262977446735201,-0.027940073394816,0.15984323725602,0.00587363276277607,-0.346813815430846,0.0190191465496528,0.118014155422229,0.224944114528478,0.0923283146018529,0.345102329310815,0.162716331286832,-0.0362564276686711,-0.0435395002742825,-0.0408706266802918,-0.237195922246943,-0.0447324120904938,-0.0823408094173685,0.0608069256393431,0.302727817256639,0.346164548578974,-0.089090262148174,-0.0310803249138656
-0.185350827805319,-0.243624407097757,-0.12255219667298,-0.263329155236329,-0.0996418883815082,-0.0543012254184043,-0.00312967278873546,-0.0152897786504445,-0.0257698955614813,0.154783538315926,0.195721581861561,0.240058279314934,0.388849498349871,0.249593100800233,0.523696004681591,-0.313247225872486,0.637133297770262,0.722137519643682,0.213131289473626,0,0.603606417306286,0.411189529317316,0.202113419899276,0.554519204995287,-0.148521244989736,0.248568843519823,0.381096884945379,0.515319204483694,0.657145030632932,0.43783032801192,0.0175208922985382,-0.244877119960161,-0.192573007992579,0.634094264373141,0.284920523985118,0.556101077632629,0.419043600261035,-0.3143560871601,-0.136863185343345,0.0221798544855758,0.535228236920433,0.116437339897375,0.0519033595756194,0.302022940962978,0.0469472471086686,0.434155091226888,0.250091311744054,0.454892432638191,0.0918270281944756,0.492530847502685,-0.302886166137888,-0.249205275553798,-0.0805025752669566,-0.186661812526382,-0.129989586606837,-0.159159565494409,-0.148038244389857,0.00961919903992422,-0.231819878277192,0.096011246413978,-0.0734817329210104,0.221684693912241,0.550803566742991,0.489965145719957,0.626248982461535,0.41653195644576,-0.0809861892559436,0.446038062215219,0.582998221914906,0.770758008338025,0.691222689365636,0.40565236654124,0.398066155818876,0.026125160847663,0.156596315707474,0.0107695885305474,0.452352303320093,0.306480337804028,-0.155825862111618,-0.246176651161169,0.411116346128071,0.393294956161802,-0.147066253958526,0.230043507608953,0.574995924758369,0.531272325929276,0.318504185845702,0.0482120566013619,0.676136837341752,0.115322544007577,-0.199599625692316,-0.316664299317196,-0.237225228899786,-0.136331368806078,-0.101349167173412,0.0597173372074491,0.406305595554294,0.578074909085641,0.163170636554224,0.399347084768204
-0.128364365952319,-0.164048144775511,-0.106283772641925,-0.0748396961437069,-0.0188129171685146,-0.0508928462656116,-0.0584614594442029,0.0074300706347475,-0.021981018916696,0.062295046839823,0.22810051552064,0.123021184453488,0.36957423740564,0.524769618528487,0.747594971837133,-0.214460448222932,0.554819647188026,0.569047939941561,0.393277785741223,0.603606417306286,0,0.586322463599643,0.426647283363425,0.355054377838022,-0.00860631029619771,0.175166271614469,0.369832416051889,0.48503579597316,0.531650783150851,0.60626273546038,0.00320939910419399,-0.0894221439380517,-0.0747203723996201,0.512190250118769,0.240011318289057,0.267124602431371,0.330459446449157,-0.18740417588837,-0.0665133174648575,-0.115345452387594,0.298823904148736,0.135799182150363,0.05071982516013,0.332119634477894,-0.00322420364692515,0.514890567732195,0.468275356609963,0.581649870070312,0.0906527259997256,0.281890651399918,-0.0491124527350987,-0.21195351552743,0.0577298864149502,-0.145216178580791,-0.177461561882667,-0.148512581527015,-0.148757602276778,-0.0505503013796044,-0.212477557088421,0.125892430928007,-0.0259567575604642,0.0653231779141617,0.378536823461443,0.43444652895385,0.648047004041916,0.622046268282717,-0.133912228060711,0.264179017093901,0.366599923103935,0.48115839160291,0.807527210636566,0.249236018336507,0.517378520734282,-0.0465949649107859,0.100505703229066,0.0277113386830627,0.443398166856456,0.267314649654129,-0.0692943747081867,-0.0873245598007125,0.178217459783066,0.172973998715054,-0.116774471013554,0.194206310010023,0.39716023334711,0.479986329677033,0.292423678981257,-0.0831647218487967,0.353824397765675,-0.0332267563301894,-0.0905924191309127,-0.226085143439384,-0.200376846174782,-0.0382914822872392,-0.136640316810773,0.0396496277000372,0.40891954399291,0.536688116171859,0.0392292396959111,0.249283173953057
