0,0.21191051513932,0.43973341129014,0.0887374924948385,0.228495335943861,0.201177471523446,0.242489997941513,0.157022640915735,0.186194509399885,0.217908887911621,0.264785871621446,0.363187487386685,-0.171514793026572,-0.201883784955294,-0.142735586917293,0.255758334332822,-0.129596025278014,-0.180221898891729,-0.251807803869103,-0.132106354689824,-0.174264931965375,-0.196665415709765,-0.111705806502207,-0.024264728957589,0.0733428685153275,0.147371790509342,-0.279575209744428,-0.0225179153343374,-0.143351239378233,-0.236086754763971,0.0765124318820236,0.0744650736636853,-0.0668789942477232,-0.195288020977561,-0.0126600626370999,-0.155417907967767,0.271305637776245,0.0833946536181822,-0.043307620427026,0.237317434874261,0.0825240046532321,0.087602541010295,0.0268674426967295,0.120738061779094,0.139341626774482,-0.175885542209542,-0.146121607522329,-0.0496346762683141,0.0823850481806852,-0.0779103085433786,0.624925114721282,0.583768347318898,0.127654105889586,0.326882393868196,0.487296285315108,0.339558671192964,0.189604998869842,0.163167650538792,0.287542303606424,0.142749174433274,0.300443928985118,-0.222200512853123,-0.150182022329129,-0.132489062284215,-0.167949530988927,-0.180315164240665,0.428232152521263,0.000818347817835424,-0.152706288314406,-0.102693926043367,-0.114494917650452,-0.186175566188125,-0.0533015359882734,0.115008553070897,-0.132859458619833,0.40796306190656,-0.0678944326494982,-0.367300264939292,0.0935137534256237,0.0323742370627332,-0.121596662674722,-0.0840882788757875,0.128898088351455,0.0820025948532971,-0.11125506760445,-0.110027293821255,0.0743864586000832,-0.34027367109533,-0.0780553031426992,-0.0418615657406423,-0.239762634822522,0.0746352847053242,-0.0910565804099963,0.122241572877332,0.188778622869032,0.0750483560317783,-0.27406649122908,-0.049065873337086,0.154521258339091,-0.0427814964216366
0.21191051513932,0,0.13906863348759,0.533437806376612,0.534189328626112,0.397051111120469,0.494885508171315,0.568666648214465,0.433147869528725,0.218839097198008,-0.200752441524891,0.0455511736883726,-0.148361511762934,-0.516226846148212,-0.430699521134345,0.547178495703938,-0.186294855416241,-0.12528227872928,-0.368106754043426,-0.277588282764892,-0.455057846851496,-0.33315608726145,-0.540450667945027,-0.174928805693076,0.374665193025424,-0.104527344209173,-0.155908105284317,-0.244641384248525,-0.364657105344944,-0.467727472159046,0.164442275942835,-0.0885728637876335,0.00435123750556507,-0.346352828559226,-0.24867324597375,-0.0736320585213385,0.0584499205904143,0.132082908980191,0.165435511069798,0.241746196630306,-0.278510265530363,0.0680687635087972,0.091465072347054,0.0643806461063795,-0.0714023135769711,-0.38972146561793,-0.534003028099991,-0.507877907386014,-0.0212106728447818,-0.176985281385731,0.249035271386047,0.653983591674069,0.554917110110286,0.417862259517108,0.507718465757914,0.260899622031667,0.496998229239769,0.420396705043265,0.193811792185161,-0.0606962419998528,0.0204420040670889,-0.0426501260926751,-0.250598397585104,-0.327078947923647,-0.311554243078518,-0.399790317963699,0.346759028671062,0.0136415055737824,-0.232182835370329,0.04164148523135,-0.38613373717054,-0.244145792366763,-0.487060711810472,0.358885352771485,0.0368538924719705,0.171059751925213,-0.22662581582869,-0.317911335041461,0.134566685968029,-0.18265811771477,-0.214591209128141,-0.234429958703888,0.0306136064418902,-0.0646773252590143,-0.0790717733930201,-0.499241777067857,-0.0100594739292563,-0.240952254733494,-0.151213573847425,-0.279287311382495,0.0208623120656979,0.416712269501067,0.18958023289552,0.233832691644704,0.131405231243989,-0.0173308063691741,-0.441402761059144,-0.430250955491877,0.0162738533946245,-0.15019805480063
0.43973341129014,0.13906863348759,0,-0.0671374493255236,0.278231751209073,0.320507569775664,0.0725056749977522,0.350947299548363,0.373474598535807,-0.142238252926498,0.383734087935166,0.244420263024344,0.0505776076803527,0.0174864176828163,0.00921041729258092,-0.0264773912427548,0.0151440749564129,0.0444701720859893,0.0324936291620154,-0.00832015830029658,0.00895774160054872,0.0333311767305169,0.0204698142052702,0.053142408413214,-0.400321221262788,0.177055688006766,-0.0391881182961556,-0.0150053319617494,-0.193488750309678,-0.00774963559074885,-0.259066187394012,-0.0134880466975652,-0.200904394907364,0.0803049159399715,0.104623535712796,-0.00768949475892322,-0.189564493544697,-0.109815703314731,0.00112370365245101,0.130393310531784,0.0590557893196259,-0.234213688063132,0.192649370463414,0.020227609611135,0.188278731573827,0.112457515298593,0.201515687531018,0.0973474565830619,-0.0647975002712117,0.0768585466626761,0.318375130129726,0.380121884856192,-0.195977493536782,0.016857038882168,0.495474366804152,0.644594336157023,0.291182921647052,0.418914350819287,-0.0320138851292147,0.223748691173344,0.290369884534919,-0.0377788080110658,0.0563958799654471,0.160316516844965,-0.00342970457700648,0.0222168552983282,0.198268691026201,-0.00931977737491147,0.00795466684897838,0.104322201778612,0.0147414013040703,-0.0766955080030676,0.074053295645718,0.0257928722446535,-0.0270575626545562,0.14745311338857,-0.251794792930424,-0.232823800166708,-0.228479666835997,-0.00476079414092667,-0.0705944339302291,-0.234213507406206,0.0684275328201197,0.159305647878094,-0.152947384070179,0.0733896395304762,-0.347572211484017,-0.311705366231752,0.0447639027948297,0.054682857418704,-0.245822296773242,-0.132947699834452,-0.119531701490593,-0.279332877039518,0.21176971782082,-0.0828308329875023,0.039629437810037,0.0439959042925984,-0.0819977531927779,-0.0559118658837865
0.0887374924948385,0.533437806376612,-0.0671374493255236,0,0.592858399394557,0.251734051785396,0.585971132617228,0.410675227446654,0.276083977640738,0.175794285661125,-0.337622439761696,-0.0587019853717851,-0.238788272012411,-0.282215292140038,-0.234044049530743,0.528876452326564,-0.252024397853729,-0.247050996306842,-0.337028046270821,-0.269090414646727,-0.35863051499651,-0.438893372738035,-0.341087188341132,-0.344739054100748,0.275419590483566,-0.251109171861708,-0.223224939945971,-0.3659560044676,-0.318784931480228,-0.309376463118845,0.355650748143198,0.206664839284593,0.364406489413474,-0.353438734586018,-0.397748440395886,-0.102757634839484,0.174267292913983,0.150894933475755,0.316325386591944,0.15283632622788,-0.299061923824846,0.198481673104666,0.0739172096813814,0.138827312473727,0.00205132102307368,-0.296934652717507,-0.305772082318535,-0.311613956632095,-0.107172209287731,-0.156119861636251,0.234518791303493,0.367339749741002,0.618986721131542,0.672353011773308,0.375389573109808,0.0947391536603115,0.422742043018836,0.250185244763645,0.100375128928093,-0.218086536839801,-0.089469010525904,-0.0670920159652926,-0.147294442428602,-0.150240783914951,-0.16041552552218,-0.206719798040189,0.135291959032017,0.0167285743910745,-0.329208529980636,-0.0703179786264987,-0.317923641491954,-0.39241341035571,-0.367047328477933,0.200800713805671,-0.124473528005815,0.0329542701791378,-0.22141434233826,-0.273974631055351,0.308242981190769,0.153240672995085,-0.324789585459898,-0.130527996514818,0.108401449160293,-0.393343743064398,-0.319769282283942,-0.305511003641012,0.112722716604252,-0.216461862757429,-0.253473337825677,-0.38920477331766,0.163283174053094,0.158394666534255,0.176433593979322,0.280985451294715,-0.0317184120867635,0.0761447734577184,-0.40716564617532,-0.373853386132817,-0.0649173540448743,-0.173000763573073
0.228495335943861,0.534189328626112,0.278231751209073,0.592858399394557,0,0.416730452995731,0.479596877540244,0.545789069113658,0.608117620550636,0.0999358217516008,-0.0616769166732104,-0.00159964513084654,-0.0138086293452297,-0.261812499452329,-0.285130195333861,0.348387708254237,-0.0991895118947443,-0.0628322368264315,-0.204772572110987,-0.121832724715762,-0.296661995887364,-0.225564270442668,-0.306011228055634,-0.242066773875574,0.0406172759601506,-0.217840397710215,-0.13619129230236,-0.197154822291103,-0.265212480740484,-0.339272287793315,0.148567708615885,-0.0371743168262956,0.104578842023842,-0.135491885665633,-0.137339041968319,-0.0852792885630546,0.0832471119150129,-0.0250277779345665,0.207842710368715,0.173462657689603,-0.0973533722431145,0.000825664250283297,0.097635096389242,0.120847269258689,0.121697830945675,-0.163782894349558,-0.22712032723002,-0.223009528264412,0.0225756982764561,-0.0300206570429692,0.245447554379721,0.507649885152024,0.423784528499448,0.601687866115498,0.619686059751145,0.433958286126771,0.517078229686022,0.544189885573354,0.0332820434946596,-0.0305337237543468,-0.0311992916820479,0.0212942776218217,-0.0738127326071664,-0.0948121673379915,-0.190694313427859,-0.272305775641577,0.28378249814005,0.0985527932497776,-0.22824691725936,0.120853453484795,-0.279473856591693,-0.282176110848381,-0.324841125502991,0.199947178079833,-0.158187626772248,-0.00695034817751385,-0.231884435152581,-0.400133980033693,0.0907680356321429,-0.0976661802309807,-0.340416033884239,-0.102023215141341,0.111717335383543,-0.135073036384522,-0.301335176866691,-0.274716557564458,-0.0654471416561497,-0.326028044635758,-0.0672374481818914,-0.249682377455291,-0.020064415806274,0.109930632217421,0.042684960370188,0.069773220258655,0.019986454956414,0.0199196891690403,-0.278782768261547,-0.249443769411969,0.0603985895970436,-0.0587084857486825
0.201177471523446,0.397051111120469,0.320507569775664,0.251734051785396,0.416730452995731,0,0.322469633071745,0.42778356139253,0.57086776826979,0.258814293140637,-0.0219061748521027,-0.0468215578418449,0.0712695569011282,-0.306699099880886,-0.394783183017368,0.254063342222947,-0.0399322325167703,0.013310274970344,-0.18480773799564,-0.0406157316383324,-0.279965639202038,0.0290873929674557,-0.289455954083246,-0.105827349290856,0.0969136865745953,-0.120404784663312,0.0244203137832619,-0.000415864965120585,-0.204490714722159,-0.381121396365417,0.102317167177282,-0.130007693919078,-0.015169754665899,-0.0573217344098394,0.130327289454772,-0.146063926930992,-0.108833167298028,0.118525618253976,0.104331802690473,0.191551856518901,0.0850974818500444,-0.0768505316740822,0.215722326546191,0.176256786282326,0.132020443198626,-0.0543254607088545,-0.229093429228747,-0.106255391573933,0.396100289291964,0.0428001674496002,0.313176415375291,0.241738920533051,0.193005936539671,0.0746866107502654,0.551986921588036,0.683920788785836,0.370639862934773,0.498861812823144,0.204615365674731,0.0934570189875086,-0.105902209426198,0.0467819077342872,-0.153002239671118,-0.17449661827785,-0.308648669075959,-0.375612750457653,0.31809992641036,-0.0295767969377318,-0.196610279600963,0.0365512022476856,-0.328123815418032,-0.0484259665501071,-0.325073929176422,0.119164087654034,-0.0503481298595385,0.0306738330529817,-0.260281001208342,-0.382562586895589,0.023998357269162,-0.223743044471115,-0.278931091856699,-0.0695882917534307,0.0206875105399587,0.119617949971122,-0.0822515118383609,-0.358142167797102,-0.198030274638111,-0.120694603202035,-0.0201553904830712,-0.0617507339170345,-0.0690281903069669,0.298168933736462,0.00448745297729589,-0.052210408122434,0.120151403702231,0.106461753196296,-0.162418489802987,-0.133226398560566,0.372383947101951,0.095614601238885
0.242489997941513,0.494885508171315,0.0725056749977522,0.585971132617228,0.479596877540244,0.322469633071745,0,0.503887004381404,0.345408130298284,0.345992032122752,-0.100093949155681,0.256301788793564,-0.185751668720746,-0.325914330837459,-0.239700670510243,0.542435246315941,-0.133534587858149,-0.164919557402547,-0.364712562713169,-0.252419528864713,-0.305398197847481,-0.295987929284268,-0.332014318293845,-0.00442391653646435,0.376835294872343,0.0196149347754589,-0.131986801950041,-0.110518292808398,-0.249778640130603,-0.396429299719711,0.193249318139837,0.0918662892850194,0.13614915262289,-0.283982011592022,-0.219613408066979,0.030362322902726,0.314068248779694,0.147453379790197,0.133818649522764,0.460404695687857,-0.108844600420476,0.204708980203498,0.092892343145005,0.203574709934972,0.10995144690566,-0.268337107951241,-0.405135147578613,-0.284778155236238,-0.0783386956002094,-0.133145675398198,0.307224356443884,0.440342394648465,0.590949266665359,0.498538594769105,0.511262075489717,0.204559617887591,0.465512430479193,0.347282418698698,0.305087855458438,0.00918384581049884,0.155577067177567,-0.0529115407519716,-0.217462420629611,-0.244657861198761,-0.209748846302729,-0.220671437570814,0.470882920866122,0.0205906721288413,-0.262737226611817,-0.104499020132014,-0.23808188678737,-0.293866961286526,-0.342707402862505,0.39876434248207,0.00721067818853484,0.343532328672809,-0.129803437135628,-0.236954436274698,0.200441093963166,0.024088700080211,-0.198915889755506,-0.261085334250125,0.138988186128742,-0.0517350157961325,-0.0544015509545721,-0.428354647895473,0.192467060488919,-0.137166567534203,-0.151367954074615,-0.240197969876434,0.111098166556095,0.243793578103868,0.17817382471554,0.296546942101949,0.138896050874965,0.17227789027602,-0.368362330574853,-0.4197551316388,-0.0343357687608175,-0.124746910451229
0.157022640915735,0.568666648214465,0.350947299548363,0.410675227446654,0.545789069113658,0.42778356139253,0.503887004381404,0,0.690921804487521,0.173325137477844,0.121885329607898,0.099687703316047,0.0888379263697226,-0.2564729980481,-0.242221986284845,0.296543891272782,-0.0171035065784929,0.184719347558411,-0.211706985096488,-0.0675268245340553,-0.223123856579582,-0.145443620667436,-0.368891823886311,-0.0554843389379773,0.0928968446072822,-0.100085573028829,-0.00565897693358882,-0.166436975469219,-0.271183009720311,-0.329606105969303,-0.0817033685629907,-0.260783704565314,-0.113957398696952,-0.112620516445893,-0.0900075813455667,0.172202846485711,0.0854747251004873,-0.0258215527758656,0.166194303949086,0.248588805885479,0.00989670558919474,0.114616788859757,0.172932070262776,0.229152580513621,0.175397571950097,-0.047831280909023,-0.2094196513062,-0.173169725268267,-0.0284023426484454,0.151614311681384,0.0930040799294002,0.470088867505322,0.407940702240645,0.365739444832382,0.575296272065489,0.469533047729707,0.786074490394079,0.703629978033198,0.168811012056192,0.150803253270209,0.116550056739579,0.102285951432336,-0.0135416300662852,-0.08442653520046,-0.183166033974907,-0.230119781483521,0.381586938259325,0.1448450019831,-0.0688191057979767,0.363768910385777,-0.214463947315546,-0.14423693855317,-0.348153015357621,0.26324250673846,-0.00221954105012279,0.105437128841007,-0.240271194681632,-0.318140881555466,-0.0792434500583994,-0.314584965541151,-0.280244988783443,-0.131898224569819,0.163313277320211,0.117646258794197,-0.0719199415619986,-0.246000866351339,-0.0361639899364384,-0.180097108544162,0.104386766219141,-0.148610148656295,-0.0174545744383858,0.0959773530338509,0.00754982767406529,0.079528372826273,0.100258616518828,0.122648246682317,-0.104171668377516,-0.171598322599366,0.00517698617496824,0.0638896512771533
0.186194509399885,0.433147869528725,0.373474598535807,0.276083977640738,0.608117620550636,0.57086776826979,0.345408130298284,0.690921804487521,0,0.106111393570462,0.216124766453241,0.00828678445778531,0.222973683487643,-0.240681377301433,-0.319301069994759,0.150124608942541,0.105650097713817,0.232241725816349,-0.0737631941939637,0.0327031308362645,-0.216417504475155,0.0999431213144873,-0.306501681535238,-0.0265726355163015,0.0224405715228108,-0.103450107561707,0.09712769845448,-0.0120454925477999,-0.132288253119258,-0.302231208880252,-0.0746038956883544,-0.297752823243525,-0.141062959767044,0.0633154215574882,0.196065607522232,0.0959568574479441,0.0116116194385854,0.0190582083594784,0.0760691465097594,0.134495197288106,0.223065982906902,0.0530672869054763,0.219694365847923,0.19448387942317,0.237218818906268,0.0774550089501045,-0.154709377271197,-0.0697959566692091,0.208637820883773,0.244731990019321,0.0861181571699919,0.384219159388358,0.214643234091333,0.305170469085134,0.635893443293054,0.649882727360321,0.578460038320661,0.786557463885903,0.0909591863915128,0.203228728159408,-0.00530525148164541,0.155857353815598,0.0424434859381111,-0.0775133681377233,-0.236600623781708,-0.333866272412516,0.364820764747083,0.206830363877559,-0.0954714795887466,0.289238273099858,-0.269312344290071,-0.00453657488879244,-0.307818283591969,0.158024892926322,-0.0549770986425101,-0.0238072165231527,-0.200674255152023,-0.398482697983471,-0.14989579427511,-0.353270250595209,-0.296863959448321,-0.0645450017221967,0.0615851860936907,0.157120561074793,-0.147772859086099,-0.238645416156012,-0.163867531686287,-0.246903855376658,0.132601745511913,-0.107646164160777,-0.08926999686915,0.125519595292441,-0.116893354558173,-0.0998234076544783,0.0564930782461176,0.0256256074794992,-0.0673017846612949,-0.11009184330626,0.223825032564173,0.139629522789613
0.217908887911621,0.218839097198008,-0.142238252926498,0.175794285661125,0.0999358217516008,0.258814293140637,0.345992032122752,0.173325137477844,0.106111393570462,0,0.0767205749821968,0.322483743408221,-0.138399712264295,-0.424343133552956,-0.380354781371136,0.16032454191406,-0.277601086282518,-0.355385069766303,-0.431265865996691,-0.271972329380097,-0.339762172784869,-0.299380297301674,-0.473459433731746,0.0974491134827694,0.578604012572721,0.0487604906794598,-0.0352136062918324,0.186091491309117,-0.204567174862511,-0.422561857299008,0.288373937861796,-0.0661011514427459,0.09392076032297,-0.448454781412074,-0.127636085685046,-0.0264130301074062,0.280154657115784,0.335021938307014,0.200559520677881,0.359028416884239,0.0411890553492651,0.333502552250431,0.141239063673457,0.348067463862394,0.250134693086634,-0.102792167258523,-0.426767248867979,-0.277833406199788,0.0353363952149013,-0.00591672035282862,0.139999509023816,0.205643460803902,0.241322802597406,0.215688608881431,0.173570104861626,0.0190132086413722,0.17972776878159,0.00754441731236803,0.75054635106898,0.215860384752626,0.0704703716548461,-0.0916419680782545,-0.320958911739828,-0.439672734799167,-0.387474008281608,-0.378616034654223,0.312528050086534,-0.184404816030269,-0.278670275049345,-0.284885454739467,-0.341356568326373,-0.230235816083838,-0.41590086976287,0.375959684788876,0.0928955779854499,0.418392894436356,-0.0602491722266148,-0.241838240628111,0.262880171002776,-0.088763826460491,-0.121028935380271,-0.0302551514582495,0.267704465102093,0.118748447222164,0.225638733813198,-0.33139799424143,0.172461928055819,0.0755963515698552,-0.0776458040383034,0.0104588675293748,0.117966572374321,0.324727660877072,0.346691541427578,0.469665377607648,0.269064054622268,0.417910692636968,-0.204769090316346,-0.181167546741888,0.0937006201403078,0.0516044256730675
0.264785871621446,-0.200752441524891,0.383734087935166,-0.337622439761696,-0.0616769166732104,-0.0219061748521027,-0.100093949155681,0.121885329607898,0.216124766453241,0.0767205749821968,0,0.430752088363267,0.371511125506054,0.13077383722356,0.125540100323392,-0.297942389824201,0.173090567949297,0.0841444580867946,0.124793483051638,0.0133974040196226,0.104035745634421,0.204327771961542,0.0705966989713527,0.319001862713011,-0.268624032950375,0.317701488164148,0.0349697785494559,0.185083924568226,0.0888559995498639,0.12483545080014,-0.262154005186467,-0.049749916616964,-0.256384919683024,0.094954645665195,0.207350190601705,0.069949863038194,0.0173769037025545,-0.0964227270625347,-0.0794599545990331,0.0737153251737196,0.402498528551555,-0.0794215288728219,0.14227633279458,0.207773742821028,0.211845373614934,0.292819982594347,0.213191863858211,0.204064513936168,0.0891051447702314,0.311184789369597,0.0519724182130852,0.161273696549071,-0.235551070541961,-0.0428934353335893,0.125515937426951,0.313325558873408,0.148890520277726,0.196366392527153,0.213354031353946,0.655513772768271,0.400511047349,0.202314191885656,0.160974943803163,0.154328232442507,0.00080739955272535,0.110450340996165,0.245152002694852,0.0939454330010114,0.0672891953023243,0.0323587079576076,0.0851483744443679,0.127034055538872,0.129399906316156,0.0636435436469506,0.0973135234828784,0.14927914813357,0.00270472201009965,-0.0639812541892932,-0.259052077460264,-0.0313575286196561,-0.0314724322663681,-0.0116985898669171,0.0014612584647908,0.199151694115063,-0.0537695755987506,0.154543393342136,-0.107671521048319,-0.182195800222557,0.155949347685628,0.273637242451352,-0.114985186241,-0.263561988226985,-0.142050313189548,-0.223039489196478,0.127348954763611,0.0723364776069041,0.170725628503297,0.178385054834277,0.0790144859221192,0.195524416783343
0.363187487386685,0.0455511736883726,0.244420263024344,-0.0587019853717851,-0.00159964513084654,-0.0468215578418449,0.256301788793564,0.099687703316047,0.00828678445778531,0.322483743408221,0.430752088363267,0,0.105390205740544,0.0643113486708197,0.136948128631477,-0.0113702591954235,0.0552299808567115,-0.213527323238687,-0.133715544575692,-0.229370781207013,-0.00355049752670131,-0.17111571174862,-0.0804089153782862,0.436682848067405,0.0685547873436228,0.533683160692151,-0.227994895086765,0.135380385084052,-0.0603893962981115,0.0725225803121919,-0.20449042303988,0.11412382521049,-0.0822324413379344,-0.226821084086938,-0.194503399198697,0.0622094578943562,0.350122926890057,-0.0660402478794822,-0.120161908519017,0.433063085271112,-0.00112573591923537,0.0312452316396839,-0.000850094400257758,0.129207772504592,-0.0249479884932786,-0.104197367091278,-0.087474938794029,-0.105613291430303,-0.218990621043385,-0.0779554170894625,0.255083515706599,0.33845190831719,0.0899357950033752,0.16935623631128,0.216303217708894,0.0778202573016785,0.149916020586308,-0.00228223431148552,0.446212899192738,0.505855616545997,0.74708975834242,0.0917556311621969,0.0745115174872076,0.117252282613929,0.116592113150669,0.135778431810709,0.322038762946379,0.0675413208734535,0.0228497637668944,-0.124175694072656,0.119873252352732,-0.0877248872941878,0.0303897090130129,0.370327295537325,0.36729182705984,0.655377470417042,0.0854764631703053,0.116821116049097,-0.136625429844249,0.0990724860109506,0.128319809415323,-0.229511802246356,0.0378492887415052,0.08530471816057,0.0236978418838995,0.0125561877163206,0.260278241500626,-0.0618361011420916,-0.0182111075476836,0.0172669651283598,-0.032968707061118,-0.1954265430401,0.101610067836219,0.170221366606335,0.275010976322615,0.150914025379276,-0.0880737151486895,-0.0843169820792291,-0.1749631067336,-0.0650607252545046
-0.171514793026572,-0.148361511762934,0.0505776076803527,-0.238788272012411,-0.0138086293452297,0.0712695569011282,-0.185751668720746,0.0888379263697226,0.222973683487643,-0.138399712264295,0.371511125506054,0.105390205740544,0,0.3261837127324,0.149533168250488,-0.295541921880666,0.521501885708345,0.383338533148228,0.407027668018951,0.27872594226327,0.295076907833361,0.38471652584623,0.143625797263135,0.29392004697956,-0.204535473434612,0.0871684881424949,0.159665407018296,0.118396106441679,0.265988009791126,0.224994238898076,-0.304711143615336,-0.148133058604494,-0.199971669817906,0.281306538556612,0.253888637443644,-0.00625558537783976,-0.200494241638252,-0.188467677844098,-0.0792737044980716,-0.0716452787433196,0.221312565564839,-0.058929112470096,-0.0329978438583616,-0.0210920574658027,-0.0638590982304751,0.232086536584689,0.23768960358238,0.207111772648696,0.0915103159672868,0.220551993217481,-0.255188625918521,-0.142542961576136,-0.254120427396867,-0.187532125103685,-0.0471370849677445,0.208799888535957,0.0322166080248498,0.221678768944709,-0.0810960135520011,0.500534701865902,0.196694130917952,0.74034763131483,0.527740354815147,0.281500021491442,0.149000906989308,0.134354634996411,-0.0259224049684153,0.36528926799862,0.209673553230618,0.266716923649675,0.128697758554144,0.253572542913896,0.131057241171604,0.00806139664559198,0.271736450559331,-0.17232785433887,0.109453811106965,0.222825728160605,-0.387611834003733,-0.128163674117204,0.0159055538876911,-0.00807887310139512,-0.300703596902406,0.0674123226069493,-0.00883380412383461,0.0947655398544476,-0.166915706732613,0.0348046511350816,0.160129690259571,0.0767431454918771,-0.0538123699658945,-0.127540803516573,-0.161020027803684,-0.280167839985183,-0.16829672399937,-0.106753654730652,0.180954794819837,0.149113050508578,0.0942637670876274,0.133882743335499
-0.201883784955294,-0.516226846148212,0.0174864176828163,-0.282215292140038,-0.261812499452329,-0.306699099880886,-0.325914330837459,-0.2564729980481,-0.240681377301433,-0.424343133552956,0.13077383722356,0.0643113486708197,0.3261837127324,0,0.807041270483527,-0.440374834584579,0.42567726561005,0.347670565638045,0.641855214202039,0.400167164462354,0.729440583354153,0.25126711841695,0.72902003614522,0.235273110992027,-0.49318041330707,0.0587431105516342,-0.0900904485988856,0.0254223799128285,0.49025938312571,0.661135751604814,-0.279488250538236,0.157458391638402,0.016518897705205,0.341387873112632,-0.0105356896933011,0.0407324707928008,0.00587564234594727,-0.369436805862079,-0.266714285087651,-0.296372416545628,0.00818128495812863,-0.199309614970194,-0.325890234726408,-0.145377064700975,-0.299991414348815,0.296678277330685,0.655947031113427,0.558513120278048,-0.104119938004919,0.0106229665148545,-0.207043371203337,-0.379529896465878,-0.304181932004211,-0.216282259750506,-0.286918178542709,-0.14475609228727,-0.210891477583049,-0.171761826253027,-0.385534062946512,0.135002653148552,0.2425236134789,0.229245685080295,0.602243298159963,0.753530530592933,0.720256660984541,0.744722754311031,-0.280333588114771,0.273607779435704,0.348510384858681,0.235694797642238,0.692485974934881,0.224596407124687,0.728587665422133,-0.259157054158098,0.172313158646119,-0.168461344681415,0.405143218667222,0.506738737167297,-0.247110731474757,0.180016407427826,0.287532707581902,0.0417426052211253,-0.331210364874687,-0.153009124746819,-0.0875376675938369,0.6025051515452,0.102612210050568,0.138988125474382,0.182165676562283,0.0488085310599433,-0.0553135985144458,-0.581464363924885,-0.226841801852461,-0.298716536651945,-0.347279817941588,-0.137539743404012,0.410010215601508,0.386633899393504,-0.0959236001430092,0.017921896431893
-0.142735586917293,-0.430699521134345,0.00921041729258092,-0.234044049530743,-0.285130195333861,-0.394783183017368,-0.239700670510243,-0.242221986284845,-0.319301069994759,-0.380354781371136,0.125540100323392,0.136948128631477,0.149533168250488,0.807041270483527,0,-0.356961109937418,0.291356407392605,0.255802255526689,0.501485086367392,0.354717371182803,0.709058797245519,0.0786413336519271,0.708964712327248,0.20183329244364,-0.42261064927122,0.0993619529093526,-0.197462613996997,-0.0160118272826821,0.459165867902659,0.677302137973589,-0.209879737414848,0.223945656795146,0.0409055418851018,0.202392841071893,-0.160137638018544,0.0699823583360337,0.11135040089143,-0.332261355938215,-0.287096443323953,-0.282622347849371,-0.160514256474986,-0.19139139797913,-0.397506837715615,-0.0961300666902023,-0.360801579332337,0.152730374786303,0.51933876202845,0.484452830355504,-0.144318603025671,-0.0974475903909166,-0.165328392651069,-0.245322379783182,-0.195533737859704,-0.124570767994947,-0.289722256520639,-0.236478261515073,-0.166351363178565,-0.236871224255166,-0.339075561990309,0.0819645586852913,0.281717176464432,0.142305691184573,0.548257402276589,0.734135032512197,0.788149954384608,0.875303077796815,-0.239044792387452,0.262975519375935,0.365559397592502,0.236363558343374,0.763699563771154,0.135273994870139,0.755778264945033,-0.185704408031904,0.177135742009447,-0.0923123123112714,0.460329017051607,0.557849858007505,-0.176758888374969,0.231317991664061,0.324213887639087,-0.00567374158006722,-0.337496608295747,-0.198306673380483,-0.109067315469008,0.573056710098327,0.192634348682285,0.106635867583654,0.132707085399542,-0.00581788563670765,-0.078756192258091,-0.596840615938482,-0.184746951853661,-0.200082420592449,-0.346579153258347,-0.0865871144716254,0.283133187788995,0.308563300265979,-0.129254849135877,-0.0542631169211309
0.255758334332822,0.547178495703938,-0.0264773912427548,0.528876452326564,0.348387708254237,0.254063342222947,0.542435246315941,0.296543891272782,0.150124608942541,0.16032454191406,-0.297942389824201,-0.0113702591954235,-0.295541921880666,-0.440374834584579,-0.356961109937418,0,-0.0918823432547682,-0.0882303254046319,-0.400415836470572,-0.251583966458145,-0.339412289133578,-0.185941649943962,-0.34005683851957,-0.0546099966358072,0.450038380108894,-0.0124174457247474,-0.324464620939806,-0.237287262707652,-0.257877286016343,-0.451979295225992,0.24044016729842,0.102231517740367,0.174082376028675,-0.168019969415908,-0.186075204454492,-0.0195492606833134,0.149796920408097,0.0697765165844821,0.0366688365936811,0.336975341606579,-0.332568717490145,0.0771405031573189,-0.0725533640213349,-0.149399806465018,-0.165483872155666,-0.596437355253307,-0.550093409652447,-0.503322833067563,-0.101776301228732,-0.290051068308946,0.389766699749077,0.457373246528048,0.602437910300733,0.375327224051803,0.33971943004463,0.0816141052724711,0.282874806247339,0.184210969918977,0.159419131095334,-0.220563155418885,-0.0115282220446324,-0.199156711725492,-0.270745331223694,-0.335846294424422,-0.221883633832958,-0.318286093111023,0.339973548995687,0.0552653912959324,-0.0877505561134077,-0.0487582234113524,-0.262503444301186,-0.159872335772672,-0.313940511998736,0.356332337766031,0.0370683209962998,0.257221876813641,-0.112669234271365,-0.209021288986755,0.268780934846139,0.0295850209727261,-0.0593930378317339,-0.269270798273121,0.0279754160836889,0.0291145017239276,-0.0298824620107497,-0.459085634896762,0.154007493445625,-0.127423745944879,-0.170223741362519,-0.314938120655361,0.0828263980687562,0.345281769409419,0.140926950500374,0.28209499817023,0.059076803562838,-0.0279889378485128,-0.580972889243969,-0.467131624435191,-0.0109524876045097,-0.201344769257274
-0.129596025278014,-0.186294855416241,0.0151440749564129,-0.252024397853729,-0.0991895118947443,-0.0399322325167703,-0.133534587858149,-0.0171035065784929,0.105650097713817,-0.277601086282518,0.173090567949297,0.0552299808567115,0.521501885708345,0.42567726561005,0.291356407392605,-0.0918823432547682,0,0.612584378978889,0.605675050852098,0.466105212569399,0.546552822148412,0.548108972752892,0.395269573273211,0.547992166049007,-0.149209125095801,0.121487021853857,-0.0534121906759456,0.161080502989927,0.530647642052646,0.21675373698801,-0.395052800605854,-0.0675473357359733,-0.153298507644954,0.502725149284502,0.286096018556937,0.117227204076752,-0.146797195925489,-0.386493636089015,-0.470857194691693,-0.0972659718543259,0.130290765891852,-0.23155412784912,-0.305709219423519,-0.304158190213132,-0.292699678298969,0.0111362912782786,0.175189096133117,0.147201533528815,0.00557170893368056,0.00430767861490828,-0.258254979299841,-0.139761632033966,-0.210043224973554,-0.235769202635768,-0.0785067958336319,0.0765473144714658,-0.0770512535442794,0.195697855641602,-0.219365885488236,0.257971555545595,0.24174607563714,0.371065070747294,0.518070621781414,0.391269315662453,0.43125256710078,0.243301121909539,0.14694021817316,0.575777898830155,0.509349011282338,0.346624924911433,0.425412825024061,0.456107440210366,0.429198641931826,0.010135933583233,0.422328259696535,-0.00894072778436819,0.43002080948516,0.379294807150752,-0.374759263582895,-0.117613172108945,0.425139581761363,-0.233344952205067,-0.513376353846298,0.223555203744059,0.098740640992467,0.123714589901261,-0.0785745670074496,0.00181707804995843,0.232336071892282,-0.00906444228643885,-0.100817724706523,-0.160291363019296,-0.232140246232044,-0.318450567218541,-0.231557763572298,-0.300824575641971,0.101831769541661,-0.00778349466290489,0.0678467262665534,-0.0251504658696293
-0.180221898891729,-0.12528227872928,0.0444701720859893,-0.247050996306842,-0.0628322368264315,0.013310274970344,-0.164919557402547,0.184719347558411,0.232241725816349,-0.355385069766303,0.0841444580867946,-0.213527323238687,0.383338533148228,0.347670565638045,0.255802255526689,-0.0882303254046319,0.612584378978889,0,0.524922526706611,0.636381420119984,0.564816469892047,0.55457072946489,0.399705739723311,0.36872474959658,-0.165587892680693,-0.0131840060946011,0.0652782428142981,0.0818836791976916,0.529040083413121,0.205192843388458,-0.422718375374107,-0.368709363443221,-0.269734990721793,0.680533143190481,0.413067524886435,0.275532052037801,-0.16658804178055,-0.393256185711171,-0.392791607349733,-0.23605281632404,0.183815452777854,-0.127173467747501,-0.279888573861853,-0.276471796712055,-0.169354130757745,0.0361536881020033,0.186008364024922,0.254602028748068,0.107172160266884,0.0861341285548118,-0.371933045478279,-0.183964638885514,-0.174641192972758,-0.278160150452201,-0.0476043262705673,0.0995128847043722,0.0709479456084947,0.278679141591089,-0.342570549207178,0.0619642601245369,-0.0120540158141916,0.228139669195391,0.469398906671365,0.321506651870803,0.376209957185863,0.202095438219019,0.0610916249268078,0.481280060929861,0.596500104123785,0.671830863106358,0.448878832080062,0.466210290865506,0.400587867604397,-0.0897047304628662,0.152226771734519,-0.173089775863832,0.366986448364261,0.267348760400563,-0.385993065720243,-0.319157100331549,0.339876170128581,-0.0436408664539378,-0.297905323689062,0.358833465795285,0.179214806273615,0.204122118179945,-0.103552012341369,0.0814872958589116,0.433760439428691,0.0204851331898093,-0.116410890186653,-0.1549233009463,-0.297673907964106,-0.294466521566776,-0.274247795763873,-0.268485329990499,0.190285643517029,0.173224287134575,0.172657707481058,0.0724725911677235
-0.251807803869103,-0.368106754043426,0.0324936291620154,-0.337028046270821,-0.204772572110987,-0.18480773799564,-0.364712562713169,-0.211706985096488,-0.0737631941939637,-0.431265865996691,0.124793483051638,-0.133715544575692,0.407027668018951,0.641855214202039,0.501485086367392,-0.400415836470572,0.605675050852098,0.524922526706611,0,0.576067418693011,0.651335713752191,0.44270359480876,0.545979892870348,0.317856436252882,-0.395376442925098,-0.019971233399112,0.0102647115378403,0.105404152901044,0.61961035623688,0.424239644138824,-0.326801093849747,-0.0335750589459099,-0.106708575404717,0.497493671708143,0.215598095231407,0.0777289703731151,-0.215389676913287,-0.279020454441324,-0.347509658230811,-0.354634756481666,0.128270071594181,-0.236107145754562,-0.300263284583769,-0.217945980854068,-0.235471629573038,0.229123057670932,0.458144606672337,0.387073650428741,0.0749304809839957,0.109973568069965,-0.350776606224497,-0.34138973008512,-0.416326327647153,-0.338173714454009,-0.236867230749593,-0.0268907894098348,-0.225086815199066,0.00465101042453471,-0.429775366844837,0.150879096542768,0.0894535295283291,0.274641568869388,0.536189467475981,0.550685791935555,0.528178681053513,0.440396427376356,-0.173003251731396,0.403359244139326,0.437881809575201,0.315422267489514,0.534439605465769,0.382134660189727,0.560572214909237,-0.220201495022845,0.243585971856992,-0.28261611453886,0.468132587008714,0.385697854245383,-0.320694344939846,0.0137539001541575,0.380500973973475,-0.0141852142252166,-0.419595023351952,0.0388831879423633,-0.0100057831320461,0.391410003630717,-0.112620407100071,0.0528649813679371,0.331459039626437,0.135784020146686,-0.0775584215316907,-0.287642437467685,-0.218367600089521,-0.35974443593304,-0.330673836454886,-0.237762180811177,0.30639105480344,0.242484055770889,0.0866366909963612,0.0717330185497561
-0.132106354689824,-0.277588282764892,-0.00832015830029658,-0.269090414646727,-0.121832724715762,-0.0406157316383324,-0.252419528864713,-0.0675268245340553,0.0327031308362645,-0.271972329380097,0.0133974040196226,-0.229370781207013,0.27872594226327,0.400167164462354,0.354717371182803,-0.251583966458145,0.466105212569399,0.636381420119984,0.576067418693011,0,0.649336581395338,0.315740023231529,0.489643456522147,0.240581818701572,-0.241620109422001,-0.197699389308227,0.0240383350608373,0.0946565640882346,0.638888863296969,0.1945234355597,-0.305710066088966,-0.207536136891339,-0.184723031298847,0.4806002347092,0.282140788300061,0.193537684414539,-0.0518952399417445,-0.239416435899711,-0.407601461162363,-0.335843055879178,0.269089229423662,-0.167738687559036,-0.385827713643689,-0.086500179111398,-0.0916245806449111,0.14344507796569,0.257159399435766,0.466411394272566,0.25445303319057,0.181033495914608,-0.342077850832792,-0.272431693722327,-0.300467853604607,-0.246783587273892,-0.18242168553542,-0.0210897369260452,-0.176031706122069,0.0890353266012574,-0.290649315843999,0.00582630919337111,-0.0420089337852574,0.170188295770975,0.414688628474049,0.393278381625606,0.44697607201057,0.297851136047415,0.0151850038724414,0.388107282300778,0.459272587880472,0.451603931695813,0.540788624112843,0.324662289694816,0.486066305934876,-0.141140486425115,0.0847480876970902,-0.198362038624471,0.468813138684278,0.263732435843946,-0.326269241040885,-0.165334422672532,0.366686147881673,0.0999543500355922,-0.321244321187559,0.140343881486784,0.111363178953527,0.266594393453816,-0.0113171104253321,0.0650712495819049,0.485384930895024,0.22028197050961,-0.146163777351846,-0.208180014216315,-0.224668254898008,-0.277687047456962,-0.324456465806008,-0.092144110905239,0.260214603979738,0.287727338457338,0.255297098335247,0.206025485202129
-0.174264931965375,-0.455057846851496,0.00895774160054872,-0.35863051499651,-0.296661995887364,-0.279965639202038,-0.305398197847481,-0.223123856579582,-0.216417504475155,-0.339762172784869,0.104035745634421,-0.00355049752670131,0.295076907833361,0.729440583354153,0.709058797245519,-0.339412289133578,0.546552822148412,0.564816469892047,0.651335713752191,0.649336581395338,0,0.375422906043604,0.763883582610194,0.364337271808143,-0.35953034745416,0.0691411136176824,-0.0649835174363979,0.096466375062895,0.613664210198553,0.583084493671913,-0.334285797890602,0.0142754151078147,-0.093131697713403,0.483343298625244,0.171613235258328,0.0803262563035185,-0.0305629122798935,-0.418632788057178,-0.399217666363695,-0.257046105522657,0.0183727145088679,-0.17837313269792,-0.35198638602239,-0.240103117677057,-0.271177510463632,0.162060583859771,0.501684662034019,0.529913590683285,-0.0914343125989821,-0.0797885054937338,-0.312826562576385,-0.335789504045724,-0.332481718403037,-0.302664426360184,-0.279631757996197,-0.177950719904337,-0.239862200585884,-0.119437132911563,-0.327959283862971,0.0691870942414306,0.187118710541552,0.208876555554851,0.586966852263345,0.645263934777884,0.750950674592288,0.639906112499338,-0.13794804892918,0.436003848341127,0.529269706026735,0.371715680689857,0.799903177993071,0.318775152352534,0.780111249782155,-0.154673762633532,0.174166053705444,-0.0907599294590586,0.510362655957076,0.537018737472525,-0.305407496725298,0.0461678032791472,0.444536148197369,-0.101395146544477,-0.433141834487372,0.0495155284091124,0.0827551678861145,0.47585102072214,0.0182961424590468,0.109344727929587,0.227066274013117,0.049489747839751,-0.145774479274509,-0.471414515057841,-0.233626622001795,-0.296810105585781,-0.281963924164679,-0.240823358306035,0.337736351127737,0.309765205095069,-0.0679654090311742,-0.082357384026398
