0,-0.0296967751192987,0.212478038318285,0.0217790565618504,-0.339619877913334,0.227526674008062,0.0621885620500559,0.0762010136019281,-0.132117559860649,-0.0134463677713787,-0.0654319355859691,-0.0405996529855993,0.110243671253139,0.144713065082636,0.152269913854407,0.169322371722438,0.178854669125097,-0.0184001699355778,0.122380921256163,0.0619725587264466,0.295548912746587,0.0672062233965488,-0.186035963964026,-0.00139541603506527,0.241522710216836,0.190080898118207,0.0413538879483413,-0.0153830581664258,0.235102268588478,-0.121179065112047,0.10124710805879,0.149214524251122,0.0682709326368184,0.00254165808655289,0.0376075380348626,-0.0786694006113945,0.0522812328605904,0.272143237898919,-0.15922320971912,0.00707645766926844,-0.0982434106415917,0.249110911868769,0.0635320131904993,0.103352522864501,-0.00621631676082246,-0.0813013853131444,-0.126214034558519,-0.0444673915086288,0.254210777773936,0.163741788630934,0.483591372217902,0.16013221174766,0.0629981302114714,-0.399542032809654,-0.23135737197059,0.254997778545652,-0.0953273227569451,-0.122731305000204,-0.209097519821864,0.0719780786691035,-0.0502701522505677,0.0793703330381939,-0.0891657852416262,-0.0369670055786982,0.12837956483619,0.049689568437841,-0.156170525721251,0.144194706441328,0.129440511106918,-0.0580170554026542,0.163728666884767,-0.0333264550083917,-0.167917475629532,-0.142200296356316,-0.112757919131152,0.260570206615667,0.107062400610916,-0.126534916247133,-0.0646411283095742,-0.0298908146442358,0.0706566526752522,-0.0278572305310167,0.0780922258883504,0.0659676186293019,0.0357697315485534,-0.161372052272151,0.0455441790746006,0.0613760016549571,0.0179328459010322,0.036692712596103,0.0949457071256229,0.240839389657632,-0.102097470532977,0.240993586214562,0.0319139009224614,0.0899349507459488,-0.0829475463968002,-0.0565219211713989,0.194153602226362,0.187781553544193
-0.0296967751192987,0,0.309287111556684,0.670687782724343,0.134915955041471,0.439234416512822,0.375352505627689,0.655879298092216,0.476543202276824,0.0211913941950407,-0.0564517725731362,0.0794305417798083,-0.054449225789121,-0.145524824699244,-0.170498311523068,0.475719054049369,-0.158320713886283,0.34774593484461,-0.19622641313354,-0.0602368773636554,0.00757480577477966,-0.307936122190534,-0.273364100039741,-0.10399163028067,-0.0393298129562533,-0.0256463388226384,-0.152213245933243,-0.173850467985738,-0.026661887572092,-0.275267853824455,0.000541973957373847,-0.154093261764727,-0.0265101217199349,-0.214473281583372,-0.265197274217372,0.124924202916534,-0.143362974524609,0.0140614415321891,-0.0570785861791664,0.0539838880101926,-0.182164006858287,-0.0679209343582722,-0.0388811968123143,0.131879443159549,-0.0851100226807469,-0.187694484211355,-0.404887136410989,-0.23780448278935,0.272877866395986,0.0678681289798484,0.22559685590557,0.659168684783919,0.43811178568296,0.164721457555421,0.380447411363334,0.267676703422892,0.468677127387217,0.617525997124243,-0.0830507260023169,0.0810878285370643,-0.00583888264688469,-0.0486246229966028,-0.287116589448397,-0.253512942167331,-0.150498641488193,-0.200885382064974,-0.0997526898114159,-0.137843927038,-0.220494550309699,0.144024154565865,-0.0484194769135346,-0.316760133217533,-0.304943613270731,0.112209348243542,-0.018767571823222,0.0659902925977369,-0.134342080174531,-0.105284039774062,0.0397097160029458,-0.200347007473296,-0.26397573998391,-0.287086647633914,-0.0856203213019138,-0.00063306592091501,-0.177916018913852,-0.398619793381117,-0.0643134235740282,-0.0385314892664321,0.166243575463126,-0.114173500040926,-0.0795103334148909,-0.0261851798197044,0.183001475693673,0.0641141502348207,0.101946873206804,0.141119903490157,-0.0445024148828389,-0.26284525791451,0.230167971999542,0.196017463356529
0.212478038318285,0.309287111556684,0,0.28234099785938,0.0957624225928067,0.334153119774922,0.175043508306811,0.309965624699136,0.321574862490293,0.0977260341990864,0.01004739583967,0.151268319759951,0.114021372913804,-0.0926812906927392,-0.126293503211633,0.105772529741522,0.264353928100501,0.298253688962873,0.189499312557903,0.103044376191006,0.0437030025595413,-0.0470983925915341,-0.0646286870548074,0.135189681135188,0.0828760968602339,-0.0493475449672699,-0.0457776392483736,-0.12276096087672,0.0383407186852244,-0.0468271131638268,-0.0306687741576126,0.0994468626235214,-0.0480181607376061,-0.054547408677698,-0.086947300316849,-0.118141648336803,-0.0760151419667536,0.0514236974787693,-0.224622337980501,-0.0595126908209881,-0.147410629449212,0.22566978871745,0.0654473145517047,-0.022544189283663,-0.101772800107585,-0.0793320040103567,-0.0394812507164706,0.0305714026223862,0.19265064165023,-0.0362795152388399,0.269535538081184,0.354993111408116,0.217904133471554,-0.0565021067042508,0.256435532434655,0.3500193503371,0.235856472339993,0.372126494158717,0.0263499606474287,0.140055825321714,0.0946144351925695,0.181642866872069,-0.0471242204702642,-0.116548038484962,0.00704492620624313,-0.120670238908441,-0.194825506233995,0.212924207871511,0.00513460852525051,0.0812279532218894,0.104732198880383,-0.0590455086746962,0.021073415224187,0.0440533252087095,0.119683295057053,0.0369458337462211,0.0544649634207815,-0.0315557543037486,-0.0868740178900417,0.0730986616458004,-0.103326978181575,-0.240135126614076,-0.124991404632036,-0.059920796282939,-0.0835608701094675,-0.167966563826111,-0.13969085424593,-0.175835145624798,-0.099601008155939,-0.183626173498112,-0.19264386518036,0.105942834322183,-0.0862365449221173,0.0252788256450835,-0.0443519035273737,-0.0656960046200502,-0.054895488651686,0.0431109137089741,0.157272322146192,-0.0413863195870521
0.0217790565618504,0.670687782724343,0.28234099785938,0,-0.0221055199490561,0.320917226947659,0.321124138182357,0.622260404336747,0.367598548701426,-0.0917056653018152,-0.153738771498135,-0.0272001449713066,-0.018338352274871,-0.0496551188413265,-0.0325241816717299,0.380456290816971,-0.0855631881400054,0.340203344515567,-0.149824052706744,0.0018037538787964,0.146990047660415,-0.243937051786832,-0.142550900080288,-0.114668672823417,-0.103008197941235,-0.000265195597979678,0.0659619903269216,-0.128521341960668,-0.0114368723117695,-0.122516871983567,0.0469358137559708,-0.173784831601805,-0.00422440697501436,-0.174169078552109,-0.176626239878399,0.0730457981322922,-0.225554318208213,-0.0504115596817036,-0.160140347184055,-0.0068413110884871,-0.249288156672799,-0.0569676983865301,-0.0665431082564913,0.128196341355886,-0.0757410655020858,-0.0370467514301374,-0.280526338055487,-0.0949638619546826,0.195827799238941,0.024792157903866,0.223982652924025,0.588154938673815,0.474278632349453,0.343841688657334,0.196282801922275,0.260138742747712,0.533048697268897,0.492677840623382,-0.225966931658023,-0.0632678350748309,-0.102852585906797,-0.0646640834848121,-0.244137966900102,-0.190330504890853,-0.0691344229949166,-0.0749732958906153,-0.0885087290823534,-0.115671661825373,-0.187330267595614,0.117252216725809,0.0829277809988577,-0.263622696015707,-0.158360310076576,-0.0236573719823223,-0.107567102589612,0.0141558933148354,-0.154828381282099,-0.0351941980289522,0.0770876925605086,-0.187686013041396,-0.22350154717478,-0.296268317492373,-0.0799072524341274,0.0448862397100395,0.00760084067510069,-0.310169120664199,-0.121895103209069,-0.0375164955642219,0.0811799004482756,-0.184498640928998,-0.155857042962403,-0.208526204832302,0.0504821226412478,0.00231767350197645,0.0658867099241593,0.134194784056905,0.0316582896977318,-0.0877158724011853,0.126406019058587,0.150666780687958
-0.339619877913334,0.134915955041471,0.0957624225928067,-0.0221055199490561,0,-0.0926928292690585,-0.126532264216926,-0.0678013345948234,0.114999061562216,0.0906622027402113,0.0539233822790807,0.00410006261582401,-0.24282555380123,-0.24675819506686,-0.253612771212009,0.0541748309876045,-0.101519192624755,0.0715479919740441,-0.0843540882450164,0.0565823332395813,-0.320358471209233,0.00556834818033013,0.19296667438417,0.0521378165987891,-0.225222286436983,-0.232201636569742,-0.258207458998434,-0.112080499686455,-0.15306631942059,0.103130691032539,-0.176548863252867,-0.00830977313995276,0.04999490829861,0.148251905565855,-0.108776053846279,0.115353102765432,0.14100315527272,-0.246746014865277,-0.0553065630152487,-0.0602715855620474,0.288416788250143,-0.230636432785188,-0.162888586705478,-0.264724219578865,-0.259469220289119,-0.190598892379567,0.107637832791648,0.0992660096546221,-0.155852029479228,-0.0886094136818812,-0.20180342027648,-0.120867447534827,-0.0418703301008741,0.23151057924841,0.536299344568119,-0.342308007597668,-0.100319461701299,0.1122843862303,0.182000234828541,0.0534042194780508,-0.0648368259835692,-0.218526792521529,-0.103933496358083,-0.144143366702982,-0.263533470823844,-0.154232902819066,-0.0209366376780627,-0.223715731512682,-0.141044541860599,0.0338975033459307,-0.166916627148644,-0.151398660517636,0.233831134395511,0.0381211474401735,0.00847127575218923,-0.273333393932708,-0.0580632194298243,0.0495564281361807,-0.103972862941289,-0.0402180487906909,-0.211249899013556,0.0452653519050646,-0.238453206476707,-0.227680705417089,-0.258435100633207,0.0848272309971429,0.0515430521359942,-0.137077849010333,0.0923654932838465,-0.0986704604011687,-0.152501390819312,-0.0693295188233874,-0.153884976716028,-0.330524745628413,-0.173371934661126,-0.291125970601539,-0.194815387761578,-0.0228262853894499,-0.0729090239697771,-0.187991745394026
0.227526674008062,0.439234416512822,0.334153119774922,0.320917226947659,-0.0926928292690585,0,0.327452403472555,0.409226593612156,0.470029967674942,0.0252201255905135,0.0458187405044523,0.213211341997266,0.148171332382906,0.0222881372073951,0.00152091500917527,0.322752165614297,-0.0396800293897861,0.226178889476941,-0.0367937172862972,-0.0925320252747938,0.152597177908044,-0.226052844714878,-0.206653691166969,-0.0652112303648505,0.164835477091212,0.20353933500385,-0.0118920044024454,-0.0506772547210776,0.0340861700121458,-0.128001261953713,0.0101708537847724,-0.127422329102853,0.0247095934368757,-0.176816965670097,-0.148415184173255,-0.0492136085069666,-0.217089226806467,0.111782815175069,-0.0390980781986104,0.181625632647936,-0.212186034448828,0.0882937510240002,0.108368977498528,0.17786573326427,0.00914415494142987,-0.12637088108123,-0.341374396174009,-0.181833813164058,0.408823444076971,0.137636634208787,0.264080179716586,0.414849273160598,0.241832545876898,-0.00551558354916807,0.294772403161123,0.564313044769957,0.219865992731488,0.470724698417629,-0.080532981504358,0.181031720264942,0.145919647354617,0.179713425625654,-0.133764115513048,-0.0761588908470103,-0.0275928590150193,-0.0255026754966773,-0.147959787878682,0.0634295324904616,-0.0314009616411097,0.0695622139524864,0.0306994707821274,-0.202669159992016,-0.3315181840304,0.105499052442313,0.0148069115060508,0.275873060915896,-0.162160509454751,-0.0548639565418816,0.0534500776659076,-0.188537647056494,-0.184517967351807,-0.250584610882892,-0.000638452420462958,-0.0221273521206376,-0.0273844885019711,-0.387453398166638,-0.125664661744137,0.0583184077145792,0.00553437743638946,-0.127627519518062,0.000206887391547481,0.131625430883541,0.158331807185593,0.184394327347835,0.118669606334945,0.151270107727001,-0.0920421877239729,-0.186797456308814,0.327546482508189,0.182722675311878
0.0621885620500559,0.375352505627689,0.175043508306811,0.321124138182357,-0.126532264216926,0.327452403472555,0,0.437989442277767,0.400692729213657,0.0585170316021281,0.104265098828625,0.16913569297028,-0.0513542381206117,-0.110509909726078,-0.119680117460071,0.486488544528582,-0.079595179723839,0.308341781345244,-0.165081669134124,0.114536986944368,0.050622564859229,-0.186655696008365,-0.242166581926399,0.165277150036122,0.0948089898065841,0.0350236162532171,-0.0161277486078002,-0.0520976536562679,-0.0207933209183843,-0.261423861551188,0.0666798331194411,-0.11523589998169,0.0481511930731899,-0.0695370928934567,-0.0828445839716637,0.24495531159311,-0.208769707876246,0.0791037025084047,0.156801284566151,0.383754471157244,0.103855766236977,-0.124220727470113,0.0103883296965965,0.0327697897400985,-0.0100095677426639,-0.14082790937683,-0.27968142648163,-0.149984112714262,0.32265379803915,0.174105096806723,0.211128402977513,0.420288505422145,0.45881366528702,0.0967788943195088,0.248782751135594,0.273935353279558,0.389033973661861,0.374267591944908,-0.0340484306043313,0.0612043646148348,0.0563731407111357,-0.0517402964792383,-0.243460397843796,-0.158106415263797,-0.0632820305042783,-0.151364335054767,0.335231423834005,-0.121344338170124,-0.114668613007095,0.183960631597497,-0.00317689748570437,-0.175427747494871,-0.327157223710611,0.268224425532673,0.125783592103883,0.0652426687674954,-0.0609870298730796,-0.158981576360077,0.0976724188401571,-0.160823168423879,-0.0973553930338,-0.0772058063001508,-0.0700123146417731,0.0666513136019182,-0.0601296905977125,-0.308808806150958,-0.0813237104158465,-0.000733779902359679,0.238306176297528,0.0104355441358978,-0.00203914619072699,-0.0237454838969253,0.25302696711198,-0.0710329989851919,0.0407077148819408,-0.00834656638189273,-0.0802192011923967,-0.171557594141221,0.332920166571292,0.199387732268374
0.0762010136019281,0.655879298092216,0.309965624699136,0.622260404336747,-0.0678013345948234,0.409226593612156,0.437989442277767,0,0.535905587067532,0.111082626850961,-0.0210078348688669,0.147837297710351,0.033724657099753,-0.132641586727501,-0.14199471417831,0.506943918687403,-0.0164103237854256,0.532034132566623,-0.130551354267511,0.00623501276317071,0.0786074191562147,-0.301938739217828,-0.354184883823679,-0.0562115370407512,0.0774560724379533,0.041671190623475,-0.0217655434157289,-0.161160455641048,-0.024808666206642,-0.30278673590834,0.00225038094167002,-0.158106964659296,-0.105838123276157,-0.216082394189796,-0.219232570965998,0.0785974115967708,-0.261798029097719,0.126211635285134,-0.0169817628003816,0.0728488892623052,-0.269361008020314,0.0486547712887862,0.0924825722429516,0.165661018423336,0.00195179415475697,-0.0933026110748975,-0.376077345404531,-0.206921293310378,0.316422113754285,0.102653568759767,0.377790725497003,0.729869046235732,0.522815831733967,0.015112941678402,0.265597366124067,0.340888578800216,0.639519855312359,0.678562100149985,-0.049161602417164,0.102986086423769,0.0599939104048222,0.116031524507068,-0.250784189017965,-0.202955957658703,-0.0905287252761502,-0.183052896210832,-0.16452498364999,0.00725287068883766,-0.131782392713537,0.273750478047097,0.0753589645118825,-0.295648031503184,-0.332186865370881,0.141882106373802,0.069779643478457,0.0903005606498163,-0.145378489942786,-0.162745628928285,0.0415300871351025,-0.212496980958748,-0.228274636829235,-0.326346650999212,-0.0656198730539564,0.0560024350044013,-0.126686671443099,-0.449049869952359,-0.214685434331371,-0.0503488651755255,0.0872145453999086,-0.158117470839802,-0.0989532508594567,0.0627925256544039,0.218224073484756,0.194989444003474,0.120942548647818,0.117479469031899,-0.0103932857990063,-0.223396423383255,0.217974741836521,0.159016449660534
-0.132117559860649,0.476543202276824,0.321574862490293,0.367598548701426,0.114999061562216,0.470029967674942,0.400692729213657,0.535905587067532,0,0.141175899487648,0.00709794171828483,0.169716804903577,-0.088389680844912,-0.224909779284405,-0.238141147950826,0.293863828751094,-0.0905074736572188,0.379712626567146,-0.130639188619092,-0.0590111826142436,-0.0571168916484996,-0.276834302413286,-0.24873482895751,-0.12232058226645,0.0328783867238575,-0.0494652784246223,-0.0987619606710217,-0.176737700040429,-0.181686222747674,-0.164939858072657,0.0166305970588129,-0.113753939313198,0.037515872911155,-0.132940790309596,-0.159118371089046,0.143307150219213,-0.198231404533058,0.108525754914139,0.177194243201644,0.216297877440412,-0.0505702974903642,-0.0264993911159381,0.0996830845720401,0.0950598387402525,-0.0175292343146499,-0.0812354688313576,-0.278002246489799,-0.168296380150208,0.309537563690102,0.0950425234778092,0.126526380261452,0.408045151083209,0.329982520769893,0.15115484771752,0.37758056928518,0.392748774846628,0.424053182567639,0.666672638437047,0.0845360453850062,0.0567179249855209,0.0285233432862427,-0.0109405366516755,-0.260263931457252,-0.129367748403508,-0.204893062313615,-0.213771049640546,-0.0206392608199621,-0.0297159032498177,-0.212163169372707,0.206891940472648,-0.0720597093510558,-0.346916247164156,-0.275883856395629,0.156799775603578,0.0316414729034125,-0.0338218433367964,-0.275567060468892,-0.134899205314485,0.0601268408563363,-0.101929221623354,-0.340426052196374,-0.240868286939517,-0.143054449412638,-0.117068714743977,-0.217194600834178,-0.384822582860923,-0.213850172372577,-0.157440065450655,0.00918117176840727,-0.179180791286651,-0.133220088237343,0.0328518400963939,0.23312396013652,-0.0135265078787619,0.0355988026348053,0.00804985800408379,-0.0492831325849807,-0.185762438950838,0.198833882831345,0.030226547950062
-0.0134463677713787,0.0211913941950407,0.0977260341990864,-0.0917056653018152,0.0906622027402113,0.0252201255905135,0.0585170316021281,0.111082626850961,0.141175899487648,0,0.40484134470102,0.292275810739721,0.0267500339925699,-0.0294620344442256,-0.106468884601,0.0041605913485534,0.0676764787532061,0.102028099053117,0.0293544131973886,0.0225507420398093,-0.0986634581164163,-0.138619573602099,-0.0854348420007692,0.224506980348224,0.382438658622645,-0.0201378841630782,-0.106042009572635,-0.0328024914679361,0.0015051486980548,-0.1758695797884,-0.0633769331497564,0.214190676614321,-0.154199103519315,-0.20237118792048,-0.220031492942658,-0.0633586021437747,-0.158087412156238,0.261523283161446,0.118346699048192,-0.0318194699421181,-0.10141381106638,0.0958215818489277,-0.0413984612408303,-0.0574063978505024,-0.103330805216904,-0.107525901798899,-0.104387125391907,-0.000606075469290357,-0.0396549046188283,-0.0317262212648027,0.0919617724159929,0.0659623319226949,-0.0177883495522305,-0.130332765990803,0.225044919915064,0.0550543860394987,0.0664964211090466,0.135064942334924,0.688483624063399,0.361563985309192,0.185557213804525,0.103698277555042,-0.0944383615244417,-0.0515356144123832,-0.0937803632833056,-0.0933355169531422,-0.0974979662630421,0.00908127214387431,-0.14841925203514,-0.0649414452475022,-0.0505910835067221,-0.0897875174024098,-0.00700139167481053,0.261573976356477,0.338046110153805,0.0741272330924561,-0.0156951305851511,0.0393135497468568,0.0546500222537694,0.162319599746803,-0.183172871039928,-0.220197229687057,-0.149928454179451,-0.144408311592592,-0.105845125928116,-0.151285417680446,-0.100907875709744,0.0549571879245054,0.0278819149279498,-0.0457334830856252,0.0118846055704546,0.395698220347115,0.295836900990619,0.126270637414417,0.0179530610348808,-0.0478356966502253,-0.00386820418111243,0.0238799289658182,-0.110522493975651,0.0296212029259438
-0.0654319355859691,-0.0564517725731362,0.01004739583967,-0.153738771498135,0.0539233822790807,0.0458187405044523,0.104265098828625,-0.0210078348688669,0.00709794171828483,0.40484134470102,0,0.542875612247353,0.262034748902037,0.153804561447891,0.0881690771864139,0.0286553241388673,0.059630078379455,0.0772707941369149,0.0759877001518029,0.0853005685318669,-0.050730316613202,0.00810983571234344,0.104109942817858,0.478344031488797,0.386505860441976,0.218357454521015,-0.0297269302458647,0.136182198348937,0.122600278359482,-0.0112673175443799,-0.142882949152259,0.167507056721307,-0.267095125427881,-0.0340968926415544,-0.0796055478189071,0.106335248630798,0.0402931802517855,0.031639327557729,0.125757670770166,0.0778417993331816,0.0264213752223472,0.101678376640914,-0.0133726380328226,-0.118958555792111,-0.106966107747791,-0.0314457381905016,-0.0196672668766033,0.077891214172894,0.0157746587800881,0.0751869316632971,-0.00514757811485746,-0.00073432513302671,-0.0986990611808003,-0.127914393429828,0.188901740853254,-0.0497999623514428,-0.0338655885510708,0.0708190716838152,0.464988167243692,0.544106178687686,0.525574805655593,0.303483681026108,0.216995980604066,0.175622276816176,0.118422269440143,0.109821850912841,0.0291268496949014,0.0883894986397377,0.0432068640766429,-0.151472815726786,-0.0260735806620217,0.107463562817336,0.0669827060859105,0.189979676153668,0.515091447490007,0.281002922796672,0.199952313862662,0.19789261492366,-0.0899942190740486,0.0373268757436486,0.0744408763657175,-0.184322139239868,-0.228314695194414,-0.0731156955026094,-0.0796148818020273,-0.059972934552361,0.0682567642136526,0.08077527302514,0.104901094253353,-0.0758023732221721,-0.115286270698003,0.145980273353901,0.157478765488616,0.0393420841512717,-0.00286301412825375,-0.118724953006664,-0.0250134400932241,-0.02494894301812,0.0306792165394684,0.049685103957652
-0.0405996529855993,0.0794305417798083,0.151268319759951,-0.0272001449713066,0.00410006261582401,0.213211341997266,0.16913569297028,0.147837297710351,0.169716804903577,0.292275810739721,0.542875612247353,0,0.404045201156875,0.102262097100835,0.0432078275290929,0.14564584221713,0.29228050656449,0.324992474598211,0.231999749853324,0.190846797341631,0.0494477828266213,0.047826602927287,0.160610547740093,0.547897033503683,0.422449621189637,0.341058601536678,0.0568483710204724,0.0667381335731753,0.111431864994446,0.0538628174849167,-0.0933125722212451,0.00500384210775582,-0.158496357277015,0.0836050748676734,-0.0749499653724522,0.0407154906664112,-0.170326391629861,0.0335418959769788,-0.025459566846288,0.0912896160432329,-0.113647886911535,0.204491692426003,0.0997959583770676,-0.120887232261448,-0.125929297799421,-0.143212946039106,-0.131016074569685,-0.0261316402688422,0.13014951068642,-0.0390576507236744,0.132259905322334,0.174415751860347,0.086975185131772,-0.128131377814939,0.186282934980112,0.173673132622112,0.126812352836191,0.237061310046858,0.345540600992923,0.524969836945312,0.679803703758887,0.428953417618382,0.202247604132101,0.102772511778544,0.0569497544965695,0.052629062539413,-0.0825026557669473,0.283716880875164,0.164603764580933,0.102837092598316,0.124918282817722,0.10330422483811,0.065736122259055,0.196902536339981,0.640102885810341,0.381449408400465,0.170208605059367,0.24554993377576,0.0100020514120098,0.00565415787560826,0.122836878278199,-0.192411678237951,-0.193630024183723,0.0367083588938261,-0.00822517944646295,-0.174624169860135,-0.116099233351923,-0.0307584488893341,0.0287806327045715,-0.182573083940737,-0.129815947990656,0.180182273241572,0.22602572199285,0.152383251900553,0.0771245675789614,-0.124734582434571,-0.12270236625513,-0.140898328847287,0.169187729799431,-0.0458747092475455
0.110243671253139,-0.054449225789121,0.114021372913804,-0.018338352274871,-0.24282555380123,0.148171332382906,-0.0513542381206117,0.033724657099753,-0.088389680844912,0.0267500339925699,0.262034748902037,0.404045201156875,0,0.37147656620363,0.358524023521866,-0.00573400421139287,0.456881659273828,0.13207202760236,0.411693454519572,0.272611690071547,0.357519539917236,0.210983561214342,0.200401104353164,0.313428143212087,0.182806688364017,0.39940770927607,0.236782712001761,0.215448022079085,0.416408128432841,0.234972144944853,0.00435419717230402,-0.130489192329594,-0.169682930890464,0.0735732791664745,0.104206192634957,-0.00931590114624932,-0.0520709927339737,-0.116705089107245,-0.115413883929325,-0.103125687033826,-0.162850099418568,0.238787948523758,0.231350230430969,0.0993038880494009,0.08755379082767,0.109736209897942,0.0826658270570632,0.0724192798175648,0.185481889978358,0.0987248954458221,0.0831915148830802,0.136580399526105,-0.0401497102930598,-0.181575855539184,-0.133601500394391,0.174212853067826,-0.0578486049781734,0.0331574858001785,0.0461705167537261,0.358940039332716,0.517309091612749,0.761027864304795,0.476163933948016,0.293604017650781,0.351100225449916,0.319972311297712,-0.212747099748882,0.487489473457757,0.370548765249878,0.0112571027956329,0.402073066000397,0.212308080867534,0.15956479858815,-0.0376478660095774,0.392125283939631,0.359145963618675,0.323182506722111,0.35400251549773,-0.043055282899849,-0.0895065698917702,0.280113401435764,-0.163024102483067,0.0322285897466478,0.124083636195547,0.138121811722952,-0.0235737063467013,-0.0691166013076005,0.00678331107546086,-0.0295737599142014,-0.157262200379068,-0.10255930275844,-0.0103562826676484,-0.00244375124299864,0.272986462485472,0.084294285386474,0.106078313909,0.017562750378507,0.110220237257429,0.0948726471998247,0.075467071888074
0.144713065082636,-0.145524824699244,-0.0926812906927392,-0.0496551188413265,-0.24675819506686,0.0222881372073951,-0.110509909726078,-0.132641586727501,-0.224909779284405,-0.0294620344442256,0.153804561447891,0.102262097100835,0.37147656620363,0,0.789813102663626,-0.229263005758542,0.29576080013017,-0.0442473671728144,0.431240711942835,0.202019028445149,0.644180699332179,0.183956196079501,0.322100222752369,0.235778247281846,0.236116284465346,0.256462232596311,0.0404506335377961,0.131493511695045,0.431717813415631,0.240607852908144,-0.129060692117046,-0.0906814608858949,-0.25520490959121,0.0485935946471922,0.0824491586318269,-0.118455124544471,0.0400087766793762,-0.107808183825295,-0.19079940954991,-0.0932718371409394,-0.16505183942124,0.188661467445733,0.0282715772873876,0.104370671358025,0.0648203833709841,0.139245446619607,0.150765487247759,0.14619772619179,0.0684401305543697,0.0988187252692921,-0.106998125322032,-0.0954536318621394,-0.228218668736624,-0.00965952889296015,-0.273659981349308,0.0122997516705015,-0.114033080103431,-0.179735206399607,-0.0375993151649845,0.199252572312247,0.256301979099659,0.290049484587967,0.531753833328422,0.658133296585725,0.743704751465417,0.741455267014399,-0.14579813982216,0.418640840925054,0.517501949160586,-0.128957271293813,0.556527261262936,0.326211919002018,0.318036641188642,-0.0667127249972537,0.136543762847713,0.30380161720986,0.330430498098446,0.193889520578888,-0.151701154722693,-0.157012176494538,0.362181210340122,-0.147158277031049,-0.171129075052256,-0.00172733545998591,0.0956332084698392,0.122566885948119,0.113487956666346,0.0120436697180141,-0.067641403064903,-0.0915572640627235,-0.1520030258171,-0.0364196340049946,-0.0819059434921399,0.154962447405688,0.0783826830360635,0.0678272318045917,0.0398990395748129,0.199759145158152,0.0199882970510404,0.142598872094805
0.152269913854407,-0.170498311523068,-0.126293503211633,-0.0325241816717299,-0.253612771212009,0.00152091500917527,-0.119680117460071,-0.14199471417831,-0.238141147950826,-0.106468884601,0.0881690771864139,0.0432078275290929,0.358524023521866,0.789813102663626,0,-0.236211142341477,0.289013324412766,-0.04819242055805,0.449173162720774,0.24702552012861,0.679411933299242,0.195406561594401,0.376311786580898,0.166412805448805,0.15783478327486,0.290498511364107,0.1159919040981,0.237695122476882,0.4961885500777,0.335682134095003,-0.160694741798431,-0.197156038927813,-0.204077654891143,0.0291787238099124,0.0844709826031061,-0.0885303243417594,0.115541356494408,-0.0935170282955067,-0.159381856960298,-0.10174110411984,-0.151565813087105,0.152918978410053,0.0921430849366839,0.175806707126195,0.148328070271395,0.233591197117615,0.247922873353767,0.180073643829726,0.0910748752526747,0.163084161694113,-0.113385479072368,-0.109771603161233,-0.222699699843645,0.0155562530132223,-0.313703311714597,-0.0362263705981115,-0.142711390882427,-0.209977065227045,-0.104652319647676,0.167900532732164,0.208597336461428,0.269856096721745,0.552723679109104,0.65267379890977,0.757321105905929,0.822724079408452,-0.140227882616142,0.44072353084394,0.512868509990548,-0.137653038959609,0.580376275966649,0.350525414798681,0.359777000904196,-0.0985985590045793,0.0981357039594958,0.318921545541513,0.374270770908475,0.261533398677729,-0.217012931554968,-0.184158914603427,0.406835828552289,-0.126979863214552,-0.128034096137399,0.0190411654509678,0.164850400622446,0.226961997712055,0.160278832463813,0.0971673262316019,-0.032803219874024,-0.034217803256015,-0.106992396306101,-0.0517859554932223,-0.067564797599103,0.173380260443841,0.11740432977268,0.132726835378554,0.092795351166661,0.263604287133826,0.00578159854689815,0.160210347741729
0.169322371722438,0.475719054049369,0.105772529741522,0.380456290816971,0.0541748309876045,0.322752165614297,0.486488544528582,0.506943918687403,0.293863828751094,0.0041605913485534,0.0286553241388673,0.14564584221713,-0.00573400421139287,-0.229263005758542,-0.236211142341477,0,-0.113527655339679,0.361934185283807,-0.269978730614592,0.00629756366251487,-0.0609452446646304,-0.112263462725144,-0.271571558139937,0.0278817329756387,0.0603488756624416,0.144117980300952,-0.0467381452178783,-0.0591962041977502,-0.061163303304213,-0.33431210872213,0.105570209459301,-0.204662368899415,0.166681804784741,0.0935194059672235,0.0478764094555927,0.24580462803813,-0.0882257207423941,-0.0377763126857257,0.0356578793015603,0.209407311326763,0.118169696987879,-0.1768614680895,0.0699880895212176,-0.00659986709789196,-0.0580010964391249,-0.261798141469509,-0.369160667996206,-0.292491423306538,0.266082482742829,0.160883653495749,0.376339732260817,0.547712357092687,0.587846190924151,0.0391475904675914,0.278941086355789,0.111343146025147,0.312112328857572,0.366061328851793,-0.0995068540862241,0.120217689378282,0.0664817964908105,0.0241316185553812,-0.307043591787892,-0.287363081176519,-0.216536034022121,-0.30335707391516,0.0816241771249904,-0.144919748594101,-0.108814402493571,0.335324712619251,-0.111362142803049,-0.213199558802243,-0.399098727429587,0.156378944271058,0.0542966140564216,0.150031266062245,-0.168972173609923,-0.217203271521166,0.0437833427636941,-0.299436553658,-0.145575303691459,0.0482470018439296,0.0632039304197478,0.154720693479014,-0.142873785596996,-0.383312306040472,-0.0200690124770084,-0.0574419857045212,0.245706705565629,-0.0388827468331538,0.0670906267507867,0.0427603705212047,0.149765408564728,-0.0234269628675072,0.0193398087702677,-0.0416920396719647,-0.273137315924626,-0.357501752868335,0.292667985875121,0.14322085807671
0.178854669125097,-0.158320713886283,0.264353928100501,-0.0855631881400054,-0.101519192624755,-0.0396800293897861,-0.079595179723839,-0.0164103237854256,-0.0905074736572188,0.0676764787532061,0.059630078379455,0.29228050656449,0.456881659273828,0.29576080013017,0.289013324412766,-0.113527655339679,0,0.259008093039009,0.638609039691692,0.370403998360468,0.330322308531288,0.352732757070224,0.229854311615376,0.376190986185159,0.186372993085418,0.187596436545272,0.0625531400748237,-0.0108402832719718,0.385471215733345,0.127120419879227,-0.0776704181796341,0.00380662884784381,-0.147052151551819,0.235538411110103,0.109087282247291,-0.210546854298274,-0.0339753816800203,-0.0228089069496361,-0.252708578302212,-0.102611904746021,-0.13554948911826,0.403096308621291,0.161997861214617,-0.0545094151188222,-0.0330255095202578,0.0579082187961624,0.241571914649103,0.131406762977322,0.0556401687206814,-0.0100530016761981,0.067049254560678,0.00839886965315055,-0.076253398946626,-0.221149624792846,-0.158581117920387,0.148226111211921,-0.0251965658440672,-0.0633778272174961,-0.0172326942439733,0.183101516017859,0.329999054538918,0.439626393824805,0.327944558298668,0.282582947621408,0.343291632842749,0.285360244546862,-0.19604425395701,0.667412954224578,0.555245298266961,0.158711726070248,0.504428420898118,0.227689710136406,0.356223263833029,-0.0954508237406496,0.328289146311652,0.164096744951495,0.361750262919771,0.118588762099162,-0.138423042212359,0.0651395715195444,0.350026723175499,-0.0487043140297742,-0.106110832120424,0.0320858834498423,0.0118256360202854,0.162948496915126,-0.0887395146486736,-0.260840737811391,-0.134638551771148,-0.141957391402211,-0.181402964643063,0.106161285862789,-0.169458792775351,0.160072679695379,-0.0308585209226853,-0.0664161981115664,-0.0180920837443769,0.186052438295246,0.076078124011378,-0.0771636726983455
-0.0184001699355778,0.34774593484461,0.298253688962873,0.340203344515567,0.0715479919740441,0.226178889476941,0.308341781345244,0.532034132566623,0.379712626567146,0.102028099053117,0.0772707941369149,0.324992474598211,0.13207202760236,-0.0442473671728144,-0.04819242055805,0.361934185283807,0.259008093039009,0,0.101895995027937,0.394414455730469,0.15459623882265,-0.101201787246486,-0.0155441288173808,0.258084260023823,0.0364054656659638,0.043334838266565,-0.0712466334600827,-0.105275019626857,-0.0217978896827067,-0.0874042626537127,-0.0748387078794166,-0.204270517741005,-0.157897650216516,0.183802801957559,-0.0965007129978526,0.194195488007618,-0.17716345032586,-0.113212220309126,-0.213455235785051,0.0201484620841717,-0.0241102980248893,0.0995849894865619,0.0560875629196837,-0.0196334126224724,-0.157149204222604,-0.17332991291559,-0.137643450656187,0.0641561894401162,0.212459002063934,0.112216284892073,0.227299989969426,0.452302814351603,0.380068115180464,0.0281404358035246,0.24092172790685,0.197216175223782,0.449909868490172,0.501357995290737,0.0708861753092258,0.186324285703881,0.213440944129486,0.214811298786178,-0.0377688773905963,-0.00316535921511774,0.0430837015455472,-0.0762821953450562,-0.0920713512043336,0.150735487825422,0.110484533087158,0.566521415545,0.30982799806268,-0.168669797208528,0.00277889183543742,0.127982015736937,0.296705567869127,0.0520759654050361,-0.047966473985535,-0.0249144294183553,0.000617923370422909,-0.180998552835445,-0.0860430327164848,-0.112507154411125,-0.207358109718221,-0.0290925477546162,-0.147640538053485,-0.227177507515159,-0.231210784896076,-0.201537527654829,0.215294731958287,-0.198966474436142,-0.215020569757367,0.0270236942322551,0.0237603118903343,0.00500517863451396,0.023998181064696,-0.0799089221568099,-0.155107480137678,-0.020609525215922,0.199946305706094,0.0161082732212522
0.122380921256163,-0.19622641313354,0.189499312557903,-0.149824052706744,-0.0843540882450164,-0.0367937172862972,-0.165081669134124,-0.130551354267511,-0.130639188619092,0.0293544131973886,0.0759877001518029,0.231999749853324,0.411693454519572,0.431240711942835,0.449173162720774,-0.269978730614592,0.638609039691692,0.101895995027937,0,0.281852955781429,0.413268334892328,0.262796115545157,0.302172584661291,0.324812178053418,0.149648948434748,0.135884861444051,0.0976423396500096,0.0503069652974679,0.479066657420482,0.227567056566847,-0.172833981874745,-0.0506155233513544,-0.126106815195772,0.163794890597261,0.0230481106784424,-0.200029100860835,0.118897591178123,-0.0591501278185825,-0.183240042370098,-0.0850966649947388,-0.156980868742617,0.328828100802932,0.113352922672804,-0.0272752616793344,0.0589515060817268,0.12687402855337,0.321470346301236,0.130167690010934,0.110138475548565,0.034363994839608,-0.0249221889711327,-0.0781494112171654,-0.123797587279892,-0.10797821676843,-0.208540344130997,0.0625457109541765,-0.125384228638564,-0.159569721997548,0.00982039012447259,0.186501349077219,0.319132975217311,0.376173010827675,0.459917234473874,0.437347982686311,0.466606584819816,0.460422299363021,-0.193344189141077,0.702294209385895,0.550906524650001,0.0704768918487343,0.510893337623539,0.272435779253375,0.377879958970554,-0.0376812478901337,0.261127091594912,0.146563009373829,0.473783952681517,0.182412040283889,-0.188680124284265,0.0521564256998649,0.43542696764153,-0.00239786508165301,-0.100885358463193,-0.0434855900085186,0.100325658063378,0.279379951298647,0.0141178633252943,-0.152406574293152,-0.185234253333763,-0.0341225546581054,-0.132763056265899,0.0855639357758947,-0.0632473861455449,0.146030032529183,0.0111893110147642,-0.0282626308700789,0.0353261698974634,0.251586884885612,0.100923582579737,0.0112784222087113
0.0619725587264466,-0.0602368773636554,0.103044376191006,0.0018037538787964,0.0565823332395813,-0.0925320252747938,0.114536986944368,0.00623501276317071,-0.0590111826142436,0.0225507420398093,0.0853005685318669,0.190846797341631,0.272611690071547,0.202019028445149,0.24702552012861,0.00629756366251487,0.370403998360468,0.394414455730469,0.281852955781429,0,0.395565536416418,0.153522466396416,0.184638137100465,0.417838274181695,0.014636563503116,0.0845784205868301,0.0430717275518932,0.00330510280517432,0.337936937912007,0.139085927046491,-0.0131903600942439,-0.182442347103721,-0.156406939604843,0.232383194158846,-0.0963568347116995,0.166481476494813,-0.0398130123946642,-0.256349537371208,-0.238612491620961,0.0437918548281753,0.087676048593129,0.0975064020082797,-0.0666319684114103,-0.136747126723878,-0.0863453436702281,-0.14448420294377,0.0610659518911487,0.208073656722196,0.0147920566421037,0.101929134121141,0.0846062013078714,0.0552345683796618,0.0761812621787064,-0.0395377456350655,0.0122765011846961,-0.0587131604947632,0.0305502955410065,-0.00534738096054728,0.0255550520718725,0.174721871518415,0.244313462493701,0.252644316938836,0.176730583157147,0.169495994594453,0.280232667297801,0.190535019781445,-0.00349957114028635,0.227323488198165,0.313990467210926,0.2219111475036,0.564999535256855,0.0282307579603133,0.245735290589235,0.0344076986580882,0.298953757944168,0.0678111338299745,0.375402288228274,0.15892969991587,-0.05537118960521,-0.173528002257608,0.190635900753815,-0.00110336813045573,-0.144287014993033,-0.0282821841219309,0.00570110847060012,0.0250674600845473,-0.0738694910811964,-0.151190347410908,0.266694863521102,-0.0041998132087483,-0.15450639862938,-0.128982973291074,-0.19018835419726,-0.0531132327675596,0.044586628910875,-0.0975475201857788,-0.132429532461217,0.158616766062703,0.059233292681501,0.0469235556739315
0.295548912746587,0.00757480577477966,0.0437030025595413,0.146990047660415,-0.320358471209233,0.152597177908044,0.050622564859229,0.0786074191562147,-0.0571168916484996,-0.0986634581164163,-0.050730316613202,0.0494477828266213,0.357519539917236,0.644180699332179,0.679411933299242,-0.0609452446646304,0.330322308531288,0.15459623882265,0.413268334892328,0.395565536416418,0,0.0743227130943827,0.126713644733775,0.150839176991314,0.129915910057219,0.178669929741989,0.117000467007992,-0.0172610331789075,0.508241815424319,0.100894025057592,-0.0597792546541768,-0.217924470276777,-0.109642203267591,0.0261836665414029,-0.042799691049217,-0.0949240117568669,-0.0969925318836722,-0.0868263186226438,-0.266869323036546,-0.0372218042431212,-0.244875705067581,0.177081910792959,0.0264320057032426,0.147185866593668,0.081046390189844,0.0296752677617715,-0.00114108894228965,0.0499326661856578,0.199701562338707,0.180578086374862,0.0887203028876346,0.0969067715884267,-0.0052640851868844,-0.0406210066191336,-0.258428475664829,0.113742952680397,0.0135129233942944,-0.0224573457051904,-0.185516980288611,0.107547614134964,0.173959121804162,0.285792614001273,0.292165390682011,0.364452475117276,0.61067541020052,0.589600432882206,-0.221929212444732,0.421624535471938,0.452412729337917,0.0185063834910749,0.702013415817844,0.103876828396757,0.149394479660958,-0.0811706403075085,0.0827893270433279,0.252286725212068,0.298609269061506,0.0275301467318166,-0.0854184052686501,-0.260263655405942,0.263446213455352,-0.186110553617897,-0.10518851624225,-0.0116339834093018,0.0885883189208174,-0.094365154341807,-0.0355789466030931,-0.0855133853198688,-0.0362458059520661,-0.0826803013494733,-0.14264323565293,-0.0475409518990288,-0.0842859273492192,0.183448291340678,0.115751480419867,0.134820730865654,-0.040830597605753,0.117774954401144,0.127712155947546,0.215015715691544
