0,0.271993720894676,0.513379194205156,0.0554114295900312,0.0843424243994229,0.204134958559029,0.149313928443721,0.180559893810541,0.0628858178559294,-0.0466496968054789,-0.0120240530009311,0.0522089249826259,0.123827754405139,-0.179793543650625,-0.222704929275465,0.335679749509708,-0.0690505625797088,-0.000119632932245374,-0.137416271629102,0.00840333038160268,-0.122529342898338,0.106691482478272,-0.149505783837935,-0.0833241760201428,-0.0572675958331321,0.0344649880890306,0.0821832992393403,-0.00537192425963647,-0.146628696261977,-0.171605260118056,0.0304526194196743,0.0934856884252779,-0.0148809758600179,-0.15332027177003,0.0558411631812242,-0.120042973619381,-0.214744288449234,0.0862501873847697,-0.187947741623464,0.0894757864566574,-0.0955014770392131,-0.145430926088318,0.0269550324934091,-0.0842241108288374,0.00149858066326421,0.0401701850838186,-0.0599522426034845,0.111435998120547,0.150954826715886,-0.0858313128559228,0.541401476679474,0.422266544739238,0.185151929527026,-0.0973323485897877,0.188124902462707,0.296524848833091,0.049222858274972,0.025414351995515,-0.115376832389479,-0.0378036888008808,0.0933202035536212,0.136613883502763,0.00293042594614818,-0.111992162952847,-0.26759913800207,-0.182006427192906,0.0337857803987302,-0.0574300070534482,-0.318531681677514,-0.0883014028966758,-0.120647638258753,-0.0434803123862411,-0.197111548427106,-0.0609242967275471,0.0324061129420288,-0.0667300228271767,-0.156856196234646,-0.0983814418724486,-0.0761965344557977,0.121960541307317,-0.0684508250610217,-0.224379962072885,-0.104323829905741,-0.0258176115651898,-0.0998422112212624,-0.220973635080074,-0.275594994739412,-0.039536769415965,-0.170031462177472,-0.0849501994028754,0.01684863636782,0.175995010976119,-0.145217094637582,-0.239571934990471,0.0198648143445475,0.00733453323160023,-0.0592428646401755,-0.0168175099570199,0.104678258873725,-0.079561013095378
0.271993720894676,0,0.397395988835304,0.467933898610616,0.484193276208237,0.304401335872362,0.320530124748812,0.465354135028939,0.306042133304316,-0.0830033363373141,-0.0485976298282563,0.077669024734011,0.0374095024053702,-0.0872436705478951,-0.322968854195888,0.61407150877647,0.0594313967279772,0.192469012337293,0.0133896056698009,-0.0595948757953078,-0.119500731195496,0.169950246425186,-0.0753484356315957,0.0745875770081779,0.0430184098045835,0.177346243388772,0.0609721204842867,0.0448590158986713,-0.0103855461338006,-0.193984274342479,-0.208695623849757,0.0892133197851629,-0.0395868896640183,0.00965661173532042,0.0641933345517146,0.133573874444649,-0.140408149586227,0.027793660275533,-0.150928441070145,0.237913862817378,-0.0989222081411715,0.0201299298269739,0.0269287045064896,-0.126212376833545,0.0208835879413015,-0.0811931501092995,-0.175432423839058,-0.0489533329112407,0.0424160843019975,-0.218473783488538,0.35926759637589,0.597714370676075,0.430247950998024,0.162392386049778,0.256188596264882,0.306905152838005,0.326140301777515,0.302606410550932,-0.0613929898535934,0.0334584223395975,0.079233946452167,0.00299598484313289,0.0669707356821488,-0.0907615315372031,-0.123704201964965,-0.302210933813492,0.0992484693704854,0.0693345484173781,-0.0950658676155793,0.0367039167660882,-0.156738074545594,0.0405397471132853,-0.101631880248376,0.0938903878938121,0.0448643594908931,0.185075231936003,-0.0720247665799579,-0.0386839166812818,-0.202864108234824,0.0947656137894605,0.0737524942368857,-0.363587365068397,-0.123451594779469,0.0604617641612545,0.0563955868859773,-0.157386389280897,-0.129573877083272,0.0432593226367438,-0.170900108697184,-0.219592334382891,-0.0892189900261109,0.0991828826441054,0.126528523040835,-0.0469868546942641,0.11024042874285,-0.0831227222682082,-0.138470572701745,-0.126299061767947,0.0399997367735977,-0.26308034701397
0.513379194205156,0.397395988835304,0,0.0308072997130625,0.201847665241746,0.522407023692267,0.157092811122912,0.483679018769877,0.371380342632795,-0.138350344777068,0.190349042843511,0.29375571016456,0.274032720496342,0.134862610979666,-0.0140395462862856,0.240494405103846,0.157639172102592,0.25806263293055,0.203544868373589,-0.0178943049093324,0.209046012522612,0.386663793894057,0.161455321378101,0.151003127494303,-0.0374328089021179,0.347004390342763,0.226034191135764,0.191078141448177,-0.0451384204249632,0.0474666944091114,-0.232216108687435,-0.0349889845897903,5.62129086839462e-05,0.178846874355923,0.207840611602496,0.0827986795472381,-0.262558861371589,-0.00711725801440212,-0.146253307875051,0.1598191797017,0.0269095503264412,-0.0608025809926808,0.192280569684706,-0.23398474734072,0.0110072064295185,0.0887524532113567,0.0829290103626288,0.0354770401481163,0.103837085407898,-0.277249435587762,0.259133936379529,0.540049105623159,0.141576373379476,-0.141425602410466,0.422255039413871,0.653471560588626,0.33131359182021,0.389404198866885,-0.0465643613284069,0.177241165560131,0.307926552231843,0.22351387554179,0.27028227065476,0.0736652842026337,0.0594455691492573,0.0140318755280551,0.0634866506725495,0.214816363930059,0.0570114430464437,0.187725591948616,0.0801745860225041,0.254231771947656,0.0828900608544281,-0.122897806629048,0.221655116071962,0.274465027497121,-0.0828569616735077,0.157609120735052,-0.321179387940551,0.0607387397022074,0.144563278692394,-0.204123095962769,-0.0934794252115841,0.148490210141654,0.160748600835454,-0.145851460958292,-0.303265722549295,0.056487968031882,-0.18374772910899,-0.174363888685998,-0.189255659841087,0.0237226225746121,-0.0680543264522424,-0.251111094614485,0.243785127794562,-0.124863354481788,-0.0493839315974587,-0.0293060712376843,0.113936291529203,-0.307987147363356
0.0554114295900312,0.467933898610616,0.0308072997130625,0,0.474311904734235,0.12313002479473,0.417972390769412,0.38783287497563,0.247859690615699,0.0874997565309005,-0.117132094338993,-0.148985159705736,-0.0612603822462228,-0.227065781281129,-0.357366351927743,0.345015269755448,-0.231711969070783,0.0236287170311318,-0.158643791008406,0.0966859662672548,-0.223919528893975,-0.0730739761399163,-0.212068920292262,-0.141119411488093,0.0500588002207559,-0.132266036573192,-0.142978310101912,-0.220465735782572,0.0094449666002023,-0.311955215225289,-0.0409183374015933,0.250684381858303,0.0222146277812229,-0.0636643088120052,-0.148195514677867,0.0788817096750913,0.0635455811282609,0.074160756207023,-0.0697532360898119,0.365699735210843,0.0705258357674799,-0.196010258438978,-0.143184384372382,-0.0645623135578303,0.159822217733482,0.00870130805118777,-0.14694164794485,-0.0609810323289886,0.182606178359768,0.0535495701045496,0.236603531956785,0.349050221172476,0.465006323700553,0.58092382897807,0.174647391327197,-0.0064234249440946,0.404105946936996,0.216137444662634,0.0389908257706069,-0.109896995401861,-0.0820398644633016,-0.0579238908175801,0.0825678395246947,-0.14406033442373,-0.120047246188848,-0.312333232728765,0.336579066450972,-0.218357467238529,-0.15744523381665,-0.118101992254152,-0.221243466529211,-0.0517803654449335,-0.224890824312912,0.349450879523227,-0.145423042898986,-0.0411658361357058,0.011637007947088,-0.240945708572093,0.0220591116390122,0.253239490237087,-0.00310269329570881,-0.237310508189587,-0.0211641505010534,0.0494888733125997,0.0354662185051862,0.102687432747147,0.0301486397630407,-0.168881323512172,0.00915869941288576,0.0285740693402011,0.0963429322009155,0.138088724464556,0.211045251401316,-0.117855623253787,-0.0146088755172418,-0.0561645833355859,0.101358415421944,-0.0177694646915797,0.087640122378564,0.0655087948090212
0.0843424243994229,0.484193276208237,0.201847665241746,0.474311904734235,0,0.444359711045827,0.207606632163748,0.347616255000924,0.314911846378746,-0.0412206254713552,-0.0747621834590715,-0.14707593299654,-0.175155917723797,-0.268292688264736,-0.383141452270101,0.28082819003094,-0.223933440091902,0.076404665441428,-0.186256523717397,-0.00997357869776295,-0.269331346640433,-0.0414341878012547,-0.206004242808697,-0.0724622972379839,-0.0337482490759436,0.0212312108980329,-0.015252418645629,0.087221748428255,0.0378835876367776,-0.214048586380593,-0.337416847444006,-0.00170966255308824,-0.0888965205469079,0.0251873993971721,-0.0603824493466123,0.241112484480151,-0.00175388806135123,-0.0949563316278324,-0.0911099471453369,0.174034535535158,0.00450470995822727,0.00525323663587653,-0.111701205308455,0.0192420049196047,-0.101654637613723,-0.118641377072161,-0.132056078304133,-0.0137624358563389,0.256188459781993,-0.0543859235247501,0.122249509779968,0.385964285103976,0.127850381113839,0.348877082923569,0.487706059202177,0.289832887998968,0.315761157004498,0.296340035452545,-0.0133937531223963,-0.148529162552396,-0.164049032218535,-0.204445851478428,-0.0999605913558647,-0.280050250713587,-0.13859395824174,-0.356997719629786,0.0743120005045886,-0.203533493039362,-0.0991148320132701,-0.0499279775321312,-0.238022286718723,-0.0868421613859854,-0.155905594639968,0.00781185216113089,-0.156773559141285,0.0497441334496307,-0.0543487080828189,-0.134609198842006,-0.240611354032687,-0.0157250567613777,-0.00692894478993093,-0.176955911813769,-0.15081035439039,0.0556771324800395,0.13676007764942,0.0033618066639219,0.0362482409917644,0.117959330241011,-0.0271290878108992,-0.155799738511136,-0.236847632145931,-0.0642171793795804,0.0117955337648817,0.0413321672442507,-0.0948154469168681,-0.0690599831238756,-0.0595534058889349,-0.0540312214829182,0.212917121883755,-0.0757188001204934
0.204134958559029,0.304401335872362,0.522407023692267,0.12313002479473,0.444359711045827,0,0.270734661783415,0.569030137427322,0.643439624698965,0.0513966612944081,0.104569726864929,0.0909580562019267,0.182227948453418,0.083131999627214,-0.0215904686305062,0.0666237356916833,0.0923519327529639,0.29602898025461,0.114587036749236,0.0403383613137063,0.0833605222268036,0.275146842762528,0.0977259043817953,0.108036256774387,0.155807107486094,0.227173216006081,0.111502615446428,0.188830104701863,0.120428465716759,0.118491510773172,-0.289444935835174,-0.00531490596672037,-0.0249970032021803,0.191264832739149,0.078425064197989,0.318561983873952,-0.0692425465080174,-0.0531444933046296,-0.0719376864504193,0.181270141448621,-0.0120094824145406,-0.0826348578795494,0.0157558162478744,-0.21435662230872,-0.194381958358664,-0.0486126510391197,0.00313094884335695,0.0394475477683765,0.446380491946805,-0.113660520036285,0.0458684406879151,0.296667704208478,0.0258093398310271,0.00233964505166446,0.652210606151989,0.742803382881681,0.509512365483356,0.559147879484327,0.137329253784415,-0.00753608166001118,0.115151628015515,0.100367664227639,0.245333298521851,-0.0569608663716421,0.0468745632446014,-0.0566731308911231,0.117030392654579,0.104045065017934,0.0754241082755694,0.223588052320291,0.0564493316166618,0.179323525156591,0.0496135054056728,-0.15431112809971,0.0612675488409456,0.236477035977396,-0.0191080647134977,0.212284474019089,-0.286754124261076,0.00388244306448667,0.0729510237563425,-0.231988613723913,-0.357882269375019,0.0361994842316886,0.193522053422967,-0.0611490414432132,-0.0663904864670548,0.121896796357039,-0.040428468951051,-0.273220492850861,-0.215318832010814,0.0916765339165225,-0.0732691766321044,-0.165531746668574,0.00041312208777902,-0.214075872955253,-0.13782697572845,-0.0685116198540039,0.45581611953205,-0.0769506226853102
0.149313928443721,0.320530124748812,0.157092811122912,0.417972390769412,0.207606632163748,0.270734661783415,0,0.5092974941622,0.362006303578005,0.307266193713847,0.0796787706788245,0.192334018507952,0.116329533205194,0.0322708483661676,-0.0186905166639038,0.321494567890259,0.203670351398046,0.35435072403505,0.102550927671445,0.310269023822772,0.159995786181233,0.166264852103561,0.046812739814989,0.35208259793711,0.279136479550275,0.0810614976749686,-0.089418842819718,-0.0926794290687172,0.213713767657211,-0.116806547812023,-0.152415339844267,0.00459308234584278,-0.0792307059815555,0.126223789377044,-0.0123559435685003,0.29761463534504,-0.0462869509918131,-0.0880073921133361,-0.15487316773473,0.569874587751621,0.000716984785120958,-0.137151558693036,-0.0357490880598779,-0.180581350018741,-0.0769287701329499,-0.234175783825456,-0.305920917909594,-0.100756755770716,0.192630837776578,-0.0662943698651114,0.119031545016053,0.196557832881498,0.423677138769859,0.11682647482171,0.197423097444079,0.170226543044929,0.471975586492994,0.318124827655465,0.261799368118292,0.114143249264127,0.193082914138477,0.150024883705065,0.184396129990916,-0.104534967236296,0.0627531176284155,-0.0529882456370281,0.488402302475948,0.222276239592997,0.136905336195587,0.297691233966771,0.205374326677891,0.162621231152952,-0.0160593139336847,0.441591246780196,0.306829505439103,0.289500262547371,0.107854235918177,0.0851565161230594,-0.149511654053891,-0.0520421624360272,0.329806376648131,-0.177677960010642,-0.176272543369947,0.189710750522593,0.0566811964658907,-0.0412509518121458,-0.0467336453329523,-0.126351311097902,0.215632183161998,0.0798106432042524,-0.0405717041847922,0.171396238202051,0.356635187372321,-0.0623387674937884,0.120367824714353,-0.0810802305964236,-0.16683616202121,-0.079022316051663,0.215077345039878,0.00799555577656356
0.180559893810541,0.465354135028939,0.483679018769877,0.38783287497563,0.347616255000924,0.569030137427322,0.5092974941622,0,0.73367232849017,0.11087168404485,0.135190634861459,0.189484418973565,0.232966792188535,0.0514034371115139,-0.0289761157036029,0.243863025128282,0.119702989042138,0.406868629333677,0.195870985099103,0.106433432996137,0.180478146654376,0.31209528248511,0.0902275598866154,0.106876177270416,0.17572104640613,0.244880340104031,0.095250300245737,0.0673928034693965,0.126897200928513,0.0357268075290776,-0.218308389309505,-0.00431467056486644,-0.0578497805343384,0.299336102288555,0.0598367549297609,0.329655467304304,6.33014465713228e-05,-0.0339461118340586,-0.0806398712366969,0.402079592950383,0.107177984497163,-0.137367751610244,0.0592983533226134,-0.254477054177971,0.00371305657916247,0.0367356815479488,0.00280790066727365,0.0131272837127552,0.230513905053244,-0.140075321902667,0.0632319975002108,0.47784692128954,0.257410721928275,0.109707436640317,0.422634869827757,0.527197967365804,0.710176982327378,0.718698312042738,0.169299571832102,0.0971127613992748,0.190861956873159,0.184116468127387,0.353622294539825,0.0312505177827452,0.128254146409458,-0.0262674101602434,0.334757840858916,0.203471996947589,0.186627002020837,0.230972261843949,0.0577423471830035,0.263449922784757,0.0542473269225853,0.0309488231449296,0.106312275821585,0.333826160486625,0.0434085643838528,0.170211299923505,-0.248752276298947,0.0587069728523607,0.119996929389522,-0.250309042879322,-0.212112331720563,0.160391721570557,0.20312983124981,0.0281832611602258,-0.0544779004169294,0.0281333885576813,-0.0979770379642675,-0.228696450338679,-0.11824128631845,0.121944799736179,0.0726102071282494,-0.161622209994216,0.132221993948815,-0.223944827364509,-0.0299157578294162,-0.0415516475592811,0.182458593599701,-0.17437390382062
0.0628858178559294,0.306042133304316,0.371380342632795,0.247859690615699,0.314911846378746,0.643439624698965,0.362006303578005,0.73367232849017,0,0.077409047944538,0.184747447104992,0.146066416623671,0.192521431837361,0.0703989900058926,0.0205940624776623,0.0168509913446082,0.0949869829636051,0.359526030740303,0.215579129855495,0.107398536704447,0.133340006578971,0.239724359437729,0.0634387681197775,0.0743912062804252,0.169125844819975,0.222631602226954,0.045334609963214,0.127458845196121,0.234309006063226,0.139722339129572,-0.272975140065082,-0.0553247053893171,-0.0223653918296831,0.348314688970625,-0.0171383545003152,0.42286464560731,0.0822627960183426,-0.0644737543456581,0.031264950512355,0.324684704239756,0.198811245285604,-0.127413565285834,-0.0434046733866866,-0.193277919486182,0.0124793842187443,0.0414269580520635,0.0385190931388555,-0.0179060255363518,0.32337963881968,-0.0177410273535343,-0.0296891326196063,0.344396737535317,0.144506172605691,0.163702104269995,0.489478170518051,0.60208929257796,0.688884893932702,0.786455291567593,0.10329413194174,0.110776409667288,0.144024457769474,0.107628287876329,0.350456655753998,0.0684472586968387,0.173094313117045,0.0346241401617735,0.319281631132227,0.149099802990088,0.262807621740775,0.237567934848052,0.102686767771417,0.231729001005467,0.0833591309444501,-0.0126796675789465,0.0169555857293797,0.300915390242099,0.152277420274185,0.202777492125354,-0.21432132715415,-0.0030686218545684,0.0624369587988755,-0.135658872710204,-0.241882926808967,0.126335636333144,0.197079674939174,0.0971168252955991,0.0657865576640682,0.0693378663836771,0.0650480876301454,-0.169059969791158,-0.192024612960199,0.0321725567516156,-0.0019550647144052,-0.100345614385611,0.0100951778144747,-0.236507675562621,-0.0254460968572414,-0.0276211729131257,0.321247472519044,-0.0294930778535038
-0.0466496968054789,-0.0830033363373141,-0.138350344777068,0.0874997565309005,-0.0412206254713552,0.0513966612944081,0.307266193713847,0.11087168404485,0.077409047944538,0,0.146642582398925,0.0681573954556401,0.0711130725242353,0.0519982916091608,0.0962307442245317,-0.0470173999004015,0.181668012040636,-0.0639123914730626,0.0768164249378433,0.0729201779707685,0.0704726316452715,-0.094752950740571,-0.115722449645001,0.214713375102164,0.620666848651993,-0.137800401724103,-0.12151423806318,-0.00396920340936604,0.282339925819554,-0.0184045985423022,-0.0340116345004347,-0.0497732905342675,-0.0621362265328234,0.00432815615125007,-0.218339052849703,0.0365704989440714,0.233766207271571,0.165213251721624,0.141461965218059,0.429789596389004,0.0445860376015261,0.0350102790620167,-0.148709345111507,0.130639182269796,-0.0754675294863461,-0.0541668872162125,-0.153063132050387,-0.159535352932471,0.133517847823147,0.14866703386082,-0.0430919398585472,-0.0499611063254459,0.0348121581121042,0.0160554703241647,0.0448957899053474,-0.00218894334262389,0.0768056119890738,0.0352762536223913,0.61702952369285,0.0136909400667445,-0.00506441951281428,0.0244206245747678,0.106874206651014,0.0765934832381746,0.219040555678174,0.0406925644915382,0.163888773795642,0.213310000517172,0.160090639764771,-0.0802818809231565,0.0869616724035454,-0.0578125555983332,-0.0547187413898589,0.250380399723203,0.192867018957905,0.21942452096797,0.206895163416713,-0.0536478834537551,0.10966236164933,-0.117429545641429,0.11912617491758,-0.140064564481242,-0.164259014100333,-0.0936096442019246,0.0373000860622121,0.0800484923278,0.239079965492684,-0.0379750338278273,0.0130832789765297,0.0902338263529092,0.00273512959799489,0.198862238208074,0.307163584853584,0.251195809038795,-0.130290090382354,0.0126250286654763,-0.0170441356942828,-0.0935217439581367,0.0913514668385361,0.172113327818171
-0.0120240530009311,-0.0485976298282563,0.190349042843511,-0.117132094338993,-0.0747621834590715,0.104569726864929,0.0796787706788245,0.135190634861459,0.184747447104992,0.146642582398925,0,0.562420701385832,0.336931066120519,0.160442812402926,0.209689370019432,-0.110096895146221,0.264389910232157,0.140222683251627,0.185213285079122,0.0401218283267306,0.236582229318599,0.33426466477434,0.0688893717653829,0.33954837432162,0.126818731210595,0.479263642396489,0.0462491131761625,0.215587463176468,0.279050142514771,0.161968614370466,-0.265521561106301,-0.230808522661975,-0.0592981212016831,0.248595968741488,0.200063743013409,0.0663499872577529,0.0708410976969668,-0.100056626441316,0.0779077021147917,0.154280745824589,0.1783424652756,0.0476457569062022,0.146340211936754,-0.00638868562393827,0.233164052943541,0.0908764065135825,0.0244320295914085,-0.0480006049271737,-0.00670136575319454,-0.0118372288645395,-0.129790584375769,0.121295998437453,-0.0314100909035012,-0.00952339409733747,0.122682406817653,0.187758023462574,0.0955292884145112,0.172226775099554,0.148554101369969,0.593674693506331,0.383409460374272,0.226852500634421,0.226753274996353,0.106996672513911,0.228360429416028,0.176695844889538,0.121184428796886,0.270463940950085,0.221067242574448,0.0640097951568633,0.118358287572871,0.215720607500796,0.101502986714053,-0.0317260407662983,0.374412389384089,0.467824186732617,0.245574867298566,0.160221772479442,-0.185234034483337,-0.161106764020058,0.14066232074514,0.0320956477852335,0.0508761882077143,0.114834135307689,0.0130120314747273,-0.016009993955516,0.0175599802174589,0.0185565047382801,0.0464501671821001,-0.0431372173277348,-0.198341569237517,-0.213352112068012,0.0435749063255184,0.129972873350523,0.116486651890316,-0.0595459616378451,-0.104340740240782,-0.044254573227413,-0.028942712542881,-0.0954513000711706
0.0522089249826259,0.077669024734011,0.29375571016456,-0.148985159705736,-0.14707593299654,0.0909580562019267,0.192334018507952,0.189484418973565,0.146066416623671,0.0681573954556401,0.562420701385832,0,0.4357258229448,0.411240665215714,0.381343086695348,0.0667950667249056,0.488104229051918,0.233400791093218,0.362694200558367,0.0441842427825983,0.39917537936587,0.409917809350763,0.265938124996147,0.542382590001337,0.0782240027228348,0.645620745538085,0.148205601441481,0.270579513084416,0.243316735495368,0.224921642359298,-0.335414096748091,-0.123965283318152,-0.0859272154157018,0.178809665031416,0.211899764066517,0.114434430161548,-0.0993072324603094,-0.176804753983508,-0.137363131162336,0.111635633814578,0.00865360628163228,0.0491095865954671,0.300418643695278,-0.141097355867467,0.116231493480722,0.0405530007840777,-0.0249625481973729,-0.0245329217259079,-0.0955696852896074,-0.185408431386037,-0.0818279283708266,0.141538611907556,0.00919441644023084,-0.22068996914588,0.0509981553730231,0.231524806094106,0.143181957428162,0.172613041121058,0.151901783744537,0.664798327531821,0.667147257728056,0.370214303018706,0.290977067123932,0.162394949377287,0.239320536047555,0.315762492190457,0.106435448732988,0.482409597390397,0.196318740011345,0.151237754717052,0.22882052990619,0.314241245539042,0.233900446529262,-0.0247320338609812,0.587633295149835,0.633212078493117,0.157937409164805,0.34133076153618,-0.351988022739744,-0.0806080475599348,0.225759157008428,-0.0660695769077473,-0.0659204650778357,0.12457534097437,0.0802449619695968,-0.199362064731538,-0.175312596513592,0.00741170608159269,-0.0292976655702098,-0.0839685762143121,-0.212774236326479,-0.261059284597878,0.00300018442902288,-0.0755559093973527,0.308254661031364,-0.0637015165186109,-0.196323153295382,-0.0966868960815804,-0.0441045101048383,-0.258007003765845
0.123827754405139,0.0374095024053702,0.274032720496342,-0.0612603822462228,-0.175155917723797,0.182227948453418,0.116329533205194,0.232966792188535,0.192521431837361,0.0711130725242353,0.336931066120519,0.4357258229448,0,0.292700107384343,0.26732012517183,-0.0230449918494626,0.315214841318998,0.276042345790257,0.295142613696166,0.0589550570232247,0.262785895578012,0.400899140256914,0.284847603803595,0.111258846175732,-0.0140933485532983,0.28213829662013,0.306057280570757,0.226968079423722,0.125828612706238,0.289175299305638,-0.229042806524556,-0.11921937629581,-0.0264391455831573,0.235023034969129,0.275771716812757,-0.0554730974799563,-0.028751475767085,-0.101771329042322,0.0321184429421093,0.0530146640679771,0.101602051457811,-0.0894718059029226,0.20541197258085,-0.116109106058881,0.0868236704461837,0.319590767730419,0.227312894662469,0.197691862528309,0.0447444813442147,-0.116070193565283,-0.0675467957935035,0.136895325706102,-0.0300931584485091,-0.154920263867453,0.0675623720227044,0.219869613726801,0.170444855388934,0.219963272581618,0.177608079616741,0.352688629171608,0.515050165541831,0.78133037105285,0.49572474427152,0.282645457087127,0.224894863138091,0.252019270636179,-0.0155481515392449,0.300331846231721,0.0943662798187052,0.175607503352798,0.104400970859957,0.348848171320741,0.217588590205262,-0.0980091206795072,0.225286087318124,0.252486148949586,0.0144182740643996,0.278012442665212,-0.259233056950381,-0.0201791009175525,-0.0282783510690794,-0.0936295224411549,-0.0881465507631428,0.175453470858615,0.112099991229495,0.0193128519182508,-0.166185712167816,0.109752657695086,-0.15446450375305,-0.182807003930545,-0.083807588437535,-0.0586648160677271,-0.0346476333245557,-0.15806157839905,0.22080418226495,-0.0167140325113828,0.109632105873446,0.073066627318242,-0.0357317021615846,-0.210177972264976
-0.179793543650625,-0.0872436705478951,0.134862610979666,-0.227065781281129,-0.268292688264736,0.083131999627214,0.0322708483661676,0.0514034371115139,0.0703989900058926,0.0519982916091608,0.160442812402926,0.411240665215714,0.292700107384343,0,0.635794302804135,-0.201736865724683,0.55243319571761,0.266782698451067,0.63824924481899,0.247679236953202,0.630783044450533,0.315643903895418,0.587717156776619,0.30991926711222,-0.0240001540324395,0.26393293698155,0.236355785809034,0.129852342336849,0.130844688201527,0.324723703576195,-0.114616148867984,-0.0607673736843414,-0.109753237762401,0.152024334202543,0.190131871259795,0.0203647981244485,-0.117346249448364,-0.212843241735306,-0.102723991934409,-0.0376030628528378,0.0361607514207755,-0.0533640793618485,0.164822408592903,-0.103073648562457,-0.0408266249743183,0.113896456284898,0.210811675482565,0.141188384702188,-0.0774496313389247,-0.143436580176175,-0.325610025273469,-0.148865211582595,-0.143825599721494,-0.25976024519057,0.00584803922874,0.115438953987695,0.0893024042847953,0.0837622198019676,0.131256167730876,0.252111929864527,0.335101228596267,0.273297168276994,0.403662907547732,0.405430457830382,0.453116280982013,0.478683323721145,0.0705609783532147,0.532470438776313,0.370013809688602,0.272617185776105,0.52113792616183,0.336475068402519,0.534490646327721,-0.0701667973915231,0.330637709980657,0.297779804881381,0.162332946423117,0.448410090379027,-0.196879619456544,-0.0638033276717878,0.189072137760219,0.0521009828996267,-0.0491861918202178,0.0428016380909755,0.15066387830141,0.0474544326791416,-0.120353403803127,-0.0149223793790773,0.02200169269369,0.0389789158137336,-0.0646721012809653,-0.119713943512683,0.0216162383321532,-0.11523295917472,0.173049541110373,-0.00788956548020826,0.0524434149455332,0.187104136255947,-0.0984156587383504,-0.145965881043989
-0.222704929275465,-0.322968854195888,-0.0140395462862856,-0.357366351927743,-0.383141452270101,-0.0215904686305062,-0.0186905166639038,-0.0289761157036029,0.0205940624776623,0.0962307442245317,0.209689370019432,0.381343086695348,0.26732012517183,0.635794302804135,0,-0.362616815649309,0.430408760528332,0.205214488587205,0.527283845292872,0.237738802074538,0.681748068574394,0.182721291549221,0.612398794008505,0.33057606701829,0.0542350360033121,0.188889877471601,0.140569522980026,0.187526523240512,0.246280003790409,0.489889206096058,-0.0891589154585321,-0.110212355182237,-0.0783536255271486,0.183176771280509,0.0729235209719325,-0.00697207984977256,0.0463303944800876,-0.164683763415566,-0.0587506445294688,-0.100649267151349,0.0327248303111648,-0.104552993069426,0.092520347871101,-0.0832323949887472,-0.0734645246388534,0.146447678896227,0.293642991875148,0.0812560011259347,-0.0956076178032777,-0.0418042063035895,-0.403065557497774,-0.3136536220824,-0.271830964222335,-0.301078899711976,-0.0932318498818813,-0.000558557686686335,0.0234156460513344,0.00235510930675574,0.13358953671915,0.300191982517324,0.286247611247113,0.247560210988966,0.398712527259007,0.43660707226458,0.56922025047587,0.787778639079353,0.0148467560667361,0.469219668051929,0.446230744055744,0.26787174193439,0.613462359076809,0.213282755897815,0.603500725650137,-0.104534354399922,0.336383538842973,0.234775666443582,0.25296841430333,0.504965375680501,-0.0963133325198123,-0.139428039580412,0.127859933040966,0.153851483444552,-0.0885000208615941,-0.0392821036288403,0.136536801330525,0.121973074872533,0.00588737937574451,-0.00413502647943045,0.0740029467649523,0.0277092214698511,-0.0407161002914598,-0.145314410332191,-0.0974828914789856,-0.0595422865228861,0.0332514569517466,-0.0513597908042119,0.0714832020792632,0.197537625468211,-0.106283167657214,-0.0654834807072356
0.335679749509708,0.61407150877647,0.240494405103846,0.345015269755448,0.28082819003094,0.0666237356916833,0.321494567890259,0.243863025128282,0.0168509913446082,-0.0470173999004015,-0.110096895146221,0.0667950667249056,-0.0230449918494626,-0.201736865724683,-0.362616815649309,0,0.0607202026991555,0.217553784101658,-0.103102039321402,-0.220266117749851,-0.18798266722328,0.20155786906314,-0.113345271895998,0.151436091363079,0.0647511242470182,0.174640352521273,-0.0893066652325979,-0.0510977599707397,-0.181343212433027,-0.265150615495242,-0.063257849204624,0.234793813430225,0.0320987853341693,-0.000139293728855664,0.132523889769119,-0.0124039872385564,-0.293158355089387,0.0499735885651034,-0.335196698636542,0.129512756160001,-0.370147240824362,0.021840614175455,0.0368622688121301,-0.319442178232151,-0.139954866380319,-0.320282934774554,-0.353542871543602,-0.107684276912004,-0.136545182424788,-0.396174397175238,0.510231696132036,0.471809714046818,0.510354373422108,0.0341137384704681,0.0699479857575725,0.0640873929679721,0.0792512712331176,0.0650570466913294,-0.0565001748186522,0.0179686601321222,0.106451844704371,0.0116463731305599,-0.092807241318091,-0.229357929367567,-0.263379092381023,-0.356432135150742,0.0599678993179677,0.0972051041161643,-0.122118842464933,0.08509412891297,-0.191598967026308,0.0774695163611205,-0.173529946031597,0.144291885330284,0.136464121637045,0.130307848237653,-0.148515957718929,-0.06159972516189,-0.149959702375353,0.20930937975665,0.178430107377905,-0.40065905231591,-0.213944867691606,0.110982352656789,-0.0634326363070824,-0.288523484808463,-0.260629967022709,-0.0278379129818606,-0.236493257936908,-0.271928488404082,-0.0516715441500266,0.138559746540426,0.106493522238849,-0.12859340684749,0.109996802960748,-0.206824706440149,-0.363468378843892,-0.296487875781962,-0.0956280143758084,-0.345378920191622
-0.0690505625797088,0.0594313967279772,0.157639172102592,-0.231711969070783,-0.223933440091902,0.0923519327529639,0.203670351398046,0.119702989042138,0.0949869829636051,0.181668012040636,0.264389910232157,0.488104229051918,0.315214841318998,0.55243319571761,0.430408760528332,0.0607202026991555,0,0.398055530602267,0.627150233265978,0.142678932983182,0.462661372462646,0.417303367270046,0.360189522041502,0.55639272070446,0.199942144693378,0.381225640631608,0.232955827135961,0.309829227503316,0.311478804444749,0.19375000599957,-0.182410525929299,-0.175570463882077,-0.0603628377221677,0.24719225154861,0.272468726101848,0.117448658776157,-0.0918654022568442,-0.175191660092147,-0.127906114771785,0.0829720037813129,-0.033788984310062,0.109302625647992,0.173033814889852,-0.098893259530826,-0.131006415016017,-0.021831837096795,-0.0464384831839412,0.0754434769537854,-0.0668861626291123,-0.12911672456199,-0.16525445315143,-0.0449825921223515,-0.00497782668633471,-0.305836185486341,-0.00267197751568882,0.136856611191041,0.0559664936809553,0.142758112962801,0.190021866924028,0.375266163909895,0.368205560239566,0.310067076959705,0.285626366867708,0.310925595346915,0.340788659767321,0.286907711283791,0.0831546221728909,0.763786272828,0.378737319566664,0.298516393599679,0.37713609845277,0.295176256665454,0.365172563581393,-0.0435783730758111,0.551893482870425,0.456009334355642,0.237851020826204,0.374938109008806,-0.215328049927817,-0.147546317639872,0.252071872636373,-0.0995818957212288,-0.20694432683051,0.0818969380149291,0.0984698245042097,-0.120956947091865,-0.113786251006267,0.118957419149767,0.0138929039403939,-0.0968943855413146,-0.185002239540841,-0.0662564449093889,0.0910829912649627,0.0780749489664982,0.164720346266368,-0.040629606446065,-0.172363592482545,-0.00583849410540051,-0.0702419035978242,-0.167923254125188
-0.000119632932245374,0.192469012337293,0.25806263293055,0.0236287170311318,0.076404665441428,0.29602898025461,0.35435072403505,0.406868629333677,0.359526030740303,-0.0639123914730626,0.140222683251627,0.233400791093218,0.276042345790257,0.266782698451067,0.205214488587205,0.217553784101658,0.398055530602267,0,0.466702822423517,0.259143260898502,0.335284679356468,0.468583201050236,0.431524493830043,0.314195093165384,-0.0464397311103581,0.32302632674946,0.157919357471605,0.227863506868963,0.161229750273986,0.148369121958975,-0.241585477855692,-0.124626150621639,-0.0245486053981975,0.626366168431812,0.425479506728082,0.37215375179968,-0.124153145842699,-0.306148903314766,-0.21064278690523,0.160962973624468,0.073601287853651,-0.0930769614618913,0.163831095018103,-0.382785287630333,-0.18765803523764,-0.135202737306221,0.0632366253492326,0.174440536783699,0.0298636124421515,-0.307534856867238,-0.070618785935943,0.11282467331913,0.118372593993337,-0.112823485573567,0.170912134848915,0.240221197971157,0.331024878639354,0.43178750527999,0.0274930349839723,0.199071195871011,0.27933560681184,0.301884820193077,0.354933332446411,0.154781156379899,0.204184639656228,0.12851840344177,0.242034068100926,0.441205371646059,0.456414723563265,0.643964418009556,0.336899773228004,0.481454997574757,0.359457264072259,0.0666107471136367,0.229891535813427,0.314320735488472,0.127267632067968,0.370073802292858,-0.341046489456952,-0.134764903876903,0.348129964231576,0.0653735969632852,-0.17773483327671,0.397949582482396,0.184627200466707,0.113007881450069,-0.141086907207306,0.211338175521132,0.136124067902675,-0.120154359360382,-0.23923571057386,-0.0439514740042753,0.134826683104521,-0.103945912215383,0.225363453932059,-0.212923806539094,-0.158113403822965,0.100244004514136,0.0274929659727829,-0.317714156349753
-0.137416271629102,0.0133896056698009,0.203544868373589,-0.158643791008406,-0.186256523717397,0.114587036749236,0.102550927671445,0.195870985099103,0.215579129855495,0.0768164249378433,0.185213285079122,0.362694200558367,0.295142613696166,0.63824924481899,0.527283845292872,-0.103102039321402,0.627150233265978,0.466702822423517,0,0.232717849371028,0.563145592800302,0.41677033958638,0.481842008126253,0.317931622078846,0.0343078672611392,0.33615842267385,0.305803021125729,0.267263910642684,0.267964048837894,0.265567083154541,-0.238029168964824,-0.215423239745878,-0.0439100566665577,0.396107780751995,0.246557692906592,0.178965193124491,0.00832880731743381,-0.222627084322672,-0.0778073430777913,0.121351205046021,0.213253788864817,-0.0210735703167687,0.22191949640986,-0.138118609109171,-0.0643814044331563,0.187239616400792,0.24321806157473,0.0983661246034113,-0.0229652204822334,-0.089464706590516,-0.255906952924749,-0.0123466739613549,-0.0767789500006459,-0.200867822315769,0.0745241775494163,0.144695112604421,0.145408007322563,0.266105303484293,0.105010296393444,0.268206581865764,0.278344466315795,0.293374457516668,0.493504300390527,0.455586238460808,0.464000876664475,0.425222531705115,0.100914869431197,0.646349164927338,0.513147427236313,0.328999927641279,0.459802819167891,0.403553241955524,0.486150649772472,-0.0244394759566561,0.316944511841453,0.37560856139104,0.248136065998586,0.415192028147257,-0.262416008184321,-0.158564607282601,0.252267836965317,0.016424549085572,-0.113041421034558,0.182608849369021,0.266731379544001,0.178442604832685,-0.0503271004732343,0.114866707310566,0.0455245353134058,-0.0200162033446955,-0.187126241297859,-0.0862169153086605,0.0445943337821006,-0.0338961893834776,0.253093731767668,-0.051271879125255,0.115412539196619,0.165391212166481,-0.102413115195184,-0.160348674272795
0.00840333038160268,-0.0595948757953078,-0.0178943049093324,0.0966859662672548,-0.00997357869776295,0.0403383613137063,0.310269023822772,0.106433432996137,0.107398536704447,0.0729201779707685,0.0401218283267306,0.0441842427825983,0.0589550570232247,0.247679236953202,0.237738802074538,-0.220266117749851,0.142678932983182,0.259143260898502,0.232717849371028,0,0.379510597999336,0.0141135897449437,0.217729007239482,0.0710760299922383,-0.0524006756892985,-0.0932452099567264,0.153555935999227,0.0292009570818437,0.340926675712869,-0.00445395960257105,-0.045278367500719,-0.117984094679703,-0.0682158199986086,0.11466674174758,0.0330616608998201,0.251057275009671,0.117603458727532,-0.175776430112442,-0.101068820701957,0.184198881120618,0.362724348883113,-0.16770357030094,-0.0259198685777109,0.171402757191432,0.00227956302576342,0.12233739311859,0.0916134909160246,0.362503961876593,0.346028617005531,0.357030870030675,-0.151032333968903,-0.116236446733061,-0.0833754813481347,0.00303847593914619,-0.0155545579078764,-0.0287276870922884,0.12651626775609,0.0974194469410535,0.0559968318532295,0.00668033987815798,0.0458242640477652,0.104351522601026,0.209735864035603,0.0865175479921729,0.226393401324085,0.108073480146953,0.254954089080241,0.131621889171776,0.187325699861706,0.267502381619617,0.500258031051184,0.045539232202691,0.154794844188212,0.152475862456578,0.0863914192183146,0.0264899467221482,0.234460170003676,0.0524241796303506,-0.159709550762243,-0.174849383712483,0.0919135248515135,0.279747027178324,0.0823741820784362,0.0971872097438215,0.124259985530845,0.224521581390109,0.041732367267888,0.0279111904988319,0.526232575450864,0.347267998245739,0.00185220472736059,0.0314583938089922,0.145827638852092,-0.0538719927566343,0.0214107468500876,0.30929529192886,0.262048999299938,0.501200672614693,0.247649995310063,0.339087124317412
-0.122529342898338,-0.119500731195496,0.209046012522612,-0.223919528893975,-0.269331346640433,0.0833605222268036,0.159995786181233,0.180478146654376,0.133340006578971,0.0704726316452715,0.236582229318599,0.39917537936587,0.262785895578012,0.630783044450533,0.681748068574394,-0.18798266722328,0.462661372462646,0.335284679356468,0.563145592800302,0.379510597999336,0,0.357304831076278,0.597755135033183,0.432314948008726,0.055494737755311,0.24078776722993,0.244700035423714,0.143746571660324,0.176616246034188,0.426572800401922,-0.0946396161070659,-0.0825405418804122,-0.019960410457603,0.268920992674854,0.199828117224813,0.0618786107211069,-0.0855183775317957,-0.191113281089245,-0.0805847950271996,0.02329447128972,0.0918919100352901,-0.12895391179822,0.209702147421344,-0.169881819122876,-0.0711521403057852,0.101359452274439,0.19359694351497,0.157210927823589,-0.0487087098221042,-0.111816573424452,-0.35012533074318,-0.143582281577308,-0.118487651500877,-0.306362637224513,-0.0371539622853693,0.112045056577956,0.12665317671338,0.160784486073529,0.183844406225464,0.314514220576405,0.364934557368393,0.255104567309069,0.37922534865719,0.249907910178154,0.518790768205136,0.531382438873156,0.111407072143155,0.530049886710987,0.452643096294078,0.392041082978866,0.685342663542549,0.375341863992658,0.505005109321236,-0.0395845345884175,0.470932180157017,0.350370989380807,0.17000226285335,0.451762146570982,-0.218314047046754,-0.133000322169847,0.25631004525812,0.121884851875681,-0.0122013396076676,0.0880506113312982,0.206370984651788,0.046390658520115,-0.115386283842698,0.0076131334726198,0.106625489899473,0.0287786015921433,-0.0487766759383898,-0.0456440175732879,0.0695484684163213,-0.143082764694829,0.208229297090788,-0.0190925467793823,0.0789150288200381,0.226170650210952,-0.06978589899434,-0.113721348190258
