0,0.217024120506694,0.319154719728727,-0.268092587944466,-0.272751579631251,0.0113551513520119,0.129006931078721,0.0366366364983942,-0.0831289003889593,-0.0719167026162281,-0.219553688838049,-0.239845672300576,-0.378089076284041,-0.376751615834947,-0.375717130463714,0.195409499405836,-0.17619846003163,-0.197234246343455,-0.224876817607351,-0.424505103456106,-0.393012328622026,-0.272126738289893,-0.314003654244051,-0.237176216535166,0.255185177410746,-0.0754075560677248,-0.382550702641301,-0.358310911483009,-0.334117321426886,-0.365883367105451,0.27835802216471,0.3077156043272,-0.01845973940938,-0.19170532189175,-0.353880263008778,-0.123013281915683,-0.269159339563565,0.348828157151829,-0.0651712539873635,-0.0805931189954496,-0.154284395420943,0.155185130389259,-0.174269684726393,-0.0795401417231361,-0.113358821901789,-0.311138841439348,-0.358865827080706,-0.197346464138363,0.229144589945967,-0.122863141878098,0.683706493173439,0.138264335320082,-0.00263914556431036,-0.369171831003001,-0.0714050385335342,0.00368501817685981,0.108030011587402,-0.156950641179635,-0.160536370553153,-0.124251260281363,-0.294314391477801,-0.388335645581364,-0.35657520763794,-0.298727430957609,-0.30595902953025,-0.298582069043346,-0.126667537660078,-0.249316275297471,-0.290814390640455,-0.228821424421385,-0.422043707971482,-0.431123567713545,-0.301084133911918,-0.188669948949704,-0.234594079747315,-0.155697811006579,-0.38926967261014,-0.361643221638996,0.0125565831873271,0.352842334285335,-0.309447629688843,-0.226371694652758,-0.128387211503512,-0.346117554149961,-0.28506826233915,-0.322194194897785,-0.242895094230204,-0.219369895664421,-0.261391152010635,-0.189974918884576,0.0115878582076989,0.133193311801407,-0.168759184838868,0.0813110444206828,-0.229544705095517,0.0442972718372492,-0.225351443660666,-0.23990245835996,0.055607189346833,-0.106639143005601
0.217024120506694,0,0.332296959340769,0.22123671263129,0.430290981233986,0.498868972645621,0.428270591882586,0.638850144131472,0.544792557923399,-0.11538077724601,0.0470983101206744,0.0230709331988723,-0.0604330730170012,0.0441989223163788,-0.151393579863112,0.648008517604255,0.0598837744481754,0.184354605794701,0.1117042878939,-0.174802134289712,-0.0561766971920584,-0.183180048123665,-0.115229051369458,-0.216866877823326,-0.204496091655693,-0.0342180333935957,-0.281636583213843,-0.305053609164815,0.0655471630489704,-0.222770178232209,-0.157221389721929,0.108377611121825,-0.0178461129716579,0.0167131333372368,-0.262212068732213,0.18600617642071,-0.0965365891174462,0.0179028740153357,-0.00398386410812493,-0.12947242214613,-0.313717914303641,-0.137272496960477,-0.141556531303539,-0.186703872678983,-0.189963258684165,-0.231226940288574,-0.327703201772053,-0.210548675330843,0.293056612709699,-0.0383857460672904,0.233704088022073,0.762233665101992,0.385338045325243,0.081128092950941,0.53758665239633,0.437253251895114,0.496062072601136,0.570973547849031,-0.113233429352898,0.0523634967548785,-0.0439991915843024,-0.0117547875884864,-0.0732459884164456,0.101373461202364,0.112484039746292,-0.0691845650178482,0.063975140899536,0.16263907780965,-0.101350398583483,0.138944817226529,0.0401042545689878,-0.125224110081939,-0.192528836562794,-0.127650242108032,-0.0740336723752921,-0.221527872163955,0.0718051759550128,-0.290872804871783,-0.190123031719112,-0.141340320285834,-0.33125623502289,-0.304019626141219,-0.304645473009883,-0.212116941652824,-0.300291990713331,-0.364560450655014,-0.0591809432622548,-0.282984105415604,0.0521424428438557,-0.355094726617901,-0.0316826898852551,-0.0236891512862892,-0.0209291605319283,-0.210797068800319,-0.205893896465727,-0.155535334196486,-0.146099929762811,-0.229967979836485,0.23883302547463,0.0511200911496855
0.319154719728727,0.332296959340769,0,-0.240439342686079,0.0502089467426671,0.592753181445118,0.239940930548838,0.404059850249249,0.478505465315722,-0.166617600559141,0.153406150644595,0.295595816007395,0.163266532765338,0.112258046441969,-0.0642749788047604,0.0442452575646944,0.314715259320898,0.298714870061096,0.299201860966094,-0.0408430028708761,0.0390122202643565,0.196754121638193,0.00374156146955324,0.191356406537722,0.0613688527895755,0.33369736547631,-0.137240769941514,-0.257337668695898,0.143994865591945,-0.120205486344306,-0.0781214030838316,-0.107138225771289,-0.346431231930708,0.279082490196922,-0.047646762485625,0.322926755144639,-0.0313851666943843,-0.103627477907014,0.0252728396742425,-0.0644781478569511,0.00313620829312734,0.280366103088153,0.315588607897167,0.126697775067973,0.0962529140960588,-0.167898393458599,-0.209693797018327,-0.140355708099681,0.499292046097678,0.254446425005161,0.0216921426773864,0.34866852204549,-0.0886550391631193,-0.327809264024109,0.457273785844016,0.514431717971725,0.325871762981431,0.353550983035565,0.123216080116483,0.370034369120528,0.192179655130908,0.120334529092305,0.093817659328257,0.14445180470856,0.111247627436699,0.0313081893385404,0.0612927254617,0.154836265078633,0.0583621885994838,0.233235136671249,0.0550445370410322,-0.0172004292846439,-0.0421190404981086,-0.0142673509279501,0.247131921986091,0.254340403238597,0.0927512699565996,-0.136594956746859,-0.23715473681166,-0.212888901062924,-0.0631022620532345,-0.0611394101360761,-0.0198359143599417,-0.0749764956503371,-0.170543055442526,-0.211496451218488,0.0367240477998832,-0.305750125170598,0.300365601854841,0.0503979976133706,-0.329361087408174,0.157383122258694,-0.0191430644191361,0.24300091560848,0.0479176402282228,0.184275200660448,-0.134802580635799,-0.141932158899486,0.38955877241037,0.287035096617535
-0.268092587944466,0.22123671263129,-0.240439342686079,0,0.5237870382728,-0.0379804206290544,0.0528573666323435,0.152369789614685,0.134849000615142,-0.0123632782631166,-0.0523423383500037,-0.127187580407837,0.0885088601382628,0.304328425815477,0.381857023352981,0.209937464645259,0.00153449353398286,0.162228312563486,0.112497690152548,0.20074953184688,0.397695036245289,-0.087089840086112,0.353248875247589,-0.168713175159252,-0.191293560033324,-0.329120704199638,0.0983286289993001,0.0503629468629142,0.118444416926598,0.248420687490694,0.0210266784150942,0.322741294969308,0.532556966906127,0.0323988372101981,0.0519903741604229,-0.0647404803639217,-0.0126170595607777,0.136883554529568,0.043182089368108,-0.0332888166855213,-0.0969569251203029,-0.3419870618885,-0.205922371745807,-0.0346411563718917,-0.109480784867774,0.204419461432994,0.329609059455282,0.287157893145767,-0.179767268504563,-0.123727970087222,0.080770379559294,0.245939678049833,0.441100695232323,0.775309743232736,0.106073067128984,-0.00762812578891944,0.270511264516275,0.181282294726484,-0.193441504346795,-0.10542631338531,-0.0384453780056701,0.169972809118982,0.271318515495201,0.306019411301582,0.345863414016023,0.321789127036548,0.0815730479706711,0.243309848726071,0.160028368275602,0.137766923430175,0.416052250393392,0.154312543493906,0.413579581924333,-0.0460587205701861,-0.0935396945816672,-0.259099346419941,0.217765231865135,0.229019195737115,0.125087303904082,0.298407034645137,-0.0263816249559807,-0.132671721478189,-0.0597186767471275,0.0470588213237212,0.0968310799179226,0.297046836662675,0.0067439059524986,-0.046335588959336,-0.0136185573653524,-0.202504049669776,0.3654228232985,-0.295018310477636,-0.0337357513349808,-0.311707998085465,-0.0897713876860038,-0.087030702504237,0.22080219590379,0.390304058809255,-0.110407324580146,-0.100405676478816
-0.272751579631251,0.430290981233986,0.0502089467426671,0.5237870382728,0,0.406370746417341,0.111285874071911,0.454256349627685,0.451298464439475,0.052224126024203,0.19099202513523,0.165025060870481,0.134499507074246,0.329455510408454,0.206354233512672,0.387005097555279,0.126406764043628,0.291592663945092,0.307614231580742,0.195200626737706,0.370360336590406,-0.0810530730548879,0.177966092424055,0.0855276197922045,-0.247026248788638,-0.0971746986311052,-0.00174383065909687,-0.0480274287269849,0.399866888033493,0.0133432878234729,-0.279310666291056,-0.145583210077648,0.130209319379762,0.154714334877214,-0.0983941258982787,0.132325409744509,0.0968206128897278,-0.277404852382402,-0.104042914836519,-0.127021343195683,-0.208361640946269,-0.424422342806622,-0.217166463436357,-0.129122942085051,-0.0152330287485921,-0.0597642050666053,-0.0341181003068457,-0.0233094007262217,-0.0717209153218541,-0.0347534853176653,-0.211414955010448,0.44154574015803,0.319699461141831,0.666252039652015,0.630028565358988,0.426783852927111,0.290705726897442,0.589746884410036,-0.0691557452917975,0.0841922059996161,0.203368179876692,0.17069154975873,0.181409298088585,0.321902055730771,0.448593878073826,0.174917191150327,-0.0293438717515291,0.317897306504525,0.21246922343487,0.257231801751351,0.460108802674677,0.00999295686307729,0.133355576047923,-0.127301053259895,0.137761161339706,-0.136556398854169,0.398212120020233,0.0239635614195368,-0.0633767459504607,-0.213331163858681,0.0473350709534137,-0.131977961427209,-0.0492401066215308,-0.0936937722006578,-0.0800180574841799,-0.072602207018361,-0.00195844628740458,-0.261344889650263,0.158503668076682,-0.205528274219247,-0.0889574653147041,-0.37991060156686,-0.184873456290023,-0.452414604406555,-0.259516293165394,-0.264908314325321,-0.101113303072623,-0.00916492625721826,0.0469009615611182,-0.017860708128905
0.0113551513520119,0.498868972645621,0.592753181445118,-0.0379804206290544,0.406370746417341,0,0.265482238825371,0.54623983739005,0.786521107403078,-0.00318652660057481,0.323032926475728,0.34804193347862,0.305231370864264,0.331251013864451,0.114990971484509,0.162410272395877,0.251151486475088,0.361847386669296,0.354108258416339,0.0861986796501043,0.236149525240443,0.0893765178052871,0.0395914763840452,0.154993775774491,-0.0680836665593468,0.241542651929177,-0.146843705030492,-0.163065360618499,0.425392993301818,-0.080839266261251,-0.312531695813189,-0.208904861603765,-0.284571564038192,0.221989844439508,-0.0724986516610252,0.505790659249711,0.165971535485562,-0.237316899834934,0.0334845255155489,-0.0732559050825677,-0.143834704912221,-0.0324530536197959,0.174598455416149,-0.0342798833241803,0.00916600923383195,-0.208397256113114,-0.182256885930857,-0.262278979937766,0.558827872808736,0.282460485218741,-0.123777717476932,0.506319619620802,0.0434829181552848,-0.0835086072983045,0.752674479909417,0.856173146843062,0.36777570606991,0.625985614596214,0.191493682917461,0.36054420272277,0.263312885035669,0.296991376990174,0.237339732362688,0.30478536285583,0.333758078973188,0.177166037941081,0.0634066203796073,0.290023398200935,0.10369341184576,0.286944007008691,0.316754593956931,0.0165641965761903,-0.0793173335710585,-0.0473646352896296,0.237224699331915,0.135707851619561,0.409263585552921,-0.11801004180065,-0.326437731685487,-0.398201455889962,-0.0560972128903553,-0.160337848487712,-0.170697037667823,-0.114130519492283,-0.25902472312821,-0.288174256255843,0.164915917605809,-0.309111474342411,0.450659134562494,-0.108829383649197,-0.351972917314667,0.0367892484514657,-0.052711363126263,-0.0483247479768397,-0.101238599423845,-0.113027347829715,-0.232752416610571,-0.250425905812282,0.585711909836307,0.33698543409825
0.129006931078721,0.428270591882586,0.239940930548838,0.0528573666323435,0.111285874071911,0.265482238825371,0,0.397651208985523,0.359960789726926,-0.0357369985164553,0.0875352335500808,0.0457367669985347,0.0111103962894201,-0.0899144377668592,-0.180563441211262,0.534983601567045,-0.0336974961088129,0.0145089535560258,-0.0675057445037522,0.0111392984563414,-0.153241855621571,-0.184697468221988,-0.216823497852019,-0.0994896698544517,-0.0301985587069548,0.0107600865200814,-0.308214779928712,-0.294915987211506,0.0297339575107748,-0.244547682790242,-0.103699798057387,-0.00261100888765765,-0.140981324159465,-0.0701989216346067,-0.255657973665135,0.287468593753327,-0.177747848545082,0.166028307708519,0.131820251639148,0.375615679024736,-0.0839404687335348,0.00351505372128342,0.00189817534726305,-0.000386635664162488,-0.182156486719608,-0.172485589345991,-0.262639576310874,-0.25892037975802,0.362673360569292,0.0567585427921172,0.239133567519135,0.54221604444552,0.59663349443625,-0.0529245644466589,0.258836724778911,0.235586583234026,0.320266108022799,0.329146830794344,-0.0785606546828886,0.046157817916457,0.0339826572023621,0.00802386392159959,-0.0658380407129342,-0.0765262813898464,-0.0622037329479196,-0.132536453213185,0.627343353424098,-0.0151839438246285,-0.116383766819762,-0.065995259527386,-0.0470579543970485,-0.029582696526329,-0.204481033627556,0.489741028833515,0.0366950058465216,-0.0184453944899658,0.00183870204380453,-0.300711375686558,-0.100652197329983,-0.107782323520836,-0.268445988132497,-0.303628016265927,-0.244802995356644,-0.202605839956324,-0.26789279838391,-0.259097270719229,-0.0477464012103657,-0.232965956773766,0.20121991249218,-0.105533321028904,0.102163648439005,0.21968534706096,0.397689118029555,0.00839230477195141,0.179458575362154,0.0639240817408192,-0.0616499534238471,-0.137904100127091,0.364600530627162,0.252871661878912
0.0366366364983942,0.638850144131472,0.404059850249249,0.152369789614685,0.454256349627685,0.54623983739005,0.397651208985523,0,0.690262970102563,-0.163137234436855,0.111941738612657,0.168120083791286,0.0994046843164415,0.290436720285443,0.0206730011811235,0.530155811144628,0.374771907896977,0.564120445772509,0.472729259031424,-0.0598207112339218,0.117655066594981,0.146129151410478,0.159997338345291,-0.025145078926809,-0.138461592146286,0.13965575210738,-0.14995157867644,-0.223960023353433,0.155513784082087,-0.104886660913921,-0.299350002725486,-0.210333901104789,-0.258985504328444,0.364465935637821,-0.0298468673671632,0.192205875032736,-0.0477286424504034,-0.251660984746803,-0.196011234980326,-0.319834325348257,-0.323799682417597,-0.0535116759856067,0.0142407894713808,-0.23110599062735,-0.230425587991939,-0.240360345389109,-0.176303489171164,-0.169427844610931,0.276684797223018,0.00560964858629843,-0.0696644453501078,0.731005391066384,0.321702206426246,0.0449699165614538,0.657972611630756,0.52215909080473,0.78084692851508,0.830215058399124,-0.085217936866657,0.185775136200248,0.109590385519051,0.0855739519709762,0.0412253973395516,0.322111533008518,0.392253469925852,0.103189803392292,0.076530898208498,0.449419868494368,0.182817007211409,0.523756879631403,0.259048083962713,0.144579642323509,0.00391123610522909,-0.190781711006676,0.162720171941817,0.00235598008507733,0.236944497743488,-0.120205519282821,-0.286846625298887,-0.353205450353052,-0.180866727845806,-0.274340377155672,-0.309594113946872,-0.0662915266297386,-0.257326983882917,-0.240175477426775,0.0139953817333908,-0.230390126479915,0.192011935794787,-0.245715510852895,-0.352587448077821,-0.00969132679369106,-0.194237812187479,-0.126818504040214,-0.189419499757795,-0.194566084622662,-0.209561880939837,-0.194509443669142,0.271345934287262,0.111905392044252
-0.0831289003889593,0.544792557923399,0.478505465315722,0.134849000615142,0.451298464439475,0.786521107403078,0.359960789726926,0.690262970102563,0,0.0348781815104308,0.272479042398433,0.282734376012948,0.293365060987089,0.369974713384464,0.169092681172268,0.225379265266112,0.248026330310743,0.425230181972088,0.379549716306916,0.0871033143753293,0.221112629068238,0.0512992102549331,0.155916309529487,0.0130854333409063,-0.149351617178452,0.120159594376285,-0.11184379753204,-0.0984896227620304,0.348484396347742,0.00487588880169347,-0.305432962265153,-0.169997627769094,-0.204653521081495,0.222381370123738,-0.020354302853319,0.528070565001578,0.15392912876516,-0.205463540314266,-0.0173717489197693,-0.132885710445291,-0.193869970700486,-0.121914467766969,0.0654492113695526,-0.118769941066554,-0.149227854150984,-0.1469956666903,-0.0775911417641679,-0.176424301235852,0.45773484596167,0.201499740331957,-0.125152633500474,0.59451860523891,0.191251213365057,0.036549689942796,0.731151154986451,0.768512913496148,0.535745854353909,0.783342077923408,0.163024758001963,0.24968762175266,0.199048133113597,0.309481982747692,0.229805358763358,0.388390728556466,0.399953289854271,0.25690342346934,0.20495470176848,0.357832021894145,0.0485515573554147,0.345503326014046,0.357920042381345,0.0849429035366219,0.0174636787037876,0.021907405782804,0.131504694672703,0.014435136779268,0.424679722081117,-0.0143124429008877,-0.293745960113233,-0.368590858453061,-0.153480191221471,-0.242771402468985,-0.290727395284761,-0.0774673817160087,-0.244806855407448,-0.205901055275741,0.205699649358063,-0.228408046009414,0.41821053757787,-0.19024109740439,-0.249719933747824,0.0846351856052238,-0.0193268300431411,-0.0997469062347534,-0.158412555488742,-0.162387315047398,-0.12891471892961,-0.145023454599881,0.522420251061963,0.287505972863514
-0.0719167026162281,-0.11538077724601,-0.166617600559141,-0.0123632782631166,0.052224126024203,-0.00318652660057481,-0.0357369985164553,-0.163137234436855,0.0348781815104308,0,0.414436093292829,0.26168276904096,0.0728642161710749,-0.0973553104629542,-0.016097781242498,-0.191610831766534,-0.263618569650587,-0.310551242938447,-0.225933057977839,-0.247264432456774,-0.152155648991605,-0.285128157905269,-0.137755695400326,0.130192083016589,0.538776518355558,0.0289878457148295,-0.0952050897750507,0.166647480091567,0.208047601815487,-0.12835956942746,0.127733172586399,0.0340661332086173,0.0315569928658451,-0.243709284137568,-0.249672099490357,0.07503789284604,0.373824152812471,0.0229956352435085,0.0501854416798984,0.180690501820678,-0.050977169405347,-0.102269252531839,-0.184466468835592,-0.00653616737494482,0.128036127634845,-0.168666320024143,-0.100780598524951,-0.246486762510615,-0.0608385365730289,-0.101200912440884,-0.0375192248899344,-0.211538189442678,-0.0797464984319772,0.0394720609972829,0.00620189719238443,0.0265465859130854,-0.0827441811141767,-0.0879242034577997,0.623661679371697,-0.0901404377459744,0.0265436619019315,0.0467407194375939,0.0353347010675794,-0.134202102035576,-0.112527618599047,-0.0682955759051423,0.113158548476385,-0.239015018847781,-0.114278309891761,-0.32175699615633,-0.119609771691606,-0.16417309430634,-0.173058692988092,0.16884070788648,-0.141935120507999,0.0278111417621803,0.216959814354428,-0.0347099759154316,0.375992819605928,0.0338368738799901,0.0294076970134485,-0.0296202755822372,0.217826072374911,-0.219521707818688,-0.110194904235393,-0.13289016777842,0.277152382036755,-0.0816046529314114,-0.165375064421057,-0.00277931869007072,0.0415848505356096,0.352893494213039,0.0887344007570846,-0.0310246108601295,-0.232712755563067,-0.112349932977257,-0.199530165197029,-0.183788449957985,0.00165110711405752,-0.116924881020025
-0.219553688838049,0.0470983101206744,0.153406150644595,-0.0523423383500037,0.19099202513523,0.323032926475728,0.0875352335500808,0.111941738612657,0.272479042398433,0.414436093292829,0,0.765871176619225,0.457182358833635,0.162401731312162,0.10038928700133,-0.077273700906033,0.16768018589721,0.086708864241188,0.105180441811003,0.0447839633899267,0.098999879874736,0.0447138705809199,-0.129376554749115,0.482503137585121,0.283252240406941,0.48588389322288,-0.112846973003033,0.0506431263676225,0.433823630681374,-0.0863814335898666,-0.290203603193823,-0.266015266346123,-0.258152924968776,0.0959540652712534,-0.113795966966699,0.337374290697342,0.320429039751154,-0.294980160856877,-0.00190699411440771,0.134693931294615,0.166640115629764,0.132772293944082,0.326961513253407,0.152079521564563,0.159348197132637,-0.19983550227923,-0.188068418515783,-0.27217426672502,0.32486544462073,0.308013460239382,-0.252094892489732,0.0626817114410839,-0.0706457265419956,0.0208053312700251,0.226634941956304,0.293518350763882,0.0735832153511329,0.217315851722091,0.60918770854479,0.534026444220268,0.58172720182206,0.386577188217767,0.173424073344153,0.0349212695763541,0.0474357466173098,0.078076139886257,0.226980298926609,-0.0458395367979498,0.0376007605224571,0.00965659741025254,0.0990866498129733,-0.0149485039105468,-0.171258141542728,0.216634345729713,0.252458115944602,0.432565509122629,0.301386121731708,-0.0937507716024435,-0.103963390193259,-0.341129283276769,0.0934327789786422,0.00517763193011782,0.0967629742691362,-0.128106553135479,-0.206824091671779,-0.22811139192511,0.238263289824377,-0.236488112967612,0.286736940322057,0.217671218038377,-0.241631854318446,0.207627409115866,0.14399096199493,0.193352328881431,0.0969625835869447,0.0602371658091763,-0.240352020640555,-0.210728827544168,0.413598695202029,0.327091474382072
-0.239845672300576,0.0230709331988723,0.295595816007395,-0.127187580407837,0.165025060870481,0.34804193347862,0.0457367669985347,0.168120083791286,0.282734376012948,0.26168276904096,0.765871176619225,0,0.49936365581048,0.213747314669574,0.0829206360218916,-0.105217318785079,0.361303476389142,0.200167529770294,0.323229574619261,0.0869455347043568,0.138917850144985,0.165569415649519,-0.0535370261079088,0.568373737352123,0.235228744358937,0.619639967253383,-0.111595301184901,-0.0308383998637544,0.409662716484445,-0.0538479649376832,-0.333172709957887,-0.346274507479626,-0.34164558925816,0.216899549645271,-0.0774370090475429,0.349869293610017,0.271980153937861,-0.306497842435696,0.0633002837480948,0.0712759090993136,0.124820059570011,0.231059178894126,0.434932825939456,0.14409653341268,0.184192269859868,-0.231539806486965,-0.214341183821654,-0.299396872464741,0.283780222492989,0.320575985577365,-0.360120899600055,0.0319359177764053,-0.114540478239795,-0.0459133967469195,0.246304167328324,0.294157346699077,0.103833327704754,0.245288362286662,0.590863793074966,0.661638440050133,0.720342142843946,0.435486877543589,0.228704603501723,0.153676468621528,0.172884236580678,0.0825785738181509,0.187926737923223,0.15417232746197,0.124848964864147,0.127049267314756,0.14207425604497,0.089972027828855,-0.105571266149469,0.201997052575019,0.425849460464593,0.560673834574016,0.297564441490183,-0.0599421550154261,-0.165118986573256,-0.398142727126639,0.135070662785458,0.00772132667591675,0.108654732638501,-0.0845047040398696,-0.197319607801606,-0.236881887377438,0.23474621252965,-0.291349237008457,0.334857160022172,0.226426366797675,-0.380481602792513,0.280066372616988,0.147955057248579,0.292873583811982,0.181316786364662,0.125237842447834,-0.269429175326785,-0.199448339114819,0.32925382619197,0.331587956625347
-0.378089076284041,-0.0604330730170012,0.163266532765338,0.0885088601382628,0.134499507074246,0.305231370864264,0.0111103962894201,0.0994046843164415,0.293365060987089,0.0728642161710749,0.457182358833635,0.49936365581048,0,0.491773402285131,0.451005092754674,-0.205548781741359,0.459963499837066,0.27485851719638,0.372843729779651,0.349511077653298,0.387553792140433,0.384877597254328,0.218021917002293,0.345340290240261,-0.0113945705759551,0.273118162252041,0.227751001406987,0.252340616663439,0.44261246297184,0.266162659105816,-0.252728010127614,-0.273912913279533,-0.0973734284271281,0.333449136741255,0.331372806677235,0.392069117830981,0.36312859518952,-0.22006147662032,0.176839858330164,0.105087432381639,0.221166999210019,0.0255521121268768,0.371947494551681,0.226716649743813,0.234293528407599,0.184054223569779,0.240940360806591,0.0502237412188732,0.207491295737508,0.406345840851078,-0.413166591749475,0.00643575588581281,-0.192968623764661,0.0233944475431705,0.216992051208452,0.261734372380616,0.0180383328923655,0.230536669456539,0.371116743438582,0.55920209879549,0.594683019417149,0.82902948719151,0.561634965042196,0.427376125575433,0.345416165922092,0.418017042221471,0.174644215263424,0.25500913290764,0.241931830806546,0.205161204185878,0.367824392540284,0.357697844931537,0.151848838373067,0.200757276080361,0.347776773437928,0.323811362706846,0.441931777632906,0.276610098281267,-0.0455256344132087,-0.318009377727322,0.163909109900077,0.170173104565114,0.0411774327783174,0.26416952829811,0.0480647960639423,0.154422851786248,0.370426828767851,-0.0108168506311716,0.495052853599047,0.285773515513765,-0.27799361769748,0.0976140220991627,0.183621617501191,0.137568009057235,0.308856513649959,0.139234029314701,0.093190503083586,0.0884362710445741,0.291999318575189,0.438271508234306
-0.376751615834947,0.0441989223163788,0.112258046441969,0.304328425815477,0.329455510408454,0.331251013864451,-0.0899144377668592,0.290436720285443,0.369974713384464,-0.0973553104629542,0.162401731312162,0.213747314669574,0.491773402285131,0,0.738308369398729,-0.103954379849298,0.416640182540217,0.519525791361938,0.625312379352114,0.453138039616887,0.75048288070016,0.456877942930091,0.646427410667766,0.255173559520007,-0.195508341588873,0.0807135567618649,0.369018639927241,0.298052289227295,0.541596322586238,0.416546536695942,-0.366297934235644,-0.190551966810702,-0.0119718499252037,0.383296712464103,0.435788872414389,0.225404513247732,0.318163326995782,-0.254306950232626,-0.0518604616106992,-0.163704795161265,-0.0479309674441554,-0.119594528296669,0.130962765527475,0.0307740609863599,-0.01366616281744,0.191346520838634,0.456315626342777,0.268749606617583,0.08693074345151,0.223730282820258,-0.37211680708204,0.0931189375596757,-0.047695649600581,0.178017158993518,0.357767975223617,0.284124409942349,0.226563919333367,0.33823405940765,0.0171357352817724,0.284530219423982,0.217008802772534,0.498300058398317,0.642586196002236,0.605938675309098,0.682860659285363,0.67909421942623,-0.0569014150329093,0.533568302705662,0.526000472142479,0.504326951967967,0.75986746558169,0.55865027929573,0.496462390166114,-0.109864125360959,0.349941151971455,0.128745695571582,0.683567795963843,0.450045568834346,-0.254460755495967,-0.208031532213693,0.320842727489854,0.0390900850719468,-0.166583725663678,0.318124564629974,0.182802473105464,0.336785916581839,0.38060594378349,0.106480650220177,0.416017386304912,0.0551536637619309,-0.244028657684796,-0.195587064304591,-0.101996697889351,-0.115319842418851,0.035890339846208,-0.0381881149898745,0.118733089081508,0.322594648184988,0.152983712585396,0.220172255373466
-0.375717130463714,-0.151393579863112,-0.0642749788047604,0.381857023352981,0.206354233512672,0.114990971484509,-0.180563441211262,0.0206730011811235,0.169092681172268,-0.016097781242498,0.10038928700133,0.0829206360218916,0.451005092754674,0.738308369398729,0,-0.272606588702673,0.161734904301529,0.336549419852707,0.305812649954062,0.484292068828259,0.760632624702432,0.287236152571734,0.709350172735122,0.154965399809263,-0.174379233336802,0.00224615743781336,0.469807297096444,0.487138952762246,0.479072370621447,0.592394848947936,-0.303283619439932,-0.0944268554187461,0.170551842891767,0.199036226800399,0.421648427420459,0.154312757815337,0.271710742924612,-0.216163996895124,-0.118906827718303,-0.1213961469107,-0.0179653963194524,-0.108174398563597,0.0453658928856802,0.0873042145267812,-0.00856856034985259,0.376312824915188,0.615495935154027,0.453504075678322,-0.0492492512075416,0.140836435220487,-0.296301427909218,-0.102652620201742,-0.0998766222476774,0.251034804823888,0.0848360294511294,0.0831608035756833,0.02840224850015,0.0879623198757239,0.00931632574352832,0.201679918185639,0.180128045321783,0.451880485158376,0.702361918735757,0.585638802428992,0.626846613482584,0.8691448300463,-0.0778630172110768,0.32189965684934,0.409313906066163,0.331826474443648,0.75928530471536,0.500868847435218,0.616556011441318,-0.0232943253432175,0.226225886088448,0.127542650032923,0.61417284174222,0.636126745994343,-0.177115805012662,-0.0583474298484223,0.333604526450528,0.0177731569647591,-0.0958372596122969,0.317758369812611,0.355801840209115,0.520616314606882,0.351742953003045,0.288055550884055,0.343438043603109,0.0684489441497226,-0.110793516037056,-0.263522833787454,-0.139544379314669,-0.0587071890677359,0.0476553270312471,0.00327098618254441,0.284187215109831,0.540873550372928,0.0392086745847929,0.146232224838124
0.195409499405836,0.648008517604255,0.0442452575646944,0.209937464645259,0.387005097555279,0.162410272395877,0.534983601567045,0.530155811144628,0.225379265266112,-0.191610831766534,-0.077273700906033,-0.105217318785079,-0.205548781741359,-0.103954379849298,-0.272606588702673,0,0.0460951650855488,0.150629363398288,0.0537995925071603,-0.0867143189984377,-0.106550177752075,-0.206998904030026,-0.200685128005565,-0.126413493851678,-0.203745251026335,-0.154874098695557,-0.291721201984947,-0.327732115540721,-0.0340952158718251,-0.316155620622834,-0.104707668614905,-0.0208369504238533,-0.00762785949038678,0.0260846338461267,-0.308810857090758,-0.042613638689007,-0.293214696461064,0.027128043522227,-0.0570163647753411,-0.027520654033186,-0.307912245175977,-0.232672991505686,-0.253190241293142,-0.240299276026339,-0.248927692601629,-0.24415684753973,-0.401251795554855,-0.250187181565378,0.0132515835090467,-0.203591672870927,0.267797205628953,0.638485589137415,0.639550052642665,0.190257696135053,0.333968456520858,0.156672482649356,0.395072924101226,0.44272873119446,-0.304584834238936,-0.0907860185621985,-0.0680935606050708,-0.182580733776534,-0.258061037319267,-0.0775618426947374,0.0335247985676073,-0.242600954183434,0.158281012778995,0.124226305733209,-0.000121578822933665,0.132512524258423,-0.0239165155745337,-0.11764358133125,-0.221058206971405,-8.03308611386716e-05,0.0289309590827011,-0.24126905228851,-0.0750243093708915,-0.346124126158047,-0.107933437414115,-0.0724367799453295,-0.274327331816076,-0.273349263753921,-0.244519800996836,-0.189063636966307,-0.259149946366009,-0.340446499662697,-0.272756776813068,-0.248639439733422,-0.0527196093628238,-0.302111929885285,0.0645417686029333,-0.1446040116875,0.02030203777201,-0.307609680051973,-0.124317986854588,-0.20466869510786,-0.166818117036448,-0.262033383336882,0.0225474536999461,-0.100180234484459
-0.17619846003163,0.0598837744481754,0.314715259320898,0.00153449353398286,0.126406764043628,0.251151486475088,-0.0336974961088129,0.374771907896977,0.248026330310743,-0.263618569650587,0.16768018589721,0.361303476389142,0.459963499837066,0.416640182540217,0.161734904301529,0.0460951650855488,0,0.63152334375895,0.717328482391351,0.311108963668383,0.350528164794847,0.567771925361015,0.270593944245775,0.423812152060896,-0.0897757987870069,0.305224224362045,0.16774955173034,-0.00319593890656541,0.254641755474675,0.107941676974337,-0.167904762370689,-0.31030223256874,-0.247286329420631,0.684350837532228,0.265518463895767,0.205585508861028,0.135019489460062,-0.224204296916954,-0.0156945207726834,-0.163320442901072,0.128380211783128,0.136267915187627,0.350031783311603,0.180190116885614,0.140885644574158,0.0175529230788059,0.0257578695682627,-0.0363676389486769,0.14975682509183,0.330913067605565,-0.343094016962405,0.111240340462736,-0.0688944455926215,-0.0949276311367312,0.297310252268364,0.2141801891435,0.306982998424144,0.356146788926528,0.105189176716321,0.444522155465868,0.403572162315791,0.314476221587665,0.212134361686744,0.384538001318996,0.350827049861383,0.148940499624365,0.00263597100206197,0.566027904158377,0.431227920756492,0.605615353978671,0.316765247556775,0.350753478836429,0.178107606553513,-0.0677263240369879,0.507642375897831,0.30619048541107,0.209061059699978,0.109760947872922,-0.162231179257847,-0.309262011511615,0.0733683275090841,0.139495557213254,0.00519900996978655,0.285179533948573,-0.00331439458114848,0.00241351096232989,0.135505589719155,-0.191644228596519,0.39574487630755,0.215871370326619,-0.400650481432361,-0.0304479928152928,-0.036006847558873,0.0805669070132495,0.196246714683231,0.125798126621264,-0.0572574920369218,-0.0446569088059101,0.139776832377006,0.349318428437111
-0.197234246343455,0.184354605794701,0.298714870061096,0.162228312563486,0.291592663945092,0.361847386669296,0.0145089535560258,0.564120445772509,0.425230181972088,-0.310551242938447,0.086708864241188,0.200167529770294,0.27485851719638,0.519525791361938,0.336549419852707,0.150629363398288,0.63152334375895,0,0.681151015788727,0.474614270700341,0.515430046153688,0.551703548633119,0.465027937899333,0.333495877169047,-0.255931514971064,0.243650708170316,0.180324415632729,0.0661760206448699,0.33780857557143,0.143541666321441,-0.385402977940965,-0.357134371627671,-0.177703608292241,0.802328317353946,0.377121062063,0.343946789380792,0.144649167121043,-0.366871538495643,-0.193154324017137,-0.291162331925347,0.0719045497178682,0.111657639811315,0.270826087836932,-0.00123186202617195,0.00868264435138042,-0.0419474514537141,0.0911063065409559,0.101215753509785,0.178999515855432,0.294842740426863,-0.358173295792158,0.267350285620898,0.00859519213505854,0.0632002198534417,0.424503658233701,0.33887812410608,0.464406848663707,0.495916485101856,-0.0644110066629777,0.263780202323213,0.190235825272461,0.156429595739186,0.275785109739043,0.421955030778014,0.533770650869165,0.323976642764335,-0.0499807824903053,0.564365848337639,0.5769433111522,0.877005167508991,0.560140625815449,0.461155016702578,0.331433857787465,-0.162548302670651,0.421429881233513,0.201325786207152,0.372488834395967,0.18458919932458,-0.368915514295062,-0.365675613319622,0.1769922858186,0.101187670395595,-0.0921590172134347,0.228054638290863,-0.0142751370763917,0.0439560717850534,0.1868063855275,-0.0651291407183129,0.540546929172258,0.0788338390590056,-0.400936825683511,-0.200287811053537,-0.238609917876425,0.0359837275490508,-0.00406914514981263,-0.038530146824217,-0.128848357854915,0.0356192914890246,0.216757544682436,0.259633785512738
-0.224876817607351,0.1117042878939,0.299201860966094,0.112497690152548,0.307614231580742,0.354108258416339,-0.0675057445037522,0.472729259031424,0.379549716306916,-0.225933057977839,0.105180441811003,0.323229574619261,0.372843729779651,0.625312379352114,0.305812649954062,0.0537995925071603,0.717328482391351,0.681151015788727,0,0.336280495813075,0.521136716205804,0.481639815761942,0.436306412594041,0.380673643506701,-0.152721972906697,0.258147281295319,0.169752580866259,-0.0176018323761431,0.383197741184102,0.128202709641722,-0.28636197072451,-0.305148748814819,-0.198346100112642,0.598610243822825,0.264610389637047,0.190751444298728,0.231769848575177,-0.251433751950613,-0.0395379171229995,-0.290339254268252,-0.053447109778883,0.0216554888300368,0.225399263898405,0.029365837249093,0.0493451483735432,-0.0587485896823522,0.124544476369018,0.0140686403604125,0.118339607816883,0.27762517891065,-0.369520743669315,0.164699743084636,-0.0162223393558167,0.0591495956527475,0.41359308674542,0.295223731246066,0.358108408223846,0.455559839372946,0.0154040936712755,0.375432737173911,0.306782721906158,0.318485478788718,0.344751219416426,0.503732201930499,0.618004462058187,0.28932080698494,-0.13504058964986,0.737673294966019,0.522841524363389,0.647819583911672,0.538515622030337,0.381010459154171,0.302303979515011,-0.261806972682594,0.505072766834651,0.21856538701717,0.457984471862155,0.180521567593078,-0.242328896398494,-0.310483228659195,0.203584381802288,0.0267692875811761,-0.0842811487893175,0.187970228717782,-0.0188049756255633,0.0542174089027876,0.253137391383053,-0.21030491706502,0.369696816420392,0.0453639744882614,-0.441058411309787,-0.103405081336253,-0.159704073663116,-0.0600418418904487,0.0267601843632988,0.0154320047825357,-0.116175416564471,0.0348141313351902,0.0736305563353633,0.241843931056864
-0.424505103456106,-0.174802134289712,-0.0408430028708761,0.20074953184688,0.195200626737706,0.0861986796501043,0.0111392984563414,-0.0598207112339218,0.0871033143753293,-0.247264432456774,0.0447839633899267,0.0869455347043568,0.349511077653298,0.453138039616887,0.484292068828259,-0.0867143189984377,0.311108963668383,0.474614270700341,0.336280495813075,0,0.662759140414801,0.320578662448656,0.352094718895646,0.310348795804239,-0.406807712519686,-0.037067344295424,0.392545202644905,0.290784862205272,0.453177671387828,0.309647228634537,-0.317329845368942,-0.322458701707907,0.0424335869679492,0.419110552287825,0.414482182920416,0.412200238814299,0.211992625221113,-0.290216440362696,-0.0484565033359602,0.10793814547292,0.325520745714461,-0.0757864473690801,0.158107912748585,0.259112469020064,0.152649658496431,0.283551685425255,0.280741661311614,0.309599895427152,0.0687157479493573,0.399268776919112,-0.390637712395076,-0.105875453159684,-0.00901176388328428,0.231900987671248,0.0737339163277155,0.0588574910571699,-0.144952594876607,0.0355445169463431,-0.104183650847759,0.140771848367913,0.220036197243012,0.254249332150685,0.377461640636582,0.309526554476498,0.353680316170427,0.405356743709391,0.147664409939523,0.213954710245223,0.405592956878577,0.414365146493693,0.618341133621967,0.321253164536435,0.382709324970124,0.251985234074512,0.34456788911233,0.084054712185901,0.381046144032647,0.332195859357581,-0.219959592812194,-0.240550175648159,0.307333845261803,0.3053910726699,0.0221867727165579,0.315850095296964,0.237383656174655,0.287959641502072,0.202870055876254,0.163560137670849,0.653638834084335,0.274725712714607,-0.027224482031173,-0.375706773538324,0.0249746528112688,-0.0694150914343905,0.199462788155533,0.109086768531643,0.173370993755092,0.325441930268582,0.173151675237162,0.328252603425119
-0.393012328622026,-0.0561766971920584,0.0390122202643565,0.397695036245289,0.370360336590406,0.236149525240443,-0.153241855621571,0.117655066594981,0.221112629068238,-0.152155648991605,0.098999879874736,0.138917850144985,0.387553792140433,0.75048288070016,0.760632624702432,-0.106550177752075,0.350528164794847,0.515430046153688,0.521136716205804,0.662759140414801,0,0.320257682478111,0.638050382186231,0.332678833229826,-0.260343580757644,0.0171459975836176,0.394779294579093,0.293958389462201,0.584906675284936,0.427766789565702,-0.301696975121922,-0.19174015824549,0.119476930877955,0.368968214472024,0.358647221372,0.18257503079568,0.202967740428036,-0.300069389631814,-0.136154957414585,-0.177588301174667,-0.00354091526699477,-0.167960007588194,0.0494921337320881,0.102543859832046,0.00785066579125962,0.225708163926045,0.427201596333672,0.318994509715613,-0.0201121935432061,0.203899443024393,-0.318863341077879,-0.00267310551250423,0.0106002990311547,0.346908036312154,0.221394470873391,0.185832474201499,0.0666706750131574,0.195917346134575,-0.0750360430273481,0.221272348992853,0.218489012726233,0.365106968877708,0.554693947297155,0.502205469882116,0.637108002219228,0.652804536443906,-0.125600296686974,0.440070438394912,0.515418352583108,0.503103305550659,0.861809013282071,0.396647571646372,0.546223638986727,-0.0987602020042313,0.38778751822079,0.0988513193033938,0.600427946995934,0.456559369161016,-0.212512359491074,-0.143286852692989,0.323911540153002,0.0629237930921022,-0.0764728542194719,0.265505326269411,0.247867451793362,0.329436321980048,0.241604383871736,0.0907562633429612,0.43565050575565,0.0459984682027509,-0.131481877318735,-0.417882877236922,-0.187685750074998,-0.188337207134784,0.00734941332680756,-0.0306828930202837,0.118337800300291,0.402629718919321,0.0512168506371482,0.163636458048186
