0,0.253393217807555,0.161681943394577,-0.223274821431906,-0.0543557355188071,0.113183862026476,0.0824095757335246,0.0661967704996044,0.0340906446877347,0.183857561292394,-0.136649658449281,-0.220418347715366,-0.137373740919339,-0.317776370594191,-0.431914659585823,0.205622376824148,-0.149527381611197,-0.0492782334049271,-0.21852197726439,-0.147668752287605,-0.369067462258091,-0.18714308973829,-0.43793040866328,-0.360605178997222,0.210602950307467,-0.311782788603212,-0.123714899420703,-0.403711417714153,-0.164036458718576,-0.519047294855594,0.162425984818433,-0.195084770055184,-0.0852660526413491,-0.14336587113361,-0.146988515148207,-0.105041018609277,-0.235647832881054,0.332348132427493,-0.0526963454642464,-0.2363952628751,-0.0198789403283415,-0.0388514842589482,-0.0877124022218166,-0.0359884255855334,0.00976297087663515,-0.257691182566568,-0.287623395219224,-0.29634867937202,0.137784848791953,-0.0817723010839407,0.462799447545063,0.274201106112862,-0.187882279047153,-0.264029624644214,0.203124433601421,0.249613991283344,0.162407176137323,0.0594486778072238,0.129762118647856,-0.0376964252320785,0.0162607798956172,-0.0726609184499637,-0.181233369217295,-0.13379385299883,-0.205952476382514,-0.388123488410102,0.00343946105321805,-0.177814799102702,-0.137092195242088,0.181064856990517,-0.289072390311832,-0.0901480931207581,-0.398817766256418,-0.0700443888631884,-0.198236451662939,-0.0995255422038842,-0.0808480144021218,-0.422152045906213,0.0586362407192406,-0.374538464211338,-0.0935950434637913,0.13677051658683,0.268421866702087,-0.0641496902198095,-0.0505219610493131,-0.320554499436363,-0.186460810867106,-0.27403295254952,0.00461949419160182,-0.0698708623750191,-0.143769970287738,0.282816321743008,0.0959720728349951,0.333439687964595,0.0289638297874547,-0.016824109103831,-0.302557964912256,-0.0667325301823474,0.265502193704953,-0.0751357914657276
0.253393217807555,0,0.470749424916624,0.295043092147992,0.275130598679811,0.0938064294794041,0.218485952110228,0.36518349264287,0.235476693726198,-0.175995036190856,-0.141460281440175,-0.134304663691819,0.00388768133444567,-0.208080671472906,-0.254904917494251,0.33157128978572,-0.229604355079201,-0.157604624601526,-0.149742850766459,-0.218738452304002,-0.351093527697721,-0.234554073925884,-0.304102702558361,-0.254569521692221,-0.0697533186821089,-0.236834965321866,-0.00951167913023954,-0.0809410857356744,-0.184928238576636,-0.344899221792154,0.140654022039368,-0.0481406158945751,0.0633601866015421,-0.233942500778781,-0.215037319656686,0.1458596668817,-0.208507635489066,0.151101540846075,0.0106528571820223,-0.299630377074081,-0.0699052916557501,-0.181164624162896,-0.0859457481211669,0.0901245247643291,0.109668114960197,-0.124042541033093,-0.256658467667179,-0.199557614430499,0.0206076203356365,0.0393954696022292,0.0934697142238562,0.55657741668659,0.167351831617599,0.163044079561826,0.224556039294888,0.321851392296225,0.294995633229194,0.297279034937812,-0.142268111815879,-0.150396461405289,-0.0983877738934643,0.044728408245245,-0.0568732299945352,-0.185227089031646,-0.106391582670745,-0.29151447310118,-0.109346039254521,-0.218096931965524,-0.237568374362683,-0.0714337943082321,-0.274362503236226,-0.299210650014206,-0.30098021806551,-0.149992115740274,-0.159811865643577,-0.175533261183506,-0.237384077833401,-0.326287666099913,0.0613557731083848,-0.275705251564032,-0.179192472138933,-0.00127659363844406,0.250944109868969,-0.117439005400492,0.0805998997066261,-0.228404389458309,-0.268041853031695,-0.219884514255782,0.0558398946960376,0.0324003323169844,0.0447205307770588,0.0475788957634573,-0.00249889899559576,0.0288749054238646,-0.0952883391616403,0.014984024837603,-0.0972308320156195,-0.171662459023504,-0.00342737126765076,-0.0241251271130622
0.161681943394577,0.470749424916624,0,-0.173293774123329,-0.164485994680724,0.239701378723157,0.476712403438455,0.614453852867142,0.550588589822224,-0.113739237458169,0.233741534277068,0.133051961156639,0.282127995293967,0.0870565619802749,-0.0137219043010321,0.0858357107266431,0.175139961209106,0.087936118054434,0.200098503237726,-0.236384421633023,-0.0526542722034701,0.128701913881062,-0.0257775130285481,-0.0558649378943404,0.0146267450312764,-0.07685508532015,0.0979282814873404,-0.116261946749725,-0.0154479059166473,-0.106250679849159,-0.0407235005019686,0.0508892178430584,-0.275210252616597,-0.0761920292470967,-0.0190266663792629,0.213521646290007,-0.257023419090785,0.275076595376607,0.311606918753634,-0.155905796324457,0.297570417249407,-0.0221212107287134,0.307424230261008,0.169139184487257,0.0951380325138955,0.177938844695273,0.0922854628039592,0.0388440674689517,0.115355639166709,0.164916040943032,0.164257183538793,0.707672438472086,-0.0396419583594753,-0.40311191373286,0.197054024137286,0.696868253037716,0.422384263877864,0.555406805130311,0.0420879876928766,0.238774860400952,0.000352819782171975,0.349327717019882,-0.0299079309499655,0.145055479076944,0.117466386671286,0.0195162353260192,-0.236941739829893,0.141834280678506,0.00977238298256073,0.325530319625513,0.00684791074309699,0.0665296521506742,-0.127252853881274,-0.188941119292702,0.0149513409381594,0.0190522752574609,-0.00564255880218312,-0.0761593271022697,0.0405863165113412,-0.179538288224744,0.0431423382553442,0.0756417157857874,0.147137499891639,0.110679406962733,0.0198012886381048,-0.0589500067592941,-0.267898237662399,0.062037520954645,0.203732402905774,0.15852651421998,-0.0808246115646047,0.260837672360748,0.272728458340995,0.118415498217054,0.135098382528884,0.0945620687015027,0.202559685689336,0.0669150655261654,0.067098220931742,0.160338603101904
-0.223274821431906,0.295043092147992,-0.173293774123329,0,0.405449833704881,-0.0790259744370287,0.183401138913944,0.0427425797548361,-0.111049267831954,-0.293188124320483,-0.254595055603602,-0.206139806080583,-0.00749590581781414,0.0781106606118024,0.148678732992308,0.312835077997683,-0.345507812242761,-0.154154360837989,-0.0820724665701697,-0.0820014793078957,-0.0266089457908512,-0.293662637554659,0.0280527302022512,-0.246591233697148,-0.284373750536431,-0.204787622574506,-0.124978647358329,0.0408560701825041,-0.0928150468834321,0.0737984196366629,0.104555737972717,0.185937770316073,0.477099998237535,-0.181337401095154,-0.268384889147918,0.0692678419282342,0.0787185964681992,-0.0633449607265145,-0.11335439366966,-0.115401865845106,-0.244397179852288,-0.127319839878503,-0.353230405819962,0.161505164307219,0.0963782872792831,-0.0498179065171208,-0.13421418116438,-0.114913471787909,0.0531317616567853,0.0708879509378072,-0.139700599100695,0.0163693514801267,0.629456370438611,0.781331621300797,-0.0457299922884236,-0.136600766322699,0.212456978523668,-0.042183986780766,-0.29304529856189,-0.203647826034333,-0.0619700288674202,-0.013147918823401,0.249915191297881,0.0431482510978441,0.12684457279433,0.0858875408438711,0.16319381112438,-0.173333106767565,-0.269511582679821,-0.233714405298582,-0.0361662829887312,-0.432853786062946,0.0102911187668807,-0.186329775788392,-0.160898648693155,-0.296449088156693,-0.215233265175072,-0.0875075498697314,0.035337804253284,0.222161493841811,-0.330415107741805,-0.182575845793413,-0.112501448848499,-0.289278278400776,-0.184404426010665,-0.0974079483261964,0.0208587289871397,-0.239847816976291,-0.13209964057333,-0.1179917382269,0.21297852096681,-0.295345567783788,-0.284767291760293,-0.315141243811735,-0.38820428897249,-0.0163948343222965,-0.166931103419488,-0.187736385597593,-0.0731519199475365,-0.0183887672743771
-0.0543557355188071,0.275130598679811,-0.164485994680724,0.405449833704881,0,0.361806005296477,-0.198187257527754,-0.188217905201191,-0.186927527752597,-0.280049914549152,-0.231771196494509,-0.161967818989164,-0.0922637998995345,-0.155868453201382,-0.144294931541378,0.012571265846832,-0.289878706289891,-0.088066615850746,-0.234959775046824,0.0401023702301226,-0.261984428494686,-0.142985098353463,-0.0607444422847452,-0.126963297633929,-0.206652976261819,-0.176113624302614,0.0143475185462959,0.12417158429543,-0.167725534217548,-0.118229487816982,0.0576948703482683,-0.0420686363876894,0.168896838592893,-0.0492311767280411,-0.0468279212519969,0.0155461325497699,-0.0843575640960637,-0.212183723948191,-0.288154350394182,-0.200316350733036,-0.179983981198915,-0.202621736221051,-0.295009319794613,0.012876034684166,0.0197156438039625,-0.132864080126802,-0.133300572462222,-0.133828166194564,0.0450172165995704,0.0863520533623639,-0.288416974309293,-0.181491921813987,0.0587412460061594,0.463858076464731,0.403790494044875,-0.177550552190818,-0.176815171072823,-0.174854740687903,-0.233617167189657,-0.324605629002612,-0.0949097240136946,-0.107011518095639,0.0691676672260969,-0.24670832634411,-0.109772843524806,-0.195793107151884,0.018153307578937,-0.197642026499228,-0.15269748539483,-0.248437192342258,-0.202755160478619,-0.307608760249342,-0.135462403824313,-0.207230533826563,-0.173722373244678,-0.298657297948568,-0.207199669476601,-0.177229580235036,-0.00693001857135567,-0.190120474464342,-0.224867336208871,-0.0493331006554019,-0.136368845010527,-0.182949453967868,-0.13646608572877,-0.200660667664139,-0.197425761900336,-0.280950108803575,-0.150150131902096,-0.113384856733392,0.0677078621341874,-0.188344547543622,-0.382798695793471,-0.0728814708994436,-0.372822741326342,-0.204277066981048,-0.238451465627696,-0.233953845785322,0.0454027989915013,-0.0356130845384996
0.113183862026476,0.0938064294794041,0.239701378723157,-0.0790259744370287,0.361806005296477,0,0.10948781667238,0.186031704106425,0.308822891875667,0.138316652807587,0.0818372537574637,-0.0329357104908117,0.120412911165058,-0.048333014344921,-0.17474021862509,-0.139743495971444,0.0751520332595709,0.105330511046908,0.04155379799418,0.0245555248073165,-0.124582348919845,0.143386020618661,-0.0520260300746747,-0.145600912403922,0.132921110960447,-0.197833211101349,0.103184969090901,-0.0246633243524041,0.00875693639946028,-0.167441694448114,-0.0687813802983338,-0.162080486522043,-0.163025457830298,0.0526726188142022,0.0727378372897384,0.219477100306615,-0.0397018621633634,0.159379806072084,0.0593514148000137,-0.0826992763102253,0.223819416420788,0.0620622447897465,0.118123008897041,0.153602152396668,0.0974587373293533,0.0545853312353603,0.0556931287909115,0.0292611162963288,0.33925489148634,0.294328659807717,-0.15895615580227,0.0224322561488934,-0.247974394554259,-0.168205027407927,0.711598270609658,0.479308176982785,0.0895934329353937,0.180128621477245,0.127052015594178,0.105262816546237,0.118017055640168,0.0996013079768003,-0.0675599034488518,-0.0414761809675196,-0.0431659240789616,-0.157802531225989,0.0395516412772446,0.0692418169921573,0.0254403829509146,0.137753598708304,-0.0586470070343964,0.0188663206176177,-0.195424942226565,-0.238274714570056,-0.188475790623325,-0.0478976533302331,-0.0651624884802388,-0.180420298977745,0.103826762284623,-0.308948043904285,-0.0921087646977076,0.132666325530344,0.0331771955030772,0.0475113123669512,-0.218268967160125,-0.20045446023718,-0.0729119694160058,-0.05984044301521,0.0877760481919918,0.144398642530465,-0.144563280428183,0.0356959843902424,-0.0418351311221032,0.277452374817225,-0.0742665033757418,0.157948089422241,-0.0397584453688421,0.0104702330642658,0.370337782308983,0.27042139689168
0.0824095757335246,0.218485952110228,0.476712403438455,0.183401138913944,-0.198187257527754,0.10948781667238,0,0.638298560235615,0.493846126300952,-0.0689093028988733,0.228105599356069,0.0786814560441528,0.428441753031963,0.24025591759299,0.150175060854128,0.244163741318257,0.173144541136178,0.0610543751262059,0.345628236784494,-0.185101358148874,0.11490075168764,0.038675583420034,-0.00226366222999829,-0.279277198477018,0.00290027838708837,-0.203833713306849,0.0795014800352363,-0.0864603795951271,0.179087456025889,-0.0530980965586174,-0.0742398299907166,0.107211589899447,-0.00712758388400227,-0.137521503025449,-0.139416301787725,0.275049660395492,-0.0517214254691859,0.346696588413815,0.281713075028081,-0.0296844234064572,0.19876631808677,0.0789875251519842,0.0841657175996316,0.382653251649584,0.217168342480559,0.261552746035726,0.0682824137058336,0.0355042406842991,0.250157093685674,0.312566483389965,0.040994931621245,0.514585479010727,0.408064420479192,-0.0542408297511682,0.110463233436608,0.538693391245694,0.630838691210347,0.554169985837551,0.0916605214812842,0.337762754412383,0.186576772703559,0.465819420992487,0.234646585256151,0.418675566882227,0.347054820983689,0.193805577876323,-0.0533058227458364,0.239808579000724,-0.0990574069987642,0.339235597691804,0.17663304323002,-0.0177088663780803,-0.132185800152473,-0.297357743303071,-0.0309957038712825,-0.0852316958542365,0.154746063056654,-0.0934581838138164,0.126612941370413,-0.0215437267685438,-0.201557851120717,-0.0982424156046545,0.070645441104794,-0.0367823342828117,-0.239112562132655,-0.0704072383198699,0.032252709412948,0.0348921765657018,0.195179503575239,0.0748269327849594,-0.0247295168331898,0.111261035798061,0.220285902625456,0.040083552725531,-0.0738207061044743,0.298682996569079,0.14939547236389,0.0678218593883614,0.135885518273198,0.241770117073735
0.0661967704996044,0.36518349264287,0.614453852867142,0.0427425797548361,-0.188217905201191,0.186031704106425,0.638298560235615,0,0.737082439160245,-0.0735393132721422,0.187695272608813,0.0609897274388574,0.339048131914744,0.0970437258364177,0.0359073213546548,0.20457405345419,0.14429046832625,0.223861652076752,0.205437397902031,-0.171683383616728,0.0453332013523508,0.067265377778555,-0.0344375634803723,-0.239995119770252,0.0645529726416592,-0.0760096699574286,0.128394970592874,-0.0341116785139825,0.033034002288838,0.00274554644371635,-0.0353720061084145,0.0703913515973193,-0.168991545063073,-0.0654603813018194,-0.015132098313205,0.351150103639682,-0.0910126365834701,0.290032797750131,0.304837110482396,-0.184259704570427,0.207087508450436,0.0783794831986304,0.237309025481668,0.260694511503384,0.192531532671068,0.230206540580966,0.0663911682873076,0.0380386866640103,0.128352482068666,0.162559027287099,0.0123375791016618,0.587876188968321,0.248369846217454,-0.146753292482145,0.176759129208936,0.59482160975712,0.652825949189593,0.758361150963031,0.0275739421046886,0.214267678439906,0.10036215456625,0.406532561083088,0.0482411225209653,0.16246317879371,0.141056324002295,0.0872113688084602,-0.255799917629795,0.109630970156563,-0.0914379858120843,0.44151458270865,0.066958249199869,-0.01850377421511,-0.154333768264276,-0.309585183042926,-0.0966269442690702,0.0157860290779624,-0.0188649378125784,-0.0395976611410996,0.15015044656175,-0.0416711139049346,-0.160297814853094,-0.0647441469481472,0.255987844723176,0.0470029599398746,-0.104183291986196,-0.0949037424786097,-0.141012084476198,0.0731443850295058,0.15682204560272,0.0921026666599213,-0.123616111298676,0.0410314691802452,0.172156569867365,0.0184622638084368,0.0300998071241424,0.22561591850956,0.125903856708823,0.00507650633946634,0.0175982079281519,0.101479682531236
0.0340906446877347,0.235476693726198,0.550588589822224,-0.111049267831954,-0.186927527752597,0.308822891875667,0.493846126300952,0.737082439160245,0,0.0469331463191421,0.242797307368204,0.0452544206399894,0.241733339339379,0.00809372832618403,-0.0527874240512579,-0.11645914024643,0.156627939332533,0.0709578963317759,0.148633726442851,-0.126122889834454,-0.0200320856920712,0.177313171592149,-0.0659857226194556,-0.197238167890037,0.0221037428677559,-0.0572996385001637,0.0441402916582572,-0.0342934656259413,0.0403190380444085,-0.0718073029583433,-0.113060843008501,0.0321545294887224,-0.206644250971076,0.000933763319116179,0.00428199360739273,0.493726500197906,-0.0263433832162433,0.237199235467391,0.313379750271277,-0.226403659985227,0.341735743436448,0.0465506778701555,0.298916170389546,0.230510410817784,0.129660320130658,0.224694980175904,0.06894242770063,0.033960910113507,0.270082142623234,0.289437134357793,-0.0375688634412761,0.430309062722044,-0.0315057403494302,-0.28769809485892,0.214508715971139,0.621125527735845,0.425146222464288,0.795033494592657,0.0343298884468644,0.263387984284127,0.00895650360864586,0.317101204572394,-0.120181643081961,0.0248708784504325,-0.0142023894897153,-0.016786042869305,-0.14961940200017,0.040600967421366,-0.0317263247164132,0.327331097454778,0.00160405655491073,0.108262193136907,-0.099931149491843,-0.226985842906469,-0.188883525819147,0.00219922713431403,-0.0462385206844442,-0.069770935790502,0.11414053023695,-0.0478029124411234,0.0428157130910057,0.16773466188775,0.252255492697895,0.156525375679481,-0.0373489180368216,-0.0359799235816277,0.00204696832814826,0.184723855534772,0.298270429525989,0.302094452889258,-0.0863422490681832,0.0835449607548682,0.264627796471994,0.126994607816737,0.0813261421534147,0.325330878457583,0.252149452673417,0.130882161213788,0.177743074159531,0.293880798542087
0.183857561292394,-0.175995036190856,-0.113739237458169,-0.293188124320483,-0.280049914549152,0.138316652807587,-0.0689093028988733,-0.0735393132721422,0.0469331463191421,0,0.227492640347641,0.210718317856999,-0.101751195221374,-0.107012080413441,-0.163234202260169,-0.137929568086478,0.0767394599550783,-0.179609643217814,-0.0403293456464996,-0.026260048896884,-0.0810571084394193,-0.0245415630189327,-0.204782878563949,0.0585685502568911,0.535505882303302,0.196686303069639,0.0165983939604468,-0.00905023297383124,0.0175855098688769,-0.196394724916448,-0.00944809746107046,-0.291270605139799,-0.144399781736791,-0.0788445203570651,0.0244328710439031,-0.105491738615095,0.158780460509376,0.14540674068039,0.0918756683878814,0.167818594738536,-0.0967936149519405,0.247025899116982,0.112848263593431,-0.0788880142274488,0.0071767903058171,-0.180878950726814,-0.151822136679813,0.0129669621912649,-0.0622590385490591,-0.147958276717389,0.116570796327433,-0.0852839633771958,-0.348569575616936,-0.276576677946641,0.207604248002163,0.121805705647372,-0.140860811062336,-0.0528351245736279,0.615088717631815,0.359941800721238,0.292376408782822,-0.119526945868155,-0.123153809910845,-0.0416670522808185,-0.13335221901824,-0.102619415557336,0.202208293072554,-0.0129246513440277,0.0293805353968996,-0.0917403737015077,-0.0506182057867915,0.200373625750122,-0.113511685355263,0.325746992570758,0.185542627961657,0.479346378941438,0.114614938976695,0.0366249063198745,0.00519117758363167,-0.154977453739382,0.178644342575525,0.080110801792255,0.117504766186488,0.0294312319570607,0.086327367167485,-0.0581249291662911,0.204205309642384,0.129212458472379,0.016457362242168,0.1121935467377,-0.168722989674509,0.317333378536923,0.154716688516379,0.174551477799272,0.29765253158926,0.186602822860497,-0.0892573643260791,0.0252552324290374,0.0768024156295988,-0.0199393705157222
-0.136649658449281,-0.141460281440175,0.233741534277068,-0.254595055603602,-0.231771196494509,0.0818372537574637,0.228105599356069,0.187695272608813,0.242797307368204,0.227492640347641,0,0.650911346375925,0.454704951951574,0.433576271519635,0.346272009339285,-0.297994731149369,0.420991683661061,0.166192130766108,0.487572021105051,0.130389092199563,0.308137503089307,0.35552588211686,0.272055391304461,0.348203597469861,0.0737305910428203,0.413657223118987,0.255804791739584,0.260947222093781,0.41751672165486,0.261746012042746,-0.349025435773053,0.0522241245517211,-0.278880946099155,0.22252890188976,0.176947707505024,0.221128654188801,0.239267078748588,-0.0624708907394003,0.198626275404247,0.259103153654338,0.27343574638919,0.0424903352865691,0.243999172415838,0.0225052168020853,0.0161954756418842,0.195936437025507,0.25805328716768,0.264670104378934,0.13931245261022,0.234343144968479,-0.108750255712026,0.11492391326622,-0.131663767414407,-0.288151462372605,0.0563031345238122,0.279837419319773,-0.0266943646170853,0.275089508484959,0.320710198016579,0.662855734944258,0.426660943410591,0.428183201625828,0.262194414242063,0.360922202073564,0.346345910602549,0.339903711655325,-0.0658288147351819,0.38509596687138,0.286110354293993,0.131964560395252,0.327570094546128,0.410429303974171,0.170541232900898,0.104287354411173,0.423698329931586,0.405935516071671,0.464648691774742,0.342828788414152,-0.13726366946703,0.0760164471614461,0.274839284488518,0.0509989435604887,-0.115096349175535,0.154868518527983,0.0539224659075966,0.250232024198801,0.201279996943809,0.307683232495412,0.325672417271004,0.127523672949025,-0.182098981553086,0.167527185325121,0.175080826242064,-0.132924623973827,0.195023691903442,0.139011786598959,0.235196395960553,0.121346532458976,0.139928619364335,0.304675961136932
-0.220418347715366,-0.134304663691819,0.133051961156639,-0.206139806080583,-0.161967818989164,-0.0329357104908117,0.0786814560441528,0.0609897274388574,0.0452544206399894,0.210718317856999,0.650911346375925,0,0.517066862739981,0.493525900109999,0.451205504647221,-0.207150071026657,0.466102671112468,0.123253098135954,0.512795832947437,0.116497743917799,0.396815809940222,0.213071462385474,0.300198044461443,0.509774658607054,0.0673325389400812,0.516896394717258,0.168984497745038,0.337650932369335,0.420649944406133,0.307098222455283,-0.228440164232735,0.084848290360183,-0.177280862385164,0.145217477872796,0.117977230047661,0.0764901288466036,0.261873832194203,-0.206854321800168,0.0600573285164545,0.263230790595038,0.105885080298469,-0.0606116899872542,0.0991853491081101,-0.00815708243316804,-0.0228929921953624,0.150675906367233,0.166041950792758,0.229990912810454,-0.0312043745906557,0.0565511379402165,-0.169390436618951,0.038534413375436,-0.0180303723201673,-0.137530836593092,-0.0494886828342666,0.0766852950452609,-0.0817617616338742,0.0966869545757285,0.389449446689078,0.625100683778442,0.611860843950871,0.515404947535312,0.466683417220902,0.419787198542524,0.450057126232536,0.443853653428145,-0.0645733744198284,0.481827222140466,0.329123150509631,0.0445031755666492,0.411026638105449,0.29300689257253,0.189701684978187,0.185870942644607,0.629355007306833,0.474201736494257,0.533110928533961,0.409484858863742,-0.06836795263981,0.144414306283875,0.219094855009549,-0.109984719069745,-0.252908266159861,0.0413993938608352,-0.00168621544739383,0.230967677316853,0.183638331263162,0.258814130673391,0.182756143871423,-0.056737732791298,-0.0912017536291594,0.184011188281628,0.0404525196880012,-0.269875957766894,0.147395559328443,0.0319499478121738,0.19059985821042,-0.0249618914541374,-0.0419884245849945,0.124094416509637
-0.137373740919339,0.00388768133444567,0.282127995293967,-0.00749590581781414,-0.0922637998995345,0.120412911165058,0.428441753031963,0.339048131914744,0.241733339339379,-0.101751195221374,0.454704951951574,0.517066862739981,0,0.637198796754963,0.507823262772853,-0.069587643972569,0.608540271422378,0.289475390454379,0.691683391873386,0.221121365561257,0.420170990058833,0.251023206387061,0.349571199621581,0.198542283416663,-0.0444757159433476,0.115048432893857,0.291594389467333,0.219738578807396,0.576003344916789,0.27107558993669,-0.200387134499993,0.278228394031173,-0.0734187298786047,0.185433662348352,0.11359122106475,0.223403356124243,0.063922769762099,0.0546861184166799,0.127629119051459,0.0890871020403955,0.284485418602686,-0.15344972577181,0.0453968251843549,0.259369520906626,0.192404301306124,0.398192278584072,0.286496769221531,0.272043673825843,0.208022472698726,0.352406293008867,-0.254636122411625,0.199447572368267,0.246022818288022,-0.0686912585945951,-0.0101524267870416,0.275871659187308,0.220736942900263,0.277837613629232,0.217650021911337,0.437830582031422,0.501139914262013,0.835812367704135,0.674018058395459,0.5998181923998,0.638573875962225,0.500841349831961,-0.177968377514913,0.60105965131185,0.311248439902322,0.276584159274383,0.516468857005849,0.249013879569528,0.173443918729863,-0.0924066834750902,0.34194884921161,0.160035164114697,0.503153410433446,0.20539672818735,-0.0178679590265221,0.122393614613222,0.0270379538868377,-0.108273506673916,-0.139432943692316,0.0468583830021299,-0.0870405034729495,0.278711625039873,0.0948543904831895,0.119255144629554,0.28277422081663,-0.0140380292702748,-0.115041302916978,0.101514784499884,0.112361497631234,-0.192797587222909,-0.0858991794423817,0.215620850671273,0.274776700132079,0.0545659403833912,0.106719030301005,0.26755165443925
-0.317776370594191,-0.208080671472906,0.0870565619802749,0.0781106606118024,-0.155868453201382,-0.048333014344921,0.24025591759299,0.0970437258364177,0.00809372832618403,-0.107012080413441,0.433576271519635,0.493525900109999,0.637198796754963,0,0.858446814168672,-0.207189296284286,0.561730890869847,0.355071861187965,0.756751000462787,0.302296486189971,0.748333932491075,0.247736456293661,0.68761911061496,0.332645164676572,-0.236713643675545,0.211804496227116,0.233433004966122,0.232444096826995,0.617369011356575,0.608903459064133,-0.277722514230954,0.409729771671322,0.00395533370277569,0.308061574993286,0.0848824968935688,0.226835018262164,0.263850674195067,-0.210706627186845,0.0975805705742153,0.200455699199516,0.224455528545421,-0.232723430929224,-0.0287370463123214,0.0975434775863683,0.0439854932500898,0.421915340305412,0.461614395558724,0.430706558391782,0.21984136541524,0.281824612837583,-0.277176691998917,0.00486899043809334,0.293941782711214,0.0463762811721327,-0.269593858895276,0.0375831043867095,0.0461373684363534,0.0451862251931683,0.108421086462709,0.458124285996097,0.408573499679978,0.534425370193084,0.633121679667896,0.749442955288656,0.774631456600272,0.812031852904909,-0.154722825445981,0.566004963482561,0.385841046161866,0.200279848895741,0.722857621545854,0.256030298122138,0.508526061112396,-0.0856997635809458,0.414629234254941,0.0906578560765247,0.566662740283937,0.448251936633441,-0.132798518086044,0.386663670987464,0.0668616714795336,-0.127023469878198,-0.344818366836293,0.0287495606107514,-0.0826279172347455,0.43371703541766,0.308118709856388,0.156779979655035,0.288454071589531,-0.119346015876552,-0.0154750614013993,-0.0914331418450935,0.0606512777305648,-0.449938082312401,-0.146338676738442,0.0435490472559471,0.33254396675812,0.160552984256687,0.116235993471993,0.247758562161495
-0.431914659585823,-0.254904917494251,-0.0137219043010321,0.148678732992308,-0.144294931541378,-0.17474021862509,0.150175060854128,0.0359073213546548,-0.0527874240512579,-0.163234202260169,0.346272009339285,0.451205504647221,0.507823262772853,0.858446814168672,0,-0.197743033988018,0.480322808318776,0.311578697880116,0.667459008073529,0.340881672478088,0.790994590555259,0.185131066709642,0.725009665047618,0.39422767033809,-0.284100147560894,0.265665874412052,0.191927897703072,0.292757966900073,0.575173212211542,0.72579141160972,-0.25789567059129,0.445605099507103,0.0718221036832429,0.273717828988812,0.084799942561891,0.181534156963526,0.306171297535902,-0.338147029908422,0.0433209737093182,0.238186419812032,0.124336518658409,-0.213796338136825,-0.0888317015493348,0.0498300427948302,0.0162289182528594,0.393880810684565,0.451742148248427,0.437170784118318,0.127439772589105,0.17181298332286,-0.315794982099201,-0.0821298411369082,0.347156215727531,0.146761765420474,-0.392472397841636,-0.107979093423953,-0.00640494934054777,-0.0196397289443078,0.0508760739185837,0.397405225412043,0.348257692268642,0.429135556345512,0.574561639505814,0.684089390156144,0.737515661618467,0.885000606976585,-0.121527147719324,0.511058451274123,0.324016452875413,0.135136227493013,0.744589255143458,0.184028416613811,0.590006481920801,-0.00244650459696336,0.451693828942451,0.0929094452253336,0.535180842938389,0.542775133526531,-0.140877194756031,0.515044622253795,0.0328818119233305,-0.223551936961082,-0.412393411749145,-0.0552387888738464,-0.0758270880632544,0.447384301833058,0.325998531238789,0.172180346287179,0.20592828722954,-0.187931786077789,0.00794333712531007,-0.159663726720583,-0.0353676900736975,-0.560757708718964,-0.1784007394637,0.00231928202595786,0.307696635040343,0.150548442786429,0.0127747531051829,0.155544167163027
0.205622376824148,0.33157128978572,0.0858357107266431,0.312835077997683,0.012571265846832,-0.139743495971444,0.244163741318257,0.20457405345419,-0.11645914024643,-0.137929568086478,-0.297994731149369,-0.207150071026657,-0.069587643972569,-0.207189296284286,-0.197743033988018,0,-0.178547599025999,0.0287928407495473,-0.135300581807567,-0.250835858958656,-0.148275872881353,-0.32568144752385,-0.260575739520544,-0.223491101177719,0.164464041666771,-0.244089226557721,-0.0942916673201237,-0.176037664069288,-0.179551279911948,-0.238156795443684,0.281358272004863,-0.0352614564858105,0.332741230300802,-0.296490742673491,-0.137910381116314,-0.298588527189921,-0.20717266871697,0.199604220271566,-0.0233706421887025,-0.0117806955692436,-0.362598250316843,0.0338164613633445,-0.13089804504171,-0.00318279026924259,0.0698424188957886,-0.219807083769171,-0.299566484920371,-0.283649797180959,-0.262089292686987,-0.326245186219726,0.34350238102905,0.294722858988121,0.494972064407304,0.241431950529952,-0.0452202788481787,-0.020516612162576,0.412167029840852,-0.0107965618315339,-0.0682956146973592,-0.242806864308927,-0.00580309076601804,-0.0375634888928299,0.0436136799672809,0.0528286939972357,0.0205811643344332,-0.150698761613654,0.0603864059206545,0.0268845944148109,-0.128486589560291,0.121788287478561,-0.148887670326496,-0.359436516994248,-0.316531510536507,-0.0979415418771143,-0.00115407128645021,-0.127606585166508,-0.13068521891181,-0.256797528924949,0.235395988119683,-0.101750148592212,-0.389081487089663,-0.336694798619021,0.0596713210547033,-0.180834225069701,-0.242548459090976,-0.34733949331439,-0.233292007754463,-0.363068841482132,-0.368028302069996,-0.328047554465346,0.0599457840120806,0.0228667090805605,-0.18612206921481,-0.0135463344384439,-0.12369109934543,-0.168318300697802,-0.362949100308694,-0.359525025940248,-0.271650840587133,-0.403251704626494
-0.149527381611197,-0.229604355079201,0.175139961209106,-0.345507812242761,-0.289878706289891,0.0751520332595709,0.173144541136178,0.14429046832625,0.156627939332533,0.0767394599550783,0.420991683661061,0.466102671112468,0.608540271422378,0.561730890869847,0.480322808318776,-0.178547599025999,0,0.466308271822125,0.763713343577983,0.420167151834239,0.604938236981211,0.43335177021452,0.469066864912449,0.455652270596125,0.0692083014514783,0.210339923941365,0.351560362249145,0.236179644582097,0.636422640620617,0.335881421469622,-0.15278582058592,0.123581194549394,-0.241226977295787,0.435388169004713,0.370308381508256,0.0885226329140705,0.129780220195501,-0.123290862996023,0.0494143544537633,0.278894178000227,0.323886794233513,-0.0431735252056442,0.179660362894066,0.152076857820081,0.121457708912445,0.388865920962473,0.408233325484348,0.343979693111653,0.0982146799498933,0.172785468416921,-0.220712609899449,0.0428500196528728,-0.0341565243087523,-0.363169782700123,-0.0668461393303508,0.137770687208847,0.0196893345378384,0.0796361668128017,0.222687051841289,0.400625059112987,0.302774614692663,0.467137864427292,0.329807550636971,0.511998864846385,0.513647207761694,0.486427658496698,-0.0393227816570493,0.77881763576578,0.57011269041587,0.361621976330409,0.613837957801347,0.502642472125839,0.322095970556183,0.0459390437289345,0.418993817357612,0.224402751849262,0.6100699429851,0.285157362473933,-0.122361229079423,0.0769174948833865,0.179859199917088,-0.0188127665440244,-0.167476985044748,0.196776420308902,0.00379371896618059,0.409262127857391,0.172885746094629,0.23076412401524,0.296366054865555,-0.0395336679441662,-0.24488613015706,0.0172748673917665,0.053031948254378,-0.0894011401576219,0.0681259564416098,0.147487262921992,0.312436284555317,0.183673653856406,0.100480253459036,0.165722294217903
-0.0492782334049271,-0.157604624601526,0.087936118054434,-0.154154360837989,-0.088066615850746,0.105330511046908,0.0610543751262059,0.223861652076752,0.0709578963317759,-0.179609643217814,0.166192130766108,0.123253098135954,0.289475390454379,0.355071861187965,0.311578697880116,0.0287928407495473,0.466308271822125,0,0.415884497336357,0.509099072205575,0.482796908198417,0.304392193161959,0.454791178687192,0.138362156733852,-0.195342174223206,0.00636315872362884,0.240000424878611,-0.0368983877170894,0.351671850279085,0.338666286092782,-0.171945858074353,0.159900507745203,-0.166452901862,0.640652728914079,0.389893215566544,0.227506574008369,0.0522506517546209,-0.276372093112783,-0.102266109844228,0.0316005202254927,0.30165710130084,-0.2006419963029,0.0292472141988352,-0.161462680969328,0.0772897864207639,0.143169378367399,0.332182550404125,0.175116805368311,0.294252609051431,0.102079683869494,-0.0667213358382513,-0.0309826200809879,0.0239905570053224,-0.12205551531961,-0.0915686379819966,0.0609112012636089,0.146064893149863,0.053750515311202,-0.131988308166518,0.0560994988685165,0.0412673169128843,0.200462968024702,0.0846864528546526,0.263215067044939,0.324263996048337,0.298442152269555,-0.0389535653355596,0.387060361872416,0.52109270810983,0.646706860686235,0.423691210117757,0.289330349257403,0.31066411910747,-0.162053191720675,0.0205914991590069,-0.113661812066268,0.242044203755166,0.129119557396675,-0.121476609404417,0.0824716039017492,0.021004285710672,0.144000210718811,-0.0637402064222155,0.251372221814735,-0.0970343062795927,0.240705339939126,-0.0430020068702554,-0.00721652888301375,0.285505272236296,-0.165008386368218,-0.193914389479702,-0.29512021436088,-0.131868768450591,-0.209461448177823,-0.170971592735562,-0.214091120109523,0.0415063164103479,0.130683521162649,0.297274813819707,0.0805521885173202
-0.21852197726439,-0.149742850766459,0.200098503237726,-0.0820724665701697,-0.234959775046824,0.04155379799418,0.345628236784494,0.205437397902031,0.148633726442851,-0.0403293456464996,0.487572021105051,0.512795832947437,0.691683391873386,0.756751000462787,0.667459008073529,-0.135300581807567,0.763713343577983,0.415884497336357,0,0.37057049560295,0.711974477947192,0.314698860723783,0.522584740434912,0.317580771276697,-0.0640046460522354,0.125376207485619,0.321599750591911,0.220788328591365,0.70292398606603,0.411955327368068,-0.20412039668082,0.273024622848472,-0.0946277255205844,0.341626829644351,0.162690326243844,0.174534401452993,0.190370043684166,-0.101068334773072,0.094863434939875,0.257600179887121,0.335042050558489,-0.12792523131283,0.0498517600051803,0.235850495072608,0.13642177917817,0.44366230436849,0.433461602287858,0.356176298479499,0.215024104428817,0.303098942152701,-0.236529366203021,0.112590236525699,0.214001367663483,-0.156356893851699,-0.122665955027809,0.186685068666646,0.142897023466673,0.130472048263001,0.186135150730992,0.484312792345909,0.415063439902251,0.573393262563729,0.519739511595838,0.698948507689723,0.727230342704773,0.650276546143424,-0.0833441611256825,0.727981056075031,0.46184449872729,0.330256817576995,0.725503732569077,0.350251090246217,0.365657729860306,-0.0544064546459629,0.406151027478751,0.126912227562861,0.637752843219917,0.304761786051389,-0.115334378549754,0.226562287654264,0.0316785849509302,-0.114196232834539,-0.222041247479367,0.0716759010535353,-0.0918210549943168,0.416849252231174,0.244827833769766,0.183246888394102,0.314707443981194,-0.0492872754237562,-0.110606418683093,0.00344724307954723,0.0678095868194438,-0.24216937125125,-0.0430081326091294,0.194633814279749,0.357137253457582,0.188702496807151,0.135749584054949,0.272181711042345
-0.147668752287605,-0.218738452304002,-0.236384421633023,-0.0820014793078957,0.0401023702301226,0.0245555248073165,-0.185101358148874,-0.171683383616728,-0.126122889834454,-0.026260048896884,0.130389092199563,0.116497743917799,0.221121365561257,0.302296486189971,0.340881672478088,-0.250835858958656,0.420167151834239,0.509099072205575,0.37057049560295,0,0.444765498204993,0.283759576240338,0.465165954177242,0.22886897762542,-0.190706549566224,0.0825690406332445,0.34870156904206,0.207078377561067,0.54587924718553,0.333872566066831,-0.208120015980154,0.082558408713025,-0.0174552676749653,0.608734681742436,0.414561158238371,0.171392640120575,0.256645361321591,-0.437799250003681,-0.280099859711607,0.22065027628223,0.275715613685308,-0.334563367232584,-0.181048664688224,-0.117740580688707,0.072460455189319,0.148682670311292,0.320996879072389,0.353533160447545,0.314109015629201,0.199750791964614,-0.282137814001628,-0.306929989349084,-0.101007225028189,0.0128502077646738,-0.144752522355224,-0.172157246274215,-0.256299182839712,-0.201705794192961,-0.0685562252681266,0.00190005323086445,0.00505266202430451,0.0452932419846557,0.12856885915558,0.0984829778116551,0.230908967853852,0.27101569334192,0.176709559828629,0.267655969072189,0.456094675920562,0.203445756676717,0.497055261930598,0.28855315468568,0.497628287367873,0.151313459930696,0.0479799372321487,-0.0731456336126531,0.369453116949013,0.193672881915182,-0.273282442238842,0.127222759621431,0.168733850916757,0.197643448760438,-0.109226489776611,0.0922548748237582,0.176020024828746,0.500464386714897,0.180353832659751,0.100320867104311,0.391612542040339,-0.00608148682199299,-0.170777173783928,-0.236906716730999,-0.230918945474648,-0.33710728778655,-0.218964661918145,-0.0337643821639612,0.130982246153785,0.295053198068612,0.336415086096719,0.187023294935362
-0.369067462258091,-0.351093527697721,-0.0526542722034701,-0.0266089457908512,-0.261984428494686,-0.124582348919845,0.11490075168764,0.0453332013523508,-0.0200320856920712,-0.0810571084394193,0.308137503089307,0.396815809940222,0.420170990058833,0.748333932491075,0.790994590555259,-0.148275872881353,0.604938236981211,0.482796908198417,0.711974477947192,0.444765498204993,0,0.214378118334953,0.659958136574151,0.40595626929094,-0.179731877913172,0.239354794310403,0.153349045737521,0.220589778394678,0.606425086099483,0.649177240317774,-0.26519370898152,0.302364799906751,0.0178128696373875,0.378365399966974,0.148538291128827,0.0919142461364158,0.275960844660667,-0.379687323011399,-0.0141478191483205,0.310752601725206,0.128429504312486,-0.15549448985692,-0.0152063265964941,0.0191614937184844,-0.0191741742750262,0.357567776083874,0.414340511031525,0.330915527284598,0.0775374054768681,0.0447697890735107,-0.217874012674528,-0.122656264437454,0.25711674372781,-0.00257739060422785,-0.334308452055141,-0.110545159473801,0.0155606945815586,-0.0552286202087738,0.0669169512607085,0.341425493666771,0.305870595363094,0.309412103302928,0.401778539803501,0.613204827807863,0.676897575247587,0.768538590354481,0.0125130950659667,0.596551642807376,0.479542950163828,0.306412661131037,0.838672559999456,0.288416241189357,0.52957571548016,0.0548721490741681,0.42654407843095,0.105848241557528,0.588537824658059,0.463738644735051,-0.182738184127023,0.432580943905132,0.0444387358731204,-0.155172318561942,-0.368339071629955,0.055643691178994,-0.130426744503261,0.434816884118475,0.301784995123173,0.179170256309648,0.202219889912954,-0.169933048577218,-0.0657228480302606,-0.196219906188309,-0.0623219552548747,-0.433691314056473,-0.0702128570305692,-0.0164281279999911,0.318276459669637,0.179673643096277,0.0276938083031369,0.0764042228479394
