0,0.0424212440449312,0.425109374831958,-0.218769607800524,-0.0966477962067112,0.0496252614911768,0.165679288946142,0.0563891171638092,0.0690607270509704,0.293406757618059,0.135021559562579,0.0124231926361185,-0.0183492440686094,-0.333816789271767,-0.294204488567114,0.253385808010438,-0.113222948133669,-0.179307518516715,-0.253211081070335,-0.113178471341992,-0.253579872275391,-0.00235313661127623,-0.307646171977012,-0.165633435712466,0.224490101526127,-0.103873048495341,0.0894914002684063,0.20560811250226,0.0014272978282109,-0.202316038854753,0.0979339976850116,0.0851571607298493,-0.0486597278629016,-0.169761927592743,0.0547480225571762,-0.0294309120193953,0.109327577660845,-0.129360589907508,-0.247123526384391,0.0187376142723942,-0.0908449986091093,0.112506349793068,0.0709540050837348,0.24113545877632,0.215640447098997,0.0779469670225252,-0.105561305591004,0.102343200281328,-0.035103876582082,-0.118097302586529,0.41710669571125,0.107897005282137,-0.109774516387185,-0.086035651397791,0.119525172932088,0.149564528956169,0.0472354885994459,0.00253399925766556,0.140078165506943,0.0841940732558088,-0.0819770423451548,0.117136788008414,-0.230602643296532,-0.256376877740306,-0.206707384586468,-0.368464194185928,0.000299385338776265,-0.105764558129304,-0.20683557806485,-0.142351140334408,-0.13066646396182,0.0921150082336275,-0.270289470518692,0.142632692287029,0.0299978113336735,0.167207819554986,0.0639133511746256,-0.0921762543789548,-0.0546175335337302,-0.0333935206878131,-0.140517654552965,-0.148952329730396,0.185345233356275,0.0945260996683312,0.197605568500381,-0.128818152585271,0.167714785805338,0.116218293425357,-0.139707242652321,0.00186268420077148,-0.0705139567758769,0.173068153822448,-0.294365587396942,0.42555834664778,0.0727805120836141,0.16110397097724,0.0889170756480116,-0.0549321096928447,0.0235953657184072,-0.0512556473147072
0.0424212440449312,0,0.343131925195225,0.683866338336451,0.695417246955154,0.547016054617985,0.254637715477922,0.723175179432078,0.45872495443343,-0.159140845281416,-0.0778404289884327,-0.00630753063473005,0.087684676739048,0.246537673094414,0.0643312394819159,0.432498751087565,0.199436476187936,0.419245215372535,0.392259578076616,0.0558016217163737,0.146266027000283,0.0121604926224265,0.0469004155666371,-0.231325973071844,-0.119331340808075,-0.179344755861489,-0.262222044878463,-0.240548293386146,0.103838901175624,-0.044879215808928,-0.107830421610427,0.0977728266804179,-0.13027811312412,0.240904342283958,-0.110113815020545,-0.0545754030124156,-0.122718454021929,-0.00390011996987431,-0.0549385692702322,-0.0615967075757054,-0.174843557702346,-0.32960492776807,-0.226653121744489,-0.330672490295711,-0.143468637052538,-0.466563186602671,-0.162187463766494,-0.214489538481422,0.413626743317365,-0.0837136366621,0.191383958140601,0.745993739405792,0.539365952563562,0.674191848193153,0.65390089542711,0.49794292403978,0.621282751898568,0.55073296265853,-0.210206205179092,-0.105937010496078,0.0437961866719056,0.0542765960172457,0.0856589894555423,0.174849036640083,0.265181461558809,-0.0238766862077768,0.0998435876521734,0.399169879656667,0.231546483878102,0.400927262049389,0.252906936787832,-0.0596223575819345,0.0312712233868473,0.169344224244239,0.0160219994336632,-0.0559623501347198,0.129101453887858,0.000741868133898103,-0.112556220204725,0.107311755529452,-0.0950165624144899,-0.151990262849726,-0.354379381315777,-0.166731521016987,-0.251887448426967,-0.0621507536048265,-0.144384040521209,-0.247689405560715,-0.0208906367138961,-0.234890884811465,-0.180794811703451,0.00336519809159337,-0.00783392298772775,-0.139828648967005,-0.314280041938834,-0.319257989126492,-0.436674651825422,-0.258896768666189,0.426574199312306,-0.0650410945898536
0.425109374831958,0.343131925195225,0,0.102174609752861,0.269573040596697,0.517253436780116,0.0722169212257637,0.422374064509883,0.468886111799716,0.0424659569196997,0.36625096125647,0.126378414558527,0.12208914296955,0.0351411240037714,0.012120995544687,0.139544813738709,0.0305226410354642,0.179231659693288,0.124580061279549,-0.118432693331424,0.00723346801517756,-0.0364979497189437,-0.0599079598723489,-0.108794259652897,0.316546073540762,-0.0528609949844086,-0.230049754659496,-0.0603011880237204,0.130472330991363,-0.0329807811411169,0.0393677725030357,0.21579500996716,-0.146120461957009,0.127637057228793,-0.103759060614434,0.033663390604279,0.0641082196462944,-0.0534347803630083,-0.231807616936834,-0.0100964019099653,-0.136300017011301,-0.0218256449090171,-0.0308270974066829,-0.126978455695088,-0.0900387295807265,-0.152386095862763,-0.12208325760009,-0.124324798307855,0.17642740250578,-0.134183760905423,0.30092953814257,0.406229623289871,0.0989482755728359,0.189564136569766,0.491807122018543,0.560214431337545,0.281845695469865,0.301641706265714,-0.0647390589395649,0.24427996702068,0.162447394949051,0.189287755044826,0.0188800546094056,0.0691552038311401,0.0942892688015281,-0.123958914850168,0.0074987606269204,0.190144896311795,0.034518514627766,0.131366360857408,0.135174353798974,0.020904770370535,-0.103356579994852,0.155303369228259,0.0205679899636619,0.37190068436695,0.194947955713335,-0.0274562974711878,-0.12775118818929,0.179080132330294,-0.128474063563408,-0.183830002165024,-0.0608537979122381,0.0614323113224593,-0.00869332568072933,0.0555705354541927,0.21717144827917,-0.1801405024359,-0.05974394663587,-0.120698076212756,-0.000308767137820913,0.242228241453628,-0.19506004135062,0.215640213060998,0.0124835272759075,-0.134188132572648,-0.166206216819158,-0.072499847469889,0.0975158517603641,-0.0244057652521685
-0.218769607800524,0.683866338336451,0.102174609752861,0,0.665840055837913,0.347048871288163,0.068166227024132,0.658660300492102,0.352660458355993,-0.220041718143023,-0.0471469795397588,-0.0484720374938639,0.0833496997360356,0.370109813104834,0.270627158183216,0.247266148599397,0.294755039987509,0.502971581290044,0.51175854657773,0.0368282280000069,0.321316804562788,-0.00994199995657017,0.171050207564717,-0.183807394799577,-0.104448615545723,-0.224460661338242,-0.367598538257496,-0.346398307836587,0.08788212445129,0.058403288467565,-0.133347459917309,0.276225125667078,-0.0421378321749837,0.319511406158382,-0.176757463837246,-0.0226132625067693,-0.165108891001927,0.225692729390518,0.0439808888822837,-0.102116018529931,-0.170926069928591,-0.396090052670579,-0.333082593275922,-0.395883781767635,-0.274006365025989,-0.468593250508645,-0.134829367998609,-0.23836987532205,0.327430912662297,-0.0231124871947804,0.134267291916904,0.63874366560662,0.729762679168697,0.787755064963706,0.399738073801994,0.430356210397096,0.593015404187131,0.484867310820009,-0.286983685488506,-0.0286467298610589,0.0957541237290463,0.0828105889098453,0.184276028817698,0.332439598664562,0.431676146645149,0.180833321091303,0.0678302577003244,0.488168937913835,0.363283189382564,0.476526155098854,0.342044528669118,-0.0756830298892574,0.148501420782647,0.0713195872856048,0.0278266071192352,-0.103839030573338,0.110596610288882,-0.0136032918566174,-0.0203861592708324,0.239913179247134,-0.0671981432434128,-0.0851840224213871,-0.420596381926427,-0.212497087196163,-0.401868001216404,0.0276947648625305,-0.153039543889143,-0.358433792686808,0.0575474305211916,-0.202967325561993,-0.0905769032606534,-0.0286456793462688,0.0912915229466185,-0.292609132262371,-0.332396733224896,-0.362661028400312,-0.421538830300377,-0.145986510992484,0.37309910730105,-0.000649503725222349
-0.0966477962067112,0.695417246955154,0.269573040596697,0.665840055837913,0,0.571447006091358,0.0187446521974594,0.647552422192246,0.53041778008636,-0.304298886480762,-0.041105473364829,-0.149015761185513,0.064706341765203,0.311651539992429,0.161134843332778,0.199272086217451,0.2093424896243,0.531983652262112,0.40826043494722,0.212283920254591,0.239579993348918,0.0993469727812879,0.250339994736319,-0.223674802908656,-0.178799333875656,-0.148332451887911,-0.252676028521214,-0.175905776938164,0.132338804851609,0.126748444204617,-0.0347749305343951,0.197032388762902,-0.0285853790833188,0.405412094329421,0.00683446905040065,0.0921703273126017,-0.0193617868330398,-0.000421158490794127,0.00796598509470005,-0.207849172216324,-0.0284129513244579,-0.305651459134522,-0.148570308885722,-0.37574653314165,-0.120640410629229,-0.424048733225726,-0.0130911383027292,-0.0741799405477414,0.505375836581598,0.0395064924280049,0.0265730408867407,0.528273599342663,0.501124607457903,0.668525349711697,0.661171365982935,0.468249489377243,0.452153886845884,0.537912707346271,-0.328602185741913,-0.0949337667467018,-0.0695658985256994,-0.023670796035205,0.0900871859773799,0.304134742878568,0.343693655839827,0.0641340776218519,-0.0267109603243215,0.356089739103062,0.320162176238679,0.435087553368225,0.296165577666255,-0.133250056806142,0.103597831738208,-0.0517011052258884,-0.125551422926549,-0.143113452292085,0.0966399587471151,0.00747217138123323,-0.081209285409381,0.167803565154865,-0.147784388887231,0.00937853813117052,-0.337843137261848,-0.129050652884223,-0.364364202687532,0.0723998264622099,-0.0584109394943415,-0.291996279900587,0.0967509601288904,-0.230988514089939,-0.0867591953817627,-0.131222058304568,-0.0734286575886314,-0.170853825344852,-0.343651248615008,-0.318729237388001,-0.400861066416739,-0.14797637820902,0.458155047786605,0.023716676779245
0.0496252614911768,0.547016054617985,0.517253436780116,0.347048871288163,0.571447006091358,0,0.122287689092307,0.579924386258996,0.581790108934664,-0.124196305025982,0.0384898695012656,0.0247230890761475,0.210538181016242,0.180993564340119,0.0118594709568912,0.310451463237156,0.15103574231556,0.346872629118757,0.296630541990714,0.0976806227624107,0.112128399658295,0.0862052612167695,0.126441552347301,-0.15409779266129,-0.0395517372632121,-0.0177003259136328,-0.113722750567061,-0.117356648211566,0.117187946222475,0.0342972398875341,-0.0257068438850937,-0.00235500807734577,-0.173333804891954,0.241460088611362,-0.050423282405549,0.0912817082188282,-0.0604416965075103,-0.109367775011564,-0.0552420325232387,-0.0894318236579269,-0.079642755704917,-0.116171806779119,-0.0712773883731449,-0.201672927613848,-0.02155402733893,-0.301784667756498,-0.110482191991269,-0.106813682541679,0.569182883283733,0.0320010619345699,0.0351573512127236,0.492453842796294,0.222011980513196,0.321180622676356,0.698879697625334,0.639030441246887,0.420067774438654,0.514441227520385,-0.124644737181892,0.0303055690599894,0.0953489730898074,0.0699293867600032,0.037730209208997,0.160920424094592,0.147896677766728,-0.0863393198753117,0.0399274557857943,0.273985667109705,0.125787766390547,0.277870090233623,0.163062701681052,-0.0659293082222199,0.0676011187650975,0.0532772415533319,0.0134421208885334,0.0575975891633845,0.0837612834506567,0.00984751388914332,-0.0321570350940779,-0.0344887767213287,-0.165024757145666,-0.138803943984973,-0.195281001550722,-0.0390647655878738,-0.110483139918841,0.00577040889554936,-0.0773489489044775,-0.219293007691147,0.0664471809603182,-0.259345582469877,-0.244234870621483,0.043137211406337,-0.00331061065370958,-0.158019169672181,-0.155035971291402,-0.233207415508865,-0.308796499547056,-0.168609901606984,0.502778294229316,0.0175794399247036
0.165679288946142,0.254637715477922,0.0722169212257637,0.068166227024132,0.0187446521974594,0.122287689092307,0,0.231510007245654,0.057146917384213,0.176671363205776,-0.154429386949596,0.0459055054937526,-0.0341806728758228,-0.0866694702641223,-0.135994409347927,0.372959588419561,0.0433086279094357,-0.0663659933141162,0.0344419641242644,-0.00804779056917677,-0.0262315909898294,-0.0815293070626864,-0.194989817180787,-0.0319826189746626,-0.0321561955063434,-0.139828632745016,0.0973257819908883,-0.0316436331935632,0.0604000580995207,-0.201457076424395,-0.0768501900689557,0.0184160808932255,-0.0431326416915551,-0.177303973082766,-0.094284935132365,-0.107704536091055,-0.00981979028405634,0.154497847439731,0.0247080873312384,0.370698997925865,0.0183234927049879,0.0124673524802234,0.0908073538846666,0.126410251241727,0.129953137313119,0.0498234273400211,-0.0459565307544637,-0.0700954476477529,-0.0345613227146592,-0.0185762909778344,0.239385303924105,0.265776221298024,0.201795335751084,0.0856007892498622,0.115176490417721,0.0401850175481237,0.312123295077795,0.108266987574754,0.1430175385263,-0.138695696670749,-0.0528466034676944,-0.0548342690963248,-0.112565286125682,-0.225696951634523,-0.172341771164618,-0.167531912690975,0.407423000459956,0.0297685270110979,-0.185322044787881,-0.0841408786747204,-0.0029710701045437,-0.0637041299076433,-0.264066059649078,0.314679972425953,0.11149606596634,-0.0450506519256229,0.109172052835732,-0.0686243502355089,0.0122601986801985,-0.0156324850122495,-0.118581228011184,-0.321169907903159,-0.0355388516953841,-0.22330991622842,0.0233333299219874,-0.331142154501778,-0.101658005643355,-0.0392878136765791,-0.125060332653611,0.0519941041606846,-0.161751741950642,0.0361063545365504,0.0250292143834965,0.0992273257338876,0.0154284294936668,0.0281588517672561,-0.0508579710683634,-0.371022934320998,0.0457826013731652,-0.0397050699912719
0.0563891171638092,0.723175179432078,0.422374064509883,0.658660300492102,0.647552422192246,0.579924386258996,0.231510007245654,0,0.637075275825397,-0.114141962813283,0.0334941803597908,0.0114304346889268,0.156770941797805,0.362354211289652,0.182518793768576,0.346273998530438,0.362447572421927,0.59795328240801,0.548964820199989,0.0764532923614315,0.313678375806073,0.0787892904547792,0.15939459669148,-0.177340234527146,-0.0537408017548211,-0.227545935117517,-0.351604436055361,-0.270234034838664,0.205247755963836,0.0271695424300805,-0.107995947779163,0.278416802065973,-0.115188184287132,0.412293604637654,-0.129257146982663,-0.0251178960464247,-0.136125481960873,0.0465644354040511,-0.0722709585901426,0.0123127449602829,-0.224397503510585,-0.340724158390021,-0.249530081584336,-0.411484852083296,-0.20253803221941,-0.460810376306961,-0.120263071675024,-0.218274292251858,0.414172439037819,-0.0985355222028305,0.295872087327617,0.700259855889929,0.602965454620969,0.660952972593428,0.614645971298434,0.656084378786545,0.735699415789456,0.662801206929317,-0.229764274153542,0.0766660274404119,0.104027587998022,0.166348285009557,0.203478660740977,0.338424937167423,0.420043907660044,0.0950694249025816,0.139773427527771,0.576795078576771,0.428538701379167,0.603904214193965,0.419517325821755,0.0395665662737511,0.126222150334157,0.223978810113676,0.110517517892818,-0.0296348169696829,0.225916828807128,-0.00829178400109451,-0.112498855154757,0.223751221559994,-0.0668341134483384,-0.0595519058150251,-0.414126500837721,-0.12346180490714,-0.29526453221076,0.087453870525312,-0.0831635373702338,-0.379795479643619,0.0481139277286841,-0.246944060974424,-0.172343235012727,-0.0197526966552343,-0.0750366750508232,-0.0894259908000227,-0.365769973093703,-0.398661620705752,-0.463038070070058,-0.212060427713881,0.444067273825242,-0.0421567538250981
0.0690607270509704,0.45872495443343,0.468886111799716,0.352660458355993,0.53041778008636,0.581790108934664,0.057146917384213,0.637075275825397,0,-0.171110366610241,0.189988712501894,-0.012214637965509,0.00290690788667783,0.31764393812674,0.21498248134282,0.0188772444774678,0.140547312038273,0.482595897159707,0.370866941778389,0.289672726181082,0.238144825785337,-0.0391934054827251,0.241404641352101,-0.178181039610778,0.0104555423549865,-0.131435840739065,-0.263066273787331,-0.102246219156605,0.277474870320651,0.132339213566027,-0.0533566981274514,0.219243049948445,-0.1074292995891,0.428541517721209,-0.13159058356641,0.35868837933949,0.218287616734019,-0.00840102867178208,-0.161324871465264,-0.116780775408282,0.0277034779861215,-0.29000658152299,-0.146197020669995,-0.295261891865238,-0.0649857127608428,-0.282554174743171,0.0279016939767136,-0.0881995575134789,0.548503401438302,0.199167874493913,0.0880772944019138,0.439576074116855,0.311312718832153,0.394415209528683,0.645101064510156,0.651970911895793,0.423988151428864,0.712496369248811,-0.273188329104332,0.134252388816586,0.0253150325823884,0.0347977482418613,0.189705193728531,0.26321995761818,0.37181951206078,0.0752856592178119,0.160745266372187,0.347778910304104,0.337604397482106,0.493316498827132,0.339402953720151,-0.10588174405682,0.136273414513896,0.10149254565737,-0.0487190959821318,0.0530592887589668,0.229907232226591,-0.0102746702962949,-0.189436205041306,0.24442391836148,-0.0685145741057147,0.170762392473429,-0.230209050399259,-0.0423244634153492,-0.130047071556204,0.299644452994835,0.254603613866673,-0.289324358891442,0.356686445040917,0.018705788231763,0.0160713633860476,0.00101657702504821,-0.120281992257397,-0.0682044147865918,-0.304274089723711,-0.154706785776838,-0.256539703649813,0.0472835939666719,0.531058287851798,0.280013259768958
0.293406757618059,-0.159140845281416,0.0424659569196997,-0.220041718143023,-0.304298886480762,-0.124196305025982,0.176671363205776,-0.114141962813283,-0.171110366610241,0,0.298584329883908,0.363431439465818,0.0757891340639034,-0.239038144637122,-0.0503097274702132,0.18336711156301,-0.113155386354087,-0.354572762872954,-0.258043370047116,-0.31816267598039,-0.0754475374730476,-0.0318530663234525,-0.325828086394593,0.0523215537670064,0.469912332546618,0.0614102179145596,0.0531306150658974,0.0786767550894081,0.0243351342702893,-0.197746970178519,-0.0705686261214322,-0.136510119124887,-0.0738628964526549,-0.382022393917216,-0.0752828562695312,-0.226091007645107,-0.182312553979893,0.021627051530314,-0.217771976869763,0.289797619153785,-0.392829582153595,0.288861218103288,-0.0268516289723779,0.156162620361626,-0.0164521376835051,0.0205221821749519,-0.371159363550644,-0.215526031481876,-0.210664416847763,-0.301365258382422,0.216548303229012,-0.0343570093288379,-0.239214140041031,-0.265520667399331,-0.148720513124084,0.00239874301080481,-0.0555011443654461,-0.105516526400735,0.621109902920101,0.2516459428354,0.196835973193416,0.247786475234472,-0.12057681490985,-0.293419175577089,-0.199820086068413,-0.111244368046619,0.0976672487607106,-0.154104378604172,-0.299491590931302,-0.270103441210059,-0.0647383189028251,0.149849751504239,-0.194377886723347,0.385727236410028,0.367652632907063,0.342908073086155,0.10397337620733,0.0180476478602871,0.0991296545299846,-0.248163772801394,0.0173585831787117,-0.288199941087718,0.149171496068644,0.0771975401264624,0.266134680985523,-0.290574182224889,0.015775156677712,0.182278528795034,-0.255449456213424,0.0314848969850326,-0.0971445160767043,0.399179924712318,0.16313444007864,0.200369093484218,0.190778211029035,0.180511925292239,0.0350310380681282,-0.102694476950886,-0.137488546825104,-0.202502740513726
0.135021559562579,-0.0778404289884327,0.36625096125647,-0.0471469795397588,-0.041105473364829,0.0384898695012656,-0.154429386949596,0.0334941803597908,0.189988712501894,0.298584329883908,0,0.400441676451085,0.0589977130711372,0.0708863071106917,0.228231734621492,-0.220620053748443,-0.11472106009927,-0.0595092902982974,0.0409656631021202,-0.207164418308668,0.0783805971182316,-0.17635208792464,-0.0762394624576374,0.0069100057067112,0.575487627174825,0.0614470565509984,-0.269536208546339,-0.0946654638174547,0.118408491804365,0.033345931107287,0.0551603247150781,0.0944770422405517,-0.153273064458503,-0.0632730972788655,-0.222729334315213,0.0269255379116557,-0.0259685611283767,0.166252701536688,-0.174535519901725,-0.00619474120319426,-0.123398207166748,0.113962412696122,-0.112385847625741,-0.0492205408820381,-0.2072984718204,0.068200469659683,-0.129488088610279,-0.132070293523487,0.0382293629659669,-0.0158144380578322,0.0924377139608237,0.0670343668028082,-0.121912533349882,-0.0949977670319559,0.0184078869703437,0.219136722910604,-0.0837658773938403,0.0402531584028717,0.168188322424814,0.489557637996465,0.37003923769971,0.236587419017265,0.217551460523869,0.0614836138129016,0.0980972614935297,0.0937688116449902,0.075427259453107,0.0709228671319383,-0.0694761284077399,-0.0698136561589399,0.132259570944268,0.0350991102582531,-0.0823721213800397,0.192826761260949,0.116998852471723,0.467260647141177,0.211829127514756,0.0788757734465965,-0.00611353397059343,0.148491665033591,-0.0422186049916781,-0.101155805425107,-0.0794259534962015,0.0158530336305488,0.0898112032366802,0.0942714653324978,0.257811682257386,-0.107031247887176,0.0160526665084735,0.147420143581373,0.215066922888188,0.417352618886309,0.128103404249772,0.0747304376744652,0.0549769710868321,0.0904837491128828,0.0962903800439751,0.184148588765832,-0.114378734647836,0.123068052043332
0.0124231926361185,-0.00630753063473005,0.126378414558527,-0.0484720374938639,-0.149015761185513,0.0247230890761475,0.0459055054937526,0.0114304346889268,-0.012214637965509,0.363431439465818,0.400441676451085,0,0.232239389935285,0.056701946322665,0.320986146422022,0.0645333519098819,0.194311912099542,0.0454112719777982,0.0662095600292116,-0.168029302268643,0.276130705430315,0.10173125519395,0.0409364594359425,0.504743942417378,0.502868196362762,0.391846256467136,-0.0576212811901633,-0.0934583154234422,0.331488894231611,0.237655701543461,-0.0890542747834949,0.0359210965634353,-0.256629981477787,-0.010300576327291,-0.0845332541881944,-0.126884684406207,-0.154020357696116,-0.0734047193646835,-0.295608758703175,0.377935143193181,-0.408483752484784,-0.00691426327462986,-0.0785356963145527,-0.204030134162423,-0.326930469278315,-0.244973150443417,-0.3891784039072,-0.387592990766017,-0.0965938974507084,-0.311205718913652,0.174404911164918,0.0973232758028209,-0.0792792519209976,-0.119531101905425,-0.0244052483254386,0.0437099589504712,-0.0358714099469745,-0.0361533853275204,0.287184283685152,0.529936986665883,0.651999407503369,0.285046648980065,0.130001129050966,-0.0175347656279293,0.0413207650772293,0.212987267771677,0.0798064805057332,0.037085113518416,0.0104534424799652,0.0141914548078389,0.288711758048851,0.271988786282224,0.0923600370068474,0.396975465276118,0.651249047787098,0.608123962464703,0.430959026091142,0.372943450810831,0.0829393550607497,0.00334065375915301,0.342283056732363,-0.293489912948188,-0.111630378419313,0.0759534037192375,0.193465675533148,-0.161508706110099,0.0483797032673904,-0.0110245898985533,-0.0735950857626094,-0.0953382307438216,-0.141622977286917,0.357475469178451,0.121103517480269,-0.0778996855983952,0.197041689056052,-0.146408873261465,-0.228473845487207,-0.281899424881123,-0.115502091164182,-0.202468321731597
-0.0183492440686094,0.087684676739048,0.12208914296955,0.0833496997360356,0.064706341765203,0.210538181016242,-0.0341806728758228,0.156770941797805,0.00290690788667783,0.0757891340639034,0.0589977130711372,0.232239389935285,0,0.0962509559058674,0.0381491239155767,0.119117942448531,0.235512031078786,0.172778357560143,0.17533627795754,-0.0596779143312491,0.0513865480401356,0.241582611329462,0.111138418443849,0.124823950149919,0.0252894825938199,0.0913487868606369,0.0355354446829529,0.0241658292563429,0.194399792936475,0.158024147769618,0.0254980985081371,0.0668818538364331,-0.0947286170097158,0.124727181418577,0.0609623084570466,-0.110277021212267,-0.124967249470244,-0.00475141774920449,-0.0637310858972201,0.141819578176472,-0.135236904963596,-0.0565162777130419,-0.0200073350122869,-0.0196502193032464,-0.0508559436933645,-0.101081666250897,-0.0718676035747467,-0.0970689302910024,0.0824551335188135,-0.0981453818008525,0.108000153390512,0.1139847708574,-0.0222173408715374,0.0437817991178403,0.0954952061425318,0.161184432123952,0.126219647397894,-0.0254766179581794,0.0222532320301403,0.125054615586083,0.251869944240401,0.500725011168521,0.233346545825446,0.15140793461942,0.106388532776085,0.0685409272317352,-0.0843275180861601,0.233170757738401,0.1481666625267,0.141589792805803,0.114234847639794,0.143290600535802,0.104507746492861,0.104665628119371,0.215983353955266,0.0774914291661746,0.152138352471721,0.176453004996439,-0.0348786984474838,-0.00126698870345336,0.0543012156460829,-0.158151000570232,-0.0981689862428081,0.0469619138664589,0.0196392928824137,-0.0594516887780427,-0.0802256431105969,-0.0260276685144065,-0.0998672572931508,-0.272042609968671,-0.253633116043026,0.0702973591630919,-0.0386532563557488,-0.0729862554495719,-0.119284086289688,-0.0646136255173216,-0.154689376232123,-0.196880577372734,0.0283188277073482,-0.135476670887219
-0.333816789271767,0.246537673094414,0.0351411240037714,0.370109813104834,0.311651539992429,0.180993564340119,-0.0866694702641223,0.362354211289652,0.31764393812674,-0.239038144637122,0.0708863071106917,0.056701946322665,0.0962509559058674,0,0.605499051121007,-0.204778729111623,0.259088279844149,0.539676078402887,0.607776126984608,0.205504336185651,0.496115771921487,-0.0168820820494729,0.577496139447431,0.0611604178111478,-0.145540375016934,-0.146353364573827,-0.313188823842507,-0.096938634192795,0.317353783800332,0.503097507717689,-0.151717751025587,0.387490753549143,-0.102651594010762,0.472209584614226,-0.209428546221991,0.146072829890807,0.115619617076873,0.131037357410206,0.0583527747786579,0.0283430844949055,-0.0236306291361291,-0.248507246802017,-0.170418254528783,-0.25594842255163,-0.319863544416335,-0.191884426338192,0.120741146603088,-0.176365384213177,0.190300146765343,0.0698086045817944,0.000514382815278707,0.136138112417804,0.286137115136765,0.367415819330603,0.214575613874653,0.202960460901855,0.160710810080443,0.228622147297647,-0.285164100632775,0.174391591014404,0.120094314289166,0.0902042973989286,0.488600803881297,0.66616072650404,0.65353204413302,0.554540305898673,-0.00192852354636132,0.429046930484106,0.472723382004552,0.507908616716791,0.514115693887163,0.0317417777141868,0.483244478913486,0.0993842656390847,0.10884921156971,-0.0135913419988623,0.269407670317977,0.371007879184196,-0.198608212127843,0.364669760712235,0.162928357433928,0.163937279430198,-0.340406996063743,-0.170368181398989,-0.253368644793224,0.409101138841502,0.178132543336139,-0.292805748207648,0.28871775204205,-0.0610498898561664,0.0478341776548039,-0.263958253004276,-0.0540911162033813,-0.059299887095471,-0.237884337228922,-0.146850851875389,-0.192914055232427,0.0883591418438955,0.165728191726764,0.193612720535542
-0.294204488567114,0.0643312394819159,0.012120995544687,0.270627158183216,0.161134843332778,0.0118594709568912,-0.135994409347927,0.182518793768576,0.21498248134282,-0.0503097274702132,0.228231734621492,0.320986146422022,0.0381491239155767,0.605499051121007,0,-0.264817727493075,0.139167660510844,0.430221306306708,0.351542663654725,0.186583577400992,0.633495551886616,-0.00822478034069023,0.5320613384737,0.258959753609618,0.0716183197494289,0.0586868535363987,-0.283537346638824,-0.0235309564007241,0.439705179964664,0.639265240837375,-0.117568196790489,0.301934733281828,-0.0694945496719317,0.407649015441673,-0.130183761969735,0.156611562627659,0.137452681172888,0.0383098873545422,-0.134642280125851,0.0785678776658353,-0.103029330663435,-0.219611719388888,-0.125608171685045,-0.268463756434855,-0.35428327417095,-0.220816137259226,-0.0160483629251034,-0.248612422164128,0.0511583977471134,-0.0630263292169156,-0.0600982226466713,0.0460257995051123,0.202464310160452,0.20988669393668,0.0882449036139287,0.0657977819477616,-0.0288887603612668,0.158359165911428,-0.170391451530561,0.460842340754792,0.353686046682424,0.0845022815017571,0.462412134657006,0.498416616366897,0.584436981247991,0.768685979295236,-0.0243153341806282,0.276404003078377,0.412925083034714,0.38213678633119,0.65304611220906,-0.0065916579574429,0.459921176433061,0.137760420310185,0.293988857721409,0.230033357498927,0.466259085537674,0.523245470620925,-0.129680118848941,0.238461518212866,0.229404879838548,0.0813002283568312,-0.329295076240736,-0.0947851997662672,-0.160619799977958,0.336080549976503,0.284224154998083,-0.153209959103274,0.251833011793301,-0.0922713722255132,0.0222276972530039,-0.116433380134082,-0.103982432164131,-0.180584345412946,-0.131769429859128,-0.17153627411235,-0.235408512381077,0.0800227235494331,0.0231609594348295,0.0628541513588663
0.253385808010438,0.432498751087565,0.139544813738709,0.247266148599397,0.199272086217451,0.310451463237156,0.372959588419561,0.346273998530438,0.0188772444774678,0.18336711156301,-0.220620053748443,0.0645333519098819,0.119117942448531,-0.204778729111623,-0.264817727493075,0,0.256470685432001,0.0474360100789413,0.0329344524835503,-0.245543408559585,-0.060874260801542,0.277641672114998,-0.235465541375575,-0.0081048179692816,-0.0168158982607097,0.0580541969886811,0.0156429447208213,-0.113578314785765,-0.103009673804245,-0.252079931289959,-0.0636920750932744,-0.216590141766116,0.0372488632269653,-0.035993407791777,0.194476577709638,-0.428074478698611,-0.400037263047349,-0.200309310058103,-0.0190086855835118,0.226808909595534,-0.325401673622142,0.0595387109076196,-0.00133291162307034,-0.16787586437714,0.0528634978801884,-0.310964041244499,-0.274678465784106,-0.117113731833704,-0.0064674237015274,-0.401331978966239,0.293315779268227,0.375657090718396,0.254329020133384,0.177457014390836,0.216019643380161,0.254104852025127,0.438267502767098,0.192089874676437,0.185078997333608,-0.117701066414054,-0.00461103966940986,0.0827572681352978,-0.228646749581309,-0.231257040928239,-0.194522049197323,-0.281861028790003,-0.026858122336708,0.158018103889781,-0.00311396452133807,0.0698578114278751,-0.0706521932274938,0.158675925868824,-0.14532265910357,0.159862767439679,0.260727314259114,-0.0416816735233394,-0.0706440705297825,-0.169842549243805,0.0966479241313115,-0.351924464584102,0.0526155838389483,-0.324650108244539,-0.053131607905878,0.0907873845059657,0.0257180136735553,-0.381052175588213,-0.436327554095451,-0.0390155762686192,-0.435991010307328,-0.354035156965551,-0.333818761763104,0.0898315902243592,0.0932389172656557,-0.0941685118449855,-0.104396583074794,-0.287193660493842,-0.33321852776997,-0.43603646542374,0.124119574095995,-0.440254880278132
-0.113222948133669,0.199436476187936,0.0305226410354642,0.294755039987509,0.2093424896243,0.15103574231556,0.0433086279094357,0.362447572421927,0.140547312038273,-0.113155386354087,-0.11472106009927,0.194311912099542,0.235512031078786,0.259088279844149,0.139167660510844,0.256470685432001,0,0.556615638744397,0.530464964659696,0.0549166637147534,0.410383837480358,0.495992681736125,0.382249089821689,0.335175312568083,-0.00442408154732349,0.0259730947191145,-0.180644459311627,-0.112486437764616,0.311424229905111,0.239915598234391,-0.067292330301015,0.178436927499947,0.0709059526782726,0.511169717410237,0.179687178697823,-0.212282425272495,-0.229691707284375,-0.135051242322753,-0.0833561754889962,0.231389202806371,-0.166359379092079,-0.257058873577283,-0.0600230317440841,-0.382310115941623,-0.205057961424342,-0.316711439217567,0.0288234369755379,-0.209173081593755,-0.00735896031851149,-0.274843891030224,0.163286333823371,0.237681336004566,0.315243767977764,0.280588972199773,0.0932650339706667,0.179311701259059,0.338539153470576,0.104438245238395,-0.204115810641868,0.127103371939468,0.237153731009671,0.167886720878621,0.22790646896002,0.287923139228001,0.292344313125651,0.122990838399047,-0.00718481558121467,0.498288765999536,0.549158158116719,0.522979121102853,0.363821788980355,0.415860492769044,0.396752986601226,0.110147934708,0.340426688740997,0.0618099188647847,0.289300232661501,0.111514962966725,-0.10018117060352,0.101311595525808,0.276603974622791,0.0474011061687396,-0.304867710951077,0.158460532791575,-0.148588401470479,0.131899398725082,-0.192458438772157,-0.30429833774935,-0.104231502248474,-0.335939483653828,-0.164356782571764,-0.111242833083498,-0.136789693554178,-0.158731288071559,-0.205110504826885,-0.414918275118392,-0.345188546144791,-0.206021920093326,0.0345321968569227,-0.238968403211332
-0.179307518516715,0.419245215372535,0.179231659693288,0.502971581290044,0.531983652262112,0.346872629118757,-0.0663659933141162,0.59795328240801,0.482595897159707,-0.354572762872954,-0.0595092902982974,0.0454112719777982,0.172778357560143,0.539676078402887,0.430221306306708,0.0474360100789413,0.556615638744397,0,0.657127617411247,0.411882490056148,0.540405633981849,0.346514317529963,0.624414996251484,0.15856079240884,-0.18993626476775,-0.134549660036917,-0.363010368436253,-0.152825888343753,0.45305918666669,0.458967383549101,-0.0564648618501178,0.394494241076894,-0.0477099433458137,0.817947894446015,0.121316172395112,0.10609831906699,0.0363050815984129,-0.117630449548624,-0.102572989705283,0.044790877719772,-0.0462427702796951,-0.501959834328505,-0.0937841067829267,-0.505032627792666,-0.27260012330556,-0.481347406095553,0.104357748927036,-0.183444983566322,0.294128335227155,-0.0856235407972608,0.124300273476901,0.35415266842794,0.50235437573496,0.56147311544836,0.439010565021234,0.353983148108631,0.404006215946622,0.370353468849323,-0.449843660493438,0.156746701794209,0.131140543130689,0.112929740907514,0.407191957520423,0.583421195231253,0.635684044914544,0.359566159206633,-0.00688098884093371,0.579944634118179,0.745558895051691,0.810918996675231,0.634817714278801,0.152074202551443,0.484400623909083,0.0614839852607477,0.162917712269539,-0.0280212466396078,0.416936090822533,0.267986583592355,-0.156514996028511,0.324551930953757,0.175863690325886,0.195875629842055,-0.436616459192924,0.0191944735723971,-0.393254874916631,0.365582230396433,0.0757752898533283,-0.408301146419805,0.219492177588546,-0.333412462113704,-0.1060043129467,-0.271793803594676,-0.311574568921798,-0.208037545863931,-0.421297300564197,-0.455669964796477,-0.507726746603942,-0.152525659388954,0.278702381740068,-0.024334259546233
-0.253211081070335,0.392259578076616,0.124580061279549,0.51175854657773,0.40826043494722,0.296630541990714,0.0344419641242644,0.548964820199989,0.370866941778389,-0.258043370047116,0.0409656631021202,0.0662095600292116,0.17533627795754,0.607776126984608,0.351542663654725,0.0329344524835503,0.530464964659696,0.657127617411247,0,0.138278907755102,0.418134539012297,0.168954637429161,0.461910309850482,0.0264338939901408,-0.0922340796048773,-0.178265813860107,-0.345897936028774,-0.286002951877426,0.245417047458878,0.266218661343426,-0.109963406965448,0.304313891514522,-0.0673699641025683,0.561020315292906,-0.0958855292691155,-0.0378606347883566,-0.148169301408463,0.120948909542596,0.0518663712226295,0.0383487862597883,-0.0687899819430029,-0.351782149115511,-0.187540962753987,-0.411207093816862,-0.228715694261741,-0.320008981457231,0.103702660377233,-0.198382761215999,0.22953314833279,-0.0495872845161108,0.129150866847663,0.39538431175853,0.451443474933765,0.481397550763778,0.262823597587721,0.361645708600673,0.451906557358532,0.253447446582193,-0.29954399305356,0.142199345975539,0.208048268585493,0.144485727589779,0.384442935858947,0.530366828057597,0.528955952258856,0.297639495562296,0.0699383157740308,0.636844161603642,0.571343518663303,0.605359047856111,0.456545077037563,0.149518810947929,0.393276941963772,0.11834961187965,0.116977850408746,-0.0234285851510129,0.238001852744718,0.136618192482313,-0.135496717713958,0.300658159356554,0.046947371627097,0.108403648695385,-0.409378270710798,-0.0696527935072647,-0.308348033623447,0.283573054139592,-0.0906402095827605,-0.415786589491899,0.0870904952522792,-0.198549653462849,-0.0528990257572349,-0.159215777089038,-0.0359677567236993,-0.169856933917166,-0.350247718598432,-0.336611815349902,-0.30998904446526,-0.0908311037960576,0.189783150732546,0.0205885129841065
-0.113178471341992,0.0558016217163737,-0.118432693331424,0.0368282280000069,0.212283920254591,0.0976806227624107,-0.00804779056917677,0.0764532923614315,0.289672726181082,-0.31816267598039,-0.207164418308668,-0.168029302268643,-0.0596779143312491,0.205504336185651,0.186583577400992,-0.245543408559585,0.0549166637147534,0.411882490056148,0.138278907755102,0,0.205039856338629,0.0888771202112374,0.44394040766417,-0.0135077395145229,-0.32021978694528,-0.128912605641402,0.187439133401004,0.257490138987445,0.407769520146374,0.3648597874655,0.0511635069675158,0.0544514392262707,-0.0557218662242763,0.431055580116913,0.119650455115427,0.498367671752733,0.426848505783406,-0.167448110692689,-0.0729935829413188,-0.038498934418473,0.350746117016101,-0.253403198887646,0.0588106214088717,0.00306940150244192,0.166926811423978,-0.0733321888631308,0.31891762784355,0.204369005216138,0.406453325610065,0.407340163290244,-0.135009646003051,-0.0701629405570877,0.0198472844005537,0.0906662237843552,0.211192665520841,-0.0449919557981415,-0.0202209156177289,0.159463022267248,-0.328292146842272,-0.133523836927987,-0.248944266114609,-0.198183387218368,0.170179080835648,0.264507961236018,0.306553940987838,0.210898158805281,0.125886404031663,0.0750558150399027,0.317149452604079,0.390296101501225,0.290555350190944,-0.209530231936764,0.304943000364389,-0.109097542008942,-0.142428555032855,-0.288619482413061,0.244361234418977,0.223520610045037,-0.193741927416934,0.0745527163356848,0.00554534586350524,0.302148556096878,-0.161234764383566,-0.177356201131083,-0.109729358802927,0.332179475841859,0.260099820375929,-0.0324539387469205,0.554282589619184,0.0943058445132226,-0.0903488471753917,-0.352702224073092,-0.277556131916089,-0.153005938626944,-0.303608351690514,0.0551663639606305,-0.0984415796587619,0.144141657947058,0.32375839993551,0.371367740720128
-0.253579872275391,0.146266027000283,0.00723346801517756,0.321316804562788,0.239579993348918,0.112128399658295,-0.0262315909898294,0.313678375806073,0.238144825785337,-0.0754475374730476,0.0783805971182316,0.276130705430315,0.0513865480401356,0.496115771921487,0.633495551886616,-0.060874260801542,0.410383837480358,0.540405633981849,0.418134539012297,0.205039856338629,0,0.154830051372363,0.59297427393887,0.235766899209016,0.0165162941277515,-0.0521121789626709,-0.238389225944124,-0.130455274279959,0.402576518659046,0.494820370982626,-0.156547146247743,0.224284836098781,-0.101040322233322,0.43821799521022,-0.0514540353213452,0.0277658494321436,-0.0176640321113823,-0.119865586867873,-0.177779021193973,0.0797312293560389,-0.245256919268155,-0.342084493823886,-0.215899625400063,-0.385691838869368,-0.341786439693428,-0.316786040133378,-0.0878296327141171,-0.262367910391903,0.0313698310665555,-0.206195131029284,0.0610965557876018,0.0997032616399171,0.309953343306423,0.292691688766679,0.157166717563422,0.117655693898387,0.152910261138936,0.217617663749323,-0.201433321536766,0.340412999753936,0.307202851346438,0.0831397527910404,0.302463055674895,0.463478261312145,0.566455174536409,0.584459883427036,0.0660541382667215,0.370719315159182,0.513415445771285,0.485465598125505,0.723650876922926,0.1600988567624,0.504793219176988,0.0712545221935839,0.357195974381479,0.138578508000084,0.474460487698225,0.374750405354632,-0.103788738753078,0.135982206183355,0.273832436320793,0.0689632843170905,-0.333539988814993,-0.0772619138328807,-0.137093210632257,0.229130662489462,0.0846405007487296,-0.306061041315347,0.175262071489229,-0.223437369950323,-0.138210996181989,-0.133728167497865,-0.138482073664262,-0.192580109391769,-0.135867966236663,-0.341605406010332,-0.28960316069666,-0.0576759573335671,0.0199270433800701,-0.0856580987810462
