0,0.229855667313771,0.656171876748392,-2.45923075592864e-05,0.11069879776446,0.466126714166522,0.413940175179008,0.232515783355942,0.193958888823432,-0.0465081497694123,0.0702461390536481,-0.0697791513588071,0.162108740640026,0.105983027737768,0.0257449185827957,0.487126562138349,0.167690559298742,0.266712418928605,0.199470119418313,0.106519772543535,0.156016311143562,0.0518520764163299,-0.0423323571930513,-0.0820043283122572,0.0501986426272272,0.0939039236199421,-0.205628575810862,-0.1781885141004,0.226898487958329,-0.252015255852407,-0.0325410837813228,0.0772444953128169,-0.17277489111109,0.203662088367938,-0.0535671292290072,-0.0154586491701555,0.00281097255138822,0.0452982801248405,-0.092636714886977,0.153168857911978,0.151458292694631,0.175811605302891,0.00780377356446169,0.0112795388869889,-0.171751185769477,-0.292096338115729,-0.198365016886035,-0.137462983170517,0.509502164454679,0.156917742240661,0.629392372432964,0.320842686561679,0.000466483939631281,-0.134650778285236,0.413479963161675,0.500160450200571,0.169422217558472,0.216319177806792,-0.107446885933274,-0.0600750751337038,0.10597343306977,0.128446938515539,0.0349000298362079,0.0402038258352967,-0.00427954219869098,-0.00280715909289493,0.111966834850646,0.138192390569196,0.0982636228341587,0.165492190968372,0.0600321031934993,-0.0405667006432943,-0.00729459580782214,-0.00911246524393613,0.0193294255107936,0.112884249631647,0.0253052921527441,-0.0956811206002955,-0.0615911571472101,0.127309080344719,-0.0149989266965918,0.0379398127997933,-0.12370792568629,-0.0796736588332473,-0.234533186569193,-0.23416533894377,-0.0422062886918464,-0.24748045712136,0.152447398851455,-0.0757118751518496,-0.129275293967867,-0.166964169854535,-0.132159235133119,0.226679572056838,0.00481959768052929,-0.220935042556464,-0.251542667097189,-0.153258837487598,0.418669061176602,0.176702384901496
0.229855667313771,0,0.572913198281122,0.560172853490917,0.579002622814314,0.539724748915913,0.465984548432975,0.651469889724976,0.447094199677394,0.104762391761495,0.256505066226259,0.109764779226672,0.313376524046366,0.319543207243338,0.236761142909751,0.355942247998336,0.297516276510179,0.284138484780639,0.371842928841474,0.116152327389266,0.256895240207731,0.169930578998473,0.276845181064477,-0.0282658132199781,0.193193877952498,0.0985828841480359,0.0495636285502604,-0.0720042790738997,0.0877031904492088,-0.0761371102677348,-0.105370254999464,0.209232452029972,-0.035244727475408,-0.00294320210745629,0.219261682709369,-0.317245579073896,-0.334095068684019,0.177170233931077,0.0480784142804837,-0.0514285346681616,-0.177688537008145,-0.00107045377878256,0.0569962828064705,-0.072019324999471,-0.0362875532544738,-0.0318973481792578,0.00911888002580634,0.0446665220091163,0.310650420278617,-0.181157760162634,0.206686453946977,0.804398672188888,0.374678950402101,0.423687730729456,0.55179956267059,0.503825674093713,0.611925646407464,0.581972728463381,0.0846987433960667,0.230675374611736,0.219494384682441,0.38951869233206,0.322564912805233,0.374005130510802,0.30770986173222,0.375921184531801,0.163421829640107,0.427592574935529,-0.0755189145270726,0.337522753985714,0.337202307613896,0.264322682190892,0.262147329483947,0.159938959992855,0.0863767639048749,0.125918388419421,0.226369904719215,0.143532966264938,-0.13126584359471,0.0873921504532032,-0.178603563925012,-0.490293674639454,-0.189716771538041,0.190239162700974,0.0553899567447643,-0.0500267616455557,-0.256286739933333,-0.0750354100101581,0.0145294280728105,-0.333042571227896,-0.130833189409806,0.0639609194247115,0.116050924766641,0.00354826538957131,-0.00255032686882229,0.00963377408564796,0.0429236742162803,-0.045871464515957,0.0902675498339516,-0.131256350442132
0.656171876748392,0.572913198281122,0,0.188081709299777,0.404576475916425,0.771113472654562,0.529309216412932,0.414463571665383,0.498225972446735,0.0215775110676535,0.212234447816239,0.0968901366893125,0.327870898826347,0.357654864633974,0.193968820868074,0.512314433689698,0.408954154463438,0.389861672885429,0.445273548535041,0.212483944007019,0.269401552442077,0.180419160817264,0.126154352572148,-0.0841487255556034,0.16125388957144,0.109887439728224,-0.115467602766569,-0.183384836027413,0.195493971115539,-0.170556989115902,-0.110666614030338,0.044406202614756,-0.289288941695559,0.198410769406,0.155651733763758,-0.209232713559041,-0.344390553335983,0.0815034221407858,0.0305254602364078,0.134473273151952,0.0685100108508261,0.166919043715946,0.106997616229097,-0.0704330415249739,-0.131988951350161,-0.179979861694019,-0.104021766602936,-0.0522416825779409,0.591482672587021,0.0704183483253032,0.445521163739353,0.627020769310836,0.0900175253788097,0.00915094378844646,0.71260507250415,0.759145138037035,0.422591769754317,0.549412961716702,-0.0341901185309057,0.202814572002631,0.30676484084493,0.376091783623877,0.327851127437644,0.301590550776623,0.287516649537161,0.278093570012915,0.291546851643499,0.47086048433202,0.15537091785343,0.376724834554982,0.303623547994227,0.23190086711785,0.242385652981788,0.165877936921917,0.177897977432224,0.171402946943578,0.126202987201572,0.0573691497191653,-0.204016806904945,-0.0179980711104898,-0.0513380572823696,-0.177715880663353,-0.223850047510866,0.152281393139591,-0.129051685729921,-0.147875083138376,-0.287871934916139,-0.12040194178317,0.152317797195789,-0.196535068514585,-0.285602569812815,-0.0325038852233777,0.101552878486266,0.105718787871789,0.0824633006973225,-0.19474836773368,-0.129008741623915,-0.0975695281735904,0.448394304995934,0.0719694762557309
-2.45923075592864e-05,0.560172853490917,0.188081709299777,0,0.636195975086696,0.182743339656529,0.233758686537347,0.316565414019919,0.152151887225429,-0.100429643079891,0.0768861735866681,0.00409453252853566,0.272940260456928,0.405096668881055,0.446744411747911,0.117835953436682,0.200044792613577,0.189768296926798,0.352257000414986,0.159056233197021,0.120273952704943,0.147073995458313,0.498911977693438,-0.0515017884692987,-0.129027138045477,0.189563600637168,0.155763507522831,0.159886278631605,0.227983089651217,0.273314437451072,-0.127772691671488,0.203370912921972,0.0962099865438404,-0.0217359416537884,0.298532571128274,-0.244602572516924,-0.0165368729547069,0.0372766013448582,-0.0546885361673118,-0.234009449566924,-0.263164699402119,-0.0806270346726641,0.0769561631971823,0.024561190837876,0.251473781668637,0.163149402215472,0.176577804887816,0.28638430904882,0.111191197443885,-0.0848617748259479,0.0115520486323518,0.522208050334383,0.493749616094733,0.7814893211522,0.169400626885136,0.193168821418258,0.397783353807174,0.224186528865732,-0.0770479122443613,0.0773017952594127,0.254636647909932,0.378761856986871,0.414495702718578,0.518317520337024,0.450798328630065,0.517715027635341,0.00590593451819901,0.344840057665506,0.0547714269143931,0.28794001445868,0.250371761415842,0.318153779353616,0.368834084922427,-0.0594403304681776,0.0415616944744395,0.144121837119821,0.361903703541786,0.336983255640312,-0.0602499384320111,0.154626378682631,-0.11044228305343,-0.336539842684091,0.0333295106888175,0.171277242663843,0.126094845644304,0.21783669791323,0.0539385231473576,-0.0523160704442235,0.0421951305332301,-0.3530721724915,0.00624918269854746,-0.187885448061007,-0.0723561090809621,-0.0146936002460582,0.0607211722278218,0.0434031699119875,0.161210356388158,0.144889250855955,-0.0505433162763281,-0.101724992920328
0.11069879776446,0.579002622814314,0.404576475916425,0.636195975086696,0,0.506987665374241,0.309614178616176,0.413497363786559,0.444571152431468,0.0633247621030148,0.145870335490936,0.0625025657068847,0.25569499413696,0.272390274599395,0.19760738786945,0.20473988991291,0.29210443764222,0.214925305523604,0.381232731585835,0.0445845263389508,0.125338266075355,0.068327469908293,0.262939587573027,-0.0800469053865247,0.0248609014099293,0.102962705548041,0.0095320319623547,-0.0533258331313666,0.128510647950504,-0.0333762612501821,-0.024118978459161,0.199958957170102,0.0279196463929174,-0.0526822390122352,0.119307806781798,-0.24083748811784,-0.222987369317948,0.185935715012667,0.052879782405757,-0.0483662424056095,-0.184999856581497,-0.0903092496357121,-0.0725829189402061,0.0309582956517828,0.00488861752899628,-0.0146419383386899,-0.000219378029247338,0.0676700045551893,0.310455771323671,-0.0732612438274046,0.210481868603581,0.559239272319481,0.471829526161909,0.576553829763769,0.50953444599219,0.423200899260232,0.426905905264246,0.448708011608454,0.0203582137750457,0.104246953973519,0.179680132840267,0.376409801878026,0.318452336058615,0.338057124684449,0.312262205557321,0.327500289006817,0.114581513309121,0.404253175283307,-0.0379932048779745,0.222905107908287,0.220809413540421,0.234666630378231,0.251686353757776,0.0855806385490333,0.0945601902942246,0.0816741440866143,0.276937447983058,0.159929958472654,-0.00800863089685104,0.146436324998852,-0.156809594331284,-0.418674745969445,-0.196786392334453,0.026739238294382,-0.0201008617858775,-0.0406349510614768,-0.135958816560289,-0.162638953649695,0.0377931498358455,-0.326667932364433,0.0204363943077105,-0.00717642020447654,0.0223295890541841,-0.0412619317147329,-0.0768339932733297,-0.0291528844310891,-0.0237379461448847,-0.108672113033647,0.0959789924059821,-0.0874760510445106
0.466126714166522,0.539724748915913,0.771113472654562,0.182743339656529,0.506987665374241,0,0.493289672178223,0.483152563232176,0.678548000103586,0.230380783478245,0.357837336629151,0.295214516482922,0.441771176358627,0.335453440921645,0.127511013993119,0.340260574717679,0.436961508673158,0.364049989815847,0.45689458339366,0.126693012828265,0.256310670728354,0.165764820524952,0.0889223196789095,0.0139249200963196,0.322133416617316,0.137775377247276,-0.116896682826506,-0.140440896144477,0.169258746975028,-0.241444967465898,0.0353654452593569,0.0616556032565003,-0.337249740988097,0.146070324346617,0.131081127895814,-0.154619898492459,-0.425299456879974,0.151582922816545,0.145564618407969,0.216604706578406,0.0766986786263646,0.186823027734132,0.0443386119077753,-0.0664657593783401,-0.182439971674359,-0.246158679292135,-0.147024561749002,-0.12427540698301,0.679928997466615,0.0498958809147835,0.350753716063527,0.5781233339716,0.153183799368892,0.0472392068001071,0.825553288884766,0.850870944283555,0.468818065660261,0.687226723699196,0.180619530964156,0.286688895810274,0.278281511991364,0.501630616785107,0.35102031898386,0.307375580701641,0.25395084550796,0.251402303020927,0.382515472829213,0.518842104669246,0.098506970572261,0.345359427814383,0.285044057031464,0.251562550586773,0.229009561478924,0.342288574814963,0.256301626377596,0.244704092500393,0.213400728874083,0.086963960952665,-0.0982706085794691,0.000503746608500707,-0.11711455334585,-0.243301973053044,-0.245231332391812,0.166524702040071,-0.0941543386449567,-0.18328300688402,-0.321343914569071,-0.0648436796838581,0.205885499315873,-0.154440568574427,-0.225838678536053,0.164143246823401,0.219886439529818,0.111905031530636,0.00273075708310927,-0.117996046947983,-0.199183993370062,-0.176353392979261,0.531714602850012,0.0914884615060011
0.413940175179008,0.465984548432975,0.529309216412932,0.233758686537347,0.309614178616176,0.493289672178223,0,0.604526571322185,0.492284137539765,0.17793887888354,0.126171388343351,0.0511567893633843,0.143145229362368,0.104961342379065,0.0311084775573168,0.516524252559976,0.333435925278134,0.3564252131637,0.309361247086277,0.0825212055813845,0.198386902964416,0.107045129340586,0.030795844663686,0.077714426110576,0.213744706737259,-0.0213715844421105,-0.181211296001615,-0.29535540722172,0.0483078175220432,-0.234084203389131,0.0175494969871155,0.130059011321142,-0.150767384184707,0.111194510047703,0.00389282836417108,-0.128698733002397,-0.306945226504623,0.236021168055821,0.224844135505837,0.424784623056698,0.149871104618887,0.137531161696882,0.0691827934168115,-0.105562987183983,-0.252426160708475,-0.263795959537235,-0.168770257760671,-0.163593906162033,0.443114620032492,0.032406393567652,0.480278542091207,0.565326620050471,0.364451075844664,0.160513275930159,0.530424946917504,0.546145708000268,0.610673974148713,0.534884558129859,0.0236978119649722,0.0611208076564052,0.079800047687748,0.12077183165767,0.123469079623313,0.159315488814716,0.112185099436461,0.113297105762117,0.437024760698709,0.30611293146998,0.0128192231158001,0.267898717280939,0.141851387544452,0.130668171681048,0.111081155932295,0.286223228592644,0.154207003993806,0.0301218152465652,0.00207577611216401,0.00739096802305301,0.00451487860718451,0.148204143645655,-0.0616485021698888,-0.237835774325635,-0.253918555626729,-0.00410874044622965,-0.27343307277437,-0.216902502421029,-0.310910588577083,-0.241658913552958,0.0469907119103882,-0.150474362776613,-0.00951965053313618,0.166515812116547,0.217959385428884,0.14519520646729,0.0763618516311974,-0.210235077148449,-0.222245836314697,-0.24673949326142,0.302539591402751,0.0898970586431146
0.232515783355942,0.651469889724976,0.414463571665383,0.316565414019919,0.413497363786559,0.483152563232176,0.604526571322185,0,0.655612958281894,0.361809713424756,0.324072042686271,0.181759525098224,0.144924997102861,0.0612440447334652,0.00135967281241005,0.396553181974547,0.187415446605443,0.353384230671224,0.28290892470882,0.0272133456791642,0.150730936410244,0.0614892612929401,0.0367454025709781,0.0898322598862187,0.440515731349489,-0.012335685280761,-0.112885469832753,-0.171344370483472,-0.0525581794460471,-0.260708366696052,0.0433144311173563,0.234247578893373,0.0475062299656458,0.0756235463820955,0.0174792847280991,-0.135821728916452,-0.38233520758355,0.339308721834239,0.231633695604745,0.271457881692311,0.0463042207905806,0.0382356921911809,-0.0199717511836097,-0.131225792378651,-0.217466952435725,-0.267481258957767,-0.176658292835797,-0.176382269243616,0.259388993763993,-0.237406759706387,0.340364118947062,0.64131999604549,0.477596900696916,0.271939706704135,0.580900562975996,0.479614596876211,0.762617066053437,0.743294713866975,0.311447832169366,0.23845946843734,0.0593125048866547,0.173132977727159,0.175887137949105,0.210413918101793,0.105142288535996,0.146100932070666,0.409620399099357,0.296923001903574,-0.121375119360418,0.349026765732208,0.194364187810166,0.093881481398854,0.0592449373169541,0.371191814562135,0.153889383747379,0.10619022026422,0.139202682458094,0.00552750786799972,-0.00289586345515046,0.180544398638653,-0.189601837194562,-0.375569591627041,-0.262962148824469,0.0171347988147891,-0.129851283453812,-0.186666971433991,-0.303117179680018,-0.0956837498706341,0.0302127511948098,-0.11244860054807,0.025230019975084,0.309035333712444,0.281743229541134,0.00495038441913676,-0.0797054308956132,-0.0379804761527023,-0.216082329491054,-0.264573006892113,0.092131968249393,-0.120561151740128
0.193958888823432,0.447094199677394,0.498225972446735,0.152151887225429,0.444571152431468,0.678548000103586,0.492284137539765,0.655612958281894,0,0.489056360803764,0.401888123165871,0.369187464938937,0.232636760487056,0.126696533964725,-0.0488170521356255,0.307538046351771,0.300485884111835,0.355593067955672,0.297736435122719,0.0865740371820902,0.147422971967096,0.0513022290274224,0.00704607414361634,0.161043671970651,0.556100067438514,-0.0557062331856802,-0.100045725797156,-0.224940116439443,-0.0568267586925149,-0.256282653515,0.177581788340522,0.264004851496349,-0.0684333426707976,0.168632040662475,0.0113237301196739,-0.0214267012853503,-0.525739296854345,0.391004881703444,0.303501572138864,0.411170310793067,0.193855615231842,0.168552510127064,-0.0341596921322256,-0.124425974658386,-0.212519926903755,-0.215928882446127,-0.169646047831306,-0.0873430671833397,0.449374833890055,-0.0517649053197493,0.289767457566727,0.511568154788394,0.315351827214953,0.101418733915738,0.720322165966603,0.682365634061169,0.60175771900392,0.805822948680505,0.419342837001243,0.358673975158523,0.0886751555106471,0.259821234813439,0.234014118817856,0.243572870016243,0.157742084452739,0.129219146401798,0.544698658970336,0.384252065262259,-0.0195608635940039,0.322073676362635,0.202480446692653,0.137985620440964,0.145942255880491,0.5278393887028,0.295822769080896,0.0863742985660357,0.097820094702594,-0.0228547498431314,0.0419200027700093,0.173862923266606,-0.217243409182072,-0.25046754495974,-0.28674887290054,0.0731732109334931,-0.133162114759266,-0.153382146742975,-0.445027328686205,0.0011421969210257,0.143959315522381,-0.0513894867947937,-0.0322558612312084,0.493068358582892,0.461414896630566,0.00781854164530782,-0.107333888724763,-0.0636799265204527,-0.188181433191134,-0.167422540899077,0.365508958526439,-0.00571040330675331
-0.0465081497694123,0.104762391761495,0.0215775110676535,-0.100429643079891,0.0633247621030148,0.230380783478245,0.17793887888354,0.361809713424756,0.489056360803764,0,0.56220914501125,0.597509270069987,0.204878654173557,0.0128090733879371,-0.0513445082961873,0.0611730332772173,0.143909511140137,0.121075865171575,0.0582479544214564,-0.0931946295452528,0.0142826791037483,-0.0101791967410561,-0.059741938552955,0.491923281469,0.715516476575346,0.0911166598976819,-0.0910327935567983,0.0637746330570164,-0.0721427257995512,-0.18123609162186,0.328179256682308,0.180607151948316,0.0247771318917596,0.143439335064206,-0.0979189484243118,0.192707855236727,-0.209026271952457,0.313968495930302,0.262164469788661,0.372383454247966,0.246444815814821,0.252388589781438,-0.115226306116082,-0.108563276693435,-0.189758372061236,-0.16837967119228,-0.205482730363143,-0.172747274344426,0.111375789433928,-0.101878321517555,0.0708802498693453,0.10887577877204,0.174770623030757,-0.0817878731171162,0.296319881127868,0.244932961137524,0.294250081736298,0.445581303375617,0.736152784101257,0.338190194936513,0.0645515017202714,0.102730247946441,0.0231980787188192,0.0370442988873988,-0.0827488156680043,-0.0290253825576505,0.29190049248509,0.0595708267656329,-0.100527838622134,0.0694742648280781,-0.0207228119146194,-0.0192640148895741,0.0223154629060641,0.466436078396057,0.312673162071199,0.319923151949175,0.101545531553586,0.0995356671008104,0.218467738333387,0.11088767558412,-0.104847660379646,-0.10339876628892,-0.0644589322634805,-0.0314191425866789,0.0105644105351388,-0.117980785199381,-0.112098697169423,0.209806565054087,0.130924480436129,0.0908711709584713,0.0382921483099294,0.510331721188107,0.420439857645765,0.0491337299622586,-0.129033028275737,0.0782831508329824,-0.150213556768561,-0.155020185743258,0.161917135812584,-0.0180327348064807
0.0702461390536481,0.256505066226259,0.212234447816239,0.0768861735866681,0.145870335490936,0.357837336629151,0.126171388343351,0.324072042686271,0.401888123165871,0.56220914501125,0,0.645556940753901,0.422116090090699,0.205752607898828,0.115254166786566,0.0142345828827305,0.228500603622949,0.136924274374072,0.255573433638427,-0.0256357808282871,0.0573817443191486,0.142261815218168,0.0757182556021119,0.385145541318681,0.528635389621674,0.431669634019564,0.063426295672068,0.170413728339092,0.145738719152042,-0.0533147805593943,0.172009976951219,0.0743530844515332,-0.140181297035172,0.177103771350065,0.0620140994421461,0.10403466252727,-0.107431109857074,0.102732304884469,0.133507037616529,0.0791886153501521,0.180144430278049,0.288113751681398,0.0585094845683712,0.00792594774287012,-0.0105253342377181,-0.0796823476975026,-0.083062075230276,-0.0513960166114947,0.222978418660083,-0.013088740510955,0.000175842056017547,0.19158256996205,0.0753220082643887,0.0253247878377922,0.291056947241929,0.35857639210507,0.286372848491634,0.431052711329885,0.643357899123988,0.53278176275228,0.344688621212794,0.366569810191983,0.210141152494331,0.174748340416284,0.0683181055907818,0.144287918636555,0.216432207010525,0.20971914615473,0.0152044783073824,0.163067122446664,0.077540446215818,0.0960593948243206,0.118685377564654,0.350400758290167,0.308879851906259,0.486589814928945,0.258952667254665,0.201631491206967,0.114702119841862,-0.00815503026731419,-0.0930888071385138,-0.0561013986521023,-0.0390337937148102,0.0487707538641692,0.0954987782634161,-0.0554824885596175,0.0127121870968877,0.257956530747934,0.195840923903317,0.0798609817016584,-0.132201944695232,0.246988191917352,0.194600509351779,0.177675992423242,-0.0892785231568143,0.134086841102301,-0.066165992720175,-0.0776795995786604,0.177615338030768,0.051258661197219
-0.0697791513588071,0.109764779226672,0.0968901366893125,0.00409453252853566,0.0625025657068847,0.295214516482922,0.0511567893633843,0.181759525098224,0.369187464938937,0.597509270069987,0.645556940753901,0,0.543396488903644,0.308276500841322,0.170501595260795,-0.0620895345363864,0.372047080920621,0.282790258871647,0.277706622368449,0.208848447361885,0.182171913464684,0.202285086202919,0.101422338975716,0.54620938432988,0.561981325752127,0.460390338801014,0.0108009443437516,0.239931127667758,0.220015141029178,-0.0668721429700209,0.23029494932988,-0.0837461346268853,-0.285667195334807,0.351300911617159,0.092739313255213,0.25619069303757,-0.0956046156705629,-0.0885863295363681,0.0122810823224592,0.116123721643011,0.157934674435382,0.386412879245604,0.0944600408722475,-0.0948066501714138,0.0512388988597171,-0.112781298103007,-0.163428990514538,-0.0730358584683276,0.216776377846221,0.131863404295463,-0.204964812117105,0.0388897708674081,-0.00940357309377834,-0.00248731659543514,0.249188352557783,0.34296346601793,0.170655516337846,0.418193408694087,0.626405278420853,0.573737222545721,0.517311493481482,0.424691051075495,0.253353431603461,0.220998850074345,0.180619618297694,0.159892326129229,0.274624680854284,0.248353605420536,0.24627050312679,0.317417959560737,0.188809824005843,0.178921880163093,0.149708150080594,0.458836054647884,0.554885951141486,0.606973148551924,0.288693914516401,0.252174248921474,0.00408584460385202,-0.151502642402797,0.104591392002065,0.12088164848312,0.139556902923289,0.122743148627193,0.166905273232331,0.0197828718803702,0.0335887088932369,0.354074920772261,0.433784382222216,0.24605005065024,-0.253682100877549,0.279734728494344,0.305819286384176,0.217819220985573,0.071680028553939,0.108847176760363,-0.0647721366265022,-0.0511204572214395,0.330213543800779,0.177444117671756
0.162108740640026,0.313376524046366,0.327870898826347,0.272940260456928,0.25569499413696,0.441771176358627,0.143145229362368,0.144924997102861,0.232636760487056,0.204878654173557,0.422116090090699,0.543396488903644,0,0.548727376731804,0.404366300294765,-0.0383602504032441,0.535329754246709,0.330473160084109,0.465115639549828,0.231250073877023,0.352537464703259,0.348177765546857,0.28920637850582,0.230574280910173,0.209235220708528,0.538358485441509,0.0531082680225189,0.280009068535032,0.451373721460585,0.0408091952968574,0.078302014482208,-0.168575134788839,-0.356323805761681,0.247885030689221,0.30089167200717,-0.0239214805630233,-0.0350277116103518,-0.138900608919287,-0.157564981057066,-0.135437581468385,-0.101324517708795,0.284614403187429,0.189755779802792,0.0715660437248955,0.0639443477164517,-0.0287224379321852,-0.0385578123108379,0.0223704754040343,0.36607797624375,0.127255876889199,-0.0768897622611747,0.240726153169865,-0.0365447264625215,0.163014882375342,0.354127008665374,0.436136545435956,0.185289404264134,0.316602333641701,0.266882516184313,0.454935637203637,0.634799317893409,0.81481334146054,0.452246552592215,0.42052672519981,0.351229783711199,0.399065906670239,0.0789385023319951,0.402938632272712,0.324067161090947,0.406347206297377,0.328710288064544,0.331505722831037,0.285364876614649,0.165029873598812,0.361477309928252,0.565550140097036,0.469309845284404,0.394940597929318,-0.0398542798404403,-0.218561586509265,0.151582055501277,0.0385392812190363,0.120112246588521,0.259431301449817,0.178479786007968,0.00566440104342511,0.140719130088729,0.197770234548365,0.37038910922071,-0.0327685559568114,-0.374090729871763,-0.13009128604694,0.0409818509269923,0.205852678379528,0.204863745373863,0.0940043040467461,0.0228609357399344,-0.00194040815531774,0.336296343008556,0.166315948019551
0.105983027737768,0.319543207243338,0.357654864633974,0.405096668881055,0.272390274599395,0.335453440921645,0.104961342379065,0.0612440447334652,0.126696533964725,0.0128090733879371,0.205752607898828,0.308276500841322,0.548727376731804,0,0.791936667962693,0.0531953777307992,0.52033806703659,0.428964478788791,0.634655988318158,0.500532771998844,0.411271729406237,0.43704802724154,0.711028549842075,0.154000453008822,-0.0157208211819883,0.378680893255598,0.363853706561155,0.469696438951198,0.499863292743924,0.4527509813461,-0.151938762259729,-0.0204673046446121,-0.185900299546449,0.351732438559408,0.611927587761171,-0.082966398034066,-0.0651456174888035,-0.139189413650097,-0.0725495569167756,-0.157339729231854,-0.0115095845521392,0.250561003081668,0.366926612817531,0.00631199263606389,0.4000513899339,0.367059498588188,0.39584137912299,0.462529916196393,0.276405745603413,0.15394278207789,-0.131099807952194,0.278848197431254,0.0499835901587539,0.21629144820508,0.209265760633306,0.345140352670294,0.171034983870736,0.194425334125277,0.0324409204667746,0.323341342449438,0.541847058412675,0.606954529976236,0.719781868979857,0.744296813827151,0.777204123358502,0.764575956773828,0.0260126756837944,0.571673023846193,0.561811886072571,0.558919172750277,0.502202005994593,0.588465141262674,0.607806183669691,0.0396361807850208,0.303941410190657,0.429802305613186,0.47502743935101,0.599239092501106,-0.297455975911005,-0.0936516841159823,0.179820543343466,0.0545686369305324,0.257299050687247,0.534342784889625,0.355418295187499,0.481805638574045,0.0524549643322298,0.371240852755806,0.313085506864936,-0.114183974815422,-0.272055693373102,-0.155521025722151,0.0777262561049619,0.136809194919879,0.413250841213459,0.0498937162025853,0.375623174429134,0.406965889990297,0.219533632446547,0.0809203480173733
0.0257449185827957,0.236761142909751,0.193968820868074,0.446744411747911,0.19760738786945,0.127511013993119,0.0311084775573168,0.00135967281241005,-0.0488170521356255,-0.0513445082961873,0.115254166786566,0.170501595260795,0.404366300294765,0.791936667962693,0,-0.0153597513860928,0.289705912329506,0.28344860028332,0.43279768759018,0.49905320071452,0.379545189380803,0.264308444015219,0.715182938761443,0.0733294599037533,-0.157739908249442,0.325139734510066,0.444030200144893,0.559912889172601,0.499600667729449,0.581375491947708,-0.231216508839338,-0.0515349436858008,-0.0628226150157097,0.183858100368492,0.542573619452909,-0.0959431495282789,0.0836305883665446,-0.173850950304805,-0.124190637512593,-0.218421830349529,-0.116184309209162,0.0881755038380685,0.295886736632172,0.000467154810123885,0.44733907638254,0.449582073401699,0.396345098273966,0.49157587122265,0.0981823404658819,0.0954324692420264,-0.150420216502091,0.18670788536066,0.137632010543077,0.290881648295942,0.0243845674722983,0.138904688393515,0.117230334261684,0.0464277542760683,-0.0582278808405383,0.174116387241492,0.433532381887007,0.488063483810908,0.695242786836117,0.73955280739198,0.776351217553666,0.854525182081544,-0.072502565277143,0.419937628055634,0.459596984801199,0.449474982352028,0.534863022203439,0.538237979394955,0.577282235093773,-0.0596938644260277,0.211658433934048,0.389757970932418,0.49351993330217,0.695634527179793,-0.290244770291062,-0.0683535409356955,0.187290768049166,0.0296148049699524,0.302694719508547,0.48408247823603,0.43697950691868,0.566098817654232,0.19485272036414,0.376705027692822,0.238025121851487,-0.146526606739445,-0.17067912629784,-0.283440426905905,-0.00358657630731416,0.0314164021510693,0.396987719738695,0.0406961537710532,0.433912446327561,0.479235145968305,0.0668303768395179,0.0220101556680278
0.487126562138349,0.355942247998336,0.512314433689698,0.117835953436682,0.20473988991291,0.340260574717679,0.516524252559976,0.396553181974547,0.307538046351771,0.0611730332772173,0.0142345828827305,-0.0620895345363864,-0.0383602504032441,0.0531953777307992,-0.0153597513860928,0,0.215227114943376,0.219577132828663,0.262044756263154,-0.0122235917519117,-0.0533154564757577,0.165619868401202,0.0428961556059753,0.167485620221492,0.137495369328838,-0.00332440264499099,-0.17409457612584,-0.25056278578144,0.00886898899971517,-0.155373733470379,-0.181145795569153,0.237670212840844,0.113608478281414,0.182082073484937,0.083329820950721,-0.116666297750631,-0.207790449927361,0.266635319268838,0.150527929870898,0.37616315875034,0.102984401478425,0.0149615557222853,0.00483551283945553,-0.230847685487493,-0.153893468178998,-0.244435691505851,-0.179335217513418,-0.0874999894287468,0.190650156997426,-0.130968779622011,0.515072627553154,0.47981226567748,0.236509237828141,0.00451636571712897,0.451554380120037,0.369907331353722,0.290590026350805,0.307219322737904,-0.0393005966908878,-0.0121617807806764,0.0289294836780241,0.0119994703666331,0.050066947068943,0.104159759445624,0.0449889784472633,0.0385888961464695,0.288532369252312,0.290453505156895,0.0317772983576078,0.0992731033524036,-0.0558436399842963,0.157421126376902,0.119535981626871,0.172869917615975,0.142773621449354,0.0279114500332139,0.0125172877757458,-0.0147619096263067,-0.234736270555572,0.221935913898104,0.0172710499764728,-0.229420779744625,-0.203649640603752,0.0662180852989509,-0.18719121545041,-0.125490412545933,-0.201263769938216,-0.141955904422285,-0.0604760031078988,-0.0994977005868386,-0.0129747818321144,0.0671803384662969,0.161634811799374,-0.0330033730878537,-0.0470209936764799,-0.191431770353169,-0.234010795715855,-0.156556651288458,0.181106773047598,-0.114507981189571
0.167690559298742,0.297516276510179,0.408954154463438,0.200044792613577,0.29210443764222,0.436961508673158,0.333435925278134,0.187415446605443,0.300485884111835,0.143909511140137,0.228500603622949,0.372047080920621,0.535329754246709,0.52033806703659,0.289705912329506,0.215227114943376,0,0.488448140795171,0.65236388809454,0.299849478965874,0.397203137383574,0.550111650398672,0.359449454570067,0.288643966551897,0.158863823181743,0.310563933578951,-0.00188327188085537,0.0572030468008942,0.368424714364685,-0.0378523526870581,0.0346370230892784,-0.0858422815409848,-0.246885067628983,0.396023808065076,0.399232832166445,-0.171774798989914,-0.250534817394301,0.0510687288541335,0.0766180104889078,0.0549664090185932,0.0857922259397419,0.417826793961807,0.357109957830797,0.120727642884713,0.0235343235714044,-0.00476725826874462,0.061484126227725,0.0964363211077161,0.358429302224589,0.183292087676729,0.0459571261108112,0.294989158373815,0.0147362007357523,0.032799967941681,0.351290174643874,0.469567726420689,0.284137625052123,0.369140076290918,0.111643699343096,0.351914653080724,0.495536671043549,0.452107928551473,0.36175026068522,0.377498962406636,0.403227266865335,0.322867372246378,0.220344696425847,0.618811293335162,0.418677565901872,0.488151497602426,0.339152803102415,0.40566073950531,0.347909701599818,0.230164030350656,0.450294045113206,0.354735541557739,0.260592928907768,0.197428302872131,-0.141763626585557,-0.166908196461163,0.191147306105353,0.00388785869653877,0.0346519075495995,0.268476358957739,-0.0185049140039083,-0.0244924115805084,-0.221102934522567,0.0340155348741282,0.211637497239031,-0.0277635026389089,-0.306237653268394,-0.0175421970504017,0.229302634794313,0.308105828302764,0.344071995966815,0.0789302395150486,0.0256151461193301,-0.0274898198163709,0.247448183857359,0.138299588415912
0.266712418928605,0.284138484780639,0.389861672885429,0.189768296926798,0.214925305523604,0.364049989815847,0.3564252131637,0.353384230671224,0.355593067955672,0.121075865171575,0.136924274374072,0.282790258871647,0.330473160084109,0.428964478788791,0.28344860028332,0.219577132828663,0.488448140795171,0,0.48211980314204,0.607960599314673,0.478637271074667,0.266483679389699,0.315150278428439,0.172708527661861,0.200708865383829,0.146941222096385,-0.0502248837058136,-0.0389865014118069,0.202422489129117,-0.0383947038638268,0.0730274676436024,0.0197077779857979,-0.236874685176798,0.646283426974815,0.200000610503897,0.213277317030584,-0.167039288910206,-0.0492406810719497,0.0266414702052335,0.0521599305096668,0.289029982706882,0.436217415488996,0.288495110758756,-0.00962341270095419,0.0657045560587289,-0.0950561399036298,-0.016815354963098,0.0818538315753376,0.427839034714247,0.335435843345005,0.136597474331788,0.350755457894779,0.227646177519687,0.153541964710536,0.334694022698514,0.430184850314175,0.469032945206266,0.455321353066484,0.1307727995963,0.306869938564668,0.386168545932039,0.263699260890302,0.33650988941143,0.387914822645173,0.430627902239077,0.301068058759059,0.363177576583286,0.369784935371991,0.439600159917016,0.784159853646768,0.490665784093858,0.1566268308503,0.238291509570207,0.228999909847762,0.297621758170722,0.266168033527596,0.146634807487858,0.107423861407512,0.00698134187485739,0.0240296292604979,0.0587848936347282,0.185428609549828,0.0515345499049458,0.0973836783135062,-0.0488286624448357,0.026365773356606,-0.151923945014169,-0.0430498548333675,0.551136387638909,0.103729605019242,-0.119680814088496,0.0815340395859354,0.223623767785785,0.330911515077437,0.29984258778677,-0.106087804899214,-0.0752131282316509,-0.0454232433850484,0.371645989771664,0.276621360218247
0.199470119418313,0.371842928841474,0.445273548535041,0.352257000414986,0.381232731585835,0.45689458339366,0.309361247086277,0.28290892470882,0.297736435122719,0.0582479544214564,0.255573433638427,0.277706622368449,0.465115639549828,0.634655988318158,0.43279768759018,0.262044756263154,0.65236388809454,0.48211980314204,0,0.264915712294125,0.297149193264148,0.441625228772989,0.446628367930432,0.203994605650212,0.0674285477235916,0.316719279289298,0.037631186816461,0.159025669102965,0.417859651931735,0.104319682273979,-0.0415479075755942,0.00504020240770726,-0.1660419198412,0.417983852421026,0.411950026011531,-0.149138607881251,-0.186347202258553,0.0478647125022549,0.104906606662098,-0.0301646090661236,0.0816541946606321,0.182105730719936,0.309304518689881,0.105170216571945,0.171465477518312,0.0188757128223969,0.14487679611746,0.176946708893274,0.299416778385308,0.0212492863944771,0.0505241311148885,0.388638505859944,0.185741583560317,0.199437762959537,0.372233468841506,0.441088160536656,0.366585952543219,0.380082154453779,0.0805874946546937,0.335712815727012,0.439826257507636,0.486746726034375,0.510998410904932,0.558962389102401,0.561448453102827,0.471849107146067,0.190158499459195,0.722248163699187,0.449595233411148,0.542797965889659,0.316214871021058,0.424317848997491,0.411806919670078,0.160465860497017,0.372407593763389,0.332322980404025,0.397126346195929,0.279762975245224,-0.182979454637221,-0.0489896227498789,0.155216540169831,-0.0260808581043256,0.000424301869767719,0.232842188366858,0.0271058210036228,0.151024786815222,-0.0805860834375314,0.0665020312802347,0.141111201971972,-0.100186915910762,-0.173044392360872,-0.0572953429864086,0.158462104776645,0.148919104207299,0.262439677433669,0.0691233340807197,-0.000790731471438958,-0.00728266364922443,0.145472680437442,-0.0438747739561917
0.106519772543535,0.116152327389266,0.212483944007019,0.159056233197021,0.0445845263389508,0.126693012828265,0.0825212055813845,0.0272133456791642,0.0865740371820902,-0.0931946295452528,-0.0256357808282871,0.208848447361885,0.231250073877023,0.500532771998844,0.49905320071452,-0.0122235917519117,0.299849478965874,0.607960599314673,0.264915712294125,0,0.576776650798299,0.181253754158658,0.36792268405935,0.0757818653764773,-0.0491817595893608,0.130912844194612,0.261549735036482,0.207608296952627,0.370506132513926,0.186940546948037,-0.0785696860939245,-0.134897218838414,-0.222410912202016,0.448129099883067,0.313508605983727,0.204920153007471,0.0530717702844297,-0.234943602552249,-0.158249444357484,-0.0571157104773823,0.18562866957424,0.331337969665342,0.300804671289544,0.0167389261085666,0.354501579782216,0.218965273775864,0.160329912057803,0.279213266508783,0.267230901379573,0.473616346022797,-0.0926670899844361,0.0790377216959073,-0.00766510572930667,0.0840699890575196,0.0644027900854746,0.207173939615787,0.11996589057667,0.199110425813403,-0.0949441020008142,0.192974839930552,0.400237825896292,0.20003221125202,0.405415488428168,0.42695500590351,0.544497219560431,0.437461516699704,0.20264749329037,0.248064539056817,0.516803173438549,0.654416265907462,0.671889508631374,0.277457045501039,0.268671950299421,0.141331316825985,0.259536009702197,0.218760129056069,0.200549752993375,0.193135556911901,-0.167341793149046,-0.160515338818322,0.112289117626239,0.302164541814396,0.258269852867145,0.265661629790556,0.227914501676235,0.317627918874997,0.0197795113883731,0.149208556288179,0.609823289146432,0.150251550594761,-0.286578380360371,-0.0589988872899595,0.136261485560426,0.213589290580313,0.42349528361113,-0.0388555126268854,0.231072514200123,0.257765514881701,0.313969626304287,0.374944000581121
0.156016311143562,0.256895240207731,0.269401552442077,0.120273952704943,0.125338266075355,0.256310670728354,0.198386902964416,0.150730936410244,0.147422971967096,0.0142826791037483,0.0573817443191486,0.182171913464684,0.352537464703259,0.411271729406237,0.379545189380803,-0.0533154564757577,0.397203137383574,0.478637271074667,0.297149193264148,0.576776650798299,0,0.259535653022056,0.250950579013411,0.0198327972554555,0.0056825126473016,0.175709460202901,0.201875911666918,0.082319837542701,0.389358305261097,-0.0663046637352792,0.0267145703800524,-0.141302059127321,-0.256240403432736,0.256370810172865,0.229716951069275,-0.112281629452935,-0.0758135035429262,-0.119812963675085,-0.201173907491695,-0.109584001032798,-0.0141524252703934,0.301275563397658,0.237957882742057,0.154657068940304,0.070576447258183,0.0929476477835395,0.0548070025586438,0.053571237143496,0.256851876162226,0.209581202156905,0.0389870306440135,0.171211398934013,0.0372583858907885,0.0482477931560063,0.178808962970394,0.266096747530736,0.20119604827751,0.262477371737679,0.0354482550077582,0.130707969828266,0.28152486449932,0.249109447347747,0.23617841613526,0.275540774404747,0.390324886240265,0.378870998405259,0.018468457840407,0.269422773391968,0.313630109748725,0.560134804621217,0.770356169411842,0.239688481543311,0.239923055910342,0.0817295141545542,0.241653675812,0.199398142999439,0.244787679039091,0.164430943409512,0.00471244117262985,-0.17878896860626,0.0706719903517732,0.115614911953258,0.137378501572474,0.257006446657754,0.279351078739868,0.00141225543461239,-0.0614034915499009,0.0637391610771097,0.346653096578939,-0.0428499114381898,-0.316029973291883,-0.135016037686928,-0.0399762560740442,0.314532613902911,0.323819172694209,0.048786050109699,0.187043133869583,0.0871069807828821,0.177718341205737,0.236502821419434
