0,0.47644520018748,0.374202223901808,0.0436823487780834,0.301214269468543,-0.0773374577155069,-0.0642318298757024,-0.044769685458878,-0.138294624793854,0.0258320868645754,-0.371919727630412,-0.358702631650127,-0.276710748787765,-0.22786367870909,-0.375907128232138,0.535140263659425,-0.288878440908982,-0.324530076042347,-0.301766510448805,-0.250144503950005,-0.217082918744264,-0.215523001830702,-0.282005810057692,-0.432221066959703,0.300748442631179,-0.358365808042939,-0.343462223865318,-0.337775324046347,-0.330549532064969,-0.404640086859028,0.158264591002098,0.41157335069508,0.397079953250032,-0.251838893803137,-0.268609270814303,-0.409675510969339,-0.241942676564897,0.456110928695165,-0.0806395986798284,-0.0806596529658185,-0.241614547530886,-0.0118776827929253,-0.265962499231738,-0.25946130675741,-0.387960845033866,-0.311514015262549,-0.131847935885116,-0.164967233093738,-0.181386718534646,-0.258751500126528,0.49793159515425,0.468865877423985,0.166804559319732,-0.0504273892188162,0.245960820118642,0.0921826989913028,-0.128450787607049,-0.146011020553871,-0.0886290277257945,-0.240096947961436,-0.318153186568201,-0.315983099335398,-0.341011566725362,-0.322886954981825,-0.36546416607877,-0.356817991562005,-0.0289538684967504,-0.328543074460014,-0.341004736859806,-0.361057286208847,-0.357375735777744,-0.276109432091394,-0.302921837307088,-0.263908660245364,-0.33614251615574,-0.203072813672928,-0.267091194473972,-0.40348273713278,-0.122650184982039,0.230408140887805,-0.372544870845975,-0.238403559519609,-0.387144351726808,-0.294420200733204,-0.41208861642354,-0.297704383618616,-0.240508431875454,-0.236431791810083,-0.442959494046782,-0.253417983193373,0.352599787444225,0.201928106826315,-0.0180010458966193,-0.23406859097447,-0.365678193449692,-0.301423441802154,-0.28677626099223,-0.185303504493352,-0.192105906793986,-0.390917030449286
0.47644520018748,0,0.526374038508529,0.0924020893126428,0.534915540687748,0.112279564859829,0.103479934555383,0.284012892960466,-0.0371988470377959,-0.0462073020121279,-0.167896293233485,-0.165309981811,-0.0655046662076382,-0.213848694985676,-0.305713230675686,0.697615360789457,-0.16825759953804,-0.329959036304681,-0.197281161988535,-0.228732251102785,-0.155952013282717,-0.113656073893798,-0.256635941824085,-0.268224376750192,0.111472073134639,-0.129232410498306,-0.209004865083494,-0.276308491387247,-0.153243333349247,-0.306826944498086,-0.181015814341675,0.212612786042558,0.181301507778649,-0.267836006120923,-0.147753234363624,-0.299164207046765,-0.312026534746718,0.222408860389329,-0.142579711154677,0.0178719733193554,-0.252270877000363,-0.106723045537674,-0.177108058749826,-0.412129746760159,-0.404413163170973,-0.3062411961168,-0.154702317557486,-0.256646034170241,-0.125908249664932,-0.298435456817771,0.301615391652213,0.513130023317636,0.0760405053124516,-0.0331972871315463,0.434105970051962,0.237788799819893,0.0884302437907528,0.0231226537801383,-0.0979129926137948,-0.137807763158089,-0.240977090086243,-0.141448038471822,-0.240326676134474,-0.290868990910643,-0.319457558944385,-0.276047026459759,-0.0743555651969202,-0.192135721882602,-0.241230872585832,-0.219622120483419,-0.134128977193352,-0.199517145219505,-0.267447476223742,-0.219329799449445,-0.183744421878113,-0.189025668841845,-0.15439510815606,-0.288708628800897,-0.320502223186132,-0.143436468645197,-0.22210412865095,-0.162570356973765,-0.387424320743686,-0.235239039194235,-0.177655021182814,-0.259146259689217,-0.277772138362108,-0.224524549868829,-0.307390639198269,-0.106305192389485,0.0624055158753191,0.0297734630292508,-0.159162299580186,-0.39966164990059,-0.357089655794619,-0.438292234245355,-0.299314270881674,-0.165980669106505,-0.0622848022422058,-0.37934019287197
0.374202223901808,0.526374038508529,0,0.0573632953738679,0.592474917770581,0.491210717847168,0.373733475633161,0.425524768801106,0.139600826465258,-0.0456712492921928,-0.00989647324403722,0.123296385721196,0.135772944543033,0.0549714190957052,-0.0905255823853132,0.391411159307384,0.0480931336793954,-0.142612818230973,0.042606451468725,-0.0221411310455804,0.0961755762132398,-0.0112187536243125,-0.0266197030829411,-0.0122592159995937,0.0518497347295236,0.0478164501530577,0.0376841365735269,-0.061298030274144,-0.0232751454366188,-0.157997692207967,-0.18502282657961,-0.0407412445200592,-0.022775836652113,-0.145275067566318,-0.00683205272487158,-0.0510115802131545,-0.241855973657874,0.0746112117769412,0.0462509323420177,0.241060857789551,-0.0169932029579247,0.0491885354676364,-0.0467484899533985,-0.233404478222065,-0.186620002259385,-0.0759414466880966,-0.0274601604147443,-0.0943082532550425,0.190483882724349,-0.10268435503381,0.459918263950834,0.535390807694579,0.112252792511825,-0.0818681525134596,0.649139588076335,0.699134634097303,0.060951385604557,0.128839563595382,-0.131978164507283,0.00188183372613122,-0.0164043805476886,0.11467070229267,0.104120256925545,0.051725007687995,-0.0559871780458249,-0.0512130353588004,0.0719655196763628,0.0853406701451389,-0.0126075942653396,-0.00644727156485265,0.0872762522606448,0.0330331878156934,0.0321694234198952,-0.0568332703090558,0.0109834737096114,0.0413621812907941,-0.00761605521256062,-0.0984534786384915,-0.267156648308586,-0.243030994427803,-0.0207629178358292,0.0245397600579894,-0.226539067582611,-0.048297610202442,0.0285986709418918,-0.0577760977014833,-0.232914182322125,-0.0678137473673757,-0.0960374524561378,0.0391162827987715,0.131887600451909,-0.0886517789986545,0.0137789138840691,-0.192663805983184,-0.0620570763235317,-0.266493341008275,-0.00845701387311626,0.104054913573526,0.196678744281977,-0.137032846702069
0.0436823487780834,0.0924020893126428,0.0573632953738679,0,0.280301728625297,0.188361543953627,0.0438979479389283,0.287035277192594,0.215089135937353,0.0588436104268731,-0.194714003605468,-0.103452185774925,-0.0240892009666253,-0.0652009601957784,-0.0355971707694399,0.119889144524306,0.0389889511251713,0.0452536830411168,-0.04303836080464,-0.154080181501603,-0.0076493543996847,0.106172458111118,-0.0613146991043977,0.00944498675803222,-0.151742279673062,-0.102503571813154,-0.158832426487314,-0.0601508606647997,0.000552231226926442,0.00661763346861353,-0.126567479602075,0.156028061167495,0.409067424141147,0.158794242047791,0.107279397319952,-0.144570492355054,0.164149432409438,-0.0802843310422052,0.228524669538005,0.0882238313711189,0.114961172411543,-0.12580393622499,0.0915975536865656,0.0935337986746612,0.130406975758623,-0.0327092844960421,0.00138965962381511,0.0478513157707509,0.102769804081816,0.0399897852563552,0.181946847433322,0.16935093781401,0.115763435765119,0.581181651106849,0.100226591802537,0.145478641185832,0.221297056403546,0.349183724588167,-0.114061429086013,-0.17602699230394,-0.0921345659266589,-0.176572778365178,-0.172973503424189,-0.0492152390905411,-0.0873646943080311,-0.160077231204621,-0.108197507956838,-0.0633031656668676,0.0268312490332977,0.0264426019062764,-0.00855609527460581,0.0389834127972326,-0.0688102073216611,-0.0217605392106006,-0.24985562575671,-0.0982741254710087,-0.187986957432786,-0.103302799014603,-0.137480952734954,0.0685818130476388,-0.239144106834735,-0.174302796016056,-0.239341092544533,0.0981125002017288,-0.184750416983921,-0.0472687497372016,-0.0774406426384108,-0.0797133037071969,-0.0478738236608321,-0.152020236879427,0.0883644325258037,-0.0188764617601961,0.0874511020288618,-0.0729275951508454,-0.139240806045551,0.109907138733611,-0.0867244711699422,-0.0326791913675198,0.0643468165035476,0.0126005947771651
0.301214269468543,0.534915540687748,0.592474917770581,0.280301728625297,0,0.3188260001735,0.229096528248201,0.389923902709418,0.0535896897642356,-0.053095101268876,-0.0552704901276067,0.0157600690000563,0.208019363163341,0.026887888566118,-0.103612538843152,0.486711274949683,0.0891676548520345,-0.0176278288192593,0.00241208391821611,-0.0305383384610595,0.00828236122369222,0.138601682090831,-0.048207485654927,0.0338494401090566,-0.00229299371975974,0.0529785179222833,-0.0205031067867893,-0.0422034839237601,-0.0397571374852259,-0.0268105732272705,-0.151566566420966,0.0515579890803436,0.14230766760181,0.0231854526296182,0.0932892485376111,-0.0282104850899905,-0.150205371531527,0.0606865499264208,0.0545693321624513,0.159075760575798,0.0214566467450883,0.113994552689737,0.0177387887656355,-0.176063379885691,-0.0969815558646946,-0.155457213345217,0.0126608162338443,-0.121308477934921,0.0674384084046565,-0.123065717912789,0.333706161712995,0.357899387148541,0.17061170387263,0.258404953081422,0.578732120674564,0.361587251688213,-0.0766748047885644,-0.00421558096786783,-0.158739097502238,-0.0958419327395534,-0.0152518510722711,0.0590856796501739,0.0132724911746609,-0.0599397707427458,-0.116673155419602,-0.100776944806002,-0.172918827955894,-0.0106634146723238,-0.00779592740637797,-0.0671998132571274,0.0367326820080989,0.0537778430074352,-0.00933252081418648,-0.198307934567378,-0.141490945314327,-0.0584000587533285,-0.00772771775912377,-0.0589212859608283,-0.188868687899545,-0.093772976839547,-0.0818131541140339,-0.102860601370899,-0.127289691175033,-0.0323728124682546,-0.0596648034331183,-0.148872903436759,-0.135925417465726,-0.102025497265502,-0.103238633561373,-0.126830603575915,0.0320197795091309,-0.150187080276142,-0.0518302382912429,-0.185235642020525,-0.11274929987396,-0.19596350238685,-0.151229143418232,-0.0333422584329553,0.0483956375944566,-0.182588594545382
-0.0773374577155069,0.112279564859829,0.491210717847168,0.188361543953627,0.3188260001735,0,0.494697037541337,0.475187247987342,0.514228869147815,0.2275793802146,0.298439017233358,0.391402245318633,0.210218641363602,0.0286203307661726,0.0361775594576096,0.102512758230493,0.164222010605705,0.0768085673921368,0.0904202664846516,0.0794100463378705,0.141945528358279,0.174142450381649,0.0973210056106063,0.200605020333974,0.0609069632671073,0.301457371399712,0.0985652578853748,0.126941497893395,0.198976869539793,0.0647634954630427,-0.23854121339356,-0.199589743094712,-0.0804286901020269,0.000941849439514316,0.133056989443882,0.205281281048138,-0.0458656431004894,-0.124880786826742,0.163662608993356,0.377843343588023,0.1478345067636,0.103438797926813,0.192573661012035,0.00697756303200131,-0.0137913624233388,0.0507882161323578,-0.0910756147773947,-0.0428746457491801,0.561171982234239,0.110653090891613,0.128684280195646,0.152633460403713,-0.141049418571133,0.0608757106496403,0.592743831338221,0.740467445402858,0.215167872010842,0.462468549981153,0.2022956421511,0.270806816258475,0.3552819361373,0.200378790593157,0.184658380599901,0.121883534016285,0.0425184462967501,0.0210742291370746,0.228864220171871,0.215094690884836,0.0561639529392244,0.112841817466305,0.128517592247885,0.156586476558647,0.143001364054915,0.217296264295483,0.233811590308504,0.284288115503522,0.109449079710028,0.0339809372051316,-0.157537467538161,-0.326791337633613,0.0493074915585049,0.0595729112250887,-0.0637479476470296,0.0610333993498512,0.0773309951508716,-0.0616689097743531,-0.0758152265778319,0.0196307301478541,0.183602229386296,0.217365665961615,-0.0698283148694488,0.064931968661642,0.175638055596221,-0.00601814812173944,0.164493724616694,-0.0137709657750682,0.106334309582062,0.134934055139317,0.519851019177685,0.126327089112488
-0.0642318298757024,0.103479934555383,0.373733475633161,0.0438979479389283,0.229096528248201,0.494697037541337,0,0.667581303455269,0.544458573016635,0.286588370253563,0.27012301015223,0.389854243355599,0.15115012322934,0.194155915655626,0.0431734920254562,0.11976358240071,0.214858637967366,0.0313953160544931,0.196036826109907,0.0222760465906907,0.187982419051362,0.065774866274515,0.185292782056808,0.326014000337974,0.184350834215382,0.307478704770819,0.159050384187545,0.0744211746213812,0.0877561999166023,0.0687291513113136,-0.162262010232602,-0.197074598664872,-0.14088329165991,-0.00229316078959859,0.0689053062778231,0.183443040792563,-0.121242235750647,0.0876352107134569,0.20069510619522,0.618145642086718,0.338041771412088,0.221941651983732,0.243831270964637,0.0591013102425918,-0.118229676994353,0.138193194492059,0.0577529811775949,0.091998950718119,0.375249940211651,0.0371362852125123,-0.00746229006322752,0.0748913759428394,-0.213002031189647,-0.0306038119131019,0.469057931089094,0.430805387726378,0.254023729083319,0.412476592212855,0.215656466604322,0.287917866861507,0.384058152832048,0.115965440925506,0.156267318065506,0.121979804720175,0.0598712937030375,0.0609783335520339,0.229836860911985,0.223975879263397,-0.0339103762567409,-0.00600374470853435,0.114144598274237,0.0809002577672059,0.181541402695462,0.130369236672509,0.166028775254879,0.323174200591712,0.0449024561344425,0.0680806686852535,-0.129090942831828,-0.264844868918864,-0.0379953726939633,0.0150468411075408,-0.0820458471811134,-0.0488414976382945,0.0777172145593102,-0.0639590842679132,-0.134148252540877,-0.041697481161999,0.042694826103811,0.155271118679458,-0.0923774058530184,0.101859249577539,0.183215478065512,0.0251879895972762,0.206952770899301,0.0101848137656117,0.233589621961857,0.238412712002323,0.27680997917004,0.0320108803602404
-0.044769685458878,0.284012892960466,0.425524768801106,0.287035277192594,0.389923902709418,0.475187247987342,0.667581303455269,0,0.586197394094837,0.162298771403823,0.161535112248476,0.206249228858442,0.160524343239532,0.0632799974451211,-0.0361268022168294,0.221951991474033,0.0842911686000622,-0.00911750580513172,0.0342113997069359,-0.109031824490667,0.0487752387181232,0.160843151213819,0.0207173828786701,0.157676460715069,0.0175223776387867,0.25024646387523,0.0947742012061643,0.0933272204367153,0.065665276536856,0.0232165382005131,-0.266267440337208,-0.186089175485004,-0.0249256885553636,0.076380627881524,0.153978137151505,0.116773127331555,-0.0201879504795919,0.0134315310370464,0.258041326210043,0.559131975905322,0.324214150273103,0.195534148419349,0.302655695926084,0.00691938109508364,-0.0551005928866899,0.131013047263091,0.173157698391545,0.131511615884007,0.276631175893985,0.0410906031765134,0.00547549697018374,0.222754432889446,-0.0814053426696724,0.0995992548190359,0.557154693935097,0.455233042293244,0.377375728708745,0.550282952789456,0.132081688260948,0.179570572128018,0.198383673238159,0.0673744632224829,0.0959524243682876,0.0810687654903349,-0.0101841633118875,-0.0457315218032062,0.0571243823190843,0.145901846902428,0.0836802116768001,0.110458226749079,0.0470403613231599,0.126758936914752,0.141268326765124,0.0987854397410545,-0.0142907264811613,0.178687706853432,-0.0208916512541882,-0.0191001207004067,-0.262084057518084,-0.297150284473693,-0.03845234150968,0.0862379645940405,-0.109890442935356,0.0957595825009336,0.0419453598403034,-0.0158978059680503,-0.08703118325799,0.0443431532923504,0.0534330465760993,0.101649147797566,-0.0158830921448778,0.0676325332411709,0.210085530532401,-0.0599458534994342,0.155670647749057,-0.0424165787411057,0.20444497618831,0.236161082761786,0.205265383703854,-0.010794885765944
-0.138294624793854,-0.0371988470377959,0.139600826465258,0.215089135937353,0.0535896897642356,0.514228869147815,0.544458573016635,0.586197394094837,0,0.368416824559856,0.0863384532093401,0.140574896682395,-0.0678770188451973,-0.109361593690275,-0.0653272055154765,0.020780851281359,-0.0906361386473285,0.0151974156887487,-0.114076834949198,-0.0976532654320784,-0.0173760044340633,-0.0466994986845919,-0.0254549061207929,0.0641217959418501,0.0145749902560653,0.0835636136136968,-0.0848840430543134,-0.058349010396299,0.0586970986501572,-0.0527948695487799,-0.00123350183072611,-0.240364138169297,-0.0699325155059483,-0.032650929344214,-0.103160378741533,0.185849632359898,-0.0175360459164123,-0.0256337216498977,0.113852828015285,0.403483943869058,0.192204375752494,0.108205663366717,0.103321959507555,0.115697865657525,-0.112095509423374,-0.0109207071004512,-0.107120873109083,-0.0397240106839251,0.260688252057823,-0.0521655573461452,-0.189659755823133,0.11748169132043,-0.0911765121524419,0.0631436915167601,0.424744854090176,0.420020200335781,0.385669653859705,0.774554123052841,0.361446314371736,0.164482739729938,0.235122362210685,-0.0613554977388015,0.00934001132588816,0.00039316560442442,-0.0259442649404346,-0.0496854944264725,0.343874535015434,-0.0192192267742768,-0.0242973745502996,0.0782728635086186,-0.00921223633857012,0.00590960434607821,0.04166766252444,0.266891207958349,0.0713501594264565,0.0817020133590436,0.0400798410535928,-0.0446190676865472,-0.0014072020803197,-0.203187505955874,-0.0803825822468622,0.053864219118509,-0.0151726825095056,0.0141564318224165,-0.0627263666243094,-0.0658565523637221,-0.029144589143076,-0.0312028412702499,0.153275436888614,0.236253875857241,-0.11437256671874,0.178080323477332,0.220436720949783,0.120298314242767,0.169351611308417,0.137828530586176,0.0900690923687167,0.0580819161109096,0.153175448574179,-0.0214021900115427
0.0258320868645754,-0.0462073020121279,-0.0456712492921928,0.0588436104268731,-0.053095101268876,0.2275793802146,0.286588370253563,0.162298771403823,0.368416824559856,0,0.195604402154574,0.301721706769072,-0.164697250296767,-0.12889789565543,-0.10330259874847,0.169727825688184,-0.110584841709326,-0.0648877493139574,-0.187948534645987,-0.117297748583976,-0.0405381667458403,-0.0617282911651693,-0.043724119405005,0.0750285504950003,0.527136114323623,0.0255537947496546,-0.182522511207738,-0.180273611764944,-0.00780890972387787,-0.0882527318180895,0.179078232074223,0.0922950021466943,0.083547237816087,-0.103200846980502,-0.16002010051807,0.035974201227035,0.0480584270993487,0.298688182887928,0.204508126657488,0.39905583660823,0.0386272621181536,0.278053621669952,0.0559433361799542,0.146696976408346,-0.189850811638836,-0.193077476421796,-0.250979036809489,-0.157684824685459,0.147128369360211,-0.100823398094401,0.0310940760226611,-0.00952560879194656,-0.102382590422767,-0.0493218653441916,0.143782802502919,0.157788022963881,0.171103311410293,0.24229070482578,0.723569875448288,0.155594350429929,0.298958834685054,-0.142811970108393,-0.0722862937190538,-0.100854445818555,-0.108684388338226,-0.0884183971349567,0.41641024628679,-0.0017210404579264,-0.122315595945229,-0.131898357027083,-0.11729807311926,-0.0749056676242199,-0.0229150183777508,0.421528827243652,0.156037745951683,0.282497597414227,-0.0474203853449097,-0.0550470256870205,0.141386450001575,0.111185039949268,-0.142633619171633,-0.136100474512775,0.0605462224517871,-0.15745485426512,-0.247934242051324,-0.254394082412145,0.0740881312115881,-0.238663542542604,0.0122578242040943,0.213107382299241,0.0330129743826407,0.513516160414877,0.388186502625742,0.272021667744551,0.0312684888453363,0.0473037301991619,-0.119500209974956,-0.108378116990329,0.122693924474852,-0.0827860937773019
-0.371919727630412,-0.167896293233485,-0.00989647324403722,-0.194714003605468,-0.0552704901276067,0.298439017233358,0.27012301015223,0.161535112248476,0.0863384532093401,0.195604402154574,0,0.71097418919155,0.389580883290839,0.145630581190739,0.128408568061493,-0.206936388500134,0.373442078490643,0.186973141006811,0.283671893375212,0.204523607913497,0.206552591843145,0.253476943956742,0.0518767129527683,0.509694535092304,0.175002427764298,0.678038692718442,0.159252398553139,0.169863109310222,0.259265702998277,0.112644189622101,-0.190238113024755,-0.0817924071883584,-0.255902453540679,0.173910401800784,0.223695935469311,0.283090278053568,-0.0210285075987604,0.047742803446725,0.155312035868998,0.308416159023439,0.278358587522177,0.212145329094449,0.418560338568243,0.114459404836793,0.122962918630967,0.0995992969850113,-0.0485771736898352,-0.057366502780056,0.406133667967346,0.241912072310681,-0.0400860853323962,-0.301088443432394,-0.286056965279797,-0.0776530183575649,0.0686390914485225,0.20571702445034,0.00873818380633126,0.0556915901982318,0.284176101915465,0.556988197071599,0.608505580325279,0.335002306070325,0.213278806000933,0.0832591220848364,0.0786056435842477,0.0985825917435641,0.0486140872011696,0.302888421795999,0.18449340827165,0.155529682378916,0.16659781331808,0.167020396383036,0.0740484100086835,0.195080884357047,0.453387611838014,0.504047167233009,0.163222106205837,0.151540135277314,0.047140518936768,-0.0962315255275983,0.252207028395176,0.156239371049585,0.264285182580955,0.0817612224783839,0.117597797996965,-0.0621463895315885,0.00422782844708992,0.0339378411400146,0.240944715264986,0.253123794371143,-0.107174655748708,0.0665475900643737,0.154283975281527,0.118211095293645,0.34119587088095,0.0829389693175267,0.0972267820634831,0.0102462195591493,0.463499525825711,0.315298640142716
-0.358702631650127,-0.165309981811,0.123296385721196,-0.103452185774925,0.0157600690000563,0.391402245318633,0.389854243355599,0.206249228858442,0.140574896682395,0.301721706769072,0.71097418919155,0,0.43062996550447,0.237993155931785,0.16760199733833,-0.180030497961813,0.450821800641963,0.1901318523149,0.36333683818532,0.228545062614476,0.348034364310034,0.213233932294164,0.181196847740496,0.612363482350798,0.161394736810504,0.638384887842091,0.197123943534917,0.147420328217705,0.332878592399792,0.121924599207643,-0.206241316772718,-0.138079822025663,-0.273444248277892,0.144478680145204,0.207919228122879,0.337282614589148,0.0514097650068791,-0.0590544058525673,0.178167260127716,0.418506333406263,0.351423171211201,0.305679507335709,0.416726550128396,0.201025325165387,0.135100693661044,0.122843523954808,-0.084062160083094,-0.0596755131430179,0.39535253601691,0.273988134869389,-0.024991927875963,-0.237064507529554,-0.34620680053495,-0.0811240648743551,0.108009505440879,0.343283229403064,0.0444414440271512,0.143234942441686,0.327271647363253,0.464927585215881,0.668185224130918,0.387559718466613,0.290062878233968,0.166785048239014,0.10279440490234,0.131071562432955,0.124583099077176,0.403189861590884,0.122990279821297,0.0998576948855482,0.233844509254135,0.183406200983021,0.142157934445655,0.244027344428992,0.50584680975973,0.54916702361324,0.178454071240056,0.188785608193565,-0.00151732787512821,-0.171377119390092,0.193459283280355,0.0873538104198728,0.168495951491411,0.040982574852491,0.136770981056645,-0.0981934309410205,-0.0268231577804123,-0.0252980939822783,0.213532765679795,0.283673948834468,-0.2019173396888,-0.0102377023641213,0.115919283805899,0.168359228739237,0.337874487312467,0.12399251693467,0.147433707733167,0.073612699695123,0.39966793174676,0.280942123489586
-0.276710748787765,-0.0655046662076382,0.135772944543033,-0.0240892009666253,0.208019363163341,0.210218641363602,0.15115012322934,0.160524343239532,-0.0678770188451973,-0.164697250296767,0.389580883290839,0.43062996550447,0,0.425209700994139,0.351925276626939,-0.0824212517854468,0.635661764479011,0.234759317612765,0.545519670889833,0.295574325927162,0.445690553690507,0.488300741749718,0.269776510607857,0.554635362276997,-0.0934972417727811,0.444607324938246,0.389608866905767,0.384733216652574,0.482353023217835,0.319898908752963,-0.271859985752803,-0.138710142290632,-0.241109624533104,0.341012140290619,0.498813813637256,0.183026009862419,0.122284362773281,-0.138172536327777,0.0872140111894859,0.193679405400141,0.361059952375774,0.197325734716325,0.393034130531764,0.162097008463513,0.406279488805476,0.278286522668651,0.255087154065879,0.116499334201978,0.17660916028494,0.398975970593733,0.000836278313601782,-0.19905723470122,-0.129769526464609,0.0173587740384372,0.0225591881765084,0.131673043345801,-0.150171237094459,-0.0843193737726767,-0.177941893991466,0.231946375808585,0.355087173017418,0.657852270156979,0.493734946159044,0.289771714089474,0.295011042623526,0.228447489843146,-0.305475223428109,0.454889815019148,0.244092484754518,0.159213160323235,0.346902618097611,0.330013211398005,0.143810374337255,-0.150058761648812,0.258675356626796,0.267409512045183,0.314432118608243,0.290909105559824,-0.127452437989831,-0.150632199530136,0.189258086081833,0.0802729395580178,0.114005323271564,0.205942208545014,0.192448951588954,-0.0135543217366964,0.049482799594846,0.153597088913856,0.0881819819505001,-0.112184341293,-0.243242379809446,-0.381399395323959,-0.149078088588132,-0.0926220426126645,0.209198761281236,0.109132744212586,0.220677926163941,0.115026628977935,0.106740959843976,0.264919950258842
-0.22786367870909,-0.213848694985676,0.0549714190957052,-0.0652009601957784,0.026887888566118,0.0286203307661726,0.194155915655626,0.0632799974451211,-0.109361593690275,-0.12889789565543,0.145630581190739,0.237993155931785,0.425209700994139,0,0.677545529573748,-0.240094137348662,0.448105583206936,0.204971838537304,0.670074326644891,0.411772929383711,0.682792450736038,0.220431677640721,0.631749080592985,0.361417896701882,-0.0955389410177971,0.180061191736813,0.619193822912768,0.490339482977234,0.392981543209225,0.487787752291707,-0.209290960064062,-0.134585709671553,-0.254341803277675,0.207632418910279,0.370515588395869,0.186592084487765,0.207820639706721,-0.129090736921327,0.0759791081157725,0.114709689037535,0.325385194273441,0.140554021033687,0.172642857327919,0.248571748379208,0.458160961778651,0.502941603950027,0.505680420368872,0.365608543392555,0.141330630353769,0.347739253952111,-0.00245604960025021,-0.182679042065718,-0.0898999793310951,-0.0607701082491877,-0.0764227357655428,-0.00166640429543694,-0.0869512118793479,-0.166412514914696,-0.184264990638306,0.089892443645711,0.149128831066002,0.382281779887203,0.561513381633785,0.604878858629533,0.64838680109192,0.588793416734582,-0.202877883809618,0.497233004296068,0.226918171578968,0.139782826749485,0.54669457531197,0.325577816911318,0.445150479677396,-0.142244825995147,0.0868112814450786,0.179561009932182,0.424145812833703,0.441280974282566,-0.105068162287011,-0.0327593410912913,0.155872669711275,0.0666574321261262,0.178429715924509,0.19486701968458,0.357164090741454,0.327070064715262,0.224948652866004,0.360156894824476,0.130558133349784,-0.152722499758765,-0.100158556603622,-0.298567432297584,-0.068851313910097,-0.0256836203248682,0.217576050715572,0.253069959127293,0.503754589102308,0.415913325543718,0.0731787066569932,0.308600890072501
-0.375907128232138,-0.305713230675686,-0.0905255823853132,-0.0355971707694399,-0.103612538843152,0.0361775594576096,0.0431734920254562,-0.0361268022168294,-0.0653272055154765,-0.10330259874847,0.128408568061493,0.16760199733833,0.351925276626939,0.677545529573748,0,-0.385699939124198,0.283612087644452,0.248415589152394,0.497258990746582,0.427876150247476,0.717086224413123,0.156880938526041,0.695842375235258,0.313839080261171,-0.216156655929389,0.0711383829606496,0.656580275799035,0.5347734914013,0.412194466237194,0.646914184089931,-0.123080212976287,-0.216286619913177,-0.266092634164862,0.168891692488582,0.325174295877516,0.225007988842847,0.223991363642766,-0.231986032643708,-0.00207456443418808,-0.0210247451345477,0.265181890160977,-0.00707683533193505,0.060014400013253,0.331460453155735,0.51661520644956,0.603786363195879,0.4962810042221,0.451470838980218,0.125561933741725,0.332561679618189,-0.159080659155101,-0.239372489684609,-0.0722672060694338,0.00273421735513004,-0.186143192048027,-0.0404412337553939,-0.00993868439488198,-0.0801341062253063,-0.171162022949381,0.0993215982112162,0.148207590031494,0.371145846253711,0.618157245148943,0.710590517991262,0.788383876573404,0.813942729722726,-0.106589584409348,0.401198250896229,0.212276328195112,0.199923984728184,0.698612253793948,0.29532083278676,0.538218878702391,-0.0695465458469121,0.179945741390178,0.106547474459491,0.425540965284401,0.568268116485227,-0.00735599434289724,-0.035822314022658,0.153365958357344,0.0466498274522851,0.251896858625191,0.200249811623178,0.404333122444511,0.418241071239943,0.206729218834056,0.310564596697781,0.184715153564084,-0.155457186365776,-0.199677801918389,-0.306864943254732,-0.116284771671724,0.0352749336511504,0.165392510095122,0.309087321676072,0.557727597102216,0.447364652428436,0.0649624464560873,0.327972855474092
0.535140263659425,0.697615360789457,0.391411159307384,0.119889144524306,0.486711274949683,0.102512758230493,0.11976358240071,0.221951991474033,0.020780851281359,0.169727825688184,-0.206936388500134,-0.180030497961813,-0.0824212517854468,-0.240094137348662,-0.385699939124198,0,-0.129855010347664,-0.250390751890366,-0.273851123703579,-0.314564250034375,-0.27892051777149,0.0393829514373625,-0.227477397238492,-0.227252704843006,0.28289657876365,-0.133205441173435,-0.309698951013655,-0.332801704843275,-0.222635757918429,-0.255075163786152,-0.110658613227441,0.269954049083985,0.386969851206407,-0.125519403639395,-0.0905956060467044,-0.321448903374487,-0.216567379326135,0.330067604805555,0.0718097704306258,0.153353221950029,-0.154934808062814,0.0398167482368862,-0.0664905086822319,-0.384685251028002,-0.421021701965558,-0.387290087925079,-0.112829569012961,-0.187653962200483,-0.155782215973941,-0.309036856648598,0.328134414884925,0.344339746960396,0.113020116793105,-0.043261879592268,0.364825824847246,0.167810425191959,-0.0927431408548199,-0.0318157284903757,0.0735286757247079,-0.119525687963797,-0.172659347688185,-0.194191151222667,-0.303836512292481,-0.326517620193634,-0.343735788925829,-0.329444853275684,-0.0533288216992903,-0.221860353659526,-0.220298888301272,-0.272174855820162,-0.305006779260125,-0.109974247295917,-0.266851028556463,-0.135184110902418,-0.209227844352464,-0.0818826122963481,-0.273493234877345,-0.288827544483629,-0.283749339497655,-0.0100651777186698,-0.241645947965026,-0.234586178497431,-0.418845731299794,-0.205590110584967,-0.359891920659685,-0.325561310209134,-0.185012091819483,-0.290603484332433,-0.344071143491499,-0.154200607881847,0.0896055924705721,0.190175220309786,0.0125249187608641,-0.326366632676593,-0.298013422372824,-0.460373486629987,-0.330208087773237,-0.231200402747249,-0.16418255026449,-0.460205012343297
-0.288878440908982,-0.16825759953804,0.0480931336793954,0.0389889511251713,0.0891676548520345,0.164222010605705,0.214858637967366,0.0842911686000622,-0.0906361386473285,-0.110584841709326,0.373442078490643,0.450821800641963,0.635661764479011,0.448105583206936,0.283612087644452,-0.129855010347664,0,0.527256645246725,0.707655016318463,0.44258672191227,0.441254793265157,0.572568333840581,0.346956171162625,0.709218375773585,-0.0961808080632756,0.536324808506234,0.293788384065374,0.358210304456564,0.48858985835163,0.284788416448638,-0.263836089773583,-0.135760051206138,-0.130870771774112,0.539873583256214,0.564340159860861,0.307736434153245,0.178850981355065,-0.251233087526578,0.0248465162361831,0.147346752493613,0.375022953859008,0.26977312356526,0.411073726251362,0.125594496014076,0.380024832347798,0.157445476126505,0.12932841877345,0.175070833840115,0.182178208809807,0.320361085174693,0.0356078884298566,-0.277446107978245,-0.0929911494659586,0.0617844447262754,-0.0230120552223646,0.102060556040621,-0.112238205059428,-0.0898555273088488,-0.0816407585146749,0.260363543982416,0.401772823395501,0.464079353730844,0.29407489464497,0.24869544162114,0.268998586057992,0.165356249324751,-0.101743489952864,0.541495319073223,0.420127165089218,0.327966251964887,0.382816307752434,0.463429714054799,0.257063889812545,0.0242887774834672,0.329759973857954,0.382909506770061,0.344498336929644,0.316341052794486,-0.0944678938701857,-0.057413593403941,0.422200399843832,0.199233957747742,0.240646350161727,0.334473628958904,0.310768524395052,0.149655036469185,0.14641677009004,0.228239693096054,0.320901829388396,0.0766263521241694,-0.153746170435969,-0.290691554831211,-0.0444017038801366,0.0208565943544158,0.322105253084034,0.17547083616875,0.185783620307967,0.176032176084635,0.164502075730773,0.339312000977068
-0.324530076042347,-0.329959036304681,-0.142612818230973,0.0452536830411168,-0.0176278288192593,0.0768085673921368,0.0313953160544931,-0.00911750580513172,0.0151974156887487,-0.0648877493139574,0.186973141006811,0.1901318523149,0.234759317612765,0.204971838537304,0.248415589152394,-0.250390751890366,0.527256645246725,0,0.385872737650343,0.496991665157073,0.265685154612426,0.493972365991003,0.31062116156666,0.446553701853455,-0.210941041072044,0.305349587219134,0.184123486728732,0.311551591209057,0.245962616619611,0.354477578085993,-0.0336756390348148,-0.112354628599864,0.0170876789442332,0.690910840506934,0.530250447843368,0.614740611926793,0.267116382123045,-0.305951966185961,0.00346999313011618,-0.0191581674961224,0.274648826242378,0.123137022913185,0.158078856801266,0.113161037268636,0.416646762882722,0.0660841492831346,0.108467011251266,0.236365879842592,0.0975605931761682,0.153180319452348,-0.0058632209556699,-0.328708222011528,0.100974492903658,0.163266607167997,-0.157404546457189,-0.0376775707199076,-0.0904129076816084,-0.0081002511546602,0.00356006221079301,0.0733658472810101,0.247408230335302,0.229683739941034,0.204968381430731,0.203387131478219,0.263641562274856,0.188785339351569,-0.0284514543854925,0.337804345722955,0.5382590304558,0.574368895806582,0.263021139579753,0.526296829382807,0.390968202582591,0.112067286991046,0.172824890810655,0.233931676498254,0.254626797450441,0.372887587252831,0.0781201920099281,0.0905126520226658,0.487520856479512,0.242831830427829,0.486641615600431,0.476649174234469,0.34115343643511,0.301991965453485,0.320746648017656,0.297959057663132,0.608633195363878,0.0275429902136239,-0.0206847954201166,-0.239459392830581,0.0690579002557941,0.189466516569447,0.267655725245576,0.186874472480885,0.115136920997999,0.165620624837346,0.0882547779026011,0.269070473220455
-0.301766510448805,-0.197281161988535,0.042606451468725,-0.04303836080464,0.00241208391821611,0.0904202664846516,0.196036826109907,0.0342113997069359,-0.114076834949198,-0.187948534645987,0.283671893375212,0.36333683818532,0.545519670889833,0.670074326644891,0.497258990746582,-0.273851123703579,0.707655016318463,0.385872737650343,0,0.485691025875163,0.634744593817858,0.42023311677798,0.420616460926164,0.546444969021682,-0.193717101029886,0.361838618441724,0.351857648938951,0.414786915674602,0.532691667780242,0.375168674573235,-0.240705087879418,-0.127011378570349,-0.171056233198176,0.44732587540621,0.522044473695963,0.295658679782101,0.250513628973502,-0.244543328376037,0.0205485947218118,0.104890625679956,0.377745467019001,0.171070692526319,0.296478501543557,0.188298173542907,0.436621113630198,0.317424801404682,0.281439791228703,0.225512853009231,0.135526504358028,0.400819556216242,0.0175248507012905,-0.250184713193344,-0.107857866734575,0.000973587969679261,-0.100247641413857,0.072948790783412,-0.0535804083459648,-0.0918180985488322,-0.189505548597783,0.175687618034848,0.276953601984751,0.439977812750898,0.378614312063128,0.385537120624859,0.44345511677545,0.344274907881603,-0.166775134606982,0.583387121330729,0.36231867856884,0.34022826884147,0.522691692032845,0.430144048142067,0.292863986374271,-0.0803378093911597,0.173698244550196,0.219880442884453,0.387432938470833,0.328394080897825,-0.0715149766820417,-0.0433915032992236,0.280086553482956,0.17352329665124,0.235125368809474,0.324520032633724,0.292174781425059,0.261958750444717,0.226678502667031,0.324202791806915,0.316383873006656,-0.0620677436345407,-0.113208914407736,-0.374744370330618,-0.0566607124556821,0.0205518272669535,0.291756733458927,0.256748693225625,0.320044823477864,0.247407230417191,0.13491275034181,0.401617594147478
-0.250144503950005,-0.228732251102785,-0.0221411310455804,-0.154080181501603,-0.0305383384610595,0.0794100463378705,0.0222760465906907,-0.109031824490667,-0.0976532654320784,-0.117297748583976,0.204523607913497,0.228545062614476,0.295574325927162,0.411772929383711,0.427876150247476,-0.314564250034375,0.44258672191227,0.496991665157073,0.485691025875163,0,0.519482177149533,0.0867761951420816,0.384773637828064,0.401377096703398,-0.135099482155839,0.192335064598512,0.448065671409152,0.377509952134375,0.515148790169657,0.218021472790573,-0.0830970599478774,-0.133531715562179,-0.211505327992289,0.174088492140284,0.273026082105841,0.484733770726181,0.29705909077431,-0.188879727296564,-0.158659025445485,-0.228646110528304,0.358313290706746,-0.00497934716481076,-0.055234161661615,0.287340849699256,0.392713317354149,0.216929555011711,0.0998178715363578,0.188900802284422,0.313801464871944,0.444018099684255,-0.00373952631082162,-0.127619962575577,-0.0389052651422787,0.0316646580372583,-0.0962277277982257,0.0500013510631564,-0.0075660971514883,-0.0703740491685376,-0.0951756347522879,0.209485900857536,0.273103398663683,0.376426538714293,0.375146684962121,0.361823135025363,0.400833841093532,0.334967891212055,0.0251029546903343,0.405541993822707,0.178429249253474,0.23028969846983,0.547942697658165,0.146145837648369,0.240230682434591,-0.0911529715775506,0.297859455496676,0.113131598251235,0.644602543346971,0.228919335223042,0.0219572200066739,0.0212470605625659,0.340461487183848,0.288953914456423,0.374245144809359,0.117385088696054,0.382652592227872,0.217982703727492,0.299024553694194,0.193531421004575,0.457223737237714,0.0788914353456209,-0.0812040609348396,-0.305577360761565,-0.197009052400733,0.041010588713636,0.132113158960914,0.367906148934977,0.257588038035718,0.267581083755392,0.316366766268616,0.52954052782415
-0.217082918744264,-0.155952013282717,0.0961755762132398,-0.0076493543996847,0.00828236122369222,0.141945528358279,0.187982419051362,0.0487752387181232,-0.0173760044340633,-0.0405381667458403,0.206552591843145,0.348034364310034,0.445690553690507,0.682792450736038,0.717086224413123,-0.27892051777149,0.441254793265157,0.265685154612426,0.634744593817858,0.519482177149533,0,0.107878846245721,0.549360288764345,0.446745599950292,-0.0898735687196877,0.196730908806644,0.49690889333408,0.382539156351155,0.495502220137348,0.37061150505993,-0.19987575152854,-0.105860845049649,-0.248868201585037,0.156601800364146,0.283900097234097,0.213639838646262,0.118411386760186,-0.137262529859324,-0.0622697904864412,0.0579226331675524,0.280667510394416,0.0918810952947383,0.0682640131053867,0.240920375874255,0.400410844196686,0.3867304263105,0.242282747400626,0.204582569344924,0.155669018438591,0.289586928412359,0.00125551095334971,-0.108535429432025,-0.103209140791407,-0.0335790929653924,-0.0772743897895353,0.101099147762499,0.0411269948494348,-0.0108186248615894,-0.128935579417378,0.138319866414637,0.257018725388492,0.389144236670294,0.478588588246556,0.509117345915369,0.583561507017367,0.528028388822161,-0.0881286522692406,0.428044589270737,0.104616856989137,0.129277267395116,0.706720784559038,0.204779260061569,0.328631682448274,-0.0950801582327686,0.214601727168337,0.21943623916043,0.444531137078924,0.328709048462473,-0.117874086268228,-0.0425220612531044,0.0787559245272119,-0.0867417357614307,0.147173378419729,0.0802914152072764,0.303627619028819,0.168674842969994,0.048181962331523,0.156942220588178,0.113810579355917,-0.123875524303989,-0.15456138796153,-0.275418501240868,-0.146412077131434,-0.0557090708050085,0.110691170154119,0.27267576947458,0.353609525485249,0.260900553081758,0.0833098619736186,0.255442082394207
