0,0.207941841932488,0.457178571872776,-0.353216170113377,0.089491039506093,0.423629068363111,0.203149530408542,0.152377729233367,0.344302936425701,0.361863111389576,-0.108946452062112,-0.138678902582619,-0.315463055058712,-0.41051229263662,-0.405888217782048,0.486576342693271,-0.368657073238253,-0.40907276360888,-0.423638476188647,-0.419886694024962,-0.400328555625861,-0.282261545424806,-0.359756504668277,-0.325030985489151,0.455691114135702,-0.215674596250886,-0.472133889391201,-0.434437484148629,-0.294948093807546,-0.427940698512694,0.186013008381522,0.357254990549751,0.021890128956697,-0.427249030299399,-0.413680829340727,-0.129194313745064,-0.105670774269475,0.500206672795422,-0.0601377047506224,0.00316051158616581,-0.285086333283419,0.251706866734197,-0.169613235629219,-0.109864101658237,-0.146154382494605,-0.29024958920935,-0.373949063710823,-0.182598462259615,0.267839784904525,-0.223948305568434,0.657749406013832,0.462530606259005,0.234586774877461,-0.0179004058027432,0.4976339024092,0.217192325874856,0.258021836808698,-0.0208086306575751,0.252632423461418,-0.0116944087949382,-0.231817155312684,-0.353490651803416,-0.30713616424506,-0.224156818970293,-0.355079538465638,-0.436606348511142,0.205491008322457,-0.356122258100465,-0.489521875702432,-0.427784881974762,-0.454992139897171,-0.42540308468359,-0.454913657319948,-0.129696199805638,-0.354996625101304,-0.0655187933963527,-0.321959605440391,-0.488425510229517,0.287283865354502,0.267106630184353,-0.348004369628991,-0.288295862492084,-0.152415265772473,-0.444634211816749,-0.521207975072488,-0.400716137184358,-0.144625668310347,-0.29719677938066,-0.370651115723086,-0.359299999753545,0.0536233482698499,0.249458046021496,0.050907305965649,0.0846009725611573,-0.216179046599964,-0.110932738700887,-0.348223616358492,-0.386454704565112,0.140184036232443,-0.266741087142131
0.207941841932488,0,0.327142444778759,0.389608901583586,0.271317295591166,0.0978498553686138,0.167850792443732,0.1797672144437,0.151632989482344,-0.215102614839093,-0.203790945548572,-0.20404205692358,-0.230284783754249,-0.0263168959503842,-0.0125944661831491,0.367431657793425,-0.253455651300435,-0.108845455251352,-0.0227456092838848,-0.174969525226925,-0.16358181605368,-0.164292627281682,-0.0340059642678194,-0.126719549005408,0.0841307512616358,-0.0460068802994854,-0.253652791657285,-0.105086682140533,-0.209254749314817,0.0162536141519258,-0.00222052049141181,0.37322507809894,0.275389189836747,-0.14588745375821,-0.242904732293432,-0.133933919062076,-0.082565704983079,0.163204892015061,0.0198842741007558,0.0139909560271599,-0.323036854820489,0.0860259521279479,-0.242023143094611,-0.13033524410133,-0.273225559087001,-0.152214996184448,-0.121168159743673,-0.244841769615801,-0.363369745252887,-0.352177505386739,0.153428920823458,0.404746589148582,0.157893064249381,0.0525422690813045,0.323340285644282,-0.118804480050734,0.0573160041803261,0.130597028201491,-0.354915806501565,-0.0965382240315186,-0.053581704269149,-0.25109222956367,-0.160480043527249,-0.0430986027998869,-0.0168356848864081,0.0177026664751291,-0.239740330157605,-0.0916806547212322,-0.102046929171595,-0.171009770982893,-0.0896521928111247,-0.238926139541542,-0.0234710027059257,-0.0706200571383609,-0.137814737614635,-0.0580577566285356,-0.1114582652346,-0.00791309449434478,-0.133421057593258,0.16909469493529,-0.232293051090411,-0.35490028944697,-0.240736027503118,-0.217365570156259,-0.159999013640723,-0.117220279656417,-0.166092132678729,-0.122792200714045,-0.284203558936386,-0.245093295291774,-0.033402467906969,-0.119615474980745,-0.205430890457041,0.0467616829483239,-0.273281028238482,-0.135407263777453,-0.218277618178797,-0.163715366764463,-0.398210293557702,-0.316908754797442
0.457178571872776,0.327142444778759,0,-0.224397535642379,0.0734262824019414,0.562556356342088,0.265266724643117,0.299298143958431,0.312423034751449,0.061872118504476,-0.0794187325035759,0.0389597097938705,-0.217543887729071,-0.397796764456232,-0.415534170990032,0.379211845489571,-0.252921269671226,-0.218259313728673,-0.309402245265167,-0.311121779950132,-0.432077005998325,-0.126207950737566,-0.342762427210966,-0.127591899872624,0.465691627588156,-0.124116384994923,-0.166400141232418,-0.248706534347048,-0.104120094438564,-0.386443881626461,0.0950230495622909,0.116861303824031,-0.229275268859024,-0.183042372260494,-0.130236661174079,-0.0748283982936771,-0.0805307104312396,0.248056807420857,-0.300723386176256,-0.0473161246835423,-0.0660791227788438,0.264759329564887,-0.0116735402240573,-0.0229626703313443,0.116393873288006,-0.240602302237625,-0.268718691239571,-0.269706779153183,0.27606418106862,-0.107405822983009,0.202494952836011,0.588038573225806,0.193393294122371,-0.302181657817321,0.690292791153551,0.513094234072043,0.262808954203235,0.143978982205973,-0.0641859583157706,0.024673600203563,-0.0663610679233717,-0.353157322590127,-0.337997674426709,-0.356350492836839,-0.42405077172099,-0.419329894783993,-0.0135732277274299,-0.398080651638447,-0.302730850119237,-0.235408548293097,-0.39489117338944,-0.229306456211323,-0.368487874978144,-0.0620862296096734,-0.179147642688993,0.147131659569817,-0.29601295312078,-0.471169645675797,0.153070968780269,-0.117077164228264,-0.277360168235326,-0.16896899585417,0.0550861092729198,-0.154446642922155,-0.223344935810438,-0.344479745827984,-0.214351294586635,-0.27868980802771,-0.18992739404795,-0.0807023877541229,-0.148422274607582,0.308630177938631,-0.241445352171674,0.165264785386586,0.0066563996522132,-0.030527668292773,-0.257077147217396,-0.340097601988354,0.196157868040065,-0.181119630220842
-0.353216170113377,0.389608901583586,-0.224397535642379,0,0.143003514047983,-0.391938135720577,-0.196770593469024,-0.172024741049321,-0.317200169850623,-0.388955144431688,-0.00335357560812335,-0.000792692632142297,0.126240801388338,0.439709741635781,0.420908076944635,-0.254293998004876,0.0665806579836935,0.282301500955663,0.401476963981703,0.32673616500366,0.282460758425016,0.00353288562695728,0.390167684744457,0.181260082077508,-0.307946125365723,0.114407653127369,0.0775038413864189,0.116718947317239,0.0366752365733236,0.488052290601296,-0.251483251551415,0.256700508964443,0.391076536267272,0.246074158501186,0.0811207690382931,-0.0120293668657634,-0.020411917622386,-0.244933844886278,0.164119010965393,-0.108873660902056,-0.0670541449832785,-0.173438583429773,-0.11743710964198,0.000403682002603018,-0.205916090261653,-0.0455351311204215,0.31819047410315,0.0470315299825862,-0.372211971980943,-0.0689703813791162,-0.28796835611883,-0.131617818845961,-0.108552598646589,0.185196322063052,-0.244681368020065,-0.334377479082138,-0.296374034134538,-0.110282286010716,-0.358030736581118,0.111165671425813,0.255132424795354,0.223194348674553,0.19231899850716,0.209380068605327,0.376459622970477,0.490494927934194,-0.318558835489242,0.282861174066732,0.351875427777282,0.205203066423811,0.406150906327099,0.0606729721213084,0.434840978466428,0.0123920166682853,0.215177940862265,0.0271253424699555,0.238242498716817,0.456511391080803,-0.392070947356438,0.242820221137838,0.103672804086372,-0.0216949498900779,-0.283962157627955,0.0254582145807883,0.195388542100647,0.294124217379359,0.049681934320195,0.16633259363763,0.0774327778952333,-0.0376942405502779,-0.00311460237987104,-0.314835721914038,-0.045337909031394,-0.0758288872113962,-0.0744207039645521,-0.133323967739033,-0.0247681982062766,0.229585130453239,-0.308963656806758,-0.0325480646498975
0.089491039506093,0.271317295591166,0.0734262824019414,0.143003514047983,0,-0.152453957707322,0.0150167067786072,0.214899017739012,0.148633417601705,-0.0155249807336853,-0.191171229243611,-0.265678330808717,-0.177023581116221,0.00291506463562447,0.0357378790061027,0.136370720489657,-0.211677870554004,-0.093687362939048,0.0447117253449933,-0.0848397917327481,-0.0543146952126915,-0.0875758316802562,0.0142648523841012,-0.235374568566047,-0.31890016794605,-0.270943669842639,-0.0644575343257754,-0.128243835806412,-0.173168140944257,0.0105732497785996,0.0242823570050193,-0.221050117618707,0.278902349056897,-0.0766438422945341,0.00852299370406972,-0.102132545064754,0.150382606146043,-0.232082521752409,0.108554551767479,0.077273341220095,-0.143258747017531,0.205227302827547,-0.262298175788967,0.079498598316085,0.0435836035256254,0.0405228216926965,0.00755754971506229,0.00519648685634074,-0.29254077026831,-0.290690793765472,0.178136043347293,0.0223257214102507,0.444135033830045,0.687031009148867,0.150786705757312,-0.374788240185933,-0.00261403438943728,-0.0237112023389587,-0.0468234257120655,0.01251227216591,-0.210222698132529,-0.183731962954934,0.0467472867843897,-0.0158753259797362,0.0179613911895102,0.0798475625874358,0.186482513540235,-0.195225402894089,-0.136513887569138,-0.150952603427372,-0.00404954885426184,-0.313850203745255,0.0174994025799561,0.174243902696693,-0.226430854500382,-0.29470446053116,-0.058537351139233,0.00127194608235906,-0.0590048259195603,-0.122584946262141,-0.211076716145504,-0.170366900043281,0.021211221419837,-0.0923688928507523,-0.0239415704352182,0.136477559262963,0.167856289887417,-0.0737576454134144,-0.0854150902485022,-0.222597090667473,0.0959814505796295,-0.464630011973195,0.0511370600291777,0.298056937512371,-0.366582989980273,-0.0162572774578732,0.0446689409780973,0.0748155632459713,-0.143604154936458,-0.267362910380546
0.423629068363111,0.0978498553686138,0.562556356342088,-0.391938135720577,-0.152453957707322,0,0.472156282143902,0.305922269137064,0.357364516925205,0.227196823872268,0.202155633915492,0.216151802068808,-0.0916794141852738,-0.356019110391595,-0.420633730032632,0.229758109336837,-0.0844495707563573,-0.178242268334276,-0.317675198810528,-0.267468147802818,-0.353358591169414,-0.0718707667560571,-0.299025510970855,-0.0934043324621849,0.597694214618904,0.113458421199588,-0.139758707956165,-0.218304408519759,-0.100807262537031,-0.398588207860751,0.0238871510361834,0.0926294304901415,-0.29712471652832,-0.197675959755202,-0.106625673294981,0.0793532376214274,-0.198276392597112,0.330031053805601,-0.061362666716779,0.165926112654202,0.0345643263322698,0.112415589183998,0.293967891866875,-0.0574031007859366,0.174300759092853,-0.200327621026555,-0.249869949789238,-0.1540082532554,0.49243280692686,0.156550344702255,0.182349501978615,0.475319931365047,-0.0464269559341121,-0.359425360263618,0.622417739460291,0.753958692369884,0.326651816516147,0.151981422175529,0.145641731569624,0.0812719660400656,0.049186473545839,-0.244711254187433,-0.296480638656231,-0.318896123073522,-0.433817200966018,-0.44249956283711,0.0892049034023114,-0.275305757376352,-0.272731363583217,-0.217612509509884,-0.413052112063108,-0.066165248733014,-0.383220580356139,-0.0462970208737726,-0.113179898811263,0.31556759647629,-0.269057447272136,-0.471714622771293,0.192287234717163,-0.062498310691528,-0.205646769206963,-0.12886895250901,0.139038018384568,-0.0773668540104256,-0.227343757858901,-0.410578059592685,-0.28710155648241,-0.24514114233525,-0.135764618051887,0.00735589877096895,-0.0950331107814152,0.504878567060095,0.0219195107941167,-0.00337211685707964,0.271494658690231,0.0594142361410828,-0.203101942910955,-0.303517371054103,0.346748036654818,0.0706182186255573
0.203149530408542,0.167850792443732,0.265266724643117,-0.196770593469024,0.0150167067786072,0.472156282143902,0,0.515784732065648,0.369268458548236,0.35005752313331,0.136506430714914,0.159238147074063,0.130321754179214,-0.135692318200823,-0.135175093782234,0.437552031213011,0.131863268475379,-0.0649668127289098,-0.0445623265962331,-0.150914570638854,-0.0641397448624684,0.0758181282993148,-0.0953869262828452,0.166931015870799,0.230052487765883,0.107140791443767,-0.128595986280523,-0.124582311755657,-0.0408369906731357,-0.149306865515041,0.14879631081102,0.0651412828222245,-0.0463466492783416,-0.0936027788916995,-0.00575774063137705,0.00390279337836654,-0.0554511810810529,0.329566516067621,0.237316801154669,0.473828747126124,0.0119098476245699,0.102721360855831,0.185820762295547,-0.0120380731996648,0.0462878237221175,-0.0418688790749498,-0.170003863467444,-0.105626595231618,0.199274920217701,0.0335544328544572,0.264238041014016,0.250956218750391,0.15495080704076,-0.0316667008390661,0.347441158473656,0.302961074775603,0.350225262019321,0.170129769858242,0.20432593296645,0.108421766577956,0.0142990129945958,-0.0379341554486678,-0.0617774744009197,0.067544688271801,-0.0373429831376382,-0.15477193361486,0.0705256399892348,0.10062483294538,-0.117137154984488,-0.174129780926518,-0.122023841376916,0.0786881107668171,-0.174938839384575,0.285898013375954,0.0797639677017539,0.0673563635996369,-0.0435929093254601,-0.056091489165082,0.118217112106288,0.00385563441237225,-0.0688445548773578,-0.358105456411352,-0.0851709229764302,-0.0830079014482482,-0.166851644641114,-0.277407106517279,-0.15796783137894,-0.209000096767214,-0.121444408978509,-0.0427085698285596,-0.0557123288724027,0.152399142063585,0.331389940817201,0.0301622459857143,-0.0331814591108701,0.107606643642415,-0.0796641253998323,-0.211303126608048,0.176922140541998,0.0828931690118136
0.152377729233367,0.1797672144437,0.299298143958431,-0.172024741049321,0.214899017739012,0.305922269137064,0.515784732065648,0,0.683170128266704,0.385208752694272,0.098278838511422,0.0430586540832765,-0.0704984760496625,-0.200776632073664,-0.199509841399826,0.384268140343424,-0.162404203436502,-0.146295201302993,-0.182478743004926,-0.33597175606606,-0.172617505580208,0.0348483734184519,-0.241946543329183,0.00790876374932467,0.101078163334225,0.0311417278931535,-0.216348520356467,-0.0306631706242545,-0.121627957477659,-0.222091546689447,0.230783884606676,-0.0707842662513946,-0.136042541248673,-0.205454381251345,-0.158218939736235,0.0559080887064389,-0.0598930906052445,0.210881623407831,0.101249424228538,0.364598015646915,-0.134167519281733,0.112150969671977,0.0222695921457508,0.0433208361127771,0.0432099096800216,-0.0498662960241484,-0.349283148501209,-0.164271375792894,0.081532553694071,-0.204238423213964,0.213657015396465,0.316290334030148,0.360364060927584,0.153334468561146,0.434500049421604,0.123518274029275,0.608478042347183,0.49792857398793,0.255923268814213,0.0577504680347777,-0.140602690384258,-0.237056390381733,-0.105682079394224,-0.0793400654886094,-0.130499884125543,-0.230933011920497,0.110652772216508,-0.181681372881624,-0.277889923930229,-0.188516785140245,-0.25697712365234,-0.134816274025897,-0.286375100443382,0.201085200273384,-0.0802353878743689,-0.0372083494429648,-0.200369990195956,-0.159118122567052,0.146539342660255,-0.103075804487044,-0.183986380334084,-0.364453446014152,0.0148384267766783,-0.205177587861414,-0.264876269712718,-0.321384380806851,-0.158038199533357,-0.131741918211667,-0.164594618713934,-0.161040413248238,0.0731455199674565,0.0461173259665103,0.0958071556273544,0.0072398032161358,-0.186896774621745,0.0502719386710922,-0.079546099496823,-0.266395917840893,0.0689600732069296,-0.206935773078714
0.344302936425701,0.151632989482344,0.312423034751449,-0.317200169850623,0.148633417601705,0.357364516925205,0.369268458548236,0.683170128266704,0,0.468126204695345,-0.00348539476557501,-0.167085466327107,-0.239829627011615,-0.298993736609094,-0.330903929501377,0.431839604371695,-0.365460223145605,-0.357807154006641,-0.38945925912527,-0.52001614149033,-0.28586697511676,-0.0637489972535842,-0.333345125509879,-0.209887384272962,0.107383157521527,-0.0961138939426577,-0.367217188540038,-0.101920301363355,-0.291191925959384,-0.310828998497578,0.221846909390618,0.0837037375864611,-0.0206557412211307,-0.434120898575095,-0.350275817833969,0.108564366854259,-0.0775151038334269,0.396026862886335,0.0281757925002157,0.259274576554821,-0.255552933377928,0.169545045885619,-0.133812182909276,0.0100848379745598,-0.0468579936493606,0.0558909041628245,-0.455777917278549,-0.0699436791088893,0.0863502966379422,-0.261006813633489,0.397130008984753,0.366668578150132,0.329361420924667,0.0910916440825165,0.43932013965114,0.138911391142328,0.629999540648374,0.515366482493712,0.348090646084489,-0.0929574675530405,-0.345249258644633,-0.38396519112657,-0.17543087906278,-0.103789572682121,-0.227413738609438,-0.364872245560497,0.221165843204152,-0.303244901299287,-0.483769585205154,-0.368826130232299,-0.442998832150244,-0.266378350596174,-0.380522702704963,-0.0189309373840927,-0.285955318852894,-0.18087898933495,-0.326797915894064,-0.271491375091545,0.285193188869113,0.0439507949950705,-0.357651052085214,-0.340636269258046,-0.0085311357144901,-0.342859603399549,-0.40461247173102,-0.384713521815399,-0.155669974257004,-0.115747628359009,-0.280952626206212,-0.306121926960908,0.151677219076712,0.0579138082140081,0.0255736826462564,-0.0134749377536797,-0.244935051616812,0.0456550151103804,-0.0642522336662495,-0.285335912740381,-0.00817475568546366,-0.304930176301495
0.361863111389576,-0.215102614839093,0.061872118504476,-0.388955144431688,-0.0155249807336853,0.227196823872268,0.35005752313331,0.385208752694272,0.468126204695345,0,0.320468721628803,0.210575411610254,0.12849111359502,-0.247618026619822,-0.246910884440738,0.327926860702343,-0.104688128806645,-0.335571494004244,-0.317828304571439,-0.378877853082249,-0.157940276165394,0.057209320160569,-0.332468341233547,0.101288151133578,0.336457807837801,0.176544488892288,-0.277181433123058,-0.0346663672568213,-0.155428462787061,-0.319899737290462,0.210373467366218,0.0468269847396581,-0.0263702533730932,-0.356307922350322,-0.140716723480936,-0.0564334395881211,-0.0262352052035807,0.484780450783468,0.292959410308101,0.489486559461502,-0.0862492624877384,0.117455411623048,0.179261318163249,0.0836838593669876,0.0622410509667279,-0.121688327208741,-0.339830576718317,-0.116136249081533,0.317183911670979,-0.0681665133548826,0.372201918141957,0.0722811422198597,0.0990929030425567,0.139323735765809,0.14118964627467,0.158131516796605,0.304618274150161,0.0358221985025557,0.716544418810816,0.265049068973154,-0.0242561988675881,0.0166024021822476,0.0144123785342789,0.0301132683810287,-0.175994141094057,-0.286687901950432,0.225496752566223,-0.0974664451661113,-0.333734868770623,-0.366015984771519,-0.329460231576898,-0.0194590432995106,-0.385742719184386,0.230745320495625,0.0235026333986847,0.148730189865557,-0.15010263404504,-0.187451342215107,0.29226534374809,0.091738668729541,-0.0918454254312525,-0.292206478708087,0.111480733000567,-0.173659641729427,-0.368955139284287,-0.289407656009202,-0.0251466967836955,-0.063240777935834,-0.217778611262082,-0.140743343870142,0.0810411203180941,0.222090486280292,0.306877040504287,-0.0831965171842785,0.0496885187694407,0.116028871933277,-0.171512639157248,-0.307716428187688,0.308571478517403,-0.0454522824001866
-0.108946452062112,-0.203790945548572,-0.0794187325035759,-0.00335357560812335,-0.191171229243611,0.202155633915492,0.136506430714914,0.098278838511422,-0.00348539476557501,0.320468721628803,0,0.698085141178203,0.44858399352435,0.151498945999746,0.0631564074616347,-0.204607420116328,0.398716204546798,0.209623498258823,0.190592438404717,0.179389279916045,0.153200260329822,0.273857764355256,0.0740052329024734,0.438611092476855,0.239769347695139,0.637770191228449,0.125954248392519,0.104526851725641,0.150262474246371,0.0278984021237427,-0.243767549068709,-0.00273105015786976,-0.235159162717234,0.215156341820094,0.290112836571535,0.25194795691733,0.0106118750196129,-0.0421162280288017,0.213546927015614,0.392567133666174,0.284026104026718,-0.0776771553689398,0.496003057287371,0.105023112084716,0.118454632274703,-0.0816728021812164,0.107131320131759,0.0877725428393931,0.418255507639008,0.413969954622313,-0.185654061398225,-0.0902792505096247,-0.278336715327894,-0.1717904200357,-0.057371363523943,0.376816065688562,0.0361831915525739,-0.0623041004900077,0.348601711750021,0.590285141170354,0.557594314201715,0.343444810083408,0.16242209963834,-0.0710088457834981,-0.0309916226960836,0.0541974702410246,-0.0301921846645844,0.185452095618301,0.173021730187462,0.136505009536878,0.0508220624525733,0.380370880239024,0.0392151824447773,0.306346646399336,0.384441980436731,0.596644885910467,0.0623237699856946,0.0522668298304685,-0.209850790751739,-0.0535135736000085,0.276613346511138,0.103911092170205,0.111302759443989,0.287630130809711,0.0678129064572397,-0.0253117164074233,0.0859063243397421,0.0246061215145664,0.249614170718384,0.294499639410364,-0.0604804811121539,0.175951847895258,0.244661676197273,-0.135675013938781,0.498310732756165,0.128436624548399,-0.0347701659909705,0.0261657263848897,0.424709248423431,0.396538560585055
-0.138678902582619,-0.20404205692358,0.0389597097938705,-0.000792692632142297,-0.265678330808717,0.216151802068808,0.159238147074063,0.0430586540832765,-0.167085466327107,0.210575411610254,0.698085141178203,0,0.553671438329098,0.251213395157146,0.19200097269962,-0.269125935008012,0.610511043713858,0.420423260608992,0.329977516441486,0.352568614852162,0.252944511849377,0.335497093762326,0.232834291141539,0.659572212016175,0.31592793671966,0.680358335396657,0.272319983921385,0.103138554830204,0.440395377998364,0.109195540692894,-0.252511218575445,-0.0371090662834528,-0.300567705083266,0.415601723906666,0.39105617600708,0.303996353641684,0.187389365930169,-0.177208058842697,0.0608684168745273,0.357947563666652,0.47112310832105,0.065991947345947,0.514264506302335,0.0417488442624327,0.125049046622662,-0.177097872060769,0.281285961447856,0.0251914227670571,0.369698890401901,0.371998422670527,-0.260959204056317,-0.128987630391663,-0.363936401784183,-0.343570188399962,-0.0251008753244334,0.441161530067419,-0.0305750275765666,-0.0539533632325381,0.180475046898184,0.71307500685059,0.720036383977234,0.446712582307302,0.197624721690383,-0.0967194993909955,0.0207515001496045,0.160197859795968,-0.0932490858408931,0.269968616393532,0.337788723731064,0.346985839792528,0.212072967932773,0.469009549042869,0.182122315015879,0.400969780575024,0.566004098401983,0.74025012700741,0.31479030335906,0.100066272551212,-0.300377441690822,-0.150064777568703,0.429576057794199,0.208856058535724,0.0694856521614888,0.390188093581724,0.177417228702086,0.035011586596909,0.197531655741763,0.0107785285927801,0.38497383206493,0.531997398155569,-0.243751804771096,0.133425013141317,0.0470537476362441,0.00390946865579119,0.535817601855994,-0.0215491000020397,-0.0573311434612396,0.102332218784546,0.3437767965537,0.324728143867358
-0.315463055058712,-0.230284783754249,-0.217543887729071,0.126240801388338,-0.177023581116221,-0.0916794141852738,0.130321754179214,-0.0704984760496625,-0.239829627011615,0.12849111359502,0.44858399352435,0.553671438329098,0,0.446946700805478,0.353138050891007,-0.238323211466116,0.671770763362679,0.44416989858658,0.475923244358543,0.475684166720259,0.447545866885678,0.561101390027578,0.418962068327448,0.650548306885491,-0.0452895810250418,0.511742679114679,0.438928263995977,0.384643487989019,0.440880414293606,0.310802091849514,-0.214321389559903,-0.113735159323817,-0.095055810183994,0.536531249920966,0.555359981988675,0.166210143682456,0.222039065809912,-0.193049310149564,0.203689595424931,0.336590850263384,0.434655084586141,-0.00888970605699003,0.349425968254098,0.114539694774405,0.198614152368227,0.0748255846843224,0.460623287829214,0.203705656039046,0.152752420695657,0.428322232967996,-0.239445436710525,-0.365477305462026,-0.424666671371718,-0.124621616681831,-0.290705102529245,0.0609260689445977,-0.240973599530741,-0.129257005345911,0.103857834205278,0.440600933066826,0.516018476195445,0.686999537681097,0.474041172353333,0.252834361731142,0.325382022463366,0.322625995669869,-0.1213104329155,0.577434895951965,0.534233543905203,0.365149044879297,0.39740860401418,0.664954182807197,0.347306310832829,0.366996482542301,0.545692072856747,0.438917501175867,0.442364733991329,0.425039772918092,-0.215237088143064,-0.126082515331408,0.463796121253917,0.267161735480977,0.121636557752908,0.48982696667315,0.429673183350379,0.332525274482194,0.319915240582714,0.332213292478847,0.383592500878312,0.413497984940092,-0.180635091352152,-0.0835492999711659,0.151217711901526,-0.0190200722235512,0.40037930714237,0.217982691478368,0.195082070917652,0.255855957328888,0.210881153741421,0.48845392365739
-0.41051229263662,-0.0263168959503842,-0.397796764456232,0.439709741635781,0.00291506463562447,-0.356019110391595,-0.135692318200823,-0.200776632073664,-0.298993736609094,-0.247618026619822,0.151498945999746,0.251213395157146,0.446946700805478,0,0.84595871247522,-0.423753903006832,0.489163506584374,0.635498020722655,0.716327950086118,0.655897092514598,0.806171216819656,0.305036491264996,0.831977705557286,0.431994783107205,-0.407869323576064,0.233905420880996,0.415258420585208,0.307039886950661,0.483152401176259,0.771040136356392,-0.278352845539307,-0.0951659696427526,0.193113072209713,0.577043557029786,0.393960414497015,0.346404786628112,0.350932165635509,-0.464618986925434,0.105985777972035,0.0974441599218649,0.33743192867871,0.038530048140988,0.0482728873858462,0.0810123138853027,-0.0689348793183348,0.273300262824618,0.6990222932186,0.490048313464722,-0.159951380778901,0.259867383400076,-0.316440338342324,-0.461923794038432,-0.335900919323154,0.0326935307609046,-0.388956973241523,-0.253303598292349,-0.245200186467382,0.0147418530631857,-0.280332332351228,0.235421119481662,0.322109858948323,0.420691140733603,0.559099230550748,0.46803235958293,0.743330648312904,0.82575876545663,-0.153855165612317,0.557101325624831,0.630681410475923,0.581197829515332,0.791601681531861,0.374417961163205,0.794749954132186,0.228884421024476,0.34403447446498,0.0954350327297045,0.60931077200337,0.66152834903654,-0.462150247910348,-0.0975676360291835,0.341399526470057,0.283553217813034,-0.137494805784363,0.328444571389577,0.481786521255492,0.615599989343596,0.413164606075555,0.440149432720033,0.499724290011106,0.3010066094418,-0.0237053851811353,-0.485721340612431,-0.0151082120106922,0.0968933896526197,0.0526354061798645,0.00875814371767814,0.377809423768612,0.662557303776706,-0.127842703763183,0.262960605926026
-0.405888217782048,-0.0125944661831491,-0.415534170990032,0.420908076944635,0.0357378790061027,-0.420633730032632,-0.135175093782234,-0.199509841399826,-0.330903929501377,-0.246910884440738,0.0631564074616347,0.19200097269962,0.353138050891007,0.84595871247522,0,-0.418744099661572,0.482022994566743,0.643596146986641,0.702068102378232,0.666389634501153,0.823709780133549,0.213390494198398,0.802375156595546,0.41368946889682,-0.405774567263388,0.140293498986871,0.38376276410392,0.225168556565222,0.519026517104624,0.775598781541932,-0.161124818512814,-0.111792071159264,0.202310763151715,0.568729153867083,0.316954212384551,0.307106335908339,0.398052356668875,-0.467465972678946,0.0475551024344021,0.0994349300820377,0.315941068206185,0.0859496013779837,-0.0484150359792799,0.075546652780996,-0.136450204296108,0.208116459448356,0.661001828991343,0.388751694624837,-0.216690257439941,0.16226669368542,-0.305852792784559,-0.496226604227758,-0.29463913162108,0.0617300746565775,-0.401610181566359,-0.317438607584472,-0.242708884603052,-0.017555775242908,-0.261254723637635,0.192860578632951,0.253531978577812,0.373608271729625,0.552281908514897,0.477941737358192,0.764164388125589,0.897864994188672,-0.148111933663202,0.525648593796697,0.606958618755534,0.619447765951886,0.859147241117997,0.311564376303187,0.814904610463028,0.274702730578858,0.302627478840735,0.00437001114799535,0.660034381707462,0.659315792102668,-0.416892986544949,-0.108127617439394,0.316487399052572,0.23551523794284,-0.177809442066993,0.287174058803339,0.457024812631037,0.612768221593483,0.437893142152254,0.307842006002052,0.479425892376872,0.273481418982831,-0.00763937739057168,-0.49558224611744,-0.0143841524383488,0.135849816157421,-0.0560322707919866,-0.0385872548211379,0.331490053748925,0.651035121987358,-0.168888570247416,0.162410854888392
0.486576342693271,0.367431657793425,0.379211845489571,-0.254293998004876,0.136370720489657,0.229758109336837,0.437552031213011,0.384268140343424,0.431839604371695,0.327926860702343,-0.204607420116328,-0.269125935008012,-0.238323211466116,-0.423753903006832,-0.418744099661572,0,-0.38009002444646,-0.439837097405764,-0.374349908387247,-0.538749786860639,-0.400257453504271,-0.0895938975134714,-0.421317877638466,-0.285740245167942,0.31958069057709,-0.179392674449543,-0.442796459689658,-0.224555849684396,-0.373323589074176,-0.391647469790927,0.37412619576268,0.263495152820378,0.128885899267092,-0.439139785729614,-0.340155415625447,-0.307116678375151,-0.204445180657981,0.591554610061433,0.0962142334477322,0.105580747892036,-0.436242090431297,0.0911542995366766,-0.142394098756017,-0.112478804918416,-0.143450454808069,-0.159714138144013,-0.460198409592885,-0.334209360998603,-0.0782182768593936,-0.384642731173649,0.518894697357225,0.396778050835294,0.447763586649835,0.115380677575553,0.409222827950037,0.0114019151367202,0.33635872342705,0.111337047766223,0.203237190899827,-0.179594806315859,-0.275937552514461,-0.279537851734001,-0.210807863521745,0.0538243654045779,-0.226067954116168,-0.416792768907989,0.0910013256150728,-0.148282900658412,-0.381646132566616,-0.480280745235161,-0.44194289709184,-0.239095853649093,-0.441644021071068,-0.0410077201647469,-0.195907913502169,-0.174882595592562,-0.313241474597076,-0.311702015136522,0.342995705769571,0.176960228863912,-0.245356299660763,-0.490095742677167,-0.144191723803234,-0.356686306204082,-0.426253248623957,-0.34267429841238,-0.312278456683179,-0.29109714352055,-0.525277054248631,-0.408823502158798,0.0422578830386905,0.16078841066705,0.101916485892387,-0.0555696928234149,-0.297639789391476,-0.0265673840218932,-0.264554587433216,-0.463870335609018,-0.0981463316387932,-0.32013407285229
-0.368657073238253,-0.253455651300435,-0.252921269671226,0.0665806579836935,-0.211677870554004,-0.0844495707563573,0.131863268475379,-0.162404203436502,-0.365460223145605,-0.104688128806645,0.398716204546798,0.610511043713858,0.671770763362679,0.489163506584374,0.482022994566743,-0.38009002444646,0,0.700284256504328,0.668011420923736,0.665135244717426,0.559815223003163,0.503503699660853,0.571496779195677,0.661543768113767,-0.0843645259044418,0.469030270606969,0.562007849259892,0.240508237447716,0.648367835845479,0.394547157433326,-0.190962262293716,-0.209859216170375,-0.16561820531978,0.725134305956486,0.590346913861264,0.343117310645173,0.343427434620174,-0.413979842644522,0.009070945000551,0.249226179254433,0.621928586064585,0.0569346791055686,0.332757656240512,0.119522510070509,0.141396542501191,0.0939763765378911,0.593276962666625,0.224832757775619,0.10453347835848,0.436905741632762,-0.369553658378475,-0.419849404252667,-0.429796972991879,-0.245870676532009,-0.315391550614553,0.104669498813438,-0.207048162127569,-0.0855212035122556,-0.0705187349619534,0.400103975813842,0.526540120573449,0.56284151412989,0.390227707031664,0.117501046037742,0.336336216109707,0.422444794376933,-0.0731328250753934,0.541332941892482,0.627058145756408,0.620144623811027,0.568154669587265,0.63253354047003,0.527857077076932,0.350324993084234,0.532421020759017,0.396230453089834,0.583570012003771,0.390537401243821,-0.318732247629939,-0.292231326843466,0.572407008599941,0.394053841968414,0.0840903660781781,0.590465297477852,0.531927940868788,0.352610342139712,0.365441824478399,0.169799849255754,0.587685124955048,0.629886797575252,-0.273541215381522,-0.18055253387921,0.0526819914752918,0.0668274367093774,0.346338641139139,0.130355936034483,0.276348498073992,0.441317794734451,0.149928979482505,0.481070165922059
-0.40907276360888,-0.108845455251352,-0.218259313728673,0.282301500955663,-0.093687362939048,-0.178242268334276,-0.0649668127289098,-0.146295201302993,-0.357807154006641,-0.335571494004244,0.209623498258823,0.420423260608992,0.44416989858658,0.635498020722655,0.643596146986641,-0.439837097405764,0.700284256504328,0,0.724729140201931,0.800490511880151,0.644195289389385,0.479585816905185,0.723526936830964,0.546473872983948,-0.269178353918743,0.358023051008533,0.606156438344095,0.201089970946224,0.679672471028639,0.537455417360281,-0.299965174142704,-0.240924544593244,-0.00216385040629782,0.860507483105231,0.542772900084167,0.607734466023183,0.463855662872044,-0.6091859734654,-0.146764933813981,0.0738076963630896,0.632548126186511,0.06256638761303,0.153602426973673,0.0076507803609712,0.0915423278221543,0.0403199826238939,0.700029508622931,0.258335258243887,0.0158431869060447,0.345138059866677,-0.421786323090994,-0.424577867739597,-0.360712283384933,-0.215978117212446,-0.255261044268525,0.0175068475581116,-0.188636346670142,0.0226269433654531,-0.300303761262839,0.297204569251387,0.445662531544532,0.382319929134442,0.388952175593865,0.0700720513516923,0.434869034789506,0.576893633168836,-0.132635348400382,0.446092740298525,0.74041263296672,0.871627958012744,0.742266485055018,0.504007450835329,0.68095656962044,0.215116019491605,0.382935207627783,0.252483820607404,0.618466414913512,0.418016374852106,-0.442309675282576,-0.307618083759891,0.503501505815972,0.504952213331631,0.0633891695118087,0.557932683218624,0.574139826148901,0.557777902580381,0.470413479556108,0.225657114800851,0.717209450144061,0.592102892042238,-0.202313703455878,-0.395461476869984,-0.163751043296549,0.101590378391551,0.19089703262545,-0.0564374848367819,0.255987476190835,0.538468839196626,0.0704424348069228,0.308029976710516
-0.423638476188647,-0.0227456092838848,-0.309402245265167,0.401476963981703,0.0447117253449933,-0.317675198810528,-0.0445623265962331,-0.182478743004926,-0.38945925912527,-0.317828304571439,0.190592438404717,0.329977516441486,0.475923244358543,0.716327950086118,0.702068102378232,-0.374349908387247,0.668011420923736,0.724729140201931,0,0.704683022072364,0.673689144945336,0.335525052517553,0.72313751599213,0.477966043924961,-0.393551132958342,0.222609716040557,0.461546575907805,0.143722289041961,0.602463524596255,0.576467080350288,-0.217520822399677,-0.126051427746044,0.154596551493964,0.70403958900471,0.451342719289408,0.322495547236259,0.363456967234537,-0.499768064932407,0.048238093973564,0.158108743653103,0.40701257521435,0.0708876714879167,0.0395938337941884,0.0767788924366195,-0.0293855506422486,0.159530197528595,0.681741879430835,0.313110101466436,-0.152853957932195,0.274289944525478,-0.330366365582476,-0.452659552382243,-0.270845406224111,0.00130362227976949,-0.352199621941707,-0.179511303233446,-0.237423932709484,-0.0824613055666526,-0.249012946138789,0.348485950187271,0.450259277442411,0.48834373398796,0.565741465861758,0.323992238389557,0.599906502176361,0.683706549029914,-0.136501971299325,0.603810828781163,0.725034127385561,0.624995644367101,0.750582849524552,0.453550030676074,0.708893528113775,0.325115959162287,0.451310118673427,0.142963421466434,0.672902540419036,0.492003032737134,-0.44134075464434,-0.127028350499393,0.457792269873699,0.27345957191023,-0.0875101032746541,0.471987799811569,0.533800712161894,0.547190751069139,0.390750002598443,0.203091856817637,0.518113775783819,0.433044430320826,-0.0833872368922601,-0.428044139768376,0.0254701456103824,0.173590073888971,0.104740006145098,0.0308530517632904,0.319850899368536,0.552312964322417,-0.0902190074592521,0.295240296270939
-0.419886694024962,-0.174969525226925,-0.311121779950132,0.32673616500366,-0.0848397917327481,-0.267468147802818,-0.150914570638854,-0.33597175606606,-0.52001614149033,-0.378877853082249,0.179389279916045,0.352568614852162,0.475684166720259,0.655897092514598,0.666389634501153,-0.538749786860639,0.665135244717426,0.800490511880151,0.704683022072364,0,0.675297036507727,0.315215830231355,0.701586179135739,0.492933397959375,-0.304608130160697,0.210878596219949,0.585020962455548,0.180475334539021,0.625190302899308,0.55672023872208,-0.32815369757652,-0.231055141895325,0.0245242050481926,0.780090379679496,0.552512146334508,0.436448834836997,0.459765928968295,-0.593790645570839,0.00795946650481334,-0.0306562854784785,0.65389048892658,0.0296180848372011,0.216804716488213,0.142967061923833,0.140780654929953,0.0986942534798181,0.744434956301604,0.356170971834938,0.0832101499932577,0.549716651245818,-0.468419408154832,-0.525663963940444,-0.462507559803596,-0.143535383675638,-0.407908872538305,-0.056210748239792,-0.40975875970921,-0.215264303934376,-0.324575492181854,0.264904050165657,0.419476139838895,0.48852295003688,0.371391026204366,0.15447858000399,0.456366426017756,0.611204412356008,-0.0855002069683988,0.494303684590565,0.684629069999986,0.757932261997469,0.764378570612322,0.441062557476448,0.663194003995354,0.207710652558632,0.382939828142833,0.165920060829411,0.580208741164818,0.430494545834243,-0.42730087180632,-0.229746400997417,0.409453286726985,0.558014692833864,-0.00993424986120567,0.486164017051168,0.596180864813347,0.597350557435444,0.506285232798762,0.241336892023148,0.742166368559126,0.503034393348878,-0.125424913188181,-0.350656181523758,-0.0283379130828725,0.117962642711457,0.254566797996578,0.0803298857599571,0.287545886263242,0.568352169790605,0.172896188224799,0.508295835140462
-0.400328555625861,-0.16358181605368,-0.432077005998325,0.282460758425016,-0.0543146952126915,-0.353358591169414,-0.0641397448624684,-0.172617505580208,-0.28586697511676,-0.157940276165394,0.153200260329822,0.252944511849377,0.447545866885678,0.806171216819656,0.823709780133549,-0.400257453504271,0.559815223003163,0.644195289389385,0.673689144945336,0.675297036507727,0,0.304096682998805,0.749580641350659,0.43732995430813,-0.37559987123908,0.22333296924263,0.414254983649911,0.273443318785198,0.525428609927779,0.646137852623273,-0.196722328245595,-0.153565854214769,0.155874446019291,0.569738836335603,0.369937236038681,0.344969360221339,0.333069485248835,-0.421928430165188,0.137262307381436,0.145292463175727,0.375557622874426,-0.00360522501223826,0.062801754437505,0.032667381785801,-0.117660077590164,0.214489527755917,0.611448045124281,0.370411081391731,-0.0827665936866974,0.272036402175679,-0.26168433673527,-0.469692983296101,-0.320504457443165,0.0209718921731896,-0.405357585198969,-0.204287920236361,-0.214593371483096,-0.0225262407197741,-0.145893413081092,0.203246456125571,0.303171789478583,0.42604065452433,0.571820473720299,0.426446864094556,0.738349199997638,0.790013826736934,-0.122894692043353,0.557318307752524,0.642491089103619,0.620924825857934,0.840662914324437,0.454850713835599,0.745111826369937,0.275789056713007,0.358120252675276,0.0751323154272699,0.612170505996008,0.579281885595158,-0.363898331906294,-0.0994336585497991,0.424349651623949,0.2682673107656,-0.173149571700771,0.327016292564987,0.45624179358726,0.547422794806135,0.388802839622419,0.321107516038461,0.508271383384867,0.356833172197316,-0.0354548174170726,-0.402943430262266,0.0552063774074894,0.0263704006591207,0.0463218415268425,0.014916685984528,0.32019891312882,0.57825921775994,-0.0520876144104915,0.270801512524816
