0,-0.104321350858681,0.443300401568707,-0.363743625214187,-0.264862438196278,0.428137600335107,0.315076823751141,0.392350759540487,0.367831245724036,0.26611534135905,0.167560400899176,0.0385166765497358,-0.243483493669389,-0.429425174623173,-0.432630240539517,0.114135016223921,-0.174828224445074,0.0861803957596727,-0.355666809470438,0.29096702383527,-0.233490445153259,-0.244455503115375,-0.488500349421262,0.00359740438876972,-0.0443020782754585,-0.181695210888388,-0.428664445039284,-0.354657930701342,0.0225634122658326,-0.428439601406815,0.327173740590334,0.268474521937827,0.11949600010148,0.124235780975348,-0.305754486164181,0.0564769447817315,0.108627460909605,0.316332376360286,0.0775100029953213,0.209769988727691,0.36476226039467,0.0758271051991532,-0.129098424134515,-0.115462950333898,-0.385690382012758,-0.421603537587344,-0.393766816900836,-0.360782574082944,0.539974630617294,0.402487128647876,0.503905896132971,0.175829443381841,-0.27605157438681,-0.551150738255433,0.104994323125621,0.505812792557435,0.219896919160463,0.201641911996341,0.0255704879830245,-0.352738020935539,-0.397671650421933,-0.147839325187896,-0.485215802678054,-0.48991189867061,-0.442992563180762,-0.49177414867435,0.282078842524302,-0.280724890227321,-0.147973717040941,0.067655448556336,-0.150880526071302,-0.317204212902297,-0.520880867448245,0.11028033622761,-0.31377078287485,-0.155438251000642,-0.234299048819764,-0.452758546253577,0.367918351158576,0.207704619005407,-0.21838315476154,0.096505186719998,0.0468130409888003,-0.260391714236957,-0.48376439392552,-0.497764284080107,-0.045348949989434,-0.452490808123533,0.146016666387292,0.202321779606384,0.290721848755419,0.307915965153069,0.0760667912104663,0.0483994356396482,0.114897476655572,-0.107226319089917,-0.381452225055963,-0.441695563679253,0.51792375333653,0.426102020590437
-0.104321350858681,0,0.262291187927384,0.732782561186521,0.628350725327183,0.149376683880901,0.204624582351565,0.363824503209568,0.0860049138774241,-0.186773715801544,-0.233265466915729,-0.325866168177761,-0.0143126472739386,0.0146157489033549,0.011786582075582,0.462766060269727,-0.190260708166673,-0.109072951425721,-0.0846929977596675,-0.0972675466876431,-0.0843297991828852,-0.106345128621406,0.115902298116242,-0.352173416757932,-0.0733680429640079,-0.189794458781161,0.0431953906194411,-0.0545166322020649,-0.268654614236565,-0.0108889415827838,-0.269826976588205,-0.0732249795397874,0.0735122307529252,-0.210068199239899,0.0378494388985212,-0.0909758799486226,-0.13585970357372,0.0132072231538805,0.0533401174759019,0.00294520060932207,-0.242808723089109,-0.117322620141425,-0.0209479165104943,0.0494248113223014,0.000484644296321759,0.122955975800859,0.156639778408374,0.191713387987535,-0.0814527819107256,-0.110041777670699,0.215521001740889,0.693938248371251,0.438876541704497,0.623997005517264,0.368719764882256,0.0524489776253022,0.481094826131898,0.412038379045776,-0.132320535738099,0.0102326141359987,-0.0629792963318048,-0.107656493805505,0.0679784523641517,0.111938399131008,-0.00139978947794751,0.0999374162991132,0.252741763492109,-0.127574100994632,-0.0835233740411816,0.302514358612245,-0.0760078718976662,0.0121054131651648,0.102107915112372,0.0490471277614556,-0.260214149138019,-0.293642378835366,-0.14859997180241,-0.0470133987963735,-0.342025785153392,-0.0881145319109512,-0.168092183625372,-0.0582024646751438,-0.277470487814493,0.164222900902938,0.0879266865155354,0.227042906657653,-0.125253768382047,0.0635224442688505,-0.0717450789671592,-0.272575803653096,-0.0410720989310673,-0.124688160682931,0.0263922457737798,-0.0217659856467205,-0.277485430543756,0.116370550937173,0.164857469392083,0.256914299374695,0.0843078560350048,-0.0781760566090073
0.443300401568707,0.262291187927384,0,-0.0549479717184435,0.0764216470665489,0.590519302037623,0.303020309898809,0.618285087089506,0.291766445405894,0.0765564268540876,0.186201135449751,0.121994699118463,-0.0667216765811905,-0.258343464357126,-0.213034547781764,0.0265601768640248,0.0246063630385212,0.315689733951385,-0.110960540158571,0.275962595897256,0.03287442559692,-0.132935847043797,-0.296227784330876,0.118285536845823,-0.0924195451314158,-0.00164739736479218,-0.289782605593768,-0.136882634871597,0.255228185159606,-0.319644172134866,0.275790956549475,-0.187249211576098,-0.188230342003477,0.21563535848267,-0.222436375128038,0.123181053028396,0.122167860673672,0.0888539597671217,0.0485138125063158,0.0939034384779073,0.233435196958568,0.177771062821497,0.0133523868704686,0.220665488381402,-0.19259933864028,-0.356584637266074,-0.388124257949494,-0.300974010984038,0.313587323968739,0.378050968250698,0.404453732857789,0.432093205684046,-0.170717177694405,-0.237096870855036,0.433616682658807,0.564200431316819,0.43854289927773,0.331818442508484,-0.173063815727084,-0.190341039107033,-0.263956227912115,0.118492671142184,-0.252521983437671,-0.285673628082765,-0.197906123766616,-0.259225647535436,0.179811225368259,0.0202009490878741,0.102775675686877,0.355354607465517,0.0750018128812404,-0.00512669578270564,-0.287207840913005,0.2268999490738,-0.213012387419252,-0.102048849410347,-0.0294610734085629,-0.286529896715451,0.132338159056293,-0.156266484079298,0.01444086123857,0.0701111231081431,0.17697653381751,0.0630199743382956,-0.281215754190723,-0.302223029346135,-0.0222242402010598,-0.306931118028536,0.16338889442675,0.0789550031188798,-0.121656776244437,-0.0285852000466423,-0.0944069312405967,0.0169268276614857,0.0974257455577175,0.204255642665737,-0.270320358374851,-0.265304481154024,0.400867158554522,0.415843003259614
-0.363743625214187,0.732782561186521,-0.0549479717184435,0,0.599490957587843,-0.179560455723179,0.0564576095110114,0.0725282672059913,-0.134214444658261,-0.354913097809938,-0.373509030526466,-0.363377562961395,0.136697116829587,0.29802177452436,0.248797540191259,0.401385128365725,-0.0791092676115066,-0.182609232902498,0.105680500357403,-0.255929025131049,0.000561926070739566,0.121730192143787,0.428232370194754,-0.370940284423005,-0.160748380138704,-0.049615906536924,0.288239479529169,0.0945485701493295,-0.314610372336051,0.259331388164371,-0.391452912200554,-0.0193814308027793,0.16676827879564,-0.313412319171772,0.278121947838154,-0.099037521049992,-0.158739268402927,-0.0636785489795646,0.0138946598592753,-0.126070560646834,-0.398665391224086,-0.105516649879969,0.156314060938791,0.118134850230204,0.215485360474664,0.399629876299082,0.438942441045268,0.472305523694547,-0.274866475121354,-0.258338630615236,0.0745898581963414,0.502543006854001,0.510788086098086,0.821990645968984,0.153148279135431,-0.182748918983209,0.287377771238435,0.182927564872913,-0.139151564427846,0.0825370089867394,0.056064313960762,-0.109075580329224,0.283319667890856,0.356682318719873,0.154004928787895,0.356126991103505,0.0940385446932019,-0.017258328984539,-0.0863867773153521,0.127708427107083,-0.0290854328525616,0.120437117441985,0.378353582063666,-0.155101128632092,-0.177300242901102,-0.206294435255016,-0.0640974603318727,0.172399589083732,-0.457580804048014,0.0209179950907725,-0.0766892342395005,-0.169371206680282,-0.354296233706825,0.224994580491295,0.315137056108357,0.44858177713249,-0.0743472398152528,0.233915946350769,-0.210022302706416,-0.394452854923489,-0.112682011169927,-0.179905528053268,-0.000917520629291088,-0.0686116602011942,-0.335719408572567,0.178157647280895,0.405779196396915,0.498076248782249,-0.094831602693616,-0.256686480433839
-0.264862438196278,0.628350725327183,0.0764216470665489,0.599490957587843,0,0.126943528376871,0.096667493698176,0.165708255816847,0.0932305782497066,-0.0217982007723598,-0.0816657836390942,-0.30066477873577,-0.0320999422204562,0.0339931531456276,-0.0114463857518755,0.247069835531496,-0.185862036101323,-0.0894294141984638,-0.0961898973723943,-0.0984826519619057,-0.184498086517773,-0.106721536043154,0.104312990600042,-0.323372932659,0.073239922695056,-0.171153696493482,-0.0319179089344592,-0.0429371998602798,-0.274738533613113,-0.0714736225487058,-0.122408894565088,0.0063445764695819,0.189376384433694,-0.175506077537604,-0.0359417933767408,0.00699838767620477,-0.0454419690391176,-0.0108754158226656,0.0114438033977719,-0.0524228938546105,-0.164144613755463,-0.0105793652864519,-0.113733719382877,0.0535702560756388,-0.0410809435967887,0.0401564790198705,0.092822778732525,0.130394774179906,-0.097194603041293,-0.107927693704307,0.250170926989886,0.417829734775849,0.521922567415303,0.567032167174815,0.542056231683582,-0.0375600981231527,0.390364207800177,0.287075753459089,0.123585609194998,0.277318821223799,0.121135087368359,-0.113160708051489,0.000412026820912628,0.0710444220624552,-0.0882165977290214,0.0333669319986699,0.169461943573881,-0.155043868993889,-0.0732067390757474,0.266084686078408,-0.146100295046025,-0.0803687731796986,0.079546549428243,-0.0774261059860211,-0.0594215998971259,-0.219416925286628,-0.162319141459674,-0.0714147536647473,-0.177043885481221,0.101496629820766,-0.031268965829346,0.0673610939442723,-0.276053913625637,0.0809231862319328,-0.0035588809737088,0.145810949813471,0.0351708305668581,0.0841404220620582,0.0114387328792456,-0.126245006898612,0.0534650826847781,-0.258415857167758,0.00235734566087415,0.145221588571498,-0.268319354645844,0.0572963188689752,0.108836788682806,0.256256340896749,0.0584918798817057,-0.0563638183012659
0.428137600335107,0.149376683880901,0.590519302037623,-0.179560455723179,0.126943528376871,0,0.235925803157001,0.483923857376788,0.583872127400363,0.19429310828311,0.197525570405338,0.0735719476068457,-0.206589000378124,-0.353121292005184,-0.327842057729933,-0.0180846682605847,-0.150976916242839,0.105079623847447,-0.30625618008367,0.1805409691677,-0.189906397609149,-0.269902883658448,-0.382259018669766,0.0717897072775183,-0.0255067878722447,0.0291258389229392,-0.403250859793633,-0.211247941565343,0.112958380514093,-0.366673019881404,0.18919466016709,0.0429933579751131,-0.136817761823161,0.0907789904873093,-0.347871719245004,0.257788834519096,0.0967620730621352,0.0368429122625149,-0.00715147162490194,0.111503576828162,0.199396227679057,0.126570245346016,-0.137056010403239,-0.138316938038392,-0.303495166737612,-0.481016780488007,-0.422335792410695,-0.448080717717691,0.51341338521784,0.277462437310467,0.328195327277527,0.372350649986754,-0.11905006961105,-0.252937723421048,0.674157973079611,0.803776788709031,0.341206230532212,0.452362958651646,0.00798111403741148,-0.180945372578888,-0.181678624216344,-0.0518578462841216,-0.356489160540374,-0.382099192812423,-0.335017853889657,-0.364668957477078,0.243460898808516,-0.177353744994195,0.010973535071955,0.251205908370856,-0.080487282334021,-0.134374996703363,-0.346334892032944,0.216320133936944,-0.127148029320188,0.0498074225651494,-0.100961619714437,-0.223747473370034,0.262143393615548,0.0287287703797806,-0.0613485368009815,0.17978450827695,0.120239701709009,-0.0502553859639086,-0.329453898377074,-0.356424359673381,0.00336774187446022,-0.201602703360759,0.339759171090242,0.181656089639556,0.0874803135838483,0.164808195146292,0.0638839016035736,0.0235774791685443,0.127624350704376,-0.115894829348349,-0.386584488427813,-0.324216367428704,0.466431518296789,0.322357118582142
0.315076823751141,0.204624582351565,0.303020309898809,0.0564576095110114,0.096667493698176,0.235925803157001,0,0.675528318277384,0.507805177190064,0.37000568366384,0.0910304091688737,-0.276236218852081,-0.42481724022617,-0.556013776738917,-0.517545570957701,0.503144542619583,-0.388076092259702,-0.0312687242185263,-0.447964399047556,0.188767449247071,-0.391781740970996,-0.421908189241512,-0.461940781619701,-0.150964954395207,0.275844450411192,-0.40208467030125,-0.444661362063552,-0.445000257213459,-0.25828357752739,-0.480111538484228,0.301185098687869,0.432287399580125,0.178630879405959,-0.103249097653939,-0.296778705150255,0.186585862088083,-0.117522726793934,0.642219645969694,0.617960403469009,0.7450437246628,0.257258382753498,-0.121537100291004,-0.24724198817334,-0.0857046962909798,-0.411784562282232,-0.405718614252596,-0.38598590123936,-0.369505681609922,0.392368563865903,0.197183787949015,0.480634290466957,0.25691312902384,0.12926221343294,-0.172848029898051,0.31024498511528,0.278749509578259,0.585565669267836,0.460814358171865,0.212562330129996,-0.0524536601360546,-0.360792967913664,-0.268652020910496,-0.479598094730994,-0.538935870153611,-0.449631829032615,-0.520302058170333,0.577183898013584,-0.325542649939614,-0.286911228550268,0.143336755450756,-0.314474344451748,-0.252847953775145,-0.447699851360236,0.406392701077743,-0.239959848533173,-0.152158818347273,-0.394610253231378,-0.415594291701527,0.231130364707054,0.163822820039726,-0.417443107292974,-0.140858886984495,-0.261179633801593,-0.276468317793167,-0.525296923338508,-0.4182015350112,-0.102513423382499,-0.400936210999954,0.0325888546048375,0.0673270670358905,0.110752500626987,0.432432110429763,0.46006505496151,0.0880490233163972,-0.170308754082444,-0.146022871110464,-0.424929016107137,-0.414647835859294,0.392657665727256,0.26353353288066
0.392350759540487,0.363824503209568,0.618285087089506,0.0725282672059913,0.165708255816847,0.483923857376788,0.675528318277384,0,0.565940511663825,0.232192513082796,0.244501504697765,-0.0165890363587695,-0.190803458754368,-0.400870739081801,-0.354225010994128,0.227998550073043,-0.176305226923468,0.21786192676117,-0.268448891417667,0.270949448690718,-0.136140813814707,-0.263869055349502,-0.394169698692129,0.0388422793589884,0.0789923786013556,-0.144224541255421,-0.428335435735383,-0.281010326932453,0.0275213344690995,-0.461369799364017,0.22716063672914,0.0809765464936882,-0.107916939941294,0.143825647757092,-0.222204925803753,0.194521256277212,0.110546966708095,0.368106108281946,0.328436787887567,0.448284220138108,0.303708289615025,0.0907431908849897,-0.116331663185369,0.0444477391951281,-0.334107853209174,-0.421386988664958,-0.43045313939466,-0.342371481411275,0.467653585466743,0.35538039997428,0.436210560564957,0.475898416777336,-0.00423474364188917,-0.144333167571288,0.495765694423728,0.455463613231656,0.756663943145746,0.683229854434909,-0.00444706340505031,-0.26558856687306,-0.406788487746858,-0.0733710603376559,-0.35766305916881,-0.41268270994001,-0.324860332622547,-0.402071207242287,0.446585941590704,-0.177508205403925,-0.0613902386123765,0.447127087323051,-0.075699610749648,-0.109557870572104,-0.377926405381305,0.40709150563174,-0.28329731553934,-0.178751519998006,-0.199402956218707,-0.414714568487126,0.148597166962832,-0.114247250110464,-0.188422263991522,0.0334823998676511,0.0157703590810294,-0.0240416417514619,-0.436004544766746,-0.355055218833275,0.0343846527762097,-0.337796308832169,0.20801227450626,0.11520185542901,-0.0715904734775374,0.28643865407073,0.169694608755097,0.0806594324887859,0.00888513851216824,0.0226006280453097,-0.352940172892667,-0.323643564836288,0.533409437263847,0.439434127198776
0.367831245724036,0.0860049138774241,0.291766445405894,-0.134214444658261,0.0932305782497066,0.583872127400363,0.507805177190064,0.565940511663825,0,0.472713096107308,0.202561159039367,-0.10266516873705,-0.443852563965594,-0.570157036291225,-0.573597620354863,0.0903770328506126,-0.436547830689758,-0.0695085707874082,-0.574005438431277,0.114007212736124,-0.456748830918999,-0.517751927574856,-0.535479988936843,-0.124961979108708,0.177617366736592,-0.252601615135225,-0.578492496016194,-0.499804814166744,-0.204163372418257,-0.459797996806271,0.254698210767752,0.42414062065747,0.175484153251729,-0.0134670004590816,-0.498112046016518,0.302874431515904,-0.00792554874721253,0.315267682564093,0.239578528259869,0.45072842412431,0.237692357113623,-0.105470118118148,-0.366920900314328,-0.292693298832049,-0.459754054542553,-0.59251786821722,-0.538401977149211,-0.56747508102773,0.470442301349441,0.138044602178461,0.348264711143711,0.199380053018667,-0.056270309093562,-0.241000249108416,0.548454192014468,0.670013160462069,0.470620656375909,0.693217900471969,0.314407454897247,-0.0951216119695213,-0.16614759408507,-0.268000335451555,-0.555047300854378,-0.612838207769882,-0.584243546420985,-0.585952914462057,0.364455904164514,-0.468812910672412,-0.301589063440358,0.151982846707121,-0.374158653254348,-0.434818485666074,-0.549994170563277,0.208267086979577,-0.157724512849366,0.0360512348280393,-0.449694970647103,-0.374801433355909,0.352048729252293,0.261084003224358,-0.343833023187889,0.104934735433931,-0.0807520392971603,-0.358283029062363,-0.552861611718157,-0.540201364202443,-0.0182333048368145,-0.384905516795368,0.351661310327999,0.188959983933301,0.257593013757572,0.405695330942906,0.310002036771659,-0.062433600462617,-0.0834080582677785,-0.269522781585931,-0.602375683632489,-0.511481853555384,0.375521684651029,0.260610713486505
0.26611534135905,-0.186773715801544,0.0765564268540876,-0.354913097809938,-0.0217982007723598,0.19429310828311,0.37000568366384,0.232192513082796,0.472713096107308,0,0.419594769812044,-0.0760160138427987,-0.548157949575328,-0.638385353040167,-0.644185823950199,-0.0385691916424829,-0.394364368947682,-0.00820340471815325,-0.572481479289127,0.165128258569426,-0.502504485445424,-0.610528306168439,-0.579843741813035,-0.0661963353165832,0.461471687766838,-0.393161393956157,-0.492507147661348,-0.467009010950303,-0.135770643339184,-0.500358416160023,0.482481127189917,0.342829603781373,0.143444073103428,0.0185419703722924,-0.614990370399316,0.156796537299996,-0.020415359631328,0.494377920128735,0.395331026884469,0.431360118157068,0.30818994109588,-0.0287791997640041,-0.55887974631295,-0.193375773115254,-0.515478932163701,-0.535241736457359,-0.543745997409935,-0.570764102992521,0.218961898992779,0.0959457696755045,0.277885414087792,-0.182376760757283,-0.0452544637843585,-0.396894415967993,0.188995636916935,0.252938774292871,0.204227200899904,0.302257462305063,0.753130503411367,0.265075913850428,0.0265378310976298,-0.224282002618559,-0.573807423555296,-0.653863079260889,-0.591075790760855,-0.665133554295421,0.282977798469182,-0.366318334334591,-0.242680418904691,0.0339007903184125,-0.403508745606046,-0.551772341521269,-0.548944463279693,0.290196413012325,0.110673802539924,-0.0818866156216601,-0.394127049614614,-0.33827743750433,0.505136884443961,0.312563917326953,-0.213400209107464,0.142601380044502,-0.102363603519574,-0.536048105883761,-0.544918409321702,-0.546892854075196,0.0336332764696972,-0.302306820414344,0.246978910696556,0.311111627046047,0.311770626930418,0.165466446533687,0.26081112132885,0.295531703099732,-0.158070060536673,-0.259804648827262,-0.568161553063112,-0.484292928258537,0.17594199955322,0.251511577937934
0.167560400899176,-0.233265466915729,0.186201135449751,-0.373509030526466,-0.0816657836390942,0.197525570405338,0.0910304091688737,0.244501504697765,0.202561159039367,0.419594769812044,0,0.50148694526898,-0.0869669964207934,-0.228476245332263,-0.215931252810568,-0.281619800209358,0.0550197465636322,0.279348573564964,-0.0659633626044614,0.332820084530631,-0.0528104328309825,-0.176251824338554,-0.301527881563833,0.479279235032147,0.131792950686718,0.140814717764146,-0.23819463233636,-0.109164221278296,0.244195045867905,-0.226751494938745,0.247545459144812,-0.128034428712126,-0.285144380350204,0.401007402790711,-0.178882085051721,0.268193269470419,0.327170770043964,0.101557654215413,0.0496993663836773,0.10300217136467,0.434633622594279,0.306483191639383,-0.160455485145662,0.0235572705525665,-0.208656657111031,-0.298936340149982,-0.367979844447026,-0.278070221236855,0.280135454386091,0.377744574539742,0.0662072112757933,-0.105672267180491,-0.186845586367487,-0.329705741737649,0.0966139166197521,0.17711138380987,0.150261092188306,0.172822124456568,0.1490104021431,0.0168352109146145,0.0125747823787786,0.0679489926931324,-0.182419620765683,-0.257891714145827,-0.183253159140098,-0.2910584552096,0.141085255380138,0.0278481064589087,0.110441699390111,0.189106889132378,-0.00950898698660633,-0.0534419155184073,-0.297100734455669,0.266944839688485,0.208756985244795,0.0834062888905136,0.0852522153838336,-0.18367506232521,0.196049680022255,-0.0984934200773009,0.0564730217011314,0.144053725334374,0.172065903559121,-0.0750417580928854,-0.268526026799147,-0.304387419269556,0.32241658813785,-0.162461926619971,0.346508213094123,0.227862462034479,-0.0475149851934954,-0.0205215285067486,0.00750149991785923,0.203493130158395,0.133481067578935,-0.0782599679183722,-0.282717887249723,-0.296633912436746,0.20125870229039,0.467522184931608
0.0385166765497358,-0.325866168177761,0.121994699118463,-0.363377562961395,-0.30066477873577,0.0735719476068457,-0.276236218852081,-0.0165890363587695,-0.10266516873705,-0.0760160138427987,0.50148694526898,0,0.427820413062556,0.27582338739164,0.33126246917836,-0.430088009916785,0.592636006061466,0.402669168297117,0.467890158642262,0.275185157742085,0.526807904866632,0.363705918797906,0.0848034119371453,0.752780541557036,-0.266663208868041,0.639681038549509,0.0748521371286922,0.376165262158356,0.621172913954281,0.183077866395116,0.0114230575731522,-0.444046746063396,-0.440865354961949,0.576060139652241,0.152811956963931,0.0672342880131298,0.249078821637529,-0.341319664828544,-0.256642722213477,-0.272249094884358,0.165588587142772,0.427020603658735,0.375817339204732,0.233542713925231,0.213587677364445,-0.0467385661588549,-0.123770191891173,-0.0553302343661355,0.0278651380672163,0.266465922046021,-0.263431516367684,-0.192781385829179,-0.35009711341837,-0.300555270092011,-0.158516258063399,0.0769299658341081,-0.231032446321682,-0.116185626922005,-0.241605657805114,-0.257642947193678,0.151262675310677,0.417473766391779,0.206469903709179,0.182198338468805,0.340592049873393,0.181913733533627,-0.284221922194197,0.494495269521625,0.408995400216684,-0.00156939697013548,0.449835190130317,0.348476529920708,0.0659007164545757,0.130359096583464,0.336524050896793,0.379181504107858,0.507717823518684,0.114134861150063,-0.0293058916132775,-0.365029929044761,0.335764359661414,-0.0215146993800177,0.440149528766334,0.17713603487049,0.0803977877922586,-0.106661371542266,0.123224275833544,0.010560393014641,0.139634570644623,0.0201527787725355,-0.363695915551575,-0.0613279891540916,-0.143518217602088,-0.0525523969634799,0.47045039327893,0.176823089859352,-0.0155492651843342,-0.119229410036492,-0.0514232303476551,0.237982197767004
-0.243483493669389,-0.0143126472739386,-0.0667216765811905,0.136697116829587,-0.0320999422204562,-0.206589000378124,-0.42481724022617,-0.190803458754368,-0.443852563965594,-0.548157949575328,-0.0869669964207934,0.427820413062556,0,0.773841463376441,0.759021578346857,-0.295819115951172,0.70013294726861,0.16793541846643,0.753548208631168,0.0272610029714938,0.726895652852924,0.746518436200955,0.52679088931015,0.299659933991361,-0.529724353801467,0.489831756784852,0.422867044326917,0.537412759721532,0.381560287355843,0.42795074265877,-0.224045578620115,-0.510083234315783,-0.390452193669944,0.284156660660129,0.622000700119206,-0.097516339057555,0.211951899453019,-0.445665733233502,-0.343292012832985,-0.465011155670904,-0.112167703993571,0.22645464105848,0.570657270965266,0.349955545230253,0.509774039023497,0.318060509342603,0.356182459372028,0.456778163914839,-0.0878233028688652,0.128903922909001,-0.281364146936841,0.032299025934701,-0.112996366368783,0.152116390309602,-0.282702316655217,-0.263893921846061,-0.219793631144452,-0.212085363746783,-0.512998438046001,-0.350281043589421,-0.0281675994058258,0.529166215459213,0.636317572650427,0.674312135365737,0.598752473682652,0.651994593238051,-0.252834713277834,0.449047551766442,0.423377996091857,0.0719499738518919,0.52440012151154,0.599953046664442,0.447948264665038,-0.113096761541927,-0.108517171939526,-0.0480894013488111,0.501206034429521,0.190442648766531,-0.22034912208185,-0.420379863343559,0.284681607718151,0.0673562223781358,0.313232444805908,0.604376682696591,0.430869596650341,0.439817556793934,0.180571900419606,0.203505654886644,-0.0144046224986379,-0.174649459021448,-0.403754365551077,-0.215479529240668,-0.237085786714865,-0.224234498044964,0.219127465032107,0.42285562378016,0.440450316478069,0.421168567491012,-0.0764649010971305,0.049546033360549
-0.429425174623173,0.0146157489033549,-0.258343464357126,0.29802177452436,0.0339931531456276,-0.353121292005184,-0.556013776738917,-0.400870739081801,-0.570157036291225,-0.638385353040167,-0.228476245332263,0.27582338739164,0.773841463376441,0,0.893687004829872,-0.283254729164756,0.624264379386531,0.0340282265411075,0.766260632014387,-0.156090090373312,0.66829510304265,0.76657789278447,0.826608228997163,0.215564696956722,-0.446665901536938,0.494681746291796,0.715236269981769,0.652820878140012,0.282357179926161,0.702145563755018,-0.417081926213306,-0.450816212535285,-0.328384817192926,0.0864606382040993,0.714538499504355,-0.203032766882824,0.0613053483721584,-0.521712887448107,-0.422605717028425,-0.57584928146878,-0.351056265769142,0.199684698579582,0.526038984948529,0.254665218777681,0.574078440575201,0.634009682607797,0.641362472793655,0.668844601579106,-0.318792048055847,-0.127720258840959,-0.411163182619049,-0.056867138334966,-0.0288784965888973,0.35225384585335,-0.324570845250409,-0.387036453074557,-0.362990604964706,-0.365690848737702,-0.459105846014796,-0.183720831166545,0.155984143776735,0.30034350316714,0.737947472711788,0.846984596707715,0.726280315735865,0.867375333936802,-0.449140840027698,0.499429972675445,0.348484332345878,-0.114237434635584,0.541054338625432,0.590761426374121,0.755192266715409,-0.28247731848401,0.103469629607763,0.123746862860241,0.559251461640782,0.516175532246414,-0.453864456881198,-0.339904880394003,0.313536510117825,-0.145511864363665,0.156396526952673,0.539021318297735,0.716363500457113,0.668442403749053,0.0872109133917065,0.486311889661915,-0.215600295600401,-0.318668224691544,-0.44275897690223,-0.280549877379435,-0.266098272892839,-0.181167571025616,0.13976175901579,0.300381626577161,0.694655374099987,0.636750387466267,-0.284881888742589,-0.242920792028499
-0.432630240539517,0.011786582075582,-0.213034547781764,0.248797540191259,-0.0114463857518755,-0.327842057729933,-0.517545570957701,-0.354225010994128,-0.573597620354863,-0.644185823950199,-0.215931252810568,0.33126246917836,0.759021578346857,0.893687004829872,0,-0.271442011268787,0.638889792360155,0.075253235412447,0.790278049307765,-0.113660176115214,0.769496637400349,0.754898377611457,0.791561608190522,0.242842349620896,-0.452214949428932,0.507022798180649,0.719552313488316,0.705352058623431,0.365485556204195,0.722159388022917,-0.461443890365331,-0.517215569449409,-0.416631146268399,0.0877457652218962,0.702187259322962,-0.224776149509784,0.0112933538559124,-0.551438884073423,-0.404448597249739,-0.539467901191038,-0.378692852385626,0.200713323518882,0.516032534535956,0.24060925072501,0.580463196079696,0.617872123510459,0.580355249686647,0.614722349840439,-0.292185751370533,-0.141987779302743,-0.456202077455442,-0.0500073784476086,-0.0382271244921008,0.321172543520513,-0.32274145716391,-0.406125577358793,-0.356010981758156,-0.349686681573364,-0.480106944092447,-0.198111480142089,0.144412039905877,0.353392965587098,0.752857422325425,0.825945415270576,0.809534864755376,0.902004642621891,-0.462044114520999,0.546114624745246,0.364893489902005,-0.108525033803799,0.677354443741166,0.662112365655187,0.759144594321615,-0.223403545442495,0.133919809163364,0.149353499929256,0.644452144816326,0.522336287901772,-0.505966319168308,-0.436891740883089,0.322357996522631,-0.20427637416773,0.189317234753228,0.568974916246502,0.727159303317991,0.654429970952992,0.0105527891509713,0.508629904235969,-0.263145779512477,-0.350553638947064,-0.518173060443173,-0.27711654007866,-0.294673574893199,-0.203008244212628,0.169469782466097,0.276210057420822,0.6678768090975,0.585382970653724,-0.312821241676575,-0.281043976593275
0.114135016223921,0.462766060269727,0.0265601768640248,0.401385128365725,0.247069835531496,-0.0180846682605847,0.503144542619583,0.227998550073043,0.0903770328506126,-0.0385691916424829,-0.281619800209358,-0.430088009916785,-0.295819115951172,-0.283254729164756,-0.271442011268787,0,-0.302928068519581,-0.0954004199617962,-0.259616835185853,-0.120005618414448,-0.300496991660857,-0.181631698718645,-0.13692511943409,-0.286237297517815,0.179161372834913,-0.338478562160711,-0.140425355886656,-0.295343197872691,-0.381703605087519,-0.228439505927266,-0.101107973630466,0.352517829155309,0.427441649702813,-0.251081068030785,-0.0405242902359321,-0.135950388411498,-0.25220932790792,0.255927146490129,0.308154052738886,0.348893609057109,-0.207545109614965,-0.282554143670433,-0.145626909708471,-0.172146865973707,-0.170224644909311,-0.0184005165072129,0.0257313787381083,-0.0220363155614092,-0.0463000791255316,-0.192242205606889,0.388164314462282,0.419346485510707,0.6128940343647,0.289868068219651,0.133165191026128,-0.0472025178172467,0.345523420564096,0.173442083532655,0.0463179236168137,0.123424087324237,-0.0903901854151639,-0.313186572470443,-0.207368398541042,-0.183805339777752,-0.170671849257302,-0.212447683837871,0.383046905820594,-0.23706559218222,-0.236712589066416,0.0454256059488925,-0.248173382090702,-0.137514289563576,-0.129106646001256,0.180213706005294,-0.0624895881135038,-0.224599546720411,-0.210717370135322,-0.189907193085755,-0.156250578902319,0.225332048255753,-0.302363445740024,-0.31178997377358,-0.381242690681348,-0.14326542034005,-0.168598650847689,-0.0811960399072882,-0.239512132435895,-0.163463995976338,-0.279373433115083,-0.340249859319118,0.116469950139149,0.0712382393746661,0.239305992195106,-0.00826560252649346,-0.300137304909861,-0.194013994338417,-0.0640789760127251,-0.121569019279509,0.0398558527524755,-0.196533754531262
-0.174828224445074,-0.190260708166673,0.0246063630385212,-0.0791092676115066,-0.185862036101323,-0.150976916242839,-0.388076092259702,-0.176305226923468,-0.436547830689758,-0.394364368947682,0.0550197465636322,0.592636006061466,0.70013294726861,0.624264379386531,0.638889792360155,-0.302928068519581,0,0.367629841695813,0.829682425529476,0.079312948744662,0.789032947415099,0.68835787397728,0.420965979174144,0.599265680471164,-0.36189762307976,0.629141466796854,0.366933429469694,0.590302562981153,0.721822507005281,0.348236501011653,-0.104909670359541,-0.487460617804881,-0.394663773203636,0.494866917193265,0.401477812130483,-0.157650223492107,0.264087005328512,-0.469859220771821,-0.359039199953733,-0.450967552272705,-0.0526115095881533,0.391873281537195,0.541451099669431,0.381955948114407,0.405249491894846,0.231373883961716,0.200484204225448,0.266096258397868,-0.186464788811193,0.132070722264222,-0.32161643472481,-0.140873654852615,-0.196569395016184,-0.0231393822391481,-0.315073340148648,-0.164898320731,-0.321972416646476,-0.310890859396894,-0.439018461659484,-0.301920028569518,0.080040555141645,0.45325923763062,0.489723629596647,0.569268368575561,0.602845564198416,0.516782067124869,-0.387786147735173,0.70490717574177,0.556964802532665,-0.0566297375031621,0.534667666000787,0.523857381583166,0.4265664174512,-0.0305814064512759,0.235206213827898,0.183976701437542,0.677479858380445,0.275086472677684,-0.208171158012814,-0.387813338612794,0.506958704618439,-0.0572981441141251,0.402954318204436,0.376347412465692,0.346040267770062,0.26803086036143,0.149290836953617,0.202711169647929,-0.0979537290698386,-0.126295029810254,-0.452979300428821,-0.255222832568858,-0.259351197639365,-0.0692614688408877,0.365512887318794,0.413020386512175,0.317962230543095,0.224281546043755,-0.157224475760982,0.0506433293260101
0.0861803957596727,-0.109072951425721,0.315689733951385,-0.182609232902498,-0.0894294141984638,0.105079623847447,-0.0312687242185263,0.21786192676117,-0.0695085707874082,-0.00820340471815325,0.279348573564964,0.402669168297117,0.16793541846643,0.0340282265411075,0.075253235412447,-0.0954004199617962,0.367629841695813,0,0.26294572003572,0.39354805826222,0.334822845564544,0.218159308522567,-0.0213169869428405,0.452348501525161,-0.0545114549009448,0.239606872718214,-0.00168065095076957,0.124327336944051,0.548856863324037,-0.0921081220414149,0.0832090487258969,-0.356649291342979,-0.309276988667503,0.780353302752931,0.084222640937263,0.254282330350773,0.218604869799474,-0.255340666070106,-0.241584734095685,-0.140491998571989,0.266750141732982,0.169710888415567,0.125284693824834,0.192368720175354,0.0858845714647213,-0.148663327832961,-0.178843820036463,-0.145961108160391,0.0645869478986435,0.228826839422421,-0.0586103807437597,0.0178951306799608,-0.14805503297613,-0.19580260311874,0.023260053535216,0.0850255905301486,0.134949025822977,0.0250012258653103,-0.229596215396054,-0.133895088822743,-0.0702440370449679,0.335863118133062,0.0753001223811404,0.0160983739912575,0.197537352904295,9.38269055631515e-05,-0.137007239228428,0.42157024637884,0.593391928318122,0.510520649533103,0.416710392227282,0.145976953553285,-0.0148396305620987,0.0468166660721577,0.13865642964372,-0.014028336335809,0.327854910638371,-0.0378162479984544,0.0167292306194567,-0.311243105342243,0.389496964413665,0.170699215436437,0.291601242816117,0.223234631191179,-0.0337436589556358,-0.0856158305131558,0.158599902190745,-0.0528419706355211,0.266927061137497,-0.0154558294353493,-0.297585950340377,-0.282912996258937,-0.387495001865524,-0.0468537908433391,0.114123230630847,0.159507189818109,-0.109591271703705,-0.0861217723022853,0.129353714183074,0.236024563361299
-0.355666809470438,-0.0846929977596675,-0.110960540158571,0.105680500357403,-0.0961898973723943,-0.30625618008367,-0.447964399047556,-0.268448891417667,-0.574005438431277,-0.572481479289127,-0.0659633626044614,0.467890158642262,0.753548208631168,0.766260632014387,0.790278049307765,-0.259616835185853,0.829682425529476,0.26294572003572,0,-0.0197262819880055,0.828069173936318,0.73418218467992,0.60535975302629,0.442809649944015,-0.362854619962798,0.586702593317561,0.529811692560189,0.663351218813368,0.536545859523704,0.532899668745307,-0.278964212415215,-0.508187104912953,-0.385282958826622,0.320449000910349,0.607089706287177,-0.159277902361169,0.181503729998968,-0.48420324506813,-0.355010110199711,-0.484268121367335,-0.19712034365397,0.276927637778961,0.56990986634192,0.339115727879106,0.523072639872719,0.433897461555073,0.393942680734227,0.464480202384055,-0.277676447165894,0.00581032101418459,-0.385240964984177,-0.103378976041664,-0.07021233638672,0.200577099246071,-0.358386599195412,-0.347327871621616,-0.339258352378607,-0.388466791381227,-0.481474254629956,-0.221207776448417,0.141273092767657,0.391814362944244,0.631863731297241,0.724223033399574,0.742349074633791,0.703632086258238,-0.401906947233299,0.660436845447867,0.47091693141947,-0.0845996891569958,0.586295396604623,0.627498877644279,0.604518596162055,-0.0783024937017545,0.202660599037343,0.15438250772541,0.709409552843151,0.429950819277938,-0.377535452478991,-0.434301443263004,0.398975243990127,-0.166837467025877,0.275539939387536,0.478424411998187,0.526409414236437,0.447250323193427,0.112670966062764,0.382008808126204,-0.190625715434084,-0.266456729622951,-0.501149061790372,-0.284113034731039,-0.273388328821773,-0.112152098302641,0.238865596408572,0.330555425872413,0.497691214954469,0.42204491211656,-0.218895616118588,-0.111744676296019
0.29096702383527,-0.0972675466876431,0.275962595897256,-0.255929025131049,-0.0984826519619057,0.1805409691677,0.188767449247071,0.270949448690718,0.114007212736124,0.165128258569426,0.332820084530631,0.275185157742085,0.0272610029714938,-0.156090090373312,-0.113660176115214,-0.120005618414448,0.079312948744662,0.39354805826222,-0.0197262819880055,0,0.100583654924153,-0.114487584775356,-0.228507911377382,0.258230163666878,-0.0441255229838852,0.0148887074929645,-0.183447989907254,-0.13230204115791,0.336127695946831,-0.286454768118958,0.244051843230359,-0.161803461337194,-0.245863908354393,0.416875982849623,-0.104297007889293,0.334930800929699,0.176268372482474,0.205018357972204,0.0633782635838954,0.119479881429208,0.485595817533312,0.18722115223134,-0.00455456218167408,0.258921322678589,-0.0494206747621485,-0.235002381657976,-0.25496707019655,-0.157941888442842,0.299389061242927,0.582768576283146,0.158752203472372,0.000757744905551962,-0.229166022346776,-0.320647939798534,0.0828908700085016,0.168567712223587,0.130578621818034,0.123760228449419,-0.0967106432279577,-0.188748983874321,-0.235295674355529,0.19717363485651,-0.0846336421670014,-0.144562699031414,-0.0439197223362437,-0.177117716075506,0.2614052870446,0.131555204442259,0.267085745497442,0.307970483981217,0.223806307416874,0.0380356165007678,-0.246056246779659,0.280124045719843,-0.189481379944652,-0.176926765729312,0.0762828671350148,-0.294439923822349,0.128979302435664,-0.169861787397095,0.00650341462574794,0.186912066817899,0.105205927276673,-0.0193013823210483,-0.237215393849638,-0.241650269028035,0.118233024822226,-0.286624982652477,0.459145886217307,0.209005747365725,-0.0363004497086554,0.000700888624467506,0.064435983741407,0.0597747588777852,0.0558852818861437,0.171350241407397,-0.204022316532161,-0.187566029253154,0.363177999307454,0.536981545214564
-0.233490445153259,-0.0843297991828852,0.03287442559692,0.000561926070739566,-0.184498086517773,-0.189906397609149,-0.391781740970996,-0.136140813814707,-0.456748830918999,-0.502504485445424,-0.0528104328309825,0.526807904866632,0.726895652852924,0.66829510304265,0.769496637400349,-0.300496991660857,0.789032947415099,0.334822845564544,0.828069173936318,0.100583654924153,0,0.661764214518309,0.486779482346056,0.443529975457451,-0.383691688257507,0.533651550664653,0.449357453128275,0.613502409665572,0.630054017929232,0.450910186488405,-0.241366067448587,-0.531735699549461,-0.483701780032031,0.357564025436253,0.483285728412586,-0.242226466263551,0.105790091870309,-0.476777813884479,-0.363667297671525,-0.452648575769556,-0.207914563776103,0.277165297528704,0.505290787415912,0.309159729089052,0.481463189661255,0.297094048765216,0.230353233715523,0.299339270314035,-0.177933653385344,0.0143832703840335,-0.344345398379297,-0.0792593279403236,-0.181760557651736,0.0618896755875741,-0.297337173346515,-0.240531593421822,-0.270533068702113,-0.280336920598834,-0.500349900882527,-0.323864050244529,0.0506875154897863,0.500388604876083,0.603733437558879,0.626367333202913,0.761703489767492,0.64823186890455,-0.418475379002874,0.672747414883085,0.518342599806925,-0.005671166413317,0.765826379162706,0.641750251693559,0.514084997978202,-0.0186797010803933,0.152030548343236,0.153438454079884,0.709508772931449,0.329806956957327,-0.315290769099861,-0.504699802277575,0.38347879402071,-0.172376991191929,0.326269277567103,0.468386139704378,0.441356021068292,0.349900141564395,-0.00546820755636441,0.269868457152338,-0.206577908265865,-0.274547091567688,-0.549677857966611,-0.220760662591112,-0.30743808554071,-0.199414193687379,0.287135066254795,0.33483675637553,0.361760422660575,0.284135940749433,-0.200576513869388,-0.0938659841272548
