0,0.279116719393404,0.41314692804504,-0.202733869082912,-0.035196897235032,0.230010164370637,0.0948284008806975,-0.0567941785693142,0.0145322282676689,0.0901616613453907,-0.100650149183164,0.0338009724894134,-0.347678105689604,-0.149177310146255,-0.189203268189461,0.290267825251525,-0.197179264915994,-0.291883209295147,-0.203652782023609,-0.170348765948704,-0.188309525032687,-0.0970023406287858,-0.0910825995990585,-0.264840980239553,0.366975876715098,-0.0633154772825752,-0.0793430111977165,-0.205384412841666,-0.218404489493084,-0.126005189133327,-0.131146862767755,0.015404353866175,0.0130830560035015,-0.277950112580471,-0.217979468317193,-0.0158442454108064,-0.0884315178227413,0.308131427566369,0.0154046025395986,0.070127229490588,0.0542575796368239,0.411958931565964,0.0785210041190126,0.126306703285848,-0.177972926620961,-0.107331269167288,0.0277187516186477,0.0862439437134454,0.383730691511896,0.0991013259514375,0.719116975826826,0.38859931497093,-0.0713966685890695,-0.234666250178244,0.244235275336693,0.352295787669784,-0.0963061197033628,-0.0608662227909143,0.034218273665755,0.0934645939145844,0.0314270194088091,-0.372250903961658,-0.240526289542455,-0.191860917778005,-0.15566191000739,-0.209796729074404,0.0241772647679061,-0.330469045748423,-0.337243422498998,-0.368328325411588,-0.150878210233257,-0.302290208553153,-0.147895529268362,-0.0259146051077422,-0.255561073592562,0.158771850980052,-0.189998403853316,-0.0891888248853109,0.00644304149666187,-0.0123726473696045,-0.409367285131925,-0.288304213495463,-0.0155609799351833,-0.2391236948612,-0.067177348028265,-0.186946353729596,-0.157012442976395,-0.21860881131241,-0.153639087746492,-0.225450235143787,0.208109025002396,0.289216822465927,0.0830851123521873,0.376089169931925,0.0850680961074839,0.210523840671634,-0.0830095609817563,-0.102588510652364,0.418506062656277,0.0824616373387997
0.279116719393404,0,0.610557413151391,0.369013716056998,0.564638109986914,0.418263843547717,0.346832659934175,0.449765313467761,0.323356687257284,0.133650891700454,0.0898028175371334,0.0328541586977829,0.0260900147120839,-0.0105006941347525,-0.0944218391266079,0.510496857065395,0.0494081739362361,-0.000234616269326501,0.0417671552539688,-0.0688933324619425,-0.0828250835658375,0.00185885552042447,-0.0796314083649254,-0.0752699604767267,0.292038155515553,-0.0417575242382072,-0.157665416376732,-0.123749900076809,-0.0822237342323022,-0.16602958258124,0.0719439613429676,-0.0123377865641163,-0.0346667365688069,0.0150280032169375,-0.0194896570368969,-0.0509791243086722,-0.0944529388904853,0.115701812743759,0.142359240939644,0.0624662728977864,-0.131771073774301,0.223568229143045,0.0441064120411319,0.0214501958159028,0.0738411960815368,-0.238364916916471,-0.0935832244951145,-0.134489610361138,-0.00730795524646593,-0.0593645757755263,0.408064574280103,0.725985322010701,0.364024184303373,0.136364578904335,0.594247526239486,0.453005460782821,0.233883623579812,0.329486171916825,0.225175919325835,0.0938702056010979,0.155734005666883,0.019360081432699,-0.147541144801578,-0.0193410528635076,-0.115022761063815,-0.0890340554132709,0.0640450617949503,-0.0213258293181125,-0.0338794511643189,-0.0738155620871445,0.00135798030085687,-0.0465854130122665,-0.21599106401545,0.192199717888932,0.0666263146151343,0.146923155502486,0.00741843913065058,-0.0397783333252973,-0.0744302128148718,-0.0841000598154725,-0.175604310008919,-0.247195171176726,0.0616228052009251,-0.0104854376056443,-0.228335397514183,-0.156302325520367,-0.0650867970234081,-0.220659539065923,-0.0797845065827112,-0.188845311507879,0.114589525789782,0.290831097892409,0.221719538776235,0.263803141480111,0.152274500244828,-0.042700797074415,-0.254586847092687,-0.221463744412027,0.0379123308341246,0.00981163983190594
0.41314692804504,0.610557413151391,0,0.174630317986537,0.489724877705327,0.683035952031933,0.330049387545341,0.449376467605902,0.443418265385454,0.257141006609775,0.18516740214722,0.220445334815443,0.111465301575566,-0.0262092746280552,-0.066490192596548,0.307409093858334,0.0925059649706462,0.123872701597022,0.0948283404046838,0.0354062036990051,0.0199531269279013,-0.00228836253019092,-0.0150649246656236,-0.0522868657430016,0.434784414857912,0.0905684124008921,-0.145049505007346,-0.0329019266345481,0.0559935577217497,-0.129627976651873,-0.0999157387753039,-0.0819591930430421,-0.316953859761375,0.141277348746995,0.0494803187723372,0.0567519389864819,-0.0632424190509805,-0.0371816597115544,0.120830401147333,0.142976311895367,-0.170464639969646,0.407987797793604,0.0908374179456147,0.00666438930023817,0.0505257802079707,-0.219847903499525,-0.0555220301213814,-0.123607378466719,0.321226753996975,0.0755119592246362,0.342139443488674,0.595545072988211,0.083269567955919,0.00300945196364232,0.716349321382206,0.776097431772261,0.235278134786101,0.428045782470937,0.332765159392396,0.269396285642375,0.315583294229286,0.116641341345466,-0.049783070939303,-0.069410034053571,-0.112741036183318,-0.128655330618075,0.0721231321458261,0.099579340611657,0.110763961681723,-0.0200577230322791,0.0534665309060907,0.0654336271825826,-0.126927822378433,0.242736690835575,0.206941120541728,0.372651717796945,0.147885279748335,0.0681357800226246,-0.239804328356363,-0.175056153425135,-0.118765101820263,-0.287006079642539,0.0322825680285322,0.0325835574835167,-0.183749993796671,-0.137630952543866,0.0209576924169001,-0.063341066319022,0.134688951194181,-0.126029787842364,-0.136064772925059,0.142496742858637,0.30270590873059,0.338340765920669,0.228032284530639,-0.0731925074365198,-0.214464976132001,-0.15895843396131,0.352859498163129,0.131830525652602
-0.202733869082912,0.369013716056998,0.174630317986537,0,0.543119293284004,0.154167077354415,0.356074591904495,0.528753325074568,0.35171273064553,0.092248850224283,0.0764060301602077,0.0490278544138552,0.154642016606962,0.191670901615061,0.131268135746287,0.228524727950365,0.0376443238881544,0.183112951675182,0.214008347459396,0.0543034047861722,0.197701781159886,-0.151372871296614,0.0384182144565649,0.0837948909520714,0.0234378844638843,-0.0541169746522318,-0.242252223119253,-0.1157105996413,0.0958768230316541,0.0589797710058176,0.240053489808105,0.18738126051368,0.20330026865,0.0363900184208118,0.00582263331956812,0.0103449359524884,-0.00352393732361042,-0.0961036189070751,0.0748157837428319,-0.000108232847655773,-0.237524900706622,-0.0836420961221049,-0.154092176329835,-0.00986415963995922,0.327692319737664,-0.251966392810114,-0.0562535741770188,-0.240314265537527,-0.188592997643907,-0.12063038467141,-0.0974825435540316,0.207805220596377,0.495473352592142,0.564556724484079,0.218635973930371,0.0849794835711111,0.348376172053394,0.357577413704393,0.157342274483522,0.149474505971625,0.145335286429439,0.242733395052197,0.127261774423322,0.203230137332605,0.13213179908368,0.13351367088269,0.143353676258702,0.167734483908935,0.155313169561403,0.177862053409372,0.220214398592815,0.108755673113895,-0.0140451205448603,0.14822705939559,0.289113185717067,0.106647810144501,0.218436194791895,0.125143539666319,0.0228756588669518,0.150245643286031,0.0656342107030053,-0.13108060535004,0.131436682638854,0.0737014378677919,-0.282432668869983,0.0597254455634528,0.098760285047546,-0.123918536227757,0.0526684393044252,0.0106239042487074,-0.0282730897542486,-0.0964215497974188,0.0480512986682065,-0.0411235180056749,-0.0281662800212958,-0.125282481338325,-0.289247551640394,-0.136132827119536,-0.164206370537863,-0.0249494827435683
-0.035196897235032,0.564638109986914,0.489724877705327,0.543119293284004,0,0.577154177332769,0.380454588111432,0.530600186819809,0.428244243928854,0.205486750081061,0.1505954825878,-0.0329375668912972,0.251785694682463,0.00162322996964251,-0.0881705195786762,0.340611375429551,0.115514964388743,0.15133921538642,0.157123234992722,-0.00409818742127042,0.0215547529701785,-0.0377110134644889,-0.13451361878045,0.0809559852293344,0.183927421268355,-0.148043339049142,-0.250654372676948,-0.0459539383885761,0.0655893641427869,-0.130756487877079,0.148260466518599,0.0158522778943304,0.00960329493969391,0.110166427798597,0.0443841509449142,0.00786837223609026,-0.0671567545335348,-0.102608813580801,0.137500577113766,0.145485791183877,-0.25864552806335,0.0497761579014568,-0.0748189484476703,-0.0759012268422357,0.1474048818739,-0.315083565318813,-0.105244054394844,-0.283182338042841,0.0475665790941236,-0.0975547977036436,0.0749646334467741,0.455326648498016,0.386942015272824,0.385394619287254,0.623364327628391,0.431251356001873,0.401143482134017,0.424282967017176,0.343674575614953,0.0123865302815363,0.203801058025397,0.298692615647556,0.0955044004945301,0.00192841065906924,-0.0814451805017383,-0.0804469913586757,0.209128251852127,0.177457383673937,0.143900158882596,0.121000204000687,0.0650902730866184,0.13066393010524,-0.18018042123712,0.295257312368849,0.275136644283025,0.130594864454083,0.219534467208004,0.0494521685363999,-0.0586595030711653,-0.0781081742452051,0.0363163343001045,-0.18774525398339,0.0735361149206056,0.151674006498745,-0.220226293800384,-0.00303781807631543,0.0663235786042736,-0.104052140922354,0.0514467119688312,-0.108190835070549,-0.0243661374534242,0.0110979969690566,0.247580638547667,0.127313147139464,0.141913161290823,-0.13271443297597,-0.294208411426787,-0.165943183043725,0.0771974183632003,-0.0245042719271194
0.230010164370637,0.418263843547717,0.683035952031933,0.154167077354415,0.577154177332769,0,0.436239391016895,0.524447423886254,0.590968998930573,0.447372777524928,0.232215626531238,0.235361899710941,0.198133545094831,-0.102891941977549,-0.105055913723877,0.192379704085011,0.0786199227297773,0.121197398482874,0.0249301342424164,-0.0275836479682073,-0.0253985341830647,-0.0965087998505883,-0.126671454801847,0.0554010436744868,0.410044124932926,0.0801180584366897,-0.23057893824153,-0.0550360610820896,0.0180319845159587,-0.166268659493917,-0.129858208494447,-0.131706803656583,-0.353115568937085,0.120455342001907,0.0638591323752196,0.157454209821345,-0.0641034536333646,-0.127820323739416,0.194589571777575,0.326857139186611,-0.165191492617251,0.349976194377478,0.0552012778771884,-0.0587975360313409,0.0428781867488532,-0.308028588986779,-0.139622450746745,-0.242478676833475,0.429571485409135,0.0270399238815082,0.202592835656367,0.36071427956654,0.00330807171993493,0.0244287098580584,0.82174767971452,0.797036528286727,0.400877251715278,0.557740723017019,0.519180850651787,0.244322377506281,0.391668120714932,0.194599660690874,0.0251318481638882,-0.0777340425029077,-0.140272481517103,-0.149382042523914,0.20082967901596,0.108071603496473,0.113407244132988,0.0424101580747429,0.0280275659795999,0.0495345021386821,-0.149369644335243,0.401539353545471,0.275297830607424,0.442104983545528,0.163657735209059,0.0359499683897317,-0.240623867333651,-0.235777100733456,-0.0428195168723293,-0.207815956141356,0.0146188779456377,0.0735907689670228,-0.191458523282892,-0.128508129914436,0.0357035810207204,-0.0432206698788925,0.130713339494061,-0.0565844209506399,-0.237886797894415,-0.0150381721213186,0.3256703883666,0.270698663456273,0.262588634078076,-0.0970058431364922,-0.264187216656542,-0.18493105611519,0.47993102755699,0.110247232250879
0.0948284008806975,0.346832659934175,0.330049387545341,0.356074591904495,0.380454588111432,0.436239391016895,0,0.630867027795356,0.494139184333208,0.38986868697246,0.105256682087988,0.198241804137585,0.019275983037671,-0.0866765099037378,-0.0595334925793562,0.287906891957056,0.183942317445731,0.110612726664522,0.0482854837920403,-0.0118101810972689,0.0370150339753326,0.0901891833700453,-0.024055239384937,0.333456861314099,0.250017163395191,0.11624826614357,-0.00757405105946249,-0.0560904920121927,0.043692341807026,-0.128330417596837,0.0346361121707596,-0.0176095577102554,-0.112439206301403,0.0796709515137601,0.12746209845032,0.0779834857749622,-0.0974938059069829,-0.00662129170071726,0.326736595259368,0.59890942233344,0.179878485797573,0.303887038976164,0.306691119612731,0.182347932406256,0.323897887015526,-0.0262852531545312,-0.00832511225205768,-0.0447494333746735,0.0668981829023907,-0.03442970563944,0.128357791759462,0.21477086749377,0.140781148345898,0.148142389642258,0.489983567451588,0.34900909163372,0.516323875200241,0.466384309100403,0.220483076344972,0.18342565514254,0.192355327985476,0.0285338885997761,-0.144430590336405,-0.13292210640491,-0.178073679817329,-0.0802361935314816,0.521770510920102,-0.0761279233957894,-0.0364536197173203,0.0470861420756201,0.1001663241121,0.0899994416814098,-0.134011045269692,0.477383277251756,0.170994480072248,0.227647691110687,0.0880514519497032,-0.0289802507340684,-0.0533579275714108,-0.168218746187485,-0.0676935980272842,-0.152855153980631,0.256370600914122,0.153419756534632,0.0228907144101386,-0.168741469738003,-0.0456467061969048,-0.0119021744185818,0.0376520087342455,0.193237356946021,-0.132744305226014,-0.111378057707452,0.386870045913119,0.203378443405865,0.341290349539953,0.135216490425595,-0.0674970999744219,-0.157486738087947,0.168576666198096,0.0459528161314675
-0.0567941785693142,0.449765313467761,0.449376467605902,0.528753325074568,0.530600186819809,0.524447423886254,0.630867027795356,0,0.784641619386703,0.408950390723832,0.294028847650621,0.270366511005305,0.213123593722774,0.0830178165601632,0.0573800523992508,0.156637995209171,0.167753597996336,0.338911229444015,0.174249144838239,0.0211859564200451,0.129953679655349,-0.031109829936396,0.0270245214030153,0.214225166979806,0.127893486051569,0.0992700980841294,-0.0905139393361669,0.00247122188914858,0.053641527754978,-0.0517424554306248,0.0671617186701043,-0.133775960343213,-0.224612834267116,0.185427988643676,0.184475609822199,0.250190005318966,0.0392806926540249,-0.223431273280875,0.209677603329985,0.312033239822904,-0.0203975695873073,0.147985120872095,0.0952475333998849,0.0896310382167093,0.350740679971234,-0.189980361769859,-0.0967080623287657,-0.190511866919342,0.0392406500138205,0.0396441418253493,0.0117283767120978,0.259212649047218,0.199061777718716,0.25873529991095,0.579423206366797,0.476840634510678,0.618603202828155,0.776965774696838,0.343337725490725,0.302724700219952,0.310421376740721,0.238365738859919,0.00261015490992959,0.0680886481690663,-0.00889463831623207,0.0322193716375058,0.378797289825074,0.159018179477807,0.165989804622303,0.291271133251929,0.206580104491989,0.168290192810783,-0.0584142309610018,0.414114903074409,0.368182723398084,0.242483651923973,0.164222484881537,0.0926921063834862,-0.116828839945209,-0.244575657356126,0.0761628206056441,-0.0483950574117541,0.211595134186377,0.183612074188405,-0.0941300315566203,-0.066342152132377,0.126147385224319,0.0179748268978205,0.222456597384257,0.210549810610784,-0.238893764393691,-0.113960021265588,0.246556682638336,0.116957455257308,0.135347414811431,-0.0243053432168186,-0.233718897954888,-0.137118559003424,0.133248561563562,0.129461787224387
0.0145322282676689,0.323356687257284,0.443418265385454,0.35171273064553,0.428244243928854,0.590968998930573,0.494139184333208,0.784641619386703,0,0.441695560965308,0.249067384960516,0.316235190253635,0.201459391446562,0.0389572162226429,0.0457424089379512,0.0621216266809094,0.133370540240334,0.373869676182598,0.122612181057283,0.0356404803790105,0.0505521145564491,-0.0789797765359763,0.0159391141740317,0.145342537958123,0.159847470703844,0.101986813519201,-0.0825241512494388,0.00987946550387151,0.0544949199477034,-0.050387237413446,-0.000872912644772915,-0.179493251804285,-0.296449071200769,0.238824340062195,0.146088187436419,0.398624599217665,0.077042262852533,-0.248499136280884,0.107966593743656,0.272640794841568,0.000818261045593812,0.144629688618075,0.0839560625923713,0.0562592148976376,0.246159566141929,-0.153454011155338,-0.0869308853030265,-0.172016853739704,0.203678668613921,0.129529179322157,0.0197739380898661,0.169657588532206,0.0459874186759056,0.192383281991467,0.59191260051287,0.542331562614938,0.597767312051076,0.845551441813123,0.378401308214465,0.366869744820762,0.397913443956412,0.232553094304276,0.0612357377614285,0.0580339189054649,-0.0263936120783757,-0.0304465933760516,0.346717472979817,0.19357024559054,0.211004254405854,0.280628949010974,0.0931120040125694,0.178121544241862,0.00057847091355768,0.422484986199913,0.35675046942032,0.342046875259302,0.166788570617134,0.113722765702112,-0.118411195571513,-0.24360455932421,0.147977245375575,0.0215298463611507,0.132232620754934,0.164240836783234,-0.0676158812049277,-0.00627195445994738,0.140661670345449,0.0434614359198885,0.331983515125587,0.30713201608647,-0.242673150706502,-0.126487657819474,0.148254061583161,0.090520111339485,0.169221058621567,-0.0733684597988301,-0.184388328540899,-0.0771172682895411,0.302253137480689,0.211316952185716
0.0901616613453907,0.133650891700454,0.257141006609775,0.092248850224283,0.205486750081061,0.447372777524928,0.38986868697246,0.408950390723832,0.441695560965308,0,0.497684308421203,0.566120958849876,0.264512438975663,-0.0046428217486813,-0.0287579218407818,0.0111000856029347,0.154446829702961,-0.0113954737386021,0.0546560643873587,-0.157183157933952,-0.0791333009470685,0.00982237449014962,-0.0567145177180909,0.20260046139946,0.516779472620781,0.421889011802514,-0.16183631304801,0.117137460941451,-0.0256162871725436,0.029591536299602,-0.0950695595114833,0.0556746542027944,-0.25830889633897,0.0909085513738268,0.216375113769324,0.115670341830819,-0.0134350516382518,-0.0358789911611893,0.267755528109856,0.389878649809421,-0.0577718606068382,0.328934296011235,0.283380118609523,-0.0285029954600984,0.179881954173477,-0.146674496697174,-0.108738875280247,-0.148188015623973,0.21724143233814,-0.0291326876946131,0.0395792477193194,0.0643967911254708,-0.117423890852657,-0.0101354784253453,0.447021398434916,0.4217384025411,0.296895543028358,0.442778631559966,0.684131106002979,0.566532162183551,0.600676573110498,0.188859930059048,0.050012690788783,-0.0840610524694103,-0.0974937964147308,-0.0318219585996146,0.260897167857538,0.0542470580857705,-0.0455088079953567,-0.0899876697085134,-0.0787089513441225,0.0578633512958579,-0.127465484965919,0.491336443134409,0.357628843654873,0.609592142886717,0.0892343748144246,0.065924439415553,-0.238619847583561,-0.112690726218426,-0.0762906703827098,-0.141123989678627,0.0737122763148511,0.166333968388815,-0.121081576897207,-0.139971270765719,0.0874264880126355,0.131407936738305,0.0636815984806002,0.144693882903887,-0.242214643703043,0.00874836486533027,0.338042892894345,0.151780240432984,0.228544584643084,-0.0787755805027437,-0.160729900428156,-0.155798725874316,0.333708844157716,0.0399042194390028
-0.100650149183164,0.0898028175371334,0.18516740214722,0.0764060301602077,0.1505954825878,0.232215626531238,0.105256682087988,0.294028847650621,0.249067384960516,0.497684308421203,0,0.567559915931533,0.415383886435354,0.0965337714243417,0.0642596363640163,-0.076078575134649,0.23322048565543,0.0355753205540328,0.238164611234508,-0.0237971792614571,0.0263112692321717,0.255890416269149,0.0592629026197661,0.252960526400946,0.238990667831773,0.512721170104495,-0.0955191148826525,0.267923953552071,0.136776421288062,0.102253315600619,-0.194871992851938,0.0778496158303344,-0.268346674428243,0.151713225815389,0.376302969851092,-0.0164421120213204,0.0632894452800644,-0.0855737907563961,0.170951257317981,0.112596911084619,-0.0853137121586833,0.180169285585531,0.0785858655546015,-0.027466615105738,0.0777837972021304,-0.0558075670955712,-0.0198490466463339,-0.116907884258798,0.109196290964574,0.128106145016657,-0.0503338774231695,0.112593178291357,-0.0821872276432439,-0.00216228259163031,0.216699348112792,0.316191944874455,0.137526240830044,0.325161019116891,0.465678048449673,0.547410500519652,0.373059754996498,0.339538325655984,0.1142122936109,0.00411825675053656,0.00443304574908981,0.0676739016140013,0.100245936665822,0.242205206384505,0.0890292514858231,-0.0839309974243895,0.019722134904346,0.225967327473163,-0.0473939658471248,0.223149434540614,0.43800506154367,0.339761681612417,0.190787181136826,0.185915284700598,-0.388606381046155,-0.0415119567606249,0.0203693309442441,-0.196332263980218,-0.172910688447107,0.237125481093577,-0.14628251830953,-0.115815465964907,0.181792833537022,0.1561104249393,0.159712832989969,0.101548682833871,-0.276649377711728,-0.00794811911856383,0.219768579970993,0.0329241123201348,-0.0897304814011388,-0.112557707077065,-0.119624686418981,-0.117661367241583,0.131144949605973,0.172440600683736
0.0338009724894134,0.0328541586977829,0.220445334815443,0.0490278544138552,-0.0329375668912972,0.235361899710941,0.198241804137585,0.270366511005305,0.316235190253635,0.566120958849876,0.567559915931533,0,0.302427426242753,0.117479518441549,0.116698266853735,-0.0636082191493064,0.311612707407654,0.0983159147376225,0.211817954954386,-0.053395292489211,0.11609224865722,0.157909392944671,0.201968851178472,0.323533145193809,0.311817767429162,0.705360193139681,-0.0559956830397629,0.219815680154314,0.126677543846703,0.187026756675393,-0.187476164071316,0.0532690817965882,-0.307351850287298,0.16614615947936,0.338227792106757,0.0304971987338026,-0.0451509796377517,-0.207496012277253,0.0267897473692851,0.161910772079818,-0.0200438439337601,0.182185702830114,0.201571586434758,-0.0494821670452906,0.0946419812089219,0.00365404685718998,-0.114900690982421,-0.0200707093732751,0.282086081522182,0.0238779187901435,-0.055738949686661,-0.0135522481060372,-0.186160662010628,-0.0434624853302008,0.205824225727301,0.338296869868136,0.135083071029128,0.311712793430598,0.405976465856019,0.751776367393876,0.598402812101369,0.311548418607149,0.151588239863024,0.0563186298323076,0.0508995081418111,0.0559281358496394,0.0822710020884929,0.242772044690425,0.092935635148922,-0.106104476758971,0.062958779031564,0.284407574562496,0.130030346693381,0.229758431955362,0.540453197184121,0.559461397078907,0.182350240931586,0.267608877834815,-0.313936742907793,-0.0294519417309719,0.0369425706982733,-0.211808857426375,-0.142962237945713,0.254812321731497,-0.0282773540872073,-0.0980451247895412,0.036119188487103,0.285447626153731,0.134492180670597,0.172475531256889,-0.307585268779037,-0.0930307643201702,0.056055481744422,-0.0890951283024868,0.0307650086345466,-0.149493545817132,-0.102792459936424,-0.0631721617362841,0.260583998862481,0.0581522627366159
-0.347678105689604,0.0260900147120839,0.111465301575566,0.154642016606962,0.251785694682463,0.198133545094831,0.019275983037671,0.213123593722774,0.201459391446562,0.264512438975663,0.415383886435354,0.302427426242753,0,0.246283364730949,0.211550754819446,-0.225414345769888,0.414587656491534,0.355863024037125,0.412065879879487,0.210132463102658,0.128877776903045,0.32038515238056,0.122287631586893,0.279117715049128,0.0668206232348669,0.212428296014968,0.132717157925679,0.37433485321671,0.38657010209879,0.21723491090509,0.0726074827944605,0.0927380210055642,-0.111499171815707,0.448195868608859,0.46648773928676,0.107273001118798,0.129959352877101,-0.238860594326411,-0.0585914439258821,-0.0425227088919658,-0.105585946630583,-0.142002314846433,-0.00229631488789169,-0.131903884623159,0.158604669723899,0.0471584757725782,0.063568615113753,-0.0636596119855607,-0.0642938301556492,0.0371079502125932,-0.325666056315845,-0.0583092986011443,-0.0622524987314453,0.149054434805932,0.148482839740243,0.140907076578811,0.0956866505628845,0.280770487093453,0.274203367057902,0.189605419948405,0.321707108179752,0.759458749383829,0.490836480390392,0.184652544445713,0.143817307239536,0.156798337018008,-0.0974633588073118,0.621175544250104,0.376187915086602,0.203021015887793,0.0297998573981202,0.463823878831735,0.0925810040814567,0.0998851094048025,0.490128065864331,0.14585859336332,0.420007104389361,0.312075093967547,-0.0718969514197862,-0.0643205256514484,0.269015334694722,0.0240287044648715,-0.0526885762479396,0.249268685997121,0.0014492314055134,0.201654964313332,0.300314957511434,0.341685177007664,0.309972971868909,0.101499839400341,-0.320334809707113,-0.193670611609458,-0.0116373723816952,-0.149691913724678,-0.106736388310587,-0.292792293432013,0.0240430096301904,0.0738262446704357,-0.0698487592836798,0.0290510453236844
-0.149177310146255,-0.0105006941347525,-0.0262092746280552,0.191670901615061,0.00162322996964251,-0.102891941977549,-0.0866765099037378,0.0830178165601632,0.0389572162226429,-0.0046428217486813,0.0965337714243417,0.117479518441549,0.246283364730949,0,0.691282670315968,-0.174711176899962,0.236226718958624,0.446643717195944,0.641001215238571,0.427278135391726,0.498140613419557,0.136165357221513,0.654874416904152,0.0436029891741135,-0.0787867251060701,0.0713949621064128,0.246674151731897,0.327582802284715,0.401781368393993,0.689917586659791,0.0842586177132732,0.0460870337482819,0.132972636803268,0.32884710469891,0.131818165432832,0.102623912281818,0.190458917466583,-0.110739977140132,-0.122881312547197,-0.253912975897486,0.0429958241371562,-0.179606566612808,-0.102044782461095,0.0884202547053598,0.0703576613059252,0.339671604694672,0.42086723284248,0.465930953306012,-0.0760950869340299,0.172350499232603,-0.197756699086576,-0.147180391686445,0.0663454727336564,0.202591398492966,-0.0725636202680749,-0.051804227767664,0.0184194340817081,0.0998682100021148,0.00663642919552928,0.169558309224967,0.0871056202132689,0.272449679556934,0.46922128274211,0.661080656735981,0.681564629549949,0.652502648540036,-0.103156154625236,0.439511648029731,0.391200502972431,0.321106623300854,0.345442582688277,0.274673281931104,0.606706255743271,-0.0820703359354982,0.211819660823462,-0.00179465087405756,0.34746430997959,0.632380374943699,-0.0149101363015696,0.104075172535914,0.255811389605729,0.141056156525175,-0.128225844612822,0.0971198410075934,0.0522132872968921,0.481457086707124,0.193782961759731,0.239066378755099,0.305712717984721,-0.00461176880076558,-0.0663187029074574,-0.0172538015117931,-0.168073083390393,-0.123774462393608,-0.171259670922833,-0.00177890943351545,0.295328578601324,0.495001447476133,-0.0505757815945349,0.150806276598671
-0.189203268189461,-0.0944218391266079,-0.066490192596548,0.131268135746287,-0.0881705195786762,-0.105055913723877,-0.0595334925793562,0.0573800523992508,0.0457424089379512,-0.0287579218407818,0.0642596363640163,0.116698266853735,0.211550754819446,0.691282670315968,0,-0.239796716628868,0.282684843683531,0.371503448543156,0.474033502105485,0.366993073870348,0.448085775668879,0.0997974144221882,0.615937684548162,0.0873657046599546,-0.0985735288158527,0.0624120793731491,0.300718510460175,0.400984458066771,0.350975436784384,0.677138304582022,0.0178491640067459,-0.048429488141606,0.0669502615335014,0.29852814302086,0.15652491727507,0.10900622674863,0.163010630095687,-0.158315474607847,-0.151142853355436,-0.190414344694679,0.0708837529221876,-0.171238172535005,-0.0866815581534418,0.116986031268809,0.0443471138626652,0.396565887211017,0.307669182997157,0.478988291602912,-0.147357520350443,0.12225427833501,-0.248938492788708,-0.223717127839195,-0.0595573328833834,0.116856861923169,-0.089426899595158,-0.0594080980634643,0.00195441579728952,0.112371088802678,-0.085113403183814,0.1302171939927,0.0172097832749139,0.285781872882066,0.481675125995041,0.65179953971691,0.655188572572803,0.825033451800288,-0.111085502851997,0.414369929700224,0.337906734190179,0.316191422990438,0.423087930219506,0.287679739621804,0.607105247983238,-0.129248978175359,0.219380444081591,-0.0102472083633065,0.339430660718262,0.668795024560911,-0.00564089736458436,0.0191756166008618,0.269382182322429,0.162929059111738,-0.11960686165747,0.0766267578874399,0.172261710759476,0.435028836984038,0.156000798101974,0.326961739475706,0.247967950312218,0.00988947180640209,-0.176339133214808,-0.0992346201740494,-0.214569088275095,-0.182834341061579,-0.144964216000908,-0.0358530512773722,0.334748906342206,0.519208031189719,-0.0975061316604451,0.0895786325817079
0.290267825251525,0.510496857065395,0.307409093858334,0.228524727950365,0.340611375429551,0.192379704085011,0.287906891957056,0.156637995209171,0.0621216266809094,0.0111000856029347,-0.076078575134649,-0.0636082191493064,-0.225414345769888,-0.174711176899962,-0.239796716628868,0,0.0237338837131193,-0.126423988278752,-0.13635558383423,-0.263858838661459,-0.048396831982437,-0.0747017111736376,-0.132261529759478,0.062436888013478,0.177653146868843,-0.0397954620866453,-0.28613357172574,-0.207376695892206,-0.132735134561251,-0.228387144769857,0.0242725773912914,0.0485261032015254,0.0741041627689663,-0.149593308612916,-0.0720661635621432,-0.257176148554042,-0.311117115711502,0.125697959122788,0.088032550877393,0.121633680478839,-0.18140276649194,0.0971210659255333,-0.00713700000116629,-0.0834097926867173,-0.0234645694133596,-0.323187490161281,-0.1772932082659,-0.152759081178534,-0.0378912095901181,-0.262351965202279,0.446831026317293,0.508089357538576,0.392095982549232,0.0289788922449847,0.317820675838038,0.205238981940057,0.1347056959812,0.0362420863459839,0.0429032091929615,-0.0856177824288707,0.00919364096651313,-0.16515659453938,-0.284798067417726,-0.232860386063241,-0.280516922244831,-0.20421166123608,0.0957926117628607,-0.257703190059396,-0.139045282225244,-0.0969735972942341,0.0681258637507627,-0.0559700280530203,-0.250822320961919,0.188931930394176,-0.0329187146222657,0.0733654729284376,-0.0852514654897238,-0.162074036331086,-0.0546043434900204,-0.0559335800671108,-0.11770340443595,-0.304933543922655,0.0319904326801709,0.107946010390974,-0.170874477407863,-0.224266712134983,-0.245385663742878,-0.208051949437516,-0.317894509776448,-0.208116040910199,0.118602605767387,0.187506183898036,0.175072262805859,0.225416303124586,0.163112296287749,-0.0671852310806214,-0.264561854488593,-0.241238855210685,-0.028850669934471,-0.185640161062604
-0.197179264915994,0.0494081739362361,0.0925059649706462,0.0376443238881544,0.115514964388743,0.0786199227297773,0.183942317445731,0.167753597996336,0.133370540240334,0.154446829702961,0.23322048565543,0.311612707407654,0.414587656491534,0.236226718958624,0.282684843683531,0.0237338837131193,0,0.343059699479743,0.449516557817906,0.164800235226614,0.124979950389733,0.409254206873547,0.196252050386144,0.583503862487029,0.11558558819664,0.238686641736036,0.343931408524907,0.497479023474895,0.332624326021456,0.192808837201135,0.119741176033575,-0.0368287298751647,-0.0471964767989799,0.526087181760863,0.401453431524669,0.0343389925512271,0.0839532491176028,-0.131666271593117,0.0638864612235738,0.0884944820328587,0.203473303062896,0.0160876314596707,0.217591860982275,0.045950913416914,0.192317693500992,0.292333545158223,-0.00397436224336021,0.158228211484799,-0.15197924916826,-0.0169315809026947,-0.146770951973498,-0.0303286442261973,-0.138404986916529,0.0216213853476773,0.148600013224155,0.101385985224925,0.145479641112525,0.235307931998537,0.0481589732401261,0.167547556099967,0.101932498641594,0.485070119077243,0.294261391415844,0.230987198915178,0.0910129410283083,0.25270435358857,0.0953785358586509,0.476052922946539,0.314395180738307,0.20035463571769,0.142136653727738,0.572519107550424,0.130740300525596,0.107933956099691,0.39004414790447,0.0816643283066947,0.377947680984477,0.354565968438199,0.0212625403134165,-0.128065571430938,0.346696235265138,0.0552160548574408,0.0416093496497799,0.337018532426085,0.364284349098168,0.137935293677019,0.164888280652527,0.497586509556065,0.207582637785566,0.182237452074984,-0.295319908391385,-0.120932390439837,0.069185509944435,0.0220815871265854,0.0791202290520444,-0.0832346892562574,0.221196902083175,0.178308814360309,-0.116708959819293,-0.0240888465937315
-0.291883209295147,-0.000234616269326501,0.123872701597022,0.183112951675182,0.15133921538642,0.121197398482874,0.110612726664522,0.338911229444015,0.373869676182598,-0.0113954737386021,0.0355753205540328,0.0983159147376225,0.355863024037125,0.446643717195944,0.371503448543156,-0.126423988278752,0.343059699479743,0,0.556611784825186,0.641745414412309,0.454183383885815,0.213705511525114,0.3933430360065,0.268146372797864,-0.164995218902535,0.0214193952733784,0.246459801334394,0.243580746288789,0.546109138762899,0.306549543747732,0.0777404604432271,-0.209782456942257,-0.13601575538899,0.726959899050144,0.342386577372383,0.362028324289105,0.267120274108061,-0.376973548048168,-0.132096428444269,-0.0461141630649882,0.0723306946749667,-0.243721906051,0.0247894469344502,0.0344900450795759,0.118966539020084,0.212051081106115,0.293985240765202,0.192282388690681,-0.00482843990225277,0.301764834726034,-0.33228068376264,-0.202640728580577,0.0134695818535836,0.165895933724775,0.094041534868024,0.0610174029122434,0.258477229706659,0.382397156129536,-0.00414647427762847,0.0360032483658321,0.127804021824149,0.389997712026283,0.334222243669653,0.438777546804748,0.406660271319428,0.276391535477194,0.0308141880479967,0.524495662533633,0.684729553772948,0.686633739085459,0.340527668424341,0.455650350956426,0.449981530727425,0.128079478070915,0.264471894361897,0.00440285287021618,0.503012805550402,0.383427818101732,-0.00836977934439056,-0.186361967011258,0.52505487661208,0.300783641580676,0.0135312666542385,0.302456978149795,0.138005353828787,0.492280254493186,0.299419566496019,0.211849814012778,0.62485730544454,0.240632648192449,-0.209105220818139,-0.241611391186531,-0.120320491143263,-0.143982967847172,0.0257095303439676,-0.0859090978862807,0.202555316568154,0.411424946326939,-0.0105340582937866,0.29717265090356
-0.203652782023609,0.0417671552539688,0.0948283404046838,0.214008347459396,0.157123234992722,0.0249301342424164,0.0482854837920403,0.174249144838239,0.122612181057283,0.0546560643873587,0.238164611234508,0.211817954954386,0.412065879879487,0.641001215238571,0.474033502105485,-0.13635558383423,0.449516557817906,0.556611784825186,0,0.504195351260639,0.416572996721376,0.279442419688477,0.377397944981628,0.290382238048602,-0.00641553991547335,0.149765100057769,0.294244894154767,0.427691098466291,0.59809620429285,0.412464030117094,0.122684683301017,0.0848021585951108,-0.0116976359333142,0.539891953184999,0.261387829317438,0.0684252182207451,0.171308885188065,-0.191402943204082,-0.070526533356999,-0.116512937602951,0.0150828030009745,-0.0760230709946322,-0.0237655177269671,0.0280574076888447,0.148354831323556,0.275684441970013,0.322521605341504,0.203332839290248,-0.0947207069318109,0.131082477866738,-0.246454751288629,-0.088557918169853,0.0578534329041559,0.240959371070331,0.0624174584043704,0.0505961729515546,0.0939177723856458,0.198955299991367,0.0774696335120132,0.220795236350886,0.142065529149786,0.470579669172908,0.510747803111335,0.494124212166418,0.463502702440159,0.412337417156696,0.0453748547277838,0.633894732101339,0.53214397489839,0.320821127482305,0.284666710871389,0.464031769475168,0.394662160653943,0.0699429723416929,0.376035628036278,0.0761787599178867,0.582466797714769,0.572095756384252,-0.061934445631858,0.0708929206394084,0.392846634457926,0.0764992405226193,-0.091649964029945,0.239715548960781,0.107140785965011,0.458098232834106,0.256029686966754,0.310793670478731,0.399106899986866,0.112499642799819,-0.139436788311304,-0.10710312703901,-0.0190641382620445,-0.0725468459077726,-0.0769457215112557,-0.105673190179971,0.251592867588396,0.387535306570401,-0.0795984016453549,0.128857062645329
-0.170348765948704,-0.0688933324619425,0.0354062036990051,0.0543034047861722,-0.00409818742127042,-0.0275836479682073,-0.0118101810972689,0.0211859564200451,0.0356404803790105,-0.157183157933952,-0.0237971792614571,-0.053395292489211,0.210132463102658,0.427278135391726,0.366993073870348,-0.263858838661459,0.164800235226614,0.641745414412309,0.504195351260639,0,0.396290559376677,0.257720662223978,0.334755423313771,0.101586073445217,-0.124426987589355,-0.069354569509386,0.327437765621458,0.245553707954427,0.607621250826397,0.299528581303046,-0.0150907006272029,-0.0464132766163504,0.0538532503618488,0.58882406536422,0.225330406329149,0.255181279176895,0.337436086521152,-0.123680501340494,-0.104257745454828,-0.0937945758158309,0.209182286663525,-0.186368831157462,-0.0412047366947228,0.0980775810824381,-0.0488713018496661,0.337426900968737,0.489342013153233,0.321006283579471,0.0336676987888602,0.443775014448555,-0.243645756637266,-0.185025229350572,-0.0549111390186968,0.129682204172698,-0.0607221758726071,-0.056483735809916,-0.00413901652269577,0.0750651279062708,-0.104423581410924,-0.0338798772983899,-0.056215434082381,0.23181083521366,0.323155399635318,0.418706243743927,0.451556303130896,0.279518747779113,-0.0385306519592735,0.427173923518747,0.577230164751167,0.40887724930937,0.288779917040859,0.267174563747115,0.39372042298194,-0.00440832293155058,0.0766542761876296,-0.142662759163272,0.498243861478077,0.361335297136861,-0.00216065982703223,0.0358140327777998,0.397763214559551,0.263068318596925,-0.0637185009087996,0.0893435746692959,0.156088459196914,0.528384948367477,0.309208282448467,0.120600993543909,0.622006049687131,0.18333122438482,0.0324322254882995,-0.0957008037921119,-0.111175472612074,-0.156921852312067,-0.0983089417061842,0.0645979817283869,0.315610780397399,0.459208757256324,0.0309773907947276,0.388289803463174
-0.188309525032687,-0.0828250835658375,0.0199531269279013,0.197701781159886,0.0215547529701785,-0.0253985341830647,0.0370150339753326,0.129953679655349,0.0505521145564491,-0.0791333009470685,0.0263112692321717,0.11609224865722,0.128877776903045,0.498140613419557,0.448085775668879,-0.048396831982437,0.124979950389733,0.454183383885815,0.416572996721376,0.396290559376677,0,0.0197282766479041,0.571371051685277,0.215728163814964,-0.0885488931009736,0.122708906640308,-0.00313406096824738,0.166475031738245,0.475514463096713,0.43772463924859,0.11192722372842,-0.0182747597016068,-0.0695989847365684,0.24282992423338,0.07081946231127,-0.0949106365062738,-0.0655941984648587,-0.249901667877295,-0.177790074831523,-0.0656611316133114,-0.162282221613546,-0.179912206862044,-0.212290868696652,-0.0776233413733337,0.149820834858519,0.0678143714481264,0.212371190590108,0.188837039432703,-0.0638483273606117,-0.0964540191630023,-0.196249157162098,-0.141599638254015,0.0402058117694194,0.0709738118465964,-0.013293602231558,-0.0172904587731401,0.0370547529848743,0.0775396248829975,-0.0746712194559196,0.0753160107934897,-0.00112881835627002,0.183124041174976,0.203062085655,0.401858913280522,0.541253514578197,0.43725560578501,-0.0580244033044875,0.288383671604237,0.41551920069801,0.463204585063342,0.732553948804656,0.251964333448881,0.497993901966611,0.00994453825551968,0.268364219374403,0.0465377870264892,0.431411209853873,0.452673075703321,-0.00395124630125665,-0.0418673215755883,0.299092429785604,0.0278610653915966,0.0125516691805493,0.101703981419101,-0.024715231027965,0.295964209081498,0.0538279721121998,0.213760559942347,0.171443869063922,-0.0429479981132707,-0.17294660240218,-0.15652116131792,-0.146805236449325,-0.187710173368356,-0.152683730677542,-0.103794803812572,0.066424515718222,0.302618329329947,-0.0913232474186531,-0.0847843939275193
