0,0.270087269637532,0.560072770231062,-0.19255147939506,0.199568953529733,0.326907881892059,0.273116682718539,0.21507162481972,0.14195107845061,-0.0833329409489753,0.158818718645643,0.108455119808655,0.0699447461555079,-0.223089347824745,-0.115116373048641,0.199205268126252,-0.0118646574099141,0.0147298056429151,-0.183788967248657,0.0886209024983716,-0.116660090485052,-0.0219055201178585,-0.216456422131278,0.0605790880386671,0.390920657176347,0.124396816614805,-0.0852163562409966,-0.0638009338714337,0.202925503977499,-0.267359909521879,-0.160281983536766,-0.0964692773661335,-0.276501377817289,0.0760990217401594,-0.0362677697958986,0.0415366030451945,-0.161682907261736,0.0141755163557931,-0.399833582940414,0.0305163769706617,0.00515094200721046,0.0982532029072117,-0.0683850231061381,-0.119930319124933,0.00725073579373316,-0.161445866470701,-0.264666063005972,-0.147717647808075,0.421417019036479,0.157314471170077,0.466790528066431,0.286841987039291,-0.253530026398524,-0.197925050881833,0.27601646606224,0.255987904854976,0.356254543979972,0.175562909291713,0.0356941763224354,0.251768093301167,0.126438761997216,0.0837748036766851,-0.0224880088855875,-0.167249009257317,-0.139364441614798,-0.129536646847356,0.29627702422952,-0.0274140856428082,0.157685539298623,0.117940254302067,0.115017772537807,0.100680840466426,-0.0538820081801782,0.0878508340111979,0.00629810575701876,0.317250572014731,0.217792771108692,-0.202086685699296,-0.058717398400418,-0.0746349200073908,0.192271000424974,0.243150031228525,0.102672204375768,0.0948506662722293,0.0110740163551852,-0.116302263419598,-0.0913359301929483,0.0961766857126136,0.223634009186318,0.18381487657464,-0.193575260765733,0.0843711917252655,-0.252684790234649,0.149061649800437,0.103385145106581,-0.124732339380127,-0.107131092332791,-0.0462779435751872,0.317092644773337,0.210839267378498
0.270087269637532,0,0.455831431444995,0.32592452154053,0.617102395420132,0.378309433330216,0.337972019836258,0.601166091688362,0.333580499546393,-0.0845527696303793,-0.0642310029457619,-0.063371487637142,0.00669693893361821,-0.100809338102291,-0.11847348991385,0.406212033782806,0.0838373464800268,0.237456885301466,-0.0618727103574124,0.00417620152845547,0.101747615795742,-0.0686521402813591,-0.0787224109216044,-0.0262654262404898,-0.0200455329446351,-0.0919403947229275,-0.0435226207928825,-0.114623521229386,0.0328905628543169,-0.137568205492389,-0.178658366557375,-0.199651199285976,-0.174656733975967,0.0298847713115972,-0.0802540191782301,-0.138573700824271,-0.0223940816836698,-0.0229251761378334,-0.121883026595734,0.0948680624588518,-0.0491299329872733,-0.00391668129075326,-0.128622424204899,-0.140440964248752,-0.171636736264605,-0.148665205154571,-0.115400976073472,-0.0959254206827087,0.239314325209557,-0.0409906680745483,0.324308281799789,0.700578195807835,0.179171366557869,0.248282760829983,0.486286477996932,0.365796673613528,0.499543116119337,0.449954330477438,-0.00419483589605878,-0.0814554303912753,-0.0371887691506446,-0.0249578228260253,-0.129295048880456,-0.093866449684023,-0.0802673709005337,-0.127248542763876,0.184544289296066,-0.025559579957008,-0.0357353334905145,0.185314693361734,0.136817338917807,-0.107532289765391,-0.121560165686433,0.112505766906164,-0.107434242607692,-0.0188670485712875,0.0803249772782709,-0.124445580208678,-0.0314547206040529,-0.238003335168655,-0.163155734535197,-0.111031155210069,-0.0922693002778984,-0.187200869434454,-0.050494005352977,-0.205982010641235,-0.162078858116576,-0.0563033185238037,-0.0784281853160918,-0.0274426232076633,-0.372917688316078,-0.0246020168185494,-0.104581642051601,-0.0712867737859525,-0.0658159232281589,-0.0662444967668479,-0.12853640530247,-0.105225673237289,0.221957137522021,-0.00998166755106118
0.560072770231062,0.455831431444995,0,-0.341183584115267,0.383575797444671,0.660146672042744,0.308028852558597,0.468903158043952,0.407491547475664,-0.104316852286991,0.18843847388557,0.13164584674362,0.232168363365635,-0.0624409133886787,-0.138404544454461,0.193145020449168,0.20795577664737,0.19553977483794,0.00274963307862176,0.0867561889403844,-0.0318239682642231,0.0538281757912962,-0.254325764917281,0.121535898160023,0.308625400320659,0.186768409027262,0.00137007000813075,-0.0339924085294105,0.314520016636943,-0.261617350085578,-0.249115175737713,-0.349026972152115,-0.466787144501719,0.201726370186764,0.0638225590475738,0.023819271721917,0.124852872650262,-0.0443591241242543,-0.262474233643109,0.0198568043360609,0.140819730965099,0.20618909040534,0.0885344410544511,0.0708751063715182,0.119946026118988,-0.0710188031014852,-0.198492947971622,-0.115977927218425,0.583416023104115,0.380492788219765,0.199273987373333,0.480067810285337,-0.297341370299621,-0.308902398676216,0.579840691031633,0.612717019987736,0.375953057562413,0.451299338774079,0.148392571076069,0.29127271538317,0.203881836585747,0.221388926325032,0.0118905158361654,-0.0536353557654291,-0.116664499003806,-0.179659044788012,0.275737502171856,0.206049954737703,0.234554966118728,0.231356555201578,0.145336467688268,0.163536527435827,-0.221158650015265,0.0285294887638521,0.0608370569175018,0.286973436261769,0.289956281670514,-0.195443119442079,-0.0993160979091721,-0.339799646814275,0.199066743461454,0.272449502637134,0.165886986283356,0.115276971924478,0.0480124312611593,-0.167109864545434,0.00832387978642803,0.124504413670039,0.159067028864393,0.232370681983018,-0.360711369708792,0.164720443278112,-0.170055006015769,0.208106618494361,0.191865328813184,-0.0414474089459464,-0.0264799535787832,-0.0467329957162458,0.463658988167143,0.366685126238982
-0.19255147939506,0.32592452154053,-0.341183584115267,0,0.27166264710982,-0.203816886521334,0.0798732800734396,0.112594039590897,-0.148216749593601,-0.117312208790186,-0.425944020734025,-0.24758721463541,-0.240749930377864,0.083905138654589,0.230110682527414,0.336887847281842,-0.0618206489171509,0.129429883256742,9.33241221005451e-06,0.0129743646885482,0.270498211395664,-0.167712813544525,0.336344861697615,-0.17685964227635,-0.400665627948789,-0.341825842703295,0.0902542806675388,0.0567970823983002,-0.214145374540726,0.292569843549286,0.109243818738435,0.290404941203078,0.46621240494081,-0.124373442747746,-0.138116027720606,-0.196648745227611,-0.0350379667028517,-0.120437995961238,0.0711451765995543,0.156225745341979,-0.315661777986401,-0.408016086138603,-0.335254154801263,-0.24258271638799,-0.446506262460614,0.0714583050761802,0.18884285594159,0.176511321757511,-0.326239810705342,-0.384358520364375,-0.0319689220166826,0.145299290370899,0.58321460508772,0.744264294649694,-0.136612158925942,-0.269393856305658,0.0882058132624808,-0.0533290402026865,-0.415523603926251,-0.379576738563038,-0.358755875736438,-0.225853303646907,0.059124281997721,0.190346358035312,0.300041720841296,0.277670535750625,-0.165957691177983,-0.142438340459725,-0.138458113075547,0.0783328448780372,0.162667548413129,-0.242318751054253,0.263557811426619,0.0134666481125755,-0.163981861819534,-0.436418996350611,-0.162002749022995,0.253528798590069,0.109979281051207,0.279626585865095,-0.292630842518527,-0.463954745410368,-0.387280538603282,-0.318078376530832,0.0549050670370551,0.117415785709294,-0.167897598375611,-0.105156429039258,-0.242165356160304,-0.394254659441332,0.122880880080364,-0.387544165969134,-0.0533677322543016,-0.418650385487818,-0.421201363445589,-0.085349982944093,0.060878830489898,0.142533202517013,-0.340350866761302,-0.400401989427477
0.199568953529733,0.617102395420132,0.383575797444671,0.27166264710982,0,0.494781987707063,0.24581752754883,0.53492441314239,0.416110355861909,-0.113996186380932,0.00360775697093303,0.0162973026976102,0.12966005739059,0.108153298306928,0.10243114112809,0.179519732947249,0.107668693404009,0.173779100099328,9.05151009422112e-05,-0.032284168351995,0.202597404239558,-0.033617152267748,-0.000789748155088177,0.00410145785221795,-0.0777618733247514,-0.0362890500482989,0.0720710927022249,0.046639090191457,0.240497602801262,-0.0055621722834985,-0.201881932520504,-0.189951988723288,-0.159864669109299,0.0533624316204534,-0.0167128452944807,-0.00989244057506925,0.240560739436905,-0.245192902456762,-0.115144427802705,0.0739397777406223,-0.0554955719596912,0.00037906533137824,-0.11009411235138,-0.111218401333451,-0.168619516957861,-0.0596266042849774,-0.00146038894965844,0.0317738257970619,0.350173826337094,0.0438944580320992,0.114645225503397,0.515560851081655,0.0742296058871479,0.196043270552676,0.611251872430531,0.364680802770662,0.417843974993279,0.494291866125297,-0.0535991503003103,0.00526411408599609,0.0128875176279003,0.0895100563001806,0.0821640788003944,0.0976980073250345,0.0764637064248718,0.0806430004605586,0.160184027503099,0.0600229450267498,0.0494180624777773,0.127814536303285,0.205136826635191,0.00356786790501049,-0.0169673132848754,0.121905644790985,-0.0585379784260887,-0.0257668641656142,0.284255902412199,0.0211005465940267,-0.160871542384063,-0.270992958066187,-0.00217322267962257,-0.0606549060116186,-0.120699825892074,-0.101510015538471,0.0701669115261822,-0.0510760326813414,0.0594676058598473,-0.0216325423394332,0.0304367934576817,-0.0547571148767403,-0.338128382289948,-0.204472072888692,-0.178267446763621,-0.0828662448418277,-0.0848012109506743,-0.113743105619058,-0.0269290325215995,0.0320697205217211,0.285558622086814,0.0917272905889799
0.326907881892059,0.378309433330216,0.660146672042744,-0.203816886521334,0.494781987707063,0,0.268352369875497,0.537587646946792,0.755568555912978,0.111669365569622,0.218804549989468,0.0656170182876431,0.0711333736625966,-0.125509396204907,-0.185345803020518,-0.0207772163755846,-0.0268409713673063,0.123839755810731,-0.100188276533152,0.0117087931491663,-0.0799877385597894,-0.185029820741267,-0.333221649176616,-0.04876558245,0.310987129091985,0.0188294888349353,-0.133155791304391,-0.136656863395877,0.22712251674513,-0.30278933515994,-0.170310162484377,-0.292959712916827,-0.40203734778211,-0.0010713933053842,-0.158133834206074,0.0885595461708487,0.223709610081658,0.0475384813829817,-0.132684038941921,-0.00490561852385391,0.119385303022841,0.161524651449394,-0.044303793394056,0.0714886526002532,0.0861612842153082,-0.253216883324167,-0.282856438534008,-0.245636277241202,0.686821171553845,0.378359360381872,0.130437086685592,0.500129369665537,-0.139429599113799,-0.118516664553318,0.73363799370179,0.790167670478169,0.401395943385367,0.709390105391615,0.255562524688184,0.249965031747179,0.196617063108434,0.107075171571543,-0.0364629273418281,-0.0581236234525367,-0.168232019578357,-0.211129444215262,0.246401608793311,0.0438721956361591,-0.0222849217942525,0.0921492678601856,0.0217253663815038,-0.0728250146286308,-0.299879464045044,0.125734918456393,-0.123580043808375,0.202346539189086,0.201032678767657,-0.288002095811554,-0.0825967598364563,-0.326824822140313,-0.000588234351162163,0.132938170871558,0.102604405010927,-0.0514461152042597,-0.107288688202572,-0.296798026812985,0.0195487873120097,-0.114732921609893,0.224729352033666,0.189628689257285,-0.359148345022135,0.184072135245778,-0.0424656903493632,0.145745464190179,0.0885333709609376,-0.0287224998083644,-0.221364636264699,-0.191042597265919,0.613226500227902,0.443876542205005
0.273116682718539,0.337972019836258,0.308028852558597,0.0798732800734396,0.24581752754883,0.268352369875497,0,0.365211428415621,0.215701772283986,0.250515285259152,0.10533109385101,0.0803860165537024,0.0691609034794265,-0.148573415125361,-0.202373031050671,0.473298385500542,0.0515090625416207,0.134628335654469,-0.126783905861053,0.131045673196021,-0.0652775165105404,-0.0330767308392394,-0.184487675894235,0.217504446908615,0.205354937972912,-0.0134740732542748,-0.0479525324176759,-0.111645181058511,0.1220049124777,-0.240367097113343,-0.130363223234373,-0.155204888487386,-0.210994113171103,0.0823506233143184,-0.124654557863936,-0.149886741566968,0.0103285682910552,0.152394499837046,0.146158179295713,0.643299797861324,0.0548358290454997,0.037684683619854,-0.0349962412698349,-0.0991100633524864,-0.0349885911159315,-0.115891986762417,-0.20521270499677,-0.177404160092492,0.21534301967309,0.142600889490081,0.213020009848566,0.302752961943226,0.238781964514432,0.0237657248861577,0.203360820344634,0.238283161804251,0.293025047426631,0.293965160149567,0.124071133971411,-0.0149780520001442,0.0516908695826494,0.0467001152327296,-0.118293188342782,-0.124778681890963,-0.14814209608677,-0.219321065723863,0.557879726208282,-0.0290325504992848,0.0349558808021678,0.0816412411697927,0.125979102866527,-0.00449998676755797,-0.108352275991886,0.549754541828916,-0.0268589271026402,0.00640227189789881,0.0525662521402493,-0.185878837637036,-0.0521230784195958,-0.160372371415689,0.0412619085644067,0.0169788802002225,0.00127165440114325,-0.129234955660227,-0.0763774459350583,-0.123257960576676,-0.121309683843714,-0.121367377264469,-0.013533370358778,0.277831578332387,-0.054514285872085,0.105565909771256,0.289011018879955,-0.0323167197403653,0.0243802503500239,-0.147645579999008,-0.0649814621540469,-0.125115141833945,0.180577815216382,0.153353665440896
0.21507162481972,0.601166091688362,0.468903158043952,0.112594039590897,0.53492441314239,0.537587646946792,0.365211428415621,0,0.584064863235423,-0.101219426752563,0.0923807048723555,-0.0594843631855412,0.114329995420327,0.00015672851710609,-0.0796666092880828,0.175937720479595,0.229122078782253,0.549699588764516,0.0434304308083448,0.109720759121886,0.220597715377143,0.0381503369134698,-0.107024745776416,0.08790568805507,0.0796054010881328,0.0206663205003033,0.0488591768175602,-0.0749273286141615,0.207883485122118,-0.184361197620321,-0.103726425509285,-0.306402988173984,-0.328566469675219,0.282526602234809,0.013714826611099,-0.0304786876925087,0.146236950788898,-0.0729827025171635,-0.134671994937117,0.100918808224389,0.0289835651975077,0.00454013492749282,-0.0936213858241521,-0.00726132784856771,-0.0809904849677254,-0.110592241501952,-0.175752550461246,-0.105292345725016,0.392029568708449,0.152744564038121,0.19653928321043,0.607601065613241,0.165885380220167,-0.00842478239278681,0.535541423653849,0.540698473487848,0.703428313563285,0.70899937455281,0.0206493218799343,0.0384532013435732,0.0185631160141906,0.0463294216567956,-0.132545598196951,-0.0608895719410615,-0.0264412530821755,-0.115807445197061,0.311759571278124,0.154352436718429,0.118073918032662,0.43818951061898,0.246889196918579,-0.0335886645177362,-0.176540055676195,0.195797371760123,0.0224925773345902,0.0426292374707349,0.223388580733997,-0.141633893428776,-0.0161850651932548,-0.340096516521783,-0.0843524266448838,-0.0912406525206663,0.0602847512576686,-0.0708539976210532,-0.0082819978562888,-0.238455241067932,-0.0998933732795131,-0.088665916179492,0.0852169816961008,0.0456849934904854,-0.401034630306977,-0.0122733459466671,-0.166649502067103,-0.030623922735713,0.0119899290655543,-0.125449591652098,-0.115948560780774,-0.0919768478033337,0.364961898378909,0.132582178092529
0.14195107845061,0.333580499546393,0.407491547475664,-0.148216749593601,0.416110355861909,0.755568555912978,0.215701772283986,0.584064863235423,0,0.176349244316272,0.242671733699517,-0.0329562398427882,0.0760550840503397,-0.132213952881892,-0.189056377170699,-0.190419673078718,-0.0966542468765426,0.119272230245916,-0.143372571153198,-0.0284317164733505,-0.0948590847739543,-0.13312920675004,-0.335615275038129,-0.109540608052444,0.198230581212601,-0.0426887770325366,-0.172272906384952,-0.211377882151983,0.217142121839995,-0.275228516540911,-0.0611353591968004,-0.386187590674253,-0.400504656184949,-0.0226390620010794,-0.160768187435063,0.122040347183077,0.184408814075679,0.0400523687931648,-0.0775751480967076,0.0117568222109799,0.164392661390982,0.211714129740643,1.84152940232762e-05,0.156942715075448,0.128813948938189,-0.272549496986258,-0.270845617574088,-0.23303369624478,0.537698243365823,0.328144217585513,0.0827918797580288,0.409573952416013,-0.0459799996226196,-0.0217944262783472,0.687892404309913,0.726871271268101,0.403382403004545,0.838250773052551,0.299744858286249,0.2042911733065,0.212199727597161,0.113501411954228,-0.0522045732130943,-0.0447722678072992,-0.152799726669201,-0.200413357292594,0.325849213931859,0.0498810774472518,-0.0896398362429797,0.090537161875569,0.00951215173711743,-0.111879219900145,-0.275919453923745,0.265951433818903,-0.109182505516343,0.181816355119216,0.210233061240956,-0.293770851426908,-0.0253134162396665,-0.425694241508708,-0.0647806332210859,0.166797985938086,0.133601964479567,-0.0292170863528567,-0.188781757360976,-0.276053344164461,0.0524686644769203,-0.167816120319506,0.309712517683028,0.28225066294459,-0.365953198121263,0.148643878678774,0.05217940420958,0.115610251568915,0.112536388034578,0.020093992119738,-0.250419255524176,-0.189911833210372,0.574822509908614,0.441677002021963
-0.0833329409489753,-0.0845527696303793,-0.104316852286991,-0.117312208790186,-0.113996186380932,0.111669365569622,0.250515285259152,-0.101219426752563,0.176349244316272,0,0.375377397383765,0.223697450370123,0.0621413016465714,-0.205934483976298,-0.300575565313402,0.0898487436906401,-0.317987511428621,-0.318897869412256,-0.382475717861182,-0.288570640204995,-0.443763328674314,-0.13820933918073,-0.328965030864065,0.152283640344653,0.518311056572421,-0.0539059793493305,-0.385087917569738,-0.184992313677562,-0.0886782919430687,-0.311508262481954,-0.0616119197698646,0.0738743595317726,-0.147788118062523,-0.260311193076753,-0.293147303950427,-0.274734959149416,-0.0703256819367948,0.501452783797339,0.301185762013029,0.278147893328157,0.0564004777389774,0.127869178158456,0.101240801513317,-0.101970177030076,0.0739438691566551,-0.38872260328021,-0.284440054109257,-0.433256286126552,-0.0566143492199202,-0.0265847071585646,0.10863448530368,0.0813569804764304,0.174627675364661,0.0308393315514851,0.0963896858424392,0.210258960766386,-0.000704522236171879,0.10609292451035,0.617856694423976,0.0972080324770603,0.288088749505828,0.0497251098741145,-0.1461577330417,-0.177067157701979,-0.33303308936894,-0.321627876850348,0.201620724085837,-0.275738361471462,-0.325210666303936,-0.416491192340282,-0.45205276421107,-0.177089647787672,-0.339015481325913,0.347085668801267,-0.171836078770969,0.14869724195481,-0.077983695039235,-0.300214851815923,0.000826635287661652,-0.0580436333862721,-0.13971129948355,-0.0283793680174694,0.081368260799355,-0.140348698182569,-0.365144400312949,-0.314238010250448,-0.0496993234269963,-0.344488757709512,-0.199093835817693,0.187736527508967,0.0208714354951381,0.414196889377637,0.518281252017862,0.0795252190795913,0.0971567651558186,-0.0967465517560199,-0.425850539675078,-0.423661863000303,0.166551997526194,0.133610430544962
0.158818718645643,-0.0642310029457619,0.18843847388557,-0.425944020734025,0.00360775697093303,0.218804549989468,0.10533109385101,0.0923807048723555,0.242671733699517,0.375377397383765,0,0.636501265754895,0.467901340970367,0.0312052167662113,-0.0687691726671111,-0.177910676028095,0.102436856106254,0.0409843990780367,-0.0406549284019789,-0.0130212755450598,-0.132742141518114,0.332313475314283,-0.281126713593448,0.449170871554596,0.549933150805683,0.551517580614695,-0.0321351361446358,0.0546479659865506,0.395695788916537,-0.295524653419634,-0.101259008871451,-0.391535932972468,-0.513533766738665,0.246956071657285,0.188867225608339,0.0795567197833658,0.235963123448613,0.0135851393443045,-0.0235985086877568,0.0318709318377682,0.427711260179667,0.492164224687637,0.508540055276549,0.279455557444403,0.394029611730945,-0.164067330786238,-0.181565732370368,-0.235201174238873,0.321100475123892,0.420029342257277,-0.00488812562662089,0.0985037982877811,-0.309150819968106,-0.376593495968915,0.253057461022151,0.315705152272249,0.146902057648403,0.255789793092246,0.587222450625305,0.671942452565009,0.660927963369274,0.388414955721305,0.12773066559811,0.00227281038273419,-0.104531181302178,-0.121046637650377,0.245867682284202,0.151312096829297,0.219364668292879,0.0751681199253852,-0.0529495651350186,0.267344938318258,-0.276472335411334,0.200167190956128,0.352327408104926,0.589543962138552,0.381526346977253,-0.195625029649279,-0.211289186375747,-0.462061608625343,0.363911798415873,0.448171179290522,0.494304658573049,0.366338740889449,-0.0424821109732062,-0.0931323583543469,0.339008618363777,0.0151627246307022,0.246819645466498,0.476702605510418,-0.253678415365442,0.206538820246508,0.0242895150186986,0.363613224360915,0.537018422324515,0.0935463706111978,-0.153703220610413,-0.188597017597914,0.374107206366915,0.500610306676219
0.108455119808655,-0.063371487637142,0.13164584674362,-0.24758721463541,0.0162973026976102,0.0656170182876431,0.0803860165537024,-0.0594843631855412,-0.0329562398427882,0.223697450370123,0.636501265754895,0,0.565562424774539,0.20005882545589,0.0804132816392199,-0.0841474308737439,0.347015015149667,0.134903118743132,0.218161432801154,0.12589298723602,-0.0169928054044813,0.428926147814165,-0.0474775188679895,0.626245423959518,0.383991033521431,0.705721162211889,0.2122826278359,0.271088606566446,0.401201563155378,-0.0587806101636267,-0.164970406021219,-0.335251383415044,-0.348557920230859,0.358093167020024,0.404038541174031,0.113257356553818,0.24132849050674,-0.198402914971456,0.0432261719761884,0.188316762038308,0.263131598177381,0.481233517528953,0.588997474278452,0.246196871398492,0.250620203954725,-0.00460887425756262,0.0569808477769924,-0.0275539116713553,0.21640544166802,0.263025157466333,-0.0769089148117645,-0.0106671821376863,-0.174636219202809,-0.263392334437467,0.0762000124178763,0.0322978349374273,0.0130596590277686,0.0210071487471027,0.384193410413314,0.553804274545928,0.625702995543862,0.463768928514872,0.248362245878911,0.138147120433997,0.07311319051784,0.0512475662105453,0.195754884566955,0.251239823008813,0.354578998467667,0.150405144117838,0.0333745872761676,0.460063692604289,-0.0436885765888659,0.226778456720889,0.448189666724268,0.57301199511482,0.38355487178886,0.0580814849899537,-0.1868879098773,-0.378716693732192,0.445584189557294,0.323039623549222,0.415508451372507,0.447256536954433,0.261341661972947,0.135664973136645,0.340200854836399,0.184858495448962,0.185104561065433,0.360161045633983,-0.15050963344743,0.0762529694057824,0.0749579770627631,0.377663073604228,0.508265788708941,0.210370272326651,0.103708937476785,0.0597988503674519,0.138413446309725,0.28407541575639
0.0699447461555079,0.00669693893361821,0.232168363365635,-0.240749930377864,0.12966005739059,0.0711333736625966,0.0691609034794265,0.114329995420327,0.0760550840503397,0.0621413016465714,0.467901340970367,0.565562424774539,0,0.513461089810058,0.321306524638198,-0.0868499059785349,0.597859000255532,0.289345486042751,0.451288157809935,0.110169566970434,0.271124129135831,0.67708848457361,0.198364333922409,0.485431192434838,0.179745812590565,0.560884882625133,0.484166115057882,0.371280369610529,0.560679609781455,0.21682329563845,-0.186823080397956,-0.362688400248908,-0.309447303733131,0.511972837404643,0.611178993961517,0.00116550678633631,0.325953797575726,-0.276320561973922,0.0263061628551056,0.0964366497054917,0.269633362616292,0.421826127012499,0.563954565191925,0.321470320721451,0.250335864222284,0.28005955070525,0.348590856383826,0.29674768963503,0.146239038832634,0.237267646212693,-0.162371009754552,0.0172658355256138,-0.133641321059202,-0.323640382229596,0.118280567068177,0.0631346920005957,0.0253160911289846,0.12256054665147,0.192549219550008,0.439045257453291,0.512023464340946,0.764560938430485,0.410890465209784,0.325887515963427,0.229708342164811,0.269092728506318,0.145286880840071,0.438221598355037,0.448374188109296,0.244851052782026,0.243050449729181,0.509866073560443,0.130857210461301,0.164965830915812,0.388554006313466,0.379782159578461,0.558573559343952,0.323513932451344,-0.141739405725052,-0.489613700582886,0.450109478900686,0.287504506142905,0.389260286713908,0.509041100680898,0.382277731701737,0.327096489925257,0.377801950116322,0.321896454240229,0.140044467333047,0.267109585456698,-0.212886202746198,-0.135551425089701,0.0059905392401201,0.282625788272522,0.438836305550059,0.269177118719211,0.372285389718609,0.329376562076441,0.114038578826434,0.191204008568689
-0.223089347824745,-0.100809338102291,-0.0624409133886787,0.083905138654589,0.108153298306928,-0.125509396204907,-0.148573415125361,0.00015672851710609,-0.132213952881892,-0.205934483976298,0.0312052167662113,0.20005882545589,0.513461089810058,0,0.72710299617012,-0.158370784834584,0.531974661399136,0.31056809390181,0.666841022267583,0.0610722756606087,0.548318442685594,0.522825434107517,0.665039826673774,0.210298266897668,-0.211974791986235,0.27398852764498,0.610466455289673,0.458636618517715,0.398036033198615,0.582035763524301,-0.122888800695804,-0.0416111300485749,0.130062186747233,0.382897351549618,0.513709628477157,0.120333757676275,0.336764651851047,-0.410509176713271,0.0508866410040456,-0.0017633724186178,0.0452339558722142,0.100761846260967,0.223355431108025,0.126330821048405,-0.021151869996775,0.408868453770803,0.71208659144579,0.604237349175044,-0.0851640518552517,-0.00297978152783122,-0.329160173656323,-0.14091154063091,0.108267861644173,-0.0581000508454709,-0.114099081064243,-0.194289970122012,-0.103173026795719,-0.0739309494357959,-0.226855099044499,0.127365576211269,0.0576732625390499,0.348429021012342,0.548266038914397,0.596817150057837,0.647714883762707,0.671552599006439,-0.0967270514313597,0.448541800954831,0.347680893137293,0.188664391233387,0.298528721112141,0.398194230924032,0.458958509357301,0.00856239439117407,0.236289948258096,0.0239005969780232,0.422970269535319,0.640050216863503,-0.00746439184866689,-0.120098475804637,0.228276705421769,-0.0758680979708777,0.0551992990813545,0.28982167363328,0.45651022594393,0.534241544925278,0.349762693716306,0.275621104117233,0.0565362337304832,-0.102239967021372,-0.046859467217439,-0.34484068191017,-0.0467189578988181,0.0958072392554654,0.128946456789906,0.194516113015085,0.510776510765562,0.546782597359879,-0.129885686592806,-0.109187750238067
-0.115116373048641,-0.11847348991385,-0.138404544454461,0.230110682527414,0.10243114112809,-0.185345803020518,-0.202373031050671,-0.0796666092880828,-0.189056377170699,-0.300575565313402,-0.0687691726671111,0.0804132816392199,0.321306524638198,0.72710299617012,0,-0.0858119357573575,0.329579496720747,0.221207327034938,0.467350607054738,0.15444913413304,0.68704832376623,0.324991932583361,0.714384977866327,0.0716098368365237,-0.32349220041966,0.119770014205916,0.580938516878742,0.503150728713655,0.326959199513644,0.72995256286658,-0.0361770941849299,0.0775778299340917,0.31806986047733,0.234929365333102,0.325556768859489,0.144424764426913,0.215187098982816,-0.431036154677027,0.00407383470228114,-0.0552842960400517,-0.014646021567689,-0.0085040369516212,0.0345374432716816,0.0294516441005775,-0.199530306241103,0.4189499093843,0.717325066808319,0.667137776923258,-0.156806022627047,-0.095116867381535,-0.252535721553232,-0.228138660319196,0.122753038380729,0.0231791708098986,-0.252418756816115,-0.318253452466864,-0.2197833206339,-0.147390378914814,-0.442703588422148,0.0217656109068674,-0.084964528153657,0.251217974431148,0.63502096179643,0.667682361521891,0.798072487569658,0.915752520227891,-0.267671967986462,0.277423265270464,0.2877562050164,0.228917263997149,0.492519771371818,0.247230389396048,0.639625209109472,-0.10416192664037,0.144464995279072,-0.0957820120698452,0.424342000838162,0.770091912531973,-0.0102647404244421,0.0213163861165624,0.155356135916686,-0.135323056920082,-0.169005536019811,0.112062849561143,0.473536608235256,0.618352396246003,0.262888003087578,0.335704534910694,0.0872788042244318,-0.225695521678847,0.0784848631530121,-0.564280765271356,-0.161506021287349,-0.0627969459165764,-0.0783660839986692,0.18577529185946,0.51892609904665,0.656781188182846,-0.263024323938667,-0.233450624161174
0.199205268126252,0.406212033782806,0.193145020449168,0.336887847281842,0.179519732947249,-0.0207772163755846,0.473298385500542,0.175937720479595,-0.190419673078718,0.0898487436906401,-0.177910676028095,-0.0841474308737439,-0.0868499059785349,-0.158370784834584,-0.0858119357573575,0,-0.0204808559698153,0.0790662129342029,-0.164505736965369,0.00999200083865795,0.00915756161060462,-0.130750439107015,-0.00984665136738656,0.0489425734801919,0.0381995091219843,-0.225321790365325,-0.0807408737099929,-0.108464911668381,-0.191519944004726,-0.0814189796733128,-0.100309621341711,0.173153705367288,0.0906622707221579,-0.0503822663144949,-0.172911205922572,-0.337206059591113,-0.138306718629771,0.202824540510785,0.100905384919578,0.299453864298798,-0.158185694125898,-0.330070344332173,-0.206114167312602,-0.328006201426083,-0.343191998990247,-0.122004410053559,-0.0912743509639966,-0.109248727170744,-0.147648867712656,-0.17982152808139,0.243218795339704,0.293057910453306,0.363331437920596,0.16027911382382,-0.104536579434698,-0.0240103200863425,0.201813218997071,-0.0588821798678512,-0.113478546679594,-0.245254180778158,-0.222478404754857,-0.111446652873416,-0.136315170928261,-0.0527022729167092,-0.0511188558306129,-0.0902882946591181,0.119704189658894,-0.173978966451333,-0.113064152562642,0.00710194647601758,0.0281449751023584,-0.182308594453998,-0.0377678306491644,0.084177077379625,-0.167375877051724,-0.279748143439055,-0.16096462092916,-0.0500519746222495,-0.00603590444436565,0.0768675309664728,-0.182298088475655,-0.268529659754252,-0.241152915615429,-0.277956429039606,-0.0601604411123384,-0.119656434254269,-0.293695721800892,-0.184405077007295,-0.339813401007303,-0.102741595159741,0.071325035375982,-0.0824371808791968,0.0767757336945475,-0.263667678551555,-0.288314044950751,-0.222595031892614,-0.119673964670966,-0.0845619874680932,-0.170164510196958,-0.230551823066811
-0.0118646574099141,0.0838373464800268,0.20795577664737,-0.0618206489171509,0.107668693404009,-0.0268409713673063,0.0515090625416207,0.229122078782253,-0.0966542468765426,-0.317987511428621,0.102436856106254,0.347015015149667,0.597859000255532,0.531974661399136,0.329579496720747,-0.0204808559698153,0,0.616572233865664,0.728283971365891,0.40178778165866,0.500596635571706,0.668573862786896,0.369805389905225,0.534159749678451,-0.0487049366962825,0.509903101779186,0.648798169711151,0.462646039246047,0.527919162628912,0.300299453238838,-0.181545615679208,-0.329986281461468,-0.190869329551921,0.746984806231218,0.697141460690686,0.0535724973469137,0.304996566624895,-0.34362055258648,0.00959746867810383,0.106453061024947,0.167839607539006,0.287296863697602,0.430422607321358,0.277344506203602,0.178453027843263,0.448265005168687,0.412160143028123,0.422918605004361,0.0430741126448271,0.172292525740593,-0.269322481629374,-0.0292300031362226,-0.0307866892856913,-0.210111440879238,0.00294308915813366,-0.138063099165141,0.0495118339323822,0.0426504495902139,-0.140099902568482,0.211799435452602,0.18228748110011,0.400850034538392,0.294363823753228,0.314787940253312,0.334154610211551,0.281936344950683,0.0301554141038999,0.616345399873766,0.615235970455658,0.513460040524606,0.474084706215763,0.536582084275946,0.219308273618733,0.0277236431570896,0.478350235675633,0.237214979311944,0.462317388852253,0.415369476694159,-0.0466224742911884,-0.332178218457344,0.394841367859787,0.131259999007163,0.281845963345587,0.412427754049314,0.544594922295889,0.381370791776357,0.26774155177131,0.457686553374116,0.0921902736155701,0.0935597757412549,-0.194012835791938,-0.248514811793747,-0.129486303028662,0.201878144694,0.334978038842221,0.233546885512935,0.546782792585907,0.437784031082723,-0.115800994408562,-0.014890273216484
0.0147298056429151,0.237456885301466,0.19553977483794,0.129429883256742,0.173779100099328,0.123839755810731,0.134628335654469,0.549699588764516,0.119272230245916,-0.318897869412256,0.0409843990780367,0.134903118743132,0.289345486042751,0.31056809390181,0.221207327034938,0.0790662129342029,0.616572233865664,0,0.490569137208847,0.524966676455876,0.583212316291505,0.329756702966914,0.249926682412696,0.379035032852203,-0.0643686957094265,0.284741420145536,0.368232808797587,0.21154158872497,0.289289826458905,0.102040600431688,-0.0756786611271536,-0.288624925468906,-0.114238597156403,0.68170297018776,0.339789411781527,0.141490207004263,0.145750741822018,-0.254974855931523,-0.0781162126799532,0.110988313909392,0.0986712899958607,0.0437498785063046,0.14536712174657,0.174285459108512,-0.0426030472020256,0.16502588808156,0.125902831404153,0.168522748408431,0.0997715912087827,0.12138262615405,-0.0676143493760013,0.216525475110416,0.17974849812357,-0.0649644736823225,0.0796251918928848,0.0537024605246159,0.351776575469426,0.278890233419371,-0.21327495284163,0.117817388863679,0.0617520026365383,0.188537264915291,0.0921065319060626,0.165332403786586,0.278199011900867,0.173294649145586,0.103901413916257,0.395895428825083,0.438539902494213,0.761792310901586,0.529390593067761,0.242657402857393,0.0944350479555922,0.107681996540073,0.34909560372781,0.121532590664227,0.268051723569742,0.177308391158092,-0.0160207350237913,-0.292931524693749,0.1398106686191,-0.0369316683982993,0.166497943164641,0.170789380055134,0.262724486038912,0.104995239240023,-0.0163463509239112,0.169819548639876,0.184606640016486,0.0414080340577808,-0.207170324439224,-0.183971520119297,-0.203683037170864,0.0754678889339635,0.1463014828253,0.0728859944825507,0.222410038948844,0.204171406365079,-0.0164702968187873,-0.0374020130026095
-0.183788967248657,-0.0618727103574124,0.00274963307862176,9.33241221005451e-06,9.05151009422112e-05,-0.100188276533152,-0.126783905861053,0.0434304308083448,-0.143372571153198,-0.382475717861182,-0.0406549284019789,0.218161432801154,0.451288157809935,0.666841022267583,0.467350607054738,-0.164505736965369,0.728283971365891,0.490569137208847,0,0.284828256615841,0.52433404518373,0.550185084379716,0.482670722807252,0.298116622926111,-0.225859664282465,0.371162505336872,0.617443182391797,0.357621450870767,0.351846428324428,0.421509079079558,-0.0647496428225003,-0.176300386210033,0.0652973888125207,0.596903950726397,0.598012663481424,0.171071408675702,0.231397833579142,-0.373196967264725,0.00872468049036473,-0.0262574086508292,0.070144492913311,0.165796449885105,0.318419092841063,0.245317336089653,0.0888207627759732,0.403345260430245,0.538960960790202,0.48504446446983,-0.0615932569633805,0.0374114653850068,-0.29932833842311,-0.146056369951922,0.0654522501722455,-0.0991737878535602,-0.120132430280834,-0.204751833759005,-0.0723909509053539,-0.0803429026878223,-0.274564917200668,0.0614718081190368,0.0295116594647865,0.274680096588061,0.337058923866459,0.359997864066753,0.438776271561507,0.418794088659728,-0.0872504264906202,0.495205748681356,0.426181665375588,0.359860818558257,0.330473226205089,0.414740061347029,0.292102185184748,-0.0438662684267401,0.311510805913351,0.069407883313845,0.326970337930039,0.478306297790599,0.00165247687370419,-0.169836791671455,0.262754013255752,-0.0339406099946177,0.173415622903516,0.33712737389013,0.494914780948868,0.410129821316904,0.208255072798867,0.3623136955933,0.105547361339768,-0.0339468251409433,-0.0360462514177588,-0.258542758775041,-0.0913011455560713,0.127971971633177,0.21167585454886,0.292114395830606,0.531961319158356,0.448394849799743,-0.15860028797285,-0.120838455885842
0.0886209024983716,0.00417620152845547,0.0867561889403844,0.0129743646885482,-0.032284168351995,0.0117087931491663,0.131045673196021,0.109720759121886,-0.0284317164733505,-0.288570640204995,-0.0130212755450598,0.12589298723602,0.110169566970434,0.0610722756606087,0.15444913413304,0.00999200083865795,0.40178778165866,0.524966676455876,0.284828256615841,0,0.388894393520781,0.157949482861877,0.207026364350135,0.295341451910815,-0.0399266083106702,0.189265231967077,0.27224780438285,0.212648496676777,0.312142916710335,0.0983540652536659,-0.042054159623825,-0.154999266374118,-0.0934287750749494,0.509596013434691,0.235269579490338,0.363572202198498,0.129785685950657,-0.208717554762134,-0.0580097588042243,0.103609846323141,0.208305868768047,0.0842678324854558,0.10836827305929,0.0871465059564641,0.0279768771364092,0.128769464749601,0.113969065308883,0.165469771470736,0.117072591840512,0.231693981681622,-0.0391929495712281,-0.054388193340624,-0.0518121722878763,-0.10621813470627,-0.0580997550787085,-0.11733896437414,-0.0107202457238425,0.052790899704689,-0.185597883842449,0.114640814965397,0.0188872986254791,0.0933731461060829,0.115108870656634,0.155216587720243,0.192817349792812,0.144018736542064,0.0728246649542375,0.245702357850116,0.449390569524275,0.606402775409961,0.60720785590006,0.180202691566711,0.2346809249338,0.0914338404403243,0.243216095453951,0.0832287917430219,0.180388384692388,0.165263088972069,-0.0570085184667878,-0.154470727739392,0.281032306907062,0.285534357756673,0.076330198380884,0.150255943238967,0.30603921701748,0.256355125845294,0.109259285947097,0.310560395839553,0.471163130262724,0.246324688471852,-0.0352309626224334,-0.241097366543028,-0.155138314395871,0.0697360876726263,0.0994433214333305,-0.0139370551617597,0.246714685977327,0.277281484222205,-0.0539639313186461,0.0469035011737363
-0.116660090485052,0.101747615795742,-0.0318239682642231,0.270498211395664,0.202597404239558,-0.0799877385597894,-0.0652775165105404,0.220597715377143,-0.0948590847739543,-0.443763328674314,-0.132742141518114,-0.0169928054044813,0.271124129135831,0.548318442685594,0.68704832376623,0.00915756161060462,0.500596635571706,0.583212316291505,0.52433404518373,0.388894393520781,0,0.289858684774729,0.566688298024371,0.164328007572054,-0.374731964265762,0.111326008885266,0.519557990116086,0.351890266836086,0.336405655362157,0.518615267909309,-0.0561538760819503,-0.0479289415208601,0.179388198039908,0.445353104979457,0.311964707585707,0.103551426240008,0.217456200101536,-0.406478943971277,-0.00270885799673093,0.0271510955081518,0.0506962201981387,-0.0557656410073316,0.0137687840579554,0.0948130716803912,-0.182289852442297,0.397271778678053,0.492300298192444,0.53488052969193,-0.0838966441248262,-0.0247615999148774,-0.176925186087457,-0.0405811194326075,0.15309038684995,0.00696785567755189,-0.153456668573276,-0.23885595902643,-0.0285940819407885,0.0175917859636249,-0.50242235002423,-0.0954836007295399,-0.175483911848778,0.151678717655998,0.295147056086732,0.399632104774406,0.562430914686979,0.632543496825045,-0.169501718182022,0.31238805731613,0.357439288355328,0.509190955256651,0.736100477730442,0.164114612268706,0.441960702219949,-0.0851248129399525,0.211475329008169,-0.16709917267279,0.384433169834833,0.572729017822306,-0.019100469436883,-0.0756707885751265,0.116503276704064,-0.0976113140956207,-0.133120712643867,0.0362732813706685,0.396544649206389,0.380337745961795,0.145911705787833,0.314500101047596,0.100370429184826,-0.192782907569769,-0.0378176230647767,-0.537381797536875,-0.253115332977981,-0.140211328477298,-0.122352701263266,0.115315705461246,0.46877907793516,0.50174606363626,-0.228913656918907,-0.220374967499352
