0,-0.0751806521306619,0.396922201135296,0.0241465337054719,0.0774885329231303,0.225112154499665,0.144442795956147,-0.022288147791244,-0.00633798848175069,0.0889006502884587,0.119866913637598,0.0538739324078379,-0.234937096907188,-0.27457560115161,-0.294683739410555,0.56711886537958,-0.213433455616912,-0.334741794701936,-0.314879423284313,-0.3160758930248,-0.300109348690984,-0.271612932434396,-0.242271033673012,-0.0725385955252187,0.283559016243437,0.141863395001317,-0.230358286177549,-0.097640181174131,-0.208806235894288,-0.225015358604803,-0.0554673338108927,0.298400783628778,0.268289994557136,-0.285122791807433,-0.315663132900779,-0.0604674608810784,-0.185927800832436,0.44167844274136,0.22772300277624,0.0427944256914326,-0.112186640099756,0.104000082060639,0.00158056855532051,-0.0948780521838196,-0.14247377968176,-0.186943198322756,-0.242965582304257,-0.118943315877414,0.293779100158539,-0.0791008134314589,0.600264758400436,0.11200427595337,0.140923000644012,-0.0278201883586159,0.114718593314437,0.224842986631021,0.0107626673099472,-0.158177668945949,0.0717123660422285,0.145664380538665,-0.0562562962256632,-0.209301931844276,-0.304850984121385,-0.25441671826974,-0.285985716285283,-0.228920907970229,0.150667204143875,-0.237268014018719,-0.234904833599611,-0.210672159983945,-0.332738993846619,-0.231854844302359,-0.26138534468102,0.0582136711705222,-0.0707664652910595,0.238929613199765,-0.303643239974398,-0.199067627500767,-0.0255199246519915,0.267552981375784,-0.0749332983792849,-0.0765803884825479,-0.216776104840481,-0.226912274505622,-0.302523563963786,-0.279499761133503,-0.180575806831135,-0.0512166272046528,-0.159309336754082,-0.0214809547874505,0.206802954623204,0.309790575167594,0.220228494584976,0.252071739224041,0.00950929716694539,-0.194338426461964,-0.198836077485425,-0.0585394745519505,0.113814738826467,-0.033224530936844
-0.0751806521306619,0,0.37562557243021,0.556826318695935,0.630030918548267,0.311702348152933,0.111388536285843,0.289492270865601,0.16290568706844,-0.281310722549093,-0.098501915075557,-0.0632122761890316,0.0328710695502784,0.320481210404676,0.34771680914991,0.409474604846485,-0.0320652229413745,0.184329669575602,0.197484867546296,0.0777650697450467,0.33566623109536,-0.0630944832891712,0.36093869386245,-0.239267355307909,-0.010962439382099,-0.0323369885389257,0.144062520682889,-0.10708550263645,0.0306214790530617,0.391132554951643,-0.106602828093594,0.157478792440435,0.115872637072594,0.129746380380198,-0.0341562584580688,-0.110042757474926,-0.129547494386143,0.0709237065021527,0.0145497287392902,-0.268249896339088,-0.246300508213809,0.0628469164491163,0.105218109374258,-0.0293303934550564,-0.0462916568727014,0.1680184257614,0.287067358813483,0.198852819267495,0.108598186535707,-0.204649402193259,0.221983869305655,0.748811992995096,0.642111151184619,0.548839895083895,0.397179083618316,0.265598005710151,0.437423903519467,0.35181314609243,-0.178879862662456,-0.178653824949643,-0.160607616986747,0.00587040446929657,0.207721971784345,0.340603016479932,0.32110395297676,0.357547398752227,-0.0623347447833866,0.140555932268383,0.138995229548114,0.217401588406816,0.34142066949334,0.0680719762298638,0.387772928018834,-0.268149987571651,-0.186920868119477,-0.0852947293655593,0.189589110897098,0.347056979693527,-0.20867909697194,0.0754677060869236,-0.218026510513174,-0.287793880967069,-0.206440728536368,-0.118684374600881,0.104475493044063,0.150989439969906,0.0349452912306987,-0.0679322310428391,-0.0887298169208938,-0.349733990563216,0.15536001984447,-0.0378537693216526,0.0216187061791232,-0.138014938130505,-0.337439126474322,-0.0713344609070363,0.117572047713082,0.183355824981411,0.158673235959227,-0.184141423208068
0.396922201135296,0.37562557243021,0,0.179380577797038,0.425512016411734,0.629197541912114,0.285373451121939,0.405036470650496,0.363297923532467,-0.131052000091901,0.246356565830168,0.249972111299585,0.0801565159464614,0.122089536020575,0.0865754885598665,0.416250310657254,0.0532046267408445,0.101260007439799,0.0103400905860677,-0.0310373703477642,0.099604490001691,0.0201030093405255,0.115202657892027,0.0149537370396355,0.0395561252365461,0.213399462918769,-0.007395376459141,-0.0649297530634969,0.0333619570644869,0.120372231801051,-0.105768332428033,0.0390082669286121,-0.049044570609179,0.108506005416817,0.0578944044654659,-0.0168168564101129,-0.194743867932009,0.145211785094977,0.207913044341986,-0.0333759854266982,-0.133066232939813,0.189309380434668,0.179256788428143,0.070566976884028,-0.116456684747514,0.00467250958774289,0.0520295135389618,0.0102143936548431,0.43742066565387,-0.116517608907984,0.237647840898362,0.563247585675662,0.362955546347882,0.246555693618773,0.610071502811113,0.73343181798959,0.370405897571059,0.439916529330419,-0.0979633878833056,0.231369709495391,0.0784749158737241,0.0587568878989553,0.0485305187347802,0.182243407421921,0.0976139035324569,0.134347044501631,0.0718664032825466,0.129911498534932,0.106741271681121,0.221815341019355,0.121236759188226,0.172385659088504,0.14027395739262,-0.00219426192417766,0.0496893313083363,0.301759898048137,0.0520907070646886,0.103207437860268,-0.234676362662812,0.0193435896459623,-0.127719413650725,-0.157139126485404,-0.256611750783326,0.021754410508388,-0.000965633186395637,-0.0102890198639451,-0.182411437144734,-0.0275156550666884,-0.084281847319844,-0.135798949771717,0.0208178602777158,0.0487881762445884,0.120373856731507,0.128023655737695,0.0261984477287576,-0.103124358094592,-0.0829924092711931,0.0941053816669549,0.357574516533239,-0.13784641012795
0.0241465337054719,0.556826318695935,0.179380577797038,0,0.687203637393312,-0.0366415767904976,-0.200138220368022,-0.13774522417311,-0.15718527363063,-0.309593992489176,-0.0310229668621574,0.0231639097222945,0.153809412731046,0.474524773846904,0.485855058140222,0.271377215762997,0.123396809267418,0.1361736154654,0.39774299319117,0.271655096600014,0.518341691164962,0.037474646195505,0.500649682292011,-0.240774727067283,-0.206555099486091,0.110551194521725,0.193022006044325,0.0632558816658714,0.255434410929355,0.467364055818188,-0.104493441075623,0.457039223617947,0.432726288836533,0.154683134777803,0.0382139800864617,-0.125651004509457,0.0522499229101111,0.0574895361712739,0.0120577004376464,-0.393679302146652,-0.236844814114588,-0.109083296225612,0.214175043004767,0.036558481469772,0.124480462984203,0.120428462449106,0.393758960263568,0.187880074223127,0.00208116928088978,-0.121960303087512,0.331342633556724,0.232722538309191,0.684791397521825,0.841910187586623,0.00872033296773532,0.10702563717592,0.125627090647948,-0.0348051194240158,-0.233596045591817,0.0598787129702419,-0.00687062186004008,0.26005360030947,0.4192904409043,0.469566840824994,0.514883613498636,0.510736442114129,-0.160139567747398,0.261535001978512,0.278098499517382,0.0785590139384486,0.496882462878167,0.15619036597597,0.481959003291737,-0.379011174163616,-0.0388188624457234,0.0174618160371475,0.326625014405793,0.358731782442707,-0.255901492500446,0.453866411872812,0.0838997144264163,-0.113975543387479,-0.0695551914003092,0.00792379067863385,0.100826940751654,0.354566004501721,0.120403447388978,0.0114471479741532,-0.0926490363894618,-0.212573723432875,0.492087888031973,-0.23522074735387,-0.0327686320061351,-0.284932701596056,-0.235228028535714,0.0152444080982546,0.163169471891516,0.2269284510967,-0.0601503527991142,-0.152016857122333
0.0774885329231303,0.630030918548267,0.425512016411734,0.687203637393312,0,0.377478578005647,0.0749857319092193,0.21817065347385,0.215232606304866,-0.205862434688627,0.0757440280275139,0.0375412677601913,0.131009845736812,0.349251019700546,0.336289651261938,0.374408078012091,0.135977942071899,0.140365019129341,0.282467636186241,0.169777783678251,0.407329721693124,-0.0156122038488432,0.31841648736694,-0.128035573179207,-0.102498490036242,0.0683701211452715,0.0368953732145377,-0.115219650846021,0.185165347839954,0.309029855566426,-0.154509529027034,0.284839000895105,0.23501397222088,0.148235583682561,0.000106163280326836,-0.111424996018699,-0.043226049868488,0.152771224630342,0.169330603090515,-0.245908638483273,-0.203585449983308,-0.079525626706129,0.106723834328143,0.00836780295137406,-0.0333609236338553,-0.00649669522391698,0.22472045854963,0.0538985313040644,0.182450230344226,-0.0739378377618749,0.273503416819041,0.507703509439324,0.689611490902363,0.684838311264255,0.40392858522424,0.392689334358291,0.383589734794684,0.275064580676287,-0.140615744132594,-0.0338966263328868,-0.0675975628991737,0.15503417223461,0.252393761427938,0.361257158088132,0.369458664708935,0.373789554659022,0.00949358066234301,0.248069066040462,0.188422724595563,0.110891177862589,0.394267619042891,0.142932824852623,0.327933943907126,-0.205774313933567,-0.0706822111446855,-0.0386704726175296,0.252912876255172,0.206694963658487,-0.303824967244219,0.268639842804533,-0.073252923649025,-0.153918656584594,-0.196109494513443,-0.0375122200663078,-0.00943243541666194,0.178292096320412,0.0601826257840856,-0.116821928956507,-0.0357326594216599,-0.208709888423033,0.332341266369739,-0.0223011521382257,0.111733336244346,-0.315625361708592,-0.2891883172749,-0.0677906617340296,0.00436349374184202,0.10935819061819,0.210632397783998,-0.0783850633489477
0.225112154499665,0.311702348152933,0.629197541912114,-0.0366415767904976,0.377478578005647,0,0.56161900920951,0.677885406785983,0.706455267156923,0.131349355896171,0.274330970615046,0.102828953662048,0.0346127059779645,0.0199851932200033,-0.0153777309501679,0.401371503942952,0.042291839490823,0.0964479368594957,-0.0814078693093762,-0.146371050868524,-0.00384121757129885,0.00134477629238482,-0.0647519254740743,0.0872388458672187,0.211815612482741,0.125073908182628,-0.169990804884662,-0.2444038386599,-0.0678168460333128,-0.000300136128936413,-0.110320911246718,-0.0604471539740825,-0.0826404493459237,0.0685770939845649,-0.0493061475959364,-0.00793541071449894,-0.190559972438645,0.222984835079843,0.410095907027636,0.251418608713163,0.020669700500371,0.250064763065436,0.0833067020681851,0.0140144464583499,-0.226326730278369,-0.111587773073915,-0.119098832797327,-0.120690564902637,0.496340143863905,0.0201018741969346,0.131264950959479,0.524466536832643,0.259652914080909,0.0403723889981151,0.822352780751246,0.788977769021634,0.626722905209307,0.647273633873525,0.186581984694737,-0.0254914472938133,-0.0291124888188391,-0.0205945220390668,-0.0735904426254542,0.0598091479844871,-0.0175824627817282,0.0194025308993906,0.327159800575106,0.112731930514643,-0.0140813356084546,0.165127843812666,-0.00933073651168797,0.121822764342378,-0.0317634462637744,0.241434782580613,0.0298714910057826,0.118087251335912,-0.0151644314539174,-0.0330057257910539,-0.186170154318771,-0.0719175937431693,-0.191922068856269,-0.186686362833786,-0.239238384666769,-0.0410978232348252,-0.154589207985708,-0.199713552823117,-0.11685539617389,-0.171008265010543,0.00799726244657418,-0.0542365521515712,-0.0425809520667758,0.337510580454601,0.308385756651481,0.116736091846656,-0.0784939417720085,-0.101221274513885,-0.249410006659245,-0.0785135983498087,0.561525140119481,-0.0320704713512301
0.144442795956147,0.111388536285843,0.285373451121939,-0.200138220368022,0.0749857319092193,0.56161900920951,0,0.721869773167069,0.62108545904245,0.448035424432817,0.0940677241468451,0.0558451308736738,-0.093997004982983,-0.205431823235218,-0.233976192664177,0.399086348438702,-0.068801719919015,0.0887107729446943,-0.204875026251086,-0.197615029224194,-0.258689914105911,-0.148172820746417,-0.240286917425804,0.149961494982795,0.32584341224246,0.0097147219981728,-0.184846695295677,-0.203131664275541,-0.177096551617652,-0.175297180201371,0.141490736243377,-0.0908238117350726,-0.0131060541179926,-0.0318543378777634,-0.160451154685553,0.0408196009690715,-0.101839674532846,0.359162699275001,0.471704436014801,0.554774701197179,0.231230195970552,0.280091514897255,0.0186586363189918,0.0308367437559188,-0.142352659323479,-0.10768828962905,-0.282167775343927,-0.194772903699378,0.242155141144879,0.0526524254011118,0.0398534758783472,0.289826440390177,0.0352530627733719,-0.260802850480738,0.570578519226345,0.425740832468544,0.594971257614914,0.485588139080535,0.403883662920276,-0.118476273236502,-0.0460076058793134,-0.158194349037482,-0.222533023791146,-0.190212996113549,-0.227495603264971,-0.186341300835302,0.509616927043836,-0.0790756840946685,-0.185310447342249,0.0335956453803135,-0.236325022938477,-0.0707369025103671,-0.234771696450119,0.430324953676005,0.10167408711092,-0.0227274409403836,-0.127613916152974,-0.111936775486809,0.101848826443317,-0.0840295289363903,-0.234001183696573,-0.20201694780234,-0.016892384668486,-0.10151732192282,-0.166087620820097,-0.363572628865965,-0.0946715528036515,-0.099034276111274,0.100585650228533,-0.0124756585688182,-0.0969487994531602,0.396653575027725,0.399519836478198,0.227865932956126,-0.00785692966248755,0.063143190432603,-0.207844872653254,-0.205412661751497,0.28547776220204,0.0107275513221465
-0.022288147791244,0.289492270865601,0.405036470650496,-0.13774522417311,0.21817065347385,0.677885406785983,0.721869773167069,0,0.815829940904539,0.266976642232442,0.241660618986986,0.12370320826432,0.0816030772471293,0.0132527724955046,-0.00787864926498083,0.222151040720621,0.07015951602256,0.306159591381419,-0.0367331007841783,-0.0740517212915563,-0.0592658671291019,0.0929210785011021,-0.105616258793333,0.227655049930772,0.17435858814452,0.0758128723110792,-0.0934140086123125,-0.133080973410085,-0.0333168023416988,0.0124282645147254,0.0773893709891225,-0.219102108226422,-0.17436019734765,0.216752175895369,0.0226815236460115,0.0287847859835305,-0.138816773435448,0.164641002884362,0.279489493720973,0.350601234488594,0.16418062216982,0.274034731816548,0.081120291391377,0.0438467179678678,-0.268284344732585,0.0260532270835337,-0.14487682199401,-0.0923510165178264,0.24883128174537,0.118399739199533,0.0161078838278307,0.466573109593656,0.142972305047939,-0.0559071654184638,0.741684116147632,0.615404798060555,0.801506936494872,0.829595136484418,0.278515813490399,-0.0113785947666577,0.0392817911534597,-0.016447860007434,-0.0432068831863894,0.038904261007048,-0.0429869338793132,0.0128557069332858,0.358854799046815,0.154704095018156,0.0526062848608017,0.350800955977944,-0.00196027211633547,0.165418239730758,-0.0445056456590746,0.318371786355085,0.144654001356962,0.0331341720467904,0.0565453822664943,0.0143130736760192,-0.0969118630855113,-0.207125590385016,-0.274654296605232,-0.133564604728172,-0.120580876094578,0.0264130741280297,-0.0920589711885375,-0.20695700610432,-0.112944567578682,-0.0691891814652928,0.11457208804995,0.00254552591018741,-0.196052730658584,0.261142368799822,0.153223840978495,0.196005634492256,-0.0106262876419441,-0.00855907803222828,-0.146873081348075,-0.125958717128903,0.397304207376984,0.0326762518981672
-0.00633798848175069,0.16290568706844,0.363297923532467,-0.15718527363063,0.215232606304866,0.706455267156923,0.62108545904245,0.815829940904539,0,0.343175130696627,0.20220013910292,0.0751871792067416,0.0462060393917339,-0.00496256566022726,-0.057832911422046,0.147458019001758,0.0485920160946136,0.198439557892965,-0.100707526570127,-0.160948770905191,-0.109220057601431,0.0769463389712904,-0.134496586427781,0.249124758491507,0.177648658044189,0.0136636130023934,-0.137243292477299,-0.193902365647666,-0.0977448655523309,-0.0334548193350236,0.0702385975270436,-0.27600723282966,-0.165126858777306,0.121333879543692,0.00129868744764528,-0.0277722875432008,-0.126504722095594,0.0859214118328042,0.284236818575839,0.399882394661929,0.189929508603742,0.276476858675812,0.0141438680112757,0.0127006561436445,-0.312984284350972,-0.0447849869469865,-0.183894589241516,-0.146125310452901,0.2615527067823,0.13925914805809,0.0182676803469556,0.33277152729311,0.0705988222575019,-0.0408289994461471,0.727096449350073,0.689579053082878,0.74131544823764,0.809403326080345,0.385895289295796,-0.022677046103835,0.0132563925734711,-0.0311395329628589,-0.0657186022882381,0.0169712783801099,-0.0862861034560723,-0.0201424784911973,0.424925786329261,0.126640521094863,-0.0227934334540873,0.239717986148961,-0.0814451268431876,0.118476048077436,-0.0789951914771403,0.349759759652478,0.160022463202948,-0.00476390973727376,0.0007182255686812,-0.0727695294146377,-0.133942565226632,-0.196504028772898,-0.243166961142788,-0.0933911944232776,-0.142635394195413,0.0216021972366956,-0.150818860462874,-0.242439882535027,-0.112186575968387,-0.184877432541601,0.0909475001570929,0.0855343536683242,-0.202209333238474,0.243827072507139,0.173826076492907,0.190004311979738,-0.0476871564565864,-0.0333608572433069,-0.21955776114934,-0.182570760422642,0.421888923570854,0.0338268796428587
0.0889006502884587,-0.281310722549093,-0.131052000091901,-0.309593992489176,-0.205862434688627,0.131349355896171,0.448035424432817,0.266976642232442,0.343175130696627,0,0.339549818950675,0.167479153504927,-0.0705886894062758,-0.37505193281463,-0.42085599818715,0.0131012013712881,0.00418541260434556,-0.120933321086069,-0.322865181546847,-0.198733301929042,-0.39879693384673,-0.0175516967941408,-0.435891227789236,0.357149147355801,0.510047425888131,0.196654400336817,-0.114840509862457,-0.0380669823335189,-0.105538999151082,-0.366984368836248,0.0100993692791049,-0.11692554608352,-0.0176867667904936,-0.129657051693357,-0.183147677775387,-0.101961448595954,0.187857236026525,0.307149737682809,0.475584478767015,0.548917225938991,0.340324952265528,0.336711564270925,0.101890327875568,0.0817771133008888,-0.0520681520727709,-0.0929946677991724,-0.419143095001038,-0.251653274822697,0.0740683055568858,0.225904858442211,-0.0896031506383297,-0.200423531845901,-0.225512894000416,-0.349000769512584,0.036917529004431,0.0569599506381343,0.188085684104099,0.0471409258151271,0.772301199675024,0.0572420978289025,0.0998658994536381,-0.132619725652419,-0.334264260985602,-0.421494850103268,-0.403001861968551,-0.40453453079953,0.537368771702867,-0.138232126842544,-0.247594595740673,-0.22032441403543,-0.32480042654522,-0.108632051335486,-0.413790795191309,0.522410181482554,0.317502148084058,0.159099364913763,-0.104164860008716,-0.303600292663569,0.0645790920306768,-0.135993546925524,0.0366505881481757,0.0483428844782483,0.189705273268865,-0.0723892014107424,-0.161664580625412,-0.424097288912691,0.147076916131109,-0.0428221228741042,0.130376538497967,0.300633726161581,-0.0367092785994493,0.30261556076962,0.445819538190335,0.243230257177333,0.139765671108927,0.0884996486330489,-0.117181696091369,-0.30437550116745,0.115155983774994,0.221411294980295
0.119866913637598,-0.098501915075557,0.246356565830168,-0.0310229668621574,0.0757440280275139,0.274330970615046,0.0940677241468451,0.241660618986986,0.20220013910292,0.339549818950675,0,0.61784770096172,0.411548297759574,0.092696711760596,0.0131030590940844,0.0597417911309414,0.445403801220038,0.170590302607286,0.156437203493532,0.165765324458554,0.0321763360695106,0.410372754664574,-0.0630109825212681,0.519772768254579,0.1440031984073,0.631269319436452,0.100951321694956,0.222458406177864,0.328881190553405,-0.0139191033122985,-0.230577605038844,-0.0166354782081663,-0.10438522503383,0.293845190574934,0.259331794130315,0.0737742089331117,0.25141047777867,0.1028357434955,0.317376855021085,0.149932966483222,0.182408265938182,0.213398175771819,0.399402414089373,0.323554275888289,0.0800021110511814,0.069883043030309,-0.046083560073926,-0.0726299073132277,0.275838323374133,0.322255592868977,-0.0194998171216363,-0.0238366405214465,0.018634147095925,0.0278472931959939,0.177840453131882,0.254927922728277,0.155858136317024,0.22133517236655,0.238746634160123,0.597597627518032,0.492462013886067,0.37964499835027,0.119650787642778,0.0599652917660538,0.0644456700183351,-0.0239333607954254,0.153387237636527,0.350719787234577,0.243141848269271,0.162715023888517,0.150632722376925,0.46235624408586,-0.036117762693151,0.265734954478556,0.515685195266255,0.604747222728092,0.272886895006338,-0.0352672649133559,-0.268360582173407,-0.0454596448588046,0.270214954860535,0.151268126036739,0.139537830775934,0.355796653660176,0.127180214208763,0.00808904932962125,0.191925987120485,0.17805175832738,0.171604537405125,0.338938125384097,-0.00920089315092697,-0.0137546574664695,0.0922803005855642,0.1214868638334,0.43217295547777,0.108903176557874,0.0219299271671455,-0.0589105621892723,0.315383232106128,0.264285213271227
0.0538739324078379,-0.0632122761890316,0.249972111299585,0.0231639097222945,0.0375412677601913,0.102828953662048,0.0558451308736738,0.12370320826432,0.0751871792067416,0.167479153504927,0.61784770096172,0,0.40602532691164,0.073972437824793,-0.0405098907035698,0.00634624264894828,0.43527889071838,0.332419782149013,0.210281530322669,0.240279616593674,0.00423915035785628,0.37485002621487,-0.0585903926413811,0.511154726359454,-0.0354232114450389,0.73472556315575,0.11215068504839,0.219827496312486,0.290563133568221,-0.0994793861637297,-0.275679088787883,-0.136487165868158,-0.218543759962214,0.401777393919539,0.309584399267682,0.160135640299051,0.298384351636877,-0.0495320753591233,0.17715610179086,0.207382924553484,0.275921242492963,0.272625247880229,0.509546700852537,0.364224500262756,0.163245596265392,-0.0182635128552424,-0.0791258846771058,-0.13817862662609,0.268884819448396,0.254450572517832,-0.124269270045565,-0.0113687226111845,-0.0089475566802435,0.0556184339238612,0.0444633243219789,0.120713621960373,0.0724830857180511,0.148251272136744,0.0663396979211208,0.666537050151771,0.704024419515994,0.347009233014139,0.114834180401497,0.0228441056796598,0.0450381999169144,-0.0826234409870932,0.12367956740195,0.321345609509902,0.255855691645136,0.224115864814655,0.152119754347629,0.3939016249243,-0.0379419727452188,0.152064774853494,0.581683910693532,0.587107985340628,0.241151121459846,-0.0950934268766823,-0.25551116522273,-0.107383629225905,0.220385593894771,0.140154311172932,0.121380411827432,0.3212323985019,0.112546089066447,-0.060312068718888,0.139827544794578,0.153881412543109,0.208578591996102,0.239976801096157,-0.106510167421646,-0.206240618405759,-0.0213398789368764,0.042203128562164,0.460537156256785,0.224941202678199,-0.0550171276010836,-0.161919739831823,0.205641913232709,0.181583335111746
-0.234937096907188,0.0328710695502784,0.0801565159464614,0.153809412731046,0.131009845736812,0.0346127059779645,-0.093997004982983,0.0816030772471293,0.0462060393917339,-0.0705886894062758,0.411548297759574,0.40602532691164,0,0.512555454256286,0.347586320198658,-0.158637752443023,0.801028291921784,0.507741433126724,0.584149809457142,0.479876201291448,0.401493914312131,0.748840064888386,0.343056601414031,0.444475372411324,-0.287139134774823,0.337209560399268,0.364497556037326,0.273721283586777,0.642799159457507,0.274997981409764,-0.187544977555346,-0.0415506684950037,-0.125757879061828,0.649042625035266,0.691740942321237,0.129248869122818,0.344985246820084,-0.278499289172934,-0.0521772819974662,-0.0379179065453862,0.207187056785479,-0.142153113634366,0.296276989294068,0.239784984048641,0.396423935478574,0.169367159345147,0.343176493332218,0.0755863499342732,0.115309504969641,0.327836597354728,-0.283485481299897,0.00816494205312199,0.0318480475178818,0.162730727132132,0.0219936973019453,0.0742544427947285,0.0502417534608016,0.181316178413955,-0.153812184948338,0.405701177970596,0.386597701771197,0.76588185051747,0.592341983335204,0.420995263090437,0.414246629286198,0.276996917880309,0.00170806198777443,0.636025840194533,0.573503313575638,0.37640597769766,0.469960097688212,0.674640610004633,0.310708451569732,0.073981717551687,0.357213424552916,0.272526104121524,0.645736296603935,0.157628823070883,-0.270956026574117,-0.122907143064632,0.429331058658227,0.237222263443647,0.258584853593335,0.585951940825004,0.45802356497861,0.332647246094331,0.352791337005725,0.200490080354099,0.280102319525919,0.246140951121872,-0.0568596044260897,-0.453409559837268,-0.210841601498761,-0.260157382060329,0.343244680448232,0.211141752544912,0.179062010347988,0.0668868576792576,0.119409123729882,0.225219055984627
-0.27457560115161,0.320481210404676,0.122089536020575,0.474524773846904,0.349251019700546,0.0199851932200033,-0.205431823235218,0.0132527724955046,-0.00496256566022726,-0.37505193281463,0.092696711760596,0.073972437824793,0.512555454256286,0,0.850952221270239,-0.0445866513616166,0.440818805494396,0.325472606316178,0.749800164402735,0.355436058024796,0.773541518897385,0.465587698985444,0.827668820872845,-0.0781762176091956,-0.259214582147846,0.0698865982938638,0.408615571764302,0.28434303486428,0.545833519524964,0.798037478272926,-0.0548369313564622,0.218430185889981,0.0764282173074524,0.415077321010576,0.432906374713919,-0.108150730900613,-0.0508027744480803,-0.239544662586968,-0.210049466434467,-0.384649160216183,-0.274474703498163,-0.173972221733911,0.151451142185062,0.0469904808488608,0.0669358063658203,0.376357195010496,0.744045678266676,0.438812615857731,-0.100809311898114,-0.151177490064924,-0.00205475111845242,0.183802680841583,0.357138681225868,0.479309699800748,0.080149704248353,0.128440535372303,0.111934932404905,0.19064166723416,-0.292830637303298,0.137027710320928,0.087524635558165,0.472152135475565,0.777107515568098,0.845066107438044,0.78379902298706,0.837482800388272,-0.374545732482762,0.540720296167309,0.49977832025215,0.263038239645373,0.647678803447313,0.500330351928742,0.804745140199641,-0.352461301541548,0.00520391103131641,0.0589775193977275,0.574989932540314,0.643111282673016,-0.242373699586351,0.106855516382948,0.14260254791517,-0.166795436587455,-0.076726871174932,0.317022277624682,0.414856797765472,0.68375271892485,0.0140823613692717,0.160749678509507,-0.151782956357071,-0.218042683472559,0.161489663597606,-0.262815253628092,-0.263208259146398,-0.191896286561207,0.00466047564815781,0.001948431950078,0.306231876920835,0.465209766625109,-0.0675463049417746,-0.216453563134582
-0.294683739410555,0.34771680914991,0.0865754885598665,0.485855058140222,0.336289651261938,-0.0153777309501679,-0.233976192664177,-0.00787864926498083,-0.057832911422046,-0.42085599818715,0.0131030590940844,-0.0405098907035698,0.347586320198658,0.850952221270239,0,-0.0113144494047425,0.262645244929655,0.28214418945345,0.683157903771974,0.391963106213335,0.851801554610283,0.324640776596716,0.840213085639493,-0.22755183470294,-0.240563338351025,0.00323159407328079,0.340556282750358,0.280374539716367,0.483734614885418,0.85441270708392,0.0351866818000226,0.293544439972676,0.153132286625915,0.30571145274609,0.323251486752549,-0.111070694079034,-0.13240473511771,-0.174290164077974,-0.251648291252604,-0.461177494640073,-0.365375720199008,-0.174325792407971,0.102470597514384,-0.0255329275276991,0.00682082085730252,0.361855263035518,0.69565922398189,0.47726821308332,-0.156130173459054,-0.238173552743974,0.0506516026470401,0.175887101321569,0.406129497675377,0.466807696030734,0.0496446677087412,0.0873061930530909,0.0987375905899561,0.150522841705248,-0.33241309333938,0.0185886839904498,-0.036284215574221,0.379765731472223,0.740405926890074,0.832518458066759,0.811700511449502,0.918005901972464,-0.433337861324056,0.437728190806293,0.439707853731848,0.244665744152248,0.690336895667253,0.400702899928207,0.818292794547971,-0.425105114895977,-0.092039700771048,-0.0550376248586779,0.529212105829827,0.729352641223894,-0.184230423622734,0.198549007696738,0.0410791034913933,-0.252532130331241,-0.16368619473562,0.185715125158735,0.342051422104333,0.687460283358494,-0.0795216715476573,0.160401934479861,-0.208855318706728,-0.327640142090183,0.206270624212973,-0.183952357690166,-0.295731144888002,-0.20821934881201,-0.138846779930956,-0.0415173752682035,0.295845760189285,0.528478169203589,-0.125223443693632,-0.288400532286447
0.56711886537958,0.409474604846485,0.416250310657254,0.271377215762997,0.374408078012091,0.401371503942952,0.399086348438702,0.222151040720621,0.147458019001758,0.0131012013712881,0.0597417911309414,0.00634624264894828,-0.158637752443023,-0.0445866513616166,-0.0113144494047425,0,-0.18301435950847,-0.163880504901737,-0.128333212596528,-0.235164721921127,-0.0436765086122062,-0.227160842666886,0.0178928980406515,-0.213389498091063,0.238865098235326,0.156485141966447,-0.0447681116304238,-0.0713336800630992,-0.165666589333257,0.0419615539693616,-0.0842056726587759,0.394624369737161,0.415658398968551,-0.211498666914,-0.255302716621427,-0.133235406860537,-0.26047675126871,0.447563371866111,0.342536833721421,0.0289388172728111,-0.238874305501134,0.117911115723032,0.0959889568049086,-0.0714816274371691,-0.0940856223777185,-0.0438559061406669,-0.0646495685889436,-0.000786159452260784,0.193592731835429,-0.272964345280305,0.587897211289628,0.464186913849594,0.519121401381054,0.144992638622711,0.352017365608718,0.297355201613716,0.299322241933038,0.0750968967433131,0.0322448242764006,-0.0277941888433532,-0.112018829199134,-0.138036347519665,-0.100222754571878,-0.00658952464412754,-0.0261027448497219,0.0271762666081143,0.13934974722794,-0.0931751911862352,-0.172141467248272,-0.110272598990091,-0.095736065874274,-0.121324637989012,-0.0049206137850461,-0.0719482676368345,-0.135000392353143,0.0919456360327769,-0.130648063299746,0.0974490139251064,-0.0440641300520912,0.364119736665022,-0.200297793271984,-0.341842493841865,-0.257483944853102,-0.259132869444224,-0.139281914436768,-0.144211934771266,-0.197311295313774,0.00557317635201179,-0.232611961970254,-0.293228345169697,0.265409079815425,0.337797459623456,0.249516205509975,0.0792370832288213,-0.187126752846472,-0.0933639490080353,-0.0662372093756775,0.0458219039143126,0.0939916858671255,-0.202977526982058
-0.213433455616912,-0.0320652229413745,0.0532046267408445,0.123396809267418,0.135977942071899,0.042291839490823,-0.068801719919015,0.07015951602256,0.0485920160946136,0.00418541260434556,0.445403801220038,0.43527889071838,0.801028291921784,0.440818805494396,0.262645244929655,-0.18301435950847,0,0.469907605890731,0.538041842295406,0.431248089099494,0.332325081610216,0.739680606649219,0.247186186913035,0.584930469845349,-0.275079627193919,0.374422372583104,0.277218172083819,0.211427883093016,0.692330852646961,0.167094787803538,-0.207687672952302,-0.133005202369767,-0.188502388252263,0.718278601615005,0.575874220389413,0.0659653079110428,0.434670455153445,-0.302524166472663,-0.01354595896484,0.0508128909857167,0.286939853956362,-0.10253436514966,0.305389002563891,0.247677743165353,0.299657227165009,0.0734910024366053,0.237109086814331,-0.021131570015845,0.149341673027063,0.408370745217554,-0.338168291505915,-0.0615328464542382,-0.0173918044779084,0.167573623307494,0.000502324134808017,0.0723707725778916,0.030890739199387,0.147821377648536,-0.0763170938061088,0.455341657567552,0.444101256498222,0.724452733129405,0.483504006789394,0.362646346769366,0.373756813843099,0.205373415060396,0.0709260869068084,0.709705973764499,0.624700226947801,0.3042830773421,0.420641028706506,0.706673502984047,0.260364153413939,0.175272969027419,0.488870190839912,0.351216161369512,0.63482019301706,0.000836350044358696,-0.2680849000131,-0.212376606876861,0.526004385935488,0.308175701820347,0.271230455391236,0.607465381668265,0.361057877479016,0.274119625500655,0.403213043566773,0.132989802757699,0.273627073741465,0.381913496918581,-0.107133425776093,-0.405910155398969,-0.161136342375474,-0.222165123762908,0.41690931541324,0.171689118832015,0.110127119677659,0.00792164285791138,0.171265492643478,0.261941414706155
-0.334741794701936,0.184329669575602,0.101260007439799,0.1361736154654,0.140365019129341,0.0964479368594957,0.0887107729446943,0.306159591381419,0.198439557892965,-0.120933321086069,0.170590302607286,0.332419782149013,0.507741433126724,0.325472606316178,0.28214418945345,-0.163880504901737,0.469907605890731,0,0.420529430267425,0.636768644633209,0.360526716650643,0.450017062001003,0.26457500476946,0.273906196149762,-0.286315932957188,0.207682009498148,0.166274762595414,0.121086844841828,0.442082529645282,0.206358151712204,-0.00946194974439949,-0.178166200720009,-0.170121098083287,0.780982032367499,0.452857049573565,0.409546569470247,0.178051436683156,-0.290748816669714,-0.0955181856751304,0.056281458210499,0.392186727237298,-0.0765030607782196,0.224995232957469,0.0788824179830328,0.167291923764227,0.0216921799235599,0.177380713196349,-0.0142010996674429,0.134429505645054,0.289153148681102,-0.278758224281104,0.125495866191146,0.12518692104103,0.178280321421901,0.134298451050197,0.127319617236765,0.29802262356219,0.410181933804279,-0.140173473479212,0.199272832762808,0.289088295278182,0.458854391593559,0.384317340928526,0.359283147737872,0.385737571773907,0.238224144232338,0.106882208974347,0.550677118589136,0.622616254017644,0.774385889122072,0.55839959451416,0.473315904480076,0.282656860321955,0.0532177599551948,0.360857653078765,0.0585328274527047,0.477148947912086,0.126302840665044,-0.143121588392541,-0.20716887386072,0.135883757877264,0.251573411179812,0.122447902883122,0.330145125869734,0.260703232279398,0.186838075742656,0.169217768809099,0.0602254993645269,0.461304162328317,0.0829366723216033,-0.134107141207382,-0.378197756309503,-0.241118129847933,-0.241720363453917,0.0949142519410504,0.0902329567025046,0.0185912393093193,0.0315123371623625,0.209976423648972,0.133192222619212
-0.314879423284313,0.197484867546296,0.0103400905860677,0.39774299319117,0.282467636186241,-0.0814078693093762,-0.204875026251086,-0.0367331007841783,-0.100707526570127,-0.322865181546847,0.156437203493532,0.210281530322669,0.584149809457142,0.749800164402735,0.683157903771974,-0.128333212596528,0.538041842295406,0.420529430267425,0,0.392397022844018,0.686647931894646,0.407886461844201,0.618786661113621,0.0426379191536147,-0.271883761204446,0.118041723004718,0.178213767234242,0.176642783960256,0.506190302492595,0.545452289583156,-0.0090051100934346,0.219831848243255,0.0996963628608373,0.465138497333208,0.394025880306633,0.0155713526549427,0.0853561094607635,-0.209984734092077,-0.208222331516743,-0.267635868460302,-0.153372600334093,-0.229706187465226,0.140164286174132,0.136547952142836,0.286345824890445,0.0914071046588514,0.509811980175931,0.0929885364817129,-0.100463021268203,-0.0899455829456652,-0.0822403784057598,0.0815157362935701,0.277141028646957,0.394219045116593,-0.0209247156650051,-0.00911922583195326,0.0560223939500692,0.0790524642966608,-0.281005071732877,0.192082146502899,0.200080529282562,0.538511308266096,0.741629921898446,0.696471822402979,0.764167477419099,0.648211414878087,-0.277430983183572,0.55829180214647,0.490553070302989,0.265759505101156,0.60255322724369,0.474775969035466,0.595245724449666,-0.262322193175992,0.15833557093419,0.0831881831199205,0.54211752788983,0.426970318709492,-0.0670077011853182,0.0926674091290196,0.205128876631777,-0.169300014173791,0.0731254836842393,0.339939537652291,0.285325311859397,0.545012610956943,0.0808927092341953,0.0337546808608607,-0.0536777847729131,-0.146242253969005,0.148725867542046,-0.348611514080229,-0.267977512453302,-0.284753073108732,0.105735501854774,0.194523094411844,0.0686182808433354,0.163834026097264,-0.0845813393046822,-0.14513976958607
-0.3160758930248,0.0777650697450467,-0.0310373703477642,0.271655096600014,0.169777783678251,-0.146371050868524,-0.197615029224194,-0.0740517212915563,-0.160948770905191,-0.198733301929042,0.165765324458554,0.240279616593674,0.479876201291448,0.355436058024796,0.391963106213335,-0.235164721921127,0.431248089099494,0.636768644633209,0.392397022844018,0,0.539497426868455,0.405119434380482,0.321363845655029,0.160666542803521,-0.350245772212358,0.228538879782211,0.295691551620836,0.281679591645306,0.689596353862091,0.277249039223951,-0.0918988456295144,0.0129140819368605,-0.0638573712274035,0.604455851757217,0.412309280394536,0.264236946519633,0.341193909877513,-0.194857523224898,-0.0694634033887229,-0.164124212283084,0.219347667315697,-0.14201780853126,0.268654642452605,0.128172918686316,0.255889490038197,0.130730641754009,0.320158565707861,0.165976236382808,0.111637198053577,0.357505136146576,-0.277087520210871,-0.0772512651348966,0.0813402817811561,0.213311879714096,-0.165772689209989,-0.083541756503683,-0.0799027499850223,0.03572630411677,-0.249368963672017,0.213835001812093,0.170828652717028,0.515397170980296,0.406072682313655,0.370754409560145,0.448281403013082,0.321526552936367,-0.0910155865169881,0.489683280631761,0.638434302150421,0.521631366782765,0.715949871461861,0.415433413946287,0.289004430155434,-0.0120073517282019,0.264403650511555,0.0441813302528565,0.612937100924384,0.174785290992263,-0.198501488362147,-0.0147119244157907,0.355842861357544,0.390029814034686,0.193897077259416,0.28731899120851,0.339770240652027,0.302567708962739,0.256714179357,0.204025982658081,0.461931434593384,0.153164009655714,0.0438889357125403,-0.422877314869903,-0.196211487023273,-0.370631233124686,0.0526162751430614,0.121433882031292,0.232013210086967,0.165778263430267,0.092597942596439,0.23460753490705
-0.300109348690984,0.33566623109536,0.099604490001691,0.518341691164962,0.407329721693124,-0.00384121757129885,-0.258689914105911,-0.0592658671291019,-0.109220057601431,-0.39879693384673,0.0321763360695106,0.00423915035785628,0.401493914312131,0.773541518897385,0.851801554610283,-0.0436765086122062,0.332325081610216,0.360526716650643,0.686647931894646,0.539497426868455,0,0.297909704981346,0.772611951487973,-0.155629211665179,-0.25852167056152,0.0518736338440901,0.302720343068746,0.216380670532063,0.561734134167682,0.746795706801058,-0.0280045319143225,0.292434215767985,0.116869819496284,0.374859105065771,0.30841089488242,-0.0734423503873566,-0.0372168663979797,-0.171905048359465,-0.167073568591062,-0.422342219975215,-0.272993600880712,-0.210061777162507,0.119678679464711,-0.0310651247955126,0.104596785325908,0.259618666006893,0.641740424862388,0.389724234692319,-0.0605767161581382,-0.143987070074172,-0.0399247408004309,0.152401232060558,0.383419807250133,0.479100959723693,-0.0108963635427453,0.0723147268109125,0.0235587572510225,0.0817980727884764,-0.345196377273841,0.0184361596167922,-0.00272177182623465,0.467464576814014,0.696280707719689,0.792565626657396,0.844096057247433,0.823148379595496,-0.393262381944371,0.50712425593287,0.544202195639475,0.285356225559945,0.815929284123149,0.392252454698759,0.748940529443975,-0.357591086054278,-0.0249538932415647,-0.035998820273081,0.597284141176991,0.608473766790572,-0.197112742602129,0.184101199175569,0.158432957739832,-0.122372369079171,-0.124156757449053,0.166819294918951,0.319605504291139,0.606009743159657,0.0339629065611354,0.123451963203707,-0.0892540874848774,-0.237304045476043,0.20885631713932,-0.260079943853215,-0.244140373563799,-0.325784288277592,-0.152124497945761,-0.0208309898949606,0.252983896344086,0.448009352080894,-0.0548163997690066,-0.173495188527314
