0,0.053384732844624,0.303295390080479,-0.0558977660494174,0.00707790951575687,0.257436173555118,0.0575426257312625,0.0106707744609662,0.194706320490418,0.0368489161297933,0.0800261859481354,0.0861904269262997,0.0948100178615673,-0.0488881414198188,0.00859382421533975,0.364686243322258,-0.0200400570321564,-0.0425771462456529,-0.0350997684828289,0.0549699876251945,0.00911913637287835,-0.211610757493959,0.0251870613887962,0.0312862880274842,0.155141580978089,-0.00478393153531907,0.034786462666218,-0.0228662401007416,0.114333852730969,-0.0848174214778395,0.0728923430293879,0.265553414268365,0.303047147049419,-0.0968321841446103,0.0108142396502449,0.163986361582537,0.0229559866458687,0.226461598882371,0.017158018046661,0.00323414566873779,0.0396039750869742,-0.0185699080114928,-0.00603257722371736,0.0242100445378596,0.315030562030656,-0.0373202260610917,-0.0462571372435594,0.0225924894894251,0.236112750677392,-0.0622854693490932,0.279804843412334,0.135289713323336,-0.108633089791031,-0.184740909972309,0.236457119829731,0.282283287466405,-0.041921690029203,-0.00676698421419998,-0.000776820975818314,0.0274257315788429,-0.0122712978757928,0.0549892910842131,-0.0614395074589053,0.0432139018317367,-0.0523573456665288,0.0338419442866991,-0.0917174855751742,-0.0997775852134382,-0.146011990708162,0.0329803795465655,0.0775020736847853,-0.0964666143648822,-0.017363744015189,-0.0461468793183938,-0.0129962782438733,5.13813602182939e-05,0.0360626638863683,-0.0945971454540391,-0.0226633993441335,0.0099011449787071,-0.0991694551771997,-0.107168857345136,-0.0209446250594965,-0.0464641414016535,0.00709025136472362,-0.117865043169556,0.0257198396363118,0.0371008513733744,0.132164380999341,-0.060660867003086,-0.0574405608619429,0.117947606764323,0.0131936226830845,0.047228199923794,-0.106545900430145,0.0298818828297211,-0.0563251315463285,0.0254260625703154,0.261449092428223,-0.0950841179583009
0.053384732844624,0,0.162028221116708,0.502023620292577,0.543856926501884,0.0729856340324187,0.111975036059453,0.326265945873304,0.104000080867839,-0.079078176001338,-0.0217676451075224,0.057727450230335,0.197777140461046,-0.0604988401158096,-0.210657207164408,0.337974185114102,0.00154554393408635,0.201865673967891,0.0536541976287156,-0.06808736286835,-0.11838199356512,0.15937288835775,-0.0938131559021371,-0.1238677913933,-0.11957015356718,-0.00394244631624671,-0.0240399409404526,-0.168971759107285,-0.0995081485315764,-0.117664820853988,-0.0776282726264728,0.0337151658084235,0.130161956570902,0.153197319169614,0.198151048107679,-0.0583619200615405,-0.0350806605756584,0.0191328308122805,0.140881905432963,0.067003419396227,0.112619251664157,-0.0813181190944257,0.0741882499194531,0.0680988473680027,0.107159166140203,-0.0240470484370231,0.136105471504038,-0.00575773091865916,-0.0424388265721528,0.00146245182916692,0.0276010866954281,0.50578045429593,0.154098125458964,0.338173809094604,0.264145674697665,-0.0499387438432827,0.249484185186343,0.183354415430297,-0.173221147775683,0.0130722439270091,0.147298696516314,0.111972719683436,-0.0894823488341757,-0.0639081604037869,-0.0305834659786309,-0.21117276571167,0.102004317634653,0.0610556657010753,0.166900010658376,0.183255445385001,-0.0935100345518882,0.104919988117607,-0.207729650634778,0.0471316008959598,-0.0358028125154001,-0.0291407168934724,-0.0561915245546236,-0.132931724776429,-0.168280000771041,-0.130892540408023,-0.025597014708087,0.0879660289113113,0.204903795467487,0.13740251504963,0.00243691263455662,0.0534396872408508,-0.0304249993031646,-0.0422352003092034,-0.0188329125934946,0.0181539435404438,-0.060267107642601,-0.00753790198638663,0.0553787940552611,0.0185936222006006,-0.0102093601921476,0.0126949161106685,0.00811909145830981,-0.0493121582121344,-0.0321538089420699,-0.0260653046214741
0.303295390080479,0.162028221116708,0,-0.308007902799169,0.130763033534513,0.640000003421203,0.2386449011018,0.439761507395832,0.542839455351239,0.186532952810026,0.108631340845781,0.151120180817611,0.0769068800181945,-0.0582119672139995,-0.0598213806690312,0.140218227433475,-0.0804344062027066,0.222866998752904,-0.0232843111669709,0.141516889338709,0.0829346779787862,-0.130481218721294,-0.132792512474506,0.0839495863894518,0.0278453978880222,-0.0358225049876397,0.00343737831127819,-0.0635124774747633,0.0698499968603861,-0.158659394141028,-0.0662221959176691,-0.32234427326032,-0.283230465593006,0.0405367685507479,0.00818627515692066,0.27172949922998,-0.00522729700955422,0.0305307940680072,-0.0334649652600956,0.0926614747525191,0.120478642772073,0.0846978554878406,0.158471754728039,0.0250723787954604,0.0054088196815238,-0.118999267054459,-0.0557377084305211,-0.0386551267692354,0.485381738718271,0.0678283340676922,0.145046961335473,0.338176253941402,0.089788006050183,-0.218944156297548,0.601368526376882,0.689594672276238,0.388462262942786,0.423624592815218,0.0887052846441744,0.158767261182277,0.0562045201533201,0.0355435670389781,-0.0936144298566298,0.0218752806213739,-0.0922920653651054,-0.0765891266029084,0.196715318802201,0.0954751614271056,0.0835502222309771,0.328970743403254,0.165386051265288,0.0950775634462616,0.0653762953146569,0.132031985060514,0.0142663295434401,0.0748236387639859,0.0444053096290295,-0.124470381196047,-0.109005907273788,-0.304342888038984,0.040454468531947,0.0208451098762961,0.187897677627303,0.156379731151829,0.120455683329426,-0.0792562272063628,-0.0289161595774561,-0.0182350898156627,0.330524794171957,0.106366397508731,0.010024650255183,0.0851254588541442,0.0687170613146246,0.0473566936792477,0.00751902423341962,-0.0711600560599745,-0.0974700733397465,0.0342518466788705,0.472501161829017,0.10858801991244
-0.0558977660494174,0.502023620292577,-0.308007902799169,0,0.414027891438131,-0.27579832601981,-0.10625016046296,-0.0762621860572044,-0.265828431992622,-0.241835421005416,-0.105594369220212,-0.0377200812442592,0.0470534579927289,-0.0900770200845007,-0.143217539958724,0.191042679242782,-0.0213221785968587,-0.0972582902089554,0.00240712145552933,-0.155760728289286,-0.211649388933396,0.203741714090988,-0.0512338308038293,-0.163223658198408,-0.202006105543579,-0.0295923838164182,-0.0596474100199753,-0.236946146232622,-0.175272206736218,-0.0932057060269579,0.00254752959723258,0.207097672873021,0.369136068138149,-0.00365043126743801,0.0863242645926371,-0.191687448243349,-0.0341987227594119,-0.0452347113115456,0.0342976990811868,8.88049081677812e-05,-0.135735033120653,-0.159406620022101,-0.0369370390824688,0.0359685860073602,0.15648931686307,-0.0665368173876156,-0.000105294891978045,-0.0770571656516998,-0.326929451432416,-0.128194931285655,-0.201860562066934,0.147673779185469,0.0107960146684906,0.53227020803113,-0.128279470721747,-0.34951605407346,-0.0375572470372849,-0.129436793905926,-0.220631529711937,-0.0659473895757188,0.0365188888430829,-0.00059034898378777,-0.0718560566919538,-0.049855303784168,-0.0139742902972795,-0.103500174645836,-0.0143340341531761,-0.0293950415813113,0.0249479662113764,-0.144512984570129,-0.218505412308567,-0.0820421703471391,-0.269681602789106,-0.0533433387969642,-0.0684911841563831,-0.078899834410182,-0.100337538109667,-0.0964483557837986,-0.0461886488992392,0.0140093300956187,-0.082717289309149,0.0618959396315653,0.057956667833571,-0.0834796354644635,-0.149531972849789,0.0202203262506108,0.0461175323517304,-0.0424031330164404,-0.20260397561508,-0.0400887330356001,-0.209184164204243,-0.164405139989784,-0.077980900950797,-0.0463931801555571,-0.00598327205143303,0.107583938955397,-0.0257687757648646,-0.123542003257291,-0.274353199688067,-0.09591257267816
0.00707790951575687,0.543856926501884,0.130763033534513,0.414027891438131,0,0.0672533728127246,0.0791687079679184,0.22697906393599,0.11045612305986,0.00709852480029098,0.0501910706442682,0.124030303063432,0.113851080367943,-0.159790596262017,-0.101455045034783,-0.0294778062327995,0.0202706111006335,0.139149057397908,0.0165784860789597,0.032446084997219,-0.109124678000051,0.210775629309991,-0.126713343126434,-0.0349249999614767,-0.0423569193966355,-0.0133775487440193,-0.0457264466007939,-0.125440393856437,-0.0509817414230436,-0.101487342210583,-0.0484389863855448,-0.00158035747696582,0.139129892764028,0.146849717190494,0.142912251770351,0.0249664545555539,0.0269927203632449,0.0476853685680136,0.0735597912079095,-0.0407011182781498,-0.0818420423942561,-0.0632158900372392,0.0938310184094294,0.146088676789167,0.155307524108642,-0.0863882032943926,0.0644128931757605,-0.038304994422255,-0.10245602822062,-0.0487128508450618,0.169505716148065,0.482910059355646,0.49051277118972,0.428736582000611,0.0491437228656586,-0.0861996598369382,0.30221212460168,0.0649216560381094,-0.256391767223606,0.100176178321793,0.0776006046155047,0.0443610499275821,-0.116810918254982,-0.00816673811338163,0.0780989218421018,-0.0640896830647342,0.0421987876853952,0.0236546487894583,0.183458095936278,0.188227290421941,-0.0222658151268348,0.0581961369266895,-0.187835810823358,-0.186389213592837,-0.0546051426589593,-0.0617935361709369,-0.00272071446020513,-0.116793358777228,-0.146341661088669,-0.104882460807082,0.0173265731565973,0.134693084107139,0.268587781607986,0.120334172395814,-0.066002353365199,0.0414822949339608,0.0839366220211194,-0.00728870178064224,0.0125405704803417,-0.0405861484686721,0.0975237122845265,-0.0831216511207533,-0.0982381625325834,0.00745928274617309,-0.0679062316348267,0.0565509041724226,-0.0952636038327702,-0.0701672564939182,-0.0623599140856136,-0.0421037792409553
0.257436173555118,0.0729856340324187,0.640000003421203,-0.27579832601981,0.0672533728127246,0,0.276888039166162,0.53835286044676,0.66391504545512,0.0641868957917896,-0.0662216430683207,0.0197781751246688,-0.0808645261110853,-0.0453784184631559,-0.0540818857552005,0.103043633324399,-0.121773855894343,0.230140830750703,0.0234586788857144,0.17979257966044,0.10422879503971,-0.165785781220172,-0.0260308273864452,-0.0214921625549477,0.0136128532687734,-0.0963895953149407,0.030341799491444,-0.0752071601869679,0.0265138252519507,-0.139756424040215,-0.0462331518509339,-0.215037856594034,-0.182170659695811,0.00893425465020671,-0.0447664749827592,0.341331373437161,-0.0790350535434825,-0.0425745398091589,-0.0621346149796787,-0.0788512580545111,-0.0119038226802341,-0.012587113681983,-0.0433416363690952,-0.0331689690414825,0.0458406672426665,-0.202428083383572,-0.136245596920255,-0.0061868407667262,0.679722345864581,0.056473309812391,0.137048147253654,0.327878760673094,0.0566701263876943,-0.159244212506557,0.684529873265582,0.747293720805556,0.392435812020814,0.555567188364106,9.14135257783728e-05,0.0326780713170152,-0.031620892347278,-0.115825865929576,-0.149866397744883,0.042746218854387,-0.0391120012548608,-0.0755154135633778,0.142277824823712,-0.0112958524717744,0.0501413091952862,0.266757318280745,0.205193654012358,-0.0232649275289238,0.129992026180982,0.000114706647090882,-0.0530590960781391,-0.0325426423060468,0.00120789130496021,-0.142471946948843,-0.0771519038505175,-0.204505804349883,0.0245545336618597,-0.0704674587882958,0.050092490363614,0.0187576207315648,0.0694950321218895,-0.189108301930687,-0.0751406552967677,-0.0363737602485057,0.370445089533863,0.0284898704780874,-0.0365196545711487,-0.00606163195570541,-0.00712753684352274,-0.0771306279136482,-0.164518100977851,-0.137644877657189,-0.180170759871101,0.0337339499037387,0.648434057860865,0.109324814674955
0.0575426257312625,0.111975036059453,0.2386449011018,-0.10625016046296,0.0791687079679184,0.276888039166162,0,0.482502694895521,0.266460624415016,0.109811564568688,-0.0712440375151544,-0.011838349945787,0.0418738268721431,0.0640028313932916,-0.0756514895211182,0.153646806783881,0.0864659345216319,0.2742661254382,0.151223513752843,0.110159697256226,0.153188702527093,0.0179732967132364,0.128850662150635,0.146907168591105,-0.0388903125152297,-0.0652454342088889,-0.0132430432071519,-0.064372750532119,0.0112351038086097,-0.0747033340239847,-0.027487379392566,-0.143040591133169,-0.184583805738122,0.116636940554271,-0.00195707439295509,0.147333551687851,-0.131548379978329,0.0317533380526864,0.0418698451532473,0.318396833196489,0.257644594774141,-0.0320740511462813,-0.0949165441190376,-0.0567768250761463,0.0262428192730051,-0.0714982103643666,-0.0997814620161378,0.0248429840341739,0.32396897423832,0.151556447345611,0.0970432599710198,0.113549885314572,0.216726474239261,0.0353410303160493,0.182407767105101,0.216331065160067,0.377137358478963,0.299479209059914,-0.107672586189037,-0.107301993776826,-0.112136646090252,-0.0488361198569995,-0.067902913299823,0.000148291771498295,0.053965897948841,-0.153632248660861,0.379154311886817,0.120941987504874,0.208148825868224,0.270467168971978,0.227264821365667,0.204428636659992,0.17484968171288,0.155602177543573,0.0463092053014353,-0.159249504418627,0.0257906725165173,0.01905973806097,-0.0659428069758145,-0.0711836830886012,0.212671492291011,0.0747444747572896,-0.0208222180906779,0.0461547778504698,0.0703140011312306,0.0197707620938328,-0.13187206307077,-0.0693573627288669,0.162740387883356,0.162885081568588,0.060422450940163,-0.0757450646123984,0.0565049921447064,-0.166504140672943,-0.1648040867565,-0.0346606393347942,0.0216864170383822,0.096973369223334,0.283724756441501,0.133178142707797
0.0106707744609662,0.326265945873304,0.439761507395832,-0.0762621860572044,0.22697906393599,0.53835286044676,0.482502694895521,0,0.633973766712372,-0.0936338427582668,-0.127402890271296,0.0155760107953297,-0.0394499875071235,0.0364271585573334,-0.148538445722517,0.0701819182061209,0.062017705557475,0.562551050115111,0.253821200809153,0.168732846584689,0.172527224592037,0.0755608812817422,0.0666965172018062,0.00865720081539775,-0.202789572465195,-0.068874251115476,0.103177781569659,-0.0255765543605801,0.0346995519232445,-0.0627610758827681,-0.153304197321671,-0.243383551531437,-0.248597277482811,0.325305332642859,0.121698222842906,0.229172439017816,-0.0443841009410278,-0.171465546110321,0.00273438598890836,-0.0778347835090647,0.120288139617009,-0.113368324714862,-0.0697798696226946,0.0152050710155102,0.0824985466914546,-0.0831403684696978,-0.00373048953695573,0.0789081523142323,0.401372972515341,0.0508587977089046,0.0381474691409283,0.409537759446208,0.200204331292964,0.0608784292031662,0.560259467805021,0.411946357628523,0.598847307011551,0.721938842259964,-0.200768191685077,0.0191965692706284,-0.000942825652582299,-0.12872120755251,0.0118086375366741,0.0350027972826324,0.0764118380782077,-0.166697725238096,0.234376250999917,0.2080083013914,0.369823336287781,0.472692834160035,0.239002899330431,0.213742649873824,0.204579330535615,0.0044415542664865,-0.00622394200804413,-0.0901654880947773,0.054529672173293,-0.0590039665232195,-0.15994327583807,-0.172755778542546,0.161273840388333,0.0344123089551926,0.103343223388947,0.0939315540225597,0.15552902342757,-0.0220127058303007,-0.0590724608078,-0.048058216173735,0.296509087313066,0.0358672333942727,-0.0236672125840182,-0.124769874949458,-0.0887480100251725,-0.184854287758775,-0.25650387834376,-0.182476965904045,-0.0528340962195368,0.0886924274721987,0.402136379644531,0.0825638088239728
0.194706320490418,0.104000080867839,0.542839455351239,-0.265828431992622,0.11045612305986,0.66391504545512,0.266460624415016,0.633973766712372,0,-0.00608360331757132,0.0365415353510175,0.0323704099370876,-0.00984343006270119,0.0884055918689272,0.0594087410677072,-0.0611213661186734,0.0816761669235696,0.436483404175359,0.162185867625257,0.270134453246014,0.263268942705089,-0.062554524770151,0.0574066678297236,0.0626932270922525,-0.13166404738157,-0.0921021634657568,0.101593189264262,0.00717582665330449,0.121335039358961,-0.00155844920431097,-0.118726054618155,-0.203079246671014,-0.214298118787087,0.143280144058674,-0.00864747197413543,0.463904562559603,0.0135791965794812,-0.110937408582424,-0.000512617560610191,-0.0218384803476391,0.110668824883655,-0.119331441628707,-0.0570909175973519,0.077290188782663,0.0411319929626694,-0.0674176862498064,-0.0329452851238253,0.0867825099575941,0.639193375655197,0.137269962211586,0.17389856233801,0.418173334329267,0.188854417176617,-0.0386038098788544,0.602415829965012,0.592864948568317,0.50967306077155,0.66936621440084,-0.0392304723224379,0.0306797669439601,0.0348407800696276,-0.0424109130264034,-0.0147013954359531,0.1139545089989,0.0710531210899737,0.0382994275493964,0.197009734181116,0.141670501871738,0.226619095601862,0.426979740101792,0.287643919698422,0.0651664279445558,0.232953609674987,0.0472223069640889,0.0602941805177158,-0.0801618412549411,0.131704589844802,-0.0184099121247573,-0.146324289793883,-0.129067807117693,0.10186807484589,-0.00542974349741776,0.131293162879993,0.0556780885017641,0.101623085770002,-0.138243358492567,0.0418574801236366,-0.0233974981946156,0.534083483988104,0.0904004392886241,0.0344979886452016,-0.049970135171839,-0.0424069136478178,-0.171839084556429,-0.220935911133635,-0.131226637259162,-0.0536880040943796,0.108573031092807,0.6196415898681,0.208378407151171
0.0368489161297933,-0.079078176001338,0.186532952810026,-0.241835421005416,0.00709852480029098,0.0641868957917896,0.109811564568688,-0.0936338427582668,-0.00608360331757132,0,0.180467657568652,0.0569937904391515,0.194422689129657,0.0035911500347724,-0.0976495470417855,0.106608232352918,-0.0351816512617132,-0.226448123946796,-0.101465963321111,-0.210134253701142,-0.117281763207521,-0.124432850807121,-0.116301819339569,-0.0259992271715615,0.490894422698178,-0.147596156411317,-0.0457427279159121,-0.0428122643117018,0.0688056100496448,-0.0229867474570435,0.0468234657656085,-0.117244411421902,-0.104090071599136,-0.172888984126899,0.0090260184252796,-0.190601768976502,-0.0205729194016145,0.376700482985088,0.208568826639578,0.408842485898342,0.159123587869292,0.185579579877122,0.158239523058253,-0.00973164638917825,-0.0636100425597455,0.0287286874974855,-0.0314312314901849,-0.0655616234057007,0.103174889463058,0.154073158693441,-0.00445664771018316,-0.102984735536321,-0.108013583362881,-0.299893668766244,-0.0652208514728906,0.0977458628057853,-0.123347805651154,-0.132205654514911,0.154276661860754,0.131514877444713,0.00403163749491302,0.164319912044793,0.0650820750082863,0.151602943291977,-0.0611235838005463,-0.00645258786149024,-0.099413830277796,0.0684996469427879,-0.0780966890040614,-0.0660867909049806,0.0245182643720882,0.053794004725115,-0.0310485786298176,0.101744795304034,-0.0493428240237321,0.166807148109202,-0.00268936071206591,0.0261097597040676,-0.0455117059833696,-0.16814177577301,-0.00697692680006183,-0.0238900840658799,-0.0451417168319311,-0.0305620138615384,-0.00262493571875465,0.0105460476028931,-0.0708786578632105,0.124320084975568,-0.0346274924575484,-0.113762711214436,-0.0975911321491283,0.173757837410634,0.125879625593105,0.240554535636679,0.0996028618564669,0.0238848371702867,0.0600609378713248,-0.0123254802976322,0.0848030287321212,0.121075030139607
0.0800261859481354,-0.0217676451075224,0.108631340845781,-0.105594369220212,0.0501910706442682,-0.0662216430683207,-0.0712440375151544,-0.127402890271296,0.0365415353510175,0.180467657568652,0,0.572408804141753,0.408418637348157,0.110677767413919,0.107476490556981,-0.149086489319753,0.266685438932914,-0.0174647846109144,0.040356979522992,0.0180833544272842,0.0628353044454491,0.0886089662653756,-0.0272042957005741,0.463175466830124,0.148086158743871,0.370638979334451,0.0712971642372117,0.193043277923076,0.104336830969649,0.0828556237626047,-0.189338366099333,0.0343280192922511,-0.0670885396785311,0.0456831048258811,0.175493406394651,0.23412843031599,0.392243516796465,0.0416596749413209,0.020723893442754,0.133315808844375,0.260294308207466,0.140240967291904,0.390531874073368,0.156645617514141,-0.0186474520365404,0.16839059848487,0.11689967610316,0.111979132101307,0.0452843341043772,0.370660315834073,0.0203054219835902,0.035915760548103,0.0480585193414276,-0.0576557546366267,-0.128972611194672,-0.015963666769472,-0.00366195131599635,-0.104036114692138,0.181547985886704,0.424409765400266,0.324299340820963,0.423651627303763,-0.0496909239218658,-0.0996417251790504,-0.0518463152234865,0.0554668665435469,0.0651941955387668,0.0454266199622391,-0.0484850483390801,-0.0277458466996708,-0.101087002570547,0.071386253052392,-0.13717077553873,0.0694560348281701,0.140522402694426,0.322791454358242,0.172372274212536,0.072117044877787,-0.151855408046881,0.0424366993241604,-0.0981709480027588,-0.0199771787473665,0.300511268886678,0.276702550599933,0.109809124600202,0.0279789555064168,0.340455584713796,0.080155943661465,0.162075287062986,0.20335526926334,0.0644754172745025,0.0290910868912127,-0.0115906952137546,0.120735622107413,0.189707171863926,0.110783560712017,0.171233629150136,0.0858261652251145,-0.0776140142775725,0.335518879753665
0.0861904269262997,0.057727450230335,0.151120180817611,-0.0377200812442592,0.124030303063432,0.0197781751246688,-0.011838349945787,0.0155760107953297,0.0323704099370876,0.0569937904391515,0.572408804141753,0,0.365097873175306,-0.0301658046877823,-0.0624602156610051,0.00113966466646474,0.265376466160296,0.0949225004627104,0.184004802550769,-0.0944172259973968,-0.0152608051217075,0.176811391621764,0.0794501418857504,0.47097951592305,0.205145887724405,0.392444678353389,0.141101522723753,0.184830165518509,0.0776549254986473,0.0274444352947552,-0.0311058513807102,0.060092371694141,-0.00669552626780992,0.164620427838759,0.289877575163512,0.11164228806864,0.254081068569626,0.0745218714148542,0.124034449485553,0.0353943816922602,0.188693139233668,0.311937295972078,0.523122609949477,0.154774008789049,0.0465340543984386,0.139134183525911,0.0647116432783983,0.0315268845525249,0.0421060884687505,0.170873347322158,0.00978041827859531,0.0537277703097777,0.0911681147116477,-0.0161417129091132,-0.0513298219378567,0.0260452988143668,-0.0109003763544923,-0.0384757714023446,-0.00242257134563489,0.462502317958248,0.306518017537657,0.27653269758935,-0.0321183718352951,-0.125359361696259,-0.0135097734996559,-0.0197000214052516,-0.0556840821173636,0.139820443338989,0.071115360016902,0.0546393544185628,-0.0846162721604831,0.175445861174516,-0.0882908119728454,-0.0989501041472309,0.0690647089961571,0.314646933427259,0.137526736108203,0.0731573198642692,-0.0957575053955128,0.013550937260198,-0.0955456091280094,-0.160754920905171,0.316579930018149,0.268791238147137,0.226231143195985,0.0310881539015995,0.178297427736389,0.17848939017408,0.0919311428725704,0.0206689113692786,0.0598325741387218,0.0365698078962028,-0.0278625480054813,0.146284445287985,0.141107763243466,0.108311220620016,0.166518603961484,0.0771026656600513,-0.068689489113524,0.153124230250246
0.0948100178615673,0.197777140461046,0.0769068800181945,0.0470534579927289,0.113851080367943,-0.0808645261110853,0.0418738268721431,-0.0394499875071235,-0.00984343006270119,0.194422689129657,0.408418637348157,0.365097873175306,0,0.166294447202756,-0.107379827067889,0.0344554022557322,0.43302332337565,-0.0379207387851667,0.187496391522753,-0.188471421026494,-0.153976153093772,0.172778841116147,0.0235633652916482,0.218274572569469,0.16671878715805,0.158115952730309,0.159403535947841,0.086652497878872,0.101934006068804,0.0893881717936678,-0.0257902932403956,0.135298465622167,0.0524607763608869,0.0460704146236973,0.330683000346341,-0.0968731990180154,0.174022434991562,0.238501675645989,0.287889507220045,0.256588977192322,0.207913705782023,0.179763588971664,0.338505405017931,0.130436943528101,0.139342583676271,0.244544031194363,0.136696057352827,0.0655942649336083,-0.0821846971010596,0.126368621403568,0.0677601118987489,0.114969901866868,0.0663416637871538,0.0216433300454824,-0.0443527024374068,-0.0636897966024167,-0.0307432477307041,-0.0881308322275282,0.0120751122919048,0.230424609188625,0.240887600471599,0.68368810850867,0.117938621638807,0.00942773571946879,0.0878843394908913,-0.0534578151123927,-0.029903186853836,0.270802431807065,0.0654163206721779,-0.029221189147713,-0.049090521821722,0.207958158849319,-0.0679478321997372,0.0535551026028629,0.122340487686143,0.089168601965215,0.138385562352123,0.166012456249063,-0.0557170604086748,0.0239676215489837,-0.113020093827934,-0.0557795452743505,0.166151820327225,0.168174586081551,0.202673468753172,0.191242816067608,0.173330576962023,0.216023797360769,0.0533299337089525,-0.0346308632756741,0.0385789026406403,0.159266625279492,0.0844841227861604,0.125644905268126,0.123715935130512,0.208096466256382,0.310839218030829,0.215695027764661,-0.0790366620684246,0.0740138088607758
-0.0488881414198188,-0.0604988401158096,-0.0582119672139995,-0.0900770200845007,-0.159790596262017,-0.0453784184631559,0.0640028313932916,0.0364271585573334,0.0884055918689272,0.0035911500347724,0.110677767413919,-0.0301658046877823,0.166294447202756,0,0.429901046128101,-0.0124950942865033,0.32904671773092,0.282549726468716,0.526145520300923,0.0087202175968868,0.340194317737572,0.141895730759001,0.407956956535409,0.0610008811167011,-0.168082704106494,0.181974313388528,0.332455343151808,0.192750817809913,0.109134777763685,0.451964788746968,-0.286435831337385,0.0324057058889495,0.0357325077845578,0.215799549330085,0.102438903483655,0.111869176240853,0.0683706040504537,-0.00525168274606554,-0.0539829103281983,0.0671114899353326,0.126069590506377,-0.0428132367294412,-0.106979290339848,-0.0480377824067264,0.128081630267671,0.282567791737632,0.181338789944906,0.293635147532021,0.00750104222266249,0.096312582963587,-0.0178715964645005,0.0962164702388314,-0.0302622206046788,-0.12374134657264,0.0667790900876518,-0.0286512988834382,-0.0280250339454286,0.0672163377718591,-0.173205605936266,-0.0179605874457001,0.0163581747095586,0.0316827464162209,0.296818886335248,0.22614156215197,0.238617224678462,0.276702417554687,-0.103013416653726,0.23799872817423,0.215806910257233,0.113711004903654,0.173195218546947,0.195845050729346,0.336481417206297,0.0523338681587829,0.0708251178632802,0.0770834849980929,0.0846547318495501,0.419537973118917,-0.171046154664264,-0.0151157823494201,0.113556848752069,0.069334798845246,-0.0799145834506777,0.032969648105222,0.227359393281136,0.246567840494544,0.0629923704123173,0.268567147837653,0.188971561433823,-0.00288639950312696,-0.103251986816745,-0.0667912016554039,-0.0138229124745969,-0.018827918311144,0.00861094533143718,0.0183360637183638,0.384209697917979,0.317766813988204,0.0440890987266526,0.105797389657837
0.00859382421533975,-0.210657207164408,-0.0598213806690312,-0.143217539958724,-0.101455045034783,-0.0540818857552005,-0.0756514895211182,-0.148538445722517,0.0594087410677072,-0.0976495470417855,0.107476490556981,-0.0624602156610051,-0.107379827067889,0.429901046128101,0,-0.198951867378946,0.0662915921007309,0.137638048159583,0.191263427801037,0.310266352764106,0.452948547463433,0.0154412223786684,0.372969345161016,0.0835250617975869,-0.150019092041818,0.169622759919488,0.316018094647895,0.209485502255147,0.228090856401237,0.389485681842415,-0.177044257478892,0.0145122290229534,0.0136138765220007,0.00971204163522641,0.00127558730435636,0.285863665316925,0.137844163544444,-0.0842653963808899,-0.129746680582097,0.0113865660223654,0.0465477051537245,-0.109384977559652,-0.145550322637797,0.0738530689591287,0.0380019417688132,0.304434004096346,0.1975870692407,0.300571966338889,-0.00798033201684393,0.0897700108198156,0.0876703677516532,0.00696552288758135,0.0896844063534388,-0.0431746163346245,-0.0732693790751026,-0.0275869488430105,-0.0251654026978686,-0.0976570865373322,-0.0736537359357382,0.00342757296208786,0.0617951818005167,-0.0109977888223547,0.19054258370735,0.13684877551524,0.232319136502128,0.626708739252822,-0.00151107433549045,0.0529853580032959,0.140145458134324,0.124650889792836,0.232502995472265,0.132905222323955,0.319744126259393,-0.0310832364912406,0.134961727747682,0.0662203175250289,0.244814585799147,0.416307781193408,-0.109427206871769,0.0272868822256411,0.176849697711464,0.127893821669135,0.0539527701348507,0.132574360013245,0.193264194065656,0.238445004950449,0.16920367877256,0.225789503572286,0.199371531086087,0.168922822355915,0.009730283171602,-0.0545950700613179,-0.0266163079045231,-0.03631307464232,0.0165834448159384,0.0427098182124954,0.314380761870806,0.340546338722187,-0.0191675986567194,0.0914537707405511
0.364686243322258,0.337974185114102,0.140218227433475,0.191042679242782,-0.0294778062327995,0.103043633324399,0.153646806783881,0.0701819182061209,-0.0611213661186734,0.106608232352918,-0.149086489319753,0.00113966466646474,0.0344554022557322,-0.0124950942865033,-0.198951867378946,0,-0.136627261401244,-0.0012208616043513,-0.0250970572588916,-0.0792144703930437,-0.0676516476483985,-0.101965392571574,0.0177318009748166,-0.151104160993167,0.0960044223883955,-0.0668699661361872,-0.0477109584039729,-0.185976141619878,-0.0560717770623694,-0.076458776866875,0.0329454937145638,0.0488972822377772,0.212256250456762,-0.0726061936118128,0.0690333433854872,-0.182323899647719,-0.204934696964307,0.22626734165098,0.103616423506206,0.156744637671954,0.0690967596943969,0.00471217867445502,0.00594471688145579,-0.151392263824392,0.158688407265485,-0.0858256153102833,-0.0498601165815274,-0.036539953628515,-0.00245225082115306,-0.144808158284733,-0.054481054792359,0.120601131841961,-0.263274554738237,-0.115450745153118,0.196293192514429,0.120299309169753,-0.103255871981926,0.0156812407637011,-0.0186565214056989,-0.0791735435016557,0.0131255603187236,-0.0494949174683959,-0.0325418830131309,0.0840161417372314,-0.00585257393959622,-0.157234727231539,0.0156681039021431,0.00341164430094748,-0.0160919454868978,0.0357503069687803,0.0607518432834456,0.0503720257868394,0.0356403600221954,0.157857779371804,0.0356649522862404,0.0586805505386581,-0.1137295788734,-0.0617471299068391,-0.015786515181671,-0.206343093340997,0.0502165391151142,-0.0424004877290495,-0.0715818767538826,-0.0202715704317989,0.0268022236343878,-0.0595852710149583,-0.217677398050097,0.0302958115873639,-0.161793202226475,-0.0154277100078971,-0.321667949232442,0.104171360869062,0.104736899803943,0.14265016401694,-0.00742292691679941,-0.0441826087797002,-0.0326195059392285,-0.0348007598229458,0.0472288063671301,-0.108111509632171
-0.0200400570321564,0.00154554393408635,-0.0804344062027066,-0.0213221785968587,0.0202706111006335,-0.121773855894343,0.0864659345216319,0.062017705557475,0.0816761669235696,-0.0351816512617132,0.266685438932914,0.265376466160296,0.43302332337565,0.32904671773092,0.0662915921007309,-0.136627261401244,0,0.329975129252344,0.476526318212446,0.0298480324504181,0.169066442919443,0.453929834618846,0.26445551311208,0.437566366573763,-0.013154760323446,0.249108977821136,0.292718624593268,0.368022290675313,0.247497010463225,0.275398853426636,-0.107902781596413,0.106592863419272,-0.0182726178444204,0.418527166714505,0.32077173439376,0.0653418194143835,0.270031502034795,0.117963493520525,0.180743553603229,0.0188779193973123,0.222242549859118,0.11772781513866,0.0666170495269874,0.14968242312461,0.190670613068358,0.298925563279929,0.160965107852702,0.173957128929187,-0.0748310686132143,0.00575512163632466,0.043665395144827,0.0130894569407384,0.125268098685927,0.0815991289137437,-0.0754833369511603,-0.138992001016736,0.0130195959222889,0.0039670717833029,-0.0512327280947562,0.0641156091573119,0.159519601100639,0.239021754644664,0.210764179425921,0.141687533311472,0.223826767085835,0.0441348159094143,-0.0254419470619817,0.411520273709715,0.322826792838122,0.141583736696719,0.0802388677438714,0.326703389252414,0.162156083445307,-0.0613331561367851,0.241219568491312,0.0542443099635229,0.220405186300045,0.278084515884535,-0.12612323990722,0.0503579092267658,0.162535880124748,-0.00152627966115235,0.0584095420603731,0.0192619296007202,0.25871686108971,0.136988884081288,0.275778232396665,0.273750481331077,0.11736855299625,0.00564838268849157,0.0607354102740024,0.0239435189509284,-0.0570416819582251,-0.0645198103882837,-0.020985111573682,0.14611704614804,0.338130131621161,0.227747791197894,-0.117350051232366,-0.026790959914301
-0.0425771462456529,0.201865673967891,0.222866998752904,-0.0972582902089554,0.139149057397908,0.230140830750703,0.2742661254382,0.562551050115111,0.436483404175359,-0.226448123946796,-0.0174647846109144,0.0949225004627104,-0.0379207387851667,0.282549726468716,0.137638048159583,-0.0012208616043513,0.329975129252344,0,0.456269798132302,0.388166279191836,0.454943213848247,0.331633205132258,0.313718758435137,0.193006841953688,-0.244720241260789,0.118122344367944,0.288981989577496,0.250789201813192,0.230483178551842,0.213573949724755,-0.195150449254322,-0.18411804152272,-0.179894624632336,0.6563186589689,0.243421182666855,0.396585794448625,0.146309828768777,-0.122898456152022,-0.0638379344425022,-0.129289507553631,0.266151285436463,-0.0787888563715053,-0.068993955602063,0.087870338556935,0.117653048314375,0.153658143797699,0.256582724432642,0.3459805918404,0.205961225209664,0.123991884845022,0.0423035405803427,0.341550856641203,0.209454736822222,0.0307831108433605,0.317303565180837,0.153506279814831,0.412629636754127,0.477941227199678,-0.202919230266335,0.0321925552126924,0.106154179611908,-0.139417005109929,0.196664634954067,0.140407926582176,0.261464077952352,0.0405337897841424,0.101216762347573,0.351687939943482,0.598694730088553,0.691476587470292,0.445164432154711,0.413394516272838,0.408664212261951,0.0040430704616989,0.159873542976861,0.0114136692785906,0.230882005485586,0.201812057651159,-0.166066505136782,-0.178814333852012,0.37055087669249,0.21251890670668,0.189785268779599,0.192072303870069,0.326404694787634,0.212635336039183,0.123589354652681,0.147258029115247,0.424363466307608,0.177427692166977,-0.0325696636715355,-0.066449001149007,-0.0669228500740407,-0.0923498828215805,-0.165832958740304,-0.129677944943143,0.190419750115288,0.321639553871355,0.159201630053783,0.158797277428605
-0.0350997684828289,0.0536541976287156,-0.0232843111669709,0.00240712145552933,0.0165784860789597,0.0234586788857144,0.151223513752843,0.253821200809153,0.162185867625257,-0.101465963321111,0.040356979522992,0.184004802550769,0.187496391522753,0.526145520300923,0.191263427801037,-0.0250970572588916,0.476526318212446,0.456269798132302,0,0.0023765640308223,0.2537507858487,0.30124357128796,0.403620428298082,0.195614342189624,-0.0986384409756429,0.271756881571039,0.503449761132396,0.232439535107581,0.269023756915534,0.34849039663588,-0.239088526352951,0.0973043892084006,0.0278175366353156,0.411365708512718,0.34280123413199,0.0628132917371328,0.157533919747077,-0.0638844498244585,0.0483767141445855,-0.0879062801536481,0.0473359016003275,0.0962682911704744,-0.00978893296965387,-0.016000079614394,0.299029617425778,0.211710035090651,0.0779645270127469,0.166152090428621,0.0400870081164074,-0.0318990876054085,0.0324547600315707,0.146329033543257,0.107676334690398,0.0434810719081414,0.112879937823703,-0.0156473750444497,0.0610053737230185,0.195117415449256,-0.222816144887336,0.112275782121764,0.115972444899721,0.0267946069343656,0.366818484659224,0.191959469975465,0.351573632536724,0.161095184810846,-0.145900156860757,0.532808969754566,0.448194346698595,0.198238135295278,0.178501749540631,0.374365267499918,0.333406217883157,-0.150925539400082,0.216312074918866,0.119053629327118,0.294074849627466,0.476244202691939,-0.231929694308091,0.0377669636226882,0.193456424385267,-0.0879661650027118,0.0101340310592133,0.082265211419376,0.482707609329035,0.225751984421792,0.17412428532875,0.401195356683705,0.126529667806966,-0.139498562284933,-0.076010468536038,-0.111845440016173,-0.102722862326266,-0.053691026283839,-0.00992408669377218,0.156483618834782,0.356895906416026,0.322060717126952,0.0203601743997251,-0.0342759002560936
0.0549699876251945,-0.06808736286835,0.141516889338709,-0.155760728289286,0.032446084997219,0.17979257966044,0.110159697256226,0.168732846584689,0.270134453246014,-0.210134253701142,0.0180833544272842,-0.0944172259973968,-0.188471421026494,0.0087202175968868,0.310266352764106,-0.0792144703930437,0.0298480324504181,0.388166279191836,0.0023765640308223,0,0.326997645485033,0.139811129736135,0.161617791721283,0.0430444903133484,-0.0786286430801123,-0.016197124522467,0.115116448913749,0.150302590561146,0.204665771731576,0.025225447047714,0.0408839680383575,-0.114084004629577,-0.13108257911775,0.219632530853438,0.0251308399903834,0.560536447014284,0.184975599374095,0.0242394903186312,-0.155529902665299,-0.101414498552706,0.0132453337748887,-0.11950217090078,-0.0750581848860085,0.231989427892349,-0.132900843700116,0.0536156835662072,0.172658254793922,0.285272666750763,0.203684147818982,0.168888652639975,0.143011837041456,0.163992309862168,0.182967048145844,0.0274111897722453,0.151302111686851,0.163312483966499,0.312341899944418,0.194262566786602,0.0978422475026361,-0.0151169468818448,0.174932202360228,-0.0465372566058267,-0.103842199300443,0.0673873723925823,0.00921324741961191,0.0799610256339779,0.301369016879963,0.0643148456505121,0.266956077537105,0.428346230501999,0.223454301297275,0.194947353756566,0.259719471426086,0.0215746161948453,0.242152862573627,0.0174025413865191,0.224646713298745,0.125496190613478,0.0245309427381138,-0.139379999816909,0.35593170655554,0.304448709927277,0.307741330307431,0.177274291562578,0.17911679581071,0.0305277720608851,0.342073721349631,0.0566180024150417,0.337455967702437,0.427343763077829,0.0449122990341581,0.0463404226477941,0.0498205524437584,-0.0817698546244531,-0.0089363100386187,-0.0409874150864117,0.0255315483555659,0.215041876401895,0.169502103794457,0.242156584953633
0.00911913637287835,-0.11838199356512,0.0829346779787862,-0.211649388933396,-0.109124678000051,0.10422879503971,0.153188702527093,0.172527224592037,0.263268942705089,-0.117281763207521,0.0628353044454491,-0.0152608051217075,-0.153976153093772,0.340194317737572,0.452948547463433,-0.0676516476483985,0.169066442919443,0.454943213848247,0.2537507858487,0.326997645485033,0,0.0640160956721179,0.142752628778328,0.222193049614989,-0.196301111683212,0.0390222733658041,0.0862045591385768,0.131810694259499,0.290908382811314,0.133713119495596,-0.215917178362127,-0.194083319384747,-0.25012435973449,0.245999581685703,-0.0219122522780911,0.385903523920321,0.0839928867302958,-0.0599151621499089,-0.0929823599109327,0.0623207483080858,0.226588600131459,-0.068802883702264,-0.120744131951871,0.0437293951943026,0.10460415637673,0.0129334205950835,0.183605290819571,0.191464933200026,0.193981947229931,0.162152118226737,0.0225337987159922,0.0483304536943378,0.0989610419319708,-0.0512109243166226,0.104628059724881,0.130796887552059,0.224358266344576,0.221746840554422,-0.0319568033384773,-0.00330637313337204,0.0808668785320882,-0.185032121710195,0.103626946724513,0.192913737270869,0.313192016798347,0.335731266950835,0.172524439155519,0.128181300028878,0.310421971090269,0.425183880778903,0.605240915021875,0.216948544825606,0.370170792784644,0.208917732907558,0.15496942307904,0.059123829275803,0.170207783793536,0.0565813378318118,-0.137622860834027,-0.168789467471957,0.274923172342181,0.220013869142595,0.0955915338908906,0.104556358799568,0.0791620124481931,0.0286603380388268,0.0665222666669889,-0.0418429755000751,0.381459073097769,0.264292902723909,-0.0428696398506655,0.0201970233722072,0.0691874253830706,-0.0403740730481901,-0.0855605617647081,-0.0902665044080462,0.0458558416129832,0.164743324348446,0.17512945180328,0.129895166674379
