0,0.0139419669003501,0.346331002250141,-0.0376047544773885,-0.262975684342392,0.0990475741093541,0.399635861142644,-0.0997846069009242,-0.181816707217472,-0.100229599278092,-0.208376354448113,-0.167735060363685,-0.146773750013245,-0.229126461172313,-0.290981507819268,0.315995691399482,-0.127704388133897,-0.144468123124818,-0.253278032234085,0.0311412392199977,-0.265596214090935,-0.0944716911021944,-0.288742928942805,-0.17053005362267,0.0416823814029087,-0.0114636136166816,-0.257202991232632,-0.218739216052326,-0.116323351821543,-0.289751220946678,0.0890625241392607,0.299261246840756,0.139596150563609,-0.149249870598267,-0.156859889926888,-0.156772299398852,-0.137619470628791,0.284146693018256,0.130478234236145,0.192876477102221,-0.0153631911780827,0.0982209829048039,-0.0289121283435701,-0.173119795295874,-0.147952465604672,-0.275431728884231,-0.152682809122052,-0.229839556142104,0.24402899432576,-0.0292846366606938,0.464598631002899,0.232674571888867,0.133116054012272,-0.18092340621448,-0.0588929133189275,0.185728696051538,0.0809493259543015,-0.218620795803625,-0.0539692809413132,-0.173893538081647,-0.128451200371278,-0.174019547108294,-0.251144146752427,-0.348228489966592,-0.28378470315501,-0.256060662201467,0.290537140157662,-0.306057091769033,-0.252366636898852,-0.168645453038276,-0.0549987604449921,-0.183860778413549,-0.305628258082868,0.17123064668173,-0.193288989179208,0.161247536195725,-0.160142899499111,-0.282992177177809,-0.0678836335581398,0.215243272386172,-0.119493503477672,-0.0402902503741864,-0.0808164626008087,-0.0526680745245462,-0.182058552695923,-0.130129387957062,-0.150018379975112,-0.378691370884414,-0.0162221709821619,0.0328110169596021,0.127326489397228,0.253017329796567,0.246542576375922,0.168308881823291,0.117684209982916,-0.075540137088573,-0.225401930177811,-0.188554624320555,0.158163556831327,0.0640505001142575
0.0139419669003501,0,0.345173139836379,0.53893829298019,0.449253659704139,0.194171005269396,-0.207604434437033,0.353287075547322,0.23967294093942,-0.216334594818269,-0.109760864557391,-0.126972110963889,-0.139356765900227,0.211812857268365,0.137297938703198,0.394878227686666,-0.032887317748246,0.348342221056104,0.182529857351873,-0.0772934823981146,0.0937424197297882,0.130590980754096,0.284540244957544,-0.160855529619484,-0.233850477528427,-0.111639043719991,-0.0428072592144788,-0.0157324690562432,-0.00137785093336682,0.126492232894329,0.112617046402842,0.144432693852618,0.237753194511409,0.144557120780104,0.176816125193655,-0.131281210381838,-0.0706569746940657,-0.0946808925476072,-0.105555826256485,-0.299766292964416,-0.216173802790066,-0.171954228480348,-0.030952115251219,-0.200525920957002,-0.180942664335549,0.013978279737659,0.0531091894750115,-0.0125964020556438,-0.148946522339086,-0.174213487926627,0.339173224872501,0.579388564017144,0.353020718954681,0.614661200815391,0.330895152878805,0.137758766349372,0.469249919618635,0.236686746639105,-0.227612304615774,-0.152266261429152,-0.215970868249306,-0.176962424387302,0.0615426403152413,0.103766812489832,0.15422772772794,0.13938328908093,-0.0862459826717424,0.0808328625570261,0.159947472287648,0.287374560602586,-0.0566445025386669,-0.0130363504664807,0.268897314066964,-0.344823889827839,-0.204292663395686,-0.220310672272767,-0.0360187505096255,0.0639919644664974,0.0707565867206655,0.223923131727291,0.0294332685456527,-0.0914535045538122,-0.103029062816068,0.109219999428462,-0.102970193066291,0.127854358710697,-0.0418994338299492,-0.0482623285094222,-0.0256741257846703,-0.246946762752981,0.198187708955404,-0.133375424765356,-0.228228493543802,-0.147276608810767,-0.138113080971293,-0.17901723836407,0.0895166391647747,0.0990710247857552,0.0468063129510206,-0.1745079154214
0.346331002250141,0.345173139836379,0,-0.00416656773298471,0.168168338949185,0.652126424564421,-0.0649827133125277,0.486536729229943,0.55793994773523,-0.0393618051873588,0.036580204920739,-0.0250380253884179,-0.109278474244651,0.0938951327679387,-0.0370356385927593,-0.0622370875178945,0.0511569727924615,0.30486402337313,0.122723254079905,-0.0891869220219564,0.134747641965253,-0.145597718971452,-0.0565444947405944,-0.0927589174371602,-0.136218013951605,0.0700723961912332,-0.174633859005615,-0.116333819403305,0.0996638024330134,-0.171692735831491,-0.146571929268129,-0.122085134045524,-0.199014226917399,0.0486332066979477,-0.0635759440263461,0.181504577602073,0.015351932633199,-0.184727003645476,-0.270277755302752,-0.226098187475924,-0.163745657724472,0.0184366845471154,-0.2650868080837,-0.243964006352746,-0.197020961588608,-0.340262471990108,-0.330106377458863,-0.190060485058228,0.219052337781053,-0.0655284290179921,0.190637228730506,0.604308263689206,-0.0671523279741931,0.0926655026927157,0.681808241576386,0.693478509884995,0.492391864961334,0.52852722360067,-0.108805235370955,-0.041257040698125,-0.0907835848413042,-0.0807385006979502,0.0165634343690343,0.057461876419,0.0557759263562545,0.0186958598828274,-0.0892118913351436,0.068058404627784,0.124132902678493,0.282965381085354,0.209214904293339,-0.0129859108872111,0.0968174982888123,-0.178877396053844,-0.0370463713283442,0.0580191507866476,0.0990699103745829,-0.18491525405122,-0.119154687872513,-0.178692034937999,0.123264440793679,0.0114727492291785,-0.109106216772662,0.00381397648388737,-0.153466461002127,-0.108596193481298,0.0699283137297992,-0.174157571529609,0.206308568831673,-0.146733823409075,-0.275560082596703,-0.206291998016108,-0.206389183266154,-0.182265955396243,-0.171067967398827,-0.236476505704054,-0.278830374864349,-0.18996658434887,0.364949397112231,-0.015564881980123
-0.0376047544773885,0.53893829298019,-0.00416656773298471,0,0.507878702584895,-0.0710453022564488,-0.000294195875446217,0.0212988182183283,0.0342281752640959,-0.251220645445691,-0.22047799708233,-0.159619831566766,-0.0500467843219768,0.224351398335385,0.337070147601243,0.447706932132627,-0.0900100261952007,0.143866375910666,0.0841267195058846,-0.0824428055678782,0.102160102746632,0.178842389542373,0.4278978509056,-0.130323411762555,-0.239829927520852,-0.138545488809681,0.228659236274322,0.212567366662681,0.060450511554144,0.357163673755615,0.18598979832853,0.355497982768636,0.395663800126667,0.129764071751765,0.298308856579439,-0.136111353744467,0.0346873122396833,-0.0385187737214153,0.0508383348954222,-0.183710235555572,-0.127872342239503,-0.0873720057129162,0.146876120638498,0.0047743502011097,-0.00859875749700989,0.39404087564748,0.370135348840541,0.340280992198321,-0.225361892322604,-0.0856903615373888,0.157513363231908,0.188502317176045,0.62314393256888,0.83176385860374,0.0369883645971437,-0.0800842580929446,0.293854675075127,0.0121182066366001,-0.233894326533851,-0.229762174442465,-0.223862896457727,-0.0979352784793962,0.173406287045618,0.0858489957402825,0.213511007837524,0.340420545098524,0.153206209327406,0.0835966718321686,0.0361193370864283,0.0555742816734658,-0.168304371657295,0.0573748725618309,0.327457201442109,-0.15662658505593,-0.224808705022007,-0.227415719491698,-0.00155636999492779,0.375431586107338,0.0864043850251638,0.497854358046433,-0.113092456303659,-0.101070527869085,-0.061647495112769,0.111947853201134,0.120796617352362,0.303665957745784,0.02688305847022,0.201192479164908,-0.0274525113412829,-0.214132449416643,0.398628280749209,-0.0591790616635652,-0.0126081073762729,-0.0423776391164923,-0.0246765444200458,0.044275968989474,0.469173793645943,0.396039639423746,-0.112224016499143,-0.1043113004887
-0.262975684342392,0.449253659704139,0.168168338949185,0.507878702584895,0,0.354212991732202,-0.300253487975636,0.491984164815958,0.549421897212874,-0.13852863934165,0.102011626434894,-0.00926770320691222,0.0801708950186883,0.429620384195916,0.415920030058485,-0.0715208013545481,0.124700535351572,0.470151316354409,0.314257891498926,0.0288249226391415,0.354659694358655,0.177793161969571,0.478559306431289,-0.0142237672514513,-0.143395152651262,-0.076558326197842,0.211403197124735,0.117745878781872,0.265917279471566,0.265311220019679,-0.0881147627279971,-0.115313879806025,-0.0436214594832863,0.322277897141013,0.396288090634814,0.181701434308551,0.145326560511077,-0.271723864682643,-0.137890794065599,-0.351380330863311,-0.105925036087294,-0.219320711412094,0.010132343013045,0.0465445406501303,0.0402405808792545,0.279626796998328,0.217679912429041,0.238976539238989,0.0465371945719185,0.0148821304705677,-0.243383007957647,0.0730019798206058,0.0708764758992955,0.692463656873411,0.43632658163172,0.178021952792096,0.421107611172488,0.496942067391408,-0.0722435794444568,0.0925981978184111,-0.047522605603251,0.0489542872612487,0.342420780701544,0.332618563505753,0.39643960249816,0.395318186192702,0.00895709323681489,0.337766660206885,0.244518217620225,0.354293363096826,0.0420246328592674,0.137178159285078,0.447359316666949,-0.190097463359697,0.00585442321238285,-0.185394090562743,0.215171263778626,0.260880934901498,0.0113414604623058,-0.00181552334641022,-0.0290908091502347,0.0269085679013519,-0.0257692293702141,0.222927051561059,0.0754859974715275,0.307715642631119,0.206943874377393,0.210092530458131,0.191677493899702,-0.20736300240692,-0.0533310880863437,-0.124088418284442,-0.119086377986904,-0.211789655842952,-0.186284391232201,-0.000749416167223755,0.360718678690344,0.336185773233958,0.17074024170233,-0.0712293721949847
0.0990475741093541,0.194171005269396,0.652126424564421,-0.0710453022564488,0.354212991732202,0,-0.00839405456889993,0.658635399849457,0.747436433247162,0.0451807571058618,0.227084668800976,0.00318233566681301,0.0592165848480203,0.27536191583615,0.193777620670178,-0.285033832554561,0.149628605959052,0.347958210624317,0.197883502260911,-0.0742469456755177,0.288263763129092,-0.123310233027168,0.0725991712970641,-0.112396033389078,0.0922442728976572,-0.043846357186669,-0.121979823868006,0.0167441653685763,0.174291418192025,-0.0311415687503822,-0.300704481766913,-0.242940651600188,-0.310099764398126,0.020215197501653,0.0174859508644041,0.167050557342027,-0.046231699797469,-0.178357407255201,-0.189312498945146,-0.222785336603618,-0.288639954544195,-0.243561596290891,-0.308203001709377,-0.240232686883447,-0.222096638866734,-0.218894270280763,-0.243538655943769,-0.183906687474549,0.436092877310736,-0.129416976547453,-0.196900727106333,0.315549695246146,-0.216161149455365,0.112667624123395,0.814892405964429,0.805515640405277,0.515887702262143,0.702445996474323,0.156653916562006,0.174548719669508,0.027701030417376,0.029874482990617,0.188413017596286,0.253674118347891,0.222875397200755,0.219865078917103,-0.112078695363476,0.189892919985758,0.0784871794689328,0.263521816055443,0.211262243652975,-0.0333086302556974,0.172427769249628,-0.0552499999449905,0.0323452519989357,0.0107777986907691,0.147072346593996,-0.0211327886564681,-0.196347764785913,-0.290183017718833,-0.00520718580548641,-0.132872002989677,-0.234010415803912,-0.00459901078606237,-0.162931136009645,-0.061915503002793,0.0324201955133503,-0.0535257884314929,0.113414396532657,-0.281526988576775,-0.394277912039699,0.0191883217348983,-0.020610827645257,-0.409108249983677,-0.249184306367576,-0.285169848013663,-0.182181798951208,-0.144663332531658,0.469722644383367,-0.125154401111562
0.399635861142644,-0.207604434437033,-0.0649827133125277,-0.000294195875446217,-0.300253487975636,-0.00839405456889993,0,-0.128395576621906,-0.205994326022668,-0.13742903434902,-0.344020426054622,-0.386345728822077,-0.253563272946437,-0.398014119946816,-0.313057743291558,0.309671378783702,-0.367135287983845,-0.371773904840711,-0.340185421119123,-0.0333720560522932,-0.292208204779302,-0.128836311104963,-0.244122640454061,-0.338815374144819,0.134327245622684,-0.303299148850074,-0.0163396287230687,-0.203339095460412,-0.269101433749344,-0.229021791763944,0.129558789166616,0.345323137483368,0.206094733167386,-0.291760245139659,-0.147463241737928,-0.140803875928918,-0.282914802188644,0.569511267807941,0.524264508182671,0.650501469783635,0.163061403831718,-0.0376645460020659,0.128055420987208,-0.164200848673607,-0.026481183170008,0.0462744623010281,0.12783806536857,0.0153031314468055,0.149671462358526,0.00727198853722725,0.11018871688561,0.00232787496386372,0.257556733015428,-0.185949056619179,-0.121702895350395,0.0270939931754559,0.107244018607252,-0.153815425408834,-0.0067669401046919,-0.230337200391069,-0.227971965176688,-0.264557964739003,-0.36401671319472,-0.444535647221515,-0.374906558655493,-0.290287392108608,0.424585506247872,-0.383204353451539,-0.354222276692995,-0.275480128062204,-0.214752860519416,-0.221297521482709,-0.346440718589214,0.588160219661723,-0.26039170576453,-0.0888203395263789,-0.330862547399588,-0.177346276825953,0.0337769743892697,0.235800710843009,-0.172712129718182,-0.0473744355864371,-0.153641686621453,-0.165955633804703,-0.0492247713504366,-0.0722588245581646,-0.275118748273382,-0.244212672998967,-0.0636804850756406,0.227943789101641,0.239767878340656,0.529811524420924,0.617271041464832,0.141263140892861,0.242495172614501,-0.0481009054329333,0.00958224898516916,-0.00830083909875317,0.0748855053584966,0.0975392035993351
-0.0997846069009242,0.353287075547322,0.486536729229943,0.0212988182183283,0.491984164815958,0.658635399849457,-0.128395576621906,0,0.785070424417794,-0.0981816772634439,0.194756014845489,-0.0287803849548422,-0.0847729864827817,0.386231170522635,0.159929931284949,-0.242619618823779,0.265063426928831,0.665395642486541,0.479420043121601,-0.0416369325897209,0.435028067754277,0.160897897821283,0.276545312167571,0.00393580573065076,0.000270064850203419,0.0138174193585984,-0.0879772276969942,-0.106134188112955,0.25492075193557,-0.0607237641141409,-0.292177580637,-0.341240753685181,-0.394239314057418,0.296734337803362,0.241627138334479,0.23611407069522,0.11259340848907,-0.124964238409574,-0.061700898128616,-0.151419703341716,-0.077416154892556,-0.201140673000222,-0.155460939366068,-0.169862098563391,-0.127892042813074,-0.177507338031298,-0.148763412138224,-0.147946629005492,0.30783887006956,0.0152548149059936,-0.354429810258163,0.315685929381384,-0.246229485435765,0.271590702849757,0.697131966764845,0.463397978021112,0.684747505126617,0.828087410671777,-0.0477243940123963,0.120558844019936,-0.0751641106502075,-0.0867679941150352,0.194755634624838,0.302701082813532,0.309675245274832,0.19431094784862,-0.000764328084201249,0.385924250990148,0.420616055380241,0.652170426835302,0.156740470132258,0.196368713853428,0.419271256586351,-0.137475356842769,0.1332425192682,0.0192914891908297,0.188987957655341,-0.0588118898127277,-0.113881759033422,-0.371498597820495,0.228803549612439,0.0830824379963276,-0.116833360937424,0.201832987472747,-0.113599249275799,0.106826009288135,0.214562863084821,-0.0144189259441124,0.284538134278189,-0.168928956920468,-0.468073781855201,-0.0255384327034287,-0.0697642216089503,-0.247280145696556,-0.178790743001806,-0.188623094434596,-0.0977526599428798,-0.0305844681807243,0.384673794728023,0.00883651784107521
-0.181816707217472,0.23967294093942,0.55793994773523,0.0342281752640959,0.549421897212874,0.747436433247162,-0.205994326022668,0.785070424417794,0,0.0155023179503656,0.266220213248128,0.0651971652211373,0.106586053970748,0.411425165782526,0.283530129297039,-0.442055109699547,0.225868765016662,0.58356347433981,0.387202676885118,0.010280796822543,0.451410828552482,0.0362106379451904,0.24686260151819,-0.0112800305736251,-0.0910654233622541,0.0448540391579803,0.0235385485234512,0.0412042793028454,0.343873677688958,-6.44534018468366e-05,-0.369320721890845,-0.446006471105321,-0.451041576207289,0.308383177359753,0.251249238440183,0.435245406397194,0.241681716034625,-0.257399359230196,-0.110047991302991,-0.203508316582292,-0.0487878916886743,-0.125943436012934,-0.125894229848034,-0.0205704191227454,-0.0339883607297802,-0.0823099192618044,-0.0808884173376218,-0.00899263862803865,0.35175162128879,0.136213536231062,-0.415062938733472,0.219220633048204,-0.309398088981578,0.290974883403546,0.802572637743039,0.609468534150142,0.558422501521503,0.888492079863824,0.0328553462803134,0.205392826182356,0.0281492002017288,0.107394305286272,0.365569498553589,0.412134607031505,0.389744442353873,0.328734983750245,-0.0381328357525256,0.394358954504402,0.344945911521507,0.531540732992886,0.251414435965977,0.195596067265741,0.396229788217273,-0.0939860230558365,0.121988877180084,-0.00528098819561781,0.299482356246386,0.0640540964046553,-0.193625291124,-0.440690778612864,0.104848181704879,0.116501451329328,-0.0735045805040495,0.184626703407725,-0.0531915887071675,0.147356832717575,0.329798692300055,0.122199990538758,0.368682565702732,-0.181542429940351,-0.495974747033967,-0.165761511974891,-0.112458458698687,-0.27310411145983,-0.189226169735868,-0.116608221177534,-0.013864120831949,0.0383595309786238,0.449012029034822,0.100855784050657
-0.100229599278092,-0.216334594818269,-0.0393618051873588,-0.251220645445691,-0.13852863934165,0.0451807571058618,-0.13742903434902,-0.0981816772634439,0.0155023179503656,0,0.563534093573697,0.66750539697804,0.37239200793983,0.0636704363011651,0.100358017363775,-0.324164185975925,0.199967863369894,-0.0476658167441544,0.00389308319810297,0.0483273924050971,0.0682887432432128,-0.193729777931849,-0.191087195292426,0.306738114763135,0.402270111981623,0.366726876601174,-0.337940198299913,0.0016034279862618,0.111971172238704,-0.0979207147802997,-0.0875378268190679,-0.168641373420759,-0.288131103940714,-0.112918176970952,-0.32515310910154,-0.0736682356964446,0.0825868677092779,0.0961610630796907,0.00278014288491734,0.113885007185522,-0.0918946002232946,0.234117386077874,-0.0906630699000311,0.0644651491988831,-0.277861514486378,-0.295455955450152,-0.342158692726712,-0.3225577675644,-0.00105160995371004,0.0985642203934784,-0.151903035135354,-0.136526650170913,-0.25537109706566,-0.188709889059289,-0.0368709336230743,0.0476318861357941,-0.228008300872465,-0.0134286311572719,0.722507819657971,0.685743797452094,0.677834205675226,0.404839803894445,0.280597560092212,0.187554661498517,0.11505390556271,0.0732225320668619,-0.29007365579295,0.135068492945667,0.022444270321866,-0.017353063767138,0.236465906237807,0.16159211393089,-0.193564644657096,0.075269132849724,0.507830514438009,0.432234614763206,0.292002737693448,0.018502222789447,-0.0362294832822902,-0.196240792768013,-0.099828556910264,-0.0620612876216174,-0.0693613688631818,-0.149001149457214,-0.324548478709248,-0.287942739358494,0.0989721025886759,-0.0256218046004826,-0.00628111398334817,-0.0104003502026459,-0.208460094804236,0.129695953346767,0.0723609527244115,0.152174905598063,0.214352109352283,-0.0173114766757083,-0.210775855276907,-0.283458647746922,0.0279467448545731,0.127874316916929
-0.208376354448113,-0.109760864557391,0.036580204920739,-0.22047799708233,0.102011626434894,0.227084668800976,-0.344020426054622,0.194756014845489,0.266220213248128,0.563534093573697,0,0.684362077578545,0.49940867232605,0.446027719584284,0.45821799658425,-0.41426518701785,0.417628471171545,0.208524503622285,0.283110072986453,0.16614147260378,0.341190024256857,-0.0439767471242004,0.120515249477669,0.455848008689196,0.309694545228706,0.407435830326018,-0.135810651700131,0.128676829162395,0.334871810631319,0.195570156296864,-0.312342440143106,-0.279210260566556,-0.436737354128204,0.0180032975271483,-0.102498958291126,0.0337361433204389,0.145608738582049,-0.126599810781562,-0.143348525107736,-0.143380002449871,-0.161400599303592,-0.0583613048750123,-0.180680787789335,0.0741832892736594,-0.241898140724311,-0.131181860386401,-0.216932172862326,-0.157430251434708,0.116918808137255,0.0688301849678176,-0.317234426422686,-0.170724785440661,-0.341755647722042,-0.0674497606523,0.162921731802382,0.137283455758128,-0.0582780525588383,0.241021024154364,0.547217629760713,0.765635220969158,0.637159884080605,0.506131489047109,0.472698212343673,0.404383121178678,0.41143124280024,0.383555872491494,-0.295648917254174,0.374993750702269,0.129287358898595,0.135138432729418,0.304407956810366,0.175788047931003,0.0916812813289701,-0.0709490682222713,0.591668920139535,0.346771923284369,0.457964723372125,0.254085850868104,-0.134831979743599,-0.26225790183104,0.0323101292448429,-0.113416191886803,-0.152536599911328,-0.073045938814881,-0.129351942187277,-0.161877825375272,0.205253332650649,0.138804012747587,0.0071327900739222,-0.0663768426591045,-0.357708948643972,0.0432990736966332,-0.102102911025391,-0.117964076145232,-0.0971783761036487,-0.0570135531486777,-0.035915648472163,-0.0864705938197202,0.140052830804534,0.0651002283054016
-0.167735060363685,-0.126972110963889,-0.0250380253884179,-0.159619831566766,-0.00926770320691222,0.00318233566681301,-0.386345728822077,-0.0287803849548422,0.0651971652211373,0.66750539697804,0.684362077578545,0,0.59690620683984,0.365298090511187,0.351617788977551,-0.368437361581933,0.463825043989264,0.204191033881579,0.254693759571261,0.207184559089563,0.323145056386601,0.0613978813122597,0.0590339719834374,0.635457099233875,0.205040046089134,0.676420195186427,-0.181496483846984,0.187364690142966,0.414325623791818,0.101065073541051,-0.287913647480367,-0.324291115590355,-0.382760322571263,0.12713264000395,-0.105420994287875,-0.00455248893039759,0.284113730874471,-0.137653104397109,-0.130344226709034,-0.135066573917575,0.000869345049901223,0.300393565976501,0.0727508491789656,0.170640564725452,-0.120883600715714,-0.168218484528041,-0.182412737221182,-0.22598608562373,-0.0852155196482843,0.138167693784217,-0.242666173117845,-0.216681747206411,-0.307379141109787,-0.0759863991878946,-0.0589837578660103,-0.0264975358205836,-0.224930322408916,0.0363683651325131,0.508040479552444,0.733985380572505,0.754477300808432,0.583678071501156,0.530814725616813,0.362475510774249,0.460280589238091,0.319150989597879,-0.366575936278311,0.413981826161957,0.254607357505447,0.136770165762015,0.440254522932854,0.392794618702229,0.0722057144541628,-0.152895525565656,0.624273333302792,0.584188637480419,0.596943702138434,0.216836524079943,-0.180022271185848,-0.27160455930671,0.131820385417734,0.0272796730617101,0.0733397053584532,0.0782572166797128,-0.103406528647949,-0.100703681207486,0.309889828948087,0.160626986621974,0.0945718303213971,-0.0274910584675682,-0.301150949022256,-0.148091861984018,-0.1328090376125,0.0933321739003011,0.196168122164094,0.00897237870792954,-0.0494996682591118,-0.110789943635638,-0.0548852807805187,0.104561946711449
-0.146773750013245,-0.139356765900227,-0.109278474244651,-0.0500467843219768,0.0801708950186883,0.0592165848480203,-0.253563272946437,-0.0847729864827817,0.106586053970748,0.37239200793983,0.49940867232605,0.59690620683984,0,0.434834024097451,0.453297242695851,-0.40794606396375,0.447032234443441,0.121735919081793,0.15442791769051,0.249218273041206,0.329228838388344,0.189895085177305,0.179015182707889,0.384240867909233,-0.0373708252040073,0.460808274244396,0.0592382338092659,0.465352984330635,0.47478869808399,0.23576954724601,-0.401852284698547,-0.309507397197132,-0.312045837383303,0.14153079587408,0.136590809441169,0.039940127530035,0.366692759632264,-0.163072659156543,-0.0157027519282865,-0.106186485816568,-0.0170277139419653,0.186851871937449,0.225172418964528,0.371898041724096,0.0561206772942461,0.126260807999556,0.170402969168165,0.00620963297281803,-0.000552307310375598,0.243239148244707,-0.269499114042557,-0.267913162443383,-0.255546382907873,0.0578543428309904,0.0117828317599099,-0.00304776566839212,-0.183870697262519,0.0526032352261498,0.331951395210903,0.480954846774329,0.546146156437642,0.859377483802313,0.719939561748368,0.382079462462513,0.477135481709554,0.472615845174399,-0.220662914365515,0.409388877424494,0.091863116716905,0.0151288241923196,0.31197309222967,0.322581195317669,0.180575076362254,-0.0408179321740662,0.305931217880445,0.28905792217876,0.533180990373163,0.410734699114818,-0.368697613569688,-0.21183456985194,-0.133355239524415,-0.043485271932324,0.0280931281074701,0.167137876686632,0.0405256399645809,0.138286236942137,0.385006334586406,0.34649677946394,0.07298127103509,-0.207121886902966,-0.231791609916771,-0.176966100242992,-0.0112070294725766,-0.0475728284035106,0.0639771946665691,0.10709831733233,0.183153783208916,0.163837801627095,-0.0515663546655798,0.161760164997881
-0.229126461172313,0.211812857268365,0.0938951327679387,0.224351398335385,0.429620384195916,0.27536191583615,-0.398014119946816,0.386231170522635,0.411425165782526,0.0636704363011651,0.446027719584284,0.365298090511187,0.434834024097451,0,0.737800115064994,-0.27680063666988,0.599477107444831,0.495497955814693,0.660129676331487,0.169844991919464,0.66396086366058,0.325119602599143,0.660764375226964,0.343795447498161,-0.0321910876769474,0.359705742360525,0.258816474749688,0.467503444363566,0.531851003791731,0.526972963720826,-0.44511538016181,-0.301616721935431,-0.329730916611858,0.244278287394713,0.400005189204067,0.0375574955179597,0.258785938103977,-0.326772941875124,-0.189481564424951,-0.416296874402508,-0.219309270151236,-0.0392538812607592,0.0771491646380152,0.157205215193113,0.0461668823807321,0.240821164197905,0.217091595160351,0.23230494958853,0.086822491494462,0.0499958768622819,-0.326344929382216,-0.0081722974628371,-0.127306992383986,0.385933190898236,0.286126592980925,0.140102618683519,0.166152297995124,0.392341280742413,0.114821315872316,0.334022049561396,0.208400270728489,0.35637771503424,0.672709746979521,0.702867878356182,0.751219681869308,0.752335000234351,-0.202297214994369,0.632801616134157,0.326127866123077,0.310499768810577,0.315030405147292,0.351575874289366,0.650060448360688,-0.355438899252953,0.347722748791268,0.190730014186647,0.482273641061734,0.569988347319019,-0.331482427301084,-0.209607643551946,0.134159207371317,-0.173814834986845,-0.0103213421556128,0.243363571516614,0.207817633495489,0.174246003859061,0.288645800038377,0.428148836143988,0.0578765640779212,-0.428638045583487,-0.364431279448491,-0.207663923549462,-0.198727468190914,-0.266403738828716,-0.120007255189096,0.053294531269872,0.342213247397799,0.388346810947022,0.0899349102634977,-0.0123088663230302
-0.290981507819268,0.137297938703198,-0.0370356385927593,0.337070147601243,0.415920030058485,0.193777620670178,-0.313057743291558,0.159929931284949,0.283530129297039,0.100358017363775,0.45821799658425,0.351617788977551,0.453297242695851,0.737800115064994,0,-0.183181029411857,0.273600115258807,0.298559666807995,0.337559026782629,0.172801324905822,0.646900800778381,0.139658426616319,0.619596402093483,0.251314243720469,-0.0398974131970622,0.244568815842265,0.381748604889616,0.617556291823829,0.509747349154406,0.646543173472221,-0.341449624438114,-0.140798097663018,-0.161958584367364,0.119959608293898,0.331453025462125,-0.00448013340925479,0.188575620608483,-0.300961755734878,-0.148491836004395,-0.380485546921056,-0.26447079204476,-0.118382753006672,0.0505174262524763,0.169358509065812,0.0109310567088253,0.414984820654121,0.303597146929076,0.353113259615601,-0.00414967048762631,-0.0344945190827823,-0.249467540806121,-0.107115213475508,0.0423443958400167,0.42106267056873,0.198841424133209,0.143146994209004,0.0577502143007935,0.232765448597122,0.205463525105203,0.34540129398543,0.279185665194459,0.357322799119348,0.620777377405405,0.5488142801634,0.736173833909657,0.896032486019677,-0.262017006722437,0.409997584893789,0.115804107496764,0.0899140458617626,0.362900798098844,0.1997084298563,0.50786538068978,-0.291128164984799,0.242703783603133,0.0925079124223485,0.489507696582745,0.737180785153852,-0.295949318880625,-0.0178792091318138,-0.0083616480600308,-0.247761349519095,-0.0848310417394027,0.0880779358771654,0.268926592789844,0.148237769828751,0.178502944888324,0.569411900871367,-0.0638761274791056,-0.409585722655314,-0.152142118521186,-0.153451068613191,-0.151894144884544,-0.305840016962406,-0.172225918013028,0.0537241189183359,0.483389205807527,0.424855364413046,-0.00775326420003203,-0.147435347952758
0.315995691399482,0.394878227686666,-0.0622370875178945,0.447706932132627,-0.0715208013545481,-0.285033832554561,0.309671378783702,-0.242619618823779,-0.442055109699547,-0.324164185975925,-0.41426518701785,-0.368437361581933,-0.40794606396375,-0.27680063666988,-0.183181029411857,0,-0.396425546134302,-0.262762333982059,-0.295868118337114,-0.15314792972258,-0.385072858806343,-0.00495562866825977,0.041698610437076,-0.264527429997338,-0.0264095790395418,-0.349002441442151,-0.0100577699810739,-0.210913560093643,-0.430033842361908,0.110274711861495,0.523154124519516,0.721210634257384,0.747923403330929,-0.207780208509901,-0.069774879431964,-0.447433547659432,-0.459666771047474,0.234737794479531,0.0720735307856319,0.0578672508706512,-0.128592006788088,-0.23719744022438,-0.0602551466343416,-0.352138837814455,-0.194225552240933,0.0959931767723223,0.125979337856647,0.0400896363007023,-0.369414268069871,-0.404049404915537,0.661836561031656,0.297766046678701,0.720079752937336,0.21954418836953,-0.229074442159386,-0.204980153529047,0.0517202233088793,-0.394392566561286,-0.236712123319494,-0.385030154478555,-0.31555664457548,-0.442755745750996,-0.471280151532329,-0.46137833110436,-0.361283922077036,-0.251711596993483,0.111249806997486,-0.44895818056846,-0.306440037849219,-0.271670947992334,-0.444880125539864,-0.351188033477416,-0.189819410939087,-0.0746011050641836,-0.39524543339249,-0.280251632592578,-0.463345908172687,-0.0492638453072205,0.345751636132695,0.739208755650321,-0.121205905897764,-0.190858253482509,-0.178039710238341,-0.1630085290503,-0.0253302881747922,-0.0683427885466558,-0.464253767191223,-0.289689720901835,-0.351254927452839,0.0445873385596861,0.697855823706182,0.189810864779941,0.0411044321667241,0.0647952845751059,-0.0208769377070383,-0.175145847671461,0.0970065276654898,0.0229509597783854,-0.300042776115103,-0.329955415685023
-0.127704388133897,-0.032887317748246,0.0511569727924615,-0.0900100261952007,0.124700535351572,0.149628605959052,-0.367135287983845,0.265063426928831,0.225868765016662,0.199967863369894,0.417628471171545,0.463825043989264,0.447032234443441,0.599477107444831,0.273600115258807,-0.396425546134302,0,0.387869471216941,0.706833252139989,0.117919777361135,0.44709376185334,0.351121331320909,0.253879410895088,0.547201230296833,0.0672818919300269,0.466628395052245,-0.0263289698912446,0.196246609542554,0.428027362327757,0.136717427353875,-0.344447402173996,-0.401387819426445,-0.477513447196776,0.275083780003463,0.16810607001177,0.0720869858866968,0.3491232904654,-0.181713816909989,-0.113732627016077,-0.220978435091385,0.0166768899201626,0.19227851918441,0.0852741764111652,0.241219501409621,0.142363790824011,-0.0368480128752509,-0.0247442337351059,-0.0527386333168751,0.126758665917193,0.187772438781425,-0.401875055924923,-0.125599267497175,-0.335016283341943,0.0497069580553998,0.0878934964323284,-0.0188670504219418,0.0161566625033115,0.224371006348454,0.157296780754491,0.34913307479341,0.313916334701732,0.391955221583853,0.500024048559455,0.526678908936629,0.462443626401613,0.307479298286102,-0.156738481964517,0.674639021765127,0.436213439147702,0.315917342988948,0.24788220723359,0.43806579239362,0.385251408061339,-0.23685780035899,0.511558700643255,0.388832041985812,0.431868552193781,0.169732376855973,-0.239602162966166,-0.367807390196274,0.19774077332035,0.0258995657952278,0.134084867651713,0.268932546418401,0.0193770641908583,0.0771263194078733,0.357373261087416,0.160575953732707,0.161826492640764,-0.181458870522407,-0.452960850601164,-0.189366108735565,-0.140041532069904,-0.0442328391697512,0.0412820918234519,0.0896991100724469,0.0467647369402605,0.0957474364132183,0.0556340558078601,0.166565181247922
-0.144468123124818,0.348342221056104,0.30486402337313,0.143866375910666,0.470151316354409,0.347958210624317,-0.371773904840711,0.665395642486541,0.58356347433981,-0.0476658167441544,0.208524503622285,0.204191033881579,0.121735919081793,0.495497955814693,0.298559666807995,-0.262762333982059,0.387869471216941,0,0.578596242840437,0.289143289981022,0.569889621882134,0.49014959058249,0.418517740650115,0.318847681357982,-0.18852245282253,0.281465989491813,0.0225923394104512,0.112939610244086,0.555772270814554,-0.0415574764026968,-0.36033895677608,-0.511337402170998,-0.464095357113617,0.700437938245241,0.500396881816807,0.327082379252065,0.451688779414988,-0.31139269931055,-0.112850034409012,-0.275780655677466,0.144833018380717,0.0834998972996393,0.15084569209163,0.118979622818775,0.0926849065341651,-0.0608541503991233,-0.0255436023855508,-0.0564143103127864,0.20992346889507,0.2315471298021,-0.363086508708458,0.136845371671796,-0.245396229863789,0.402934394664738,0.395181173967329,0.218855914425182,0.546484733592594,0.578303954044143,-0.145210258482391,0.152476695794542,-0.0218454442951901,0.0499470910527694,0.455491384622806,0.446135340608224,0.555305009838062,0.382587008471066,-0.0162376336117956,0.598921088364002,0.730970674248583,0.846705067268633,0.39732773399048,0.528089872179938,0.595543779818792,-0.326672783961781,0.225922598591391,0.19146013761188,0.492086183942093,0.0568112033968325,-0.249168884834974,-0.425313566580462,0.406882968319822,0.260548492222199,0.165928752391296,0.53028813765442,0.035437606699044,0.343953402159111,0.490674210148554,0.228152108604536,0.518346406033227,-0.173888537321285,-0.491655197279642,-0.273270251933182,-0.211563653960864,-0.129476593853645,0.018893683363185,0.00929324038078186,0.058008266743836,0.132426153276639,0.346489898831153,0.140544716867255
-0.253278032234085,0.182529857351873,0.122723254079905,0.0841267195058846,0.314257891498926,0.197883502260911,-0.340185421119123,0.479420043121601,0.387202676885118,0.00389308319810297,0.283110072986453,0.254693759571261,0.15442791769051,0.660129676331487,0.337559026782629,-0.295868118337114,0.706833252139989,0.578596242840437,0,0.075524378753682,0.579077691202113,0.451202997188654,0.465802136872003,0.45309226096789,-0.1398716956656,0.349447501252663,0.1233525336924,0.182091671443883,0.484385593033656,0.210960384730704,-0.339144913397856,-0.425489697820222,-0.445446390558278,0.418304984480999,0.328742095438618,0.132672206614967,0.342743471883993,-0.242898432164873,-0.106984910928144,-0.27871785277323,0.0503938056401583,0.0948626528186289,0.144375178989464,0.139715441525731,0.156406315916764,0.0986353214241027,0.06487362079235,0.0976470330224845,0.0707729262049504,0.176677640624675,-0.427243765181538,0.0368257144874539,-0.221510993343831,0.255815411198236,0.225115661924805,0.0393917522793123,0.241040348063935,0.417173870455832,-0.0443735278492027,0.186369579663416,0.047253035934624,0.0745122630333528,0.445800375259816,0.604985634427629,0.587627944833632,0.394764533617165,-0.0986716522450831,0.752094325194578,0.608277133363429,0.504610414682105,0.201209120903183,0.53307817048414,0.596408741016511,-0.304136823423348,0.416677837422045,0.204103283003414,0.435536940697837,0.231446708112839,-0.221738171341636,-0.339949933651795,0.383720599145922,0.0402234766455802,0.105791302268255,0.345915908203201,0.111141363059149,0.160385003980524,0.378597257082635,0.243509596418777,0.224710547342633,-0.213078795769386,-0.464277527548457,-0.241956765345423,-0.180664793731606,-0.165298224908018,0.018635227435915,0.0703916783083058,0.180018911062401,0.22528601132464,0.0881652506669858,0.136226405972406
0.0311412392199977,-0.0772934823981146,-0.0891869220219564,-0.0824428055678782,0.0288249226391415,-0.0742469456755177,-0.0333720560522932,-0.0416369325897209,0.010280796822543,0.0483273924050971,0.16614147260378,0.207184559089563,0.249218273041206,0.169844991919464,0.172801324905822,-0.15314792972258,0.117919777361135,0.289143289981022,0.075524378753682,0,0.238161643049437,0.20501817860325,0.0392993001049324,0.2274127548199,-0.0931310304333084,0.269822079401527,0.176247125498818,0.155067137201009,0.414483874090748,-0.0672516966340146,-0.275145407920043,-0.223321925085908,-0.255845148537618,0.327454681235465,0.239704958161699,0.261173868715335,0.24859013762656,-0.00182814735503507,0.0675726030988502,0.0510708401609609,0.29893508958854,0.174357537232469,0.308304152423877,0.263981249037071,0.293939848055932,0.0638097272350511,0.052717961823631,0.0355918543392627,0.169527995707709,0.342473827680056,-0.142629727107742,-0.159506034935402,-0.0841462697845241,0.0371903279221128,-0.0882443293828474,-0.0151347032780194,0.03623430062687,-0.00272413530631394,-0.0107044812015876,0.162971997242607,0.0358550800051567,0.158582924023124,0.303949190706084,0.145154300062074,0.302511263221441,0.21951491090055,0.112308875495499,0.196331359658906,0.171853100180963,0.203873494707503,0.429187094681301,0.194867636943202,-0.00173517906883355,-0.0586457134480939,0.0422795807207437,0.16272907572706,0.397923500520187,0.0627802818223881,-0.331782474107224,-0.186242304049837,0.0453107929321037,0.149533878333817,0.27425275219682,0.27054463711064,0.180974678263487,0.135393914484993,0.217199259632203,0.215967023929394,0.333409166666178,0.0384576433190185,-0.168261067424993,-0.124771900430236,-0.0124730760497532,0.0235579056803901,0.149750486708273,0.15113612854415,0.119637724739763,0.143347179887651,0.154935794463074,0.203948925739035
-0.265596214090935,0.0937424197297882,0.134747641965253,0.102160102746632,0.354659694358655,0.288263763129092,-0.292208204779302,0.435028067754277,0.451410828552482,0.0682887432432128,0.341190024256857,0.323145056386601,0.329228838388344,0.66396086366058,0.646900800778381,-0.385072858806343,0.44709376185334,0.569889621882134,0.579077691202113,0.238161643049437,0,0.257376369388516,0.504324885708225,0.36319063999992,-0.078024752323456,0.393840664270395,0.2501866580619,0.453832357073944,0.680219098139513,0.276240571139363,-0.43226441652367,-0.409440827214364,-0.464134151738535,0.340779359354624,0.374839831987811,0.141613419110465,0.389428820148791,-0.276732902068091,-0.12074896000073,-0.301211433725413,-0.0538478416640467,0.126239616539834,0.210719033407852,0.23667483801863,0.179800612342747,0.20255371303475,0.12436643554051,0.15938469475863,0.138147347961593,0.135571098211915,-0.421062938249712,-0.0270179579078005,-0.201235899444082,0.278910938602639,0.302114300677068,0.183156989042755,0.224391571577264,0.448216191143251,0.0407697366765513,0.234711419311092,0.148367475278057,0.254713433601069,0.590170326618431,0.533487968385353,0.76476216638853,0.723643003913336,-0.155405057647957,0.618878774608178,0.44731278634844,0.440338248434183,0.600498330578294,0.477096296512362,0.583857911070676,-0.252685475691395,0.349607538031893,0.245007072730286,0.608825065270844,0.412908014994478,-0.361089676528048,-0.368259937490275,0.253818656525414,-0.0146438163782657,0.119017847133398,0.309222627499884,0.209521103607309,0.148256827859623,0.392845116732097,0.497488853062273,0.202040449003505,-0.320082333567275,-0.459449688301222,-0.23883624234342,-0.141302838731383,-0.183832224747377,0.0248257094219858,0.133497961913206,0.284726257562309,0.287750364013201,0.10947857577139,0.038836596891473
