0,0.0301207257226552,0.0321857392755578,-0.098388692946064,0.0250045652944918,0.0865431366669914,0.0568346024711863,-0.0174074973269355,0.0577990138821785,0.0513544600390604,0.00725982799520955,0.00456219514345549,-0.247990935710021,-0.394715254077013,-0.430515397174559,-0.0817256549479801,-0.376466856113806,-0.267919844678932,-0.408219880449201,0.0174479617989871,-0.372272409509893,-0.303255757856564,-0.446157939321769,-0.239317698967829,0.144036447823694,0.0159064970593967,-0.254411213266528,-0.331226429161488,-0.157871145182581,-0.423349125499737,0.137959324698857,-0.0196687306470059,-0.310348571616158,-0.264720211415036,-0.342794705215336,0.163926979636852,0.12461525743068,0.31341017511295,-0.0827301178271667,0.0399221752297309,-0.00129790528250507,0.300873391132082,0.171369849925838,-0.0456283237121736,0.0479371847332768,-0.329023890796033,-0.318950906769513,-0.316229828445446,0.191937928661195,0.0650715681154804,0.610694129313819,0.0737592141028694,-0.0493825295006792,-0.0526801455919675,0.118475863682568,0.151056588559532,0.0146882483309222,0.0572186770477701,0.021606174001587,-0.0783924113171665,-0.0812706284989889,-0.174268345182568,-0.10034754046454,-0.230645261412614,-0.361304035947161,-0.379585073063811,0.359683529227968,-0.372378671358182,-0.478574327207326,-0.293216225876817,-0.422804659531464,-0.221877362673315,-0.409634147788806,0.242271685595994,-0.308007958984801,0.0891625538827717,-0.158496981933501,-0.379082743591539,0.208889181717961,0.0941171377519617,-0.307891403746639,0.0104509706130017,0.025528006626221,-0.0278693639087088,-0.267078061524906,-0.0328674107203287,0.15633647242757,-0.220530213808329,0.161921429966622,0.0897965092046999,0.119499093134494,0.317485598548061,0.137772193440476,0.29401276932506,0.177986307805283,0.123407637734609,-0.260198899005532,-0.222502273120002,0.228149475575183,0.0618505853144702
0.0301207257226552,0,0.44811538883577,0.639231685411472,0.64575282815145,0.487283546150196,0.514559982882422,0.704274628554491,0.573823882583294,0.10556282194279,0.0700486062243907,0.113903447635304,0.247391649201436,0.184331424192643,0.129758679475063,0.444276627606174,-0.082613535008649,0.302041102463316,0.189694260623697,0.0870108250522826,0.122131908101103,-0.161599142591063,-0.0633072123065489,-0.132754853491704,-0.047048848532044,-0.147117358292659,-0.0881800327723113,-0.155623781802208,0.0649307425332516,-0.0309995810215991,-0.0153384463744064,-0.137001406511436,-0.12611335508123,-0.153682874469797,-0.105724775436709,0.247611666641132,0.0817075294543677,-0.0466476666094152,0.0440240253654969,0.102516870364565,0.0284315903697103,-0.109253996575585,-0.0866174342730686,-0.0150538781569792,0.0110446186217736,-0.213547978129299,-0.16113378361045,-0.214741568737272,0.0878020231614632,0.259782088963533,0.181694315726751,0.757601686544316,0.355535426652656,0.506218967524763,0.613033500604972,0.375613934897278,0.540578545015173,0.632581512077114,0.0618148501953746,0.0589364815666877,0.125060770257725,0.226393558487341,0.231004128477909,0.179258978874582,0.316246128458766,-0.00600443599166878,0.154114866258238,0.197382718890228,-0.0858601150201181,0.142297551314659,0.0523483792043494,-0.0075694763473718,-0.00973334810010278,0.0918146340280713,-0.0711096072969995,-0.109119354670365,0.0226339463300168,-0.0515170053031925,-0.0765197004648967,-0.205048793134802,-0.319161691559833,-0.101119222299282,0.0155744884590948,-0.0518709026800817,-0.26189642662025,-0.338296337476798,0.0642977957553688,-0.171852328818506,0.285797885289439,0.00771727762110807,-0.0464968447055085,0.0489911574798865,0.109596745177259,-0.119732240916544,-0.0752639998844651,-0.00877758345805511,-0.139452563308794,-0.187009292218905,0.134559796170665,0.279047100772413
0.0321857392755578,0.44811538883577,0,0.0648854916765838,0.526828721345533,0.689417676848871,0.255747634082317,0.544439206428283,0.645413229850061,0.12391846468201,0.316869593698865,0.129074584553982,0.361148082343602,0.288821150668528,0.156571708193061,-0.00975847162493779,0.019723421155079,0.22065331623146,0.198990429664482,0.0801224558783974,0.0696505554604592,0.143298891642833,0.130036882571298,0.0408717156870569,0.0888933009479717,0.1680144579176,0.113097455201071,0.0969159061771816,-0.00156863227224489,0.0444609426589958,-0.377111228485074,-0.207828474313443,-0.198944257772583,0.017150658747662,0.120651604516524,0.251014446577507,-0.184802400949791,0.0344564537087688,0.108017851251363,0.0604406202019681,0.104705289810827,-0.193436545377606,0.0409436534704708,-0.136532102960657,0.041726361409687,0.0312714900441825,0.0498395937081983,0.00812778143142323,0.280569525787568,0.246824534443684,0.0716695062330839,0.518600519064585,-0.159351338648993,-0.0885565224626136,0.56828286262187,0.691983775265417,0.348469644208013,0.567667097832129,0.227688964429907,0.344852383418454,0.301252851419932,0.243006793191543,0.292786516239713,0.309242618232675,0.235346051747297,0.15885671926717,0.024188103863415,0.137661376238037,0.0457229981970627,0.146036348575196,0.0814639927643958,0.219222443090948,0.229295014185063,0.0287575781341625,0.00813372062570475,0.082482013072089,-0.0282928619727293,0.10950416365544,-0.288912356396552,-0.286352938557635,-0.210402347289201,-0.059261603893117,-0.0333036441310769,0.0980370509335997,-0.0788498252027684,-0.3135171167452,-0.201880933881991,-0.0630019461569161,0.276055480926629,0.18388766014309,-0.158056447706622,0.0498130213388909,-0.0531503780392512,0.0133031836985658,0.0488067141998855,-0.161646434897176,0.0835304087025485,0.0671824273284666,0.333475726470597,0.250225884705352
-0.098388692946064,0.639231685411472,0.0648854916765838,0,0.550142227181367,0.203593733025691,0.241186841084896,0.380357434762872,0.297847662965498,-0.0899130261801597,-0.118807864865755,-0.13132875516143,0.141184658556686,0.226166077687446,0.239831556179218,0.326490909923753,-0.188097776992905,0.101653506673094,0.163453597054378,0.0630296831853286,0.134522208632909,-0.358438982223577,-0.00046366822020641,-0.276981135977911,-0.258634908397306,-0.413869720663986,-0.162862962430449,-0.241482462983746,0.109684979835821,0.00666129616885407,0.233362117857087,0.298664686515863,0.231508831568478,-0.209650595069136,-0.297721278580356,0.0997862227487022,0.172759410095522,-0.0435460909687347,-0.0234535332002123,-0.11074865210299,-0.00769335831708894,-0.0765765478520806,-0.333787184444956,0.0996853565580534,-0.150172538625579,-0.163077463918764,-0.0339346937507661,-0.126743587272271,-0.0463411454336475,0.214172804367536,0.0372909437450607,0.452316800309071,0.455143632505016,0.671664668340283,0.404276307445658,0.0392817184992707,0.249302033341133,0.354437053907303,-0.266353120090624,-0.238191416146886,-0.188093598421821,0.191338411854862,0.182439083147548,0.177110401755816,0.324439151105886,0.138272898980654,0.00868776596750045,0.225671231782267,-0.0397783504363039,0.0741146327086151,0.155275697972426,-0.187825696567193,-0.0655572352436435,-0.0613173128394309,-0.237373103743026,-0.399531390179346,0.0783634906129355,-0.018690572023451,0.208846943025978,0.205749009286381,-0.179985855484129,-0.00516740606448705,-0.120489078550862,-0.297290771202477,-0.259076537179486,-0.107390151736119,0.165045411911856,-0.107042511829892,0.197198293713319,-0.0738350521035712,0.123005990212833,-0.15332788361825,-0.0704425860214075,-0.223732186029631,-0.321760544213748,0.135758060707771,-0.139950126261235,-0.100376543295419,0.0162236317569404,0.231979726265148
0.0250045652944918,0.64575282815145,0.526828721345533,0.550142227181367,0,0.615004253807143,0.241590246917139,0.516976061798147,0.697681434864658,0.00346864248251808,-0.0276173290769627,-0.0808737726070356,0.144802441467637,0.172275571224697,0.107715775387222,0.167438526757692,-0.137530162263472,0.200875601333978,0.104582774893995,0.0759053084809807,0.0718410157772512,-0.114220284929703,0.0157956945362773,-0.174827280846014,-0.126487583414506,-0.189565978129971,0.0495684707700899,-0.109604460546297,0.0266910080197634,-0.0288450309221589,-0.134599552929563,-0.0446750230922609,-0.00238827460832532,-0.11325856737812,-0.0471512906633918,0.210302313850391,0.0807053658571555,-0.0471312136265166,0.0530308041929929,-0.0691455474001558,0.0938726195739744,-0.0162841343144804,-0.0935660432066414,-0.0280884124336792,-0.0496599740934784,-0.00914442253479261,0.0363930865717778,-0.0498583244401315,0.108660467926745,0.241893574237884,0.0066903478168782,0.51733871975697,0.136215325776116,0.44796218441917,0.746510166602679,0.400148433007141,0.277188059123855,0.580945079876559,-0.0893592072422817,-0.0913659304449775,-0.0615895165275017,0.132373573979109,0.197918128487939,0.180049440240392,0.234628232545359,0.0911728146610575,-0.0562678678505748,0.0886960223596705,-0.0678691694164327,0.0705580026550692,0.0288697988062066,-0.0475388926505159,0.0308779117564235,-0.137219506444013,-0.244711596306387,-0.280416450265684,-0.0823875503725939,-0.0399535681865755,-0.0199626059044603,-0.168378210021481,-0.276118858555892,-0.0935813571868793,-0.101189020390475,-0.171392046265544,-0.204498438598721,-0.25260579908312,0.0139498991265331,-0.0771596354420973,0.201584141844603,-0.0325726910436873,-0.0347937770760639,-0.135230239978035,-0.151675304872838,-0.149299544721416,-0.174947363107706,0.00952725037651846,-0.0155294889245423,-0.0416203911317658,0.154045744568614,0.235780400133835
0.0865431366669914,0.487283546150196,0.689417676848871,0.203593733025691,0.615004253807143,0,0.274781434523252,0.498982661475983,0.78197921244645,0.258155285424695,0.222870336653084,0.146173458767473,0.32437228629046,0.272558717363061,0.176482340981204,-0.00580019315519546,-0.0466880877470379,0.229990707116481,0.150418187430372,0.221319326287406,0.0932487943839984,0.0579204529382351,0.117004119797774,-0.0270004679424425,-0.0544662599196372,0.0616563798339521,0.15758624861663,0.00218589158426344,0.030039043647856,0.010388642315354,-0.358177180851746,-0.236736358266241,-0.178100778543443,0.00613144028411344,0.10248778364661,0.362439858417147,-0.055719720263722,0.00645589649926709,0.103460429013517,0.117058403971081,0.27624884379225,-0.0574032348085924,0.0876927059550535,-0.0639059588539949,0.103573542698422,0.0666437050156264,0.123416196272702,0.0983506355925398,0.435149236969194,0.378440933931548,0.0750018325893211,0.457912403618475,-0.143401217189939,0.0863747501715802,0.734278423906116,0.770401713042703,0.249641878728058,0.605930415112656,0.211310163412916,0.199804850425716,0.157835486739409,0.269691565621296,0.320757237838379,0.35029906376916,0.214797595613774,0.181671104656104,0.154021349770717,0.127105241338301,0.0103928502152763,0.168005791526264,0.104989002881205,0.157199789122947,0.196603941934976,0.113083444458443,-0.104254981686725,-0.00663565421439997,-0.0726086609660683,0.0605894630695388,-0.270113236174913,-0.335442809130227,-0.195076093900949,0.0511759613307138,0.0532699311445943,0.0672817092235938,-0.104323767448188,-0.222778828191414,-0.104821971180904,-0.0444893862951472,0.38438710703294,0.249924192618929,-0.086548412828559,-0.00900611977041685,0.0480170446059856,0.00607533970960195,-0.00122138091997759,-0.0389775392053774,0.118919915389029,0.145885417858651,0.437793968555243,0.385731484745164
0.0568346024711863,0.514559982882422,0.255747634082317,0.241186841084896,0.241590246917139,0.274781434523252,0,0.573032050331936,0.36303293176179,0.322678951673639,0.222162098624466,0.339823395899796,0.257214782301597,0.143786815304288,-0.0119140672239713,0.480490783704823,0.048912723910123,0.242029398062175,0.261278085390106,-0.0918277966407591,0.0902095966821138,-0.015804742870885,-0.0914972371008592,0.0823723955128249,0.275180856009582,0.080855751532204,-0.241270954702507,-0.212008544346295,0.0258724320330831,-0.129757693987983,0.115998516569682,-0.135612281226276,-0.27034477463098,-0.119415776372622,-0.058210371272672,0.0244867924872927,-0.0542362490419473,0.227402717880153,0.140836102942709,0.35779593328058,-0.0345656057531173,0.0581810326375153,0.148729368898717,-0.177533879473555,-0.00904291356948163,-0.36531135083455,-0.350887140715474,-0.309927319412528,0.0908360550695971,0.11075183994717,0.367318618834266,0.592096048518429,0.421926672318895,0.205136806900054,0.348943858963506,0.294909789652204,0.540528434660782,0.520512743628704,0.349023303418017,0.262177059894075,0.302141177077977,0.263890735508468,0.116609318392897,0.0996105112902415,0.308536787783767,-0.186248682590076,0.39730536131952,0.237318485327893,-0.163446797679821,0.00225737638967364,-0.0485342592205826,0.087453260518758,-0.051514583065373,0.360668436006043,0.0646705753861459,0.140287507444805,-0.0771395507685255,-0.167876089167301,-0.0335900372273492,-0.115556803702503,-0.367775468858397,-0.242501357927579,-0.0587899281381186,0.018740603536178,-0.319531788507829,-0.400479976013183,-0.0863934669487485,-0.375789708513919,0.125833237943804,0.0629887023200591,0.0130938487839134,0.432402432626504,0.440199544045076,0.0796701272356416,0.207359224802594,-0.163816214128544,-0.293728932517855,-0.301382853238222,0.0779331613646465,0.167926160660134
-0.0174074973269355,0.704274628554491,0.544439206428283,0.380357434762872,0.516976061798147,0.498982661475983,0.573032050331936,0,0.632908258285576,0.314269620608165,0.300331114268778,0.340948807445033,0.43075479372027,0.336046996455594,0.17342023013584,0.42669196690101,0.0975435797694441,0.407352547562884,0.394424811325888,-0.142815870272715,0.162974573949811,0.0281150704888559,0.017551327608666,0.0403376891741478,0.169084011790919,0.07360981638896,-0.144456278895011,-0.0981198258139842,0.0122504788897474,-0.0008891878557866,-0.0552784421037531,-0.194664482785448,-0.171984030845989,-0.0678358308003894,-0.0209239684828495,0.0280298962441262,-0.0429136331648144,0.00264436883777789,-0.027357949682154,0.0509052575514261,-0.114870602189551,-0.134771597226599,0.0440911896291682,-0.22489234976626,-0.0723930713778514,-0.315571656692299,-0.252321602765356,-0.256494595295281,0.0354362237328872,0.0913923278386712,0.21508115294272,0.783392626837305,0.406237789104907,0.286333436259057,0.631107001288289,0.487555472438665,0.748404211039881,0.792281837199439,0.318314922626935,0.287495033032309,0.351405100939359,0.371425339019112,0.344787580119317,0.291824144732156,0.465124616815497,-0.0245381418627832,0.125760827981098,0.339984924788727,-0.0391186212349713,0.193718258155995,0.0405636134383833,0.168383635856455,0.0906383659791868,0.114909586382931,0.0902406280754436,0.133243818041062,0.00511419552387153,-0.0102537780987349,-0.170159143766914,-0.169699053437619,-0.375861189064218,-0.249530678746198,-0.065060082792449,0.0519471994655809,-0.298895053802791,-0.438283042426973,-0.063985198387818,-0.271581259849159,0.108992344888291,-0.0266063553476527,-0.0491312589726007,0.227021588016769,0.162125427594086,-0.05081188767346,0.0797154964799403,-0.205208267855661,-0.219410898836321,-0.25094085188596,0.046940959900791,0.155646696608554
0.0577990138821785,0.573823882583294,0.645413229850061,0.297847662965498,0.697681434864658,0.78197921244645,0.36303293176179,0.632908258285576,0,0.326170154037248,0.269928889552777,0.255596560451975,0.402427318266686,0.296995445264002,0.226197888408117,0.125232646037373,-0.00231775592315138,0.274083104230231,0.217994289088273,0.124391878084815,0.0901144689256691,0.0691791129810709,0.0593726129597251,0.0393979606551684,0.0223704777720552,0.0874373925698211,0.126052882966392,-0.0419205393839661,0.112797488129282,0.0290078151551453,-0.215548640505508,-0.261142194051302,-0.210516290694149,-0.032703771050672,0.118793853414874,0.293731298707526,0.0449784467036992,-0.0014641220218662,0.115637681585407,0.118369485407038,0.192359107750461,-0.00738549843143327,0.138788574257614,-0.051316302722571,0.065656574889935,0.0107322436839979,0.0531095794989909,-0.0183880521327569,0.252995908390143,0.331918619630051,0.0889781793146206,0.574791638129727,0.0447551063333223,0.268518396544928,0.786969099322306,0.65796909422244,0.351967264335611,0.757332821645007,0.274667019277597,0.232329619992732,0.231063642930505,0.379384752899566,0.383309303536322,0.421745424237292,0.31387683062637,0.156931900600394,0.114143197358656,0.201674869778905,-0.031694872033586,0.129701401978353,0.0612029335187165,0.185822358874942,0.155470582959925,0.103807310712881,-0.0617826086674102,0.0217027316965766,0.020056684736584,0.0327314176517372,-0.146178834757945,-0.337137296242054,-0.256094658316605,-0.0301639758690825,-0.0298015710170556,0.0463890038850292,-0.15126846146475,-0.278006800405054,-0.00668454824104976,-0.157720210248661,0.299550106084306,0.187144488326006,-0.116153679058431,0.0383965686682269,0.0852574002234524,-0.0479383425803659,0.0702033576102133,-0.0344251931189161,0.0701788339064791,0.00415838442098513,0.277619726061638,0.311904793294886
0.0513544600390604,0.10556282194279,0.12391846468201,-0.0899130261801597,0.00346864248251808,0.258155285424695,0.322678951673639,0.314269620608165,0.326170154037248,0,0.486050682870126,0.709885554328607,0.34978467220118,0.181076454278655,0.131160936659461,0.132867025677302,0.108307589556169,0.0791992982522895,0.200376177108392,-0.286175887460291,0.0237054417729845,0.163434248113709,-0.0574634904944649,0.304989165719711,0.517364963928159,0.414050484512695,-0.0868935884867051,0.08285131444069,0.0570069489632473,-0.1026651025501,0.00384785820000985,-0.305491538346352,-0.335993882879783,-0.070558487547228,0.114095122735105,-0.130581779876795,-0.0092172977127883,0.0600799606806041,-0.0365426988462225,0.229574645172009,-0.227281242967543,0.158561000153454,0.381784239495994,-0.114852854981092,0.0862596857306739,-0.170842185655687,-0.244492180781667,-0.205381643356985,-0.00290251966037459,-0.129113638146212,0.191082192750829,0.245840068551879,0.0899269590232366,-0.0926022110908732,0.224194580496585,0.335665985593035,0.32437010151319,0.384552799627833,0.719354904421779,0.438159809181305,0.515705012147913,0.396032689737218,0.375064453869198,0.290420827121965,0.272353624390975,-0.0229555684618728,0.136436434106285,0.236261973366302,-0.0389269215404035,-0.0461238285167639,-0.0962477675388541,0.245532549451992,0.061786307581449,0.243268108846484,0.318561377756625,0.539332980393761,0.079475058751436,-0.0180025742674311,-0.113651710419335,-0.261889350651151,-0.170754361060687,-0.171735126496961,0.115496590856621,0.262990021463542,-0.0866129889992676,-0.185381685402531,-0.00196535573857722,-0.191761256510098,-0.103723196586126,-0.0403561343917966,-0.054711337837882,0.442997072763644,0.488016243787493,0.37513089963002,0.447730621731861,-0.0640427786190458,-0.0374395910240885,-0.135039710632726,-0.054899966333752,-0.0303707503647022
0.00725982799520955,0.0700486062243907,0.316869593698865,-0.118807864865755,-0.0276173290769627,0.222870336653084,0.222162098624466,0.300331114268778,0.269928889552777,0.486050682870126,0,0.510005686217362,0.540194830802135,0.409961456899998,0.285460946449163,-0.0223946313215279,0.188835693064519,0.0784089523001349,0.336640536329451,-0.07146391595447,0.114264470665288,0.236929021037674,0.132779779339983,0.377515908370991,0.384250354782219,0.49567330265142,0.0389636951355602,0.1624020453638,0.130254606444699,0.095059142686872,-0.163908676028731,-0.155010209208953,-0.261067709555045,0.0525343797802799,0.190209948906773,0.050584208422115,-0.137741625720273,0.131185455938804,0.0101267319490521,0.111953434329632,0.00519941730449742,-0.0511128622593337,0.249940536940385,-0.0919835085914956,0.0847050142388049,-0.0297415753611056,-0.0738757486696426,-0.0360660617364346,0.253439668893173,0.152806858204182,0.212702715805456,0.23537385849623,-0.0681512104277061,-0.333336473598155,0.0898615946115455,0.421418050059053,0.265553741022405,0.334946230770519,0.540012441344737,0.639317870122503,0.612359086932356,0.456697791166547,0.368960579027605,0.420562922985605,0.30485450254982,0.164591782818902,0.202695941239751,0.263602614398897,0.0533572674691909,-0.00379254434592193,0.0598771012684655,0.290299758107142,0.204335860101573,0.214301714541816,0.265511352029035,0.445352696765357,0.0983904482735488,0.174653016587005,-0.270462113846692,-0.14198783520064,-0.171209918403479,-0.137220021602761,-0.0613960614318446,0.197904424091215,-0.0349913666462105,-0.330953965964775,-0.0390004189184694,-0.094387042349673,0.105296310969665,0.15920711528836,-0.15868804187654,0.294393108981571,0.213071293787515,0.215300695266595,0.293809444101759,-0.136274431353168,0.0529917282809988,-0.00855065373282505,0.260585876708227,0.219442883087372
0.00456219514345549,0.113903447635304,0.129074584553982,-0.13132875516143,-0.0808737726070356,0.146173458767473,0.339823395899796,0.340948807445033,0.255596560451975,0.709885554328607,0.510005686217362,0,0.338308146984475,0.194342462976023,0.180782749869302,0.293401907633792,0.357988115196577,0.301526590477977,0.335878199488906,-0.258503674506546,0.204316834028357,0.329784300945053,0.0769599918868658,0.518097016345483,0.463691119893704,0.593512053185688,-0.032312231675548,0.193238687248384,0.171373116897705,0.0658610231171113,-0.00348437732198227,-0.342095099455374,-0.319528069557273,0.0481473731795777,0.285645953478199,-0.142209722722154,0.0187874692630852,-0.0608067048574372,-0.0658299955921062,0.296747463562192,-0.248117577345857,0.19455076522585,0.443340538291868,-0.106232309488262,0.0545039259947949,-0.167414807057537,-0.242389747956657,-0.156276897476309,-0.0862186295828615,-0.21134234590803,0.102757496871564,0.259601065903034,0.119054985327146,-0.0773120245506577,0.123018399632661,0.240219974642013,0.373140234598481,0.334437283799575,0.67714935621027,0.51784156892758,0.67808034554697,0.357864082833808,0.360757180183338,0.318081030284698,0.360159244879928,0.0210025289081652,0.157701793244796,0.399340619482104,0.0944812451025954,0.100669688565837,0.010837232341737,0.344583566165183,0.172021072494392,0.243759130816406,0.532111878283638,0.67136322760631,0.203454455148169,0.109767717646523,-0.204053267481099,-0.327702254201086,-0.178181840691217,-0.308943204566163,0.0351040451240013,0.323568088592157,-0.01512912717973,-0.301364523635426,-0.0458528203958972,-0.200954480028177,-0.200893456580258,-0.173255289009891,-0.268965088023846,0.355115297361667,0.353582316301809,0.194551219687458,0.382415232566896,-0.203896234879013,-0.112004779458753,-0.195057630009606,-0.105407781726143,-0.189157270741454
-0.247990935710021,0.247391649201436,0.361148082343602,0.141184658556686,0.144802441467637,0.32437228629046,0.257214782301597,0.43075479372027,0.402427318266686,0.34978467220118,0.540194830802135,0.338308146984475,0,0.680930363661911,0.558411004739493,0.0578236865923436,0.220469123855348,0.265341799538502,0.535766956820691,0.0869555373801914,0.320490021688104,0.289839136404201,0.375230254835588,0.218503865617598,0.163906330420854,0.171818311337602,0.156569720493126,0.213417305703735,0.295910403084384,0.333866824302493,-0.161386354324832,-0.0183689592709374,-0.00542097691343641,0.145454129692325,0.25131210458485,0.0901267559534568,-0.15652872749384,0.0398245978072481,0.103335550986384,0.0916857832498822,0.0773595223520325,-0.255405854111708,0.0456847615086167,-0.0864135343531062,0.0453888688600814,0.0800755701250405,0.133570278197943,0.155548906224194,0.200232851988602,0.251137433042186,-0.000266084327061574,0.36049671657318,0.0704135794284999,-0.088978258342797,0.258941517668341,0.45493183005454,0.304657224315574,0.496139819556108,0.315277678527017,0.464664236147867,0.454181485543782,0.793868358828405,0.562308230611859,0.636904902014959,0.559701969111176,0.416556911045431,0.106657857378716,0.507196548568673,0.235582442474508,0.217029007661535,0.282344340422452,0.413892257946698,0.426154093928421,0.146258394447159,0.225125282271045,0.117954107031319,0.163319963862052,0.354139462436721,-0.284752453452451,-0.087673967316059,-0.0212703800747621,-7.72740540384264e-05,-0.107639733565591,0.174390891296598,-0.0291784055885263,-0.189849710332528,-0.104707532085946,-0.0419545060277704,0.219855420314769,0.177848529961527,-0.10433222653561,0.129006356742396,0.157353335648629,-0.0263640318525187,0.0831285717220683,-0.157385809317851,0.152015441346814,0.144141693325862,0.225041216470211,0.297582945074518
-0.394715254077013,0.184331424192643,0.288821150668528,0.226166077687446,0.172275571224697,0.272558717363061,0.143786815304288,0.336046996455594,0.296995445264002,0.181076454278655,0.409961456899998,0.194342462976023,0.680930363661911,0,0.787093541102217,0.025958359360835,0.270753062860726,0.35135448381843,0.661094928931999,0.173758801070883,0.580266467047261,0.232662777874127,0.66879526665095,0.221027558141668,-0.062024415577534,0.0375962514795999,0.274636315729447,0.264330682991183,0.391821080223514,0.564296516321824,-0.247886621556869,0.109310053262033,0.171763791191471,0.212097780430992,0.201972562562409,0.0707398720904328,-0.0935233342906035,-0.0877653666043269,0.000921394688168556,-0.00272573110063865,0.0910041700276742,-0.339805192793659,-0.176333802250958,-0.0917163483552913,-0.114434567152708,0.23074508409892,0.369717942524945,0.406759997790296,0.146658446990126,0.223296126498394,-0.201769003229924,0.238074311811453,0.0624165559230405,-0.0112837755464842,0.223888731606621,0.311095083310337,0.177722697968122,0.350146060294769,0.10971750580292,0.280458460593828,0.268582876298552,0.602441955168658,0.515674196483748,0.637141099197563,0.648469762604725,0.670931227273927,-0.0124722726284053,0.568684768496085,0.413296988796732,0.363245736035128,0.582080600323172,0.390228893046751,0.589190310480353,0.0722913538041877,0.15098290613421,-0.0462714048153617,0.308728908068944,0.581159440051018,-0.342179741835974,-0.0104230981557085,0.124565030768984,0.00818359535948516,-0.161100278191097,0.0135033092979978,0.131596202096159,-0.11524334030531,-0.0634974785616338,0.0865515645948367,0.213929947198858,0.149486516716093,-0.196452230605954,-0.138313212104182,0.0133630886945065,-0.273990661505119,-0.181231073777438,-0.153180268143293,0.295386771622996,0.390716665348422,0.143490839034112,0.268599594550477
-0.430515397174559,0.129758679475063,0.156571708193061,0.239831556179218,0.107715775387222,0.176482340981204,-0.0119140672239713,0.17342023013584,0.226197888408117,0.131160936659461,0.285460946449163,0.180782749869302,0.558411004739493,0.787093541102217,0,-0.0298616772620238,0.216108640879851,0.2857054039843,0.49099596501185,0.232604770489813,0.545765624403092,0.14622912957008,0.661827686382018,0.232479817299459,-0.182486101572076,-0.0193027468306662,0.335722362905342,0.330510530321672,0.509594061623274,0.675198513956218,-0.180782336871804,0.114844406920891,0.219943428557752,0.213486407069444,0.217514447239646,0.106291532912192,0.0572403916793237,-0.246267535063934,0.0133427091870406,-0.00602421359611562,0.111882130652771,-0.307718463523855,-0.259945838600793,0.0782608520009372,-0.124556574177837,0.319160484844189,0.469882467646053,0.433961100506536,0.0390593725902784,0.211408538847612,-0.372058897883415,0.0999688189460136,-0.0238975717753974,0.0913870152856326,0.136126274282706,0.172713157993967,0.0145941488235467,0.206140664676456,-0.00639010133136934,0.139997541957103,0.216918263651115,0.500452089351594,0.545450044817381,0.662711032640067,0.555762083735403,0.813157142549496,-0.140890726763668,0.447890511575365,0.426209342110705,0.338170848538808,0.603050479071794,0.306244869904401,0.552806190485123,-0.027057554378661,0.137377825270517,-0.096544573791261,0.433269584321878,0.661118556288871,-0.280604382297824,-0.0557145898124364,0.237122244542309,0.0914981500046383,-0.101711771112587,-0.019942472556087,0.221128317998437,0.0133707139079142,0.0780443970886766,0.169418582450177,0.195836351889895,0.0800302811622616,-0.24226304410488,-0.301141211379368,-0.0315658670176414,-0.332580824218359,-0.259343670676589,0.0272584475582381,0.371287434042124,0.430679288141292,0.0623376676530281,0.209436891572257
-0.0817256549479801,0.444276627606174,-0.00975847162493779,0.326490909923753,0.167438526757692,-0.00580019315519546,0.480490783704823,0.42669196690101,0.125232646037373,0.132867025677302,-0.0223946313215279,0.293401907633792,0.0578236865923436,0.025958359360835,-0.0298616772620238,0,0.445842131829244,0.545775288110975,0.366502193728754,-0.213053421770133,0.239828192636561,0.217223360401867,0.0357046133032934,0.18917181029037,0.0867665633439521,-0.0417259597267592,-0.233570210199174,-0.0788889026259829,0.151698529057789,-0.0718483310189602,0.24174211201038,-0.0316278301473617,0.202576139396224,0.207582392442616,0.166622402339947,-0.273435417770886,0.0376507768547577,-0.0937111876032947,0.031491777221435,0.199748671489479,-0.114826693322034,-0.0220743329697462,0.0639630688440513,-0.176191727545141,-0.0772164396523857,-0.318233785327125,-0.242596547551919,-0.134118131886952,-0.282548884642846,-0.197973458451991,0.137208109412272,0.449006018586384,0.589965468323618,0.417754100028956,0.204844424101691,-0.0213991912849082,0.465101264646762,0.282469533142949,0.135313599557465,0.0905361372734175,0.144999012835098,0.124631431223971,-0.0121741687757879,-0.0991266085058837,0.279569880578202,-0.188870755244381,0.172671609894194,0.433645687768549,0.117649253341531,0.294858350118931,0.0625943797249675,0.141585520528011,-0.00209411515434644,0.0965592857517062,0.327036769238726,0.0593818864683364,0.134242160458202,-0.101453778898222,0.00388635918530175,-0.0680874639557166,-0.18363510197825,-0.200221538566616,-0.0817027986878853,0.114603779460764,-0.274467119446633,-0.302070386898235,-0.0778014170650744,-0.218183403643919,-0.247114577170026,-0.224566273126263,0.0390444739636533,0.112819909853026,0.128472962289687,-0.130942903382444,-0.00158331164341286,-0.278067608227851,-0.383388803454702,-0.346235582962736,-0.226334792851875,-0.194763963659717
-0.376466856113806,-0.082613535008649,0.019723421155079,-0.188097776992905,-0.137530162263472,-0.0466880877470379,0.048912723910123,0.0975435797694441,-0.00231775592315138,0.108307589556169,0.188835693064519,0.357988115196577,0.220469123855348,0.270753062860726,0.216108640879851,0.445842131829244,0,0.666923997826095,0.60901182796917,-0.0983187930230412,0.515111505110881,0.74813356971202,0.507035344444979,0.592767651789961,0.092700586807948,0.299276088267405,0.226765933701381,0.372822462837293,0.32421429543925,0.266963138078784,-0.110282058288583,-0.13348926301022,0.201607691841713,0.627101452149174,0.600312842114819,-0.315292790335629,-0.142220488070518,-0.35745402085545,-0.0996890100767177,0.119544101767949,-0.0297096275833824,-0.182142540168879,0.151363387434146,-0.199262430792892,-0.0579629350046066,0.131799112905911,0.14735217856454,0.37210328486576,-0.20509977958354,-0.300002444298751,-0.286365764821372,-0.0175059336874644,0.0592949256806461,-0.144391844719396,-0.0360036016605756,0.0143291153186433,0.123279620831971,-0.00244943287917677,0.236498975347484,0.35500356370914,0.284829803711543,0.150770138022634,-0.0316354602041199,0.0700267769331516,0.299965559829064,0.172064843355671,-0.0470756119428206,0.587330181038097,0.632041756669157,0.556005998450865,0.391885390521903,0.539725668061155,0.465112704279544,0.0431573138697584,0.662762176300703,0.271888162799568,0.287985166557466,0.29206078601667,-0.337202891649999,-0.223389138096242,0.301113517734329,-0.0685976330372351,-0.00447067094851581,0.454739597888546,0.23124193499963,-0.14865577497138,-0.256198793439264,0.103547882917702,-0.313689327221064,-0.120848729501625,-0.239688901061329,-0.141820228902203,-0.103754440475367,-0.198977934806014,0.0547879259291017,-0.407842866452328,0.0703683564699263,0.128718955659237,-0.172017627890259,-0.287333764601916
-0.267919844678932,0.302041102463316,0.22065331623146,0.101653506673094,0.200875601333978,0.229990707116481,0.242029398062175,0.407352547562884,0.274083104230231,0.0791992982522895,0.0784089523001349,0.301526590477977,0.265341799538502,0.35135448381843,0.2857054039843,0.545775288110975,0.666923997826095,0,0.554504829845959,0.0530708564967879,0.619916745808291,0.527461657983919,0.528965916308331,0.409100663832708,-0.0850399279173633,0.145236112098305,0.177834913801141,0.298795231143969,0.310104971226994,0.36891614895629,-0.225042978828616,-0.200083727063895,0.12125829146391,0.510277841150988,0.495005229611148,-0.113840936543483,-0.0527122297578632,-0.446797068361576,-0.0587542167524713,0.127491441245705,-0.027673507918316,-0.225550983185128,0.00702658649671671,-0.232461587978049,-0.0986105975234546,0.00988247005106722,0.104403136535261,0.285081062720192,-0.118355966325977,-0.155359407252549,-0.215766802156417,0.301197542082741,0.215956619384088,0.147066361807889,0.307303763664579,0.180112680759495,0.397990008830678,0.251101233951885,0.117830546335256,0.212531187849804,0.209815328007133,0.195262259119306,0.143732555239196,0.134244197912197,0.386885291196422,0.245049026981786,0.0450060337454506,0.521621744282926,0.538721547483783,0.722839258770411,0.50233261638972,0.482654307304309,0.51885729322412,0.102374348127294,0.469286631604347,0.119552933435974,0.324292499742164,0.376455704475057,-0.394255253759471,-0.313949274339798,0.13097480330081,-0.111726388800833,-0.000343473447951167,0.343761127669197,0.151734553264192,-0.225871060574921,-0.160139339210628,0.0736937859584866,-0.068711575786447,-0.143662756749062,-0.261145973389152,-0.192460795758463,-0.0560633768980757,-0.361521081237841,-0.113944905401897,-0.363973571252293,0.0150045910025636,0.124836993408862,-0.0230150062525669,-0.122367722657521
-0.408219880449201,0.189694260623697,0.198990429664482,0.163453597054378,0.104582774893995,0.150418187430372,0.261278085390106,0.394424811325888,0.217994289088273,0.200376177108392,0.336640536329451,0.335878199488906,0.535766956820691,0.661094928931999,0.49099596501185,0.366502193728754,0.60901182796917,0.554504829845959,0,-0.0234849977592095,0.602801866156843,0.424269974156499,0.569727346318856,0.34435910317005,0.0596770138119364,0.105930228460881,0.124275548874762,0.212589166825097,0.356358283952364,0.364684271653745,-0.129451479280522,0.000695794104894694,0.131380029532047,0.338386888568954,0.283439764383867,-0.166560875731613,-0.135792358391272,-0.153144502691354,-0.016410804800282,0.0470040399167635,-0.0181950860308128,-0.276868087828476,-0.0592250245296066,-0.227399543408615,-0.164306273887652,0.0412358563196141,0.141714492017057,0.235142773257206,-0.0362769997185786,-0.00522263156021833,-0.147052978625802,0.282621454325479,0.257575989760681,-0.00116005639651422,0.171672204579898,0.177629201259524,0.305462161748865,0.31208438805681,0.201325547511354,0.374242284373421,0.317305146368344,0.438745111122731,0.241511367754048,0.410336421878658,0.629214262100795,0.362760354419131,0.0413345874760561,0.754458493791192,0.50620953003856,0.490562274750318,0.515403940165063,0.480750243508432,0.515151061187428,0.129589627856163,0.38977136181072,0.098407187900203,0.253049013924456,0.376972698976929,-0.30456942625597,-0.0836414481891503,0.0925193126869967,-0.0890843195662703,-0.132087756353015,0.160319515239034,0.0460618867012512,-0.224537139237172,-0.170329179734403,-0.0461017994595013,-0.0125577391818044,0.0532394543370969,-0.127964223931072,-0.0442949584102185,0.0318104230264685,-0.221085544064932,-0.0213076113085108,-0.346083609086954,0.0996216060306727,0.149632436237648,-0.0286660050318395,0.0469307483364988
0.0174479617989871,0.0870108250522826,0.0801224558783974,0.0630296831853286,0.0759053084809807,0.221319326287406,-0.0918277966407591,-0.142815870272715,0.124391878084815,-0.286175887460291,-0.07146391595447,-0.258503674506546,0.0869555373801914,0.173758801070883,0.232604770489813,-0.213053421770133,-0.0983187930230412,0.0530708564967879,-0.0234849977592095,0,0.19500377453244,-0.0379963969359216,0.224403930970748,-0.0665447383908614,-0.402291615370228,-0.152720071873232,0.483310336215638,0.0265899537850655,0.299657014068631,0.287242927463174,-0.2470430984691,-0.00489170670578522,0.0950788291143957,0.274928197397439,0.17926808563976,0.705395287389187,0.258537831806793,-0.0460007667760057,0.264608371383689,0.270467630455323,0.678770874760907,-0.0720405852170383,-0.15672117952043,0.347804309656856,0.216074404611694,0.428442828616803,0.489108046316361,0.489811714297258,0.534976898742836,0.672816164590904,-0.197311029247372,-0.0862323929043184,-0.378157705665572,0.0328647424317245,0.0855863802838447,0.138230639661585,-0.336108250620558,-0.0786246433253864,-0.26697238561778,-0.110232762032059,-0.24515554305267,0.0202379737877244,-0.07893264998931,0.1465565701416,-0.12153350309184,0.304579674514859,0.119786862433788,-0.132070622937222,0.146780360025269,0.145296444138771,0.346164384900332,0.0428015855900773,0.173375511340383,0.164892919885574,-0.232665309838622,-0.357143944845339,0.0947286777718643,0.206371134547006,-0.178414226613971,-0.164040240610965,0.273484201307021,0.465025109647252,0.116720024504046,-0.0494245427778616,0.287028517106032,0.222459884614683,0.263758421166529,0.226636853429161,0.714785082199171,0.477271346369758,-0.109782565487911,-0.369362864072033,-0.0413771972491329,-0.286966177881325,-0.242098559836344,0.27190080481993,0.441946197800577,0.50983680896351,0.596586760060336,0.575020282608773
-0.372272409509893,0.122131908101103,0.0696505554604592,0.134522208632909,0.0718410157772512,0.0932487943839984,0.0902095966821138,0.162974573949811,0.0901144689256691,0.0237054417729845,0.114264470665288,0.204316834028357,0.320490021688104,0.580266467047261,0.545765624403092,0.239828192636561,0.515111505110881,0.619916745808291,0.602801866156843,0.19500377453244,0,0.359154562055057,0.711018238548912,0.39834049148618,-0.154900773252015,0.0815505756474831,0.268288072111767,0.283074098108282,0.444220289998104,0.537350756339443,-0.201800322888038,0.0597284909236716,0.178031613372617,0.36393420066729,0.345005435211508,-0.0181970989997466,-0.0294078468460758,-0.335694604336826,-0.0893412636640225,0.100468970751407,0.00184380881289061,-0.270108091928355,-0.139160812190905,-0.118079445681659,-0.155680655016888,0.177564107430573,0.282997669773358,0.435602333413717,-0.0359256284315591,-0.0320016461708408,-0.283809635530223,0.121345575397281,0.0738700689444839,0.0806908842416105,0.0882191730328626,0.0552078732230622,0.142441552472456,0.0620403102005895,-0.01158091199575,0.142918466026673,0.145025933012723,0.241057652118771,0.175579924956765,0.283058902043252,0.444032436705346,0.493739674272724,0.0487722786330175,0.52846654999923,0.576520003140462,0.569252402144949,0.726644016684917,0.359955340045499,0.612937939994111,0.1351459337713,0.353823539782212,0.0253440108437118,0.35980834061891,0.526345560898111,-0.324022337358642,-0.0744404262288621,0.215489414908708,-0.0673949865363741,-0.128750677466022,0.111818919073962,0.259505021348016,-0.11107101688617,-0.105658084785802,0.0726372775523454,0.0293389503849291,-0.0795064116033526,-0.317448609667126,-0.284791914408538,-0.106614329563349,-0.391346225973323,-0.240416273690466,-0.214810692916179,0.194592052651431,0.351731710922323,0.0383553495640981,-0.0103061095655903
