0,0.174733310309598,0.361595108753865,-0.100346670057193,0.0406952569551039,0.101162999885498,0.26794804419504,0.0933489210365744,-0.0339776394033223,0.0515324688638082,0.0564543331815759,-0.11650231584237,-0.246942282005945,-0.397416851206941,-0.317090497294351,0.244873783313478,-0.322481979894472,-0.194814878362966,-0.366211094113813,-0.218884345989458,-0.309758334497125,-0.085245455594996,-0.342979587909659,-0.0350184604863309,0.134016555789363,-0.0142850947594975,-0.240185460391717,-0.336956272085388,-0.189324504367837,-0.363758983857487,0.0539357182618724,0.0820891528213619,-0.0187265528686658,-0.226336669795937,-0.213282773063827,-0.103641543480732,-0.104571827797286,0.244446693427017,-0.164768241895972,0.0401056764397501,0.0257267496436928,0.0429283058670023,-0.109457028129026,-0.115012124600317,-0.0551233132019223,-0.34149658305758,-0.278165844556074,-0.308035324199569,0.0927321322413467,0.065759124902958,0.587339593130847,0.326457659772728,0.240279302853717,-0.0251824813565789,0.185940047523459,0.177584918836675,0.163739351340408,-0.020057740551939,0.158054021857077,0.0542824489046103,-0.122899547224933,-0.152019504808039,-0.201296930122755,-0.328782931677039,-0.313920983672942,-0.31480555647073,0.225001545264016,-0.290794851737667,-0.266711435335215,-0.236720331550341,-0.292164222648166,-0.196098158742552,-0.331133040340297,0.142766467173352,-0.136959146247012,0.0587511172631959,-0.192861756225285,-0.330850044364992,0.0749058968528342,0.139422149277212,-0.0605347520553385,-0.115149584938301,-0.0856665149552712,-0.236215971976623,-0.323889452493794,-0.287802064580287,-0.137003575314668,-0.237931889024058,-0.0822465185264505,0.127507887185417,0.178066956661428,0.30257858490061,-0.0127182697907804,0.248135946603653,0.108097223025279,-0.167358838365355,-0.225695550947866,-0.2924499705727,0.137087784277441,0.0721427658226362
0.174733310309598,0,0.244731614603348,0.454099636546719,0.648552838677061,0.0471641527883156,0.0897258419222849,0.207895037714975,0.0595661852895565,-0.187696709507691,-0.186530899617336,-0.143732589291806,-0.404913690589895,-0.215260659540932,-0.250523754982023,0.62881366078755,-0.336456121581694,-0.0216489918843101,-0.21284433410959,-0.00849705726067799,-0.0981973259740596,-0.349570087553987,-0.182949055040676,-0.356336244277551,-0.134012785972487,-0.202946050582143,-0.0630990393398919,-0.326889816598832,-0.0715240568557893,-0.222636808930256,-0.0630282967161531,0.23352771058909,0.242765717373154,-0.325075506638264,-0.333059432472006,-0.0965816249010946,-0.143476803042814,0.0572640799657955,-0.212702927876029,-0.183084043212563,-0.258143600385687,-0.320267415746198,-0.311314234075192,-0.138122411686298,-0.0512079290231166,-0.178395725436054,-0.194006129599096,-0.193783278465553,-0.0998669333461813,-0.164758811515901,0.266796831615681,0.661239405281666,0.412488776486829,0.489331989216634,0.222322662734901,-0.0400690843317601,0.253826858277646,0.11118130167415,-0.203388247555514,-0.186215651009534,-0.176043964784743,-0.420020910393289,-0.300729356311722,-0.1978606580235,0.0214940784808173,-0.146981944797612,-0.0718828050197969,-0.215441261879425,-0.233263015482693,-0.147745279521303,-0.0454635024030111,-0.396406113660335,-0.11133899927288,-0.205750535856854,-0.320349967452116,-0.270998670568708,-0.0558321762769015,-0.233130969771752,-0.0739704184848448,0.12794752431173,-0.148414135921819,-0.318969718318154,-0.213364756428556,-0.212608734863469,-0.0865400976808205,-0.327449409100673,-0.183566773433212,-0.351475180679356,-0.220937477992489,-0.203670421305653,-0.0622929890720217,-0.129446281003372,-0.229060045971548,-0.325859013629784,-0.38415955865706,-0.144703917115688,-0.164521245281771,-0.159139534073356,-0.0185859239069315,-0.114837322259062
0.361595108753865,0.244731614603348,0,-0.404774031946652,0.0412976284664868,0.636237689085104,0.412381020019566,0.438356322170603,0.458084036277831,0.127630717761596,0.0227495368951596,-0.140770344724722,-0.0530183911914251,-0.277415856984415,-0.469065389063301,-0.0610966915269644,-0.0713357709672998,0.0372667522885119,-0.204419608534894,-0.154038090735637,-0.190060834618057,0.11250393755265,-0.411818014037114,-0.0292875992540774,0.13158667786825,-0.00328158573237441,-0.266185086872425,-0.289255613094833,-0.259285409873961,-0.420682798387479,-0.0684308688131075,-0.371860522350527,-0.36691720612432,-0.0098733212554562,-0.116419637459071,-0.0569641215258588,0.0364827284800454,0.435837262646946,0.0216716909503235,0.205931118455499,0.157973569259607,-0.00813109510534653,0.046570184129414,-0.150473311500538,-0.148325862247754,-0.322708397910307,-0.328424950481587,-0.389227576312662,0.433410749477268,0.1244615404002,0.439006497348467,0.633368022220977,0.188709446748666,-0.399130755635344,0.653168044846011,0.700469539594377,0.352618233526541,0.42414073620152,0.236594520296736,0.106179411029739,-0.186174987854671,-0.126056789657958,-0.337694518901091,-0.308659039316911,-0.276290278358126,-0.487375028268619,0.246189671600221,-0.0498973809521471,-0.0848325734042927,0.00146599406390567,-0.204536440257031,-0.119246348967862,-0.34986814868918,0.168925444332327,-0.0316038647325836,0.0311185844719903,-0.296881745029731,-0.496786963880955,0.118097526213436,-0.256677160846069,-0.268412851870596,-0.117704410223331,0.101188659247357,-0.0864687556207947,-0.275207253703773,-0.465316840781125,-0.0846650274580275,-0.100564914231944,-0.0878822475323707,0.0238082629384725,-0.0136846834265956,0.440055052716641,0.0609241882357188,0.148823214905189,0.0203249065202322,-0.12374829938241,-0.342592990951098,-0.359812154410427,0.373191262876516,0.110171186275368
-0.100346670057193,0.454099636546719,-0.404774031946652,0,0.655732333432071,-0.388431630638976,-0.379363765532519,-0.324093822510252,-0.308616886813307,-0.338444138768632,-0.312910969674476,-0.1526977297973,-0.23133381945635,0.0986989157640736,0.192422711614485,0.548213114040065,-0.0401229034077844,0.0147403157954639,0.0870941191478729,0.102441842771417,0.0503130738632271,-0.390425051517809,0.208458381209101,-0.308972081067789,-0.37207949866106,-0.282078914739007,0.148012005867355,0.0602766388793283,0.110916962332093,0.193557663957182,0.224870039320757,0.610625926615518,0.738717490272473,-0.064541312005982,-0.124566212159854,-0.00207724378514735,-0.0788339479153972,-0.338082969862618,-0.225250877883863,-0.482491268542454,-0.337086105736796,-0.171143695380703,-0.436262493125839,0.0890170253888442,0.152414149572545,0.177215037565374,0.116460986770424,0.181283915794481,-0.548351361056107,-0.282957408931308,-0.280839234540291,-0.030294897867228,0.11707148579244,0.864281301655142,-0.277992489876113,-0.580054068868354,-0.236958884031179,-0.284605762102489,-0.535584122389983,-0.328334128148066,-0.125733690601503,-0.140078035609083,0.0199272276545443,0.0535956651465633,0.287913134025352,0.325210709637589,-0.475677594636399,0.0273634469749497,-0.0204271290823768,-0.0422603362225392,0.0743535364128233,-0.159196415913251,0.206163050141975,-0.46374650169145,-0.27421993113449,-0.414016720251796,0.0660776622731535,0.213620496398237,-0.00424214890715295,0.33656595505927,0.159676331051961,-0.0417867928472718,-0.151797740822315,-0.13607040773972,0.151884961280565,0.0245143078554317,0.0166325154866985,-0.0411149594662719,0.0555654668079716,-0.299573940799859,-0.0970551236865615,-0.663640334927312,-0.32236644625665,-0.355852376027008,-0.407572810046382,0.102277606867466,0.140262587207362,0.195660507973425,-0.415113547150506,-0.262522322835075
0.0406952569551039,0.648552838677061,0.0412976284664868,0.655732333432071,0,0.115095597934375,-0.0607370402009111,0.0955850008856659,0.158331446040452,-0.170656938585653,-0.19113203820459,-0.106487704425265,-0.321630294568834,0.0128354125223579,-0.0373958036816476,0.515103724602811,-0.183905745846843,0.0706711790021826,-0.0337895170509728,0.125245074008127,0.0981969456439745,-0.313632886871348,0.0631028451443085,-0.400683791516958,-0.24583974210991,-0.199393613600084,0.146132707997441,-0.0787264278482201,0.104296864956835,0.017375177662922,0.00423629623128366,0.216771774277479,0.420176028681281,-0.180659429952413,-0.199001249044688,0.0424373703780325,-0.0126148826316513,-0.0735693787671417,-0.0859591182632638,-0.300097543548374,-0.191448680528264,-0.161383916044037,-0.32974617557024,0.162379397879877,0.0853094294337549,0.115415072265063,0.013776195284251,0.0819459511185665,-0.192812816425703,-0.0441542706943811,-0.0384570179227667,0.368565149257763,0.350829068229095,0.570341396624818,0.254078962852829,-0.0899169188878846,0.0559593327026603,0.158453762650436,-0.255569524765284,-0.244253814406849,-0.0998187033622094,-0.316769954413295,-0.150401358272416,-0.0803823261527756,0.219545455646234,0.0830708106824098,-0.252133135766919,-0.0452920769864613,-0.110182833319321,-0.0576895808212494,0.0837301434063928,-0.267821248766734,0.116911302535103,-0.311806648633735,-0.262916955551691,-0.317522837467256,0.0375994931053831,0.0127193470145237,-0.152625721267654,0.0607672925373572,-0.133570172671718,-0.223168856540995,-0.132879636902541,-0.146267489669403,0.147691497670894,-0.180691848581133,-0.0151529886598914,-0.186335786746106,-0.080005506511357,-0.283751617787452,-0.0249479536087867,-0.397758695028075,-0.249944641086224,-0.321779297891117,-0.34558765691435,0.136930915816808,0.0136557580819484,0.137942643161794,-0.0362645272060911,-0.0549776344099097
0.101162999885498,0.0471641527883156,0.636237689085104,-0.388431630638976,0.115095597934375,0,0.481241854652736,0.596408169394457,0.796598987247239,0.354990924814477,0.227450963145509,0.166115908939321,0.0590580288227917,0.0816908286642028,-0.171704739275699,-0.169392687692412,-0.0206752345020138,0.124427146575328,0.00789995370717679,0.0547174907273361,0.139311403559943,0.156082385354821,-0.0806371615465025,-0.0385233312605321,0.0930873232168128,0.146543446157451,0.112109057368163,-0.16569872792067,0.0718574703694655,-0.102613637185823,-0.202147009475224,-0.554853512673181,-0.362514552149797,-0.106932749880864,0.0816162946937625,0.107496274653555,0.0283490806914531,0.376099056690096,0.332269694509234,0.441109368986279,0.284599045743285,0.121582650949087,0.255971697268793,0.00348396708672949,-0.0523096178283849,0.0282690785739207,0.00328899824287818,-0.0360992924900238,0.638434373970075,0.284637324471846,0.134148725619876,0.35980471362204,0.103144530543092,-0.463624918516083,0.801862636656955,0.827392983220827,0.366738411938161,0.729957562391401,0.419671131896425,0.198041074345483,0.113607859106188,-0.126102520334645,-0.0941753129083837,-0.103970992428431,-0.0205080785264915,-0.197067573528448,0.343258825577443,0.0272237164996278,-0.072646812638823,0.0346736910835935,0.137408077158146,-0.039154871345125,-0.0352005724816994,0.32862501350488,0.0615794605877747,0.149264685046489,-0.0197223017650723,-0.205595341867395,-0.183715135259235,-0.459100133426998,-0.477558985233102,-0.257344836356772,0.0861528846191273,0.0488184429916129,0.0895768970477658,-0.202625661335174,-0.091796126878008,-0.202944840346103,-0.12701785134783,0.0719899061556894,-0.0810027682780555,0.317348118632727,0.266989462817513,0.171547975726358,0.161160887790712,-0.00461655230289159,-0.0628457943639838,-0.0339069093669449,0.658249677296604,0.319666103853496
0.26794804419504,0.0897258419222849,0.412381020019566,-0.379363765532519,-0.0607370402009111,0.481241854652736,0,0.693073669667208,0.473510333281194,0.419586719431932,0.33723757013487,0.176878814236013,0.0152460619597695,-0.209257598448574,-0.250935147851591,0.036303140063494,-0.244808603792452,-0.0141103906038557,-0.248475101225182,-0.0144358327797531,-0.0265026974592689,0.0765584253576079,-0.207163301906036,0.21739505220408,0.256832208252828,0.175639859712782,0.00724407941072981,-0.324060181186337,0.0342299640949367,-0.291998231463531,-0.228930496378509,-0.520020495572025,-0.442954194918753,-0.240242730276579,0.0672997213729378,0.0256315656820306,-0.0466025075368057,0.265598016237416,0.180844651835663,0.568907324918183,0.361917305045974,0.05097354336149,0.330353612077388,-0.085936651757942,-0.00301423153814268,-0.139990272813658,-0.161228773703477,-0.16131091271664,0.606997419846787,0.362330256569576,0.341464548472257,0.408653901493766,0.356150519805009,-0.353631001638469,0.497162068094505,0.538236022687794,0.676265383722853,0.473382229817539,0.502949931194642,0.228490640190572,0.161559587031126,-0.120625735958257,-0.106799433576237,-0.294612300662198,-0.177924819702317,-0.326432886861715,0.762728499334968,-0.247743982373104,-0.260992249500871,-0.138466274726449,-0.0268966549220155,-0.0718390876827899,-0.247351713033987,0.616563123788833,0.100946469402823,0.273197485169196,-0.0154237283177792,-0.351868606668925,-0.188789489580621,-0.402875575251027,-0.420778405461969,-0.322346827004339,0.1088351059317,0.0659477473347641,-0.0651161551777438,-0.241602829996793,-0.127084905344135,-0.349459343370493,-0.119653902147462,0.504838899455229,-0.0202054386813937,0.511808975297723,0.375234518573698,0.294603077359935,0.342100767000237,-0.0469607776371011,-0.0417629508319182,-0.220217779607897,0.634879667678131,0.46604261995433
0.0933489210365744,0.207895037714975,0.438356322170603,-0.324093822510252,0.0955850008856659,0.596408169394457,0.693073669667208,0,0.706577011439425,0.266975833622298,0.296046508384876,0.295619069400549,0.0753141037609843,0.0930902176358288,-0.0664241931886323,-0.0816860870413083,-0.169589655372299,0.198404502534135,-0.027895260205696,0.167919183153369,0.260895579981591,0.155599898289151,0.0440134839457636,0.0565468248563737,0.0159191029942734,0.233875596943275,0.211103156216506,-0.251803694730673,0.216799760674304,-0.0265680579814917,-0.400594743743761,-0.57243010626535,-0.474503616065063,-0.250384205043913,0.106168689396653,0.150652577490048,-0.0168519853136558,0.245290027472021,0.310685364928454,0.528836587088911,0.312721030725499,-0.0841432071123459,0.303613894725456,-0.08653773687137,0.066858660348506,0.0576497572521381,0.0514800764915775,0.041408127811488,0.600473136691881,0.369163770175383,0.199669238110322,0.414514924427169,0.229175172202312,-0.323562534022632,0.62941443370615,0.604034357040683,0.749736744367669,0.746793000064823,0.43771668617894,0.30365143461739,0.267144557738111,-0.151814557538404,0.0152108352409674,-0.107293794460037,0.0855369083837198,-0.106363716428413,0.613319228507058,-0.0608403749678713,-0.133833366973173,0.0428964495493484,0.291711791715417,-0.0414314568262196,0.0578619618272993,0.502904061608688,0.127647886245845,0.224482897145303,0.196192537085651,-0.127113996831468,-0.339144025030526,-0.454309268182089,-0.480071840279427,-0.385450332520601,0.0777367358283111,0.0904149831981442,0.190907204923242,-0.0827461409326924,-0.129176353941515,-0.408127832359427,-0.123170272196526,0.351836742183965,-0.121659231758429,0.363007816937172,0.340787767078012,0.165150508779607,0.213616995062521,-0.088327520665758,0.0564552209302796,0.013804263268377,0.65823710442529,0.485516732067819
-0.0339776394033223,0.0595661852895565,0.458084036277831,-0.308616886813307,0.158331446040452,0.796598987247239,0.473510333281194,0.706577011439425,0,0.331591871182995,0.270431111118838,0.311207670574185,0.0835125350901828,0.215851453090035,-0.0159450178756748,-0.142961204385685,-0.0566473662394808,0.139181914891082,0.0703661295744803,0.149206078087384,0.320141976996786,0.134597402539564,0.0880370441943082,-0.0352470820649325,-0.0302469697506539,0.223911853544742,0.260263882068643,-0.168018464203173,0.218015928432099,0.06149308536089,-0.304209686100338,-0.553846900532542,-0.354569162431298,-0.195944731254981,0.152576041891222,0.167278124142746,0.0236626106497381,0.318175028989836,0.421123046113769,0.512750696472452,0.358850639465975,0.0246163584321572,0.332016345472077,-0.0114648410619329,0.0530936908711403,0.167652881724343,0.14344948441458,0.114399816287579,0.584933789552642,0.348500166298363,0.00168046468430063,0.304249635278852,0.120639745302431,-0.369002249788586,0.722076443576373,0.726653910678864,0.44721310262019,0.873934345187965,0.428008968280304,0.272189430873065,0.240408434201007,-0.159010833831902,0.00434629138040003,-0.0436444506951775,0.104564753515939,-0.0490013073892607,0.405010012304862,0.0304144770860151,-0.0987801734483747,0.00713632197505439,0.288191460284327,-0.0177127896497809,0.113352069943271,0.404777425220128,0.0798357053229659,0.174647187958422,0.125236521705468,-0.0781687863778688,-0.325452799523035,-0.460928158849949,-0.530168404450114,-0.351169361092599,0.0692847957962072,0.100694833868678,0.250141860580498,-0.0806603279846435,-0.132052542974076,-0.332186806015551,-0.16313915610765,0.158166926931226,-0.0793399427104765,0.233524196279146,0.324087796773114,0.117902070767194,0.178907850929562,-0.0320567975061081,0.0695262915924855,0.1042273480095,0.659937349433272,0.409539890210974
0.0515324688638082,-0.187696709507691,0.127630717761596,-0.338444138768632,-0.170656938585653,0.354990924814477,0.419586719431932,0.266975833622298,0.331591871182995,0,0.492326973043581,0.338924204135029,0.093932131308501,-0.0913966805594853,-0.134583929013973,-0.114647700032871,-0.175033228428546,-0.343398410522231,-0.191550285642149,-0.246155101782913,-0.0562965663466584,-0.00866226461463107,-0.225260550979076,0.194962177990684,0.516800943161396,0.251851199180207,0.0684640880618361,-0.0340304374363734,0.0999807104820896,-0.157929398167672,-0.0784964946696067,-0.381378423689025,-0.307289108516681,-0.305813203519837,0.125969995581103,-0.0460796911380337,0.0889852681101974,0.309014262410141,0.321089964993744,0.540960598930878,0.188059355954428,0.422810271678012,0.385444530048067,0.219443830068343,0.0727190044815806,-0.0687956193366188,-0.133430103452879,-0.122911232164669,0.442717687345334,0.342832031169764,0.16905641440706,0.0275326680894882,0.0367204336411247,-0.371915963972384,0.280016934334214,0.368755601788367,0.243878477408586,0.296084111723131,0.738450331591846,0.221268691376222,0.220634753382243,-0.0931826944639993,-0.0443380501232554,-0.177215206281738,-0.180736725436777,-0.233037328954831,0.409003410225627,-0.2566077330714,-0.259594765480385,-0.360505184367849,-0.0741883631335788,-0.031178084944331,-0.228384150278888,0.530462253094327,0.140594145242019,0.481958235669409,0.0139349962888311,-0.194949400362012,-0.198108795527994,-0.328098688377957,-0.447557904439585,-0.329326003399839,0.0540868513671418,0.163028173037588,-0.0168255259927451,-0.17458917666327,0.000765483054636765,-0.149810568617781,-0.256098566357818,0.160023418871229,-0.0082695768243546,0.377685616065225,0.427196905494892,0.38151186358476,0.405645330408755,0.139184837253355,-0.0717251933154728,-0.179299403102294,0.400574291615186,0.317408970293304
0.0564543331815759,-0.186530899617336,0.0227495368951596,-0.312910969674476,-0.19113203820459,0.227450963145509,0.33723757013487,0.296046508384876,0.270431111118838,0.492326973043581,0,0.706539650459065,0.264866216338287,0.140552300787625,0.198985226625363,-0.110139123072557,-0.113401122156369,-0.0344271975887743,-0.0237362595101241,0.0246684324355961,0.258993343990479,0.260074484885651,0.169631130802034,0.459411671910264,0.213915232998147,0.693590647239148,0.342309664113656,0.20081842552331,0.385454190336796,0.174977782399535,-0.446606841069094,-0.382694423042055,-0.420435487021322,-0.256145929103893,0.306795077684816,0.263302214914003,0.144154600095471,0.0892140213047504,0.30457630927074,0.516810581810316,0.35954630006104,0.109479767869273,0.529132172238468,0.1510661610119,0.187161355130879,0.156548802683556,0.16395432186883,0.163624145323298,0.429362091033648,0.429216471942251,0.00989295437633157,-0.0104103917967972,0.0935474531731208,-0.353991747221243,0.0792964366261637,0.311743274364554,0.268502208941255,0.309073706151244,0.672366907074565,0.72880590188882,0.687125171675252,0.058612398075582,0.272419549909419,-0.0920313079731254,0.0493742929816704,0.068787609927034,0.56052081286283,-0.0383707058592701,-0.0942950766307386,-0.0604766267155522,0.246146278984706,0.162538603381516,0.141123957960804,0.557276561186935,0.427923755345634,0.669272830593232,0.395228304798499,0.180152514772717,-0.518643668230981,-0.29232129151878,-0.348297870956165,-0.322940407630182,0.153972079327737,0.383333627547651,0.31066407805739,0.156799724140154,0.026042180286011,-0.10084003071794,-0.105554368553599,0.393278018622799,-0.0597271541942797,0.340128642210984,0.372270616856519,0.334509554680027,0.378628935669726,0.137575428093436,0.158335432429597,0.127331907940385,0.441245431667376,0.5062650056697
-0.11650231584237,-0.143732589291806,-0.140770344724722,-0.1526977297973,-0.106487704425265,0.166115908939321,0.176878814236013,0.295619069400549,0.311207670574185,0.338924204135029,0.706539650459065,0,0.33378455304336,0.418094762685522,0.375603870398833,-0.102228860244593,0.034830074938903,0.0574426722583819,0.241893589613897,0.163115165385139,0.444132373600818,0.242505096967395,0.421476761412547,0.325277741088125,0.00282743247845409,0.651408247450477,0.488649386493719,0.281556644633342,0.465595716842473,0.484998304758777,-0.453587153561994,-0.28199752742978,-0.311308304898069,-0.240098130317681,0.343578491782863,0.317982147881611,0.0891834119497423,-0.00433426858366706,0.404542673378378,0.501834517969833,0.271135116768659,0.0232671785241456,0.516419958162664,0.066300502997186,0.218003912341888,0.315256284066035,0.37088571599669,0.342017944592312,0.292200043233244,0.364738207437735,-0.216317915030456,-0.151280262723008,0.0102235636776608,-0.212958317983407,-0.0130664470373824,0.196090368254875,0.209466795653349,0.361601349741161,0.481019830969401,0.642015262774026,0.782824178745352,0.106425820570371,0.422579867504618,0.109236399767528,0.291361542872832,0.309003545256318,0.429106219779067,0.159190695618964,-0.0138830337538186,0.0524602501712405,0.460287996846693,0.2678375901755,0.41511150369623,0.503604054670201,0.457316241251663,0.593183237252493,0.507652881263549,0.407636876357769,-0.558714072362557,-0.195849358453039,-0.33026487353932,-0.343155754714011,0.0957059590083494,0.373341927418229,0.498047473514617,0.346186434775519,0.00531536686179155,-0.131608675429675,-0.0661386292244965,0.31719499753045,-0.221206818778446,0.126803646481016,0.351274824769052,0.271874824558988,0.311787731731195,0.050867505106963,0.292651342793339,0.326561291814605,0.340900901737781,0.478047199720498
-0.246942282005945,-0.404913690589895,-0.0530183911914251,-0.23133381945635,-0.321630294568834,0.0590580288227917,0.0152460619597695,0.0753141037609843,0.0835125350901828,0.093932131308501,0.264866216338287,0.33378455304336,0,0.517989782001718,0.408900160932198,-0.395756042364844,0.621939449265638,0.229500683864993,0.534305876999225,0.123657432956432,0.292947412831228,0.523470542779826,0.315835571954403,0.405976156459986,-0.140000653978506,0.16222606737511,0.346766753426861,0.320793861303286,0.215984531639941,0.406601544711267,-0.0863530559429469,-0.246504145816913,-0.262247410810625,0.334265410077648,0.425317189555604,0.287082607535136,0.135529364617516,0.136505435030468,0.36335515643378,0.307356841553381,0.418243491027219,0.0569335589341393,0.324501023810903,-0.0049389180164638,0.0406080430609886,0.388308406477891,0.356904832626191,0.190360409059297,0.153886585225557,0.276263084598731,-0.226129750920544,-0.28833952996029,-0.240485115542693,-0.308317369732793,-0.0579433463417638,0.111782257598745,0.0212113557813087,0.0631587188477864,0.152553274247685,0.318760592796053,0.354250934498829,0.790040081263991,0.629379966816746,0.411433940714693,0.263397147273774,0.295856711995782,0.21078918432525,0.478727895319273,0.27844050765461,0.284930560164477,0.257874422894645,0.56233520378058,0.235999228875262,0.235649861741033,0.56810191135333,0.100692999147478,0.235935596903878,0.333274766170316,0.0165436866747281,-0.173730688935599,0.0807771601937088,0.266678182467325,0.242939869893623,0.364329158065421,0.307665496180928,0.325467871221708,0.192232416765601,0.276627827142468,0.394297522615449,0.325859727007906,-0.175037618011934,0.124218304776006,0.316665764964589,0.162482141707406,0.263303416992706,0.136307702009408,0.348433207395296,0.216259597571101,0.107085049310259,0.294765031566383
-0.397416851206941,-0.215260659540932,-0.277415856984415,0.0986989157640736,0.0128354125223579,0.0816908286642028,-0.209257598448574,0.0930902176358288,0.215851453090035,-0.0913966805594853,0.140552300787625,0.418094762685522,0.517989782001718,0,0.667408403496134,-0.233129035966088,0.5126898529121,0.415545126000354,0.741904013199267,0.415686314773067,0.693671648640122,0.305499462555477,0.698494463192991,0.0502156726114757,-0.437043639521305,0.158693369836936,0.560619609603424,0.353662070869122,0.457798145200672,0.706181072459528,-0.204332852571099,-0.140097961269112,-0.0205654190168448,0.240897476852254,0.350671296994923,0.302615064667503,0.0781332541856195,-0.16043079027393,0.378451507524849,0.175106380494086,0.209098288634102,-0.12286868744161,0.168218019643743,0.0118457011039013,0.10038078850807,0.626089263821684,0.637492176320442,0.563980698581871,0.0287414098987008,0.16102137857601,-0.505985466914053,-0.371008852492847,-0.186771440010955,0.0008750619154924,-0.0762366908048206,-0.00685349753679089,-0.0462176765694596,0.212899822117824,-0.0478487321434678,0.228131474408846,0.370131922384648,0.383929531616179,0.621577455055997,0.56784125638997,0.603214364643462,0.645378070014249,-0.0503354326859176,0.560447277173953,0.383153207597916,0.40654485369391,0.646454987377005,0.431368559629295,0.635656239785605,0.0497128110269562,0.333863639524778,0.00495497508056155,0.467140981978456,0.618533230209565,-0.271336287322141,-0.118810105424126,0.00312479708785192,0.130474393202115,0.124997314682275,0.291313138904648,0.630058706390829,0.582171763776814,0.151686919728763,0.109571239530679,0.27875169203438,0.102209849324352,-0.210318415156594,-0.242620137437513,0.231193548217912,-0.0335640279143094,0.0139966655050184,0.116079170996594,0.524399976761506,0.611383277598442,0.0820082822785334,0.202165650507672
-0.317090497294351,-0.250523754982023,-0.469065389063301,0.192422711614485,-0.0373958036816476,-0.171704739275699,-0.250935147851591,-0.0664241931886323,-0.0159450178756748,-0.134583929013973,0.198985226625363,0.375603870398833,0.408900160932198,0.667408403496134,0,-0.204820698086808,0.216843431748181,0.194303509313166,0.422855100019563,0.40818905845976,0.671407969367088,0.11103152247249,0.741222353660657,0.123105812433078,-0.424736198373736,0.212618351520365,0.493956836524675,0.3862236810155,0.580055024296715,0.757351162568486,-0.212761030759725,0.0536538708418944,0.0757070949867601,0.0790416211249008,0.276242187934177,0.348393500946409,0.0226467947176863,-0.329173180613175,0.278885429455611,0.0785143817417638,0.149911842972298,-0.106155422042942,0.111129222671877,0.120516664857245,0.206423096249046,0.577192073430064,0.626212670727501,0.588960101088002,-0.0663394346221612,0.148803117341316,-0.502872880976744,-0.505212995628972,-0.239092314574643,0.107555907377147,-0.262139530826196,-0.232458024919475,-0.167061648389821,0.00909352669339287,-0.0662212711069609,0.206481760649796,0.440541599756851,0.353187782942758,0.609811511273947,0.400413038662841,0.587107496321575,0.843030915698441,-0.0308331351331242,0.265827724436438,0.176303779487287,0.172987317465156,0.620123346564288,0.314440657014224,0.641118554971857,0.0430082832170587,0.303367998827862,0.0388745114536928,0.592862137235045,0.715107645553439,-0.272830413095953,0.0976989740005019,0.0770608773519904,0.0888808635626073,-0.00854144191854614,0.217853279352296,0.500315580480949,0.599087645543589,0.111344467967885,0.101486451051292,0.269505304302231,0.179571023488287,-0.149158982757674,-0.299782222649958,0.211970561501,0.0296992412366288,0.0960378304407364,0.205025344074275,0.566421100953367,0.624436265876248,-0.0101641921157339,0.184548056881177
0.244873783313478,0.62881366078755,-0.0610966915269644,0.548213114040065,0.515103724602811,-0.169392687692412,0.036303140063494,-0.0816860870413083,-0.142961204385685,-0.114647700032871,-0.110139123072557,-0.102228860244593,-0.395756042364844,-0.233129035966088,-0.204820698086808,0,-0.26224022180453,-0.0924921682793105,-0.213126964904625,-0.147475376714162,-0.169442934143364,-0.271717765187774,-0.134902786950049,-0.159537244410978,0.0186507771068495,-0.135682447417118,-0.0458217433134439,-0.261244957571538,-0.0600060764093619,-0.184785870954891,0.123021763217925,0.414561836837905,0.477729554296483,-0.250888817925516,-0.125623442814994,-0.198355326604532,-0.156638470192725,-0.0235105722862627,-0.263492931796123,-0.208383571594017,-0.261768302028654,-0.131542008805216,-0.20458358515588,-0.132236925596929,0.0484000040194298,-0.138946265143932,-0.172042306902384,-0.117364453231644,-0.289376099614867,-0.235744512303772,0.202286687920414,0.360565407559249,0.412430356199421,0.559958268870381,-0.0383664259663497,-0.254600318660874,0.0367583571871502,-0.123413182743113,-0.239196686124447,-0.176245009140823,-0.11547573884061,-0.34757374125419,-0.192486527118543,-0.218553431995699,-0.0533204187353391,-0.131214920081653,-0.088350455826555,-0.166513617771248,-0.214078140165099,-0.182810582541859,-0.134907674824994,-0.248645564546824,-0.114219475040624,-0.157733728200831,-0.258038333024696,-0.145747040672979,-0.0718510474116314,-0.161649602004172,-0.0746594224386147,0.202218241861552,-0.0356607586988925,-0.273930400594925,-0.182324274516985,-0.0850334365905946,-0.0674584546753761,-0.222063175995297,-0.179048382169554,-0.291603695269398,-0.271355044600175,-0.160526071125019,0.0136766812158909,-0.225028840472583,-0.263733308058166,-0.227089815052233,-0.305219155622461,-0.142637015134995,-0.0888282060102765,-0.178412952101715,-0.172023909018368,-0.157844301068296
-0.322481979894472,-0.336456121581694,-0.0713357709672998,-0.0401229034077844,-0.183905745846843,-0.0206752345020138,-0.244808603792452,-0.169589655372299,-0.0566473662394808,-0.175033228428546,-0.113401122156369,0.034830074938903,0.621939449265638,0.5126898529121,0.216843431748181,-0.26224022180453,0,0.377954990461652,0.719330269526615,0.0767339434954284,0.195085205817751,0.478664970090016,0.22547405452103,0.210953700231996,-0.187785517435828,-0.114361259926408,0.130503371490167,0.299636737423806,-0.0119325274856045,0.264729201695509,0.173945358469171,-0.0807614762501028,0.00379923888819704,0.608357034869124,0.32272591682547,0.155022058018611,0.19005535803208,-0.030220630548858,0.107374360587653,-0.0547326808680731,0.147049747190385,0.00427445603813212,0.0326547019799235,-0.0421287469350215,-0.0680854412621478,0.262606177946064,0.170721342556699,0.103586842138746,-0.109806917005098,-0.0211588239317828,-0.346739754891158,-0.284275425010244,-0.256207267692905,-0.126637412207565,-0.14144150003326,-0.0177419101010561,-0.239569552264784,-0.0934119628380453,-0.206811024843907,0.0399875112218305,-0.00157685692106414,0.624523682010204,0.381433381125755,0.547352041386114,0.279957169951745,0.199302026130171,-0.212058429352136,0.750090695169152,0.542506525306374,0.497559824336907,0.13321935509629,0.521420724752918,0.195974033127642,-0.175249169614726,0.39751115461814,-0.14960864013876,0.00221009475269184,0.219888915183542,0.256448385487133,-0.120058890520667,0.312310660571906,0.484079671203438,0.296125787841842,0.273216212755852,0.189240476708706,0.191350134406402,0.295827190747513,0.421755991768569,0.446236450787072,-0.0310483258198872,-0.20965880842343,-0.165863540326401,-0.0290178454661974,-0.0566917067542467,-0.0492033438821841,0.10487369052997,0.134135261494497,0.141841356025799,-0.155000861486293,-0.0535870594737723
-0.194814878362966,-0.0216489918843101,0.0372667522885119,0.0147403157954639,0.0706711790021826,0.124427146575328,-0.0141103906038557,0.198404502534135,0.139181914891082,-0.343398410522231,-0.0344271975887743,0.0574426722583819,0.229500683864993,0.415545126000354,0.194303509313166,-0.0924921682793105,0.377954990461652,0,0.499497930962951,0.582414713750811,0.423466460469486,0.437648838093879,0.411816083073856,0.229671345080244,-0.346883274562379,-0.0535036803508207,0.19180102688669,0.103763127492146,0.145979085396968,0.2209993274787,-0.164972901840595,-0.176223449888695,-0.0341553725053274,0.495308130639558,0.1909576096856,0.408902752603491,0.0147051230866604,-0.296225535922362,-0.0446855434724749,-0.0620073603014778,0.17483699886871,-0.30714743909563,-0.0585000585079524,-0.205055710605126,-0.0939152904337985,0.214182166443446,0.268747351850077,0.274415914354739,0.0212193698872659,-0.00460629340690682,-0.207510933054791,-0.00469448675685266,-0.0313177223103599,-0.0196749990772845,0.0871487698622132,0.0651462169779985,0.109141762747416,0.14731768650661,-0.242901785899755,0.0911205184856871,0.0619457100993856,0.229015979925431,0.222051233937069,0.268185626596948,0.316906495016158,0.194751656626176,-0.0276229979264379,0.478759901791884,0.400608394110272,0.78378809173425,0.413524202261326,0.340313398767412,0.36515439211834,-0.0980988796557088,0.277137328029605,-0.134095291683629,0.208424623459546,0.298189479239409,-0.053289678414394,-0.157855145222056,0.201177219775824,0.211509094368047,0.152798445603128,0.211923404871953,0.340686920041591,0.270199526061306,0.0820978779200524,0.0584300940331781,0.422720757641991,0.0235586575681119,-0.196367650897837,-0.197189436604614,-0.14030746157402,-0.246783831302191,-0.239551875574502,-0.120217799718307,0.13855082137571,0.28191364056735,0.0891167370910513,0.0344219730705781
-0.366211094113813,-0.21284433410959,-0.204419608534894,0.0870941191478729,-0.0337895170509728,0.00789995370717679,-0.248475101225182,-0.027895260205696,0.0703661295744803,-0.191550285642149,-0.0237362595101241,0.241893589613897,0.534305876999225,0.741904013199267,0.422855100019563,-0.213126964904625,0.719330269526615,0.499497930962951,0,0.377100927255319,0.505425887729278,0.370624345182354,0.476043606815487,0.0753394195999796,-0.350741155415381,-0.0340930639440545,0.386142149597254,0.331313507223779,0.225457351060159,0.506724641740803,-0.0246430713707711,-0.0664332889096952,0.0254259024439553,0.419582759220316,0.264929552814288,0.28803288653438,0.0471762685173091,-0.0933538176687065,0.25476861800992,0.0262618136476838,0.132245990225387,-0.137815469292615,0.0474439806182771,-0.0673877653253854,-0.094198996302325,0.435455436173934,0.439058912762494,0.2879685982934,-0.0781725121215286,0.0623651071222538,-0.431970066826756,-0.292632675134018,-0.129512653244682,-0.00254063711895764,-0.105776300642241,-0.0435149506767318,-0.128297383076015,0.0519081026649295,-0.172955333434983,0.115227070753997,0.18125159973234,0.512295637629842,0.535511685754973,0.628548940403274,0.503009269187733,0.416666474910987,-0.162704808137253,0.710842528585097,0.479611981635848,0.537562480177176,0.445989543493283,0.473105484834266,0.424076275423071,-0.125297488632233,0.419109592996036,-0.111503825141618,0.28090268561739,0.486525959288303,0.00633068384841596,-0.0766447055557266,0.208321103068362,0.327600725611319,0.161604840503961,0.260194695191073,0.44056518023551,0.400312949568877,0.158926919239654,0.219059679115305,0.397968660592775,-0.0109156909409933,-0.226072578934925,-0.256416396560667,0.0404123558265526,-0.12531215344231,-0.0821496794700092,0.0728772980804341,0.306434342677378,0.359875016006998,-0.0749506377409987,0.0434840463284415
-0.218884345989458,-0.00849705726067799,-0.154038090735637,0.102441842771417,0.125245074008127,0.0547174907273361,-0.0144358327797531,0.167919183153369,0.149206078087384,-0.246155101782913,0.0246684324355961,0.163115165385139,0.123657432956432,0.415686314773067,0.40818905845976,-0.147475376714162,0.0767339434954284,0.582414713750811,0.377100927255319,0,0.601273034520705,0.0537936878667448,0.537374840837824,0.0481150374638342,-0.454944984500392,-0.00824354198297197,0.392952263124967,0.160776431212924,0.478776982478202,0.359682652229213,-0.314958711977593,-0.107725725574066,0.00711024711928945,0.209301375734532,0.0403371100051404,0.518027365679233,0.000354991026256373,-0.266531909623778,0.163047179132002,0.0340282244953108,0.229558697230198,-0.320951324629127,-0.0553759211631354,-0.0203167941164592,0.019063308346631,0.362447372435672,0.479965639524741,0.433969175772706,0.111234211724584,0.187407892389523,-0.33214971858102,-0.133675639561739,-0.0704121883210741,0.0454775443375455,0.0147521049651583,-0.0744060039613002,0.00224702544314415,0.150016236820933,-0.178595117008504,0.0703114657808595,0.160096913495863,0.0999548567510127,0.307317402901147,0.238494345869142,0.456020221588517,0.425837931229759,0.0146258511050693,0.201948080709328,0.169664048357175,0.492534212384878,0.611810686667881,0.13218067177292,0.447840565207979,0.0119890647521899,0.197446830092197,-0.138773658148754,0.488742898981236,0.41611393635606,-0.206026342219361,-0.0101372202746533,0.0816996477294379,0.124228526779608,-0.0854371431592761,0.0417953842177977,0.446024415904029,0.352315565183787,0.0580732698764137,-0.097243004162003,0.451552584909668,0.11901720823466,-0.140455250880704,-0.177466039781169,0.114279193820658,-0.190037274376754,-0.102370532544881,0.0675422323394432,0.340647933137388,0.473794433399865,0.16991020951132,0.188961718125485
-0.309758334497125,-0.0981973259740596,-0.190060834618057,0.0503130738632271,0.0981969456439745,0.139311403559943,-0.0265026974592689,0.260895579981591,0.320141976996786,-0.0562965663466584,0.258993343990479,0.444132373600818,0.292947412831228,0.693671648640122,0.671407969367088,-0.169442934143364,0.195085205817751,0.423466460469486,0.505425887729278,0.601273034520705,0,0.181416902377087,0.697605035442671,0.117324906400095,-0.377622831766288,0.26828705149393,0.500499596001559,0.272452090577914,0.592058141084481,0.620283684075867,-0.369078838325498,-0.187617208476964,-0.096703521932744,0.0603883668740422,0.209974990194743,0.453250042552082,0.0764305045809985,-0.215414259024215,0.310594510104399,0.167861748869987,0.200858966837899,-0.2216358579174,0.148838559433287,0.0439003468324302,0.076417838372333,0.50423849912983,0.555790058232329,0.559847030980784,0.144032904220988,0.27677036372753,-0.445912507438357,-0.22154169311372,-0.043621406470867,-0.0355539397952769,0.0544279277310499,0.0511577741474648,0.102832938793179,0.347971430705106,0.0640820998101242,0.329778828320946,0.44655821670278,0.177269793013149,0.481731207902146,0.342988372301849,0.625321522714626,0.617510131254447,0.0887877724010502,0.315600224621985,0.213197614616638,0.363817113368643,0.791418738768537,0.262548565704967,0.626408445306068,0.130955329641599,0.356464484953913,0.131693810540841,0.605817201492758,0.590158655553203,-0.375637723274732,-0.120391862493542,-0.0899542069489073,-0.0421506488967103,0.0136952783509413,0.236831777207663,0.56133014764415,0.485845628595017,0.0797436561738158,-0.0907139490051842,0.245765479499036,0.147285081324295,-0.149913030979666,-0.153725986313662,0.208838785657642,-0.0101493474870594,0.0495479929828237,0.144156804616947,0.424386722429725,0.570338724742196,0.200763518356398,0.309373064567106
