0,0.21749658430832,0.238345863579483,-0.0415051976106785,-0.0556432232730874,0.1078261418786,-0.13294153265548,0.0504190246496846,0.0132088982590426,0.0232640643227985,0.0939751059581482,0.197122114397301,0.0811975853945745,-0.033080084685513,-0.13054340728271,0.274769088483538,0.0983634855878514,-0.0783728221987382,-0.141885868321749,-0.133150601801153,-0.111695105632628,0.14397213155355,0.0671980159828681,0.272631572531319,-0.0264611964749709,0.185042778235084,-0.153022285747803,-0.056876416979714,0.109457549524106,-0.0499801423025503,-0.282053527033666,-0.00681847902734938,-0.152159893531319,0.103270384677887,0.242505972292723,0.0991188607103574,0.0202836933071833,0.0766226771462363,-0.195083822454176,-0.192904891600829,0.245162030698645,-0.120064879332957,-0.020959289462539,-0.100645279661344,-0.130660436359405,-0.172671753233952,-0.171806272709754,0.0026750706373859,0.119713796494708,0.11522110609618,0.379488682994449,0.181407961007538,-0.343888042678912,-0.325042994658487,0.0815530397879701,0.404957227866461,-0.109155547701615,0.035224377234584,-0.03744107364274,0.245506662994647,0.00144691688767138,0.0821908662064436,-0.264959476517474,-0.233136222796225,-0.192674243088619,-0.120878394162032,-0.316552917633365,0.043656537458343,-0.0111310994626229,-0.070452767233014,-0.140676035186663,0.134142128312266,0.0968304323068066,-0.112795821916203,0.0387979793412448,0.233468193756418,-0.0568954029822185,0.0346495152327493,-0.236610265995567,-0.00751560820562571,-0.151214370807166,-0.0498511717257157,-0.152880751408009,0.06641114024459,-0.145028012430987,-0.258948248754423,-0.0505671020270278,0.105915108441235,0.157685885580244,0.000913588030326092,-0.261327907031826,0.419085769742309,-0.194493716702774,-0.0792930651679573,0.113878995249421,-0.106023030323546,-0.181042636971302,-0.158155039281892,0.266604502215342,0.0914210765538786
0.21749658430832,0,0.510260520786873,-0.145756103223405,0.0294915716966671,0.351733352301347,0.167769648433587,0.215903545722681,0.166407395846238,0.0323861611767279,-0.00631830780564059,0.0145038524528259,0.19512539508545,-0.129471858916756,-0.304206721796645,0.390102653661639,0.196173632129665,0.111741690472655,0.0610408085933005,-0.0323216732529065,-0.263324134179783,0.141496032825677,-0.128651732531407,0.0690291273192083,0.112666855266705,-0.0519539506110403,-0.292703291133211,-0.0906639910674052,-0.18772681417069,-0.288018285413851,-0.117935330720276,-0.0949587779473955,-0.113521352749984,0.112750378070743,0.0750423189028274,0.144408733330563,-0.064333840530639,0.212074814861384,-0.0481313608198444,-0.0748911922064405,0.118192691222514,-0.040420169325403,0.126648003476335,-0.0990022509996794,-0.249297895581224,-0.435749767933712,-0.241173547467006,-0.0698454479604591,0.234696003719561,0.127577281274479,0.231368365259858,0.457347225305879,0.0429339666259592,-0.229162355278982,0.199191403856749,0.255268767953887,0.114278018220615,0.261710612120788,0.0489136367082952,-0.0320464322717396,-0.0662867585905076,-0.00179775404595721,-0.203681234355805,-0.131547952887341,-0.134327345649956,-0.254005039063636,-0.114236606428772,0.0930371049060558,0.104054384431864,0.132827906827269,-0.233325460133244,-0.0225323751785388,-0.0338485071187531,0.0175515186947709,0.0634886548546277,0.164989427803694,-0.125108520652988,-0.0772813500702156,-0.0281125312813714,-0.102795598846139,-0.0808653928825539,0.0578307198345179,-0.174374083711722,-0.18692965205355,-0.277441665796061,-0.337263736765766,-0.156397931959946,-0.0147797916749154,0.127657179093063,0.158814428548792,-0.0181390712908637,0.153422298813715,-0.104222954103483,0.0567607924190898,-0.000471135908765064,-0.20584825461878,-0.395663150659893,-0.237520576057771,0.185917173308505,0.142418643873442
0.238345863579483,0.510260520786873,0,-0.141876721543896,-0.202776594074914,0.417805614083755,-0.0277900615647551,-0.146982605097573,-0.0275909443821254,0.170005263103547,0.14001885489618,0.0269477413865808,0.365644292117642,-0.0115552557105547,-0.227642514120855,0.179849078982312,0.273463806715947,0.111824032020469,0.127628985336761,0.0537833085465226,-0.188171956909132,0.23924929573475,-0.148334564823336,0.169287274729613,0.381116043729845,-0.00715707990659509,-0.183815724422152,0.274700811731143,0.0471835005336762,-0.252622242254967,-0.134402146939191,0.119291381678453,-0.0626910309647765,0.255042798641622,0.192255765733809,0.179228554790142,0.048945586793022,0.408827445772881,-0.06924550285178,-0.197114438155337,0.260393363658667,-0.225366213144388,0.143489298994913,-0.101192408074012,-0.243479029613888,-0.186327247218325,-0.145847814196229,-0.104015497994904,0.455840336389985,0.433822253379484,0.0487691783828013,0.325690653559005,-0.0073709217174025,-0.533376098341298,-0.0192210133617937,0.365621283699289,-0.110968449851601,0.0788582935591792,0.113342035899767,-0.114400295419508,-0.0620648010828578,0.0825293213141889,0.0103415261039736,-0.125012913424474,-0.0850156600399589,-0.265590495818872,-0.201770472340128,0.193899865174268,0.209399935050309,0.182619638714663,-0.214292208029365,-0.0488046163057513,-0.0996468910011053,-0.110754878577592,0.0900978963241862,0.313988085578983,-0.0216324185184984,0.0235376901624109,-0.0985951462550155,-0.0652828164704662,-0.031247639207442,0.0840956374498499,-0.259428617482623,-0.193064859853348,-0.237991723787638,-0.265101444685476,-0.102754358648439,0.156542054329604,0.381182522791633,0.313435562086206,0.043794285133536,0.118338862124945,0.0989931574144618,-0.0320516476649728,-0.0409475572304705,-0.305592568502596,-0.309262184406992,-0.265087148801271,0.344741679069174,0.350549051263433
-0.0415051976106785,-0.145756103223405,-0.141876721543896,0,0.299150375931333,-0.0987525015239186,-0.080709562715274,0.0122272572067311,-0.146295409171761,-0.00555708771902029,-0.121786231981313,0.0223000304750851,-0.159660446851051,0.109338687009736,0.210264827196166,-0.17508622353044,-0.261044753654082,-0.0994447587951941,-0.009463529338909,-0.102762344690743,0.275169497758719,-0.272618555215817,0.228537761798398,-0.0402197322862127,-0.175325926645429,0.0572749490331543,0.404696720110488,-0.209456207795863,-0.00439237290062579,0.205989611394031,-0.285517341718742,0.314565329565621,0.120099120136356,0.0747116403018649,-0.127982430379974,-0.244117806610614,0.0129776865457889,-0.0301935982616511,0.0422021400716485,-0.0414214231809909,-0.185390440313542,-0.332126830727252,-0.4364692353415,-0.253179370933403,0.230767800188801,0.336199973024099,0.112091870370215,-0.133809441941432,-0.0619586866865437,-0.02351788371891,-0.219789554323004,0.00953103890859909,0.118046689192753,0.46169905715047,0.0126265712484046,-0.0237415055669076,-0.0842564626541337,-0.34941624265121,-0.252671508883503,-0.0649710722170747,-0.0488964527361018,-0.071126923961958,-0.124942122287491,-0.122208636847698,0.122954281345848,0.201013476598564,-0.205410083323915,-0.125698049676043,-0.0086523506734294,-0.353255874196131,0.13262334514373,-0.125902370497497,0.114875002535519,-0.32400567915554,-0.295271688054138,-0.0278758480427275,-0.0153768050345884,0.100903642155264,-0.427116880423903,0.212814954340233,-0.406449407361545,-0.455659808461894,0.195074955430357,0.599140634659428,0.422751772895617,0.368079358063328,0.166155586472351,-0.0542738860379137,-0.0239532254875628,-0.291432002246296,-0.0380007163971866,-0.183799067806439,-0.00597298035673666,-0.434959790623093,0.0336445077868483,0.0443266968556106,0.561464762162621,0.201765818230751,-0.00363586804557609,0.0607160264335344
-0.0556432232730874,0.0294915716966671,-0.202776594074914,0.299150375931333,0,0.191040354239936,0.0848971441707701,0.238206698526719,0.0778204097917207,-0.0653900309186322,-0.125020806746971,0.000631505324634208,-0.192924421396056,-0.119930584246128,-0.0566469167828833,-0.0875517859064742,-0.231598271675957,-0.00213268436299614,-0.14967960642125,-0.0401253442089761,-0.0625823269423353,-0.143743276578756,0.0492266376654262,-0.0689698387748791,-0.262282135007812,0.0594177942726754,0.0803476448568157,-0.224020809187124,-0.149933428580021,-0.0461219265720545,0.00480159259329248,-0.120481810622673,-0.0480573788712585,-0.0159325549247384,-0.154599480730108,0.0314494870630339,0.00493873168059216,-0.258243959238467,-0.0864558750232214,-0.0087548165220818,-0.146304967796796,0.0594978296779548,0.0619517848239655,0.00688874272498116,0.114977981997102,-0.0593749699569534,-0.0941920570913806,-0.0711606144047524,-0.105362804657156,-0.152011490535247,0.130244879071788,-0.0386402072480558,0.162038257555038,0.546054079542417,0.297011146989052,-0.0971785723060008,0.23258209920067,-0.000861399578856722,-0.116220287675159,-0.0053310513710473,-0.00395617090850024,-0.153709053625279,-0.131018573122667,-0.0640003174497258,-0.00523760572022621,0.00738826371560389,0.00773537463187348,-0.0954541207466655,-0.00276890047654927,-0.109325910333656,-0.0604657467671715,-0.0892059157203395,0.0494968780279331,-0.00784997720833843,-0.0616813463525061,-0.0530815240937503,-0.0912546579142656,-0.0698444466327915,-0.00456610496277029,0.0603043154683194,-0.0688811659127455,-0.141124826825253,0.136898901274361,0.116072766012618,0.0674582405064766,0.156221420653047,-0.034063451361385,-0.15070947686843,-0.0822943178999419,-0.214131352152741,0.07198006331165,-0.0186640740772298,-0.122374075215957,0.0875356955298478,0.315229326694923,0.145203526280568,0.100252718631302,0.0815092101084799,-0.107991336436613,-0.111840093707602
0.1078261418786,0.351733352301347,0.417805614083755,-0.0987525015239186,0.191040354239936,0,0.312332016708627,0.174592203341613,0.354029225383758,0.125822032447176,0.0894400742876048,0.17639808065855,0.100508179300071,-0.138796973787806,-0.195393521375638,0.291026179664665,0.0897526506582599,0.146561820184264,-0.0379087461654103,0.0561982581034992,-0.206258677448492,0.109817914322896,-0.160660435717702,0.149599764870994,0.29124839415712,0.123244597349227,-0.210479614437887,0.229987820094718,0.0750842038788313,-0.160731083174237,-0.194272877553131,-0.07122154756166,-0.227924901710962,0.222562292424551,-0.0953966478509146,0.284692152375005,0.145056687905359,0.12736105734096,-0.127842966757469,0.111590293208295,0.176856878221424,0.138061470443877,0.0940425166204726,-0.0821880885844175,-0.140936450348319,-0.314948986167636,-0.298291803766086,-0.106247320288462,0.542361639528421,0.247774208410422,0.111633200986061,0.283258610564138,-0.017938690497055,-0.157566008037197,0.600795626800234,0.505510313717237,0.0857775906344574,0.172935695875805,0.0516351761741233,-0.065702391955297,0.0262284923787663,-0.109938728266489,-0.131580952473011,-0.298181026930246,-0.10818496914445,-0.227597138711303,-0.0341545835286683,0.0601841643315779,0.207727005086008,0.186436599994131,-0.174655548334647,0.0792336655516261,-0.0591517618262502,0.0970578066043634,0.211154047697476,0.370947518338293,0.0846895091816204,0.0404803315009006,-0.158430929758519,-0.17142518743256,0.0834021053595817,0.0732218717155456,-0.0908307894461143,-0.128096455567017,-0.301343968120531,-0.216550894802526,0.0742885326181953,0.144864958447669,0.358119841653225,0.285093711606445,-0.214722511586724,0.199120410546556,0.0730278014686845,0.095415959078651,0.163965054897173,-0.216624077339586,-0.346314559053932,-0.21627121479865,0.45041466330867,0.28316737575354
-0.13294153265548,0.167769648433587,-0.0277900615647551,-0.080709562715274,0.0848971441707701,0.312332016708627,0,0.481784268280556,0.401868157555974,0.16298648037753,0.136494909923526,0.243283053544678,0.0835199758984243,-0.224737737415297,-0.162069735264008,0.393761468135645,0.135821716800013,-0.0134102081191526,-0.0397321740809473,-0.21949991390561,-0.185066741393769,0.143217847940903,-0.209199366389298,0.175534837615697,0.170699915834261,0.0926026115107446,-0.194258250706166,-0.0662253917932637,-0.134135339660743,-0.122661987079975,-0.0303449018490555,-0.212322679350437,-0.107495658856514,-0.0458505783192726,-0.0960502363314594,-0.0460953035137245,-0.0473870067573093,-0.0426551603333863,0.102606789687505,0.478256765001711,0.164925081703692,0.360564521427145,0.138634218346171,-0.0684298819285704,-0.0991940036309143,-0.267440406686781,-0.22388879845391,-0.00691752437006585,0.14662124331407,-0.190977760953857,0.228429213979644,0.242479389623879,0.228711070558214,0.0949556153690051,0.431988476255359,0.188458604915961,0.373680126820325,0.160372108186892,0.179175305610091,0.0246410483036382,0.115465481178835,-0.081323946623149,-0.107190257715437,-0.210857965268724,-0.188110334406636,-0.164562127026883,0.264104579181356,-0.13316339922523,-0.054880164294104,0.0526999030666832,-0.119384508931335,0.0728461669164369,-0.104475755458438,0.268814401245265,0.0971855002123231,0.11716583631027,-0.00479651251475794,-0.177563160997242,-0.0142845013558501,-0.0855153260846208,0.020316208279863,0.016756619127228,0.00960612389989331,-0.144671121531693,-0.13729339242884,-0.0930266705141928,0.00819307245757621,-0.10791838061269,-0.0406483284547791,0.0198342460167309,-0.142119423596512,0.130353220088266,0.0187668568795945,0.190932040036478,0.122456098198733,-0.102389000587286,-0.22083410133274,-0.175757775108812,0.141758508750436,-0.0768963739526099
0.0504190246496846,0.215903545722681,-0.146982605097573,0.0122272572067311,0.238206698526719,0.174592203341613,0.481784268280556,0,0.441460319548793,-0.00854712485255277,-0.165818739729429,0.0773590463974439,-0.0914135144042242,-0.194653161624213,-0.219232942967291,0.382658344410126,0.059319349326305,0.191444816341528,-0.0812126650167363,-0.0738446875284941,-0.101910779595451,0.119771750523536,-0.076833624871819,0.0657942128182236,-0.0853192276539986,0.00715207782155048,-0.287431217395955,-0.158027401950875,-0.190367162111736,-0.116802447766134,-0.0024990313367348,-0.290049718254818,-0.126406192346619,0.0495072329681394,-0.0984489224528244,0.0806839452222591,-0.123071155453481,-0.168405828502249,0.0175897961496415,0.196483454451649,0.03218342380995,0.180910613093085,0.0417017068556182,-0.0855546352586411,0.0768853420833938,-0.369279338496767,-0.20524956097932,-0.00653792748514334,-0.0803758725443646,-0.321998114218074,0.0943708668750927,0.202650882861622,0.0843688012270978,0.248205742940929,0.33754104905088,0.00608714710853167,0.50339162749842,0.397121900818755,-0.127025041737416,-0.0357496740972001,-0.0442120628926024,-0.160271962748855,-0.244679931326361,-0.109586547309871,-0.0520173669251869,-0.119853969750422,0.10849996320076,0.0243731243966301,0.123077189556069,0.281548427490268,0.0592828148223529,0.118782247869777,0.129024185380963,0.165997274841498,0.058136722725602,-0.0514602830411856,-0.10941737973461,-0.156839988644578,0.0429916789074023,-0.159335138152767,0.118277734164193,0.154509239569729,0.222768512075617,0.00405726012034385,-0.164892737493047,-0.057805699057685,0.0111448889929737,-0.184022733231422,-0.0446089762602431,-0.0162258456360622,-0.167017935432578,0.0972709843421855,-0.187807891419525,0.0749408388506297,0.0764735676541648,0.0015089243158419,-0.270620278360123,-0.101670441044285,-0.0644944622876994,-0.198677311456417
0.0132088982590426,0.166407395846238,-0.0275909443821254,-0.146295409171761,0.0778204097917207,0.354029225383758,0.401868157555974,0.441460319548793,0,0.195540311210485,0.0552077307201898,0.252153692341832,-0.0257591504038378,-0.144853360883124,-0.14578235862901,0.312168027919604,0.0233567150275546,0.0209434190560042,-0.144475228048324,-0.0385568542738915,-0.154192301675038,0.0480370442723751,-0.172336349328768,0.0813972850953975,0.162737461880136,0.12048362914959,-0.257645218016413,0.0629544740874641,-0.069158934494014,-0.0874561452618128,-0.015225985405714,-0.225323351593853,-0.180127396129078,-0.0636838971743185,-0.146837773338901,0.309106367026407,0.0111977137880246,-0.0979727157417414,-0.0686516103382577,0.169000126439243,0.0303163740715425,0.228504815575257,0.0141264669168099,-0.0629848693750509,-0.124232058211051,-0.361646185521664,-0.282660167375651,-0.0345778886069541,0.131414305996514,-0.185938800936879,0.192148074524905,0.256633642106324,0.0414040561482317,0.0313289494746625,0.465206451063096,0.27206407964762,0.344710741586427,0.449611098039927,0.186675475116749,0.116608514782752,0.148430679379758,0.0145999469448152,-0.115170366418123,-0.18937411136326,-0.0937719174201114,-0.136505224409251,0.199715930330328,0.0994073856480248,0.0215524186587195,0.111713144320143,-0.015716011976665,0.18708147389822,0.00642367328075804,0.305757239114817,0.320480954809148,0.210340679350763,0.0450319837665177,-0.0620489665553962,0.0750863159743193,-0.12877780519929,0.193275778725107,0.13043896949483,-0.0113443827828388,-0.183257350850135,-0.237257776439951,-0.24601068671093,0.0931810614352157,-0.0273859124133998,0.0450479933709205,0.11840638545888,-0.18949466978552,0.250486963820081,-0.0350946711933569,0.137536423901507,0.089457045100091,-0.165280388319248,-0.367791053891112,-0.175776385347111,0.162015019347254,-0.134731199859644
0.0232640643227985,0.0323861611767279,0.170005263103547,-0.00555708771902029,-0.0653900309186322,0.125822032447176,0.16298648037753,-0.00854712485255277,0.195540311210485,0,0.416016419312711,0.475833278109645,0.260067019800749,0.0539283580444614,0.0146657723757153,0.127492448481374,0.182435501892579,-0.139138012061527,-0.0638601298210151,-0.230253522037419,-0.110764013084992,0.193159363462691,0.00770536537278204,0.306087992577744,0.435167771853186,0.290811803807544,-0.00195096671744477,0.175073353326913,0.14280676429985,0.0371601136375654,-0.103523846460357,-0.00195156781835101,-0.0733806325582914,-0.0300981814627039,0.113731063326259,-0.0349569202741599,0.0165402997538466,0.185805163275582,-0.0267368957681861,0.201857095509806,0.0477186183705338,0.0993230839746697,0.163665759135928,0.0338050122176791,-0.150369623937265,-0.0971108992094367,-0.160215004227627,0.0316698079723931,0.0936185625074242,-0.0810897055073735,0.170451143918493,0.183960943391472,0.105647610327043,-0.0709144825970641,0.0795907791393092,0.233604132264046,0.0107248016255684,0.151732351652474,0.512216875983761,0.318202514616379,0.453953200311525,0.259604771654414,0.134358461738518,-0.0629696678288692,-0.0281641918173387,0.0254186434430571,0.0203847392372278,0.130092355964847,-0.00864402379412754,-0.0892478948306418,-0.0826089820386065,0.184762059392566,0.0172806312905014,0.264747085044565,0.45236378260874,0.480039373943216,0.120108015455485,0.17090491941263,-0.091441110447706,0.0396545333045232,0.155022618121723,0.000193692787730219,-0.0913945244593737,-0.0344386269471577,-0.108493946704204,-0.0612623293927477,0.0543820968121554,0.131700348573851,0.0762729579775546,0.172717709423126,0.0718024637725599,0.232010819362168,0.325826128977796,0.149398408301134,0.200863531530893,-0.105859796162937,-0.154654081963202,-0.0653766155986757,0.174888741252208,0.0109688189467102
0.0939751059581482,-0.00631830780564059,0.14001885489618,-0.121786231981313,-0.125020806746971,0.0894400742876048,0.136494909923526,-0.165818739729429,0.0552077307201898,0.416016419312711,0,0.543020957361912,0.364506521465281,0.0679080244123118,0.084013413299587,-0.0536496505635427,0.0917993937132796,-0.266833786149321,-0.0376237670120861,-0.287310645964999,-0.099077870007914,0.106671251842452,0.01340840018859,0.466753489762627,0.348187754394296,0.5267195465358,0.0312543663375216,0.116116618564123,0.237944355057254,0.129014062502228,-0.112213237474639,0.0845519177736235,-0.14359915382369,-0.0319373212049695,0.196332716347596,-0.0182445960847117,0.103173570340087,0.0600955324875853,-0.0565201207844762,0.162988553120552,0.263473227057397,0.146408260350951,0.173657086303539,0.0284515622848147,-0.259929351009041,-0.015705873648474,-0.107917117996933,-0.0252460322864947,0.0733768138673901,0.0445444089587999,0.275123502576938,0.0810179886785188,0.0144798508402894,-0.251555412605805,0.0656313757277997,0.302936260398973,-0.194632415309034,-0.0214476732109384,0.526725300579903,0.478263999076943,0.422551544673406,0.279448570512174,0.210178808350866,-0.0822940612172921,-0.157427363503327,0.02460653254822,-0.00281162281457623,-0.0542864457457445,-0.167252008794119,-0.233486596025883,-0.191953300953669,0.147602628856,-0.0976673431126172,0.15490444923674,0.313597091499304,0.461520787712493,0.13112135471401,0.168507471983644,-0.153720966031053,0.107436198643302,0.0639236500920141,-0.0838732538144262,-0.277212390688563,-0.0569460363461633,-0.015719849756229,-0.108157484377566,-0.0236241246284263,0.221187062181551,0.0800786327642476,0.151570939992467,0.0079710683975645,0.218975798029185,0.351005195341169,0.194822105422723,0.228484383210746,-0.0862497392369172,-0.0488583335890551,-0.139732739221443,0.122432039337076,0.0291374751162784
0.197122114397301,0.0145038524528259,0.0269477413865808,0.0223000304750851,0.000631505324634208,0.17639808065855,0.243283053544678,0.0773590463974439,0.252153692341832,0.475833278109645,0.543020957361912,0,0.223745398426264,0.0514184103258666,0.0902041132797339,0.153266719062149,0.115550458532479,-0.201086841433148,-0.161408816906945,-0.317106021843131,-0.0821543155738003,0.183755380951414,0.0955245024662801,0.518891383826876,0.301289743912577,0.630412733590846,0.0224727349727365,0.0578223469447774,0.179170461683748,0.207812236669112,-0.283493601886745,0.0433005497035787,-0.127745041974367,-0.00877398404611978,0.124031681785936,-0.0777006036462847,0.0879081878258228,0.0244864105950273,-0.191196020425971,0.26552049083238,0.169919963568242,0.211697305921145,0.0724642866021229,0.00730294191715593,-0.187544280914523,-0.0865208118263737,-0.172542517295644,0.0670534160815933,0.0766568566377235,-0.153481770050187,0.346892122350946,0.164392859184277,-0.0757472941387035,-0.0835041449118818,0.246589613610283,0.326152802343444,-0.173236121656512,0.0191960567376016,0.361186362110723,0.468288642880283,0.515461279239665,0.122787273383052,-0.0110285595142865,-0.224909285890959,-0.134485308862663,0.0459004307387457,-0.229181033625147,-0.0699147621153753,-0.0773454917665745,-0.257594884276474,-0.10419094203979,0.266769972760361,0.0812796021590868,0.173585836052365,0.365815628153921,0.543345007492244,0.104793583351189,0.220419745794146,-0.364389925611281,0.130448771327163,0.0580237686764605,-0.188482285986991,-0.139601032041831,0.120523453799351,-0.0333177498084751,-0.0221881512944385,0.0810465206472276,0.192492148326338,0.0394670908721659,-0.0216124359148426,-0.172302288235371,0.308265976959764,0.152172234436865,0.0705806405679208,0.187156549431951,-0.148677525495689,-0.0899070152254777,-0.0301830109460617,0.178740503819487,-0.0714064036854617
0.0811975853945745,0.19512539508545,0.365644292117642,-0.159660446851051,-0.192924421396056,0.100508179300071,0.0835199758984243,-0.0914135144042242,-0.0257591504038378,0.260067019800749,0.364506521465281,0.223745398426264,0,0.198979365164567,-0.010687938576393,0.0542333300691223,0.39869824440664,0.0807374542597109,0.249812492252451,-0.0419500384450631,-0.110247035130695,0.34160429890718,0.0415582257003169,0.261665816295339,0.268819089618434,0.15141063562578,-0.1040275774775,0.148060615909165,0.0782158817051221,-0.0160348943395192,0.0761441443135972,0.0739642462423379,0.0826522067386495,0.180400845249585,0.293229781854527,0.055828000465261,-0.0308454221008315,0.230597352860437,0.0251678072066644,0.0389866755695613,0.317385900495748,0.08657579945686,0.274838001526505,0.0620463270944257,-0.179310157969297,-0.0144673849431365,0.055371363979597,0.100129867328778,0.193931670484216,0.189939851636906,0.0778849078900851,0.13117850834339,0.107141036196883,-0.3135088955525,-0.0766222301621105,0.182141424529353,-0.0130031834938969,0.119160671363003,0.296795033356757,0.19729022283167,0.15928921149474,0.463283089322629,0.272971347323732,0.117924286614801,-0.0477538033273674,-0.00101584095191338,0.0513801754601518,0.149429430449098,0.0361388304185604,0.104717444827739,-0.145835582367047,0.107393054883269,0.00510132172284189,0.132494070886092,0.173580267264733,0.203198855687625,0.0279604815068473,0.0981015343750279,0.0280315756748644,0.00838413423657311,0.0189551268889574,0.0493666585810511,-0.239957995662719,-0.206784292368414,-0.191687851258387,-0.142755773579465,-0.121191027330375,0.127606068864938,0.151182746413396,0.178810957034745,0.157199977276792,0.0551889767530032,0.134436415052378,0.189906523299714,0.0538585067575639,-0.0420621487782005,-0.220284261321566,-0.0838179479236036,0.125506361016557,0.119889432205943
-0.033080084685513,-0.129471858916756,-0.0115552557105547,0.109338687009736,-0.119930584246128,-0.138796973787806,-0.224737737415297,-0.194653161624213,-0.144853360883124,0.0539283580444614,0.0679080244123118,0.0514184103258666,0.198979365164567,0,0.665632947108899,-0.405049745847307,-0.12541159508748,0.278995228916565,0.470760743841255,0.325808565337382,0.630168727712201,-0.173863959608241,0.638867390172232,-0.103493882872305,-0.158698552075075,0.10869744404192,0.193751880323071,-0.0466870025871546,0.462086256461181,0.596516337430797,-0.103713390743993,0.316280531926435,0.0347055626295564,0.330151173851938,-0.105668876042105,-0.058843993260454,0.0523751358179814,-0.0529402723014538,0.0010642862257912,-0.0385740585850484,-0.0398298437234267,-0.166880181389675,-0.100451864676894,0.0179750901532104,0.292938437218859,0.293319933435673,0.355196522527044,0.172497483544988,-0.0386808599580143,0.114381116513728,-0.220110288414371,-0.099305443016504,-0.0814790433895325,0.0154338692742769,-0.238218373064123,0.114169913455852,-0.209199825406257,-0.128302018473618,-0.0237472485919313,0.183549322900575,0.139123354263153,0.242934678284995,0.327673378015748,0.567535621144878,0.577009478209255,0.656012743500719,-0.0688565946884692,0.233658963301467,0.252763590555472,0.0575203147099866,0.549295492447071,0.0669117355818744,0.49487806447843,-0.0153883354440875,-0.0208197412743897,-0.0199025429535967,0.447902444338722,0.527730787783436,-0.0993112776840041,0.229047619795346,-0.0100037786778391,-0.0791525346202487,0.117404831150204,0.160074070447399,-0.0373360164951299,0.235429913950952,0.220193214678146,-0.0378933215250359,0.225665161921362,-0.0702920711690814,0.0048158336184633,-0.14706030270987,0.084316004536743,-0.151386451083993,-0.134031385970716,0.183528383369177,0.170734909587775,0.393194158263737,0.073026980106732,0.197026416447363
-0.13054340728271,-0.304206721796645,-0.227642514120855,0.210264827196166,-0.0566469167828833,-0.195393521375638,-0.162069735264008,-0.219232942967291,-0.14578235862901,0.0146657723757153,0.084013413299587,0.0902041132797339,-0.010687938576393,0.665632947108899,0,-0.469498869068785,-0.316790740287059,0.19495044424068,0.280814963411415,0.295965885544431,0.729948199498385,-0.305940457150749,0.682721279143612,-0.0946713020298241,-0.189243198120528,0.182665880047669,0.378458410130299,-0.0617802836187462,0.511537894570754,0.754338680513293,-0.106488365114571,0.368683173972959,0.0753867743221603,0.195632959842137,-0.253002446214754,-0.0997186347952673,0.149313866300907,-0.148524695487296,-0.0213497702509669,0.0565919125272965,-0.175255974508769,-0.0793447760248056,-0.231966199233399,0.0225968334604274,0.339669026025881,0.410730777947386,0.314175860874097,0.195054723947345,-0.124384060136455,0.00328574279858607,-0.238648376130536,-0.162597498961429,-0.0362426094905329,0.171946163403709,-0.148228566967904,0.0455215188435633,-0.202087820926822,-0.28540267102191,-0.0702384324495696,0.187351179049846,0.175364172509407,0.153036620460059,0.288180024485222,0.462881939145842,0.615983571168065,0.81350883260038,-0.0822271932709183,0.122832070359935,0.15973213573632,-0.119654291982792,0.632821103654315,0.0354455275046803,0.537512978332021,-0.04919157875647,-0.0387736010784456,-0.0327056846755841,0.526366732681317,0.616596072199613,-0.150152153173274,0.295336510853981,-0.0404127121563282,-0.229133312449757,0.124472903953066,0.264280902258251,0.117537804074667,0.329199151738115,0.341936586206214,-0.040030856110591,0.127548631361718,-0.190866268991592,-0.023662964130044,-0.248635914895723,-0.00196723809886535,-0.187527355604143,-0.185435732894151,0.2031990972649,0.379734057769717,0.471223842218112,0.0425676670723568,0.122569394106534
0.274769088483538,0.390102653661639,0.179849078982312,-0.17508622353044,-0.0875517859064742,0.291026179664665,0.393761468135645,0.382658344410126,0.312168027919604,0.127492448481374,-0.0536496505635427,0.153266719062149,0.0542333300691223,-0.405049745847307,-0.469498869068785,0,0.304744507235867,-0.0312637112438277,-0.234353695887156,-0.223216847420102,-0.453473119271323,0.290729689825547,-0.324493499226706,0.140932197930897,0.260639264548655,-0.0570006052646316,-0.359359999473105,0.0530407667240246,-0.26079319405632,-0.366044067499226,-0.127263186271257,-0.341796329672389,-0.126364707812335,-0.0683153120182342,0.152402658988034,0.0585816184295587,-0.0592975659025071,0.168821358018742,0.0216299151812131,0.201901795677561,0.187497001644202,0.227867978297807,0.113326416653412,-0.0413089742618312,-0.260259292563906,-0.46606484508543,-0.32957722473598,-0.0160307277376163,0.212842496777059,-0.0772819886456964,0.345818275541423,0.366477219306318,-0.00552832076497258,-0.19488812673936,0.392089399205282,0.199655277823316,0.20783800579371,0.272973059388765,0.0669016355776117,-0.00340234678171558,-0.0419945202387152,-0.0395618146755517,-0.324755386285242,-0.400419790029933,-0.387982628506795,-0.439450193775145,0.0253753189268756,0.0136965664721895,-0.0180927080769014,0.160256644696456,-0.326399846274709,0.163112409441497,-0.160643830617418,0.17924378127597,0.184799517847093,0.205218425247928,-0.217741939022768,-0.236842752054236,-0.0276063350099806,-0.302560553528388,0.0763370916796495,0.20286359270733,-0.0439725337494324,-0.16485632851513,-0.28899588903095,-0.277874803248576,-0.0515326470090769,0.102720301237955,-0.00566135655599963,0.225386566104161,-0.204028587900182,0.38985160774185,-0.0837364348751166,0.201614557170381,0.103177514770658,-0.214319341079004,-0.415207763076399,-0.247758935986207,0.225400378240314,-0.032675158165167
0.0983634855878514,0.196173632129665,0.273463806715947,-0.261044753654082,-0.231598271675957,0.0897526506582599,0.135821716800013,0.059319349326305,0.0233567150275546,0.182435501892579,0.0917993937132796,0.115550458532479,0.39869824440664,-0.12541159508748,-0.316790740287059,0.304744507235867,0,0.0612370948117963,0.0472352986699284,-0.180550931767585,-0.367346486548861,0.551932731390252,-0.152050168852881,0.254443931438679,0.400964574885456,-0.0247060532003364,-0.161235824666391,0.253178011177579,-0.177672462472738,-0.272322593898748,0.0691795802286944,-0.0243332676171269,0.0170734886985285,0.0792478670669064,0.438239672834556,-0.0248479237723325,-0.119063407475581,0.191479052445039,-0.0375669549150399,-0.00735044586376236,0.34264128392192,0.126886537418161,0.256146229281421,0.00476398880917529,-0.326864331469464,-0.104858868085473,0.0184621591728888,0.13690051753905,0.139188379286794,0.036702406784469,0.130932193737928,0.12934105387714,0.0350171208524802,-0.364024434730621,-0.0728667197678523,0.00705953574100059,0.0961832444205761,0.296342247656289,0.163452796987277,-0.136497554497263,-0.0856550037455059,0.0291176651619506,0.12318589801483,-0.123911525726411,-0.342385633432692,-0.3517700160455,-0.0512053210780552,0.0448628850647985,-0.0188860758678492,0.21645646751775,-0.329286057006607,0.132350610795612,-0.13382528831105,0.00744103546479839,0.102689063917112,0.107647529171683,-0.25318570022774,-0.157306125491694,0.0508567711995839,-0.188637955196562,0.092459753857407,0.15536938394933,-0.148257277921153,-0.225004273944058,-0.0794220904442582,-0.0647225628285627,-0.274602371029828,0.151511070520669,0.0207382962520759,0.187968947845784,0.14443597800917,0.136563645733211,0.0103083736385644,0.130946744595455,-0.0101792634792059,-0.197550156011045,-0.258970497684365,-0.168257204285956,-0.0194735378128015,-0.0784095796668945
-0.0783728221987382,0.111741690472655,0.111824032020469,-0.0994447587951941,-0.00213268436299614,0.146561820184264,-0.0134102081191526,0.191444816341528,0.0209434190560042,-0.139138012061527,-0.266833786149321,-0.201086841433148,0.0807374542597109,0.278995228916565,0.19495044424068,-0.0312637112438277,0.0612370948117963,0,0.443590188301319,0.700861706370673,0.358452854899116,0.0854702940532126,0.299390311761611,-0.201000035987371,-0.0578694112661248,-0.131597992655727,-0.0327640956487128,0.184154283559309,0.32831996629348,0.113872711491636,0.120060900502973,0.0345232939760333,0.0962313005244978,0.665662898181614,-0.113562554814105,0.306589529191633,0.0540571152154387,0.0127887472468965,-0.0364690955465166,-0.124550695313109,-0.0138617174840963,-0.0867286967636666,0.0265027512120429,0.0644285506104683,0.315118696810428,-0.0414469185315019,0.00241834804509454,0.15633382568413,0.183600049019633,0.238112304914294,-0.274060878867156,0.0255003002802504,0.105883440591365,-0.0142581045100229,-0.104022353539167,0.030039996040055,0.30994167991701,0.0742758634992304,-0.249803009247191,-0.224908004943136,-0.190774943128893,-0.0125537709505418,0.139997536892067,0.312624897658325,0.495768595012141,0.225527949838745,0.0401572803944807,0.485644571671999,0.647384660965772,0.641326929665296,0.473369283081627,0.135994867352219,0.363408827935115,0.0541256747208531,0.109884843210385,-0.0798527912408808,0.364781286680702,0.201975493789715,0.155248782958154,-0.0456056339980096,0.22261997803248,0.160904070627399,0.156203431450055,-0.0509383373130215,-0.246032293218579,0.0878869974701109,0.110048163033952,-0.231506428434976,0.472007585109333,0.11112975619435,-0.0292933404611653,-0.28081627786766,-0.134607693282657,-0.0696067670315448,-0.247730325259142,0.109501647667418,-0.210857235465039,0.201480881222407,0.18950588118091,0.263546889598246
-0.141885868321749,0.0610408085933005,0.127628985336761,-0.009463529338909,-0.14967960642125,-0.0379087461654103,-0.0397321740809473,-0.0812126650167363,-0.144475228048324,-0.0638601298210151,-0.0376237670120861,-0.161408816906945,0.249812492252451,0.470760743841255,0.280814963411415,-0.234353695887156,0.0472352986699284,0.443590188301319,0,0.454050940953737,0.346291257645007,-0.024232106010026,0.297209714556664,-0.143115451524144,-0.0871182955611836,-0.135823917151624,0.121470638945555,0.127406293899889,0.377704383248708,0.166114914333266,-0.00281640351514238,0.102976990356435,0.0549904906865722,0.516927127392532,-0.0644117623306455,0.101402060726257,0.0741482110350243,0.0691610207221576,0.111787114095262,-0.0460416355191793,0.0509182844422761,-0.208923030865809,-0.0299081437378603,0.0191692804824553,0.232971316852088,0.167156209864471,0.24803609794586,0.0394452064890878,0.0953939984716308,0.303169649980933,-0.241267174926447,0.0411836489501332,0.0379654416681519,-0.0737176448097323,-0.246932021492233,0.048632645073875,0.0133799068462256,-0.0353331576110954,-0.0782233597053242,-0.0544231176247174,-0.107115238457151,0.216993529189481,0.296245129128737,0.394667421778974,0.389321059448587,0.282672159368047,0.00304014720016052,0.337647345254308,0.365768638358847,0.278335487947376,0.323573257677173,0.0307421166458916,0.216219908575506,-0.0236301498000978,-0.00427489938712714,-0.0899023138614144,0.370590620947913,0.261795568555434,-0.0154251517770625,-0.00170542688462988,0.0217734357596382,0.048116428294972,0.0234461628876578,0.0372025726922987,-0.0504297297574862,0.0820635760431693,0.104420259290078,-0.0802418523533442,0.336953336020039,0.0946095211637881,0.0310159244526177,-0.193121543382081,0.0300788648987521,-0.109660899721757,-0.224517868922235,0.131733866613658,0.0051346770147369,0.195385424512636,0.138122773811012,0.312136598532976
-0.133150601801153,-0.0323216732529065,0.0537833085465226,-0.102762344690743,-0.0401253442089761,0.0561982581034992,-0.21949991390561,-0.0738446875284941,-0.0385568542738915,-0.230253522037419,-0.287310645964999,-0.317106021843131,-0.0419500384450631,0.325808565337382,0.295965885544431,-0.223216847420102,-0.180550931767585,0.700861706370673,0.454050940953737,0,0.425002135417178,-0.135569915927945,0.245841032672254,-0.356558534918191,-0.144345084248572,-0.223244686965858,-0.00339492442884961,0.252574395733211,0.451242372890124,0.144184520170555,0.161687083716729,0.0165837132481774,0.123663141739885,0.544437805317877,-0.243704384876405,0.409261241745327,0.222377195809453,0.00104630650615987,0.00725719791292522,-0.206263369958273,-0.0818557100780719,-0.141532643699185,-0.0605513596193885,0.14085791594774,0.359961808261494,0.0615955614496072,0.0327826516134868,0.0479773286563607,0.176856265613696,0.403298112054311,-0.36044364918505,-0.153292414256221,-0.0262493976087441,-0.0184279605588028,-0.179704030543142,-0.0381629071503526,0.0958802855987755,-0.0476899771683064,-0.277513879004134,-0.205022723263523,-0.238462264979086,0.0158517103449058,0.134241107074981,0.382201288221903,0.570557694971346,0.297801092658873,0.0971219611628561,0.474109507737418,0.619220925073044,0.527056034810206,0.523618394792632,0.0363024393902229,0.262512662818095,0.0023513380352718,0.0681995423448572,-0.138517383256061,0.460128442999694,0.222140228967207,0.178483269162841,-0.0505464235650001,0.259451094110471,0.246485363332048,0.133547309554522,-0.101210573108983,-0.242760404550155,-0.00430027347347123,0.231073429312613,-0.121153164602199,0.511737115767707,0.18992721657896,-0.00550487060727272,-0.297331866377437,-0.0416078693108331,-0.0736248884865495,-0.298444007805488,0.170954063702527,-0.122916555119102,0.205413548357517,0.190662956700126,0.406755419218589
-0.111695105632628,-0.263324134179783,-0.188171956909132,0.275169497758719,-0.0625823269423353,-0.206258677448492,-0.185066741393769,-0.101910779595451,-0.154192301675038,-0.110764013084992,-0.099077870007914,-0.0821543155738003,-0.110247035130695,0.630168727712201,0.729948199498385,-0.453473119271323,-0.367346486548861,0.358452854899116,0.346291257645007,0.425002135417178,0,-0.387997645813475,0.613421116058659,-0.267926964595827,-0.262126615861923,0.078932224319809,0.272362980632014,-0.104332291247032,0.457950341062143,0.6314112887831,-0.100803263060056,0.317604146394443,0.0719316725143954,0.278991746552654,-0.324163181012966,-0.146043796487356,0.0735904701273417,-0.172026079605302,0.0245682067227374,-0.0381645488654828,-0.254798013607015,-0.212416452235268,-0.330000978043601,-0.0933538599721268,0.444325050280915,0.365125832520181,0.28349924951931,0.150873982614263,-0.103904904140796,0.0224007455798326,-0.339022287986404,-0.114269140744265,-0.0178826536767003,0.19580554314399,-0.218946153176245,-0.0172648193390619,-0.0575001397474665,-0.273935098716893,-0.222458516907293,0.0380752155204973,0.0606188904309761,0.0921057805394767,0.227042755627898,0.493277827256968,0.699664756479333,0.709821419551939,-0.0787519149211154,0.197126642887598,0.274896520925426,0.0342199957698118,0.771032760202509,-0.0523467952873187,0.505284154653855,-0.105886055419686,-0.145536290263631,-0.146462926001384,0.486303362658631,0.432702430501332,-0.119231450284018,0.24505022273316,-0.0756540133834235,-0.211107111602224,0.193999153317322,0.2940966781558,0.14639142106851,0.300873250640206,0.347083887288107,-0.19176902802884,0.193137933317165,-0.236958494001223,-0.0325972653927797,-0.273199452923651,-0.017652150242402,-0.34263822682646,-0.260567463590568,0.198096913800219,0.364307600079464,0.41270535276512,0.0154092383358383,0.151430831105174
