0,0.104967058826428,0.390470163168473,-0.269324737229136,-0.108064689066885,0.0348032458231067,0.0386353295212508,-0.0425310298586922,-0.0619409202893478,0.200780931908625,-0.323665220062613,-0.392355401379181,-0.155082591640903,-0.456757406787604,-0.42224690086685,0.255879032360373,-0.255933737250148,-0.35779605064813,-0.357092316954604,-0.360798825234815,-0.396713666498274,-0.125638281823216,-0.434665133796082,-0.316948623000244,0.278157256504879,-0.337755478822516,-0.314447728838842,-0.331212390002475,-0.22302355116056,-0.455653385689376,0.41550866752857,0.134377243682513,-0.104342682388156,-0.265143227075067,-0.270156889508336,-0.288970317241963,-0.293552247143181,0.350174839071457,-0.219018684637832,-0.211479104585028,-0.245437213168304,0.0459175637247307,-0.111628215509541,0.0192999509634589,0.030584843154677,-0.332823746860483,-0.357256891254095,-0.352562929315482,-0.272489176216574,-0.100875608383621,0.51002158523081,0.483090407761394,-0.126343529479608,-0.195728754802569,-0.0266794796019847,0.162213709143551,0.198992542795099,-0.0108507055547699,0.0129241138710431,-0.442131567834249,-0.450798868015172,-0.185996484742084,-0.376428950946026,-0.44245857820204,-0.423185906536718,-0.417871860220734,0.183747021513135,-0.334423472831783,-0.417563057529916,-0.423582623340285,-0.466777251345473,-0.298479549639513,-0.438664994280246,-0.0453475335382874,-0.471575972919513,-0.403905538702571,-0.344472110209634,-0.461032683503358,0.484459411816903,0.0104144093597716,-0.337848788297825,-0.207171387467609,0.0360210055111979,-0.290500739265976,-0.324223932893644,-0.419947005186541,-0.342185140078558,-0.404088796508688,-0.369323705401827,-0.140185992368596,0.158915791668579,0.112865542072894,-0.243900782358541,-0.0640390539503222,-0.102402516551804,0.115482786891344,-0.399386912431786,-0.414442953668188,-0.174132019811331,-0.163764557188888
0.104967058826428,0,0.261285908715248,0.276495561950836,0.502244353191299,0.161589316034142,0.198672991160638,0.316304238915996,0.115236739638858,0.0169149260032551,0.0323365830596891,0.0871605978490791,0.00951459209746365,0.0523431943422527,0.00765414343322235,0.359303490536785,-0.000797112660447327,0.180996652188488,0.0226267379623208,0.13618350196321,0.099247735942211,-0.0806178609437099,0.032407650998434,0.0127551986221039,-0.0106625917113507,0.0936745748922925,-0.0102459630719157,0.060688818802257,0.0609457960647557,-0.041450545055541,-0.154612036915262,-0.00520454423957302,0.0235666717466181,0.147517227081305,0.0871390833118732,0.191497690770862,0.0805987427378835,0.0246824169199833,0.116528093042826,0.074613173951774,0.0849327331776249,-0.117973300559414,-0.0874823349151107,0.13423601307585,0.224089011544907,-0.0779332016810552,-0.0500680313646909,-0.11453872598763,0.212088924336946,0.169001746387683,0.0386629904055425,0.577166577926502,0.406828261974699,0.358647786384014,0.257267288529616,0.0947064774183116,0.327944145940138,0.151710175185271,0.0243359906277212,0.0045784357611859,0.127109435302384,0.0769599824324737,0.0993687213119321,0.12735294914439,0.0277391858261328,0.063897022301781,-0.0731937471897548,0.138930920341156,0.0776933569488176,0.160481371578017,0.0777501743195893,0.12570667265253,0.0340539623843716,-0.123327260239992,0.106767039372147,0.0657085956924697,0.0824214091293396,0.0104410694257627,-0.0796827287813251,-0.0134258326182161,-0.000621335124648283,-0.00253226833854054,0.111368282912434,0.150075150175039,0.134540641446375,0.0483879694434108,0.132496787190474,-0.0540264046473607,0.140225455222668,-0.135712469951803,-0.00143328209240947,-0.0163696189859615,0.0118784367588047,-0.144367126134527,-0.124119921350236,0.0816221558367572,-0.0206049991621709,-0.0131461081173348,0.215477115091509,0.168182121273625
0.390470163168473,0.261285908715248,0,-0.562719054035291,-0.205136043388759,0.714578923353589,0.469695909867814,0.599362215856601,0.617044764130183,0.367595914047325,0.225628722157552,0.0296284658716336,0.158138559447975,-0.186255523858444,-0.25009834244377,0.00593940716405131,0.163842734872436,0.0262497354979666,-0.0329479707030548,0.0382292377513382,-0.0735007159782852,0.219766525652326,-0.176083638102519,0.0630476311519758,0.343063478109927,0.0238845689032786,-0.0720857945007792,-0.137397788961405,0.150968825972557,-0.225603022843128,-0.0093556723007716,-0.421873197206135,-0.588866700624544,0.141139754814462,0.161098300786483,0.189397602074822,0.0984721701511526,0.188483148322175,0.184032923682157,0.212985117053806,0.202031785134967,0.363823100464395,0.257355442499038,0.262158457076372,0.31020601535891,-0.151407860231549,-0.133293479100201,-0.145868138491056,0.406607078008765,0.249500633481644,-0.20952468439882,0.762901537957883,-0.43232368582039,-0.487233072562087,0.663682603543115,0.750166640189899,0.555093856829064,0.635706604642058,0.315003532355078,0.0427340171634213,-0.108261215647591,0.0271614425030166,-0.0639652849204543,-0.199879225800004,-0.305467214920122,-0.234017960983901,0.434849620467472,-0.0185627787134721,-0.135663442333602,-0.0780389904708723,-0.175832393071734,0.132659787565303,-0.191134960421803,0.295071552343306,-0.115859362057599,0.00235276977205643,0.0403961778752826,-0.23153921943213,0.139709587245159,-0.47818212669644,-0.171883613639194,0.148036564151412,0.268569697687934,0.0865126990854378,-0.0102099922045362,-0.146379392734135,0.0485039239420101,-0.220514955989332,0.129383734834255,0.214086279735032,-0.458545382402707,0.235602849193173,0.0646127807273097,0.259534569245973,0.126296572867187,0.283396943261885,-0.198075435199399,-0.182441025494045,0.446499829001812,0.234178533115027
-0.269324737229136,0.276495561950836,-0.562719054035291,0,0.640694695614704,-0.396670328327122,-0.279310132410168,-0.280347287087937,-0.370863900844721,-0.391103245851435,-0.173572225424441,0.022883740686733,-0.229839312222342,0.348925746247999,0.412883893815586,0.164811375506044,-0.251438348675949,0.17152065819894,0.058657728267263,0.0266907852058155,0.181994391376447,-0.348602286449804,0.332598670994812,-0.0925247005542184,-0.288881047540539,-0.0146069322694768,0.143558875826901,0.0954141989493754,-0.158193741026476,0.247253345629013,-0.0679652002205149,0.563421679508755,0.709363136525925,-0.0972545049611094,-0.138465463296186,0.0321237799547849,-0.0873336620425912,-0.0714045319584712,-0.0306202936674904,-0.131854867827766,-0.174651869286763,-0.362798961652987,-0.345361450023286,-0.148686871918163,-0.240950606792484,0.197085550884235,0.233330377831109,0.211820316933336,-0.171209741881539,-0.178166331649366,0.318858511470127,-0.309200745760738,0.798731687279256,0.885876012713724,-0.290248902741267,-0.470130409936354,-0.22548757682414,-0.374470815519166,-0.384802724292207,-0.0510226297215642,0.13384288392567,-0.0118336897672673,0.187650158581859,0.399678490527647,0.459338208202191,0.446801749774657,-0.412420596620668,0.106368653956285,0.218764327348129,0.218047130687011,0.319359108112057,-0.0792051430617898,0.296850341567802,-0.315345287935452,0.119831509745667,-0.0024294368117812,0.0382552925047415,0.328571664654387,-0.194042349272599,0.627341936839386,0.115740332851732,-0.259372860911442,-0.28301008870452,-0.0392370617678587,0.112637161048522,0.315561983554146,0.0380286482978252,0.276551595984855,0.080815121841443,-0.380931808827453,0.587466320299156,-0.109867368303015,0.0043319495638481,-0.232600691287644,-0.202731808509461,-0.164527529742765,0.302148532741188,0.322024022080558,-0.176301812090737,-0.0932462140902606
-0.108064689066885,0.502244353191299,-0.205136043388759,0.640694695614704,0,-0.111472138015575,-0.225534250739752,-0.057281394332271,-0.0648112765949655,-0.297872510885998,0.0162812382737666,0.0575963293934774,-0.0407380733911773,0.233698386119863,0.223875884411077,0.154170735119779,-0.107134105511725,0.158473945684221,0.0486782434221794,0.0808054702556285,0.125017091779541,-0.185069393225115,0.160557373246023,-0.0636587674411185,-0.252667696402324,0.0410765421305747,0.032317558341606,0.0716043904732585,-0.0395570924078035,0.107244752277933,-0.0171721479342001,0.327566588230667,0.426954220288363,-0.0112416474887805,-0.00490893342868794,0.159138511049144,0.0714258766238356,-0.0844438168319776,-0.020790581784029,-0.191300304355149,-0.0613956098967346,-0.228394082050964,-0.187388414110549,0.048797668368334,0.0457036947758752,0.0135855220715131,0.0722989279739881,-0.030606254713599,-0.0703677619096184,0.0554101194123609,0.195049118289711,0.022090121222283,0.614576916515997,0.747774182727393,0.109877351003834,-0.209336783416388,-0.0391149976486402,-0.0513302014419713,-0.240230595413674,0.0646998347107354,0.178180787419057,0.0797199260833038,0.192518378900605,0.269424557174685,0.21993882543043,0.260835164563201,-0.299722702328643,0.154250607425688,0.119498721125647,0.173611940404691,0.156405425979511,0.0273058938880554,0.11090002275963,-0.338479228460386,0.147132822007011,-0.00150328642214576,0.103726942309631,0.154444870973733,-0.0645451552149807,0.369617819748999,0.0550554151450083,-0.136283113808958,-0.0351336367421952,0.0874939088078757,0.0985863748406663,0.138209941101639,0.102114106149006,0.0639449618577522,0.120296443958384,-0.254082005937279,0.331347234258514,-0.220017398416982,-0.0178158648433568,-0.214856250518096,-0.101609757266619,-0.0181810894577106,0.099103877127119,0.102297179376513,-0.061391426004701,0.0902368957874242
0.0348032458231067,0.161589316034142,0.714578923353589,-0.396670328327122,-0.111472138015575,0,0.498015571483461,0.682370518693945,0.840869048148354,0.26456026808022,0.322573264963209,0.0568891700672626,0.205249907134448,0.0831124933227165,-0.0444850045446378,-0.108727180299787,0.298649352743765,0.141959989710978,0.205082642536246,0.190189743129036,0.0854653224369368,0.340184833948236,0.0466012920951702,0.0595885055550921,0.24102277912353,0.0594550586198734,0.12302729262856,-0.0899717830709017,0.267146214399462,0.00821150669553082,-0.0478156238178049,-0.361898496089178,-0.410106029941781,0.207836731137307,0.325768608967795,0.352212902992849,0.339379474791256,0.148722758416099,0.339976109533292,0.335542738176788,0.218208921274151,0.374722259603132,0.399968175926113,0.314235777159747,0.286617680786743,0.0538830853376112,0.0921551740975116,0.0598156117056214,0.660954350250005,0.38019635721292,-0.23099635176417,0.471185249443421,-0.325265521329666,-0.418356285302628,0.858181601749659,0.875054253034337,0.483010766447091,0.794816018652061,0.332887891817081,0.191541099455903,0.00421385925421367,0.0936708405744912,0.129436229518868,0.0269824258122818,-0.085958838307934,-0.0119932676123961,0.45713113241719,0.191035683021427,0.0546287858730456,0.0716780701257709,0.0342609448583991,0.327695886086542,0.0433524607774487,0.365301614204729,0.0290584389687197,0.121620963808327,0.214353520801273,0.00155688866032001,0.0458563685432026,-0.306843562700199,-0.0904701910824165,0.200006675526246,0.192586870127391,0.255279578290135,0.129475977917925,0.0447476623471685,0.328241555961128,-0.0501506730358956,0.348897166300618,0.263330440198211,-0.35675053142515,0.262162907478867,0.268888298458192,0.376888456409314,0.243885537708667,0.316020113384434,0.0342007449087684,0.0456869641570217,0.688227279425097,0.425292248819444
0.0386353295212508,0.198672991160638,0.469695909867814,-0.279310132410168,-0.225534250739752,0.498015571483461,0,0.579913334809364,0.436218209740213,0.425903955427925,0.0866995852214913,-0.0477546603654638,-0.0193191354787456,-0.0826880167954705,-0.230289121639784,0.134994881579648,0.0817524827688723,-0.0780068323864768,0.00211243490444702,0.0226999150277362,-0.0243885995333512,0.0984549582561879,-0.0448175047233326,-0.0517791476464213,0.40543532388072,-0.126533205899258,-0.102544834438365,-0.286411982288808,0.00931667730106755,-0.113851568442402,0.0989000502011462,-0.157342158739733,-0.28828058973866,0.0530565897198955,0.133649379485842,0.125678930678602,0.0435880626134846,0.415645652312931,0.400068289295577,0.690255462662849,0.296479562607382,0.376159372349569,0.292568931391867,0.181550155192192,0.250601195429955,-0.0561103518381633,0.00740859459089807,-0.0189249379076513,0.337049009678179,0.261058876610378,-0.134913849319545,0.404755614303115,-0.0544365570560989,-0.326608235865068,0.399723437992033,0.456370002771086,0.549683950376418,0.395308609114151,0.388030002547638,-0.0354154379193351,-0.161156897094876,-0.130493768606795,-0.0738877788928999,-0.112361821004475,-0.179682357679765,-0.178648122926636,0.671716532423761,-0.0435053937454155,-0.0902976845779611,-0.128546579473579,-0.0656776846555782,0.0874780175875359,-0.0363011181942884,0.613597285562255,-0.188151592810973,-0.0488495160298472,-0.124279000609128,-0.107610599609161,0.166646784597182,-0.193308704233969,-0.230854082626986,0.0663463344788599,0.178853801974634,0.0742446431720215,-0.0649997158248842,-0.0344225563092394,0.0554027929873252,-0.234599856235744,0.121422691377856,0.274361508620352,-0.181234352450457,0.43192225567641,0.379495756114369,0.366877372174828,0.182202650697986,0.275945212907402,-0.0266574786936429,-0.0291907015262669,0.411980207848896,0.280901842312763
-0.0425310298586922,0.316304238915996,0.599362215856601,-0.280347287087937,-0.057281394332271,0.682370518693945,0.579913334809364,0,0.690192937866521,0.263553418381245,0.242600201053019,0.099186805950032,0.145353451452154,0.134102352288058,-0.0400632316641557,0.105132641239055,0.416372725421303,0.32202590565338,0.301112730007091,0.283373457864164,0.272200927739916,0.395457559527741,0.200402389318131,0.0817829870741914,0.231223594247504,0.124374573506195,0.117992915172566,-0.0240061037247398,0.336069532157775,0.0476310698136753,-0.114343041429092,-0.398356738570774,-0.388806640093522,0.450669447111395,0.402758573399051,0.210716284209941,0.286233621248585,0.0874851934958234,0.2795603505794,0.352680897139552,0.267539342232758,0.380134961721333,0.312728562904365,0.279617890761618,0.303161415522465,0.0813414884819671,0.14680760763259,0.106449550106479,0.505082455397299,0.317305903949932,-0.249400954388686,0.545270182216616,-0.150696915879603,-0.299939606209535,0.677335403101146,0.614570805040379,0.765115148869501,0.733049222625254,0.292223910693155,0.141763404065998,0.0272263843571981,0.0334226235378125,0.124068405171536,0.0558472787921748,-0.0889978929669782,-0.0328355954695662,0.43550696045941,0.213104331961718,0.232901994761325,0.292884755196783,0.179828723351386,0.400134198117604,0.163262752550665,0.35962211618002,0.0491934868127089,0.144233409729124,0.23279186089443,0.0547843030533583,-0.0323455412274617,-0.358106125779513,0.0735004428111498,0.26088204025746,0.289993784925844,0.381950617256858,0.209167477791353,0.150853021412097,0.304778917095583,0.0408920622599068,0.259988476415358,0.251514729385783,-0.363197808935273,0.255826760049703,0.173101623452695,0.418896481459937,0.212311044876241,0.309129554597819,0.0842200529231981,0.122338532515247,0.535998081637182,0.337518556841654
-0.0619409202893478,0.115236739638858,0.617044764130183,-0.370863900844721,-0.0648112765949655,0.840869048148354,0.436218209740213,0.690192937866521,0,0.166335657104322,0.356597404986417,0.133259677047562,0.29770746643195,0.105039363516832,-0.041213514529819,-0.0971247670862675,0.391187301234814,0.198955579008243,0.250970700487629,0.32006131809162,0.172122020218001,0.340150700819958,0.0640029494169464,0.193836761113808,0.0367855574359138,0.12470574898872,0.154836747673317,-0.0315519240738501,0.351846899004182,0.0291747322034728,-0.121636682470391,-0.461247807031009,-0.412140587088549,0.28815937717284,0.40794074840734,0.485505422317449,0.439739065151223,-0.0253998421564725,0.262068338062532,0.300824243084734,0.344724338908793,0.300892288585609,0.415929961505014,0.414356639176345,0.390149353270968,0.0791935632647341,0.103431221981885,0.0860180880939317,0.682321570843188,0.477912291132445,-0.325478643027062,0.413283942669939,-0.256987827364663,-0.351723659510815,0.80370750386349,0.835867702173432,0.48125425384964,0.892527352421448,0.264740438233451,0.295834457966805,0.1026865954547,0.143207364897103,0.170480506538637,0.0228635518366117,-0.0990936340634631,-0.0289074485123077,0.477492126431298,0.202225274472207,0.0887386707531799,0.122801973164629,0.1053933107124,0.387407007352128,0.0439501989567492,0.406833996786739,0.158833511150937,0.126074284203142,0.258070687530759,-0.00851197144523145,-0.0399945524135303,-0.395174418050232,-0.0195165587541844,0.344546517502557,0.316821481885519,0.359637477036717,0.19234257217602,0.0867582496739733,0.398677691451835,-0.0200633500642315,0.471544339168899,0.41571576406527,-0.413538119007113,0.0876106863208211,0.244393787496134,0.317820355097834,0.282952608575043,0.394483612786913,0.0709677116216042,0.0637967831331054,0.727238014556584,0.506905285933649
0.200780931908625,0.0169149260032551,0.367595914047325,-0.391103245851435,-0.297872510885998,0.26456026808022,0.425903955427925,0.263553418381245,0.166335657104322,0,0.135342481873665,0.0702365768287059,0.122646913816436,-0.363513082059778,-0.393199503826492,0.0745006331937562,0.00459575051961979,-0.261123632768982,-0.304005527159681,-0.218278884483558,-0.219106786025986,0.0336320797372242,-0.311986249976298,0.0949797415577887,0.68472234470495,-0.102498124665928,-0.317269277256024,-0.271437526273632,-0.0236580124574739,-0.308825120030158,0.210344671431535,-0.194188700728261,-0.401068883452858,-0.100266031508973,-0.0797940620336439,-0.243819766711824,-0.182254004801628,0.323155355708638,0.0856129668583926,0.465903895054306,-0.009923103512646,0.346349243273185,0.2163327161256,-0.0009805524728387,0.263751032824248,-0.372982058446243,-0.34056816298376,-0.32774272054447,0.0658422943596465,-0.0709603492918581,-0.103900678479182,0.29915334485896,-0.210847305331951,-0.322219677720466,0.167895893508697,0.29828478166881,0.423059782272659,0.142239146532895,0.825885367554077,0.0533540801342825,-0.0045044738434457,-0.0352974338736246,-0.268262020922014,-0.38034306435894,-0.449239960816867,-0.406873480546224,0.423398344109951,-0.311329356135564,-0.399430173664914,-0.350625894309887,-0.346267778302461,-0.124642387350194,-0.336790739329101,0.508311099052674,-0.212583535322428,0.0467149032452094,-0.204545961188067,-0.318784792420181,0.378989357722205,-0.340027604357252,-0.374564990231822,-0.173115968792003,0.254807977678639,-0.235358030180556,-0.235906903008319,-0.360403113700442,-0.196976024199314,-0.451575158331911,-0.29149254031073,0.0835333299099062,-0.233166726540328,0.38350720428182,0.138658910062289,0.213416367521958,0.0969637930252822,0.134757033701389,-0.379534114589961,-0.36795241647978,0.0709500185275476,-0.134021764794644
-0.323665220062613,0.0323365830596891,0.225628722157552,-0.173572225424441,0.0162812382737666,0.322573264963209,0.0866995852214913,0.242600201053019,0.356597404986417,0.135342481873665,0,0.777144417039228,0.558563024411938,0.376784606861934,0.319725033559574,-0.115033538625511,0.466741845173458,0.418162910033269,0.336222116213609,0.41426108807863,0.342312223146446,0.43002695519305,0.339659642626578,0.703870993412879,0.0125027522817197,0.693164528842949,0.28089800582605,0.391499833242594,0.464177489740746,0.351375425305782,-0.540866996080857,-0.363045248218541,-0.351952577452636,0.412632116944482,0.451376017260596,0.474260106907285,0.491994452034655,-0.146549160316851,0.43970413237753,0.319435244266844,0.529683063589206,0.310403988458872,0.491552091824227,0.175071267395395,0.21763585111949,0.2378952381632,0.289165936801928,0.182490140644808,0.556024020898798,0.503584700176649,-0.486174021659886,0.0809132053415074,-0.202696095222456,-0.169565996586402,0.395184571348761,0.28167408456268,-0.0178461678741915,0.321297815855531,0.348346801030596,0.800613728421565,0.715945100166066,0.469913165193541,0.45353496832662,0.378948544046219,0.212367892873229,0.304140827119055,0.112659060149805,0.390423161505356,0.318081788715602,0.38431000073304,0.319422001541693,0.492398708429541,0.307982612911204,0.227572105040185,0.624113294495075,0.661626271281516,0.513211282534714,0.377939134785705,-0.447332906740717,-0.318344069069493,0.284194306640245,0.298382794596286,0.161781110156295,0.403284903364151,0.37255644200428,0.319250823622763,0.440296301120253,0.250039415018169,0.520008478417255,0.414049317322797,-0.503313255896759,0.00231892555339398,0.352502267938958,0.219141252936051,0.369607227403816,0.0977945088015952,0.266185751067301,0.270250284703012,0.484119364092482,0.483673151918578
-0.392355401379181,0.0871605978490791,0.0296284658716336,0.022883740686733,0.0575963293934774,0.0568891700672626,-0.0477546603654638,0.099186805950032,0.133259677047562,0.0702365768287059,0.777144417039228,0,0.486967850284776,0.405043387197336,0.410913731617858,-0.0450367672149992,0.364900591510957,0.46405440846778,0.289453458851685,0.458535367327812,0.410178155070061,0.223622835408284,0.418743480220089,0.784016073497842,-0.108448082720867,0.782592837157042,0.308421333206865,0.481958936188064,0.39890201377605,0.434154868290128,-0.681930515660087,-0.303114970310194,-0.244795244533288,0.390390040221058,0.31157419955479,0.480842345207364,0.365527169449488,-0.322809055781486,0.315460997733216,0.288030638807039,0.510429580917003,0.199763569273865,0.363629622790489,0.0289591888139552,0.157054928574948,0.274198903139096,0.29582699159612,0.262650097101057,0.510497579039508,0.386283435800613,-0.501033879108112,-0.00667707635036393,-0.0253134736789988,0.0430674247846051,0.146247236748588,0.0573088888392914,-0.100667402695272,0.0951376983414995,0.248911250517776,0.743818442874255,0.830703645313,0.442232442431204,0.443812504757441,0.437020179585622,0.297994918585589,0.388945104802685,-0.0391603364519569,0.295749471254156,0.319187035928214,0.41915142163325,0.416627425472174,0.36248391664119,0.385742829891005,0.182311985522681,0.651171587964238,0.71445110369517,0.43556341501011,0.449357354948961,-0.627578413615175,-0.297119674342673,0.30763506659124,0.225510936111395,0.118130056112644,0.269367584491577,0.423024331284725,0.400112015964115,0.333709909907036,0.305932176082754,0.469916145546359,0.285588191120472,-0.463370672499522,-0.0958198343026681,0.245576298300907,0.100263741766543,0.206715432492679,-0.0509703154596236,0.342176303850314,0.372739585422661,0.410440135587201,0.367402869935905
-0.155082591640903,0.00951459209746365,0.158138559447975,-0.229839312222342,-0.0407380733911773,0.205249907134448,-0.0193191354787456,0.145353451452154,0.29770746643195,0.122646913816436,0.558563024411938,0.486967850284776,0,0.335716165085904,0.262745555522478,-0.0606081593223706,0.598152223601588,0.256345560879113,0.410427529690441,0.489452872870614,0.396640668160024,0.465736311964825,0.285193250105783,0.538839299633608,-0.0743975076197554,0.410432674562191,0.404123757539904,0.505102115274328,0.66150088016092,0.407913126114254,-0.353926157552147,-0.456571346205028,-0.382719652374277,0.432415891382302,0.536890576755835,0.223410976745177,0.528759702235387,-0.133499946982975,0.354240094308586,0.196203862047532,0.329133352844906,0.233888341431122,0.383589361361196,0.272516299598239,0.445698703877746,0.336342728346294,0.3109558181954,0.196482314157444,0.403137188068806,0.519558055927768,-0.413495271000258,0.11726662761931,-0.212543391127313,-0.184836347010026,0.258244946318538,0.285511529170978,-0.0381450240923437,0.281042693295279,0.372926201478492,0.523668762191389,0.582545166712978,0.825129519682442,0.563929812252087,0.25270939696167,0.108898219659294,0.185109228196312,0.0415056729091765,0.419231380176586,0.283853979441036,0.252523099844804,0.315016477803013,0.551279369073453,0.196328723495435,0.151204009780151,0.489926088741266,0.405062196757801,0.589312602350474,0.349689631969074,-0.242527668669713,-0.417125517410733,0.246088168695669,0.296519234179186,0.353383707664066,0.451259092010093,0.500723868116654,0.327257934574316,0.472832846255378,0.204870913846096,0.358215891830876,0.310131359928923,-0.514370961155554,0.0424326102873211,0.288196694832435,0.173474934850295,0.291481610199894,0.244764207696283,0.307491680906097,0.210004903241394,0.3182504109693,0.419060453705802
-0.456757406787604,0.0523431943422527,-0.186255523858444,0.348925746247999,0.233698386119863,0.0831124933227165,-0.0826880167954705,0.134102352288058,0.105039363516832,-0.363513082059778,0.376784606861934,0.405043387197336,0.335716165085904,0,0.872475394094985,-0.0335448071845455,0.41966895146306,0.514057230674449,0.71729883615303,0.551643102839429,0.783258445830621,0.275184156823451,0.886445784769497,0.231242725581937,-0.253116375702202,0.401452226840636,0.713694324481602,0.556253502089778,0.5483503882688,0.845096884947974,-0.421372788352169,-0.0198826706205181,0.119661826928623,0.406344053221119,0.4587848688133,0.271333485526837,0.453711958781894,-0.0893876564838052,0.390380539677519,0.0921980809432679,0.151967732447154,0.10445221264931,0.166788991522239,0.0832096545149438,-0.05659587273781,0.761514130298821,0.794241281635436,0.747746529362216,0.351813862756885,0.298568286146607,-0.154547425097162,-0.180605598369253,0.192247198930325,0.216637009254544,0.186813922319659,-0.0158438626309793,-0.178114092278328,0.0855667103151764,-0.114158966630382,0.419217167256213,0.487453615114104,0.454886938055055,0.814857442340424,0.876207103074191,0.809935138202843,0.845175900902162,-0.186567330459554,0.708591089832558,0.692984686385984,0.595250289041673,0.870401151024738,0.54527920411408,0.856605155326039,-0.0829240374831591,0.491296186910782,0.430657017850449,0.706214312345169,0.874515591940721,-0.482834392527471,0.124389733467308,0.394021035449405,0.142282230329464,-0.090837990651149,0.486440080495169,0.679030292478073,0.848152318894287,0.523912586400329,0.665849392221107,0.471154668855232,-0.0309338107519529,-0.0542605048848744,0.0949040840861715,0.321304606045526,0.247939698817117,0.0980041971071238,-0.00711152897394966,0.824955303359092,0.837628573870357,0.276417066337306,0.364069896982651
-0.42224690086685,0.00765414343322235,-0.25009834244377,0.412883893815586,0.223875884411077,-0.0444850045446378,-0.230289121639784,-0.0400632316641557,-0.041213514529819,-0.393199503826492,0.319725033559574,0.410913731617858,0.262745555522478,0.872475394094985,0,-0.133599924581352,0.207577149920033,0.432593631538247,0.507913088376498,0.420507356522232,0.676618730704911,0.0925526850557025,0.812171197757337,0.238007611072042,-0.278197590238,0.393059706539873,0.629972719206384,0.550884737251919,0.429757611267688,0.809258069634329,-0.460925510205093,0.0674343387403485,0.199944711080021,0.234647834340754,0.268315992446423,0.213312459857167,0.314886646066382,-0.171934297066344,0.276421843054658,0.0105949852741977,0.0156876810179305,-0.0194447727733676,0.0240528611979355,-0.0414325132333381,-0.180701707760101,0.686445092610821,0.672291127620175,0.674985557917032,0.258143609382591,0.125842814804538,-0.153292102833982,-0.240189284136302,0.196160943558143,0.296442324392943,0.0375811382659767,-0.100546343942974,-0.316612719362085,-0.0672019288352671,-0.184515282950409,0.390932709867697,0.484511740606374,0.412210873020861,0.750950313914707,0.858414486687996,0.861827554238357,0.928816892116062,-0.377440019707382,0.532028424312123,0.596508017217235,0.525962625438106,0.825122800608595,0.360544292657844,0.805419759209347,-0.167732009358979,0.468413889129899,0.434989517347373,0.639807581503226,0.849077022022636,-0.512178205957319,0.178058306783126,0.374378630086389,0.0164557583835754,-0.210352730411309,0.329749219172154,0.586934777997722,0.789583992846175,0.387547669258707,0.64212094515354,0.365262108071607,-0.193300388225905,-0.0219844032065906,0.0294605978244365,0.22155920019255,0.110120611743934,-0.0426987646102861,-0.143292835160909,0.752910596827592,0.785613704769099,0.154878600094281,0.187692308014086
0.255879032360373,0.359303490536785,0.00593940716405131,0.164811375506044,0.154170735119779,-0.108727180299787,0.134994881579648,0.105132641239055,-0.0971247670862675,0.0745006331937562,-0.115033538625511,-0.0450367672149992,-0.0606081593223706,-0.0335448071845455,-0.133599924581352,0,0.0771919268589784,0.056806052847521,0.061208536840198,0.0815937424219521,0.0600049447194341,-0.00875632460890438,0.0113051298542546,-0.0256629295063214,0.0249774518458663,-0.0652725719504189,-0.0688648450672256,-0.0445579578498587,0.0077946058401504,-0.0945697684821118,0.026116135553706,0.116638348014006,0.00943806821540444,0.143525210984406,0.069398951596935,-0.0989046072106107,-0.0648062731113182,0.168884479711614,0.0309256147512648,0.0863401459281058,0.0860178401743456,-0.12597597435962,-0.152262281886939,-0.0271589156241035,0.10771074638628,-0.0553373828619161,-0.0121404888831951,-0.04569353253489,-0.0451459258694038,0.180314112237826,0.266142245664066,0.242390910603874,0.417222749841809,0.183897997546567,-0.111868522303208,-0.111610801622819,0.238519342776323,-0.0766915515472676,-0.00391382851040282,-0.203938715608648,-0.06316397129225,-0.0412331419911762,-0.0541986604904177,-0.0256694829583897,-0.0924880677867304,-0.123241453403108,0.152792287522316,0.0473071811076893,0.0494193738866423,0.0322997289509255,0.0164390471724792,0.0513897933807873,-0.0409009618223686,0.0439699303178342,-0.0200991641717983,-0.15887248135842,-0.0712482341147879,-0.084556167345244,0.0584824212491598,0.0353751213369705,0.0887610034014331,0.0313269023982776,0.140338421345621,0.0647166813024521,0.0394461240676873,0.015238182308476,0.0220135690059468,-0.0875762019406692,0.0165042666275719,0.0109967494333552,0.135204369710966,0.0610172849899073,-0.0133993464760078,-0.13332102101545,-0.159876543560654,0.0528232358091091,-0.0233467020868204,-0.0333728613533093,-0.00930930720670497,0.132126522032668
-0.255933737250148,-0.000797112660447327,0.163842734872436,-0.251438348675949,-0.107134105511725,0.298649352743765,0.0817524827688723,0.416372725421303,0.391187301234814,0.00459575051961979,0.466741845173458,0.364900591510957,0.598152223601588,0.41966895146306,0.207577149920033,0.0771919268589784,0,0.526999716859435,0.738835872578378,0.636846695586044,0.579658724867742,0.75287299840264,0.434643966317436,0.43625715072488,-0.0907276544942778,0.432531946761246,0.486532428843022,0.451847316533146,0.776378244631172,0.390239078839983,-0.289179697499897,-0.532820896117192,-0.398403259117061,0.80196807923372,0.736281926884864,0.245730955757478,0.659213283903451,-0.176772513490342,0.285528945321128,0.133276037351895,0.417232405645743,0.300300505624258,0.432803309146156,0.344430483442205,0.410660533840195,0.398117245220914,0.375646610968134,0.304236359203373,0.434458535728133,0.528162417051742,-0.417994908356238,0.097946985478877,-0.23070126414638,-0.270973302662725,0.335746923389392,0.292759259857021,0.173118309908853,0.400358530727288,0.233656713861605,0.427020508781117,0.409097961091828,0.468960844482875,0.471749250261149,0.308913828668182,0.11608143564112,0.152057502230436,0.177748781451548,0.647006487594935,0.549374485422254,0.513698524377234,0.45936261344136,0.795898382690764,0.392808837339707,0.139879766345138,0.533555786410955,0.395718642333096,0.665362447260288,0.357231793531294,-0.245470068753639,-0.442067823523652,0.472491865635873,0.512827272993361,0.431222341849583,0.685075718026268,0.585182137461261,0.39219611734965,0.652440715012183,0.319143615671316,0.458537251892231,0.461809984398628,-0.486233066983817,0.0131180339717492,0.224115077467067,0.322072755098369,0.402383064920557,0.31238795451028,0.368565276134792,0.329325557461357,0.396788235485465,0.498093571398721
-0.35779605064813,0.180996652188488,0.0262497354979666,0.17152065819894,0.158473945684221,0.141959989710978,-0.0780068323864768,0.32202590565338,0.198955579008243,-0.261123632768982,0.418162910033269,0.46405440846778,0.256345560879113,0.514057230674449,0.432593631538247,0.056806052847521,0.526999716859435,0,0.603165661942375,0.705139729047873,0.567962456757327,0.43286977745444,0.555544731250199,0.441299515287165,-0.243152631763346,0.504660000622908,0.467167372548058,0.485034723517733,0.468511712443014,0.38322401287449,-0.569173745613032,-0.350015317427253,-0.0958217124441013,0.769301388963211,0.47705594515159,0.482470823453245,0.446021139772245,-0.405912748656022,0.1179210704409,-0.0490759455396816,0.451554326759773,0.0918255878701208,0.196704121800466,0.122942515597888,0.0865339850866671,0.386068305033207,0.442860739675192,0.370014018921332,0.410180268933128,0.303679987384786,-0.327118193188312,0.052198164404869,0.0888791209938141,0.118436249561683,0.191988008305913,0.0874743412426724,0.142727167348803,0.211045451256238,-0.064638151709351,0.368929933052811,0.436584797833845,0.266211216894207,0.442579561187004,0.477008914448336,0.391069124935457,0.408162400608949,-0.15881747994722,0.543656524813875,0.725116424378043,0.882411632217068,0.575047419734604,0.573662964842316,0.460949753330281,-0.112630457609219,0.511693424333591,0.47594571918458,0.59436351645735,0.453650266083541,-0.493521517093679,-0.199845289357259,0.579572094398848,0.440886190853246,0.169912166580909,0.557865178045111,0.550178828291881,0.518257250056266,0.469236825078769,0.500923064596636,0.603392436700825,0.130490550146841,-0.264370306731497,-0.103213307519768,0.0684040815493774,0.152081646067739,0.232467268178089,0.0425807989975584,0.411103801245025,0.45806755909599,0.33745262333053,0.302414558377081
-0.357092316954604,0.0226267379623208,-0.0329479707030548,0.058657728267263,0.0486782434221794,0.205082642536246,0.00211243490444702,0.301112730007091,0.250970700487629,-0.304005527159681,0.336222116213609,0.289453458851685,0.410427529690441,0.71729883615303,0.507913088376498,0.061208536840198,0.738835872578378,0.603165661942375,0,0.709355131524303,0.74687766144874,0.591177555845689,0.686420224940563,0.258201198678882,-0.263230518095159,0.340266813988695,0.670394875849344,0.541315037077082,0.731706216873111,0.607367336937874,-0.352236523235239,-0.269550509142888,-0.0943961828463466,0.719426402430437,0.669795082280686,0.265063263467074,0.604710339204679,-0.130085019403234,0.31473020480545,0.0602486936163815,0.297483994269032,0.16173269643408,0.272722309714588,0.210043374424425,0.114269968883114,0.646611876556182,0.676920183482767,0.599734246301882,0.387620581717842,0.483579269024587,-0.210276478693048,-0.0449848046502553,-0.0209877180480103,-0.0575125765634461,0.273258638490626,0.112177937755774,0.00351865895232941,0.260552536522776,-0.0683288546439354,0.326300416479404,0.354487026238993,0.419644217532817,0.656035004240507,0.589698330100421,0.450227521533982,0.467496562832793,-0.0311132671737841,0.824288785689283,0.773446123652105,0.663024315664659,0.718244842515742,0.740922412996845,0.658001436110182,-0.0696817117704693,0.502480581310198,0.315075052893382,0.749565165605895,0.622407193910364,-0.364624209257892,-0.0951327240114164,0.540329256547135,0.424287556833957,0.101652144774284,0.651673497354347,0.661466262297399,0.664043417518687,0.637439233547077,0.583654431215916,0.53693135859234,0.206565367880942,-0.202475184491965,0.0171206776188582,0.236079104266542,0.265623635275499,0.23756805825339,0.120794337257937,0.653399296391909,0.640288794788698,0.35006443347999,0.503351030063592
-0.360798825234815,0.13618350196321,0.0382292377513382,0.0266907852058155,0.0808054702556285,0.190189743129036,0.0226999150277362,0.283373457864164,0.32006131809162,-0.218278884483558,0.41426108807863,0.458535367327812,0.489452872870614,0.551643102839429,0.420507356522232,0.0815937424219521,0.636846695586044,0.705139729047873,0.709355131524303,0,0.730397231630462,0.500987285705314,0.580824047779943,0.479723466141701,-0.362669052367581,0.451295298796875,0.622726552604424,0.620403864264937,0.73001604724886,0.518665013750284,-0.525481449897536,-0.47190959988278,-0.199208616460811,0.758989212605831,0.690212734081313,0.526152681959753,0.619572920809754,-0.38440690977865,0.26251522054102,0.118177167226499,0.62269653098417,0.106516564540848,0.302154450830777,0.247134042821975,0.332099295673931,0.504242826782028,0.605045314477364,0.514456618069972,0.533186689045554,0.592608828839182,-0.442923835964042,0.0305050093016506,0.0294338632778794,-0.00636850223300769,0.207249456256499,0.169224110915231,0.0635777261381856,0.286684895552079,0.013558479123777,0.370050238511771,0.448855193573597,0.427631964710342,0.568508106611281,0.424915116738888,0.277696851737347,0.353771084272802,0.0364829670840462,0.549881089975152,0.704443741981506,0.738425973673743,0.668439902046305,0.668373645928607,0.459471485519319,0.0236169077447027,0.538343821262885,0.403558645555254,0.71807800072566,0.517593153694807,-0.49501213093925,-0.332116378229611,0.634256197702469,0.6709385513384,0.32610839628015,0.642427563982698,0.691300158769401,0.618143647945283,0.628878811677325,0.524633664313783,0.706441522331901,0.373125808483996,-0.40503655915264,-0.104578203773171,0.191301130925619,0.129898399725705,0.244467883727944,0.141580426129229,0.516281387716376,0.543683331571651,0.475573747832383,0.535721681572621
-0.396713666498274,0.099247735942211,-0.0735007159782852,0.181994391376447,0.125017091779541,0.0854653224369368,-0.0243885995333512,0.272200927739916,0.172122020218001,-0.219106786025986,0.342312223146446,0.410178155070061,0.396640668160024,0.783258445830621,0.676618730704911,0.0600049447194341,0.579658724867742,0.567962456757327,0.74687766144874,0.730397231630462,0,0.393722600326542,0.80380543923734,0.295766100385961,-0.236749569324373,0.399346662790056,0.647915252527663,0.563249220190269,0.743483428548834,0.74202266318653,-0.438663453363875,-0.23446586848572,-0.055418164207077,0.615823891143108,0.537544060856672,0.235182709973841,0.470187623361613,-0.185147086823241,0.301331973411232,0.10063623190328,0.280837939985637,0.131344039020654,0.191994759590986,0.0648857560882636,0.0838827516641429,0.67037790232065,0.711247534402002,0.695269022911395,0.376725597813937,0.368213623565326,-0.256029061882661,-0.0436824453285094,0.091504168431476,0.103702498887546,0.168509669939114,0.0519411519267449,-0.00495437130736381,0.181606744802809,0.00575054914671031,0.342161026146923,0.4375703219798,0.421800087467323,0.692368338356819,0.649765763686826,0.519257295792859,0.606021107276297,-0.131419425230074,0.587734519805032,0.677923580365101,0.654012596008466,0.886889157115425,0.602350273233904,0.755824606879621,-0.0360132508518742,0.466350978728021,0.391308380639903,0.714990845168359,0.727354343438364,-0.476333188490408,-0.120703986396078,0.478860345723493,0.33564111323485,0.0725179354838066,0.526383761898205,0.66615389221998,0.728617235565297,0.536389254473274,0.585700767711801,0.465415187002998,0.105730850543551,-0.238871790999965,0.0708012871385936,0.245398994334758,0.21650365123313,0.10870609141555,0.0151579933722067,0.7054622532788,0.744290925649967,0.305488050532243,0.412022065274505
