0,0.118803845117175,0.595640717718949,0.0880692906243835,0.0969712331049481,0.201286134810511,0.0723223364781357,0.0794178614201567,0.00224427105703985,-0.000677614160752035,0.0433809645634738,0.139290947075212,-0.123913663574991,-0.131059634056055,-0.036019197859173,0.295216691804584,-0.103134555938548,-0.0458087346141556,-0.0579918427251585,-0.270649766823403,-0.0643129023764007,-0.0721980177968246,-0.0677645899241511,-0.0369124588143587,0.296929891342609,0.133377336619105,-0.208543008627283,0.0770808709393624,0.0999650895019271,-0.0174252266458774,-0.192180659719444,0.337171725513896,0.0202078685383305,-0.0400882417713693,-0.0683441852319475,-0.072374385130671,0.0829517186783321,0.205839072258147,-0.0569800364688006,0.158207086957165,0.00896566572799576,0.205006556108946,0.0160598737436694,-0.0644851299472382,-0.0884724600683456,-0.0413564527761396,-0.0554177953949679,-0.115398762278144,0.136589278341153,0.0170396287045208,0.588179725728319,0.417193475745524,-0.114812353569608,-0.347446981343531,0.33638230847131,0.455689164921456,0.0585261479599103,-0.0195054823456033,-0.0041111421776896,0.369165212013454,0.0927056481065305,-0.117408504006643,-0.137325028038476,-0.108941782824546,-0.0420938435918811,-0.0199444594979183,0.0687557398517505,-0.0949713122113664,-0.0531405999711905,0.0123034710566357,-0.0804948010446206,-0.143573382324407,-0.121942781089941,-0.011590240603319,-0.0421493821038039,0.273535412155502,0.146179646571588,-0.0742206075452664,-0.132171562882207,0.289002453334432,-0.217312037618381,-0.17647887544673,-0.123883207224421,-0.0811942601206015,-0.296680048228995,-0.268746378236784,0.140669435832635,-0.0565175957062695,0.0205725142649651,-0.0806081370138912,-0.0445740985404092,0.179043678366698,-0.162029080389737,0.176038511054185,0.160028525900563,-0.103580092755564,-0.173636808178869,-0.214300678326699,0.169431646045485,0.175086456606882
0.118803845117175,0,0.215817854527337,0.114166640873135,0.377924195460625,0.374335398870678,0.288079017912501,0.528897622672807,0.408613286758363,-0.0844057359507639,-0.226513708061789,-0.24905785152402,-0.14045251891975,-0.123623785540732,-0.0562101854438299,0.504772940906105,0.000231496677974526,0.173352763867983,0.103529942552118,0.143302972427941,-0.0458076483720528,-0.132030854984546,-0.0443834180062769,-0.130097063892398,-0.153782508989254,-0.224039133153071,-0.312017095166886,-0.221409516012878,0.0149719898726763,-0.155954668828984,0.146802028112806,-0.142505061384173,0.0567981491194692,0.0820996961487695,-0.183864863843743,-0.023150302646537,-0.15035969571743,-0.108217953020022,-0.0127469670066954,0.00898226142858966,-0.0643072524922376,0.0505379820684606,-0.13617597658662,-0.146010229059055,-0.0728994893638109,-0.250357869033458,-0.0972961891599505,-0.082854699789285,0.272924068701598,0.104211776833094,0.216191187107793,0.581930330894947,0.384072293142074,0.11277573642528,0.488180498821777,0.383187917962406,0.408356194365227,0.39024602644984,-0.0488192910267291,-0.0197044934088509,-0.196287373315304,-0.0865955598975891,-0.138911380026231,0.10135663821564,0.0542040970518034,0.0142932895687299,0.180563807735671,0.130653276628413,0.0260730649883365,0.206498306532227,0.0799162816338711,-0.129231107183143,-0.0163908548348661,0.175748296072026,-0.0662050590734458,-0.0809993691944764,0.0680904272407546,-0.114535726094153,-0.109195050898296,-0.0473671964530411,-0.133930926451494,0.0315955086472983,-0.153465740129345,-0.135054139496599,-0.280337572681229,-0.151529257120323,-0.000966677013312684,-0.210678117653019,0.121455375321585,-0.110877944522762,-0.00156224469550309,-0.0152024315369286,-0.0286805594616702,0.134157288404207,0.00797347407592288,-0.206717497649481,-0.223071774181257,-0.14731857457523,0.353371378197447,0.0285999525004254
0.595640717718949,0.215817854527337,0,-0.0930686969598779,0.108537030943477,0.468151674916925,0.0883483720176182,0.284725183201877,0.178802757844274,-0.268213367527816,-0.00780016660057491,-0.0505101543397326,-0.220881293484297,-0.288325679562809,-0.152095303100432,0.164668557646791,-0.127353230982031,-0.0554360269086769,-0.150812598832432,-0.239659545531886,-0.249522353105147,-0.101496322400089,-0.0898765109968729,-0.0292335806430941,0.12125311274813,0.0752994642169833,-0.204049632945242,-0.0256329407906544,0.0723734991559393,-0.0714460290587269,-0.336549333639479,0.0380911467686353,-0.296533559430438,-0.0371369946563678,-0.00460093205152251,-0.0613072003799344,-0.0412994700887901,-0.153823662021343,-0.2217198447782,0.10522675528721,-0.0347469391168689,0.258332876514279,-0.0365956980424845,-0.291776439375241,-0.251558496809276,-0.11132632011985,-0.067310390524566,-0.114840893800538,0.305357912121178,0.0109395106784214,0.526916112213018,0.579855844025288,-0.0361689939831882,-0.385111924629802,0.519412913186962,0.708851255885522,0.247682310092624,0.133890744863951,-0.0244641464160718,0.325429520367662,-0.0243346522810457,-0.123947538623942,-0.0831046018165823,-0.0302750585171606,-0.0888370571241905,-0.0781390106132573,0.177257278254261,-0.0629891345552412,0.0384648827942198,0.083311986059577,-0.144653848521682,-0.043602579939744,-0.0305238093249833,0.0338626901894023,-0.0726848432598607,0.223873238065468,0.029298230611259,-0.107585053354372,-0.348172541522446,0.223831109182535,-0.115779200560733,-0.0340491758625201,-0.231624079011256,0.00936460359360767,-0.263516951125923,-0.160561359456228,-0.0875298527267707,-0.192006099622285,0.0772146167752942,0.0518547672725625,-0.111199429496097,0.259140677111521,-0.18717492967689,0.168638301758306,0.138813955747046,-0.295353046689754,-0.17612876772877,-0.106047358419405,0.264308308054754,0.232094428033048
0.0880692906243835,0.114166640873135,-0.0930686969598779,0,0.389180880312818,-0.0790398026807631,-0.0421310898533821,0.0486632319361824,0.0143849840370637,-0.066607174129962,-0.139591392647744,-0.14889919595933,-0.0216182582403519,0.041898606562437,0.056917061518856,0.357917495266503,-0.0368094738123694,0.130048281379296,0.0862765506040129,0.0215317469045316,0.0939149958256527,-0.0536802791577356,-0.00759627476259242,-0.178107579322987,-0.0510197260449511,-0.179353408571837,-0.0868865330024905,-0.245203471955615,-0.10349603030511,-0.0904217745537686,0.168644679212328,0.290094888656543,0.335691755958428,0.122915476500234,-0.0259664242271348,-0.135155907697554,-0.182364797544001,0.393440733095491,0.127912047720752,-0.0918563255619204,0.0469498532665688,-0.169856041633227,-0.0827626324946704,0.0465662393706745,-0.0961845306677393,-0.146523629310219,-0.00490267286964816,-0.0496499628300873,-0.0939467698298865,0.00256436646920449,0.0530721047780904,0.0519058376485645,0.177483013654883,0.437900436521473,0.00576031874433649,-0.0638316318575367,0.113392652078894,0.106436065608842,-0.27182104837582,-0.137867465663513,-0.181933080154298,-0.0601862825999314,0.00748627665454966,0.0846632846948382,0.092723228675333,0.127431631542891,-0.214272600230802,0.12940870244141,0.118218762887751,0.168284699877154,0.151949052228434,-0.137298088890288,-0.0664646371262361,-0.110254620934158,-0.132578634360104,-0.232485754168006,0.0217216363466206,-0.11266596671037,0.0505886705805344,0.204453083073805,0.0118925756859073,0.0133915247997128,-0.0593835793898222,-0.183343014566654,-0.247959863732925,-0.0814097001734367,-0.0950111282834884,-0.170326628477211,0.0762980433753698,-0.166618973234563,0.0217011932961714,-0.0544644402266512,-0.0581118772085855,-0.0566972597379448,-0.234389600593891,-0.0732425765443721,-0.256060716055474,-0.159045095771711,-0.0667209690190323,-0.187526602066216
0.0969712331049481,0.377924195460625,0.108537030943477,0.389180880312818,0,0.388095503509846,0.131099130061884,0.345836542378288,0.371110522564595,-0.1070544423097,-0.0543791530177034,-0.19636288850857,0.0338190809835732,-0.114450692631055,-0.26868847852978,0.293579600497253,-0.055659364437995,0.101336034112487,0.0669218955284099,0.137517898965382,-0.0625130761824314,-0.156827163482409,-0.219196265291488,-0.171440993405588,-0.216530263539545,-0.284953769463836,-0.191102910853677,-0.289656915443865,-0.0369131407744859,-0.348629086134223,-0.0519353076941901,0.042790900709718,0.0178449204729528,0.0195749141145648,-0.129807317408063,0.117262462069718,0.0633610652862806,-0.0556112370831107,0.0372285742508139,-0.110728178933088,-0.0447071544113304,-0.244162149756701,-0.365660600887237,-0.215547330159292,-0.137439302141722,-0.392347428869866,-0.220795852624074,-0.238454541197918,0.372148040114332,0.178392491648375,0.124575480302896,0.372998975098073,0.529810803866115,0.493808468318932,0.512325821504697,0.297261674363303,0.395253098427212,0.425373756601206,-0.151720530982515,-0.0603409498012604,-0.216447664412614,-0.0861545383475227,-0.167476757256707,-0.0237062427443199,-0.0550476440469663,-0.214571028820212,0.148696380389397,0.0380408982464594,0.00943306718325696,0.166988312980332,0.0653820881596999,-0.24120825120878,-0.169547891202495,0.224529768283667,-0.0996661527088196,-0.264291455852125,0.0802020052141385,-0.280695595907037,-0.121605183943641,0.0875752115855715,-0.124908094697326,-0.0932034005262459,-0.320347965542877,-0.359752551841613,-0.306367651313964,-0.239209567335275,0.0655179061875452,-0.301923821393746,0.174319250024518,-0.0714617685430277,-0.0249852523118398,-0.162684745140308,0.0785504956249409,-0.164070654175205,-0.376405209219807,-0.32413103330931,-0.41861332374427,-0.342998424747531,0.379991339351782,0.138794970211195
0.201286134810511,0.374335398870678,0.468151674916925,-0.0790398026807631,0.388095503509846,0,0.293580630972451,0.547462994713902,0.449246814547845,-0.144063019485022,0.0191377656040821,-0.227438918120167,-0.0136936940270442,-0.245193680700343,-0.313336734366519,0.142778719469197,0.00991048447355961,0.0396556471948682,0.00147172313731291,-0.00386097220268529,-0.233664923819841,-0.0279533419119685,-0.151927804726968,-0.119439523338629,0.0599801967299335,-0.0829993690534779,-0.183139390928299,-0.175801803256514,0.0121739052653421,-0.263362828873866,-0.215502717632161,-0.0512820277012282,-0.179434944550599,0.0416676132294434,-0.00158148320090985,0.104287750043692,-0.060530862135917,-0.137672460103015,0.0560870903045614,0.0944108221370172,-0.0357329283624668,0.0602616765182472,-0.209631014469643,-0.219233068811934,-0.12724244344698,-0.304671429502298,-0.14142753814774,-0.152919545692075,0.710769546506717,0.260226919130586,0.333359947482009,0.462577865219939,0.316969611313753,0.0217904355807157,0.71229819583608,0.720959019907945,0.50106870951907,0.397146328045373,0.127750076115197,0.00987380362162123,-0.185656514088913,-0.0275034203281603,-0.152143251241979,-0.019261321036122,-0.172814486456991,-0.217901465050324,0.364267619137651,0.0364054248808466,0.0615589402471623,0.228350770542105,-0.0376605926955672,-0.027268657845657,-0.0385862452619088,0.225943674968283,-0.0617967344082806,-0.0361247362711712,-0.0566300770679902,-0.243302679407448,-0.222077126375817,0.0436237544648395,-0.049086760455352,0.126512760061184,-0.259540082419969,-0.048837093429787,-0.205991277258876,-0.169882016615572,-0.121063274946391,-0.214773072747077,0.200371007183675,0.104692512570512,-0.0867512312607375,0.298470561773111,0.194225953466575,0.156984884537149,-0.137946105553588,-0.257673234664538,-0.239295664515846,-0.203298217294049,0.603961970967479,0.321284319195201
0.0723223364781357,0.288079017912501,0.0883483720176182,-0.0421310898533821,0.131099130061884,0.293580630972451,0,0.456856034918398,0.399030519882236,0.269893927083004,0.0713681760074922,0.0235554873893437,-0.0441625001736196,-0.0758807996163893,-0.150497877392154,0.301212933101446,0.124122159270348,0.0530877670581654,0.0486547941309442,0.00511835605757524,-0.0696220156912615,0.0543134833902963,-0.0461970736198977,0.23275225252953,0.0834155257209693,-0.0602992905719894,-0.0510398817738272,-0.0392200008398929,0.100507907618956,-0.137370288181091,0.00631373505626702,-0.0525046737411188,0.00597134103102118,0.08574251483294,-0.0365193055291479,0.114454614325474,0.0701395392518998,0.0855645876736542,0.25194423728357,0.39349474718246,0.283976890968555,0.0895470504891552,-0.0107103959978375,0.0833462084427408,0.0485172368842353,-0.137460896397166,0.0867511930386457,-0.00556167376691398,0.256334500379369,0.167002499927301,-0.0350616487927966,0.186813406421756,0.0331695850723217,0.00551093681550318,0.267346556159085,0.234789347952097,0.21092975787516,0.245396249583372,0.066076410093253,-0.0515418636087851,-0.00487572011662639,-0.114804580255653,-0.131957146390006,-0.11323325486836,-0.199213279744174,-0.179601239351767,0.284381108422805,-0.0215967889737566,-0.0887200632059472,0.0395008272793786,-0.0806419768941975,-0.114487376448813,-0.0691200141286505,0.0849513853429818,0.0102250988398023,-0.0334368662714224,0.0256913498968062,-0.115160743704726,-0.134281798562538,-0.152333077026205,-0.0782888935981964,-0.0177444637432072,-0.0505608671649322,-0.150158462244442,-0.0931375167902487,-0.0782179884665316,0.0596885857947935,-0.0715069672188354,-0.0103394959796893,0.0268269225006479,-0.102838012671489,-0.178971121164789,0.0441204574175338,-0.0180954033496826,-0.00710596602434149,0.0152563518431336,-0.111356721684694,-0.0969111568616698,0.312803003747751,0.165149104083539
0.0794178614201567,0.528897622672807,0.284725183201877,0.0486632319361824,0.345836542378288,0.547462994713902,0.456856034918398,0,0.763960705779245,-0.0473112993751336,-0.0935756752786479,-0.233547521027063,0.0291164707161286,-0.0364123525757573,-0.0725333861904661,0.286557922713894,0.304039275000783,0.316614379452439,0.200823465448012,0.190763992329535,0.0205169786413047,0.00999995843136447,-0.0182225389106499,0.0723672475935049,-0.160769329251575,-0.150541978298266,-0.176908079565966,-0.233599614707227,0.205581413597546,-0.178389697802964,0.0139775599616113,-0.0986194532716826,-0.0976506829195204,0.316672302398785,0.0305106823962242,0.232047894966417,-0.0850487208246783,-0.11918914211068,0.0657464182502582,0.184322501756479,0.171120277082973,0.0494892833594494,-0.148172010519582,-0.192894453891934,-0.0172818280332992,-0.256740641356996,-0.0423355998208911,-0.0888089666832816,0.5017152270773,0.29483839846874,0.167165097471643,0.525226695282609,0.338226688178757,0.0577870086047975,0.603606409616162,0.541371588793451,0.661557312535403,0.724913827698558,0.0286950738058164,0.0686194342152111,-0.1304725028589,0.0396559736293755,0.00819447055695506,0.204352717654375,0.0486327445114151,-0.0177901222415583,0.333591004834282,0.283484269657199,0.242715478484358,0.475007393260099,0.204795659985934,0.0819388110443331,0.0641722686415737,0.336988747731994,0.0662320402019582,-0.0441944544963885,0.124480304037742,-0.17653922859037,-0.193082826474922,-0.0380666370515275,-0.00888375442781326,0.210123115801157,-0.10717671642199,0.0168372592748998,-0.155094308909309,-0.032723238245036,0.00178381124509649,-0.210877409258186,0.348003879655608,0.153854263078131,-0.0614302061929595,0.0403500163918198,0.0771203064648572,0.0967259695905415,0.0181271469662524,-0.207483971470414,-0.178852075832177,-0.088568495879568,0.555877425613213,0.255852619647116
0.00224427105703985,0.408613286758363,0.178802757844274,0.0143849840370637,0.371110522564595,0.449246814547845,0.399030519882236,0.763960705779245,0,-0.043718534271472,-0.1083749020438,-0.277568225581412,0.0368746629516459,-0.0102776320059584,-0.0538032287628462,0.224050331162701,0.298277725064453,0.344247710089807,0.185326030628812,0.267722433572845,0.0373097163968886,-0.0140200774522044,-0.0492277184941534,0.101403729820105,-0.263623130961341,-0.205876239044216,-0.111407391204344,-0.219958103330014,0.217566391108601,-0.168387408741671,-0.0373725341478725,-0.106548365344008,-0.113934187523107,0.302957551207792,0.00399979898791895,0.316785449675369,-0.0118912428541026,-0.148708654005974,0.0615361279621201,0.145632865851881,0.189877105249734,-0.038918713526441,-0.193729935571013,-0.229206840710122,-0.0290193538472357,-0.196449205081996,-0.060103667258141,-0.0426151455930561,0.44801126944508,0.283879139612956,0.0279640395299514,0.425332156562175,0.273605535754771,0.136021293521807,0.528429223931423,0.43598101931569,0.61476205937999,0.761708824931092,-0.0151920587444128,0.0384469045092417,-0.153225815149457,0.0483112697084243,0.046943051525067,0.199511238630406,0.0896582297245184,-0.0150327771648158,0.323737848855802,0.261038844801714,0.221140510147046,0.449286132251483,0.209651764532735,0.0593703147449081,0.055747151226726,0.318494136115438,0.0612887652572105,-0.0998763461036977,0.201749311736769,-0.123773480923146,-0.209648896896225,-0.0709195654150789,-0.00162184392940834,0.229440926449333,-0.114189983197364,-0.0345776824900313,-0.126183164815491,0.00827611233274424,0.0487066013047432,-0.182360716767486,0.341390597484166,0.176664924333913,-0.115658848841304,-0.0872054997873224,0.0557952848319957,-0.0543437686215973,-0.0117478624303327,-0.245994282446888,-0.148455852883168,-0.0469240146196647,0.514921454296709,0.237551784690105
-0.000677614160752035,-0.0844057359507639,-0.268213367527816,-0.066607174129962,-0.1070544423097,-0.144063019485022,0.269893927083004,-0.0473112993751336,-0.043718534271472,0,0.427293837409452,0.511714644118059,0.326860798129533,0.158662582529572,0.0285813314097637,0.0833387050407882,0.157195828637908,-0.0606656677129281,0.0578009261151727,-0.124028799625856,0.0739781429399543,0.257850016224462,0.0376152196100568,0.391926873303354,0.430222159827142,0.366835736432109,0.155134493815783,0.184768195158207,0.105600307957055,0.0996341614659188,0.033112895448259,0.0432921851346581,0.165511475721582,-0.0435612676027137,0.0768000813458013,0.0331804153770372,0.205742120063355,0.227349968856088,0.32498951531481,0.355704337175728,-0.0572099388969485,0.0723690766266709,0.270703902642058,0.229921817269778,0.240941150694569,-0.0838756893246706,-0.00703205078557049,-0.0392108778667759,-0.101754166742421,-0.107442900812554,-0.0996724800584839,-0.196085480518893,-0.0990153368012091,-0.0170826605469475,-0.165550423832554,-0.21251080917303,-0.182024102074431,-0.176200046201481,0.420035655853842,0.0534698714675179,0.377733907191251,0.126718444497834,-0.0496820811894679,-0.121862758596169,-0.100374226557382,-0.0497847203157889,-0.0553026176675014,-0.0385519698198713,-0.185063233963353,-0.208543419216209,-0.104253135283647,0.0553565404238691,0.000663176318370123,0.170483273293822,0.287963016898529,0.290293692242763,0.103987863271181,0.163476556246917,0.154078925700382,-0.145949777692089,0.110577981305508,-0.241280089058724,0.193456514500046,0.0479337562821382,0.182986675154761,-0.0308544732181494,0.250389202353701,0.161112447608756,-0.185070460164253,-0.123102589851732,-0.0941101835726713,-0.163873284304326,0.0631093820843699,-0.00713898336106254,0.0648048743835588,0.199129329924551,0.00247942124210734,-0.108337185935199,-0.0492577050038218,-0.0643046132243077
0.0433809645634738,-0.226513708061789,-0.00780016660057491,-0.139591392647744,-0.0543791530177034,0.0191377656040821,0.0713681760074922,-0.0935756752786479,-0.1083749020438,0.427293837409452,0,0.609225776450439,0.466504145013866,0.107173668505782,-0.0538828307474107,-0.151961760503426,0.196903707352941,-0.0749692971083347,0.0455067344978369,-0.142809282934251,-0.0163047783616333,0.39273680061049,-0.0218879322364619,0.534602433136764,0.317215242040815,0.46139576731243,0.18988145915488,0.147361832025016,0.160469128093974,0.0179955045801691,-0.234447217810338,0.0235905651674495,-0.160318450900227,0.0304178178798935,0.310267160235048,0.15911734923096,0.225477903622368,-0.0851165970832982,0.0865807210613993,0.163224474727954,0.119842938870326,0.0811980350206453,0.0793996951551633,-0.147373583369242,-0.0838207519678154,-0.168452012790086,-0.0553056234913773,-0.213528095155786,0.104989294000702,0.150417948234987,0.0381654109175043,-0.154220465812526,0.0115041466637067,-0.0530601509621549,-0.114007679844499,-0.0515947589269677,-0.0750682403124942,-0.138308065391868,0.457795653106488,0.397113771909982,0.422798134866716,0.288221143246738,-0.0354597864373485,-0.166276166559806,-0.195612500628272,-0.0951770629235377,0.149755918241418,0.0153435740472487,-0.0555565979769158,-0.13371066958255,-0.123858476186404,0.147625001088913,-0.044091420814479,0.28030993439708,0.389121962443808,0.237305377264014,0.0549612940187829,0.0282048275322325,-0.14661818844159,0.0632827943402104,0.135137518458777,-0.181462123748956,-0.205776797230164,0.0143397974748313,0.0761151190256504,-0.054049455603805,0.184623663192406,-0.0226719591055675,0.0605766219221387,0.162625953062748,0.023450341637041,-0.0206664155266414,0.246530967033669,-0.0768353264586347,-0.0891801506016317,-0.133932060777909,-0.193813590985351,-0.222845749857404,-0.0145740363107326,0.257017745816917
0.139290947075212,-0.24905785152402,-0.0505101543397326,-0.14889919595933,-0.19636288850857,-0.227438918120167,0.0235554873893437,-0.233547521027063,-0.277568225581412,0.511714644118059,0.609225776450439,0,0.352320587985844,0.179989716292299,0.0804778377340327,-0.134117659030652,0.105350972947792,-0.046745115874254,0.156840249662175,-0.175493503463658,0.0689507544462768,0.389490109251307,0.0350206589566859,0.53682106221752,0.394327023162549,0.641409838325528,0.210203580337297,0.343954845721524,0.160528727543594,0.133662051467856,-0.159249561138982,-0.0508675384503144,-0.0251633365804152,-0.0362847651513456,0.284881725908261,0.145885107828176,0.364595236218544,-0.0010060891497978,0.0836739795754175,0.176977060013076,0.053828020870528,0.174491142563113,0.322870143045684,0.153647868616739,0.160283998507314,-0.0265610302252231,-0.00202905977735209,-0.161815252364837,-0.16430209561251,-0.101472209834125,-0.055349480220556,-0.222873439292574,-0.208011172139278,-0.210380479716779,-0.220647888635837,-0.188112007287577,-0.338551833304758,-0.308580712548568,0.370131767376338,0.470948569379021,0.644000774531855,0.24316116369452,0.089269143112169,-0.065323435245864,-0.0445261641426031,0.0218391090170053,-0.0305646477623764,0.086253608629792,-0.0880021915927508,-0.178715912134813,-0.0732170071949047,0.196078128978635,0.0105501923836466,0.189651903939511,0.508032903911545,0.500842416392874,0.186751395693446,0.221547831726377,-0.0735487781865402,-0.0940919375427385,0.125644168118001,-0.285817915279264,0.0674453646464394,0.119189554530486,0.221713449375344,0.0394422390865653,0.354981905880681,0.196695292576732,-0.0738415898375528,0.00291247310897255,0.015217057557117,-0.153244620257214,0.0760804790627876,-0.0213418672562679,0.254696182167462,0.168624161002872,0.01764503611395,-0.0872984041757201,-0.198616849305114,0.078683561022397
-0.123913663574991,-0.14045251891975,-0.220881293484297,-0.0216182582403519,0.0338190809835732,-0.0136936940270442,-0.0441625001736196,0.0291164707161286,0.0368746629516459,0.326860798129533,0.466504145013866,0.352320587985844,0,0.281935038522551,0.084216279090304,-0.0872858105422994,0.48512223966261,0.165074038347279,0.244230771631815,0.17226920802448,0.177191228915758,0.41147832564436,0.0936132999258468,0.344694087329186,0.00714648695557993,0.196936772609439,0.154938816951241,0.185235717631448,0.219998838699299,0.0431561984762043,0.0565865898149244,-0.082025637148273,0.0255561614417735,0.219387505160181,0.296766804212305,0.25023279659292,0.179219588866064,-0.107578309744747,0.130757461319855,-0.0263278428765094,0.0598255102585139,-0.12850413847052,0.0320072943271276,0.0469795871399447,0.0916669163672169,0.00247009618335678,-0.036473791335668,0.0163984662357913,0.0897264813646946,0.157357853983644,-0.156876505689611,-0.173186460570347,0.0493430173072538,0.0915412788162548,-0.0620711666920672,-0.13609481386332,-0.00285892590912769,0.0948178149990259,0.296632287559611,0.238201849904645,0.318378790084259,0.698998882487922,0.242763840277694,0.123329559715938,0.0554057073243486,0.062524546241295,-0.0183729385063764,0.298696955872746,0.11957392821969,0.130774842679192,0.169782501541856,0.309243639717618,0.140440987158367,0.25582561442355,0.404538886175389,0.0895848989673156,0.116587822935221,0.100910706803579,-0.0303645179391527,-0.213953400443456,0.219565339929865,0.0786021974622786,0.0834111042618373,0.213520974177741,0.299369630425409,0.124216470886511,0.176223697165648,0.121498908891329,0.21897581045984,0.0838947171792712,0.0145435333098166,-0.136027233209736,0.139892323672523,-0.178553246311508,-0.0334845398216519,0.0315039872222315,0.0732795997209696,0.0387966668380038,0.0564817658057516,0.109357305013872
-0.131059634056055,-0.123623785540732,-0.288325679562809,0.041898606562437,-0.114450692631055,-0.245193680700343,-0.0758807996163893,-0.0364123525757573,-0.0102776320059584,0.158662582529572,0.107173668505782,0.179989716292299,0.281935038522551,0,0.627487966538696,-0.28945132940017,0.432229760407156,0.495776826054844,0.656545481801503,0.407082211533951,0.694685766265884,0.322742081917949,0.612637506087285,0.335847784154819,-0.0845311555083407,0.0507424247452991,0.213099871466476,0.138066301824284,0.406358296457839,0.510784522774637,0.146235460427796,0.130598920170978,0.129889940708154,0.45256154732022,0.208622739300554,0.246160950729046,0.122265004226226,0.0127109237338509,-0.0479421757589791,-0.140164977496419,0.131181025334625,-0.150330129367721,-0.0092962150192702,0.0362120770642193,0.183326407359543,0.231553801821846,0.363654056620792,0.360358170309752,-0.177550981953381,0.0778835700049505,-0.155318655004002,-0.224076053907358,-0.0698390668660334,0.0246768660818635,-0.208245195000305,-0.245952491132688,-0.107766758981033,0.0599803831793358,0.0197987035168447,0.16509738666687,0.161176988217267,0.253580417537584,0.38289070217468,0.565515927714978,0.600535829113083,0.533755214525753,-0.180044883463034,0.426120892643283,0.335077943585301,0.337737593737454,0.581091011311496,0.250711921067147,0.47717306466074,0.0922727948146223,0.373539922401739,0.0120054489439946,0.395215015310783,0.512448596499025,0.0634965180758922,-0.0645277826218702,0.291804950991553,0.162806445753763,0.0568234868701041,0.112861195812349,0.25271931914115,0.265697592268979,0.206858690231333,0.184670561345212,0.304082810663959,0.125211526955187,-0.0192094411529928,-0.236141595421593,-0.0813934407256001,-0.120958445493517,0.101327945920111,0.0779212318258382,0.217900156021955,0.299278604533217,-0.081443079121884,-0.00848281874935482
-0.036019197859173,-0.0562101854438299,-0.152095303100432,0.056917061518856,-0.26868847852978,-0.313336734366519,-0.150497877392154,-0.0725333861904661,-0.0538032287628462,0.0285813314097637,-0.0538828307474107,0.0804778377340327,0.084216279090304,0.627487966538696,0,-0.205743440015865,0.289853134603303,0.375306467036679,0.392952910909248,0.258317294956477,0.586696580513771,0.245218982865198,0.645026663690567,0.202865678464621,-0.0194579200980511,0.0738697778979988,0.174347456927707,0.200101263245561,0.254761623251066,0.698106610365034,0.0996662111578382,0.148152000950992,0.136505861043631,0.353341284067447,0.20925078878873,0.0102306535421322,-0.03232096513223,0.0519010232328305,-0.163039318921158,-0.0876580378178463,0.0525687266249897,0.0105193944790412,0.145682129801768,0.0221096858669589,0.0624882350952635,0.384357420135747,0.412790279780796,0.459964160098599,-0.27656886828986,-0.091753814249809,-0.0750520723829626,-0.149703085631724,-0.151616039061676,-0.128302395395989,-0.299564311907839,-0.212584256020814,-0.128494195550403,-0.0578538519014329,0.0213032380279167,0.216250049944242,0.201874690207821,0.189210746184225,0.402779866167994,0.547552143255778,0.65628567826956,0.808112849135573,-0.201187590262972,0.34713031868506,0.33213276669939,0.265281045448901,0.512665193660757,0.276775563034617,0.5250533888398,-0.0553281700768412,0.301709623150033,0.11199374927409,0.251340464246577,0.591505646323553,-0.0298345284073965,-0.0268244762183566,0.196442761906781,0.144742190462109,0.142795560294488,0.215587819944461,0.207968006397419,0.339517002295387,0.095725599724626,0.240800210270588,0.139519203008611,0.022168441245473,0.0858321925149804,-0.0820689708075324,-0.153778575670037,0.0127237254029715,0.248183442896466,0.126643181385255,0.319167407816327,0.411410200128369,-0.223825115012411,-0.153651884439692
0.295216691804584,0.504772940906105,0.164668557646791,0.357917495266503,0.293579600497253,0.142778719469197,0.301212933101446,0.286557922713894,0.224050331162701,0.0833387050407882,-0.151961760503426,-0.134117659030652,-0.0872858105422994,-0.28945132940017,-0.205743440015865,0,-0.0664388843737026,0.0292645596869317,-0.0981257197016197,-0.0178683750322891,-0.118871649652769,-0.138876657917759,-0.204098023070289,-0.171894728234622,-0.026908786105617,-0.178662189133146,-0.250597293491715,-0.151762543942673,-0.0856317753078987,-0.290596989646123,0.144092181363433,0.024373418729034,0.17655252838458,-0.0487366105766755,-0.168973018407623,-0.169793714453575,-0.149211641433643,0.211301153964875,0.157571473364447,0.0729322437231298,-0.080163992709734,0.0157631522696837,-0.0735613875586408,-0.0053630323771721,-0.0593670323639717,-0.225624488197706,-0.185922075731123,-0.118191500612291,0.0744434278370779,-0.0237534425377244,0.191101056360255,0.404729969211806,0.204324419582583,0.125055844904177,0.303511255643264,0.229984026030577,0.253443247054365,0.200575699273848,-0.120194854288184,-0.055204372957998,-0.170155313803585,-0.0817467344181434,-0.263308200367197,-0.19887749471647,-0.15514257333949,-0.158215425735622,0.0323688213213153,0.0181595395190187,-0.0918458645181944,0.0437526551511788,-0.0540838533717999,-0.186227693933562,-0.20560048498484,0.0189202386349502,-0.114995669817655,-0.114809811638562,-0.0206213776780762,-0.232289097065622,0.0311461060673589,0.0239568476046141,-0.111825670466103,-0.0792561004020089,-0.00659310862962212,-0.140780415559895,-0.23882026348445,-0.258715619786834,-0.0230811240007734,-0.09379554046488,-0.0278425757235591,-0.206375093962992,-0.0428680595193372,-0.0663419358628846,-0.0729711787261398,-0.0112825494029989,-0.104449327700044,-0.0821674498286535,-0.217323171193575,-0.229093777581693,0.166852752356549,-0.0954994355811909
-0.103134555938548,0.000231496677974526,-0.127353230982031,-0.0368094738123694,-0.055659364437995,0.00991048447355961,0.124122159270348,0.304039275000783,0.298277725064453,0.157195828637908,0.196903707352941,0.105350972947792,0.48512223966261,0.432229760407156,0.289853134603303,-0.0664388843737026,0,0.459645734856127,0.453358880679658,0.383343737523282,0.367843446076404,0.462942018933682,0.368269999355887,0.443931025377158,-0.0518306003017064,0.129641582349351,0.215772313650214,0.190274374587115,0.515342438216463,0.228657311977636,0.0931104819298471,-0.010017185577653,-0.0205765762860916,0.661489931981206,0.336470463895825,0.293468304072884,0.0871696803700239,-0.0696437028337952,0.0125229883958666,0.0350727286388128,0.350175226901416,0.00171528555139544,0.0765384360651364,0.0190232888351326,0.184007292490623,0.211507315933511,0.16036475635862,0.273233135892816,0.103158004508861,0.356252594195796,-0.181096277073149,-0.0918438646639378,-0.0202281522252045,-0.0963890949077983,-0.0233255303655267,0.00740175054228073,0.167555814618055,0.319722436522282,0.123681950108484,0.206642138467017,0.12372645826328,0.515036412280143,0.337225591130331,0.428569944667486,0.272893067002939,0.276821172495736,0.100048999854969,0.589544565289651,0.380807351447921,0.483261078852258,0.439562038191202,0.493371975288924,0.412473111086658,0.216283330940315,0.385580032203488,0.0654695472145316,0.28519267548303,0.234996467707066,-0.0672691199338474,-0.188724666348483,0.280820928084165,0.394878101327488,0.19510039900163,0.339030558186754,0.40270847898364,0.321901998065964,0.161463750005859,0.192562269028668,0.444108777496823,0.287878191021336,0.00408120221651626,-0.0833003324282658,0.0257628320934322,-0.0532613460388804,0.145101292778628,0.0832337470516684,0.290808536003802,0.291278284105467,0.138443370846115,0.175700278076894
-0.0458087346141556,0.173352763867983,-0.0554360269086769,0.130048281379296,0.101336034112487,0.0396556471948682,0.0530877670581654,0.316614379452439,0.344247710089807,-0.0606656677129281,-0.0749692971083347,-0.046745115874254,0.165074038347279,0.495776826054844,0.375306467036679,0.0292645596869317,0.459645734856127,0,0.632852975120045,0.655700276460333,0.534815677910399,0.232293810897077,0.325429857322913,0.285019986799084,-0.243000515969671,-0.0454509365831291,0.0163331090680901,0.0327681418772433,0.380859110746844,0.131499842931905,0.134140603577903,0.0297266443748906,0.0714451576292573,0.707911180310993,0.16638642952468,0.467737325310987,0.103145284500768,-0.111740224128406,-0.0644346750781286,-0.0739788516026071,0.319540529182512,-0.202091056939396,-0.109647187394348,-0.114411825466042,0.0596489953750908,0.0664698277608147,0.180278398760957,0.193929277335433,0.1116085276839,0.326330216012968,-0.0161299417645061,0.136233893375446,0.14760031576193,0.108601945868379,0.157900830333482,0.0994338341023259,0.234818763914548,0.405049476784929,-0.101111060767182,0.116621026287218,-0.0370257456577754,0.25279112369541,0.270766227201977,0.481456275310983,0.568092450743277,0.35010048759526,0.0815507647620058,0.545468790968958,0.591717328058917,0.740699151068743,0.725824609693695,0.233545682147762,0.270366915087288,0.143010263252809,0.269510438183176,-0.0538067080732344,0.43324381530737,0.177668432308365,-0.0992961756485151,-0.0385480443652196,0.331890220026183,0.370799847198938,-0.0256865152292879,0.115344166197946,0.0763341300109913,0.162920060083016,0.213535497401894,0.105927196637279,0.642516991912122,0.248455626672679,-0.0200259896122221,-0.204657801603915,-0.0970906992714618,-0.172626423851973,0.0889192911797525,-0.0651181412590675,0.095241169684795,0.18413503273464,0.219459922358782,0.145717173647118
-0.0579918427251585,0.103529942552118,-0.150812598832432,0.0862765506040129,0.0669218955284099,0.00147172313731291,0.0486547941309442,0.200823465448012,0.185326030628812,0.0578009261151727,0.0455067344978369,0.156840249662175,0.244230771631815,0.656545481801503,0.392952910909248,-0.0981257197016197,0.453358880679658,0.632852975120045,0,0.446727746117588,0.476359430035562,0.325188014970194,0.402966879969656,0.279497092140227,-0.137452726481087,0.0489557028971794,0.11241125464076,0.0927263859796547,0.338144390192388,0.255159406635202,0.200810733555468,0.0510906601684207,0.100071592205604,0.519932872412951,0.18950809450638,0.398046242756219,0.19198601833313,-0.107782998994525,-0.0355050570863554,-0.142164633362458,0.174708078857374,-0.124963043297387,-0.0499605162827552,0.0255748468956842,0.153681204712835,0.0428150745873175,0.282495495606519,0.172948901320996,0.0948123064081044,0.246864706794654,-0.108531572206504,-0.0328182584730274,0.105758037955644,0.0995918287965779,0.0398737755192869,-0.00747232181518143,0.0299607945521776,0.254404232738068,0.0135896185019754,0.199878467971782,0.125453922757072,0.284197768897117,0.336065106346994,0.52002209276709,0.502178873805932,0.359997223319828,0.00818752343476293,0.586153991405599,0.405181361017678,0.532069847944179,0.562350578672149,0.254203578538689,0.361492530429688,0.194887944315772,0.407574565383612,0.0445797525831565,0.448173218053394,0.300588324899264,-0.0487464220064456,-0.0959807645497121,0.256862296790831,0.199428983837325,0.000480378632125043,0.108303272379068,0.192009668510414,0.224419058961223,0.295944096447284,0.11198607647655,0.429392991805006,0.135971062518822,0.00683368159338449,-0.189247610207825,-0.00199738394893739,-0.0821234141528564,0.180548139682066,0.0786321223115126,0.0919854448874243,0.188008713542899,0.179364032148551,0.126915142563874
-0.270649766823403,0.143302972427941,-0.239659545531886,0.0215317469045316,0.137517898965382,-0.00386097220268529,0.00511835605757524,0.190763992329535,0.267722433572845,-0.124028799625856,-0.142809282934251,-0.175493503463658,0.17226920802448,0.407082211533951,0.258317294956477,-0.0178683750322891,0.383343737523282,0.655700276460333,0.446727746117588,0,0.510547755732134,0.113844480807495,0.180881252370932,0.120506795161372,-0.432632811336403,-0.242617803394176,-0.0108103881994572,-0.00445287396953396,0.378268670242318,0.00895302727277113,0.145328516579204,-0.0995967608797588,-0.00595025940874206,0.555207404991439,0.0460203082528858,0.430214760157505,0.032506053414127,-0.189597140082915,-0.0709181629059296,-0.205212075078791,0.180191425279463,-0.339612481235307,-0.242656222410469,-0.135488851906483,-0.00456804617251529,0.0618425087093831,0.0600513191547288,0.15316259705808,0.0412746852481418,0.27792910007726,-0.249075374023398,0.0384847018242169,0.236151438035073,0.261261586305874,0.0683990109077867,-0.0367085303476469,0.154241813513287,0.368013814139831,-0.230937602247734,-0.0516352063685091,-0.160980955342876,0.222436593254912,0.262535225013172,0.355731886545417,0.394080064570471,0.235474903163524,-0.026108071428861,0.434396418383433,0.452056926869411,0.597348331365838,0.674314266204851,0.146631543906376,0.21044476381072,0.0809747502730409,0.175874327351779,-0.347281820998875,0.342767394966756,0.0994038903587682,-0.0665948414032482,-0.142574459781897,0.310261957660049,0.433845445960564,-0.077494468619126,-0.000348086465795614,0.123488392118309,0.152931716114899,0.101861545495381,0.111384911850487,0.591933431286428,0.173385198633041,-0.055818803224917,-0.341747702643847,-0.0791610126685135,-0.340594768246548,-0.16066483501249,-0.131958257826641,0.104114629958437,0.179955466285443,0.127319122541731,0.0289021744072562
-0.0643129023764007,-0.0458076483720528,-0.249522353105147,0.0939149958256527,-0.0625130761824314,-0.233664923819841,-0.0696220156912615,0.0205169786413047,0.0373097163968886,0.0739781429399543,-0.0163047783616333,0.0689507544462768,0.177191228915758,0.694685766265884,0.586696580513771,-0.118871649652769,0.367843446076404,0.534815677910399,0.476359430035562,0.510547755732134,0,0.111754776415901,0.444300802286721,0.219319221779642,-0.186254968959425,-0.102672559112677,0.0217278013891256,0.0569349832812462,0.406414035185789,0.329419283343668,0.143916651311088,0.104991507842775,0.1673176119737,0.476313140179587,0.0581709656558667,0.224860612131907,0.0994177807097676,0.0743132031848518,0.0115818030198473,-0.106749527671672,0.168743034070893,-0.167070498696333,-0.0521592196949543,0.00476638542972657,0.126455366525255,0.175848063058462,0.187610021038134,0.247250404374328,-0.199217107146458,0.0773134853355028,-0.0781752722021845,-0.0712831237634842,-0.0172227122511781,0.0162171618790318,-0.102790754690089,-0.184272166368861,-0.00681736737759331,0.130681163224174,-0.0663813358561807,0.105637857491458,0.0109038670308063,0.191286356338839,0.244925126522874,0.479276512403509,0.581299739777918,0.538232018445245,-0.121996036289851,0.375121753383797,0.400696862771591,0.442018548366684,0.719065438434299,0.109359320383559,0.326327171134685,0.00909245325862207,0.241218853761832,-0.0871853113089654,0.350105283526653,0.333339823851143,0.0926816056464204,-0.0117300095330941,0.203262238145417,0.258071729426637,0.0420169154978376,-0.00451314277397151,0.080651472765603,0.0938668149593857,0.219558615005027,0.149396726152714,0.359268366735887,0.0890924999446536,-0.0186217583839568,-0.238231492051304,-0.129211884989297,-0.157393982391918,0.0333436466456063,0.0328498032342424,0.160129537071132,0.18777601841817,-0.0753649693799347,-0.0496879234991554
