0,0.102837771426342,0.380318008402287,0.129316415644965,0.113668267831659,0.369574657224614,0.0997287501719336,0.108606146100777,0.0954580325069244,-0.114730476514793,0.0802538193901459,-0.159551797057619,-0.0254317690862585,0.0366178153936504,-0.00957791140926403,0.0692120301030663,-0.0452012907840754,0.0908880438836357,-0.0113997196936288,-0.0518584414953059,-0.0797200502521552,0.0240298450362172,0.171053237921608,0.0653923906249181,-0.171450759880302,-0.263891798348861,-0.100029709110744,-0.216327252685328,-0.0112597483579762,-0.118436746639311,-0.00629813644144105,0.0880128134604958,-0.0251149459479328,0.0496522556839924,-0.152186885081469,0.116592013486069,0.097054321844499,0.111993188529898,0.296002408808663,0.21360219788254,0.27048120650814,0.0293289891306269,-0.00381414446529242,-0.0113327954140947,-0.0958387198018814,-0.0946119023188009,0.0542576428006395,0.215275067916598,0.480757516314458,0.370131965897444,0.258390901027558,0.214026828619245,-0.178906585277288,-0.0665031343773868,0.222998200177319,0.264584193416573,0.0900377365737972,0.0580478720991767,-0.237906123018681,-0.0168073184834602,-0.0575682981668081,-0.0725340494207106,-0.0476612747650746,-0.0438507853471424,0.0654817420608845,-0.0206175280563099,0.0151338924979544,-0.063669615776698,-0.122195075180996,-0.12387680510039,-0.11394563212931,0.00099859394867868,0.0395589151159052,0.184889820469999,-0.119043112651702,-0.145605107368857,-0.00698426802132522,-0.106620632908375,-0.00542941604959922,0.0414422205075601,0.00418163237123003,-0.0491418500532763,-0.18306310884387,-0.20778671711625,-0.172097441699383,0.0431191792051741,0.0449858123380348,-0.135494386765922,0.0420214809047472,0.107672309464689,0.150511273040598,-0.00813044669474293,0.00876610957685405,-0.0665443776833129,-0.141404393277364,-0.00536538970408401,-0.0422862187405746,0.0699691170933675,0.388924123720681,0.385351633095438
0.102837771426342,0,0.57512131493297,0.529898596008906,0.368722363812318,0.367915439059304,0.556762353867868,0.695174493948325,0.59224813975834,0.00879851087706103,0.236814883881388,-0.0371458353911653,0.252290962997611,0.283063681093659,0.342117801851353,0.697637082998622,0.0129425394448486,0.512157050835398,0.311521206668342,-0.0927803674045152,0.416090128018804,0.0601709357276183,0.135335080759954,-0.2458284258507,-0.375576474676597,-0.239414062876436,-0.0796872140107622,-0.269887031613571,0.297303474061655,-0.101501117811827,-0.0479151901316372,-0.348441367722434,-0.0445955737126118,0.110487906779866,-0.122300502883411,0.414892731127228,-0.242224408055715,0.0365631120615053,0.155765976202694,-0.0661433602443693,0.00287294609923039,-0.0425404679157105,-0.0680262102368965,-0.0890071848869797,0.039588498597895,0.0353574557013078,0.0123948221019765,0.0491405923175336,0.149793330602757,-0.0638280652615512,0.143294670126579,0.591079401832024,0.399587024743397,0.37100706089804,0.342364798365122,0.344531694253015,0.580563318394198,0.650807186382488,-0.194761374711904,-0.153946086138467,-0.089157166089281,0.160759320906928,-0.0422354043440687,0.297241197580859,0.191225629565097,0.320143044708667,0.138654438801397,0.273837768420754,0.0204002104269196,0.450624875101519,0.195666294606524,0.108101726708735,0.0517715186207241,-0.153451042448531,-0.296399464730935,-0.336252699175787,0.0594663584985317,-0.112962962268342,-0.0872139244530639,-0.317038502221634,-0.35460710902183,-0.0138032941741986,-0.106572747141276,-0.319806213350283,-0.249886252100653,-0.229643696630319,-0.110220202384957,-0.276318159769602,0.203295145329224,-0.231852080563578,-0.0524654975958358,-0.0190886935912665,-0.0451087028325161,-0.127436697141157,-0.217729881399217,-0.0370782125350387,-0.0899829173725417,-0.00269436661708783,0.115391529046317,-0.0140400340281544
0.380318008402287,0.57512131493297,0,0.180775826593707,0.201037774867731,0.706798636864284,0.54468077196629,0.631440374879385,0.593250834056674,-0.0800607332594269,0.222126195902084,-0.118295258753502,0.172626081742939,0.187683329455963,0.243344081743449,0.433017212628468,0.00105429110192814,0.434722711647797,0.226383651117369,-0.0929316269294843,0.269197429331395,-0.0591929325292365,0.0959516919255373,-0.112086172248565,-0.259733637566273,-0.238727205488992,-0.170929101468107,-0.294343570803528,0.138549784606,-0.122613284246974,-0.0443467294948321,-0.215320419572021,-0.127397407092789,0.0554471159633436,-0.198969681923445,0.475865146406981,-0.258187151033495,-0.075435073907638,0.162729773342111,0.0525303539549647,0.0597787644582097,-0.04483204270279,-0.130215857765486,-0.255631388334993,-0.168281992142041,-0.161501826504526,-0.105221632159786,-0.0370361504097504,0.480139286723957,0.115189450302368,0.319355049173862,0.718607819523183,0.0658227713345106,0.00340836132265143,0.646879994165039,0.696878498800709,0.478552036308262,0.56813447845016,-0.210281106244547,0.00164771519089664,-0.113253909936984,0.121385534836942,0.0598637946518496,0.202129776841537,0.198112761930267,0.250521810049673,0.210519355199786,0.142479295262853,-0.0241006233129714,0.317205436481998,0.208013560070231,0.0797822881817532,0.0332882888793168,0.126304573966392,-0.159142647410206,-0.204313806513143,0.0388371272516593,-0.0382812400368316,-0.0598513871975913,-0.196216712992957,-0.217309285464302,-0.114678877709298,-0.308340461847695,-0.342793268436847,-0.274059805555856,-0.206846372924082,-0.235863760924104,-0.248707130375768,0.27849647937633,0.051028668614715,-0.0782806644297582,0.0324462137013438,-0.136073282441525,-0.226841428209894,-0.22537238256486,-0.211741952238381,-0.232364124922488,-0.171198237381249,0.531039894877101,0.207231447502233
0.129316415644965,0.529898596008906,0.180775826593707,0,0.429490699328067,0.152058347188077,0.325155288748972,0.360728539290802,0.337023742495648,-0.0438061027824107,0.236900206845765,0.0493653818116679,0.263865191534165,0.369911437212099,0.31630502503621,0.347684469590818,0.192537151096359,0.431551469192227,0.360395287610954,-0.0213649382906485,0.317872830068014,0.149772959457548,0.275161214720139,-0.0070969476538668,-0.375326553895622,-0.129012627413744,-0.0509481622067792,-0.113883498053711,0.232791318812262,0.125865171712823,-0.176849278779617,-0.156446660460459,0.0850719412643314,0.202613927241538,0.0254142198886632,0.204895014349421,-0.00780634852523953,-0.00648683163878474,0.124788584208091,0.0232119570081961,0.151308627048636,0.0405989041681612,0.0618495997488538,0.0305301646056413,0.145462301791332,0.0102479167151404,0.195225277062086,0.162996941105066,0.0434968693428007,0.0596405425639699,-0.0703211209451333,0.232998381208983,0.368484801641873,0.674956054613217,0.127723287703905,0.0847618317251184,0.524490500392242,0.404025139622366,-0.150274790094686,-0.0180371071456969,0.12931393922075,0.0730923185921626,0.0417564734766218,0.186387388263371,0.287546258090168,0.225105680053913,0.163752739085839,0.208457640975667,0.184131864186799,0.300269952593518,0.235586676528074,0.00546142874439642,0.246599047111044,-0.116319356714577,-0.0923759462088682,-0.191004708353819,0.0891760560375377,0.0392968153595658,-0.0928577529838659,-0.126438557132418,-0.246582115981623,-0.0821381155791008,0.0317226504873973,-0.18040201579269,-0.0989615892791401,0.0320414112609141,0.075458642871798,-0.165944409768594,0.149745346683018,-0.123067530041578,0.0608866067181606,-0.162800454831265,-0.0137776591385643,-0.0146001089087421,0.017585533131852,0.095957421141017,0.0410658043218114,0.082486798996252,-0.0247201816419075,0.0839198249904846
0.113668267831659,0.368722363812318,0.201037774867731,0.429490699328067,0,0.309718458818911,0.00723046554226682,0.0918018192130632,0.342832369208625,-0.137930902550521,-0.0531469612276287,-0.055281909943277,0.0108295021482654,0.0130331023591901,0.0064475511339063,0.0861002071373744,0.0386772879861213,0.10012828196408,0.0689716955077309,0.189379992686156,0.158796684118659,0.0597124220924831,0.0583142656744407,-0.0586622138511755,-0.346621124386287,-0.121241347375158,-0.0373778010839509,-0.108388129868959,0.123462280153455,-0.151148267899118,-0.0409315784444016,-0.20493580939875,0.0452201961745507,0.104408288827256,-0.0748162518375582,0.147130307262777,0.0508600300958667,-0.0203987200629152,0.0441094524238921,-0.0996724016978708,0.0647928464479785,0.0444662570045194,-0.0599148008979577,0.0668931327783266,0.112792834489532,0.0442219562871301,0.0461079466784525,0.108358818970224,0.0865761899061605,0.0842794770415854,-0.19287640699436,0.0436995128074676,0.134109184244905,0.527019227076225,0.466218243478944,0.0318121645005788,0.121668426968451,0.121438808010006,-0.2735826852891,-0.187840480953345,-0.0202841484072782,-0.170022756680354,-0.195444822300134,-0.122693740623212,-0.00925562722852232,-0.0559765293170231,-0.061014632455016,-0.0252929123264211,0.0705566476560799,0.0803104186423593,0.0617288273810289,-0.118139493079017,-0.0151965364623542,-0.242278698469298,-0.204828285119268,-0.229006713419614,0.0251581910913332,-0.141392228680532,-0.0565690568512076,-0.281065173085896,-0.173879215379054,0.00270768611866348,-0.071322937500381,-0.20284590428102,-0.104048754815114,-0.21494562339819,-0.0256003326080752,-0.116545886026363,0.132737976762002,-0.121718244025778,-0.0532602191336279,-0.320151748394622,-0.185660577570671,-0.0718280109087175,-0.0706602943138581,0.132848874401158,-0.0280949465053911,-0.0596427913711566,0.00300499505945505,0.0189305189332212
0.369574657224614,0.367915439059304,0.706798636864284,0.152058347188077,0.309718458818911,0,0.453436932186216,0.531404156173253,0.623052178838942,-0.157319485035118,0.163243389344788,-0.181202806957065,0.117590731804788,0.049281684016179,0.117927853216765,0.208980262326179,-0.0413874327238079,0.347955563024607,0.119806949658188,0.0624808926815032,0.187317982527521,-0.0967870191731048,0.0599157833235373,-0.0706720302815225,-0.261756815656456,-0.122891144994389,-0.185638353184131,-0.229246816077178,0.106521510270897,-0.191474476826746,-0.0693907020674578,-0.20592501422502,-0.169824064991725,0.0909716294970366,-0.283607026833033,0.536725933007752,-0.0856772861067255,-0.0981812327254544,0.196905127765265,0.132849626993047,0.202580208162177,0.116101418907087,-0.109527540708185,-0.12948384041209,-0.118989848147857,-0.134908839323757,-0.13963825905815,0.00423831217574609,0.61697003831944,0.330372565643124,0.112598266332801,0.476159637375092,-0.0856101001762698,0.027274034402945,0.763992202198131,0.746159190166067,0.385832030726954,0.493257932912103,-0.263821727903902,0.0329577769607899,-0.142698529317762,0.0402495689564711,-0.0101449754276227,0.0501111202491001,0.160207808466547,0.111050797681327,0.144852998394981,0.0478644761660404,-0.0436013376287914,0.237654391917403,0.163353327663833,-0.028552807628735,0.0608808770622475,0.118593285725403,-0.187524035429933,-0.214568988573007,0.0100569266484496,-0.0822486741710418,-0.0630304708992913,-0.171244745727423,-0.237888392421146,-0.116305583141133,-0.327407525251522,-0.3873490114668,-0.290778560664731,-0.238778065669978,-0.160024545447866,-0.238212078047373,0.350960374783305,0.175615272609525,-0.0998609545961464,-0.0993883934139907,-0.194843495047223,-0.253135507178254,-0.239501033795835,-0.149168941404683,-0.228001902213621,-0.128273131246709,0.617854436756046,0.397768315991129
0.0997287501719336,0.556762353867868,0.54468077196629,0.325155288748972,0.00723046554226682,0.453436932186216,0,0.761235711309195,0.612659629418638,0.106642436608267,0.404713212264759,0.096012132794239,0.41614001446428,0.30195047914169,0.379968184030801,0.604208744454701,0.2056749227953,0.642537914710674,0.463224305199811,-0.0316123699016502,0.462227104054852,0.068338429551877,0.10189952310166,0.0239723928309412,-0.113793091526983,-0.0833139501032446,-0.144389597496326,-0.244238465097613,0.263741071481015,-0.0187452271895521,-0.0712250472713457,-0.202338705601571,-0.176994578197525,0.25288331483878,-0.0554983683580501,0.557740430715318,-0.322593829342334,0.0255072806117072,0.126057667682451,0.215754661632588,0.138428649383263,0.0180407269139743,-0.0420948331130206,-0.273848629778242,-0.05496058745995,-0.1621806009373,-0.0754618247617238,-0.105755277268418,0.298774987737683,0.000624117938791453,0.0352280769802331,0.499133510303234,0.404097693771914,0.19044854210892,0.350990994591602,0.492811486858661,0.641641524725646,0.719512230381199,-0.0127268097762848,0.0436353436235584,0.0620983260149902,0.342462522872399,0.171320122370343,0.41834428043861,0.319094995016848,0.39294748617544,0.415319582670791,0.320309841315299,0.103740134884384,0.470528145034636,0.3286226627607,0.175023845587433,0.143114549592552,0.0305291559471735,-0.10914113220586,-0.15792268582239,0.0963405122988275,0.00669011916726468,-0.154532872943659,-0.194820708234861,-0.300619328962751,-0.162354899922947,-0.191192644931799,-0.311152828132508,-0.235433923342627,-0.165640425274763,-0.201060123758114,-0.332612124925234,0.321916654751889,-0.0532217785664381,-0.10917908667506,0.0744958270102306,-0.00756468271436004,-0.197121118967154,-0.172005368257816,-0.291539882386175,-0.224337421218259,-0.0952498367029798,0.346552514594993,0.137908505614435
0.108606146100777,0.695174493948325,0.631440374879385,0.360728539290802,0.0918018192130632,0.531404156173253,0.761235711309195,0,0.716330764104755,-0.0374322686129387,0.280385200799495,-0.06588333714765,0.312939090258921,0.313964101749411,0.377751973283804,0.589215561339885,0.050159771003399,0.690038260706792,0.391935060008844,-0.0993395163775046,0.456799034280747,0.0108777718363609,0.164774673294853,-0.190558600117044,-0.256551595327146,-0.160138061400566,-0.0657674049875152,-0.202359929757979,0.216373062911694,-0.0371976042144347,-0.116061124222502,-0.287938505882142,-0.177672152674562,0.190269265485879,-0.108048685121555,0.61260432799517,-0.344191845502352,0.00495564457266257,0.128693758929062,0.0256268474273611,0.0911346481017399,0.00384315262074806,-0.109060421004379,-0.223971090353512,-0.0769950801832002,-0.047183567791625,-0.0180185200893533,0.00603988810395221,0.2805380344021,-0.0386404403576283,0.0924243721672303,0.614976650147536,0.312798190344524,0.146153883638702,0.445585104446334,0.568172777884147,0.732114922727181,0.819225148215294,-0.149828210344369,-0.022438168587325,-0.0752561212479527,0.25297176348108,0.125877351371877,0.3780037452396,0.308573347337409,0.383922021405977,0.330750687683669,0.32261706538477,0.0929777291244327,0.607997027331546,0.321978551891664,0.141337942957088,0.183490135228844,-0.0169012942681924,-0.194347122196705,-0.229911892272644,0.0683848200660208,-0.00660380737857337,-0.117246762514182,-0.195598228504525,-0.34050820554159,-0.0474129759760148,-0.198441978258339,-0.273002937075634,-0.196502096593755,-0.147733425444621,-0.225849946587615,-0.245824031165384,0.32972812485189,-0.0417715296296849,-0.0919462480156782,0.0864659626988452,-0.0439736238401773,-0.199952723388553,-0.197987422616636,-0.211294976619796,-0.148748708908366,-0.0197627308838826,0.320298225736395,0.0722566289809627
0.0954580325069244,0.59224813975834,0.593250834056674,0.337023742495648,0.342832369208625,0.623052178838942,0.612659629418638,0.716330764104755,0,-0.101957766373922,0.19056149421761,-0.0324658388517205,0.291674828891296,0.197271695928929,0.318678016951548,0.373680815847369,0.0689001789979811,0.567364087350352,0.308181572081235,0.123444279039016,0.477673439702936,-0.0697342461761518,0.102359395076023,-0.0751116971822835,-0.252198912968422,-0.168169463324839,-0.128546261975379,-0.182983657474069,0.348377006204757,-0.142275378021817,-0.0122084816632056,-0.279498520692488,-0.200026472822807,0.153565208156438,-0.127066049060108,0.741665280878295,-0.227503350077881,-0.103272171122934,-0.0503664594024873,-0.0909705836443416,0.0756149347848072,-0.0604693989683324,-0.200092515004531,-0.1706899392636,-0.0103435561428456,-0.123933216074376,-0.098935348806741,-0.0593015763112079,0.279989641270153,0.00979270397481972,-0.0262183245859186,0.487190094697756,0.322435241293825,0.300466832748845,0.563349773309739,0.591686237919961,0.607920220655789,0.797872083015882,-0.188216870804249,-0.0397334200370134,-0.0192848340996871,0.186233425624481,0.130221405866509,0.302912159226412,0.250457735868326,0.31212424354364,0.342932845166985,0.271059536804509,0.125219618233036,0.510294816588611,0.379652511344394,-0.00248467083900448,0.18981565254764,-0.0418842558458509,-0.135717265385662,-0.214493594407422,0.131042539832512,-0.0374238635296562,-0.0225912241378679,-0.238987155750407,-0.269425628346617,-0.0961795997767961,-0.1099470192595,-0.265648483925539,-0.167095732756716,-0.226324987124878,-0.201438920960442,-0.238836614715849,0.521914726691499,0.00133289822468539,-0.183194898051519,-0.126150183841589,-0.247855424246424,-0.201998312035647,-0.219576559480821,-0.120595986940334,-0.226106634837962,-0.11734518350276,0.351801146560913,0.0792486324619794
-0.114730476514793,0.00879851087706103,-0.0800607332594269,-0.0438061027824107,-0.137930902550521,-0.157319485035118,0.106642436608267,-0.0374322686129387,-0.101957766373922,0,0.293984912731952,0.278015906183052,0.147343724608873,0.0159545827953667,0.0219773213291354,0.15828389877803,0.104778859567085,-0.0329819974292795,0.0729495372118505,0.0521038903427944,0.052486900252995,0.182604925302657,-0.0917742678048715,0.275896647834496,0.433574435757406,0.0122568805245292,-0.129871989670772,-0.0467084758870202,0.0601781328526462,0.108981426783825,0.279283758042571,0.0182416973004501,0.00726327421270489,0.227839572465917,0.197084055227016,-0.0603596895347167,-0.0291123778783848,0.0544021550548341,0.139797528574657,0.337593863549514,0.107914728379138,-0.0869716945544364,0.133579065128984,-0.0317982080164623,0.0351247602587159,-0.166344212408801,-0.106188739282224,-0.182269127613531,-0.0825521950551409,0.070157795321922,-0.000719078228277714,-0.165241494227862,0.191080004992516,-0.0343998544217722,-0.268701471179633,-0.200233130919522,-0.113885652668923,-0.079827657125855,0.428493853253011,-0.0373466482271813,0.0404659172772372,0.0673359418331844,-0.0542390540931237,0.0324321947799458,-0.0766280471050471,0.0233446711543193,-0.0403661584253334,0.0039108256574025,-0.0575267341353575,-0.100967945105293,-0.0235885725443253,0.0542261610669356,-0.152108469345633,0.0781206199300147,-0.0598704776909316,-0.0623530265660816,-0.105390062100092,0.0324668491653313,0.0714666669428386,-0.139942994371231,0.0192296064544223,-0.00252952702862084,0.0549206403169298,0.0332086217187601,-0.198463468977399,-0.161549455997475,0.00566808511222782,-0.0730812025441356,-0.0423430337366818,-0.0968801349925359,0.0796856737086756,0.139262042272811,0.251921927737342,0.0664261058530904,-0.0624202637648706,0.0675221157219273,-0.157142691210963,-0.112998158071063,-0.0819916788845236,0.0790600254407401
0.0802538193901459,0.236814883881388,0.222126195902084,0.236900206845765,-0.0531469612276287,0.163243389344788,0.404713212264759,0.280385200799495,0.19056149421761,0.293984912731952,0,0.548873900986119,0.583480944081527,0.394596934921181,0.380681437130785,0.282656890266142,0.349822762560967,0.358729866363066,0.419512911175717,0.0288119782020103,0.352036342764786,0.316754233456709,0.164754385754057,0.354665024459753,-0.00744214236413995,0.200197479268368,0.0146295075714035,0.0161873339929612,0.372299729683994,0.229590841542276,-0.118299521297091,-0.164095121069218,-0.203410478851485,0.254132507626028,0.167721557024144,0.20033546861509,0.0537044617554701,-0.100227661343505,0.19726602449236,0.224487556005421,0.169387791895826,0.210640414901555,0.271653192474615,-0.0768184218787895,0.0780478325780732,-0.0782609251070752,0.0675752118533973,0.0227749978192223,0.255463207262303,0.197262929863777,0.0558786934298294,0.190437571273717,0.154683714870045,0.045311320183676,0.0341981518519399,0.176517876950713,0.1759367267824,0.252715080378321,0.291874156305991,0.376419177507618,0.342511247159439,0.449700879157123,0.302193629346533,0.30157165256956,0.212280819349756,0.327176145512183,0.0384119947020899,0.290882586734027,0.132277398501247,0.168533842521648,0.244752616714485,0.249775102674633,0.129609784115181,0.0736044571655429,0.122340006587604,0.112417038520333,0.257565985487659,0.257085184401081,-0.0993589717062018,-0.202480699994875,-0.0801606380007421,-0.0827802244011739,-0.0181897072228834,-0.103688661508804,-0.153301226156331,-0.0834006308453485,0.104736766887644,-0.0284800249268838,0.170105672636048,0.0730693108767016,-0.0948970879609069,0.0347386697561836,0.0313209958674661,0.127649754565359,0.103182489426243,-0.0636803484823573,-0.0682506951610531,-0.0402723315618461,0.206863687977919,0.275694655351866
-0.159551797057619,-0.0371458353911653,-0.118295258753502,0.0493653818116679,-0.055281909943277,-0.181202806957065,0.096012132794239,-0.06588333714765,-0.0324658388517205,0.278015906183052,0.548873900986119,0,0.509944855487733,0.218377607958787,0.238499858392925,0.0598153505773348,0.470313187396437,0.132787039388093,0.305556870744935,0.138861380121085,0.283674274098686,0.140308034846763,0.0448111237905331,0.488294492179004,0.257856547206778,0.510557540586825,-0.047250740292506,0.222711251074231,0.323949457081737,0.289373233838192,-0.14677112855597,-0.0423807194057402,-0.240911001347929,0.112883232590579,0.203248580719432,0.0520350544958418,0.113921973724041,-0.208608720013167,-0.219580591663885,0.0680981974212077,-0.109613470226063,0.115501626312636,0.0670682112393783,-0.277921321121596,-0.00496666725285567,-0.272302930441902,-0.118637955808891,-0.251939626946004,-0.105234806842246,-0.128402983548761,-0.137981987996299,-0.128244590941698,0.233457083910356,0.0801814955574694,-0.164451986838737,-0.103900171517027,-0.102987629528117,-0.0455136613134327,0.35198446621488,0.404929392217451,0.571393436141183,0.502904563156609,0.435552095373191,0.264834827069754,0.116539400806021,0.228034615023198,-0.0746614473463428,0.363420835764222,0.286828833491226,0.0305607379994136,0.295862515957045,0.231322442236302,0.105914170104728,-0.0646584445241862,0.479198868239334,0.464928959986789,0.441317563127109,0.40254279888587,-0.0177751702127099,-0.143031902213758,0.130110323945859,-0.2392140119018,0.100733180085291,0.163065561100808,0.0623892310991509,-0.085522344107334,0.132381594014911,0.155024151552475,0.111537635695348,-0.0885807775302569,-0.149529743313122,-0.0738960858052206,-0.0724093329838884,0.234225716440641,0.244074341406866,-0.191446669742869,-0.175930358379651,-0.222415354698338,-0.0740703717196784,-0.0867537458354739
-0.0254317690862585,0.252290962997611,0.172626081742939,0.263865191534165,0.0108295021482654,0.117590731804788,0.41614001446428,0.312939090258921,0.291674828891296,0.147343724608873,0.583480944081527,0.509944855487733,0,0.554538366960086,0.605073599182505,0.248254265910312,0.527351438915271,0.472824355081085,0.601790983396094,0.0953337642199349,0.555420217945506,0.345744985893487,0.291993082881753,0.291727273212665,-0.0808573141416142,0.294007579981526,0.0161915691380592,0.164209290444764,0.456068305286638,0.380118885269177,-0.177955472471568,-0.144814834416435,-0.223649325835591,0.313915366870542,0.212877911504592,0.247445767844302,-0.0805391884767849,-0.0736331617177385,0.0463029595922956,0.124589732682708,0.14457150845688,0.145203395225609,0.170953631482318,-0.166301626646505,0.149752798906577,-0.117760968381292,0.0850423648166843,-0.0228617022874137,0.11029698863716,-0.00362945877633045,-0.0896170516538948,0.172341132692197,0.300217317855527,0.181536466265221,0.066890624537523,0.171807742473127,0.267646421063272,0.346652405607603,0.0801236304266442,0.256359872404528,0.407071686882117,0.704924873442746,0.506465858220484,0.476501394750505,0.44608715252385,0.558755970668714,0.0715046598070288,0.467905811054714,0.212160575833272,0.275991548833011,0.478292190808103,0.262500359255234,0.260186726975188,-0.170136568717916,0.187020762383594,0.134608056827951,0.337360056612233,0.354535514141123,-0.136728595359358,-0.161663622291154,-0.227534011349322,-0.26569252994031,0.011998413443065,-0.146554528664559,-0.0982264547440403,-0.105146052424801,-0.0159278014121073,-0.030221980153241,0.162754303152005,-0.0974426738604676,-0.198711550226753,-0.0677254960442664,-0.138398815286457,-0.0588515559755225,0.0363014560324267,-0.171081564479646,-0.203213138066068,-0.0497584748492586,0.0662043764086193,0.0808040322443799
0.0366178153936504,0.283063681093659,0.187683329455963,0.369911437212099,0.0130331023591901,0.049281684016179,0.30195047914169,0.313964101749411,0.197271695928929,0.0159545827953667,0.394596934921181,0.218377607958787,0.554538366960086,0,0.763791327049425,0.241106248395594,0.481497837978128,0.515152710442434,0.660758857823555,0.0415738086916909,0.52713619230911,0.359144933171666,0.634721982416836,0.131963792032071,-0.242612013020019,0.123692749499599,0.201447377850278,0.200213351188146,0.376901542848643,0.505915332274921,-0.30231811336388,-0.173503359133871,-0.0381113569913116,0.259301879416689,0.322739984474198,0.144282498423208,0.0125305304515723,0.0131806817807027,0.131896233820786,0.0460040420392244,0.147590545489921,0.119921750657464,0.192438907292574,-0.0529155162515569,0.226316204609729,0.107049989341926,0.468069141700343,0.274026964789546,0.0321659054240664,0.00925261387677409,-0.0388531799666314,0.181869407883178,0.19787028376287,0.178999263609873,-0.0303509406614602,0.126666744787733,0.380825912980642,0.316570012526627,-0.0612419680624504,0.116519436088875,0.226024421125728,0.378352159793749,0.427666861932769,0.436748638000529,0.610922941729021,0.65633450570438,0.0924032236111312,0.463430573948222,0.21051492085267,0.27205730022081,0.499247061139769,0.263586668992697,0.476489866385549,-0.136207417291665,0.0576863545944998,-0.00475477048430459,0.281544374662324,0.436224052759878,-0.268695480709701,-0.0839942489249185,-0.217231870322318,-0.217369622653869,0.0615824421362303,-0.100207189412442,0.0623494954802441,0.135713414151229,0.111920438346742,0.111744495893428,0.0735692138095555,-0.130128739442106,-0.0856412748422137,-0.106424356235019,-0.0919714645264367,0.00378897698178545,0.051337901237602,-0.0116554946268358,0.0951695698034003,0.150675086849036,-0.00439792861540547,0.0497838393627091
-0.00957791140926403,0.342117801851353,0.243344081743449,0.31630502503621,0.0064475511339063,0.117927853216765,0.379968184030801,0.377751973283804,0.318678016951548,0.0219773213291354,0.380681437130785,0.238499858392925,0.605073599182505,0.763791327049425,0,0.304115615832232,0.427274243952711,0.493648483177198,0.590392068355509,0.0902284314039483,0.621487514097233,0.287649085156473,0.515766010024943,0.070077702702166,-0.258325343203499,0.0989782910697302,0.181647657011921,0.244212209281222,0.45530872702295,0.45240759773141,-0.242179060697972,-0.245896165740672,-0.0710205290379601,0.181349187276244,0.282654267248624,0.27784181081514,-0.0387449425254301,-0.0877952153839237,-0.0139697030636752,-0.0391609116253006,0.0861735126777209,0.0188400212490965,0.0702825369136319,-0.0790690470324819,0.201105763550617,0.0760746212199673,0.339207996853654,0.194534616016804,0.0291582164917722,-0.0705925138283637,-0.0480060169540305,0.215143908508593,0.281114441364763,0.175277289712176,0.0415311604406363,0.201535366796679,0.374699104283249,0.403855754513777,-0.0463197693620552,0.173860283642872,0.228005181877762,0.44914259017674,0.464410102769353,0.484605500346747,0.671848447731561,0.826636282639425,0.0947231141161147,0.481439822258824,0.2376663437758,0.308255698767892,0.638897645907929,0.210692382496742,0.436446313041228,-0.156018456292559,0.108613829307183,-0.012405892207925,0.360955696356495,0.41370971910043,-0.191598666694252,-0.175974114157085,-0.203450216342108,-0.244988889966176,0.00463800401656396,-0.0892233404379048,0.0540602503259265,0.0569074067727099,0.0491759717578003,0.0739361856800609,0.182012656363087,-0.157604470717514,-0.187382771693658,-0.133156087093779,-0.167439606974893,-0.0837007901434244,-0.0287670560189037,-0.110612352025344,0.0458621390470421,0.13696642928911,0.0263929386973266,-0.00370065755284104
0.0692120301030663,0.697637082998622,0.433017212628468,0.347684469590818,0.0861002071373744,0.208980262326179,0.604208744454701,0.589215561339885,0.373680815847369,0.15828389877803,0.282656890266142,0.0598153505773348,0.248254265910312,0.241106248395594,0.304115615832232,0,0.0883194547976105,0.442718260405263,0.325932307500629,-0.0567151613642987,0.371910361031351,0.0980755285733633,0.134352786447053,-0.121076454449297,-0.208214842454127,-0.16679786712053,-0.0710026140486598,-0.253694999641911,0.27460553800035,-0.0424839089003987,-0.0228926715777467,-0.304907307403889,0.0425925706902608,0.179220349959516,-0.0566539743399445,0.313150679062054,-0.242021951484995,0.0135650423371727,0.135778973204589,0.139489187415632,-0.00589781800515134,-0.0416465353656913,0.00665323455375164,-0.143783952181147,-0.0213975768921791,-0.0114643905384499,-0.0294329744052741,0.0118716906122491,0.135353365718801,-0.0828904015748083,0.189031244226332,0.430737379844327,0.424715344323003,0.169193631274862,0.151845916092595,0.186730718131308,0.415109694764246,0.487347730060839,-0.0206655506375495,-0.087699467393734,-0.0313561826366523,0.196013166794246,-0.0777718448425705,0.268888063836432,0.137087503451102,0.314462248217987,0.16429878731976,0.279236453793542,0.0212914098766882,0.352249669351375,0.135057706995417,0.225848754919894,0.0232232279615201,-0.11262305853912,-0.221087972040172,-0.223765460090424,0.0691809101680312,-0.0553973846223916,-0.0835977675205697,-0.283553561324592,-0.245732749810598,-0.0295646746896749,-0.14934545075911,-0.275780889758669,-0.226248498602752,-0.237166134059468,-0.066290776421137,-0.278761443411896,0.12597752076047,-0.270755017508103,-0.0336971149707665,0.0354713617740387,0.0824731763774032,-0.0145083538230089,-0.174391956515544,-0.132895162143458,-0.0693471119078466,-0.0380705459798267,0.102644314449106,0.00557215124669925
-0.0452012907840754,0.0129425394448486,0.00105429110192814,0.192537151096359,0.0386772879861213,-0.0413874327238079,0.2056749227953,0.050159771003399,0.0689001789979811,0.104778859567085,0.349822762560967,0.470313187396437,0.527351438915271,0.481497837978128,0.427274243952711,0.0883194547976105,0,0.405372928276774,0.648531568987938,0.275971607449073,0.506504024281889,0.331831259701376,0.280174084621234,0.607333135104554,0.00809073325341199,0.341288154304128,-0.0685811343241623,0.171831918435227,0.41916904892891,0.291545284882076,-0.178321984536865,-0.0970068169340334,-0.164639730100214,0.476913262019889,0.328794360262027,0.161859533168537,0.151849558688646,-0.217547638349486,-0.162104800612318,0.154168372212892,0.159905633622998,0.168658853131338,0.174481336815716,-0.2099193001581,0.0775150455235206,-0.253130889841088,0.0647926730789059,-0.102292231599372,-0.0257771450469446,-0.0104345062043566,-0.243351139415461,-0.047590218534775,0.164245393529501,0.190996372356638,-0.031599540464898,0.00528347660523329,0.112514065246371,0.0944619455005811,0.0467370855643141,0.245686089608025,0.406608959354626,0.31778186595074,0.354599345528275,0.227160557388214,0.431755376544298,0.371403544444851,0.122351578556347,0.344886655277819,0.461135226331982,0.174170301156866,0.531792340084531,0.179532011886473,0.314398295506363,-0.121501365610456,0.382371038878855,0.293961411755121,0.449751724790654,0.334220800514591,-0.119883817429509,-0.0848225463732762,0.127246263624172,-0.268053178347124,0.0615018248359834,0.0282480117844588,0.0129777148371509,-0.0259924272597484,0.161925743728737,0.0565676167923041,0.178145119171307,-0.0983804959607898,-0.141693604344232,-0.220909101276951,-0.218543632462737,0.0293828538293297,0.182066155536734,-0.212943107320165,-0.155482420127535,-0.169720841605467,0.0100316546198157,0.0177160203532447
0.0908880438836357,0.512157050835398,0.434722711647797,0.431551469192227,0.10012828196408,0.347955563024607,0.642537914710674,0.690038260706792,0.567364087350352,-0.0329819974292795,0.358729866363066,0.132787039388093,0.472824355081085,0.515152710442434,0.493648483177198,0.442718260405263,0.405372928276774,0,0.676169318405578,0.0907522641154519,0.632481363776675,0.216237076084625,0.338863064226868,0.0868435663064048,-0.254022219600864,-0.0528635445558713,-0.0554238301349539,-0.116567787790402,0.299977155231931,0.156479665866601,-0.180307690584706,-0.247571805184002,-0.229377444250578,0.475131671254774,0.0650977991838505,0.563309093148576,-0.231359337715927,-0.0121811391978114,0.0829325434785426,0.101907356658711,0.228630751398321,0.0330232378355775,0.00497343464804393,-0.246724915634463,-0.0286375583460244,-0.0860351670406274,0.115899684371545,0.0314422953783696,0.188719549837426,-0.0172652540933061,-0.0405403793495825,0.429920870602379,0.291430988457054,0.255434260608166,0.281186111108621,0.373375084150414,0.688351525703365,0.686603903473456,-0.0646718906415551,0.123719921025953,0.178301561161624,0.307586148421978,0.308986853337961,0.489130325693094,0.456086073228757,0.458003674652665,0.345461365269975,0.431975162077667,0.335396558691395,0.708515004772726,0.539674956209156,0.168175636801402,0.367282350577247,-0.0377117655906721,-0.00437155345696376,-0.0404837268006665,0.163822901991507,0.133346428795546,-0.211973650552073,-0.118985581990038,-0.289856423180844,-0.0875622948530033,-0.0863644979193084,-0.209342239063913,-0.121392183715952,-0.0211653270600539,-0.175750775656208,-0.160093024548623,0.350230160213105,-0.00267592898119252,-0.132805881490096,-0.0050830220783462,-0.104506362133811,-0.151705510227772,-0.0211711949460317,-0.24570800521375,-0.140276512437904,-0.0377912461827491,0.211669440353483,0.0583788787495539
-0.0113997196936288,0.311521206668342,0.226383651117369,0.360395287610954,0.0689716955077309,0.119806949658188,0.463224305199811,0.391935060008844,0.308181572081235,0.0729495372118505,0.419512911175717,0.305556870744935,0.601790983396094,0.660758857823555,0.590392068355509,0.325932307500629,0.648531568987938,0.676169318405578,0,0.19763544320957,0.729195228016418,0.356942928292835,0.410404865740977,0.295563377759343,-0.159701048618285,0.147735056388322,0.0325972789167962,0.0850788264558998,0.473179999774654,0.28726945395393,-0.211789834849338,-0.221323615064599,-0.174157156536565,0.512546014295163,0.259695321223833,0.321797667528418,-0.0455946073342714,-0.0210067900171507,0.0594793649838642,0.125033497178185,0.193012520121895,0.129515979176181,0.147723543937442,-0.179974964748658,0.158033959347594,-0.0819019024571705,0.181385266187765,0.0670742583461054,0.10581856423579,0.0427065215468146,-0.142668135006391,0.198383873440946,0.330545850170443,0.264342335468511,0.06969693993797,0.164404233338474,0.433523694143515,0.404580913498934,-0.0484479972848809,0.133072547056022,0.280514248327227,0.394771881103531,0.325612144339756,0.464495532828767,0.59401115446383,0.535694642750012,0.238817108976776,0.536214260314208,0.449046840187853,0.492182298696626,0.625030617481106,0.249797070225613,0.432648955404152,-0.09238251745465,0.141802104101145,0.0361137645956052,0.336862672950398,0.278661313169998,-0.212955503626449,-0.162892718267817,-0.130722949393946,-0.169787785583178,0.0494788244270848,-0.118466884849014,-0.00835789612495969,0.00901281431386,0.021738944316551,0.00429786746211893,0.260846405086564,-0.0427230729355584,-0.104270985307585,-0.0888072740782424,-0.112258391119019,-0.0615286593997333,0.0654755383840721,-0.134503826088897,-0.0707886059483258,0.0310587901223114,0.105945356034694,0.101446465135275
-0.0518584414953059,-0.0927803674045152,-0.0929316269294843,-0.0213649382906485,0.189379992686156,0.0624808926815032,-0.0316123699016502,-0.0993395163775046,0.123444279039016,0.0521038903427944,0.0288119782020103,0.138861380121085,0.0953337642199349,0.0415738086916909,0.0902284314039483,-0.0567151613642987,0.275971607449073,0.0907522641154519,0.19763544320957,0,0.326505677977392,0.112454354624168,0.131658172635379,0.282795138248602,-0.115891151273383,0.0517546637496202,0.0491724074536642,0.134496808903836,0.379202844804698,-0.0471091709255312,0.0283490873322544,-0.268878221771255,-0.0795523496742111,0.411898469946303,0.192545828589567,0.34668305262936,0.339810380418669,-0.172096908569264,-0.0814969755993661,-0.0135190860360173,0.345598829029244,-0.0647373967976532,0.00642702378669036,0.0772992183212244,0.138926804850709,-0.0649872801010768,0.00833483316350788,0.0322778797355961,0.161083132090187,0.407263482804725,-0.235197029460357,-0.207419489989307,-0.00584569540101778,0.0478754989049058,0.0707926526541233,-0.0335507507710328,-0.157799049941549,-0.0467275912075826,-0.0249394058761685,0.0615818632687789,0.0995362176279287,-0.0741509684588362,-0.0960815333704409,-0.0918171515057355,-0.0235071750019057,0.00676139208997504,0.124342879907782,-0.0175445214994115,0.27503334978357,0.130912460728476,0.31561306931049,-0.146798242415688,0.0866535889465662,0.00272076067129878,0.0557409339416128,-0.0511004979707174,0.146141762932473,-0.0328288433828037,-0.0237466914935507,-0.278095204398338,0.131051043534942,0.220675353644598,0.118807196541441,0.0633241447108931,0.0961991913264901,-0.14349370118022,0.262446006309927,0.115318006658742,0.542079005629635,0.171788111064437,-0.123980692675541,-0.340391774557679,-0.207482969076286,-0.0533231312092874,-0.0505602051696228,0.159771396353024,-0.0804459707811402,-0.0320342687290113,0.0908353959611619,0.272784541789118
-0.0797200502521552,0.416090128018804,0.269197429331395,0.317872830068014,0.158796684118659,0.187317982527521,0.462227104054852,0.456799034280747,0.477673439702936,0.052486900252995,0.352036342764786,0.283674274098686,0.555420217945506,0.52713619230911,0.621487514097233,0.371910361031351,0.506504024281889,0.632481363776675,0.729195228016418,0.326505677977392,0,0.231273268980175,0.282166065098965,0.159557305943695,-0.259002509197438,0.0314969244476021,0.0412373270494469,0.0834697642687041,0.534251493208676,0.176336226017331,-0.117975281181697,-0.353522487044053,-0.245018393176065,0.416311385182241,0.208950954510005,0.477521833166026,-0.115224240106046,-0.143752651244304,-0.106774906042631,-0.0355523399198148,0.0647890294016114,-0.0298502449866194,-0.0542618752667713,-0.202054807128174,0.107542522903129,-0.0867729594053915,0.0697665648683933,-0.038121202559316,0.0485411730555245,-0.0296468009912171,-0.0964064638046366,0.252211660375072,0.43379712911469,0.305213633193325,0.141038147561742,0.229086635977493,0.404884080980049,0.500269138036518,-0.0129058762773737,0.120241551293234,0.276157107496797,0.354053056889361,0.22892012294171,0.365536973208012,0.456209713801355,0.520951926564323,0.211425836944137,0.493794152934896,0.412334301076785,0.546221997656331,0.716549896261351,0.159227265807108,0.304204159602145,-0.155048530764049,0.119341060872296,0.00222326405489618,0.336105430614782,0.210729743755308,-0.121132885246724,-0.294185983962628,-0.189145146116356,-0.124978519121274,0.0327300596185395,-0.106427568590446,0.00777321711675243,-0.205237319373832,-0.057147805278009,-0.0334080579123294,0.422265634993479,-0.0753714313352437,-0.2284808582025,-0.154510301227595,-0.311564017021296,-0.0752533242150099,-0.0533011256438499,-0.144976974745171,-0.146705265668116,-0.0486481524282866,0.0884513011465568,0.0263581527794384
