0,0.139337278626175,0.32503050112775,0.210227568647249,0.270209951229573,0.234446938527183,0.0475722866206966,0.0263677941331276,-0.0961658132189091,-0.146860845922869,-0.248766807757656,-0.37826228229175,-0.30044537553888,2.77245097869558e-05,-0.23885839124097,0.126787926511497,-0.184181748063084,0.121456250775728,-0.142127384336281,0.181712844448115,0.0275037497074192,-0.00648908698927861,0.2783028334399,-0.170525116498357,-0.0549477019550678,-0.283222868703541,0.0691047586503511,-0.336533918747828,-0.0829127290366252,0.0509040185597783,-0.0208144455108775,0.0449105701854009,-0.142603506689505,-0.051658648108903,-0.0685955285497746,-0.0976773720586994,-0.204955502602532,-0.245388871645701,-0.199241360269749,-0.341540350698223,-0.0925360397018201,-0.00319692940468389,-0.289832409619577,-0.447482192166514,-0.310986041630774,-0.133346473738978,0.123809356355795,0.139269253510444,0.215385316511856,0.208019191054395,0.466606899975839,0.331621614530217,0.160070431380209,0.0194294973086655,0.203565292306765,0.29506286930268,0.0706682106037313,-0.0744803254822456,-0.280334745621807,-0.389463460743802,-0.461972791720586,-0.388631180124521,-0.216864399726625,-0.0653924582002221,-0.120799747831399,-0.140942369013258,0.17687079395013,-0.282878721360245,0.0322315690542541,0.173301587568704,0.00486897967456814,-0.181361744778184,0.192737799194652,-0.127478859540758,-0.33253421872418,-0.282082905358774,-0.313304765339726,0.00189994782926216,-0.198987849615663,-0.133476477359002,-0.12337607918216,0.0240354783880079,-0.302650140852739,-0.247935235862013,-0.0402655164866923,0.207623690396319,-0.00180504853806183,-0.332169559594062,0.0630242054617362,0.0639772418285147,-0.0565101335113407,-0.0432600761523557,-0.106530393892866,-0.182315612016972,-0.26788777475242,-0.380191333176804,-0.10292905178847,0.257892791932589,0.255513578742206,0.287658973349808
0.139337278626175,0,0.402086391196905,0.597597928134199,0.779149510626292,0.414003829608058,0.14818523549614,0.388814381767161,0.389235400848586,-0.247511997296371,-0.13983811167158,-0.195777166574761,-0.283638832524561,-0.115762165720931,0.0198047146425607,0.332622634522324,-0.145143803829218,-0.0072079945387125,-0.206304021293834,0.0253140604089241,-0.029700539002411,-0.139685104087316,0.0210490693553678,-0.209572526045516,-0.133731427397067,-0.208311767227571,-0.0877990405235439,-0.172187696100287,0.0474452868380648,0.0453336871554936,-0.282436371768696,0.0695316613154193,0.112836828381021,-0.149070795217518,-0.184900546864172,0.0612760254214168,0.0970212023264561,-0.0667553324477738,-0.0513564950885268,-0.214760641445846,-0.162490155595521,0.00106635301812257,-0.175466411886982,-0.132715100948316,-0.0525960205157059,-0.122791426381418,0.0114539736765876,-0.00086371168787076,-0.0551230688419897,0.0309032974142706,0.143579028819429,0.436142580480297,0.124814967084917,0.590873520738892,0.562670797526703,0.0652600630142378,0.307429702946806,0.0661822782110043,-0.208440129449259,-0.137492309142118,-0.197325733601689,-0.357981920034668,-0.0729583708492754,-0.349283047185028,-0.0603684317023134,-0.0766721243973451,0.0458721671471942,-0.228284976030825,-0.0700993170775414,-0.000185664409267163,-0.132360078312803,-0.209534297930905,-0.0869717055914684,-0.140994443163228,-0.167238996486931,-0.0979309497568375,-0.0453252061348592,-0.0521902852809762,-0.242816305881406,-0.0265840654750605,-0.107615552046324,-0.232634159478299,0.0303326527512793,-0.193858316099395,-0.100244642567955,0.0327370287165061,0.183471991621597,-0.271701723266777,0.0138748887499461,-0.0845564258304018,0.0253325009131144,-0.0892906705666082,-0.0789102825017463,-0.0458835502697686,-0.221131989151949,-0.189930084803958,-0.0974005383820282,0.0497784745538468,-0.00952601552638342,0.0187548471550679
0.32503050112775,0.402086391196905,0,0.114770797534269,0.403675731672287,0.607278259256993,0.292442254096745,0.525561346400381,0.449373370457077,-0.218577097425198,-0.202706579639808,-0.105441058900642,-0.0980918071066926,0.0160252909119854,-0.0176650422298511,0.10035918232042,-0.00673148280039281,0.187484013552081,-0.159974003003116,-0.113267357512911,0.0828115985265174,-0.0500369519018019,0.195205177045156,0.129280034928789,-0.0838127891141119,-0.0627273044974487,0.0562303207574173,-0.218724088926786,-0.0454532210213788,0.0749666587688646,-0.00338202724261442,0.125818006657208,-0.137437271553938,-0.287125088991908,-0.132926891963129,0.181900268081104,-0.191540941371218,-0.101394644743623,-0.146486490739914,-0.219046866562085,-0.300484095738606,0.0778128721074464,-0.145427538236097,-0.381269981876103,0.00434735503669007,-0.268474204124696,0.00672010385632176,-0.205314158047108,0.00732414523291283,-0.11195576931601,0.139845908923287,0.56647908804522,0.214190633013152,0.0918467811398943,0.544230163713071,0.475412482073106,0.395002853513839,0.401769126750277,-0.298135116231128,-0.210849301314789,-0.164152530911757,-0.195425355771995,0.112888627651316,-0.153508906113768,0.0402620381233212,-0.010252270201948,0.0612233420271372,-0.12894971522532,-0.0347949710630804,0.109582861331173,0.00755049622944245,-0.087270947281538,-0.0413382274910094,-0.0538535281542689,0.0315333280884344,-0.117035424348535,0.0382701575777719,0.0938701873462045,-0.000442145621422791,0.114287920793026,0.130676397996199,-0.305278628533364,-0.0983241856356874,-0.256130808643793,-0.035854618850527,-0.061275507675809,-0.0622890047963802,-0.20391085501719,-0.0474233797174419,-0.144062750006776,-0.152561581394096,-0.101392018917887,-0.0828246249432061,-0.0846415923436963,0.0070875069342718,-0.334999097233877,-0.171610874094185,-0.119700593810302,0.0216925255368153,-0.147322698968238
0.210227568647249,0.597597928134199,0.114770797534269,0,0.60720713365474,0.155490506921714,0.145250006920422,0.190465663831289,0.117472938040543,-0.194964980032483,-0.132874403770239,-0.206471118227153,-0.254770547952059,-0.0613000898570248,0.0328119324896897,0.453138227733786,-0.207953901085569,-0.150723674225429,-0.158937301393061,-0.0273481859772166,-0.0684780420561101,-0.1233276924012,0.00749426129337742,-0.305731286581552,-0.0849096878867718,-0.287324536105913,-0.226308241009544,-0.190505602393949,0.0688721998613292,0.128585031626281,-0.27198276512142,0.0863746718235793,0.130852347756744,-0.161447975842693,-0.267488055676089,-0.167992628519905,0.0856150184926158,-0.183789689355183,-0.0283444878673693,-0.193800083910645,-0.172890039652801,0.0475616114620086,-0.235927453524119,-0.175994406096916,-0.185312122892805,-0.131794450359984,-0.0732337231389532,-0.0465033009366508,-0.0413484106820084,0.0438531698204701,0.233017182842057,0.36857407851341,0.284911222431284,0.711773728356557,0.364123241887572,0.08722007988141,0.309782459426766,-0.122305433687225,-0.151757154185483,-0.0779813407512043,-0.193260528819422,-0.316709906245014,-0.0901304914348314,-0.196503870020949,-0.0168814130649169,-0.0484661965941936,0.191938617568467,-0.188655936284514,-0.0950904944056636,-0.0400030681156612,-0.145004218022538,-0.20204853182112,0.0226026894561872,-0.026459276697278,-0.218337594564908,-0.0274014773708818,-0.179053108904293,-0.0928024245948954,-0.369555643501207,-0.100253346739031,-0.326214260624884,-0.254467551946976,-0.130995305305565,-0.192252918752538,-0.117366844011897,0.0699653879436864,0.0979079451262119,-0.346267448677368,-0.0421329377748969,-0.0428127801160723,0.101078813285554,-0.0254941366756216,-0.10929016183451,-0.164445577190811,-0.353623052207582,-0.18270954755612,-0.0670308178000954,0.145426531535557,0.0699926221326767,0.136027221763453
0.270209951229573,0.779149510626292,0.403675731672287,0.60720713365474,0,0.510403495914949,0.0805365506751094,0.375634635658885,0.401464177410657,-0.225025772803159,-0.266289646926078,-0.323976715893848,-0.32034184442996,-0.119967923753622,-0.0250089886151222,0.253739518572837,-0.144791034241321,0.0334186839117809,-0.22623694388868,0.143240150370039,0.00130010377843764,-0.131072520372799,0.0799754377724524,-0.284302549536019,-0.12395251269047,-0.325154829840165,-0.0716072956035986,-0.225362884524102,0.0469881143447595,0.0571303522904295,-0.278986387209881,0.0378080687842372,0.107878800763317,-0.0498422351354261,-0.117741629580621,0.0683678267461852,0.0718212477170031,-0.0895840572214142,-0.0899669747295516,-0.300575005419632,-0.120250549182389,-0.0269600405005184,-0.253998197120117,-0.190947795530308,-0.140186837355824,-0.0342262388089124,0.0938147805718107,0.0919083401381739,0.0374215881886945,0.182582332774484,0.128827386624318,0.351006192571545,0.114057789320396,0.580273202708709,0.641687215604985,0.152442884442847,0.253248544363144,0.039621834434301,-0.28093114056684,-0.265933200611521,-0.363130373857807,-0.423571645089727,-0.180968251647184,-0.37627181230526,-0.121932135359652,-0.0906401103857669,0.0403812692619662,-0.366902524143021,-0.132752633643805,-0.0256369715260146,-0.118947684070273,-0.319174638466203,-0.0223600921633929,-0.222280717027206,-0.311150111345346,-0.210323211188503,-0.149436539609708,-0.115730607061602,-0.321810635948138,-0.0770979024141304,-0.210828823165342,-0.17466803845986,-0.136430960939427,-0.22267480812722,-0.0972350962533502,0.0434075244189078,0.146904377725149,-0.392287242213982,0.060652600499707,-0.0913985299012071,0.0371346752481155,-0.135132280369431,-0.176899830676107,-0.159533412237706,-0.403107527078851,-0.272057490568013,-0.0459900838501203,0.113880990464411,0.0755586616234521,0.159244574815002
0.234446938527183,0.414003829608058,0.607278259256993,0.155490506921714,0.510403495914949,0,0.242336188502214,0.576200897153899,0.730467617672425,0.0118298913452004,-0.0196074039410176,-0.186001568452816,-0.217950179071343,-0.13384229300326,-0.199373196560806,0.107666315197107,-0.139104720377219,0.125777770301971,-0.301626381329199,0.027840215758447,-0.0534870089622995,-0.077701877312396,0.0650077681632963,0.0253797636241275,0.185729789487503,-0.0803022540711356,0.0855431952047365,-0.305709008135002,0.0753761569509903,-0.0580838249787335,0.0714275318464202,0.0516775224800518,-0.0887493291234965,-0.256114225336082,-0.0725721063152203,0.320627391792451,-0.0713825511160917,0.0502922007238353,0.00401509304836251,-0.0155963061825932,-0.0415386961443775,0.0687653057027072,-0.0216112122459219,-0.179989071436291,-0.0691473589508324,-0.12381395024593,0.0321231692086616,-0.0427915194886376,0.293632510613301,0.0102824898393592,0.0759791548178831,0.47665551041777,0.0697589091913778,0.259241621930051,0.798714209598548,0.640236287559337,0.339860705914731,0.553243889842435,0.0120729090265736,-0.0384888527307476,-0.159004046550535,-0.249612855512784,0.0271215452833648,-0.269315583999839,-0.115248630604929,-0.15526521457365,0.116278305914867,-0.292248347768979,-0.199998712628175,-0.00458985019583329,-0.0927591036199293,-0.158363059599171,-0.0945384663938843,0.0323302951002113,-0.127478035780179,-0.0190581503923205,0.0192530021503509,-0.0421756406602473,0.0719099312114525,0.0413144787509664,-0.0864597564364033,-0.19931682160847,-0.146624059230454,-0.250367794064321,-0.0470290557121025,-0.166326100178848,0.0696455783088501,-0.243458072822005,0.165449914080589,0.0221807746927637,0.00552028527825378,0.159440210759269,0.000491387414231159,0.0370220455514895,-0.0501974209783259,-0.198948314171619,-0.122376208295781,0.0314327340611563,0.319445497516161,0.0373973257651251
0.0475722866206966,0.14818523549614,0.292442254096745,0.145250006920422,0.0805365506751094,0.242336188502214,0,0.489479296190816,0.214397708934079,0.135776610238227,0.0553345494356683,0.17879806553638,-0.061093372156554,0.126199607169127,0.0151219933881145,0.521785453213748,0.32944432430398,0.457377127935688,0.102061852145071,-0.0770122538933736,0.334029159047789,0.242503423323493,0.207131012401276,0.492197429306148,0.201139677901542,0.263802962660286,0.0509873300232442,-0.082067498137233,0.095631860434777,0.174393448874197,-0.00254241387693684,0.146580400018998,-0.120197737656663,-0.297779203807477,-0.127018252865799,-0.0522944468691239,-0.392552630892597,-0.0920187318437398,-0.24630998462904,0.0773827370626656,-0.207568575885149,0.0204263425950953,-0.0499971412354317,-0.369634756434059,-0.155722574907899,-0.455559556433937,-0.395760922256874,-0.504022782781138,-0.201278996760523,-0.487131113330641,0.208363742083622,0.446827769475487,0.605587937025556,0.220237204330304,0.253470200047876,0.283947417557911,0.636211492692509,0.272064027079871,0.0711838643283071,0.0355123067025424,0.0386653322883455,-0.098453624882285,0.157698915373274,-0.0729212979697083,0.125000092838281,0.00396159565827221,0.442955771337145,0.188808701532381,0.0311089343297184,0.355363591241033,0.197703544769976,0.241126472894824,-0.0030384250564107,0.218114318096069,0.402430541357408,0.158949778019108,0.290540277745581,0.215125088105419,0.148862777013064,0.104511642752246,0.123357697574824,-0.423541776936603,0.0497791688346494,-0.0724892705539787,0.0340940700744413,-0.23304218514347,-0.253951925637901,-0.10750745270572,-0.145147386446671,-0.113700391355686,-0.235711738081541,0.0233318236686081,-0.138738888112835,0.08693081395122,0.185674683422974,-0.299252906964605,-0.430949892805119,-0.291906419257894,-0.169681052124822,-0.377041968342652
0.0263677941331276,0.388814381767161,0.525561346400381,0.190465663831289,0.375634635658885,0.576200897153899,0.489479296190816,0,0.620090636427869,-0.0113473749590562,0.00707876514195627,-0.062758464077493,-0.140370790606939,-0.0700890382184941,-0.0139019224325363,0.325748676505802,0.0204901870528977,0.380884486701682,-0.170770182859349,-0.0436233826553127,0.111712290537011,-0.00488907117914346,0.0337275754955892,0.0928155534929689,0.104981894089476,-0.0379909701302667,-0.0816843440399005,-0.142536124071548,0.0157530498071181,0.00929699698328591,0.00956479989676128,0.0909975962724787,0.0793410401508974,-0.197111604740672,-0.0732891740894178,0.296207292867929,-0.136339225610154,0.00750381556413876,-0.010010897391365,0.0326021854823623,-0.180492708179984,-0.00640279134987171,-6.80073364035402e-05,-0.171367161596377,0.0622848584689541,-0.259243279689671,-0.183330095925608,-0.229178736370925,-0.046530972313458,-0.262812932067386,0.0719439223822415,0.524765260763055,0.266334146982287,0.263617282128151,0.575985448448916,0.426379464968678,0.650300335488781,0.603353381316606,0.0397868955515428,0.00141433959020401,-0.0819878589413743,-0.178635572587161,0.107045865424682,-0.227982883942811,0.00688605225312906,-0.0537523463969085,0.0512477509995464,-0.0633903624231968,-0.0993465714389293,0.179417153597639,-0.0256696657959736,-0.0228047431465631,-0.159777150179139,0.0711696380387089,0.0488279460773581,-0.00627814861320945,0.190528913510227,-0.0149832452156649,0.124646530246081,0.124364285143182,-0.0996647841137941,-0.411289349650333,0.044916082513484,-0.121687961802971,-0.143509558218091,-0.260801307498009,-0.0716449567682592,-0.128243591061261,0.0102718040229329,-0.182916857656668,-0.00222568033886782,0.110844110351829,-0.00331042047324521,0.0754021304809539,0.0348284204317923,-0.173942681214365,-0.223328200986612,-0.240154342013308,-0.0296030743805159,-0.291803646270792
-0.0961658132189091,0.389235400848586,0.449373370457077,0.117472938040543,0.401464177410657,0.730467617672425,0.214397708934079,0.620090636427869,0,0.00351222186756005,0.0768187426670073,-0.00104804465801665,-0.0857447777570417,-0.0405315325180114,0.00991170497560096,0.149963632726424,-0.0126064267576475,0.0864399923611169,-0.142053074403031,-0.0545141804434234,0.00412444575861362,-0.0748290329811191,-0.0200523764689826,0.0806760281673798,0.0866319654363399,0.025288259680893,0.0276836574285699,-0.128743448197362,0.134310645422926,0.020261405328123,0.0538980168247301,0.0481779227378541,0.0414394281893312,-0.24571490793685,-0.0645340436997631,0.441423959634764,0.0283544846504246,0.122651491232503,0.0416666538641307,0.128262296106352,-0.115134492271609,0.00596988732170692,0.0869262255527606,0.00121690086346533,0.0285802636147616,-0.0860933842645404,-0.070653693563764,-0.151476266815289,0.158193831418102,-0.0865003431251205,-0.0759916931002631,0.340561643845834,0.0511788448447048,0.249428923684727,0.65130273773453,0.482169496248784,0.317589904589438,0.726257237670995,0.0438378224227642,0.104518121628027,0.0236524530317801,-0.0863497357778092,0.182540623790205,-0.160854347481959,0.0417251390297554,-0.000920364289807429,-0.0353790680726994,-0.0749694981906153,-0.243172949357049,-0.0941906798378709,-0.0406267735775765,-0.0791514074454836,-0.124826995067385,0.0616405384465542,0.0537384151118655,0.0494874895188879,0.184715763354237,0.013695153302965,0.0833907264395684,0.0655332133329404,-0.142636244930551,-0.360645960909098,-0.0364907795974735,-0.172709945447043,-0.0276744878043604,-0.302350002080519,0.0594326443451342,-0.140414332287139,0.117199688790742,-0.102848548184116,-0.0384063540611676,0.0886764898585275,0.0109664204020938,0.0713600593522099,0.0292796136686783,-0.0663042583339645,-0.0973898708064904,-0.0818819762886244,0.158487205415664,-0.123823904269589
-0.146860845922869,-0.247511997296371,-0.218577097425198,-0.194964980032483,-0.225025772803159,0.0118298913452004,0.135776610238227,-0.0113473749590562,0.00351222186756005,0,0.5390581909887,0.323303618747803,0.200558716302598,0.0716935375654828,-0.125478506628532,0.0495118747490312,0.245340827730476,-0.0258276430197018,0.16626071864898,-0.0384390725594377,0.036119594647745,0.249666036408094,-0.0281212173061886,0.266230211125355,0.642699840188071,0.412691590556625,0.24187269522863,0.306460035291684,0.310729241069351,0.0181880518874924,0.2754364402769,0.204147132564017,0.0952574910191935,-0.0197256768644392,0.0918341386140701,-0.123824456736093,0.0617686110279809,0.123234170910431,0.0303567439731005,0.268982630552174,-0.0514948857944373,0.0733742066653257,0.392454103133316,0.195130385505131,0.0474842533130473,-0.0620531149657516,-0.281325335609863,-0.0670642137332879,0.0799388840682605,-0.261202390157826,-0.0646015487829063,-0.0855607477824161,0.00298505020459135,-0.146346046751743,-0.0799356970340602,0.263280220659895,-0.0708898903005701,0.122805195836055,0.695492031204494,0.551466202355638,0.409198561382659,0.196159528713251,-0.0862635802460499,0.164926976970169,0.122678818759662,-0.0113182378532566,0.0217246661881243,0.24247024311667,0.109025131596766,-0.0134628243814197,0.0052644119897313,0.223065661507821,0.072115887537061,0.234439350052509,0.329789486372326,0.511887255456204,0.306896421293306,0.238940565912214,0.343297899651896,0.0970366625838187,-0.0114641809981448,0.0105222983682195,0.237765653717595,0.130862547505424,0.220241012552133,-0.181299621347497,0.078680612082913,0.330238478011516,-0.0504800528134754,-0.0201037808016905,-0.0552180766543185,0.367905107470412,0.114512975720756,0.393615937315871,0.333991711813834,0.096158548795136,-0.182068755981583,0.00482334238660896,0.123094305595107,-0.134790170695629
-0.248766807757656,-0.13983811167158,-0.202706579639808,-0.132874403770239,-0.266289646926078,-0.0196074039410176,0.0553345494356683,0.00707876514195627,0.0768187426670073,0.5390581909887,0,0.433760859983325,0.181988622249783,0.00862096585348862,-0.04800347811645,-0.0378316497481902,-0.0403395444089861,-0.106003164212092,0.0536713864122054,-0.0278712589331911,-0.0976841614450659,-0.0499332974741673,-0.182252506324769,0.198306318473425,0.406026387704174,0.439048516008164,-0.0592889522269001,0.115898041691679,0.16945963495472,-0.0675753687929738,0.182462286795067,0.248309374808137,0.184139048132457,-0.0972190857796478,-0.0793302303100887,0.168996407908577,0.211377845951463,0.343580581709262,0.154906614162727,0.342114709543584,0.0489931363723505,0.281302163214725,0.405286225282326,0.369623704201453,0.153585411932225,-0.104299789863925,-0.200587461673312,-0.0805403099964097,0.306489329379665,-0.149606758543822,-0.0536443184811559,0.00999929358945957,-0.0443267944863198,-0.07872007077418,-0.00878544191404949,0.178069695054639,-0.0399556995953435,0.181505195874955,0.587498182564974,0.670038727940617,0.589279964874411,0.230173281155241,-0.0400689116760828,0.0618522046405982,0.0813344226513692,-0.0301813754252507,-0.00298439124739697,0.170879564399347,-0.0225593939485407,-0.0761349370246805,-0.0459438687039804,0.0490570133552187,-0.181779061836404,0.294289667563497,0.237732094463099,0.432395610914844,0.187289034122601,0.0650356948058681,0.350057850046139,0.152344218242216,-0.0762700133053516,-0.0255985853110882,0.27362049314045,-0.0848664839377974,-0.0563786604003553,-0.17223681130979,0.260645427788229,0.29075336978159,0.269837493060082,0.106276855779962,0.118256449395849,0.341439188818244,0.306419761562409,0.374595404904251,0.402043710437716,0.341557531197222,-0.114451010163821,-0.0787010438629157,0.253996047934565,-0.0610939383126051
-0.37826228229175,-0.195777166574761,-0.105441058900642,-0.206471118227153,-0.323976715893848,-0.186001568452816,0.17879806553638,-0.062758464077493,-0.00104804465801665,0.323303618747803,0.433760859983325,0,0.317798654702393,0.279266468776754,0.202151056899107,0.0274644676099131,0.399547063175735,-0.0414763377715659,0.38777123463841,-0.150632986376088,0.258085443700586,0.0557687042471533,-0.019556107314294,0.527735024723723,0.231373417668224,0.671975952573214,0.112055527507339,0.252399838794801,0.0777030810217822,0.178329245557441,-0.0427197722355145,0.21717174394256,0.0965645733280956,-0.208535526131836,-0.0744916760310795,-0.0250306006732891,-0.123658037198971,0.162229581869977,-0.0963466056913555,0.274722103680459,-0.210234204572816,0.195829237056577,0.261601964522395,0.0809005961044001,0.0204612294580711,-0.312084906398273,-0.349706298947159,-0.344476767167849,0.0115854800445701,-0.478320549463526,-0.22527505796492,-0.166211222220479,0.0444062064622428,-0.2163898460976,-0.217809326698106,-0.0117048888472174,-0.125209094313261,0.0805776043611131,0.274010789221375,0.469853956988248,0.6697976338069,0.307528008091797,0.149184093124251,0.224986665833101,0.261914212452341,0.185820638621673,-0.0460670892422966,0.421705621552078,0.00487884645894891,-0.071571406855524,0.104969031526096,0.170796253624606,-0.0236391165593513,0.145905039274752,0.631442200579671,0.554999410799951,0.286525208527245,0.299488488779849,0.151240531471457,0.171958604656627,0.0943162108212035,-0.303301777323139,0.178339834636912,-0.0130168523429574,0.210404555212091,-0.239388526216159,-0.114144701024025,0.186618121151287,-0.0778683625762147,-0.219380863592075,-0.109883274476775,-0.0314125338174916,0.00916995168566426,0.175781267125739,0.366156601216743,0.0452522102564201,-0.247290802413002,-0.267565976421588,-0.0538293272074795,-0.41617636448621
-0.30044537553888,-0.283638832524561,-0.0980918071066926,-0.254770547952059,-0.32034184442996,-0.217950179071343,-0.061093372156554,-0.140370790606939,-0.0857447777570417,0.200558716302598,0.181988622249783,0.317798654702393,0,0.453365615610439,0.438656067378944,-0.214436384129822,0.402373178382606,-0.0134390400185829,0.424859134310598,0.0171456333039352,0.202420117822612,0.417746441552386,0.273738092199632,0.206537540087917,0.0767113498445747,0.311784320311817,0.207977781051192,0.420715163135174,0.221875026503575,0.342755059360376,0.158284916572239,0.123731474695452,-0.0780518338827418,0.116216361920656,0.32883611989019,-0.0856101321040333,0.026827501262946,-0.0271692662937091,-0.103649102844909,0.0882373093216571,-0.127241754983525,-0.08256883997521,0.336220875548263,0.136317322347233,0.305991801483775,0.0984374059210377,0.0934132372977688,0.0554783301087187,-0.0867736913273826,-0.0826295447783115,-0.189154344076195,-0.187620441787758,-0.0649106350475433,-0.165342114646673,-0.257244710055375,-0.0594516147863671,-0.0551401939454096,0.10308025854877,0.0781697242541635,0.238889881404943,0.34537860471928,0.775472910317072,0.401551650879528,0.448640233145202,0.413753644743286,0.476221913512795,-0.0893674471392279,0.491268278397497,0.151061454895639,-0.0144481987616861,0.328653142440412,0.38455330207271,0.257522819024986,0.00885525117724182,0.322316587645722,0.139003416938359,0.329315138234692,0.391727680724124,0.203942205559045,0.105511864993572,0.110329574806013,-0.0627407894857727,0.147320390682551,0.222777759320484,0.2169352009382,0.100771441032771,-0.0465565455424978,0.285489363917102,-0.0726868196664504,-0.0976556288974602,-0.268279749666327,-0.126860726200872,-0.126632733597871,0.0893371150412137,0.288643543938859,0.048005233973653,0.0307964649391294,0.105398012688125,-0.0713075538338735,-0.12463443766479
2.77245097869558e-05,-0.115762165720931,0.0160252909119854,-0.0613000898570248,-0.119967923753622,-0.13384229300326,0.126199607169127,-0.0700890382184941,-0.0405315325180114,0.0716935375654828,0.00862096585348862,0.279266468776754,0.453365615610439,0,0.663616630823696,0.0587954283664469,0.498259404582878,0.103682493385579,0.679081211045085,0.0799473169842107,0.587618474135235,0.348645432072655,0.562633461282642,0.267031470939712,0.0591153771005735,0.251290527967833,0.225219460202057,0.261163504739247,0.284740622933759,0.600320748118405,-0.13780856576119,0.240195417291936,-0.0648472775578916,-0.0312385346915098,0.195691407154562,-0.0989229196179042,-0.112176118263366,-0.090153978988836,-0.221425672770728,-0.0731942872943653,-0.362227449193827,-0.00722539454282239,0.193816763935147,-0.117364560756825,-0.0518273891749039,-0.014405011033322,0.138964847772989,-0.0355882761832006,-0.11457843484006,-0.0971362584973894,-0.0213793443878057,-0.0332422946427828,0.134155965840076,-0.0669610081709312,-0.160834088388319,0.0342056783308098,-0.00871535786713283,0.0882736591242146,-0.0871460942536757,0.00882161451032008,0.108223585819682,0.289359839365805,0.325844359766841,0.469788971950182,0.676631060371797,0.681013879289747,-0.0478665534078727,0.502883460374498,0.17410270473674,0.081346402106469,0.538914072974719,0.278084696886076,0.513468904231793,-0.0851252659582004,0.311829782944299,0.0218583460444584,0.276189485293521,0.542904560633016,-0.0730652015461669,0.0210108190212273,-0.0276793827099122,-0.353901532406373,0.00325832302460017,0.0431278745566528,0.296096847127412,0.122878024898476,-0.0821706250264781,-0.0578739693748949,-0.11938390442453,-0.1979967981627,-0.432547892769862,-0.215410810795801,-0.188869596292811,0.0676282000263712,0.131481083745165,-0.21631790021434,-0.0568528590308612,0.187887656054037,-0.0947019843142437,-0.0789223612070793
-0.23885839124097,0.0198047146425607,-0.0176650422298511,0.0328119324896897,-0.0250089886151222,-0.199373196560806,0.0151219933881145,-0.0139019224325363,0.00991170497560096,-0.125478506628532,-0.04800347811645,0.202151056899107,0.438656067378944,0.663616630823696,0,-0.00603499942863966,0.378374325538281,0.00799680906600952,0.479142403444079,0.0824519636491085,0.510392753349052,0.215192994892245,0.482229247403987,0.118049037967611,-0.148595158020761,0.146028551088676,0.101561230083627,0.38256162921337,0.335716755453025,0.617423220420194,-0.198476797531115,0.219575958206371,0.102500165935794,-0.00119054039613998,0.0822476847906473,-0.027364875995148,0.0464703159686995,-0.0358577678674827,-0.176473866954027,-0.105100719792604,-0.2758117914218,-0.124546725209685,0.155399695672124,0.0476984525689896,0.0831311874730992,0.0434870548596261,0.137661851437075,0.00614372253421848,-0.220261022684433,-0.0668875214155805,-0.194078757293655,-0.106200426736007,0.0340637852090988,0.0607858051012561,-0.180192688582033,-0.212791722920371,0.0159838761094778,0.0393443716566764,-0.219089911463228,-0.00268710982180368,0.114064507917612,0.274055216397431,0.389940499698495,0.311744252863564,0.669415477971834,0.811211304029361,-0.198712524610423,0.395107278099708,0.0705536855717439,0.0467235804160709,0.511871142474198,0.152373285353928,0.415049751435038,-0.189578162564805,0.24410822627632,-0.00547285068963456,0.335551224520643,0.478952877184717,-0.162348688351687,0.0709875782030341,-0.0432625437418264,-0.333077062718998,0.0551014593306929,-0.00822283519626703,0.220152996649609,0.0878041406564344,-0.0287773489455109,-0.0059963716231173,-0.121547870963595,-0.351236659679434,-0.292160918589258,-0.340200870331747,-0.203187511120278,-0.0689559886701818,-0.00679906101704194,-0.0721004640010874,0.0027967627059901,0.151394189063089,-0.183605497305087,-0.124878286110892
0.126787926511497,0.332622634522324,0.10035918232042,0.453138227733786,0.253739518572837,0.107666315197107,0.521785453213748,0.325748676505802,0.149963632726424,0.0495118747490312,-0.0378316497481902,0.0274644676099131,-0.214436384129822,0.0587954283664469,-0.00603499942863966,0,0.0872242339268993,0.214882521948093,0.0633809830034297,-0.00369992009587842,0.247120344182517,0.184036278693849,0.108817301755939,0.0308899792083783,0.178278786591379,0.0336700372435057,-0.0266366767894394,-0.0420530030190959,0.167202412259524,0.139255075972545,-0.199441998099981,0.0759624449243439,0.167293626192136,-0.0969897831901396,-0.0108434196603452,-0.126926031877021,-0.000647128303501372,-0.150968955986329,-0.0382092533116107,0.0656938251277037,-0.268033252846477,0.17135405297333,-0.00895220722277309,-0.180651142532075,-0.160070688072908,-0.254812351774047,-0.213630802919734,-0.186639560234681,-0.181221807534722,-0.271573545017231,0.330246016505244,0.467862438177547,0.631871369661122,0.390870780564286,0.231657628220954,0.230554318065221,0.406985190593069,0.0657999227309161,0.0961468544052223,0.127524060117435,0.0345459739698209,-0.225879254497592,0.0183797584253552,-0.063527777551067,0.187641360577888,-0.0261184861361966,0.414036154396342,0.194393523902776,0.200429020404906,0.257873668598736,0.128985925778777,0.178618061696682,0.150534522031294,0.218746919891582,0.176325211801237,0.231459048902907,0.126353535153617,0.147312522393202,-0.141386650071019,-0.0983202575863291,-0.200645581862845,-0.425718645789322,0.055623336320259,0.0708232619669091,0.0215385543129038,-0.00388109249528915,0.0381747967256005,-0.10318643338964,-0.150423445325712,-0.00892285203238349,0.033825147585653,0.128923318186793,0.00586355670596923,0.0532346779460363,-0.0663093928149678,-0.186883208576983,-0.240742095561328,0.003654209425466,-0.0566843237934905,-0.146676449429472
-0.184181748063084,-0.145143803829218,-0.00673148280039281,-0.207953901085569,-0.144791034241321,-0.139104720377219,0.32944432430398,0.0204901870528977,-0.0126064267576475,0.245340827730476,-0.0403395444089861,0.399547063175735,0.402373178382606,0.498259404582878,0.378374325538281,0.0872242339268993,0,0.323849051440858,0.642447226802254,0.116156830944895,0.628345777688383,0.519695149874266,0.424378160762832,0.552978312721756,0.0695674632185871,0.444810946593189,0.420058525296987,0.460976251589432,0.231609093164901,0.480468091917801,-0.103662634161414,0.0427175187079644,-0.14429099426156,0.0547528807738493,0.178081788382213,-0.214554777837474,-0.370542068380361,-0.213928194086731,-0.44347491826819,-0.0941269043940408,-0.245912029921599,-0.216473815297515,0.0786137500769746,-0.179625826482412,0.0251052063099473,-0.153443602714935,-0.23309281801279,-0.253325803003043,-0.301056729741712,-0.412692300134318,-0.0698813693419675,-0.114647489970916,0.156273022977479,-0.148343288917463,-0.181263969802827,-0.0566289835402078,0.0824783436575244,0.117722379493362,-0.00184988326722502,0.00196801641785995,0.0915582485556202,0.241194899891935,0.228921537099779,0.31013884583933,0.415607218661671,0.413621667008899,-0.0221257967433284,0.528908841780644,0.171316142018575,0.227286287948576,0.4752847453477,0.338967760077552,0.362632944767502,-0.134906726315745,0.571487982745566,0.163995238749236,0.459206585773162,0.499086207993572,0.0220180587970789,0.0838966388105273,0.241814280897975,-0.254798217533678,0.120963985656189,0.175220394219084,0.430305719132542,-0.0909346683832641,-0.383600486813321,0.159667166058074,-0.270982455746183,-0.341669492190946,-0.490667568153231,-0.297233083308464,-0.417539955728933,0.0156361082216248,0.1474184492351,-0.304644620229098,-0.265744634112171,-0.108009566747727,-0.324853782664297,-0.406203344611443
0.121456250775728,-0.0072079945387125,0.187484013552081,-0.150723674225429,0.0334186839117809,0.125777770301971,0.457377127935688,0.380884486701682,0.0864399923611169,-0.0258276430197018,-0.106003164212092,-0.0414763377715659,-0.0134390400185829,0.103682493385579,0.00799680906600952,0.214882521948093,0.323849051440858,0,0.146253041169304,0.438545236065517,0.499950125709215,0.388497251620241,0.358288799243844,0.263161928592055,-0.116357280312725,0.0473619449285382,0.032651045027156,-0.0274158916573619,-0.127820055070488,0.0954825042851702,0.0309572748349394,-0.029903177703595,-0.0436428593212921,0.357749233620588,0.315446833376081,0.156800179202611,-0.363698948819253,-0.208273410433441,-0.366099188549327,-0.188553006944298,0.0695980225237619,-0.189789140993073,-0.114435747121187,-0.298679016573385,0.17483868406054,-0.274812316404595,-0.0820787901878877,-0.0210754085061904,-0.0351652903474764,-0.232931299786304,0.180434370881376,0.155555627590797,0.311284472704243,-0.0499703390896007,0.0672877435128115,0.050470697277938,0.427121021898008,0.198984585151362,-0.16868021252566,-0.292980313867981,-0.244757375365414,-0.125384307283315,0.0513325192770768,-0.184748717820279,0.0469330320922456,0.0160329296904276,0.131909619993393,0.0806509007548482,0.252689356982649,0.689644248169601,0.380496569056697,0.262774121817294,0.105439044329465,-0.235090627715956,0.0608653540724689,-0.282998636206759,0.115220514870704,0.0841354827351614,0.215773047740711,0.0556092620423534,0.0746998660946896,-0.134013239965078,0.211231275338019,0.132203295816596,-0.0929335199905464,0.14089247643339,-0.240541319911316,-0.0804522128895681,0.0686962659455054,-0.211544697124476,-0.257115712934604,-0.26482379469154,-0.310249151684713,0.0320466837145558,0.0473358331000177,-0.307746886043196,-0.369081318651465,-0.166367932785952,-0.138807754624346,-0.298824036755196
-0.142127384336281,-0.206304021293834,-0.159974003003116,-0.158937301393061,-0.22623694388868,-0.301626381329199,0.102061852145071,-0.170770182859349,-0.142053074403031,0.16626071864898,0.0536713864122054,0.38777123463841,0.424859134310598,0.679081211045085,0.479142403444079,0.0633809830034297,0.642447226802254,0.146253041169304,0,0.0677180814427561,0.559075421864618,0.34257689743765,0.356574362790096,0.274099439629045,0.0581182062483154,0.296616758772955,0.265001266619862,0.432359939951916,0.273346620920028,0.452400886721815,-0.152605262324811,0.105251687650938,-0.00709872602814194,0.12183235097903,0.201190342690108,-0.181250734614858,-0.108133853936431,-0.0970646343564841,-0.215146548784047,-0.00638066755886401,-0.316726110376596,-0.0563372806647341,0.190112312927854,-0.0080756643246248,-0.00739998614410563,-0.0345675888759558,-0.0859288775717119,-0.100347246046673,-0.230857128497898,-0.215141634653152,-0.0606005792175477,-0.143651682737028,0.151960232182311,-0.182284354218648,-0.306071466288963,-0.0789889835684164,-0.115788875844672,0.0270352971020387,0.0507239691743353,0.0577431749563768,0.167373886626111,0.30929718654305,0.159190084430659,0.454904487378534,0.564573158147966,0.511532738085373,-0.12392798326082,0.639870959719872,0.281098187776731,0.108974937075478,0.505962435121895,0.292192424768204,0.422500061130839,-0.0957417591391556,0.39294565264817,0.122735982337831,0.369173973602019,0.444614637697775,-0.0257809236873934,0.0749327262589746,0.0366082128019378,-0.244903740566641,0.181658709569481,0.196069549535168,0.360956102991681,0.07004751712775,-0.135402922845389,0.165461674658932,-0.203055395951287,-0.227849187733726,-0.27308309014236,-0.180133103038299,-0.151722520945616,0.108797114309151,0.166216704105158,-0.13248425671231,-0.0853982741600639,0.0436257161835664,-0.217832922433916,-0.19712846894482
0.181712844448115,0.0253140604089241,-0.113267357512911,-0.0273481859772166,0.143240150370039,0.027840215758447,-0.0770122538933736,-0.0436233826553127,-0.0545141804434234,-0.0384390725594377,-0.0278712589331911,-0.150632986376088,0.0171456333039352,0.0799473169842107,0.0824519636491085,-0.00369992009587842,0.116156830944895,0.438545236065517,0.0677180814427561,0,0.372989901393371,0.24180985115325,0.365375979643371,-0.101207143212203,-0.148932762846422,-0.0806646268633364,0.0695583204299701,0.0484734926787019,0.157733627266866,0.136978934609232,-0.100097595536441,-0.00253696778971844,0.0677142919033233,0.518982843343416,0.308622494164611,0.24111833931634,0.0482983012810056,-0.130707697816374,-0.25970423921034,-0.246165389496719,0.398089806043775,-0.156948195001271,-0.119204810525771,-0.00895657764816782,0.157142143167597,0.00483441106565834,0.216927258814807,0.470282459850664,0.415107009110983,0.227253621783754,0.12286278361613,-0.125423625692733,-0.092606229673319,0.0890243176294788,-0.00901930401306451,-0.111442545263283,-0.0649987136394851,-0.0867645931250995,-0.123178007441779,-0.16919959901945,-0.228109265550586,-0.101011098278531,-0.108723486554571,-0.185173461924416,-0.00418660132034245,0.0471658371005124,0.0760129972070737,-0.107605695151819,0.0541587110333547,0.433932866900011,0.337946597944285,0.00254890547873218,0.200962235657778,-0.302776459300057,-0.241777603801047,-0.274743968561142,0.00967190389494324,0.0335505109740183,-0.0482413516848372,-0.0920607106890876,-0.158292900644567,0.169493955074163,0.108760838342107,0.012396280616447,-0.0814281047360185,0.271407469428142,0.128747218622648,-0.0971325374256162,0.435655580670477,-0.00648238950798604,-0.0842540831336063,-0.19573644994117,-0.259401656859705,-0.0803415885305425,-0.243211974961521,-0.0501077204322637,-0.137345717011781,0.321753784524083,0.343675653099594,0.206932641591086
0.0275037497074192,-0.029700539002411,0.0828115985265174,-0.0684780420561101,0.00130010377843764,-0.0534870089622995,0.334029159047789,0.111712290537011,0.00412444575861362,0.036119594647745,-0.0976841614450659,0.258085443700586,0.202420117822612,0.587618474135235,0.510392753349052,0.247120344182517,0.628345777688383,0.499950125709215,0.559075421864618,0.372989901393371,0,0.429077691599081,0.624453428341602,0.373679310644438,-0.00215337176841579,0.308861479389846,0.287004247063401,0.241091005386758,0.241171365857242,0.565069933170669,-0.217919461414674,0.17227871575179,0.0171022640277371,0.159645569442876,0.202173745335591,-0.0701836293186006,-0.266885906243978,-0.20077938670549,-0.374893244582423,-0.162693859688031,-0.269476883430839,-0.0413936008592096,0.050311784978461,-0.285450398962047,-0.00825408876407512,-0.223034106862773,-0.0213978399944313,-0.092291027976996,-0.171332637818551,-0.331245379194969,-0.0841448884695105,0.0165135906588443,0.275332890937679,-0.0698851116901728,-0.108491168245899,0.0212004518423238,0.0938976631310942,0.0698439729119769,-0.175233232639977,-0.12648925440347,-0.0144066886709401,0.0221878739928435,0.159718726852421,0.158639116051636,0.532700343561004,0.493022029560779,0.00672599647945072,0.387051711379944,0.314627225701446,0.471900260324864,0.709439122782558,0.259796842452646,0.501152758823685,-0.224557389379346,0.319322103227785,0.0427539241532322,0.3028260466612,0.454112952435391,-0.107824050370589,-0.00369618120016648,0.106656741937648,-0.377954834028571,0.0645728913264105,0.0892124377937525,0.304149657031533,0.160986457382989,-0.213744753206887,-0.0829174259616188,-0.155685368670504,-0.365712005541511,-0.370152132860187,-0.38546066540639,-0.323766231265577,-0.0698341894381108,0.0230939224146536,-0.388675040346345,-0.278099145227853,0.0286416996111058,-0.185650924857482,-0.342728885164529
