0,0.0746034279389848,0.324542764497517,-0.203668559867592,-0.0396050893364033,0.19435714340233,0.0189682321267843,-0.047288011846082,0.034070969991093,0.168810861084134,0.143629945629954,-0.00192536584579969,0.0358962814994861,-0.176940259682903,-0.160456153080572,0.123856185861538,-0.010765818057613,-0.0300805531374378,-0.0626388472379591,-0.0566307694530785,-0.0611259761204061,-0.0375916823783556,-0.19711103786473,0.0426758783944301,0.163038025133192,-0.0975242346978523,-0.155777124650761,-0.00655946454347232,0.0935068178926722,-0.140032664396376,0.202129628021035,0.0755019330881845,-0.147679276397697,-0.0193727216926731,-0.108770360479422,0.0953423305229868,0.251408354792763,0.325517362149044,-0.00215728574551579,-0.00443076046787469,0.145305288313778,0.110545166242456,-0.102765973029328,0.1568356329749,-0.0928220350790099,-0.142595823271083,-0.204991228907831,-0.178791812094563,0.228772341602121,0.0948266795629308,0.52379336895988,0.0556402056449159,0.0178387130041952,-0.0706659327501312,0.105322014358201,0.189386815772856,-0.0878912047583991,-0.0761892677707477,0.280693391928464,0.0524670503451763,-0.136122240454639,0.00555320703948517,-0.0922686279697292,-0.079113877208512,-0.183962116858887,-0.163672991669704,0.053759993881652,-0.0623947360721932,-0.193305497510285,-0.169338918793165,-0.14171290283835,-0.0723396566642719,-0.214940812134523,-0.108524074836069,0.0560161607157427,0.0618447883885824,0.115229507906709,-0.184652847151857,0.138839927447591,0.00617550451919469,-0.15098169166025,-0.0859141761436416,-0.0540210670316291,-0.188613864263594,-0.176417962376391,-0.240007092079619,0.178824238727262,0.0277152656070635,-0.0624651595133134,0.0167054308582934,0.122551419266777,0.0449158160175059,0.0611943603455913,0.141082651131989,0.00490557531751935,0.069769286209718,-0.118220461097219,-0.148389148834412,0.114763384614914,0.0183751914865416
0.0746034279389848,0,0.665864158279588,0.54412472734354,0.727762323282714,0.627634759593245,0.296144088475346,0.747543212080844,0.684707633193241,0.112122776521461,0.248589213749412,0.266314915440593,0.102895189382396,-0.107516042028194,-0.139875553297764,0.429782470912735,0.138121452749412,0.454198119189217,0.0265528772791424,-0.0643471367450651,-0.108356758942894,0.317796160473478,-0.0284442163724585,0.132175176995007,0.156502830273229,0.233888363882197,-0.138438836390055,0.10819103259629,0.116007082998495,-0.136632435711766,-0.0886190243773606,-0.263753788807685,-0.274139413446736,0.13059020685412,0.113952098019697,0.141567363130911,0.156571303601396,0.0449915080066748,0.00116099939810699,0.15637829614774,0.0591931595700893,0.108912855567843,0.194337206328496,0.0134231701996287,0.059744069902994,-0.0876071997162679,-0.234225673683533,-0.156102930319225,0.316798313798304,0.100190492979965,0.140066210624828,0.799699674933692,0.407517015287248,0.344528155528459,0.751342330599391,0.533773338247477,0.659158905861909,0.669017223660592,0.19049716049335,0.24545204608293,0.116786138839127,0.0419430018941919,-0.089336427841576,-0.0873990958020383,-0.0651851344802038,-0.195300294111532,0.22049544896254,0.10142084842523,0.0363621298222307,0.378010031876696,-0.102106238096631,0.165853136694764,-0.0582717353327077,0.22808577436838,-0.0235674726113558,0.169395003047164,0.154851015163534,-0.154640566389198,-0.0675015516752025,-0.338387231481704,-0.143846707507181,-0.0604259447974536,0.147649838349959,0.090918206699514,-0.0445747286301423,-0.157221848494121,0.150363855970041,-0.0588480273328422,0.277026369486108,-0.121571745891993,-0.139783020981393,0.203830982304106,0.0361952589980415,0.0697088606309619,0.178702220263191,-0.0105750758653336,-0.0172292696091794,-0.0578183405549398,0.431876120186655,0.0672408752430983
0.324542764497517,0.665864158279588,0,0.156129329872005,0.507212728837652,0.765995181486854,0.247276373899808,0.594918191681671,0.675017353704351,0.222385992470344,0.354593363730847,0.289360793805349,0.212714434176987,-0.177415421951446,-0.203080389036353,0.169992169077708,0.229816765679076,0.448482540139208,0.136849548702089,-0.0112740404193277,-0.0314285685326159,0.290264240606829,-0.143780353773022,0.174664943001645,0.383284514119344,0.314733509492537,-0.231566038450678,0.188001571076824,0.264781919434532,-0.150386238139916,-0.0516381004155519,-0.199554426827555,-0.44539379170818,0.175149223169297,0.0208993640617838,0.227760349217495,0.226457153674589,0.254337811566126,-0.0508710083416555,0.183914515893061,0.0983669809253979,0.24488769231506,0.222152200654871,0.151093974478649,-0.0586739122237062,-0.212458052343885,-0.340188835511832,-0.250897739015626,0.542635773433887,0.176214105465263,0.369340105477191,0.693514978909587,0.149458956917677,0.056930058029736,0.744444991587383,0.742737576298083,0.53828540017659,0.578134188774691,0.352794901541823,0.33088442431528,0.120729190595063,0.0442939427101783,-0.153555577977376,-0.144357936074718,-0.203151817999004,-0.291032442787727,0.1754981088531,0.0029748312068512,-0.0811836616537455,0.251043116638973,-0.163034843580815,-0.038318126902491,-0.204316424138941,0.100849895862279,0.0313145495952854,0.267182296100332,0.261132053042535,-0.175182079751882,-0.113723667489646,-0.394219813063411,-0.156696301884143,-0.0890492945543555,0.00615913806933085,-0.159848277433567,-0.185949096005643,-0.367786862397868,0.179207884610931,0.0435299163705264,0.262834146294196,-0.0452968496996303,-0.068362249592396,0.26237170433468,-0.0113012632189105,0.119136365496673,0.0611519463489021,-0.0256139673822187,-0.137608819802728,-0.167676530650792,0.513882356956709,0.0632387756326254
-0.203668559867592,0.54412472734354,0.156129329872005,0,0.669651888532946,0.232036058578223,0.256630092640139,0.562694056926732,0.323552702022387,-0.135037084959731,-0.0890323881884953,-0.00491208788796622,-0.042669189475251,0.0539143131936805,0.0671315118513548,0.600621354415911,0.00695664380707339,0.252419346511678,-0.0539868963176143,-0.0426607461999114,-0.0728428356670646,0.222516697144633,0.241897217484626,-0.102312242442923,-0.129865104072881,0.0428545132122041,-0.0198164874347166,-0.0361408457289323,-0.0371798542054827,0.126946735365575,-0.156238837153954,-0.0637346769528193,0.107096664317178,0.0591816518715346,0.114573721743753,-0.189376388064845,-0.133522038068489,-0.0925802705335045,0.124192296778992,0.0147625716658258,-0.123456800397958,-0.0699206586367578,0.0870600722528762,-0.165042193642834,0.120426325848089,0.110248992354888,0.0512596213497115,0.105280373633087,-0.0666555323127632,-0.0562166596103984,0.051780282858289,0.473271900619006,0.425878297179843,0.381273856030643,0.437148028875119,0.15232489694802,0.433362716442397,0.430021134032449,-0.134912953390804,0.0341103966519272,0.101691783153246,0.00680656699677248,0.066683909479042,0.109993509565224,0.185306115730553,0.0960235418246569,-0.0419807403207421,0.155821457951511,0.248230769334511,0.363566023241271,0.0791410584632302,0.275899737152413,0.223395033120276,0.109815889704448,-0.131794133003182,-0.0673288740114118,-0.00227820431753994,0.0316669507867466,-0.0133016138676976,-0.0511054839481578,-0.0505856361943094,-0.0572921592135446,0.206485233537557,0.245795782650291,0.106365954316801,0.171715273620817,-0.0594039222236202,-0.212119598253497,0.125019971652517,-0.226446947782208,-0.194890115686125,-0.00321483838235002,-0.00931412400824854,0.0223653742915404,0.0900341273944129,-0.0444537128530593,0.116659732065616,0.151271489135938,0.20586689675647,0.0609492807883218
-0.0396050893364033,0.727762323282714,0.507212728837652,0.669651888532946,0,0.542980618926308,0.252410528439589,0.690625100099414,0.617275883394385,0.0515517404894046,0.165440704971461,0.186161392786846,0.141290649285795,0.0580575628664826,0.0522800585768343,0.422587378885262,0.129252817210355,0.40003447392856,0.0687704216840151,-0.0090988067542672,0.019025273915086,0.298012288719185,0.171526548984047,0.0444146114011773,0.00733941416776059,0.199121040706078,-0.0475158804366671,0.121946117073479,0.124786744940659,0.0850097489082036,-0.132852701263785,-0.19804791322778,-0.128916350048058,0.0846208588546796,0.129804104119982,0.049016862498163,0.106884718170179,-0.0136488206288292,0.0170024341198542,0.0557709739119496,-0.00176349304966032,0.0482843765871443,0.155717138217481,-0.00892583546367214,0.109200259611845,0.0278925796098255,-0.0851759678844871,0.0147040470900293,0.232215595459364,0.0610252766052603,0.11545428672386,0.667400581059852,0.458856892804264,0.3768545033156,0.721916299719792,0.451250404952876,0.599620737024393,0.626277002097305,0.0747028790182443,0.208358964280295,0.131093428990418,0.129522654515633,0.057890720902402,0.128654708161244,0.128305308742683,0.0239471214684225,0.158588019241268,0.186022968542174,0.159095306620066,0.39183173679523,0.0699548984250654,0.215098411362004,0.133819370038002,0.151420912466086,-0.0672603759060935,0.0643809248550191,0.200440553372522,0.0114938575165534,-0.0963295275016242,-0.194953661133324,-0.0650821007366752,-0.0709123111975412,0.187463451641893,0.139414279044923,0.0746130384426469,0.0298814583084855,0.107850013845243,-0.108137077815864,0.251886826299756,-0.146093167793965,-0.159959310225559,0.0667540423301827,0.0171443877545831,0.0361835696080485,0.134676682173093,-0.0485555814020977,0.0781724090579131,0.131562456344374,0.404411929903871,0.058308752415546
0.19435714340233,0.627634759593245,0.765995181486854,0.232036058578223,0.542980618926308,0,0.147856233820165,0.578052443097998,0.795821173088756,0.274441315351105,0.387532982153218,0.277870816413469,0.257466480916329,-0.0106337829600426,-0.0935090212001244,0.0998550199956112,0.31209028638839,0.471020713982392,0.219855128301435,0.0460249495548237,0.0685623182372321,0.365977668659007,-0.0617109068106044,0.185615673064269,0.367976217028939,0.312495137375961,-0.232218381714983,0.171185761573149,0.286422207273425,-0.0445695674205163,0.0993507513006378,-0.213867113033382,-0.35939606935062,0.206410677401753,0.0859280995928017,0.352962614706561,0.274442175552458,0.158290664752972,-0.10676587387533,0.0706387510868569,0.028879608108539,0.197108506171348,0.234194301016115,0.0278853844172328,-0.0492445041982564,-0.224866428748437,-0.26475477904451,-0.250149016848692,0.580271624385782,0.257915059166654,0.213797302225007,0.570905403943503,0.129233414063282,0.0383803882045678,0.829143612566758,0.826193277650721,0.501710296270217,0.667640733224755,0.386124200180974,0.363367462451184,0.0839267990250448,0.0995834828315883,-0.00390865444628723,-0.0102091125933659,-0.113236872491293,-0.228603453059835,0.128775113887941,0.0760449255607247,0.0535592820914273,0.323553691042878,-0.0525725965504004,0.0394017339619679,-0.148348212955442,0.0506110784340036,0.00434344247715642,0.189639297460869,0.237236270626564,-0.175427486216816,0.0605476646305152,-0.321034491879681,-0.0522245382688415,-0.0727510789964369,-0.0346047386496926,-0.117821262936845,-0.191603672738167,-0.306030181415758,0.19351078984416,-0.0308240922907681,0.376584861456788,-0.0539146110386891,-0.00574953909219497,0.257352737587264,-0.0683153803067394,0.176174531867983,0.0671343893106862,-0.115919613584764,-0.175235912499196,-0.171707720865282,0.590927270899237,0.112699001065486
0.0189682321267843,0.296144088475346,0.247276373899808,0.256630092640139,0.252410528439589,0.147856233820165,0,0.396220744066513,0.152528998952975,0.285035431481502,0.326406338769283,0.286741508587155,0.362332033262923,0.00613812531339479,0.0607568687956709,0.353573495437558,0.120696431913065,0.128985149283681,0.0804314313470884,0.2137191019076,0.0072946871643122,0.31662235626144,0.0977474354368298,0.330522568651319,0.204719617345126,0.311418780794107,0.0574100368567114,0.28837079504217,0.231176732558725,0.148232648914428,-0.176946884765405,-0.0664315639283961,-0.150270935057174,0.0138687764356036,0.111829260636173,0.0643797120347556,0.113649648253365,0.396072047675124,0.541996211190711,0.555435020062046,0.31836565975118,0.158860167855297,0.323112081621765,0.17392943301605,0.16929356343196,0.240120243528856,0.0498651257377012,0.121626245148597,0.246323941204795,0.269643088552018,0.0631299928450162,0.418963403583055,0.310076902210799,-0.0482437139027821,0.176762979239134,0.172878280675127,0.269296436839126,0.235349290822545,0.204801038945993,0.25202025938421,0.254237435899668,0.280795881011615,0.084079189433051,0.0879376936633265,0.0217810528005337,0.103227822933956,0.417745364463222,0.196947817541179,0.0552037383200568,0.145061119776919,0.0798622340692983,0.146081650965311,0.214094417716198,0.598673359444977,0.116304084984413,0.260311447440313,0.229888828066117,0.0770436425619099,-0.199627102017024,-0.264671965128015,-0.047211609288186,0.241198834335461,0.148576726975008,0.0618089570473666,0.141433269137163,0.0993531768238584,0.0552170022875652,0.00855651986024487,0.249683315549614,0.177019151659013,-0.259378286082341,0.272280680227569,0.454717264207735,0.185534518050217,0.323511491036401,0.200877868724937,0.283963617129756,0.207037025146339,0.288961671288143,0.351441682761395
-0.047288011846082,0.747543212080844,0.594918191681671,0.562694056926732,0.690625100099414,0.578052443097998,0.396220744066513,0,0.689023364403751,0.05633322633478,0.219725759545268,0.288063747244283,0.129446717669623,-0.0269190066092518,-0.0863623111361908,0.394140630284316,0.235043855108835,0.582284751660574,0.164912477281363,0.0454960799945025,0.0213434434863661,0.354660091571958,0.0804352134733197,0.1823936306906,0.202248894835757,0.319387744643633,-0.0802492611049649,0.179224761837742,0.149050012280179,-0.00890338968579116,-0.202162820764336,-0.234660658719636,-0.20467983842138,0.232059800635329,0.121125307861836,0.106186080223641,0.0192570044301177,0.144316574945229,0.0645191551517584,0.13682169993751,0.0811171930640907,0.164503211750333,0.267363724104281,0.0847843709343548,0.133066266097157,0.0125328301257458,-0.158652114951932,-0.0250057943451319,0.258830961260637,-0.00301545440315007,0.107942887193704,0.75977793806251,0.33596640491193,0.188239799163659,0.690632665530668,0.496952704900812,0.755913757945904,0.708869394036297,0.106460814671005,0.186718028459311,0.198954022981685,0.00889186778332279,-0.0922949394568711,-0.0475716965846394,0.000150715204215367,-0.137654362753176,0.189235861922832,0.13348844001786,0.106359685406375,0.495536283571437,-0.0257211584773307,0.161250523549879,0.0917344279771909,0.237825978844447,-0.0114898133972204,0.219498982495513,0.163346308541132,-0.0480904931721901,-0.177408756695663,-0.265053510853227,-0.0454458982361317,-0.0476754123332955,0.228481426263638,0.122200487610912,0.0512138031543426,-0.0857438899126307,0.0384802278256764,0.0108628524156282,0.247604712820929,-0.119116565898011,-0.146633265192874,0.182748385134279,-0.0470945853672493,0.00892628331302929,0.226591693243021,0.0223107702502425,0.0775611900027911,0.0782876440001758,0.380677419978376,-0.0218601050580052
0.034070969991093,0.684707633193241,0.675017353704351,0.323552702022387,0.617275883394385,0.795821173088756,0.152528998952975,0.689023364403751,0,0.169776999303869,0.337891748751639,0.297319628314133,0.16745286907864,-0.00150765740003017,-0.0944407265828416,0.129906250313611,0.298127013017129,0.566725562344499,0.20670435598978,0.0567742271154579,0.0594961262049674,0.365183504435548,-0.0246773773706782,0.272701911085781,0.224465828346182,0.27516326545836,-0.173965034126896,0.154303527524857,0.150558499239482,-0.0232592761479941,0.0151510711753378,-0.268527646754709,-0.313883092786645,0.301031287106427,0.0776722752261892,0.387005975740787,0.214423874644444,0.0325845094848509,-0.118480440687786,0.0372039917035782,0.159593383459769,0.151719814753622,0.221918141185106,-0.00808078288819958,-0.041446385764538,-0.131555490095803,-0.2283209460679,-0.151547005214343,0.431820084442155,0.145588344737792,0.0892976110803835,0.595931440105493,0.202751450014969,0.145384459963228,0.821572916792387,0.691907988824016,0.668995302657294,0.795639541099303,0.248622830348282,0.294521068324892,0.106453755295049,0.0624780227704525,-0.0277908711259703,-0.0385424015064413,-0.0568165492659166,-0.199705887437996,0.29337543080998,0.0795667128430614,0.0856048528208509,0.452655263692657,-0.0268359937889837,0.117510067873523,-0.0888879218471576,0.159620118430342,0.0675613833645367,0.190872724655758,0.186543944400311,-0.115231932002448,-0.0385188449939289,-0.300543866435368,0.0215388570607636,0.0297315298892756,0.0161745116409025,0.00516757621748161,-0.0922362262085065,-0.197811128036497,0.176695823096674,0.0313312499741816,0.405199327901958,0.0189066995643463,-0.0489401041681115,0.208312138908615,-0.0325978624422215,0.0308803011542517,0.0999895301135725,-0.123702443607494,-0.073150189402423,-0.105858589439141,0.505056900842048,0.0124844009408241
0.168810861084134,0.112122776521461,0.222385992470344,-0.135037084959731,0.0515517404894046,0.274441315351105,0.285035431481502,0.05633322633478,0.169776999303869,0,0.441154015846972,0.308071545053192,0.36318021794619,0.0162753932368639,0.103822428108147,0.0165902461776698,0.170506265804846,0.0219133940959177,0.107706518789744,-0.0224659120139539,-0.0649202213127039,0.214862412112955,0.0129655592224824,0.285090738723316,0.339992692812994,0.178305765583289,0.101975880207091,0.2896884130122,0.305183163247759,0.106946341984575,0.184736194070905,-0.105727043404195,-0.0958787876796638,0.0363214486733905,0.19478849552654,0.211089911698253,0.347793355799329,0.219245277635944,0.248399312743526,0.324923220014119,0.194832373970475,0.147679970059415,0.147834568227946,0.21004683285861,0.17864346365973,0.10238586453607,0.00200330286590642,0.00363329427415544,0.271897812024391,0.288507052406601,-0.0172617864265655,0.110291264814212,0.167603613518371,-0.178636768097852,0.144371156058325,0.211391793845059,0.0233645591753159,0.0580139350250318,0.4892154382765,0.383474737269243,0.0680301932250508,0.365586650608436,0.308044184976623,0.217018578791318,0.0240663904156151,0.0958411273839816,0.276592884167802,0.20649717815987,0.0136753578575691,-0.0819966281506369,0.0364364434562842,0.238769983319624,0.0403610287055747,0.355646555948697,0.223025665974909,0.195168985397399,0.307670486662981,0.132775245575241,0.131820998702183,-0.0657001326735091,0.0480690914599172,0.0371880955172527,0.0939846241466514,0.0977256461597711,0.121516941566791,0.0732691179285215,0.258192403790813,0.156985982346282,0.167777236591166,0.141475452164059,0.0338318543448931,0.393039971713605,0.471991914275184,0.21477170891373,0.250991305391837,0.203229681301231,0.168835364852847,0.110159661555468,0.186678398685214,0.220619013216189
0.143629945629954,0.248589213749412,0.354593363730847,-0.0890323881884953,0.165440704971461,0.387532982153218,0.326406338769283,0.219725759545268,0.337891748751639,0.441154015846972,0,0.674280736941994,0.661535112560232,0.333503482215165,0.289690664613439,0.00633744860130745,0.47496420977812,0.299204357282434,0.476694417361211,0.205084112337963,0.258577553520403,0.499253563245359,0.232736409833548,0.553010535764093,0.400972157308565,0.585009176558159,0.12909993198625,0.47931819137086,0.417649269984756,0.314394412805492,-0.114657883407558,-0.129660525863118,-0.235052005301114,0.245400880442427,0.335008638441747,0.37485194240364,0.458390136439998,0.294707362549245,0.183643939371332,0.35078335434051,0.385394695481462,0.254002418916437,0.500664946894648,0.340609552350534,0.149038280000324,0.211306959765382,0.133622968749073,0.126800105386065,0.473780911267564,0.37725013231097,-0.0803791884661457,0.217838655958556,0.0582705487143866,-0.135835469674465,0.302130967106064,0.391432378857192,0.162557990185147,0.247631342205991,0.370235854661987,0.646038676716578,0.481274393029265,0.570525655599108,0.313764991973311,0.310552605455288,0.151730677361321,0.233956548406325,0.272943367799697,0.449098510394327,0.177828394144647,0.200045526786518,0.166270264797232,0.30887606492248,0.125721275441416,0.36690418722401,0.418727284480567,0.513009873246498,0.479328548478014,0.237706302511508,-0.268075925601664,-0.284559225679319,0.201500010019864,0.238052731782295,0.00435307343460751,0.120980699430572,0.139888149613077,0.0516996530576385,0.44715339484579,0.311936477191436,0.373565725620111,0.320063247851383,-0.0336538389576633,0.221665347349298,0.275010325212761,0.204496237336531,0.495747440533329,0.234394673758075,0.24061684664495,0.200121388615232,0.37980057107446,0.262064481611901
-0.00192536584579969,0.266314915440593,0.289360793805349,-0.00491208788796622,0.186161392786846,0.277870816413469,0.286741508587155,0.288063747244283,0.297319628314133,0.308071545053192,0.674280736941994,0,0.606998430987614,0.341059419235453,0.296787127838278,0.0452306140622777,0.53219072833281,0.366619006991315,0.502979848508235,0.269227730279142,0.336977229431657,0.544768111753997,0.273999326659928,0.559500252540677,0.429474438218989,0.671630411241326,0.184945798246641,0.491009866605295,0.491923600744639,0.23867693094628,-0.194650425115474,-0.178781320334562,-0.333918989619575,0.317243833436939,0.353250720203574,0.299741344320042,0.389953793915388,0.292156111596844,0.199250473893917,0.386276355931995,0.379436777688344,0.396849367397528,0.605525666856583,0.380629642591226,0.243489371953925,0.310750107307203,0.123515298938168,0.226267472808377,0.452471357971584,0.382781856622121,-0.197267617840843,0.300510772828809,0.0499808887900076,-0.0472234163855294,0.26278584202577,0.315413342715398,0.273866483698222,0.291917980713224,0.244245342701314,0.59176650965412,0.570867716890265,0.48059887840107,0.215662358803058,0.258731186440224,0.229487357663939,0.20979828692746,0.259312788137829,0.493817630238405,0.308462257141221,0.316586256974382,0.223811458322887,0.294624566172558,0.243061788953293,0.41248320141816,0.397606314882393,0.593313306543072,0.475975413385232,0.228211265789915,-0.383389266276505,-0.401946052380084,0.0996039020396902,0.273313467967142,0.14393622564776,0.230999704863912,0.281891590323302,0.148821302770538,0.364808196028899,0.302894075242153,0.35840031378612,0.208105092643662,-0.17994403703531,0.289402224805791,0.190574325858048,0.210832696595298,0.490706304127935,0.291950997293135,0.350831875972973,0.309149577171817,0.39370147565391,0.270294584918327
0.0358962814994861,0.102895189382396,0.212714434176987,-0.042669189475251,0.141290649285795,0.257466480916329,0.362332033262923,0.129446717669623,0.16745286907864,0.36318021794619,0.661535112560232,0.606998430987614,0,0.393808431653802,0.332546096208715,-0.00891777093554226,0.50706567437338,0.143055925144862,0.492044153333719,0.227388608911489,0.3427697345518,0.553564163637911,0.247801243233481,0.416017733016819,0.321223984745663,0.592025523727715,0.163141508187446,0.498441745306411,0.464094803759449,0.320712730159952,-0.13689788503189,-0.0157846643651029,-0.177614781613407,0.111814215859569,0.31804279301867,0.198754003353382,0.383729515372505,0.333952184036595,0.214840387744958,0.34431258623074,0.267743784888852,0.21767444999035,0.571711741558573,0.327598650168153,0.202685907571051,0.260418303980516,0.156666931781247,0.189033265545099,0.408570925417371,0.410400313931553,-0.126245789266068,0.167419485548875,0.094271736202315,-0.0644495554523688,0.189180241719096,0.287298319857799,0.0985754948143373,0.168332129348438,0.311269884180706,0.658746593219026,0.508186103254623,0.673049301804704,0.288978301057435,0.281568300501283,0.147127518159648,0.262915902543245,0.236461266284087,0.413161450626378,0.196102833642834,0.136304796869684,0.210430686197138,0.245920970039022,0.195172067338094,0.365028863717243,0.305626509277722,0.476759691786644,0.474232845549815,0.25571230147336,-0.253348952525769,-0.193652898219441,0.0825161288959173,0.246262306886771,0.0591288807210216,0.10843617867073,0.200011436838504,0.111083617799555,0.31348508470696,0.201037313109029,0.295288068548816,0.248793516677196,-0.112620258903539,0.235204775643442,0.276426605802286,0.256708881543522,0.432936533388846,0.225310673099812,0.301242604851041,0.277688640876224,0.342074880385577,0.319207517786399
-0.176940259682903,-0.107516042028194,-0.177415421951446,0.0539143131936805,0.0580575628664826,-0.0106337829600426,0.00613812531339479,-0.0269190066092518,-0.00150765740003017,0.0162753932368639,0.333503482215165,0.341059419235453,0.393808431653802,0,0.799707737178923,-0.0473067967722623,0.370368559789866,0.181951640256582,0.550815627419352,0.386989995117617,0.655518458029835,0.409036633509182,0.731072104116722,0.190335984129953,0.049622260563142,0.377029535360078,0.439801000810791,0.38583106655449,0.369152393994321,0.548444787082508,-0.184431396236068,0.043312560464126,0.129280096331415,0.120024330262929,0.437553492782294,0.247850894346464,0.223462371621949,-0.00639499474843011,-0.0800908514917279,-0.003120573472119,0.0584565295589071,0.00856708326585203,0.227071635838845,0.0390211770636125,0.0917382758841391,0.42473976083279,0.572432706114253,0.48216770377585,0.115599249904387,0.250099820952862,-0.184039838733957,-0.140809432940781,0.0126235125774075,-0.0404898639724664,-0.0422405330681764,0.0103289943265982,-0.0746867317869556,0.0169722301255955,-0.0834854934410403,0.343251913467998,0.433204261937968,0.355277057134127,0.52326502592171,0.660982605335923,0.689384107786075,0.643126917423573,-0.120870640049933,0.595739252913932,0.478957279933912,0.303797219784376,0.666578830317076,0.400190678442987,0.46027027211731,0.0822680977400367,0.198980657469683,0.191093111699046,0.433247406051626,0.452577103092898,-0.241913528621698,0.0240217933616907,0.212528075750785,0.0621387646130309,-0.0526627054632756,0.301604480980508,0.38990222493514,0.486544228241953,0.25604589058118,0.140612412338657,0.321055837262432,0.0202491462945921,0.0375440564385776,-0.0751830512961559,-0.0449737811690729,0.0416375938256632,0.244555401108722,0.0448728619858332,0.367231567082765,0.440685125760813,0.122280498451387,0.229738130526051
-0.160456153080572,-0.139875553297764,-0.203080389036353,0.0671315118513548,0.0522800585768343,-0.0935090212001244,0.0607568687956709,-0.0863623111361908,-0.0944407265828416,0.103822428108147,0.289690664613439,0.296787127838278,0.332546096208715,0.799707737178923,0,0.0866803024033183,0.185791384425714,0.154292908130834,0.406801292721758,0.4489588972699,0.591227476941732,0.307846952720154,0.747519881182648,0.139436371153144,0.022445598513895,0.325207285036971,0.5134041086039,0.386042442205378,0.44960363121667,0.517931663984081,-0.254061221172131,-0.0053484828517018,0.18058991980929,0.0804609384434782,0.460257187398169,0.222687959213067,0.258177449071388,-0.0656858709344767,-0.000741843732961049,0.105471045161741,0.0561863596657667,-0.0329466286928452,0.146270146307704,0.113159189302657,0.162514598858871,0.484912079663517,0.598157854460892,0.52079816469754,0.126966192515715,0.282128536467906,-0.142666992176369,-0.135035451021504,0.0768042218051192,0.0177760895248371,-0.108558216902443,-0.0559737644713127,-0.144133418525307,-0.0697953387550393,-0.0643695681916816,0.337235233238692,0.454543999906787,0.390471050438639,0.629464174890236,0.745959624540509,0.786929106481193,0.791290830189819,-0.130992235504449,0.573658918777072,0.570263913594676,0.312951510841787,0.759394972092534,0.43173122791742,0.514885919451098,0.145993953391356,0.227273469034456,0.20117349901137,0.4953543172323,0.494210771650382,-0.291750183744753,0.0150874379819615,0.215500190702212,0.0443152049912834,0.036026325204168,0.35764484308087,0.481236427217281,0.580723998942838,0.295977654269143,0.126641232014835,0.358624702452521,0.00897486027592432,-0.0195974949743834,-0.0739253833197172,0.0886534443041374,0.0486771182298913,0.219274410757558,0.140234929612011,0.444735829152607,0.524135834647632,0.149409606727599,0.297525387570504
0.123856185861538,0.429782470912735,0.169992169077708,0.600621354415911,0.422587378885262,0.0998550199956112,0.353573495437558,0.394140630284316,0.129906250313611,0.0165902461776698,0.00633744860130745,0.0452306140622777,-0.00891777093554226,-0.0473067967722623,0.0866803024033183,0,-0.102453931145744,0.226591459198566,-0.145431551894824,-0.0163078869176561,-0.158110924117756,0.148238534994283,0.169883565684162,-0.00841957916667737,-0.00966197777996335,0.03562242285547,0.0333379481864256,0.0851281129613504,0.0210951283648844,0.0471116932796916,-0.136434076548745,-0.0471495188589408,0.130190042209802,0.110950124430237,0.134204468282533,-0.158599363839181,-0.0271988306343563,0.0658711077541752,0.284414008038118,0.19547679949271,0.0395567055377071,0.00386544344724883,0.0419274615180209,0.0488771184190035,0.0671938680361903,0.139183938763514,0.0522129558568335,0.0927929391259921,-0.00878405367956816,0.0039634414880046,0.246143200504277,0.426002724620698,0.487390465250361,0.274866489649056,0.236953842121697,0.0449177892390411,0.260360252388944,0.194944856053943,-0.0914594878932485,0.0814315968010469,0.165867477746264,0.119154897978562,0.110854937417167,0.110560060629758,0.169386651533747,0.147014703745019,-0.00150849060706536,0.121290927710431,0.196720532917829,0.266483594616103,0.0417531337158503,0.26302674336771,0.170144095267231,0.221616471766202,0.0676060117530713,0.0667074529857396,0.0614568627617662,0.0523868829472722,-0.104390344818017,-0.070204219845714,0.00927146508337763,0.00371597901248367,0.188128446353467,0.238279943778083,0.133237840140153,0.140359286622558,0.063016607042169,-0.0420713704075296,0.0945021395387393,-0.125767596678454,-0.145239250562009,0.0244992497874898,0.189373070500708,-0.0529672556050092,0.18572886141963,0.132649469445627,0.178395734641497,0.149604275276638,0.131946276021222,0.138179494258751
-0.010765818057613,0.138121452749412,0.229816765679076,0.00695664380707339,0.129252817210355,0.31209028638839,0.120696431913065,0.235043855108835,0.298127013017129,0.170506265804846,0.47496420977812,0.53219072833281,0.50706567437338,0.370368559789866,0.185791384425714,-0.102453931145744,0,0.456761852820631,0.746147005525271,0.318572605062134,0.431118117200176,0.591371067017948,0.229293682594827,0.506461047100865,0.462905252330143,0.542092092822435,0.0232769426954882,0.361853869187774,0.430444071808694,0.254590703573027,0.0024095316212077,-0.0293196185920317,-0.190024886083867,0.492461838399073,0.198990891477497,0.305714198753619,0.22717723982769,0.232713449616131,-0.0744490226614355,0.116570834309228,0.249271283329951,0.337381802486285,0.594185287818072,0.27458029076182,0.0776768085584171,0.0964261987222459,0.0215532870910507,0.141071908430415,0.347488997838059,0.303278361790736,-0.104764995502317,0.0970710278298264,-0.105075857593597,-0.144975692349072,0.254986990320752,0.348097927681435,0.213527604484509,0.234852903081262,0.29810520661664,0.448784247531381,0.381798061535287,0.205993247104131,0.060401369957604,0.131334126131136,0.135553922735467,0.0437810924668839,0.0637904773669366,0.425631881768397,0.3407661606618,0.359736187081833,0.201644075808136,0.222224743290094,0.162054061433834,0.173481680450983,0.283572190116865,0.396480512567535,0.335408959777813,0.122316759453456,-0.11624223544659,-0.227547453603819,0.181669979788465,0.207787285092209,0.0842346254199613,0.113782386942149,0.0982539890353884,-0.00488459427692009,0.21548158901933,0.197369721377203,0.343258179623739,0.199589921996308,0.0230216267329709,0.230986091975895,-0.105422790605264,0.0769076992784613,0.347177052195014,0.155399155716425,0.11449340777221,0.168007072238824,0.250025969782939,0.132052145438469
-0.0300805531374378,0.454198119189217,0.448482540139208,0.252419346511678,0.40003447392856,0.471020713982392,0.128985149283681,0.582284751660574,0.566725562344499,0.0219133940959177,0.299204357282434,0.366619006991315,0.143055925144862,0.181951640256582,0.154292908130834,0.226591459198566,0.456761852820631,0,0.483360461533786,0.433142887171855,0.357771323445287,0.362059536665738,0.201916280186264,0.383441098371239,0.251736410928759,0.371091778749006,-0.0281805085196455,0.269200576852833,0.34843906341027,0.0511015408913428,-0.194293592740757,-0.250058651847714,-0.200375273667396,0.643771751514104,0.142452632291955,0.453817892185905,0.185378063569284,-0.0504918954961993,-0.145709985150285,0.0868583309894797,0.274043451802502,0.234192415452986,0.272022282841489,0.197030895478019,-0.0189927837308434,0.0115460593642506,-0.0669569863070743,0.0481951829054214,0.403055249574145,0.160334919845582,0.10996946824298,0.429845250740494,0.093064299287301,0.0742939847331245,0.506381145631636,0.427577011634087,0.512894380097138,0.503608644828479,0.102271453377984,0.293366839696674,0.346697539364585,-0.0172861032848627,-0.00591989342954247,0.0866355321311579,0.206697389589552,0.0275332070877298,0.110705369160856,0.210914347920121,0.416493726262007,0.75330934458539,0.266748140888528,0.140860685689097,0.108405274150664,0.183798868416195,0.187498030105454,0.302332669870977,0.312021804802424,0.041740986343205,-0.270052839489565,-0.317302642055261,0.135380343606289,0.178064434061989,0.0733589205103741,0.0917787748709061,0.0800272888737457,-0.0373301311095428,0.262524172991715,0.102765746276088,0.555264923208904,0.0941496902717819,-0.061535327477793,0.144859974140888,-0.116518450499843,-0.112964477256028,0.17122522476843,-0.02282722464057,0.0630091524057893,0.104886906087854,0.38574672750745,0.0733966570145201
-0.0626388472379591,0.0265528772791424,0.136849548702089,-0.0539868963176143,0.0687704216840151,0.219855128301435,0.0804314313470884,0.164912477281363,0.20670435598978,0.107706518789744,0.476694417361211,0.502979848508235,0.492044153333719,0.550815627419352,0.406801292721758,-0.145431551894824,0.746147005525271,0.483360461533786,0,0.482710197736145,0.626633575081359,0.50401810471795,0.374958655234543,0.427670379000342,0.340370050222747,0.499746129902436,0.123997860544772,0.395429832727731,0.503280718186845,0.336914308857714,-0.0927001380813036,-0.00758568572065861,-0.129589837608635,0.457462140524455,0.272806290262527,0.38470949537377,0.292130535276939,0.198929178437818,-0.120990450173791,0.0501107567012265,0.259747530209977,0.271601714047995,0.453639211001935,0.244402756728874,0.0774975694112598,0.170836188538839,0.171534571773306,0.240201028566106,0.333425836175326,0.266265058773677,-0.104489504956896,0.012681059139217,-0.101999752223447,-0.129845151454282,0.142307867442485,0.255258744233999,0.0956885792598043,0.136387006508477,0.19932716364268,0.416630180167632,0.413515993079432,0.217683364976374,0.14156720535782,0.281596677111304,0.311493482575352,0.244920807364028,0.0149493094105214,0.460504572974272,0.398229104582225,0.420270373881488,0.411852429789853,0.170178713732727,0.255838831762131,0.144301103762617,0.287509883984409,0.336306727372788,0.469589247098472,0.212341021819848,-0.225918176222228,-0.205772576991377,0.193014304079169,0.234628843244632,0.00937808764149908,0.0753969255156149,0.16199146061775,0.103955895238849,0.328317869888574,0.177235997898282,0.392495187877744,0.222864541455993,0.0515094971964795,0.11876721873675,-0.0936684035624507,0.0190415676632476,0.277057345082507,0.114708951491925,0.173681536876486,0.221847015886869,0.212874406221913,0.112373734840803
-0.0566307694530785,-0.0643471367450651,-0.0112740404193277,-0.0426607461999114,-0.0090988067542672,0.0460249495548237,0.2137191019076,0.0454960799945025,0.0567742271154579,-0.0224659120139539,0.205084112337963,0.269227730279142,0.227388608911489,0.386989995117617,0.4489588972699,-0.0163078869176561,0.318572605062134,0.433142887171855,0.482710197736145,0,0.679091764890179,0.265104950167536,0.257462290277332,0.329215427610192,0.175908903751304,0.340551068628416,0.0597328983763811,0.273461788959798,0.551976573001922,0.154623435942673,-0.169847452303149,-0.0567018863331276,-0.0357699602754982,0.312564234053395,0.0858681797586495,0.469598492061828,0.266397734724688,0.0858247557156446,0.00973219716912132,0.196611042536682,0.2636811035468,0.236260026536002,0.310632042805155,0.258229048599091,0.00371885097403522,0.168384135263744,0.105733473094152,0.158225034220923,0.369838662033868,0.420882694406459,-0.057866931654149,0.0042173155132798,-0.0711797095006556,-0.100806682782086,0.0102494198439782,0.1600101589175,0.0333655234106112,0.0972796076286195,0.115509780164834,0.18768503057179,0.344026306569788,0.0310560702841289,0.0957784543301625,0.247100032240421,0.364753434759758,0.275037068899361,0.10004241074639,0.266974309093919,0.536606781755354,0.560217110025259,0.631759079967408,0.0256217998452891,0.207901351219454,0.241251565431066,0.121244401045079,0.23973246411917,0.370766299919961,0.0554363900407662,-0.287668499824075,-0.230577663662656,0.104495787079869,0.322306582250632,-0.0400720685066294,-0.00590109456434099,0.117639043114511,0.130700266029921,0.224409800394058,-0.0176976999830401,0.619006295011643,0.222509387327273,-0.0099588917874895,0.118976106848093,0.111450465228158,0.0813084365394442,0.183287730266571,0.0657995310026459,0.175066730570848,0.219130981444956,0.305318410860433,0.390562258059672
-0.0611259761204061,-0.108356758942894,-0.0314285685326159,-0.0728428356670646,0.019025273915086,0.0685623182372321,0.0072946871643122,0.0213434434863661,0.0594961262049674,-0.0649202213127039,0.258577553520403,0.336977229431657,0.3427697345518,0.655518458029835,0.591227476941732,-0.158110924117756,0.431118117200176,0.357771323445287,0.626633575081359,0.679091764890179,0,0.295212909295596,0.414711567907402,0.221864092161666,0.153898293508172,0.369317304474573,0.116702056993726,0.266834617543953,0.501499798465215,0.276648073527245,-0.113445278576313,-0.00772993271272899,-0.0361442025866692,0.225896745714436,0.107267308840743,0.364892834679571,0.21597137325128,0.0768474543499281,-0.130606223565125,-0.00218461759162909,0.141371689669407,0.170861135522016,0.269230290896726,0.113595979300159,-0.0470257466190026,0.205845184915763,0.174237618192906,0.236043654010526,0.286730312272829,0.309636021027321,-0.128445038174449,-0.0668738987064036,-0.0862432566052029,-0.0863017710919107,0.0175573560567286,0.147607262665105,0.0314295420057707,0.0915043028001774,0.0266538144132321,0.228709792351516,0.344435189148373,0.124230298240948,0.151658277164106,0.335900756294783,0.471868931547274,0.339434885663534,-0.0576165745810719,0.393281268856679,0.446168752149546,0.471115172107837,0.707125461537652,0.0379670014165943,0.244729369083958,0.0436470634943296,0.0656511543881566,0.196137534141437,0.424203294025546,0.127188602654869,-0.225227248292604,-0.11924329235811,0.0785186017284975,0.150935357959643,-0.0950108004155706,-0.0202554043890183,0.149720014662183,0.16265215223778,0.186423188826867,0.0273745065367869,0.39523196993567,0.0816531857057172,0.061983012131248,-0.00541067417942091,-0.10526131641027,0.0793692634071364,0.146069453277824,-0.0207427497561658,0.181520410988548,0.265549847718435,0.225933493758758,0.216353662697263
