0,0.106480518490535,0.401297704173876,-0.237070626965404,-0.0468878560003023,0.170878240275613,-0.124330626149277,0.0610741965046613,0.0232599194877507,0.0277610840782733,-0.19449707755254,-0.175975115669804,-0.293510905434736,-0.428949646274502,-0.49778743106821,0.0980183082184632,-0.250531603248442,-0.143284003735831,-0.133464821199381,-0.241646999319319,-0.250976296787409,-0.349826797102549,-0.504595630180119,-0.257223815453598,0.260227309917403,-0.170345399458138,-0.456036804547498,-0.343748858979329,-0.246086438792037,-0.496337357307859,0.175243383675827,0.300228427872191,-0.0302916540323628,-0.24340454650154,-0.325114350074338,0.00530677470669158,-0.245623465958642,0.466048130647111,0.0125258382350278,-0.17330950765697,-0.139829933248251,0.0507027924670483,-0.0923164377285,-0.106322971934791,-0.309485070609584,-0.453642410346441,-0.385695752586546,-0.403195992694682,0.3151556496198,-0.0137330186751032,0.667820457486811,0.380197644053515,-0.0216992959768042,-0.179754109645381,0.230129627533401,0.303212151433754,0.062172897338633,-0.0202041764918143,-0.046199697680313,-0.196896555412323,-0.068392118529149,-0.223650143732396,-0.37554836251841,-0.379909727227349,-0.394373722656734,-0.509336454201077,-0.0820581542224842,-0.184269777336835,-0.280421365470531,-0.177067511344034,-0.35923319999891,-0.320282503939831,-0.440691236213341,-0.169875010254685,-0.270558328550466,-0.11927174495184,-0.222609025960031,-0.456413242552699,0.0747615846249126,0.212022801166777,-0.224822503401063,-0.166075721132952,-0.141810075969254,-0.305844053872529,-0.430574558825384,-0.432604265795987,-0.296030332647136,-0.289503732980702,-0.198326859442881,-0.131115220389767,0.186879559537487,0.300351779826913,-0.101894297881278,-0.0447148438541262,-0.0762893730816206,-0.178066101326151,-0.462703528965974,-0.353923670763625,0.309828137317901,0.052320983727083
0.106480518490535,0,0.49175438927,0.551180604783169,0.496412000449944,0.160847725880331,0.174421147509023,0.650508368079295,0.341240477181016,-0.397665449931728,-0.327685437222857,-0.478315915430966,-0.214826057233445,-0.128042287673272,-0.247054410001064,0.512334850588824,-0.0195393057537728,0.540107613605101,0.0721393970027514,-0.0135049545287134,0.267011629945026,-0.085671288306227,-0.00668314444344667,-0.230468120915141,-0.24800082257969,-0.25710017165242,-0.169999087228865,-0.485852296829337,-0.363410305734283,-0.239609696849479,-0.224652634799193,0.0143677542594132,0.000210249545513614,-0.00832899405461892,-0.0955409594749105,0.076689295055078,-0.408369182555694,0.00892823045763469,-0.203442491230466,-0.159262778856553,-0.0707168950153421,-0.369202613884289,-0.0787675271479828,-0.339767795057033,-0.084942799162351,-0.140003834827914,-0.0267413169723916,-0.168496353027295,0.0196972131513605,-0.122169184189299,0.332081449768042,0.703435272783553,0.500461376008986,0.64841759525631,0.47575315143879,0.307560293842431,0.70235562479488,0.489954370513859,-0.428257455083728,-0.297499590767024,-0.256454429015417,-0.225139212562074,-0.337231494959492,-0.248635496943373,-0.112043001442466,-0.296079598713615,-0.0739915166893837,-0.0401629582124023,0.0483176535659171,0.468571369207807,0.0373801143103219,-0.045545782246791,-0.125728700351478,-0.0623318193697539,-0.372098033002044,-0.310174956606476,-0.322144704822109,-0.262349508504316,0.0620698855113434,-0.0583896115110163,-0.195633337570958,-0.364901481880607,-0.357837686116683,0.082529388647585,-0.141429866358277,-0.126032175873356,-0.308767773495077,-0.332892477527864,-0.0736907771541927,-0.407740777112954,0.0213758819294122,-0.0639180383175773,-0.117805802087838,-0.287875583586142,-0.159519284275418,-0.150602219532354,-0.218094358591904,-0.216223086675609,0.0399731206404305,-0.0710861919028471
0.401297704173876,0.49175438927,0,-0.0687599782156952,0.0759360155532237,0.603350130933153,0.161832101453749,0.551863614768632,0.540319095878153,-0.0922816185492803,-0.0555256339507905,-0.174800633034788,-0.153504101550839,-0.161881665086933,-0.254906854659926,0.2789862747774,0.0601466453309977,0.29634760791681,0.211444356944662,-0.00771170813483298,0.226839577636644,-0.182284688369473,-0.229044478460575,-0.0575063639054442,0.118666338465986,-0.0824685223415298,-0.195814485804485,-0.39695210748791,-0.137040410695224,-0.388079055554151,-0.00413197603495223,-0.0474953503830265,-0.264928007434653,-0.183656445463335,-0.137404833998926,0.345059026422682,-0.193999378614825,0.257943102403889,-0.185890640862826,-0.0756636928367575,0.026873296935486,-0.174760740107228,0.0565321166206197,-0.157995579836386,-0.192724501289666,-0.209077709252523,-0.130867383921265,-0.321167673721775,0.480502986285412,0.167198711726678,0.403252248181174,0.729540057726778,0.182219206651024,0.0501053358302707,0.686542559607698,0.733817746751782,0.471740904368403,0.54803506177668,-0.149747448203906,-0.135852411033949,-0.107616423967212,-0.109460715673313,-0.258229200870613,-0.151428603570508,-0.143951824007892,-0.309834981328798,-0.0606712727091694,0.0687232856905342,-0.183169196877547,0.247860453144154,0.0398571358806205,-0.144975494833424,-0.256832404250765,-0.00934364208600944,-0.246093168541945,-0.103876046173631,-0.152878307274008,-0.336018130709158,0.120096459379845,-0.114247002950708,-0.243070230242037,-0.297168383176121,-0.19717472223678,-0.0859338130556406,-0.155601511266807,-0.372149485166082,-0.173931094863942,-0.236835237829225,0.0173755557447079,-0.282500597538205,-0.165365858536872,0.192115897527678,-0.0517632173127935,-0.0314317464406291,-0.0289760050345658,-0.0679127530123614,-0.278147905266708,-0.258433214782114,0.436683280941457,0.211706697408948
-0.237070626965404,0.551180604783169,-0.0687599782156952,0,0.549859966926478,-0.21936864698408,0.109727099429862,0.354969740952814,0.112539394097978,-0.411166041359768,-0.334320381285292,-0.414426227527952,-0.0689153678748958,0.136712723570319,0.111498437038539,0.319041088721154,-0.0251685677103134,0.422870597046037,0.0211460171382568,0.0859833688380003,0.247544290187665,0.128501162042714,0.295859423028605,-0.249680297399358,-0.466909801723209,-0.271329193971205,0.10885150437974,-0.191765904547324,-0.157981385867107,0.0941147664310528,-0.347447893321981,0.062013816720485,0.284864301765747,0.157679919036863,0.0736718145278288,-0.0254936559721671,-0.251103837634025,-0.328943694018183,-0.0719256164354213,-0.160807947211045,-0.0649245295459154,-0.327959999900126,-0.190801328555146,-0.180350097972263,0.22328781374512,0.167378120045295,0.233126992870638,0.235849665568963,-0.312888181856556,-0.257982703378634,-0.0716734773730296,0.178688942636848,0.362111242911178,0.806061011322277,0.00726119034809354,-0.183764519839272,0.431003700263512,0.212397756952994,-0.459252025807811,-0.222076139064498,-0.2661070283845,-0.140113880518596,-0.0701137566996078,-0.0576121642628433,0.116739707810421,0.0914894946517702,-0.128237716819396,-0.11115135545298,0.16819184191122,0.29499481467779,0.103983897497744,0.0617203772887004,0.068277632947689,-0.161321255486568,-0.285544487627054,-0.341093072068544,-0.101929178219874,0.0172802658267649,-0.0812564320238343,0.0352964862263309,-0.0708046346364728,-0.208873480454545,-0.267147878063667,0.16172900284694,0.0703369924366698,0.200687569589558,-0.15942820285116,-0.0827977190767742,-0.0398648019460661,-0.304157054902047,0.0503135496517527,-0.350944800780779,-0.130531225607431,-0.27137763630037,-0.237021835999643,-0.0457087265520543,0.138054498774513,0.121535205274376,-0.3162770968286,-0.260210570495851
-0.0468878560003023,0.496412000449944,0.0759360155532237,0.549859966926478,0,-0.0543398837173632,-0.0840654764382325,0.242992493354283,0.0779985380424696,-0.354881379544297,-0.348302752095383,-0.319050009000787,-0.0618822412807144,0.118279093263083,0.00116463255504913,0.227846355290765,0.0225715944446526,0.343580107214686,0.102432464932767,0.079311001227355,0.213478842107655,0.00356058203463441,0.0720636195990741,-0.255977649343396,-0.347899249742951,-0.345123159836912,-0.0537962072741683,-0.313153355133945,-0.189554328523251,-0.122655133461648,-0.186103464292631,-0.0791549142908334,0.155776720376444,0.145250176588234,-0.00888119364145077,-0.0608550564638024,-0.319750696474712,-0.301019915954043,-0.138616614163061,-0.209455199348884,-0.075709957422949,-0.39813756973023,-0.208629964138603,-0.26034475931484,-0.106916478122156,4.11022961456046e-05,0.0632418443900291,0.0487226580927198,-0.211171702962602,-0.168845530697375,0.080516449820504,0.19924807344231,0.323081763232305,0.643000056642751,0.249879105312579,-0.053223564879712,0.321666805687318,0.125875933037045,-0.395589079180394,-0.304678623629157,-0.214224537599448,-0.172037880831104,-0.155437870604296,-0.0280007210260738,0.135102764269214,-0.0272119931668462,-0.19451457156855,-0.00760808246894439,0.2594101326087,0.221806489638359,0.0566165146722236,-0.0985958929733947,-0.0967598550428002,-0.181733849965087,-0.234983475679838,-0.412295337274309,-0.178631221188743,-0.242388397874362,0.0924526069845679,-0.0792977303158899,-0.0279508454894472,-0.205762674838084,-0.181867431928338,0.0102799334402904,-0.128225523799234,0.00173166175033725,-0.231116383898556,-0.307312991869062,-0.0876449509547711,-0.323566512800074,0.128495897741057,-0.345693206428258,-0.223072465818922,-0.423659660292929,-0.274151258672039,-0.153686073964851,-0.0580922837472341,-0.106607110584706,-0.226815667037134,-0.170757226186216
0.170878240275613,0.160847725880331,0.603350130933153,-0.21936864698408,-0.0543398837173632,0,0.270898534090335,0.399082871001508,0.676264680080156,0.161516798300389,0.0969809662900164,0.0149562609582552,-0.145205445045525,-0.070788839470799,-0.155836497374871,0.16264714889359,0.0743863126560531,0.122294332599507,0.173616227130196,0.0989547566370766,0.129924444718313,-0.132288560745866,-0.17662300773656,0.0674544355798036,0.104653849910195,-0.0942768551999265,-0.0807226670444343,-0.241897073783873,0.0445528982915469,-0.227918547149216,-0.0293301682489863,-0.078284766221741,-0.202762194132372,-0.185469488203664,-0.0891461998155572,0.412672452850279,0.0869957986961571,0.311055225466584,0.163507806237876,0.189408328608314,0.0391562687780763,-0.0657845301185002,0.0586544882779371,-0.222068369917124,-0.220111292621635,-0.165434798103035,-0.0713232172147515,-0.217123190364337,0.465631425623317,0.175239726826176,0.0975382876924145,0.374536468753119,0.0893376503252286,-0.155291057367308,0.676813140573313,0.753462972136079,0.236367127720671,0.497361983817536,0.0824626146688016,0.0193540292139946,-0.0330384192814812,-0.111748775070168,-0.0676263875977328,0.0717236310081577,-0.0241427043887446,-0.15660654756667,0.0511817564546656,0.147828732116548,-0.161908765919893,0.148122184353809,0.0710487942460864,-0.133040390042721,-0.147347581459749,0.0832844405955748,-0.0749955751481332,-0.0942021158054345,-0.0100441855536906,-0.17554519924172,0.0209120162272536,-0.161628393022395,-0.194283695133715,-0.229601963274596,-0.167690282765068,-0.114934103759064,-0.066046433538983,-0.251852876882137,0.0782323571309819,-0.167949611769046,0.0825444559918224,-0.0992704226517012,-0.202743533038742,0.194889041369571,0.079323121515624,0.0881270638778696,-0.0990801794839699,-0.133657242150635,-0.183643695192004,-0.192258701385236,0.403292110504733,0.19214115499347
-0.124330626149277,0.174421147509023,0.161832101453749,0.109727099429862,-0.0840654764382325,0.270898534090335,0,0.383122144183289,0.354084446054024,0.143825175508696,-0.0200009448077117,-0.106974581308487,-0.0197838715576219,-0.0528717041146444,-0.00649115587702472,0.243083352517282,0.200495098130404,0.172116339464086,0.111478951391721,0.134971976951651,0.207224231900614,0.0109876816361456,0.116713074980374,0.137884846166945,0.0564741163927142,-0.0518734940228193,0.153754133581752,-0.139001965075388,0.15574855327905,-0.018061323464439,-0.0760040518267565,-0.0667979906170682,0.0541187282277189,-0.0406168506808493,0.0608872082823587,0.275789800025558,0.144104314857912,0.112562706815527,0.0281310592513682,0.467402888483929,0.160684204033769,0.147509582008424,0.0356157200400261,0.0125790219747294,0.0582215012745622,0.0141781028423032,0.0189572837228755,0.148266323104862,0.257127503117853,0.2070440468377,-0.126142126447832,0.0896264283773762,0.291454562204746,0.0311419491687312,0.10283718956348,0.191628699228545,0.29175072225637,0.329383860040827,-0.080115760094183,-0.0582602956244806,-0.216634429572531,-0.064677055040535,-0.0141106970310559,-0.00817063981071508,-0.0234303537461802,-0.0424673273400932,0.370675605736029,0.140865684268946,-0.0976863879304521,0.136006190009998,0.20883792250897,0.14195794581852,0.0912641316565658,0.412727145178949,0.0130112512402002,-0.02280019865877,0.0306299524732782,0.0215564530926032,-0.0750288421699822,-0.244220021566175,-0.150267505171564,-0.1692295510763,-0.122745777360706,0.054414499320821,0.127210959875372,0.0043982175593963,0.130600883656676,-0.0686106275491221,0.187574231362182,0.0199600228249054,-0.210911189812054,0.125944057572329,0.17970088968048,0.116052648535249,0.00269035255785895,0.0630489012815063,0.0688281970766301,0.162915884021049,0.195274165067598,0.232903763892428
0.0610741965046613,0.650508368079295,0.551863614768632,0.354969740952814,0.242992493354283,0.399082871001508,0.383122144183289,0,0.646899797676545,-0.229498062874146,-0.138299448548475,-0.302625661062199,-0.231345421487334,-0.104672031858402,-0.185685124010701,0.540897618847196,0.164775157013248,0.701352160664798,0.252779977242949,0.190528758756235,0.506204838117057,-0.0733250546862889,0.038314749719986,-0.00868031792336273,-0.127561834113482,-0.125345551260829,-0.0611787069184486,-0.420447075450911,-0.105890640364594,-0.215714292293792,-0.301546274669729,-0.136625877042924,-0.219172898557242,-0.0453924885309491,-0.0483140481510302,0.27431931428986,-0.254750774267621,0.137605246455958,-0.180440714111466,0.0863358578213097,-0.00605430311596836,-0.255257086731354,-0.0179984144681256,-0.332562898742079,-0.0378811421247628,-0.148319236818496,-0.0561569241475394,-0.191606339609661,0.179557809657781,-0.0274818478345666,0.0698858307635238,0.599018471291152,0.443456200955256,0.415910542982302,0.516380181313936,0.453369210148381,0.765435293071074,0.750284927892493,-0.300670735345986,-0.124591298730732,-0.273076105987404,-0.221265161865309,-0.287540575375984,-0.096589634700752,-0.00804708275504247,-0.179389122190079,0.0339762978524031,0.140475801283251,0.0135299929444568,0.572474154035767,0.291491419068491,0.0192811789676572,-0.0556321122291235,0.0901522974908935,-0.20620342417892,-0.242810008688828,-0.0972986848638589,-0.175468991543822,-0.00759823317609299,-0.222460682738197,-0.231658618118631,-0.448790763718082,-0.405907913087928,0.0752674819686037,-0.0213530308250651,-0.243816219770445,-0.167310785008451,-0.244244203827102,0.0284414073064047,-0.352503490167109,-0.274620726423482,0.106015743890112,-0.0214614979608466,-0.16990481665917,-0.155985040221244,-0.157760379977569,-0.213294434506937,-0.182910882230155,0.125868643192934,0.0165209164831885
0.0232599194877507,0.341240477181016,0.540319095878153,0.112539394097978,0.0779985380424696,0.676264680080156,0.354084446054024,0.646899797676545,0,0.0105208165674589,0.0351951014867942,-0.123349672799093,-0.152997910645138,-0.0241245160973713,-0.0625403115645392,0.36120805361381,0.182754696473644,0.356552219069959,0.270103988297659,0.246127503280969,0.33198580847691,-0.0853230232272163,0.0370257321479265,0.115467903215578,-0.104823567063377,-0.0676488885051404,0.0708228474558063,-0.273398968423032,0.039262615602735,-0.121254610824017,-0.226271957052281,-0.137700929228804,-0.184701067111133,-0.177815650312554,-0.0206785578072861,0.532258022819137,-0.0497817228333017,0.22271754470817,0.06259528754555,0.235504315820891,0.136123199337933,-0.124584844889816,0.0831520423917186,-0.238668013983419,-0.067090736121487,-0.0384900672288922,0.123497766891746,-0.0677626238864602,0.315773905460569,0.12049369243526,-0.0374580920205936,0.447732180313577,0.298664245384531,0.151101856101796,0.557395012332493,0.639140794652474,0.479706223021455,0.791196051587161,-0.0978277002059952,0.0783403545002214,-0.0957164007487219,-0.0706529706141629,-0.0573272562582666,0.0920116559969549,0.0348254831249826,-0.0590390960899189,0.241375390718788,0.234686643304507,-0.153979205144808,0.313862873932377,0.236759196857046,-0.024814517151829,0.0267966383267872,0.22132836765311,-0.0755160287984063,-0.149872962822365,-0.00110190883915026,-0.0362773117147949,-0.0583312062921227,-0.191772303253262,-0.217537625446654,-0.305997653363277,-0.265543450330877,-0.0199861886238416,0.0434778128059955,-0.173663665483794,-0.0453777018467954,-0.169506726695071,0.134714804689723,-0.085538506788843,-0.330820788319442,0.232466852053068,0.193459847381861,0.0037690292716818,-0.0700198662349228,-0.063960360807542,-0.0579372282381308,-0.0356887978394235,0.247260804033077,0.1318125328421
0.0277610840782733,-0.397665449931728,-0.0922816185492803,-0.411166041359768,-0.354881379544297,0.161516798300389,0.143825175508696,-0.229498062874146,0.0105208165674589,0,0.362060198605145,0.421188593896554,0.163592215238058,0.0117598957622697,0.0614276365607064,-0.241562088734889,0.00136062571338724,-0.343730235683478,-0.14763015749544,-0.0877211007449278,-0.145106273376291,-0.0235848816485416,-0.105901736880462,0.316137631267525,0.492775655631251,0.174764939964284,0.0422845847896462,0.376088845612554,0.223632283635885,0.0885810888584081,0.316857747334066,-0.0682397159451577,0.0723524212531284,-0.093971957217206,-0.00487172850699435,-0.0239591436441208,0.365969743190947,0.173879311371454,0.201698534728049,0.247984714306966,-0.0236939215491232,0.438398596417193,0.0395449664491015,0.207623806520401,-0.100131557847904,-0.0270239542529105,-0.126933403052573,0.00799316344185956,0.0630032120886038,0.0601933539662634,-0.0966884343872014,-0.293216147901404,-0.145847275049569,-0.465781807161586,-0.0737005114975962,-0.0223748532582436,-0.314880996953334,-0.133703726676572,0.509054915170647,0.282396230267097,0.177142869168352,0.153775080576494,0.223702574633916,0.156776052156351,0.0274256582400638,0.0810243214279941,0.141428369308883,0.00292789852848853,-0.104036705864513,-0.276040521453781,-0.0348846216258188,-0.0712201179611548,0.0528522854166619,0.269402918353814,0.271876859686839,0.312579110811043,0.134231540477066,0.236491847457759,0.0638876154982013,-0.0859628617830014,0.00500748604201594,0.0734776073280928,0.227669638887278,-0.125062256589172,0.158205836477091,-0.0259983765763094,0.246761719034152,0.232283917089981,-0.00804514431980223,0.199975007005328,-0.0149205278013198,0.30164815769077,0.276900039458118,0.179775727385816,0.0435739578611061,0.041964048949641,0.0128625949440492,0.0531429924398581,0.0044664660252319,0.00153281394334433
-0.19449707755254,-0.327685437222857,-0.0555256339507905,-0.334320381285292,-0.348302752095383,0.0969809662900164,-0.0200009448077117,-0.138299448548475,0.0351951014867942,0.362060198605145,0,0.758498595451256,0.435710824197772,0.293646234302451,0.344466404558482,-0.292171195127852,0.233865074166805,-0.00909818206562354,0.148105641702772,0.137809936938294,0.15054060714522,0.267155311534095,0.108336099067315,0.526540351211064,0.379910039775379,0.532471548160861,0.290030004780236,0.46993797527559,0.41783404826072,0.254311135182474,0.0454632494387219,-0.380936465027134,-0.300745839522161,0.100097897988064,0.313496917226125,0.157484456108851,0.348485725196573,-0.0723804031043538,-0.0549598545455733,0.200640484234284,0.254410213657925,0.385394972358342,0.335034632253916,0.412966781953359,0.0686799302713644,0.220556696116707,-0.00951831403462268,0.0719633729442397,0.172478795115662,0.28234980779535,-0.378551017885787,-0.222369173537409,-0.341575038085802,-0.300472278407739,-0.141175228372924,-0.0310095756443989,-0.178351765024298,-0.0330056940992048,0.438786637201869,0.653504892323519,0.521079412919592,0.403577885507948,0.38245555287924,0.278522396331123,0.214084836440673,0.303546620598255,0.00870665553802047,0.174825551297672,0.0833642121267437,0.040986247659831,0.211001746929354,0.279788530409794,0.114061652249308,0.181466467826079,0.458361766465877,0.489464745864687,0.342448513468832,0.33237367788232,0.0786359063308628,-0.329241228192964,0.137713435399175,0.266332471312931,0.325822377189324,0.236125693496591,0.281607674762094,0.0161036036999709,0.365367878229947,0.390382503200992,0.137924877276285,0.231974181731079,-0.313650544668143,0.102813898369918,0.0909604986341268,0.423121472889803,0.242398937143152,0.335097582207553,0.202362588234975,0.117689570004995,0.167675344354611,0.276830009317807
-0.175975115669804,-0.478315915430966,-0.174800633034788,-0.414426227527952,-0.319050009000787,0.0149562609582552,-0.106974581308487,-0.302625661062199,-0.123349672799093,0.421188593896554,0.758498595451256,0,0.457505168412544,0.301171338843173,0.293078419313215,-0.341036272216554,0.240609380736242,-0.143157078429641,0.153287381462633,0.0534881310294024,0.0889867464155374,0.251793172475303,0.123040830689333,0.490194298135831,0.38746411779561,0.567763325598821,0.285055106712019,0.517903683182195,0.435727314712527,0.29263863646086,0.0945202987992362,-0.283667612304138,-0.20716611675128,0.109068789699575,0.284409254549956,0.0355311217717298,0.385073922615804,-0.0620824554661921,0.0560119845363931,0.210964286192523,0.0973402761665091,0.41149279089472,0.294212664954518,0.381370043375408,0.106867407757345,0.190878830009214,-0.0102881755015202,0.0596344571304686,0.0358624300079835,0.161762001552056,-0.36400357010396,-0.349178168149181,-0.390908493984828,-0.414828835900166,-0.229460331070724,-0.152039857753642,-0.356455930622821,-0.220975727085075,0.445892253986735,0.671323138514103,0.524168943092966,0.431294363743646,0.457214210126497,0.353217452111362,0.265861624279279,0.290862319054634,-0.106111852258993,0.255629258711512,0.132730121544697,-0.0435126401819107,0.181106246311602,0.270030590658141,0.190651206036202,0.0862898003602491,0.562971491703835,0.567765387515545,0.335288618927946,0.410212233149177,-0.0450699682824647,-0.230972258069341,0.128421098387871,0.23179440273103,0.395778625084215,0.17189255123322,0.32537047633444,0.0667281445678895,0.343137594689416,0.414615564124777,0.0734893533447479,0.196954204339924,-0.255458723152429,0.0551167117915881,0.0291343180597404,0.391949632755354,0.210943187124831,0.21708367423567,0.185528340137036,0.144724622121103,0.0648543841954636,0.129866903124148
-0.293510905434736,-0.214826057233445,-0.153504101550839,-0.0689153678748958,-0.0618822412807144,-0.145205445045525,-0.0197838715576219,-0.231345421487334,-0.152997910645138,0.163592215238058,0.435710824197772,0.457505168412544,0,0.423624129204732,0.371129764110613,-0.285298793022577,0.497956388069381,-0.0449165819899146,0.229278360680983,-0.0571344046583561,0.129635705785187,0.554115926301382,0.323422070119902,0.388875455052874,0.196042687654709,0.45687066489892,0.472552795248741,0.41832405840257,0.365953892475646,0.290641515410743,0.0298601766647265,-0.232351146638761,-0.0392937632734694,0.319809104814073,0.605122947057985,0.00812182299232612,0.288073941200692,-0.248445464648149,0.0436982520342209,0.141185662239914,0.240788535383676,0.353707364256757,0.433742504531832,0.329569885911542,0.239634644190899,0.454292377441445,0.288924591462372,0.264873659159024,-0.00155195800987972,0.208516923889466,-0.306604974927269,-0.235951278970454,-0.239930735158061,-0.134414938133411,-0.205898376673531,-0.196358582106499,-0.238893384067286,-0.194490086022402,0.135154102485253,0.38064623267967,0.381746381677369,0.716993636734829,0.523826487254988,0.371903199860569,0.300385690499336,0.28954135333107,-0.0744952169167405,0.294545194175196,0.221091656502671,0.00563066393848439,0.127215435412237,0.411955175856702,0.129312692432927,0.080996084179037,0.317781829618544,0.449090320174341,0.21753177843168,0.29586881260147,0.0399024955806147,-0.229331364442208,0.144601787549174,0.214062421830709,0.283158687828457,0.463315820545626,0.282160316807917,0.289478955223346,0.27793441912358,0.371604312089815,0.0310453788411858,0.138357433948728,-0.275397787053595,-0.0138392839510827,0.00852706486362266,0.251595225126998,0.37442373153029,0.399087175894979,0.33806639070518,0.230637479940701,0.0342568168465599,0.145726772915312
-0.428949646274502,-0.128042287673272,-0.161881665086933,0.136712723570319,0.118279093263083,-0.070788839470799,-0.0528717041146444,-0.104672031858402,-0.0241245160973713,0.0117598957622697,0.293646234302451,0.301171338843173,0.423624129204732,0,0.733495221638843,-0.138941335972649,0.386134227476657,0.0445021271265512,0.529914610553972,0.0508378376478606,0.385507036634483,0.354614458592187,0.653343921510458,0.176658696844318,-0.152590887187206,0.266506951098231,0.582237737442988,0.304344730778428,0.344001860557515,0.551113985259638,-0.0821381123274824,-0.129854415770737,0.126201050790627,0.101248258927198,0.327093721053358,0.106859313036168,0.177741430144336,-0.35392524212362,0.0760239959762687,0.037385430716925,0.0335459104949559,0.0252370417070739,0.114411473232322,0.158637371939486,0.321098793363972,0.57220822499746,0.512661159065714,0.439203125096654,-0.157164184059904,-0.0240203457241238,-0.415137976400054,-0.242843403887621,-0.0510617081284179,0.0862152386461798,-0.135552835301059,-0.1339260244218,-0.0619584800269794,-0.000885049069121479,0.0526031358851254,0.335734770130973,0.249709503575895,0.317860754423951,0.540034413012637,0.58435938129292,0.642867243010004,0.669939096057515,-0.0878995301986784,0.355184515465754,0.227528121783005,0.104147015100682,0.349885645725279,0.288276597624635,0.442371769827976,0.0513664098999865,0.29021575949111,0.209735663048562,0.320412093452019,0.518507870494555,0.0356067381479786,-0.0528315149056917,0.0871404153289241,0.0465220676310928,0.0963500996174744,0.183806766497021,0.383824775718999,0.362634730947748,0.220911984924054,0.241577851490289,0.0800133938147014,0.0484871433670271,-0.176274099277479,-0.319827871387396,0.0513012806773211,0.125216277122129,0.0994116815145922,0.282333176984468,0.544427950914875,0.371741756546432,-0.11671344556765,-0.0466493195411176
-0.49778743106821,-0.247054410001064,-0.254906854659926,0.111498437038539,0.00116463255504913,-0.155836497374871,-0.00649115587702472,-0.185685124010701,-0.0625403115645392,0.0614276365607064,0.344466404558482,0.293078419313215,0.371129764110613,0.733495221638843,0,-0.185071468986045,0.240321504458013,-0.0414015444552138,0.265784603658906,0.0611040330180739,0.354680226126892,0.264517621413896,0.610515375705001,0.185173602642119,-0.154266655679235,0.225843353201433,0.545244303856465,0.410800577835236,0.448440073402518,0.619266872986512,-0.127017130355569,-0.191918557508469,0.134111450470284,0.0144669980819092,0.253812950863982,0.0913242731093669,0.213710432899575,-0.412769046055109,0.038117952263686,0.116964315086437,0.0318785692454393,-0.00403368389448805,0.0319829615791983,0.245985923074823,0.353099727132391,0.556058128159865,0.431100373937169,0.465241280521702,-0.212049820705946,-0.0071345283020665,-0.463985749398716,-0.33302607554402,-0.0922326523525098,0.0198797459414877,-0.250196891126733,-0.22293800846303,-0.157445548122513,-0.0593496472705056,0.0668600107568215,0.368594184685567,0.214677373633375,0.328975094916775,0.522000616000845,0.55545320743859,0.624677758360702,0.860703010776833,-0.00388572518740636,0.257940028232062,0.148143322666271,-0.00842792511460743,0.456671050115223,0.290761054167958,0.490643412293473,0.129352001561702,0.341828919343791,0.215582551591002,0.454601398850857,0.606528733376124,-0.0213096744754116,-0.0930447602096466,0.0922948848602994,0.0878454625267737,0.105873267113099,0.200803730582623,0.427834401458886,0.348574815603537,0.250431025257483,0.319848438893053,0.129749088211625,0.0942080919679118,-0.188417111585541,-0.29094112896335,0.0909464129574717,0.110413380243931,0.0821150527450566,0.276626650654728,0.586562962211311,0.411931485614799,-0.161841323494519,-0.0196949172775173
0.0980183082184632,0.512334850588824,0.2789862747774,0.319041088721154,0.227846355290765,0.16264714889359,0.243083352517282,0.540897618847196,0.36120805361381,-0.241562088734889,-0.292171195127852,-0.341036272216554,-0.285298793022577,-0.138941335972649,-0.185071468986045,0,0.12684053499264,0.445783571236483,0.118965686435544,0.0813122990865072,0.303683553727297,-0.128954872982991,0.121491944039674,-0.0816319670365631,-0.247432444458292,-0.203535501455364,-0.0446849260947222,-0.326124906950059,-0.150624981068274,-0.0878319538384211,-0.268276020842898,0.200369530905988,0.13050494112748,-0.160984446206099,-0.130393060370962,0.00550412837780377,-0.245950127179083,0.0896310316796182,0.0234862115682545,0.130670332383475,-0.176749680565075,-0.369864935556967,-0.126367325246372,-0.304776207043134,0.0250951785363466,-0.120147033188338,0.00211903008524586,-0.080966243333332,-0.134722581154835,-0.276385195763151,0.188186599083589,0.468599746443474,0.658480816005846,0.319862446593786,0.322211114422404,0.194368493415167,0.564019415844977,0.435524133722416,-0.292567841337977,-0.165631373631541,-0.240897928940739,-0.191541109570597,-0.212943267829497,-0.0305580568823862,0.0852393622756152,-0.116204704497368,0.085300885587506,0.239709697951249,0.105539816007107,0.422300938517832,0.160288185435099,0.0492066332082276,0.124005218796567,0.108715209403368,-0.0316599217452342,-0.223955496465051,-0.0401933394183658,-0.0388270858435777,-0.106835250943566,0.11983020361625,-0.133166860025444,-0.460293160098802,-0.222449551363111,-0.035171935549889,-0.0399653193717128,-0.150991920207905,-0.154879265426607,-0.246177206558113,-0.189786234448741,-0.233240981406831,0.030093801760131,-0.0518691817848916,0.00914051130291741,-0.312879522705396,-0.200202537461433,-0.234101111211877,-0.13524540655735,-0.150090724571543,-0.137400756045461,-0.255278906003419
-0.250531603248442,-0.0195393057537728,0.0601466453309977,-0.0251685677103134,0.0225715944446526,0.0743863126560531,0.200495098130404,0.164775157013248,0.182754696473644,0.00136062571338724,0.233865074166805,0.240609380736242,0.497956388069381,0.386134227476657,0.240321504458013,0.12684053499264,0,0.293669949717253,0.631660705941646,0.0915824660993613,0.484456921891823,0.491713227896459,0.350090572495796,0.522030517816472,0.058242641800648,0.393848540394811,0.434504550729222,0.118577981701514,0.337504109611074,0.227451285343495,-0.163590626528275,-0.2738771691497,-0.157913543220387,0.223076125577989,0.430995821996834,0.108436041903134,0.183365507944467,-0.0736806772852459,0.00896505663213665,0.25063326155931,0.265028343840521,0.146033735898294,0.427246318224635,0.11425605591376,0.212787437504732,0.295349566991163,0.237324143241518,0.145267617938857,0.105704983712796,0.219821541443142,-0.298822529636285,-0.043456199084373,0.108357718171373,-0.0576605041885653,0.00334563318199194,0.106352258886367,0.143964504456302,0.213381326038702,-0.0352651794332393,0.289327555893484,0.187623433823093,0.407677778990045,0.283465573044401,0.394627159719703,0.395037204434075,0.207564610745391,0.0701485762193351,0.634376215830039,0.29276382495373,0.311015798161338,0.396729402142365,0.430479470696546,0.187631413638555,0.232209000854887,0.353120004850086,0.303692827944239,0.237867824434349,0.191739004766444,-0.101341735936419,-0.291142724541882,0.0818084178476347,-0.0127751307006872,0.0905988302956948,0.242372467683595,0.243286055426643,0.0813216670648909,0.214376459993926,0.0626473642104162,0.02782820633572,0.10390254777782,-0.318898002225631,0.0567825621288243,0.146522956514174,0.0617145820769467,0.227861314178748,0.189310192090347,0.186387415308856,0.120655173619516,0.0911428328471551,0.163521694399735
-0.143284003735831,0.540107613605101,0.29634760791681,0.422870597046037,0.343580107214686,0.122294332599507,0.172116339464086,0.701352160664798,0.356552219069959,-0.343730235683478,-0.00909818206562354,-0.143157078429641,-0.0449165819899146,0.0445021271265512,-0.0414015444552138,0.445783571236483,0.293669949717253,0,0.295345459609993,0.328554495375829,0.658226154433146,0.165816805445412,0.231348966744616,0.137049309739624,-0.173609046516797,-0.0178555676619613,0.100836108232384,-0.203815047712852,0.0193431694524316,-0.0495321552761005,-0.313872248081024,-0.339073032676044,-0.218510721369825,0.339152798853446,0.188707328397566,0.186960446355098,-0.217140863291424,-0.212805718390608,-0.346855279906107,-0.00855972130145325,0.0873849207586465,-0.240805230618226,-0.00269826633377957,-0.186453152414979,0.0574038951009578,0.00233888329696059,-0.0495377921898292,-0.0258097585046251,0.0438387214289214,-0.0244374845813004,-0.142851582921312,0.350597084739265,0.272008181116448,0.471251654142205,0.27127853876968,0.176624685397481,0.677526031718678,0.52465308940637,-0.328762090944557,-0.0651989819641593,-0.212967599804777,-0.134286252463912,-0.157314647009423,-0.0328465125075419,0.143454044790403,-0.0468473505090882,-0.131387324828794,0.137968614622645,0.350631618957545,0.792976382818846,0.43413370291773,0.210394216143574,0.117580519427744,0.000202171575361908,-0.0499395156425295,-0.135368789928976,0.0388555035908932,-0.0617696020858747,0.0490240994909116,-0.371218144595388,0.000173771327528169,-0.229374877605973,-0.208771197596806,0.273427938370613,0.136801239987457,-0.0674122747699539,-0.0906464775918578,-0.0711163282603046,0.108097148351647,-0.307335995163359,-0.320462157336581,-0.127972735210169,-0.241836760521764,-0.177894814808707,-0.120857244002017,-0.0475816365947192,-0.0910964292292912,-0.0445476191825843,0.00668573537036699,-0.0267750840277828
-0.133464821199381,0.0721393970027514,0.211444356944662,0.0211460171382568,0.102432464932767,0.173616227130196,0.111478951391721,0.252779977242949,0.270103988297659,-0.14763015749544,0.148105641702772,0.153287381462633,0.229278360680983,0.529914610553972,0.265784603658906,0.118965686435544,0.631660705941646,0.295345459609993,0,0.166668720481604,0.551239157176935,0.184242172069832,0.271255419719799,0.221220137599997,-0.036992627025819,0.208629890700861,0.258310755321929,-0.070579867712142,0.275422053114943,0.120995120032742,-0.119738569344641,-0.193976299894022,-0.175805599113309,0.0201032427915284,0.192174067632623,0.264123999611279,0.029410805124599,-0.0480998012969552,-0.060909817003757,0.082710792016923,0.133287610675827,-0.0590736146377307,0.163264388973639,0.0473722508227383,0.209790939153192,0.183521580011486,0.182602874366276,0.05101549215629,0.188166212258882,0.163448883742931,-0.177724832489059,0.102387382664528,0.128906098549682,0.0370185929564156,0.170794845711478,0.225644313759821,0.22716140196227,0.330293426141312,-0.0761282031846063,0.172480097456916,0.117056643043418,0.202569098970144,0.170783124446929,0.345836930981188,0.444972217124006,0.222681496353629,-0.0446941686293244,0.636048680411463,0.193320137474876,0.34856608222773,0.429794580498017,0.245127281769407,0.163701318182265,0.0900141018730777,0.2179306667317,0.115003641192504,0.24589422911379,0.109510166092024,-0.0319114535523729,-0.156189974497327,-0.0256794600917212,-0.0885748935808664,0.0144277632878895,0.0857243441040727,0.138730031801578,-0.0611920520118583,0.148265813514966,0.0125705541635999,0.103357943819995,0.00106584892484387,-0.266942736320053,-0.0678699225028067,0.0391075691570472,0.0765851607347803,0.119735765483082,0.177207210478041,0.136297285483309,0.0707806285414603,0.156911217519256,0.154364454672961
-0.241646999319319,-0.0135049545287134,-0.00771170813483298,0.0859833688380003,0.079311001227355,0.0989547566370766,0.134971976951651,0.190528758756235,0.246127503280969,-0.0877211007449278,0.137809936938294,0.0534881310294024,-0.0571344046583561,0.0508378376478606,0.0611040330180739,0.0813122990865072,0.0915824660993613,0.328554495375829,0.166668720481604,0,0.262109155496039,0.0928440874145734,0.071067572219444,0.0864520292129697,-0.204171776621624,-0.00782963413598517,0.178142466158222,0.0382285302101793,0.271329841279907,-0.0976315017255543,-0.177663610928412,-0.34052796855918,-0.26045199618967,0.263138122812417,0.268964955518245,0.514554815991808,0.189031159855889,-0.174285523990816,-0.170663283764415,0.0943219200269856,0.358208096609401,-0.116001980702898,-0.0142891910305659,0.0767228899316477,0.203548760437158,0.0613724931348588,0.0461061064090511,0.198405758547593,0.181800527402949,0.378799837036587,-0.290094906844322,-0.0703258464790416,-0.0269654945004854,0.154416640870993,0.058828218869077,0.0303858715382098,0.135976502552847,0.202303567692109,-2.55766736127794e-05,0.056004722454588,0.0146036802984723,-0.0508224779530797,-0.0600716112994826,-0.00496616682113568,0.0304894190109862,0.060948345629439,0.189949430914408,0.0321302671163166,0.13597283882806,0.269209384525548,0.329712107215267,0.0324543053799984,0.0490896111237257,0.0742262255624205,0.0627611208983841,-0.150767290535067,0.276395054085636,-0.00813949156027481,-0.0534475214118277,-0.240331170638636,0.210229190812821,0.278785548525944,0.282433330490118,0.124620943901487,0.17942398027885,-0.0581195416811266,0.304072313887956,0.147103891470249,0.597126063160471,0.268872394606553,-0.188914872563913,-0.180840087523087,-0.0809623363997247,0.0443847092625857,-0.116178320579018,0.123143948395758,0.0531571960447709,0.262245352487066,0.139845114075226,0.293617933822551
-0.250976296787409,0.267011629945026,0.226839577636644,0.247544290187665,0.213478842107655,0.129924444718313,0.207224231900614,0.506204838117057,0.33198580847691,-0.145106273376291,0.15054060714522,0.0889867464155374,0.129635705785187,0.385507036634483,0.354680226126892,0.303683553727297,0.484456921891823,0.658226154433146,0.551239157176935,0.262109155496039,0,0.213621767307542,0.430976341507122,0.202712039273425,-0.0710521362659487,0.127068386084204,0.362882323277455,0.00109251579930253,0.247785528178189,0.213046073736955,-0.240181523900214,-0.27956734153381,-0.104762880442739,0.133200129101675,0.262823839298166,0.181048441967213,-0.0917102436787123,-0.188199452833632,-0.187597207423371,0.117438693679149,0.0331389820670303,-0.127680365139964,0.0773066156311488,-0.00612380872646131,0.22393827066103,0.262229137503872,0.134098321152756,0.153599577238003,0.0236118974534766,0.0409176222257509,-0.284726463845418,0.15224548370057,0.241143266332211,0.220220351875658,0.153515815761326,0.142215304443862,0.424594553407789,0.423698019215537,-0.212525891765766,0.144022208504653,-0.0805102192698079,0.0984833089707162,0.11591416029164,0.289814518240394,0.429714051624565,0.295713015890007,-0.133528443243491,0.454452938109454,0.262910720710254,0.6360849403246,0.705145020344453,0.316488470882712,0.350564100243623,0.053058586900733,0.189304606546269,0.0793865033897094,0.212090431802907,0.265365415041196,-0.0365728809162949,-0.297514807391674,-0.0686901720771154,-0.200077419997966,-0.122789497185522,0.247553697227243,0.338373022792716,-0.0164898213964825,0.018254563068048,0.0992760082058796,0.101724528954621,-0.193987611407786,-0.394557082410112,-0.163071651972116,-0.107242625967165,-0.0982339365519718,-0.0113313163513316,0.0761895511215089,0.176950114728898,0.153693806969353,-0.0297380814983622,0.00272675266660591
