0,0.0791260569983724,0.128999590155884,-0.149874065622477,0.0782289015042177,0.282744282607872,0.241930012347978,0.240864744354429,0.271153192098435,0.452853930044818,0.170265762192193,0.179954804931181,-0.202790291337695,-0.233026979923042,-0.339120026527407,0.161673052533188,-0.123893965456328,0.0198397707049073,-0.143711717647353,-0.206692496765092,-0.138906870004726,-0.0602951412650948,-0.204709303593799,0.0537760690297538,0.117438601665783,-0.0892094045040027,-0.0103484526554578,-0.174319825054932,-0.00988038718160462,-0.433073367765901,0.176024490751916,-0.270637890901064,-0.101349110434248,-0.0175575608500877,0.0408579581495521,0.177598786748675,0.10713409115377,0.103989495926326,-0.027737851172993,0.211683261880509,0.109344499062293,0.251333412108251,-0.0634287902185044,0.14702867162693,0.0472023210074771,-0.112882444753458,-0.0894537379478592,-0.0255523385188365,0.356981664644219,0.100459254530806,0.406931598908779,0.16326293102791,0.0588607905438685,-0.0599518424407635,0.267541703929636,0.190880062525422,0.253790047477707,0.216131149902603,0.342527745695431,-0.157788848472476,-0.0989921355930568,-0.191824195165765,-0.346363347070149,-0.249850047578438,-0.229125521514285,-0.387437207191948,0.275327813862647,-0.2515752811995,-0.325953452210042,-0.186237656234944,-0.345820465836969,-0.219690500803332,-0.335346273052824,0.0951625250898387,-0.239105216698282,0.156605501880085,-0.165437051695363,-0.431613849343016,0.169109550084354,-0.211871307673175,-0.0680236097238779,-0.116772134146699,0.219220540442227,-0.0482855596320802,-0.0321338620686791,-0.146711943682115,0.164188514990348,-0.0316810762212306,0.00495661258284534,-0.0927473749165198,0.105581479053359,0.121445984520286,0.151531729578487,0.318487040673908,-0.020555724484909,0.26127988811312,-0.045889389324375,-0.103678931118683,0.27904043146195,0.00733047840601236
0.0791260569983724,0,0.617679532413419,0.523099750032796,0.639181415436499,0.527551599388926,0.608744148531338,0.700727498710958,0.53758667141917,-0.078198544795064,-0.104166069171631,0.198709331600072,0.264966947507945,0.0118507219290573,-0.262748824051031,0.146373202607142,0.523416400791575,0.327522606278345,0.361966041421081,-0.117534376697991,0.0558841374485672,0.0210077307598249,-0.0394249005438173,0.1452180911863,-0.244316036523204,-0.0415093415421788,-0.154008883257734,-0.320961108203759,-0.236691207932049,-0.195678012574253,-0.189297170827719,-0.0973186443377546,-0.185371391889979,0.213293787145867,-0.117753509253096,-0.0151499464772483,-0.177534629229553,0.0946560394220381,0.195884383206197,0.25295855405083,0.0491727543543191,-0.0673489251435288,0.112181722639411,-0.106138584488298,-0.067613500693328,-0.0875189146206418,-0.137981541839024,-0.149934383384598,0.0922197269280211,0.0582209495442439,0.187398918505616,0.756722634857192,0.487664961195423,0.387507684947942,0.610550749247239,0.531080620590927,0.608028543989715,0.610529932987704,-0.205791223758708,0.0966043639066514,0.0902673214691024,0.219092418076931,-0.165398013199331,0.0416422390724625,0.0232247140495822,-0.246869278637651,0.224442713893016,0.353038679910367,0.0287023774978309,0.0864079157034967,-0.103349360837875,-0.11631058631446,-0.147938611955694,0.14587053948686,0.286985017115446,-0.0442092867179535,-0.273972798869885,-0.321490436423485,-0.227618302344538,-0.0959369128295373,0.0686845331623631,-0.183317619646484,-0.151279880366216,-0.176942526908572,-0.311696970654758,-0.399602023084202,-0.163917640851301,-0.256028876348268,-0.110061132444773,-0.0367072904913855,-0.213725418587904,0.0993147309430569,0.0672331883356296,-0.244581508063711,-0.0772701010030991,-0.0607094025179463,-0.138444866210881,-0.291794665010877,0.0124062181907098,-0.0323893478234025
0.128999590155884,0.617679532413419,0,0.21005388327545,0.423605113039878,0.728846154730823,0.667649498034304,0.709017562806926,0.577256010885974,0.0151325703431104,0.0669130877114722,0.292345631868441,0.294158385282558,-0.0406554534163703,-0.340880892328668,0.144954374933429,0.442080983173873,0.325903989518112,0.292195647211556,-0.165534005544704,0.0493463156169094,0.0385985001909901,-0.137933624543397,0.275507520637481,-0.0665683095742248,0.0356450570493233,-0.289531197036566,-0.21750879894676,-0.166620552292793,-0.250340694549748,-0.029442314909123,-0.196331467033856,-0.408880590735231,0.229737801943506,-0.119764392043265,0.0253430050490062,-0.136990493203725,0.119703871297563,0.101575439722968,0.396358561307221,-0.0035967455142699,-0.088607861461131,0.135495564401754,-0.109369262661135,0.0169065000331819,-0.211969454098255,-0.282485514991837,-0.236186511028262,0.190803758121386,-0.0283470167157361,0.209958283636563,0.615076327251083,0.306205530838617,0.0470457861073276,0.666103497577591,0.74689908545251,0.618231077435809,0.649096013261233,-0.00660620141587138,0.334808117863844,0.26238134891389,0.259766598670236,-0.196853620238352,-0.0388799335585333,-0.0738715333305133,-0.316001869710598,0.445248615778199,0.285121000869717,-0.0152758680633534,0.0432858595932033,-0.169591040308508,-0.0739411946183073,-0.230345989904386,0.382420856506242,0.386138608094586,0.0812083064297584,-0.202089143683702,-0.323612186813038,-0.148782000860249,-0.216599817883037,0.15661481687337,-0.123767712806202,-0.176625710605233,-0.066673644305717,-0.359279908560092,-0.454610157496991,-0.169127035601719,-0.2971652132307,-0.101401438410336,0.0839486980826953,-0.33438203948101,0.262574840471406,0.00332565636060127,-0.0863241868501169,0.0316571389697537,-0.194113868549641,-0.28607851791792,-0.395205955864535,0.0754301465700647,-0.0940482436284812
-0.149874065622477,0.523099750032796,0.21005388327545,0,0.592950284037435,0.0314906709576524,0.219523153911689,0.326483474893505,0.0833580937305274,-0.210585319059365,-0.324050913364926,-0.148696802744938,0.0965973736847971,0.149131545318379,0.0771760385872864,0.328736211724153,0.300092536605177,0.224517211352298,0.266841936872606,0.00871398643368986,0.211346338940858,-0.182311146334301,0.162009613393691,-0.123060559706582,-0.160196406813112,-0.12755302606395,-0.246861282647647,-0.244153950322536,-0.119706652609229,0.00285703553344946,-0.126572952434636,0.432009430121246,0.24348647124363,0.0964194676292662,-0.214199220152064,-0.102293727989909,-0.15552114187704,0.103784884155837,0.0342897581094289,-0.0156660824615828,-0.162026310215272,-0.280360092493222,-0.179937184627144,-0.227136473790938,-0.309876887073643,-0.220371224956138,-0.1423640128962,-0.0277907271796796,-0.0500930134750129,-0.0569279575098192,0.172624169279792,0.553721079552491,0.638679875341781,0.747760818900627,0.203670603911239,0.0757759186619038,0.385498098254505,0.199829736301321,-0.331465456225767,-0.159414585036675,-0.153129564115967,0.112423219554084,0.0496725541959987,0.214229318758418,0.316541951600686,0.16230461289183,-0.0269809978360932,0.288946523792167,0.114815590093829,0.0614720327687829,0.247060787254631,-0.207945621628105,0.127716602030827,-0.115297155583884,0.0582758118604311,-0.23506307198276,-0.101515398328134,-0.0333904122848857,0.026473964267774,0.437118187746603,-0.0501175281608915,-0.295796208144535,-0.278769771912435,-0.321801251752247,-0.367051829725448,-0.159120484984501,-0.21663924823869,-0.238656771088178,-0.103082115483033,-0.224765994316218,0.148962573023955,0.106536754463464,-0.0331828055986505,-0.27156271655692,-0.265900369535401,-0.120062330135115,-0.217801887303321,-0.100906842511484,-0.093992916497962,-0.0545474980969267
0.0782289015042177,0.639181415436499,0.423605113039878,0.592950284037435,0,0.463615406144576,0.328400034043967,0.461323731838806,0.443677070790852,-0.172246392655451,-0.17922650810136,-0.0473751035688682,0.182963708731102,-0.0510569504719161,-0.202828084850017,0.132140435327276,0.299577070991901,0.0711429626825209,0.17548300737404,-0.134681989431678,0.0107821555548139,0.0368361871757243,-0.00549154014732954,-0.116772249519061,-0.201783594897516,-0.0726816257393429,-0.0654800463270074,-0.161129005023496,-0.122819554382583,-0.258067280797753,-0.189365156019439,0.0572534750599392,0.0383333693863087,0.0516271217721176,-0.00144779178457284,0.00864908858725913,-0.113578472848719,0.138355278742775,0.118382706893218,-0.0221322193627698,0.0391777734226523,0.00782195344626422,0.0515829998335975,-0.0418294793106598,-0.0852719407016149,-0.0730024974091881,-0.0399824807984419,-0.0378798855474678,0.203848576211208,0.0382493171236762,0.141711129277472,0.536086365025976,0.36068338684188,0.528841270371576,0.635368777560296,0.330790856810286,0.368762806145457,0.427946520975851,-0.285701466027442,-0.0194250274344211,-0.117276880764303,0.135287565236419,-0.236866299441675,-0.045381514254494,0.04219665003325,-0.158047398268932,-0.00626852115290622,0.17957717215787,-0.0922331105191,-0.0776981318448328,-0.110554013929093,-0.206723872318146,-0.150176058818208,-0.142528816912067,0.0552793963565377,-0.168965135082009,-0.246040654214057,-0.292679055092847,-0.133056328864354,0.0504796488076278,-0.117109979615923,-0.181283669862097,-0.0312626090549809,-0.115012648562609,-0.302137608102442,-0.182246444329889,-0.120547356890889,-0.112258343696333,-0.129283997992405,-0.265069671620286,-0.0110163343863001,0.0872925365955689,-0.0585494600287553,-0.107972224391736,-0.148934493343926,0.0411628063576014,-0.11926541716765,-0.161432464802614,0.0656113193886517,-0.0316655252587964
0.282744282607872,0.527551599388926,0.728846154730823,0.0314906709576524,0.463615406144576,0,0.58024728859193,0.654636735609078,0.729738137680296,0.084854509799035,0.123977130621555,0.216819464136504,0.263571851162332,-0.0119685496450746,-0.318844786934946,-0.0515730073696008,0.382353599880004,0.292273433317977,0.253686924699442,-0.0849261256573224,-0.0196021220246405,0.177270125471238,-0.0881596954508373,0.194223222329434,-0.0285452582983498,-0.0335402429379811,-0.0309163843529596,-0.162875683509262,-0.0748455648928733,-0.278166735898454,-0.0133366267689665,-0.382509945022261,-0.436677243014299,0.129614018201946,0.00284210061621208,0.193168682525121,-0.0722657821099165,0.0442267989745791,0.182228345966288,0.272580627281203,0.105041679346146,0.172903008739889,0.134923452748854,0.0931860659946504,0.0840894016673409,-0.0389244839208443,-0.0509414710718544,-0.139549676324782,0.41108504973509,0.142580625952492,0.120209727072754,0.465920721876426,0.137128451501111,-0.0361924483979003,0.755828557550655,0.771501257791004,0.512339704691491,0.685185971731281,0.0401540813048204,0.276518072993926,0.137330079332652,0.233761039292966,-0.157952456793089,-0.00738991903688806,-0.135378203295174,-0.332656304635422,0.383805988809832,0.229469879587146,-0.0557583211261117,0.0921205684540853,-0.212776356188343,-0.0649862688465865,-0.233934248662184,0.21721928526693,0.234462534107894,0.0647368271788221,-0.16278945599105,-0.325846903612137,-0.208662928237118,-0.3898457662869,0.0637835762149403,-0.0584487400689672,-0.0266251581228478,0.021090471646727,-0.217527799641221,-0.315440079728405,0.00321493051159568,-0.154541193963277,-0.012400841032041,0.0234582696904003,-0.345385808384384,0.0590478672448538,0.0786167416313236,0.0499133839042993,0.0201003100876611,0.00256589399960142,-0.156121026255753,-0.274014338693813,0.275059571666461,0.0335494287685587
0.241930012347978,0.608744148531338,0.667649498034304,0.219523153911689,0.328400034043967,0.58024728859193,0,0.806690687008845,0.532067461731855,0.0930747704489323,0.0121004300962547,0.226534690719219,0.116435611589384,-0.176822959181534,-0.451219676270946,0.131521567955106,0.385011168114971,0.311111429001755,0.257940668757585,-0.0953370940366027,-0.148333298646276,-0.0322319177267198,-0.236119242924892,0.216857370597246,0.0379934619894389,-0.170711648350797,-0.296096545682209,-0.339374635794574,-0.220765291364726,-0.273755600908405,0.101860972703212,-0.283479745398003,-0.303531266412102,0.185194303876609,-0.118408481821895,0.0608588747742878,-0.0485648788879493,0.119937843800901,0.191449225851927,0.531013354447461,0.147500066837382,-0.0908440566445183,0.120656561236291,-0.0351414597774346,0.085855785177256,-0.149633791378095,-0.215276490032041,-0.202323135204713,0.213366832215946,0.17660642612879,0.23432643363854,0.660934978220327,0.4250883722966,0.111227591564573,0.515074116903317,0.567797016951514,0.699963441111729,0.67448057158138,0.0172783490953218,0.128488537259801,0.110311113044382,0.113328147970277,-0.272083325509327,-0.128634585422307,-0.216201031940718,-0.448843566652921,0.533738691619541,0.245586449064511,-0.0365917997698888,0.0486020815756887,-0.234868452702867,-0.166395525233711,-0.299689018716426,0.36490765789342,0.23791708354378,0.0126655611888741,-0.250645880439947,-0.360954388271576,-0.0907546186432505,-0.269507478152829,0.0950703877984637,-0.0753926485659579,-0.0767558822204284,-0.126420253321213,-0.350891657526458,-0.424831716579947,-0.0940898204474894,-0.421989569373502,-0.0675536804299161,0.091502814853964,-0.261435551735207,0.200313374862133,0.105418499888915,0.024665662512041,-0.100599464174146,-0.0961534457493569,-0.210203636690154,-0.375332581628049,0.089595364489957,0.0571437121574212
0.240864744354429,0.700727498710958,0.709017562806926,0.326483474893505,0.461323731838806,0.654636735609078,0.806690687008845,0,0.638083835162949,0.0679349107131443,0.0789400116158937,0.276433782405441,0.183315668799881,-0.0805020253750374,-0.377494157191134,0.126977624890188,0.445290543677106,0.473891094405512,0.3561049433333,-0.12550054228539,-0.00371709505147336,0.0511807510771722,-0.0544614078231692,0.307379647566248,-0.00148690509837179,0.00732155414850391,-0.216965960175098,-0.269458318430575,-0.130224910062443,-0.248197373774679,0.0183155237225695,-0.27448219045187,-0.406963237431698,0.262004217664765,-0.101302955553319,0.0681475164465667,-0.076592189097713,0.000710277732373911,0.1340636859545,0.418780127583725,0.0439180438461914,-0.101142361564523,0.0317690299648086,-0.0545363454942871,0.00522725784210258,-0.188467650777044,-0.243595244037503,-0.218101911389603,0.203944802107681,0.0920901674715223,0.168498377681851,0.729200602732774,0.48357444877519,0.175549144755575,0.613070685240754,0.639235202273548,0.792733333226748,0.780701109092014,0.0257211254910475,0.180892583880547,0.164008695814036,0.161511038421739,-0.21881519135764,-0.0569853922259464,-0.0956114742031723,-0.37862746592285,0.417583037143205,0.309274066164188,0.0148366346353956,0.133359926439184,-0.154884843654498,-0.109252493174757,-0.172202074177432,0.355946862877986,0.308629127091626,0.0892291853868865,-0.172629361589179,-0.309695273339032,-0.139838931157817,-0.269380103523206,0.195495288274159,-0.177791263073122,-0.167459123642376,-0.115265973818744,-0.309143064404021,-0.451587473535657,-0.0884441433842437,-0.31665418152798,-0.107744819212345,0.0550626694293082,-0.358506448617897,0.167011799048574,0.0587179618155459,-0.0754727513156539,-0.0887093004224391,-0.143424016694525,-0.28013168377147,-0.394415610060909,0.0903287639699317,-0.0564233087637036
0.271153192098435,0.53758667141917,0.577256010885974,0.0833580937305274,0.443677070790852,0.729738137680296,0.532067461731855,0.638083835162949,0,0.0323102872172699,0.179010524877603,0.311427577377172,0.167061341643881,-0.0831269233474037,-0.318938170197445,-0.0394287532574415,0.328368206765223,0.307922869798463,0.238389814475618,-0.0720632790455234,-0.0342551832398443,0.0959923871907475,-0.0560996781745063,0.164035294554248,-0.106962285027375,0.009976069577902,-0.037154340618535,-0.152580116420481,0.0202790802824617,-0.270061556294143,0.00881410214820402,-0.367986956570822,-0.398550873223849,0.130686208371989,-0.072108261023168,0.276951153388949,0.0317496056275994,-0.0746372656820044,0.113967295191001,0.156524677608797,0.109121970744076,0.140602756518668,0.126268310225874,0.0481593411404088,0.0661093655730198,-0.00567048027068227,-0.0536355520001267,-0.167479111053898,0.312408998513563,0.217253191110742,0.0963190566880387,0.496539887131964,0.208298760392727,0.0291206449291816,0.744085387785921,0.71827276440872,0.512366723457693,0.788032184384027,-0.00842235245113342,0.233038125082551,0.138698067932985,0.137443354024465,-0.183093795947602,-0.0817529717199284,-0.100750230607936,-0.354659631001786,0.426546220959578,0.179607644828879,-0.093638983106755,0.101078533305606,-0.195080707324295,-0.038890446700674,-0.187972413249776,0.206619341833411,0.179450136099477,0.114525368746877,-0.072058527112685,-0.306159928423287,-0.181973843873116,-0.355477043397998,0.082808822444051,-0.0428281812256488,-0.000344824208277885,-0.00232318658802571,-0.104101288325237,-0.23993261618885,0.102884616367251,-0.148719478747562,0.100828655531806,0.0526051486406733,-0.332311857519276,-0.0212913022703771,-0.0277643979222901,-0.0171199736317439,0.0409354776099461,-0.00819219530396221,-0.075172325212018,-0.231077818465984,0.273989328134891,0.11851318069618
0.452853930044818,-0.078198544795064,0.0151325703431104,-0.210585319059365,-0.172246392655451,0.084854509799035,0.0930747704489323,0.0679349107131443,0.0323102872172699,0,0.320640195416339,0.381955747251344,-0.198404893102819,-0.0937790578757745,-0.154665061106831,0.215360218464809,-0.116343179400039,0.0338116497909794,-0.163458987512229,-0.22076425749682,-0.0750871629535244,-0.140470747875529,-0.121947296641141,0.359418064982635,0.257052295985583,-0.0713195626439454,-0.232984533173172,-0.260613872367085,0.0249099064227715,-0.23240450668646,0.149500661462344,-0.222043483097999,-0.0665422356951097,0.0280327450619205,0.0263042052756635,0.111459130865332,0.152402751846706,-0.0467207171412829,-0.21807124585516,0.454813341236754,-0.0835851129673476,0.270094757153402,-0.206007278629899,-0.0479083943744883,-0.0503043498848196,-0.29241428290421,-0.155487888724191,-0.0665604260310987,-0.0380335999810902,-0.111331611952369,0.209979772884642,0.0152391413070275,0.00213969386150928,-0.149567357017206,0.0533608870052908,0.0514160284193556,0.111703765027762,0.0342922249904434,0.673399247660481,0.111235599232663,0.0833660772941815,-0.151608828721677,-0.106785964837469,-0.141038789127204,-0.174144923798015,-0.178009411399078,0.133763052470049,-0.249954136479089,-0.0828035653123663,-0.0770538135607439,-0.20780169274583,-0.0553883686924621,-0.184011070853658,0.366298723634724,0.0707216080956855,0.453251139673444,0.0340102728730139,-0.123595912089032,0.219918371487156,-0.0789944870077988,0.214143920725763,-0.115447933750921,0.0859318989041588,0.112131177785647,-0.0191433695919053,-0.0745415616464369,0.271054991938096,0.00303127151524128,-0.00114293790682248,0.1290893467008,-0.00914007428112343,-0.126686319184267,0.28286220540053,0.232522105568498,0.117035488378403,-0.020726647553492,-0.197236592258336,-0.141237086975618,-0.0558911918863163,-0.146885150508659
0.170265762192193,-0.104166069171631,0.0669130877114722,-0.324050913364926,-0.17922650810136,0.123977130621555,0.0121004300962547,0.0789400116158937,0.179010524877603,0.320640195416339,0,0.548789079768764,0.198132032108638,0.113527199661812,0.0147233256489988,-0.243852986161602,0.10932042600035,0.127456542079649,0.176507517453217,-0.0991915153544783,0.11264145437923,0.116131622571639,-0.00879049683326716,0.527623086042872,0.164427146205307,0.308498513476534,-0.0223842002296729,0.0173457591039418,0.122981189198235,-0.00129352789423533,0.157153959501459,-0.266429321373723,-0.350016626629009,0.133383744978808,-0.0529134127569543,0.0239961562815925,0.102477792625135,-0.222311539589095,0.0260878415592593,0.166851933071138,0.0250601273177641,0.0816585068870642,0.0706860845082116,-0.0107716358786689,0.0493608472597969,-0.00402759685480817,-0.0924270755198774,-0.214481281447115,-0.15011376525161,-0.0804765789902291,-0.221637593915797,-0.0610907773169549,-0.0984753183312456,-0.387600882330812,0.111903977937326,0.132216414974586,0.051030841635016,0.106456432396708,0.49871501069826,0.456208051841684,0.539638278256213,0.182669544637192,0.0886098445379153,0.0427178682212208,0.018731150281772,-0.0613168165831706,0.135471251242392,0.0658409835016305,0.0744155911285981,0.027286588118631,0.00406572683672529,0.263028571802961,0.00571978149198193,0.448383756139682,0.341638043586363,0.45072028516521,0.193640109975125,0.102520987368667,0.0100068355920719,-0.277337569221352,0.34680276637293,0.00885658758823216,-0.032237875974302,0.103695058224624,0.248075686983609,-0.0385141462557398,0.20385445906836,-0.00146533052189458,-0.0190518293545807,0.277449159114571,-0.307273074257938,-0.00022376835770854,0.0544431636652495,0.0628346174402798,0.165083207863484,-0.193627495344288,-0.0403598988088122,-0.141076647933195,-0.0751308421005124,-0.117466055795272
0.179954804931181,0.198709331600072,0.292345631868441,-0.148696802744938,-0.0473751035688682,0.216819464136504,0.226534690719219,0.276433782405441,0.311427577377172,0.381955747251344,0.548789079768764,0,0.276847097566668,0.140072378309813,-0.0369058293034489,-0.0139888197429966,0.359839551285983,0.165954179411902,0.228543011899878,-0.219475620821566,0.0961949391217494,0.00706229815437255,-0.0479285658880824,0.563440681246519,-0.0757794790980122,0.399151331188283,-0.258938078249786,-0.142671875367821,-0.0492622084765641,0.0671005382329427,0.0749482330082555,-0.254408704415881,-0.362103088703914,0.235987254501724,-0.119189301934242,0.0346511573689832,0.0427321212429268,-0.172008890737736,-0.0353178484915352,0.369678092821361,-0.101401688513312,0.101459922956282,0.183928980573788,-0.169263379942457,-0.0508367737604003,-0.156653160133054,-0.277564493027627,-0.256252896474002,-0.174486743385821,-0.118042063327486,0.0585565108741135,0.164421704467708,0.0649211118776886,-0.275254398435028,0.268078702941119,0.273168086540716,0.211236145139713,0.235044081777048,0.328838057308754,0.480179936766879,0.646128675384994,0.249809383442726,0.00779114866083153,0.0159091781341548,0.0494955195910365,-0.127787833034571,0.246683200151188,0.147005174308635,0.0376833060482679,0.0318599157123972,-0.0771493720632946,0.27172095132254,-0.0563570511484095,0.565984961350941,0.514704607100046,0.632328644284851,0.0749946438730009,0.022021725671515,-0.0139503586343959,-0.231733237126375,0.416893318224013,-0.0952059812507263,-0.0639113547144507,0.12220083197634,0.0690962296971872,-0.202196949744124,0.0965689189213067,-0.00411621945956099,0.0218485806122506,0.297361687178622,-0.338559066637645,-0.00287758024529936,0.0790798891367613,-0.119575942247551,0.295519174733525,-0.267790217394828,-0.109085468199144,-0.251508196711776,-0.0696564736970832,-0.0956917075004075
-0.202790291337695,0.264966947507945,0.294158385282558,0.0965973736847971,0.182963708731102,0.263571851162332,0.116435611589384,0.183315668799881,0.167061341643881,-0.198404893102819,0.198132032108638,0.276847097566668,0,0.448740097913011,0.147560797995692,-0.266404762252577,0.65305834396372,0.287110847887609,0.497261771088209,0.222278946806365,0.324069517267896,0.399131050956468,0.190784342695081,0.311738785556336,-0.263912754989194,0.292412063060261,0.143886288127044,0.0967195583077409,0.0685404128757281,0.211271489576812,-0.111410099176048,-0.0693289572608602,-0.320632090528544,0.353912213884043,0.0811374791965556,0.00990119444524405,-0.0394531639515323,-0.134843548422164,0.264357132369607,0.197308682354135,0.125776196232652,-0.153334032025407,0.191766153641403,-0.0884847254332349,0.0363295970718859,0.0744179740795159,0.0819225957227747,0.0188779687668534,-0.012273596749423,0.0263874514830807,-0.270201209773874,0.117079336216195,-0.0182734229720163,-0.114670601022609,0.256241928650747,0.215273807455117,0.0782374717579392,0.182738169678301,-0.128344923495556,0.400056856548409,0.466166617419194,0.817900906433568,0.287547346101194,0.391140193326167,0.320412791657211,0.164136926516462,0.052775905379337,0.572655374574611,0.354562107962811,0.189397935751597,0.217912926983329,0.383959343168252,0.163280829654129,0.21387502207233,0.511227329880266,0.0745466531077899,0.0611075767609428,0.106752147999146,-0.30392105958802,-0.137469655302633,0.266204001146641,0.043988088655586,-0.190229927615454,0.0767998721229255,0.122359123460053,-0.0729197866995293,-0.0267285905461992,0.0362346562227907,0.0719720555707988,0.246718515696094,-0.336421875453692,0.159922610384221,0.212453687111165,-0.307800307157195,0.101958056616553,-0.221366717724189,0.0511071675073095,-0.00260458492732841,-0.00649912653940101,0.0261714993800887
-0.233026979923042,0.0118507219290573,-0.0406554534163703,0.149131545318379,-0.0510569504719161,-0.0119685496450746,-0.176822959181534,-0.0805020253750374,-0.0831269233474037,-0.0937790578757745,0.113527199661812,0.140072378309813,0.448740097913011,0,0.685358692959796,-0.215132844867637,0.481775516905402,0.408850244135578,0.630483374659609,0.423138966656672,0.640038377212208,0.149758640420136,0.546334187742068,0.191467204669476,-0.274263640766736,0.0848662112341913,0.0823619086024208,0.135500136840961,0.266106291398821,0.480432139872111,0.0352950085092987,0.130567175708088,-0.186344326923761,0.323755226627562,-0.0494894608557672,0.0662466817246034,0.0716851365904039,-0.314130839866123,-0.0134045700010507,-0.123585447897633,-0.125596515380216,-0.0677072538880001,-0.0755125131051035,-0.0254156922978399,-0.108562422588179,0.198600140536137,0.3181240071579,0.186561832334854,-0.0997945479865254,0.0731595018374882,-0.331046553482342,-0.0304373783660447,0.076679143711306,-0.0123191675843475,-0.046462095712473,-0.0185644791935973,-0.066129540786311,-0.0324008037734864,-0.134496650903623,0.307456945996893,0.242240841248636,0.506841782160179,0.682385488620564,0.789505975762325,0.734001374434872,0.642406401555942,-0.101658536757662,0.580175010883798,0.573405152874374,0.432425036486897,0.66130517726069,0.339372919274688,0.622163573237507,0.0628454912416432,0.309249285226642,0.0754594825434701,0.408953320579055,0.468672742165524,-0.151264711572793,0.0816410039170372,0.264079163470667,-0.0202432012162169,-0.255412982459059,-0.00451297098498046,0.102774108369318,0.240768475549327,0.13635403968464,0.076348114836025,0.25464786309879,0.0942755573183144,-0.220109370187698,-0.166763669235691,0.0892236904682602,-0.311265615336302,0.0420448467573696,-0.195736194956539,0.142526633628489,0.288744793651618,0.00332760510185436,0.104358779815302
-0.339120026527407,-0.262748824051031,-0.340880892328668,0.0771760385872864,-0.202828084850017,-0.318844786934946,-0.451219676270946,-0.377494157191134,-0.318938170197445,-0.154665061106831,0.0147233256489988,-0.0369058293034489,0.147560797995692,0.685358692959796,0,-0.150969209636905,0.113518029836395,0.170900817371893,0.265307792692845,0.408648902381537,0.588968741713388,-0.0413040055502456,0.592805193441393,0.000564850295061866,-0.154982239837287,0.0622082417340822,0.0815020821372324,0.241838125335914,0.280234308775118,0.641520875144072,0.0437696901650692,0.280133168728118,-0.0333278458335561,0.0222845321047017,-0.167030867529829,0.0533102519071754,0.0464582794102429,-0.372885214909622,-0.231361099290658,-0.348130907972626,-0.318307591125982,-0.101178974595768,-0.232947585125816,-0.0668639118893243,-0.31278124665341,0.16419225272374,0.283790947686988,0.15926821251312,-0.127688144812462,-0.00313799274399661,-0.251982100551596,-0.264998774092053,-0.0529239604729667,0.0298003882748943,-0.351016323553793,-0.281550201623321,-0.299576588198384,-0.297021859328329,-0.204245859175751,0.135688233688283,0.0706623078538719,0.190543149765243,0.695127936023325,0.626832333810791,0.676718546096712,0.862775772618335,-0.26041029716762,0.273241768689598,0.418447957346815,0.391248116380493,0.746270060184294,0.282629110005358,0.712403422207669,-0.134631146717211,0.130058759800955,0.058076197187667,0.494265195952338,0.678091278187121,-0.0613923410766088,0.261241931176767,0.133843095807201,-0.0426319767051168,-0.319864566349849,-0.0420397741674736,0.180237169174284,0.383822323372825,0.12192267173654,0.20247546503064,0.298051694002445,0.0192674293247268,-0.0998590699597953,-0.297372504125633,-0.108696889459503,-0.281522251787359,0.0652960874061846,-0.180985794027857,0.183504158960173,0.419335740335012,0.0390991937861557,0.144473653081125
0.161673052533188,0.146373202607142,0.144954374933429,0.328736211724153,0.132140435327276,-0.0515730073696008,0.131521567955106,0.126977624890188,-0.0394287532574415,0.215360218464809,-0.243852986161602,-0.0139888197429966,-0.266404762252577,-0.215132844867637,-0.150969209636905,0,-0.0732219934381087,0.0754588008554,-0.131315268953252,-0.389661346399675,-0.00360095453594214,-0.358620097004841,-0.0698428441612667,0.0325994701941514,0.314673528855443,-0.0544577903366156,-0.384905954769744,-0.187770937151971,-0.101547214791373,-0.179596040414939,0.00355353464902159,0.326502562246196,0.282628611364233,-0.0597652588189091,-0.19196510949834,-0.222198072437436,-0.256624158701667,0.189150598537882,-0.237456908087874,0.241284698087436,-0.375083737501844,-0.149760185092512,-0.322557347672431,-0.381763502769995,-0.400083483565101,-0.614358028794168,-0.477055704219399,-0.193296991444752,-0.0960786630273154,-0.40187250765257,0.532732489961956,0.294097042094461,0.473825143375868,0.444319528678353,0.0113907346674118,0.0325593122254359,0.232779386719854,-0.00867469534227702,0.0804632806988551,-0.256143834398784,-0.136388187163814,-0.199735880060315,-0.234678247445548,-0.226664748619479,-0.0929628180491213,-0.0891789098090469,0.0611410603534246,-0.184599167295312,-0.238718071539284,-0.181984451339682,-0.0916541552763927,-0.292183792147655,-0.179807890148789,0.0845032594648821,-0.106730381928114,0.036846815948208,-0.122490642608291,-0.105837132672645,0.310105823056944,0.378718272926832,0.0808213630568556,-0.45148374473151,-0.254275862201876,-0.30311181276378,-0.380621742530109,-0.344452972883059,-0.320898404815878,-0.239951175054063,-0.271948226377116,-0.142699404957444,0.256810425768291,0.221307041974993,0.0203912552012161,0.0549386420640731,-0.19628837376876,-0.168947521532507,-0.457044258714246,-0.328467765047503,-0.142875608920589,-0.345612993994398
-0.123893965456328,0.523416400791575,0.442080983173873,0.300092536605177,0.299577070991901,0.382353599880004,0.385011168114971,0.445290543677106,0.328368206765223,-0.116343179400039,0.10932042600035,0.359839551285983,0.65305834396372,0.481775516905402,0.113518029836395,-0.0732219934381087,0,0.479861219528441,0.713895042599207,0.141454312522869,0.314565730637516,0.242378015805828,0.218482422882401,0.336262833665902,-0.313056760487568,0.0649023362400038,-0.0649201664129906,-0.0986868816027406,-0.0777067501188856,0.175255492108787,-0.105844705113755,-0.0735326946700401,-0.30915253110476,0.47849169722281,0.00303513080012059,0.0131504822817699,-0.051206632994499,-0.151412864247942,0.167525787214295,0.264615141286373,0.0294297144597468,-0.239104833257453,0.0613495129674445,-0.146126587517766,-0.0317176986570737,0.00155175000040382,-0.00188159648201989,0.0270803257537289,0.0402073083257135,0.10123876524365,-0.116400882166449,0.429065413578462,0.33234327171941,0.0781801190085062,0.357308014289214,0.383943600495209,0.33916029933019,0.399151487402326,-0.163293668655827,0.374860112097688,0.398205078972108,0.688885670416172,0.236271060698434,0.508872646484349,0.322278571221317,0.0873659526727861,0.198431528152339,0.743552142111777,0.415989071192668,0.339765771264943,0.223952078592289,0.221241181440596,0.182319653793911,0.271557160367346,0.508193032989321,-0.0137679726010307,-0.0253970453962475,0.0316425754601038,-0.324663885412415,-0.128872112787075,0.239578490187829,-0.0334282472910693,-0.229552067837739,-0.0105325861128461,-0.0899441295662458,-0.191744594724618,-0.0400133625590557,-0.17109917203242,0.0638442443937254,0.102515385231558,-0.332167629960778,0.128344276654592,0.181368607492907,-0.384603218955413,-0.119673183350303,-0.24668823155795,0.00518194199200479,-0.0607702972658064,0.0170343797154398,0.091881269508268
0.0198397707049073,0.327522606278345,0.325903989518112,0.224517211352298,0.0711429626825209,0.292273433317977,0.311111429001755,0.473891094405512,0.307922869798463,0.0338116497909794,0.127456542079649,0.165954179411902,0.287110847887609,0.408850244135578,0.170900817371893,0.0754588008554,0.479861219528441,0,0.588742603362776,0.318050210598602,0.423217599077725,0.271199594799237,0.471377767776179,0.480778801148362,-0.111373639001705,-0.00091073733422174,-0.0555601497144204,0.0357998833819654,0.311297718828898,0.134733834156214,0.0290768951133321,-0.147291953891918,-0.39777258376554,0.631829937785352,0.0995415802998146,0.248572261779821,0.133222771298009,-0.37313654752197,-0.0355314015599251,0.188150591570944,0.000442015384820608,-0.191463497774186,-0.146094073530899,-0.174929803431426,-0.0851385472201769,-0.0392876888129741,0.103045643786496,0.13298155662001,0.119534642662218,0.0954486469935866,-0.0999502389150158,0.360589283096101,0.349584155448408,0.0200226927694437,0.179558774486209,0.380276036531556,0.466878583276431,0.462947351978191,0.0583621307376306,0.300143452859623,0.199320236555398,0.288464951725718,0.285054506775003,0.400505428002862,0.329126243681381,0.154410070363505,0.261018524267542,0.496502464972709,0.516621610682155,0.614573892646944,0.399091449656275,0.282970104261515,0.434488413777267,0.268963321264695,0.360922704081931,0.0754098406032588,0.348771432384563,0.165058968484308,-0.240025567958075,-0.161199102142919,0.442159955501877,-0.0252994943108619,-0.320658803707686,0.0788511534052306,-0.0365992540741867,-0.0216877227571824,0.122342422212811,-0.119785182676912,0.222364580718099,0.199164712647963,-0.399826556832021,-0.109185587270271,-0.0138266706473886,-0.274322155838881,-0.0678266116144887,-0.311688928883538,-0.0866446252583287,0.0429415289202664,0.132381432180204,0.0327334131829289
-0.143711717647353,0.361966041421081,0.292195647211556,0.266841936872606,0.17548300737404,0.253686924699442,0.257940668757585,0.3561049433333,0.238389814475618,-0.163458987512229,0.176507517453217,0.228543011899878,0.497261771088209,0.630483374659609,0.265307792692845,-0.131315268953252,0.713895042599207,0.588742603362776,0,0.274778486211978,0.491817316398306,0.256763160401404,0.361023408601447,0.350659794989165,-0.202891188140644,0.0972914087009391,-0.00033292942994423,0.0165693366204366,0.211076902273804,0.220408379060131,-0.0133745108958122,-0.0248393031857292,-0.284324746191388,0.526666366237199,-0.0281031234175072,0.0292926508173117,0.068138722559495,-0.253390998516536,0.143300160028589,0.0860404435267932,0.0314372365904096,-0.19731273259964,0.0225231662646897,-0.0584816771184977,-0.0380587237322931,0.102452289649742,0.123453544232802,0.01096661946269,-0.0232994569138772,0.147180322327397,-0.259108335712263,0.363402566070952,0.349604598949861,0.0805164954835302,0.213759054255287,0.292350632775929,0.307261369371411,0.323502008286851,-0.147636166556364,0.305262106525178,0.339525828415707,0.541543393888852,0.408795411617469,0.586764867899792,0.498603890534602,0.222568184368627,0.121659676810082,0.736212433052931,0.521480366012285,0.375713533059122,0.398881190418141,0.275211028816227,0.36242456947061,0.214712317068645,0.402097330387869,0.0146157178680201,0.275412167440254,0.172483412385538,-0.217693139932885,-0.0682655923939956,0.333815820598243,-0.0362155059756552,-0.239853613142646,-0.0449644251522724,-0.0199117780479407,-0.0533597430354821,0.0563242658776995,-0.186803521960261,0.0933657518760337,0.123671307581658,-0.311804032602897,0.0531278837143428,0.123406801050608,-0.273004269665785,-0.0938280692607115,-0.218253188213632,0.0299836037061253,-0.0226705266068249,-0.0131684352220037,0.0563814897853322
-0.206692496765092,-0.117534376697991,-0.165534005544704,0.00871398643368986,-0.134681989431678,-0.0849261256573224,-0.0953370940366027,-0.12550054228539,-0.0720632790455234,-0.22076425749682,-0.0991915153544783,-0.219475620821566,0.222278946806365,0.423138966656672,0.408648902381537,-0.389661346399675,0.141454312522869,0.318050210598602,0.274778486211978,0,0.342956365567998,0.209394285859673,0.386037749004098,-0.00492617199929912,-0.322737384106846,-0.17823936557312,0.285047765737572,0.178292485103386,0.392962904919685,0.35137393493039,0.0510192270089934,-0.00463293771650831,-0.0895514309284879,0.222266745950337,0.138361578822493,0.417070465301048,0.38586135007212,-0.29656067700828,-0.00478186066187727,-0.198756106280752,0.293175511547908,-0.102822465013397,0.0275654509111289,0.214368411554628,0.204001580522226,0.418982932015835,0.579736199260801,0.40500615856824,0.19715384998961,0.556430906675814,-0.413483541354309,-0.150277708008659,-0.165323736295494,-0.135279678029415,-0.173130803816297,-0.0955313853700188,-0.151011452750182,0.00916855834134008,-0.243857954460318,0.115839634020473,-0.0730499496907248,0.192748159947858,0.477974489418009,0.489073249884731,0.398729680917608,0.426651536838736,0.0436824147787971,0.37600513608102,0.479224503262448,0.475261708742562,0.551457215098759,0.271357351670066,0.481010114398188,-0.192881076768021,0.133043000238086,-0.216208236665487,0.428447748460451,0.319657193814806,-0.239755431664664,-0.0267081791553974,0.0489075748592009,0.424063400072595,-0.0076703650706412,0.116196546433418,0.250029049548499,0.451810865606477,0.321939818101244,0.0318885724291836,0.615795438514631,0.204456463237148,-0.114182134472823,-0.283087174590682,-0.0103307920941637,-0.26239433141791,0.0702207162156714,0.0524988517406998,0.414810415881892,0.536591290210076,0.260578213015173,0.526085873843777
-0.138906870004726,0.0558841374485672,0.0493463156169094,0.211346338940858,0.0107821555548139,-0.0196021220246405,-0.148333298646276,-0.00371709505147336,-0.0342551832398443,-0.0750871629535244,0.11264145437923,0.0961949391217494,0.324069517267896,0.640038377212208,0.588968741713388,-0.00360095453594214,0.314565730637516,0.423217599077725,0.491817316398306,0.342956365567998,0,0.0432691973594403,0.520131697194981,0.240033864597434,-0.177171184919344,0.210974967914334,-0.0388544861975362,0.0644884954272717,0.352472515192364,0.34130472771044,0.0803137053417737,0.255005168988306,-0.205547948705915,0.265493703072001,-0.188617776098586,-0.0112378872043495,-0.0682705524451888,-0.275939855913628,-0.165468812835108,-0.0923627348799524,-0.256736071732809,-0.183578637710215,-0.180954972825434,-0.104428664037126,-0.273164763556222,-0.0672196847176595,0.0593811979859675,-0.0295131628900711,-0.107442025323679,-0.0865355226470252,-0.135117804273112,0.109822547090878,0.177611533707792,0.0955807140348116,-0.0509245956275069,0.00420489110948614,0.0698262433469551,0.0215284075077544,-0.124083695453486,0.174125916624513,0.239299003608416,0.326828704698148,0.599832603866616,0.591465406992985,0.735189477044651,0.607579263924559,-0.00230873015554279,0.417699036736463,0.453213805490963,0.266660759901432,0.714898900968626,0.327487133750758,0.561172601679739,0.153558015335181,0.341034911334608,0.164158395850154,0.446021404511415,0.390324860805541,-0.036193452985997,0.229664852209986,0.399335142946079,-0.175394897730021,-0.401594890245069,-0.117859654324253,0.0506745025167276,0.0885212843949578,-0.0150491972788712,-0.00575318343325418,0.170807809495201,0.198277915419561,-0.206887415947746,0.0112176670305195,0.0336626065993376,-0.304016173581577,0.112651473173465,-0.249285955606662,-0.0429729261024964,0.13300934636906,-0.0324936908339617,-0.055680545019709
