0,0.364582351059346,0.71490572101962,-0.511205713229766,-0.278666412777988,0.582087634767186,-0.0922642832969904,-0.501939411542013,-0.370288252598767,0.021290117388384,0.00872475174948195,-0.204879646812813,-0.650604388985894,-0.580302101495738,-0.593422173205118,0.55082143340728,-0.551408239011753,-0.577412613151216,-0.468002459281464,-0.535410078882847,-0.613008319580045,-0.428081241769193,-0.556790463892871,-0.467828688770521,0.499927562360639,-0.143202085419121,-0.548938688866487,-0.128753936115545,-0.326154463598697,-0.426472980033221,-0.206134814224238,0.748992597651135,0.0447645065498665,-0.401583109640496,-0.582934047950085,-0.192772341141815,0.158478046262443,0.16444747973923,-0.144155469212666,-0.259462093773383,-0.60832756149502,-0.33537193574069,-0.648273333837632,-0.575622182312876,-0.671733524552339,-0.554743197248873,-0.586320891409775,-0.525731913840187,0.307651899848746,0.0227743323558741,0.658644127698821,0.668705783227005,0.0283008697544889,-0.333448139703466,0.558943823372988,0.699680127503734,-0.16226574284497,-0.139428923528119,0.1983409698089,0.26750503317493,0.0985173704440734,-0.270064748161064,-0.332245302058044,-0.43620397513389,-0.270855513792359,-0.352298132803799,-0.0503923705087436,-0.206917236312223,-0.0566721589223764,-0.00459924580866631,-0.323165473993901,-0.148485339929383,-0.304226407159607,-0.00986940190512772,0.0355355920832569,0.236313741616871,-0.0469871707274169,-0.315623592038114,0.0624326597310443,0.305737420251796,-0.221464000274827,-0.0313063887020729,-0.582052122884491,-0.404361380949178,-0.416473413820058,-0.243479822082403,0.327118202564672,-0.310504207390569,0.0704323082571851,-0.149933670260962,-0.148090837460825,0.239241463760129,-0.119365051796577,0.522705697787887,-0.0605816759394938,-0.660534659621255,-0.645405859913996,-0.513089853188367,0.529168783038473,0.371815771387162
0.364582351059346,0,0.55271735015002,0.141816672342624,0.323960208738525,0.399809964462935,0.152887995902015,-0.0590064704451313,-0.108916630133374,-0.0805369941150317,-0.0860389845547423,-0.183252159650761,-0.420656008321447,-0.399143305728539,-0.379859896590925,0.535013192992559,-0.421546228617195,-0.408780998723833,-0.367640225950982,-0.40182056822121,-0.402730826030867,-0.3367652938959,-0.289874043122038,-0.357545400022581,0.176842501140393,-0.182835492657887,-0.226643119750667,-0.228567793596182,-0.189420304806407,-0.242456597860059,-0.18848476741129,0.328907303210955,0.160819593380624,-0.341636387470616,-0.437657283791534,-0.237324084009896,0.0130010362814839,0.0631827700442769,-0.0896726053331434,-0.127167343272323,-0.36796195605055,-0.331346303698305,-0.474623426517203,-0.406491785007805,-0.449062093470372,-0.308898855175604,-0.268392373650346,-0.158865302266613,0.0427823648845243,-0.116656148302596,0.404103065366273,0.576524197042385,0.25990057422071,0.0505593941622355,0.45752305155176,0.383078924991173,0.157012217237559,0.0406081826895625,-0.085224027061439,0.0556093175379283,-0.0546314930223856,-0.173259250564849,-0.185326800128192,-0.23926519147892,-0.209055874863551,-0.19429136455878,-0.067654835222739,-0.143613485723461,-0.0148850731482522,-0.0980220774425078,-0.231137296111925,-0.14031101272924,-0.182902561187879,-0.0182062945725034,-0.164869095088197,0.0328385468226345,-0.02855902765041,-0.245132278403561,-0.209098823964815,0.0457416848723692,-0.188584946789619,-0.178962060306425,-0.413901432720202,-0.391356669216819,-0.286238806631225,-0.240508201633699,0.141779192070308,-0.286794458799287,-0.130221589884991,-0.171000774871928,0.016740943303964,0.0555857794076802,-0.0305442834701009,0.120557170947361,-0.173492715126994,-0.446285741986305,-0.318580111720256,-0.272274666199945,0.181702383075238,0.0619024316277305
0.71490572101962,0.55271735015002,0,-0.414048662978192,-0.160051586348913,0.627414384449369,-0.0596158199677656,-0.439998192900154,-0.357775867712975,0.187937246166451,0.065540346294749,-0.0811745834796963,-0.699807727312615,-0.698628753260594,-0.723951717361053,0.540447948542913,-0.630843267778731,-0.627643476256626,-0.526799722333827,-0.541159320779877,-0.691343664322414,-0.571062610755411,-0.551882999905444,-0.446128015714667,0.426798329967132,-0.152574058521437,-0.527109536960885,-0.197707551441046,-0.351116390291884,-0.392466887687424,-0.250713357322492,0.682305469724326,0.0491398428981772,-0.482215650818166,-0.711517148353529,-0.204823568791972,0.178374622688537,0.190396407381973,-0.0101788782064813,-0.2240047436578,-0.535636937576794,-0.254590461057354,-0.611936489364984,-0.567215919275031,-0.72716784982973,-0.510970123272191,-0.591318582493569,-0.511403258162834,0.293631862710311,0.0348705444529002,0.747146749922478,0.776862338813117,0.130662640387206,-0.170650227494366,0.575056699969024,0.765878079590968,-0.0547836471496005,-0.0864807369321513,0.113782312458537,0.372673895927629,0.0954098085514481,-0.232001389367298,-0.410060543264911,-0.496308455528413,-0.359146679903572,-0.464747872002801,-0.126683567563982,-0.246467768780187,-0.107546230316271,-0.102695047245898,-0.393847278561009,-0.258994026411757,-0.356410425724291,-0.0631841588565509,-0.069616416021894,0.231416116269409,-0.114523060777861,-0.318231451130138,-0.128044121854911,0.293143897178363,-0.258787430068211,-0.118598745623139,-0.676370455946681,-0.5483956862233,-0.507569173917344,-0.379774641479537,0.264950003655573,-0.386785273469899,0.0307646852635147,-0.167273938258892,-0.14458631628558,0.204037639205428,-0.13252892852411,0.399468684440797,-0.0401841555741037,-0.691364744368559,-0.632062283999648,-0.547634905966498,0.441884543461284,0.343196599838601
-0.511205713229766,0.141816672342624,-0.414048662978192,0,0.654024468355978,-0.29296222800644,0.270569913031766,0.595938405759067,0.399807911329983,-0.122772222354786,-0.206903141184957,-0.0163594510995078,0.383660439681933,0.471919914146989,0.468313279419404,-0.28915195906842,0.264404017777766,0.279073504147162,0.238396139676924,0.216348627110758,0.364650147514755,0.201474531108062,0.528546181935633,0.212228913099614,-0.376521025188251,-0.113735841837762,0.356723714558811,0.00416777391889752,0.0658054093945577,0.412431521789074,0.0538829869107007,-0.469142340166501,0.00233581282998494,0.0921800594613427,0.300755616314126,0.120363249546751,-0.332546592013535,-0.0470559853351808,0.0746496277043684,0.190153945666686,0.298517319535762,0.132783055949702,0.234695796948425,0.346028802495235,0.383750449103413,0.401253241025559,0.468905784053458,0.417461444246909,-0.224590842983784,-0.126720928906554,-0.502734314927738,-0.342536935765685,0.206613328046118,0.471992778924056,-0.35522394918218,-0.501784046621588,0.310672139100639,0.289635511082201,-0.186860804262477,-0.14146470281275,0.0551794377349107,0.145062122087082,0.236527290947052,0.31957874353448,0.10128706329839,0.3956191567023,0.173862279146736,0.0686628187778277,-0.0647798405759156,-0.160897832922128,0.0933215312127915,-0.00146879241365284,0.253367808322285,-0.0398043885723041,0.00503566375259499,-0.133079549506474,-0.0654203127429026,0.28610515161597,-0.150899649419221,-0.244924400888528,0.0675470012187491,-0.0577040749587822,0.273864191589653,0.148507180641202,0.23626139530332,0.205332838444069,-0.341851187783286,0.204739726832465,-0.177143299980279,0.0469546251261487,0.13881069623326,-0.13124546723225,0.106480469216908,-0.294547499316439,-0.0819540436884327,0.419352598081376,0.485300444231136,0.445952731494768,-0.375581244603822,-0.369533221624367
-0.278666412777988,0.323960208738525,-0.160051586348913,0.654024468355978,0,-0.101094426150944,0.2204972105663,0.3966958740345,0.309477732099793,-0.133884117672943,-0.169010436324173,0.00029506326282093,0.216765189900812,0.288591408410838,0.259729921920323,-0.111529418889947,0.159883872188183,0.137625034912234,0.211804598383897,0.070994419649676,0.185330704079422,0.197391432121305,0.300155049055939,0.0816013472566587,-0.274235461227003,-0.117207010659002,0.211296038933667,0.0197151255326488,0.0999755655065394,0.211704486561738,0.0579164378575595,-0.379853327033793,0.059565949158561,0.0948304368689874,0.224353009040912,0.030838220684229,-0.136948847963225,-0.103653214808327,0.0342909277243781,0.0707947356615332,0.195173674393045,0.0647720203456255,0.0981628610201539,0.180305260995526,0.213648826430937,0.255412137587713,0.332513463440605,0.321912149694696,-0.133408182807635,-0.0414801672714532,-0.300657769357185,-0.166773031594636,0.287257287880715,0.522174166902075,-0.105363151690009,-0.297936924413905,0.262672629084981,0.134751445962947,-0.21676077085982,-0.1456756908437,-0.0481220827436106,-0.0426344048449802,0.0794994087032516,0.110544070304905,-0.0190551328359076,0.197321054805278,0.067295376169828,0.0433111431421998,0.0213732168706052,-0.122651326443952,-0.0136609773006996,-0.0766054735817442,0.156766829077185,-0.105331912527215,-0.12872469061766,-0.226966360649263,0.0154844979563722,0.128193509431751,-0.169001356935779,-0.337801021292397,-0.0474683914245603,0.00587672423224666,0.150392382261279,-0.0354963676786091,0.0748148119961305,0.0828910819818123,-0.164405638227636,0.105974009254105,-0.154219411211319,-0.0473762454492387,0.20481318829088,-0.14676936005597,0.0601784307689652,-0.224068205565483,-0.20966885735358,0.218077967988735,0.280001745297601,0.293010315546733,-0.242164593483639,-0.204334007185034
0.582087634767186,0.399809964462935,0.627414384449369,-0.29296222800644,-0.101094426150944,0,0.228614009659921,-0.177578794912254,-0.0804755586375805,0.076271534240977,0.0172137088423429,-0.0607690259855846,-0.535029817698284,-0.58857047975316,-0.552786673495239,0.378907513854704,-0.477607107801168,-0.449950382378171,-0.33973798227888,-0.436425636994856,-0.438968713884382,-0.511440623758472,-0.548225176026924,-0.403270756682634,0.254301314731035,-0.18446933329543,-0.507397696833347,-0.374438838567554,-0.173428811917576,-0.519310179743444,-0.0839047029565631,0.445749893908775,0.0317336698366996,-0.380366405587465,-0.573710520789221,-0.205669020502538,0.155513813392215,0.258068410009653,-0.0491632015645071,-0.131656325915745,-0.368042664379177,-0.216232212325215,-0.504104026530028,-0.367704207400412,-0.603253029143763,-0.518629105604808,-0.528920700486409,-0.447245106795981,0.502824795846861,0.230236022325649,0.526719589336422,0.543716020547486,0.0418944833460192,-0.138376245775388,0.718795426828973,0.722436116997133,0.143515643898193,0.0838690029107706,0.0767171190233609,0.211501867529289,0.0501965154946431,-0.121386599223534,-0.275124018136923,-0.393207733695503,-0.196142959369461,-0.44061628167536,0.107490105864047,-0.0837031880131427,-0.081987590589751,-0.136769844480964,-0.20356856214372,-0.19067867770231,-0.434314872507235,0.121799144830819,-0.048945137768201,0.143089821642951,-0.00154642922267302,-0.442475792519924,-0.0119302327853823,0.302486606545367,-0.237776678473975,-0.145961680132291,-0.519002092382636,-0.438227950639867,-0.548900460106953,-0.445504056225328,0.228473957049125,-0.511289454533751,-0.0707209941900985,-0.233450395235556,-0.0202601954189588,0.361915782487467,0.155581987701394,0.318531171515203,-0.0670120077374431,-0.474283178140478,-0.564481920537579,-0.527692229662149,0.518049914614224,0.45074913144085
-0.0922642832969904,0.152887995902015,-0.0596158199677656,0.270569913031766,0.2204972105663,0.228614009659921,0,0.650724858466665,0.607042508927334,0.0592603488367272,-0.2047593309281,-0.0183779082937637,0.022778409540202,0.0425072594110191,0.0330550036089262,0.252096835651909,0.0876377475189866,0.294000227353504,0.0235261720308932,0.160307142904883,0.128039502725956,0.0321481831394478,0.0178631711575561,0.175528924981482,0.0240572578607038,0.116274501086433,0.183692545879496,-0.0916320895639951,0.0821520270621178,-0.14881169365108,0.245216008957226,-0.247927043603669,0.278965682846736,0.0763078575970295,0.0841394793089881,0.118744470569255,-0.183883294227363,0.288625717333157,0.0386931598360592,0.419729373686009,0.161567137562915,0.249867806338718,0.0825029956324024,0.181183785327532,0.154096458166038,-0.0993667315352756,-0.0727965312602775,0.0153646969302953,-0.0223152721346512,-0.116805331655319,-0.24446921369838,-0.13583678383403,0.0390288856932529,-0.0764647467929866,0.0976594215085285,-0.115044789707814,0.444566108680873,0.576953746953871,-0.0766963650178922,-0.132850856233967,-0.0313824427478977,-0.0236983661832154,0.00998901978951931,0.0193366388155743,-0.0159238551036537,0.0118002011903294,0.231363327111077,0.113802213075984,0.0498858270070963,0.0559178288128287,0.151888103831675,0.123321222744624,0.0249852914095647,0.224167945948891,0.1188260774719,-0.038633440242934,0.0370130173815913,-0.0584885168126413,-0.00430407825016853,-0.362734280858067,0.221006069366782,-0.113541182587289,0.231520002050072,0.125213537621924,0.0979132083977035,-0.189946880565443,-0.250335983116837,-0.0462604691693314,-0.049935836769822,0.0980325802901717,0.0232806126927119,-0.033449121924308,0.154598696415279,-0.0662722821338434,-0.221256586042258,0.182831608954053,0.00934618118499562,-0.0463603133996678,-0.0615733435754706,-0.221222763491129
-0.501939411542013,-0.0590064704451313,-0.439998192900154,0.595938405759067,0.3966958740345,-0.177578794912254,0.650724858466665,0,0.785905168500062,0.0358996209492321,-0.239157297949001,0.0674482389879792,0.418410177888307,0.38064144099205,0.417878785473331,-0.173070788237095,0.350816467557104,0.581010544957588,0.24656299008976,0.425486606235478,0.452786506311765,0.259820775727893,0.380780039430235,0.415348540903887,-0.334647173336566,0.110001632086868,0.439453042788814,0.0375649042181048,0.216417143979975,0.228019686321776,0.227458579933902,-0.564842401217937,0.250134177743398,0.287286932250812,0.406855887715356,0.322459105029436,-0.355380219025794,0.141079494338683,0.158534782647015,0.476015445063089,0.519876483025086,0.451524258799083,0.463803427793988,0.52859609560734,0.542196471157739,0.308596915414332,0.305645539498641,0.347955883815032,-0.191444730387508,-0.063500354592873,-0.590472151935245,-0.518408474755256,-0.00695404410275398,0.0971233029984921,-0.344457103302483,-0.541091598118624,0.502002340838329,0.627542398863684,-0.0889041175427922,-0.101209688068929,0.107075469692337,0.201348620318726,0.290009917543045,0.336898593974123,0.132409706860591,0.245477110238288,0.289826460662875,0.190773901635236,0.0340893165007617,0.0271169786265227,0.240933445987108,0.122994398766167,0.188301332642494,0.131114074675589,0.162534838730773,-0.0984699368298339,-0.0309305559241306,0.191397474672536,-0.072301284224302,-0.408249718740612,0.267862955206094,0.00171037604216931,0.49687172413122,0.302354406867304,0.334911250915877,0.122944808719296,-0.462810700344903,0.201927195495598,-0.0976642905095282,0.165702909802858,0.109795983498708,-0.163011567608969,0.109013847066015,-0.269798487286006,-0.125962439730516,0.558231858053532,0.432913578835451,0.331051001530238,-0.398374813670234,-0.408967534811327
-0.370288252598767,-0.108916630133374,-0.357775867712975,0.399807911329983,0.309477732099793,-0.0804755586375805,0.607042508927334,0.785905168500062,0,0.0321535398347035,-0.20929695618033,-0.0433544909498253,0.295932453651677,0.256626008148496,0.279196725800019,-0.102469439234451,0.222297497078888,0.554557192561068,0.174369292382794,0.33551432263073,0.311664315267811,0.186667656937404,0.18999533436486,0.23486416164127,-0.264571120144295,0.0272405417954539,0.26704115051638,-0.0306133120349755,0.0765290288794236,0.085061563414282,0.269957779728227,-0.48393666787095,0.253344887295447,0.314207608340246,0.319928635656929,0.453642467268822,-0.270977777465884,0.188057886241673,0.230672651341739,0.516356058091571,0.496125944380237,0.403822652491161,0.423806919944411,0.458602500278903,0.50389185623117,0.14585271161994,0.171451618667623,0.191839174350202,-0.0132163025025601,0.0715489975345643,-0.512858289930075,-0.411164645000029,0.00678611577056561,0.00841656399883173,-0.251008793268654,-0.369267465762499,0.506272840707424,0.694484866897972,0.0139403931835684,-0.102988196638262,0.0605162327110392,0.13669222718255,0.186513439361165,0.28634456714767,0.0529975689563274,0.14349313511115,0.431068577072711,0.178310559510766,0.0680537961069191,0.1124419218049,0.127164700239813,0.107049098295588,0.0853494850655609,0.27094061795533,0.165640645406294,-0.110212180646996,-0.11865637016246,0.0156407914886877,0.0328117744488374,-0.409332881087738,0.168444170806046,0.122016355047907,0.454181762826603,0.219562194265604,0.239052151489693,0.142424987944216,-0.386557824312234,0.126917082135065,0.0418695174918827,0.214990824882959,0.0673750123227274,-0.0451423881443601,0.171167283663702,-0.219746494277941,-0.150465176139554,0.479852798444551,0.259716812930198,0.201750098721222,-0.187655407289282,-0.211963040155283
0.021290117388384,-0.0805369941150317,0.187937246166451,-0.122772222354786,-0.133884117672943,0.076271534240977,0.0592603488367272,0.0358996209492321,0.0321535398347035,0,0.320354085311116,0.506478080584932,-0.0631342242347685,-0.133569489451486,-0.119957605361311,-0.0857177820321726,-0.0238940313428636,0.113491091006602,0.0291832785154392,0.124136741495783,0.0177396456262181,-0.123934667174262,0.0400175740333405,0.370710090430714,0.318353402560277,0.25492793914144,-0.00332211535756066,0.116953209020286,0.128559424012967,0.0491340921852902,-0.00140869793575041,0.107149252108314,-0.0816982626681166,0.0101591000916644,-0.143828617738539,0.112050698349384,0.100202723452688,0.287254451219369,0.157477293487527,0.0711744734126798,0.156732186417706,0.479672520251905,0.116465808448415,0.0949409071121073,-0.0323423723915147,-0.0254327436847526,-0.165402265187318,-0.0650669970908557,0.0440473417118627,0.0917540829944099,0.0719857185501899,-0.043453285107232,-0.105731778670463,-0.0781810762148675,-0.0748218908846367,0.103983137291404,-0.225029064655478,0.0653946974768454,0.152465550871487,0.52411985994501,0.459498055122415,0.113070843960438,-0.112719854226486,-0.183801468456361,-0.0205389732075886,-0.107528965837946,-0.294513117352869,-0.0109827480762076,-0.0757966532120301,-0.0614950384064506,0.0174075876525877,-0.0544788829683585,-0.0542542499354732,-0.281818057893257,0.272581582558216,0.321343448730626,0.0176546463129938,0.168869948504349,-0.179431905484411,-0.110097251121313,0.110900070731015,-0.0170005211921239,-0.0635412049107876,-0.126276183851412,-0.128244878897995,-0.232880537207603,-0.00887704697074711,0.0610974063995849,0.100545127428581,-0.049133115126589,-0.187315003732038,-0.0851887484220018,-0.188519554162703,0.0937722875744141,0.057106308622674,0.0201120976382713,-0.0914928920770714,-0.0502693352426357,-0.0371441791347788,0.0919769520334305
0.00872475174948195,-0.0860389845547423,0.065540346294749,-0.206903141184957,-0.169010436324173,0.0172137088423429,-0.2047593309281,-0.239157297949001,-0.20929695618033,0.320354085311116,0,0.46434063915479,-0.0523106781655477,-0.066099892310142,-0.0634961264292297,0.0209441684081322,-0.0675870268021977,-0.0809503695954079,0.0982609855764182,-0.0399880427453124,-0.0710294287445943,-0.0652773118047544,-0.10593502487133,0.177592611875006,0.348716454260041,0.300824849500389,-0.213505991863567,-0.134365148839621,0.0824209730136144,-0.0724144438872987,-0.199069487326589,0.228824916384284,-0.100317942960364,-0.0551986457919759,-0.155128446341362,-0.12148345691176,0.218220836396865,0.278033115996896,0.206186828157728,-0.067115808382387,-0.00247463324315079,0.00265639653241331,0.0209266158774365,-0.13154075541304,-0.144270923641493,-0.152520105951818,-0.0904165484062654,-0.244010249800259,0.046159399506686,0.0173400127315332,0.190381207083382,0.0532514280810685,0.104234197694623,0.0191994940866008,0.0942940612308086,0.145783112255077,-0.162295287920084,-0.170348978268029,0.0289954580162524,0.0202515765624538,-0.00876666517097885,0.251217997569422,-0.12214962488327,-0.160040789429953,-0.00965177546829397,-0.0451988534953567,-0.273999780879555,-0.018618886548576,-0.09720731721004,-0.0766640954170687,0.0229822556761145,-0.0737739828918814,-0.175502430462512,-0.32911649690286,0.028172704710896,0.170095911007404,0.117324236442367,-0.0208760416989855,-0.150764513264813,0.102712593047269,-0.0550151488468101,-0.090846467966873,-0.174221737906969,-0.0474071699275444,-0.20865299177109,-0.043066622596768,0.257640151742632,-0.152399608774706,0.0404452920058361,-0.166741237232872,0.00543995423172563,0.0216852015988292,0.018734040182328,-0.208695847753964,0.0508391329127101,-0.143304130180374,-0.161031123641825,-0.220056399911825,0.0601361773478796,0.0805102440577505
-0.204879646812813,-0.183252159650761,-0.0811745834796963,-0.0163594510995078,0.00029506326282093,-0.0607690259855846,-0.0183779082937637,0.0674482389879792,-0.0433544909498253,0.506478080584932,0.46434063915479,0,0.201229607449386,0.101799670560297,0.0754564067998485,-0.160327208152483,0.294424121105792,0.231254187411023,0.368080108972375,0.267700097145328,0.278547828534666,0.100320079545765,0.171119780805051,0.574257689800018,0.0410875796110852,0.471730153974918,0.0322264030995853,0.111278893358948,0.332698092461506,0.157251243685808,-0.00825698084430261,-0.164613534465908,-0.231229738764685,0.145688556326347,0.0781179015645454,-0.0868556662615083,0.15492373832539,0.0952298666780856,0.0279186276877277,-0.00606160979085608,0.248404747381375,0.391693632767376,0.27476019695996,0.227296410461063,0.0780161269945964,0.113438859651205,0.0129389180444038,0.0537747723808991,-0.0277183382645669,0.12028309384575,-0.069115940232858,-0.25017728595643,-0.048039674562521,0.132299490121172,-0.184885769663685,-0.0690884346539934,-0.184054657503365,-0.135710006492709,-0.150495302745147,0.19816882693413,0.185826251850964,0.203031784314673,0.0417666288598649,-0.0953752994200414,0.221121010484347,-0.0707566689040297,-0.365814987640517,0.213468328562659,0.0772010866329415,-0.0189205083428837,0.246295243826164,0.0249598791821903,-0.00260778074494709,-0.315101129497001,0.199979935184677,0.224010282819749,0.160043495286701,0.254108923609163,-0.186543696897074,-0.169608356373494,0.229098733649658,-0.141929393675708,0.0402548184140606,-0.0656681619776889,-0.0983806703375416,-0.201090862746091,0.00159066709630697,0.0281161154250419,-0.0147745957670555,-0.115945280939223,-0.141681118843663,-0.110872185919174,-0.249286937952289,-0.19428565888656,-0.0273895624326648,0.162052715273504,0.0761619128928058,0.0234795483934452,-0.178138536193161,-0.0216166570382462
-0.650604388985894,-0.420656008321447,-0.699807727312615,0.383660439681933,0.216765189900812,-0.535029817698284,0.022778409540202,0.418410177888307,0.295932453651677,-0.0631342242347685,-0.0523106781655477,0.201229607449386,0,0.678491958894082,0.679531519807675,-0.551580902232032,0.717786320539825,0.573666175294676,0.532177035644853,0.477847133814749,0.661659974387808,0.617475568295079,0.556503397314765,0.483501635194578,-0.465224203313247,0.166931121034949,0.51858392644898,0.230711373673904,0.408354015830068,0.386939359215852,0.15194023694557,-0.588204815001556,-0.0253891325485578,0.500731924600701,0.696001072351576,0.138952423045652,-0.172608576733615,-0.184281721214067,0.0465462579090756,0.138969437498042,0.579038199891214,0.267454878885515,0.625485789811314,0.545672565205758,0.673447336664094,0.534904872801008,0.621307345996705,0.568798086396285,-0.291974894353555,-0.0357371275136716,-0.62253259712563,-0.682171745541153,-0.134974365211562,0.165674566857347,-0.565556936735413,-0.659307921210713,0.0132943855141751,0.0623061991434467,-0.240635355445979,-0.290036145942505,-0.0578593822878532,0.392050427281337,0.465854086686018,0.436576107140891,0.319059153490144,0.391822953343492,-0.0162550341590659,0.206716940599166,0.0549778975418332,0.00566116589913174,0.368556680991405,0.156834312344343,0.344282779587314,-0.117091592487855,-0.0562949443616133,-0.29596885849801,0.146275830871615,0.302517465386887,-0.0485159298365331,-0.260625183607744,0.157052062877824,0.0367879764490205,0.554784680346529,0.402680586035873,0.419754246055122,0.375561920751329,-0.268072181874966,0.355555171841682,-0.123023417649325,0.00870421207709268,0.0807168453234906,-0.269432862056012,0.0246084633418733,-0.447962944633332,-0.0491345030561433,0.639443158212699,0.614911713791436,0.570074877457658,-0.468452381150262,-0.34555849946437
-0.580302101495738,-0.399143305728539,-0.698628753260594,0.471919914146989,0.288591408410838,-0.58857047975316,0.0425072594110191,0.38064144099205,0.256626008148496,-0.133569489451486,-0.066099892310142,0.101799670560297,0.678491958894082,0,0.814259070696547,-0.464180516907152,0.605706573245063,0.480975024668574,0.633472777848058,0.409045066637674,0.678345013127402,0.608817088046028,0.763642728383914,0.434013366465953,-0.315765393913704,0.151971122553288,0.586804680176472,0.363144292742283,0.258078208503195,0.570543840723095,0.167664162938296,-0.557493340098281,-0.0661764195507717,0.360047508254407,0.718743892410148,0.160529746148798,-0.228129248404521,-0.220969683062634,-0.000421787331455412,0.12808417168549,0.376881237036506,0.168864058306328,0.481556845708335,0.493436402860282,0.67043571155255,0.567643706225231,0.680431572268468,0.562110329399575,-0.347931932169369,-0.225469250071751,-0.66541692768821,-0.691111264891577,-0.157899588154691,0.138009921149742,-0.620718006008775,-0.710399709691703,-0.0614562255084693,0.0437098743571903,-0.138862141123941,-0.333739530261599,-0.0833361303379416,0.0960978524589274,0.347316543128594,0.517404677079785,0.33378077844032,0.698463192968489,-0.0413052395999875,0.148270699686157,-0.0312824165254651,-0.0767068739959416,0.334598751860998,0.0945204328137306,0.534500360028675,-0.141466985640526,0.0745640050241055,-0.246588291855208,0.0687133090406388,0.548859135110469,-0.0112380255165993,-0.339253898745633,0.158793019528169,-0.0630886692451543,0.517055527783095,0.419017343826147,0.514778244841627,0.408864399231407,-0.297777843091641,0.514474815448592,-0.123195406285431,0.0342399813825037,-0.0363839554182575,-0.274403680705338,-0.0265244744528793,-0.388371767122589,-0.158151520962143,0.591818395221872,0.628256790868117,0.585085051012104,-0.473168536093804,-0.495083809544265
-0.593422173205118,-0.379859896590925,-0.723951717361053,0.468313279419404,0.259729921920323,-0.552786673495239,0.0330550036089262,0.417878785473331,0.279196725800019,-0.119957605361311,-0.0634961264292297,0.0754564067998485,0.679531519807675,0.814259070696547,0,-0.489142487922351,0.60049687063393,0.497161913805103,0.552190754091014,0.507042807139197,0.749608209999583,0.582707696181794,0.683509412751862,0.468107850868185,-0.36783425847417,0.143884082041231,0.531497741934239,0.313706128109466,0.406204454941796,0.514799330907793,0.075294830693943,-0.559746736018459,-0.0833789881443636,0.355863244094683,0.669457725218518,0.133087398898127,-0.190965296938994,-0.263505966738102,-0.0512054160313683,0.0952745655936977,0.386872487114342,0.132094815925885,0.454589845171814,0.479186995067978,0.59966628257289,0.497819273935216,0.604719359646305,0.506337822516842,-0.291454903099952,-0.171292094365853,-0.680466795156981,-0.712196855348777,-0.140069841122606,0.175499259966074,-0.585889867293193,-0.711493203014989,-0.005885171108871,0.0785857089585078,-0.108921700419577,-0.326698583260062,-0.046923006054659,0.0989127032574796,0.5003931671425,0.577109559481826,0.478481086508954,0.758994439618194,-0.00795478431090347,0.181593341328838,0.0385774849411665,-0.0383753019946823,0.506661427077725,0.197183274963632,0.482190526950121,-0.0488512493178999,0.132192274764255,-0.188935894242103,0.233817936357065,0.50465422199331,-0.0612785720843815,-0.258652826894417,0.261897990393749,-0.0656051701382337,0.472575496218858,0.440793395861999,0.48217140500196,0.380921421056357,-0.235762820574018,0.43220716392128,-0.124290017475217,0.0732353555541909,-0.00293684229370082,-0.201921323866866,0.0188003590352679,-0.389717136728005,-0.104320343210274,0.569048810211199,0.576056816353459,0.534951013082395,-0.432537476693455,-0.453952412609683
0.55082143340728,0.535013192992559,0.540447948542913,-0.28915195906842,-0.111529418889947,0.378907513854704,0.252096835651909,-0.173070788237095,-0.102469439234451,-0.0857177820321726,0.0209441684081322,-0.160327208152483,-0.551580902232032,-0.464180516907152,-0.489142487922351,0,-0.367316371659513,-0.274622921244719,-0.36205358464584,-0.349953844458369,-0.473650237503319,-0.191694016753677,-0.479885829978641,-0.308527184115051,0.464856269200907,0.085206042695808,-0.336751120425586,-0.130371350991539,-0.244864885527465,-0.410039038010091,-0.13818587248435,0.4944107524113,0.283462782843505,-0.16747678296896,-0.390832434996097,-0.196042399308229,0.0405189223313838,0.121150389337192,-0.175740103186122,-0.0341135477402064,-0.50811009478132,-0.268271452928277,-0.49677040405627,-0.550840983703632,-0.491212244062681,-0.577748307134539,-0.536148381102835,-0.480813913819387,-0.000870160953125506,-0.305663823824356,0.521508973933835,0.545335704939209,0.18518951709434,-0.305651427722732,0.491528715898184,0.433743046133283,0.109338150547414,0.118908872153842,0.0296299108383979,-0.0397033517742235,-0.178836107614306,-0.298285781904832,-0.276454315287605,-0.265725991100404,-0.181726300914403,-0.291668032502951,-0.0951776833601213,-0.0517878170514312,0.227538338384487,0.261274685136006,-0.123259383073409,0.140729872935205,-0.0806733466448906,0.0626849878285936,-0.00749014521166118,0.162474755269855,-0.0224298262712762,-0.302187260695963,-0.0834473980396455,-0.00700907206845525,0.0131086520401582,-0.0828007708685574,-0.312445190861531,-0.194458330547608,-0.115160082000485,-0.178325415044292,0.162558032236978,-0.226740371988736,0.0730577848256975,-0.0362551167657675,-0.0374201860609492,0.0712064697866461,-0.0835523402625439,0.228145966244321,-0.191254818805507,-0.559483322513298,-0.534569276170861,-0.497486152441943,0.302340250165916,-0.00563429968801848
-0.551408239011753,-0.421546228617195,-0.630843267778731,0.264404017777766,0.159883872188183,-0.477607107801168,0.0876377475189866,0.350816467557104,0.222297497078888,-0.0238940313428636,-0.0675870268021977,0.294424121105792,0.717786320539825,0.605706573245063,0.60049687063393,-0.367316371659513,0,0.665673969112014,0.67273542336332,0.52804213816727,0.653136507542995,0.737738444204539,0.471200568359495,0.657069263787651,-0.364881001822863,0.429889267675245,0.496906310174546,0.297576996484509,0.582088206899096,0.296027775075945,0.203975164817392,-0.569521969134066,-0.0295324337125074,0.659308683741432,0.705071027606358,0.105603230827465,-0.024042072225909,-0.349728938202285,-0.227238830506055,0.0769016897977123,0.456463282276908,0.325927818617831,0.54273464012974,0.447136079859812,0.62144459027602,0.328676235110251,0.402481571754088,0.454280433053942,-0.403076501393887,-0.217124703606064,-0.566340126153279,-0.638225339146996,-0.0708985181992548,0.185995932782295,-0.510979013538637,-0.610060907971872,-0.0123530005722481,0.0256985374015338,-0.318121767877614,-0.301394595500534,-0.100956866422656,0.0915017029561899,0.350433531107273,0.339395336563157,0.387634035024836,0.289570002141221,-0.160341282404798,0.41145816706838,0.301893946909346,0.188789828835485,0.462748896023846,0.37288329857113,0.396640549083421,-0.0584487304470616,0.096724239235361,-0.174549622489736,0.335980108822952,0.293036383266024,0.00368995498386296,-0.341931339064426,0.389694325026316,-0.0217375859849016,0.569219427487083,0.416755007015288,0.465445024756611,0.187444746593728,-0.115062462832624,0.379835195321932,-0.0462470975748029,0.0767839998169254,-0.0142640774242436,-0.274565414146907,-0.173167819955841,-0.428253847172163,-0.126460321152984,0.510038688547875,0.402714851923045,0.415364250798506,-0.428286793791984,-0.456084796244774
-0.577412613151216,-0.408780998723833,-0.627643476256626,0.279073504147162,0.137625034912234,-0.449950382378171,0.294000227353504,0.581010544957588,0.554557192561068,0.113491091006602,-0.0809503695954079,0.231254187411023,0.573666175294676,0.480975024668574,0.497161913805103,-0.274622921244719,0.665673969112014,0,0.505004254319215,0.67802381006839,0.637610350048384,0.651944327374325,0.446651295276348,0.638997947333837,-0.296154448389889,0.417246192666879,0.481618078100448,0.303031336575341,0.375094059234521,0.344223358349858,0.280158235610926,-0.630609959190629,0.0564046402339232,0.780325498368762,0.681918439585361,0.454882976090931,-0.189374056379161,-0.132864234900035,-0.0161246202031453,0.386742440532942,0.651833286701235,0.49511337465326,0.653138566790538,0.488352690711163,0.702553575444441,0.273011014146497,0.321703714492515,0.398602438651731,-0.282592975327131,-0.0862302212280208,-0.61845605789888,-0.65089035462597,-0.15298598180779,0.00267286275746536,-0.513233382051847,-0.608117135598278,0.169802407506406,0.336634512035333,-0.121307093398326,-0.175434077349061,6.44448965461336e-05,0.155489121593345,0.252769624280852,0.3533298216427,0.329146973276601,0.248990079235037,0.00512269597903969,0.386329280746861,0.360988081400429,0.426187747101799,0.431904859335543,0.373597563077359,0.398322944922075,0.0137049785871658,0.163450716466591,-0.127854231868264,0.0681542587242687,0.296548683114931,0.0271205207763261,-0.468434363076126,0.390828824784029,0.13379386934125,0.66379119682571,0.421419950809798,0.530252183470609,0.260708480597793,-0.308243324561201,0.433590704978315,0.167547001656369,0.231523957063307,-0.0065183609828713,-0.237632594683861,-0.154921747511842,-0.329098767461795,-0.111628656276756,0.557704338281458,0.386681998054405,0.377237447941663,-0.369022380853383,-0.385139620072294
-0.468002459281464,-0.367640225950982,-0.526799722333827,0.238396139676924,0.211804598383897,-0.33973798227888,0.0235261720308932,0.24656299008976,0.174369292382794,0.0291832785154392,0.0982609855764182,0.368080108972375,0.532177035644853,0.633472777848058,0.552190754091014,-0.36205358464584,0.67273542336332,0.505004254319215,0,0.404595375865628,0.656414826722681,0.542195168512704,0.449105248440583,0.511352414420763,-0.324977058292653,0.265664783343991,0.318120981988741,0.228211691398401,0.444721013604522,0.263705677586959,0.211287954764245,-0.49670140144655,-0.107695743298509,0.47802609940747,0.579903225237863,0.13912636507879,0.0157689577966418,-0.310486965366375,-0.10485607548929,-0.0445696121316313,0.399986654279337,0.1916768936281,0.417727569716463,0.438856167973633,0.527148483381734,0.280053579482987,0.361476936241197,0.326272618548194,-0.175254319421257,-0.0507668412655317,-0.477578060850049,-0.587583324175002,-0.112607573049808,0.198520291648428,-0.413797554933178,-0.483904349089293,-0.0855751400893363,-0.0562456151003624,-0.241777430201366,-0.267168068537255,-0.1038491164098,0.0144188842941007,0.182606279951644,0.372612383798696,0.434870387265686,0.35967949912137,-0.127709040001901,0.471292193216087,0.166131149005822,0.000980956985035792,0.394986454866899,0.119871550650165,0.284825409752214,-0.205763429574621,0.137964827173511,-0.235712915256987,0.238122710539945,0.241608946364919,0.0583868562388936,-0.293018303661348,0.18414905416464,-0.0693443152661205,0.393909301973193,0.221189057227603,0.267248910072105,0.143649743409321,-0.049649699366609,0.272415407714247,-0.0765727782988452,-0.0891752017174986,-0.00749097900030455,-0.127672621922172,-0.139231834072318,-0.422416237310898,-0.234322314148888,0.49085963734833,0.338520185185454,0.317293498695165,-0.267839269056401,-0.281104970462312
-0.535410078882847,-0.40182056822121,-0.541159320779877,0.216348627110758,0.070994419649676,-0.436425636994856,0.160307142904883,0.425486606235478,0.33551432263073,0.124136741495783,-0.0399880427453124,0.267700097145328,0.477847133814749,0.409045066637674,0.507042807139197,-0.349953844458369,0.52804213816727,0.67802381006839,0.404595375865628,0,0.647874218056334,0.389399572640541,0.412339889058276,0.608087965085858,-0.287211626025102,0.40982730426283,0.463733635058394,0.35523468543193,0.496959413265797,0.291227580971033,0.0206817865486697,-0.58736118718478,-0.122231610703001,0.44098954958467,0.452038888574613,0.359663301818188,-0.0153197308406481,-0.169729483919874,-0.130079672779973,0.11744770603849,0.474574253859564,0.416660067488957,0.528437626220531,0.459152525884835,0.537289236300659,0.257949344003059,0.214010138348377,0.326127027838344,-0.168130065300637,2.35231378901532e-05,-0.544872181681789,-0.574098819148536,-0.150986233243959,0.0742196802683423,-0.451072353648399,-0.54439539190857,0.0845389183090626,0.217280891171682,-0.113519833771767,-0.126900259460811,0.0869557677731124,0.209415064426767,0.307358611451497,0.24512707413052,0.417928826985655,0.296434065523456,0.00341774018066978,0.316443672896209,0.220328863323775,0.312497290892673,0.61592574309776,0.310472793154311,0.294711125141016,0.034554300392069,0.218152574342907,0.0250892994416117,0.221064621287923,0.404053422579734,-0.168013765299171,-0.383197404212047,0.498355338241515,0.072224121551111,0.501365075387221,0.390226500469955,0.460993152992994,0.14549164758679,-0.133205993651072,0.369648839804536,0.26757283131062,0.340543627221029,-0.0546761998027236,-0.194217945392163,-0.0688731518012577,-0.285148714755393,0.0406379101965482,0.482689887632322,0.372818286518059,0.357571026470464,-0.2482773823221,-0.271732082059816
-0.613008319580045,-0.402730826030867,-0.691343664322414,0.364650147514755,0.185330704079422,-0.438968713884382,0.128039502725956,0.452786506311765,0.311664315267811,0.0177396456262181,-0.0710294287445943,0.278547828534666,0.661659974387808,0.678345013127402,0.749608209999583,-0.473650237503319,0.653136507542995,0.637610350048384,0.656414826722681,0.647874218056334,0,0.507758683981911,0.599787603635286,0.563983991101748,-0.411581569129843,0.207665931869044,0.533265187139373,0.253113706767453,0.458326772018357,0.416167644797906,0.208195115359474,-0.630499114866136,-0.0651836041082857,0.446359577861353,0.646950251788249,0.0936344911002812,-0.204817467733234,-0.224107497169489,-0.153946722710522,0.0815739295249985,0.463992061804199,0.255583131365894,0.538459035078755,0.570018507377347,0.62933600799113,0.427914296820513,0.479665017153355,0.495714519785671,-0.250692746137659,-0.0692967527188336,-0.634398013177706,-0.724035935343531,-0.201222541323305,0.0932655319900598,-0.50644758418754,-0.63284426069469,0.0259914802640937,0.0671075866932001,-0.137540764877811,-0.251006360426375,-0.00674117974182216,0.122723420931602,0.336556897479591,0.468541593297926,0.582904271571963,0.506227228113624,-0.0333131106655965,0.310783727939299,0.0808446684630655,0.0551184056632804,0.660941297715356,0.190559717908876,0.35294358788703,-0.0621519098185726,0.141779418389081,-0.207313615120759,0.172238086662583,0.449262181258058,0.0269242212262745,-0.276947384718188,0.28417074980264,-0.0845762565556433,0.537883086717123,0.433846977008436,0.449053265305279,0.206346712250355,-0.295753795745692,0.378491999036547,-0.138300087425877,-0.019692551074336,0.0535868757473045,-0.17172156731987,-0.0480808360207882,-0.391499916827097,-0.118398096751563,0.640925398717195,0.55183171399413,0.499927595889914,-0.40949880696654,-0.369943010494701
