0,0.220396255713166,0.341848519509187,0.0928287372938193,0.138994198690302,0.168722850150917,0.179769599346206,0.231002398605811,0.17623628264055,0.177776168222615,-0.030239426122443,-0.0538462312945488,-0.103846047529621,-0.0321592148011236,-0.0321212949410967,0.219816687534636,-0.122784080790575,0.032286962061453,0.0241688181815271,-0.173604009653557,-0.0725942185966883,-0.152850770045802,-0.125825208982183,-0.00808944802882693,-0.0544044032869655,-0.240849831422481,-0.249415585907499,-0.24654982193806,0.0858832628909223,-0.120051377642815,0.018953409060934,-0.0164754932711046,-0.199089938707823,-0.0706629545839739,-0.0719887567591491,-0.154815571119002,-0.00853257626412629,0.119798199355115,0.103439908490573,0.195191437407662,-0.0803287886936162,0.196850098338343,-0.0057788751770446,-0.0449085895229894,-0.0178050845874981,-0.150557651381086,-0.0301058347672935,-0.153890765593463,0.0982809452062713,-0.123623023852376,0.459902899604315,0.289540443648937,0.157546117059688,0.10465897649467,0.213963199914717,0.2995417738489,0.288801393042348,0.08999053382917,-0.0291862658290102,-0.104798172260496,-0.00857354203262099,-0.152356049763233,0.0644227378517543,0.0491559029753075,-0.0132365905973297,-0.0318981079586086,0.0786523689420173,-0.0847487318368211,-0.19445864695131,0.0906888257248365,0.0422070247722613,0.0332321081922116,-0.0204227365526199,0.163628547797393,-0.196675329167525,-0.158735939489629,0.170317361477486,-0.0781097364776336,0.00110640469483698,-0.186037119477708,-0.0442886139903851,-0.0266298175670314,-0.0852220249114679,0.0549946127050841,-0.24084884618215,0.252291091307986,0.0809142965132281,-0.233536025906906,-0.141823161204625,0.0277887263854301,-0.0484289746339498,0.0232991041444687,0.091251117414252,0.179398714948168,0.0807195809360034,0.0428986882518284,-0.179100616369457,-0.131112233746794,0.257870516576251,-0.110321186409862
0.220396255713166,0,0.544382280031204,0.655137897007358,0.622877307114036,0.670173549360738,0.652202799274447,0.721946842915247,0.606566682911403,-0.23150336379864,-0.109617470722107,0.0365348295843793,-0.0975554772797527,-0.0333957920244154,-0.121138204569426,0.60214521261784,-0.0427439733928682,0.406799148948376,0.0750529131385237,-0.233405933080989,-0.0481790322917247,0.0465735389882444,-0.0645569799142761,-0.18209347309312,-0.243767529497275,-0.177588339940963,-0.287855969587149,-0.403198883892041,-0.170577275370284,-0.170685389818076,-0.136042584184131,-0.146084212371702,-0.166585992539397,0.0678510737266874,-0.0193672599724088,-0.155898519425439,-0.221044434359762,-0.267814493722334,-0.29682139390987,0.0596071457688261,-0.304045106682728,-0.276845205822765,-0.196897108274819,-0.185494897928186,-0.284394854396163,-0.215281560704136,-0.189979375190364,-0.226891955448198,0.388153492358348,-0.251640033809453,0.336017599136859,0.816524425537686,0.544110238576372,0.667016522921922,0.698093718374692,0.519439049274535,0.646845180499601,0.54391468311496,-0.323926480973833,-0.118796841568364,-0.156897249198641,-0.13536761465932,0.097028627963171,0.0825745341500564,0.0332852769436855,-0.0653027808711587,0.0140593730715623,0.0949752596319745,-0.181686775692565,0.43484828523041,-0.126731603633925,0.26323540082282,0.167914855776665,0.149136660283476,-0.225671349171326,-0.188490392796505,-0.0682852155925054,-0.134056237023026,-0.219817186149196,-0.144507174678345,-0.356200968212603,-0.366686000103513,-0.255537592592576,-0.00638934317291606,-0.23954288645968,-0.16666437116865,-0.195564095878709,-0.342259976567163,-0.0476922746673462,-0.404400836947988,-0.0805671041963021,-0.170142679817315,-0.219336140164842,-0.330414484506024,-0.243524165711407,-0.229223993161933,-0.250133305330744,-0.29280713174763,0.31895557217427,-0.180344516750416
0.341848519509187,0.544382280031204,0,0.128960831447721,0.163626300902987,0.423418908579076,0.312134537235373,0.493794438644092,0.560826858908293,-0.0934131356021815,0.0072659285587654,0.117954270258402,0.085628927662331,0.147786126960661,0.0716885188582336,0.220248576224175,-0.0377369751938186,0.177006557503196,0.163798439376709,-0.205273199308158,-0.0944062069239318,0.0208939894049046,0.0851297134059284,0.054457060626019,-0.038957087449596,-0.0177579703565954,-0.098480657074068,-0.216819681227581,-0.0722442252578253,0.0141005775550561,0.0509461544356863,0.042539664103502,-0.173741836163221,0.0936027118985749,-0.00127271644872609,0.0802564992627024,-0.00518130819609518,-0.101244457807851,-0.202802406267082,0.000451587008749259,-0.136843638839738,-0.164216789925901,-0.00639935279825759,-0.0666114990904106,-0.0636750659035388,-0.119602493772928,-0.00181299705833861,-0.0967039548634833,0.182460280188802,-0.125447052836498,0.217634730289969,0.551672664842853,0.18488702219308,0.230724565504217,0.365428611811374,0.593052774857961,0.42139996409254,0.46342756388109,-0.166874220648737,0.0339229366601153,0.0166638423571326,0.0805436096539775,0.209103174330587,0.230149044063446,0.163088565490604,0.140078478650019,-0.0820072121233073,0.122666523170802,-0.0786568877509084,0.143014717085553,-0.0115188079997329,0.11016133891904,0.240310621966145,0.072072692019569,-0.0539406669231507,0.0955732034128082,0.0780453400195369,0.050325423816895,-0.076267028383191,-0.0912863702595546,-0.136626957863901,-0.286743056144239,-0.0501479756867366,0.0969124051869213,-0.0553867905884163,-0.0978685374591852,-0.0495704174876082,-0.160979508763431,0.172962794649166,-0.208385270867313,-0.044787499009571,-0.184209096137427,-0.189560226994518,-0.0617241891429142,-0.0316472992302066,-0.131570592746359,-0.103286792105301,-0.02530789646104,0.163327525172746,-0.0247428870873624
0.0928287372938193,0.655137897007358,0.128960831447721,0,0.822978521281609,0.653869848263904,0.487125692649564,0.558655941931761,0.425457188630785,-0.192740772899757,-0.195813042823827,0.037900142361744,-0.222695514377636,-0.0856437087867101,-0.200514103266648,0.626693020187639,-0.0453599709838491,0.377267784744313,-0.0274115615225276,-0.0923491911952567,0.0348882396923007,0.00623597766766644,-0.0927600222249014,-0.213318304539847,-0.202002696805317,-0.159715190991172,-0.273548078715116,-0.331294097192765,-0.126299290908903,-0.193667661815483,-0.208935256853786,-0.310053239034199,-0.15445890246934,-0.000644476952407577,-0.0812626330428212,-0.210517975500485,-0.323583964729697,-0.304971074110847,-0.174637541712836,0.0700048274403842,-0.262415589697588,-0.175361395070489,-0.223490501121323,-0.285922431955848,-0.324589677848438,-0.183547503024221,-0.227587763691741,-0.205855760781379,0.37270120862459,-0.2195851811872,0.229786659903842,0.578181344988996,0.474037316387759,0.74201337461486,0.745125658799711,0.214095110453937,0.432090613393887,0.365006521053921,-0.284733199009463,-0.157458113552898,-0.103003310786003,-0.289871020822113,-0.0191019137884516,0.0354260304075927,-0.0752172671375245,-0.196827308041164,0.120679045834392,-0.014479062692648,-0.225821400538896,0.415081663857813,-0.122541762432081,0.219095459043355,0.0500340070468953,0.191660101936051,-0.156743103727284,-0.21936867146323,-0.175488351531901,-0.205667478450721,-0.266824885624253,-0.233760420012828,-0.348834679573426,-0.252887586640562,-0.323328215844285,-0.0603356517109803,-0.304652950105916,-0.101611301314887,-0.274537596487782,-0.297975321230065,-0.114146262945542,-0.304398680726292,-0.0867265181264261,-0.0590127519358995,-0.0698929932735558,-0.302682465974592,-0.216883852613787,-0.200740507788121,-0.225889076079398,-0.337907779641665,0.304006319681943,-0.204402803858328
0.138994198690302,0.622877307114036,0.163626300902987,0.822978521281609,0,0.645589360810829,0.381193969320266,0.471067629981859,0.399565176511659,-0.18235674701683,-0.199162472182936,0.0177269798330107,-0.226336707012358,-0.00065892462197524,-0.112031385976359,0.482777226228328,-0.040462665292073,0.309742747974153,0.062955223820433,-0.0651145504307343,0.0835072946987901,-0.0448249101341003,-0.0388817762929843,-0.175175170375676,-0.199336887465507,-0.178400327181982,-0.33359916400416,-0.311044026856065,-0.0443327184579848,-0.113101336419689,-0.216655943841259,-0.316179012177588,-0.115865213961774,0.00915778823591801,-0.161273195787439,-0.224430081551483,-0.271072414662874,-0.334583097676117,-0.145128639252959,0.0208655582463304,-0.258110858905016,-0.200144220325507,-0.269368235410703,-0.279769123881476,-0.344023551709197,-0.237605878837441,-0.148566781198409,-0.240182097301269,0.352107840892655,-0.243566354502405,0.215702714583767,0.543607863173848,0.49968971950394,0.803344171482687,0.735358542027324,0.17211583430565,0.408095073510669,0.348647340979365,-0.309299077779308,-0.162948082736532,-0.0842055093151016,-0.315537272290862,0.0470557792276153,0.0656771445140951,0.0388376126775412,-0.104836941838085,0.164278790457671,-0.00272650434117388,-0.19339783394118,0.294585570240859,-0.0393977427915721,0.181829301839816,0.109781635445562,0.156171689664829,-0.159080271740469,-0.205808217474984,-0.0936262450195231,-0.10565916393145,-0.228217198311284,-0.195556161061545,-0.31170708517392,-0.317626931660848,-0.377449202353081,-0.133254397520706,-0.352766670879951,0.0282029667621852,-0.211906399301137,-0.302530791967593,-0.112251818076388,-0.291587721912572,-0.0200776245608611,-0.183253182738532,-0.0408216926836613,-0.273194376837222,-0.224447677519456,-0.232419106856979,-0.263128578797011,-0.275643160364327,0.261424229779352,-0.220306197180183
0.168722850150917,0.670173549360738,0.423418908579076,0.653869848263904,0.645589360810829,0,0.557405239827879,0.641538236077567,0.627642538920786,-0.0979501037542173,-0.143763180050013,0.0539246650082624,-0.135991549812859,-0.0274610764414813,-0.134290383631911,0.511130628752434,-0.0280994140148599,0.432625032764995,0.0298825022371055,-0.0662773798274256,0.0164182046884835,0.0723366617308541,-0.0235789758213868,-0.188462265044279,-0.188253382372316,-0.0819982379987979,-0.235742722960563,-0.270597221576816,-0.0680834548377618,-0.149608542224293,-0.161765154680822,-0.362511773526048,-0.186112176793852,0.0279762347339732,-0.021898356401472,-0.058893495095124,-0.218428950493452,-0.323780863312018,-0.221814709327735,0.133271575487923,-0.247595759839186,-0.160601014312332,-0.195913327799841,-0.292030654570404,-0.256363758757577,-0.186841037483198,-0.19890263012151,-0.146337443837144,0.552017934809311,-0.157443821845759,0.208462416461368,0.639694761179044,0.361718117250103,0.583799473619756,0.828083417717175,0.590392083369102,0.491658429905732,0.461564819066359,-0.206034183368405,-0.138688066594963,-0.11393165481923,-0.221759042401224,0.131943575628513,0.0608481650806722,-0.0094064971385719,-0.126798539365848,0.123806331904453,0.0417731217011188,-0.169475093807804,0.442026766628821,-0.0749424341978265,0.302257368525069,0.12076032797695,0.216226959988054,-0.14563562163744,-0.151526395246845,-0.0662107083945296,-0.0689361936605374,-0.190939704348467,-0.302596011485604,-0.325744045802685,-0.302576406121484,-0.244824592800863,-0.00728684762827635,-0.212286136103212,-0.146169712558112,-0.174493115084162,-0.200563234366736,0.0739623214232578,-0.32300296482243,-0.148055417041662,-0.0693175646541539,-0.0783818222146669,-0.256745573143027,-0.175170331639844,-0.170036104727495,-0.212724846850848,-0.281936315033865,0.457586359933457,-0.13444971348032
0.179769599346206,0.652202799274447,0.312134537235373,0.487125692649564,0.381193969320266,0.557405239827879,0,0.721465364842972,0.493704713292003,-0.197267353267722,-0.0661185406471385,0.00206257342838465,-0.0942733652126538,-0.0229013405420414,-0.0917420109754957,0.629838880834413,0.0554783923432903,0.585947907762368,0.121547237869757,-0.213246056760979,0.0714548015195179,0.210846886229079,-0.0212387809110351,-0.193535845598416,-0.298561703393362,-0.190870291344371,-0.196892330414452,-0.354746765131797,-0.147601557785893,-0.169443789673862,-0.106514488626784,-0.168153925361549,-0.168372406678748,0.108155378300288,0.140983400986526,-0.184457061297783,-0.271520712252617,-0.247853012735524,-0.262162513358702,0.2996212380593,-0.276392685489949,-0.26428447750279,-0.157501365331032,-0.14533042326717,-0.189428940434116,-0.0990613036381727,-0.134765003314169,-0.0654566635591061,0.379004950980769,-0.278406271273609,0.305773742767622,0.687930032893443,0.56458783810134,0.455084464060919,0.58016954976874,0.506801221101612,0.677993584744199,0.418625326768322,-0.298202746272427,-0.142725913467843,-0.183079358906467,-0.122147794334143,0.0744884305547364,0.0441368842760854,0.0127947159659115,-0.092595022508796,0.120735620205092,0.201877267679966,-0.0962532518813692,0.577921516636777,-0.0452299222705912,0.404661719881197,0.159721676717682,0.241625925692383,-0.197799404215734,-0.297839175658724,-0.0383683480069324,-0.124092141176028,-0.181459918806298,-0.20672630662444,-0.395127652072058,-0.333690111042023,-0.155102746849363,0.019626676917973,-0.135441761953577,-0.142060909073265,-0.255594461033827,-0.264060077263042,-0.130404758005472,-0.395708515999481,-0.160822463671747,-0.0703749177597911,-0.164651215334249,-0.347999295808657,-0.240413596585126,-0.129641428495525,-0.137080923124678,-0.269724510390494,0.337997179951316,-0.212633259738916
0.231002398605811,0.721946842915247,0.493794438644092,0.558655941931761,0.471067629981859,0.641538236077567,0.721465364842972,0,0.745917372523392,-0.109916217767953,-0.137252663623632,0.0404856151016817,-0.113987532360813,-0.00595454096652562,-0.0497412174222485,0.599249786613904,-0.108774709104787,0.533540994240857,0.0448888029261979,-0.243780030804253,-0.0202829300575017,0.0780895233270353,-0.0169723468292448,-0.163033886724065,-0.289313075905827,-0.183514153859484,-0.145543883451926,-0.36216557332856,-0.123065452355791,-0.102000806721107,-0.0582069280577983,-0.179415425448149,-0.145203827144049,0.0032340919600195,0.0325948386662598,-0.0258441875132932,-0.228109802312826,-0.272769833959837,-0.227079815283275,0.184633747083386,-0.257173759658864,-0.146677798141023,-0.143810195492665,-0.156196095549866,-0.081921525883179,-0.0865508975829484,-0.154836018934593,-0.108541817185553,0.334447948076744,-0.277996186178644,0.337199773286072,0.7395325316377,0.450663987579317,0.501432715455068,0.683017694652244,0.574170539471589,0.716828005609877,0.671126523224435,-0.251190948886517,-0.117337150740496,-0.0907139069097385,-0.127116716777013,0.135689030144604,0.097552593307589,-0.00424356112718554,-0.0545782427201183,-0.00719626831064816,0.0272561271739832,-0.224038085446155,0.542832193694813,-0.079779801369363,0.304262157627413,0.138027423776748,0.227582205626789,-0.19800587284111,-0.202969150619518,0.00241005446542453,-0.0775625191234539,-0.136857944911184,-0.202029888016249,-0.335139740820435,-0.281230157344447,-0.103066200275609,0.0109209686229106,-0.121281712906498,-0.178893362880074,-0.197245536830299,-0.213910850314752,0.00893748877031126,-0.35286033887641,-0.107361843873893,-0.0672221546832041,-0.132441938540393,-0.21604320016423,-0.180216952387254,-0.0917010125920779,-0.116607329757277,-0.236162428516979,0.293763202378538,-0.221333236772666
0.17623628264055,0.606566682911403,0.560826858908293,0.425457188630785,0.399565176511659,0.627642538920786,0.493704713292003,0.745917372523392,0,0.0448484854974602,-0.0985148365326259,0.165899555227944,-0.126773133836743,0.0696069692661615,0.0304725049297096,0.453807178376707,-0.194051030948977,0.329173023931762,0.0525740259037977,-0.171222196860962,-0.0192037994531919,-0.00606954191763933,0.00852373183758728,-0.102489736886206,-0.250937152721969,-0.0225852665314225,-0.0893629676409393,-0.245326532050618,-0.00521396511030614,-0.0251154985362195,-0.093067722046358,-0.187655705485127,-0.0807635359635283,-0.0506890020894121,-0.0771110299865302,0.139300188583512,-0.133180705706892,-0.315682584568446,-0.205053512083285,0.141277417047264,-0.183176204828,-0.125018809639349,-0.14946189803307,-0.216797593992658,-0.0960928700881439,-0.118861043080217,-0.122896395410555,-0.123765309731271,0.287260081396812,-0.195722762178381,0.260627458740318,0.642217843653097,0.334323881544851,0.418839836299142,0.627161085529183,0.623671595515789,0.622632893228008,0.754871896505292,-0.0994069744893361,-0.00557480816643376,0.0723117727044361,-0.15495551245046,0.160883711921302,0.18920069331589,0.0498851423794612,0.03099960426155,0.118937619356963,-0.0520545283621876,-0.23399633567144,0.33963676457003,-0.0471084548822396,0.13977808749156,0.133600339708382,0.2503030407915,-0.0988151130260632,-0.0416594095934683,0.103823457745033,0.0543772728163689,-0.115552723249925,-0.123466733285675,-0.326047206784645,-0.260494655238417,-0.15274845023594,-0.0930591807424906,-0.0841820218445648,-0.22755778062249,-0.0992331563886112,-0.112292269423046,0.205685532123108,-0.230366354277176,-0.106371282893976,-0.183636486812983,-0.205185474918345,-0.195514912992675,-0.175649081510134,-0.153003662961877,-0.152043619156353,-0.155143724877459,0.274414838579166,-0.129360876670885
0.177776168222615,-0.23150336379864,-0.0934131356021815,-0.192740772899757,-0.18235674701683,-0.0979501037542173,-0.197267353267722,-0.109916217767953,0.0448484854974602,0,0.236997192843231,0.349533499514471,0.00787886615346375,-0.0703022952834941,-0.0619095464864245,-0.0275121934718047,-0.128333855599234,-0.255087459043433,-0.123280395771398,0.0139021328841054,-0.127239710307903,-0.0140013294007961,-0.130858026898599,0.229625306552123,0.241328863055845,0.278829975127435,0.137585708725321,0.180827410378843,0.160574657987685,0.0139543154569315,0.073590716083737,-0.158519697251643,-0.179440124307185,-0.157602851808494,-0.0211154433864873,0.18744128783279,0.0932382211063323,0.142259933778537,0.341133181837929,0.380370373377402,0.132504601083737,0.445733969126901,0.374752785515081,-0.035488152406344,0.300042039888949,0.00403715541004103,-0.0368535183044011,-0.0428823648567017,-0.0958885073739305,0.0195216526208218,-0.12002868630528,-0.212517567398082,-0.279228970463673,-0.28365167612004,-0.0714929969483515,0.0405601847887594,-0.118012966287736,-0.0349841184773274,0.690077341443248,0.2212906822282,0.362789709244127,-0.0178759039726345,-0.0138193264985064,0.036526761587251,-0.160743676735007,-0.095622577496371,0.211269510839732,-0.158943912790576,-0.114267759141758,-0.286815729814548,-0.102966848071632,-0.071529651632237,-0.167916612621659,0.387743871075277,0.23088648082617,0.289264699395233,0.138749187066818,0.0979978749965533,0.0672597098179666,-0.148197231626427,0.0905671961161248,0.0486074950457075,0.269298902987629,-0.0100041997074886,0.0795085928163299,0.00065442934415267,0.121044103042007,0.19468804731059,0.146605366906337,0.326685604205265,-0.11948151857347,0.189617812825821,0.32939901143801,0.330709189304589,0.444572043436906,0.145852168472936,-0.0262112253797665,-0.0428661711994626,0.0373718180585855,-0.00927581181957811
-0.030239426122443,-0.109617470722107,0.0072659285587654,-0.195813042823827,-0.199162472182936,-0.143763180050013,-0.0661185406471385,-0.137252663623632,-0.0985148365326259,0.236997192843231,0,0.536014823041033,0.450927080933779,0.0656719801441415,0.0951793595473052,-0.156511596146192,0.1189224286859,-0.10683272873894,0.041072853418553,-0.065948214378174,-0.0270946964264764,0.275685744871609,0.0877398600701518,0.507281982055993,0.0748746542416928,0.541778866843778,0.0934242400997312,0.208386213786325,0.187394113800699,0.0699910696951115,-0.143970534530136,-0.0772451630842997,-0.12425364640378,0.0801303864511118,0.301894606593394,0.135864969238504,0.288937975347287,-0.121092360499831,0.136906439721225,0.207143946495518,0.354997555213871,-0.0433894006416989,0.395428437881536,0.137967753516388,-0.153298649104936,0.135085521742802,0.18452335172552,0.037821928881311,0.157394781942086,0.281603631042755,-0.262274433837878,-0.177709752044464,-0.236381060240091,-0.139414477721685,-0.229569155226071,-0.0648959579034724,-0.00219267567955832,0.0807055198340182,0.210025819263731,0.666495854433306,0.420183053782838,0.417561193652706,0.193836137884853,0.0269412144858509,-0.0103431576645929,0.145805806901049,0.196997859084569,0.120332540338479,0.0838431675939429,0.00561505046552251,-0.085967279442762,0.241937623247341,0.0778975841146972,0.22396090346134,0.416533124843864,0.456103004385227,0.256652410376451,0.204326791506677,-0.302158450039858,-0.0430862451058154,0.214218754509654,0.174299877575321,-0.0232751499013058,0.259071878430559,0.0799042845411854,0.00994034990696157,0.339283476696989,0.22510332594141,0.150812566103276,0.399571623060317,-0.119103815032857,-0.0978984450398514,0.0309895940219034,-0.020068604388773,0.284534217935714,0.122879232481944,0.152865771812126,0.10034047215254,0.183783615972886,0.405331625025357
-0.0538462312945488,0.0365348295843793,0.117954270258402,0.037900142361744,0.0177269798330107,0.0539246650082624,0.00206257342838465,0.0404856151016817,0.165899555227944,0.349533499514471,0.536014823041033,0,0.291674502728155,0.289283917038032,0.245087364528042,0.030597446335708,0.105200768738306,0.147072057169359,0.253018269563244,0.110589235294936,0.15994166831237,0.345716562285572,0.299638030096903,0.578472069195153,-0.123133537314012,0.602127763700554,0.268735839543871,0.198242339300152,0.293765202526326,0.271522149984448,-0.14724657655192,-0.174420852905747,-0.252802561778305,0.22636750151191,0.310726795465248,0.384914883086665,0.203446330680013,-0.37285959069611,-0.0443509881127486,0.351177886065257,0.400778824781819,-0.10467991815506,0.377908233242129,0.0416686298789646,-0.115028334461335,0.185288485314871,0.26189426877057,0.205510343938018,0.223151915049424,0.182977372810738,-0.208024953785813,-0.0939795418690768,-0.191392343507566,-0.0198072634240945,0.0101230044482966,-0.0192352143379228,0.0481076755672295,0.199164283107323,0.144053304342885,0.711511145247404,0.711130144191886,0.288767525010894,0.199222217274407,0.301702875842024,0.139356759556102,0.235298391904925,0.367267738385542,0.176154189477996,0.120671629305106,0.0859037503669262,0.0545642289451242,0.293782297094765,0.299701182569459,0.418892178088955,0.573542432288717,0.594847992347782,0.29663939505073,0.34157509758493,-0.470491128034894,-0.133122131536886,0.0236923479704433,-0.014719685710735,0.0164766395278676,0.204954417083987,0.221855944288762,-0.0468717361843752,0.177498007196915,0.296156961255687,0.385288589152385,0.399342416536494,-0.316976146396727,-0.270128118576824,-0.112207808777382,-0.104589548596584,0.245528348986686,0.022970579307824,0.186733198444822,0.206297798118128,0.286118288876485,0.262952530697871
-0.103846047529621,-0.0975554772797527,0.085628927662331,-0.222695514377636,-0.226336707012358,-0.135991549812859,-0.0942733652126538,-0.113987532360813,-0.126773133836743,0.00787886615346375,0.450927080933779,0.291674502728155,0,0.293628501679491,0.279007903695396,-0.317951202083558,0.395600067875486,0.105788307089805,0.266142117150423,0.149979470837438,0.163821762556768,0.44034789080922,0.267511442439604,0.427399911776621,0.178757687331937,0.233539176269822,0.263061731075278,0.294581604157244,0.135387413858761,0.28987300522443,-0.0102426151048027,-0.00803571756183639,-0.0804739546246027,0.316774677161845,0.458369719455583,0.0536031465615705,0.17606582712908,0.00486470846608655,-0.053522058062734,-0.0496307267370948,0.230474343486214,-0.182242806495838,0.244256143173199,0.16613835823268,-0.0656860707278825,0.285723248303119,0.351705509231487,0.226363410401945,0.0653141685414188,0.253521315471344,-0.275728201538596,-0.155454776048177,-0.198487124299148,-0.161616237680649,-0.271937156239311,-0.0528533226722775,-0.0829465939603919,-0.0583957444209925,-0.00475912755636927,0.27637229705284,0.132793344121147,0.759996567258772,0.481401233013884,0.18507091636381,0.254430660681263,0.340399344756175,-0.170508385865219,0.377705927332917,0.291096043805583,0.0931765252640989,0.12951458808806,0.320543353888008,0.251644318970388,-0.0388447858614387,0.212275373352347,0.200319016864437,0.235686470928929,0.284833438548813,-0.150987334935508,-0.0466182952658311,0.309311526705676,0.0784270127226476,0.102623592613299,0.413524147054385,0.342329782063889,0.133127949031232,0.177929086594564,0.270946619005617,0.118819537872434,0.14021715081481,-0.0393720411920706,-0.0932793348883693,-0.0335527828040576,-0.0530075674650197,0.0899499767855379,0.068562544140699,0.347106293660506,0.34709233006037,0.0370479492092803,0.303456552812857
-0.0321592148011236,-0.0333957920244154,0.147786126960661,-0.0856437087867101,-0.00065892462197524,-0.0274610764414813,-0.0229013405420414,-0.00595454096652562,0.0696069692661615,-0.0703022952834941,0.0656719801441415,0.289283917038032,0.293628501679491,0,0.760926545638401,-0.163177207564071,0.341810203778415,0.299663529636588,0.714686116082539,0.271660611058523,0.634542576626119,0.232054355142211,0.729654792046826,0.281226776321328,-0.0621725667123511,0.124269755434454,0.210764190302598,0.166744972709676,0.463693248717919,0.698312024144117,0.00785035020160311,0.207766134029117,0.119225941669694,0.438987567825692,0.132329038636675,0.128673879812272,0.118471277815233,-0.230862655342413,-0.126368217755122,-0.0172621732979353,0.138291208077735,-0.32431419938717,-0.116241196339746,0.0532615929275508,-0.098530622502929,0.134635645970651,0.533297730117935,0.3182132071101,0.0575455551605716,-0.013186152726621,-0.106381363837646,-0.0198306349898929,0.0570480985550696,0.0733871301750162,-0.0679844934948183,-0.0152269439142953,0.0714550608018595,0.0168985182191848,-0.178394724704167,0.173683949335288,0.205407460276163,0.232051324791513,0.40923862407873,0.60197291388987,0.747655345860393,0.732323988692697,0.119062967849483,0.406491780925566,0.383440728532687,0.057509180818436,0.621982802144593,0.157061422082216,0.670846518542419,-0.00228545213244719,0.153774026879876,0.118555029284292,0.500785104781066,0.651939870798448,-0.164861203339325,0.218772123604722,-0.024659466509166,-0.259733085363812,-0.17155029014346,-0.0496165121896237,0.233704332799617,0.240125375606349,0.104243055856219,0.194462773693728,0.188638942653279,-0.0195220644486667,0.00499477967487539,-0.434735228293844,-0.243423562957517,-0.188104712886141,-0.276533806981482,-0.0450706965764762,0.202489265619876,0.49349068680175,0.0160326774531977,0.0158978607936617
-0.0321212949410967,-0.121138204569426,0.0716885188582336,-0.200514103266648,-0.112031385976359,-0.134290383631911,-0.0917420109754957,-0.0497412174222485,0.0304725049297096,-0.0619095464864245,0.0951793595473052,0.245087364528042,0.279007903695396,0.760926545638401,0,-0.271674283758598,0.198303491892016,0.263736396421121,0.590539540832767,0.207934476437888,0.60966914602688,0.111785266946935,0.722765580977133,0.26043570718841,-0.156248083022644,0.035284426433289,0.147295323578137,0.129574163511197,0.47663124031911,0.754644103723131,0.0196527109350881,0.24068556734843,0.268661657904959,0.361727792552908,0.0486149273707397,0.122081371926667,0.146328577302253,-0.283381732033318,-0.186505217935784,-0.0818908776109123,0.16947074697685,-0.271736340600315,-0.131077693285332,0.120692017658704,-0.0411940738476321,0.188773701129176,0.538242696595796,0.355423937915317,-0.0343472037709961,-0.0178082344189077,-0.0399935785486203,-0.0903445945318054,0.0186235943136831,0.0209414807939929,-0.161561154743197,-0.0399259849898938,0.0704002641532767,0.0452062674713097,-0.230680716453441,0.225682027667939,0.27235051437769,0.287470415268386,0.443894966629507,0.458433262339375,0.714707061635922,0.833742040069436,0.110313034881672,0.250927296047978,0.316518874975471,0.0560583909663859,0.652991363724851,0.0749646331738267,0.632146361953927,-0.102341496947269,0.109211603595589,0.0958560924505103,0.489648028979527,0.656471492920453,-0.0745734431251621,0.306273143887018,-0.0121175996267234,-0.147577193280981,-0.175253257110307,-0.100725926090594,0.160401665182789,0.236592648362207,0.147642939746612,0.184851169598188,0.151171115942299,0.0287965170563548,0.0605620103737289,-0.495167689075748,-0.308856670387465,-0.143562174742321,-0.285042959096794,0.0254170485979807,0.231391513406374,0.527120006033667,-0.0314175679305772,0.0367423938298706
0.219816687534636,0.60214521261784,0.220248576224175,0.626693020187639,0.482777226228328,0.511130628752434,0.629838880834413,0.599249786613904,0.453807178376707,-0.0275121934718047,-0.156511596146192,0.030597446335708,-0.317951202083558,-0.163177207564071,-0.271674283758598,0,-0.0631033659934609,0.340858416410696,-0.0382658408873196,-0.247715811577735,-0.0852805353632129,0.047611319480342,-0.194094219951367,-0.231635207611174,-0.153961987814682,-0.116484570696442,-0.195404613953685,-0.348443151407028,-0.183728716515977,-0.315418368282806,-0.0782305821964697,-0.162917689716399,-0.202839144757428,-0.0337335916903565,-0.0371777894166994,-0.164120740610804,-0.286483459282328,-0.166327383829475,-0.176198547286719,0.256966882694901,-0.389335853435871,-0.0877249811766222,-0.157588672255296,-0.387126341472036,-0.210085837221004,-0.296920429995232,-0.335408052475689,-0.237641779574871,0.21348956643855,-0.381876547810589,0.351940275574663,0.636968219755448,0.524058959102729,0.427676106606226,0.626600890489567,0.371453498377111,0.487868190623733,0.381416079615566,-0.0526172415630818,-0.120807534146699,-0.0827646238786537,-0.317796374179512,-0.130906753881632,0.0585041896023081,-0.155804421779088,-0.279568028115035,0.133997594171396,0.0391007996436153,-0.191777305348404,0.388562507539282,-0.200681934526118,0.176407363372944,-0.0273812889555353,0.280951324381487,-0.0777719276484891,-0.199144345985846,-0.169297848433785,-0.245912653063617,-0.14210760093059,-0.224380953267438,-0.42325730553826,-0.304002781729859,-0.191841643220439,-0.0563942320099049,-0.202684395271902,-0.266452116796711,-0.280368245355547,-0.33617855024625,-0.0933613284948419,-0.352128318801574,-0.192627793066138,0.105333783814215,-0.0549546403672157,-0.294829535308401,-0.146385145937854,-0.316111519120293,-0.354287225264209,-0.42659595696829,0.229550918666893,-0.316452082461417
-0.122784080790575,-0.0427439733928682,-0.0377369751938186,-0.0453599709838491,-0.040462665292073,-0.0280994140148599,0.0554783923432903,-0.108774709104787,-0.194051030948977,-0.128333855599234,0.1189224286859,0.105200768738306,0.395600067875486,0.341810203778415,0.198303491892016,-0.0631033659934609,0,0.344211670652074,0.558407365078854,0.478956046586359,0.456759901227893,0.687754799557264,0.371244027816196,0.386139717972754,0.25713856081547,0.165557845142133,0.26126280953359,0.373694531127041,0.355269574124219,0.239378886069776,-0.0584261539753406,-0.0774855643871971,-0.0863133510330442,0.596758972507227,0.455046389994064,0.00155589152480002,0.048669593209243,-0.0633245399789597,-0.0413625013541042,0.108049229124394,0.0645126140053538,-0.337942135143273,0.0470193037784715,-0.17610522254531,-0.273403996437065,0.104398913139847,0.312332877501623,0.273013843709169,0.0230650352447801,0.00945520176519475,-0.33604818294117,-0.0418467778325166,-0.0119135000157921,-0.0240157444354388,-0.0703294869800736,-0.145100486931653,-0.0772325828003616,-0.208601843384537,-0.0843365561089434,0.0287595611170961,-0.146747096095745,0.258248109143492,0.149066978056331,0.251690566354833,0.405580889644191,0.207025068814481,0.0719300427002257,0.680018673264723,0.641338052557156,0.219933011449727,0.411924419063693,0.509874651513744,0.445548968292049,0.0582077130350498,0.304328286025095,0.0939472311101664,0.318589619245544,0.306443596269164,-0.253571849755729,-0.128063122496491,0.303008202398395,-0.0361496922696562,-0.127222283569628,0.323794822483819,0.323017745775138,0.181648164668251,0.0466106758074557,0.245357240030126,0.0791979742305179,-0.00834787693804675,-0.124841662363983,-0.0426741453806596,-0.0519195139579006,-0.283104652418549,-0.181133720188392,-0.286412054936603,0.177289882366256,0.309188689360585,-0.0876986793868227,-0.0532516411120607
0.032286962061453,0.406799148948376,0.177006557503196,0.377267784744313,0.309742747974153,0.432625032764995,0.585947907762368,0.533540994240857,0.329173023931762,-0.255087459043433,-0.10683272873894,0.147072057169359,0.105788307089805,0.299663529636588,0.263736396421121,0.340858416410696,0.344211670652074,0,0.408114110288601,0.289947960717458,0.471127316209593,0.430906166173415,0.412979162523491,0.0272452149697743,-0.289418670779907,-0.0711835535939903,0.187223009238196,0.00495472005315514,0.172883481919198,0.219841396642302,-0.0998607837364996,-0.145186884324166,-0.0898581505745314,0.496640747928359,0.352922157935986,0.0486364007380562,-0.137586407357396,-0.392989641522413,-0.316358647665651,0.191944947549766,-0.052389377609475,-0.387434384331843,-0.0994186962865093,-0.104178327135366,-0.182941668630488,0.197100992779097,0.218234735106001,0.392050778778942,0.341027105436002,-0.185191043373906,0.0479867268607786,0.383837131527261,0.282295993837683,0.345444600281996,0.413962486845867,0.188823038793522,0.425051527538043,0.262869282994858,-0.451064045837248,-0.0692623047416423,-0.0365427791169699,0.059531928646562,0.214160446308328,0.158740787704339,0.341556170997977,0.17062903504967,0.117966141344006,0.403714436144696,0.313490967509311,0.711278548667762,0.380851680355127,0.567126480375135,0.477235251189578,0.159320833676675,0.00857297825681391,-0.146929758422151,0.217839788231476,0.237925576585157,-0.295261017864652,-0.197480896330028,-0.154496777496599,-0.239149312002407,-0.0789441209588638,0.151385724982664,0.215195612363269,0.0198119103265068,-0.180568723926334,0.100691951636811,0.146513962580664,-0.22967975854494,-0.167848144323235,-0.206477796149207,-0.248112173891683,-0.388571516443788,-0.276940445432908,-0.128585192077611,0.209613943321374,0.167928381201524,0.277029804991133,-0.191585200820346
0.0241688181815271,0.0750529131385237,0.163798439376709,-0.0274115615225276,0.062955223820433,0.0298825022371055,0.121547237869757,0.0448888029261979,0.0525740259037977,-0.123280395771398,0.041072853418553,0.253018269563244,0.266142117150423,0.714686116082539,0.590539540832767,-0.0382658408873196,0.558407365078854,0.408114110288601,0,0.363301469956396,0.68891580862868,0.403156855717043,0.635826840056814,0.339322097928116,-0.102066015955142,0.0840068021652599,0.189095619346078,0.197955580183194,0.518645645776077,0.509507189304076,-0.0617249911405392,0.0925745165865643,0.0539558842989253,0.596835993954959,0.242937445248935,0.0736460057515662,0.119380370553592,-0.268416302884614,-0.111861706078774,0.11253509802551,0.124482224325895,-0.386269981274661,-0.146570539391022,-0.0236456359308906,-0.215795604294379,0.0815094625700959,0.514272965052263,0.283972445297886,0.126222809308499,-0.0396677819778747,-0.0835034824539766,0.103362475103366,0.142816580708845,0.111461651985198,0.00532267410253273,0.00649953191813888,0.154105045547389,0.0185211630593227,-0.241719111277885,0.134398924133653,0.0912544551695179,0.177702142131239,0.245478852743737,0.483271864010311,0.715191615100723,0.54096547471543,0.195293856774391,0.590360510447912,0.530113508506102,0.204295895054074,0.643519004556251,0.33060569160305,0.674958927075887,0.0657399723394625,0.222182370159227,0.0736438945858377,0.543615055232096,0.557862004571663,-0.250394315095335,0.08624988101374,0.0186366306975122,-0.22114107155081,-0.249367098148738,0.0222482792719177,0.210671032116069,0.222359191254847,0.124832980857352,0.150228744374303,0.173232049994617,-0.0497729161116145,-0.0526437027864569,-0.382563526787355,-0.230919628410675,-0.275033228400858,-0.304770610559026,-0.16996474563817,0.124204152958991,0.401354917867467,0.075974712685674,-0.0265430628257708
-0.173604009653557,-0.233405933080989,-0.205273199308158,-0.0923491911952567,-0.0651145504307343,-0.0662773798274256,-0.213246056760979,-0.243780030804253,-0.171222196860962,0.0139021328841054,-0.065948214378174,0.110589235294936,0.149979470837438,0.271660611058523,0.207934476437888,-0.247715811577735,0.478956046586359,0.289947960717458,0.363301469956396,0,0.466133249399507,0.353421508887095,0.347165340935893,0.243941771785474,0.0770854255099601,0.233492080872542,0.48171127772469,0.548412238374494,0.44492221129376,0.283890639332226,-0.126321346526605,-0.18688379992205,-0.0552566250553609,0.490410755361354,0.280475405421366,0.342799225746467,0.179482743675341,-0.0887740679075435,0.119426363079051,0.0813302605975903,0.23739522115558,-0.20723046112746,0.0563454859291924,-0.115519816570406,-0.0913437736260705,0.263287689850372,0.334928381874177,0.501984838665261,0.0717485817350601,0.187753999138476,-0.376022352266407,-0.261891117526425,-0.265448981071241,-0.146203678797418,-0.132627214290232,-0.274053434859545,-0.29331361687527,-0.270024950392002,-0.017309124237792,-0.00709560414374238,-0.00118202872124547,0.0865425567866036,0.0389386147232302,0.128015307635166,0.323347570705829,0.103074357919498,0.106751179978525,0.323437973816924,0.49885223986107,0.0680080157624206,0.491273474618301,0.164089447786782,0.299758230791758,0.062828565712357,0.242465159556074,0.100625315880862,0.321298959274905,0.338622680163593,-0.217044632422252,-0.10745599344274,0.254619649417706,0.0671520243542856,0.000403297596102299,0.0803814840474792,0.422833466117284,0.118813597991715,0.0973161065499406,0.42496487265405,0.431039937994171,0.173208511872497,-0.115803197890511,-0.0490070224096772,-0.00643531691650167,-0.175894331242636,-0.104848123966931,-0.147167005575284,0.280885140812229,0.409126648521564,0.0307529782949624,0.0465185565224475
-0.0725942185966883,-0.0481790322917247,-0.0944062069239318,0.0348882396923007,0.0835072946987901,0.0164182046884835,0.0714548015195179,-0.0202829300575017,-0.0192037994531919,-0.127239710307903,-0.0270946964264764,0.15994166831237,0.163821762556768,0.634542576626119,0.60966914602688,-0.0852805353632129,0.456759901227893,0.471127316209593,0.68891580862868,0.466133249399507,0,0.312477121114592,0.649944502089849,0.182863531796879,-0.0812236679323565,0.071117040745988,0.223820231393224,0.20430494085978,0.551302591812224,0.550522866599489,-0.10629435476524,0.0558544924105864,0.151670298435456,0.519831513229203,0.143058406855874,0.0145993917846749,0.0179591736644899,-0.319582816788555,-0.143624013305284,0.0603725869309899,0.0514909741962522,-0.353864767658312,-0.214123639186543,-0.0260832790854918,-0.14937001729464,0.0876867195884973,0.427840389839254,0.319103647009695,0.0612443341986479,-0.111393197672984,-0.112997982110176,0.00212006789558474,0.131109447948747,0.158291654126463,0.00996577327058262,-0.104614397380835,0.102544329660652,-0.0730341131338987,-0.270494748522154,0.0576124537380154,0.0858448609714429,0.0743661060153251,0.190624597487299,0.296189103093357,0.63978629558012,0.471872147256932,0.259331679540869,0.37876392503058,0.481752267904152,0.207207924768662,0.741604513170065,0.262027253394895,0.571756524525832,0.044350282920402,0.168024288530564,0.0366567202641117,0.469782969503204,0.541538618806768,-0.221496956632553,0.111853967713575,-0.0647140601825877,-0.251605956780666,-0.234717653679237,-0.0895125138737345,0.218082622548715,0.185630850502961,0.00603135455243357,0.150569121979789,0.0987470790717914,-0.0754632104987248,-0.0544887454421976,-0.383684249620892,-0.210538894623655,-0.25796713635951,-0.348363582538847,-0.100099784049837,0.140181442875171,0.380941153107278,0.0118413709050877,-0.148108705202262
