0,0.128225729296351,0.150685092769257,0.203199173064152,0.130263001582471,0.0351960341516339,0.0463874495472575,0.0352578290292825,0.14763661994724,-0.0207605600585089,-0.0457888466042876,-0.0473925920473819,-0.0963829085912669,-0.0344470778847309,-0.00457574514106176,0.340831248412991,-0.113796545103952,0.0125429326233623,-0.0430515531530512,-0.14897655576757,-0.138078436111904,-0.166940452991699,-0.113854138817968,-0.0290355563342541,0.120316496727975,-0.140698393555516,-0.131870644511253,-0.18681999653461,-0.193255509522629,-0.121726355883302,0.498531890340541,0.442839418113883,0.414703090436468,-0.191112187570263,-0.171943594650504,-0.00396901370035871,-0.244800791749771,0.34175495009481,0.0253851928380723,-0.388339730076814,0.0885582277727335,0.239595542216645,-0.0959356128449202,0.259261806512118,-0.0364203247248135,-0.0762963497806456,-0.0464034135904492,-0.15774544266973,-0.132478409148495,-0.0478526768208619,0.663581454845549,0.181218571722848,0.363747496371849,0.149628498650177,-0.000364043612604658,0.120825363231575,0.0657781579093156,0.0716226198976509,-0.0555941306656962,0.0468190122590512,-0.109316787317295,-0.00241546292753772,-0.0885186140366766,-0.0705473310247839,-0.0994138150458905,-0.0325167958126256,-0.177069260828486,0.00985953206594423,-0.207976110402173,0.06973763235984,-0.147018114877445,-0.143454236728904,-0.171959602427148,-0.162948837064926,-0.10928909543809,-0.0313525477895894,-0.178792722911704,-0.0459297214226629,0.420442722225806,0.418267765688409,-0.0264693450189669,-0.0758035164227687,-0.0149632747122865,-0.209963894712699,-0.236647142217468,-0.264035256904484,-0.272932322835014,-0.136026652023603,-0.0422432278748722,-0.106156074445946,0.441679380093916,0.152251292971429,-0.36987147485641,-0.0855696073031757,-0.0604931616549084,0.0319746804868901,-0.110056857419746,-0.194088866243682,-0.0647939911752786,-0.0723334989504872
0.128225729296351,0,0.617170351707854,0.53865090267063,0.510333602365472,0.575460879914366,0.60977477799671,0.705385830537393,0.632808290753015,0.135557213997448,0.406512634733463,0.32385498311182,0.422225604194308,0.396560274741774,0.399773406100759,0.406166294649173,0.197490857744167,0.494228567838979,0.354078385546686,0.0259749308970764,0.239958528601152,0.00430591215284848,0.114057423765484,-0.116778094694984,0.0847769379865607,0.129754648559901,0.145286041990482,-0.197805067515155,0.0685307312011373,0.142416207799178,0.108708002476345,0.146833826596484,0.0478628023109172,0.172916092074154,0.110957822824846,0.199324759434924,-0.174140664177815,0.0597651680388629,-0.171681377208079,-0.0689147395137,-0.162073704039558,-0.052827856472682,0.0652500917666698,0.31192972843953,-0.162889631809409,0.12613546834899,0.05484149782962,0.0352978170867241,0.38479544796352,0.177942418048004,0.236723312960408,0.768741241095492,0.520476200932865,0.230644988645727,0.54698418170799,0.534132225989719,0.695268390471544,0.590500507186296,0.0880552434250753,0.410846371064584,0.35164190587037,0.399524536276735,0.359195292706104,0.392152683526795,0.419556227562152,0.330787132505873,0.305339680369261,0.52783897908645,0.0791491605846378,0.523774869130647,0.233465818345044,0.237635806116954,0.196381960588171,-0.0451050856151572,0.260344865283355,0.162410098061423,0.0691665247603238,0.0702197936323843,-0.042805843519235,0.11635561355604,-0.446707553104626,-0.294162587502504,-0.115518910017921,0.119134663091649,-0.0660708540997592,-0.0721374318417234,-0.0449404020280894,-0.143338537273395,0.276463574572037,-0.177975550485461,-0.000491088124435141,0.154808677721166,0.0976126763554447,0.120402425070872,0.00142175354648704,0.265303744193443,0.259723113880656,0.0694851085139994,0.427474862877382,0.232343145495872
0.150685092769257,0.617170351707854,0,0.0120907932280067,0.213590084104861,0.786559789974784,0.360228382564007,0.538568076392682,0.611116779793114,0.400263066434788,0.416591607834169,0.28997262871756,0.379889214912086,0.130913413572481,0.0642663880519575,0.227148551072671,0.152736799849509,0.292292786470584,0.115984464995674,-0.107645858177339,-0.00629720305384297,0.10274439179616,-0.128568486647053,-0.157917537107125,0.369393934225746,0.199249714416734,0.114004563078987,-0.192088634401167,0.112157300836412,-0.161606632985651,-0.139512930514866,-0.196830135678603,-0.331994309289404,0.129222895485521,0.207848104291171,0.127111839593504,-0.00787657541094725,0.13409288564419,-0.323100311466316,-0.025480326903077,-0.1798154041766,0.114630616782337,0.302176555972953,0.3584982210391,0.214888450178965,0.0023949954624652,-0.134551925493962,-0.109296910866661,0.638655265176837,0.295984040303813,-0.0115211749026507,0.681535510076074,0.0225977357967856,-0.209909349081445,0.677666703310829,0.797101609178164,0.5249098675221,0.472694751488099,0.219043676234141,0.405277381325739,0.309112807307832,0.376571218449269,0.188673844779366,0.209212300536315,0.123192485351506,0.015225177098938,0.241607471165676,0.366700820890533,-0.0937841773862356,0.295281000942786,0.00384061871215163,0.238152411607021,-0.0760335965200734,-0.0626013846511237,0.16302716301565,0.371958405415713,0.0224082652981676,-0.213648846825053,-0.173574231116597,-0.307423736071894,-0.451185409209199,-0.343055393397306,0.0464249835035897,0.162834769998962,-0.0269928504337679,-0.271466869454264,0.0485763720841568,-0.142718079544113,0.199041896909541,-0.133029598370505,-0.319937964847746,0.321352319782286,-0.0368260761611811,0.37239608414168,0.209596636835928,0.317346300580902,0.111651391772934,-0.100404544691776,0.649393923550488,0.381871176118541
0.203199173064152,0.53865090267063,0.0120907932280067,0,0.725540568148371,0.171074376993424,0.557638909077876,0.540714819587486,0.36124620131934,-0.162999571079486,0.288843987783212,0.290182238979708,0.338484264313571,0.566783326082604,0.626867648556935,0.372711265105263,0.233754906563929,0.560170561751539,0.473764622569635,0.348407891302085,0.444781880812604,0.0369334117546807,0.429226143840627,0.0994710104766792,-0.20822432115951,0.0782388251868282,0.150910005520111,0.0204454783337175,0.147856258817818,0.42805093921095,0.255016132442884,0.492983011052625,0.391478257600571,0.172660111275644,0.00670739389825212,0.358332728135646,-0.113047842401245,-0.0493373899273791,0.0170817767317008,-0.0291426776672079,0.0407493865953156,-0.0830691969209929,-0.204921195186145,0.212884440949603,-0.392910300429346,0.276955698004169,0.366267626969981,0.289334400409061,0.0764059603037342,0.0782035244100493,0.380240322117166,0.492633308809436,0.753965838722585,0.767543452858109,0.229620011884995,0.095817634018512,0.578981017601906,0.526443540477822,-0.0478362849603046,0.322704626269001,0.295711094733236,0.332291277857388,0.454016535956124,0.457879304254294,0.59634285703331,0.5630783943555,0.32120361450851,0.469655082427225,0.2348640080056,0.559494182132013,0.471795782261759,0.165280920343084,0.467850562897962,-0.0190693275391355,0.279823252237799,-0.0515283525433483,0.205132832726138,0.407894989238219,0.0587256203438259,0.464134050875788,-0.157789468745801,-0.0493914456694341,-0.265784249575776,0.0192464981502106,-0.00780347407469604,0.256334719551858,-0.00596947018238101,0.0448245129823266,0.374549987132908,-0.0708046936054481,0.280535398454622,-0.0881868468277377,0.139396966633257,-0.157277366926857,-0.223513383457465,0.14018035928007,0.377394431874291,0.328327044465323,0.140866792019702,0.0603076407669374
0.130263001582471,0.510333602365472,0.213590084104861,0.725540568148371,0,0.443381560765514,0.432400545707497,0.529287845939569,0.436962484217543,0.0133818723798626,0.375889798158896,0.363708498741586,0.376691868656427,0.449918587912876,0.473489478886771,0.346081007605832,0.290081100278819,0.520753300202638,0.364767118054688,0.273985674753035,0.292882962438833,0.143377337446953,0.311626339354294,0.0549123515224138,-0.0847210414335205,0.16039481298189,0.227792527393641,0.0501213291772709,0.148659197072754,0.235596559830629,0.077580600678897,0.22990032489376,0.146325018115516,0.171424469088533,0.144457129496156,0.375364171143229,-0.00108617460703807,-0.0773245410878465,-0.146522792096766,-0.0307463905567983,-0.00855891451802525,0.0269413546332005,-0.0954300497424625,0.28226632810228,-0.170613231278536,0.215570844045975,0.253033535397646,0.267134844789324,0.29812348470354,0.130369761438087,0.190831973009757,0.580683329889683,0.482083229386681,0.65416206284745,0.575639881316183,0.327364082029503,0.530363859908678,0.605639601244455,0.0744202499045724,0.405508493840568,0.34304816046149,0.416672356953154,0.458654639878909,0.433296999797657,0.497989378144159,0.418465946366515,0.306318556492961,0.48397779793232,0.168557450033779,0.457194776946941,0.352690069911189,0.245163673419293,0.386482563002641,-0.0559825730825616,0.351089486305076,0.0800580959726479,0.210952822687144,0.278349223880546,-0.0589044751802939,0.2067123718988,-0.221622005616253,-0.0561612128992342,-0.218581694946587,0.130502478018117,0.0533964708805796,0.167155703893863,0.10377316594985,0.0832926904611865,0.357722317074918,-0.0762254668370603,0.0154150514263003,-0.10318179315724,0.0709779296904738,-0.0130370800127655,-0.108002897536307,0.262103973915118,0.357667832614637,0.295524895764359,0.339497606876252,0.13501547522914
0.0351960341516339,0.575460879914366,0.786559789974784,0.171074376993424,0.443381560765514,0,0.484918441761472,0.672394164528654,0.770671558088501,0.480961185206411,0.618221680759187,0.480776136805296,0.535705092885155,0.322170013199739,0.259006343199168,0.156455305117069,0.333226845519071,0.46220851785165,0.264746359232497,0.052542861489841,0.13420951372928,0.246145824426679,0.0541134223583358,-0.0537118784462595,0.312432815379564,0.358704919333168,0.167818495454898,-0.101792119214222,0.219237892248387,-0.00229716610199921,-0.178482521171609,-0.226768058358777,-0.340591738109562,0.229816752399871,0.290897394883136,0.270403499625403,0.068973528425831,-0.0211283043378206,-0.283138680936224,0.105092906146702,-0.120284438129798,0.236355725545833,0.327732028140402,0.38870944908377,0.144018781089978,0.0914659132253919,0.00149029504416736,0.0290474950028527,0.766298789771096,0.420356576835683,-0.0476313417898834,0.647218665464111,0.0275550235571842,-0.0846511218004806,0.876084034160828,0.867384707972791,0.630528686238638,0.662668056056392,0.333398493169224,0.596475794130762,0.482394650269828,0.566470695505093,0.410441177427189,0.412385720687606,0.311182409212959,0.233139081477352,0.377631402088885,0.541230518964687,0.04029354064423,0.445129013286549,0.185355656998661,0.42726992192963,0.167254507259037,0.0432476384893866,0.338781621409608,0.486577614816649,0.188517320469548,-0.0392033196673879,-0.251172971808168,-0.272646339651587,-0.453201143481322,-0.280588313048255,-0.0293059667740813,0.289601911745968,0.000185468749385292,-0.093722245045207,0.165967411287237,-0.0856025053552911,0.363603481638823,-0.0830528524823412,-0.384195938019638,0.15426653485867,0.086173545843076,0.425933544198271,0.259165163544296,0.392098577895253,0.226767365146037,0.0456047087796804,0.794874606893444,0.499185919549333
0.0463874495472575,0.60977477799671,0.360228382564007,0.557638909077876,0.432400545707497,0.484918441761472,0,0.795969252300018,0.660369129968923,0.231901527074099,0.593264468152097,0.59125198784603,0.593940015164359,0.649768084314929,0.618626566665144,0.278986653290183,0.406067492389714,0.619207060145838,0.513968902065563,0.286167932796989,0.522260810378447,0.113623548356472,0.41085336101238,0.180750099063934,0.00434680369769514,0.262994869658829,0.202404039433998,0.0690235895182339,0.335551437043829,0.422693977052327,-0.00366238846499182,0.147107258924055,0.0105450011668489,0.288059846977496,0.0855501057643953,0.413881814397386,-0.0349018372140648,-0.0995882456618313,0.00277170141473589,0.254796709415695,0.0378839840799214,0.0944210057527437,0.0484268539259943,0.313369300457312,-0.252839405266123,0.323540944395633,0.324451167046097,0.244978222029697,0.399562615162583,0.322101577669605,0.142995451232673,0.507969444524642,0.487935375321316,0.289869831048471,0.473361124572987,0.41290634456407,0.754266209410316,0.70899763142483,0.221668268711039,0.619445227570914,0.576491675377506,0.546726813860426,0.569507275970163,0.58627788327678,0.620561009061161,0.560293158263293,0.627649146664877,0.643289436485286,0.2178555876773,0.605078438647843,0.511391227882195,0.295579937860944,0.486670686948698,0.157321081337035,0.44382069019564,0.270885439638591,0.336775203719091,0.350257530103756,-0.178942412855291,0.139815043254273,-0.349001410482495,-0.317896000935262,-0.199051537910192,0.0895501153575096,0.0224996163342921,0.176222554528263,0.0908438966738067,0.0242308825742127,0.532982481882674,0.0284339011769517,-0.0811890638286043,0.0259028088599198,0.26908334757191,0.0366419971468187,-0.0686752013982286,0.250450488642757,0.39430330098246,0.283712941020387,0.470595976667639,0.334219843469337
0.0352578290292825,0.705385830537393,0.538568076392682,0.540714819587486,0.529287845939569,0.672394164528654,0.795969252300018,0,0.803423785040466,0.242605561211271,0.612308667696354,0.542199146173234,0.562021732777485,0.591902776598463,0.574273336926569,0.247686069181471,0.387751369112117,0.738366569186453,0.475089126167588,0.241053722734369,0.471652686517939,0.0610469395832423,0.284352774852916,0.0139458643866879,0.0653697572817547,0.250555052490882,0.170149212607557,-0.0552156500431783,0.268098269907422,0.297797764914621,-0.0419496609515681,-4.76005762773686e-05,-0.130551757517704,0.27802601611339,0.116633880460449,0.44314018323404,-0.0752286931716902,-0.132041503112692,-0.232746965551199,0.0990972071460311,-0.0961393206985217,0.0438281947880239,0.0557483112831096,0.376524258170874,-0.189623855608067,0.226880825850675,0.193034116529804,0.156734117674264,0.564735731529411,0.319114552658448,0.0685824242000374,0.713440444203673,0.403226297215945,0.232822746709078,0.623887956033237,0.611298191445886,0.897595305080961,0.856051473758343,0.171216607289789,0.619859632145092,0.560440741305494,0.556926432556258,0.537947678990456,0.584860961625703,0.606757375301532,0.500166529101515,0.507512315210711,0.667485586071057,0.175673476925392,0.716779641689731,0.485532244309125,0.29925322662551,0.399087171915386,-0.00525207580843735,0.390231513201697,0.277095724166614,0.264839993251093,0.216774796447779,-0.230628828491754,-0.0173410028458487,-0.468606937781439,-0.354864518413226,-0.210999783370583,0.138819557501067,-0.0320180017871479,0.0325954991882762,0.0908382567288115,-0.057392459694617,0.534292240624498,-0.138626531084927,-0.213448077288825,0.0128377382940533,0.139680115288147,0.0990259804420846,-0.036835895447604,0.313412041408291,0.345805470287791,0.203190535986515,0.631195440882319,0.381834979450808
0.14763661994724,0.632808290753015,0.611116779793114,0.36124620131934,0.436962484217543,0.770671558088501,0.660369129968923,0.803423785040466,0,0.357962485619191,0.509230896729546,0.424613279779792,0.449312463268719,0.408466967671186,0.375539359936284,0.18919251203068,0.230640868376049,0.555370535321613,0.296006100090132,0.0122950110961614,0.255758127446397,0.0375025274971351,0.0809110019020147,-0.131324063473488,0.2418790672143,0.14524724489674,-0.0259279818923679,-0.247418890361864,0.111019356990939,0.0885935243487431,0.0837076785593083,-0.0587330882695392,-0.135060264265993,0.127478983674573,0.045773734251288,0.25803572600051,-0.173642580990544,0.0346381758660625,-0.232396557592038,-0.00835559702410993,-0.129253924917311,0.241422128632773,0.123086039356067,0.392350964226599,-0.0800474575651326,0.0773287238298962,0.0108409655234103,-0.0341237564752595,0.61987088769068,0.344958958976618,0.154507923777372,0.657190841876443,0.309950182687697,0.0960260459876631,0.708066769306038,0.779922867083272,0.756986796100347,0.819091013537534,0.247094175818522,0.520264532671968,0.412422891098359,0.50576787015542,0.391121529086009,0.475195249535917,0.381368104391248,0.316637103575887,0.418766448170157,0.556293217046946,-0.0277092069305559,0.593475382857662,0.272492959359856,0.303003093737334,0.202528320690311,-0.026780968768352,0.216259407808355,0.29380510476096,0.07636705107874,-0.0315820233778696,-0.0696522105220581,-0.107512718648639,-0.559273298337975,-0.342538874608516,-0.136610427184348,0.0681959505201478,-0.184939597010364,-0.138419737875127,-0.0358563019030376,-0.22822678292451,0.39735346428239,-0.111023029624349,-0.177884037205179,0.151022912542852,-0.00219620651313398,0.291102617419378,0.0769036447940518,0.299168015203132,0.16740208472561,-0.00340534290619892,0.678344553838282,0.40206323245066
-0.0207605600585089,0.135557213997448,0.400263066434788,-0.162999571079486,0.0133818723798626,0.480961185206411,0.231901527074099,0.242605561211271,0.357962485619191,0,0.49462334310274,0.422886795184046,0.343235651461844,0.05609975907941,-0.00623411879944588,0.194001648819986,0.238059007133145,0.0563367090927529,0.0369988711979588,-0.0336579507444791,0.0117327737161123,0.293775157717907,-0.0206161024417405,0.130275064302203,0.60376149922079,0.362206628861563,0.184958271794519,0.138280253777208,0.344885410051097,-0.0732618684401732,-0.100103087092155,-0.242908012763269,-0.312827589828274,0.150027277669512,0.351794155811029,0.0884264493552157,0.274594622120176,0.127514048298516,0.101200273886344,0.400945540624462,-0.212417121311824,0.436227250431048,0.466424590451088,0.265367943446824,0.303069355739129,0.0279628528974525,-0.0438587496451517,0.0019948772508596,0.432287425516544,0.260391034781327,-0.142853569545697,0.221503833530267,-0.116587997529365,-0.225331072439867,0.454436437812761,0.525116686374668,0.205751002348494,0.225155091376959,0.805136448122356,0.479816528104463,0.402273462536133,0.27400995807697,0.179026702582393,0.101614540297669,0.0624736706269694,0.0135139560937336,0.323419611205857,0.201078376281486,-0.0326969420775957,-0.026989646160819,0.00929346010948867,0.278748075057237,0.0407087817233781,0.303597383022242,0.311895891706834,0.598334194129534,0.297373532347642,-0.0239486596994166,-0.159684921693726,-0.275884808493662,-0.280551900453039,-0.415907742470377,0.264457209265541,0.256438706374477,0.0990178238495057,-0.0984592088662046,0.295660630571025,0.0449200628782124,0.128159373434194,-0.107344952723367,-0.295327453235678,0.315645269471092,0.238464767767398,0.343772856673299,0.423593118375971,0.328142204017963,0.091221890187074,-0.0229826979557351,0.461628249595814,0.28576753644536
-0.0457888466042876,0.406512634733463,0.416591607834169,0.288843987783212,0.375889798158896,0.618221680759187,0.593264468152097,0.612308667696354,0.509230896729546,0.49462334310274,0,0.816066112176402,0.719075877613971,0.588626406841679,0.558492775038382,0.0954242006996562,0.563060356819925,0.547360797715246,0.480098346768887,0.322440009359342,0.402311527911354,0.373709815440564,0.419922425994648,0.403423382342911,0.115987571703564,0.667779521018168,0.451222175078112,0.33979386552262,0.441667898759655,0.38157200943087,-0.298102401320315,0.0109722147199313,-0.22826609808103,0.37778608439841,0.389764912520166,0.55000799980895,0.298189456310623,-0.254758077404283,-0.145527188338747,0.352316291491077,0.104369019105969,0.16611769864296,0.372117469722625,0.437090378261753,0.00119022047158017,0.389701907894787,0.324926686215734,0.346236088680831,0.54915468023717,0.443378459999145,-0.0950516199782161,0.431601196731463,0.085370609636302,0.0701121744719701,0.582021029798947,0.499142031288413,0.567856126557788,0.591529293015784,0.40953801778571,0.860282789149798,0.7846793996137,0.683553507438971,0.645894517024269,0.559378269665442,0.587534917374399,0.559385750597139,0.47638128432088,0.640408549808926,0.307585113374843,0.468274033165847,0.447312718405575,0.474650969491433,0.510693691353158,0.197182676628475,0.672027283249722,0.583910397254893,0.479400133809545,0.451356924813551,-0.455253164582522,0.00798867313946097,-0.17215017816059,-0.231786577539689,-0.0564808918404348,0.400809846761242,0.26945188575026,0.230836835199077,0.394038793748212,0.316838924577499,0.574336573194946,0.0853556050039496,-0.34869217825845,-0.0690760952059048,0.320508225924928,0.154772058872855,0.182932264229277,0.459343358019091,0.517681808977371,0.380547760289267,0.655126146433941,0.510924622855701
-0.0473925920473819,0.32385498311182,0.28997262871756,0.290182238979708,0.363708498741586,0.480776136805296,0.59125198784603,0.542199146173234,0.424613279779792,0.422886795184046,0.816066112176402,0,0.706666422874465,0.581926491164901,0.563305598521718,0.122222216339904,0.607055122362871,0.546093070683647,0.488761067905724,0.379172870938621,0.447730368859351,0.339315636462102,0.457198359774164,0.517593267950058,-0.00687058268283916,0.677082766093214,0.442000880535409,0.414881380288635,0.464802119494302,0.404486381831519,-0.231027068454174,0.0262272473255459,-0.20950541167859,0.394080427971527,0.361032931412267,0.594918506139789,0.325848608251662,-0.329630471963724,-0.151566336174766,0.423083234605411,0.150223821557108,0.156338017200039,0.303363113838393,0.423454059389783,-0.081163151457451,0.373092602031535,0.376714819023198,0.371627571571241,0.437363361459678,0.369870609177417,-0.151306148585429,0.337669942040104,0.117903566874792,0.155226096578451,0.452404592081699,0.341024056882445,0.46845145823058,0.560730628878882,0.371764363361791,0.883365402558614,0.865813652573885,0.67238280923386,0.63536628657432,0.507008657362774,0.611001865390983,0.550214150202506,0.555864908530312,0.609588291653632,0.349926214352112,0.452391601473487,0.489446509790631,0.400476445238745,0.544378625001083,0.269778478784411,0.770899589512709,0.569993582023845,0.529404809069248,0.5166024184791,-0.467640948831323,0.0445484780215135,-0.114341290009468,-0.164563725915815,-0.0834337457311095,0.347052797393136,0.270209007193119,0.296591766141623,0.432670592912436,0.344848881155017,0.585205146043855,0.11659362568619,-0.343634140357919,-0.184855136004,0.373340497854328,0.0433817397165559,0.126417962915354,0.385082116107178,0.508274091904968,0.399894120955935,0.52591027169366,0.405306948750158
-0.0963829085912669,0.422225604194308,0.379889214912086,0.338484264313571,0.376691868656427,0.535705092885155,0.593940015164359,0.562021732777485,0.449312463268719,0.343235651461844,0.719075877613971,0.706666422874465,0,0.708243066787448,0.632971857465992,0.0597592496528775,0.748163385246208,0.658337706994835,0.67816145128902,0.510751828177797,0.558901416923093,0.493231575391757,0.5416031861251,0.354513572023901,-0.0499948451922483,0.573974043912391,0.545461461242444,0.431331951296362,0.567879181978056,0.521900430620326,-0.254067716954475,0.0325181565075276,-0.171426521581237,0.64063308777004,0.456748460511853,0.457099192250831,0.354431820551566,-0.355693647630609,-0.112054802054763,0.282039330744527,0.0593122053306486,0.0726796630164888,0.255384509450331,0.301755488212071,-0.056219932281539,0.495489735930741,0.465716732413296,0.480474324820742,0.441090899505548,0.487328018195889,-0.0772952191055226,0.417428328011185,0.162370327895989,0.0902265069867537,0.511727778700881,0.434982608603483,0.499482138532782,0.491334538517747,0.264853234209988,0.723659570871984,0.701705926198171,0.852390445614048,0.791858562918243,0.666714253206964,0.698925602906327,0.624868811514379,0.410353556816014,0.80052087576934,0.539397994711937,0.547541579020998,0.598789249117025,0.624212265267631,0.641123560242353,0.11678475099743,0.616524380850802,0.435567659579514,0.589801731057734,0.550267775084579,-0.392427945448788,0.0116641292928059,-0.179976610126727,-0.259004080488509,-0.0722906298539592,0.454560683575661,0.420089114707626,0.430388604416225,0.420293340682162,0.34347051771073,0.6122588929017,0.0249173143146921,-0.26806920463164,-0.14797753859361,0.358450335212815,0.0884319485869798,0.0769738148175399,0.34266519979549,0.601171910295852,0.523941892300317,0.502644907841729,0.472236637418461
-0.0344470778847309,0.396560274741774,0.130913413572481,0.566783326082604,0.449918587912876,0.322170013199739,0.649768084314929,0.591902776598463,0.408466967671186,0.05609975907941,0.588626406841679,0.581926491164901,0.708243066787448,0,0.909722076191176,0.0170816452811485,0.579277495245432,0.686862220207653,0.762207947781514,0.564138899572522,0.817281625553404,0.244686476257045,0.784221685681286,0.29474715227214,-0.239889450469638,0.320789074345743,0.410546224004402,0.338260231007871,0.474153742240017,0.773871225277875,-0.123768802006057,0.286678722419736,0.0820841170316975,0.387540676058754,0.206491457154135,0.470130147745456,0.122520729054097,-0.295290595957462,-0.00604267454245269,0.201321771752971,0.162424621349672,-0.0474203644665955,-0.0546229467558627,0.254990075774916,-0.288707829820763,0.642989298822829,0.71688469200956,0.618431219861375,0.245817906445176,0.293092379051012,0.0930278726026425,0.331092042536708,0.354143038144299,0.313706571483821,0.3087524330446,0.226913735329559,0.563781504345335,0.543301331827899,0.0942464277341073,0.60090796464106,0.615437945272036,0.649079061089637,0.80979131117952,0.834323520689976,0.882343134585538,0.895356521280062,0.409796002738444,0.74014473365927,0.440577388485992,0.623146716692843,0.805862288657698,0.384628466960017,0.808022917258169,0.0626666196639022,0.523117363658488,0.133172864257014,0.51689509757024,0.692662908135439,-0.280364613815024,0.258181605555343,-0.120797462467641,-0.165651719341602,-0.347534599130528,0.218267869005142,0.293317617374713,0.576333656944973,0.270201443457865,0.277698196804023,0.557375716653137,0.0745626468559004,-0.0809266276410666,-0.217219306467266,0.351320241560543,-0.0674328060573979,-0.239121252056018,0.268002907390616,0.671531088734222,0.668835753382509,0.330148413212526,0.261743888839073
-0.00457574514106176,0.399773406100759,0.0642663880519575,0.626867648556935,0.473489478886771,0.259006343199168,0.618626566665144,0.574273336926569,0.375539359936284,-0.00623411879944588,0.558492775038382,0.563305598521718,0.632971857465992,0.909722076191176,0,0.0252231596495158,0.506487699918798,0.67963185646515,0.712031849295892,0.566739860721273,0.766567964947303,0.153251090759998,0.755180573837947,0.301033358693323,-0.253800122435457,0.290386181118513,0.369640995806114,0.294446720836369,0.381677631308374,0.784882015414896,-0.0389419914327578,0.376436670535591,0.177615901847019,0.308027117525418,0.137312311215305,0.472993539617382,0.0356806430346647,-0.272451485736337,-0.0421253850381516,0.14771374846708,0.158658185104555,-0.101618440265858,-0.119719290308326,0.239948831575687,-0.346551227427684,0.592429446809243,0.668213509356206,0.551322621996301,0.201836364772691,0.213511927247398,0.171749977255493,0.324098978058978,0.407892020060593,0.399295772238852,0.253667924243235,0.171617176586923,0.558976842893398,0.52425479552314,0.0554393350160447,0.574260300264443,0.58104948407144,0.604813096071519,0.780987000527408,0.809862486657321,0.867932817935927,0.927737167573268,0.384696392437499,0.687952250352398,0.408425651050207,0.640099184670236,0.788559782296964,0.296490043695845,0.784882875886447,0.0124119413417044,0.507826395518119,0.0752923928970171,0.470956500092359,0.729904560055043,-0.220709796047213,0.354260189796406,-0.0740227955894844,-0.13716626659629,-0.386545635125867,0.151447127082487,0.233428118158461,0.522492136624903,0.208887671427791,0.246483610595418,0.532212906952214,0.0105242483455939,-0.0195915419800218,-0.253683620761964,0.288702102266925,-0.136645822401713,-0.297688096904613,0.261163284583393,0.635914888597264,0.61846652724662,0.291513816084517,0.195911768767511
0.340831248412991,0.406166294649173,0.227148551072671,0.372711265105263,0.346081007605832,0.156455305117069,0.278986653290183,0.247686069181471,0.18919251203068,0.194001648819986,0.0954242006996562,0.122222216339904,0.0597592496528775,0.0170816452811485,0.0252231596495158,0,0.0751817839786176,0.126867701795344,0.018110831909731,-0.0964016461647732,-0.0354618036858067,-0.000204428483900906,-0.0596780261673023,0.0733557032260834,0.271907679811419,0.0133064239318408,0.0992165361158918,-0.0228010023002797,0.029656704715087,-0.118162183363732,0.188299053512935,0.207583822304397,0.187614273162716,-0.000377143206576815,0.103648098656472,0.11159012019896,0.0087072457753847,0.348030015214512,0.154164855770002,0.0683543122668505,-0.0667104153873722,0.0918473403106897,0.0654842861518184,0.186286786267331,0.0512850217620438,-0.0384660011697092,-0.0579080617437592,-0.0467637788373761,0.0550000549478499,-0.0265958463025946,0.289378565842669,0.443095902364157,0.544851535583679,0.33793778733626,0.21512968807673,0.148044533427809,0.246234467753057,0.202682753453758,0.234756769102584,0.195564058776103,0.116328681548269,0.0145211255055218,-0.0289968334709963,-0.0510130892616349,0.101318056498777,-0.0338723968250277,0.213977996496402,0.1147518297305,-0.0867512540506137,0.0871804470826433,-0.0696001440495961,-0.0137596924701594,-0.0303443414146959,0.0894567780625183,0.182749312866606,0.164433497818546,0.0319579042633397,-0.0174630778549571,0.07413660875546,0.156827511618043,-0.241403706332637,-0.211245545901064,0.153216348208475,0.00122784269214832,-0.016163941619572,-0.182944352997947,0.0120508294253574,0.00484516711808531,0.0533220685301901,-0.0710908731916278,0.186690231086192,0.297177581685008,0.0475825772708187,0.0209567483510098,0.128308157796788,0.111165067355279,0.099600641599661,-0.0459989748719056,0.0651989816761654,0.00817351983950568
-0.113796545103952,0.197490857744167,0.152736799849509,0.233754906563929,0.290081100278819,0.333226845519071,0.406067492389714,0.387751369112117,0.230640868376049,0.238059007133145,0.563060356819925,0.607055122362871,0.748163385246208,0.579277495245432,0.506487699918798,0.0751817839786176,0,0.542716356244649,0.612190222457511,0.536424341449467,0.545193837293683,0.606464587276892,0.5822698917832,0.518303339246048,-0.084271330737756,0.611803305205155,0.599470975314661,0.530506330931685,0.601028250147671,0.511673852422525,-0.183363576104331,0.0792300469793324,-0.0813885240682963,0.697793106541646,0.575936067662897,0.448085420540756,0.476114571043511,-0.415196367234578,-0.027692502668286,0.338674856584389,0.0724600633532971,0.0855772451367294,0.336728423253242,0.215103883994835,-0.0203159428890097,0.508520992009628,0.489135898577156,0.546048285011958,0.267707608848325,0.44099743423891,-0.122842259105314,0.177834110408021,0.0942540643389086,0.0606513224080226,0.330683901224121,0.209558466457559,0.30153041085474,0.313809711304529,0.195074472755071,0.583706278258644,0.600568998102675,0.625692386677512,0.605343992121709,0.463109797823653,0.614853332155257,0.521564441008498,0.263581181665869,0.689919737192169,0.648192342387445,0.363254766830094,0.575812308083615,0.593477485236474,0.646600363860357,0.137055402753158,0.704535350433461,0.421445744677527,0.607870014897048,0.569159296278635,-0.314946691802427,0.0852870751602562,0.00813845904820242,-0.205956363158755,0.0132370173932857,0.561042330042465,0.507745729611675,0.486401910439217,0.502941943863492,0.397785066423594,0.54970780145321,0.0365935756024713,-0.174886810751532,-0.256982100397804,0.360190497297923,-0.0138126192802255,0.132795028260852,0.257635037828718,0.571816054328009,0.571354468937166,0.31992370959363,0.394247419626502
0.0125429326233623,0.494228567838979,0.292292786470584,0.560170561751539,0.520753300202638,0.46220851785165,0.619207060145838,0.738366569186453,0.555370535321613,0.0563367090927529,0.547360797715246,0.546093070683647,0.658337706994835,0.686862220207653,0.67963185646515,0.126867701795344,0.542716356244649,0,0.720694415660939,0.597166009234491,0.565308870018036,0.216750054193201,0.465383611781299,0.197790921787897,-0.179240390992303,0.350243757836045,0.369392097980959,0.225281550413962,0.354105520305468,0.449065336144802,-0.113346231812514,0.11259526114388,-0.0504773112013795,0.553986740854319,0.175801983378705,0.530525047437459,0.00699110419153436,-0.346725795075015,-0.223540491375482,0.0585337648314328,0.0884694220444124,-0.0528297901469013,-0.0178642139203884,0.263384141569348,-0.209792263327069,0.384371447454062,0.417203177292748,0.380777811141413,0.353861445752867,0.273798802143467,0.0455158928436414,0.537983575804883,0.372345185655625,0.29022126900504,0.425774310779767,0.379195593846035,0.69598633193467,0.65802588216418,-0.0173210559172747,0.57960576950962,0.530725835110227,0.651978120559408,0.709002278802981,0.656075058938577,0.704975495279223,0.614872924877352,0.396003630833023,0.748435251987559,0.516913737698343,0.860300360546224,0.649730492834277,0.381348289063746,0.590761467432323,-0.0252756233849993,0.437159335344984,0.203162060258715,0.422091568759178,0.488961138929696,-0.316992773016609,0.0900512646349014,-0.129907666925495,-0.108888770824563,-0.213913540629983,0.221464436371942,0.232737744487293,0.324000602374429,0.130086489621752,0.196239581169788,0.654824958744783,-0.0871178864931834,-0.178826591271994,-0.238446066821208,0.152028651353909,-0.081178686852522,-0.0996740911260399,0.230767069277486,0.505427771609192,0.456380163217579,0.445134192122104,0.273477788141598
-0.0430515531530512,0.354078385546686,0.115984464995674,0.473764622569635,0.364767118054688,0.264746359232497,0.513968902065563,0.475089126167588,0.296006100090132,0.0369988711979588,0.480098346768887,0.488761067905724,0.67816145128902,0.762207947781514,0.712031849295892,0.018110831909731,0.612190222457511,0.720694415660939,0,0.654079795167421,0.641224309733285,0.377472411448747,0.638667474535557,0.299083437819698,-0.309333566400487,0.411269059465224,0.471249433262657,0.364471036844362,0.453031489545787,0.589370905088772,-0.137256030304845,0.190714140041268,0.0563108422478771,0.541384719327902,0.289962941140392,0.331875276887232,0.0642698188822784,-0.3977862444725,-0.000973716523933959,0.147108101023931,0.072209942853194,-0.0580163968730186,0.0540001663102777,0.152888678107455,-0.213977679839533,0.52486095664422,0.636992837618248,0.547192127577961,0.130855085301953,0.234809069646773,0.0401463948143669,0.308799733193463,0.332160347456515,0.20850473043894,0.239092892660389,0.179260484921631,0.456909053659534,0.375952009747669,-0.0122583049558611,0.499985254213498,0.484588941350921,0.599681483452063,0.773234000462808,0.704330164511293,0.746035045004782,0.69953748592572,0.281600322501394,0.746965183163428,0.639709169107298,0.640300074098339,0.722076907022519,0.455534388647872,0.707140963640639,0.0858040584189469,0.474215138873946,0.160661457396515,0.562950444161864,0.63835343218183,-0.312928608457844,0.18396805788899,0.0721712582765226,-0.0955957302331698,-0.173421849219316,0.292476392307678,0.394135718716409,0.580225238407208,0.136651208934869,0.271296819365209,0.477432657916068,-0.042685482118314,-0.0627774918125517,-0.299069084354854,0.299606669780426,-0.107909697410426,-0.118820628363557,0.140877518120374,0.599276160041299,0.620469320001312,0.245960804984517,0.180971805616274
-0.14897655576757,0.0259749308970764,-0.107645858177339,0.348407891302085,0.273985674753035,0.052542861489841,0.286167932796989,0.241053722734369,0.0122950110961614,-0.0336579507444791,0.322440009359342,0.379172870938621,0.510751828177797,0.564138899572522,0.566739860721273,-0.0964016461647732,0.536424341449467,0.597166009234491,0.654079795167421,0,0.643685144820752,0.451820235432712,0.630129559382895,0.434890407001045,-0.274403997009897,0.356973830993461,0.525462548686457,0.525048513521665,0.625644184902947,0.558694494103661,-0.160911630819929,0.115972605169988,0.00232435891077213,0.601578096863073,0.322359615836006,0.495054829540735,0.317132433578,-0.435645384390808,0.00373549049581661,0.32333878936084,0.138632432919969,-0.149539112032446,0.0315874775301066,-0.0300004071118633,-0.180179862319696,0.537058665165762,0.675828052583588,0.618722159795149,0.138224635810882,0.292296605623125,-0.110395211523766,0.0313357672802724,0.132723790906475,0.280631447821226,0.0390265071817688,-0.0378023037391198,0.220440853698037,0.141365057482442,-0.0104789262414601,0.310283305000785,0.380640800308402,0.37358011285543,0.608365839326004,0.431269018710268,0.595894932750156,0.557610574025113,0.282449869301304,0.462106563936485,0.641949049823618,0.462783108374009,0.761786719460726,0.345535273292217,0.650214049449192,0.102267134429454,0.422171900451136,0.0910633513447935,0.689681785415928,0.659821467375884,-0.297879023091278,0.136323447283921,0.25472261721638,-0.0158100593405635,-0.139912894469336,0.298373971816776,0.50765370776962,0.667060834777719,0.350426808421404,0.336564143952415,0.626322516795711,-0.0380548705137761,-0.10466008616983,-0.376159474695053,0.288655635110659,-0.242772534773504,-0.114684388768332,0.035018617391265,0.550452144784671,0.673581722733587,0.184187317218856,0.187439198497324
-0.138078436111904,0.239958528601152,-0.00629720305384297,0.444781880812604,0.292882962438833,0.13420951372928,0.522260810378447,0.471652686517939,0.255758127446397,0.0117327737161123,0.402311527911354,0.447730368859351,0.558901416923093,0.817281625553404,0.766567964947303,-0.0354618036858067,0.545193837293683,0.565308870018036,0.641224309733285,0.643685144820752,0,0.257345288503697,0.780708979670778,0.277681346953869,-0.249424667004063,0.213889977710408,0.345733321520016,0.341961452987664,0.586548758216987,0.756617949320221,-0.106732579766225,0.181386574540364,-0.0106102406446339,0.421432863147084,0.206357082851442,0.440109769930467,0.234362029859201,-0.327294392052126,0.0502335237004602,0.29517643659982,0.0646502838356843,-0.1482484481026,-0.0806148999563919,0.0709214377360001,-0.360789512804623,0.587020103169899,0.711885535046056,0.651103564530974,0.18824818952219,0.293172110264544,-0.0534219551870837,0.181942631515874,0.259516210808118,0.293706605490809,0.105373067652473,0.0863964553908008,0.428001485534023,0.408416169989887,0.100576584968492,0.40917405067162,0.527186922969243,0.4235453006582,0.625427517528934,0.632338280437275,0.811542126314904,0.748690210814042,0.367425514433878,0.569824017773901,0.441331602647657,0.461361177695148,0.884371545896217,0.30066011288723,0.752876238000512,0.0803194883777699,0.462630158593556,0.0395843356868557,0.554550932316116,0.624896303351608,-0.274087457909899,0.172352435318712,-0.129339332217243,-0.233571624825546,-0.364770089431044,0.177397563783064,0.289707184019571,0.595277300980397,0.359401938747977,0.201314325099592,0.546060820327674,0.00809518868233427,-0.124092248357801,-0.235984282853437,0.39497665024994,-0.142965026779065,-0.285360210587849,0.0940225307041505,0.578016919787522,0.670584616803067,0.222978709699536,0.229392119347783
-0.166940452991699,0.00430591215284848,0.10274439179616,0.0369334117546807,0.143377337446953,0.246145824426679,0.113623548356472,0.0610469395832423,0.0375025274971351,0.293775157717907,0.373709815440564,0.339315636462102,0.493231575391757,0.244686476257045,0.153251090759998,-0.000204428483900906,0.606464587276892,0.216750054193201,0.377472411448747,0.451820235432712,0.257345288503697,0,0.446245603566642,0.432093862477604,0.0196489925850336,0.6606554133525,0.62079957116343,0.473935964246073,0.597207805125877,0.295529177647821,-0.219337302743452,-0.0730066148254651,-0.146005955141296,0.677954807611746,0.824607116281568,0.299939596298443,0.619129752206209,-0.278088539762064,0.170041683429239,0.441578345722968,0.0996694900422645,0.21753623570719,0.648885843766771,0.128479716985911,0.247102110263411,0.436880047000843,0.427958418295505,0.549001343492922,0.258671058863418,0.537390731108138,-0.12557218871747,-0.00606069735429308,-0.135939864542847,-0.0789589243269607,0.275453081226972,0.134796143733599,0.0366974123733316,0.00739705159258914,0.265969934810117,0.326773974683379,0.352125154527321,0.298446744335268,0.304055313115238,0.0916743563607873,0.272227065867515,0.212246521635482,0.178141442309785,0.337049862856917,0.575295239207664,0.0836306423217001,0.309143243000866,0.736773385401318,0.483976306146602,0.316929221278553,0.502606566368632,0.48347171521839,0.554922857866262,0.3357218080258,-0.244610682565106,-0.0567394904379107,0.164075140932994,0.0383838885236747,0.350880454115341,0.760102180479955,0.611028325789689,0.562340459457186,0.566007410749548,0.423095394476941,0.428860220822157,0.10973214915404,-0.128267660770502,-0.0985412119261972,0.378878028049669,0.172401417462138,0.490259137762019,0.243610091616167,0.495332629888524,0.552138752375012,0.268408952630742,0.44757680736177
