0,0.437380560004483,0.488868069295367,0.120812695560555,0.206122401533809,0.397864284539221,0.307768117012594,0.323517834235494,0.288222329518152,0.345390017028061,-0.0562249298074854,-0.168469343891227,-0.079492136334427,-0.290164621404983,-0.375009407682245,0.507023984604664,-0.0969572116424849,-0.203186473955714,-0.158193404502918,-0.322128102443544,-0.380528451278253,-0.120797166200875,-0.363272237055962,-0.261527712179965,0.192693140254944,-0.236227039304703,-0.289334009645969,-0.31118191770955,-0.113998882691884,-0.416613954970307,0.344378389828923,0.129716848903114,0.156255491823662,-0.155901193896943,-0.203580858550082,-0.146867740632395,0.0169769254197078,0.515265122318388,9.52255801061545e-05,0.210282065664464,-0.13760508345745,0.110199957987195,-0.158560507905285,-0.100366875660031,0.0149157346354192,-0.403003392206933,-0.343188702778429,-0.348646945116459,0.295532510888705,-0.0614989253191235,0.597081352389229,0.592814076237913,0.296010755954815,0.172152157932661,0.363088032321673,0.451009465990685,0.324135464551574,0.215307111395433,0.310916501115227,-0.225182203712052,-0.261889214609065,-0.0707236042130981,-0.278548219692813,-0.339029716472786,-0.434669399607249,-0.434064479134538,0.242512779675569,-0.0880739260624219,-0.283273598469858,-0.249229382850434,-0.388626086300162,-0.228738964537289,-0.392085535868008,0.16502998421047,-0.311630480335791,-0.169419933515341,-0.103460271321264,-0.390895448786127,0.273498747419382,0.147459253898464,-0.360178930616778,-0.148164741630654,0.0369780582549435,-0.221931012735462,-0.215531630213081,-0.357670545562128,-0.0608615036866563,-0.25863668196283,-0.226127888568477,-0.0530673131505092,0.137304950471022,0.237267853462661,0.158822928546879,0.296584276754701,-0.202737700137502,-0.134566481513779,-0.364486682962138,-0.344751108037462,0.350639081027057,-0.0648399545391932
0.437380560004483,0,0.707958665423101,0.222203148475767,0.722007488425865,0.596945066834386,0.573804270066819,0.625427023897411,0.513350909724382,0.414407239660643,0.144994171266083,0.0707514052050589,0.0880887607992945,-0.2161901697231,-0.369574532806381,0.478798558963238,0.199333466268739,0.113357968791871,0.0153614387721221,-0.142702218574932,-0.274241842639765,0.073544152355724,-0.258663547919096,0.00752334396567303,0.258108254731561,-0.0792665955456818,-0.252606235887314,-0.322654970842057,-0.0945637346461046,-0.425890858192669,-0.0339368141019982,-0.175269080120836,-0.180066041262018,0.154276218013662,0.0431362361499888,0.0493932062882354,0.0396455212135131,0.356920095490354,0.138964944007154,0.470647774681356,0.158889956590559,0.107122272653122,0.125755444626901,-0.25365695728859,-0.0655030433947895,-0.365455564420086,-0.276995476864123,-0.317981002649216,0.487901430155389,0.292515345873206,0.193876621221921,0.785859792626706,0.235931636939324,0.232349403712748,0.65512422880789,0.599136151511935,0.613936748126251,0.555358609841852,0.352994484319238,0.0502526460365813,0.0279802242685843,0.126835811736893,-0.172669003302013,-0.217894210831648,-0.360715792723073,-0.440556730537039,0.362767610477967,0.169864756880401,-0.00959959946267138,0.0532634465653649,-0.262860758697287,0.00132251041314725,-0.234514252788583,0.279579880725547,-0.0736425928592847,0.0228823657217598,-0.0105496895928666,-0.331740433938902,-0.175510566865127,-0.200362087857307,-0.234076210181946,0.0163638983529514,-0.0724809604534431,-0.0214026383804543,-0.19532927737767,-0.329391004632441,-0.0501077954397939,-0.316118201265167,-0.0312798609277571,0.124174740629358,-0.180165114776228,0.245100308705544,0.154202113108878,0.0939944664270247,0.0132867773232523,-0.346599828342912,-0.275337332700624,-0.323441082680566,0.551127894875023,0.24457047040858
0.488868069295367,0.707958665423101,0,-0.032248161635985,0.609738655153905,0.762442347415019,0.658425653327002,0.671529377203919,0.654377756046738,0.553019009252907,0.265767204718342,0.164359337618221,0.0893515550178024,-0.30788171523384,-0.467700882121842,0.311159707989898,0.216633185233266,0.0865395303788534,0.0269708647420735,-0.135256628425158,-0.309567802033798,-0.0213513743177203,-0.372252401608232,0.107380839367217,0.422843451014931,-0.0365460474160375,-0.259919499248055,-0.334653745186704,0.033480641996229,-0.562609102224076,0.0315406971480638,-0.206533003939935,-0.326566017361407,0.173132677166759,-0.0545540488445036,0.0906679913364785,0.108717515728105,0.436973306217152,0.0852927871611038,0.589224313176266,0.21346688386749,0.315599054037771,0.137338901753957,-0.218577858991762,-0.0673152722769734,-0.466453138320875,-0.39576611658624,-0.430688225374074,0.665639246021102,0.372493712654926,0.22036363128935,0.824360037524685,0.0764911358847811,-0.0660281797206619,0.772268232353555,0.822562875905848,0.594084278303001,0.63837747890577,0.502458505969416,0.127219936877324,0.0905944025446914,0.117538607563129,-0.255188507769706,-0.330794392968268,-0.432054898995171,-0.529357221758029,0.476233743769864,0.15595406832287,-0.0692472375966105,-0.000467593568357162,-0.292646116286848,-0.0427776618927441,-0.343413503982763,0.441608230125562,-0.0645191346355271,0.159333673864328,0.0871335177738368,-0.387952723177119,-0.0836803131088261,-0.237957591955143,-0.193974957861989,-0.0124882675948793,0.0720715134642349,-0.0370967212248519,-0.190073226882434,-0.407549182233745,0.00636475710241341,-0.338439042845606,0.0210082827383526,0.267122165798722,-0.223688969966846,0.458278856563289,0.283439524891958,0.293392109431536,0.137283599888001,-0.300736368137564,-0.353061366208934,-0.419681680346456,0.672554420526456,0.334585037004035
0.120812695560555,0.222203148475767,-0.032248161635985,0,0.207033025925744,-0.0656909430391613,0.0795369062652111,-0.117691512133328,-0.194649989360699,-0.223680708511028,-0.300123643750548,-0.259250564554446,-0.269152029528522,-0.17012426530369,-0.138295216307774,0.399467301336359,-0.323559281453059,-0.3155087561896,-0.291373968213463,-0.315032781409953,-0.25735430301865,-0.267115625560284,-0.173297262761851,-0.38368922475361,-0.219370342817185,-0.311744592068229,-0.160463826757083,-0.311182291118877,-0.308209628477062,-0.149250192676465,0.242007899427373,0.208649666346406,0.45461453735925,-0.347104766508647,-0.264022321088173,-0.146853565677643,-0.249997639370716,0.0679486554702314,-0.105186715602171,-0.162303278984805,-0.283550155366266,-0.295285816321631,-0.29036603685475,0.117352347202144,0.281669131968686,-0.154991008524596,-0.103020180071743,-0.110419293395829,-0.178350541828499,-0.196500827404276,0.242922450889807,0.0615349472745992,0.494787729157006,0.794955526131608,-0.116218339429698,-0.143041665197051,-0.00851266998517699,-0.199833001907994,-0.253449800144513,-0.253326575260747,-0.225088417529471,-0.249644939668833,-0.220253007273681,-0.187270882347274,-0.228762511147979,-0.150322016952138,-0.0208584911309729,-0.319263894774846,-0.370581383404872,-0.327197244635959,-0.262834184025618,-0.350741248907465,-0.156487588495327,-0.130597508978281,-0.321517650306112,-0.309865168374406,-0.30893087615621,-0.233739130681251,0.116878530315682,0.181350595614347,-0.398541749074866,-0.197862454801624,-0.0775833640944268,-0.337777569322676,-0.1365016609931,-0.216328359773862,-0.25530729305157,-0.274975926647629,-0.287959307449353,-0.342012131436,0.190028631268262,-0.168815048797118,-0.115091802679003,-0.164618317873419,-0.346096749800192,0.0999646834833225,-0.15959660027608,-0.126114945331957,-0.0659670846022772,-0.194451163254087
0.206122401533809,0.722007488425865,0.609738655153905,0.207033025925744,0,0.573127255485437,0.558813339710109,0.586875197925579,0.500771159705127,0.277179701743382,0.089064803909862,0.0437425254521365,0.0501533259980601,-0.0792354059002265,-0.221436185618917,0.240788999852674,0.195445876535695,0.174845333477513,0.0754636443607428,-0.00797765748733333,-0.100938591697792,0.0665013728845862,-0.151574515745509,0.0563282994767234,0.0806864720201207,-0.10045012871541,-0.186107021023842,-0.236275981047181,-0.0327393965045781,-0.288072221490515,-0.0651058456402698,-0.292000637720425,-0.146451834333534,0.206374281537715,0.0916338376883766,0.208281308014097,0.0773428823844096,0.2025206425228,0.166094731079466,0.420210239915406,0.250964267568814,0.0358499181292884,0.110499765889921,-0.0958768415719491,-0.022435381657678,-0.208314588120793,-0.143944505931765,-0.134021529671247,0.473031569969685,0.385955397833203,-0.0250805866933592,0.571490686418712,0.154615891768061,0.192675966780782,0.661734572718009,0.473523319736271,0.520298786111602,0.531666093390145,0.188675329283773,0.0406698739961245,0.0751585147863704,0.0465432216211818,-0.0618855545585585,-0.0956306835046579,-0.184764106486779,-0.275008063334583,0.359260318047103,0.138478008004434,0.0317691199479825,0.116900709154044,-0.0866685724888357,0.0190605195702586,-0.0906767488237501,0.298975971479674,-0.0128517225954549,-0.0484577004506083,0.0218141987111093,-0.228860485897768,-0.244417265887923,-0.374664735191111,-0.153506965417475,0.0593449075343019,-0.0943767000827761,0.0156938547428138,-0.1708834554053,-0.175198086032098,-0.000252044735390403,-0.280933743149297,0.101048604539545,0.161995396020008,-0.26275672810999,0.0741759745639944,0.161834731690729,0.00321122062773269,0.00944562454268669,-0.198896433155715,-0.13274050463132,-0.158965156478733,0.507893661448487,0.335942805103843
0.397864284539221,0.596945066834386,0.762442347415019,-0.0656909430391613,0.573127255485437,0,0.690240665830896,0.693253734331611,0.757304298502756,0.552201417831042,0.198793238046488,0.0882016574089748,0.152313745449231,-0.131689611283253,-0.276350136121258,0.198687315921134,0.260524309245527,0.156025989551009,0.0915113868275295,-0.0494616238323784,-0.190939288802978,0.00453755992531172,-0.23293952558005,0.0408076413557577,0.344868476315189,-0.102257891799553,-0.192122907190012,-0.274687325130835,0.0103392602880676,-0.370383266941151,-0.0101603421225274,-0.236673531423665,-0.221131779233641,0.179304650376098,0.00798893326764946,0.201090594192799,0.051768082792861,0.397544157445907,0.159953592531047,0.560557782465845,0.231280584814656,0.138284056142546,0.0918161779219433,-0.184953917680753,-0.0845645046794494,-0.326993311414784,-0.309136288815738,-0.301804826604527,0.716061616758511,0.40631837522746,0.197456316490977,0.650861211149421,0.149264641544919,0.0400550181612093,0.797312493153015,0.840324430692203,0.60499584009666,0.666196143727829,0.477504673921186,0.0639065197752171,0.048222190832717,0.159710645177064,-0.0803625072530511,-0.171390292470928,-0.284845659135458,-0.369781156601814,0.535101904444795,0.186336714155984,-0.0486306817870762,0.055794901460096,-0.198279662408701,-0.0257365500328934,-0.232664236157362,0.460258716764675,-0.0586041418339134,0.00512490628783427,0.0417913942732926,-0.309679608093242,-0.114116342241313,-0.301915594644839,-0.25449894120831,-0.0659151035780264,-0.0316495393273561,-0.0884852350341356,-0.214343134424417,-0.341182875562368,-0.0636705513603883,-0.328415480828323,0.0789569747222999,0.185490393546035,-0.18932606927138,0.358922689203664,0.315092793105927,0.188765624237065,0.0285884013648838,-0.280613797446301,-0.259217873672194,-0.336175448904595,0.739499372536511,0.340102247705491
0.307768117012594,0.573804270066819,0.658425653327002,0.0795369062652111,0.558813339710109,0.690240665830896,0,0.698068736113445,0.698399843957681,0.48646106004816,0.111452632996171,0.0671703182548173,0.0822477796617482,-0.132610050825384,-0.299545614691211,0.248988645431183,0.279760448509995,0.20058991163949,0.154304057674244,-0.00216015025188924,-0.157396575811093,-0.0361749311923937,-0.163397133543286,0.083739374741558,0.253274824724957,-0.185861676708204,-0.206140318865176,-0.354431182628958,-0.00240647732966448,-0.345426952530892,0.0195784583601704,-0.34222707744356,-0.257291197048335,0.220594215070145,-0.0494703123654717,0.273414021424304,0.0980149521367787,0.277535218608555,0.222775055657465,0.734917344005913,0.316062665675472,0.142222711151207,0.0318340666228069,-0.158306021446561,-0.103442531191279,-0.311090519391696,-0.228730560324735,-0.26910834508548,0.6308194298564,0.49811850766207,0.0831371409878164,0.577402429144119,0.209537722135129,0.0636964683466409,0.67879302667759,0.687701349506836,0.634716925566986,0.686170171795256,0.373183352011324,0.0578484511507888,0.0466831873626319,0.10790043056661,-0.117495780678095,-0.110484857849736,-0.214466620403571,-0.350497297893296,0.697836832505167,0.227289849574444,0.0452739059988609,0.152951584016362,-0.145936620934802,0.0139079011397089,-0.150383670185278,0.613825487022669,0.00619674084504991,-0.0245894270568803,0.0492917564896874,-0.257399276269926,-0.19224417246646,-0.403855480588275,-0.182429612522758,0.0056613125186937,-0.0357390242849671,-0.0684521010293812,-0.0965105187066804,-0.280704351552713,-0.0240903669266008,-0.312598570328139,0.158174741152179,0.312308793071339,-0.294678024444276,0.341726179455621,0.398384000308727,0.18125602936621,0.0538364525573966,-0.165035363191139,-0.158803290842136,-0.269571293784579,0.634907802162181,0.446292326478546
0.323517834235494,0.625427023897411,0.671529377203919,-0.117691512133328,0.586875197925579,0.693253734331611,0.698068736113445,0,0.825501873733007,0.494526213905977,0.23430827420057,0.17757231730286,0.246900852914654,0.00697111498125571,-0.192505924339181,0.25056994155068,0.427963345834802,0.445972048620498,0.310140125689967,0.136956042579155,-0.00689095137818081,0.152549602161849,-0.0645502762337367,0.188920412996098,0.256553149722998,-0.00937507984433211,-0.188829079342966,-0.192401202200443,0.0818502704769478,-0.265597284190415,-0.146209862903445,-0.407367421135774,-0.345052547561923,0.428213499278346,0.153034541843596,0.324654084949281,0.117139484958765,0.186042276153059,0.175097471512528,0.576042009885319,0.380086311041477,0.195762140558152,0.171391742807868,-0.319624981346016,-0.243701821363183,-0.251098110519391,-0.163613684204472,-0.188246186415651,0.657867239112184,0.51283054487482,0.0826428796391266,0.660160820775792,0.122496033618424,-0.0867396691693464,0.817180080937802,0.7075160195842,0.862751152056264,0.867026721263393,0.416421856453745,0.195786082689542,0.177206528093476,0.285249246181192,0.0128248201460649,-0.00445573627909881,-0.101308297633355,-0.24693346081181,0.526044677383814,0.397964413790377,0.272887390166763,0.40069434018178,-0.0155202689215479,0.158990525452462,-0.0519427217958355,0.42041828750589,0.153165417727218,0.0736682305758018,0.169756140507059,-0.15358390152622,-0.256992481446384,-0.42360735595284,-0.0371189870772193,0.171019577288476,-0.0533341712738261,0.161431498801261,-0.0698003195426279,-0.157385649328125,0.0382048197990176,-0.218742582855352,0.292105547026419,0.349242779346876,-0.236703721033842,0.244980521663624,0.259372887527705,0.128821334261988,0.121517428186757,-0.377029114708585,-0.112970513601164,-0.173684861440749,0.661883769793108,0.457097452755207
0.288222329518152,0.513350909724382,0.654377756046738,-0.194649989360699,0.500771159705127,0.757304298502756,0.698399843957681,0.825501873733007,0,0.63402536382186,0.262802505901759,0.14821853255235,0.17714292550323,-0.08493607201258,-0.272325763402818,0.160446768011209,0.340351763007977,0.380368844715988,0.212882978028217,0.12975461294497,-0.0706597278310919,0.0510637910925717,-0.144912587378731,0.227878108982085,0.405223082575195,-0.0275226569922861,-0.15388963933282,-0.182060253316616,0.0711952696771825,-0.306147512410023,-0.0378480737052786,-0.355957717166002,-0.31819084453934,0.409140344979451,0.0743696664522829,0.342605051766072,0.138288568191744,0.230146857036038,0.0314672582338319,0.598806373856908,0.415618566065446,0.331075999957951,0.172524095600057,-0.215297116095775,-0.129196868343281,-0.270499553645848,-0.228003816161164,-0.21634922591918,0.731350980313967,0.560231983260545,0.0701058619615702,0.584331568052401,-0.0125964112154122,-0.165772208212367,0.772462559294208,0.78721227481364,0.712859866762435,0.87929775843743,0.536737786931181,0.175553848240914,0.143427319001642,0.224925901222136,-0.0588598891669085,-0.0919685435265794,-0.16195916613971,-0.317283179864241,0.605938999465498,0.279873290251849,0.176483638445391,0.307276107328174,-0.086735026472975,0.123048818266695,-0.15162912604438,0.484520919589758,0.10593249051244,0.18316390647924,0.141081118049603,-0.202888977665369,-0.18257661186066,-0.40254000205593,-0.0468653782791222,0.165674474277294,-0.00383162928148629,0.0690547485792178,-0.0713150580979227,-0.243540334214843,0.0442276670889982,-0.186514934886196,0.308523671961142,0.45703902881486,-0.319505416679278,0.31594447542124,0.238806682012353,0.226658229755452,0.228284834570424,-0.273308203953949,-0.180250245049574,-0.237411204057205,0.739906935383121,0.499666300918914
0.345390017028061,0.414407239660643,0.553019009252907,-0.223680708511028,0.277179701743382,0.552201417831042,0.48646106004816,0.494526213905977,0.63402536382186,0,0.400650235845149,0.22379862808965,0.082554998599461,-0.250617364314263,-0.370027566115353,0.212717120556848,0.18138597335265,-0.00585326433785069,0.0201791541548281,-0.187485006556129,-0.294451277204968,-0.0297364777273959,-0.278473205687357,0.177995182321048,0.740471205448025,0.0261648118251043,-0.261478097546028,-0.172453929787397,-0.00341361297562539,-0.378768302746592,0.0705752624798036,-0.112193520690279,-0.216920439512475,0.161111290438042,-0.0603227246454237,-0.0542337758928896,0.151891844559687,0.536219781723056,0.0750597097458384,0.598574238377403,0.182067432878477,0.47645101466417,0.163517975235704,-0.173285375658058,-0.0217382339546341,-0.411383330260201,-0.39305895330764,-0.399578989219306,0.528409192183116,0.31440323459657,0.177845866590471,0.520675333827451,-0.0551843268290951,-0.211886064826747,0.511504845443597,0.640922738158745,0.415582257329645,0.566329071604202,0.780021657760201,0.168437330723773,0.0877246019696226,0.119918688473648,-0.21017319402079,-0.274829870381704,-0.38270370314297,-0.438323952738118,0.366937254788034,0.0953197104727429,-0.0901068407869158,-0.0762849911926812,-0.315377104227947,0.0230150887714108,-0.289547719346968,0.445234416767526,-0.0140069662112446,0.366936209907641,0.0455344972804077,-0.225889145089018,-0.0508044766229331,-0.116437354947122,-0.200993444462302,-0.0575771687029852,0.123397807679622,-0.026189468556781,-0.148295409894912,-0.428855118684919,0.0551048145681346,-0.0954152796238558,-0.055409744990132,0.313332047985555,-0.159057223594667,0.492325531860003,0.340401870837687,0.416884203531067,0.247238547296766,-0.210823661148324,-0.32077790019066,-0.403201921637827,0.552981892454129,0.271573472576105
-0.0562249298074854,0.144994171266083,0.265767204718342,-0.300123643750548,0.089064803909862,0.198793238046488,0.111452632996171,0.23430827420057,0.262802505901759,0.400650235845149,0,0.788186519385254,0.521155650221723,0.130318925596092,0.137160289593179,-0.155256849673451,0.443782078068073,0.311514697365094,0.326864778877307,0.26377480809688,0.166408489865262,0.273403008515733,0.113003302085436,0.588459400510711,0.364505008890005,0.628982120396037,-0.00494513066624892,0.113511154717225,0.381252565065944,-0.00482184437509263,-0.28479751642226,-0.37202858023723,-0.49827427601913,0.420753788526249,0.173501165560344,0.249174143708795,0.284277233324376,-0.00994753175105276,0.0627624661484497,0.33313315558328,0.359865811667286,0.352250527484597,0.371208610193227,-0.00298216351935983,-0.117945300741748,-0.0516769790279422,-0.0186467855746672,-0.0166962457808566,0.415849730468666,0.488000183722141,-0.256021243274635,0.151479165301882,-0.376017325487936,-0.361716806020391,0.236892890121214,0.324754837788666,0.184390351463965,0.289877161368801,0.369706786696004,0.772447965078748,0.697056960965503,0.509168347732449,0.204693278170981,0.141493236671334,0.0325598673298829,0.0815635449867533,0.157298629842182,0.345033943648998,0.273943519260455,0.20960954059004,0.173266189266322,0.334276546249983,0.136695851492744,0.274624733126353,0.459665255073139,0.627426591943874,0.393483065045918,0.193388091529375,-0.319082243822487,-0.344440635629612,0.31659818191065,0.164423154683089,-0.00468948826593344,0.239755199592917,0.051559785499466,-0.00722016618242248,0.316103873434002,0.0422633792563359,0.365994596950258,0.451826719872475,-0.347483633005672,0.230393668308564,0.192565577148656,0.0357044813352406,0.399377569202093,-0.0663036638118118,0.0658527509323738,0.0174949928347448,0.371075512744904,0.549779465226448
-0.168469343891227,0.0707514052050589,0.164359337618221,-0.259250564554446,0.0437425254521365,0.0882016574089748,0.0671703182548173,0.17757231730286,0.14821853255235,0.22379862808965,0.788186519385254,0,0.585789830115803,0.294302333153606,0.277600117397638,-0.165260829008691,0.55251707254963,0.435895075282499,0.468943083548876,0.405484673065834,0.337423991367083,0.409740567302028,0.298907375314869,0.681291755523228,0.216745057390676,0.707816544471127,0.0613101504163679,0.187963911640553,0.424945665383513,0.159936334566553,-0.403106377661998,-0.413494204326115,-0.505542169246864,0.514410454431059,0.247107135324659,0.299425273003782,0.233556701883983,-0.195842851998847,0.0950389308790914,0.253939197845618,0.371449400966038,0.307263977417224,0.426819529991851,-0.0509479395088264,-0.191520881074372,0.0762886239872288,0.132649069475584,0.140846971335629,0.300167539383047,0.446302529697652,-0.315714148581404,0.0179720209917049,-0.390923787835253,-0.35054237971638,0.163963189828963,0.164857091172682,0.131628608722679,0.19888829859141,0.171049838162313,0.81644930267084,0.805648879580611,0.578102119014169,0.334806690682233,0.310320321177922,0.187120870036061,0.25450339718854,0.0452208749004301,0.461438615717108,0.41253672254187,0.348970180567818,0.323275017054744,0.444962465483888,0.330993207797872,0.18954675736816,0.570371917699641,0.635914057072277,0.419551183579388,0.342293814383714,-0.44423162159966,-0.363830961799576,0.41748397712035,0.167873395645085,-0.0683705330585198,0.312998647172048,0.142769390260358,0.144268306564818,0.257726167628045,0.0687992050888807,0.448935286785873,0.371429553784348,-0.32879310762142,0.103291107265666,0.162131167774867,-0.0984515505991529,0.433378310038315,-0.0903107139383954,0.214019897539077,0.152829789786566,0.22008461879646,0.500527457187925
-0.079492136334427,0.0880887607992945,0.0893515550178024,-0.269152029528522,0.0501533259980601,0.152313745449231,0.0822477796617482,0.246900852914654,0.17714292550323,0.082554998599461,0.521155650221723,0.585789830115803,0,0.591464477945758,0.541257248601166,-0.150890226595162,0.67538074676068,0.52579088642099,0.68263766320965,0.450059673965032,0.519267962181009,0.601882984627562,0.501488452488701,0.486076432706304,-0.0763064351593482,0.554614914755015,0.173297808443763,0.326236627729818,0.540955735844165,0.385547447751933,-0.435686095688788,-0.493066705251499,-0.422843820346661,0.499712094276589,0.517725735242604,0.236493445453955,0.274743341781173,-0.265544468864994,0.233480289951603,0.19091632232322,0.270930927352042,0.0884846708004267,0.339335836660811,-0.162261328032421,-0.340124238967118,0.232060106777827,0.344535928685123,0.284884481072919,0.20005237058247,0.278927858788978,-0.314284341890717,0.0564309256797297,-0.19621509051465,-0.228743288002675,0.19460635667149,0.143709268855557,0.182714684540038,0.177323740986675,0.075980683269658,0.5516112818601,0.58345008403699,0.89714165712355,0.638232343666999,0.571876243144252,0.391576143692299,0.47192289162741,0.0744581438153695,0.67900775544562,0.531038147499995,0.435390059897272,0.479116268775698,0.639358903731636,0.52108797669483,0.184466508010189,0.580453124996293,0.307878286620243,0.577865607060695,0.52599280146417,-0.449726693322994,-0.440891206250158,0.399257757376019,0.110000778181927,-0.171030336104198,0.446411172397257,0.239793511160721,0.33935486561197,0.321348142378152,0.212518387219015,0.337098204988294,0.183941651519076,-0.308109368723261,-0.0489809903056278,0.176515199364263,-0.118861889444749,0.21784641971876,-0.21655545769187,0.361235583337827,0.295566357646987,0.180465978203717,0.29217999043347
-0.290164621404983,-0.2161901697231,-0.30788171523384,-0.17012426530369,-0.0792354059002265,-0.131689611283253,-0.132610050825384,0.00697111498125571,-0.08493607201258,-0.250617364314263,0.130318925596092,0.294302333153606,0.591464477945758,0,0.869050055067518,-0.36548570382887,0.513634926398591,0.506189686868671,0.725581911278677,0.539469754593313,0.810822004068993,0.582455414566764,0.828210474230271,0.348399669606947,-0.421656771814411,0.381646097292117,0.388555595433245,0.577289895452209,0.523111995963976,0.780222354817536,-0.442214705994782,-0.481154777398774,-0.262832202200332,0.38534176382638,0.47895223414081,0.288507225986039,0.234617424138541,-0.514535819717456,0.235949777511045,-0.0660863099872669,0.184346976104787,-0.0655374921378269,0.191124445197027,0.0297156773090577,-0.292743829907051,0.627753092404163,0.746885127471696,0.672476290494535,-0.104239804627449,0.114031200399527,-0.472439510068086,-0.320018847746963,-0.194334543546911,-0.176890657747087,-0.0469907665255659,-0.210854344169795,-0.0241583537837679,-0.0674861934344805,-0.259770885115368,0.25719440115596,0.353621506116662,0.523093689003596,0.855923478487705,0.853931132213172,0.746206708735165,0.832338410495374,-0.108278478687965,0.537923143765633,0.545024453391039,0.486789377529775,0.744117103551663,0.615210304414412,0.813497590513927,0.0225061330104564,0.484772423225422,0.031890383151951,0.517287014671027,0.78347470248949,-0.440631957760011,-0.457772182342419,0.400025635209673,0.0458909931794148,-0.263809344757185,0.352082002777722,0.367628109458781,0.696343264811687,0.29857484592522,0.34646388865392,0.371149261963357,-0.029884098820371,-0.26187006031631,-0.317844826985014,0.0802502577329059,-0.232311641215419,0.0773483203539616,0.0100275688434048,0.671240878454843,0.654969008088082,-0.129068516114089,0.103229815100596
-0.375009407682245,-0.369574532806381,-0.467700882121842,-0.138295216307774,-0.221436185618917,-0.276350136121258,-0.299545614691211,-0.192505924339181,-0.272325763402818,-0.370027566115353,0.137160289593179,0.277600117397638,0.541257248601166,0.869050055067518,0,-0.412500478621818,0.395617549482753,0.376946280974707,0.568406132955998,0.500807117328875,0.788036273413985,0.445629943721395,0.802790091560364,0.288226499723744,-0.478196918493311,0.397754234385945,0.374901616555215,0.608527516295476,0.504243824844257,0.838035745565632,-0.420250135845838,-0.375418419855526,-0.168241536185626,0.252169254919293,0.359239829931769,0.219859131785647,0.129124731095356,-0.594983968898828,0.111787368926707,-0.235234961932205,0.0386650926465193,-0.212161977026516,0.0675402106139756,0.0934110468972503,-0.244214960989981,0.624242920445648,0.676764347522647,0.660153821392824,-0.221915851557259,-0.0179456102362829,-0.477939829124318,-0.454562144481911,-0.192662551703899,-0.127486569923948,-0.242700876387243,-0.353588020624971,-0.19235168655162,-0.2567625718162,-0.371923619256474,0.275098418427361,0.367123335440315,0.465003408127158,0.829307283495734,0.834551172743791,0.765557903808876,0.9124800755416,-0.203941923587452,0.420584016005476,0.47104338934274,0.397553439282788,0.746878424689113,0.517450782585178,0.808372753367324,-0.0606301589035681,0.506958213419809,0.0184070319441099,0.467913812349546,0.792296435520945,-0.386650831694259,-0.349704341836823,0.421098496359461,-0.00469892311401594,-0.297093771913823,0.264852220120665,0.347172708664236,0.687818717842703,0.211834025470848,0.3460156339346,0.308587994984224,-0.1215118574198,-0.229234285043762,-0.435224564287481,-0.00160076087584029,-0.333672644875598,-0.0171229206215675,0.0853393106374019,0.630323078892699,0.644355157784337,-0.245958538618432,0.0131412859751261
0.507023984604664,0.478798558963238,0.311159707989898,0.399467301336359,0.240788999852674,0.198687315921134,0.248988645431183,0.25056994155068,0.160446768011209,0.212717120556848,-0.155256849673451,-0.165260829008691,-0.150890226595162,-0.36548570382887,-0.412500478621818,0,-0.13411827980817,-0.185673561499372,-0.225846109432592,-0.362092184703776,-0.38568381042462,-0.05423875431715,-0.322206639703386,-0.230165041741478,0.178099269378869,-0.222751212512142,-0.345881355840372,-0.447630417423207,-0.326586017854456,-0.388715137238927,0.295178474843919,0.291930809873634,0.384417575973043,-0.144685921063359,-0.150168551047007,-0.301871361292184,-0.230386530734491,0.410590830230988,0.129391240087205,0.137431438966908,-0.203342122331114,-0.0317272732663626,-0.100150831240346,-0.223691628064917,-0.00809667292997459,-0.444979251989102,-0.329800832672921,-0.358442827020475,0.0219805316829919,-0.144638740790884,0.448950561907909,0.44176913806139,0.453863042608529,0.403194301878028,0.232559079817317,0.202627056737118,0.318822657908148,0.172297531330448,0.118967333959515,-0.194201914404382,-0.231592323874782,-0.115622767412052,-0.366867255944318,-0.364546554697254,-0.43229823919533,-0.439370361987936,0.0901798029397846,-0.142156128855667,-0.231956734311586,-0.200299534760168,-0.407965048535911,-0.21940020620321,-0.320325505169199,-0.00172264713460596,-0.239721170791301,-0.138650360667336,-0.240221805970478,-0.370320931105748,0.155444549628234,0.232037886152288,-0.324415106301899,-0.169656904210757,-0.0740271582600728,-0.178099128824401,-0.228658175862835,-0.37866665111583,-0.291105776946961,-0.330400000457684,-0.337361616939365,-0.149412018162445,0.183092323429211,0.215999956385866,0.10124034672677,0.104698441262789,-0.183649354610304,-0.193781677116976,-0.370746842094288,-0.380758059257585,0.0982144793633817,-0.139428144128528
-0.0969572116424849,0.199333466268739,0.216633185233266,-0.323559281453059,0.195445876535695,0.260524309245527,0.279760448509995,0.427963345834802,0.340351763007977,0.18138597335265,0.443782078068073,0.55251707254963,0.67538074676068,0.513634926398591,0.395617549482753,-0.13411827980817,0,0.687088197182625,0.795211968439423,0.60330275749688,0.549818435897574,0.669483293874118,0.467569046120004,0.61634228127177,0.00114914329027858,0.468797781078948,0.197468179134883,0.331367402342897,0.597821590913471,0.270473141219263,-0.392594246701235,-0.576346612357411,-0.50649656046927,0.737261700408417,0.52463027433108,0.321389083623848,0.352832952113165,-0.211268143438589,0.234781781552468,0.316877174599514,0.456768262848233,0.139625744433628,0.383104152868536,-0.111328223920941,-0.236714974424447,0.239554216399566,0.294850255029326,0.251962792141096,0.30357536819995,0.485480151299293,-0.398835273128902,0.122005825957279,-0.228273355132315,-0.359389279472009,0.319863784759788,0.242446475641206,0.352044717361032,0.387340077187356,0.095772250596237,0.515726635125898,0.534725979119988,0.63201247754696,0.516716397802531,0.52410076187485,0.385028063699098,0.335818746879898,0.182867790331161,0.793757151764605,0.687657650614672,0.623749661680157,0.529679112776931,0.652322714553063,0.469463370822143,0.254478599587765,0.616296084446535,0.305594369619119,0.592342898728815,0.374860447538421,-0.514080303182928,-0.592159351962684,0.449413523111118,0.247180880668122,-0.212507267164823,0.450880043682143,0.222495660323551,0.322160696243779,0.324454661643361,0.139745675976272,0.479712288253604,0.316015554575341,-0.46577592156453,-0.0154520981347399,0.196767500348269,-0.133260755513505,0.297368405089181,-0.151440378123685,0.350797170138887,0.275907646046011,0.274298623155439,0.458056364122652
-0.203186473955714,0.113357968791871,0.0865395303788534,-0.3155087561896,0.174845333477513,0.156025989551009,0.20058991163949,0.445972048620498,0.380368844715988,-0.00585326433785069,0.311514697365094,0.435895075282499,0.52579088642099,0.506189686868671,0.376946280974707,-0.185673561499372,0.687088197182625,0,0.696680583314557,0.81147101894045,0.607431165613493,0.491660208954975,0.464907071053244,0.563916341868677,-0.226284172055758,0.351107213629561,0.324399880609229,0.330320096337889,0.422427597754951,0.293700975041716,-0.415935171399744,-0.618979491760453,-0.458339048083374,0.844390184833129,0.523055823845475,0.62523828395639,0.257586911101569,-0.426159651960671,0.126670537396437,0.235585716713599,0.628092631615506,0.0918477669431612,0.368010892928616,-0.160320228776468,-0.311164886728563,0.348103634842455,0.37040802280767,0.376882244944763,0.294895068241756,0.526864109399736,-0.39709370211756,0.0283075061809575,-0.242564550140155,-0.324965333191444,0.282500378191529,0.162892479356939,0.37602626495656,0.419130156815306,-0.0448792029287622,0.428902086076619,0.462727980891362,0.514843698054185,0.485984743862642,0.533957014540304,0.495946548239816,0.396918529514644,0.158929307154207,0.673307546537351,0.819562667910551,0.892219217698438,0.610094882570246,0.583065373093614,0.489856744562234,0.162309925417509,0.599283070993948,0.175899406860731,0.470457831370935,0.413130158066883,-0.485909386639319,-0.606953648885602,0.590337197598082,0.511594404493142,-0.205361725076642,0.517231899724111,0.345042309891067,0.430398152748379,0.270795794454214,0.204741393556102,0.763564907066931,0.402144192487438,-0.367177545255891,-0.16720179050257,0.0405239097766371,-0.224507664346027,0.296776168418289,-0.202198559077582,0.438304310771167,0.390532401854274,0.2426533479602,0.478986973220567
-0.158193404502918,0.0153614387721221,0.0269708647420735,-0.291373968213463,0.0754636443607428,0.0915113868275295,0.154304057674244,0.310140125689967,0.212882978028217,0.0201791541548281,0.326864778877307,0.468943083548876,0.68263766320965,0.725581911278677,0.568406132955998,-0.225846109432592,0.795211968439423,0.696680583314557,0,0.683330576756436,0.744105630400339,0.652477975143101,0.587498757134272,0.51801121042095,-0.193502674193413,0.444002081547642,0.328075429625001,0.464915581515858,0.686442353303203,0.428238341480711,-0.362684678285683,-0.621584247258802,-0.45080849706878,0.662674091262093,0.562160931227823,0.386182394760707,0.39631996333079,-0.351992581843652,0.273661940804823,0.177496052211807,0.393363367404777,0.156573413263675,0.350266121040723,-0.0624523793275261,-0.314279130306995,0.40080155848082,0.499585330235547,0.429235769769697,0.141165404136404,0.379841811861233,-0.413660510985127,-0.0576574703021376,-0.221627935874846,-0.332941910320438,0.20873902659412,0.0702730439445319,0.26139005329881,0.259865889825845,-0.0083911602945727,0.436042543058881,0.493133858939808,0.64837584104132,0.683491578185869,0.696626878327126,0.599453989345152,0.551225002802207,0.0597431730166419,0.801768541419339,0.735605821271861,0.636527410772942,0.696115747790533,0.710139834551042,0.611436202702076,0.176827776786533,0.601419880420011,0.214364488607575,0.719506374608401,0.600675770580431,-0.45225056434004,-0.596242570071472,0.549104188771972,0.206091781864883,-0.165056100018253,0.485209382014695,0.35465845681426,0.505962620389331,0.418011560082716,0.297597327245986,0.515723151975797,0.226576858019639,-0.356353109812169,-0.116849324349648,0.187971700657798,-0.0859540113203398,0.287749924385214,-0.0740050170941515,0.524418245183983,0.453735158072641,0.0956144751647803,0.340654636289936
-0.322128102443544,-0.142702218574932,-0.135256628425158,-0.315032781409953,-0.00797765748733333,-0.0494616238323784,-0.00216015025188924,0.136956042579155,0.12975461294497,-0.187485006556129,0.26377480809688,0.405484673065834,0.450059673965032,0.539469754593313,0.500807117328875,-0.362092184703776,0.60330275749688,0.81147101894045,0.683330576756436,0,0.742649602734733,0.41823311809444,0.478783420934712,0.5327213403679,-0.322482569141283,0.364483250832165,0.463130564189801,0.47138976796128,0.549985339878484,0.389953167865054,-0.35367700236644,-0.605493196886936,-0.395375635555168,0.756194158703604,0.48544368030715,0.556448117369048,0.28016594306162,-0.526872250588302,0.0409727908156795,0.03344510370067,0.573260032923993,0.0633432448693535,0.312052786006157,0.0454636014802407,-0.204550446267466,0.46350885939977,0.456184119364341,0.495461814751378,0.141553774263357,0.448466701761024,-0.482205440912903,-0.236433327812542,-0.35417164359998,-0.354364105382453,0.016224389755417,-0.0557280395253014,0.0837135484633586,0.149351153300373,-0.201803407847247,0.409651046221872,0.456583117407241,0.43379517414495,0.545499003091101,0.619307603156862,0.66141016851794,0.540374596918801,0.0414486845706868,0.630097231359636,0.813990629651122,0.773780081391628,0.773313673683881,0.536324833466704,0.51763210863308,0.0652194441112246,0.565228727660777,0.16527000387823,0.54437544276857,0.487035451370165,-0.421530003267051,-0.577533507321445,0.718927360250678,0.506334948185427,-0.190052419754183,0.479865195561877,0.420749649450994,0.544799084325391,0.330910093978378,0.324282023250253,0.74426408972988,0.383014299389653,-0.355854117690282,-0.273795568959042,-0.024373946581644,-0.294507193847414,0.279025250835708,0.0104333545615132,0.513554433993026,0.507287769760865,0.0508134830289553,0.420707620292533
-0.380528451278253,-0.274241842639765,-0.309567802033798,-0.25735430301865,-0.100938591697792,-0.190939288802978,-0.157396575811093,-0.00689095137818081,-0.0706597278310919,-0.294451277204968,0.166408489865262,0.337423991367083,0.519267962181009,0.810822004068993,0.788036273413985,-0.38568381042462,0.549818435897574,0.607431165613493,0.744105630400339,0.742649602734733,0,0.529280680639922,0.73609541394155,0.438275506088768,-0.425336349285632,0.394924944695602,0.419627205154791,0.582105269650245,0.623423649293913,0.669048908988361,-0.397691548804009,-0.523084074615636,-0.366065890117342,0.517332595691358,0.496213211592501,0.358070119470558,0.231639325152285,-0.613684314866509,0.133761747816523,-0.10019756114071,0.259141078503205,-0.0359526035850489,0.207696059407943,0.0758809386281374,-0.2474274158663,0.610207539977572,0.685410503441362,0.664998216127335,-0.091849069991474,0.168550133722287,-0.528301684167663,-0.35543777446967,-0.302909268639282,-0.292213633856916,-0.0903361423248344,-0.24143292973459,-0.0419574700714297,-0.0393835917213725,-0.307795746377953,0.312442009891927,0.4013287853704,0.467197834433984,0.791703719083426,0.850185507167961,0.867653972941896,0.819008666148151,-0.131893089687297,0.610692827181848,0.710343416471062,0.625410463558436,0.922972878452293,0.620413662387289,0.768941463852267,-0.0399860722823324,0.569029887625646,0.0812857017064127,0.615935368244002,0.74199326320364,-0.415685845434265,-0.509389963013736,0.62434472663523,0.189299303016209,-0.236040534570148,0.421542928858913,0.422274579175408,0.722328919828614,0.300416095600549,0.38189550383082,0.488395489535012,0.0632074131720097,-0.329086944403173,-0.363334454950714,-0.00797224213660638,-0.268172754411352,0.15355907611671,0.0745219773875639,0.647360625618963,0.671820002938379,-0.167554600040953,0.162587632104389
