0,0.100341414740182,0.382343874153717,-0.0959369604682337,0.045612057710683,0.170814317157068,0.12112025961201,0.218964457373344,0.108751609141518,-0.0682334261794847,-0.00622311428996385,-0.209864986236479,-0.237968451229282,-0.292836742215706,-0.299248820633292,0.161731210714579,-0.247769171853762,-0.0992944858190483,-0.289579331849591,0.0576164180253979,-0.18649087831155,-0.134702488420404,-0.288180697389213,-0.207007914093871,0.117976127955343,0.0536354827274284,-0.22089991818895,-0.161721634458625,-0.204906813808565,-0.306235064239596,0.0948904852158963,0.245638570019085,-0.149599803859232,-0.191719643890934,-0.086554325978272,0.0555610631830096,0.0216137094137813,0.265521573029078,-0.013553428427043,-0.232246898259232,-0.143833232658643,-0.0739977435459113,0.0614789662059744,-0.0209528719031888,-0.0576618113821184,-0.257733775876126,-0.258125257966343,-0.113662797134046,0.279839431796395,-0.0442093192291788,0.308063609488799,0.270855443088357,-0.0788419429858681,-0.00348778771604415,0.0665836391984953,0.148067200199072,0.225888343090284,0.0897548606888721,-0.0348602098315547,-0.145897875559937,-0.288521029883318,-0.125634978132356,-0.248008349132753,-0.264821297527769,-0.325614294342273,-0.264589062713937,-0.0235721907313735,-0.198662803482317,-0.215449674937091,0.0850821245592946,0.020179131082918,-0.104325558468301,-0.299929049444321,-0.0503086643798265,-0.189121097856426,-0.0930977359216563,-0.287526290892685,-0.328224387890102,0.111254791933603,0.0976597671750337,-0.236272937350256,-0.0541636641535044,0.0398573419799065,0.0480863947014966,-0.174214996299438,-0.230284852179908,-0.00916163756731796,-0.085038328630567,0.116846412237614,-0.203360208420774,-0.105980632243572,0.189128993893714,-0.0273926081893389,0.168693619646805,-0.0590634164084223,0.0811128230769374,-0.230761279196685,-0.143931726012552,0.207772932820077,-0.0379447988019867
0.100341414740182,0,0.238893056531358,0.309569022515237,0.420843852456395,0.224719219154119,0.00184854123996689,0.570014439281941,0.215562120588689,0.0772789445379098,-0.0498473169912512,0.0282162836272032,0.0540189115991352,-0.0885109588608765,-0.11592305050898,0.214168788766533,0.0777505960153086,0.389163300515616,0.0608250044457718,0.0887151850573331,0.0618029521246344,0.00685454725204271,-0.196354216819073,-0.0384312724940667,0.00121711571181694,-0.059342233503675,-0.141340047591738,-0.170385965852906,-0.0189746353671465,-0.181624175186888,-0.142353785062605,-0.0339239612682594,-0.0913682351939269,-0.00550215648344671,-0.0388921623609617,-0.248467097565706,-0.194513116476733,-0.258100604557015,-0.187303524348393,-0.106286016702193,-0.283303655637566,-0.284821377989407,-0.217092347600144,-0.257974335481864,-0.134104673895929,-0.344032842528694,-0.345064947202605,-0.35162224854869,-0.0615533820326606,-0.248475795458616,0.130105515738317,0.589189777240695,0.297936852037099,0.290556853150354,0.272648739280514,0.202323037978144,0.511034966320793,0.39021581009732,-0.0328356046437529,0.0210917870968036,0.0507851726932322,-0.00233708265724963,-0.0544079068759913,-0.0602696361829869,0.0619831440366998,-0.121815608588853,-0.189426628639284,0.00500541448128536,0.0162515201076102,0.33168091521498,0.158376659849003,-0.00644373034095541,-0.0803216686846591,-0.0065039928493682,0.0300153856910342,-0.049733317779821,0.00482434462657473,-0.145359123109525,0.0363154112836325,-0.0566861788709219,-0.10394335752198,-0.226532347393214,0.0184170090186883,-0.0450305170398044,-0.0241927093851638,-0.137972821725501,-0.160675802128764,-0.221987434759531,-0.0592468385242562,-0.279420289053583,-0.17819487476903,0.0137209437210474,-0.0460005820623709,-0.225504296660157,-0.15253615092791,-0.244655846991385,-0.221753939719781,-0.138616235297948,-0.00108191042951316,-0.202990696092742
0.382343874153717,0.238893056531358,0,-0.137346888454241,0.183313547856083,0.473876097900956,-0.0666963166305907,0.466160042901238,0.491420504182168,-0.166142386463963,0.13103287613325,0.0955246923365338,-0.0708759164650104,-0.123561427279866,-0.144587510532729,-0.137642343249348,-0.0148444484044072,-0.0755937014216158,-0.17313214321468,-0.141790365315175,-0.0978785974912654,-0.00982859945780798,-0.124505265765743,-0.0849130241337708,0.0730667953468668,0.135329351406063,-0.145290732448386,-0.127834252783103,-0.207858751932781,-0.0546065191374954,-0.083445825392933,0.210417022204808,-0.0781437995853597,-0.20356725625841,-0.120877998393139,-0.0425905183097468,-0.0568232275898973,0.0727720561466909,-0.0952245694085261,-0.335778299678705,-0.123452791369215,-0.0284826971486171,0.187426026545914,-0.059867396195922,-0.140404637195167,-0.0998200676699783,-0.190669093975984,-0.135077545001613,0.168968740051804,-0.0161078253770406,0.0369341839923406,0.446396643661576,-0.101978569816758,-0.0848648910715972,0.413190252710269,0.503100378605279,0.289606895848297,0.428150768104565,-0.0727104138602974,-0.0687124941211036,-0.039074690852079,0.068751296446202,-0.0330570582867736,-0.080727043247722,-0.159902448605348,-0.0714479328342951,-0.188814846354869,0.00394527754781797,-0.148579815583114,0.0460123634588081,0.0125149945678532,0.0140965585805144,-0.0665840802750013,-0.183168649891073,-0.149467313548887,-0.112872171819619,-0.179893951204311,-0.0982707406557307,0.00420069318620749,0.0453615424490985,-0.269756485436656,-0.205337832760635,-0.0151082625529186,-0.0525368611397555,-0.155233072823185,-0.147955215576652,-0.0129851081562052,-0.081668064742854,-0.0787119238196628,-0.231715802663929,-0.0642305097369056,-0.0139753350976799,-0.0738132635645357,-0.135204286172757,-0.09720430524276,-0.0131801545069483,-0.0438893152108781,-0.189588433556117,0.153686792046963,0.00474610581048776
-0.0959369604682337,0.309569022515237,-0.137346888454241,0,0.370989323699504,-0.10339061845239,0.250781849340838,0.223040337016032,-0.173484227031282,-0.1715925896931,-0.194921936789976,-0.217177526868018,0.0731291432276169,-0.010911649470013,-0.0278069863166956,0.176248266732458,0.045328556399263,0.13649816698923,0.118180882799069,-0.0538452398591102,-0.0551352176939707,-0.0912764640899491,-0.0286150628157251,-0.124806591990464,-0.334633005911375,-0.25993806749767,-0.0130173192647506,-0.213910452266738,-0.0831072285228383,-0.127362580913763,-0.0990385050073878,0.0865612244892114,0.192269611759437,0.136652338993474,-0.011891154526675,-0.153381688301001,-0.10434791985662,-0.182741957550892,-0.145715825808514,0.166019939455427,-0.0642150585833951,-0.236461129985074,-0.314337972860381,-0.213502325993901,0.0520654130809342,0.00637625001619028,0.0519207003733422,0.00692445315445343,0.0215719375629892,-0.011432875478598,0.0433839824925945,0.0130688794037337,0.424546192933599,0.572223738207067,-0.0208432838401266,-0.16441274271449,0.189852042295497,-0.073003698527439,-0.20488935792571,-0.152166422021787,-0.138669250555903,-0.0758107383576304,-0.086639434481596,-0.0408458209696833,0.0509498084103053,-0.0750096140624602,0.103991545236121,-0.0388532090011818,0.103622694910099,-0.021974072775328,-0.0521127740923606,-0.0302561417801101,-0.00572408596075194,0.0965164292630835,-0.191344342398273,-0.291030780588849,-0.0211778485093957,-0.0197074838011741,0.0111173391828347,0.16894946873855,-0.0838925106282541,-0.0902426155578578,-0.0830432032802,-0.0115346887288022,0.00184101623821251,0.203440358668123,-0.0982150356357893,-0.168355351153997,-0.0681370671268721,-0.0479529672674104,0.0610377395511913,0.0104857884358997,-0.0239545419316898,-0.229597966921276,-0.247160556435926,-0.236814420117565,0.139307462162623,0.166558784168855,-0.0275993805185628,0.0389143864821204
0.045612057710683,0.420843852456395,0.183313547856083,0.370989323699504,0,0.504419896999766,-0.191263654349401,0.351545892094462,0.286939041617649,-0.22376155179726,-0.0964829951723386,-0.174539035399371,-0.0536707305645714,-0.112695699512771,-0.143743384668626,-0.0922068119011877,-0.137845555873226,0.0225270739842108,-0.102273044212546,0.0272438768745726,-0.183143830041154,-0.102423136923259,-0.164981003359153,-0.21544167605704,-0.171909995293501,-0.166649183492518,-0.143078134540614,-0.228078523307155,-0.1670795003593,-0.192096712782944,-0.00310738782898979,0.098478585817374,0.0712588652315422,-0.0584654516904358,0.0170951756786659,0.00997539099281053,-0.194040656163762,-0.189365925639463,-0.2499215707703,-0.215821148860748,-0.146319557007005,-0.117455894047345,-0.17362139408911,-0.0552898546116095,-0.0660662061522033,-0.0688927411736844,-0.0436258717922659,-0.0099294788691246,0.267297101219154,-0.0182304330172035,0.163407668754959,0.42533286765321,-0.0183469286753013,0.647464476624608,0.530349578256505,0.273085912970543,0.233887912714986,0.324728277428764,-0.287459700323478,-0.225057240525897,-0.261251979710888,-0.192675719939941,-0.102866050019812,-0.175780129118906,-0.139153980929757,-0.16617717963701,-0.203651512109888,-0.235322816843601,-0.157154107921865,0.0168166072794164,-0.00400740792552532,-0.129496513237412,-0.127901384352624,-0.210838482326933,-0.240099575566268,-0.293808272159085,-0.0952468951249089,-0.158182098152534,0.101482917974365,0.0473678295838051,-0.267074180024687,-0.195519878392752,-0.0726727511364773,-0.031917198338927,-0.0947458385638934,0.00175259105852552,-0.135723244083736,-0.188695218020113,-0.0336175943789518,-0.348306005081306,-0.162937950663215,-0.109405555267436,-0.199470525308889,-0.227593476838966,-0.278619090411522,-0.0896379958007163,-0.0313147041451733,0.0172397353996774,0.282519531614702,-0.0136608798685892
0.170814317157068,0.224719219154119,0.473876097900956,-0.10339061845239,0.504419896999766,0,-0.294478480317057,0.317132767597312,0.719741489442912,-0.109174435752245,0.080888607001894,-0.0628195668310981,0.0137011959794121,-0.000520731835908445,-0.0674059147842741,-0.297097572206742,-0.0602002517649954,-0.128049735784738,-0.121735734473409,-0.116620762642985,-0.154325997852741,-0.085632210770191,-0.0968836417342562,-0.193646189576863,-0.0560559524675779,-0.0785516147252275,-0.0792037447614891,-0.197294045055351,-0.0971080436114475,-0.145315314450777,-0.0309768659933495,-0.0129931906572543,-0.0426392920911509,-0.214401063721435,-0.0326254555193924,0.129642945381743,0.0405106986592403,-0.0263919532411967,-0.178492363083763,-0.330417462445466,-0.0255048901158097,0.0428686732290204,0.00889456300554149,0.158537061056756,0.0414854806255236,-0.00747909179490981,-0.000653900304113124,0.117521062206189,0.415869031982847,0.162533596808761,0.0467404597543438,0.413947547114257,-0.302523625505555,0.158199527380935,0.759562550040512,0.734228034259666,0.132980262952389,0.551989867903407,-0.174521374307716,-0.0638222617409817,-0.156818215258434,0.000194465016756081,0.0266664262972497,-0.00639452405846299,-0.151863139866668,0.00846939029770229,-0.257600800201292,-0.0909865069511891,-0.221343554522803,-0.108383349156003,-0.147178415172687,-0.0883513444723357,-0.051894217380656,-0.345149466110568,-0.195466704755457,-0.210130307327436,-0.058900068994478,-0.105208466087554,-0.0169150898977009,-0.0822784530828297,-0.309803097759574,-0.153600671513705,-0.0703129101148147,-0.101883756906812,-0.118964508672882,-0.0719078858042735,0.103803246759667,-0.0419738851495091,0.0303447385153667,-0.286459041428294,-0.154517275530085,-0.155656836494741,-0.219677962319458,-0.172854907100994,-0.210560041080227,0.162801860679804,-0.0274201419523831,-0.0047336656393603,0.483155341756655,0.141252950334639
0.12112025961201,0.00184854123996689,-0.0666963166305907,0.250781849340838,-0.191263654349401,-0.294478480317057,0,0.121498494640057,-0.306930395187024,-0.005896735616591,-0.0249583211747243,-0.0862363870200901,-0.0452074916633217,-0.0928360898530379,-0.141828963141995,0.444149637266904,-0.0422537968408822,0.0659583127500871,-0.0138778362840067,0.101919259617527,-0.162940800163806,0.0368073991861574,0.112824523993671,0.0953200140762206,0.0416619664050718,0.129496602298331,0.0897630960126199,-0.0257124398391549,-0.0196538155432747,-0.0285777825794124,-0.0891882376820609,0.145451657024741,0.0975410501501886,0.307213261681617,0.0793315415257568,-0.0476247347482257,-0.0102524412236797,0.189450802248143,0.111184155228121,0.389115856215256,0.174750577197138,0.00478196862519975,0.0487416442282461,-0.184180574578982,0.169343462255543,-0.0543050044013155,0.0293692342105806,0.0789162980713842,-0.119712201576011,0.051459411638394,0.166774916315453,-0.19990753192036,0.417820196576875,-0.0816313067184118,-0.239152878259098,-0.280508024508974,0.0796898451988006,-0.210363077975065,0.0474743465964563,-0.173040127981781,-0.142407698412368,0.0392393762515448,-0.141564713743044,-0.134516111141894,-0.123935226917171,-0.124863610890196,0.376918048011394,-0.0571463365178581,0.177903480683233,0.0896839254355498,0.00213725041849313,0.136646294409245,-0.0275261571261992,0.315671769275929,-0.153280632318186,0.048870559832859,-0.079142084895587,-0.0218026097088322,-0.0353497466953294,0.087037911443576,0.156600528426215,0.107140643537835,0.159206715052571,0.229165621721627,0.168128950295593,0.128329256285993,-0.0634592258915967,0.0299474617402512,0.148967506101654,0.28251747939589,0.141608552525884,0.227484146609777,0.189801656906219,0.0322612650282792,0.00800000742658967,-0.126660216974225,0.0570746903814588,0.212301770658307,-0.0875202215663426,0.0795771306413967
0.218964457373344,0.570014439281941,0.466160042901238,0.223040337016032,0.351545892094462,0.317132767597312,0.121498494640057,0,0.376109085877817,-0.0273384352114947,0.0626019261224514,0.0110968945622668,-0.0339503707196088,-0.0996531057663507,-0.111470714718373,0.177722755032453,0.118652915516208,0.391132637769611,0.0608637984579633,0.00150134283132689,-0.0509065218198075,0.0737097652128258,-0.120155682472399,-0.011718264668285,0.0178867674303932,0.0676703798669233,-0.220520366814384,-0.30375365972019,-0.144545822436552,-0.181849445636131,-0.179790362515774,0.155086927353405,-0.125605170676853,0.0981548161407368,-0.0919566027631161,-0.215645758942976,-0.170596545713222,-0.103993300678918,-0.066476476256058,-0.126285939436173,-0.187886557766431,-0.327022262861715,-0.0500619619956111,-0.335785110528564,-0.12196230001266,-0.332227821312426,-0.302611581785461,-0.299238801726231,-0.0444665221885181,-0.170545064122221,0.073874871660314,0.450027333615153,0.243433259218729,0.0911245385726615,0.295253837614522,0.294341117451155,0.54800865655378,0.457054752352174,0.0295405392843856,-0.11292399551093,-0.0901295568373618,0.0373976977834342,0.0160053411941743,-0.036735102924921,0.00996449366479032,-0.0576457770969802,-0.0512720142441823,0.0839300116892958,0.151536887577224,0.324952633973946,0.119147089231929,0.103233272250316,0.0433368737827774,0.0926235511092623,-0.0922207307849264,-0.101163675385848,-0.0816059368445811,-0.142856152093523,0.0629035081827044,0.0223551361747674,-0.0917298680791857,-0.191544811833176,0.0376978017770951,0.0665821876344141,-0.0998633634327029,-0.0569257518797996,-0.126232485888923,-0.303792823366311,-0.0114976044074419,-0.203031448872488,-0.0823067283981937,0.188538932697625,0.126565392319206,-0.324033088689077,-0.157889532160419,-0.279302892352216,-0.110532019672185,-0.0466963988519188,0.0112028804023616,-0.0640299901012081
0.108751609141518,0.215562120588689,0.491420504182168,-0.173484227031282,0.286939041617649,0.719741489442912,-0.306930395187024,0.376109085877817,0,-0.00944037207340404,0.0962347547419726,0.0473583695628371,-0.00282429672229247,0.0457906503196331,-0.0256608007611362,-0.214196115961817,0.096234085793565,-0.0588787328840362,-0.0250106866472209,-0.166706344456533,-0.0249545999680248,-0.0495763784618945,-0.0794545346234861,-0.110600838385617,0.0289924059125623,-0.0619815203699885,-0.102396835963774,-0.232382019064458,-0.0592955043969735,-0.112770403011855,0.00468343905126851,-0.0378247329268821,-0.0194578767189382,-0.276079486340731,-0.115883843247438,0.0350572420929344,-0.0481515580646719,0.0287639267935735,0.0103562841161431,-0.329555887343661,-0.0488993705078495,0.0187664726749615,0.0422541264488326,0.0922735524463349,-0.0161410508287635,-0.0499318262384039,-0.0154659454726072,0.0114297855429903,0.234689862907966,0.0636653987703613,0.0173199989725842,0.401215846716003,-0.196119230412354,0.0161711662678327,0.606396614674884,0.704238546424415,0.111566237235871,0.688259003544725,-0.0393305136134068,0.0543572526314252,-0.022002159138924,0.0574178944503897,0.109396643583134,0.125616956845348,-0.0222394314693137,0.066984516274859,-0.215010109101978,0.109594691596231,-0.174137971734017,-0.0794120492643577,-0.0813942921601737,-0.0946690331852393,-0.00435573556559392,-0.225518773100263,-0.0255325860357354,-0.154253758279823,-0.0220494896157508,-0.103375356971649,0.00230792464695267,-0.0356687553777951,-0.218983624231735,-0.140800685590201,-0.158173221994146,-0.221777505163168,-0.215878134072953,-0.131579811802739,-0.00789665770035054,-0.132429375679884,-0.124841935959054,-0.243104670795319,-0.0830080850783207,-0.102968825606188,-0.107861997239665,-0.217619879443144,-0.143169648561319,0.0658618058173952,-0.0279361346213722,-0.143625764142148,0.30652773978917,0.069408702401344
-0.0682334261794847,0.0772789445379098,-0.166142386463963,-0.1715925896931,-0.22376155179726,-0.109174435752245,-0.005896735616591,-0.0273384352114947,-0.00944037207340404,0,0.281687843689904,0.427019335722374,0.032315659035489,0.234262023003237,0.30677551748188,0.119315173315286,0.0877600189773911,0.268388260069286,0.0927664418615481,0.031354193091702,0.26994434058545,0.203524420354159,0.12686041411346,0.404559261598294,0.474229250145095,0.285242815427241,0.0437612529192172,0.204947944637815,0.161268199379286,0.197099556222324,-0.0643802273559077,-0.00185689393243515,-0.0751869584966034,0.0708169982838407,-0.126902987333624,-0.232889022621586,-0.220623476259879,-0.0309785952985325,0.14642850030241,0.243891117953658,-0.15862987333809,-0.0511714015533744,0.00750333739849524,-0.162115243015619,-0.110738416158275,-0.229408242233501,-0.220311382736783,-0.300293694812043,-0.36038838015287,-0.340442503440447,0.142196678390279,-0.0327128355449845,-0.00401743397911634,-0.284120384351371,-0.0687729952843035,-0.0739085789207623,0.0754647253785874,0.017479776814075,0.476761207142284,0.422515594787456,0.391928697663443,0.12223759284953,0.189845125252047,0.186000562313072,0.235048182479783,0.241351526221225,-0.0398643529563494,0.153387180172661,0.133962122417451,0.234398368912936,0.16960429050129,0.139098222500419,0.188646116329455,0.337364302025006,0.528639793466277,0.431292901311623,0.109423720712006,0.176311472721464,0.0265985292408622,0.0236477479806561,0.302342636668141,-0.0477219846383148,0.0499209375540232,0.0199505290845119,-0.00431670284414395,-0.113076978819776,-0.241477102348075,-0.00743798235503075,-0.13455970590693,0.1046850999526,-0.0332942266150035,0.224346372015543,0.270235030513098,0.00905902012028312,0.321626147468313,-0.139447890089351,-0.179156076333256,-0.144103192754106,-0.250713114453638,-0.250628171993043
-0.00622311428996385,-0.0498473169912512,0.13103287613325,-0.194921936789976,-0.0964829951723386,0.080888607001894,-0.0249583211747243,0.0626019261224514,0.0962347547419726,0.281687843689904,0,0.571352250845838,0.144749257501361,0.192865453277839,0.291142763002747,-0.215667123589511,0.10706723537683,0.0846818217851883,0.0956175061648834,-0.121961253974244,0.0799501507980068,0.156064157631235,0.0746471586390609,0.3803243548112,0.433210196499247,0.530130371466114,0.05653211948282,0.218339846812172,0.196840755258175,0.194686432848554,-0.101163011592661,0.000204324463222606,-0.166941600420074,0.172425622912463,-0.0590242361684052,0.0132354900848821,0.155257905895931,-0.0561406443851847,0.0132199574831821,-0.0605432689841353,0.102209919430304,0.14952609145981,0.419188623085882,0.00959711269067886,0.0512294077162649,-0.0279766175060777,-0.104219206284783,-0.0258780676503891,-0.0367493056542059,0.0886709972140871,-0.13453339948914,-0.0474773509840669,-0.182689526289119,-0.239535905898696,0.142985715947572,0.118020882785668,0.0436608455327112,0.0541588015557409,0.219462886227018,0.36316016953838,0.122210891593392,0.22214642397403,0.227281137631902,0.189289985656898,0.210410438612089,0.273767202099871,-0.0862756396615689,0.145203944364503,0.171965333113513,0.00138504589391531,-0.00616038471533408,0.189001792285286,0.160719103487102,-0.0355463773379035,0.185721387105058,0.278757773936158,0.204101480552395,0.136596378117718,-0.0100186382257668,-0.0577697910997743,0.19793003777655,-0.122938709280505,0.0883271144833913,0.128396809412239,0.0526718616664986,-0.0075096124832872,0.170111570129147,0.0323174034622958,0.0145257165359696,0.136854950689368,-0.16983245886164,0.00634646018553125,0.0398533380189782,-0.0111122643793541,0.168831937383751,0.0368229941179029,-0.0303365144465736,0.028571673143272,0.03878247247787,0.120980732376765
-0.209864986236479,0.0282162836272032,0.0955246923365338,-0.217177526868018,-0.174539035399371,-0.0628195668310981,-0.0862363870200901,0.0110968945622668,0.0473583695628371,0.427019335722374,0.571352250845838,0,0.350167455367226,0.426769188925465,0.440336638393899,-0.217324991692378,0.443112821722958,0.209310287641917,0.342651134823531,-0.109352545694717,0.329195964377758,0.411739070828825,0.262396617592015,0.54408787067988,0.474536246457963,0.534136381786038,0.104423434815284,0.346227581242471,0.292664801826834,0.451262957450815,-0.0321839368530838,-0.158458102503533,-0.185711450884932,0.125927560525242,0.0329355878086948,-0.214223689245576,-0.115274261742971,-0.177974794625588,0.0590103130798017,0.0465743657388577,-0.150646722093466,0.0871483691482156,0.292042844887364,-0.177972295570879,-0.135863857372201,-0.116677626551148,-0.234471008183687,-0.246426268264478,-0.294382683989012,-0.259808291929517,-0.111183023193511,0.0288376138982615,-0.0519950341028011,-0.276502399893596,0.0830902844039222,0.0623802265204388,0.0542661811101304,0.064092201822725,0.43000970916636,0.602128419467842,0.518314093925207,0.432319585184437,0.465688540888246,0.395687025138407,0.467506930962864,0.444304886247995,-0.155436714090657,0.416251245981471,0.24308750163762,0.152342583114184,0.172331040790199,0.341158971206209,0.348322957750353,0.1753111434905,0.548267490166222,0.496927584835541,0.336761070015043,0.410324024002975,-0.0205127732533338,-0.064710509372285,0.298883572860515,-0.171796695229915,0.0546311464828119,0.0640312358528438,0.165586869390425,0.0433051198605946,-0.0691813586829058,0.116624978513162,-0.207174607530839,0.067007389513116,-0.133741405224755,-0.0461925115555292,0.0915691389667269,0.0225807469251453,0.258826355522612,-0.164347548183478,-0.0427059676016636,-0.05560482027471,-0.206869064587488,-0.202464694214835
-0.237968451229282,0.0540189115991352,-0.0708759164650104,0.0731291432276169,-0.0536707305645714,0.0137011959794121,-0.0452074916633217,-0.0339503707196088,-0.00282429672229247,0.032315659035489,0.144749257501361,0.350167455367226,0,0.472616030675877,0.28991773021824,-0.196596418286578,0.62595748755617,0.15515044643538,0.602004524222437,-0.054361720488642,0.17070497104887,0.478989283665327,0.27161433114276,0.194330166522506,-0.0570981102463663,0.0617678094082193,0.192875160749975,0.240567761348604,0.352312435645747,0.306575406523031,-0.157306864936657,-0.338839127972378,-0.0647790170750477,0.141475923467019,0.358076945975489,-0.128178452446481,-0.0165995821980571,-0.283456865631702,-0.0757405073339784,0.126423213271594,-0.142989894009485,0.073380553257968,-0.0434123373976638,-0.132505468028183,-0.0375887676513599,0.0135712624061245,-0.0521787088404137,-0.00950550175537834,-0.0415887542681048,-0.123341370044488,-0.0242045237227751,0.029181426979642,0.0206419973780631,0.016945508539056,0.0995778681999813,0.060195716986361,0.014539025946007,0.0226747239064319,0.227983344618978,0.355328512889537,0.474688235729029,0.657414423607938,0.538996578823433,0.5489395692503,0.442268534327196,0.425822537306038,-0.0236342201857412,0.514100424268811,0.262752957951544,0.0237771448314985,0.0607314830334512,0.310155999055797,0.357492642474824,0.097473123511142,0.241299399187429,0.228713414992641,0.434923600405907,0.466800468893627,-0.111818553700784,-0.0615714717968726,0.0537019400584308,-0.0248366916650214,0.0740723474732927,0.101910141773307,0.346144868786395,0.307164746392778,0.0550780458173194,0.321844862484202,-0.0156652188906602,0.00823541865921347,-0.0672966219293173,-0.267191388224143,-0.0127165560492085,0.0948591921842516,-0.0126758731217856,-0.0716451440657659,0.170295267936234,0.201546229125199,0.0382221794713526,-0.0202164839071932
-0.292836742215706,-0.0885109588608765,-0.123561427279866,-0.010911649470013,-0.112695699512771,-0.000520731835908445,-0.0928360898530379,-0.0996531057663507,0.0457906503196331,0.234262023003237,0.192865453277839,0.426769188925465,0.472616030675877,0,0.670833034393083,-0.270229814875411,0.495856440829371,0.160955921317256,0.544050753946825,-0.220930943426999,0.359721429083163,0.470782508687815,0.492455395664314,0.273017987347974,0.098709465725169,0.149553685287969,0.29542581307948,0.247261419040495,0.355217737990566,0.463661353195477,-0.0766630613915842,-0.202116288593899,0.00448687910403183,0.204627697304659,0.138175533053761,-0.0644222948654204,0.0348948017151313,-0.166002562117082,0.0179721406337606,0.0863257330056715,0.00317854430583909,0.17953320158421,0.0785743163940864,0.00832373764050679,0.0649405892525663,0.224453310186872,0.212086288860654,0.159773769703558,-0.137336007058652,-0.0512667571845885,-0.135858875361595,-0.0702091538858232,-0.0790757735231843,-0.0818532787078518,0.144796958093265,0.0379755599780029,-0.00110029229232954,0.0215179163971366,0.188895916561607,0.387796011935446,0.400612867239308,0.433356061693983,0.583029495875074,0.515680620586528,0.426546924505741,0.657115924483127,-0.0785090917844839,0.376706635930913,0.229035733059337,0.0184273356030896,-0.0512098119270193,0.325314325551132,0.528781301071661,0.111842387789587,0.292340580490523,0.205162550503918,0.393688869929073,0.589947125886813,-0.137322554242009,-0.0711102635925539,0.2007325116504,-0.00978480691045011,0.0120538748947388,0.0755078098819971,0.30942084850245,0.326432316759244,0.0969805147714946,0.293943425305166,-0.105927224900056,0.0554331105530512,-0.0354318575793392,-0.189592783295043,0.051846768716209,0.0336401457000925,0.14069350779795,0.065330800147631,0.323929220163238,0.215386711028819,-0.093275318322744,-0.019812017703098
-0.299248820633292,-0.11592305050898,-0.144587510532729,-0.0278069863166956,-0.143743384668626,-0.0674059147842741,-0.141828963141995,-0.111470714718373,-0.0256608007611362,0.30677551748188,0.291142763002747,0.440336638393899,0.28991773021824,0.670833034393083,0,-0.328368630414718,0.274609080848273,0.227863268382939,0.350272216396037,-0.0213056095103734,0.527014297454395,0.330622682372594,0.490020062404941,0.40169468951919,0.165762616667323,0.251588325637354,0.322432262390415,0.429555246892621,0.489854089772716,0.559093948789987,-0.126893457541245,-0.178147746128552,-0.0505090074962812,0.206560111282339,0.0516861537728465,-0.0521021009879799,0.169010865185648,-0.285927597963421,0.0183734871334976,0.0342369737769433,-0.0594430043627643,0.183058528598743,0.0518591152575509,0.0153168684624779,0.0674658308951736,0.139684328558127,0.0660662229348927,0.140261950467049,-0.216126744867178,-0.141543464842023,-0.183558189454376,-0.103059589420855,-0.0415277452460038,-0.0569357107899065,0.00671107025255146,-0.0272740110641966,-0.0199681128362969,-0.0764060024499932,0.254514704586941,0.397061379708647,0.296399184343561,0.248567290586697,0.523088018722917,0.477269855994029,0.585360261995693,0.720479489013927,-0.195265795469222,0.282746501963161,0.305604245229298,0.119839361377679,0.164228687558957,0.157116678958422,0.509915548182681,0.0997179311180827,0.432564256214937,0.258462205458366,0.498360087883417,0.536444223313706,-0.0734685904284458,-0.0847024034090625,0.355236558438501,-0.172423974263843,-0.163525134644522,-0.0516259507787062,0.198470146020637,0.14326162795378,0.145705090827667,0.172878746789722,-0.148935960438403,0.059472774164184,-0.163006799953116,-0.140481792662305,0.00745928625602449,-0.00738211743075997,-0.000342152242634156,-0.00591146991582885,0.109777735502916,0.0752849330281335,-0.201732530540902,-0.178642229647156
0.161731210714579,0.214168788766533,-0.137642343249348,0.176248266732458,-0.0922068119011877,-0.297097572206742,0.444149637266904,0.177722755032453,-0.214196115961817,0.119315173315286,-0.215667123589511,-0.217324991692378,-0.196596418286578,-0.270229814875411,-0.328368630414718,0,-0.0806997880028095,0.253902842470412,-0.0910350299097012,0.202021034833595,-0.0393132030589237,-0.0472908741672898,-0.19912443548576,-0.0477292519225209,0.0731026093961472,-0.0677908971279057,-0.113511694954275,-0.229478682515195,-0.175581293446021,-0.358099117402204,0.0383352061047239,0.15131049140744,0.108772125684192,0.118450725545702,-0.00633592799053238,-0.123330364318066,-0.211309677784289,0.169524242989617,0.13074530933623,0.22863478067708,-0.0146298521876368,-0.248911406755192,-0.0835910516801256,-0.213029661483836,-0.0237086830319897,-0.240734253018041,-0.131138118058912,-0.230169860668213,-0.192891422989456,-0.1135349042411,0.356219007423021,-0.0396222619724905,0.509592549750573,-0.0425373049333897,-0.327188358593814,-0.315480068396437,0.135050750159762,-0.065324878498371,0.0167430066769227,-0.152251538378139,-0.0567076795643603,-0.117037982936659,-0.303448590641909,-0.21224512877777,-0.124883529746863,-0.300591644976378,0.32052901812259,-0.0660535325012692,0.0819608296120374,0.299776048561526,0.165801137075769,0.00283944668527491,-0.18532608246664,0.317484816615462,-0.0363887286904315,-0.00370386532570344,-0.215143593843518,-0.324517022042475,0.130477575384362,0.0486130206228721,0.0724608064370788,0.105559293714361,0.130604556022283,0.142377142675892,-0.0611813181174126,-0.0886654132421721,-0.250076369934252,-0.235761096779933,0.0807210547123902,0.023165595617716,0.151977930294634,0.306045146858318,0.236421826188927,-0.0143334474928143,0.128622544184366,-0.185068650508806,-0.155701840964894,-0.06176376876116,-0.143034976674703,-0.0615036268506954
-0.247769171853762,0.0777505960153086,-0.0148444484044072,0.045328556399263,-0.137845555873226,-0.0602002517649954,-0.0422537968408822,0.118652915516208,0.096234085793565,0.0877600189773911,0.10706723537683,0.443112821722958,0.62595748755617,0.495856440829371,0.274609080848273,-0.0806997880028095,0,0.327098740958519,0.698071486763782,-0.15551335996436,0.295802505791905,0.534748800792688,0.272625404620346,0.302699757338566,0.0515641115400294,0.113284211099752,0.0313731762476197,0.0115444464940365,0.299905595582277,0.254839156099671,-0.0306225393276478,-0.273869200304362,-0.123202922828396,0.157888129329442,0.199516285287323,-0.280413808087873,-0.107033083884375,-0.0986521487842801,0.193384741419588,0.148933295223248,-0.157661707917457,0.0222792564576947,0.0517182238220495,-0.236323538572023,-0.13640692065671,0.00270836783795488,-0.0618697072403839,-0.127621597264519,-0.168949454444937,-0.131861101257506,-0.108569032519241,-0.0298990440608362,0.0370213891407522,-0.133525996179119,0.00555171064295037,0.0748214960134041,-0.000171018928502248,0.110526610470691,0.34022635401343,0.351682819130041,0.43699075562977,0.555292339300752,0.540331007824488,0.50088031604051,0.467465284469478,0.383891178627654,0.103988092077765,0.624871591832615,0.326970302853042,0.0672790624012461,0.0713285254230751,0.313515196774104,0.396684341820749,0.299321952951408,0.320946712565985,0.222521721707934,0.372730555815071,0.361165900290803,-0.111391013891987,-0.0897944715663879,0.178760722321721,-0.0308444469964626,-0.0165208006835546,0.0384193141934932,0.161724552713557,0.282789919255334,-0.0324411553086491,0.0979660530072859,-0.174819518176872,0.136367035833403,0.0250874857129005,-0.0632175718662626,0.2389999328479,0.0301618181137123,0.147501070249281,-0.180153385114823,0.166147305004176,0.0594713628914101,-0.0633481615917192,0.00171115468167115
-0.0992944858190483,0.389163300515616,-0.0755937014216158,0.13649816698923,0.0225270739842108,-0.128049735784738,0.0659583127500871,0.391132637769611,-0.0588787328840362,0.268388260069286,0.0846818217851883,0.209310287641917,0.15515044643538,0.160955921317256,0.227863268382939,0.253902842470412,0.327098740958519,0,0.369693342179717,0.258234939684693,0.39173593256191,0.403220480708025,0.209963013674007,0.356592742669062,0.198062653281588,0.208138651351383,-0.113911918103254,-0.0448930753649832,0.189909578232179,0.113075378198977,-0.173911109333693,-0.0281246419597427,-0.125811634116296,0.442662230883912,0.0100509071993356,-0.360338711548274,-0.238826061861538,-0.211912253431516,0.114490633168623,0.0754256365293935,-0.25230502043904,-0.23492549399992,-0.0218032774912752,-0.469972329562235,-0.174823179164842,-0.372251969825088,-0.363777906908833,-0.376329100186646,-0.413220839602275,-0.41577311148448,0.0197941513925031,0.0753081099996668,0.249010084406054,-0.0624634799286841,-0.0899763765801326,-0.138218697393797,0.283842884544585,0.0756106156444451,0.258836243414154,0.0953776214154714,0.144003569174701,0.126935507168838,0.218258967163399,0.183127127407435,0.376418430906134,0.185482712626652,0.0199929735653534,0.257200024146177,0.478274098971686,0.587481306916659,0.318232476518376,0.268307943098383,0.338215776380294,0.371630263050937,0.219333702842299,0.149478088675169,0.230102557517072,0.12175832036782,0.0539929461558495,-0.00306842835057058,0.350420819958004,-0.179325178326537,-0.0457321081557792,0.080905469565649,0.00916143533380275,0.0394653375400756,-0.192574216097001,-0.226950503525891,-0.124746361236492,-0.0029581952978581,-0.147634896583916,0.242554294444191,0.306727153585731,-0.20076371698303,0.096740073101393,-0.427418102507609,-0.19442300172759,-0.0752066484382427,-0.285287607148048,-0.275124673693916
-0.289579331849591,0.0608250044457718,-0.17313214321468,0.118180882799069,-0.102273044212546,-0.121735734473409,-0.0138778362840067,0.0608637984579633,-0.0250106866472209,0.0927664418615481,0.0956175061648834,0.342651134823531,0.602004524222437,0.544050753946825,0.350272216396037,-0.0910350299097012,0.698071486763782,0.369693342179717,0,-0.0786683558902093,0.303933198851944,0.440826399703406,0.265946328337287,0.310181487412186,-0.0304253999516592,0.0647042086603565,0.0153659287813256,0.0168070230352741,0.368751076228809,0.246622178077583,-0.0958910302015321,-0.262479044315213,-0.0150886351518738,0.329391927490871,0.1432725800951,-0.199920098394371,-0.0550910375503034,-0.204712022494526,0.09045371621955,0.247441665223713,-0.0800513549888828,0.0370603399865818,-0.0670324667274141,-0.240770732079057,-0.0672320479936858,-0.0504913379256727,-0.0376481079163789,-0.121848466708721,-0.16553665940322,-0.119444050092536,0.00253743953567974,-0.0258657903484837,0.0628513539959645,0.00105864564994223,-0.033832929504216,-0.0829100088859383,0.0284607096375418,0.00751137974000099,0.260759578444335,0.28776345894656,0.384162941300173,0.501371326030846,0.514934714571075,0.482522775680044,0.47548926342758,0.400776126771547,0.067034553132536,0.497982013889776,0.329334182966414,0.0550934992449166,0.0203940577687278,0.210297376047421,0.365111277880108,0.270318877010894,0.260555891273741,0.160553865752276,0.393847605187868,0.374337125605172,-0.0684950459153137,-0.0421706000123443,0.141535286587724,-0.0887441689514713,-0.0854033536533051,-0.0498382972824736,0.13730181508638,0.220970584032107,-0.00419983757999543,0.052474634657474,-0.146881510543544,0.0359909211451248,0.0234836636086544,-0.103329954833617,0.137042746599874,0.0305436901882289,0.0663947276141811,-0.169473958254631,0.150931009898418,0.0463583382530859,-0.108853041462801,-0.0305602698548239
0.0576164180253979,0.0887151850573331,-0.141790365315175,-0.0538452398591102,0.0272438768745726,-0.116620762642985,0.101919259617527,0.00150134283132689,-0.166706344456533,0.031354193091702,-0.121961253974244,-0.109352545694717,-0.054361720488642,-0.220930943426999,-0.0213056095103734,0.202021034833595,-0.15551335996436,0.258234939684693,-0.0786683558902093,0,0.259182417739392,-0.0683550745522266,0.0743824562799956,0.196267435194437,0.0966885188062394,0.0862835853352121,0.156139602683208,0.101627519165909,0.227143860060904,-0.00746379270274959,-0.128675283769088,-0.081914647298101,-0.159036353699389,0.189336306707737,0.156649461752747,-0.0367013127974491,0.0385507674884912,-0.311830468962312,-0.17390844517788,0.00959448733245509,-0.175049844858307,-0.302549699262735,-0.181957341837111,-0.278345873335879,0.0677745066161271,-0.380947746077386,-0.369433226071557,-0.162870957864775,-0.0965272040164172,-0.287890614764961,0.0819170764462069,0.00219685529374877,0.182051970397883,0.108312123920538,-0.242302444929439,-0.24830451648647,-0.0800878180719567,-0.128362586084314,0.00217374466355794,-0.080941692943113,-0.0573239137656742,-0.175329542482573,-0.202898071431684,-0.115956038516426,0.176457326542977,-0.12614509533527,-0.125153133036207,-0.130622169823569,0.140917596791303,0.280994117555425,0.584474213419467,-0.154773440541331,-0.0277315427843155,0.0940261562436258,0.14121995104942,0.10292800681028,0.160584961231645,-0.122318177999276,0.18972114044205,-0.186994756691955,0.265528853179686,-0.229052938115096,-0.0824227643011833,-0.0433984526210893,0.134662109618461,-0.297526753338632,-0.020492026298189,-0.2233011719101,0.126236289988973,-0.177938428816794,-0.373616612986157,0.121063134794131,-0.0759180831852589,-0.12656856389207,-0.215289999033191,-0.363857539011144,-0.487901750381577,-0.0713588001515606,-0.107142045542076,-0.419202126717959
-0.18649087831155,0.0618029521246344,-0.0978785974912654,-0.0551352176939707,-0.183143830041154,-0.154325997852741,-0.162940800163806,-0.0509065218198075,-0.0249545999680248,0.26994434058545,0.0799501507980068,0.329195964377758,0.17070497104887,0.359721429083163,0.527014297454395,-0.0393132030589237,0.295802505791905,0.39173593256191,0.303933198851944,0.259182417739392,0,0.212367186452536,0.273437158275183,0.42418189856129,0.17000476410831,0.184678522735114,0.141332429041677,0.249458274902442,0.326818760539201,0.33964841737834,-0.146311763577567,-0.199210360018809,-0.162828978729159,0.127790591959608,-0.0411149730878576,-0.232923171008489,-0.0193432835766093,-0.345304535442689,-0.0521768750259488,-0.0151517752374134,-0.249019387674795,-0.0754910659874131,-0.0536022555672154,-0.191164190770604,-0.096526141923415,-0.137779468029595,-0.209013772813039,-0.190036631150736,-0.306561653432732,-0.345010459853262,-0.139880833036505,0.0120993887944339,0.1040935361191,-0.0588570117275773,-0.130350337332795,-0.0399212260416662,-0.0237617563886683,-0.0199853185183267,0.231078782101388,0.299409761414246,0.352280473401512,0.15399386344745,0.267116176891003,0.29775666866669,0.527452283012232,0.393259251550082,-0.166111268079169,0.263801678854388,0.210375842317336,0.268052022302067,0.463597587881987,0.0603075085530488,0.328159503746019,0.149551274837471,0.499522412071974,0.269060605253819,0.290904417527067,0.260699944538101,0.0240931610472791,-0.141761537926414,0.362909451379641,-0.199501074182924,-0.202486355592725,-0.155980144163323,0.0353493798649432,-0.13109590156318,-0.0574534767386613,-0.0595263494938408,-0.216739311210657,-0.0536244006034007,-0.193693891375373,-0.0369076947835112,0.0152873568045685,-0.112243853044773,0.0541704764926445,-0.217295438334927,-0.138641199269748,-0.206802204955997,-0.293645022288673,-0.349567314186614
