0,0.00756933979664573,0.415413117550378,-0.180426788511733,-0.150763108932995,0.393295734154858,0.392407063876045,0.174857255314934,0.0662078552091128,0.11486060760895,-0.018945938590987,-0.0719346743226789,-0.0817902110597033,-0.395944238283145,-0.338690893285705,0.395159519991367,-0.0725678616480297,-0.134317767716973,-0.227689952008488,-0.0224705321604437,-0.241741394480191,-0.184029657398039,-0.334030696908297,-0.0339612416333913,0.360200501676493,-0.238338430653775,-0.386680383223991,-0.442603879068876,-0.222620832740681,-0.300431056407251,0.234104411906187,0.146330042408297,0.0620772618915956,-0.0774373618672143,-0.356884668251832,-0.113208669075925,-0.136711953910988,0.28372820202899,-0.0932116810042131,0.142249878963895,-0.0566351539889263,0.141833297198213,0.0100040166301863,-0.187975954862153,-0.134992031619802,-0.353881750058771,-0.306595564805102,-0.329527401958402,0.219701733912786,0.0151257868224877,0.542953075550032,0.301651530288193,-0.039306306420734,-0.200576256190895,0.165686259044713,0.393524821549841,0.181446362911176,0.00908450946546429,0.0462300112841329,0.0652989663949929,0.0341954265763679,-0.0362314211872153,-0.25131327360244,-0.202513271116893,-0.274803517378476,0.00269476550940533,0.154166520439691,-0.23288332977754,-0.127463808466311,-0.129043369787227,-0.0252512794456241,-0.278584796794456,-0.264340068213068,-0.0475266476886519,-0.107159837707395,0.0785628788322582,-0.293130970594268,-0.353177947892684,0.285351451921323,0.188559203141023,-0.0686750641801766,-0.0673172463387818,-0.173749892871657,-0.320025901110405,-0.380894368964591,-0.290698280766873,-0.184954241981007,-0.417202571681378,-0.0346744724000173,-0.0181178152823156,0.0627561106885963,0.219267924930381,-0.109895178950472,0.174908492618878,-0.0123094257761989,-0.269257725870478,-0.339262341702797,-0.333271964408825,0.118361726459005,0.0348215572411883
0.00756933979664573,0,0.290903073603388,0.702431478492377,0.737875605226293,-0.182379266613884,-0.0649407477374611,0.0429187873152764,-0.117149625319479,-0.404822502216055,-0.471568937489491,-0.15157379487988,-0.0830216108709333,0.275184161529568,0.213484208379568,0.226520451404736,-0.0274286567003146,0.179175373704237,0.044849557256896,0.100217528233927,0.123583993277047,-0.120599733552184,0.430892799253175,-0.399575297495727,-0.426782845307602,-0.324424514065255,0.23229621166461,0.168796950542795,-0.0767232088033708,0.186288573474167,-0.0938693607283286,0.513596435543608,0.413663240696871,-0.0321459371197476,-0.0276120178508568,-0.0103083934099829,-0.335432391985943,-0.140932649060384,-0.0822388096471122,-0.520170390847086,-0.453590074232708,-0.112937422838403,-0.370863096925912,-0.03979177520715,-0.0966126824442317,0.287719433615587,0.347380104518847,0.361932725809482,-0.251015633043234,-0.347138267224794,0.163931774212705,0.726023609762657,0.654593744190878,0.694077431997528,0.0698852400100822,-0.159177486324048,0.189927641628836,0.127071428653796,-0.43402960811044,-0.313864488762483,-0.134832254669975,-0.063408333062983,0.193315316682335,0.2649600525448,0.334203771028624,-0.230723168184925,-0.16798321128257,0.29796417631714,0.0752351242416532,0.247791516098486,0.101309611795742,0.112767993007241,0.400242775949273,-0.394244861104474,0.169866127070903,-0.278997007958512,-0.00799781321727216,0.21035655987169,-0.17082015337406,0.373603870960625,-0.0356093696629532,-0.241446516252178,-0.287884407376958,-0.129750405589102,0.264975033479125,0.134205119872654,-0.239183267043882,0.100094688414129,-0.181582626153619,-0.388564748857853,0.296258928773478,-0.349863186082918,-0.266875115794807,-0.118524538535071,-0.384180555697652,-0.168241565119298,0.317081854708282,0.313161536213455,-0.0501217793316293,-0.290882712544309
0.415413117550378,0.290903073603388,0,-0.0724499299247575,0.0824274662091562,0.571950717971838,0.340589524037223,0.517157728013821,0.446062467467558,0.170280656821087,-0.148230773680916,-0.132456539500133,-0.0744033537091542,-0.225680373501007,-0.167287217787468,0.297462220422799,-0.0190465169715516,0.197618143792582,-0.147348457167019,0.185508805167301,0.0258227102102373,-0.149182716317382,-0.127224366170462,-0.0111056612869508,0.0680497173679187,-0.244179019138045,-0.20515509945031,-0.261675953876091,-0.0672706954412603,-0.203879976130177,0.0809330704694153,0.0397122245576229,-0.0703958075498712,0.0289610256658722,-0.264604667420406,0.219832029291857,-0.166094551875813,0.161773520653534,-0.00264816776624095,0.0269271994279495,-0.00675175744173797,0.103018615292737,-0.134616660066233,-0.160097244549281,-0.0576526134626689,-0.239566384571302,-0.182796623580453,-0.196058334462745,0.268320104947352,0.0236627091930104,0.190503966297267,0.578013492299134,0.0374392688756354,-0.0946912927111653,0.582849077591356,0.549477119762392,0.487453020366453,0.49689347239468,0.0416396151606491,-0.0556412271810033,-0.0604465703867963,-0.0751641888412794,-0.169632908756174,-0.0727055974927319,-0.0833033431925172,0.0423946050742154,0.198253822994144,-0.0582567131318366,0.0549603020838397,0.246110444823953,0.291155947605796,-0.162809112527513,-0.0310065130217787,0.0713939310097108,-0.0358165056191535,-0.0418129630779863,-0.0677004755682796,-0.234723654566213,-0.00668254711200427,-0.0302175168309487,-0.00449176357837123,-0.0302263121084193,-0.0923520088227795,-0.197152706567758,-0.171873754724617,-0.198811248223003,-0.160561300648061,-0.332638596137174,0.116294068284848,0.102518248651289,-0.137512032308351,0.128827491565559,0.0262014584952502,0.091125907178286,-0.17833903509618,-0.257262393180108,-0.218013600118533,-0.200806669817188,0.337064389109922,0.0538371381016995
-0.180426788511733,0.702431478492377,-0.0724499299247575,0,0.799422482792452,-0.423583283156353,-0.288366231877478,-0.199256089566879,-0.302733424040708,-0.505913693603161,-0.401597215942537,-0.0770071529474635,-0.00245465755154088,0.533549562276574,0.383652946996124,0.0557214782229192,0.0322821167655024,0.140465859344974,0.181088095634714,0.0310178154895223,0.137478077476553,0.0224867086096968,0.672270044985088,-0.352468864722227,-0.460921838527841,-0.126477194128461,0.485902696810211,0.457215014387384,0.075002628893769,0.35520047226535,-0.149001805592506,0.553118609426461,0.464336577508986,0.0230903437844053,0.2469608271191,-0.0453423204065727,-0.149087161173266,-0.16314542607054,-0.0888173940806804,-0.54877442823726,-0.349375614392465,-0.115123155799672,-0.243027084998428,0.116444483178135,0.0484133173242931,0.580350432120524,0.588977356893658,0.630097407810378,-0.439060597592274,-0.377050937503701,0.00924124200271043,0.37488783381582,0.663131577956975,0.885197255706034,-0.243860501074342,-0.449268500429184,-0.00942149348044774,-0.100134189238847,-0.434025655193578,-0.285511285677941,-0.110979652662559,0.0550861613827637,0.358853075510342,0.290286207501452,0.43278765738902,-0.391755274135026,-0.260550175885603,0.412784844265226,0.16076527848429,0.180405503596277,-0.124179728496816,0.255934245372479,0.471048830665497,-0.378172005661421,0.238067143219362,-0.22422669495325,0.178963027671936,0.459682452300176,-0.124986761615937,0.4416834274589,0.0454166165079163,-0.139169715291673,-0.173873481272324,0.0294478465434651,0.49457102990918,0.269773510363589,-0.0260374498170492,0.45162868926537,-0.197421904564185,-0.33457869725491,0.369232898639809,-0.409928623225388,-0.275610994580823,-0.151973961116934,-0.287909963805736,0.0543501392645155,0.600755239742039,0.553526669802874,-0.332157801388917,-0.393911778562638
-0.150763108932995,0.737875605226293,0.0824274662091562,0.799422482792452,0,-0.244191550690146,-0.262393904826158,-0.0545821080059738,-0.174569315493002,-0.416974927020429,-0.458463045101216,-0.165769464711946,-0.118946774350137,0.396978996673201,0.246876588410187,0.139229808235723,-0.0739865919490083,0.128173282067761,0.114962497655082,0.0651710293807777,0.137101455660616,-0.0869304273568659,0.53638924869981,-0.420640531305668,-0.424996847795885,-0.190217715602721,0.323769026211818,0.341070780432852,-0.0256959802090456,0.243789319355392,-0.209163485588461,0.559573819331512,0.513616357289202,-0.0730877389209472,0.0807819387173588,-0.0389420414091765,-0.275225910532897,-0.19252621489949,-0.176383648338263,-0.618543048764265,-0.451556124903965,-0.203859391620395,-0.380149542421169,0.0980546328645453,-0.0119592230929833,0.386486700887961,0.422643374760812,0.445831357429564,-0.386121120144788,-0.373045905824175,0.0972231777098492,0.483139404269071,0.656836509558819,0.816372670071484,0.0747600077698508,-0.285450303002508,0.0948843190812541,0.0383693629001907,-0.398613477987949,-0.367435214381951,-0.246838189117237,-0.0735466011845142,0.304138706560157,0.266638209150392,0.330279258270604,-0.355976901954754,-0.303479828122245,0.326915371872687,0.0494686659370646,0.170196642925789,-0.0708280039210098,0.0940797130669975,0.402516294901301,-0.42478761333377,0.111816081051541,-0.300500160173227,0.047799542376339,0.345295134090143,-0.196003127175101,0.431308220833117,-0.0802709022711857,-0.232483739380653,-0.234382052850832,-0.0489539446029524,0.353301569926572,0.212896008680899,-0.158437429848124,0.268371898557427,-0.215557534604865,-0.397392099560008,0.369526767833972,-0.426659346656481,-0.314259843546448,-0.207129684022802,-0.430678496618999,-0.0623750171813173,0.403772589337079,0.368469669396634,-0.258889650268127,-0.392314821724183
0.393295734154858,-0.182379266613884,0.571950717971838,-0.423583283156353,-0.244191550690146,0,0.422658810433916,0.574906496522438,0.579748838679527,0.36805846369285,0.289364059576174,0.0660830572431801,0.0962088910813353,-0.274324137205941,-0.264271059064809,0.119182699280105,0.141571106295824,0.193247366421594,0.0235852630463982,0.161365624806059,-0.00562308556351439,0.0597587130482298,-0.395525380013678,0.213682051165753,0.306446808048904,-0.00746394222021929,-0.3376859178264,-0.37329966116451,0.0986125349175952,-0.331892712689516,0.0585317922496352,-0.30439211097263,-0.333471283709978,0.194770511117222,-0.167492141311883,0.207293300701794,0.128039164963691,0.303229755483364,0.148319439766502,0.388531082755932,0.29342902730839,0.0218262503174363,0.131900405565682,-0.0403637972770577,0.0697653524860599,-0.441831249559447,-0.390039497014011,-0.43636145004833,0.552210706051528,0.292787810987461,0.01259233316904,0.0908761389806418,-0.382682599653854,-0.411560532077555,0.62433148675784,0.811762349063389,0.448967663053071,0.475607564339838,0.200966851283312,0.142185882160507,0.0691253411035781,0.0490414018211527,-0.276831610307406,-0.224226296575545,-0.210364907798323,0.163567134101621,0.224892942937193,-0.12499274942881,0.131451194187217,0.155103484362946,0.16637040538862,-0.219241181305525,-0.317582496346945,0.265426393463599,-0.161287921681671,0.0876621022399011,-0.0196611074071437,-0.461499895217223,0.0356905410863257,-0.282667395596623,0.03858394304277,0.167448426873286,0.146713389555447,-0.0344025505664372,-0.347085518564638,-0.403565902704423,0.0116511190223065,-0.422543525112934,0.292124318959082,0.225122517346651,-0.355255987188892,0.419644053531988,0.197841958091477,0.128832599163699,0.0765793920512612,-0.0965570263727444,-0.416430992096998,-0.421112519150624,0.518891792596239,0.250230686736851
0.392407063876045,-0.0649407477374611,0.340589524037223,-0.288366231877478,-0.262393904826158,0.422658810433916,0,0.455105406435995,0.440241374277752,0.231547297485651,0.131850659323628,0.0367457806313026,0.108866210791682,-0.233920542314138,-0.185998099990852,0.293702552083558,0.104058841252464,0.0769750571866621,-0.0697731796243886,0.245011283161937,-0.144444214092063,-0.0260787442865233,-0.259923708211026,0.162761452660236,0.337846133089181,-0.102046879102652,-0.208255230084292,-0.38218564069141,0.0366271703731094,-0.231466592987635,0.08072507739354,-0.145315096946027,-0.273197365146139,0.0764045639684883,-0.142632132350233,0.267319249343923,-0.0247564280617682,0.345233025556283,0.124619708750161,0.448675572459049,0.199503149601645,0.224309503687207,0.0936358425282157,-0.128449351723577,-0.00511112465212853,-0.295138189086673,-0.221955286138028,-0.288040696436709,0.373032985743051,0.250616201280523,0.171174969162488,0.125335874984014,-0.0567247785700891,-0.304593610728213,0.308485378028036,0.451876002969835,0.445107994345949,0.387508391802529,0.18863320032034,0.173929268339002,0.185656443774502,0.118177876638105,-0.20336090415667,-0.250035901297147,-0.150898992339329,0.00255857444440999,0.628808653398283,-0.0250226022810656,0.0426800203487842,0.0719539943664805,0.142564774492854,-0.0608309185043229,-0.198344915960896,0.386834047845136,-0.0111823778632612,0.184881576497386,-0.00481318296206546,-0.242733057776711,0.0284015144578384,-0.106083714793223,0.0773836340504637,0.0135374247820614,0.0385157219005836,-0.0559043693632504,-0.176063596324437,-0.341877873020515,-0.0186259274990143,-0.244944917852178,0.24381585598612,0.23484833717448,-0.221323391258559,0.389054167104129,0.303480341995967,0.218938457133049,0.141627152088181,-0.0163775063627021,-0.236401457465992,-0.20460505484395,0.362989171508812,0.225106460818713
0.174857255314934,0.0429187873152764,0.517157728013821,-0.199256089566879,-0.0545821080059738,0.574906496522438,0.455105406435995,0,0.723755067308867,0.328633469801465,0.128766517160162,0.039447024137399,0.0549123406935314,-0.00978782107505806,-0.0347321422098675,0.153542423356119,0.244822799802385,0.545295302848751,0.0790170405001536,0.247926421210145,0.18253425781155,0.23841922211469,-0.0564550544677677,0.264251117803987,0.213889020733328,-0.087904301685344,-0.114953244329525,-0.351126572801435,0.077771127061567,-0.0520967311081955,-0.0323058383114148,-0.34222666641985,-0.367464154917241,0.436226435559006,-0.0329880413629768,0.252072322293468,0.0158274923225633,0.206892409497776,0.101605586196489,0.228066079347914,0.306634380314245,0.330015181513613,0.129126018151464,-0.145462965668241,0.0430719357829494,-0.230752700008878,-0.202338900849766,-0.208335507076691,0.369175955382652,0.276820720441744,-0.0904249623652082,0.209537944952183,-0.149622712058789,-0.236843472908515,0.669576498734647,0.497422246433974,0.744148743311312,0.786188231928129,0.241551802597534,0.216635491952434,0.137127063329723,0.0339764337344594,-0.128875182693985,0.0206419382775384,0.0394462696866197,0.0927363051108366,0.27926337124161,0.113603158886313,0.377490841632474,0.501863614882529,0.275818324835409,-0.00936145347173697,0.0385828112456452,0.264530871666881,0.0862438124365737,0.25522175930063,0.0704595919982941,-0.143517315003574,-0.0564873569613657,-0.346832549662571,0.311549620416027,0.25073841567793,0.141351235047665,0.0896940830747233,-0.122741227104337,-0.313581393813694,0.0591313610301111,-0.185280078147062,0.288659111865197,0.285948917539565,-0.337742454228299,0.168266443790536,0.0416632635540524,0.23346892277967,0.0367818571224303,-0.14028301356497,-0.221352210213212,-0.208130328995026,0.380791561052988,0.259114551739982
0.0662078552091128,-0.117149625319479,0.446062467467558,-0.302733424040708,-0.174569315493002,0.579748838679527,0.440241374277752,0.723755067308867,0,0.418418121179349,0.242711613694554,0.0416547365047216,0.088050158734239,-0.0457235051748477,0.0190618909891369,-0.0173220961176535,0.157792955753514,0.423801804064244,0.0396189063011897,0.342668004169775,0.0681306094277611,0.211088730293466,-0.111963906145788,0.340409654419932,0.246093692970128,-0.0187896580455677,-0.0905754183135176,-0.270192419419391,0.191623710337874,-0.11975623838728,-0.0211272213608882,-0.434326282782168,-0.466740433373709,0.362650677603527,0.0290969950200753,0.52213849693466,0.23531203188129,0.19690023241557,0.107888500206359,0.322206543010711,0.508794560003595,0.319932089013704,0.207825472483329,-0.00502168596377136,0.110563719622084,-0.206600324690945,-0.174228825283868,-0.162679472864737,0.506500726040287,0.484523335095428,-0.17745825973854,0.0563835884177864,-0.313559370026578,-0.331406413527297,0.620285196713272,0.567392581187839,0.545156765055545,0.789112111417144,0.329249296205579,0.292290276338007,0.182859153027108,0.0485060129194376,-0.0793568615219563,-0.0378134410892489,-0.0410227295494942,0.181953420607037,0.379070847456187,0.0304294750941342,0.298139156902641,0.363797928640349,0.235107524600884,-0.00118008133599543,-0.0628487063577759,0.437415209605527,0.0394481156498235,0.291969614789785,0.169352233288518,-0.188823192413216,-0.0487645835082638,-0.417824668748886,0.175385825674623,0.329056163977406,0.305692743159402,0.159083257365501,-0.112627925096114,-0.296025145130477,0.224899132801839,-0.130802524881755,0.498262771804548,0.494187999703907,-0.400610655149361,0.145523784252832,0.134075748813321,0.22495918217582,0.133817962293879,0.00976255875310159,-0.186889050370027,-0.129672382661221,0.534245643087555,0.461632013468968
0.11486060760895,-0.404822502216055,0.170280656821087,-0.505913693603161,-0.416974927020429,0.36805846369285,0.231547297485651,0.328633469801465,0.418418121179349,0,0.195490720533913,-0.127273880530438,-0.190564463371576,-0.443336828397237,-0.357030029437272,0.0761978342895709,-0.155457810724914,-0.052530281713111,-0.306154796582678,-0.154260679484382,-0.200114623875965,-0.101905146405494,-0.443256629769731,0.322253243228221,0.607819992746436,-0.0667149648618887,-0.360236658717949,-0.285764595009152,-0.0691523757820254,-0.356065759918162,0.275658518570973,-0.320594533351747,-0.305245661720505,0.0224647819832497,-0.203117832771509,0.128376497693803,0.0894202172723499,0.208711847731177,-0.0423778859934003,0.416433675537659,0.477448620502393,0.31688164806589,0.0972954074804063,0.00905860211783795,0.147369753102529,-0.448599715044771,-0.457745804088276,-0.474183379810897,0.405844852122908,0.30113319826435,-0.116543609605664,-0.244747167613822,-0.536354658814542,-0.586276104723652,0.271596706758607,0.355251073945958,0.105923766655592,0.251378141827859,0.614141474970978,0.231990214868523,0.0139091012630863,-0.193368657355678,-0.389368221666855,-0.389539628018049,-0.38252838852809,0.177181204241814,0.243404563189858,-0.432336570113121,-0.107554153154673,-0.0682540666488446,0.0758930493929467,-0.195944558829523,-0.392951581888444,0.427817037379566,-0.258476398531668,0.369063343033444,-0.155325977617711,-0.349931078084571,0.165221925085252,-0.345989774015822,-0.0303153546324552,0.166556866566575,0.280643910445097,0.0143564481192137,-0.385808804878838,-0.294649806505026,-0.0359437319001479,-0.295582406130977,0.100357496046729,0.422467253706263,-0.409753095257821,0.272252020049192,0.149668638484578,0.419577887300553,0.217080815363045,0.0202677954524783,-0.44593457021035,-0.448129437054858,0.280119352767271,0.34742863370564
-0.018945938590987,-0.471568937489491,-0.148230773680916,-0.401597215942537,-0.458463045101216,0.289364059576174,0.131850659323628,0.128766517160162,0.242711613694554,0.195490720533913,0,0.669254954013562,0.412608808509124,0.0378651567810663,0.0744802401288727,-0.186626540954752,0.44614216332307,0.25403030534242,0.276164493584882,0.147141176857963,0.111115319017391,0.399996276469566,-0.135868183031929,0.645603870963422,0.164093410072143,0.542269058911524,-0.0819632996097094,-0.17407023393461,0.336710704095286,0.0843774314541802,-0.253552626808621,-0.505070224469907,-0.457406676958879,0.418261631305855,0.145014980900454,0.179536582477254,0.479612130248549,0.134810269620936,0.328963966983491,0.397573734936135,0.466257189011495,0.0499802434398561,0.667007965886142,0.0507296341603177,0.224104100113311,-0.0890863618916474,-0.140148371852032,-0.103543411626217,0.258849215104961,0.490346931997443,-0.264239461211814,-0.389898277996494,-0.406816723712663,-0.348378116327133,0.0691197628033041,0.210611731853544,0.0271210696964079,0.129810662888546,0.117690585424437,0.611591574348608,0.584557495838705,0.374056583594187,-0.0981602763263494,-0.0792937154732191,-0.00297699658592055,0.153297797773151,0.0531165998323778,0.00383179861955454,0.284799124380547,0.157981012817424,-0.00963505879091209,0.067226320108636,-0.160408720299883,0.33037405783573,0.179830901303572,0.359580535762896,0.215088184185101,-0.133540517231155,-0.189240274556855,-0.357533343330148,0.195369721010211,0.431413229557009,0.368777892137152,0.269167730032746,-0.0845697741481093,-0.244553364966947,0.446086922228053,-0.0400160043817098,0.461479827156131,0.311979329155197,-0.289593678309638,0.286002404003929,0.278161479240229,-0.0525713726529558,0.480897449642167,0.150643271086816,-0.0752755463697061,-0.0669960710844469,0.159529490352282,0.434248756779431
-0.0719346743226789,-0.15157379487988,-0.132456539500133,-0.0770071529474635,-0.165769464711946,0.0660830572431801,0.0367457806313026,0.039447024137399,0.0416547365047216,-0.127273880530438,0.669254954013562,0,0.563710890502321,0.248684090656036,0.268625710216904,-0.147858668292659,0.489729737186923,0.371615317793089,0.286842540358342,0.203255615422135,0.210603336966233,0.417992451241306,0.159355828401159,0.499856720977042,-0.156618197189617,0.576813099940964,0.136539032751796,-0.0817604004303803,0.324902359346871,0.315010460319334,-0.312122737794943,-0.275181114738503,-0.278539849786539,0.386858758609055,0.180753909670403,0.144717174261431,0.332120147931232,0.12576516415939,0.389174638168872,0.161929240951309,0.227687226474734,0.112277307160535,0.637917930319899,0.108643673287122,0.177465190069497,0.202511851591824,0.131713652733142,0.184386873000634,0.0544260683922478,0.317507027256677,-0.268009644952909,-0.210260923183274,-0.140119315359134,-0.0464752805102396,-0.0330292394879678,-0.0539789536386741,-0.0357610996690484,0.0437285529048909,-0.170019244723564,0.598574409883248,0.689185414858069,0.49594775279706,0.137714872389248,0.165990191284365,0.269540532554884,0.0513392615869475,-0.111880531570033,0.214629221741149,0.350128290018911,0.280682686564397,0.0188020799940947,0.209597521955127,0.103278797793857,0.114781985078149,0.394589902402419,0.317836384937158,0.292351267325756,0.0560335854939294,-0.354590476318989,-0.232258430771924,0.228201730195016,0.377714259582092,0.233946578314783,0.271544561275732,0.170125401104351,-0.0464971202065765,0.383422567433544,0.143072851463994,0.414955390729866,0.104013083846588,-0.175825155106139,0.0688297338690054,0.184394604011924,-0.0222526317108485,0.377489651911357,0.137195863787089,0.232939408554998,0.209958985560494,-0.0120439192346995,0.276639552756439
-0.0817902110597033,-0.0830216108709333,-0.0744033537091542,-0.00245465755154088,-0.118946774350137,0.0962088910813353,0.108866210791682,0.0549123406935314,0.088050158734239,-0.190564463371576,0.412608808509124,0.563710890502321,0,0.363855064640981,0.312667172864801,-0.288031854753227,0.544837455882277,0.374535118463677,0.422335351214786,0.194207312272541,0.1911292668964,0.454748161737731,0.168926189710876,0.177392983512548,-0.201668286972178,0.237326755710856,0.242360024163698,0.0496428307124266,0.44129373819792,0.288497806895444,-0.34331563783714,-0.231529320521022,-0.312007835281119,0.363698045251725,0.308248873749491,0.149265240460805,0.387281910098363,0.196576384050721,0.482828600488755,0.114395465796863,0.17140220958591,-0.167641058233697,0.367015773365714,0.197863542851096,0.228086527054491,0.264454999744994,0.198140315490166,0.20578165656158,0.0918361602756239,0.253201327429588,-0.339090094750827,-0.171575436242084,-0.0560736533546794,0.0307904517555086,-0.0965902608722755,0.0351970652330505,0.0404772650029929,0.0592068377385389,-0.283117769505327,0.290092915039574,0.438002934130657,0.762631945657281,0.299264787852561,0.136569567930405,0.294106790835356,0.0818242216151317,0.00133944425950335,0.361004525310814,0.399199896471251,0.299049705440246,0.00593695017015416,0.266830692902022,0.140164557767051,-0.00900673716631463,0.309843329760285,-0.00587009651028701,0.464796882682653,0.0892117635156814,-0.249386817142976,-0.235704491367897,0.208767470924705,0.276943926173763,0.236611008132923,0.306417111772027,0.247359307955018,-0.0301853399265598,0.411792377618852,0.152394907672026,0.353518150884501,0.0335605170436013,-0.159788434734759,0.140085328333412,0.278850791834715,-0.207271972589818,0.0887935323249029,0.238063963168901,0.265043444571699,0.231034089693428,0.0882329162112854,0.179651760852171
-0.395944238283145,0.275184161529568,-0.225680373501007,0.533549562276574,0.396978996673201,-0.274324137205941,-0.233920542314138,-0.00978782107505806,-0.0457235051748477,-0.443336828397237,0.0378651567810663,0.248684090656036,0.363855064640981,0,0.653641061188675,-0.21694399400458,0.44414682807958,0.522191396988472,0.654758905487047,0.181505458278121,0.485135515929598,0.579368824364261,0.764298417557677,-0.000498985891781625,-0.482529781485676,0.228155795737865,0.724279790884401,0.509222605908781,0.377638032224962,0.627291769680033,-0.449368929116814,-0.0173027528354989,-0.0739276722885973,0.478092992347339,0.590615090855454,0.119131361974702,0.222344696034901,-0.0961985639092324,0.173245137959072,-0.325667172573131,-0.0189224083063943,-0.0334754080592722,0.189791719384545,0.281598812710866,0.172968833280092,0.69690887901043,0.643186674077171,0.709936765123311,-0.211145090994179,-0.0163561829654991,-0.34915694044168,-0.014208754032211,0.314363461615464,0.55246241765141,-0.154612909183406,-0.32557916852871,0.0338355954717953,0.107662099306907,-0.343993901201659,0.0631029184659234,0.222350061800864,0.399516400418225,0.585308520269256,0.511765310800309,0.692679809133139,-0.24285304453155,-0.220886291301619,0.700178998436977,0.573868505262929,0.425266024471657,-0.0827485696393459,0.550935551468899,0.662243188582105,-0.155100556640758,0.474379953432969,-0.00449714790560791,0.488805794775451,0.567749022638662,-0.352492167620896,-0.0386617540687536,0.354947148832998,0.154072538837061,0.165669219521115,0.433895290001394,0.685996731570458,0.249675329939039,0.339609376068387,0.628063703346095,0.0914010926475387,-0.135989211608981,0.0211686154123117,-0.276456446679805,-0.0350047985134231,-0.196249640031004,-0.0250043927722435,0.348538998838602,0.687219751562665,0.65323621543424,-0.157520837832422,-0.0872485231087769
-0.338690893285705,0.213484208379568,-0.167287217787468,0.383652946996124,0.246876588410187,-0.264271059064809,-0.185998099990852,-0.0347321422098675,0.0190618909891369,-0.357030029437272,0.0744802401288727,0.268625710216904,0.312667172864801,0.653641061188675,0,-0.296208516457692,0.365030441641676,0.39159349602397,0.436637356387124,0.393921690766261,0.51352076554508,0.459372903331359,0.502899263940661,0.00379926956216125,-0.488365118989013,0.189269829913294,0.560590072349701,0.366389013799626,0.478967192412265,0.474214383115062,-0.391120487119273,-0.0578671272420359,-0.139779436475286,0.313308266528343,0.365951247348923,0.24187191568347,0.250632390843099,-0.115014919032173,0.188355020637307,-0.258119582747715,-0.032170944410257,0.0189447671826241,0.16573090145807,0.167511583508982,0.121271153120669,0.540322109762353,0.43753482615867,0.525698934547637,-0.121556922334774,0.0813747597013932,-0.346610162354915,-0.0354822403813145,0.225957303741312,0.411465176151282,-0.184561295886049,-0.331649642851761,-0.0204662419366752,0.0853382718216873,-0.301089250168545,0.0595369109079116,0.202605695467748,0.217778011933678,0.387679615639761,0.48092177182146,0.610172473679374,0.242437538989595,-0.176473111189388,0.41628075664867,0.388186362406434,0.370012333815127,0.186181001180153,0.357517817676141,0.456482757284298,-0.0587972144636736,0.272392155342023,-0.0441112315633954,0.592064602569223,0.388592913921042,-0.295416588332994,-0.116065466760047,0.158853882876762,0.154647458172959,0.114272142318554,0.306105071242155,0.529558010032281,0.271167346881637,0.400122873525105,0.523785379542535,0.252060204647817,-0.104952565288305,0.0543289080815437,-0.301563290928267,0.0282489569226297,-0.186075686691776,0.0275345264394848,0.245525071763904,0.536504717393736,0.539322220356066,-0.11341482047022,0.0312457698506761
0.395159519991367,0.226520451404736,0.297462220422799,0.0557214782229192,0.139229808235723,0.119182699280105,0.293702552083558,0.153542423356119,-0.0173220961176535,0.0761978342895709,-0.186626540954752,-0.147858668292659,-0.288031854753227,-0.21694399400458,-0.296208516457692,0,-0.12283818508911,-0.0697344392653745,-0.232639740462655,-0.15324489954569,-0.144347552238019,-0.168516248340295,-0.0497310936916712,-0.0241240737480413,0.153139529810211,-0.250029449392371,-0.236112259698381,-0.28706837150714,-0.330890938485307,-0.144387487572869,0.239251030997112,0.288908086848546,0.290045089695303,-0.042528530118889,-0.29453025945982,-0.174380430673428,-0.353239885151226,0.169965435998013,-0.11577845741725,-0.0571911517257283,-0.153674345200818,0.101169444174635,-0.176611751340746,-0.251436649361775,-0.110270920845825,-0.223285031351957,-0.159655978142143,-0.159591476511178,-0.103610454436556,-0.11984861090929,0.505328737560066,0.390314578593004,0.314431784580884,0.0137836150226502,0.216821488067804,0.133150703586458,0.226580664965045,0.0666833246238439,0.113848560932755,0.0208695529322747,-0.0269997582245818,-0.179798757368759,-0.169537581616026,-0.0757007769835445,-0.0970779991535188,-0.212927093763619,0.154120177260059,-0.105630637138164,-0.075637508614063,0.0229073268736659,0.0209963300933407,-0.0806382433531557,-0.0309790347797273,-0.0759953495215387,0.00227548857780153,0.0277500047409441,-0.373005779796256,-0.105740279081769,0.155659613959513,0.22802430168355,0.0348881962325582,-0.0825550402159353,-0.218925541271518,-0.149013065583843,-0.211560754020776,-0.162453668865809,-0.344169886582991,-0.259578021810083,-0.170167568873466,-0.0699139458039339,0.138576591533002,0.016905596328824,-0.0788845494840124,0.129472625082778,-0.0145647871745584,-0.278643645298173,-0.194921827333948,-0.202280366001831,-0.0878823600398851,-0.0992345574638237
-0.0725678616480297,-0.0274286567003146,-0.0190465169715516,0.0322821167655024,-0.0739865919490083,0.141571106295824,0.104058841252464,0.244822799802385,0.157792955753514,-0.155457810724914,0.44614216332307,0.489729737186923,0.544837455882277,0.44414682807958,0.365030441641676,-0.12283818508911,0,0.631334510483419,0.637811560641078,0.310048987175594,0.438548039485859,0.6297673910483,0.236284420228592,0.47376904714216,-0.201847619896808,0.316830101406512,0.224289694989225,-0.0657876656695077,0.486686256946699,0.383991438281407,-0.369859520140057,-0.32931930828297,-0.382778301125492,0.673212059447434,0.270091728536781,0.200545934332859,0.422909380692874,0.0470023403590065,0.326625037214314,0.0459032909731014,0.173503652263143,0.0249939668712384,0.362035768454484,0.0545378691858127,0.135463100264803,0.176604913315431,0.116491422580816,0.184956506858653,0.101072658287345,0.31927688228672,-0.273086889632224,-0.060245142236434,0.0428602268527145,0.0829544016856531,0.0888357501776101,0.0710270550723688,0.234585540262416,0.242655650928335,-0.144835459722506,0.311494407778664,0.421782053857985,0.417622050363483,0.244401416329168,0.275431017382503,0.415494674461923,-0.0103695791096308,0.043188286103687,0.508843298808751,0.62202292596721,0.530741620418535,0.164728277382779,0.292560081212134,0.330365272034004,0.103865804497591,0.465638354535585,0.133138055832665,0.45694866732023,0.155485361025967,-0.27946735013894,-0.296689336688692,0.472563814770315,0.291549451572531,0.198885865374033,0.264029732024366,0.236021650208177,-0.0739901350156727,0.502871759176043,0.147736868766777,0.376083878707207,0.0463981889009984,-0.178255407808241,0.0843347958752732,0.156681819034616,-0.166500300889428,0.123598472624258,0.202285571490952,0.198105108790587,0.193260404331883,0.0701731403726304,0.233743609415233
-0.134317767716973,0.179175373704237,0.197618143792582,0.140465859344974,0.128173282067761,0.193247366421594,0.0769750571866621,0.545295302848751,0.423801804064244,-0.052530281713111,0.25403030534242,0.371615317793089,0.374535118463677,0.522191396988472,0.39159349602397,-0.0697344392653745,0.631334510483419,0,0.504035116155617,0.423825925130903,0.477605933264233,0.648874183144341,0.441683717535172,0.332819290091606,-0.243840400249506,0.204036606003949,0.304520576394795,-0.0493733683703444,0.39961304498407,0.447029853679041,-0.357408653577535,-0.294401425948621,-0.352775002229398,0.794836973984697,0.286835398605102,0.333110006549859,0.270868299017835,0.0724543512515679,0.265841031427565,-0.0387759512347669,0.257694639472511,0.194123411751895,0.339830524333367,0.068868785422663,0.185121467621008,0.272193514895164,0.224329879590096,0.319556546916596,0.148256933673436,0.318949058364836,-0.315937069848337,0.157161663739765,0.052306538708746,0.143520571756184,0.333951978610483,0.115921800748421,0.434689339718923,0.564620578320966,-0.0772690801557725,0.337163618915652,0.368891422891321,0.314188053559778,0.26863118474021,0.359631981486202,0.486772412505969,-0.0709548743209599,-0.00536595774798253,0.526466176819761,0.752576505111672,0.814974622062772,0.198600014944445,0.383704458766695,0.509292086352523,0.061389938406042,0.466168410058954,0.221468601032322,0.414524032411312,0.194555076138128,-0.362341803491194,-0.293118005508733,0.518604846484148,0.449391613969133,0.260700602651659,0.391525423448625,0.311295603778067,-0.0178746197491246,0.397624681699553,0.203898785911462,0.442725297531605,0.17216652082213,-0.218901545353881,-0.0490624119335511,0.0379611871602813,-0.0446899602800191,0.0467943424007925,0.0979857231732654,0.283527080938229,0.312241980351823,0.179593772306023,0.293422107469378
-0.227689952008488,0.044849557256896,-0.147348457167019,0.181088095634714,0.114962497655082,0.0235852630463982,-0.0697731796243886,0.0790170405001536,0.0396189063011897,-0.306154796582678,0.276164493584882,0.286842540358342,0.422335351214786,0.654758905487047,0.436637356387124,-0.232639740462655,0.637811560641078,0.504035116155617,0,0.292414441293779,0.470873389305753,0.610645789591714,0.352863184106651,0.146443414664872,-0.386499617983067,0.300827152884298,0.403644500628142,0.164955934588393,0.546205907732459,0.404990220397197,-0.512155949860561,-0.214627717901631,-0.257785247519941,0.538398567073784,0.434654867134421,0.16289916146752,0.37845384726803,-0.0423870425329196,0.223427088330688,-0.128679431913483,-0.012626522740571,-0.176500321034153,0.24347465889621,0.164058201405246,0.155369593408454,0.303536913860271,0.250653896884734,0.334986359125983,0.0962857724578281,0.109466667308538,-0.329389027960278,-0.124701874162905,0.116224566282792,0.275279885376635,-0.0145923196754135,-0.0367011967012373,0.0976185701450494,0.122688103117261,-0.264576348154514,0.145087308422983,0.23135251145025,0.424971875071297,0.358279506035285,0.387969074324999,0.511563884142414,-0.0861778267887297,-0.0768131401002295,0.686396684420184,0.572373283717326,0.383641183139958,0.0037364348833382,0.383378648876844,0.424558506459895,-0.0442452355178826,0.42604090125174,0.026189438520259,0.539711966418234,0.250666793418959,-0.411821591947685,-0.191237852460639,0.391634063221425,0.118913703990214,0.139357727950562,0.3261459784248,0.379078906842851,0.0101646501146121,0.454855393326658,0.300009742925758,0.194222735904228,-0.131162703697456,-0.138519557918152,-0.00343236429776639,0.087766982477091,-0.302737532619148,0.00346073371087253,0.233638254427586,0.329006707181593,0.297074775017178,0.0865479264069485,0.0439976473187026
-0.0224705321604437,0.100217528233927,0.185508805167301,0.0310178154895223,0.0651710293807777,0.161365624806059,0.245011283161937,0.247926421210145,0.342668004169775,-0.154260679484382,0.147141176857963,0.203255615422135,0.194207312272541,0.181505458278121,0.393921690766261,-0.15324489954569,0.310048987175594,0.423825925130903,0.292414441293779,0,0.342522948474649,0.311549040916089,0.13543073212039,0.142216722315989,-0.194540417451875,0.173806719388255,0.192281449055606,0.0375055134498074,0.510791301670653,0.057779134254821,-0.292688175328112,-0.0987328911025497,-0.213939344316329,0.270787173516785,0.151471716710196,0.599668129102537,0.331370556028202,-0.0699443093284822,0.00267469768090029,0.0224305516862859,0.0429218223889885,0.0793799572994898,0.110843839313474,-0.00388228102873889,0.111241422812153,0.0724104988314328,0.133884373110524,0.155740368283523,0.225242786035792,0.247996710162198,-0.0962531832364424,0.144553204930174,0.111136711372744,0.105037867933353,0.203492577549399,0.150310277486274,0.197138388122835,0.323245550215081,-0.115714790974111,0.101768684286031,0.193183225622103,0.0818879043448934,0.152296649618122,0.151886095742379,0.294345721873336,0.0680193723347067,0.13025795799377,0.28934750625524,0.338966382271355,0.453196540786376,0.393968007673157,0.168689687786544,0.204092604201019,0.177647571726738,0.104076811215539,0.034656831429601,0.51848004872189,0.0190142435971892,-0.298335939109867,-0.099885101318643,0.210070167745974,0.261624012095692,0.17850762354745,0.220226194617015,0.253236199665431,0.10258896144852,0.429894279249046,0.149249850872319,0.602728730173674,0.0689972774807727,-0.0319738727483553,-0.00493526050119922,0.101681912454713,-0.152644292703913,0.0192884356670935,-0.0698863617339519,0.137356590020056,0.250682423483725,0.235142050958233,0.19030122080486
-0.241741394480191,0.123583993277047,0.0258227102102373,0.137478077476553,0.137101455660616,-0.00562308556351439,-0.144444214092063,0.18253425781155,0.0681306094277611,-0.200114623875965,0.111115319017391,0.210603336966233,0.1911292668964,0.485135515929598,0.51352076554508,-0.144347552238019,0.438548039485859,0.477605933264233,0.470873389305753,0.342522948474649,0,0.389978580107953,0.255920338299491,0.184290365239339,-0.330290849745302,0.167164618248102,0.268246866766066,0.188451776401039,0.339180182616299,0.26074983034585,-0.306140094935341,-0.152981298643603,-0.157182065506108,0.366905662315455,0.150102773644737,0.0971968599184522,0.12387767231941,-0.0870260395726039,0.0701749520014419,-0.162406827889046,-0.0407428177205476,-0.015764820765034,0.0217490141678319,0.0478178152444799,0.0672166217591796,0.237777173063725,0.115771267061791,0.210681324804454,-0.00342530854434556,0.073249704603202,-0.313491056074797,-0.0164039207286767,0.0650376643978251,0.153604533474437,0.118479224236136,-0.0648950095151836,0.0830247528029909,0.211549188330446,-0.130100604207741,0.0216533091888131,0.0767182008273917,0.092738599580485,0.224183823170021,0.424863350205205,0.58225070113906,0.121757181742134,-0.115080204383956,0.34875886037069,0.365315098025776,0.426084638658985,0.470371470645574,0.173722433685921,0.406583844132952,-0.0424677845909654,0.229052460821398,-0.0520218895401162,0.365407410725054,0.199805519643606,-0.261614714361178,-0.252563549253971,0.245433267525774,0.0926500136415007,0.0400856205405306,0.208013838645438,0.286160450571158,0.168414640681564,0.199111105680832,0.181055569389366,0.141739912710027,-0.11409269008002,-0.123242087606404,-0.130065337248336,-0.0481714853282738,-0.178500783631301,-0.086040267593291,0.0293329473472279,0.216931805937678,0.211253863993378,0.0125501762576565,0.0518884670037813
