0,0.326585852378656,0.33147785900851,-0.0834785263259579,-0.121136539295603,0.126393102108746,-0.0251607624781874,0.0132220062564541,-0.0768963842632519,0.271887539779648,-0.214813964962545,-0.177636804079542,-0.165486389359196,-0.194158449692839,-0.0964783615435337,0.349798787024868,-0.121879469948319,-0.0789244710653471,-0.285969209052829,0.000341166336247663,0.0546057810209478,-0.126509297278387,-0.225930765598645,-0.172222445438882,0.280934052842599,-0.201909020360851,-0.00164003678534391,-0.258424971800366,-0.205243298804927,-0.270959616943465,0.0130191049075534,-0.0716982128945181,0.0441816470839641,-0.171479659695118,-0.133485747778351,-0.151634919020026,-0.23647242653108,0.316920035337144,0.0492343667445109,-0.070681602681701,-0.299015512860517,0.104269231092531,-0.0670834756803779,-0.0387752327084182,-0.093102055557933,-0.214626528395004,-0.323487755033573,-0.286255323866781,-0.0588383668153162,-0.241930555110033,0.489996574524644,0.464731038704614,0.0354195833218475,-0.0344696825836476,0.093243286318743,0.208414789478127,0.11206864630046,0.0993171671729249,0.144609735233777,-0.191431980442097,-0.247120126306222,-0.234926226451443,-0.328831563660836,-0.109894521264571,-0.237793636238637,0.237985645528668,-0.0311289476599286,-0.268311013425282,-0.235421857550197,0.155647405563418,0.275090174525768,-0.173467267406739,-0.0848829641363047,-0.0710320197166631,-0.178106347091668,-0.0778080574034208,-0.223533303944335,0.00136744658671381,0.0725615707941535,-0.0906843976321135,-0.237994960610742,0.0767656147962862,0.00587600188638012,-0.00920411143050314,-0.0628543904535732,-0.272638343887122,-0.230244624248144,-0.0922264688253369,-0.0229730191241447,-0.165635634742176,0.0728845228874655,0.322505889232106,-0.0680314386561167,0.0648398099719722,-0.0601110327341969,0.0119222605887066,-0.351286927180149,-0.235026386096622,-0.0581888252162102,-0.211628411555055
0.326585852378656,0,0.61137473989689,0.0899652528580321,0.24966640620774,0.410160056134369,0.0131504020633777,0.168364794251447,0.125195713630676,0.308277312190682,-0.0577657234054167,0.032240932531221,0.0557234923696543,-0.121677103995843,0.0722107967025439,0.180430958075047,-0.0070579324290157,0.0773367920456382,-0.21939977718094,0.0956721370613031,0.169887952596123,0.157048544338374,-0.185067905284609,0.0507751791614295,0.18979120544852,-0.0996739789897328,0.124927095052111,-0.27518252200577,-0.299611531632662,-0.0869656705333787,0.0097364264705356,-0.3989129941306,-0.233616816472563,-0.247372801586201,0.108916363604901,-0.0175815262704945,-0.336392874309038,-0.124287827885755,0.045102185669602,0.0219740682143814,-0.254042028069051,0.15410516065485,0.034774501504283,-0.139905055334945,-0.0251393686416251,-0.115500542494012,-0.196615381130639,-0.211147751860802,0.0188299292322369,-0.29872805236624,0.180970069822664,0.649488884428483,-0.157487167475988,0.0695394005473077,0.460849082382845,0.404892682606384,0.280552911437984,0.192175641702343,0.411217013296306,-0.0485683657343508,0.16438056372031,-0.0677779527988233,-0.171639549100872,0.0466508507482414,-0.224355605980146,0.258919075650115,0.19078730725658,-0.0745663746355304,-0.227547377338656,0.177045762077281,0.31181280253131,0.129169482884464,0.046129143267198,0.337376250054522,0.130165615509798,0.189539613171998,-0.24758351488303,-0.0277225315139814,-0.0622483070732101,-0.343150747982522,-0.0534465270765316,0.0339335484377055,0.200961521133016,0.1951901804481,0.143374112754158,-0.177911222103362,-0.279987397903233,-0.294603943722169,-0.0689190073552587,0.0972066235805701,-0.120928406116416,0.37132698132608,0.194708013020685,0.269629755818219,0.292438659717993,-0.0691261761821895,-0.248259160008409,-0.216712317297551,0.136945101807884,-0.26871972067316
0.33147785900851,0.61137473989689,0,-0.231563098205179,-0.000135179083878534,0.704630347553185,0.212557683454548,0.350466461332418,0.270956096311354,0.477137721332956,0.174754092310518,0.284235370980213,0.158321361692154,-0.169878798996831,-0.0556101501591727,-0.10716111066264,0.119414650181389,0.114956113271171,-0.179147334407077,0.118268458836077,0.152482881675042,0.304730482302449,-0.183797305662218,0.145318436199332,0.321654081514953,0.154543343703811,0.303710222567567,-0.253821516495202,-0.271785508487067,-0.226641683841662,-0.0101118088994795,-0.495918474823476,-0.273737061965331,-0.15886152777551,0.231009109673693,0.0134902586566671,-0.221238301313912,-0.191479168173758,-0.0389404141087897,0.133405582820519,-0.148447180789178,0.193772774415452,0.13667376640839,-0.158065095670225,-0.033955912037291,-0.0199845272174723,-0.148605661347695,-0.104813064014802,0.349190602168918,-0.0880654212436975,0.201710823941806,0.724624171948815,-0.359643143150114,-0.200239871202743,0.659491004176271,0.746424512931045,0.43647395856439,0.28459818314746,0.541185988668571,0.216236364830765,0.366381417531266,0.0209392729562349,-0.202952712718762,-0.0689891342085206,-0.187117157559341,0.104957929951778,0.329760230567971,-0.0260536646300006,-0.119850417710559,0.23947518653481,0.316948055352804,0.285143961766841,-0.119026722814849,0.365278094569033,0.245341701700005,0.442574840074493,-0.272700993716734,-0.222996155452988,0.00263654090533481,-0.462559456480155,-0.0715805644205429,0.126099563850284,0.198421767711867,0.299990313321027,0.31643163336168,-0.125616587920196,-0.243369007549488,-0.36999142210553,0.0818078168334904,0.205523894074653,-0.252431609576331,0.47777287093015,0.0777422068879309,0.297353308669266,0.463180646841582,-0.125011377630842,-0.230854058528344,-0.152310618652733,0.45134068762522,-0.0255266579254403
-0.0834785263259579,0.0899652528580321,-0.231563098205179,0,0.46214032463319,-0.23379717878102,-0.0625265252021891,-0.0601048786968776,-0.105258104504372,-0.214699036165283,-0.119809632019786,-0.166548470390925,0.110620687062639,0.22736271740654,0.0524915194070189,0.233231404746829,0.145186610653542,-0.0322646143390415,0.241488711547704,-0.140217284347234,-0.188462950228064,-0.0918978297199919,0.118672550151064,0.00839808478092829,-0.163397096973878,-0.103501387055576,-0.185809489531073,-0.066929779977916,0.156554261978271,-0.0197133177972173,-0.0200200734026407,0.356361870528067,0.131748814692825,0.106458299196132,-0.134972815975873,-0.0723593562865152,0.1285144073363,0.192773541555465,0.036256607505101,-0.164849786700452,0.0386669000817959,-0.0964180530767653,0.0477138093933218,0.0789705001399564,-0.0244664506269851,-0.124857466060866,0.118263453983451,0.0427864266479999,-0.133043082604584,-0.012740500980519,-0.0599720099468455,-0.251003479673077,0.184113812872742,0.393109078791828,-0.151600518996342,-0.220328217065367,-0.110153177935492,-0.140504163595313,-0.249356016060444,-0.0515330270236496,-0.125685837200158,0.139266242938112,0.224373407151799,0.226987002724034,0.258264265318422,0.00271306624893343,-0.239071113317492,0.29931400477711,0.0657418382433783,-0.182610250698233,-0.27056820699455,-0.06309618034299,0.0400376705395809,-0.198980553553381,-0.0222746837508317,-0.181757319616737,0.1814505653431,-0.0812306703150923,-0.0336834188384604,0.366261962521348,0.0106228726802582,-0.265964814378272,-0.256265350822905,-0.188623915960305,-0.186245429650608,-0.00849687539147388,0.10802673569377,-0.0766781351750831,-0.114057457340204,-0.116600571270369,0.0870747138921779,-0.293448292323607,-0.0374004692173684,-0.216992258243617,-0.26859387071655,0.0854415684879079,0.0616072656167536,-0.0253062979274079,-0.161396787908042,-0.0389321402644073
-0.121136539295603,0.24966640620774,-0.000135179083878534,0.46214032463319,0,0.123521072962097,0.268106464243,0.08649737052164,0.116869399353212,0.0331391933900249,-0.0696755265148758,0.0620239428220484,0.15724473992578,0.0971473492243972,-0.0279410357352163,0.124590611206598,0.161930191133145,0.0897419551885034,0.0566258105131745,0.00737844119712927,0.0170890203278246,0.110604825900541,0.155916639386661,0.0977705466012805,-0.172712844278408,-0.00420427243772621,0.0211631001164569,-0.0315844479601652,-0.0338018582356369,-0.0405978820202168,-0.102160733914197,-0.0532915286586811,-0.103692851276514,0.108038366047757,0.0693546119206307,0.0054214056363028,-0.0750337194482053,-0.15990354864823,0.0929484300143381,0.0988558712911728,0.0659460430099499,-0.158147201226718,0.109254294895056,-0.0165202576046988,0.0523339021024814,-0.0260804996902964,0.0744763897510566,0.0823892134363417,0.0211386939465168,-0.129557770291215,-0.135603317792541,-0.0883543563950875,0.012808632393291,0.371266422108147,0.32358846867608,-0.0208273112584213,0.092547600596456,0.155101727552321,0.0468918317846526,-0.0123437018461044,0.0332673989101687,0.0672691063583656,0.0378003652951438,0.0634906883837169,-0.047279671750049,-0.00481092023854792,0.05480245082475,0.14670754403272,-0.00150103472655135,0.0544671307446319,0.00972902980149599,0.0505646575406846,0.0330663278931608,0.0524279533786177,0.0630308306839286,-0.0751829580618636,-0.0436816019621501,-0.100660626537438,-0.135208948685544,-0.0488030657917775,0.0503144340686929,-0.0399506406223353,-0.041587093450733,-0.0186823977613161,-0.0310379104478167,-0.0886172356147678,-0.0956128878054422,-0.148108660851266,-0.054801617534307,0.00223106283018643,-0.0352139582198011,-0.132332052842465,0.224132145022541,-0.114870684388287,0.0132448625727156,0.00278026126489744,-0.0557697216445423,0.00518110792682649,0.0114924963212327,-0.176851909862915
0.126393102108746,0.410160056134369,0.704630347553185,-0.23379717878102,0.123521072962097,0,0.380381413801164,0.532554008084341,0.554216981235053,0.51107162215659,0.231818173008625,0.400218758473284,0.241563519328494,-0.203613408799361,-0.130332866549565,-0.213158103172874,0.194187510612113,0.228183213176768,-0.189571365761595,0.20012113966905,0.237867159371202,0.428007370298173,-0.0700869346571473,0.225386906798326,0.193767733917912,0.140933219175869,0.389343299476054,-0.205487372808169,-0.207081539653156,-0.275266667745166,0.0130168663161696,-0.551559116717439,-0.356790283217483,-0.0100110786559587,0.308787089824471,0.12775365474898,-0.217947064588277,-0.334090503599084,-0.103941057804529,0.227055720313296,0.00285509846645855,0.1196096159298,0.0869700622497427,-0.210847952954183,0.0344607936101984,-0.033333736579783,-0.0315873634648196,0.033328921568901,0.566980442453503,0.0270864511950336,0.0399840427710575,0.49936874544154,-0.459873613897525,-0.297608510751541,0.814515414422064,0.833716391013996,0.575923960461051,0.492227491645647,0.612468472507878,0.224491332880783,0.385233706810834,0.0405870537047775,-0.203916903672426,-0.158854041690015,-0.187312479744817,0.0220834272771113,0.570512314226034,-0.0188933607713675,-0.00770337532771582,0.356163711473134,0.35410978015701,0.352591252517979,-0.140814341527917,0.484201519514908,0.300210245813138,0.399113575971003,-0.221105093667091,-0.245568729938884,0.0628879670618403,-0.549034754248614,-0.0313406775001025,0.29541726343495,0.274286555916701,0.398074600768785,0.366750040710235,-0.0733553663166326,-0.182924630317288,-0.380201762786041,0.20771218596652,0.347422639532428,-0.348381706776106,0.365874052433432,0.0587116614935717,0.297734598914497,0.473390970968275,-0.132843015346216,-0.296705267501186,-0.0167031301678412,0.688753120060327,0.0908242861764919
-0.0251607624781874,0.0131504020633777,0.212557683454548,-0.0625265252021891,0.268106464243,0.380381413801164,0,0.475687034253359,0.344893980261115,0.426086149978181,0.262524457074824,0.480602388356127,0.344158872339176,-0.013041044963809,-0.148123347462171,-0.0133963207029385,0.28810872009009,0.284682321452373,0.114381507824948,0.138507832420478,0.151802895155952,0.370983076065555,0.101629440033099,0.417013173354584,0.167345558772063,0.224429201965023,0.314974132593158,0.0217079831826099,0.0517003346862748,-0.280324933434678,-0.1700263106309,-0.146603705130185,-0.0989698787717557,0.305515303117246,0.320237828544003,0.058365379639355,-0.014678584983443,-0.175591102228629,0.108306740129466,0.41486146537139,0.288224549083708,0.139039345463589,0.372480884237038,-0.0456982170157864,0.175297361136319,0.0533547850339148,0.125533090710345,0.189163177254424,0.316364180815858,0.0406257235544508,-0.123325164944909,0.0340847831218731,-0.223632294938941,-0.0649551277844407,0.417804546349428,0.296497193117588,0.291295734871431,0.360750935912089,0.179955822530868,0.21843928248023,0.213747025988121,0.158576134974266,-0.0608212394605981,-0.130131722640338,0.0215314903631335,-0.0331748537077629,0.273912837911207,0.127674449212045,0.171730737399888,0.243962520422836,0.188664712503322,0.254185702882939,-0.111802908748294,0.271645828029022,0.0643271267326186,0.197422960934848,-0.0194391661755829,-0.194274925876304,-0.199028342736973,-0.296080798016437,0.0021727579995203,0.0870759687855233,0.0164840678996877,0.196895926532804,0.260714796786707,-0.0730134083021477,-0.0538027127912573,-0.0988459832336818,0.12229677303087,0.133198610026933,-0.310617334777431,-0.11204777910248,0.106155780666987,0.0949173087688186,0.182774655233159,-0.0682213304201267,-0.0846233625946003,0.0738578373191487,0.312347235079167,0.03147748024688
0.0132220062564541,0.168364794251447,0.350466461332418,-0.0601048786968776,0.08649737052164,0.532554008084341,0.475687034253359,0,0.67318709856607,0.267457104711138,0.411370861940562,0.469153895243165,0.459795998709021,-0.0325404135794873,0.132895855467457,-0.205902713559645,0.391174075770936,0.549358657189072,0.00805149207077922,0.414969343426376,0.375697084779945,0.571529784039567,0.0990709962170166,0.452977335352434,-0.00353827833353373,0.31848656506139,0.453454972105501,0.000330308712697807,0.071026516484272,-0.314750918344747,-0.146698947329435,-0.381256835300172,-0.302709376131621,0.313069355504452,0.437296651361142,0.301499587958167,-0.0118876263236891,-0.32226773481531,-0.157878054767444,0.184871222308664,0.256536961866743,0.00993471035329202,0.181058632703002,-0.291449689362066,-0.00366886884947906,-0.0122716930156271,0.095918091103202,0.187480101373043,0.470245398934124,0.195711796866346,-0.0163595250391696,0.257926045304742,-0.445446501183734,-0.250933515379316,0.483940744449753,0.575384998411548,0.678636232862164,0.64097444723315,0.32247638194216,0.410197355535689,0.385913462209666,0.265091500991477,-0.0823143185244771,-0.0805106594800386,0.0786120122587372,0.129669937568799,0.389583174559604,0.184605403357045,0.339288075142867,0.52393413694127,0.378867952285597,0.48622452861541,-0.0339814390433656,0.320134312825309,0.238232236453401,0.329578517045016,0.0205009242774475,-0.202736882792352,-0.122581346134133,-0.353920620651496,0.042007632947113,0.391012111050421,0.127781716171192,0.303927930451482,0.376450061411084,-0.0272947081394287,-0.0320508081208567,-0.26583885573289,0.400683936801711,0.345184649675853,-0.457828010833929,0.07828886461489,-0.13853525426265,0.0328488665388272,0.238472613391486,-0.266019505309808,-0.291146358493293,0.129314029538384,0.52016830283797,0.242102362062401
-0.0768963842632519,0.125195713630676,0.270956096311354,-0.105258104504372,0.116869399353212,0.554216981235053,0.344893980261115,0.67318709856607,0,0.238045358575274,0.293016666640032,0.333554233419297,0.368330073416983,-0.0407884710088698,0.112042357978982,-0.255200067304621,0.366731981680057,0.604550057826272,-0.0357270566708217,0.50373934901583,0.463595234512138,0.504133510545496,0.187397131236132,0.436792202745326,-0.120912133468294,0.152208864560701,0.511109116443711,0.0334222571214294,0.045808390688161,-0.28915236960853,-0.140951028321396,-0.44769079490808,-0.37349830954402,0.311071822318669,0.532189281854252,0.586991243977221,-0.0358621071552788,-0.417561349640992,-0.24623988952023,0.0931435763164123,0.384971475454715,-0.0566307366940021,0.0617004459166311,-0.267765259567887,-0.0211736227078352,0.0968531005764773,0.178128038295434,0.291465076094855,0.464794685828225,0.219095588935182,-0.0925245720116841,0.197597360675875,-0.477844487276842,-0.287435813417231,0.506649286136714,0.533192086872207,0.574979618692339,0.75451791986244,0.359163204777551,0.315806607818691,0.289388029576479,0.198787294030055,-0.132833430030283,-0.103540531325695,-0.0503685313839752,0.0528593078754564,0.641349361599538,0.124650789246441,0.300428463087911,0.612071654785016,0.436142996867027,0.454518256380497,-0.0132409552580301,0.356816805244444,0.308523110617276,0.233249091606671,-0.0744734173704273,-0.212595074415266,-0.0135193469603646,-0.437916229198286,0.0487408211397087,0.574897850826825,0.150825944823112,0.479830345977291,0.428106325794491,0.0958032135067184,0.0100449451636595,-0.226495872449499,0.625573332871072,0.489444184086518,-0.41339231686059,0.0612011852178148,-0.17530591855688,0.0287937531045054,0.252756908387523,-0.202800714047332,-0.253203468357506,0.213037137827522,0.555800724605535,0.237350680883883
0.271887539779648,0.308277312190682,0.477137721332956,-0.214699036165283,0.0331391933900249,0.51107162215659,0.426086149978181,0.267457104711138,0.238045358575274,0,0.174391326802194,0.326876218705657,0.154200146756118,-0.203561826075104,-0.251784788677788,0.00274321144146245,0.0161065598007422,0.145871454525649,-0.214496917336889,0.0771767248293266,0.164134779393118,0.343160950335995,-0.20521572875441,0.11970257517873,0.655218553362227,0.0797210441565572,0.412437537866286,-0.0207565627915423,-0.272706005281739,-0.35121369379726,-0.0644055207669791,-0.397782201123127,-0.163440166335798,0.0207981813186772,0.328091271503152,-0.0363185831595286,-0.293386806226575,-0.0785381429738052,0.0582262574944849,0.313624862951918,-0.138311351397878,0.523966118312057,0.260711576089219,0.0134613964577618,0.261077657288804,0.0423022620342889,-0.157664699440773,0.0331460742799829,0.0911882344635789,-0.275690082816945,-0.0368079719548293,0.312447874035487,-0.307257213349685,-0.268507797328063,0.434824605475078,0.449738157173527,0.39062779150129,0.338602062676288,0.621062954442963,0.0218324852998555,0.195679525716623,-0.020792637921424,-0.19130137023378,-0.136980473193617,-0.135181466895236,0.130283177127701,0.289796717634526,-0.124988764990148,-0.0536048720645495,0.324992482469654,0.381908941039522,0.2545155776226,-0.0611021953550072,0.4161752600797,0.0362755854596011,0.487783964680799,-0.216252243521356,-0.0340333655070642,0.0014018718879475,-0.552079936066854,-0.0952123871144905,0.246803907137801,0.430880355781953,0.403857029234298,0.413130996674549,-0.0449543952624423,-0.250498306359131,-0.0488968267775505,0.0606240057404836,0.143423254280175,-0.31685596622269,0.287827147383553,0.151624981562785,0.49050604329839,0.401915141993289,0.0759130046074751,-0.129052236023523,-0.00812266101871167,0.195863052970791,-0.217790751727939
-0.214813964962545,-0.0577657234054167,0.174754092310518,-0.119809632019786,-0.0696755265148758,0.231818173008625,0.262524457074824,0.411370861940562,0.293016666640032,0.174391326802194,0,0.579038486141786,0.397969569610779,-0.0734152073673889,0.0248134295360714,-0.375274581767981,0.169527979382979,0.178622630345899,0.00249929839000161,0.152646732657778,0.142052175360371,0.370453134856805,-0.0431346397720851,0.354330310604895,0.0177154685066238,0.757548710887496,0.294975603060204,0.165249690549598,0.0545671568498715,-0.0940436898291923,-0.281791602358737,-0.279627367361548,-0.328276198863932,0.0854400581179377,0.310630483379775,0.085240886862106,0.175567999505837,-0.384492947749234,-0.194732411002636,0.153646575589013,0.170515408652646,0.12273272181592,0.302516049201606,-0.167962251721536,0.026851120361244,0.179355009414351,0.0166021214517944,0.103142005316257,0.445582936937164,0.107568683122745,-0.100523480426564,-0.0597717924266018,-0.522052000285172,-0.439482342617009,0.137274258059484,0.329914706666179,0.210543192521634,0.14950682375959,0.110488122693862,0.761522128785146,0.547030818127125,0.290209918563357,0.0931436452436763,-0.0673587640323385,0.0866020492163625,-0.107232748550306,0.0934713680576289,0.068317123490963,0.201693474131116,0.170314792431796,0.109903373825235,0.413992401014292,-0.0409941330640677,0.139463682260925,0.0731096848261398,0.540339437096283,-0.0146120617553848,-0.108108560034084,-0.290896118626091,-0.261749967894849,0.0803274346251766,0.181219114502017,-0.0292417648471318,0.197030937054957,0.297759585664265,0.000405362744106132,0.0119656586404001,-0.0532522682013631,0.142194609778259,0.206811634818835,-0.470467341839841,-0.145988012246073,-0.18612088779449,-0.0553569565914321,0.194091012741539,-0.258719360361745,0.0655338396987345,0.0604711212898636,0.372895369747309,0.206131842221434
-0.177636804079542,0.032240932531221,0.284235370980213,-0.166548470390925,0.0620239428220484,0.400218758473284,0.480602388356127,0.469153895243165,0.333554233419297,0.326876218705657,0.579038486141786,0,0.411818603283028,-0.0559101035569949,-0.0331016040122809,-0.294845827257261,0.218168683442602,0.218635305247027,0.0158186892791224,0.170477511538125,0.164310512305108,0.450529076531215,-0.0356141147255483,0.530432882207386,0.078362747323625,0.618333001697309,0.29228785271526,-0.0279347949392939,-0.0252571713139904,-0.180460280623693,-0.175409077322018,-0.279523257273489,-0.297429912544187,0.0859361311132619,0.403171346926883,0.0916943047961351,0.040667973742556,-0.286026572074912,-0.0768512274716692,0.370622439648067,0.167687884162698,0.0251625850688945,0.420756297935664,-0.189504994415528,0.116571220745217,0.0426790353713565,0.0797672603656234,0.104840689560538,0.442015421882447,0.0595866118570135,-0.066984304109043,0.0413365274889153,-0.421095847252796,-0.283672378786628,0.369116384633701,0.328647211505345,0.265941206176531,0.224159049565077,0.241021750315808,0.471126551652629,0.507369505751331,0.237463487562176,0.0512634942370981,-0.0963607974403431,0.0107449231347177,-0.0779935144367551,0.18957668451552,0.0791533227306907,0.114248115496917,0.187384625547224,0.137410490338138,0.365475434337241,-0.0830982720087203,0.303546891564504,0.189624646754141,0.399446888432794,-0.00358300307830998,-0.166650068815731,-0.143373873417998,-0.268203358768058,0.0704393358861211,0.113706160809524,0.10466749534075,0.242835285905612,0.248507644860185,-0.044504749314916,-0.0533616442398276,-0.18068461052897,0.0856440698918957,0.156880356300573,-0.381923568856627,-0.0128240194632701,-0.0253787753720708,0.0593851134116728,0.320297200613383,-0.207703406162708,-0.0836954883707104,0.0412135968851912,0.389742532076585,0.110870729515028
-0.165486389359196,0.0557234923696543,0.158321361692154,0.110620687062639,0.15724473992578,0.241563519328494,0.344158872339176,0.459795998709021,0.368330073416983,0.154200146756118,0.397969569610779,0.411818603283028,0,0.157375170412048,0.094844744469311,-0.298249664200385,0.656847046997775,0.268973755423213,0.431914805187933,0.0984404773708091,0.109132266936114,0.615970755949098,0.288926022361422,0.599582328215213,-0.0388051301800488,0.379188004654544,0.444878653596193,0.166350880473279,0.451471470248669,-0.171571037087942,-0.129696649810916,-0.0862080774238845,-0.153088596721799,0.482889691075319,0.485169287902957,0.108646173561361,0.261179716534367,-0.168981470797376,0.0553313157208851,0.179155436793833,0.37371075752476,0.0624260672342109,0.3677034900779,-0.0918313235284807,0.168637274965844,0.223790800489848,0.551340566487544,0.480378256588544,0.254373937899315,0.319764787420272,-0.135223715726935,0.054427889547254,-0.358935510035818,-0.119925778400349,0.289405403814816,0.269388786990442,0.337132269427129,0.354613298891273,0.114564107351124,0.393746374479641,0.403785074366488,0.699198110969609,0.35431109068132,-0.0128762559153131,0.34663520995875,-0.0284740884569309,0.186027693245081,0.552138620508567,0.456799838725709,0.152564834444662,0.0141866094388728,0.52027510237221,-0.110635710812438,0.213589483699058,0.355134020089518,0.313599590071134,0.398456332407289,-0.157326570030477,-0.144935465305223,-0.153259937686873,0.335369239307244,0.0874745593555641,0.0232762227993625,0.19793850821195,0.337127946523671,0.176311870901723,0.309573909606252,-0.176356143132115,0.203199727280044,0.353425102090571,-0.342522188643833,-0.139722730536038,-0.0281612796784826,-0.0456147605383703,0.206594741765892,-0.111601215382589,0.0163863837200753,0.288438739133002,0.310954380990513,0.344071211267828
-0.194158449692839,-0.121677103995843,-0.169878798996831,0.22736271740654,0.0971473492243972,-0.203613408799361,-0.013041044963809,-0.0325404135794873,-0.0407884710088698,-0.203561826075104,-0.0734152073673889,-0.0559101035569949,0.157375170412048,0,0.472053208971407,-0.108340808806664,0.304574801337456,-0.00611054304979173,0.567634401473995,-0.211143147313773,-0.318981939851647,-0.19644218556464,0.456972104646826,0.136283834889879,-0.0629053147141396,-0.109878700561161,-0.248182091340012,-0.00480148655436117,0.228951774720669,0.152883395004728,0.0302543302133124,0.315458856803594,0.223014845237319,0.0170335642423675,-0.112130272463324,0.181626982036785,0.287369597034879,0.151531993549666,-0.0201559594284412,-0.223121001746754,0.0581775483051489,-0.056731377121598,-0.0528590954403484,-0.0582309459962299,-0.130751332939496,-0.0237458778404005,0.202610612709485,0.196056334646253,-0.110293370570051,0.00834383560541129,-0.0180732064477082,-0.123200665341433,0.164404276408929,0.187460925276921,-0.101628536067072,-0.197796005143842,-0.171335827963669,-0.0372428250151039,-0.266146122006114,-0.0442102982335327,-0.105865848133674,0.335192782065153,0.53727173445624,0.691682729452046,0.461395589193572,0.336318836830855,-0.210886310430615,0.442040213809678,0.00652874861862944,-0.191856346309822,-0.305786293802748,-0.164624133713909,0.476065573762716,-0.149626050307574,0.121840045737982,-0.169316875150855,0.283852083602989,0.168562385427513,0.0474029625775777,0.29899667918815,0.127241908607842,-0.243585236740683,-0.297119881292002,-0.274455929924077,-0.181594034624037,0.284536471229191,0.182876742943842,0.0880292013830503,0.0600179800359337,-0.10414941547425,0.153348028149732,-0.10429525205685,-0.136541579415026,-0.10558089907178,-0.234895820788791,-0.0776359952587344,0.264645953175998,0.197872292771484,-0.139780033227554,0.00867662408044509
-0.0964783615435337,0.0722107967025439,-0.0556101501591727,0.0524915194070189,-0.0279410357352163,-0.130332866549565,-0.148123347462171,0.132895855467457,0.112042357978982,-0.251784788677788,0.0248134295360714,-0.0331016040122809,0.094844744469311,0.472053208971407,0,0.00366264551175473,-0.0105402395886935,0.330651939855767,0.103794849642294,0.362955820321409,0.29170821187474,-0.0112671861749504,0.309319019115087,-0.0354902699495599,-0.260457219830519,-0.0228471951068864,-0.121368198090345,-0.0722620966659569,0.00226504723102058,0.277607169342136,0.0254483669125843,-0.146978537196435,-0.135390705922197,-0.10928094071364,-0.0392049333238411,0.356325329662716,-0.0666173677112959,-0.122778716206198,0.0602766098895673,-0.124672207198623,-0.00335495674238821,-0.0986427377648283,-0.095000134626599,0.0413969494988216,-0.158933965488719,0.0606880973521485,-0.0939628958669374,-0.0453678867695237,-0.129075965240443,-0.0145396849061922,0.112207393798135,0.0702193553666918,0.0229288596442106,0.0490306942166887,-0.12561901800154,-0.0848192826531833,0.0998190209647869,0.206543856245254,-0.0415173128032123,-0.0224071708310125,-0.0830335193869472,0.192282470345736,0.0800117489032974,0.476754927089232,0.0523632273862982,0.593675807189329,-0.00838519417061032,0.0870253164493026,-0.0617124010325696,0.24021465371617,0.219495925332126,-0.127230988241454,0.382370679117055,-0.17594914654416,-0.0980043838192044,-0.176889802753991,-0.00734738597169137,0.167691500559252,0.0173531680971734,-0.00680884113593536,-0.142327235993527,0.120005414537933,-0.14370949635294,-0.227761004578656,-0.231244853443584,-0.129555571255699,-0.0912484600919919,-0.0489394506265086,0.163666364236703,-0.218410477940137,-0.0495559562504353,0.0436415417510222,-0.0426163066348466,-0.0389316310093703,-0.203823256457944,0.00725143963354275,-0.03806107284464,-0.117097712761444,-0.163669027457687,-0.102968726304409
0.349798787024868,0.180430958075047,-0.10716111066264,0.233231404746829,0.124590611206598,-0.213158103172874,-0.0133963207029385,-0.205902713559645,-0.255200067304621,0.00274321144146245,-0.375274581767981,-0.294845827257261,-0.298249664200385,-0.108340808806664,0.00366264551175473,0,-0.204112963946783,-0.0224346452547415,-0.116285441873864,0.0192775902797307,0.0913548312156192,-0.143507760022217,-0.018065098030266,-0.262121558560597,0.0854793152765699,-0.286272754062252,-0.204666091035887,-0.168049322013795,-0.162843284756828,-0.0788234576218542,0.05168488519818,0.218600783060171,0.199541453047242,0.00499109723868522,-0.158033022981655,-0.199124987717495,-0.340716478645742,0.285126702956848,0.193811740071234,-0.156847783355492,-0.220276196236704,0.00774350379444601,0.0101891654041669,0.192085893335262,-0.0466726244488766,-0.192136749989586,-0.234469431631291,-0.170942954924099,-0.339289341686121,-0.303823125120724,0.234939939757776,0.0139264609863933,0.413140518992586,0.297182974953188,-0.179219922758519,-0.245582398795134,-0.181607644013876,-0.162090657603861,-0.117906274020769,-0.424245043036507,-0.439195632320864,-0.371938289813928,-0.319834702547644,-0.141481310270367,-0.227264125045408,0.115516127680099,-0.280779587708861,-0.242121495016326,-0.160066443437371,0.0219653117027762,0.0847935392610348,-0.314136111443197,-0.0968026080618493,-0.261709825998979,-0.423478954422367,-0.371075432169287,-0.1641012352478,0.00970680773822796,-0.00970514608893533,0.17098289881891,-0.273928856793709,-0.115023601267324,-0.0672158712299334,-0.192386901488956,-0.327787181829256,-0.381917118052597,-0.301653036470647,-0.0162481664425084,-0.235668595465341,-0.416355182386401,0.147120188146055,-0.082449344130804,0.169106150538256,-0.0067743824829695,-0.283894818426153,0.249576781027578,-0.2497269089566,-0.282587037392457,-0.384546888212323,-0.381562575412705
-0.121879469948319,-0.0070579324290157,0.119414650181389,0.145186610653542,0.161930191133145,0.194187510612113,0.28810872009009,0.391174075770936,0.366731981680057,0.0161065598007422,0.169527979382979,0.218168683442602,0.656847046997775,0.304574801337456,-0.0105402395886935,-0.204112963946783,0,0.16679291098182,0.639664354953903,-0.0242072072077186,-0.0726881987879088,0.495810360574427,0.353460373001002,0.631690051193415,-0.109881552663894,0.147495382914671,0.316408400296869,0.0550255395110089,0.531683550557222,-0.32416688306911,-0.0736677399591977,0.133300911558771,0.0380232964303219,0.511967541720067,0.377952011854223,0.119911794662666,0.350680292322676,-0.00413738541251207,-0.140790271224589,-0.0256469782796214,0.377148987104803,-0.123159093739836,0.161501642740029,-0.170007817112782,0.034507292182189,0.0377268294523147,0.593563945901138,0.52560699431262,0.274376999157964,0.368239049934423,-0.0784125154200662,0.0597804484148455,-0.126371511984223,0.0543869917798831,0.26397873384389,0.226778713066226,0.249266995494782,0.312326359637511,-0.0251384420498729,0.240126559499083,0.187204010534337,0.479422485262224,0.356408647988356,0.0341295083038779,0.444770877182542,-0.0992215626591649,0.175090890991134,0.675804340372579,0.516887140293924,0.0491653715849833,-0.145273312655634,0.417688234253203,-0.0223539425524949,0.153232152843339,0.44400530824902,0.0647808588373624,0.455535258271598,-0.211082947904635,0.0109212650225846,0.0696422203575487,0.444891769866663,-0.0060988493418019,-0.0646803623075252,0.174861269857834,0.262228194113015,0.2856194112647,0.423851144077426,-0.165877885785988,0.238839939258232,0.420058717362606,-0.119162203654888,-0.122693779618149,-0.163306174348686,-0.170674224869145,0.0464117760631987,-0.151838314300327,-0.0252344473406661,0.41817486372547,0.315611512605025,0.402755588218574
-0.0789244710653471,0.0773367920456382,0.114956113271171,-0.0322646143390415,0.0897419551885034,0.228183213176768,0.284682321452373,0.549358657189072,0.604550057826272,0.145871454525649,0.178622630345899,0.218635305247027,0.268973755423213,-0.00611054304979173,0.330651939855767,-0.0224346452547415,0.16679291098182,0,-0.0375212469274739,0.758318124126727,0.714557715838625,0.456522676272179,0.190235725046018,0.249479688267458,-0.147549634883152,0.146677997098892,0.451448662235264,0.0591580937656656,0.058712134865115,-0.239075090487739,-0.163927730213161,-0.348518127961612,-0.319079101873002,0.456692720914169,0.433017951571734,0.626858953371348,-0.289837466752175,-0.327255736769095,-0.0857872494526613,0.0302629985782205,0.303131850678941,-0.0766988034357294,0.120461370611429,-0.1139598910187,-0.000349281085184869,0.139925654458556,0.069437804367017,0.248780463830769,0.124097782647949,0.138760463594058,-0.115673244567463,0.123483513430674,-0.27555405163812,-0.100911679910183,0.230287041093455,0.263704940811844,0.506857237664805,0.616960060895489,0.21792527120769,0.12851228797232,0.100907986749597,0.128823209040179,-0.268487569903673,-0.102986232735478,-0.0482275775582392,0.244000383247963,0.317301274848979,0.025433444189224,0.383854167814492,0.793420740369702,0.587616664923547,0.292356478166496,-0.00815799825594122,0.134093850746158,-0.00212626694260795,0.0778768618940119,-0.00953753513487473,-0.171435044483761,-0.0979645049980207,-0.329082696797649,-0.105661930157721,0.629225227803545,0.0587336497746166,0.231721802366032,0.247630938437183,-0.0707116734394639,-0.189998267657014,-0.121555813137644,0.613425751377804,0.200117395640358,-0.386645140983029,-0.0365354928651065,-0.0517085504243057,-0.0327272734234969,0.0670649242392496,-0.0824453382389702,-0.26042138027716,0.0994909645543891,0.175193249562196,0.0522119011163266
-0.285969209052829,-0.21939977718094,-0.179147334407077,0.241488711547704,0.0566258105131745,-0.189571365761595,0.114381507824948,0.00805149207077922,-0.0357270566708217,-0.214496917336889,0.00249929839000161,0.0158186892791224,0.431914805187933,0.567634401473995,0.103794849642294,-0.116285441873864,0.639664354953903,-0.0375212469274739,0,-0.273783889637976,-0.337718716808255,0.108747968523504,0.429760755768995,0.341226139671142,-0.128076414290433,0.0474630118766511,-0.00901333809041878,0.137042039384221,0.622588850848076,-0.0586381734264414,0.0179298137983479,0.472891366597198,0.296992116467525,0.404928423531127,0.0549646444463179,-0.0118783841186568,0.454666860846521,0.250077518851289,0.0211134665193391,-0.101052559855144,0.297262279392867,-0.0982203650425716,0.164266053898048,0.0419248753094342,0.0518218848610176,0.0951888291825294,0.629518094532215,0.529797115696802,-0.00427630414032289,0.314492669613128,-0.117971677974829,-0.215445475723252,0.118499215140984,0.160901388253213,-0.0910362162942054,-0.198560945209935,-0.153707867104148,-0.109667700853956,-0.32050775183391,0.0727922595223127,0.0243699154779909,0.438438498057273,0.60030468008165,0.30869767300419,0.634274744645558,-0.133341585969291,-0.203417219625204,0.732233558559564,0.422636339035748,-0.300099317384397,-0.486781644862102,0.0769551628987306,0.0827255249816473,-0.0873914001978366,0.26712996082282,-0.112616179340339,0.600568489395973,-0.103482479108011,0.0250224936875305,0.382659191137426,0.423489086213217,-0.300736607162295,-0.241201360949291,-0.171513021966833,-0.0200009427981782,0.365946113679596,0.472941657601792,0.0191100341595207,-0.0240428396579615,0.139499804708807,0.0773544023951784,-0.281971994585726,-0.107774578602303,-0.223183755743024,-0.136657936139068,-0.0131794540941283,0.266552468819767,0.402242657026536,-0.02688330887476,0.275282626499566
0.000341166336247663,0.0956721370613031,0.118268458836077,-0.140217284347234,0.00737844119712927,0.20012113966905,0.138507832420478,0.414969343426376,0.50373934901583,0.0771767248293266,0.152646732657778,0.170477511538125,0.0984404773708091,-0.211143147313773,0.362955820321409,0.0192775902797307,-0.0242072072077186,0.758318124126727,-0.273783889637976,0,0.826977214519086,0.370084152292096,0.0597008050424018,0.0566924617318338,-0.220475386554073,0.120694269205169,0.393616173426182,-0.0456300651180323,-0.112413703672137,-0.119407920080291,-0.128244114396129,-0.482054611326863,-0.412454262354267,0.21552820779888,0.33613611169813,0.509553263084041,-0.325598081771547,-0.345216724184154,-0.0742891062406773,0.121413192178029,0.218406808216947,-0.0916217342269184,0.0284194047549931,-0.000286777047580306,0.0494564962476615,0.148869077569969,-0.10567097469281,0.0827177358597758,0.174787877175502,0.181472440988965,-0.051631255852534,0.138729453235892,-0.302359799026618,-0.195525926389361,0.160605915840872,0.250337579798769,0.41037407325419,0.554002226339945,0.232878801567589,0.0710654831441552,0.0587810647532472,-0.0752799779584074,-0.435223964953975,-0.200794693314375,-0.286317377985054,0.260247708413013,0.399058166861303,-0.207789061295183,0.181678213233221,0.763053898549832,0.716054769600324,0.149923362309952,-0.016046308005396,0.110271423725194,-0.128516044249166,0.0155027206156994,-0.18746345059255,-0.153079381215084,-0.0819940093412639,-0.40183012496104,-0.235187401403002,0.627464905240748,0.117263511498464,0.189301872619204,0.15527978683287,-0.235727767311822,-0.258150791556993,-0.141417827991101,0.530635990685687,0.1280244296841,-0.348843920170804,0.0370381324104606,-0.0299049131903356,0.0320423821955188,0.067177218819296,0.0139131863308186,-0.293473315698126,-0.0370392326677555,0.180169476997497,0.0787391437599346
0.0546057810209478,0.169887952596123,0.152482881675042,-0.188462950228064,0.0170890203278246,0.237867159371202,0.151802895155952,0.375697084779945,0.463595234512138,0.164134779393118,0.142052175360371,0.164310512305108,0.109132266936114,-0.318981939851647,0.29170821187474,0.0913548312156192,-0.0726881987879088,0.714557715838625,-0.337718716808255,0.826977214519086,0,0.42699159330348,0.00935487505188558,0.0309850675092057,-0.164132752716968,0.142609165833998,0.432948533871565,-0.0171639761239816,-0.159255281194308,-0.111435178136404,-0.152609228100855,-0.532999086016307,-0.45059742866786,0.200968916134668,0.361793353332681,0.352633868022771,-0.439922014798018,-0.353911447405368,0.0228018390807072,0.149613073287,0.103204830537913,-0.0449203701211482,0.123713135876765,-0.0133045289890636,0.0690600700854418,0.194673202046627,-0.11564193249572,0.0387547807600547,0.0830187307117638,0.0163972590933879,-0.0233620439683145,0.179770151113863,-0.332626572768976,-0.22509504207101,0.210264825361903,0.262539043460735,0.441185155645642,0.559881686324004,0.316921365743246,0.0712239537829569,0.0870421526629611,-0.0739799074345523,-0.508825300573353,-0.340923246468999,-0.390710866795188,0.237688637734434,0.382987612971295,-0.290811870544667,0.153020730466249,0.785402989068741,0.783243641143696,0.213480697751798,-0.118076231871543,0.165018381846857,-0.157644193650642,0.0640486018429061,-0.262019460910618,-0.124604951465554,-0.162001492010251,-0.481934819155684,-0.236702859615341,0.650960922425071,0.207345384000133,0.270382450487551,0.205384050654571,-0.289031653801734,-0.336510357844634,-0.117621289532029,0.369876571572992,0.101610820855164,-0.389883956533783,0.0500641316581697,0.107448823910065,0.0769186606637897,0.17460748798542,0.00654190023635849,-0.312266024532951,-0.0847162044214938,0.11729743786355,-0.0799873392966796
