0,-0.0261216963493425,0.406271559313643,-0.19130713489655,0.00201720708399173,0.260744805787102,-0.111038660136624,-0.0670286667906555,-0.0686675987687279,-0.0021272487003874,0.0466744941864158,-0.0594708128885928,-0.104944539596346,-0.302972272473596,-0.302251058376322,0.421580736049175,-0.0504737789795936,-0.0479461598787403,-0.114914833180324,0.0335856968923481,-0.170436025676724,-0.0668673163163191,-0.31277143381136,1.60344997373871e-05,0.272419803682326,-0.0409762560107879,-0.229123334907253,-0.200866442260449,-0.118370184319838,-0.33585861108265,0.11270200788593,0.176225190030612,-0.0098489686214823,-0.0932624004475592,-0.0449337969059776,-0.038862842304046,-0.0460159119173875,0.223711257400025,-0.159469450105035,-0.130815753577817,-0.0972309105937766,-0.09212880128009,-0.116205180058295,-0.115611396280436,-0.202794222314525,-0.349074714477352,-0.273937440896971,-0.332456329094879,0.109324826854556,0.0235449321933266,0.626796376694036,0.273169818733096,-0.00161754765420858,-0.262393011936742,0.054014028414036,0.273303475924298,-0.0946766834846136,-0.108945656475058,0.0645345017351617,-0.0551099211933506,-0.149955239444128,-0.0868908902479107,-0.159810293032813,-0.320986400364857,-0.309062142806199,-0.33739879990437,-0.0151182293742717,-0.0732039990676883,-0.0986908504703091,-0.014071819123749,-0.150367366606359,-0.0461190640080746,-0.32243913251433,-0.146204928275135,-0.0620834466192884,0.0213669004627968,-0.107886415727708,-0.244135533409962,0.142581839017207,0.094237395277513,0.058984565888193,0.0140298417663042,0.09705827702993,-0.0543363093182219,-0.235230000329994,-0.312945168179947,-0.132170199775766,-0.0420734339210658,-0.0160035135294099,-0.0530774534824244,0.224830363668361,0.192233200979178,-0.131272879920938,0.0257544581317643,-0.0149479467858752,-0.0320512700611966,-0.358449408440475,-0.243525496181556,0.189011573155608,0.0675838700853833
-0.0261216963493425,0,0.430582244038519,0.612396695727741,0.593741731951502,0.451943475603673,0.209004728765236,0.456573156037036,0.437504682227753,-0.142401269238211,0.0123041557740264,0.00805345849330018,0.00843257959823697,0.134333644691869,0.0117859225735702,0.178684234543354,0.00150892300309776,0.174476609781047,0.124874692951608,0.0967341365832297,0.0554043938913082,-0.0829994914013434,-0.0225309823611995,-0.0424214388278882,-0.0936124721841448,0.00784101262927276,0.0202429117787537,-0.106124643202825,0.000546957781281296,-0.167463550147889,0.137958987233438,0.135058154579486,0.102429488945642,-0.0064016770216289,-0.0151843485870104,0.0943248918869921,-0.163994426055298,-0.0362591443873348,0.056859697966473,-0.0853439234482666,0.0374297925965944,-0.103718889627223,-5.38874418092036e-06,-0.0205620914561901,0.173710068148743,-0.0606321819667644,-0.0174127328502015,-0.115094588600852,0.103530218002039,0.15419240493116,-0.0307059120873305,0.709357733403558,0.288953155271044,0.602452419524901,0.498652415414794,0.361031020959043,0.48115135175516,0.494080599081548,-0.0724578395186433,-2.43636182885698e-05,-0.0465263661264939,-0.0547437570168214,0.102982397318618,0.182312841369185,0.159707660777925,0.0402735715810192,0.0396662321185077,0.00557813342756081,-0.0263878517193798,0.132782505643405,0.0326061103873146,-0.0621837022019467,-0.0523751945100369,-0.230542780934311,-0.0750178721297987,-0.164083754522048,0.0176199477581902,-0.123525355487117,0.11753212900282,0.107594526871434,-0.233089629199285,-0.13245198047926,0.0434156100365155,-0.0383621225849679,-0.00672804720483873,-0.223864352318204,-0.0484526696760033,-0.189538471500072,0.163650136548897,-0.196624208072689,-0.0412416006010659,-0.0396818407123299,-0.0903332239962754,-0.164392794064292,-0.0728446520597863,0.0532743898628689,-0.000720483883347642,-0.141847712505634,0.103150190377369,0.0583397249100948
0.406271559313643,0.430582244038519,0,0.0871174819757252,0.527246326027543,0.698347600212531,0.0797148782093416,0.397955933795006,0.546302714119546,0.0956866717681649,0.217220566809847,0.102601037575545,0.0182735579149598,-0.0753708317539318,-0.129457991449453,0.165714893080346,0.0562017469578489,0.0398047505777263,0.0353391741413471,0.113964039472188,0.0174046401494618,-0.062391532466957,-0.251470471395474,0.10807172678534,0.0728722464474122,0.0232841722311335,-0.0836525582662077,-0.083232242420703,0.0398271724236167,-0.327126632360173,0.238010459200424,0.0237499791469912,-0.226694015696122,0.0051648995601868,-0.0557330632739563,0.0045118345583983,-0.125390222113248,0.198201778418574,0.0789611380631968,0.0442652696299282,-0.0384560604329409,0.0976776113173014,0.035997023902652,0.121019663428034,-0.0449212808075712,-0.224613410032097,-0.213456941670681,-0.274612809686725,0.26446527302376,0.281690760915827,0.276264726009974,0.602431374779996,-0.131987583492741,0.0706347369634374,0.70609735531667,0.781194442053764,0.235243164046191,0.56555315920981,0.207713894405073,0.133331611013445,-0.0562730717736378,0.0197886077606415,-0.0038325970095457,-0.0200939348310941,-0.0617227656518898,-0.114505892209575,0.117466524968141,0.0417921701735331,-0.062113907485243,0.0460049082855473,-0.00181060065664256,-0.0287529115605038,-0.216605400494405,-0.162449008543012,0.0710551850604248,-0.0315220260599262,0.000508505781222258,-0.183017402459633,0.281288762171759,0.00246364853836836,-0.0936321687307818,-0.00145089225962717,0.269577182403518,-0.0229966638096064,-0.119420209768151,-0.293690995015429,-0.111556818761811,-0.0497387716329895,0.200629593798821,-0.0622812051110109,-0.0286469236069944,0.114580387359949,0.0138312129069181,0.00998779167415031,0.0999357097356537,0.178586295456452,-0.231251488904988,-0.173489514870162,0.389042398321039,0.229240994039566
-0.19130713489655,0.612396695727741,0.0871174819757252,0,0.368472240157831,0.132192680240592,0.141805159931874,0.534941489357665,0.257215322304825,-0.196051228918736,-0.0543155142873812,-0.0754840356770178,0.0679240290947136,0.209703884323984,0.10743881124034,0.0676170754487941,0.0438339655271362,0.208881133557997,0.114225498635869,-0.0500995022605426,0.0415872189716489,0.089801625885158,0.152383134015813,-0.0982753201244772,-0.127170981655461,0.0170585065205788,0.0229138615948576,-0.0216820905110068,0.0497066870834351,0.0591495151720934,-0.0279466285024014,0.0398505356683247,0.0739222792767456,0.0676107224458748,0.0593376101492502,-0.0127988152503293,-0.153323598330666,-0.0871246877856733,0.0840534742558408,-0.0328452407242209,0.0585056095692968,-0.112061573856452,0.0685476303954389,-0.0101998169891388,0.122481245234116,0.1159313038491,0.111465113069943,0.0734396929180922,-0.205228940125303,0.0226182528225684,-0.158856683387512,0.440384086422127,0.345648132292407,0.615487993847158,0.154394642524239,0.10042557660404,0.518967553131019,0.320520667245802,-0.171700243058039,0.0395688898550001,-0.0545115873915556,0.0446525921411307,0.224256338218399,0.279311951152663,0.228914597043892,0.175042340586332,-0.0053867441100931,0.133899469343696,0.060443006100457,0.144979905718873,0.014658671361654,0.0337014053226534,0.126736177134247,-0.137911308347021,-0.0575485819958673,-0.123951701048466,0.0845692737140145,0.0496900213236171,-0.040361932448964,0.0115024420311729,-0.150256751721051,-0.191108795702983,-0.163742798289651,0.0240812015200724,0.00537823641762258,-0.0400131450263522,-0.0782382245809009,-0.182333661183015,-0.0464581261600355,-0.198639171637153,-0.0984055271236901,-0.104873902468236,-0.067970019823011,-0.219005573187638,-0.145151561034359,-0.0125796331382496,0.134840825846073,-0.0560804649837588,-0.135520594587251,-0.0862331541569555
0.00201720708399173,0.593741731951502,0.527246326027543,0.368472240157831,0,0.674524670735746,0.215261105296119,0.521535888963851,0.683217250103927,0.051763614778529,0.160789775773598,0.165770565838424,0.129914924936821,0.176308540899474,-0.0232456398031894,0.0484339474302257,0.122842819201144,0.11043042648368,0.160998001827043,0.0849160320470587,0.0715946021555235,-0.0368157321812491,-0.0922370949838833,0.128016295069906,0.0147800595069006,0.0768148838335914,0.0188927728114107,-0.0869309318945847,0.136171353642547,-0.340743942231247,0.0509218612444584,-0.0017396960254349,-0.120479630801896,0.00691906937624577,0.00938427303260146,0.113936122287408,-0.105193583403668,0.0121981720347881,0.131670722655799,0.0388933333352574,-0.0205457016069041,-0.0288877542308012,0.083559305164455,-0.0496699779633689,0.135928698363231,-0.177206206836702,-0.0918113540987607,-0.250568932529746,0.253696261219602,0.198798643154964,-0.102259841640459,0.538721940070146,0.0416634035272447,0.552204944783619,0.798498297683661,0.520682763068879,0.390899487081642,0.687811422259287,0.0349640029371592,0.0985042900506395,0.0494967267087058,0.0558961919425284,0.132399182799591,0.177853787368111,0.0882325602588732,0.0259743497663484,0.0155232663853395,0.0277363524624535,-0.070248001156701,0.111410313013777,0.0159154716248366,-0.0365002971062972,-0.124101766966088,-0.138952350804876,0.0960748600582205,-0.115082949646507,0.109474605663022,-0.16078114596449,0.0842069191820624,-0.0812994088556178,-0.171080433367374,-0.0774812173828167,0.201843689960664,-0.0224808409981389,-0.0302867143901989,-0.293633352340771,0.0258644229614107,-0.0401356431503434,0.209821458376362,-0.163266166711537,-0.0811928930331902,0.0278623241126165,0.021427982694964,-0.063809640236325,0.0178160575442273,0.0362165832963871,-0.115660917972325,-0.233260766680693,0.220670627257037,0.12162766178583
0.260744805787102,0.451943475603673,0.698347600212531,0.132192680240592,0.674524670735746,0,0.265453160809725,0.476718447692986,0.72182777479767,0.178735091757254,0.180598191907632,0.122889404077697,0.0804207095709115,0.0535663646463976,-0.127055591455222,0.129132474126204,0.0301818473533089,0.00989511544752764,0.0795981612555028,0.0701040938325045,-0.000841213461152035,-0.0435149620032293,-0.186370108506049,0.112408386767485,0.239117122013521,0.0123541614230797,-0.0297033250261572,-0.0856543176227772,0.097925476892604,-0.395199795190759,0.229403490955404,0.167066918588094,-0.0658215424156773,-0.0411127498724248,-0.021108889491384,0.0778996616216534,-0.19909623071428,0.215361405131482,0.156521569087847,0.089746649599507,0.0353736787164386,0.00876362893670816,0.00394297217076356,0.0466430467797228,0.0520273635427359,-0.199761809684587,-0.12446808126158,-0.270042184612053,0.457993047176977,0.316478801348719,0.1238610844826,0.532661522576485,-0.0147776595368221,0.227617970215743,0.81560911767185,0.746343552814123,0.304669626752723,0.660995962330278,0.182397728361359,0.148428649046027,-0.0211566613375738,0.0446040856834384,0.0954993439686733,0.0816871480255717,-0.016817964900068,-0.0698168105116287,0.149749982833883,0.0112431712312791,-0.15385779634267,-0.0157145297759783,-0.0673788897220805,-0.0062105674840885,-0.209785805685161,-0.111322169385917,0.0557323503747984,-0.0360410723656153,0.091195327995939,-0.169643055171724,0.252871518574461,0.0860763847722854,-0.185360108826839,-0.00703036856864168,0.19423061071929,-0.0628375299075447,-0.0917104728849626,-0.331246779291695,-0.00646393677070095,0.0562415479224241,0.253774945662706,-0.119292012678524,0.0996003629036415,0.230989045975724,0.12604150944002,0.02483474447957,0.0287975192314433,0.168818130961462,-0.165488448002196,-0.20638793868243,0.451150557627454,0.266163746986856
-0.111038660136624,0.209004728765236,0.0797148782093416,0.141805159931874,0.215261105296119,0.265453160809725,0,0.467644420105166,0.409757375449231,0.181138418351702,0.0512033488122434,0.148978310424816,0.167286575949953,0.214557743148831,0.0985049660266986,0.167860007266496,0.16712226933939,0.262386120204976,0.167434591405685,0.251369063030453,0.214612511646428,0.196506789585649,0.135412837590787,0.261375275599212,0.010491237090432,0.118369653339562,0.263804767076978,0.169066351214853,0.217322993078848,-0.145183786891332,0.0654475843103975,-0.0724694723704675,-0.0285444791547828,0.136041235138251,0.212240918788977,0.267044241625715,-0.0658440184743866,0.0395024547303886,0.373800560887808,0.404874542897225,0.38182356142646,0.142629701233969,0.220639790497466,0.16473191371102,0.190916412827136,0.122204733394374,0.150939170582069,0.0789696765893993,0.322395282055114,0.212907756456647,-0.140345609553678,0.140861190528101,0.254912953185131,0.229813489137864,0.272390321942913,0.190516004336673,0.360311545631064,0.363671106829739,0.257247966454797,0.0903659978241954,0.105421007558279,0.115555325289586,0.134192820579876,0.17979513394635,0.144533764780518,0.0882269244085723,0.471652721330661,0.0749309281239355,0.0405988214294357,0.183353965939942,0.145206542741706,0.231177590399386,0.0542362589445122,0.385239820896151,0.31587588993355,0.102942633481426,0.221530305864699,0.0401460256126158,0.058038059549535,-0.0180904219159308,0.102254645167764,0.139314379053564,0.119352924893473,0.220521043417866,0.250333465253923,0.0538007514451904,0.175882106330056,0.229577315421359,0.261609208440175,0.206370594452392,0.0805398499415195,0.0789770634261708,0.323934528488579,0.216051858468763,0.257389929885671,0.122471424710259,0.126135458478964,0.0932942514393739,0.268684481643395,0.141465995002614
-0.0670286667906555,0.456573156037036,0.397955933795006,0.534941489357665,0.521535888963851,0.476718447692986,0.467644420105166,0,0.692802122484295,-0.0304121266616143,0.123105253694577,0.0977048927195239,0.234698215972697,0.22311770420111,0.102434614838006,-0.0187903981723524,0.274533832249912,0.355522122606351,0.234127215165396,0.171722499836098,0.241965327376074,0.286220900211228,0.109834124263359,0.13651598271161,-0.0425609781340211,0.136042825775438,0.162147196696042,0.106968014765955,0.266030932959837,-0.0806079829375059,-0.0797822952730927,-0.198353517413234,-0.250013013318884,0.239991311739637,0.239856741841126,0.212015732613016,-0.0885084825074955,-0.0548357749494814,0.281221141861446,0.15840263969843,0.214240093103755,0.0655519493796184,0.217951834480143,0.121479985379488,0.229060844461956,0.107504261381921,0.0998143354723497,0.111436342745296,0.177977608935562,0.287837081839435,-0.174193683078281,0.529616105652261,0.147590089976366,0.370410547569983,0.507514831108556,0.422481735239854,0.648386008983112,0.700963134393449,0.00495825153603202,0.175090781116141,0.0413161064431269,0.206484248883084,0.25074887433356,0.26346878704356,0.234606097293337,0.120708595240201,0.196992912210242,0.317573963015391,0.138789349422536,0.312396629030087,0.148646915273874,0.196055750103856,0.0754529802609022,-0.0150258576444445,0.146171629018623,-0.00115037310379011,0.247947366961885,0.0400868774668779,-0.0667929631968836,-0.219294326790029,-0.0383607835221037,0.00494536760507761,-0.0268595556137783,0.207902227515555,0.129330553059143,-0.0977940403951827,0.0380493673266118,-0.0147025219120177,0.189536480542335,-0.077759241439344,-0.117881475285681,-0.0512924760297466,0.0879579150586178,-0.0575398925448989,0.00212423965582214,0.0894827787907953,0.124918600255844,0.0465123552609677,0.221884562447707,0.110509193248197
-0.0686675987687279,0.437504682227753,0.546302714119546,0.257215322304825,0.683217250103927,0.72182777479767,0.409757375449231,0.692802122484295,0,0.13267106848351,0.154791154421909,0.138190377852554,0.106363743306019,0.139210084324537,-0.0208318028488044,-0.0676891292792596,0.133093465497981,0.150521137091006,0.172630489884674,0.115975016404086,0.118635899304969,0.0172478164306961,-0.0715685857142275,0.113861326598185,-0.00782857990051895,0.0151224258898104,0.0443879267336847,-0.0341368958662402,0.165247116902922,-0.231583024407,0.0675447337066679,-0.0735705520090549,-0.157659092335406,0.0921833607739021,0.00524260889315318,0.196525090818193,-0.205882018754019,0.116903482590965,0.318618094279849,0.197017774646882,0.1264837077731,0.0429168131221096,0.07166136115244,0.0468732934696902,0.191703991775093,-0.0746463482082943,-0.0406192073956902,-0.0994083944733287,0.351961138343058,0.312210309771828,-0.187308520582602,0.420865793889856,-0.00667157316108869,0.332032496881609,0.783151279522267,0.637704477814891,0.356612610215419,0.850976372073851,0.0960967196834145,0.127261032450599,0.03523343449051,0.0905083370555927,0.149238870729853,0.195883815604783,0.128753953924482,0.027849606650137,0.144471947869616,0.128992952795492,-0.078733683970562,0.06802807204019,0.0185908519368086,-0.00339600017370224,-0.0845813623798083,-0.0787102113948879,0.100114793743734,-0.115690437705659,0.13232669308431,-0.113944275515285,0.108574384909395,-0.106317090271435,-0.153925747998544,0.0333738932256931,0.0730157805180158,-0.02330363757781,0.00156508530261316,-0.223097495901369,-0.00336177121312471,0.0210090764002052,0.245028253539278,-0.0573322024576851,-0.0633911395088802,0.0613367697295112,0.172452900463445,-0.0441737069749675,-0.0263472199815601,0.10140058262756,-0.0445312841913145,-0.0769391268623495,0.33905965783736,0.184692696118789
-0.0021272487003874,-0.142401269238211,0.0956866717681649,-0.196051228918736,0.051763614778529,0.178735091757254,0.181138418351702,-0.0304121266616143,0.13267106848351,0,0.231244190418667,0.39952896806737,0.100887250178988,-0.187190117852709,-0.218846865117866,0.0513433104426964,0.0651542584111658,-0.0812994745466644,-0.168135545595957,0.158986923185694,-0.0287961646217914,0.00625159158377288,-0.290242546070015,0.371724763053799,0.459988374623811,-0.0468115407480646,-0.104356949476879,0.13754004766397,0.144616131677997,-0.26720061269372,0.317029855834661,0.00641958606191007,-0.213779295525263,0.0220910727181322,-0.0851639072980075,0.0826082048962681,0.127429191459531,0.304022876113267,0.265464004008192,0.437880147135249,0.244161515100872,0.525832819010738,0.180299133087718,0.225566352018652,-0.0188425643287437,-0.190055945568355,-0.254254801102553,-0.238248748644876,0.320167871821062,0.298635098333148,0.0464380390600594,-0.107278326949255,-0.159215564623931,-0.0139556418255148,0.168627465701556,0.166772689776121,-0.0386177862635554,0.107572507890884,0.745693477984568,0.275096760873307,0.240648221523349,0.0648277037304,-0.227945361580157,-0.226811987640022,-0.258671521078855,-0.22099685812452,0.357206207799571,-0.147363801096632,-0.0918130726971776,-0.0291228213642663,-0.0946532613273527,0.0548296615836286,-0.333042451610312,0.384753277260138,0.338101718100321,0.28969240486633,0.0904284643380334,-0.092136052273659,0.29945502953813,-0.0498248345270312,0.0765040270258993,0.217192728862922,0.454042378556205,0.0114153694039979,-0.108292230087068,-0.280126449191889,0.264575359057686,0.343434165629106,0.310250457526471,0.366067723187695,0.0946324432372881,0.3578705600944,0.36494180595269,0.478247481189551,0.414842872141016,0.307553537620553,-0.235390694961269,-0.103397082053929,0.341719125303513,0.339654132028444
0.0466744941864158,0.0123041557740264,0.217220566809847,-0.0543155142873812,0.160789775773598,0.180598191907632,0.0512033488122434,0.123105253694577,0.154791154421909,0.231244190418667,0,0.704021251675398,0.517993969657164,0.244234879090449,0.212551206221214,-0.298587059449546,0.417664537330552,0.134588384295694,0.300657892941429,0.303585744003684,0.279738820245787,0.324160147746613,0.0528212455251947,0.665022718000372,0.180969934892243,0.640422794407652,0.22053174574911,0.377555202085904,0.474664422528998,-0.0245275808552033,-0.00870339733615813,-0.202678207100881,-0.449077828865987,0.310358938056887,0.247438857401004,-0.0666659909875927,0.308655557740288,-0.00660073978493478,0.268144260568076,0.160574002721463,0.307111892097704,0.411650270226756,0.590961900491742,0.392403993733666,0.269268848735989,0.156454901084719,0.085583479779156,0.108584467552258,0.253138985116249,0.542121662383322,-0.20754614027107,0.0542790235210224,-0.350149986505606,0.055157057064293,0.191208177552139,0.250969072557598,-0.011307100341235,0.221050269516203,0.302249381876601,0.758664401119281,0.617088422009325,0.420877811050646,0.143064906788767,0.173337573064179,0.192778583505893,0.159315873077331,0.00403500841710312,0.237724717916481,0.280327297306534,0.143657654141964,0.279125412493774,0.326056753866837,-0.0372830843695383,0.257943886113445,0.54814689712827,0.537476389852397,0.439486880667788,0.187079428958296,0.00151305364159518,-0.220979143759818,0.242159714459305,0.143646941134302,0.338535194671893,0.239057362366954,0.217002419330887,-0.0547317436026824,0.314342447853848,0.257714519895538,0.326700128977908,0.225225821898082,-0.177901028699814,0.157986098666956,0.369618311005364,0.115116430357441,0.475484804306067,0.419811307158197,0.162138382810995,0.162654219290707,0.293493541937049,0.521809612656303
-0.0594708128885928,0.00805345849330018,0.102601037575545,-0.0754840356770178,0.165770565838424,0.122889404077697,0.148978310424816,0.0977048927195239,0.138190377852554,0.39952896806737,0.704021251675398,0,0.556390954098571,0.322579738861216,0.274993675320819,-0.216020946470321,0.524992629133176,0.239712439709535,0.355278217573724,0.421563754810452,0.352509499311475,0.376189289416278,0.104137427816547,0.779846247700815,0.129475307466749,0.589318579542084,0.316647975217186,0.459235083014562,0.532994807143127,-0.0234516994219647,-0.0351394490287984,-0.123198251878937,-0.380158235468067,0.406784867156431,0.351639628733475,0.185004444980149,0.476348060209031,-0.176483524563132,0.230484100540209,0.197242752466872,0.486291592183088,0.475056639306653,0.591386232246544,0.467475704465302,0.401519589751175,0.178022424385297,0.165144223969334,0.108483263120023,0.350778663267741,0.587061633865035,-0.256718816038983,-0.000280638264869379,-0.293982666311822,0.164771999526333,0.16730737585601,0.106681509013391,-0.0833399530330787,0.195163683725238,0.300338140932016,0.743928447380834,0.804890602881487,0.458459419373522,0.183391831557248,0.225234415766925,0.257932484862155,0.223262118895301,0.0197870332839673,0.31258506057299,0.392552039952984,0.240544439733634,0.345158238847226,0.387754853981354,0.00780083820115306,0.260418060785584,0.705733125457033,0.575120998262632,0.489230367131911,0.219979092415134,-0.0544418945094109,-0.205095619663468,0.402016691684872,0.311898953239111,0.419465700269488,0.352936487715875,0.304883689829805,-0.0267082633414048,0.504443825379018,0.320789250454154,0.492507600585976,0.363001310212863,-0.160166609815507,0.00297727587893525,0.351920004685135,0.129555546865815,0.528312027093748,0.460339537560486,0.170442620275215,0.134018228965378,0.307938810357044,0.546958135909233
-0.104944539596346,0.00843257959823697,0.0182735579149598,0.0679240290947136,0.129914924936821,0.0804207095709115,0.167286575949953,0.234698215972697,0.106363743306019,0.100887250178988,0.517993969657164,0.556390954098571,0,0.631277169636066,0.580469313381657,-0.294498954956702,0.690168877515362,0.33616014409452,0.588934094382238,0.375099733365826,0.541744949257841,0.673164242014118,0.438466584982366,0.567603023413762,-0.0235474062774736,0.573235867366817,0.556222326273674,0.617828884938085,0.718044849553858,0.220282768323191,-0.141104731230241,-0.20966383027205,-0.337817280512452,0.550263596264372,0.645353007582419,0.0660985839283938,0.521650780517521,-0.251631037324737,0.195440685085348,0.0873585660737603,0.441466205770443,0.248385990877718,0.519723978665577,0.47173133193409,0.496185464241185,0.41594381235211,0.46346213148561,0.400001534103185,0.19586677862206,0.472068310927057,-0.402512665791933,0.046433162830886,-0.190067369230628,0.178788342745049,0.0645678077094245,0.0588282623717702,0.113029392023822,0.204677888319784,0.138272517809363,0.569223189528419,0.644453660642975,0.859799289468895,0.533935185620018,0.487916926594372,0.5360416884126,0.499369916105012,-0.0126329608895411,0.570075124517968,0.633428015348401,0.324213139355748,0.549260871774948,0.639570131588027,0.269158509722907,0.173335508228874,0.518842262021989,0.447887872105025,0.725252429350249,0.474345584681688,-0.157765530791476,-0.297327789241161,0.455255287644777,0.283452873905761,0.301621023842615,0.576111675544666,0.535161325257237,0.254145110667123,0.5842579332758,0.338547476302085,0.380545987372616,0.193989233162483,-0.181480803952488,-0.122344521988734,0.32878685386385,0.0476201826186124,0.372642178522312,0.430322780639861,0.410718264747893,0.377199182619808,0.199022434137012,0.41874762622393
-0.302972272473596,0.134333644691869,-0.0753708317539318,0.209703884323984,0.176308540899474,0.0535663646463976,0.214557743148831,0.22311770420111,0.139210084324537,-0.187190117852709,0.244234879090449,0.322579738861216,0.631277169636066,0,0.808705456349322,-0.352828945855729,0.513167038397969,0.409801164828886,0.746438825598021,0.234664935970185,0.565549490669247,0.512068033128599,0.778051764397514,0.329043568399754,-0.228045599958028,0.478479895153268,0.717937129671255,0.544474495617667,0.57266522080346,0.434121562669959,-0.17226459752468,-0.027362696765885,-0.0463333608610797,0.47520934480825,0.599640227730667,0.161940266431138,0.315084826310599,-0.413381365956336,0.0758580808098752,-0.0944458008791093,0.293361349603283,0.0373248242195529,0.333438037976865,0.337704261980356,0.565401998479769,0.581289282792874,0.756587665305414,0.530462135413319,0.0614113738910861,0.236184379247798,-0.502356642328999,0.0231608355229437,-0.0961262307059944,0.302948964111573,0.0821126708340592,-0.0337252117988858,0.0922272725284177,0.198925068668246,-0.0652976403279139,0.359672899958676,0.433099431984162,0.554159488001467,0.758054451134293,0.812461124168371,0.819239154903095,0.802597930385637,-0.186343689976997,0.553381277627998,0.603407250089811,0.269552032653825,0.571430054183336,0.55097628670216,0.645497614805907,-0.00378177535238938,0.332977518791788,0.274245923299484,0.670308243104666,0.628493948157271,-0.175907519466309,-0.10117548452284,0.299153363364825,0.0543483496321123,0.140777774145217,0.484474586769767,0.691735925318299,0.497188337732431,0.467903120196388,0.257795913965487,0.255906028802913,-0.0746457584386904,-0.136828111584273,-0.227211781814299,0.207587513326039,-0.136496521385237,0.202967358992348,0.325868117180751,0.619880606894108,0.452135438874327,0.0375326745569001,0.186825282827023
-0.302251058376322,0.0117859225735702,-0.129457991449453,0.10743881124034,-0.0232456398031894,-0.127055591455222,0.0985049660266986,0.102434614838006,-0.0208318028488044,-0.218846865117866,0.212551206221214,0.274993675320819,0.580469313381657,0.808705456349322,0,-0.410134393558137,0.511685046837434,0.397442974716435,0.690687250165679,0.296222332144691,0.673502016004183,0.485190444786674,0.755657749498561,0.315070593539923,-0.315721661508575,0.40550868785592,0.695776976093042,0.559467051141696,0.581156379598775,0.570523361534195,-0.156436912470061,-0.103442542649317,-0.128470455407203,0.475218064754101,0.537076596720151,0.0828169634241821,0.340179395669476,-0.451457528229632,0.0027457618254446,-0.0957678460527782,0.229308846845768,0.0520552387172646,0.275155617375418,0.345560856661861,0.440177225640462,0.609120358611112,0.724729356243964,0.617253627875279,-0.0390943826638015,0.193801139170301,-0.473366623940737,-0.0873609528875567,-0.174654333689678,0.114245452418623,-0.0923392362786152,-0.11099628482089,0.0218126479413456,0.0804522103960156,-0.0616926164672385,0.318185802254907,0.413032912202616,0.561845866412055,0.648386709073275,0.725846338947032,0.801702463533918,0.895425692572218,-0.215353241166857,0.55683266190141,0.678670603923325,0.304325442370215,0.752398686168996,0.525086876816917,0.651693751401607,-0.00615627156120641,0.315434031075548,0.250893838515066,0.67204029550154,0.700208867587865,-0.176545722735498,-0.133421693584013,0.398940681539414,0.0502783096253111,0.0783334340781172,0.480667530887266,0.664219460690136,0.58821476107342,0.437346374299569,0.248928910676358,0.226433260293299,-0.0125877293308794,-0.209662956424102,-0.263043355828273,0.118049933500069,-0.153397908178797,0.187438636380068,0.310536017487998,0.602687352246702,0.534153872970075,-0.00943352699681572,0.137964163824829
0.421580736049175,0.178684234543354,0.165714893080346,0.0676170754487941,0.0484339474302257,0.129132474126204,0.167860007266496,-0.0187903981723524,-0.0676891292792596,0.0513433104426964,-0.298587059449546,-0.216020946470321,-0.294498954956702,-0.352828945855729,-0.410134393558137,0,-0.281714330297459,-0.0127933649235232,-0.320839361760989,-0.140447431417727,-0.330767659392016,-0.21345056411834,-0.324248130042612,-0.215457632016266,0.17272653308815,-0.276134244773838,-0.273008874623882,-0.319425548464477,-0.376944345646108,-0.426688639047123,0.106669738120552,0.363415668688295,0.30704452738383,-0.254651847932169,-0.183204509830203,0.0848983103951002,-0.208497958779456,0.243555128456842,-0.101581427177714,-0.0107754451589006,-0.163232313317513,-0.217138326850112,-0.27224180078404,-0.30108570483418,-0.285361053658734,-0.368771937733488,-0.317971186209043,-0.428111178830763,-0.0116408212957104,-0.296739729796339,0.564942193511896,0.308929626435343,0.453643042211969,0.0147317004076732,-0.0232610382782278,-0.0271849736307668,0.0796742963861588,-0.172620422653299,0.00469917278949597,-0.342883580077493,-0.281319911866123,-0.299602732191,-0.242699745252763,-0.342392446589258,-0.374596979331482,-0.392966405276162,0.13882440403005,-0.303090084625987,-0.283799984906424,-0.0077157885505036,-0.33300780455794,-0.203403602797545,-0.306543447937876,-0.00121004982749857,-0.165733197844114,-0.177528804175686,-0.377659976704899,-0.354276490604271,0.103224331444138,0.263405485736998,-0.110826325135052,-0.123098163418639,-0.0244216751569965,-0.176185911389677,-0.264305368845819,-0.309854098099761,-0.200006987694876,-0.111828875377904,-0.182957921138459,-0.0926536234323279,0.323775780915952,0.178279060687976,-0.189419251221281,-0.0262821389783678,-0.15175609871205,-0.295079879675433,-0.3267557249735,-0.388214597443859,-0.169579339451247,-0.28060220753364
-0.0504737789795936,0.00150892300309776,0.0562017469578489,0.0438339655271362,0.122842819201144,0.0301818473533089,0.16712226933939,0.274533832249912,0.133093465497981,0.0651542584111658,0.417664537330552,0.524992629133176,0.690168877515362,0.513167038397969,0.511685046837434,-0.281714330297459,0,0.583547786735043,0.731208010079797,0.606379317886554,0.710591005884474,0.753955176408405,0.372581567993801,0.660488175088484,-0.04268389822917,0.484203507322426,0.51796385332735,0.552295802362415,0.795960406616613,0.187405714095116,-0.142843335321561,-0.336660704498774,-0.457375026712494,0.781577777329986,0.690085047170768,0.211730427319255,0.597631960941547,-0.318593090818977,0.126122513310434,0.0467777753922192,0.484316977226227,0.327895479622693,0.545158715681491,0.495356351918843,0.534175161206483,0.367898272581158,0.355820234788292,0.400514283148801,0.20783685153903,0.558044704288096,-0.37877892470596,0.0431573934627873,-0.22061241534591,0.132969320849849,0.0682629402409412,0.0466024453437758,0.135589978173463,0.224010668444686,0.132061616737255,0.445571889035536,0.488303386441775,0.598374676664888,0.398618461609271,0.416773706939936,0.502007796188024,0.378109017865146,0.063519403582671,0.735108392145047,0.745258111238508,0.586168197698667,0.684322657447007,0.666624726817346,0.273270521862181,0.114459923409909,0.544205675800126,0.434328322918199,0.724229215068822,0.362464596224848,-0.154140663844439,-0.411677332356111,0.555291821420963,0.294980364041101,0.373098510540915,0.653423160895718,0.510334530122611,0.19567456141479,0.581695220270022,0.31806874820987,0.470324121865411,0.236737795413387,-0.254063309013919,-0.13600441947414,0.192829043487588,0.104881894130263,0.401947222672122,0.420762378279706,0.345368838270269,0.391395415325289,0.248101967112603,0.433235757607376
-0.0479461598787403,0.174476609781047,0.0398047505777263,0.208881133557997,0.11043042648368,0.00989511544752764,0.262386120204976,0.355522122606351,0.150521137091006,-0.0812994745466644,0.134588384295694,0.239712439709535,0.33616014409452,0.409801164828886,0.397442974716435,-0.0127933649235232,0.583547786735043,0,0.54211671306538,0.640971564330257,0.635951984895373,0.508236491661371,0.387538464785973,0.400270174801126,-0.0853469534081613,0.277319069559919,0.429389540276246,0.250326597837047,0.41529884594358,0.097409936068005,-0.0591973254219744,-0.235304422507902,-0.182582325019529,0.770905690674023,0.487968000807067,0.544119256577769,0.334263467166349,-0.377407914640935,0.0272716023831132,-0.00978970370586647,0.46054146213546,0.11054458233188,0.274532953556422,0.178423513367918,0.402292109076564,0.186827772084769,0.312970975863438,0.217693626156224,0.165177668160909,0.374838589584632,-0.237824457173127,0.116633653115606,0.114541448725424,0.200397277413433,0.0391947358967123,-0.035338406991075,0.240460571745539,0.191202071886919,0.042383096804313,0.141125915472936,0.186389048532092,0.252538849837046,0.284526163316999,0.346421748924332,0.40886110912594,0.321782686182444,0.0807660813056388,0.468973768663639,0.638396883861546,0.816826868952269,0.571398275532444,0.435023755854307,0.335621225350203,0.0700273113372315,0.329261496035719,0.214145959374886,0.404059266638559,0.293109752729877,-0.0631868268363488,-0.236083966326164,0.455263120159622,0.301657005066797,0.250733984528572,0.456992616861403,0.392735969139907,0.136917617376199,0.422526643485204,0.124877329378311,0.532314407656733,0.220704753179711,-0.0779106953964194,-0.163921708951561,-0.0053046818048061,0.00528455100520692,0.203072812270385,0.171648925334117,0.231082675309389,0.227094782888917,0.124792932165859,0.242954842879754
-0.114914833180324,0.124874692951608,0.0353391741413471,0.114225498635869,0.160998001827043,0.0795981612555028,0.167434591405685,0.234127215165396,0.172630489884674,-0.168135545595957,0.300657892941429,0.355278217573724,0.588934094382238,0.746438825598021,0.690687250165679,-0.320839361760989,0.731208010079797,0.54211671306538,0,0.412030275199154,0.666681981528469,0.604889298527852,0.577150435562452,0.459432638370329,-0.164748421299172,0.464908145848041,0.640800174254263,0.490291106284605,0.680334890101929,0.302307653211698,-0.112922362265077,-0.151705615190248,-0.181216915101632,0.635792138958875,0.682942179801304,0.226130658973546,0.42858609458065,-0.391943607718135,0.0858668403007187,-0.0867012494183515,0.370421785541241,0.099360418867639,0.373927546194443,0.436470106064356,0.57514806661047,0.461741093233888,0.607018497410382,0.471554152672845,0.170777213696001,0.424903249469082,-0.434732436455624,0.0980158339271305,-0.151076733992014,0.226649906465776,0.107788862944861,0.0411946260612984,0.0780679571371181,0.243453616853747,-0.009239348170312,0.304149074763828,0.391367167016897,0.534143385761522,0.634336142683298,0.651052388263964,0.728910342686244,0.609647319186593,-0.135235210682746,0.719259176646869,0.713194495319522,0.405417417844403,0.677171537803378,0.633250260805711,0.492551008235911,-0.0589135326459068,0.384324812373782,0.297758203308221,0.731948390265069,0.477223429727404,-0.144945116970257,-0.218863042962599,0.434788239655524,0.155335610880983,0.257045914187082,0.577339687052024,0.628069650260603,0.393703130405765,0.539638100540413,0.260014182912169,0.359502111395331,0.0286300341108207,-0.162663128593085,-0.175225527199828,0.187569328237446,-0.0592342001160405,0.297745541460785,0.398748363853392,0.473118191335014,0.429417262064162,0.181893243635111,0.351465102174791
0.0335856968923481,0.0967341365832297,0.113964039472188,-0.0500995022605426,0.0849160320470587,0.0701040938325045,0.251369063030453,0.171722499836098,0.115975016404086,0.158986923185694,0.303585744003684,0.421563754810452,0.375099733365826,0.234664935970185,0.296222332144691,-0.140447431417727,0.606379317886554,0.640971564330257,0.412030275199154,0,0.643124155963751,0.374114097792737,0.108134867986293,0.626953074995239,0.0293437974964443,0.289601718376583,0.307448026457342,0.265606632081076,0.552226477859504,-0.0749269901389775,-0.00496685881514371,-0.287863723269123,-0.31307499492001,0.663929574147457,0.349487330459467,0.433984672095427,0.374102384828201,-0.286821688970906,0.00983286966797491,0.0863036059576696,0.515352817637614,0.209429332189446,0.281531120952454,0.219570496630881,0.305231837529681,0.107215405443552,0.0876802451087448,0.103761194051469,0.292379341471488,0.545147558608386,-0.168417700247342,0.0853436952252288,-0.0815771059048721,0.129571754116904,0.0955038894415329,0.0645553995100642,0.148936833207741,0.180309584414455,0.214042565370896,0.29699190676682,0.351479393888607,0.306499475663323,0.0579981709961058,0.136272635514272,0.199815810390532,0.146341858746873,0.213821061631554,0.318975989401322,0.529348665051819,0.641889337684829,0.635379195197939,0.337684151860764,0.0430084909126778,0.135583546708406,0.494304477720801,0.300349796971646,0.455268860602778,0.125656170044717,0.00811455915722002,-0.247813341617316,0.567809989442863,0.467275789772847,0.323183304176716,0.407262301189982,0.291086734057391,-0.0131807122391006,0.450939183897229,0.151246747075082,0.75585624035682,0.427147352823516,-0.0884044000795778,-0.0519858954461443,0.111137821172476,0.106120042876897,0.311619666589149,0.236894718976311,0.110038529992648,0.193843365917164,0.287600285977165,0.453119934688251
-0.170436025676724,0.0554043938913082,0.0174046401494618,0.0415872189716489,0.0715946021555235,-0.000841213461152035,0.214612511646428,0.241965327376074,0.118635899304969,-0.0287961646217914,0.279738820245787,0.352509499311475,0.541744949257841,0.565549490669247,0.673502016004183,-0.330767659392016,0.710591005884474,0.635951984895373,0.666681981528469,0.643124155963751,0,0.607722490929337,0.436048906235823,0.541490022333898,-0.153038637239048,0.377067742783653,0.550073113003961,0.47040550895542,0.677534079819417,0.23813907191859,-0.0346650168005236,-0.238936348561219,-0.332590342054377,0.725279391279094,0.565675801076134,0.234537867695601,0.405705830610696,-0.384660962898748,0.0844992268468134,0.0270858747514675,0.431152582398568,0.181704711945774,0.416222307891081,0.34689252326819,0.423417964561295,0.407838662505073,0.41526477311103,0.419751746996828,0.151197425294147,0.46256584004208,-0.413490817930459,0.011225981211221,-0.16878391808605,0.111274030093612,0.0446475029682599,0.0274022970732079,0.159046892709537,0.224358425206393,0.141867347501592,0.286958757344307,0.354216534255205,0.461060337382206,0.324790876248739,0.427518529095679,0.546961573254362,0.510386570426434,-0.00697898598696059,0.553601062956929,0.692168519270704,0.637619216555721,0.873885660030257,0.559900470977329,0.324895059091143,0.0893142933384705,0.404429784128875,0.271527793892902,0.638787859662601,0.404671937223295,-0.0313950645257265,-0.245370478860874,0.458886049068392,0.252010428441356,0.295430877354569,0.52031931886267,0.512916374721072,0.286574187714974,0.531357654235068,0.253939434427416,0.486343525707169,0.197508672674568,-0.194069982586133,-0.105956758790958,0.149021646663409,0.0237685846711411,0.318401590536135,0.33150448605771,0.36145910337252,0.413147485068856,0.140557417735916,0.340809176640199
