0,-0.127445897462488,0.00488404319429283,0.0704346476306608,-0.0240177885413571,-0.093833218341569,0.0102577158737489,-0.216747583164461,-0.301675842092231,-0.125728751288478,-0.20491677009204,-0.134820015233648,0.00320544853882103,-0.129024126317048,-0.0852031211286361,0.359601834197356,-0.156715765090573,-0.0544155128960791,-0.210883692674497,-0.173123867970958,-0.139128686128895,-0.00466015521575333,-0.0268832064442317,-0.166784531914698,0.0752289417587692,-0.0795901170224728,-0.112914781019091,-0.0437923908924996,-0.198673400192681,-0.0839222622824776,0.284930929094321,0.366762574034588,0.248297553315062,-0.00103608050748062,0.0360022882558983,-0.088845837557101,-0.0105301977135639,0.324322736446705,0.0656323125425134,0.0187761066682776,-0.060042493244061,0.0787548756839443,-0.0157561773876647,0.0174045790194593,0.0527370038284431,-0.027678116034149,0.000779408011654943,0.0400970297922967,-0.0726232621965944,-0.12519724973264,0.663710161012843,0.103671806659545,0.21462780657399,-0.0202969681120269,-0.207201058259656,0.0038045133750574,-0.132340270552611,-0.28439587091865,-0.199719820573016,-0.158458121513125,-0.119730857748638,0.00911634376756601,-0.129183627497485,-0.173449218847846,-0.183787794886587,-0.0981407025291442,0.00698567508012674,-0.200216348630143,-0.0677928385495581,-0.112697902210659,-0.177398585256068,-0.0773935988390149,-0.0424136365648858,-0.080421230252995,-0.193096474798078,0.0108282671844217,-0.159530855997421,-0.0816364060614459,0.113047732992295,0.327588150946794,-0.0907505285544123,0.0524503542307034,-0.108743879804986,0.0619843589231057,-0.0633833520428784,0.0516203389958483,-0.017835286470158,0.0364139347568666,-0.039013531437038,-0.0897160105875262,0.28685440781219,-0.105604638692068,-0.115320706127273,0.0872857088543302,0.119203966704941,0.0483548778612589,0.034120884654815,0.0762059735538979,0.00496220062580518,-0.116438557728332
-0.127445897462488,0,0.530152382470379,0.274787509416878,0.569252306096995,0.566320549162968,0.27105196201964,0.766346922394698,0.54841307369411,0.218397256186045,0.325530907402169,0.360115376133761,0.263759995427996,0.21669162269279,0.0964048074714968,0.221654137865202,0.27336974099157,0.353040771631188,0.259142911225703,0.124391727007185,0.140314674402774,0.161776545748037,0.0151540225311766,0.189184747349171,0.287202567595501,0.291676043896706,-0.0530940349365015,-0.0312232291758212,0.29648879876451,-0.177582141117459,-0.306734534253849,-0.404053680812962,-0.370623227890106,0.0928429716199487,0.208766631320594,0.273522168552188,0.110277658420134,-0.40049272013248,0.0235855062765384,0.0823499534628308,0.011836811915965,-0.068923271222848,0.159976523287237,0.122618517399009,-0.117106273793431,-0.165424980100223,-0.119359078577398,-0.14129700458452,0.416319650265652,0.157022473961503,-0.292601471769121,0.749447230417475,-0.0727879450041615,0.226857648227565,0.736723682953969,0.461302543244445,0.67643621686034,0.56329637074997,0.357335776027806,0.348449388043199,0.399483678777823,0.25633099230363,0.26557855675481,0.231300212636833,0.225656279891895,0.0551931247565923,0.190556467843229,0.360412556390246,0.27395194089045,0.34439648652174,0.211062386346886,0.198185177018249,0.0153649392476535,0.270296293191943,0.386404393244529,0.315890837645705,0.287789388462888,-0.157176363535829,-0.353450095964865,-0.428207096540945,0.094973080334494,0.127639169596454,0.234039258138449,0.212549463277217,-0.0957750227991398,-0.107121926377501,0.121766721257247,-0.190692946643542,0.245904593667953,0.0304791214092209,-0.331441371104902,0.144202676967567,0.17432638262765,-0.0583697654266171,-6.16629242682177e-05,0.0460122310295122,-0.16837259451403,-0.197888964869186,0.375607917350716,0.154189269456944
0.00488404319429283,0.530152382470379,0,-0.37847118344976,-0.0721248242376239,0.721674816455946,0.380314655174948,0.307120819821133,0.426522696508269,0.0612071850265357,0.319155891591556,0.337198368123734,0.323928788357903,0.193323807060391,0.124475291479179,-0.137260997014988,0.335865589284115,0.173483072200216,0.251985829520998,0.157153005873135,0.16971121117348,0.276819427922278,0.074026309490205,0.354869595495564,0.288741041538849,0.409815062361083,0.107991045699375,0.0701505631804671,0.212140752854175,-0.0896502609764438,-0.395314540774117,-0.497676671810846,-0.470267439038561,0.276580023371724,0.252699017520704,0.324739976495355,0.228481039951157,-0.532710323773021,0.0729697307929981,0.153850489741828,0.31188221224774,0.160358969177376,0.348056453441784,0.333706135550505,0.0866220750343986,0.017652005035283,0.0454131006407794,0.00935061041375705,0.611834281166661,0.304224823472189,-0.34024317301076,0.714308740886975,-0.406601165108054,-0.406727189941228,0.629322090201948,0.804565716786838,0.238012783617832,0.415356429077034,0.0800016282637236,0.289635044537565,0.36602770672271,0.299451678099613,0.301819391368934,0.146119758458688,0.152603566096747,0.0963672166371145,0.334275641826858,0.278319346914889,0.270657510953243,0.154770981435257,0.146856048317052,0.271645998104931,0.022502720975449,0.366147375552955,0.36791142319165,0.457715271810855,0.268645101628501,-0.134815415500452,-0.509930468772202,-0.485805824211831,0.298136791055155,0.291038990722648,0.200201589795718,0.321280696307777,0.0528010022711884,0.0522442050497836,0.094057124891336,-0.102620662008853,0.301786629003711,0.293239789843017,-0.460919501485149,0.257358475799925,0.0995702421212658,0.102106774170288,0.309610812517616,0.229360163938338,0.0201240289345374,-0.0756092985043995,0.550089699459189,0.280914896632447
0.0704346476306608,0.274787509416878,-0.37847118344976,0,0.719173008168676,-0.241717830287138,-0.130689943428601,0.367597833893838,-0.0556570419849738,0.065790022636881,-0.12018943198476,-0.0974566028241634,-0.116486331103429,-0.0298836046360912,-0.0480154875879857,0.532417028628142,-0.121188463793781,0.20137394610476,-0.0730080032176683,-0.121049513256187,-0.109560722516826,-0.102361394267076,-0.0222149928139037,-0.286443867167972,0.0614123778049184,-0.215063501594703,-0.185376740909896,-0.105098704586212,-0.103571686478486,-0.0227327931326771,0.297383488865076,0.313842665681114,0.249558710102172,-0.160969992648855,-0.0493786625125378,-0.235943354781675,-0.258437062851793,0.306575330287044,-0.020209884425404,-0.0723395121718266,-0.330221640862199,-0.241761290284977,-0.225893102170897,-0.194634848973706,-0.128423503759128,-0.101486117152025,-0.0764498428922049,-0.0138961593648857,-0.307294008982453,-0.233242841935809,0.222532450152247,-0.0596491305805144,0.53885263296323,0.854610176896869,0.0118690513855473,-0.351228606247964,0.418058300188869,-0.0162605610942629,0.143166639943473,-0.0442767740459503,-0.0456315116411947,-0.0780350286495735,-0.120077265063965,0.0640819286228246,0.0454412623029891,-0.0189983633073888,-0.236541120366374,-0.0029727744936809,-0.0573407635929486,0.16776868350819,-0.0193308689946999,-0.159085695588003,0.0636110238277695,-0.212910994909736,-0.123185795630187,-0.186343965104725,-0.143466975428485,0.0182649302485512,0.290625081797703,0.252345354685034,-0.289904440913664,-0.192247233996822,0.0409857463685042,-0.149249969857665,-0.194951036283233,-0.112258316995891,-0.179636342004553,-0.0863096093668538,-0.198075648546978,-0.353257565626714,0.277095930156533,-0.14747635725729,-0.0743006007351135,-0.229128945465522,-0.277523239987505,-0.131527397426271,-0.0864187601277593,-0.0193912067357424,-0.296305521901167,-0.212221586500692
-0.0240177885413571,0.569252306096995,-0.0721248242376239,0.719173008168676,0,0.194771262597503,-0.0667150601600256,0.604573430868511,0.355997181907769,0.32127228053313,0.176079005945755,0.248664538957118,0.225010012610172,0.243104459868888,0.0888575557712456,0.384850585761562,0.16700952316551,0.244612089065304,0.204498149039097,0.0327281565793211,0.0978219221849926,0.0842933791433581,0.111855446207265,-0.014895568570121,0.234551824346709,0.0807650841392566,-0.00285786925729881,0.0625714311031564,0.220466306365297,-0.00101870072696265,0.0316739800176695,0.118411993503534,0.0704638673113912,-0.0284483871477142,0.164789377246061,-0.00106794674283901,-0.0448252354622162,0.0993091098917242,0.0368468271339583,-0.0129381684188613,-0.187721769528408,-0.180472061505624,-0.0663540839242631,-0.00782363266672776,-0.0929297106062823,-0.0628386766275418,-0.0184190161308672,-0.00786650114259966,-0.0013035211519149,-0.0226696531886745,0.0121521241417111,0.1682549040146,0.347913813792972,0.723728725830421,0.453500126604837,-0.00313191091396184,0.521293694668366,0.364175766298343,0.409305512906679,0.290170944626854,0.294831521692895,0.240310801326702,0.184306729474526,0.30694801222755,0.232813025504094,0.0960042203879999,-0.160805665087004,0.317442842465967,0.152991383848686,0.250850647884575,0.180092658138206,0.125306241817258,0.159063210127398,-0.0471428887685613,0.225341775497437,0.0790594048070177,0.154317374245662,0.0395684615708403,-0.0113552274737182,0.0203856951502564,-0.0599890932548656,-0.045540240909916,0.170062434943012,0.0821300044906207,-0.0542139394351391,-0.101909739210359,0.0214745484580696,-0.0987766309425036,-0.0048089847576466,-0.201468130175995,0.04351988290327,-0.101661407847628,0.0659266869704546,-0.202462550907689,-0.189942575607482,-0.0463145021473071,-0.0573370891000235,-0.067108195395386,0.000249293224646957,-0.0266974821291573
-0.093833218341569,0.566320549162968,0.721674816455946,-0.241717830287138,0.194771262597503,0,0.461949036161662,0.453568229246335,0.725084089053257,0.449644964979041,0.489776642778355,0.515707191428477,0.491650962282798,0.303372933569865,0.15926345789602,-0.093729549393373,0.396055311795339,0.153856082603712,0.333178958955776,0.191750511827461,0.222269719294552,0.29324427820152,0.0766357420408492,0.498227615802907,0.381668154953429,0.48837834282213,0.20472423127013,0.13629237045549,0.429332134002643,-0.0493200957707547,-0.354400852154649,-0.470903399407962,-0.461922106525223,0.196026639842243,0.290440834540612,0.436739703597599,0.252808376696107,-0.479127951178124,0.14954943906381,0.248118451835689,0.326318463659762,0.23575287256521,0.345366122803063,0.382021841055829,0.195581996223544,0.0332936706455189,0.0231830519443386,-0.00342246655620979,0.733882696309491,0.385149739742881,-0.364766171409449,0.554544364020781,-0.284909487075461,-0.251048826620828,0.805664501346422,0.846623805313301,0.346680112963121,0.650614664403949,0.448808191357139,0.498818020770914,0.538444295202419,0.443012882106307,0.44952171051207,0.275065537989609,0.231649778365066,0.127698624571135,0.427814173020077,0.368659121269028,0.256361975213455,0.138879120042147,0.234221769636497,0.360699297390652,0.00481656439922404,0.491325512347609,0.553187335028561,0.504454832093675,0.426769483079766,-0.0701764946508939,-0.455383975238115,-0.495203732407463,0.291901557812936,0.259086329817642,0.25310533459999,0.364832532051135,0.143307402553976,-0.00362082177675937,0.183356860737345,-0.110456872904271,0.329337818321477,0.298232030268843,-0.442065069131821,0.16741641611726,0.25423056579349,0.193018340760908,0.308709848640609,0.223982523889803,0.0299107639532751,-0.114321625386284,0.678557131273157,0.356654183497598
0.0102577158737489,0.27105196201964,0.380314655174948,-0.130689943428601,-0.0667150601600256,0.461949036161662,0,0.301493948607269,0.387711326173485,0.196120947314478,0.130079805026349,0.084665907961414,0.161800352425046,0.0423286973894143,0.0588699920276937,0.110314344679212,0.135874050246125,0.0598604627610614,0.0922015510400079,0.199141746329701,0.131701350056883,0.12960310646399,-0.0150445697837575,0.320413993059279,0.0390203683501326,0.0845248222711609,0.102071426020818,-0.151576378115523,0.212140621776471,-0.119818314202371,-0.0397293340637644,-0.297264911570461,-0.190472591016284,0.0667962291606741,0.130860595814546,0.271218069575552,0.0920208041935796,-0.124769908858886,0.35797888185955,0.475729326260765,0.384800299957552,0.360940189491737,0.292583149735535,0.283759018108683,0.257376406139145,0.0688159002759779,0.0726308013063681,0.0501532320159717,0.445438096939923,0.373017877287671,-0.0952232977830084,0.397769718111928,0.0805491582958631,-0.232851260969489,0.348709897105471,0.488012308504879,0.245547066916017,0.410920397927279,0.190843453176603,0.0366518825153807,0.0817405832209185,0.150407689325301,0.146366837226061,0.00718905641377462,0.0769532685161421,0.00642838359164613,0.783379932773243,0.0836153105041456,0.0913949712561401,-0.0405375065035767,0.110519002640226,0.154314523070552,-0.0879394281021858,0.67367843988104,0.260582187368333,0.0963148503499518,0.2316419559393,-0.177959963019551,-0.0812830502338095,-0.281995010251613,0.248250850677869,0.165170752302229,0.0658463134647643,0.301747441907261,0.122901681892497,0.211458504921933,0.0804682121865345,-0.130329892499096,0.311681552617763,0.428197081241108,-0.118793136763484,0.279999284183731,0.529084979639474,0.311599945950577,0.42752648539581,0.233058468616632,0.12625023179564,0.0407732478473391,0.494282346972523,0.347545606591109
-0.216747583164461,0.766346922394698,0.307120819821133,0.367597833893838,0.604573430868511,0.453568229246335,0.301493948607269,0,0.566057202796951,0.223629393579167,0.33595858276816,0.351785377923294,0.214844446575446,0.299256580512663,0.189504792460548,0.225181936363312,0.340862870855901,0.525279122504386,0.367088610350149,0.202336596811353,0.260416825366836,0.223829770543542,0.181328537654829,0.151625456391527,0.195937213359344,0.253619760527717,0.0796896773827934,0.0653555104267199,0.33077863263002,-0.0386690312291114,-0.302822397920798,-0.372113041519027,-0.341949099951863,0.179531338833243,0.301878591767556,0.223301485444492,0.0592423936338074,-0.334189090802784,0.0464533667856772,0.104841045403738,0.07310486987062,-0.065315079526288,0.192883180461335,0.126705267745576,-0.0456187635823887,0.0190783273980862,0.0374948867484593,0.010246922210746,0.366853332454106,0.230831313664665,-0.346041641502382,0.531115986169597,-0.011955473073498,0.323898591654665,0.670392772188302,0.336045827389783,0.848368208204509,0.646570189467846,0.403456294916528,0.341238549169168,0.401962624262506,0.182724256653583,0.273216172260706,0.348085781708598,0.323068966696888,0.156681443368188,0.258839284448214,0.438122862555358,0.395828640372253,0.501140706471732,0.303918727777951,0.240647136862969,0.222871911145067,0.296334107476905,0.352381517474494,0.251401490547468,0.310081511117081,-0.0150228755549257,-0.315010286626746,-0.414777336345476,0.12058349106115,0.181127930930335,0.243238172532804,0.299805342369227,0.0504031207326311,0.0637837164498465,0.103851230367782,-0.0531532980342737,0.266526651171555,0.0926453895707142,-0.296112141001211,0.162650606391123,0.228441868570163,-0.073732834616756,0.0593646943233899,0.105506484245265,0.0253054717428095,-0.00422014090493755,0.356908114899142,0.2300383397302
-0.301675842092231,0.54841307369411,0.426522696508269,-0.0556570419849738,0.355997181907769,0.725084089053257,0.387711326173485,0.566057202796951,0,0.385900395530896,0.409063664919565,0.460180107394779,0.372294403166967,0.349890108248535,0.211923462899663,-0.160407833901477,0.372921194619567,0.186368747625393,0.400342779546683,0.359340237283462,0.328836532304724,0.127410259952795,0.128388982821441,0.416929363794131,0.0943701776729071,0.287161595579803,0.286569356825488,0.0843788531312672,0.540360259314726,0.00213704696503918,-0.276645972552163,-0.297740875841191,-0.259215402971351,0.112353463755563,0.189203050439889,0.559939853597537,0.207573320301009,-0.299987441353773,0.0843529297549872,0.155129951890048,0.312098561623331,0.108055773378491,0.203489635911277,0.328860499292153,0.220335376704852,0.103901387971319,0.0716146133269799,0.106860527232859,0.514273761512765,0.417273957542955,-0.362548433850285,0.365028566150917,-0.0297189814713392,0.0043067470639143,0.71796588015194,0.63362477530937,0.452640165039977,0.894084700631182,0.431008653451111,0.407799592068921,0.428244636100641,0.305294740954692,0.405021850955963,0.366439550424448,0.37017451213111,0.18533121859114,0.443476862310104,0.440944501495151,0.248848433186286,0.236740184917541,0.393470278839873,0.277558531948896,0.0842092090073069,0.420648963080742,0.531101147077207,0.236281357232924,0.478577302620254,-0.0467447400206441,-0.300467456899066,-0.332235926876489,0.294920177583862,0.227818089219442,0.249341980636792,0.266317237173875,0.25508129388181,0.0336192004325112,0.204033414051241,-0.118601147752338,0.427056913286519,0.320995604253465,-0.214489423176246,0.0704138730149233,0.287024326123044,0.0263658655507943,0.139424007851663,0.222453273095583,0.130664665538683,0.00781724626874276,0.460995633855949,0.338471741168289
-0.125728751288478,0.218397256186045,0.0612071850265357,0.065790022636881,0.32127228053313,0.449644964979041,0.196120947314478,0.223629393579167,0.385900395530896,0,0.587723780780141,0.575866754412846,0.453218201153015,0.275093805490579,0.141123648431983,0.0800019256245587,0.321838061080016,-0.0621696765397884,0.210517386303454,0.00302920143750072,0.14114930969299,0.263724425510276,0.094143390137906,0.518370657750113,0.533173163621566,0.451895971360813,0.211045701360306,0.228009885402521,0.51786277929829,0.1070198078134,-0.110062977018936,-0.181699805824214,-0.235869513116634,0.0267481427252534,0.19478787285395,0.0488493131094672,0.209160754685066,-0.179092844271626,0.091409891126576,0.268559559919446,0.0610627425106293,0.196025003173074,0.153696421849073,0.294791350307768,0.197434741880668,0.017279478362337,-0.020397073889457,-0.0468343381279072,0.265172266314479,0.171510868819798,-0.156567753983752,0.0732881382407079,-0.0738663991949321,0.0587090529596201,0.366927136162312,0.289786430436748,0.166278108410362,0.327770045819668,0.832963709713333,0.583092706907206,0.544424296573178,0.431958051162298,0.478060949522996,0.292424266244841,0.21309375821496,0.129966354875589,0.236146662424061,0.303248117623908,0.0942689051790371,-0.099582572452188,0.142260497683877,0.372070858954092,0.0166296922165433,0.411863689912501,0.592307965273808,0.444207835321508,0.474307565989783,0.143077371373168,-0.132690285052368,-0.218431413520537,0.134015274194934,-0.050754624963182,0.287760875083105,0.224644415351975,0.0950419754261203,-0.0818138905283527,0.174587780069795,-0.133850745660009,-0.0374279387200692,0.118381866735344,-0.284272558173011,0.0503262878344197,0.308876737074097,0.192455100535198,0.118490458705503,0.201990242291431,0.0284903482949673,-0.144101653104442,0.252754996583784,0.185032615181784
-0.20491677009204,0.325530907402169,0.319155891591556,-0.12018943198476,0.176079005945755,0.489776642778355,0.130079805026349,0.33595858276816,0.409063664919565,0.587723780780141,0,0.756155346143648,0.625803059830198,0.505125206283393,0.385270159796435,-0.107660709416366,0.581543397150614,0.142502712545291,0.476266440125298,0.18036131969324,0.375004645687919,0.513916326115763,0.311976710150096,0.681370337370853,0.547176563238156,0.750016162146625,0.351999511303422,0.332118449199918,0.582581159377695,0.185204083228546,-0.485968499713586,-0.407139839138815,-0.506617540374935,0.286539065172309,0.420725430118876,0.262999102560747,0.385785342564124,-0.463127383124148,0.0580715320548426,0.203697848012881,0.345171037991512,-0.0119909534018419,0.427323502727323,0.446174498568547,0.146481511792577,0.162829675563508,0.187926691657299,0.118419148792511,0.528069226925971,0.469967953406339,-0.458561358070825,0.235926079427761,-0.423616583330094,-0.138490774948694,0.462751362343551,0.443029330894037,0.204417031061267,0.39685421993436,0.62756932434708,0.858176693452716,0.767199294541116,0.576508076998144,0.652706736667965,0.539025870530508,0.43575658756145,0.358078116979836,0.200621745246736,0.531062236429155,0.345985393989313,0.132065820540017,0.32799336616132,0.553870620696725,0.219427730593941,0.373280074268491,0.742085771966414,0.682638601289495,0.578498107532792,0.253532777412562,-0.532729120226356,-0.464780019629396,0.378357806125314,0.230207238598314,0.35765923924174,0.490903389628644,0.179616782043724,0.112855594139945,0.287203036173649,-0.0745900883578541,0.225665800303898,0.380914277147953,-0.568877231071616,0.159941303184866,0.248305451405978,0.0678902179972553,0.307953090428086,0.328759059337763,0.159981853510315,-0.0277060654651839,0.504860552496044,0.500826196572924
-0.134820015233648,0.360115376133761,0.337198368123734,-0.0974566028241634,0.248664538957118,0.515707191428477,0.084665907961414,0.351785377923294,0.460180107394779,0.575866754412846,0.756155346143648,0,0.642020565206543,0.465400044969831,0.348130418954461,-0.10173541657119,0.636475639417986,0.224169826942085,0.469467899396793,0.241626709261214,0.36803359311203,0.478563010896554,0.31316844459016,0.677255950032956,0.506267974640247,0.771210888929525,0.370420632684962,0.418507666738705,0.56112998344339,0.206947257024688,-0.525749477475335,-0.329251564340399,-0.44965500484944,0.269315958663447,0.416464085922829,0.365247492555727,0.381056490655443,-0.408710271731287,0.0688036051367702,0.249903551971362,0.313621469580987,-0.0355982975574363,0.460254741048623,0.414278214531806,0.152753299569029,0.19635109526036,0.154000889062668,0.167814629359195,0.47806043460326,0.400703745943449,-0.409869811736161,0.257737714025253,-0.377483834750013,-0.101455690732994,0.495257625181807,0.458162346755084,0.203024944048083,0.425856676707274,0.602822806145112,0.843689511526407,0.874414805471795,0.579469834987459,0.592448605683519,0.457837567048426,0.412590836310928,0.335599874103114,0.173530257033241,0.573102174989692,0.320238573117119,0.218504984510142,0.335362610864564,0.557909386748691,0.239901751325638,0.364306469858291,0.768133952361452,0.732677979546173,0.536085439754289,0.280682727142425,-0.61600192882933,-0.406538607536038,0.289626933365779,0.2059563958409,0.308719462379316,0.443394924853018,0.209945974890869,0.0755945257104616,0.262005881573575,-0.0186207870448792,0.287925968056828,0.314641436067333,-0.511022513763127,0.185233172301836,0.205446445637463,-0.00463481629427043,0.297845415677327,0.311062930080875,0.195004725516644,-0.00413820791603247,0.425026451416359,0.361193515319073
0.00320544853882103,0.263759995427996,0.323928788357903,-0.116486331103429,0.225010012610172,0.491650962282798,0.161800352425046,0.214844446575446,0.372294403166967,0.453218201153015,0.625803059830198,0.642020565206543,0,0.506753693266103,0.352980612021388,-0.0614700377723152,0.627847605093423,0.146174222593389,0.557518483544924,0.346042364890411,0.448479418427728,0.608603400750939,0.317767649837564,0.588702505254395,0.450190944753017,0.572330008704779,0.440731363728974,0.341731425367882,0.55671163177772,0.231989727090029,-0.364803007100724,-0.211616984330593,-0.356395913536512,0.412107854006302,0.57988482747444,0.288717679935824,0.499486639545646,-0.275788811750692,0.191013411281412,0.194246661174564,0.417152864550623,0.0203989501807961,0.418023789579657,0.495271775535594,0.264520345408696,0.27789168447267,0.341200369093001,0.244773428485835,0.485443819691217,0.523600532023558,-0.299557422576655,0.215767184815758,-0.300371474578669,-0.0898076335565574,0.425017043973256,0.467349334364072,0.0289565818357196,0.343324326731157,0.492552004935504,0.679595764201601,0.692327540424385,0.887740825489909,0.699381486252943,0.483645448707135,0.379329685670503,0.318708333903606,0.098071599680543,0.557993629087467,0.417405874916339,0.148600240471168,0.429346206606099,0.682960305306631,0.226549855534476,0.241260434490442,0.599451130555826,0.561285603692567,0.595285058082652,0.204933575240829,-0.455385216424938,-0.337136559036178,0.444964138848368,0.390153171902112,0.258679425518032,0.602036757124932,0.230469256499735,0.197966667234328,0.36284866175896,-0.0133043313885833,0.289343237926486,0.354953316271676,-0.393256922933586,0.0679008052095453,0.264357796422978,0.00873348870780812,0.338883695469748,0.351162058618094,0.277768828604883,0.0400835683093984,0.470368371010818,0.463959703191032
-0.129024126317048,0.21669162269279,0.193323807060391,-0.0298836046360912,0.243104459868888,0.303372933569865,0.0423286973894143,0.299256580512663,0.349890108248535,0.275093805490579,0.505125206283393,0.465400044969831,0.506753693266103,0,0.753910541324913,-0.120590869436575,0.573057442718279,0.273644961089557,0.726240554009135,0.406036456568645,0.75554754466864,0.478435631313303,0.75529127298683,0.453593017742937,0.249182191729206,0.46761660321451,0.559336850622319,0.388490736515623,0.55565678596613,0.49802822534979,-0.384629977618696,-0.0454119600878446,-0.155856950539288,0.344011905442271,0.500492374591425,0.311248442492854,0.251293030308705,-0.132215956682544,0.038735291705293,0.0657120398798289,0.240925053506096,-0.0751355780295263,0.276131146504339,0.270847463248866,0.0162616219533233,0.443113310988335,0.548707125699815,0.485780566066579,0.313051170992853,0.351322766209136,-0.304214336382249,0.107739302258254,-0.137000742977739,-0.00375507196445461,0.315773701306795,0.279229248856012,0.113190580860226,0.357782918286432,0.340570481994879,0.490547114302489,0.47952855852336,0.493125863003189,0.802472603753816,0.847946702522454,0.828530946823901,0.759377229966995,0.0340228285492336,0.632617805931536,0.58345749971973,0.293352646755284,0.699088920725231,0.530154198015077,0.678196738740257,0.164223601952076,0.529997077052076,0.380547442030152,0.595607264679318,0.481150755308394,-0.391232338150304,-0.15533105926191,0.518339246318128,0.313470409633652,0.243988467738444,0.505142985125643,0.367052682759791,0.486569589445427,0.209409384894627,0.111314350042893,0.32087318481067,0.276049431126747,-0.238806583562042,-0.0295837042850597,0.176885885287643,-0.0400335160369255,0.230655012222677,0.15828988827662,0.491370688213052,0.335818968361022,0.262092059698578,0.321263927852246
-0.0852031211286361,0.0964048074714968,0.124475291479179,-0.0480154875879857,0.0888575557712456,0.15926345789602,0.0588699920276937,0.189504792460548,0.211923462899663,0.141123648431983,0.385270159796435,0.348130418954461,0.352980612021388,0.753910541324913,0,-0.168796077522792,0.421947778530117,0.286432233108032,0.477719322540124,0.505659206614253,0.808763340636316,0.343768506248473,0.806325889567664,0.362106881743194,0.114620506566404,0.404924120961966,0.594431031150766,0.431074722900563,0.486082357150367,0.704968679320436,-0.274066211715333,0.0703711065917536,-0.0157890891345001,0.260804639034921,0.442269756803574,0.275444177230116,0.189318533582779,-0.0186749626392512,-0.0166728156345796,-0.0129111390866275,0.186105589704858,-0.113209023715076,0.189137623912147,0.249926905289084,0.0199292363075322,0.497626624730281,0.629997061502654,0.609717016335551,0.202956983832328,0.259221775741206,-0.195765269769587,0.0383721960896463,-0.0769153989153023,-0.0183176206646786,0.153802052545023,0.17854895741366,0.0566332677118151,0.246810493701438,0.170351117282416,0.352644040504197,0.341254591131699,0.330847498727157,0.639039856116978,0.659977102032002,0.759355511322248,0.910329783595964,0.043594843482518,0.407544630390834,0.425992695705241,0.31812220737281,0.765329133414864,0.404272465757665,0.739682843527471,0.15031083675583,0.413475502594249,0.283403502589573,0.522233636029773,0.694911022853603,-0.317405943730101,-0.0179170522726373,0.366763680012782,0.227968350688658,0.0975000547138958,0.441516929985096,0.410861680363802,0.610220172408127,0.205653932581617,0.248626995193181,0.344800934973673,0.200318446518633,-0.156794839272237,-0.0390416242878058,0.136292598044609,-0.023311661982846,0.177604566025559,0.161725666167313,0.575805198038356,0.501166223094864,0.181835622198095,0.204498257214907
0.359601834197356,0.221654137865202,-0.137260997014988,0.532417028628142,0.384850585761562,-0.093729549393373,0.110314344679212,0.225181936363312,-0.160407833901477,0.0800019256245587,-0.107660709416366,-0.10173541657119,-0.0614700377723152,-0.120590869436575,-0.168796077522792,0,-0.0296832933237532,0.195150354913708,-0.149098565264894,-0.240221195436251,-0.14519653048184,0.144448594528968,-0.0735366730083643,-0.0889421786723788,0.178701026324052,-0.0600482759995361,-0.204293840537217,-0.115822848656797,-0.0832265838039885,-0.163382079605427,0.206281903807397,0.121692938346904,0.068139773644929,-0.0307160012862625,0.109521723828339,-0.288612080505901,-0.0274715945240354,0.163890532441029,0.175310573515649,0.174789673138584,-0.183589436950554,0.0131663000531637,0.00789259710058551,-0.11350639348248,-0.0322830610279392,-0.166362905026661,-0.154870859018403,-0.186414272344196,-0.14554253670655,-0.187423290497861,0.354569524277995,0.200784483616411,0.399829842886748,0.397419169674941,-0.00253197047517404,-0.155419832559831,0.260526609262936,-0.099415171867168,0.154678404523936,-0.080091320214995,-0.0536059251166056,-0.0526822163918505,-0.108667583725271,-0.127470099603822,-0.123995655510897,-0.168083157583791,0.041128411787573,-0.0474222394052925,0.0331191138546691,0.0551563391210556,-0.166345600574876,0.0298728956228418,-0.049421117481534,0.0612845119369043,-0.0183318918757381,0.0153942999778595,-0.0686532830008287,-0.106049684571214,0.130486542933332,0.0751302689330361,-0.181037040511896,-0.122750507640328,0.0398243662137487,0.0895172907607231,-0.184063375873413,-0.0725235084442735,-0.0451034989168847,-0.100603494015128,-0.229254166700781,-0.200319489162753,0.154961561604055,-0.0916441740041053,0.0839040352749804,0.0169301456047962,0.0198853932091398,-0.100529932945397,-0.162918528553082,-0.173272395529205,-0.119353729537703,-0.140142439393053
-0.156715765090573,0.27336974099157,0.335865589284115,-0.121188463793781,0.16700952316551,0.396055311795339,0.135874050246125,0.340862870855901,0.372921194619567,0.321838061080016,0.581543397150614,0.636475639417986,0.627847605093423,0.573057442718279,0.421947778530117,-0.0296832933237532,0,0.506922331213792,0.751969812956416,0.444063816450208,0.58990434344944,0.714447097654691,0.528313639104455,0.615128510420243,0.334603066173055,0.604058338712744,0.519559525600664,0.411330069457694,0.561630750952299,0.285536286431208,-0.453783576086536,-0.257095416581522,-0.345110499423795,0.62599659723308,0.686846887695601,0.327041541186303,0.462413691025805,-0.349283729298537,0.0298922511328342,0.138189595579872,0.394222973666745,-0.0519166221209812,0.395798202436351,0.397704953548249,0.222826155062208,0.333776357452882,0.349929688464044,0.289529346367717,0.406337943867331,0.517769302266902,-0.405886467943275,0.260178944407366,-0.197291532372921,-0.0874695650667862,0.399826027375805,0.414509275515618,0.23848054011769,0.423078356944782,0.384829502405752,0.61820223856634,0.679161788734943,0.496301893217173,0.635107929094177,0.592613162435074,0.553788880442739,0.388009723201632,0.117702307480427,0.836403949682575,0.650921695351116,0.461193374617413,0.52025722126156,0.800672006099578,0.489790073050267,0.251539740296528,0.732848233917082,0.588129181936451,0.619275932800447,0.33847660973807,-0.533923661023596,-0.353351590827638,0.444146654243613,0.38103176679276,0.297704207562718,0.669772208664922,0.3174805380655,0.299580912326092,0.344708985035009,0.0412573052220877,0.372830200576904,0.352329021740651,-0.441979053357903,0.0922893684091928,0.136095293371435,-0.0564466497472745,0.351278634271165,0.278956093878684,0.328904324632319,0.163270983120986,0.389724404956671,0.472979880064823
-0.0544155128960791,0.353040771631188,0.173483072200216,0.20137394610476,0.244612089065304,0.153856082603712,0.0598604627610614,0.525279122504386,0.186368747625393,-0.0621696765397884,0.142502712545291,0.224169826942085,0.146174222593389,0.273644961089557,0.286432233108032,0.195150354913708,0.506922331213792,0,0.385726138197139,0.540350798903647,0.416087078462519,0.427904776076013,0.331861836814542,0.161846160906657,0.0606658120958838,0.225114312355924,0.15818439439783,0.205488766666855,0.203642262497778,0.0804648978578547,-0.254125496371382,-0.179222427987508,-0.155658819823251,0.632958737041107,0.482191272781258,0.291872904453515,0.125192925869333,-0.199297448269165,-0.0798755096799843,-0.00547639691207473,0.170026451820688,-0.127097033610593,0.163371665770538,0.0435111913774688,-0.00753046965251055,0.103838669750563,0.212874544829477,0.139200355584401,0.207834821271915,0.257150522583076,-0.19871490314896,0.266083440682251,0.0152027614421609,0.179482206756769,0.29472424209315,0.154286737900596,0.539890926772219,0.277051374275624,0.0681324378624792,0.185793803798624,0.284305715521429,0.0372233827856664,0.215497968098324,0.277779233376296,0.333880869833174,0.232603486245422,0.040694324458661,0.423361058785751,0.597447496315689,0.882611165526655,0.463860147931249,0.344022080157414,0.412499525169783,0.119241229437553,0.251070435767151,0.262491308997377,0.293182401694336,0.150812202568813,-0.308652598352751,-0.213699495415801,0.140905452185638,0.398391260115618,0.178654272910723,0.381538797850622,0.0800675335072562,0.262692941557477,0.13214230930062,0.105650315951929,0.457167754133974,0.0552363140165202,-0.207571725660218,0.0291131330220335,-0.0247358970646733,-0.143356319825503,0.149507875326208,0.0466782547819499,0.124802368480429,0.0946731858455131,0.163127426579968,0.183172171529772
-0.210883692674497,0.259142911225703,0.251985829520998,-0.0730080032176683,0.204498149039097,0.333178958955776,0.0922015510400079,0.367088610350149,0.400342779546683,0.210517386303454,0.476266440125298,0.469467899396793,0.557518483544924,0.726240554009135,0.477719322540124,-0.149098565264894,0.751969812956416,0.385726138197139,0,0.423314804526183,0.666586132195199,0.532446818112677,0.556310232582645,0.3986798921833,0.20854136992271,0.38938924424697,0.496046617838273,0.323402169117193,0.584445886460607,0.272706342196657,-0.440049997626279,-0.197650333273107,-0.287159857284416,0.460874895508915,0.544190860867824,0.304436784755413,0.292240406198877,-0.271256841914659,-0.017585974335533,0.0307571168863086,0.286913700994246,-0.165999283774623,0.26328365045371,0.296280173172921,0.0742211377100268,0.398257049169375,0.415946277596277,0.334153379379637,0.36955656230793,0.452198275320287,-0.425421872405269,0.191884812314448,-0.192434739212008,-0.0140831243358285,0.371825982643005,0.335903946627606,0.232210862809182,0.428850052365984,0.294239399213805,0.490363321637845,0.517133602724022,0.493201923956759,0.679859844401965,0.731584745315046,0.674694253163181,0.466415637754854,0.0606955245712164,0.831474996904482,0.672420898903566,0.386100019761176,0.614751830827679,0.655832245476241,0.528999807075845,0.125605149301375,0.540619591303578,0.328446429619044,0.64096108683869,0.284283862833828,-0.418296307350039,-0.303726890893687,0.476440743091633,0.37758857410524,0.179768413127525,0.548547032366081,0.334143856403567,0.390176865629839,0.269494449213909,0.0575408163036709,0.343695740808818,0.296982910294573,-0.343455773815586,0.06635502675711,0.121508511872206,-0.147310536765715,0.189565006392326,0.190255548887262,0.392755524754264,0.233301380227184,0.337893225381035,0.40526969118629
-0.173123867970958,0.124391727007185,0.157153005873135,-0.121049513256187,0.0327281565793211,0.191750511827461,0.199141746329701,0.202336596811353,0.359340237283462,0.00302920143750072,0.18036131969324,0.241626709261214,0.346042364890411,0.406036456568645,0.505659206614253,-0.240221195436251,0.444063816450208,0.540350798903647,0.423314804526183,0,0.625507653832366,0.325142579984014,0.347089249053607,0.355194534177871,-0.0811678004194891,0.206560820995131,0.440549778105695,0.277002689203975,0.482165060706678,0.24841262876626,-0.216872478644007,-0.0558490320124205,-0.0548804947788316,0.47013477839362,0.433476805342872,0.522305187655468,0.254923597553826,-0.0831615475351692,-0.0135837745838407,0.0515147587182945,0.378263318455669,-0.0244900448609181,0.167736675959565,0.242796958260081,0.146897498352679,0.282028479618024,0.386263256813815,0.336750452737107,0.240907459980591,0.511032162253472,-0.221003182422705,0.0556334594725232,-0.0296466188370988,-0.0512803533147894,0.221674768935092,0.230619583539465,0.123770078444215,0.378740718382457,0.036140424875053,0.209913355016334,0.227594281089806,0.252384790516454,0.403833820810844,0.383399330832115,0.475262250662387,0.439753887129352,0.195744091537692,0.385546652684622,0.453060583116232,0.628152467980907,0.762781024575923,0.402947050615499,0.353201671902173,0.27265908397744,0.334898331774313,0.160547387492241,0.519469166288658,0.240865060971567,-0.243901127905728,-0.107308118566941,0.414625424438276,0.503756418556044,0.0953331708813123,0.469580220232954,0.345325920933055,0.423786084949383,0.281128647349716,0.146934008709951,0.717691168537596,0.366404085697648,-0.10169417776132,-0.0307959812662083,0.176708996720845,-0.04494685022813,0.244353586058454,0.197393672942459,0.349914169792529,0.244867258852091,0.184079814631617,0.325808024476941
-0.139128686128895,0.140314674402774,0.16971121117348,-0.109560722516826,0.0978219221849926,0.222269719294552,0.131701350056883,0.260416825366836,0.328836532304724,0.14114930969299,0.375004645687919,0.36803359311203,0.448479418427728,0.75554754466864,0.808763340636316,-0.14519653048184,0.58990434344944,0.416087078462519,0.666586132195199,0.625507653832366,0,0.45208552886338,0.765656282678373,0.412297640972561,0.0950818122258358,0.357784547180381,0.600421388966757,0.354831462506174,0.605175960683903,0.558472284748586,-0.330585878580485,-0.00461093938035377,-0.09051636007408,0.42750530491139,0.528965299311662,0.326551782409989,0.23694808503556,-0.088904897737364,0.0202233626075181,0.0163159246855639,0.288733447951229,-0.115843171203661,0.230375234212812,0.225732445528295,0.055595695628841,0.486989131336953,0.646052202640477,0.56821874893471,0.257876213586741,0.370408449665129,-0.278201401528637,0.0693006802783053,-0.0924265862609516,-0.0326688715146894,0.223358063765351,0.247803079502042,0.127641460207203,0.361662924390741,0.202079496209103,0.365269915979613,0.374713172401571,0.400322193614168,0.679415936690945,0.687978748748485,0.792620350881199,0.774353472764305,0.105337535238898,0.593452230636874,0.610918897001242,0.452621022665601,0.87785533450047,0.557022164507345,0.71599719899371,0.194918129241395,0.49245972138489,0.275895182940472,0.619596921256084,0.524565135059928,-0.358116922222643,-0.108581586352362,0.485429373646254,0.34968267896037,0.112583422146246,0.53341413904337,0.402973524460981,0.623274295970139,0.184424443394547,0.113994181196483,0.403344231152787,0.27886169145104,-0.171332366128992,-0.0346313900044234,0.184139653607287,-0.0936090894378652,0.237256999531805,0.106294214452073,0.544633356832214,0.423741578577644,0.22818937901183,0.295704439210309
