0,0.108669118887404,0.351914768968266,0.101922122615567,-0.0904238324110885,0.152169845523685,0.0382395590015512,0.0217255999883314,-0.0426635247355181,-0.128846809709139,-0.277697260352137,-0.127569631620139,-0.0222704846207219,-0.146440691206775,-0.100275599981381,0.445601594196337,0.0469724241725591,-0.128141225119404,-0.0729990213832471,-0.0605353759229814,-0.188470745231252,-0.208284722738404,0.148862654580948,-0.202121669702894,-0.0948586372628836,-0.0390466707669556,0.0580318512183279,-0.15924159608979,-0.0613082138324095,-0.0441287286738026,-0.0571023981649623,0.378436313063356,0.228232380494158,-0.140431217036704,-0.253372290438407,-0.287526650290503,-0.0272991688101743,0.0219146471076084,-0.0112724165621309,-0.232964067835327,-0.332200296585856,-0.164721239581709,-0.18138356993443,-0.159448493590879,-0.146235786524656,-0.0548352889437879,0.0774558242194532,0.0984450545704667,-0.0768322561123993,-0.243510600985669,0.469872795820518,-0.0283898486151442,0.266461241545752,0.034435272302877,0.181557778215886,0.460914174857245,0.293572708420774,-0.0856547620533752,-0.113233416013247,-0.180028512294067,-0.233115012441533,-0.0578204470815243,-0.10164611388768,0.053077979000994,-0.072151188016217,-0.072672744617133,0.0946010788251128,0.119829767478196,-0.0895543963574167,-0.142663620855495,-0.0822623945543057,-0.157454599145311,0.0209087546966847,-0.0740690849886886,-0.238635349577827,-0.170080301023534,-0.0284641756316374,-0.0924026385117505,-0.0375205486657005,0.305920025483298,-0.230281740001932,-0.118679852013614,-0.137570801950514,-0.122822977704271,-0.0890030591373324,-0.0791440744290485,-0.129881462007923,-0.0376066027554827,-0.324153773942606,-0.269464994236919,0.190937633129801,0.233274514720183,0.0693270093093009,-0.107600117939138,-0.234307772254504,-0.302070378322809,-0.0434055802127328,0.052838217235226,-0.0149810360181055,-0.278687732195555
0.108669118887404,0,0.405321937873034,0.586835294021477,0.544913854175925,-0.0787892097916545,-0.274290699870509,-0.355654879163498,-0.456278928344943,-0.5001715873551,-0.347236854532161,-0.291116917041494,0.0766848905730751,0.36501066992619,0.448483294256727,0.577375683981972,-0.279404870573489,-0.338550867971282,0.223926630950944,-0.194407544988444,0.284750602898043,0.0171448078896532,0.467730418649108,-0.354941649574955,-0.466631134834027,-0.0659628086470338,0.0544280175351739,0.1600482983996,-0.0195564826639889,0.511747961168645,-0.272007837296795,0.440006652054839,0.623273852783521,-0.159659170263996,0.120452147867384,-0.457523356775895,-0.210175138260107,-0.34139309924029,-0.242766859424764,-0.429356552344911,-0.20015751542845,-0.202940158497388,-0.123867687810104,-0.15474502123006,0.0244663906707516,0.202272584528132,0.513147779624839,0.409306910829704,-0.402609984322558,-0.379530830555619,0.407240313976948,0.48264817717631,0.611537147684137,0.488312099775402,0.0918588099656383,0.154391353799533,-0.143782877277808,-0.345251481077327,-0.374800622248913,-0.436187815812342,-0.128659533090233,0.0634914082846477,0.0651219308783179,0.0165902692371491,0.11498346916651,0.445812520597723,-0.351354694629199,-0.20220175247027,-0.450851694775463,-0.418282338644833,-0.0545310515809535,-0.1753170409626,0.519187806926791,-0.480929820302812,-0.0234261029178295,-0.486336488027017,-0.0126981050329263,0.501706123247038,-0.269746918673891,0.52670992668828,-0.127717711277418,-0.237554353093272,-0.493915362215608,-0.255267979688269,-0.0476584512373279,0.288767852673082,-0.125339452832656,0.109900154138589,-0.322145897110162,-0.354501435291554,0.506169913362496,-0.397454215413373,-0.246077487172212,-0.541584829703291,-0.398936091562584,-0.263359253107361,0.0981436005189527,0.307857670085644,-0.388816898193011,-0.460666240610914
0.351914768968266,0.405321937873034,0,0.392143647474192,0.299055240640176,0.119753015740859,-0.0578361612488297,-0.0494475906298929,-0.14503357051317,-0.217185561860892,-0.047844773396888,0.0240173853496661,-0.0530872505408102,0.142805185567179,0.285896159003287,0.379245270733715,-0.0946460624725807,-0.0890367345302489,0.0326326160664041,-0.00330875292769254,0.140432341405582,-0.26277268484154,0.307586622728152,-0.0817631233674712,-0.0735391195210096,0.0876547187269878,0.252067214816058,0.0283709340068286,0.103083422699548,0.356350567851703,-0.233358678508701,0.205498788121627,0.171902310281584,-0.176132723784127,0.00361019872162589,-0.188547577573954,-0.150683599815757,-0.216845341113293,-0.0888930640052604,-0.212862502713455,-0.242083560757541,0.0593654521154558,-0.00947195363735985,-0.064941687058263,0.0354200052422421,0.113971160990465,0.238898853280671,0.228407376017602,-0.184182231156712,-0.158458124487924,0.276694558396581,0.557445308623768,0.358298400334076,0.355483699095604,0.253623364661975,0.447990507454042,0.0994667000121443,-0.0517871719528478,-0.167732630122628,0.0290031656328159,-0.00138573976447895,0.131030007461651,0.0539085996664354,0.0340339761931894,0.113306412252629,0.338383221844042,-0.27221789458835,0.12899855349877,-0.170813615205644,-0.195056782431955,0.0593676657232758,-0.0744948398112565,0.37474833330067,-0.274083760780387,0.142147317206271,-0.0455187554270987,0.00459975674133513,0.32688783535326,-0.103878438256353,0.311543059334501,0.0192677474296913,-0.157391206193521,-0.270888915480971,-0.13587597921514,0.0945035119204784,0.0928153332500263,-0.103706863643319,-2.13021910478039e-05,-0.257268097813759,-0.155209570842306,0.125057037838202,-0.293427302296607,-0.255362784147519,-0.155494702672685,-0.123889231312341,-0.195649637463933,0.147565298069665,0.245060352869182,-0.118591607551973,-0.234674124808551
0.101922122615567,0.586835294021477,0.392143647474192,0,0.669346872360004,-0.0752873769378378,-0.27807510932937,-0.239749119780548,-0.38427905916727,-0.459053263840094,-0.292909059186637,-0.128324672606098,0.135156269938341,0.353707276374939,0.554215878492148,0.641097827996006,-0.187000381024841,-0.20929824698757,0.290277084330457,-0.0610392079609233,0.38633305766864,0.011072296138217,0.463408489393936,-0.192731227174141,-0.389105427764188,-0.0520540656062355,0.219500875312589,0.274910741042086,0.19377231068839,0.500142536925342,-0.273127140418614,0.340386964677604,0.522991142144274,-0.112332823395291,0.244440711116489,-0.333297685678399,0.0377222108019741,-0.288483053546802,-0.232701337937075,-0.37375390679755,-0.0616129486265271,0.0123878089127709,0.0658247175928554,0.0775618160939332,0.260621312883133,0.385953807568774,0.605312401136444,0.531366802205887,-0.359391887289106,-0.143960888866915,0.0647082563212735,0.314322441427963,0.675795748510504,0.821905672391308,-0.0938994327330283,0.170849060177657,0.145232659854944,-0.361895817090153,-0.341569596171679,-0.220659877928093,-0.0118839670076905,0.187744179481836,0.165193019352021,-0.0476001278014386,0.324196648236599,0.539591598817794,-0.150535737408379,-0.142703183675242,-0.39906734254274,-0.372217355884018,0.167032396375584,-0.0496773529854924,0.553035358653749,-0.461921493305739,0.0308422626274357,-0.328927177338374,0.151561346132137,0.516752946854393,-0.322028277656495,0.574575758256924,-0.131810536771026,-0.22319189531532,-0.279996228431184,-0.0112123115272748,0.107055439956104,0.41114873307109,0.0980552114233317,0.185155325805369,-0.244496890308501,-0.244815545699389,0.414957773410328,-0.441562924002501,-0.101597872244026,-0.263670109823163,-0.144515079460216,0.0264458497373006,0.356536007397069,0.44306479347772,-0.3431437604783,-0.278797360931428
-0.0904238324110885,0.544913854175925,0.299055240640176,0.669346872360004,0,0.0850551447080365,-0.275302472679101,-0.26447170547229,-0.328482105302074,-0.288813316339227,-0.234930240074159,-0.248388909188554,-0.0954488112452799,0.216741799393452,0.354612865069025,0.418673125622323,-0.346757488201587,-0.267744967433272,0.119152887826861,-0.223438458039232,0.269697766692291,0.0419204703435147,0.258810467084179,-0.177785319179319,-0.30779487906859,-0.214852327526062,0.120952223657341,0.197023710820347,-0.00473003196885924,0.339968482589938,-0.160583578867627,0.253762906437511,0.515556194764788,-0.0838615295171837,0.189703765421565,-0.328209698873532,-0.114075102769742,-0.170480435190443,-0.164863690039267,-0.297636572904101,0.0163578148191063,-0.0574552732828828,-0.0752586995671534,-0.0177893477851675,0.18937567901138,0.234091438030741,0.459205029523946,0.356454956144932,-0.347628082482167,-0.176211614505263,0.0600019288051658,0.414801329478717,0.492914512379751,0.673727804422564,0.157933560714019,0.0128293839110516,0.0351596585591904,-0.223715339881003,-0.320494419524246,-0.211908573446628,0.0262162140907556,-0.0364048643475389,-0.0437383180806054,-0.172185366456893,0.0745720605566345,0.347785137039811,-0.212323448485165,-0.335758523171697,-0.373810307194178,-0.331304671501819,-0.00658813793723555,-0.0982926516093693,0.394690483466977,-0.387265438620328,0.0290812072008197,-0.359279693338552,-0.0746127472792648,0.404811075005276,-0.247937911977253,0.453576643401305,-0.0853253679154903,-0.0216207959422141,-0.168555418046168,-0.0772281781376789,0.0196787329148588,0.34082123051774,-0.0214090008412167,0.0907471563309437,-0.186865288658011,-0.0521732543105662,0.442134002282398,-0.521035029226566,-0.0833904173207771,-0.288712089472651,-0.163840626119558,0.0557064871572309,0.213689345053315,0.274524367524269,-0.448653439791055,-0.295032792546052
0.152169845523685,-0.0787892097916545,0.119753015740859,-0.0752873769378378,0.0850551447080365,0,-0.00215202441147253,0.0768977841097478,0.196131189740466,0.121067783885714,-0.0713858891063242,0.0572085470686366,-0.0561238474767661,-0.00701370923915693,-0.0330239231331718,-0.0944451281320833,0.0329554506261141,0.0480047534743585,-0.047707714713612,0.102614889588301,-0.0296976610749435,0.0717599458815954,0.0673405568594749,-0.00156145515222559,-0.0330072562341812,0.0276534124489463,0.12802097720656,0.0719674512981331,0.145850435818874,0.0355004571189479,-0.0955696707698802,-0.185863174107569,-0.12968656743739,0.0790312316360634,-0.0167932549043966,-0.0171312751059678,0.140913684795601,-0.0182020295437831,-0.0798325101483405,-0.147326104581167,-0.0326979713153846,0.01371630122658,-0.0419554503227555,-0.00252936259086444,0.0904612089664815,0.0290290635906039,0.0284938821460465,0.157135371043949,0.237874703334001,-0.0274425602254133,-0.126815288579947,0.109472672501719,0.00521239598191844,0.0193623535901621,0.604782852174024,0.505027345305564,0.146689339507065,0.0792353901570368,-0.0594134291406388,-0.0434299258032934,-0.00877203434133738,-0.0133403327216152,0.0243152240774167,-0.0215460194081516,-0.0219282805436456,-0.0940061570558664,-0.00400061380109194,0.0468465692525666,0.0876906234904679,0.0161532157884046,0.00184160656356856,0.188222234832597,0.0598123403766804,0.00669795447345397,-0.0288875621249365,0.0444810743200079,0.145494278188243,-0.00316712061049219,-0.0728986596592047,-0.193230613950917,0.069657227660046,0.000592931368191299,0.0815683901599966,0.130679926864466,0.0996061689654316,0.086187011673712,0.113627771853995,0.0626184555372116,-0.0287940653676901,-0.0381408932706073,-0.0644147032640048,0.0776299334449126,0.334428589422827,-0.140050336057848,0.0180469905768723,-0.11338484587658,0.0529283400586047,0.161955391044044,0.0796972985567662,-0.0351905725304298
0.0382395590015512,-0.274290699870509,-0.0578361612488297,-0.27807510932937,-0.275302472679101,-0.00215202441147253,0,0.617331039065555,0.554315407582575,0.335594523368727,0.202538924853374,-0.0339708899836808,-0.207076929589576,-0.137105882055777,-0.374613989606588,-0.155177619434958,-0.0416605843901972,0.0898083122467071,-0.247956313628202,-0.0792734305657764,-0.232804186453064,-0.165968450605912,-0.324285942393928,0.0203429738590934,0.288774012855814,-0.266540817329004,-0.141372456365431,-0.242979730252422,-0.227566520368817,-0.34180424013479,0.0222377493643455,0.202821735486012,-0.150717638585539,-0.168492303546918,-0.316762065857711,0.088968242177328,-0.396093981072419,0.405556535697354,0.28407845419924,0.390535010065409,-0.341105532245293,-0.314206774022392,-0.28039015308667,-0.261984836032207,-0.381797831801506,-0.388211793853275,-0.523585323566965,-0.481264887095369,0.30765875112756,-0.253079222405619,0.171769218303505,0.0337831022383569,-0.199308872477411,-0.309889370587311,-0.0102328790025868,-0.0621835776039715,0.323754910292123,0.516119640799974,0.459211234394025,0.0662228910301024,-0.0763062765748103,-0.308024669619331,-0.253779089728355,0.214606285434728,-0.169970829513833,-0.314279195723073,0.271539360595898,0.0736284262488188,0.0730610293691307,0.154256613754298,-0.0928240715779503,-0.269544068922265,-0.392348870889851,0.36704214850686,-0.11177301343948,0.0235624718458364,-0.271629323317059,-0.271288506597851,0.314849854548068,0.00290706417936458,-0.152697162786264,-0.0647464339729504,0.00839050111892634,-0.148027647542705,-0.131164446813046,-0.394817713221848,-0.407544495977051,-0.147384503267775,-0.190942148341176,0.109295676167927,-0.195673724963291,0.473139467982637,-0.00602098631914731,0.277481149733903,-0.142215872786925,-0.127120138967949,-0.36568900092862,-0.374699807858956,0.198453267258625,-0.0430179696311856
0.0217255999883314,-0.355654879163498,-0.0494475906298929,-0.239749119780548,-0.26447170547229,0.0768977841097478,0.617331039065555,0,0.674567380233808,0.374931575111688,0.276783788354822,0.108159072698683,-0.0966910998700649,-0.143073032035338,-0.343335162523257,-0.117183202282234,0.117744738660059,0.459834828174801,-0.0204563601218909,0.0345503431661024,-0.105494226411597,-0.103379266049574,-0.379404818120703,0.0576532090740319,0.23549631303329,-0.17907475967431,-0.288590476142772,-0.313578195081442,-0.168882908085214,-0.462119276457915,0.127142269476244,0.00320901615817562,-0.257484745277852,0.0783224673415762,-0.231603045273939,0.243671604234318,-0.235871782093028,0.324484676267129,0.273300786787367,0.344733500084068,-0.176369925893022,-0.156299628884269,-0.14582134432416,-0.189342528658734,-0.213284219295074,-0.497653281274439,-0.526859967423134,-0.464625560457835,0.283883692097827,-0.14460608416196,-0.00238050469356283,-0.070651410950134,-0.0948516736500054,-0.204708475843861,-0.101611388698625,0.047936336827283,0.595716096621598,0.664084119122286,0.443814024737472,0.20777798452096,0.0810385874899277,-0.187977456739395,-0.146871242860687,0.074168837983444,-0.0488382580053338,-0.332074010975034,0.452692761371421,0.221902105548392,0.310757305569593,0.468287449454033,0.0526417692172947,-0.166091288519243,-0.43572793231998,0.431618185630697,0.0446002410814245,0.142426607746086,-0.123439038763574,-0.405198256390805,0.306704102041722,-0.0668542264227975,-0.0774679965580573,-0.036306845798571,0.0790427904793106,-0.0638273384056102,-0.204380792616502,-0.431681608884249,-0.28926379422855,-0.296207722655468,-0.0968348500095659,0.12565977845892,-0.287500340571644,0.472665020914093,0.122487548702775,0.382333290879542,0.0658785363643581,-0.111727259244427,-0.443644456962475,-0.395895059277045,0.158178370531555,-0.00431133838927647
-0.0426635247355181,-0.456278928344943,-0.14503357051317,-0.38427905916727,-0.328482105302074,0.196131189740466,0.554315407582575,0.674567380233808,0,0.459296420955114,0.222715483194606,0.0541052779945744,-0.16381375538043,-0.249699120930752,-0.482346933816494,-0.294474200492554,0.15565853373516,0.345464797985614,-0.181213898962702,0.0236955390919446,-0.289830330978875,-0.155531940973458,-0.441814956785692,0.130484239501908,0.44968814985762,-0.23326231721176,-0.211656749925615,-0.325525703645387,-0.14943119989976,-0.508782240363363,0.335171156330363,-0.108502734537113,-0.30062854463697,0.131293565079302,-0.280338274696121,0.391951688362557,-0.239373570743363,0.468898233108318,0.417664919962211,0.480934981801167,-0.12121162902727,-0.080701012157949,-0.186964066684944,-0.0826950086419028,-0.220989049092495,-0.424688517597066,-0.607238847023011,-0.489872429100941,0.449819927298222,-0.00705396813754117,-0.0600220852147293,-0.107515127220288,-0.28738156152599,-0.328324713850241,-0.0293986227832395,0.102426156995741,0.456668502620815,0.686052689786192,0.601498606490857,0.297875181919238,0.100201681933201,-0.165870821876449,-0.208406685612627,-0.00534184536042526,-0.229699897291208,-0.500850313913958,0.397723934730862,0.147524750568534,0.267391544695427,0.364204836819724,-0.153520083209021,-0.146825688558642,-0.527008848959112,0.5224125918388,-0.0366774784341899,0.270873762086342,-0.207980299013765,-0.489666220001462,0.520872284765059,-0.262067619700775,-0.0774293605208804,0.0139256609538251,0.178302051069748,-0.0398344452518828,-0.160435448779789,-0.465279806429967,-0.265953890895737,-0.298094270735388,0.0409546398012077,0.206011133529436,-0.311580762159127,0.52293319896207,0.226168505635573,0.437558888295838,0.0977779303956041,-0.0156970202413529,-0.380266468715576,-0.404764058735562,0.347154916062922,0.1805981252608
-0.128846809709139,-0.5001715873551,-0.217185561860892,-0.459053263840094,-0.288813316339227,0.121067783885714,0.335594523368727,0.374931575111688,0.459296420955114,0,0.468132035280395,0.20071462974899,-0.141404230687134,-0.334463296674852,-0.448032893193284,-0.431588928113924,-0.0111615756905224,0.161603946915474,-0.333034261324916,-0.0872079810514137,-0.343218253631341,-0.146586580005764,-0.488844967466084,0.296525499721804,0.575233497747926,-0.202176761068011,-0.178102633988115,-0.286167098990837,-0.154393186829539,-0.434596637193326,0.295779661312782,-0.170339733896357,-0.345971080767893,0.0172608268722666,-0.293336029315267,0.221614744721443,-0.174323785549651,0.459450887197561,0.350363986432764,0.481993365636067,0.0959847322157553,0.166722671628942,-0.123455680053389,-0.0604932115593835,-0.231049888600112,-0.324238689385367,-0.511952401967511,-0.459217127921876,0.236779334121927,0.0916363977505852,-0.202696719073827,-0.228758757608071,-0.475477074565051,-0.426509048539219,-0.0603888886492684,-0.112544217870923,0.166316634437286,0.378169451504867,0.397414112687018,0.393802434300605,0.280335888873854,-0.127549723960517,-0.227404841455984,-0.0675698966563176,-0.265459912235035,-0.441093476746726,0.249235193720822,0.015958397930507,0.233240161135965,0.250701137604756,-0.184413209140805,-0.0594163466340479,-0.480285458840763,0.401598529087719,0.0900217004368293,0.332591544568778,-0.252365598027811,-0.409399027620181,0.335950533167801,-0.322264256964226,-0.0166146955484388,0.207126914963716,0.303364502126768,-0.0531703841293923,-0.146922976833352,-0.347480514447623,-0.181494439663312,-0.286947722088056,0.0304837710629498,0.292412099954384,-0.244965909479909,0.341636380692202,0.184939499257368,0.44840355139683,0.28767402573482,0.0909920525468734,-0.287921131025376,-0.370238342236452,0.153479695676804,0.207965185060215
-0.277697260352137,-0.347236854532161,-0.047844773396888,-0.292909059186637,-0.234930240074159,-0.0713858891063242,0.202538924853374,0.276783788354822,0.222715483194606,0.468132035280395,0,0.608345641687673,0.0858106838671075,-0.0213945342611449,-0.0609637595041163,-0.385034146078017,0.0876598947795443,0.271856126488346,-0.114444685457679,0.0490231583287129,-0.0316791435714837,-0.168212626580231,-0.310703317612153,0.452434153479034,0.545006977624188,0.158886220302326,-0.0630010084521311,-0.0716450938506937,0.0539523641761512,-0.125186281188896,0.0152161024517064,-0.3291739653958,-0.492752828580052,-0.0720322213645054,-0.0239785704903457,0.362004708616519,-0.00866289570523826,0.152262949526052,0.155955080343387,0.367759056199936,0.167917049224268,0.246662804444879,0.234781883255224,0.132950654064206,0.0112809092687826,-0.124295722789432,-0.273786619379933,-0.316505337075615,0.140218312874514,0.252981797332304,-0.260321007295072,0.0597397092645448,-0.354767383325137,-0.215846053417345,-0.166259091636927,-0.168352953021699,-0.0210101483388005,0.26475644883716,0.269759577410642,0.537956765879468,0.383522119819973,0.24044741929492,0.137031142374801,0.0873136170914693,0.0519398711630136,-0.00372960760654733,0.00373233182193959,0.319711121998486,0.295804790832673,0.2480695608021,0.120857376938917,0.224769393828466,-0.185213863172819,0.189506100372717,0.426397113013287,0.542118010923389,0.0189056080699973,-0.0426520901074219,0.181451726096944,-0.287867982921349,0.291507363786155,0.0554020808730617,0.217803110682846,0.0632017444300311,0.0519233050362944,-0.148774424191563,-0.00843750979963536,-0.12185574017345,0.0634912000421485,0.322311657065186,-0.437537650597182,0.0374419543272299,-0.0750841576515228,0.411889099995776,0.348373810547667,0.153079894020117,-0.0922635722598931,-0.151018757222719,0.200076058399613,0.234409907165016
-0.127569631620139,-0.291116917041494,0.0240173853496661,-0.128324672606098,-0.248388909188554,0.0572085470686366,-0.0339708899836808,0.108159072698683,0.0541052779945744,0.20071462974899,0.608345641687673,0,0.147874308591499,0.0255995892576166,0.0743903445542557,-0.175264205295727,0.358182906307739,0.312543656482375,-0.00755170627615913,0.144666307115394,0.143676910861864,-0.143030616770811,-0.0684948784868908,0.565493192145915,0.343508159709933,0.441687650801548,-0.0304854426086737,-0.0424647848378536,0.242657992770945,0.0603493520056,-0.186789514149446,-0.405433473846795,-0.457280435798958,0.0801152684069986,-0.0263076976110306,0.355512981483916,0.177571942219455,-0.126043378513377,-0.0358824195288822,0.0826500071246092,0.223457709788224,0.290931192413364,0.37423373944487,0.12899197180319,0.0196488349907458,0.0257977697909342,-0.0912944339932206,-0.0501118260595416,0.120495354282725,0.395129219454962,-0.270449136096832,0.0421014886233256,-0.154802378990698,-0.0497008027423272,-0.135157457335843,0.125245142196725,-0.0165404983676175,0.0609172391593287,0.0697038578311284,0.422467978417362,0.279274522802071,0.374151911196522,0.172075855040688,0.0585573496376886,0.211965507972224,0.162012674532711,-0.122017843574861,0.48428678230464,0.325511929823506,0.258536119574536,0.211139652555603,0.383790197927168,0.0392761722461472,0.00497028333383521,0.468874290081168,0.518092311504507,0.274664652163693,0.0951981480133763,-0.133709009042066,-0.300620442562639,0.257953167672675,-0.0923195668323779,0.0786943859384847,0.00799074247397864,0.0231022732350945,-0.0938136660137918,0.162250834491291,-0.104379221406042,0.201141417420088,-0.0115040304350027,-0.437850486089616,-0.0058404015905221,-0.0493780887873937,0.20397371766544,0.385027726456261,0.0284957332571062,0.0229567774064676,0.0337516289756458,0.187154968451196,0.305696050813358
-0.0222704846207219,0.0766848905730751,-0.0530872505408102,0.135156269938341,-0.0954488112452799,-0.0561238474767661,-0.207076929589576,-0.0966910998700649,-0.16381375538043,-0.141404230687134,0.0858106838671075,0.147874308591499,0,0.442628388116489,0.42866169848742,0.0359159512867276,0.411966270733097,0.184255658619292,0.350613041824527,0.269131816617997,0.256083566249777,0.366433762105801,0.288671441400444,0.0958526973877523,-0.0757716503472805,0.272834373917319,0.052203473739087,0.300935591898204,0.387049250315848,0.281849640830374,-0.167201810613978,-0.00097354402398874,-0.0678577258565914,0.0240003078168351,0.1831397083807,0.00676239814178734,0.237123820271467,-0.193607502303788,-0.104776357810925,-0.106136902386728,0.00678075676415785,0.10405763767927,0.285601658067595,0.0815582104570573,0.216595299941451,0.157240485032723,0.213921752336322,0.206705431659164,-0.138200134942611,0.00103300186506751,-0.112501182488206,-0.0590503939822416,0.10838462670471,0.158733803224607,-0.107871255675082,0.0595824500514559,-0.0554837155082054,-0.253663007216131,-0.0294797096520094,0.0795513052945636,0.277299537356923,0.61484934001489,0.410082462967826,0.210469655853177,0.35965172005291,0.341585811800895,-0.114270625505642,0.107701126448965,-0.0640701423018756,0.125820404098396,0.291917657847312,0.173643725825276,0.237304014355094,-0.217849871086673,0.13452260479928,0.090116933372064,0.507950309379059,0.238838583072033,-0.131769792404174,0.051861610673672,-0.0235629401461787,-0.330368220711752,-0.22767218525555,0.031336856302746,0.071639261801225,0.0536767568808363,0.237693463067864,0.156299027330142,-0.0375385738941492,-0.260589399756963,-0.080436260402367,-0.141546203122793,-0.0981469163647098,-0.0693704002769066,0.0167135276342107,-0.0638859470309069,0.077155481805236,0.128265215802544,-0.0277246631075763,-0.0528817540675873
-0.146440691206775,0.36501066992619,0.142805185567179,0.353707276374939,0.216741799393452,-0.00701370923915693,-0.137105882055777,-0.143073032035338,-0.249699120930752,-0.334463296674852,-0.0213945342611449,0.0255995892576166,0.442628388116489,0,0.68347206245878,0.0865900906670536,0.160124320300523,0.103292514347441,0.527011194080834,0.161023932353784,0.585677166291817,0.273303649595275,0.55553653351074,-0.028575024844468,-0.282062287470608,0.063576942039469,0.19007607712236,0.400957751115236,0.29561219330417,0.535122173421814,-0.35912190939867,0.0511038001768011,0.0940269560019163,0.0465559909072026,0.338251658899098,-0.104468951348448,-0.010960070017392,-0.403080292003911,-0.287126407511265,-0.234860130013192,-0.115232528061047,-0.0531964596713117,0.0366772451767025,0.0521099637310697,0.158180635034937,0.333823398909865,0.448782639915397,0.400342971494048,-0.142549982470091,-0.20413495197795,0.0538192131266275,0.310991242991788,0.300629615903983,0.351422225485886,-0.105576368789224,0.0982859177204273,-0.129437718665757,-0.183720082147548,-0.14997329186799,-0.129030924746278,0.143767056858706,0.315114694442811,0.308897674796721,0.473514863932556,0.480386762620719,0.664390392798914,-0.261035368311722,0.0786927352211834,-0.07523392947715,-0.0915717107746026,0.385395901076727,0.0344185603157659,0.622418145852316,-0.370617192079152,0.24342809447875,-0.146003171501101,0.302020016976733,0.54723117657971,-0.225386787591952,0.16740793071087,0.145038669104031,-0.256583450447453,-0.376033382195006,-0.0207421738491912,0.189363501337168,0.305812311810417,0.0599823303001484,0.268584927371562,-0.163345447735768,-0.277887564421729,0.0863456402290534,-0.364102560753964,-0.141602975897323,-0.215935363267939,-0.190972089087836,-0.0589336131686542,0.2702138498183,0.402253050167036,-0.127398507828826,-0.21143340743029
-0.100275599981381,0.448483294256727,0.285896159003287,0.554215878492148,0.354612865069025,-0.0330239231331718,-0.374613989606588,-0.343335162523257,-0.482346933816494,-0.448032893193284,-0.0609637595041163,0.0743903445542557,0.42866169848742,0.68347206245878,0,0.224669481063619,0.122940662831459,0.0496742897688618,0.529551415514214,0.252805354430576,0.707552999315198,0.24112531785361,0.606726206253556,-0.0151246918658543,-0.375512826672658,0.285364691844803,0.376695440599922,0.602684365108653,0.53117832791197,0.728234495301347,-0.393838955902026,-0.0036631677221105,0.176481002827755,-0.000366746468585812,0.498103647604134,-0.104432503920348,0.232214049747615,-0.546244313640301,-0.41860406736922,-0.340013010341028,0.0466711632167681,0.194799532170626,0.296165356729677,0.241395857918219,0.386225430945965,0.522511196362802,0.646291434240112,0.593604272550753,-0.259551542150641,-0.0409948050169275,-0.054267944716525,0.27242171949283,0.376057783962432,0.534445260596685,-0.0447345394065859,0.166324982090669,-0.199935788410773,-0.415687452211069,-0.355640556509773,-0.0285979568501042,0.222689333450568,0.445441493755548,0.398268838615454,0.313604599200976,0.574985206061437,0.820329154500771,-0.363964072386175,0.0468494115136016,-0.165821702683681,-0.199135094081137,0.4553529229338,0.14497569490264,0.738019145304322,-0.434551328706641,0.330957401804799,-0.0791080018033095,0.457347527560284,0.711076785968244,-0.318774090863906,0.195633358235564,0.0933479299741656,-0.303715884372108,-0.343416009750926,0.0650115206343197,0.35300867756882,0.454075323736479,0.271165299073427,0.434032101549563,-0.117886737106199,-0.262556337319122,0.116665927045825,-0.557771032224675,-0.200092226892076,-0.244201290889383,0.00788822048665915,0.0746780758473138,0.424831359387012,0.521615710051675,-0.171054859398804,-0.162555833608809
0.445601594196337,0.577375683981972,0.379245270733715,0.641097827996006,0.418673125622323,-0.0944451281320833,-0.155177619434958,-0.117183202282234,-0.294474200492554,-0.431588928113924,-0.385034146078017,-0.175264205295727,0.0359159512867276,0.0865900906670536,0.224669481063619,0,-0.155349866407321,-0.22283173369598,0.188233504911501,-0.209216495356392,0.122249079330076,-0.0755209601390166,0.351361127521301,-0.318216743065399,-0.375970257140629,-0.0724047293122218,-0.00940154437782518,-0.0428968597398888,-0.0175960016099705,0.245918490451286,-0.140397236462823,0.541601938197461,0.605999675409416,-0.0948366572585368,-0.0488560506778811,-0.447257851913742,-0.114463661907887,-0.147987012364095,-0.107118586741535,-0.410435810856389,-0.248545531892765,-0.248804751140055,-0.14227785541794,-0.223951244722626,-0.0204837266914034,0.0613443534300913,0.399527843702043,0.334551758729062,-0.431507877543346,-0.333596789364451,0.386772111236948,0.241402626689368,0.684760424488728,0.574905760643657,-0.0348487187815787,0.240701878300914,0.2330569722049,-0.278596187561271,-0.293155436886009,-0.374401826074367,-0.195593281910479,0.0339740181318533,0.0287552551463655,-0.0835439915902783,0.127860473792733,0.27551925916524,-0.0905835447251341,-0.0970375416785823,-0.401439983355282,-0.321493767170052,-0.027668975256131,-0.208489160753865,0.34711382289545,-0.352671238538791,-0.120874950833334,-0.438135674584234,0.0588584428035345,0.267387164973764,-0.26331625397992,0.627641957225091,-0.247989750030555,-0.279059863824226,-0.394714519362864,-0.165215238955393,-0.14945272791047,0.144318677167632,-0.139758309828774,-0.0163396693489657,-0.34201954416283,-0.391019970002936,0.443768448765628,-0.138876790209827,-0.108689497499575,-0.333241539782888,-0.332526001003103,-0.295324093168118,0.00560351859786067,0.194891423763859,-0.389313720369585,-0.484956807671602
0.0469724241725591,-0.279404870573489,-0.0946460624725807,-0.187000381024841,-0.346757488201587,0.0329554506261141,-0.0416605843901972,0.117744738660059,0.15565853373516,-0.0111615756905224,0.0876598947795443,0.358182906307739,0.411966270733097,0.160124320300523,0.122940662831459,-0.155349866407321,0,0.501561373036964,0.343920816410422,0.470347988216716,0.257386570690996,0.322125313126699,0.0887140875492616,0.40575501698048,0.0888713974590254,0.360644474414343,-0.018621964476522,0.0888008074400188,0.388449476825116,-0.0109473556592242,-0.0407548571581273,-0.247504318440284,-0.285331809018311,0.350922201427635,0.139084808419203,0.361626688194994,0.271010226583223,-0.145585057498068,-0.0323305568890551,-0.0435300107009745,0.118750024851665,0.17057261454632,0.304621864312905,0.0874380385588053,0.0929559436025079,-0.0305618320433167,-0.117520644078595,-0.00862393483179362,0.182054675989307,0.219623219452114,-0.201383484802816,-0.228945273679299,-0.116717702938291,-0.104082488185408,-0.158352006366917,0.170022591786325,0.0649161412553251,-0.00746275905158147,0.0552691001970883,0.264184993503116,0.230308401982431,0.329852552990513,0.162440518600183,0.238891102983289,0.272164737584603,0.089596653718845,0.0124742717700528,0.42064247222703,0.364883117573248,0.428252070688188,0.367371472156715,0.216530508451392,-0.0156315848158995,-0.0028955969867193,0.25960398295575,0.314174632207219,0.462624735312539,-0.0693346719240737,0.0133820098514256,-0.264332836322989,0.0880395813944372,-0.282687959356685,-0.0765996354960709,0.0320321166010215,-0.0204360977852107,-0.259028130027461,0.160601159610709,-0.0206295808659406,0.226800844017021,-0.190327686091501,-0.393677327800015,0.0645436719092729,-0.0441608932705811,0.122524184835814,0.262261592865107,-0.0109499869289321,-0.0427408862171501,-0.0577637092525166,0.242807339501547,0.210702044061164
-0.128141225119404,-0.338550867971282,-0.0890367345302489,-0.20929824698757,-0.267744967433272,0.0480047534743585,0.0898083122467071,0.459834828174801,0.345464797985614,0.161603946915474,0.271856126488346,0.312543656482375,0.184255658619292,0.103292514347441,0.0496742897688618,-0.22283173369598,0.501561373036964,0,0.361419009300721,0.447396751459863,0.295305388191027,0.216578227919232,-0.125787757180457,0.271085754635873,0.104761098029703,0.258074743207727,-0.0638236171858368,-0.0137189940946438,0.317331450945538,-0.159558039107708,0.145169652878306,-0.393947490805027,-0.423438049482614,0.480458839529419,0.157230843055885,0.420611026209839,0.1384641509328,-0.110638660926895,-0.00911364149053416,0.144855373282126,0.0860484207136973,0.203219876751754,0.193151309325979,0.0701437058593904,0.114294891072243,-0.235390980714574,-0.269125403617492,-0.174462819475108,0.166372704264257,0.0822878993319316,-0.247585173265026,-0.156513916659697,-0.122829389132325,-0.108588154133972,-0.236863538357795,0.0846677413274706,0.258506942786237,0.34554018138527,0.172102899153413,0.396434906391896,0.352199141426194,0.17266647973635,0.219998974810319,0.203833865940688,0.352397350998767,0.038000981631417,0.156618579257647,0.458402549136687,0.598780566064381,0.623354968662294,0.467133311473385,0.196522656729761,-0.106525494871307,0.233960951783355,0.355593780353143,0.424614962773847,0.360331691128945,-0.153820418203164,0.250961165003775,-0.323619435629167,0.217178043236954,-0.0654789027071888,0.00144521155457643,0.15659437106865,0.137038378400858,-0.210521772375864,0.0691842810468524,-0.0689429889200121,0.171105562062002,0.0531510352110443,-0.461934230247657,0.0829215726362733,-0.0162274862655929,0.301099646719197,0.359327473684892,-0.00070929275852112,-0.192030699313744,-0.10407991471242,0.221635574314331,0.115245170263598
-0.0729990213832471,0.223926630950944,0.0326326160664041,0.290277084330457,0.119152887826861,-0.047707714713612,-0.247956313628202,-0.0204563601218909,-0.181213898962702,-0.333034261324916,-0.114444685457679,-0.00755170627615913,0.350613041824527,0.527011194080834,0.529551415514214,0.188233504911501,0.343920816410422,0.361419009300721,0,0.257377164750701,0.600847906000406,0.461413172058715,0.300967114902009,-0.0628852798479544,-0.377173580938453,0.116771263819422,-0.00375035024906933,0.250926052160572,0.283787772840726,0.258017994643854,-0.146548543557733,-0.028019596924155,0.0747616624024731,0.309359682616023,0.355300350921753,-0.0472209213507057,0.155456846754469,-0.402797454493523,-0.314438576050004,-0.275735225403708,0.0241066217939719,0.0832954232219812,0.124997930550257,0.173836932230016,0.329665726131476,0.135353053414986,0.334550572489587,0.251844184628926,-0.186583574419164,-0.136453891268173,-0.0803848188355892,0.0440998528736943,0.326990408378734,0.338280675489987,-0.198565143649435,0.114891840461654,0.0534785438302332,-0.184127106244927,-0.214990655718873,-0.095404192844895,0.0842863566922295,0.270024645506892,0.486995011072093,0.355457643514892,0.585756931091466,0.512088265947188,-0.0253836255588456,0.218254353913537,0.0625386893310162,0.155530498860626,0.533392383666822,0.172217016876306,0.385194488013619,-0.207735892340715,0.220688850326821,-0.111700731866748,0.404714602945797,0.26394266553018,-0.105461516048903,0.132158037207403,0.140617288329684,-0.261165386829423,-0.327721179562457,0.0847371002686042,0.0893427497266012,0.247954594824975,0.0732426223494503,0.156165003244073,-0.123531130774131,-0.262456816653556,-0.0132618888435482,-0.290126892908059,-0.0424939414473738,-0.143179923868044,-0.00309920195974461,0.0412621609769948,0.08625328514946,0.227534761780652,-0.126228126390871,-0.194468108921626
-0.0605353759229814,-0.194407544988444,-0.00330875292769254,-0.0610392079609233,-0.223438458039232,0.102614889588301,-0.0792734305657764,0.0345503431661024,0.0236955390919446,-0.0872079810514137,0.0490231583287129,0.144666307115394,0.269131816617997,0.161023932353784,0.252805354430576,-0.209216495356392,0.470347988216716,0.447396751459863,0.257377164750701,0,0.27600204247651,0.323948502982727,0.201779308076323,0.244363868895246,-0.020822616087616,0.438994672986977,0.267359600966705,0.334022988251407,0.524969657726124,0.130080569889058,-0.0724218831784414,-0.360223390226385,-0.34463335910089,0.154565736028667,0.293921107239188,0.37237551174069,0.3575935073665,-0.309347070584785,-0.162333280989042,-0.0409389573426034,0.18082175410577,0.320240945237478,0.42864588527193,0.313127882632748,0.38285813043889,0.098538429164361,0.0197809756514894,0.17231371660122,0.210665417830487,0.234948513747608,-0.325720705169165,-0.178543795872069,-0.112016551486157,-0.00322795245227708,-0.0385112192467929,0.165182645982848,-0.0210773983017355,-0.0894570670500397,-0.0731941843775169,0.228677028617827,0.186492277392434,0.24879356778363,0.222850554984548,0.0833707749705585,0.313356739019499,0.151762166736743,0.031203738677743,0.302811487870662,0.31398064623149,0.336878955837509,0.500436720442308,0.208253946938138,0.0845446466387568,0.00933844903546457,0.249345194132006,0.40469110743901,0.524140869622374,0.076625705277826,-0.0690656044584067,-0.318172596487317,0.238698266258262,-0.174723616126944,0.0610232466897691,0.171514047044716,0.310403695498621,-0.0769785616313341,0.329855453238604,0.217073732572891,0.36309234446971,0.074171699405924,-0.371494163973496,-0.0671924515302681,-0.154289078836727,0.0834780112555019,0.333925270023022,0.241076079216118,0.175090159823831,0.14980060856131,0.280826660383776,0.197957799792105
-0.188470745231252,0.284750602898043,0.140432341405582,0.38633305766864,0.269697766692291,-0.0296976610749435,-0.232804186453064,-0.105494226411597,-0.289830330978875,-0.343218253631341,-0.0316791435714837,0.143676910861864,0.256083566249777,0.585677166291817,0.707552999315198,0.122249079330076,0.257386570690996,0.295305388191027,0.600847906000406,0.27600204247651,0,0.286633555634821,0.43349278222473,0.110826594516147,-0.350948840403413,0.225004608512065,0.208528825310824,0.450429987500184,0.441129679444265,0.525498173533055,-0.347327506581409,-0.121518681802696,0.0596683385072493,0.189601664414526,0.42684434420969,0.0193762763143527,0.119757040602247,-0.536312390948361,-0.375869165768166,-0.24426711254806,0.0528219803491205,0.14832073681332,0.15849043241506,0.145645266226937,0.237695643289248,0.296853633456717,0.418071023523423,0.416061409686437,-0.149330800433982,-0.0657201965107887,-0.0710471856641451,0.18797039526967,0.287299630909033,0.39261188983673,-0.131860238098999,0.088853055262402,-0.0924802339562937,-0.200424910827202,-0.244517224669077,-0.0200678966275839,0.196355871148057,0.231205863970198,0.243204910529102,0.361973363613231,0.577995047460048,0.675785537995457,-0.235703833701578,0.0914084136411362,0.0350147458371232,0.0520263777658028,0.528630674231638,0.0940490636111714,0.548800199138429,-0.281751124946969,0.386012514505997,-0.0603743795895497,0.366910111014382,0.554392091141009,-0.222880628485594,0.0785070993849143,0.100878270595802,-0.299189132337225,-0.396888970292883,-0.0289356010601866,0.226279662354385,0.251299742149451,0.108334901061789,0.317537969911488,-0.0529279168352982,-0.260971244406257,0.0107210402167645,-0.421875999586795,-0.172131191197097,-0.152468044836635,0.0485413124820402,0.00262849125850297,0.21249845925515,0.333104000199534,-0.186065830424786,-0.124773114690415
