0,0.397631446337655,0.58653628497725,0.228418922119985,0.0642021319409188,0.237930033561985,0.435506747960713,0.173501604653072,0.0954858079776697,0.357465608233765,0.465141698483821,0.360169439117549,0.230288943726744,0.00507607462992426,-0.341562388843646,0.428238009845,0.0267132273435167,0.0568282021305838,0.18846902697546,-0.129739432864892,-0.224028744111907,0.0416951040323382,-0.0725990307430861,0.316278002335705,0.343528909975851,0.0586386049826573,0.0446013093516762,-0.348914269340894,-0.204052524853999,-0.511470308500738,-0.0943675397942052,0.371092380093656,0.0227592878192745,0.0608753514856273,0.061140713599684,0.276423988591932,-0.0447351142525903,0.304123341355805,0.21492195273559,0.430634602243435,0.344278343051579,0.15554435473811,0.177132263663798,-0.104216132947005,0.176761115421938,-0.224505412028694,-0.00742618570419497,-0.137099453666515,0.285774475258057,0.0945296145746304,0.392518217563577,0.464534564715569,0.219646403629489,0.0381109922973731,0.267497390316293,0.301479944543512,0.0699839871117406,-0.135577608883971,-0.297914376652571,-0.191968437401279,-0.321841692417295,-0.252895166385671,-0.149840421602236,-0.282328890860643,-0.456128709149111,-0.373862681337868,0.0957544256381208,-0.380525187824714,-0.293957038561395,-0.331163723292697,-0.385292229041727,-0.329181413101314,-0.432990393401859,0.106460692503077,-0.296039074865531,-0.333352870777801,-0.269521178014769,-0.283217764581281,-0.0301159055967348,0.232810772779427,-0.181761037320513,-0.0809084829771177,0.0701991760424961,-0.290011038119951,-0.273615492550559,-0.227640977675445,-0.0413566311240065,-0.0996960582947495,-0.0113169794447696,-0.0613805504480475,0.188336382162875,-0.288783999060859,-0.232964098999811,-0.18496548328433,-0.219246201826222,0.0193376848447113,-0.0614155599413742,-0.366806465541927,0.18743984376573,0.138328104511912
0.397631446337655,0,0.639422726584589,0.251304100447838,0.32626412724416,0.22957405539837,0.3575032029296,0.361590553484315,0.242971641021448,0.245843540360405,0.282912094628097,0.383985374945365,0.175834039327447,0.0339670789550101,-0.222682811544849,0.380434900532312,0.0258695270113119,0.113938685610246,0.119960942984262,-0.224490878040831,-0.0522175865652224,-0.0637892438099303,-0.0381540756948068,0.363207592798626,0.149760423151152,0.13729180088583,0.139653125768432,-0.253575145197485,-0.0612968627123478,-0.325690605005599,-0.0660466010651099,0.163078466248314,-0.0328978530040541,-0.0255242146308119,-0.0231557725919595,0.150055495043463,0.0168424747636625,0.217002750592998,0.0890205646876742,0.36058340974201,0.125959210529875,0.0619028465551038,0.0828169833546464,-0.0669024366197271,0.133324867154532,-0.32433612272965,-0.0689340145649586,-0.216416541226704,0.0317857959633613,-0.158014000270331,0.27708446368388,0.530872127050524,0.190515073811753,0.164833343718277,0.258949665645069,0.215717216341186,0.195454233697132,0.18059317724805,-0.181582498731313,-0.124268134860135,-0.17618968685364,-0.16654302999006,-0.0609473803225888,-0.253307130286525,-0.305045049537428,-0.230224026051465,-0.00712432568231932,-0.279674681997817,-0.280293664847604,-0.362874521371411,-0.397841142197132,-0.192849762703984,-0.382541774888479,0.210439552859064,-0.0386157467207055,-0.158317134163636,-0.124197491007871,-0.193917976664556,-0.125494653246156,0.118022998731012,0.0445133434312341,-0.288259785671512,0.0502891419754958,-0.294160661527592,-0.173279615378981,-0.288605621315501,-0.0350444367283582,-0.102091945279578,0.0715447318362094,0.0214089441223322,0.132577355040173,-0.270891025518489,-0.123857288262008,-0.217784334521573,-0.0743495515135022,-0.0530392183959172,-0.0725046291671458,-0.327364207662338,-0.0274833522375851,-0.0707580481298172
0.58653628497725,0.639422726584589,0,0.101878762081455,0.148608666678862,0.475139201770263,0.406473946467082,0.283936236601046,0.178591027669182,0.256453639881557,0.337238118126885,0.46795738005504,0.248972369708786,0.0291446582491469,-0.287148569454088,0.367647279711706,0.00630449785169878,0.237453215280263,0.260823569194409,-0.146936623137812,-0.167802881166626,-0.0359285062723822,-0.0148375003008306,0.382098174902822,0.211015801151229,0.222867456407042,0.133662763983122,-0.240766374662127,-0.190248723990979,-0.39288462052505,-0.151699471798073,0.0991258824760264,-0.0353461685200535,0.0255176659930641,0.0317282817481263,0.273547444943572,0.0285506027818623,0.0889175519834598,0.050340533500801,0.382783584947719,0.177413754396558,0.00215259414235001,0.099025995205579,-0.192220611971037,0.142378947360092,-0.372357006653989,-0.082408141660835,-0.225211671785736,0.134129950001583,-0.120890158777629,0.236830597516539,0.524442391468186,0.13655454953299,-0.0487145115039401,0.425098530493721,0.444104169764157,0.145339069126637,0.0768259594819478,-0.288466230690023,-0.116245987515368,-0.185489848751331,-0.210576792169853,-0.0558404874992438,-0.259518775760088,-0.362340451490715,-0.314433777463854,-0.0185494477794403,-0.260502131578858,-0.293926805648145,-0.278675216636546,-0.364392403579351,-0.208105294381556,-0.380745895123851,0.274268125119935,-0.0682472420314492,-0.173573258845563,-0.144721979883514,-0.187415708488416,-0.154725497282491,0.111200518974656,-0.0123089472840886,-0.222488767220246,0.0334749521504771,-0.286016862016367,-0.152628946823919,-0.225970502235978,-0.0118404811022925,-0.0257476661096759,0.0950290433844626,-0.0114177937535887,0.0047051179542664,-0.35461120950998,-0.2621522803845,-0.328674958917124,-0.165460800411057,-0.0846315979071,-0.0332859655810756,-0.372636001002642,0.114894089136401,-0.0359523659824857
0.228418922119985,0.251304100447838,0.101878762081455,0,0.414899394339419,0.0884584873928021,0.530693255714029,0.453206683563011,0.409006124412818,0.502188444438324,0.278264475307279,0.00105284782264522,0.158751176220614,0.172394739792358,-0.108271191432478,0.444468560313643,0.0835591725233656,0.0546534055041309,-0.0889870417644821,0.0601948858087706,0.325168270595286,-0.0378151796550466,-0.0973484357358372,0.11934084060896,0.260598730805765,-0.106170666548407,-0.0328312928954047,-0.235132780444964,0.286792193421771,-0.377764324512849,-0.241834011222345,0.314413641140899,0.0143239053096269,-0.0268714174565933,-0.174648201598769,0.0624284918633601,0.182792679653498,0.384266028508959,0.204984673273733,0.251066321085283,0.143325563237605,-0.000651803634193118,-0.139377860181259,-0.155745364623193,-0.107491174622594,-0.162544167821962,0.0994923327393273,-0.233468495813656,0.0583315864933328,0.121232953814718,0.355127797983135,0.284299520565237,0.47955053991381,0.513252496387938,0.139521956535541,0.119284471750717,0.257211101217929,0.0886750560736552,-0.0216070805045344,-0.215063114624621,-0.285789705702863,-0.277219737564267,-0.10149149549315,-0.274431229324569,-0.259970490034857,-0.262455205621755,0.222217084757599,-0.387418364276997,-0.268119585969446,-0.34449812422113,-0.174855140678057,-0.379516342952944,-0.393181160508762,-0.045389459626446,-0.235693652484422,-0.325464039479019,0.0704658444654986,-0.298824057034025,-0.10694589251274,0.228158444578287,-0.162037464274602,-0.181230128688658,-0.116539331566268,-0.32235719563644,-0.281969210320007,-0.332890218259756,0.211647014719085,-0.28018916133073,0.0460791590972957,0.0387621394938862,0.249266640440873,0.0320041985556566,-0.0328670697579877,-0.14318102343523,-0.0935909757458897,-0.238440326435046,-0.264825193972569,-0.285793869002436,0.0982608639301481,0.179401658585132
0.0642021319409188,0.32626412724416,0.148608666678862,0.414899394339419,0,0.0854019783613279,0.227846702488996,0.377939812984627,0.24940668976195,0.20708051715164,0.255610585219619,0.0678135841814734,0.265489561735165,0.153626406843876,-0.0683465388332604,0.270656381930699,0.198319311578961,0.200614059649585,0.00525540294270243,0.162802721650743,0.316366900584678,0.208851018113485,-0.0196566821392915,0.111047637490636,-0.0976275859960872,0.0110986244662135,0.0128688415711983,0.0419839334413271,0.184526228482517,-0.125087207491698,-0.171009684147844,0.0460989472744227,-0.033932176896368,0.160267587564299,0.048108211072257,-0.017601532007465,0.206563601165828,0.1808008289552,0.0909610975950323,0.120000861692718,0.113609177346272,-0.0228331967572879,-0.0329826429402736,-0.22785615398369,-0.211392849144828,-0.172421671754018,0.22987863881438,-0.155067889308175,0.244654460309782,0.161850988624724,0.20658369860385,0.285571622570411,0.330256405789413,0.613229750793265,0.408745770770807,0.0275992908357246,0.271423846343125,0.195324554025668,-0.170157554570534,-0.127090948905847,-0.0449540772042105,0.0724787199365499,0.0327131578396903,-0.0922364259425543,0.009642302736829,-0.0971111613810987,0.148583205061891,-0.122219965738122,0.0334089044144907,-0.0439777775348289,0.0416194136225226,0.0186990279085507,-0.101549942769927,0.028749519586702,-0.0653539463520967,-0.0658923608255488,0.0757859499351345,-0.0330220745859563,-0.234016061124437,-0.0894014328981953,0.00955355488066691,-0.0172755247275793,-0.148589013414889,0.0890691964270915,-0.0271674195717749,-0.0349822815109302,0.190803223279395,-0.101873143660514,0.0816267697878796,0.101597131405866,-0.0267938685819362,-0.246180341764173,-0.0343556785392753,-0.0487666013866182,0.0630976728497156,-0.283279971445535,-0.240437106308062,-0.0659904679725418,0.0241055236159169,0.139640517720253
0.237930033561985,0.22957405539837,0.475139201770263,0.0884584873928021,0.0854019783613279,0,0.235230560097662,0.229886598695743,0.383504159979288,0.331177691950109,0.215646999834129,0.277097034473529,0.122432153846081,-0.0771776611525591,-0.206773437359272,0.269628647610412,-0.154463200430444,0.183839798851041,0.0545188309054394,-0.155981266987166,-0.100295637654433,-0.0462850307857765,-0.0260707164290853,0.295887196762125,0.480158068156757,0.295400390326555,-0.0697621490728565,-0.254274261916797,-0.0903480251612069,-0.259659994376023,-0.0639962753698269,0.114331326625534,0.0282091486826392,-0.0470590135556121,-0.0769865454806414,0.196062980498967,-0.0718370644225802,0.0232541520688887,-0.043640780259344,0.18816099882774,-0.0773985294761597,-0.0158519373186788,-0.0351340772761394,-0.214072483143206,-0.0755603170296532,-0.357955762223171,-0.251953262898158,-0.197837640732482,0.305002327249818,-0.237904018139669,0.235142480376968,0.390198516384618,0.130445454201134,-0.0982594848082834,0.53228007471392,0.70236071448056,0.147835910646212,0.166977425764871,0.133551949464126,0.0359085983922616,-0.0733313769517667,-0.162990604510567,-0.0202187233455752,-0.210519812963015,-0.18232799290464,-0.298057624142963,-0.0342877354805733,-0.210212595444157,-0.159014814276569,-0.0921184099870233,-0.166022136289477,-0.123850842676163,-0.217008188803529,0.289768034121146,0.0741982155840647,-0.0198937538770238,0.0579893521032411,-0.0942539604701128,-0.104211374858323,0.250441374475501,0.00673634797493776,-0.262580731343779,-0.0806520041880345,-0.253162512170162,-0.144025151114742,-0.244604849780606,-0.05724812872643,-0.0923045140276567,0.0522957657565231,-0.0531201910444082,0.112690649162475,0.0778560288903433,-0.120636483344115,-0.213037102013713,-0.0755856598192015,-0.167472601608704,-0.11704791736253,-0.387830054135924,0.056600117414843,-0.21978016757106
0.435506747960713,0.3575032029296,0.406473946467082,0.530693255714029,0.227846702488996,0.235230560097662,0,0.481205158295484,0.35550522743718,0.552701479263196,0.459697143191518,0.290528176252223,0.407030340206671,0.176182878022735,-0.129110770248221,0.531729425891594,0.247951065969662,0.257903778780389,0.167207203407079,0.0615771511814703,0.106473509314469,0.150060427754265,0.0343870759406432,0.36037662619539,0.255323817175123,0.050621528399243,-0.100468557542898,-0.381501749569009,0.118292993317536,-0.454538000871553,-0.333423650827304,0.285254744276492,-0.156898500375694,0.194902254218336,-0.0708712676690163,0.270168879258306,0.117539405608574,0.342385560712329,0.276958729471941,0.484254495574257,0.415560689033578,-0.0267618211902915,-0.0464901258693318,-0.306511352661943,-0.147553742828068,-0.300558967790673,0.153610481359611,-0.17757809614449,0.19187438630441,0.118478126638526,0.394716088404684,0.33601186167063,0.385098736013065,0.165281164165653,0.190390540127815,0.321033551702226,0.164803173355573,0.0721140999945345,-0.131505525388773,-0.196524654407387,-0.268379675436842,-0.209918836976976,-0.110633412126242,-0.381878915731665,-0.431641748354536,-0.367955314582448,0.280602619660065,-0.414344363630901,-0.328614814885929,-0.347189586762118,-0.320479266249856,-0.392760687378615,-0.448639244575617,0.0972845992374758,-0.261243496914442,-0.356359408513769,-0.0861320189386734,-0.3320129148548,-0.230771025774859,0.285454749098519,-0.222966365165957,-0.128850908716034,-0.184319736782042,-0.31048841965298,-0.344951742100165,-0.278236457428109,0.176569192345094,-0.360117330021569,0.0480558763642339,-0.0141997305679534,0.151606110356553,-0.11012972026827,-0.250869236796851,-0.373488611652488,-0.221844061634812,-0.265018512172131,-0.293120665459783,-0.358040068694113,0.209180493034627,0.17078292862221
0.173501604653072,0.361590553484315,0.283936236601046,0.453206683563011,0.377939812984627,0.229886598695743,0.481205158295484,0,0.534304643053725,0.395347856393602,0.26803884763157,0.256967531918637,0.353413915666874,0.0980777639520452,-0.029881042423829,0.466151284505705,0.192840475561632,0.432726808923164,0.101646965949859,-0.102627845883317,0.184447023170706,0.0346908707359728,0.158275628424904,0.34790600959978,0.269743959925671,0.15717171585806,0.115276333755758,-0.214456126209491,0.149287024262588,-0.217823670866939,-0.203900385256046,0.210897539744037,-0.196943209784884,0.0970309178879667,-0.0835973857559606,0.183182865841344,0.0268512267331453,0.172149613198317,-0.0296096854078984,0.254306111468255,0.102165125346937,0.0156721434631367,-0.00670003556283446,-0.134550823703457,-0.106461787336557,-0.243977791517103,-0.0164584093736364,-0.156216258391607,0.124321701982727,-0.0514151293415503,0.273476019893757,0.436759190451257,0.436236504037329,0.310429467466965,0.40650911044417,0.31425946750149,0.572822536062951,0.504831968826752,-0.00619383528549416,-0.254212619981063,-0.181773569916697,-0.0445313744611367,-0.0467945281469852,-0.310152961060507,-0.0897908390612912,-0.161879424724272,0.215989143001707,-0.214255994469916,-0.199047633907548,-0.0933748961382246,-0.00529561564329991,-0.195138324264346,-0.241193714428124,0.179652064875125,0.00749526164016614,-0.152089953248034,0.177354580574305,-0.14204139503439,-0.194563734606749,0.252291436541628,-0.0053023511504576,-0.298077006935516,-0.0801260009535155,-0.190161473406902,-0.074861226829893,-0.396517568355257,0.0533275751638347,-0.2821531633365,0.068664718833272,0.0397776607022882,0.14259776526213,-0.119488376827491,-0.143848173617466,-0.185746530997703,0.0243665395853275,-0.102440930281706,-0.0341122899325745,-0.255608599058683,-0.0616971172782432,-0.0548221841377061
0.0954858079776697,0.242971641021448,0.178591027669182,0.409006124412818,0.24940668976195,0.383504159979288,0.35550522743718,0.534304643053725,0,0.526690271140365,0.164234238180188,0.123124054339203,0.28010013416531,-0.0426672990699479,-0.194537615595571,0.40676828073198,0.0679799424012187,0.138587873096484,-0.17170115674577,-0.145356893753123,0.185279929008135,0.0112420363141943,-0.0138235501337362,0.246658336626694,0.423240810281202,0.225829337049306,0.0212487492525044,-0.242032846203334,0.275457855851728,-0.237647659871966,-0.125128646201671,0.234811308067266,0.0462158660854478,-0.0514693620610671,-0.179321662323124,0.21897913234357,0.0368908582185387,0.245149384344567,0.0794766545042946,0.207388062463557,-0.0831925643616594,0.105214341642811,-0.0888669500948842,-0.0607097814119158,-0.0998907221590972,-0.247048363461732,-0.0916527105363552,-0.179392307092293,0.0873915554766408,-0.156522340541464,0.257037399519046,0.311968154651797,0.384683832613743,0.226492311424546,0.298872472289816,0.398184989298566,0.382459164568932,0.553826385542906,0.324860161639506,-0.0153519348739827,0.000370515454562313,-0.0478665854338058,0.0443258487309455,-0.289737400365507,-0.115905439509355,-0.226859866830769,0.195019039581398,-0.143331919898141,-0.0687520397994736,-0.134968883088422,-0.0885957281097733,-0.155634378500943,-0.167314252106512,0.232874464947588,0.160939904457461,-0.00739864599115064,0.26762222138562,-0.0849261077143701,-0.135443376345122,0.287748074032941,0.0955848677627062,-0.302563676873973,-0.148742109377942,-0.215197216413631,-0.0746082992243814,-0.306261264250658,0.0861819034725956,-0.258628556370047,0.0762260801072926,0.0599762701106402,0.283792237791736,0.164013941599701,0.0548609094894675,-0.0206360426386959,0.118690810213825,-0.11894551533848,-0.145926460327134,-0.263270176395979,-0.0647233117188696,-0.135059563614139
0.357465608233765,0.245843540360405,0.256453639881557,0.502188444438324,0.20708051715164,0.331177691950109,0.552701479263196,0.395347856393602,0.526690271140365,0,0.433922016431191,0.335153970142518,0.34893642242711,0.0198322387380785,-0.202571452087095,0.479961990414105,0.0862312894318729,0.0482505859003206,-0.0791868338154889,-0.126529259513404,0.159146785241977,0.0395322958587419,-0.132415426910909,0.345821913538572,0.602349713693779,0.156039706328192,-0.0737330470824268,-0.333267635579586,0.19182289997066,-0.452693342222523,-0.264845173812531,0.392775648099342,0.0919504856067865,-0.0878993828415952,-0.167880911715786,0.191856724803799,0.00943159028174042,0.30542424582042,0.208737640558798,0.348030620181885,-0.00410416543970404,0.0335259126662618,-0.0931822244579522,-0.283522411344133,-0.144724562249586,-0.365023473043325,-0.0826521836227339,-0.208638081591274,0.125507783263949,-0.126157995819539,0.341065089411405,0.427383239153124,0.384202282400873,0.248032813654215,0.23000713163244,0.305803677046879,0.194517221188252,0.114595233586848,0.213587419686788,0.0233531560477349,-0.0730611785720804,-0.1748800219995,-0.006317110207906,-0.336672886302132,-0.261473258982956,-0.310476793634791,0.14075881645853,-0.4188111718656,-0.358793756310071,-0.433751282275276,-0.256396867620722,-0.397363907520511,-0.40288314155788,0.192391318954449,-0.0267466957468805,-0.175607101808361,0.0489833514220268,-0.185859827161052,-0.228329186755125,0.287153863347552,-0.117006386016753,-0.364712946571336,-0.231634552948656,-0.389653111959851,-0.264241860614603,-0.406189558372874,0.0214572913371931,-0.247226233321123,0.0145196161480495,0.00937849988672539,0.205143767941766,0.0660569396705888,-0.0849920292814305,-0.185541152400341,-0.153279807560976,-0.280341976012132,-0.258231577744296,-0.415210719837326,-0.0664568596322118,-0.137649020121756
0.465141698483821,0.282912094628097,0.337238118126885,0.278264475307279,0.255610585219619,0.215646999834129,0.459697143191518,0.26803884763157,0.164234238180188,0.433922016431191,0,0.446337218690138,0.423072539697458,0.361985691262859,-0.00665014029726186,0.526823086332323,0.275106790240344,0.0887194441950796,0.344928789698696,-0.152767499443657,0.0740489947195189,0.199122632858233,0.0574922894349455,0.450011053496776,0.241323750671422,0.300729232544039,-0.0674487770761945,-0.283533259626561,-0.156775354211476,-0.363936910277836,-0.0923185786426031,0.341144111232291,-0.161155349963366,0.193048344524211,0.000465358387344325,0.19750273343011,-0.0408648006730805,0.313696649650366,0.16532567774625,0.411928740334763,0.320935041754444,0.0970593775907908,0.105873197480416,-0.182005103616451,0.0146918376167506,-0.329682541623113,0.0232967485479405,-0.227426561907328,0.337460629371607,0.113916639717377,0.458436222078856,0.382968350993371,0.301097296164574,0.135792950141774,0.201027661956572,0.227859627839505,0.00117596067371433,-0.103112921107829,-0.106735158846872,-0.0218750777652808,-0.077300497242317,-0.0116945601584866,-0.0214704556403311,-0.074335623049135,-0.226577247613405,-0.227892294864298,0.0761127100799357,-0.322990176607242,-0.305227328158743,-0.333778747224325,-0.303053404217134,-0.312288931235956,-0.405401186391986,0.0977533469697645,-0.198357164239899,-0.227789295306685,-0.132174767791294,-0.100378207789645,-0.0727306694571568,0.372559245493191,-0.273784988703532,-0.128876104448995,-0.0466079655346269,-0.220193884166916,-0.313527613120764,-0.229384524782509,0.0502441983008405,-0.148689598926668,-0.00951483277763486,-0.142659556548168,0.153038636874948,-0.164059349465124,-0.164698999048849,-0.228530558729623,-0.112657283976881,-0.0609443429389041,-0.231432235665012,-0.395849182608781,0.120682665597597,0.124792289379023
0.360169439117549,0.383985374945365,0.46795738005504,0.00105284782264522,0.0678135841814734,0.277097034473529,0.290528176252223,0.256967531918637,0.123124054339203,0.335153970142518,0.446337218690138,0,0.379027975106496,0.10126520093423,-0.0270305534563728,0.294092115942059,0.198011652062075,0.18066539926512,0.306172392708861,-0.363652868958576,-0.051640796699015,-0.0267921039425431,0.0818574391052901,0.624748425542428,0.281904745458051,0.487671182135586,0.114415807069535,-0.309593233331259,-0.152848112180054,-0.189359004382123,-0.130446639840934,0.0500487258159591,-0.156445763956385,-0.043253994290398,-0.0555226853831389,0.382259689301437,-0.151279289359588,-0.0591410143144151,0.0474866036503635,0.198393588100255,0.0539232932688945,0.104929705415505,0.0673958433908599,-0.0856990898131289,0.0723515886753924,-0.383498591985997,-0.205023615516679,-0.205524259929847,0.142422579782375,-0.267722304044303,0.136913406640812,0.357962296749946,0.0992880203734811,-0.181800856736363,0.246346310042756,0.405943745673988,0.129587737784998,0.0956402763693319,-0.099702069684236,0.114667225172167,0.223353991832675,0.0021598993900063,4.47213260515635e-05,-0.170713145071352,-0.11721739801046,-0.118598951854407,0.0455547662051945,-0.172520969919568,-0.386309898870999,-0.349558246019937,-0.151998537085883,-0.146029280237396,-0.341291711012446,0.348147134417185,0.254489487977135,0.0446574473454192,-0.00447613904629389,0.0241213555725678,-0.200004042968167,0.109118498853614,0.102249317413036,-0.326408879255582,-0.0951267271645102,-0.28352340110583,-0.126618427940573,-0.389265759972941,-0.170600695342847,-0.12561260134245,0.0692752971888065,0.0693766733826107,-0.0616832570265567,-0.259699175378491,-0.225540346670781,-0.219493644174768,-0.0501216374640612,0.0432156574917364,-0.00502865495994493,-0.380671997891057,-0.00765008010212067,-0.207317685375905
0.230288943726744,0.175834039327447,0.248972369708786,0.158751176220614,0.265489561735165,0.122432153846081,0.407030340206671,0.353413915666874,0.28010013416531,0.34893642242711,0.423072539697458,0.379027975106496,0,0.298226201426517,0.0764079955792231,0.366911548447882,0.455600061780086,0.275424050317682,0.23725615822278,-0.0696108566825968,0.122884259593622,0.407839671760848,0.245127410688337,0.351744125070641,0.0943043744181443,0.216523458871658,0.0439307485977476,-0.0844308614152039,-0.0122983364419404,-0.0165915340169721,-0.0437023179837411,0.160739703833035,-0.073033357290939,0.314202659660755,0.181771838412613,0.225243584710268,0.0808457704004362,0.202991365068004,0.246975949841534,0.247787657584563,0.231471264663192,0.143351940622665,0.178298703528107,-0.207402901662164,-0.185305848271866,-0.103515151549902,0.177244864501844,0.0479284763378648,0.18203628737677,0.144685072835856,0.288336741222291,0.213611754365665,0.357343672912324,0.133088257732865,0.273130825548623,0.289067526431398,0.235969938989176,0.197182478714894,-0.0163429948534591,0.0493639465651888,0.0427596569598509,0.398427665952904,0.138342587926178,-0.0514339174182926,-0.168746413448765,-0.0361812493559046,0.25662428290248,-0.0462915335864475,-0.0911754567975932,-0.0835190345936787,-0.162552903053081,-0.047975089069015,-0.0974000800683261,0.173279485529967,0.0361018419414789,-0.0260381943371215,-0.0363093253532857,0.10713545995774,-0.0905384059391611,0.195998046121558,-0.0578180763463996,-0.0619971642435429,-0.138413922706281,0.0862783038806842,-0.0509835714409444,-0.0819806366474733,0.109734370853148,-0.119929900222109,-0.0545536705239895,-0.0358061508370098,0.152892521732704,-0.182262704836363,-0.161231988763102,-0.144313985301879,0.073607715969493,-0.0817644150693178,-0.0569263391575017,-0.163738733915602,0.112562263303646,0.098423467940234
0.00507607462992426,0.0339670789550101,0.0291446582491469,0.172394739792358,0.153626406843876,-0.0771776611525591,0.176182878022735,0.0980777639520452,-0.0426672990699479,0.0198322387380785,0.361985691262859,0.10126520093423,0.298226201426517,0,0.532239972606712,0.224521563125923,0.438482940137115,0.163611308842971,0.548851819318617,0.0704636015515053,0.424888934951334,0.110129605367586,0.317857758099824,0.0815238885737677,-0.155976221430985,0.06335476825843,-0.0114412148621223,0.0125368577743248,-0.0254200848268321,0.125367286225678,0.040824844303652,-0.0422854271351526,-0.0836549566560725,0.352652478206814,0.0471944560373588,0.0192482424442012,0.0733137481898724,0.0610541754765594,0.0341922486552044,-0.00548799217122637,0.184137904463584,-0.0977183001050592,-0.110783663691374,-0.0439339273020993,-0.0345330933524615,-0.136386630396573,0.145237236181186,0.0399682801110888,0.0689074844782952,0.196630777714085,0.114416854555235,-0.0180179172122184,0.0349227136934522,0.121001250079165,0.0316761394033505,0.0136829116654574,-0.0472403923772386,-0.0945006215043998,-0.119427651459201,0.00582908412982176,-0.020796234955109,0.170483882958213,0.176499274894659,0.518011222483454,0.181348646857454,0.252998490375899,-0.0159986390759325,-0.00307811055319301,-0.0370787741396094,0.0247406532438072,-0.0396609221962169,-0.171417268667414,-0.00597789426062518,-0.17083726250016,-0.156464692026014,-0.138504840029375,-0.0129004979585663,0.212801809146733,0.0909286376046403,0.0369255791673194,-0.290192028143936,0.00332943419414139,-0.0835987564634987,-0.0764634720629389,-0.217338799953696,-0.0707018578908936,0.138445510492716,-0.0569563923842247,-0.0315207387092562,-0.249248569403282,0.022356187299858,-0.166150262803653,-0.200035350024779,-0.167916075298703,-0.160785896462924,0.0112484651084383,-0.174613714255898,-0.089693025627665,0.158037142846658,0.25390593017885
-0.341562388843646,-0.222682811544849,-0.287148569454088,-0.108271191432478,-0.0683465388332604,-0.206773437359272,-0.129110770248221,-0.029881042423829,-0.194537615595571,-0.202571452087095,-0.00665014029726186,-0.0270305534563728,0.0764079955792231,0.532239972606712,0,-0.142970558389964,0.152506372971559,0.0993317569833514,0.318098792676992,0.0364112281154352,0.398675749365799,-0.0311391320702791,0.354548398545086,-0.0778442160877103,-0.220802308185322,0.0576867222342351,0.00327999798152637,0.252925463192697,0.116941996933875,0.456374567793504,-0.00657316356603012,-0.253231601032713,-0.126482510685175,0.113362398336693,-0.0849206603029152,0.00319921284546376,0.104740621371001,-0.183446523108666,-0.122633497995542,-0.266750780820816,-0.128883557778327,-0.0626153081149432,-0.169650425035414,0.0297373534056546,-0.117928797718156,0.129097461904929,0.0260146863220957,0.116483041847545,-0.104069527845933,0.0554344839193171,-0.243151060018272,-0.29856086655971,-0.209132140912214,-0.0887539413029978,-0.126212049274625,-0.151996609706413,-0.0912701164932954,-0.0115316749513344,0.0475342927081283,0.169952057956762,0.219259901281429,0.274656368141616,0.227317750372866,0.484818099379028,0.43356033179561,0.596009821443325,-0.0587548091691076,0.237894791845916,0.0445283428558084,0.160279037357124,0.26530818959189,0.0615427340031441,0.254303020352437,-0.0695091770437522,0.122792184679492,0.162623313283192,0.25566718714316,0.471482300355642,0.0116633983809327,-0.201807357492713,-0.035352966648098,-0.03693525779129,-0.189848498400907,0.0339656125086166,0.0679838552425326,-0.00406631912635418,0.125705305247546,0.103841738560513,0.045831240312091,-0.0562000908590997,-0.186971768547473,-0.0373959339926443,0.00598126248011549,0.068412885027003,0.0175176707751917,0.0104701349523772,0.0838189794493197,0.184922850305253,0.0177222626123563,0.0460434590339512
0.428238009845,0.380434900532312,0.367647279711706,0.444468560313643,0.270656381930699,0.269628647610412,0.531729425891594,0.466151284505705,0.40676828073198,0.479961990414105,0.526823086332323,0.294092115942059,0.366911548447882,0.224521563125923,-0.142970558389964,0,0.21403587231308,0.248819046392594,0.308366397942632,-0.133854013633287,0.108054478556241,0.215368847857966,0.145416483804352,0.480878089977493,0.351197544569081,0.176844986631355,0.0358421346528691,-0.475351712542271,-0.0693490186642028,-0.449614797270406,0.000519730439725428,0.507431609412931,0.0570838997711273,0.320565407120897,0.132779000973821,0.2294451842112,-0.116085396410477,0.398769892370856,0.14710330725215,0.464347572754561,0.303535444888786,0.0389385828994004,0.142243346643395,-0.243315706311504,0.0626005858452834,-0.432790360717065,0.0200624411902685,-0.132929765537814,0.161381461870728,-0.0429148850888532,0.677325290313812,0.59220230324399,0.556103383276575,0.284415212401178,0.239893742831865,0.312959728072629,0.31625027784479,0.0754290553523106,-0.0352974732854978,-0.313666972214191,-0.298966363020421,-0.157719314050474,-0.219814779305353,-0.308936542960334,-0.313761201995327,-0.399721280894882,0.136168445364532,-0.280200837357858,-0.182771581305756,-0.247720812209419,-0.243347352672646,-0.304245525417122,-0.385665220872452,0.0528616492640968,-0.163311659767619,-0.385060876304175,-0.0737301009186746,-0.218938524861823,-0.0991488426789972,0.549992791255359,-0.164082830645981,-0.212681591347432,0.0491838657665336,-0.257008960746538,-0.295072802754474,-0.355058163461482,-0.0142289707551192,-0.349100327772292,-0.0222551968518711,-0.211612273273119,0.435748610203556,-0.12991257491431,-0.243722645342204,-0.356813287481113,-0.115872751246115,-0.121766543488032,-0.233645412005445,-0.487756103656119,-0.0557105741696384,-0.0715163859936384
0.0267132273435167,0.0258695270113119,0.00630449785169878,0.0835591725233656,0.198319311578961,-0.154463200430444,0.247951065969662,0.192840475561632,0.0679799424012187,0.0862312894318729,0.275106790240344,0.198011652062075,0.455600061780086,0.438482940137115,0.152506372971559,0.21403587231308,0,0.247532134935625,0.301981050246657,0.0861828163548473,0.290334893334744,0.316821755051941,0.276026192693643,0.307749676570533,-0.0893340841603878,0.0984224120484536,0.0101083863755345,-0.0373999268413235,0.0725313990764809,0.121997292951861,-0.0257085863595626,-0.00601616151528351,-0.181480993665191,0.392849931167476,0.164135175425637,0.0746529277790533,-0.0161940068095537,0.0095622195442707,0.106585237262853,0.102022927219798,0.328910457084113,0.0032733780628303,0.0690274584574322,-0.0733932061914133,-0.118640498599042,-0.0935107287371457,0.251127017218619,0.10587932978577,0.145318151614619,0.124532639685528,0.169148242878657,-0.00774446084365166,0.224967717817573,0.0875573913354867,0.0262376993511826,-0.017741630923162,0.0890643733654457,0.0138075706766243,-0.0569897471508962,0.0123527839074352,0.133237523504082,0.161249053291636,0.0264721117473685,0.142782614528917,0.0608535424865129,0.0313582508266619,0.18006700096079,0.015653944631457,0.00876830515193876,0.0524683538662401,0.0587932832912008,-0.0300279313240525,0.0112377416182557,-0.0804852457453088,-0.0643476054305397,-0.0285805216339802,-0.0232008491150834,0.00450462175245396,-0.0293235832387799,0.109211407123728,-0.0997627683962353,0.0853655394566014,-0.0680705645144738,0.213280136424132,-0.0432945015300229,0.0321035349912755,0.114164288201849,-0.200613850226012,-0.0557571918274882,-0.0969879100070884,0.0309725178656462,-0.106848322905267,-0.169910240092772,-0.112303328822679,-0.0121471849469313,0.0236840083992199,-0.134676389354556,0.0178515925405177,0.132744916035926,0.153194380177502
0.0568282021305838,0.113938685610246,0.237453215280263,0.0546534055041309,0.200614059649585,0.183839798851041,0.257903778780389,0.432726808923164,0.138587873096484,0.0482505859003206,0.0887194441950796,0.18066539926512,0.275424050317682,0.163611308842971,0.0993317569833514,0.248819046392594,0.247532134935625,0,0.36503326807639,0.262625359496622,0.266862119762623,0.0969415241983415,0.479462963404672,0.273547594964965,0.0407915074197586,0.161199697278028,0.245716609337711,-0.000502929709956961,0.0967602623142043,0.0925405254871479,-0.123227430879222,-0.0434659655763449,-0.204317913664705,0.366502392221544,0.161639822151305,0.285086219343185,0.0736570652087253,-0.108244046392848,-0.232415447957962,0.0188985738392765,0.0938694793980458,-0.128708267108723,-0.00590875121010184,-0.267648780404885,-0.019274798881902,-0.227318427937697,0.0675846502536945,0.0440301239970048,0.168176614863578,-0.0546202535588221,0.173656896116539,0.263011444389754,0.273981700395671,0.136012235382061,0.299697880618064,0.262570787438229,0.378504184542864,0.190167754374377,-0.180292022601791,-0.250610343411815,-0.151920001370836,0.0260278347723249,-0.0124248252581062,-0.093086364452986,0.113165523550231,-0.0375975784681801,0.104462629477679,0.0814032945586233,0.0270566803945757,0.35364619155171,0.36083357880328,0.0398714330612062,0.0854354871293593,0.119365496922862,0.0632707795721661,-0.103694698394297,0.220110232830417,0.114724708040524,-0.231236605924222,0.0340069056764496,0.0852884908718449,-0.117845436480157,-0.0437451246424603,-0.0232858582380877,0.14613461716142,-0.143259639941473,0.029339336966298,-0.0605470119132503,0.200624161697381,0.0103140429579251,-0.0544841642958392,-0.285857916972481,-0.36716790432773,-0.33597523437132,-0.116514097334064,-0.166681384885377,0.0169100110188539,-0.0354325973635671,0.104273719545562,-0.00414002533589176
0.18846902697546,0.119960942984262,0.260823569194409,-0.0889870417644821,0.00525540294270243,0.0545188309054394,0.167207203407079,0.101646965949859,-0.17170115674577,-0.0791868338154889,0.344928789698696,0.306172392708861,0.23725615822278,0.548851819318617,0.318098792676992,0.308366397942632,0.301981050246657,0.36503326807639,0,0.0235407840584538,0.0643601901189961,0.117793477244233,0.413116401021598,0.26141108688509,-0.0689051092688327,0.149113615355784,0.188103714455195,-0.164537821293779,-0.3410134458125,-0.0150139972823701,0.0595086161521461,-0.0401305128857738,-0.123312990825094,0.469751833391864,0.240908207066618,0.270896131024823,-0.106660304653587,-0.0205943863436993,-0.123822975942307,0.0875344408791908,0.280327359046085,-0.102574248012652,0.0734874999957617,-0.0863421218221916,0.212923062363742,-0.238334551965157,0.0939016268186026,0.135529736296889,0.14655938795551,0.0854318746810007,0.224149337100883,0.1830677090747,-0.00766065470664308,-0.123416807198105,0.0839477485035821,0.123065900837975,0.011378099759274,-0.121230737594553,-0.31066729758115,-0.181770838796962,-0.152476736835806,0.0612869011901329,-0.0965453825150965,0.219533618646531,0.0532812276742581,0.0325783370843702,-0.0890659793075537,0.0769619137107908,-0.0509188423191678,0.128586752383492,0.0226197794376982,-0.099880245582726,-0.0379937665740246,-0.0496948533309576,-0.124671710361116,-0.217406971362569,-0.145639130418277,0.121592613373244,0.0245896681942157,0.117976889971055,-0.174033528102631,0.0486083063473087,0.157513179153133,-0.0561393226422375,-0.0839321303206985,-0.061061109013963,-0.0418216046714445,-0.0384843788154955,0.0805891729878699,-0.241525330707703,0.0276673935062359,-0.378081702401636,-0.44048039367433,-0.360204740555963,-0.233808793398617,0.100225020736664,0.0462468589760054,-0.116849759487947,0.0657188441482523,0.109805057677077
-0.129739432864892,-0.224490878040831,-0.146936623137812,0.0601948858087706,0.162802721650743,-0.155981266987166,0.0615771511814703,-0.102627845883317,-0.145356893753123,-0.126529259513404,-0.152767499443657,-0.363652868958576,-0.0696108566825968,0.0704636015515053,0.0364112281154352,-0.133854013633287,0.0861828163548473,0.262625359496622,0.0235407840584538,0,0.185704504313521,0.0547289343667649,0.186420620735356,-0.314173234500981,-0.28902798861431,-0.293341468537476,0.0650463182036613,0.211130573191541,0.387761725846991,0.0269091418904516,-0.10616811467069,-0.185640256405521,-0.0152234250739432,0.317265939817257,0.247151191871504,0.124245689822525,0.505762944105784,-0.0737659313180082,-0.132177691541784,-0.14058900112354,0.206995099189919,-0.348626387662344,-0.212124016319123,-0.252344949261711,-0.15741750494317,0.024639913850398,0.48216661051492,0.320968280568632,0.157535446474378,0.386942161577573,-0.0339646914885061,-0.0900171026961938,0.0651296237472939,0.30102488639371,-0.0293728739389489,-0.162124548893435,-0.0605608191882412,-0.191923596527257,-0.0993325539716956,-0.166632868225519,-0.208372770292796,-0.0913223215557851,-0.035062668347905,0.063988576640428,0.0185312165258289,0.00743334580598346,0.116915450629274,0.0613549297265886,0.234717058236611,0.362403332198153,0.289029196890114,-0.0275587684536045,0.205115768702291,-0.103780479206879,-0.222678145763077,-0.148989986863771,0.0517773860056542,-0.0262642029890324,-0.178823592361582,-0.176912286534831,-0.0466809252435613,0.355666522629676,-0.0765769199941664,0.186167484182908,0.24640257029233,0.340940048800759,0.501404881390259,0.103144243911387,0.318962725767402,0.104443285877077,-0.076842725669726,-0.0856050781547517,-0.16068229672204,-0.168561092200179,-0.258948855640727,-0.272000004942874,-0.143443735996377,0.306574242470522,0.248481432322627,0.418447239561896
-0.224028744111907,-0.0522175865652224,-0.167802881166626,0.325168270595286,0.316366900584678,-0.100295637654433,0.106473509314469,0.184447023170706,0.185279929008135,0.159146785241977,0.0740489947195189,-0.051640796699015,0.122884259593622,0.424888934951334,0.398675749365799,0.108054478556241,0.290334893334744,0.266862119762623,0.0643601901189961,0.185704504313521,0,-0.0816818558675422,0.162676258113476,0.0640719683361289,0.0366412964656413,0.135052469531256,-0.00879268010610657,0.223291860998896,0.442791945412015,0.222319688147586,-0.124664333648834,-0.0700363855556811,-0.0170242709488052,0.0486782552468317,-0.263744158528634,-0.055687426596166,0.196149680201466,0.000957717906237586,-0.0467368628988982,-0.156047982405406,-0.235052167435488,-0.0692821820176619,-0.345894507849371,-0.0984114650280607,-0.230991852379337,-0.147477089967458,-0.00256990625868105,-0.216239733874981,-0.105463864338542,-0.0395514054557549,-0.0371281528600448,-0.0577018362215846,0.162570106288048,0.344640627790757,0.0049558136155538,-0.093249044032871,0.117009103359364,0.0831662656054539,0.166223651348821,0.146341547990509,0.196450955955745,0.0872007416336027,0.191128769771259,0.197742080351605,0.400840820281024,0.2418913190413,0.0927129756462662,0.0942310605450666,-0.0227821781973244,0.0188249570369975,0.302534226308736,-0.002957589793484,0.0996262375040115,-0.0365118180940568,0.218234201319969,0.168703672534339,0.451163171919929,0.299634616109911,-0.0503697883307725,-0.097474725744478,0.0581271887326195,-0.251529821794539,-0.328410958499198,-0.141014762955121,-0.0330559299320036,-0.187171514918766,0.189991884438045,-0.00128121192552662,0.106163608325917,0.120397800248623,-0.0491496631413291,0.078239512652477,0.0612426796144872,0.141459592042242,0.0866210372664694,-0.223958023668778,-0.266032284264711,0.00934065885522778,0.0719547038815773,0.0477640547740055
