0,0.325474550549196,0.366299378366607,0.0190463156877512,0.291865821695074,0.0688654116417622,0.221347862625251,0.0415570369944593,-0.0497502695697769,0.069388719456715,-0.0429254516440694,-0.204348702943464,-0.106685078710462,-0.240841554378259,-0.280924160971173,0.459677187653888,-0.12654841575613,-0.298799942555663,-0.200524972782406,-0.346984321922464,-0.140930544777442,-0.112479798592077,-0.270543911000701,-0.263500296481734,0.281942821562947,-0.202085517885939,-0.347002826249118,-0.315126610587199,-0.182437029042885,-0.341163087123275,0.0573752368758417,0.192255857718275,0.163294551597201,-0.190395331779724,-0.264503920451131,-0.160756399210469,-0.137368302193439,0.325262047469779,0.184456076829085,0.0806292910259111,-0.05024455397599,-0.0632224580302989,-0.00566229856308145,-0.105805195849347,0.0624243292935103,-0.322099707471227,-0.272975947126642,-0.347141425215016,0.0404168168107555,-0.127007208531313,0.322447873100829,0.516495493167752,0.0791188349849143,0.0411477082714833,0.116438830219287,0.10503610738622,-0.078935338784155,-0.117345146631139,0.0114560986679257,-0.21196564641793,-0.190664777030779,-0.2001489129555,-0.347795565890304,-0.27560574589512,-0.289965297191578,-0.29799136760105,-0.033186691002324,-0.290880567689555,-0.349642854325936,-0.325030088442801,-0.309021282887522,-0.186228331770851,-0.273127748506802,-0.0745772630911853,-0.322330173083873,-0.110158989910241,-0.315553320208042,-0.367755024657947,0.131193430782743,0.118154679985555,-0.27345567088956,-0.158529892536644,0.153772669432282,-0.272642422078669,-0.37301002741188,-0.358613979322852,-0.258068420467683,-0.361400557262786,-0.307640554974192,-0.227139097475746,0.194655216001988,0.298953274896111,0.0906048315076309,0.128321650935999,-0.0613731488975753,-0.0645449905029395,-0.29800856856932,-0.350775704820052,-0.0593428959539678,-0.099326868710213
0.325474550549196,0,0.228080695413418,0.563215978609668,0.619512497405026,-0.0752633438672265,0.00788693822784221,-0.0774853638655291,-0.231971394189871,-0.393160278045812,-0.142424760617939,-0.0522495986575211,-0.0897627804650516,0.0618653067659585,0.0922118393844517,0.534316335728306,-0.150138592755655,-0.130851545951013,0.131794454840006,-0.158284986167541,0.1499108611381,-0.2559421323885,0.0294142823518784,-0.249183196884646,-0.202360840385818,-0.0110829791836376,-0.117304727462289,-0.149535062572181,-0.200989123080635,0.0341480496653111,-0.0601000867544966,0.318438494387878,0.365994859824091,-0.321070421634202,-0.271349151594854,-0.159930257584329,-0.190354204061029,0.0851994805232976,-0.108749585679466,-0.274170886225868,-0.27708763553718,-0.209506477650436,-0.13363207321652,-0.106442785687654,-0.0422545417431361,-0.0360126204724784,0.0319747991683256,-0.0728201976785255,-0.0776555181713541,-0.209723977926719,0.42936866626881,0.656790483708695,0.434718111400497,0.552113942880199,0.0542465772216145,-0.220635311808331,0.0422437734206149,-0.113559335337484,-0.346189879481687,-0.0525919232736746,0.0491169116611451,-0.0565033630680584,-0.0365405524906737,0.111759857554955,0.0664044908118364,0.0889428618357413,-0.172833606991574,-0.124388487657645,-0.16955602744848,-0.138532557196649,0.0454464373423673,-0.19448260803713,0.00959944633082462,-0.31049634478248,-0.118571382866976,-0.203631286878967,-0.134673214535309,-0.00140207893548736,-0.103816328570116,0.395896365993748,-0.187303181743993,-0.325902381440521,-0.212954662412154,-0.316920413028921,-0.236653534425497,-0.072938537771173,-0.122008125590802,-0.147767248367215,-0.0952842321713455,-0.227537262912984,0.247051850211512,-0.0669426626554814,-0.109001875548098,-0.226107664800084,-0.288783970241455,-0.128211603998104,-0.0542901435593241,-0.101008704204373,-0.0519775653751572,-0.0937485755277721
0.366299378366607,0.228080695413418,0,-0.247924083741516,0.376799234000781,0.556229404209519,0.331299043120324,0.485805250409095,0.419378734336167,0.0877257495790868,0.221973793192882,0.28413104617353,0.153844210549677,-0.0250338566261499,-0.113117078130324,0.000708648799294542,0.145294909450114,-0.135074858255864,-0.0314630010577595,-0.0730365822333751,0.101248022290975,0.164069895017934,-0.0428424032986237,0.139058540219119,0.142393445528864,0.158189587358668,-0.0158209049067768,-0.118124324604036,0.0874838002504662,-0.15535375401357,0.101752193798811,-0.189010349666146,-0.325519170251516,0.00916358114556035,-0.0241527784838978,0.212678089041719,0.160888812088083,0.0103766103817967,0.155054709064843,0.233419317118347,0.0623679326035664,0.296993758688183,0.290688590257191,0.237871073456523,0.0964726102708924,-0.0566910009540581,-0.136067697869517,-0.139493530384979,0.426911663920463,0.171303144686568,-0.215019894856635,0.453155261498811,-0.260368259648385,-0.284627233040733,0.62179812209198,0.600059079862416,0.302524396354381,0.467669108211419,0.211982904110462,0.235823754407714,0.185381970759329,0.00894211402282619,-0.123068712342282,-0.0941016926768784,-0.0528792480840246,-0.162232262894942,0.240869230671685,0.0941958191793728,-0.0804238626315961,-0.0189376990139057,-0.0906256091724889,0.135772381624847,-0.00275681580685522,0.245767171082798,-0.00254651715211027,0.303742535308517,-0.0608903298206379,-0.165674466073469,0.0731534524714823,-0.193072385450181,-0.232830184816164,-0.00251049520789431,0.203378094355889,-0.0351763663196692,0.0281478587452759,-0.09201220395444,0.182222773927693,-0.0571148280830001,0.098172227704887,0.104922480980733,-0.275436447397206,0.220181094487205,0.244057633834359,0.324039982149869,0.206156606647753,0.253631898996665,-0.0284394881858891,-0.0628020849513899,0.396012334488611,0.302143859227229
0.0190463156877512,0.563215978609668,-0.247924083741516,0,0.506220109561157,-0.287566883518045,-0.237241228178324,-0.357424659109261,-0.405066802227199,-0.568924757715028,-0.306125408690292,-0.2319881530814,-0.183348255443409,0.164968534272446,0.250822841484617,0.557608663049683,-0.329050687853165,0.0490563607832025,0.265206925381617,-0.00817643136226317,0.185986621489608,-0.493019579789803,0.127174636746837,-0.356767505668406,-0.259772079449947,-0.0280919161084659,-0.126126645805683,-0.0282227746811519,-0.337215960028297,0.167344334193919,-0.284898190534391,0.597799823065603,0.76465822140767,-0.336578496567704,-0.358881379694569,-0.185630828840159,-0.36198893148098,0.0152430509893526,-0.227724882348668,-0.527751600139101,-0.404758238658708,-0.509797016000017,-0.423807534896874,-0.250844543106756,-0.110992419919086,-0.0255160041723571,0.189293427074141,0.0207102693418333,-0.222045532605288,-0.365518532100449,0.520447794167055,0.36975347500083,0.768809678631684,0.830884718593343,-0.314293479510022,-0.508914338679489,-0.25399000190488,-0.377214059987217,-0.610060746057474,-0.152537047468676,-0.0687621054962285,0.00155553282769068,0.0982195547314711,0.206258572096593,0.135130634693022,0.278102546459943,-0.432990010330717,-0.23921846500297,-0.13587686041921,-0.105004698847974,0.20076164054641,-0.432911808492055,0.0681311495934612,-0.615705810695866,-0.0766964397370776,-0.409969004883098,-0.0251963153645959,0.137815326527414,-0.327753536170144,0.684186240040218,0.0493786297831785,-0.358158816737228,-0.401452496712619,-0.400327151570679,-0.282700818679759,-0.0218919252246245,-0.195156360582071,-0.0789075041453161,0.0268618342913587,-0.432924613003617,0.526378603163824,-0.334934025501181,-0.28493736743435,-0.542096996194128,-0.518676609807631,-0.244553809536909,-0.0258654887889079,-0.0283659572391745,-0.16152922309083,-0.208940989694933
0.291865821695074,0.619512497405026,0.376799234000781,0.506220109561157,0,0.320038446834586,0.163802470759168,0.0811619648228859,0.0651928633392447,-0.216401182282095,-0.117379694027465,-0.13086555755761,0.0343406480228536,0.0702172359213869,0.0659537611355922,0.381356342992049,-0.0118670183269401,-0.146954845860942,0.139494136537192,-0.0866371401990765,0.160167491717456,-0.147761362688216,0.0438339461802216,-0.261391045735967,-0.0361750283204405,-0.0266153096728483,-0.0727558789065538,-0.0936949284669537,-0.14090943933576,0.00713507969740338,0.0313939888083127,0.233498528572155,0.260064882117853,-0.174935193645476,-0.179475359426413,-0.0664670743640431,-0.0387374816048724,0.16470524096853,0.0777831951702366,-0.0796179415953105,-0.277856549252211,-0.12951862914849,-0.0608013049596673,0.0751002341186665,-0.0101754667543469,-0.00194611071161439,0.000345382452071458,-0.100684766984057,0.173310863534533,-0.0586337325999497,0.160109059331263,0.560366887107821,0.437960548465576,0.561062878982521,0.408902926623263,0.0806953501659326,0.12484245533264,0.152565211894622,-0.174878371283991,-0.0788212251019042,-0.0733034766264136,0.0992289277024526,-0.0415442482106635,0.100429859278091,0.0501843724907402,0.0426312074794283,-0.103562503003408,-0.0372681633364636,-0.158764609483342,-0.116380769476271,0.0365252480049031,-0.0522553438293654,0.0424315269068647,-0.175063397109997,-0.0180873949155001,-0.230513593922504,-0.0760355974321922,-0.0210414985004774,-0.0168564831420741,0.274941411731045,-0.157932100259754,-0.194729134555226,-0.116025942674348,-0.13490994797561,-0.146198549751948,-0.0647413253961067,0.050134130097224,-0.108470428713466,0.0956391407033297,-0.243133424375519,0.250855538702002,0.0516171140335696,0.113183193940531,-0.0310862738885702,-0.158440585966744,0.116587767844974,0.0086402179690582,-0.0801749178688061,0.190368646308039,0.0933837275474084
0.0688654116417622,-0.0752633438672265,0.556229404209519,-0.287566883518045,0.320038446834586,0,0.34446408151964,0.609074485917064,0.77734473631683,0.398687652902971,0.295918007309441,0.140254640196968,0.328675898902409,0.000382474462035175,-0.0588544903231722,-0.254481337265944,0.287529352821067,-0.0441604121563416,-0.0330070345339678,0.0542876512457755,0.0483410043944392,0.253476520064355,-0.0163634358975664,0.119527192261092,0.203193913577673,0.123830011106942,0.0922450266654445,0.0418649856435933,0.231087467590699,-0.114069631359467,0.227080663075275,-0.244112038741216,-0.412629610405927,0.196138244192214,0.149705146592034,0.150096270955089,0.223150909786939,0.03643217343474,0.22258294900674,0.477986234132438,0.0419298091994753,0.389912348042357,0.310283821150726,0.308316179409385,-0.017937565371703,-0.00581276638451093,-0.152466033325944,-0.133772468279075,0.614753751552014,0.229508518856843,-0.361219979464839,0.0829083273423736,-0.234391753144432,-0.227706582232647,0.835416634781181,0.832727848374739,0.509531545956365,0.672945718022018,0.484317910966694,0.20882132776461,0.0857710024036152,0.202614392046505,0.0246114315379838,-0.0571853752284136,-0.0192983793746216,-0.12672991116096,0.313609051273003,0.204830254451917,0.0133499146420903,0.0604314821056096,-0.0629210857956494,0.294880968191039,0.00923974915777152,0.448667042844873,0.0910569871231836,0.325388627199468,0.0821747314932953,-0.0378015603018529,0.201731498106873,-0.292685306887254,-0.166827999531933,0.0898771674539699,0.207751226003198,0.261618201400611,0.162404989040236,-0.00786082838135215,0.252137864901419,0.0853624753378487,0.167199984202127,0.0835521385187788,-0.248759622579112,0.212670459734095,0.321053700306596,0.427822923221467,0.418615721197203,0.408633287770433,0.0208220354886545,-0.0485808687866609,0.642435085521539,0.277466135718576
0.221347862625251,0.00788693822784221,0.331299043120324,-0.237241228178324,0.163802470759168,0.34446408151964,0,0.394538011486001,0.271888659962867,0.359991096366651,-0.0837814568222509,-0.107702600795967,-0.157272000448449,-0.316171574069437,-0.433125848422179,0.133117609205658,0.00114787889410787,-0.237320597203486,-0.215475592546667,-0.185022713541744,-0.27994171960451,0.192912581045201,-0.339990840283933,0.0490933862152083,0.242363244395152,-0.195877911994377,-0.165447255187777,-0.326628834884203,-0.0175595717565892,-0.431824700070489,0.285215555172236,-0.15896024691542,-0.305703280185427,-0.0520236867921216,0.0185376020043334,0.00308826367861928,0.0808025416851593,0.289960073965034,0.373685503274035,0.670310115115377,0.199582772915249,0.221526316654918,0.307386345884166,0.210618990075097,0.183997635663148,-0.195119835048564,-0.295726922744628,-0.331590632323111,0.124011512677874,0.229202755298628,-0.135408636883098,0.189210279909488,-0.0189425684249289,-0.167233486958232,0.413146701009945,0.381373482045089,0.365534127203499,0.221654399874691,0.253210711223014,-0.177981686332393,-0.179910219001715,-0.256735161597792,-0.327897742798262,-0.383306564471827,-0.37018237029033,-0.468658121184092,0.617441011930443,-0.106424261458308,-0.170389197130055,-0.206552482046269,-0.413767241566911,0.150161725820151,-0.2978482851053,0.54399627632846,-0.161947606718183,0.124083967873725,-0.217208403718285,-0.428951113039726,0.284057537473878,-0.274688280891691,-0.230559266575024,-0.0266773686335957,0.376421016821181,0.0555105303049553,-0.15851813111299,-0.225165150040631,-0.0752471664192539,-0.316275285083835,-0.107408363505567,0.187838813981242,-0.188816628774997,0.313681382428956,0.374709984752863,0.409515562242153,0.20684606514393,0.130283818563921,-0.204875810558135,-0.326382287450551,0.0217267432470323,0.197021830309032
0.0415570369944593,-0.0774853638655291,0.485805250409095,-0.357424659109261,0.0811619648228859,0.609074485917064,0.394538011486001,0,0.639120582192008,0.257124907460605,0.151552672407563,0.125753459513296,0.129098750991111,-0.10391859171705,-0.141087327689464,-0.160175720923582,0.156793714840017,0.0840548843581135,-0.0876897996865232,-0.0386407765733869,-0.046960081562432,0.287260295892489,-0.0301018559844678,0.174303331726552,0.0521553672461542,0.00169939900901708,0.0701007535104956,-0.0567389616732899,0.14013226590445,-0.16315800402429,0.090553307137896,-0.340061012119255,-0.416767597403829,0.203522658312001,0.212488447471759,0.140951309181641,0.0739683094532003,-0.0548790531161435,0.0498537726078159,0.324694222621927,0.201860028981435,0.270319443982179,0.221326915953683,0.117140786390606,0.0167797203664773,-0.0345593154118759,-0.111067765288397,-0.1055095810814,0.421278704992979,0.122179316311473,-0.326891845830571,0.100917864098249,-0.24271250095891,-0.298976077930438,0.602786764058785,0.584110335250579,0.714745636960097,0.686429741225399,0.270963476286281,0.0441032163044194,0.0313202522638983,-0.04424463324815,-0.060101812755634,-0.125981976417574,-0.0501095703944501,-0.187953412680233,0.385886871993794,0.148018020807157,0.0316959338066241,0.182988149560268,-0.0576386754617837,0.246706730543975,0.0458970208969639,0.386333679943856,-0.0450904964774505,0.260569209205825,0.0109379766709337,-0.0876542386915376,0.10052379050866,-0.369720157071738,-0.130017495896959,0.0381514537457611,0.225701656576729,0.160466612984814,0.150468561745871,-0.00576170514605446,0.0641978599552512,-0.0338318892626605,0.00346042645721775,0.0588819597574401,-0.31461044162069,0.0602396122132344,0.141732630409971,0.286785074062197,0.241447857417963,0.16153657358756,0.000506402836451474,-0.0362925512809279,0.427100534622359,0.180513087259388
-0.0497502695697769,-0.231971394189871,0.419378734336167,-0.405066802227199,0.0651928633392447,0.77734473631683,0.271888659962867,0.639120582192008,0,0.483066076608754,0.377399765401586,0.213489780136033,0.180398440527641,-0.0924712002168217,-0.14585521871041,-0.324851082592043,0.196079966654632,-0.0407116152253592,-0.160168416451845,0.00430956742353951,-0.0418595225625692,0.243572527401275,-0.105102077309866,0.246321232626017,0.133917445569796,0.0698943982248708,0.049594441789859,-0.0476759711363915,0.187693084063914,-0.1709142020329,0.256450823261736,-0.28159850001242,-0.424795544846931,0.166209400204887,0.160944426447504,0.272770202426003,0.152512433372386,0.0588140935103384,0.111562540328594,0.399867285068825,0.264865762453113,0.389238921788568,0.323634008121414,0.290163938303517,0.0260637776317944,-0.0438245589429914,-0.186445176093654,-0.150741414981163,0.568925094141782,0.307665429754033,-0.34100425915552,-0.088253370545741,-0.31597590722273,-0.362809265549423,0.674731904090785,0.823810556381718,0.55697702627479,0.79765085383934,0.535588127024626,0.240896944007577,0.0571792974608497,0.0168201409587927,-0.0444888740600354,-0.159353812938646,-0.0796403367918372,-0.186214939338636,0.435893701311188,0.118786338087962,-0.045098088218114,0.0156817960030639,-0.104847251502899,0.244235137934207,-0.0681445826165195,0.498464065682693,-0.00362600587335914,0.359632382409528,0.00588648329882219,-0.100374446119216,0.265707780495763,-0.385346150746516,-0.225498142164602,0.0908448429336983,0.2865429827475,0.253889708189117,0.150802038568761,-0.0241724872745382,0.134365064827642,0.0265704818077659,0.0832245040768287,0.229131569552454,-0.264112142230315,0.220001119634193,0.236484949716015,0.423696199990232,0.435259615932596,0.355570567923427,-0.0219607163947351,-0.0750463878559965,0.620991433197153,0.348945130239807
0.069388719456715,-0.393160278045812,0.0877257495790868,-0.568924757715028,-0.216401182282095,0.398687652902971,0.359991096366651,0.257124907460605,0.483066076608754,0,0.251206815014289,0.0131178091622283,0.0623828806258353,-0.383854003496148,-0.457577022274528,-0.291820565710942,0.126571532305665,-0.298882945273392,-0.433324141581038,-0.170432006451547,-0.366488394201942,0.23483348195369,-0.448106274480353,0.126101635534726,0.527193613422671,-0.239751023564808,-0.178593074244695,-0.193086375943482,0.170203916177546,-0.470662147638475,0.286639105653838,-0.222102385488411,-0.450128695919872,0.0765285132323238,0.0826006230151619,-0.0951036436667205,0.158041065916457,0.273870114454651,0.278294330408622,0.666608515664496,0.213944596843177,0.468884565401877,0.283773637403398,0.206163719991869,0.0690861903559846,-0.338794294802465,-0.494682497008381,-0.413310495982308,0.147081690977948,0.183421920349916,-0.16197059392455,-0.194068386483882,-0.433419648886631,-0.41687461350121,0.421515387028389,0.553461392689494,0.318955800197332,0.235066219758268,0.831501698115994,-0.00531481960224707,-0.174803392791905,-0.0773259435144288,-0.263622388869647,-0.467916669561883,-0.417233072830491,-0.500181365770661,0.447579997834267,0.00914321073770642,-0.170399624466436,-0.228536487697312,-0.468388123764097,0.197399926019386,-0.428349932490961,0.6302711767411,-0.10946236524916,0.374983613959547,-0.10221396482326,-0.396565129507169,0.351693234889048,-0.418240685082247,-0.229542118112547,0.089163944800512,0.422314961853075,0.24473216226048,-0.0851502808527356,-0.28041434863234,-0.0198341296639174,-0.164596330414819,-0.274891901516808,0.185525410457567,-0.181043627728849,0.430831353080791,0.224816458603021,0.521148678155026,0.4542533785736,0.155495753981778,-0.353600247722022,-0.390315937943467,0.0738391904610483,-0.000733123966790804
-0.0429254516440694,-0.142424760617939,0.221973793192882,-0.306125408690292,-0.117379694027465,0.295918007309441,-0.0837814568222509,0.151552672407563,0.377399765401586,0.251206815014289,0,0.721802197433654,0.488333796813963,0.232734240830833,0.196895261965534,-0.326779239239004,0.361316607484141,0.0195378832827784,0.0471844159048684,0.142178412561568,0.243398050172029,0.267843365125186,0.107275957214023,0.618523944800789,0.229375290784287,0.541866595251407,0.114327872492064,0.259387505825467,0.433447703949582,0.0990612712001241,0.0272062387987317,-0.128008350687642,-0.346361209334404,0.206454618966498,0.0780370564370039,0.207173922082525,0.2648304458984,-0.061894983618246,0.118085100168955,0.203828909195029,0.212246313082016,0.391250072307642,0.382889086123689,0.236148611418129,0.11217640445476,0.0319668364328641,-0.0407250281553512,0.0388051691164784,0.344128077072537,0.260996149844893,-0.27146978043166,-0.22587545713346,-0.309750169516186,-0.343336788535115,0.231280967580179,0.403722660968188,0.108982366691804,0.342649281705344,0.460590709590646,0.681086606542424,0.505772122135779,0.342521712227717,0.240723412999049,0.114045149470556,0.219447903656224,0.130807626027575,0.178425642817379,0.303266307675177,0.185796627610268,0.113463892820987,0.142422732351332,0.252093035680593,0.0749033061499385,0.328443266859345,0.263918703508396,0.554181841469068,0.283029986775816,0.161897360061914,0.0625395738388086,-0.203656148375929,0.0441603829750163,0.141065715417828,0.0613402131746622,0.146390860222671,0.164090506898907,0.0965826902532471,0.224194304325846,0.149276280053485,0.113196002865477,0.368880507072669,-0.32667342331631,0.122465857947318,0.121094802156573,0.199075749402618,0.31202758189477,0.258361556247347,0.0658636523238663,0.106269082695666,0.389372876025386,0.253964664978205
-0.204348702943464,-0.0522495986575211,0.28413104617353,-0.2319881530814,-0.13086555755761,0.140254640196968,-0.107702600795967,0.125753459513296,0.213489780136033,0.0131178091622283,0.721802197433654,0,0.466402761408437,0.358151428426447,0.295429994361531,-0.310411044640061,0.338347222968734,0.161433131341125,0.251082963022724,0.256537307024618,0.355543264723694,0.29196404215439,0.230570608457475,0.683325190266218,-0.0472737132692449,0.670235059318788,0.213543439439115,0.298141066281738,0.431166436395168,0.220441001532922,-0.142795364259244,-0.211321468077712,-0.325142765142894,0.199584621730339,0.139741837246614,0.395074625556116,0.295937075521245,-0.248232561241744,0.0436562169557508,0.10693145719887,0.293622459432491,0.332014101772902,0.409952011664167,0.220005150776176,0.104164178407298,0.196314728066955,0.140186439455005,0.181036470869229,0.36190209825551,0.281742061143932,-0.329870730139723,-0.176268362246924,-0.307533799830008,-0.314960662811693,0.132389911142029,0.236283384948751,0.0225383926656219,0.292601691202766,0.243507738375574,0.799371059520158,0.776231122354968,0.336948834256407,0.338578310670583,0.240306334960535,0.348229316865419,0.235412901186228,0.210481702842185,0.398896203393603,0.340732652297429,0.247110909675141,0.2917260482579,0.284932235241769,0.203202795435009,0.278225740726953,0.351458870520387,0.676650889417255,0.367096702065847,0.251041597384091,-0.184180221571437,-0.150163295810881,0.139909880827261,0.155465626681437,-0.0628799470003778,0.0784339497518225,0.251258619807973,0.224989882684209,0.343241112939912,0.249030900411327,0.26450225391423,0.406690346602858,-0.419562737034794,-0.0738768805641871,0.102396234812579,0.0467102523108954,0.279297050851247,0.18233537915683,0.238403931240003,0.258188914978481,0.382874367585462,0.348165932744508
-0.106685078710462,-0.0897627804650516,0.153844210549677,-0.183348255443409,0.0343406480228536,0.328675898902409,-0.157272000448449,0.129098750991111,0.180398440527641,0.0623828806258353,0.488333796813963,0.466402761408437,0,0.451078939204246,0.424111753584484,-0.350503315657414,0.657915258727494,0.238093033968699,0.353612504531481,0.431013793372261,0.408591383344791,0.465839741196304,0.359170006645035,0.363762991296187,0.0423474774364915,0.502188165899243,0.382888150798821,0.51506379246023,0.65178519271578,0.354933964703188,0.0147925489160612,-0.177395673570187,-0.29453502714779,0.424314218153102,0.32008532757743,0.143978552714907,0.487820856794447,-0.18192417031821,0.10190882077926,0.115256400094142,0.011732387083017,0.353912136544749,0.323407754769236,0.260814038647212,0.0144003043585951,0.326180860417899,0.182981859196212,0.264893140807643,0.379890786768126,0.271171300104458,-0.348228179232647,-0.18223825911661,-0.216120950671192,-0.182468647398729,0.305415579409314,0.240871218858811,0.0803094280942477,0.251753390404463,0.260230237040552,0.532752284934405,0.492134150912758,0.809600272423993,0.529515456132884,0.368097427093313,0.438820011408915,0.34220333780085,-0.0146126659819169,0.624517394056126,0.500484668730098,0.39700646609393,0.362727306124845,0.494881825522994,0.338849565580554,0.192481363295954,0.464821027835112,0.354592993645903,0.571503017356386,0.438365184168792,-0.0509424481502286,-0.123987394795076,0.331135105355341,0.341679872001823,-0.087658294076962,0.322293404427066,0.403519072394261,0.347393661052186,0.558552202666317,0.427778094380046,0.380139877617138,0.169678208068636,-0.301345395503898,-0.0268401961595186,0.177711077188037,0.102303050909705,0.298665805241843,0.361816307879737,0.357743790800005,0.350515995889904,0.423531799791157,0.222700340342472
-0.240841554378259,0.0618653067659585,-0.0250338566261499,0.164968534272446,0.0702172359213869,0.000382474462035175,-0.316171574069437,-0.10391859171705,-0.0924712002168217,-0.383854003496148,0.232734240830833,0.358151428426447,0.451078939204246,0,0.888712791192832,-0.197723136842534,0.328189895229136,0.598239450805316,0.755207097425515,0.652735620737665,0.844048624600686,0.246922455756374,0.832552414207767,0.233307416313154,-0.304507857907527,0.528968272547697,0.512445100695898,0.65278009183113,0.484808825265738,0.803956197742579,-0.246136890854647,-0.0796561341524291,0.0107316645812778,0.269921938806123,0.238803666825138,0.171133397872602,0.170570333717351,-0.39548883741008,-0.137586101395581,-0.233717423268738,-0.195140569840392,0.0842760996418212,0.0567356141299743,0.0956551095281661,-0.160082948569941,0.600924202085801,0.701076697719316,0.700587036305237,0.186435267332585,-0.0133157763177489,-0.188359111878851,-0.160614969247165,0.0605596778683762,0.0937811657098716,-0.0337846380000411,-0.147235945048511,-0.146727971226888,0.0277521880955465,-0.247256358961822,0.400223319733571,0.369234957956756,0.463652462863781,0.800695891897368,0.875988838808316,0.865917638198278,0.83778975271492,-0.230605400807834,0.57872042762181,0.65929063675421,0.592335159850088,0.837523378600505,0.231332106344473,0.769744854611117,-0.137533294147461,0.364807647229976,0.085092524893216,0.726276743666007,0.8047569997969,-0.31822135361571,0.117996914738527,0.535893353173729,0.183865055303834,-0.388552536540897,0.0920234705046816,0.463362858145213,0.641035742935836,0.40283519796444,0.555469415651649,0.502994051069545,-0.0237460786266998,-0.221743501864721,-0.342402177521215,-0.0184768468233902,-0.25215475746892,-0.0697680569304732,0.160036994209635,0.665261020597357,0.702508573897932,0.286935921410183,0.107862900268922
-0.280924160971173,0.0922118393844517,-0.113117078130324,0.250822841484617,0.0659537611355922,-0.0588544903231722,-0.433125848422179,-0.141087327689464,-0.14585521871041,-0.457577022274528,0.196895261965534,0.295429994361531,0.424111753584484,0.888712791192832,0,-0.165568204140482,0.226818130782804,0.559475009581022,0.675374618515503,0.621568670919915,0.825805743381671,0.112106967742258,0.859740301978243,0.162433441548605,-0.366405304976447,0.518668794153682,0.49383750073487,0.6652643793877,0.381872980373737,0.869332442227133,-0.314724694466147,-0.0041234605406698,0.0859566235508414,0.173741753021828,0.167267923785618,0.082051392935825,0.050055456575536,-0.424051874816918,-0.164108377632396,-0.329643413899798,-0.296280618824478,-0.0488860369592175,-0.0722983204446067,0.00391834304741941,-0.202320032928684,0.601057659777105,0.710102323374905,0.722439338775415,0.130510302369555,-0.117555506031169,-0.145171500870117,-0.167625036223085,0.118343289710811,0.165319021590313,-0.116363554915106,-0.230256337347138,-0.182378533084354,-0.0263898460993407,-0.326051216788642,0.331403980875238,0.330692540096643,0.472158609988898,0.794035108756038,0.894525752440231,0.894769437949043,0.932753344433407,-0.356123260952015,0.484840087157792,0.57191090852476,0.542452716223453,0.899119525328975,0.10852351049854,0.795584542878553,-0.244817594482537,0.320485436141963,-0.0246776519635013,0.682979263564669,0.869950104780925,-0.392526109885422,0.213097034514718,0.497463316812989,0.0756839253379071,-0.492759889226154,0.0388470537189505,0.450808057479457,0.636912941067725,0.301470315438338,0.567179980121313,0.444608525143302,-0.141230685767864,-0.147360742006988,-0.399075735907436,-0.078788273928683,-0.366076602203509,-0.183406671000489,0.0919529998510371,0.662516709116843,0.719968153671741,0.260220858130169,0.00543665231309574
0.459677187653888,0.534316335728306,0.000708648799294542,0.557608663049683,0.381356342992049,-0.254481337265944,0.133117609205658,-0.160175720923582,-0.324851082592043,-0.291820565710942,-0.326779239239004,-0.310411044640061,-0.350503315657414,-0.197723136842534,-0.165568204140482,0,-0.33565714379252,-0.245196292121411,-0.0353789685033785,-0.362678583684143,-0.105856105504625,-0.405600634248444,-0.191970766634397,-0.301838189287842,-0.040399497582263,-0.228697414484947,-0.417482008457323,-0.403029766514509,-0.454253957248817,-0.243620868940846,-0.138907450642169,0.509240764046023,0.651663872136374,-0.404913318450595,-0.454152937331324,-0.36832187147575,-0.469773893067415,0.266304890060557,-0.0108928811522131,-0.283413088816177,-0.305848860296608,-0.447844353763142,-0.353045970394899,-0.382294403400391,-0.0938051428485397,-0.331429708680767,-0.181311624283992,-0.358050958461458,-0.301585477538303,-0.42105033308237,0.676674228923093,0.59032525237442,0.67876288099679,0.479977083581313,-0.236103642529659,-0.342055267849351,-0.184981653451267,-0.341863988060307,-0.408584972988853,-0.317634537600953,-0.226766175537081,-0.300713858166844,-0.322140860166255,-0.189059234917494,-0.22786106067359,-0.145577263416293,-0.267101891273356,-0.443481680188211,-0.365909292514864,-0.308087482782862,-0.176621007248139,-0.468585417999201,-0.20223382427003,-0.448432599027629,-0.308109869775364,-0.335540527816933,-0.357879909908454,-0.281287012403582,-0.0810208664973646,0.515909510235646,-0.13688979128932,-0.453635598521981,-0.235015435907374,-0.543577329197839,-0.549201012948083,-0.428417192073698,-0.432840759864704,-0.432918762486652,-0.404043394810185,-0.445095136382634,0.464895860533835,-0.00434736684545128,-0.195573195330883,-0.286124029347822,-0.451741176028506,-0.428511190929749,-0.343069618173207,-0.405578441384988,-0.296154077367429,-0.31803554560298
-0.12654841575613,-0.150138592755655,0.145294909450114,-0.329050687853165,-0.0118670183269401,0.287529352821067,0.00114787889410787,0.156793714840017,0.196079966654632,0.126571532305665,0.361316607484141,0.338347222968734,0.657915258727494,0.328189895229136,0.226818130782804,-0.33565714379252,0,0.176291109101238,0.39231018276001,0.333544778598901,0.260670360426426,0.663432629049775,0.222427243568927,0.485181697186631,0.0860672730507117,0.368168638807491,0.342617936585347,0.365898912777229,0.63144915415507,0.228662155121589,0.196241667071662,-0.226935109372276,-0.424676684786794,0.617886027197538,0.431845048664208,0.101134914222014,0.541281707625387,0.0151418392289631,0.250861016911289,0.226098848562425,0.153632033663193,0.46852081535076,0.414558696056088,0.369992542090285,0.0960587332099785,0.362247280163924,0.0718582434323479,0.202605082436307,0.177986226096381,0.423008139061835,-0.425321133833708,-0.275635598362663,-0.247859116893752,-0.326571279178407,0.308879123810793,0.246955993803605,0.200755381489233,0.350519086360393,0.314373873417799,0.3996544199852,0.269909532567517,0.518906049145718,0.291161174147347,0.246077354665688,0.330630182139596,0.151101737096713,0.117744204959446,0.676564912098113,0.562890883798599,0.420746374919677,0.25136569527134,0.68388118650559,0.248565434314667,0.372261581163047,0.554085016989907,0.281175629729101,0.416965393770018,0.276946111382576,0.139495869835247,-0.210394803307665,0.343640277537991,0.485423189834646,0.0841417276030722,0.417743737176639,0.378628099674194,0.271027681553842,0.522371799671086,0.302384490248993,0.319559900481219,0.398810551511334,-0.368733081402449,0.122419980355638,0.320518245950769,0.231803182255796,0.352584280967003,0.411729613811261,0.35262256765051,0.289058012207085,0.242111523715259,0.337914056327912
-0.298799942555663,-0.130851545951013,-0.135074858255864,0.0490563607832025,-0.146954845860942,-0.0441604121563416,-0.237320597203486,0.0840548843581135,-0.0407116152253592,-0.298882945273392,0.0195378832827784,0.161433131341125,0.238093033968699,0.598239450805316,0.559475009581022,-0.245196292121411,0.176291109101238,0,0.565176105348135,0.768542892474967,0.443462073408581,0.201213830554941,0.592106233276927,0.203570690022505,-0.404681131863138,0.286005400221601,0.513462629586393,0.582144684160123,0.398635763491187,0.527427628817016,-0.353961998100554,-0.225344514354147,-0.0281556253462075,0.51076190211249,0.366962561879813,0.314120453599751,0.0949438567962524,-0.496080246843051,-0.273944752697534,-0.216704828498678,0.0427688990411203,0.0314189858318346,-0.0507955604902016,-0.0219823711500607,-0.116630488436939,0.466401880015592,0.573243298529712,0.579617647038191,0.139754409225777,0.0486160411915348,-0.255853506803238,-0.205873779563773,-0.00719763922360962,0.0381939102098752,-0.110479575968433,-0.138886828758638,-0.0227199781528546,0.0229757823584054,-0.260044350082621,0.141983908702935,0.192774383019068,0.2986677246653,0.645115221281246,0.56422458467308,0.567724286457716,0.512606294770441,-0.0567373788705568,0.459376660769305,0.654398856760281,0.787882455368778,0.612242790034851,0.172326181612189,0.55610316200216,-0.0898229417668461,0.335125293768653,-0.00154566562584659,0.637715749294747,0.580550568927207,-0.426128594333054,-0.0627111265354509,0.603114924045693,0.335861204623427,-0.256782985238711,0.187675007597162,0.48765334559671,0.574654130689184,0.313466833867583,0.50829885068576,0.567541583293239,0.0300240926052655,-0.178609306359776,-0.467070248940114,-0.150143637243781,-0.26646690248966,-0.0662431157386198,0.0535472559104731,0.505853509908565,0.581320048284041,0.233127232322757,0.0845709547487378
-0.200524972782406,0.131794454840006,-0.0314630010577595,0.265206925381617,0.139494136537192,-0.0330070345339678,-0.215475592546667,-0.0876897996865232,-0.160168416451845,-0.433324141581038,0.0471844159048684,0.251082963022724,0.353612504531481,0.755207097425515,0.675374618515503,-0.0353789685033785,0.39231018276001,0.565176105348135,0,0.624462239822301,0.663806141216516,0.191203694645085,0.625783799221446,0.192141772580942,-0.295375663770541,0.436527089506461,0.349299821262025,0.470445206709092,0.396831151401329,0.625247761680766,-0.192054852636066,0.0216273714274648,0.0984477948576399,0.346200398675225,0.126616034080839,0.0956461396814871,0.0934213511171349,-0.24922945116601,-0.0239171494938891,-0.224898630806652,-0.195779793212212,0.0636026618605083,0.0393509224707196,0.123074868953105,-0.0778012968145401,0.495210664615849,0.5589306964757,0.507535271755481,0.0458840720181786,-0.0175403701373176,-0.149729607022278,-0.0901910547474907,0.176057130839308,0.147719014130287,-0.0804622407740926,-0.240052708173351,-0.145637367292601,-0.0150881642448908,-0.335725590675074,0.28978819179183,0.278439575549658,0.390335392677829,0.627780809258597,0.695041417962083,0.695706862142428,0.627848838246152,-0.267392144701112,0.571883488603516,0.627011190340199,0.55595627987742,0.678501598468275,0.212525309949507,0.60157810911104,-0.16006057832673,0.408361771652326,0.037250898075024,0.61157886940246,0.623333289230824,-0.289571621414945,0.217688279147739,0.578602174258318,0.177922008862072,-0.34648705798715,-0.00108057339031564,0.281578104543235,0.499000105993795,0.341110596722779,0.399944962267862,0.491281595064657,-0.0172185025075076,-0.162965457499941,-0.299194119451927,0.064648163952274,-0.251667850735367,-0.112294613646727,0.125904227929812,0.545781854718174,0.523792069075483,0.149579630474641,0.0919147118703286
-0.346984321922464,-0.158284986167541,-0.0730365822333751,-0.00817643136226317,-0.0866371401990765,0.0542876512457755,-0.185022713541744,-0.0386407765733869,0.00430956742353951,-0.170432006451547,0.142178412561568,0.256537307024618,0.431013793372261,0.652735620737665,0.621568670919915,-0.362678583684143,0.333544778598901,0.768542892474967,0.624462239822301,0,0.537946455477431,0.303696739159154,0.596397753414336,0.298133264776944,-0.256715200890186,0.388559716554895,0.555140495870903,0.660964478899941,0.631989202295346,0.597794033424627,-0.19347607632434,-0.239428038813443,-0.1569837442462,0.502981363212468,0.357169236267303,0.247562388284158,0.254904895356798,-0.389115589474375,-0.0783594287001147,-0.0604203350674052,-0.0387622420258479,0.196653887329461,0.0909857615673605,0.211314408163355,-0.0555503120005765,0.564886804016157,0.533312163243985,0.601292651518252,0.195957772376621,0.189285273103902,-0.372889311977077,-0.285131461061196,-0.0704170714990572,-0.0374056953466064,-0.00552495311140627,-0.0345969376404024,-0.0698009687980893,0.068016197644532,-0.0742761131971139,0.295026692861948,0.23288381790687,0.453597536745754,0.716511362459677,0.621479536572501,0.645834180028943,0.55609379939519,-0.0260630104810822,0.635718548908684,0.722247773321011,0.741570850977888,0.636923437775302,0.309945395348128,0.569713265351486,0.0815076329182122,0.44291610717027,0.111157914799175,0.798408613856279,0.654068460165561,-0.264850002100601,-0.0597131707392111,0.618681472529659,0.413653109428355,-0.196284982661379,0.249244828692921,0.552003416447998,0.640535292174043,0.470487133251209,0.575940323754446,0.693068250120428,0.144836176386164,-0.286064348873037,-0.285700139882327,0.0714902099523295,-0.0939411813831621,0.0591028450404969,0.275526387295348,0.604814198623145,0.647407910043698,0.311378667424508,0.198960278666576
-0.140930544777442,0.1499108611381,0.101248022290975,0.185986621489608,0.160167491717456,0.0483410043944392,-0.27994171960451,-0.046960081562432,-0.0418595225625692,-0.366488394201942,0.243398050172029,0.355543264723694,0.408591383344791,0.844048624600686,0.825805743381671,-0.105856105504625,0.260670360426426,0.443462073408581,0.663806141216516,0.537946455477431,0,0.138189288070318,0.769413618161541,0.205287428283959,-0.281475327851647,0.475369998603065,0.36819974521867,0.465763446120515,0.413936196588693,0.715743547292341,-0.210007740959233,0.0292307983857719,0.0657225432552144,0.11712496271837,0.0571733397110257,0.127621447323211,0.0974051256863109,-0.300454498607437,-0.0999767220108832,-0.231847945236094,-0.237043717817791,0.0631674882143607,0.0279168350638985,0.107596032084652,-0.0916954405671021,0.481482723614192,0.610245251687954,0.582139945505735,0.210360190890936,-0.090537532210097,-0.100177360300226,-0.0477859662878606,0.0732821330926666,0.0780758619176047,0.0340090543131976,-0.0927305915368859,-0.161610776726027,0.0749754388657112,-0.258779887384835,0.372913910863814,0.328766346378303,0.372109658164481,0.660048928092584,0.785998158892501,0.823779181961157,0.77647349308093,-0.269259944409567,0.466372405382833,0.47816085367047,0.462629450760753,0.80673436235831,0.0956876111488419,0.724348548261734,-0.162608386066449,0.198748488716791,0.0750856367384498,0.592509753967407,0.695741600308647,-0.284202209664968,0.222509027514962,0.332733562450127,0.0455615706126904,-0.336822844726845,-0.0766072960674486,0.312881984602306,0.508139344238187,0.32627985155691,0.409167911043182,0.364897298288395,-0.107684586678699,-0.181050489939686,-0.266303966451654,-0.0264780768530352,-0.234804957192723,-0.137746083940795,0.155031538737656,0.563050386673956,0.596776619166814,0.31738376788277,0.0984736555270144
