0,0.218109167248988,0.0941127151032515,0.199070615048402,0.101204363306522,-0.00806597005003314,0.0165589529512864,0.00047736423951049,-0.086049689303141,-0.0648147039767354,-0.221597858220878,-0.198813371162791,-0.240063121917718,-0.226696868902023,-0.199751764830567,0.386992007193168,0.0463047148213394,0.0109649322550159,0.0827094549120179,-0.133205055506182,-0.0706413410589209,-0.150839109427977,-0.0744703186975599,-0.01182022880817,0.233412646757963,-0.235003675041517,-0.369096735792369,-0.374497067350821,-0.0810420711079728,-0.307551295480603,0.177498268824938,0.447758508579159,0.307880468870547,-0.0139336450294547,-0.324452349992689,-0.310543451471607,-0.137693781544056,0.404618037107556,0.0162861469459401,0.0352402179989618,-0.278203628350367,-0.158434423049254,-0.265579552794626,-0.152197276567831,0.123342571419335,-0.360511087939977,-0.264056598429688,-0.333132087123142,0.0456096544865048,-0.111030373738463,0.504174764864481,0.27503542204586,0.249949255375518,0.088137497953184,-0.0529844351973483,0.157386040094698,0.131336451971797,-0.110588171685218,-0.0457800704805398,-0.189515923784021,-0.231949238496935,-0.289287075154909,-0.24926370525498,-0.182136343111659,-0.0483742397287672,-0.226745324554326,0.217435120930246,-0.0614976851397764,-0.105463375916205,-0.0703015947210962,-0.0983600945522727,-0.290679099291895,-0.0781076033832135,0.0990848001832966,-0.103834572776242,-0.247017921791893,-0.0281837058772255,-0.291000560378495,0.305840440165636,0.449442275114152,-0.270454178330429,-0.288011982568986,-0.0772968976761569,-0.458310603408519,-0.376289196608167,-0.216101818760331,-0.16313506623681,-0.463061265820142,-0.267208818994429,-0.167359209538761,0.224407403278645,0.369644877399778,0.0575252657503559,-0.015802230852133,-0.160261155211589,-0.182437697565707,-0.349645241975194,-0.300341830474997,0.13330963780328,-0.0987033570206284
0.218109167248988,0,0.342143991538514,0.666203117034657,0.590021447407526,0.334511214872479,0.535510728176417,0.752162077966075,0.381558077146418,-0.373921837896464,-0.127169260469054,-0.338249067436711,-0.0854969913498278,-0.20490503861882,-0.172917650476953,0.571795386321827,0.174775762518207,0.528092159563405,0.18642920672266,0.148716328338303,0.0819168839961937,-0.00939857798117177,0.0995757423021892,0.026971243401286,-0.245076907583356,-0.10511457155674,-0.212948584068693,-0.181986145811561,-0.00390332859970542,-0.302117675311944,-0.087927070091193,0.140588934802999,0.0600181861606562,0.156518393676932,0.00403188843785686,-0.0683028358397299,-0.0566622980685806,-0.207014969788959,-0.32690148053716,-0.149094991682911,-0.238608792789208,-0.262907250249207,-0.287016215570192,-0.124656272270696,-0.293142296621571,-0.275407944686623,-0.165648062924729,-0.236523009878776,-0.15201308634374,-0.113398153856773,0.270010019580832,0.768396184488071,0.509179194978671,0.569857810885917,0.525042652767593,0.047590691060844,0.675178011833545,0.573549123977342,-0.337119015526353,-0.0645846855776318,-0.187891350588301,-0.148802368135848,-0.112797148889062,-0.317744256888559,0.186207604250261,-0.249310834312212,0.235032052017681,0.132740554746058,0.109857359994105,0.33837392522307,0.118496264292608,0.064556677671997,0.0959585636830866,0.00504396387065831,-0.0427603327017232,-0.180764980544416,0.0380072012560193,-0.226271953756171,-0.0563375940690995,0.125730551982656,-0.287987833260393,-0.362683172091074,-0.425212778494395,-0.0174181385622923,-0.213471993306777,0.0182587837381714,-0.0720389319461023,-0.256875091357749,-0.0384532940325049,-0.404400571845504,-0.0899126950385141,0.0398078253641354,-0.0495037377531308,-0.196875994323439,-0.180583139258587,-0.162316664851996,-0.191240729403591,-0.148473906242042,-0.0102223571151961,-0.08572212147766
0.0941127151032515,0.342143991538514,0,0.0474918337198771,0.258999853271714,0.563857897365522,0.381588856677757,0.413895817999046,0.462576778443824,0.176469464399788,0.268571121050264,0.249389683695198,-0.07466694812362,-0.128975156595275,-0.130237991807297,0.228865117767756,0.0294606680780978,0.130394584169101,-0.197009448430209,0.0658409720007275,0.00339890753366172,-0.134586379505961,-0.0806753035505479,0.286544523582131,0.146596468453673,0.0998096710982732,-0.0903988752930505,-0.112978485123613,-0.0263717142548053,-0.210605025578433,-0.00894042737281303,0.000512573613086249,-0.121754261756294,-0.253748746356896,-0.0456244844925034,0.122622382841321,-0.040805811866709,0.000544732343055485,-0.20133722657857,0.165638107643899,0.104783323912504,0.144775052977864,-0.0102228144307888,-0.0195446156168377,-0.10570056351978,-0.108086970924678,-0.165367665651843,-0.173477988990233,0.228114346861308,0.0237636984101246,0.240607184587108,0.509944827515252,0.0163167299553716,0.00333200350986617,0.625198563661762,0.607465047220106,0.359003698401398,0.452018445490056,0.141625086559475,0.249104742758261,0.170608569591733,-0.0440113204023361,-0.0340130556318872,-0.124318391995915,-0.0266698944253607,-0.110315377235233,0.249582575044228,-0.0817629967992238,-0.162318608211662,0.179397515736402,0.131518791847748,0.0162996858424935,-0.0286134196205687,0.290619937175961,0.270622721697967,0.213316495043957,-0.00552515782909927,-0.135104080229661,-0.0358297447242904,0.0591931690298317,-0.0899449416780119,-0.0771409963328221,-0.133714307189518,-0.0184390125635966,-0.109988473483966,-0.131863105495601,-0.0408662949865331,-0.0746621847662891,0.13662432726992,0.10767481457563,-0.0335837109306599,0.153677762419964,0.041932523790339,-0.181681182730078,0.102983333480478,0.00491131739313315,-0.0715920606344942,-0.142332987037015,0.394997005639001,0.234658676515231
0.199070615048402,0.666203117034657,0.0474918337198771,0,0.684984914997425,0.105923752362411,0.414574814987121,0.61385872509921,0.212048025262172,-0.26430415671363,-0.200279508563201,-0.279285489546775,-0.176512118650772,-0.0863690010536675,-0.0275884131362324,0.470919880988891,0.13497729999906,0.4680653634941,0.29803825909431,0.133598451617611,0.21818979359729,-0.104031304694354,0.204720989399605,-0.0178371217359395,-0.248496491212734,-0.230303074797516,-0.196479362845477,-0.238920801601194,0.0871737465784004,-0.150997268884532,-0.028536331867615,0.245335993806446,0.241444900063559,0.141510913200353,-0.113096186077508,-0.107339159474028,-0.0679192076710785,-0.166743052907184,-0.263699582544576,-0.223335354158257,-0.27718748640896,-0.198374419060356,-0.399350417959904,-0.0826942304811322,-0.133618595521234,-0.229013805819028,-0.0124136897019945,-0.0777058996543518,-0.183760057826197,-0.250628537418173,0.191336116454471,0.535054780570039,0.627145589200315,0.787804829966121,0.30993126577525,-0.118803180600993,0.582356050838052,0.440366333092886,-0.33590431320566,-0.238020276305535,-0.286294033938346,-0.22701795721916,-0.094867044939332,-0.304918787201238,0.285318248058493,-0.0891607748074644,0.187810479232258,0.14624842047296,0.0458673813840735,0.116858992931637,0.0665852858069076,-0.0125836503014223,0.204036353395992,-0.0485653152072525,-0.0973293206467327,-0.268183201662524,0.092599923666437,-0.109540826927796,0.0112008910917981,0.194714508103964,-0.299254754806357,-0.456598924583248,-0.364614860045281,-0.120533339060786,-0.1834873151719,0.159238801505578,-0.0104370250590241,-0.226512802955995,-0.0507741756356278,-0.364867374822158,-0.0270749456952249,-0.161643818388026,-0.178195753093151,-0.237696377408021,-0.270154639134584,-0.102432694071198,-0.129518583663216,0.0100490993247006,-0.0493350146175569,-0.150396987546997
0.101204363306522,0.590021447407526,0.258999853271714,0.684984914997425,0,0.309711843766193,0.240645836434516,0.533772183398294,0.392877618676371,-0.2239140759874,-0.0620566564422108,-0.209922560171068,-0.0758453604726644,-0.0859481012450109,0.0160279317329495,0.194421782457196,0.0848705011517074,0.262901957477893,0.159369557930624,0.0237406186287323,0.106249655246851,-0.0697406509251407,0.116801323242654,0.00841907296190228,-0.227412457787739,-0.158496394375493,-0.193792440901408,-0.116706285431693,0.175218527253775,-0.0808455247088178,-0.121786545482055,0.221868366067401,0.0215854659416701,0.0936470068605243,-0.0227228404986076,0.163816201863459,0.0946587713176093,-0.175186497204499,-0.317163112947054,-0.30397370508192,-0.0785473787531873,-0.224847111559883,-0.348335349513832,-0.0997883336059106,-0.105521786302442,-0.238008051016854,0.0573881830982318,-0.0487819555289225,0.0254846563849837,-0.117765224482887,0.0798653698443005,0.500364410698842,0.36408353183404,0.733545873651409,0.501203107393367,0.107115901263641,0.437731243922909,0.548030498047904,-0.228532120373964,-0.164858108629889,-0.210783760275598,-0.13459313376238,0.0378665814910248,-0.215017629746232,0.148805970123423,-0.0114648925910453,-0.0188198569771992,0.0677697903027916,-0.00927242153440953,0.0597735356907614,0.0310482253880311,-0.0647906388133766,0.0935131733522514,-0.156329919184129,-0.10040691594194,-0.218792396999286,0.0983118765955787,-0.058069608915228,-0.0661646063338176,0.217226833776009,-0.133117616592997,-0.280486524525204,-0.324336694999056,-0.0601804538030761,-0.145150276067878,0.0806359649178623,0.110785050355196,-0.162593514733285,0.0157744357890415,-0.256287150158579,-0.0920374122556425,-0.141816825415286,-0.244878017211748,-0.282588082175131,-0.367696241189319,-0.154284228267135,-0.160854218414056,0.0326862226011351,0.0978011269316274,-0.0683332431452628
-0.00806597005003314,0.334511214872479,0.563857897365522,0.105923752362411,0.309711843766193,0,0.286964473246202,0.457198545258401,0.728335196273702,0.116778637182672,0.0761453205182386,0.0386515294770189,0.0667867629444542,-0.130925079107632,-0.0511014792337052,0.0446402559592337,-0.103177669231165,0.0669705795344017,-0.230152779681493,0.0502652832145068,-0.0365530887087157,-0.134451882404924,-0.127851470022445,0.044085649610133,0.0700089741159967,-0.0152398249604091,-0.126848579097212,-0.10001045488821,0.0743620962456748,-0.149554194819912,-0.104690115072899,0.01768985952045,-0.237439244924747,-0.194233764133912,-0.0698413137751573,0.316006739539137,0.0129782323208716,-0.0332229612212816,-0.0745341969474802,0.0819729840828765,0.0174263025303761,-0.011216014154725,-0.131053500283331,-0.0714373108365552,-0.121150445391479,-0.179692766578552,-0.141014788690952,-0.23508597063932,0.334445887721399,0.0331583453641385,-0.00327524319229865,0.490647819250484,0.0168878293936472,0.0826051278318687,0.759628755683245,0.648976480449827,0.353464186386073,0.648845870658622,0.149801231732678,0.0905549612689512,0.182081186299162,0.0675240312557923,0.0891210968697667,-0.0827005188588598,-0.122970700703771,-0.0319772166782749,0.0465335664729776,-0.184434968210325,-0.116506649496585,0.163291423413136,0.101844413253263,-0.105886951952835,-0.117431607630641,0.154889866545904,0.0914783790969954,0.0836025920231861,0.0445557121933519,-0.10880081595601,-0.0633731658055888,0.0769383474793917,-0.0743222820808007,-0.0250891795299702,-0.199300275404757,-0.104124976785905,-0.128973988295404,-0.167296747100015,0.00798225132620377,-0.101876254979575,0.184860835841728,-0.0391576016197782,-0.126401862933142,0.115739151670459,0.0520586521548684,-0.0420129122021516,-0.108815260232919,-0.114961676660248,-0.17807579275899,-0.191254695436807,0.442922766967276,0.116333528898334
0.0165589529512864,0.535510728176417,0.381588856677757,0.414574814987121,0.240645836434516,0.286964473246202,0,0.703840326098808,0.276959136564846,-0.0474181871930808,-0.0335053421740845,-0.0602308388687123,-0.284012758246353,-0.130094751333699,-0.203754073430817,0.587901533649274,0.166078492224772,0.60919245500966,0.12843337051197,0.246239054083433,0.321939737823488,-0.119034181338565,0.210944159210868,0.175079829823615,-0.0126842038319595,-0.0952644875993364,-0.00858668717604015,-0.232902924119733,-0.113410370948438,-0.25621633512557,0.10958895508928,-0.0549879373053923,0.060122906804231,0.000357637688485389,-0.116496552972249,-0.185121493657304,-0.246452606406883,-0.115301061242569,-0.131595679311486,0.36501218498786,-0.0306200919495235,0.104931624038281,-0.0571459804659553,-0.105486296807503,-0.204464650280428,-0.0259662617811634,-0.135871147321007,-0.0600219036423955,-0.0770918619659093,-0.0688349218469031,0.175444780289844,0.544732322687305,0.441545824829488,0.262596383281566,0.421579606983474,0.134027505269842,0.696709072739521,0.421689511828045,-0.127953870557964,-0.068475128666789,-0.129406429193713,-0.288389779749685,-0.279342997943352,-0.390509659346288,0.251965456657937,-0.263072402760409,0.602537355060635,0.0566353111360419,0.0374755826803063,0.35769598919522,0.222730896336462,0.0794632947615273,0.183302992860895,0.369292062595697,0.08119576202266,-0.0175794619548066,-0.0752254241129771,-0.197198508710042,0.0359893041092296,-0.0789720241325837,-0.299596651514335,-0.29583958190171,-0.226613108622549,-0.0679051756052699,-0.112060744761478,0.0284247651205513,-0.211128342715742,-0.133073723683177,0.00472507395453757,-0.0821381851532055,-0.00243663291023599,0.0117111212121636,0.0903502854727005,-0.0678155125094684,0.134859500682658,-0.0545761894023741,0.0365561158953349,-0.0922169444311147,0.141426471445018,0.091043021390283
0.00047736423951049,0.752162077966075,0.413895817999046,0.61385872509921,0.533772183398294,0.457198545258401,0.703840326098808,0,0.557917489869325,-0.162441894774259,-0.0267798026630348,-0.141630742964284,-0.158989060736085,-0.164174072421622,-0.14393087442074,0.525631167229643,0.133823007721045,0.635314373627073,0.120611384609625,0.212611557853334,0.246556315282474,-0.0824507883384085,0.167180701218747,0.129900804544896,-0.198416834202139,-0.0602728240113633,-0.115612014143056,-0.179063806970137,-0.0283119514691904,-0.263346486852243,0.000554522952416373,-0.0228367180011832,-0.0400895176332691,0.0641706523946055,-0.0148502307729188,-0.0221247370497299,-0.147576816792241,-0.286791676257678,-0.350254882933859,-0.00696982871137119,-0.109273087581272,-0.047526868527903,-0.192991972504656,-0.09701198998724,-0.274603902456038,-0.147852756582869,-0.112782713301978,-0.119586710162394,-0.0976041530636513,-0.137869669673364,0.135162870331024,0.743091900171877,0.460029483221357,0.49162899372003,0.653391679856708,0.159219113037439,0.804186817358977,0.735180566316374,-0.180441470887462,-0.0119231052944193,-0.0858864720133643,-0.17748001993878,-0.129780583980913,-0.356414169111416,0.252662035480925,-0.208598363038655,0.378673103236875,0.0992540547973015,0.124339953158089,0.45114417248388,0.212196591284976,0.116122569854855,0.166283305953498,0.158561562162462,0.118654392854363,-0.0295104016415144,0.014955581106385,-0.171134681412565,-0.0242203018994998,-0.0189306689986631,-0.245166102474777,-0.290191268382819,-0.341983945262711,0.0283648330787312,-0.116909045778061,0.0922024822363418,-0.0899615382409364,-0.135460693816063,0.0740893918282897,-0.218681656642649,-0.156484069555994,-0.0276223796193752,-0.0530449147031186,-0.156679967673775,-0.0375664634834497,-0.0831126070046549,-0.0483507302310288,-0.0614471464553154,0.150479067212252,0.0343788381192588
-0.086049689303141,0.381558077146418,0.462576778443824,0.212048025262172,0.392877618676371,0.728335196273702,0.276959136564846,0.557917489869325,0,0.0660611148275826,0.113278935094573,0.0421126995803039,-0.0158787875379102,-0.166731285974771,-0.0772120652552522,0.0871110343617401,-0.1232076435878,0.170656566474944,-0.246413378270674,0.0787572464951174,-0.0529801373792701,-0.116398770607207,-0.103691985414578,0.0781972218823328,-0.0737169830524339,0.00296598804652931,-0.0427954588901587,-0.0116765125870583,0.0903333670342888,-0.160072019646269,0.0221233284551527,-0.0361443455697834,-0.197275732875633,-0.113324120023933,0.0250158387092699,0.421331262895531,0.0474265424600024,-0.11822488031995,-0.210919214928245,-0.107335645541847,0.1582658629887,0.0324445240890174,-0.0982302094163481,-0.0186054994848727,-0.0806196923917156,-0.0892774346073806,-0.0439428375196749,-0.116728185176313,0.197108790825642,0.0589331293065922,0.00238248135914162,0.478989338834586,0.0236519065317986,0.165032703710731,0.728917657526145,0.483613123077946,0.365000465906336,0.787772788151806,0.134792719415839,0.12395379542795,0.130369692494672,-0.0147928118398276,0.0374876588847279,-0.150793473670704,-0.101767650501446,-0.10846628961773,0.0631608374660612,-0.19898721217986,-0.0946685335547214,0.2265395575205,0.0382764708953559,-0.0562023858739048,-0.164485765821346,0.0951317456535002,0.120368263036083,0.100466773346899,0.0603128934988945,-0.0967758704281988,0.0390796981697402,-0.0184223333238151,-0.0361561270895606,0.0513089890567265,-0.0931871001993731,0.0206026923057804,-0.0228502350133247,-0.0808720025110735,0.0681066402230997,0.0220958581108726,0.293091976794179,0.0515176114208285,-0.169766639405414,0.0723469017104765,-0.0407922846021691,-0.0177886533287051,-0.089451493851312,-0.024331315022214,-0.0845337981560607,-0.0932873050627625,0.371648113784698,0.195850150697736
-0.0648147039767354,-0.373921837896464,0.176469464399788,-0.26430415671363,-0.2239140759874,0.116778637182672,-0.0474181871930808,-0.162441894774259,0.0660611148275826,0,0.209564145340487,0.566063101554865,-0.104468177023188,0.0698627815862303,0.111316162363962,-0.0167320480982017,-0.124192382574511,-0.19567134332505,-0.26132000241634,-0.0574004751725052,-0.00544054109723066,-0.232878288606081,-0.0872970235966775,0.189535719711163,0.528816451932419,-0.0670295348075996,-0.00996410244345094,-0.051209021259988,-0.0708837086410658,0.0273847656523418,0.213413364851459,-0.112955475468186,0.0694882241877867,-0.333674790240667,-0.157627484489761,-0.0356794060558843,-0.299198003084807,0.0982808953173223,0.19784904484966,0.39538332813654,0.0350163897859896,0.500512127061888,0.156355713752736,-0.0679201582865463,0.12169650267968,0.0529097336191686,-0.105772630715966,-0.023678437061078,0.186392466410731,-0.224490334656771,0.0400534939116989,-0.160881813194086,-0.160622287465458,-0.344766026437497,0.033284374328633,0.400574959316379,-0.0755017023729916,-0.0603870365523458,0.683454495394196,0.08185310146479,0.335701185086779,-0.0523244698338,0.00894421805392,0.20370041484494,0.0209116275241605,0.164619059298243,0.102924799271351,-0.160605765782827,-0.187738616749652,-0.0485057431350365,0.142167994499061,-0.051776919155639,0.00363280232823111,0.364788209482529,0.263837270351906,0.317876879693824,-0.0517421976638368,0.135287691329733,0.14483292848194,-0.0646247805902345,-0.0413016599490829,0.00856209016528356,0.270646773289107,-0.112399313680629,0.0440484536087484,0.00184224862929243,-0.165904249747495,0.101889849747584,0.0579837213226527,0.290177456462551,0.0362261359133857,0.174509558811716,0.261814818168489,0.253344004298391,0.292053794173516,0.072951268370181,0.0434313933965621,-0.062095304818459,0.317378471097852,0.017185847475648
-0.221597858220878,-0.127169260469054,0.268571121050264,-0.200279508563201,-0.0620566564422108,0.0761453205182386,-0.0335053421740845,-0.0267798026630348,0.113278935094573,0.209564145340487,0,0.579327240509263,0.184394691011126,0.151936672176198,0.191934952487573,-0.195332491461614,0.265348400163203,0.0220900270244228,0.0251683494001435,-0.0700816587883255,0.0460870937114987,0.215742785306057,0.131332087105039,0.595129121276313,0.180621369239484,0.607698339735832,0.0695152256905136,0.23272882001615,0.144911791643239,0.131522383512558,-0.139895980456,0.0306506909163123,-0.128739923720684,0.0857148200613162,0.146162824937025,0.145818562145187,0.211031607146354,-0.0949566671741128,-0.104854093589957,0.112962944794616,0.413553706811687,0.25598508943795,0.369321141923895,-0.0429667182342168,0.000521206840547365,0.10526065419298,0.12751684763979,0.11135468042141,0.195709624549493,0.226513810244099,-0.0680232077179673,-0.0922606163135507,-0.194602962851193,-0.132146223099767,0.0993228862422005,0.155670917228177,-0.119678692598765,0.0300748085327925,0.103376218222981,0.587807228915971,0.428412128751091,0.162336399070072,0.180952030469762,0.0613711850847831,0.0692655766738322,0.17888114219077,-0.0851857874256867,0.202280579543478,0.0512151848088314,-0.0800531862472708,-0.0102718519652746,0.152040956114189,0.0628393478373576,0.0448789835994987,0.386891441133189,0.456562847614484,0.0698218635652009,0.151367237600074,-0.18057414789084,0.0548445324424804,0.167190661065906,-0.0387354922095574,0.0788552216189195,0.173551904348293,0.0654535661427791,0.0208944249034229,0.166601996062008,0.135436098014543,0.117727711985003,0.249512602014872,-0.120410613811784,-0.141197005772261,-0.0856156278617575,-0.294451436481543,0.157597001721327,0.00234876898070167,0.157796462766327,0.140350564314736,0.142950150861563,0.359025053912162
-0.198813371162791,-0.338249067436711,0.249389683695198,-0.279285489546775,-0.209922560171068,0.0386515294770189,-0.0602308388687123,-0.141630742964284,0.0421126995803039,0.566063101554865,0.579327240509263,0,0.108875158975971,0.272568969257089,0.2233433947862,-0.131895972053674,0.168037577106632,-0.060394035091577,-0.0525219428556088,-0.0272823751427481,0.105346538282634,0.0159015639963376,0.131364912184375,0.525258141946346,0.320230979465442,0.418289698519987,0.0797582673040751,0.132008570257368,0.0559923739168534,0.1595765556543,-0.0293924334446384,-0.0792858061394341,-0.071546618634961,-0.141098115727007,0.0166571169949614,0.111359323163865,0.0223285382114475,-0.113832434437841,-0.0431146730161236,0.265017134248462,0.342764290546405,0.468613146786892,0.318895730875551,-0.045224407744006,0.0521684716343098,0.14786771766698,0.129961646624373,0.14893404969991,0.293718508319408,0.0721748694997152,-0.0313417768017769,-0.209621679883484,-0.21969371229286,-0.270774793949129,0.0439612502528102,0.243004942437429,-0.162949144296281,-0.0620695715390649,0.33952129297978,0.511593189456662,0.576800477264989,0.133027088183452,0.188798227931255,0.155182751473522,0.138578022947204,0.25590166751163,0.01669102865019,0.0934500848035989,-0.0721637084881336,-0.102661473233774,0.0684703799122875,0.110726821476932,0.123078334893156,0.263928099110764,0.489405495907561,0.567451173763579,0.0341268385750609,0.22574500155082,-0.0928563605691179,-0.0196720967275624,0.115314900619726,-0.0190235958004995,0.146320891992894,0.084757869164501,0.0873683922590789,0.118019267852122,0.0810247521903533,0.185244042370988,0.191915941496114,0.400796438591727,-0.0746068599731172,-0.0792247637475506,0.0592110682391743,-0.122488573154853,0.331395117396258,0.117907697846472,0.25785504040944,0.191593711599663,0.313479718462628,0.285466614706128
-0.240063121917718,-0.0854969913498278,-0.07466694812362,-0.176512118650772,-0.0758453604726644,0.0667867629444542,-0.284012758246353,-0.158989060736085,-0.0158787875379102,-0.104468177023188,0.184394691011126,0.108875158975971,0,0.392129833281265,0.425485356980365,-0.369108703157633,0.264315115507169,-0.0704486078532433,0.183200526156571,0.0848538447951715,-0.0022260532503777,0.424126750535876,0.140630982589846,0.0754340013494207,-0.178710617039321,0.300701175289949,0.148030733268751,0.376493742251572,0.301238490209614,0.312933655933265,-0.323548462750517,-0.0418217818593268,-0.165219108392809,0.154779579984629,0.400071505706187,0.0839172445055303,0.242568420790263,-0.261347535997528,-0.0262861667337626,-0.162647021601585,0.00946856036218345,-0.0773034129513685,0.195995683697474,0.157411426337921,-0.119576089607534,0.0432757012729386,0.244846392548013,0.105635501855385,0.0103910878614187,0.188186655769706,-0.299654679323505,-0.160138715732933,-0.127266708763564,0.0243383298370263,0.0079206782209323,-0.0979028223842644,-0.201279981414382,-0.017243786852457,0.00465919213575259,0.296664301832268,0.421943601203316,0.832801841830778,0.71534745474419,0.305280638022674,0.0898936788776419,0.419177926608825,-0.28696209516848,0.206626758319287,0.11515167510247,-0.128008534058864,0.0757661042527162,0.275433580290812,0.104992431743466,-0.183394732393263,0.0625885962344289,0.245092687902113,0.289911364472623,0.352852555064507,-0.322602751388389,-0.0358353825438201,0.104594622228871,0.00748881029368279,-0.122251571528661,0.278531498635306,0.0907105399250641,0.220619742170968,0.223554680360674,0.177246792949448,0.0705117594705854,-0.143549528935354,-0.0345615276150003,-0.185921275614591,-0.00813733785673585,-0.0668147442806621,-0.0928029271499458,0.146476679472117,0.10730765341769,0.252990974800699,-0.119951487478297,0.0265338721237691
-0.226696868902023,-0.20490503861882,-0.128975156595275,-0.0863690010536675,-0.0859481012450109,-0.130925079107632,-0.130094751333699,-0.164174072421622,-0.166731285974771,0.0698627815862303,0.151936672176198,0.272568969257089,0.392129833281265,0,0.680636344885508,-0.21947007464102,0.291353816347523,0.0292038632392288,0.422011311775318,0.238866826512067,0.243918370212832,0.230907569378056,0.545713354626091,0.146966991311283,-0.174865193775297,0.205303762921833,0.281143152999139,0.329810598447989,0.227199576290903,0.540912767070642,-0.313351482977616,0.0130128746927706,-0.00734101377328373,0.0441440839186239,0.28412319963502,0.0714516230344047,0.17061447490231,-0.261575116357033,0.0596478562589211,-0.0207026443753711,0.0206908921899672,0.0486695570024028,0.0544327767997088,0.300173943073965,0.052823270936312,0.225394672149106,0.548773930238637,0.410503527554707,0.00864853359535067,0.0704461482648353,-0.248899145919079,-0.276335838868652,0.042176091051516,0.0757743158988287,-0.147763934979687,-0.145354646469866,-0.14308320862397,-0.113936474383476,-0.0467431618775128,0.235147280277359,0.343537233808527,0.316021001669398,0.483114854490055,0.498005942268326,0.409030183013428,0.628510167506995,-0.13829849296847,0.261494371617502,-0.0333103691386127,-0.237395720097857,0.0853937130848138,0.198041076115623,0.438381963646427,-0.0591121562446212,0.0596513330469891,0.278000206525025,0.24665246434211,0.624261001914802,-0.330861228840067,0.0441677803008182,0.00352057618089921,-0.142448852761886,-0.102269445820253,0.180110982717657,0.242304957519872,0.482472165029471,0.215053196876174,0.278099757712566,0.101277627351368,-0.0479650780141567,0.0585600411798961,-0.299755366645415,0.163835011434418,-0.193847112417976,-0.00834888825302921,0.301535073796524,0.394998610672452,0.525729850957774,-0.0430013608047903,-0.0452733797426339
-0.199751764830567,-0.172917650476953,-0.130237991807297,-0.0275884131362324,0.0160279317329495,-0.0511014792337052,-0.203754073430817,-0.14393087442074,-0.0772120652552522,0.111316162363962,0.191934952487573,0.2233433947862,0.425485356980365,0.680636344885508,0,-0.257233821036505,0.249277255589508,-0.00076971470961261,0.362169674456169,0.178638111772284,0.331047063388709,0.231773491407945,0.503794509381439,0.20350434727079,-0.0825707092593247,0.172017012051881,0.275064906363834,0.391863034290168,0.371945482888667,0.589075005977677,-0.280525984008512,0.0211517881013729,-0.000456064568291467,0.0359883259530861,0.273185797339517,0.145164520567951,0.197800640065233,-0.305184383641774,0.0468113619874402,-0.0928982138860203,-0.0276700051102583,0.103005026710613,0.0499191230088565,0.267852710648668,0.057889602725577,0.235665113114915,0.519105375701096,0.401635801453023,0.0564533498676603,0.0877094128540466,-0.252690884497174,-0.26748778907112,-0.00371718857465746,0.139286795258031,-0.0532358384704811,-0.0442091554950502,-0.149697664202308,-0.0483591499812527,0.060945260494851,0.226895296582378,0.309916131437519,0.341755629394771,0.590920720648113,0.479723243106812,0.502437246089073,0.840817307378938,-0.224750225568262,0.266662894344539,-0.0069170383825678,-0.26797464919264,0.147460349780171,0.228724235049318,0.43612157348487,-0.0948877224330484,0.12290666097917,0.288981489085646,0.344248139785036,0.704516885362673,-0.286253790057644,0.0738231424436466,-0.013357581923502,-0.170608763949868,-0.0912495575328883,0.154060097449451,0.233950019007473,0.546128010890755,0.249036721135649,0.29007567934305,0.0956017725865362,-0.115468599057127,0.027017574290609,-0.263691385248546,0.130545841899921,-0.130102941961617,-0.0496143197800268,0.292760110412016,0.349148962944511,0.517369185021369,-0.00663384784985005,-0.0266821513054073
0.386992007193168,0.571795386321827,0.228865117767756,0.470919880988891,0.194421782457196,0.0446402559592337,0.587901533649274,0.525631167229643,0.0871110343617401,-0.0167320480982017,-0.195332491461614,-0.131895972053674,-0.369108703157633,-0.21947007464102,-0.257233821036505,0,0.158832905405232,0.540137058037818,0.166297697983864,0.19545565009778,0.198218021312784,-0.192259223185168,0.105084288851394,0.101379724164502,0.0465475157383536,-0.232255973158666,-0.212960722790495,-0.374451487320967,-0.175695788050537,-0.411336483998494,0.17925979861077,0.0649709649007069,0.371489110292939,-0.0313707270902378,-0.26464135087603,-0.347991951737527,-0.377843284999209,-0.0377739923736701,-0.121700575632519,0.204706437241417,-0.343968422155065,-0.0266644653762167,-0.22916383761359,-0.191826915571227,-0.208591504473762,-0.231047403111866,-0.342385300172945,-0.281020724204088,-0.309193902131954,-0.305565474686078,0.500440400189203,0.559344018055233,0.544394256922945,0.234136023228461,0.200956695343167,0.0152898522167112,0.607680685382745,0.233141988999897,-0.0667620298428354,-0.180582521821067,-0.183367929390894,-0.374158208315756,-0.36751611113329,-0.28675278839787,0.256212786580241,-0.359820547477727,0.525933870169232,0.0581086185607587,0.0280119140769982,0.372544100734177,0.244327899902507,0.0460497545137349,0.138482493152432,0.320657797770622,0.0631827236077777,-0.175602175411672,-0.0415382321473528,-0.276670526932006,0.175051689183873,0.0399824809634005,-0.396643267857316,-0.402173772351075,-0.290260561667065,-0.210211864065661,-0.207151723312261,-0.025158783262378,-0.319400078385685,-0.288227354349486,-0.112547872969585,-0.246233826295752,0.10273491803515,0.192805017189244,0.155153824461209,-0.011092838103193,0.0875843304142813,-0.121946383447662,-0.164086328497596,-0.278483607683365,-0.00994538009374276,-0.141803915125984
0.0463047148213394,0.174775762518207,0.0294606680780978,0.13497729999906,0.0848705011517074,-0.103177669231165,0.166078492224772,0.133823007721045,-0.1232076435878,-0.124192382574511,0.265348400163203,0.168037577106632,0.264315115507169,0.291353816347523,0.249277255589508,0.158832905405232,0,0.453008276010329,0.634079840517075,0.220984005304421,0.374185119915907,0.373230660333023,0.443276912148135,0.556839375944065,-0.00530954008570488,0.340187669411215,-0.0695188740053916,0.111105861958602,0.402985686424955,0.0632094930602668,-0.261004518745044,0.203475414232721,0.013655429554361,0.437442348343277,0.183408792830005,-0.176771691675417,0.225345017441054,-0.253034045628323,-0.260680758059322,0.0784739551474217,0.08202726652206,-0.0478075291141382,0.071946761394118,0.0129574739172323,-0.0955937321771249,-0.0959769475480537,0.127899199439369,0.0479140375354939,-0.092850490164052,0.226185682407574,0.0157852086802683,0.136134165758597,0.281976876567501,0.212396815334417,-0.001936745555403,-0.192822012475334,0.160848918375676,0.00153793188905324,-0.136619910540673,0.282202326806634,0.146636087996143,0.170415404866638,0.234890921604866,-0.0635301599366137,0.483983195812462,0.168623166145107,0.181156144824525,0.637779573222803,0.292807149234561,0.0790070895448675,0.251181553741175,0.344195800073719,0.370474144015624,0.105585111726086,0.360258803261029,0.250059527215419,0.416480256609576,0.163136278110502,-0.226791276044519,0.20953988272802,0.0743737433724541,-0.311481514410618,-0.18654486642886,0.0755255459289525,-0.00425198581455054,0.281660620618624,0.279655779010745,-0.0364814521727184,0.0578596034395743,-0.0511178516809339,0.0270219876676979,-0.102004596167709,0.0837465784290367,-0.240715987071993,0.068471522754568,0.0422877253729757,0.165158767527216,0.228350944818908,-0.0318036028556992,0.202494097527139
0.0109649322550159,0.528092159563405,0.130394584169101,0.4680653634941,0.262901957477893,0.0669705795344017,0.60919245500966,0.635314373627073,0.170656566474944,-0.19567134332505,0.0220900270244228,-0.060394035091577,-0.0704486078532433,0.0292038632392288,-0.00076971470961261,0.540137058037818,0.453008276010329,0,0.465932657577395,0.457573777411726,0.498634959725191,0.0644580344740502,0.424411636023126,0.309965585523547,-0.156804013706523,0.0090677344234995,-0.0452931915655281,-0.106773204734458,0.133998322807685,-0.176524471001567,-0.0201936143301125,0.0282608132604053,0.0890828490270644,0.356888746645833,0.0103278950865879,-0.154420069695213,-0.149889822783976,-0.380369099278612,-0.34880774636233,0.0886486181179428,-0.114106058253604,-0.0544208018788828,-0.139886069840772,-0.11153952484769,-0.30114084255342,-0.0890888007014977,-0.0645556456019411,-0.0312935865975854,-0.259440245261822,-0.0735334556663988,0.100204957944106,0.45146722748621,0.499685976147847,0.393360139680224,0.258304882993646,-0.145660483178698,0.661417425728235,0.37210966505694,-0.253988235016778,0.00756620797982386,-0.0131343452099795,-0.121117457139994,-0.0771016757812482,-0.319608033848295,0.506369407586466,-0.104323905979923,0.517734030525673,0.370450898675886,0.286954782432097,0.507655204010711,0.423798857735166,0.260021302669667,0.396060219329631,0.307265911667839,0.219218966108865,0.0253027349887813,0.219576276049299,-0.0375705293898868,-0.0399463822027672,-0.0314193525048809,-0.235253779160859,-0.37742220805442,-0.315889926425972,0.0168575829799187,0.0049723788178242,0.235103328076602,-0.0364603855834768,-0.104358347507365,0.188746914570808,-0.175138948086921,-0.0975784087872692,-0.0471809704847368,0.104235512359281,-0.16361852006917,0.104446089181538,0.00311577133013467,0.119992181882736,0.0450639893832682,0.0419905176922031,0.0762681363944684
0.0827094549120179,0.18642920672266,-0.197009448430209,0.29803825909431,0.159369557930624,-0.230152779681493,0.12843337051197,0.120611384609625,-0.246413378270674,-0.26132000241634,0.0251683494001435,-0.0525219428556088,0.183200526156571,0.422011311775318,0.362169674456169,0.166297697983864,0.634079840517075,0.465932657577395,0,0.232980369870875,0.388117526848727,0.360222721900181,0.538287057190038,0.23655910461245,-0.150833752651161,0.145100811388066,-0.0528995412312377,0.0826423318104589,0.360790209058664,0.194989381260187,-0.304972417221396,0.261415969511112,0.0689085870280921,0.48646913585161,0.134719755882795,-0.198061483495602,0.177486223875049,-0.265145289972458,-0.107615082725643,-0.066124349939652,-0.145468726257327,-0.133088164473923,-0.0333872555895542,0.0375261718379581,-0.0435439716417096,-0.0442386262554898,0.223267025074731,0.134155628939572,-0.202816824874339,0.0460786533066582,-0.0277588437298944,0.0642384658907824,0.41267913657866,0.412685625261041,-0.139273594022708,-0.347455480534124,0.19871565130484,-0.0588378961759774,-0.290590401837691,0.0409098447782471,0.00427289055451288,0.0592777342201922,0.227273730012149,0.0143591672517943,0.539477908220088,0.247749944374253,0.0942628389799751,0.583704231764671,0.291845392610337,0.000744950553558422,0.128615143673247,0.243893985226972,0.452782020578572,-0.0441568174889832,0.0455347342026503,0.0503850614623745,0.358324027962701,0.23440667524598,-0.245992810643824,0.230545778683065,-0.0307842605187234,-0.401293860576565,-0.199995344584067,0.0323307553029216,-0.0289270185044238,0.388241280699317,0.255783292777078,-0.0768313374256866,-0.0334937386286185,-0.26405399106077,0.0399249131600507,-0.189235061269638,0.117085961179925,-0.189714251349862,-0.0370158430475848,0.05321605290851,0.179192423365765,0.284108185776058,-0.212708302089667,-0.0767220254467766
-0.133205055506182,0.148716328338303,0.0658409720007275,0.133598451617611,0.0237406186287323,0.0502652832145068,0.246239054083433,0.212611557853334,0.0787572464951174,-0.0574004751725052,-0.0700816587883255,-0.0272823751427481,0.0848538447951715,0.238866826512067,0.178638111772284,0.19545565009778,0.220984005304421,0.457573777411726,0.232980369870875,0,0.401542782803144,0.00899356342859087,0.252229850268518,0.12098869395157,-0.157158071221876,-0.0375552241223167,0.130102412300852,-0.0175669090040819,0.257532599345875,-0.0794746474561915,-0.0379120165904229,-0.0852260923970734,0.0711979921180252,-0.0276146180560173,0.0645540967828441,0.112274220205104,-0.147216922748581,-0.227046600541401,-0.147074714560769,0.0943078994149209,-0.183712462046845,-0.088138084405001,-0.190596283714706,0.146794151757898,-0.0541942455891493,-0.00501726907774448,-0.00958112509816962,0.0519033557350631,-0.193246751516882,0.0302755935211067,-0.0207114060159796,0.0994556850022122,0.184524703257158,0.12614415658982,0.114923421271927,-0.0780052755560823,0.239193885037709,0.201530252388718,-0.108850904016181,-0.040867744777428,0.0456834020451299,0.0857522977493246,0.171256380466078,-0.0244131007392407,0.350279117058704,0.0905666516252708,0.296145877232747,0.174833406226458,0.0305313672703012,0.266145896924847,0.546149480471978,0.239796117826648,0.297463238026106,0.302684877583805,0.210224770476828,0.0281239445957297,0.423579582945997,0.130715093278502,-0.0413658886223283,-0.0855080354512247,-0.0179999071159389,-0.0543044878780119,-0.137782026870633,0.0431140087183547,0.139540079285676,0.169446113508667,0.0132544920406018,0.0629134339163002,0.461891061043462,0.0620967978032608,0.0448083885865528,-0.0331588794159855,0.256557906039499,-0.059218347104622,0.0610570952672195,0.197034587518599,0.197616702544635,0.090069278022814,0.0389804526569494,0.122154756637394
-0.0706413410589209,0.0819168839961937,0.00339890753366172,0.21818979359729,0.106249655246851,-0.0365530887087157,0.321939737823488,0.246556315282474,-0.0529801373792701,-0.00544054109723066,0.0460870937114987,0.105346538282634,-0.0022260532503777,0.243918370212832,0.331047063388709,0.198218021312784,0.374185119915907,0.498634959725191,0.388117526848727,0.401542782803144,0,0.0305891581924882,0.430680494776965,0.308117013522334,-0.00320017920962287,0.0430117191352351,-0.0500357129615811,-0.0942745523860584,0.259331729760204,0.0796381616844206,0.0194695684950423,0.00964782321073124,0.0297087305245025,0.0810341317906483,-0.0332842074244179,-0.11772431650244,-0.110095327838043,-0.213709765194038,-0.233005505682828,0.124786761528129,-0.0574594082294466,0.0894293879925669,-0.0711389711839388,0.00642680194032032,0.00020748234211845,-0.0377094044251133,0.139541867568854,0.13909134724947,-0.126784957202862,-0.00158704826673063,-0.0728726314763329,0.055017692565844,0.211715167216452,0.197924365956944,0.0542863440239818,-0.0771096818964419,0.277498811847854,0.114597355147302,-0.0615055206028162,0.00804033518637855,0.0149207100984622,0.0205421395816434,0.133286772266666,-0.160808867941922,0.586674497289712,0.2603056666265,0.348384506738058,0.355738193647535,0.134968479078298,0.199851927481015,0.534082937575219,0.219856288536577,0.460831388244432,0.267462598780842,0.291323036924019,0.06461535418905,0.21872369705201,0.170737622662884,-0.00385981375884957,0.0310207003650445,-0.0271884501005018,-0.187516007554394,-0.148631846334767,-0.045868293210356,-0.00858124997530402,0.311612604659818,-0.0336268954180017,-0.0556906109382657,0.121084076312801,0.0584065602627871,-0.0551271617058935,-0.143958979324703,0.0255388561880657,-0.207296262501957,0.0780654016017739,0.0047023275266593,0.149563411466568,0.212708496530316,0.0646564484331577,0.0789333897440046
