0,0.146857067539842,0.210235301512707,0.465811357548331,0.326752193569978,-0.0851192335714096,0.1649947574465,-0.121589750423515,-0.211771943597401,-0.251828742020698,-0.342656978009261,-0.362258158402159,-0.256164327813038,-0.0703616020001946,-0.0461084692941606,0.618245699179923,-0.332105651422244,-0.14717565658564,-0.242204850344094,-0.169234351268135,-0.198547812311087,-0.307798888847004,0.0363260640568373,-0.311025115318494,-0.200745324173431,-0.174857533690244,0.0769028492100766,-0.176248296087564,-0.371854290759195,-0.0324870899929974,-0.0529815930375105,0.504332623636576,0.636591431145461,-0.327131058842392,-0.178273452668739,-0.288692409483859,-0.330239665833184,0.16823597842478,0.0571597894684451,-0.18919739443365,-0.186826964049391,-0.154234043283782,-0.0630422716343774,-0.0604159645878063,-0.20803115472032,-0.061739345405346,0.0375248271957591,-0.0988270492014854,-0.233785406088894,-0.240310614524227,0.630479104884016,0.460991457719297,0.624691980751087,0.535109904312452,0.000709777403219549,-0.123354180779573,-0.0559113611442144,-0.196827562970197,-0.169317506004436,-0.223980632981677,-0.0854512656680231,-0.135763624694345,0.0258328746468247,0.010619135142508,-0.15709629559936,0.121070398609656,-0.124017181424847,-0.312239420397387,-0.426094790604043,-0.203633193183024,-0.27215473712922,-0.146282679753705,0.12625317683521,-0.518041480304223,-0.250993944532006,-0.326052389708092,-0.190656004448539,0.0785355469663393,0.10910661883024,0.533839012503267,-0.2461249993741,-0.128495193285621,-0.391885899892016,-0.215846567685816,0.0025159240208685,-0.0744263334522397,-0.362612273752638,-0.0583477687144901,-0.381923253302338,-0.328214536456655,0.627686585259774,-0.398388406661742,-0.138172811767374,-0.36213221136396,-0.120803844098244,-0.131019774533871,-0.0885778528845851,-0.011968985180217,-0.345061135672819,-0.35034332607482
0.146857067539842,0,0.617453103029256,0.573324157188259,0.746309117101445,0.547434980739716,0.370423587164018,0.554020572668201,0.468674295399505,-0.337925904951102,0.0774685481962527,0.00333264143955406,0.0125154887566814,0.282381967346043,0.351313554976778,0.319062499092099,-0.0586318599789376,0.390942438237624,0.0891525765114476,0.0482176821411609,0.220238462374028,0.0376697113490246,0.276259206478694,-0.052054829158578,-0.384297493354732,0.0681339815053609,0.29134261853258,0.14405572223859,0.069375951836275,0.223440807313365,-0.307823776538175,0.104195693283022,0.115802078927848,0.0130986210672868,0.0745378958446009,0.0333408250875507,-0.04001437556092,-0.110662809641062,-0.153064019704524,-0.171346519092805,-0.142033192794988,0.0438456521993133,0.0481608525955355,0.00954024902693222,0.11672060805022,0.218912096468219,0.216597656789458,0.203955473227489,0.0159261068786731,-0.151586190742528,0.0730096407874219,0.724436598794861,0.377140875211885,0.486850570959284,0.541517168727695,0.251300297080935,0.584147084573592,0.608988460705113,-0.346088864266083,0.0618163626196035,0.145425267463064,0.0503967880915818,0.383916005966615,0.319615389232874,0.272859407139841,0.390741831328357,-0.148039436821949,0.167583996480226,0.117573304429065,0.435310797144855,0.191677076993184,0.187319094255397,0.278084590786856,-0.320650436717521,0.0338933524026866,-0.0618032961884899,0.180890457817738,0.259113192562139,-0.28540744665056,0.0883222769919745,0.0315460266344563,-0.1029834932691,-0.166994720407982,0.135631492722593,0.226677488300629,0.232718064490877,0.0335993360201378,0.148763542595626,0.101039971494131,-0.185359256983896,0.0129032628617099,-0.411985365480961,-0.350529449132538,-0.146637424000112,-0.0463003309972034,0.0534726645325117,0.220392251057781,0.184545248431389,-0.0541037717928184,-0.107507612268432
0.210235301512707,0.617453103029256,0,0.18963857634843,0.541936394402044,0.677720306593097,0.342617570136735,0.567340815844696,0.430726738169676,-0.223881274248039,0.0120113986908446,-0.0906536296662371,0.0531208973335133,0.196832282248042,0.176072604463553,0.0973484188701005,-0.0567242754288568,0.227343434224664,-0.0488292630021127,-0.00887179165800229,0.110066608282719,0.00643788874620709,0.141591927543365,-0.0706358423042835,-0.30030266912659,-0.0497075122980944,0.153808586318893,0.109326235990196,-0.0261406652245647,0.0879952923377566,-0.215104130763873,-0.0454399635869179,-0.0163392374342073,-0.0246771892272166,0.0551409629397643,-0.0255533617592957,0.00901106106083419,0.0485100708171828,-0.0775328605563285,-0.18112029986643,-0.145420655854024,-0.0264234667545553,-0.0743538031177295,0.0325560795607747,0.0814769777606085,0.0381923385095167,0.119664662022821,0.0737297134326999,0.14153147593445,-0.0804140976285007,0.0327441975537755,0.615431098092335,0.170688485798153,0.141428517049776,0.602571350656918,0.416279233564768,0.495263065410886,0.518259835981183,-0.369773498293185,0.105950822052951,0.13452369845474,0.0357462608124654,0.201742540330053,0.0662787804361012,0.146042689971632,0.182603222017537,-0.142420109006593,0.110958898942934,0.0965635715554827,0.338763298781757,0.0888839732823689,0.184060945529538,0.0681722712649988,-0.210474772369825,0.0743371414941756,-0.134822086665349,0.0984671978455295,0.0733451238105271,-0.173569198728769,-0.0702882285562977,0.00745225220240537,-0.0377761946116265,-0.135260161648217,0.167487572104118,0.0380119084421651,0.0943116236023639,0.0218437549568924,0.153560951987514,0.0573064690003471,-0.0734597871424191,-0.0339527270772,-0.294873261212812,-0.394435922934995,-0.349617081339213,0.0391843108014516,0.0752056571194663,0.00478434049742794,0.0198442801895127,-0.0124958209895299,-0.0575401456266538
0.465811357548331,0.573324157188259,0.18963857634843,0,0.618439821483443,0.0466907340995216,0.184373498270974,0.0339061694941125,0.0463662319334559,-0.287602933054681,-0.169022041836147,-0.211955123738621,-0.216715393356121,0.13284275452959,0.308865302544074,0.629720376622577,-0.306512041341687,0.0261411678351337,-0.0571693162681557,-0.173554422666214,-0.0520295962239996,-0.281872381964162,0.288041016970806,-0.266986670097783,-0.298188256728046,-0.111533530912113,0.297469207394728,0.0145551035606087,-0.224990988050891,0.278212128525381,-0.204618757697569,0.574122350937481,0.589774644569513,-0.309114221873632,-0.130133273456789,-0.197799403792409,-0.340570265964877,0.098395774669326,0.00262740122176572,-0.172208749013648,-0.253863248918521,-0.132881215830293,-0.0584863091144442,0.000391103005244151,-0.184964699446685,0.270063528001438,0.246553841414121,0.231698608720316,-0.197433927548669,-0.320167480308498,0.522562588802021,0.64531229764414,0.798315843141882,0.870136541549927,0.156990707587051,-0.0807247767076824,0.199619872969832,0.0990591131437868,-0.226501228783224,-0.19587878864049,-0.0450067735245033,-0.0455992966718176,0.321020541849232,0.336110383818947,0.190719857564558,0.459241229481166,-0.0496574286692863,-0.106784813089296,-0.239876238355614,0.0371576395036474,-0.00341695218594916,-0.0469833457149065,0.40503676624115,-0.486831926976356,-0.222746567803349,-0.226510288324294,-0.0409670398766741,0.337080093129859,-0.0830993244843896,0.613680219360968,-0.183829917969546,-0.121436269661136,-0.399853351189275,-0.101257960998185,0.265481294759743,0.251216227106942,-0.274597562032532,0.102381834635394,-0.2765529752624,-0.395974643317893,0.502995534537201,-0.41414758408822,-0.0588050603044957,-0.192267165498315,-0.221661875643451,-0.0221580202506513,0.250139507674223,0.300700710800331,-0.254836405412124,-0.354882910071475
0.326752193569978,0.746309117101445,0.541936394402044,0.618439821483443,0,0.435552201285881,0.268626638320778,0.393028995086926,0.36072086802444,-0.272154946751612,-0.0330058065768532,-0.111914266896734,-0.0209327027718658,0.147973888570769,0.23648173603525,0.417679170904699,-0.229276743445398,0.236019600569541,-0.0459995997813976,-0.0194365667603051,0.0939848661616975,-0.106971376803787,0.192891239033567,-0.229544489338885,-0.338992432199117,-0.0883366042494202,0.166488021885742,0.0235941225530568,-0.0440276699814313,0.190171904434586,-0.17274237756146,0.347827012649842,0.321356220745086,-0.112168968102352,-0.0112881454070373,-0.0828647070526016,-0.149541773908565,0.0970937624483832,-0.110009255452794,-0.127244479606276,-0.195864656640492,-0.149266369788537,-0.0861064555413921,0.0638802380925742,-0.00278387487299025,0.119437507858416,0.121961267417622,0.110848932721249,-0.104101650240934,-0.1769051930027,0.285744095610828,0.716927198067017,0.525509839894203,0.600863206214655,0.518003168268907,0.155081483307871,0.460163982104678,0.424851828622142,-0.344291350721897,-0.0238503852677612,0.0620020856715766,0.0554394713182836,0.246543303589527,0.211495492920153,0.17798741920457,0.344088124659441,-0.143368486696337,0.0301201768303229,-0.0573759904855428,0.29928737192782,0.0514333273153353,0.0192005990555936,0.186150185874586,-0.387586447695949,-0.100489715581813,-0.127612558544569,0.0485760313935946,0.187896838924661,-0.118728773238348,0.279831834566591,-0.158130186944632,-0.101907400641508,-0.270969544460225,0.04445804093733,0.073966900076819,0.0974570523872999,-0.0874547973029037,0.02248319868417,-0.0491465599326584,-0.251379960769992,0.252533187688746,-0.412630940682701,-0.297681312806346,-0.2304881489511,-0.145363401232946,0.0287445300530112,0.104537288543127,0.0848933905672579,-0.172683179024868,-0.201978618118458
-0.0851192335714096,0.547434980739716,0.677720306593097,0.0466907340995216,0.435552201285881,0,0.383688770100087,0.740771338229568,0.657178647186703,-0.0857886901479157,0.09770264026173,-0.00627976407568638,0.17244052205755,0.154917744096337,0.115337589098685,-0.162483666731936,0.0652247133590189,0.292283002516188,0.0495475331333221,0.0348862707080516,0.131410729245823,0.0960605338386377,0.0431735702427422,-0.0112178548319155,-0.0718474381581446,-0.00895120009361437,0.0768385812265681,0.152704888282871,0.190058701150572,0.0467132788178854,-0.133777161866702,-0.198468969424254,-0.301955666942359,0.13902681755036,0.0501180013314205,0.134178136782904,0.139294174439164,0.116224538246774,0.0315739143296342,-0.0915572449387067,-0.0343201509856518,0.116082962834146,-0.0660988536617235,0.0791369861409558,0.175143398841372,0.0485527071322681,0.0531326864247265,0.10245580582546,0.425593067646922,0.1327944322121,-0.218111118529943,0.409159395201332,-0.0802832831483531,-0.0260502143126908,0.684435825183616,0.661072340918364,0.637733342452732,0.680081165327465,-0.297767002372448,0.11986854696532,0.135208964525201,0.0862678149770695,0.182991915850638,0.0560070225413952,0.114350393978097,0.0546080838394254,-0.0417841752334213,0.201714195079238,0.247863533008441,0.310225857209075,0.0941554606097196,0.157898667345517,-0.000252900566708622,-0.0353022874658416,0.0908841929025192,-0.0452412880500295,0.149782499906857,0.00814798807336955,-0.165593111412382,-0.255138763115019,0.0681016951215666,-0.0722432241365897,0.012362568758498,0.150874693358171,0.0268246239001515,0.113067536007373,0.191087291883635,0.0799033488937078,0.239063781553298,0.0119682842470508,-0.189461538992939,-0.039047113789781,-0.31003806471355,-0.195164018058942,-0.0108993626338736,0.0632963119381683,0.0501113571758639,0.0183735079245347,0.274576898034521,0.179018416291456
0.1649947574465,0.370423587164018,0.342617570136735,0.184373498270974,0.268626638320778,0.383688770100087,0,0.583822130400327,0.415864521214371,0.0981560052432748,-0.00332956816717392,-0.0221434403949233,-0.0607175871984208,0.106507578938645,-0.00147567389643915,0.25196464137775,0.234358691277525,0.45388854406404,0.10686031274088,0.194172418686155,0.195675692804754,0.183863335048938,0.0818015125745969,0.25775535461743,0.0740021498919366,0.0590779125941248,0.0999415049676634,-0.0118287485300984,0.156457945888775,-0.158559768410005,0.0554389122753791,-0.0244569779396601,0.0356273918210998,0.130144815232907,0.0458775714478505,0.0993906843903693,0.0250956535163817,0.0177977620852376,0.0650545194421035,0.277863828150586,0.0473162524422136,0.0248274453670502,-0.0468457895728026,-0.200891402711966,0.0591689401152916,-0.112009067616528,-0.125914561697756,0.00553854269493755,0.229881239169351,-0.0659962915335731,0.0710279759425605,0.437106603874879,0.157946435061636,0.176265865331365,0.495587799596637,0.468067111826438,0.621173364668438,0.445134598648531,0.111145103385352,-0.0607956254248561,-0.0806973472895914,-0.0976572461983697,0.0826089797304447,0.0540148753300464,0.0426861986284246,-0.0195328421560059,0.362346380280534,0.0397096610481986,0.0625464759612171,0.247444734667905,0.106547405069285,0.157393488913549,0.0427435181165528,-0.0495831422609505,0.0957171369227831,-0.00757673275507068,0.155779084839894,0.0147228073345394,-0.0258775015941926,0.0880822102523128,0.182094306811263,-0.243571563193596,-0.100710242388528,-0.060009096328636,0.128707854167943,-0.0509889709907458,-0.0429257599495442,-0.132328148974832,0.139392321674315,-0.0364114971846398,0.00245090247645722,0.00625034212605648,-0.0496106272068054,-0.0522410123105102,-0.0395515721767078,-0.192372573727474,-0.0793976305927251,-0.0653651049980807,0.190220253913849,-0.0333586118559196
-0.121589750423515,0.554020572668201,0.567340815844696,0.0339061694941125,0.393028995086926,0.740771338229568,0.583822130400327,0,0.727890445143515,-0.0391363073486524,0.0902805215977267,0.0527565687790533,0.0398328905231836,0.136787473333165,0.0145328767409026,-0.122433245852097,0.116526714089503,0.482808377208276,0.0692883178053539,0.0869609261529385,0.151122520331376,0.152920013711362,0.00258392921928421,0.179712242783181,-0.0374569416373099,-0.0136460933221271,0.0671266187756532,0.0287530937499277,0.130740108673623,-0.117191350281922,-0.055651136184371,-0.285516741101328,-0.296080475508805,0.194665968069987,0.0439359220720412,0.158348423949766,0.0523941646867237,0.0175925219050133,0.02342248054653,-0.0649991815192811,0.0915127102208712,0.0728978203319555,-0.0789201194242761,-0.11749940639951,0.0954204111951234,0.0160851683167877,-0.0311628396490669,0.0507183020177182,0.385869531811243,0.105330903387076,-0.296504881002312,0.384780819018551,-0.085844270084178,-0.0420336233990263,0.703265677638583,0.656045505283237,0.846513311843972,0.817567753302329,-0.106520739148253,0.0426046648903438,0.0162035157198856,-0.0726962411583506,0.110385393007232,-0.00371063405222095,0.10342461879007,-0.0758950941661222,0.155652793766803,0.152790560475139,0.226963306145478,0.41382193265331,0.0778968414126545,0.190413589568202,-0.0699177058076727,0.033416871058795,0.0588421999858629,-0.0613520443227679,0.135499178196374,-0.0721063269132156,-0.155186887605887,-0.280656476300783,0.0896384662913328,-0.219616665412648,-0.0117944031706296,0.0574512243587984,0.00426186781549834,0.0290217776018665,0.0545442343862304,-0.0306031133832322,0.230634569463736,0.0280743304418029,-0.220031002282125,0.0359292608374253,-0.244560209144531,-0.134691282127417,-0.0244539315619203,-0.110499302818777,0.0246871232443092,-0.028188710114242,0.322144593417516,0.140942317480528
-0.211771943597401,0.468674295399505,0.430726738169676,0.0463662319334559,0.36072086802444,0.657178647186703,0.415864521214371,0.727890445143515,0,0.198479063700106,0.26709539338506,0.177354175422438,0.0960789539051065,0.205838174539886,0.114883048550426,-0.150085777036029,0.116435715202031,0.462670734213205,0.0766932055721672,0.0676942142717921,0.197577845162202,0.106660304915592,0.0374246313271729,0.205752751429499,0.177263826106191,0.0499239144806312,-0.00343914537004623,0.0313706725526297,0.17939845227186,-0.0414039115703849,-0.0512769860672703,-0.22169827602397,-0.258915598448466,0.205088291987561,-0.0500475494192998,0.309525195710457,0.120608162320667,0.0670508055340149,-0.0384414466298418,-0.0212160603306185,0.207133589674073,0.0134791307164344,-0.0831706530846923,-0.0433440943218877,0.0625000347665233,-0.048750070554581,-0.071928825641108,0.0182002493720954,0.482194960710807,0.194997529688049,-0.256055202721955,0.334000103785467,-0.0662296529895993,0.0284147740124617,0.626793317258118,0.696404786086987,0.736617939414536,0.797659882049058,0.039595173141715,0.096329013915922,0.0499010466640325,0.00992808070340071,0.153228345133668,0.0796618389936203,0.177022289968497,0.00767990681677224,0.32741679801961,0.293659679462828,0.285793086889174,0.400363421938428,0.137278150248069,0.128359190024439,-0.056506881564214,0.200458153930083,0.118152031758386,0.104461532145547,0.306584083770289,0.0117019245152079,-0.0508510980179427,-0.190992538194291,0.0483057924266656,-0.156560123232277,0.00752099626196792,0.0034974686435794,-0.0211893717795783,-0.023011972207794,0.122512001348108,-0.0297188126850806,0.333383291285367,0.0614821817902451,-0.23663683721668,0.165046976359964,0.0172256946417881,0.00707248982012323,-0.0673545380730586,-0.0498894501187939,-0.0627708780838333,-0.0695624052711567,0.513942542304649,0.256253221355064
-0.251828742020698,-0.337925904951102,-0.223881274248039,-0.287602933054681,-0.272154946751612,-0.0857886901479157,0.0981560052432748,-0.0391363073486524,0.198479063700106,0,0.322378463534219,0.294968297482671,0.182611060707481,0.0136000131561449,-0.101151921290208,-0.308979964456757,0.289954329698718,0.00955489304731755,0.0549330494603577,0.0822094650493585,0.0796974536845911,0.130371199465359,-0.151417875213576,0.371859704148856,0.651295624730858,0.056314483620083,-0.160797148018134,-0.136734231986203,0.121310802034374,-0.149546828417015,0.439101739293971,-0.181172970918888,-0.219287258618284,0.154260073206767,0.00793451846620113,0.205594727785323,0.215269168902725,0.209865014054926,0.0956236107757248,0.424434565288335,0.358632250756437,0.127409526395829,-0.0827410125283435,-0.0185023653884313,-0.036796675672148,-0.232075475472333,-0.210704355075149,-0.230195019047013,0.285286166237146,0.287818622815033,-0.101022524745628,-0.263520350551856,-0.27732939740127,-0.249051373540463,-0.0195686191129849,0.282579832245595,0.0194082206143055,-0.00418514351337791,0.603113910462583,0.0492536332393493,-0.12136078857126,0.0686733183874228,-0.111243635498377,-0.0687425656688649,-0.0216986054163247,-0.207045045578337,0.570780312229709,0.0848362462900009,0.133292851253765,-0.00905752713442431,0.0684801965997547,0.0375603646240181,-0.278951340551182,0.600421190585333,0.180634868945504,0.401915034794181,0.164894703047061,-0.0992843761082216,0.368335113486131,-0.123778289252577,0.0977648749539403,0.0742134338179624,0.159454951240774,-0.0397228746853666,-0.118451053604057,-0.212219719962063,0.125541735537181,-0.140139097420453,0.2128008025636,0.321631754550097,-0.190572616026692,0.598137658423318,0.480561097565351,0.355802590575684,0.0244580735992429,0.0504366465391788,-0.217114636637831,-0.291509383564112,0.509514652390074,0.328225333908194
-0.342656978009261,0.0774685481962527,0.0120113986908446,-0.169022041836147,-0.0330058065768532,0.09770264026173,-0.00332956816717392,0.0902805215977267,0.26709539338506,0.322378463534219,0,0.82087044963764,0.492750628811766,0.273506472545131,0.209728421063195,-0.25651648697105,0.37418938331235,0.275603780371289,0.246673812194842,0.236314178641361,0.303481934224457,0.334862010149426,0.109949497582098,0.553336150629478,0.191606368461865,0.616600879811156,-0.0776813848708472,0.081286669635144,0.351933456211767,0.120177363590737,-0.0871289178855504,-0.232394179288134,-0.286621498175655,0.47965387019685,0.163008447058653,0.416976670852384,0.481066634312039,-0.208344229246563,-0.15993336037687,0.15916011536692,0.415499507212906,0.455397807057392,0.504031022395075,0.157855078296409,0.310950173972873,-0.0732416552737881,-0.0740451712538103,-0.0102013955962002,0.252141536505051,0.423340780620737,-0.226431865368409,-0.095128008209889,-0.310137166988046,-0.182855561728338,0.0586039047467376,0.132343506935885,0.116779316890092,0.284113114164297,0.292209486904291,0.667710427981643,0.557943359954986,0.27739450121294,0.179798295183968,0.193661227336315,0.23862369427113,0.127431230099106,0.238653064061687,0.321566858859746,0.386033788283674,0.333065854372815,0.233689943133981,0.119690809481553,-0.00537101802920499,0.491944340348327,0.542132379177591,0.693418886681414,0.29549511662632,0.105357391535121,-0.14560087363522,-0.241401217960023,0.146705043942941,0.132825553779162,0.301797605213554,0.0769199078511001,-0.0272623045647936,-0.0269890242860695,0.432994408717102,-0.046748469969755,0.548450754581442,0.384320742995849,-0.469621098739004,0.199684854177508,0.0904961907763632,0.41552262179492,0.334806365078146,0.220301692726355,-0.0423151150363413,-0.103972288992685,0.462740303099494,0.586080604067724
-0.362258158402159,0.00333264143955406,-0.0906536296662371,-0.211955123738621,-0.111914266896734,-0.00627976407568638,-0.0221434403949233,0.0527565687790533,0.177354175422438,0.294968297482671,0.82087044963764,0,0.429476974568797,0.177434789955692,0.107931211195252,-0.298241158369325,0.388410441211788,0.250073233822645,0.197328216038203,0.212285590325265,0.203825757114059,0.295740521103081,0.0651379308528416,0.635047152030635,0.162481990914853,0.572551772507676,-0.0931225620729945,-0.0190455352362939,0.295130553350958,0.0780752441696521,-0.062644365810065,-0.304771176235273,-0.34770905856467,0.45189724191857,0.12029406428307,0.445832325348175,0.449327184208616,-0.241136309019451,-0.148273123125358,0.174825270761087,0.464398456861188,0.462266233278377,0.451701605617167,0.00803536260857677,0.312138703242586,-0.0771919145445535,-0.110823353140559,-0.0183011243061256,0.163382830079193,0.389378082974287,-0.314392238902496,-0.200686116323995,-0.357161055312117,-0.246804277896482,-0.0468527125008058,0.0363835740487081,0.0784395487830615,0.241366039404806,0.312747539119404,0.596642512809076,0.490853326406171,0.198180696748998,0.108632737563692,0.130154077192745,0.196108867516439,0.023869876705771,0.249131447431626,0.272339181511752,0.348293035132263,0.268788979353113,0.174031266752118,0.0959456540132694,-0.0671714568977605,0.537321429738716,0.51632001333358,0.658739536289616,0.206832219409154,0.0370957642213311,-0.147732953756406,-0.312299965424657,0.186865558695607,0.126533031742269,0.327532387347875,0.0404618609770616,-0.0202491141187876,-0.0427686653534286,0.413087951241682,-0.091371512294854,0.513141615244171,0.444295556531837,-0.470450295784931,0.202955230307004,0.0730023764744609,0.425124694964211,0.325116750879833,0.119897085996086,-0.00918639774240808,-0.115321895930615,0.415853238176244,0.530115235574431
-0.256164327813038,0.0125154887566814,0.0531208973335133,-0.216715393356121,-0.0209327027718658,0.17244052205755,-0.0607175871984208,0.0398328905231836,0.0960789539051065,0.182611060707481,0.492750628811766,0.429476974568797,0,0.274867860118219,0.224534338676759,-0.30338210826122,0.358448328959377,0.130645129660104,0.245533510013991,0.307106179353534,0.347517383082912,0.378222081118501,0.106485326608018,0.253426174075266,0.0229152921622451,0.412030409470499,-0.00911082514060574,0.21842220902428,0.383665681309854,0.215322111311415,0.0648021444139404,-0.187730072246935,-0.240964892630265,0.336236011353996,0.356130143278517,0.249973155683852,0.474635690679629,-0.172568042264209,-0.0808510927216813,0.0861060959736671,0.170748062179304,0.272358099915332,0.302539511632883,0.154627889950406,0.389777915054427,-0.0287811681443069,0.00192272400202931,0.0116446239514937,0.172672585223729,0.362198180053688,-0.150208653787531,-0.0635203729387426,-0.339017808497874,-0.207304922773643,0.0521059286320891,0.0997586671299101,-0.00717031349045983,0.112502784096345,0.0255993400384102,0.463660332759336,0.465335659479777,0.765037669272795,0.254897216220318,0.12590893641444,0.167189948626858,0.132136356062989,-0.0797008400306721,0.28694753477884,0.401118464743042,0.224765247637391,0.262220375983515,0.291592716837039,0.00076972768780338,0.26542068670023,0.490657223907151,0.459644265038293,0.261046407499193,0.11941325702753,-0.166047336042875,-0.241442696732978,0.155482470333002,0.168388125670038,0.287018325554105,0.228049369934375,-0.00814931307114103,0.0206801968981886,0.469938667596816,0.046089504042328,0.487418912246548,0.278751344545387,-0.398370133388639,0.102443312731779,-0.042644977813398,0.208608487011038,0.324041574861811,0.181904865315524,-0.0327391956202041,-0.133995543467362,0.255250665175444,0.445426329484792
-0.0703616020001946,0.282381967346043,0.196832282248042,0.13284275452959,0.147973888570769,0.154917744096337,0.106507578938645,0.136787473333165,0.205838174539886,0.0136000131561449,0.273506472545131,0.177434789955692,0.274867860118219,0,0.728594845140343,0.0231091998493062,0.243136775675575,0.313651683734397,0.485358452791881,0.247878913733953,0.603775382301489,0.253576097982992,0.627243014567404,0.19187398657907,-0.130964502444823,0.269585264052415,0.421618923925711,0.393840734482274,0.332170099016813,0.435044876496482,-0.168838464042371,-0.0945784288904594,-0.00887917858328391,0.109397244768735,0.286600442742817,0.0878965478681412,0.205326483355172,-0.258379271151203,-0.154779362382557,-0.0156334808633223,-0.0232392059008755,0.141044190532793,0.229954247433323,0.0327359115536781,0.134989379187183,0.306357441722889,0.428456497805791,0.321313450032793,0.0462212451519967,-0.0126408683731054,-0.0263070455637543,0.240385624602381,0.00118316986355789,0.132359806472763,0.172393407552779,0.101224546028144,0.130703038092339,0.243517506535028,-0.0402819900783252,0.255779673001035,0.279638545026282,0.340089431649486,0.613494769954183,0.501486550331745,0.589438950996434,0.52619284198622,-0.0153364639803197,0.568173954504393,0.35272106837084,0.354666388114726,0.559159654776616,0.364168966962727,0.400267652458335,0.0530968092998484,0.389362849360665,0.267302746103008,0.644050839636438,0.510985882027953,-0.167199516403212,-0.0438454837690481,0.286899789058683,-0.0521459364264722,-0.0304432178286214,0.257005522341618,0.336219478346732,0.346489197354161,0.240509235247752,0.358494479423907,0.197364703081897,0.0117501591755281,-0.290075737111605,-0.140868351944336,-0.0461249533998074,0.0941979035027465,0.175000514721219,0.145006695378174,0.215097887056241,0.182675529416761,0.0260079811975532,0.0433156960590581
-0.0461084692941606,0.351313554976778,0.176072604463553,0.308865302544074,0.23648173603525,0.115337589098685,-0.00147567389643915,0.0145328767409026,0.114883048550426,-0.101151921290208,0.209728421063195,0.107931211195252,0.224534338676759,0.728594845140343,0,0.122692550260077,0.079453609772196,0.229437085716079,0.316724555169367,0.20824916528529,0.496539983058342,0.149998627184309,0.769339873307293,0.026677782319232,-0.226065861466692,0.230310249652934,0.525674507656178,0.48276065685173,0.235326088292963,0.67428374651753,-0.347159805668103,0.0210732947316656,0.0486810356398783,-0.0261219913977875,0.233713703243989,0.074926415026977,0.0940789023919846,-0.199053906135207,-0.0983071673283715,-0.00696082356466233,-0.0819135196457975,0.0895513984825699,0.227326246766092,0.0717418463355514,0.0855555511368432,0.527846394714609,0.558515898100185,0.511913381212688,-0.0490336143794143,-0.0665039340945058,0.0410413916826128,0.286502345460735,0.138259683463106,0.296898541849187,0.0995795127466808,-0.0395390331925309,0.0589375762219682,0.162311152258393,-0.173600443913359,0.145889444866484,0.229386410371461,0.369347115304257,0.76756655687113,0.693944228883105,0.754370355052337,0.831536224209582,-0.0937015520631372,0.465299115529272,0.269548376799878,0.362852246644837,0.655798500115276,0.30878880746395,0.678384666059116,-0.0801712995107767,0.29237473685931,0.195982640763582,0.531849755598071,0.71933900765766,-0.275743022626294,0.0696527718214756,0.219432503684191,0.0751889209878096,-0.145219989783369,0.239405988336907,0.47747981142432,0.546098230310468,0.162280651397345,0.400398469174465,0.131166048716906,-0.0824682621206694,-0.21469614399904,-0.25319526764076,-0.0278642828335039,-0.000476113899875106,0.0859774793515681,0.140269874243926,0.417366494650185,0.386053274961181,-0.0795440483643831,-0.0377610349643761
0.618245699179923,0.319062499092099,0.0973484188701005,0.629720376622577,0.417679170904699,-0.162483666731936,0.25196464137775,-0.122433245852097,-0.150085777036029,-0.308979964456757,-0.25651648697105,-0.298241158369325,-0.30338210826122,0.0231091998493062,0.122692550260077,0,-0.216010550333204,0.046626488828837,-0.0870064142485325,-0.0571151886711392,-0.0281843369780705,-0.161441123497183,0.234778213774159,-0.271194033587125,-0.272068994411353,-0.0892178992003732,0.215208103561138,0.00887162890973395,-0.190690659192367,0.119015977021672,-0.157419212595779,0.598078713958635,0.684638336326323,-0.29847530568715,-0.0868264426387489,-0.233262062306907,-0.327133756715134,6.70233446283316e-05,-0.0750986881833396,-0.113745890076456,-0.362977034034899,-0.253147257876496,-0.0716216624671435,-0.112801137814599,-0.184291582642304,0.0168396618641284,0.0751627871062283,0.0599528763288203,-0.36499309894599,-0.474391854335605,0.684118698543543,0.561466459507304,0.750650453595407,0.694119771676651,0.0886017301035789,-0.182512416311506,0.00301812772028251,-0.140902070492745,-0.101201471787688,-0.29253083225216,-0.143295729721651,-0.12342108516559,0.105480331245853,0.18096508352078,0.0412818398165328,0.280972705625599,-0.0125369135352533,-0.180719968151076,-0.301248454558067,-0.0077606957764644,-0.00555271898693014,-0.0389345606144806,0.347105389104329,-0.53406451620428,-0.247123858996281,-0.228100776483261,-0.0564397940686229,0.244668735108169,-0.0300593253557749,0.640181949521171,-0.116267887947853,-0.176719199506962,-0.333256807244515,-0.100791687813176,0.227962348487014,0.0645007022282542,-0.318164361435329,0.0460993135044194,-0.310280615607781,-0.457111635855588,0.541287627281213,-0.445104915271074,-0.0963203687883502,-0.199412215445214,-0.220945233490996,-0.115639171052843,-0.0158140026391741,0.136270506159755,-0.361766541058032,-0.476900746194961
-0.332105651422244,-0.0586318599789376,-0.0567242754288568,-0.306512041341687,-0.229276743445398,0.0652247133590189,0.234358691277525,0.116526714089503,0.116435715202031,0.289954329698718,0.37418938331235,0.388410441211788,0.358448328959377,0.243136775675575,0.079453609772196,-0.216010550333204,0,0.469761797381246,0.595075427582607,0.456241310076402,0.458027100987767,0.66127775799602,0.124261013266601,0.611142145572056,0.12693190365098,0.465902218402279,0.0532787665735205,0.166068331219881,0.57213317346531,-0.0459414536719756,0.0292127794146896,-0.371599648015718,-0.351834771881481,0.624547113694597,0.395377203525516,0.334764292638227,0.522168697350918,-0.315888571268842,-0.064081868030706,0.339519224206866,0.252824677849913,0.345237095885127,0.320534890082265,-0.143968433587066,0.391374602572929,-0.115131468441877,-0.0798356077154813,-0.0213023362235332,0.170549114988249,0.199675426436677,-0.316023324227304,-0.170216661277026,-0.420236472434918,-0.357753930688912,-0.0438880456962298,0.148294010002866,0.0949935152376494,0.131800561429564,0.196033457477136,0.335151953542143,0.219815764790496,0.134715689330438,0.0159528023762693,0.105174608318734,0.197320216812653,-0.0767047300865034,0.262502903937609,0.45640322239846,0.574078812525871,0.308168364071985,0.410783830063878,0.347189443972029,-0.0320444069050642,0.397410839723752,0.627462373096652,0.493477429313767,0.366248229426993,-0.0253147334809284,-0.123266392560653,-0.360628811571668,0.614954160353957,0.144089401848522,0.460983911470993,0.272269885955399,0.153512346298385,0.0411754534452592,0.495230279228374,0.0262071026125729,0.467063794855068,0.455020810578466,-0.47003362802374,0.200557449434971,0.0104999592288473,0.284688695724602,0.357974711595287,-0.0101621927864053,-0.0637622422395558,-0.122285607701848,0.238603417346573,0.298496890085531
-0.14717565658564,0.390942438237624,0.227343434224664,0.0261411678351337,0.236019600569541,0.292283002516188,0.45388854406404,0.482808377208276,0.462670734213205,0.00955489304731755,0.275603780371289,0.250073233822645,0.130645129660104,0.313651683734397,0.229437085716079,0.046626488828837,0.469761797381246,0,0.378417330247348,0.568677414737901,0.472285256601728,0.548009326644573,0.31684639027845,0.333360394851183,-0.0317266179729168,0.330294074204237,0.216689997515702,0.167982077968189,0.369279742378877,0.0906863343100587,-0.218605464141782,-0.196953077679348,-0.153325754409735,0.573411977180431,0.310938088864781,0.42386137398667,0.215939976927693,-0.27918128639562,-0.166575547022141,0.146137847634244,0.163644853078483,0.0933226110311188,0.223859261776606,-0.25021378404167,0.279501267289252,-0.00969722283195149,0.0933251092758432,0.130133181531599,0.136825870064272,0.050004534941346,-0.229150835776892,0.245843848130528,-0.0555392391089682,0.0160621515249569,0.284060217160902,0.234396480061598,0.473447283703623,0.49520010321105,-0.0267729134383658,0.203380195760905,0.173187114473198,0.045699853812203,0.229303293163923,0.249700917970752,0.331116045643655,0.155442951375691,0.230252142525633,0.417189903016786,0.454170252218092,0.724544180663826,0.445157082949645,0.310938510186027,0.168944953777075,0.0702559299178792,0.365612967603812,0.253959620901555,0.353330448396462,0.153979129526668,-0.268169823294602,-0.205433811819151,0.354547294206901,0.0655421832434717,0.113172261455882,0.235842497140199,0.210504660960115,0.114382833462616,0.21026882653319,0.0587711822113054,0.492974245458729,0.0751181461618576,-0.321664671793233,-0.0767303213283215,-0.174309607311732,0.0601408737683666,0.101823401378235,-0.138847875833382,-0.0366250351046686,0.0105070490528677,0.157298142742234,0.0941142048359168
-0.242204850344094,0.0891525765114476,-0.0488292630021127,-0.0571693162681557,-0.0459995997813976,0.0495475331333221,0.10686031274088,0.0692883178053539,0.0766932055721672,0.0549330494603577,0.246673812194842,0.197328216038203,0.245533510013991,0.485358452791881,0.316724555169367,-0.0870064142485325,0.595075427582607,0.378417330247348,0,0.372649996096096,0.56054452202277,0.427865101030865,0.279651233813806,0.300853017768344,-0.000657049269566861,0.378702770301256,0.197204921329799,0.281272731577021,0.578078880262507,0.112522453448144,-0.102717953922004,-0.140806775153373,-0.153387254633805,0.373044774590769,0.384065345404111,0.172158764084584,0.306378089719316,-0.34695471958477,-0.0732845739228272,0.18709236563865,-0.00409517570446436,0.234714950403412,0.313629928848367,0.013880088875646,0.28221238206142,0.0336170680119911,0.123935290540485,0.0727793526140288,0.0567219331938278,0.038915208125523,-0.173226525641531,-0.047768508496842,-0.207918373013909,-0.107902284158503,-0.0218242800228295,-0.0113939961705814,0.0255905906983573,0.112284640407044,-0.00101807688053631,0.280203516823246,0.271925362631825,0.163311974146465,0.179839087478893,0.265940363321722,0.293707460774601,0.172957218082111,0.0183029360171123,0.520021424326538,0.492724898142182,0.283626607022785,0.424447078325383,0.298259249946102,0.151443897539367,0.140072416565723,0.473704773404529,0.377107049225594,0.403702123183083,0.158571295763599,-0.193142576806197,-0.164778104435432,0.46940900136606,0.0864556696228838,0.285639698627136,0.279800813416499,0.203614461115383,0.145611113171399,0.386577591121558,0.210892202907398,0.314067156490972,0.162155717213837,-0.331073873918108,0.0409442255268281,0.0591939667408696,0.228774354967824,0.222387216612981,0.158743487474945,0.0323757406864836,0.00180693315806966,0.0325035692379559,0.12126318193804
-0.169234351268135,0.0482176821411609,-0.00887179165800229,-0.173554422666214,-0.0194365667603051,0.0348862707080516,0.194172418686155,0.0869609261529385,0.0676942142717921,0.0822094650493585,0.236314178641361,0.212285590325265,0.307106179353534,0.247878913733953,0.20824916528529,-0.0571151886711392,0.456241310076402,0.568677414737901,0.372649996096096,0,0.624012704165252,0.590146367637577,0.254102386760611,0.23114477005077,0.0594516995264266,0.42642873766975,0.211667281330893,0.269608854256587,0.504243300406436,0.0699558527262635,-0.0991735474307928,-0.159955113822024,-0.208593672069025,0.427548795837263,0.483967049332577,0.373869094157946,0.283200598632153,-0.238860470827096,-0.163574152262264,0.35594402545253,0.15994460344133,0.170116816796992,0.301111567349451,-0.0179585060069096,0.39280812221259,-0.0667297094713156,0.0379762769987215,0.0800893569288303,0.100550892123332,0.199742694954146,-0.161781757349784,-0.0175731855721174,-0.211221355800754,-0.150612706823305,-0.0217858397274863,-0.0398677128125135,0.0557793002139832,0.0424156509870873,0.0217441499717283,0.233806061064767,0.219741663514,0.267811759764945,0.143261437700898,0.173711779288088,0.281246879088837,0.127897798486074,0.141459579383035,0.336871265811817,0.430509628556271,0.527010811562596,0.556994235506098,0.376867341309457,0.126430237932059,0.153140977099466,0.409711684547385,0.347555751267962,0.384768827479321,0.14335861683348,-0.217825149943061,-0.199232598394598,0.337542504660104,0.285607378979902,0.204249698094424,0.363006564747016,0.212135644657128,0.0715338347457292,0.290281348625945,0.0408985495117375,0.564203453712763,0.179823765560494,-0.362326783109027,0.080546553850784,-0.02482188106187,0.0788542639928513,0.217414362835512,0.0422963145330278,-0.108940427263401,-0.0878440681797846,0.107926949423554,0.206401560600636
-0.198547812311087,0.220238462374028,0.110066608282719,-0.0520295962239996,0.0939848661616975,0.131410729245823,0.195675692804754,0.151122520331376,0.197577845162202,0.0796974536845911,0.303481934224457,0.203825757114059,0.347517383082912,0.603775382301489,0.496539983058342,-0.0281843369780705,0.458027100987767,0.472285256601728,0.56054452202277,0.624012704165252,0,0.589251076195199,0.436828241688192,0.292619880672275,0.0191082951418882,0.430497405147409,0.32018102323228,0.332273840417079,0.590964681600125,0.202773668690146,-0.067416648919803,-0.17167876469708,-0.121345436001859,0.342160685247813,0.507140862224029,0.151094951842312,0.293604975320355,-0.351015004202137,-0.258077332847618,0.159290385313425,0.000501517756047201,0.175130464700178,0.308283743071218,0.0451672593334669,0.319461907500238,0.0366817016699442,0.18689169624232,0.14759926770107,0.0467463461029407,0.0618166373107977,-0.120735293732663,0.144689327250572,-0.167364001422368,-0.0302713729403175,0.124993761617908,0.0960536569955228,0.142200334853282,0.199258476010431,0.0525943525385788,0.325416278898637,0.309249919093635,0.357735361175844,0.355111609392736,0.314081369666026,0.444717082689481,0.310145707824769,0.0455290808026552,0.555110723387313,0.527705936942437,0.485302256555958,0.693668278706857,0.532727390811591,0.246902766893194,0.143036605122465,0.458022974488175,0.387837321978199,0.650186543600545,0.298359848791575,-0.15104812006356,-0.130604574243436,0.354760972306003,0.0195075105765922,0.200024007552835,0.45275310441378,0.294105108316492,0.173370844113548,0.307265258883919,0.166866312548039,0.384706766889148,0.126961303590289,-0.37857373483556,0.024230854494729,-0.0288935118679321,0.183658349563239,0.264513565882848,0.121653973825026,-0.0265894458910977,-0.033888708160762,0.0608988166618257,0.141257206209729
