0,0.165273833106471,0.436327896443014,-0.182376433012737,0.07286022567022,0.336292288676913,0.251640489074522,0.170624112160532,0.0776670934516744,-0.0473742142389782,0.131753193962688,-0.11374673149246,-0.123332662727799,-0.214591801781477,-0.238776795211727,0.175710903085288,-0.18574547549608,-0.0988434588005717,-0.225732077617295,-0.114093930600344,-0.198695707634507,-0.125958094711843,-0.269647942850006,-0.162947468921576,0.0910336554905271,-0.0834281415433256,-0.134198090696957,-0.228046082644927,-0.208633768705252,-0.206974291019078,0.177916820783609,0.174749375562479,0.0161257082100483,-0.158098471078854,-0.164664380515656,0.0834971567016397,-0.129635450758783,0.253126201898518,-0.0163227253504295,0.0670851113527291,0.036096283060002,-0.0439372541065426,-0.0734066798909921,-0.126141425264582,-0.138226652828414,-0.139034002090236,-0.154437220548268,-0.0675405588502809,0.419498281279155,0.176381961940363,0.638423800026551,0.250799192115582,-0.0732731569670875,-0.190856022472706,0.232612522998811,0.324626858806428,0.0680965381301788,0.0427850309267281,-0.287324052398984,0.0260260818189547,-0.204565796578622,-0.143186371683594,-0.228680892497357,-0.104205118209285,-0.175050230691178,-0.21560151880839,0.162151827858189,-0.21115398518047,-0.274596667117313,-0.139297400640955,-0.174475182757832,-0.197215665259344,-0.226587295979402,-0.037168882871389,-0.318964626122742,-0.12562417940494,-0.235889567507206,-0.267865789303101,0.0837880232561276,0.082090825476407,-0.271173865748316,-0.0734790490256499,-0.109232191337386,-0.183513202553111,-0.149735807670044,-0.130781135742074,-0.155499555850999,-0.146942407339381,0.0639204004540714,-0.156200076427365,-0.0351635986532027,0.171197550042279,0.0695438364514567,-0.0109713370224825,-0.193191274998439,-0.108692236801705,-0.158365452497384,0.0266899601304541,0.437921820439416,0.251463037522906
0.165273833106471,0,0.415443908661642,0.523093512427631,0.604631121962129,0.273396816476933,0.197939166275925,0.387553969896247,0.361197794994204,-0.287101489752892,0.00340139544900647,0.0235840409635196,0.0015655787622222,0.0796301591952927,0.125862534632524,0.634929195958195,0.0981316298352619,0.236406776239043,0.265581991815797,0.046274359790121,0.15565019966553,0.0309578231186646,0.102727359870698,-0.305050162520128,-0.0991629111736391,-0.105688931863238,-0.100945102327597,-0.215111960968828,-0.204465220881517,0.0885111772367955,-0.246442957956835,0.00865458154849202,0.0367069619331142,-0.121312981930667,-0.193832850477288,-0.22456088022054,-0.298054907439286,0.247672848999582,0.337130018523238,-0.0788923901848596,-0.207376511746345,-0.0989753801291725,-0.0757989371936527,-0.097995091575879,-0.320218279483289,-0.0264911472760551,-0.0340763074584059,0.0147508561374057,0.00913072503809561,-0.0942294160259892,0.398661339910408,0.753401341044132,0.466102557647859,0.443176724431991,0.404723903350543,0.422858627639293,0.48265707043645,0.383540645093464,-0.217097574986459,0.0958149431673187,0.0912030627242681,0.0562050727548297,-0.00278780936630801,0.201294993931528,0.208906021967605,0.11595832125929,0.180512803569875,0.246598153944406,0.067745088708735,0.295027072828378,0.172027427235868,0.190702736408964,0.171331387438022,0.118014823851044,-0.0291306600410659,-0.0854925768396086,-0.183742830541281,-0.0480309555874284,-0.248766679807011,0.0231175520168314,-0.352467164289674,-0.376948553492978,-0.429083416769578,-0.00700841740928522,-0.082756545601161,0.064923638093991,-0.321257068279004,-0.328757544171468,0.022776759710948,-0.273078255949024,0.0963408072918584,0.261392521980329,0.313160103419071,-0.0142642927377334,-0.122278858562767,-0.153931148356186,-0.0719406165132334,-0.0460157426131405,0.0913139875254613,-0.029150260183905
0.436327896443014,0.415443908661642,0,-0.0525345505863411,0.32110610534642,0.55394880488832,0.480391027021583,0.56821898193283,0.481556888471189,-0.225897746472661,0.299777120184255,0.19049384849969,0.0540273906742898,-0.189701989540384,-0.194703462363667,0.293895740305975,0.223977796338554,0.255127805281339,0.0636095549669268,0.0362409752816982,-0.0919438387827139,0.192534484182676,-0.0734203644494806,0.00764750970165596,-0.244706614706779,0.0675248237631857,-0.0938493078446844,-0.0741455763874247,-0.102432256603481,-0.107007897500611,-0.0234526757588419,-0.228737453489798,-0.183271876398693,0.118442483767032,-0.0679700835655679,0.126885711977828,-0.368671919791225,0.00171183317443853,0.0599404943025051,0.116733831801742,0.188174802613675,0.135596598879855,0.028778271072042,-0.198483751855175,-0.273934358202055,-0.0758975860040802,-0.152944163454282,-0.133801824168253,0.355571302904666,0.182387599786304,0.61172428482259,0.56775383824777,-0.00207315143650276,-0.186662621782433,0.589983733296094,0.736752585209752,0.35256315036342,0.45070407898741,-0.218485943416511,0.297318396299447,0.127064487575883,0.154767689216677,-0.116960930388303,-0.0173953904995328,-0.058698757472169,-0.159420590792748,0.267280989904516,0.235133037318132,0.043787642097042,0.25046441856516,-0.0551989616538089,0.172491682744079,-0.0135955767897053,0.243054105797286,0.0114262834608247,0.117537178286916,-0.0781857017864931,-0.209072023728577,0.00575223651789645,-0.0863359493119727,-0.185587964464195,0.0379269231015671,-0.188836928393689,-0.00690968867265839,-0.135173604262013,-0.0474506402214902,-0.416370494770132,-0.233635196858524,0.208815641843846,0.0532347108980559,-0.130424723256172,0.218916709658,0.0927230961260958,0.223915625047649,0.0254003615170333,-0.105906936076579,-0.110513110211982,0.0283369371905195,0.453040676499285,0.229666552981272
-0.182376433012737,0.523093512427631,-0.0525345505863411,0,0.44262194877319,-0.0830679556278257,-0.0442871656784291,0.0110957332526254,0.026236652352802,-0.0611599380836034,-0.0592309806974152,0.00629410054126476,0.0611034600185758,0.341771212432169,0.435064172364794,0.480917813159768,-0.00915982968871445,0.20880305370387,0.3513602761544,0.161984473550212,0.342327528598346,-0.210677774952542,0.202129271922253,-0.243484959868334,0.0250002085093004,-0.0695495947987665,-0.152739987610871,-0.180740716215086,-0.014202337480497,0.226120050397728,-0.20262051670064,0.280609223775657,0.254292072102934,-0.0773123570291261,-0.322971173885212,-0.287792843317952,-0.0739330969831068,0.243257959808386,0.228462996343143,-0.128682624314417,-0.307150224041623,-0.171833230333365,-0.137296731610067,0.0155299365998369,-0.124928704774979,-0.0733967190511382,0.0326373400853264,0.117108789054837,-0.234368658543635,-0.160100293828599,-0.0234479242438432,0.442072825563865,0.562337045173995,0.801879521131045,0.0416817510633932,0.0160606670857431,0.311476850705813,0.0283418365523117,-0.0372322939715023,0.108073884921591,0.102046692894463,0.0849692916765553,0.279805250384661,0.387667233659023,0.428609238916011,0.422155757886422,0.0221719261563526,0.247635702526773,0.217464485645352,0.215611774575969,0.398026666791677,0.066805433537284,0.304127956038221,-0.0150963014243008,-0.0436664423834763,0.0609373499487366,-0.0526535135267362,0.141716837161074,-0.12698583149897,0.325650824793082,-0.225787756405966,-0.497912348134807,-0.332647161194474,-0.0421413515017642,-0.151300063059484,0.103525892236355,-0.0303976997747278,-0.309629635415273,-0.02221577920341,-0.298662393926996,0.141837877782073,0.0539981280658857,0.191896508076854,-0.0544588523039502,-0.0666967191462832,0.0205484025490192,-0.09198136000346,-0.196352906154031,-0.165411396028933,-0.11702084651865
0.07286022567022,0.604631121962129,0.32110610534642,0.44262194877319,0,0.348690491828219,0.113489443496866,0.259221397928972,0.273446134062626,-0.156428842315391,0.0803617876747884,0.0247105871944121,0.102042542588781,0.0797346764037257,0.0907682013983591,0.366057951316128,-0.0116437243765497,0.0710074997745932,0.112057092318061,0.0628463329248848,0.0258043107004522,0.00877007269680235,-0.0763079974788797,-0.163193357045406,-0.158257655689962,-0.038588112532529,-0.14739645698955,-0.177524530374054,-0.0323635042007432,-0.0606526713527879,-0.219721334157577,-0.11629088618988,0.0960350415626248,-0.029956575259238,-0.24020200599837,-0.0372034584869568,-0.0158043433515551,0.0107407986068915,0.116857000494899,-0.142101551803069,-0.0197519507210922,-0.0803448998131351,-0.0679826919448244,0.118784121351116,-0.155777524523358,-0.135979072904074,-0.110305132987877,-0.0274442288302284,0.253700208227603,0.110954987814986,0.221412086190977,0.515602109114033,0.244342687367745,0.453580000895158,0.502804733984807,0.40607394345386,0.205839432271671,0.271566308958789,-0.110055988048112,0.10096698508507,0.0652442707494072,0.0556732846788469,0.0395110516855723,0.168882564715853,0.165738084757933,0.066985100225396,0.0432556130575032,0.106381649327495,0.0279633525287508,0.0328548284676708,0.0842350222659612,0.0698132995566501,0.0698375323353741,-0.049055241990257,-0.164298320374591,-0.0259198879970257,-0.102545543203919,-0.178366438129735,-0.240114713457482,-0.10409728357766,-0.260248330502808,-0.289363052650722,-0.224062692865337,-0.0799771364220438,-0.14856074440424,-0.107095572444888,-0.0792813056615346,-0.346006887618414,0.0917214236392857,-0.178040488780357,0.0550231390781336,0.00689196101340838,0.0957264821793819,0.0423225641420046,-0.121016100647479,0.0416616003801406,-0.165117651586978,-0.142580880627169,0.230412179395729,0.13664048816572
0.336292288676913,0.273396816476933,0.55394880488832,-0.0830679556278257,0.348690491828219,0,0.584212946267181,0.683848604043533,0.628163607890693,0.021723457191441,0.0496409378585531,-0.122427599115114,-0.0351346696485587,-0.112531809528876,-0.179388151444568,0.289739274197635,0.159429043957618,0.218382751494663,0.059115904988131,0.0209013281029659,-0.0638332259525763,0.10343456639859,-0.0474274092498491,-0.162143981702066,0.0776973026614939,-0.184905894243645,-0.0850112946970151,-0.192430278718993,-0.130890675832771,-0.107998670301719,0.0552505234202985,-0.0899435593484255,-0.0761910047978792,0.0925410900339676,-0.168619516593944,0.192508556384429,-0.110169545143757,0.137550128174405,0.17505143389296,0.26091569969657,0.201934640179862,-0.116118333429104,-0.109959670902842,-0.11293087368903,-0.199393202557532,-0.191673676158599,-0.0703667549156035,-0.107387512395132,0.457277713383903,0.253087773745172,0.369643311824405,0.409595921012437,-0.0431740638486257,-0.183766574083067,0.757722415693694,0.684347294848725,0.439658226898259,0.583911920190142,-0.0255767915819671,-0.0634412509744025,-0.0448829245487663,0.0156776840764646,-0.149540072515053,-0.0175477709607737,-0.111696734249228,-0.184470131636004,0.409475695339574,0.0359676008996473,-0.0646307553254438,0.128160258367276,-0.118252015613107,0.0652584440539757,-0.0632447460070864,0.326658560008595,-0.150110082440487,-0.153667619753461,-0.15713098358308,-0.251110947182766,0.0336314649116183,-0.115789352009078,-0.285969165235392,0.0593927702742972,-0.289331690296852,-0.20690129643125,-0.180856546383383,-0.156809876446382,-0.1523687044868,-0.234912740225978,0.217147950455948,0.157351499028998,-0.0690272460912889,0.309510326886369,0.292089910574931,-0.0579505972364627,-0.272353600214983,-0.155001504811741,-0.199842871534166,0.0357599309893765,0.430486463292179,0.29177074619643
0.251640489074522,0.197939166275925,0.480391027021583,-0.0442871656784291,0.113489443496866,0.584212946267181,0,0.71290003610762,0.625703597507572,0.0864641430079171,0.0212144680345259,-0.0610680417098836,-0.197146138275029,-0.225798722760735,-0.236529771269419,0.303741398783947,0.0802060819002059,0.304572925138719,-0.0391718735881053,-0.00454986558212532,-0.125357581997608,0.038576057483589,-0.0568149371027551,-0.107571366023661,0.0510402511488558,-0.180690707258406,-0.160766366935247,-0.18870859013823,-0.247381169875653,-0.100150799872301,0.110474203477849,-0.0475030225300975,-0.0743583514252639,0.0870742813762854,-0.0750485494453345,0.19371461645026,-0.253793566884727,0.149742403704076,0.214809865723971,0.562212351068503,0.310604213105178,-0.0831093321723154,-0.0596870410539682,-0.146687402042242,-0.151584375252218,-0.163063878866122,-0.0899552260786938,-0.11831620627634,0.314705769716709,0.177022158217072,0.278832496698718,0.330311351273654,-0.0213483964711278,-0.199479363553611,0.568161452748553,0.480153260499464,0.480000028068422,0.524418435283645,0.00380873906928445,0.0185506645893129,-0.0758290627166635,-0.063330911227138,-0.240733314717232,-0.0911413880442357,-0.180475005144358,-0.224775599438059,0.566802033037155,-0.00111613945411489,-0.100074613762634,0.158623515199343,-0.156093863455538,0.024603517509746,-0.0860171907140788,0.488544982318036,-0.12015267865955,-0.133225987884426,-0.273333176262592,-0.251055933891611,0.0916258850853244,-0.00499287632871344,-0.266139760188473,0.0817866535916941,-0.228960672689903,-0.149133573139355,-0.186095615067711,-0.0466181959172216,-0.273611700588777,-0.29784366883166,0.11725709124057,0.258997280884279,-0.0908454013789754,0.204971211993356,0.249229282577703,0.00882778371480116,-0.195728551742343,-0.167295598348196,-0.157479819846544,0.0325941006198312,0.335745201454082,0.185662169428893
0.170624112160532,0.387553969896247,0.56821898193283,0.0110957332526254,0.259221397928972,0.683848604043533,0.71290003610762,0,0.793456939856265,-0.112896059666455,0.0229893134549617,-0.0210776316003895,-0.0817268393907857,-0.120969604552199,-0.175957004251917,0.349359625996533,0.279230372363667,0.455381399226371,0.170828940116756,0.0612227022793169,0.033161123208669,0.171460033488043,0.117863740508325,-0.146246314090089,-0.0884378180448935,-0.150895022041387,-0.0675092318932901,-0.136724635597,-0.186020138990123,-0.000907724350104526,-0.0350680429950164,-0.126016574843492,-0.105169894715307,0.166332634971007,-0.0730696303096296,0.181812095651008,-0.328975214885317,0.099065236086475,0.253813321663044,0.343272626634591,0.21277748095148,-0.139560376469887,-0.0434363081437497,-0.198350677757478,-0.241876472878008,-0.10559021575881,-0.0650483025397315,-0.131616002019425,0.218001945250539,0.0975654073533788,0.323371529019414,0.512981103036979,0.0729508820047572,-0.169850517668621,0.71056120012379,0.632276058940404,0.629641660906625,0.773245896633695,-0.0396008029964927,0.0458329639862589,0.101967272502437,0.100849382069362,-0.130777339264779,0.0108007175788195,-0.0596946467827134,-0.157553423424114,0.521161867710254,0.22443103907339,0.0505046717475376,0.38368728907952,-0.0352962376811776,0.217406817333091,0.0571840928740769,0.499591105102963,0.0408682794825788,-0.114139594285044,-0.176347545305722,-0.141627999921347,-0.0372557586695049,-0.0654725128463261,-0.286539534755216,0.0829521128199602,-0.362580418077125,-0.082190996045472,-0.130094789946226,0.00893545646804109,-0.342242460614174,-0.291952826024846,0.19014583368202,0.233106524412796,-0.080118346203157,0.325668925843148,0.345456278135579,-0.0286421298271309,-0.170873785144197,-0.296356098234719,-0.102872553902827,0.0509013921767848,0.271477890516605,0.116253165916758
0.0776670934516744,0.361197794994204,0.481556888471189,0.026236652352802,0.273446134062626,0.628163607890693,0.625703597507572,0.793456939856265,0,-0.10081091226447,-0.0566317281253031,-0.0269023866863453,-0.094775078425096,-0.0835663395919415,-0.145293810887607,0.325170170915443,0.224735903950579,0.396801942714959,0.176262217588322,0.0151147167739566,-0.00602552921571052,0.0981993439184198,0.096882685366854,-0.214277508041157,-0.132890903501043,-0.190304073559083,-0.0610649166261413,-0.123389980668618,-0.20113729835867,-0.0166133441044969,-0.0573514521332699,-0.111951575108322,-0.00236008973834522,0.0975797142285822,-0.0564322005610338,0.236331905626098,-0.307195449210945,0.157932060310719,0.326596478888435,0.34290336600585,0.17205306514218,-0.104723239735372,-0.00974059326520956,-0.0960666154174244,-0.253207214243877,-0.0365688348368654,-0.0397966299973232,-0.115189268776326,0.161905937849857,0.0340589328268318,0.262614172885147,0.470119959606632,0.154270597438698,-0.0926694835407387,0.638155279620559,0.582650336938222,0.626717287445762,0.763876786208444,-0.0449052181083632,0.0281571282609982,0.100271568070045,0.102930791076331,-0.116307782796495,0.0360423445384234,-0.0289029232421844,-0.125960382406479,0.573870110953275,0.194469838880022,-0.0104563556303181,0.286743630297567,-0.0829930629461972,0.137818304884697,0.0546773885719413,0.426780761921645,0.0342742576927697,-0.187176416119441,-0.198677988087746,-0.141160243542726,-0.0916710207455186,-0.0275424390320133,-0.26640298166811,0.0474550244511762,-0.351308860463376,-0.0590696672203983,-0.110229645770423,0.0216684775295639,-0.33714866032067,-0.231526396426154,0.172393248785382,0.174233361114795,0.0423793566144447,0.257355103368248,0.393033634743406,-0.096999109328549,-0.172298782316211,-0.262165294565613,-0.0319087877796962,0.0311024565758983,0.166577335453456,0.0123949648277382
-0.0473742142389782,-0.287101489752892,-0.225897746472661,-0.0611599380836034,-0.156428842315391,0.021723457191441,0.0864641430079171,-0.112896059666455,-0.10081091226447,0,0.203232149804503,0.138287578953777,-0.00803855820371333,-0.150385626694928,-0.143679406828791,-0.155487823941341,-0.195766074743406,-0.27694479343998,-0.274950346291607,-0.304721519711804,-0.333137396430624,-0.0758552832397454,-0.350600905724004,0.0990838015254536,0.476189964623464,0.0678724108521723,-0.194499502231821,0.120367844354202,-0.022393008452489,-0.236994299169146,0.193314054210045,0.14586873119766,0.0388882746261616,-0.135145146876484,-0.00418118648626975,-0.031556196123354,0.33123542317051,-0.053551044124109,-0.140790586592186,0.37976781243952,-0.0769284312647763,0.116459302762879,-0.0442851609078853,0.0907002206760783,0.255735480054578,-0.405940249179785,-0.2396176152013,-0.262003448169274,-0.00776852773718834,-0.0719479287454144,-0.162225665548194,-0.246985921965268,-0.148524115894095,-0.0151026069951657,-0.0652179683215259,-0.220939144196182,-0.0758900760600313,-0.125911257705081,0.619398752910898,-0.00858575833855278,-0.102813421406213,-0.195890130952771,-0.15748538861142,-0.254348205633267,-0.244390074671945,-0.204174071631009,0.0127959544745742,-0.421911108517721,-0.274132428621329,-0.347846788665729,-0.351414711960095,-0.33723522738463,-0.360096643568258,0.054338255347231,-0.113297994872941,0.166174697897782,-0.0055765294278192,-0.091588716940167,0.230777132447363,0.0061678149406139,0.0727907832234401,-0.0763347266700592,0.199577418630792,-0.181561069689402,-0.155920828533123,-0.333499213194331,0.380580722286547,0.144794525671198,-0.174357579192229,0.0187211943041336,-0.256811843103898,-0.105879905413641,-0.0916766387378891,-0.0439158946557338,-0.129740562916012,0.0783490051860796,-0.353898685093465,-0.335452465920579,-0.101605652670432,-0.0723931879771992
0.131753193962688,0.00340139544900647,0.299777120184255,-0.0592309806974152,0.0803617876747884,0.0496409378585531,0.0212144680345259,0.0229893134549617,-0.0566317281253031,0.203232149804503,0,0.646416333491582,0.412643294216004,-0.200159641342267,-0.157252092106237,-0.133036684787335,0.202233782109367,0.0040472758348801,-0.0842764091151996,0.0298921889641283,-0.150761939820515,0.314894790961532,-0.213184408025956,0.376924839882191,-0.114721226909077,0.609616983507525,-0.0133665201122299,0.192570741232501,0.192787767874983,-0.174418010315618,-0.149335654746335,-0.119746660433584,-0.204485826690124,0.135798268920949,0.211476559108401,0.0712956195909678,-0.00764385228647896,-0.179353866850341,-0.124975796867491,0.0476032057788061,0.19028380797915,0.330049988234526,0.393386727063803,0.0268517941536065,0.187476898479334,-0.107776736316041,-0.18440901778606,-0.126849763083881,0.223886536696775,0.217071320296333,0.158959222735906,0.0489668867550649,-0.136775004741816,-0.110318144188209,0.107307669325256,0.182602078115488,-0.0470094784229617,-0.03369289294445,0.0501775553859121,0.609382090545895,0.370682553439819,0.286074002440584,-0.0688592977206918,-0.165345580071104,-0.114701801088062,-0.174156647668729,-0.00787029904472875,0.0288394607331137,-0.0120157675035779,0.00974828765089912,-0.106297415625763,0.11493258284076,-0.179755951279978,-0.0328786175691035,0.16557425609715,0.526271674493493,0.152515788301186,-0.0179063505214431,-0.0981474353564656,-0.0304798659523297,0.0516649622392353,0.0393737334599522,0.172537540670679,0.167761657604919,0.0085269806801134,-0.148350207271032,-0.0550098357126177,0.060386684423257,0.138280540285447,0.00573091978584565,-0.282886175418677,-0.111637436131052,-0.0730001541034246,0.186899515158485,0.330997200995268,0.246521437514409,-0.0757229759973519,-0.102120670110684,0.376271957361826,0.263929106396679
-0.11374673149246,0.0235840409635196,0.19049384849969,0.00629410054126476,0.0247105871944121,-0.122427599115114,-0.0610680417098836,-0.0210776316003895,-0.0269023866863453,0.138287578953777,0.646416333491582,0,0.453021010335327,-0.127575708531339,-0.0578732235082577,-0.0676072338612647,0.336916735377016,0.101966695225254,0.0313348285598486,0.0101680018344438,-0.078708124107512,0.31306268238697,-0.0614218616665743,0.499294261049657,-0.211297591720783,0.69959778799522,-0.041173162040183,0.156849118867292,0.156546337713739,-0.0568363260507416,-0.219864347467435,-0.129671651453585,-0.141100276260936,0.180198067591593,0.224857792807867,0.0211844948766644,-0.145914932408584,-0.295520761763815,-0.0565485825896081,0.0783067833782752,0.0360093257881382,0.30266710911818,0.402718231916529,-0.0576991372897068,0.138136603273715,-0.155424896346874,-0.164849088767525,-0.12053506569589,-0.0744229291056211,-0.0832894748661277,0.0473556286616441,0.0295377318947672,0.0219606448902071,-0.0382232781361231,0.0382800577991537,0.0784398386692332,-0.0230062734226772,-0.00519300934713426,0.0604807046019109,0.633437972950606,0.589558239759072,0.354668233636417,0.00545356653946778,-0.120253882973756,-0.0457518403098413,-0.061433446464651,-0.0829524541942308,0.175709588589854,0.144577415275427,0.141245701741141,-0.0345461269591742,0.205122137387566,-0.0325052509608919,-0.0328071560186319,0.465508668083725,0.603844599129774,0.224221739645665,0.192417746258198,-0.0828688728855535,-0.00784014380497153,0.256189141708276,0.00574000040979234,0.122266338011235,0.220452048291845,0.0717654650487152,-0.0753223225113673,-0.129821236331081,0.0964237190298426,0.0865078885168894,-0.0658028068659978,-0.228729656000338,-0.158792959843148,-0.0718725296712774,0.180053122352896,0.382351181634841,0.118955101287592,-0.0701841086112351,-0.113766759162714,0.0541515284455306,-0.046176690260937
-0.123332662727799,0.0015655787622222,0.0540273906742898,0.0611034600185758,0.102042542588781,-0.0351346696485587,-0.197146138275029,-0.0817268393907857,-0.094775078425096,-0.00803855820371333,0.412643294216004,0.453021010335327,0,0.287995371722783,0.262703780940955,-0.141951410725439,0.481698151796768,0.121791273943437,0.348485951675907,0.30026201145345,0.181923951607782,0.359932769690672,0.142554461689491,0.322005154897767,-0.116136372869364,0.41746996864712,0.265168025688642,0.242025052816298,0.406374668975121,0.171533086379164,-0.253024486787598,-0.129015349069153,-0.14360316188458,0.258120713078608,0.230443423886789,0.0212384313227893,0.0732200941467532,-0.0945039130704934,-0.0279984157677385,-0.105110748971406,0.103507456840536,0.141407466203074,0.207851356414281,0.00937171256787009,0.140279923538755,0.111009333839614,0.18078363709502,0.159640624262549,-0.0537617911713087,0.141709321832586,-0.0580614297250211,0.00204982742684288,-0.0360829222005298,0.0542315116757924,0.0595521961551827,0.0750780215247834,-0.073648012915027,-0.0397787650282688,0.0837198979265303,0.324900785443526,0.455037466156895,0.677977007244172,0.320401777978546,0.127648739594219,0.15780120395297,0.190084918073806,-0.13596339547106,0.254851317945104,0.237364494748294,0.111358503787518,0.177996043300473,0.282621924910007,0.0934120239901129,-0.0799732651225013,0.340079642675566,0.338255733153653,0.36669202758078,0.297193924021559,-0.162064945882477,-0.11657130004757,0.124745837491678,-0.0107189755201822,0.0170132740717506,0.219158082120401,0.226170154954322,0.0725082846666652,0.107939208283932,0.126741850419153,0.222192337113334,-0.00938845262601448,-0.129239554667466,-0.00560718035110603,-0.0161596281497434,0.0481288580026928,0.227817708851419,0.231221886612592,0.170208704336706,0.0420822683179155,0.0497229343849893,0.135611587531846
-0.214591801781477,0.0796301591952927,-0.189701989540384,0.341771212432169,0.0797346764037257,-0.112531809528876,-0.225798722760735,-0.120969604552199,-0.0835663395919415,-0.150385626694928,-0.200159641342267,-0.127575708531339,0.287995371722783,0,0.835430864989474,0.0628694908921533,0.209605752992109,0.206865451539052,0.666742296682689,0.343761707910663,0.589187609411951,-0.0368886449189404,0.62415666772647,-0.147484970590204,0.112422630535402,-0.112025392409968,0.391151708004533,0.107782149107378,0.222308038598327,0.636476260961528,-0.157261697389704,-0.0304778115956238,0.0680322738066202,0.0702421786652895,-0.0594385754911357,-0.138555501207694,0.101113418570353,0.165015385680076,0.131038085951217,-0.167872174213513,-0.196488057131584,-0.171064623250952,-0.12649071021239,0.0409581965832934,-0.109153714496614,0.33699433032158,0.541573010557942,0.577337522621775,-0.252467283598425,-0.130252983187182,-0.189088354808552,0.0353263464641676,0.19470577448722,0.309105705880568,-0.107364735616505,-0.10258980649851,0.0358948925537321,-0.0603728226590129,-0.00673906406684715,-0.0527264257466667,0.0693411439205339,0.288390376110903,0.685140711062,0.726078186952431,0.725544972732147,0.766366150163847,-0.0914174381485548,0.39444371632566,0.390569295010291,0.1490138307158,0.591983836797362,0.199380165220237,0.629766589515205,-0.0371125813972603,0.0560902078104358,-0.0797019864960448,0.200226820645885,0.502874144661727,-0.197082352515289,-0.00867679937177006,-0.0229697502752119,-0.243314690982987,-0.205653384403915,0.0288534416645254,0.279903868496468,0.452596863080995,0.120744328320675,-0.0271112341089374,0.0170452097490923,-0.128245360055199,0.158521674381173,0.128914403172169,0.13350128596767,-0.0895692890061388,-0.0776723610804582,0.0714834172134311,0.374011548222518,0.210612106704026,-0.206280782578522,-0.155238979706874
-0.238776795211727,0.125862534632524,-0.194703462363667,0.435064172364794,0.0907682013983591,-0.179388151444568,-0.236529771269419,-0.175957004251917,-0.145293810887607,-0.143679406828791,-0.157252092106237,-0.0578732235082577,0.262703780940955,0.835430864989474,0,0.129344829523829,0.161538196452505,0.20545080527409,0.620469764646211,0.361239774518939,0.599412303684653,-0.0987237350833372,0.611929004556144,-0.122054640781989,0.105241072539695,-0.0539746676938013,0.285458808943301,0.0886938324533061,0.231114618730571,0.679360536742389,-0.183124620617385,0.0442264852038976,0.0953506317899182,0.0138356045512523,-0.120365375869101,-0.239077641533691,0.0675105788938043,0.164818808926143,0.144135783129877,-0.173690239900844,-0.28306268790492,-0.175364401959572,-0.157497848024867,-0.0228099277924062,-0.122558799857239,0.247889261141112,0.480883956294682,0.523486027804231,-0.331882542882366,-0.177867540684557,-0.157878610982043,0.0860935250030562,0.275494021858846,0.400993836026896,-0.135369629260264,-0.128651183515033,0.0519076829052711,-0.0899986045257367,-0.0493236719778109,0.0452312154650724,0.12427228283004,0.306818120797439,0.72263830415721,0.748927315808054,0.777543992545543,0.865269455895693,-0.139620059755423,0.440207885171041,0.438574387090943,0.212680835474439,0.669018290561531,0.248079985249528,0.670580527738636,-0.0594945665012001,0.103408578932573,0.0366101467341619,0.241363845907779,0.567522806394798,-0.153183787201329,0.0810260258409399,-0.00787923685963038,-0.348369474937457,-0.249468236328991,0.0727754469116726,0.242021460451499,0.472976548105434,0.086783435028938,-0.0944158585771858,0.00514179087344455,-0.200214285422993,0.131595439820049,0.0999474756714496,0.126317281212462,-0.094866882854428,-0.0483574235512119,0.0396513966789314,0.28791435532714,0.135752178187216,-0.249541697708708,-0.176123768742031
0.175710903085288,0.634929195958195,0.293895740305975,0.480917813159768,0.366057951316128,0.289739274197635,0.303741398783947,0.349359625996533,0.325170170915443,-0.155487823941341,-0.133036684787335,-0.0676072338612647,-0.141951410725439,0.0628694908921533,0.129344829523829,0,-0.00390487505658179,0.198652413529582,0.173066684824545,-0.104563255827813,0.130633343119071,-0.086718400333998,0.125692921152826,-0.251204321934428,0.0816451512123494,-0.138301949277415,-0.205905907382773,-0.362453287519964,-0.337254121218988,0.130217542480934,-0.0622181413776721,0.2100689366589,0.243860965040172,-0.183855942338074,-0.196651024350533,-0.247322827370081,-0.31550197000312,0.338059254653206,0.402060095425204,0.148026455217104,-0.282511966733423,-0.172479951836936,-0.0739059984979835,-0.146270843502146,-0.369740707911585,-0.117434680769702,-0.0360787960055374,-0.00887970190120192,-0.110748228699643,-0.222759853638241,0.326453331637899,0.616181683900789,0.54003925619227,0.388809783553877,0.321170912312995,0.2559996424102,0.508328493896939,0.239867743347733,-0.20294844239668,-0.0379991694674119,-0.0630143477287061,-0.081045344497047,-0.0634591488390172,0.196749253581528,0.170018511057352,0.154959117752435,0.23887835206306,0.143955354136164,0.000293977165697593,0.158055735253537,0.108917450514981,0.0793269141990667,0.188540378464861,0.0877309755736076,-0.0380837161621107,-0.160548490212364,-0.25750112776725,-0.0066731875681703,-0.0732325499920607,0.167532482641077,-0.298380877719726,-0.43126497172074,-0.379496732225673,-0.0890140006100012,-0.10748274318656,0.0454005498883991,-0.298871380784446,-0.246320768991188,-0.179109446464464,-0.322174875681424,0.251481242961708,0.179397862816959,0.309220720187092,-0.113044608045587,-0.197010972296805,-0.252123354641028,-0.156207335152095,-0.111602902345713,-0.11383683559421,-0.18229811906678
-0.18574547549608,0.0981316298352619,0.223977796338554,-0.00915982968871445,-0.0116437243765497,0.159429043957618,0.0802060819002059,0.279230372363667,0.224735903950579,-0.195766074743406,0.202233782109367,0.336916735377016,0.481698151796768,0.209605752992109,0.161538196452505,-0.00390487505658179,0,0.477649577034761,0.589629930532306,0.467598452503316,0.413446140691071,0.516473749314835,0.378671504572848,0.387019210067504,-0.11761210073717,0.236557042868258,0.273148978509299,0.158838060658088,0.394840892898648,0.218626034713964,-0.254102895380519,-0.24577186076818,-0.323648470290479,0.591149935006136,0.223342812413295,0.0836276916673269,-0.0470738390767038,-0.092319609851997,0.0870335126499669,-0.00693845624417921,0.232273669844088,-0.0288478377711511,0.0519067996306417,-0.2249007272911,-0.122941972028027,0.0806188298618082,0.174293195111458,0.130648500583675,-0.0464562786828589,0.148002114119224,-0.106556255562274,0.0689413880438283,0.0130748980369026,-0.114719662554152,0.151262531730826,0.263259679561416,0.158596820513475,0.296869403213306,-0.0152415520074679,0.253902100338102,0.419292023858121,0.439918891469642,0.230590699435443,0.16723130825593,0.198875996506176,0.119954032490819,-0.00994178177851818,0.568306134023019,0.517785230846192,0.488569040611816,0.331601112792655,0.526797139731835,0.257451622490087,0.204060188934703,0.543854173922215,0.24926752691519,0.448095791778162,0.237585029282646,-0.177090766873902,-0.190308814498596,0.200897098036208,0.191273368491578,-0.21931479783205,0.169696999881147,0.189668679011227,0.0979899686349703,-0.0751470631715065,-0.050191329725831,0.307159321455458,0.203776178955523,-0.237558583121454,0.254639781431624,0.134396667454096,-0.0154380297731981,0.127992412854961,-0.0470989661915028,0.154282554631441,0.177001578104635,0.0795925065196931,0.117282521855888
-0.0988434588005717,0.236406776239043,0.255127805281339,0.20880305370387,0.0710074997745932,0.218382751494663,0.304572925138719,0.455381399226371,0.396801942714959,-0.27694479343998,0.0040472758348801,0.101966695225254,0.121791273943437,0.206865451539052,0.20545080527409,0.198652413529582,0.477649577034761,0,0.505754222989436,0.607007009394265,0.546718363620573,0.170556677872264,0.349359846429131,0.0597103021405077,-0.11699476273625,-0.021271730830151,0.0312312841170985,-0.0883688492221793,0.10138516614745,0.184093803491964,-0.168648445361198,0.00731624876157655,-0.109243093932445,0.633008966377458,0.0559208255181194,0.331677072350004,-0.27798843381536,0.136133549335551,0.332605133258461,0.144629159402837,0.220481981898454,-0.113955698043484,0.0333003159138291,-0.267783408492844,-0.319579682689851,0.0197125391352951,0.109103852398882,0.11853812400315,-0.039029254173187,0.124679806118518,0.0192662908140826,0.252966457895166,0.224683399000085,0.0506645177611743,0.260907545144073,0.3092423585326,0.431522574729177,0.393888388251534,-0.223948649097373,0.184570462457195,0.192432787193718,0.229027542958811,0.183885803131061,0.285471426842832,0.33849079670349,0.200285009110439,0.30401477389698,0.525339317329233,0.555128938124056,0.78909077580097,0.535592129781595,0.356233809270419,0.290960924533936,0.352038773082043,0.249379446655539,-0.0150601815368373,0.112954422561589,0.107733909131207,-0.18342050910018,0.106306291372965,0.00182694263409742,0.236335228577285,-0.368395356169011,0.162930494815663,0.0138445890038858,0.211409570891818,-0.292047526988055,-0.202236296232185,0.509405037884718,0.239207141563716,-0.0598687741831082,0.267336166565843,0.296080838661833,-0.0981177930147673,0.00202019025584094,-0.252415392527209,0.0691455272436102,0.112795825111183,0.0832048339659551,0.112598427082824
-0.225732077617295,0.265581991815797,0.0636095549669268,0.3513602761544,0.112057092318061,0.059115904988131,-0.0391718735881053,0.170828940116756,0.176262217588322,-0.274950346291607,-0.0842764091151996,0.0313348285598486,0.348485951675907,0.666742296682689,0.620469764646211,0.173066684824545,0.589629930532306,0.505754222989436,0,0.542315514274117,0.681334161012476,0.149545536455984,0.60679267631191,-0.0570289695983633,-0.0343482422679533,-0.0345246893025201,0.355440884495241,0.0634831154430419,0.343375508712288,0.498074622321271,-0.29292993713057,-0.104540275185476,-0.110602994450132,0.350746931987135,0.000920754114302862,-0.0915038564106751,-0.0290003297891543,0.170751156428126,0.287682998459658,-0.0932829995985247,-0.0105571316532753,-0.0953984142380755,-0.0853169496610542,-0.0626899237099264,-0.222566202479612,0.289448701859791,0.432944303933863,0.387786945797882,-0.177134155267523,0.0211266319032975,-0.121978861662304,0.241598087445605,0.266558245627357,0.260279465857058,0.0709144130625612,0.152490482295867,0.250793506753762,0.19952438701509,-0.0769404141255121,0.132930871003649,0.264833890121219,0.382872257695872,0.53821234350651,0.561682475446517,0.603738479050689,0.549382714090588,0.00560233605821135,0.640431888456634,0.573135792391811,0.50020228089558,0.63566146614904,0.411828973397399,0.5381923343523,0.163347559352978,0.301541849497932,0.0203277636074124,0.298140646036221,0.388750406785545,-0.30232854263332,-0.0562582512908659,0.0144194528333425,-0.101704670904255,-0.391670885218259,0.107429137662321,0.242892490244317,0.359750272099143,-0.0361185300752883,-0.145671668554176,0.187063898379509,0.0451152221186023,0.044030654964603,0.331852543028335,0.310554434262171,-0.092772310566987,-0.0525518337537674,-0.0233696951799879,0.325601433510146,0.199582335749608,-0.103344977536631,-0.015856012326445
-0.114093930600344,0.046274359790121,0.0362409752816982,0.161984473550212,0.0628463329248848,0.0209013281029659,-0.00454986558212532,0.0612227022793169,0.0151147167739566,-0.304721519711804,0.0298921889641283,0.0101680018344438,0.30026201145345,0.343761707910663,0.361239774518939,-0.104563255827813,0.467598452503316,0.607007009394265,0.542315514274117,0,0.642448842429293,0.0774539237264775,0.321007291276719,0.203276663333125,-0.140990578449141,-0.0189122055777115,0.17112099420812,0.0462716661659795,0.560512297067854,0.15248566068354,-0.215502899088984,-0.067217779392142,-0.152456609969895,0.617998953957232,-0.00507924649376254,0.271607174864317,0.0670001440611392,-0.00163343980504236,0.0852482811520656,-0.149297319135154,0.259492809431868,-0.0650605533011303,-0.105103604073547,-0.0848143192063996,-0.168446458543593,0.133274823638519,0.170035191313966,0.26253344526319,0.068557288301215,0.334091466422574,-0.107876750812442,0.0107353307633532,0.0678820631127911,0.10344012109923,0.00248315084360368,0.153143135334945,0.0379673987175767,0.0810089954942434,-0.185564571573113,0.127494678321367,0.157916145816622,0.295705083441949,0.344078508076392,0.34546873838188,0.421755687409379,0.324407194318849,0.00760782062349982,0.505225465541567,0.626327426804152,0.568951467876251,0.688161523174876,0.289008737759469,0.265888584699111,0.147779537509496,0.225869688932921,0.0444434756075688,0.44766069741137,0.133350833607944,-0.273688773804106,-0.0131861266716964,0.158449566694585,0.241258339097437,-0.23059681939267,0.0919827615109713,0.123031084702644,0.134698159641693,0.0212901528107201,-0.172084702866973,0.581034384450186,0.239947518803992,-0.0736178210532036,0.127443190881661,0.0856557646887396,-0.0637257165671128,-0.0217799413463918,0.0772168053121125,0.181840572715342,0.178026501857568,0.190496033158891,0.309733220655747
-0.198695707634507,0.15565019966553,-0.0919438387827139,0.342327528598346,0.0258043107004522,-0.0638332259525763,-0.125357581997608,0.033161123208669,-0.00602552921571052,-0.333137396430624,-0.150761939820515,-0.078708124107512,0.181923951607782,0.589187609411951,0.599412303684653,0.130633343119071,0.413446140691071,0.546718363620573,0.681334161012476,0.642448842429293,0,-0.00690973219009314,0.593851147557483,-0.000370328010504897,0.0604079066681058,-0.0244342391346421,0.217013906767886,-0.0222782098467763,0.338412598994881,0.474399205274344,-0.230937256112482,0.121885452770311,-0.0350601310447918,0.36229222326367,-0.0655965325380957,-0.0400219135728899,0.0114544712463229,0.15192829769418,0.209659482586937,-0.196615046086041,-0.108436167217475,-0.212851963408451,-0.0860586507843271,-0.169037105377598,-0.210334662475588,0.230096143710392,0.335332927022663,0.399193498817034,-0.218886399761661,0.0122139155264234,-0.187169927089089,0.0764565524604877,0.268042607870267,0.276108345081577,-0.0882199535870593,0.00827353544647753,0.135448262774386,0.0315718738758948,-0.208041927320833,0.0706770000636035,0.16067658144745,0.178463719608479,0.480395202786493,0.514930674049437,0.64228343990511,0.577863103767538,-0.0280635649760667,0.522753063404174,0.609612038275213,0.560416480040843,0.819736189640119,0.307496469806268,0.523406610657122,0.047061835893304,0.25431800858649,0.0136611160405318,0.314510213732512,0.39546069243439,-0.268479792161043,0.119434199593666,0.120757511171326,-0.0516732463792014,-0.36838099661869,0.0647265669804149,0.197219116978418,0.320571614258282,-0.0134298775749093,-0.0689720664723777,0.23818581183053,0.000782063849884031,0.0378344581719992,0.242985607472459,0.196393739649598,-0.218375025223836,-0.0524826265339656,-0.0876116931253858,0.251703787321611,0.198190965759159,-0.0977289501469872,0.00336636962539072
