0,0.0102120133425266,0.395187720623779,-0.236529860163884,-0.201140613852758,0.198095637761571,0.16971875797288,0.212687021805794,0.108484679799422,0.0400074630813509,-0.0991227239635001,-0.18398338983797,0.0637377093097286,-0.0847975072487701,-0.185610256057412,0.244914116220094,0.135541437718819,0.206046481646267,0.0295765838746689,0.145592861956208,-0.0494965679223708,0.155769195159352,-0.143334865411616,-0.0801619043558758,0.19418351208475,-0.0589849309883938,0.113134524043547,0.0298723973957936,0.0723624095330477,-0.206555753199069,0.10643544851608,-0.212151463878976,-0.159569574373694,0.106869254081773,0.0234315639159729,-0.0224472326463353,0.0240790866280148,0.305187689156505,0.036338327415128,0.0420282666298872,0.16895206621307,0.129444199057917,-0.0921077009597616,-0.0440163066961056,-0.000292220820154939,0.0972548775945633,-0.0481023880032816,0.000946449771523685,0.275685595517626,0.128653061818888,0.434371304848949,0.325687106124987,-0.126829289889039,-0.233475548185301,0.32504906324424,0.273078763368702,0.218698590352931,0.160476771980246,-0.0789077311171342,-0.180201361650906,-0.221734377905109,-0.0620429899576792,-0.000301202140887502,-0.0973093139218453,-0.118719535215326,-0.148849721003951,0.163007737980855,-0.0189609959309075,0.0378347159248314,0.183763029016839,0.064734246828032,-0.0241830901188932,-0.0577956517672399,-0.00410516153794892,-0.20763302851568,-0.174907813889992,0.122371316184497,-0.154282105977097,0.161903206363046,-0.244389161083397,0.00463443072342562,0.157786153474117,0.0513433821153971,-0.0178031326438718,0.123966509960704,-0.0593305720008709,0.0792925453960342,0.047300842703523,0.104616161178099,0.00177233817526226,-0.0909763432738157,0.171452167388602,-0.109276484674874,0.24089313594591,-0.0566470815182159,0.0699107890354223,0.053496858597225,0.00217687349593097,0.265991180317496,0.111892217255204
0.0102120133425266,0,0.0565396742884429,0.480632775655294,0.511067628764758,-0.0728216236002785,-0.0662800501653931,-0.0529945980568492,-0.25600170420635,-0.396164717484201,-0.302434822391878,-0.120278673184083,0.0881731247547088,0.143687460140694,0.0921906538505449,0.472996878872894,0.16884465583165,0.132151497316556,0.173107133606917,0.0425492023944213,0.193571238596548,0.101743995057546,0.164136462116852,0.0256293926874878,-0.476999818751082,0.12349885732104,0.0225698803696375,0.054335496381555,0.124567673525672,0.047574917169687,-0.0492524349083215,0.450799642337325,0.350132072104139,0.0498701535125528,0.0423641302140599,-0.120766900167443,-0.0920323147779732,-0.0597922678707372,-0.101915800148855,-0.26678232919565,-0.114800629701331,-0.199701722745832,0.10975161213591,-0.121207641380836,-0.337804910037227,0.0343277670982802,0.00372576294561812,0.0333056754454927,-0.126866996183224,-0.0257960053488262,0.264044082186862,0.585712040120009,0.578949829754377,0.40527441433711,-0.140351137256353,-0.0650405334425985,-0.00504238740415147,-0.172112434102347,-0.374659423155702,-0.161847179908598,-0.100904042073187,0.0652587390966836,-0.0492891037587392,0.0587790147381523,0.122124559578155,0.0785908581606389,-0.223368621166154,0.227839476791212,0.0592835624860119,0.0636409094133871,0.0234895448111669,0.0479029593551761,0.0584052117055453,-0.278584946744538,-0.0129341948612535,-0.159519879883628,0.0449877740396129,0.0961991872721305,0.0308615049088904,0.446565098240128,0.0588150880512439,-0.277692311385985,-0.383187536888679,-0.23273800511772,-0.0191132551330728,-0.0748717678447519,0.0577292855649418,0.0594769431130367,0.0220260019742409,-0.295628222135141,0.370285206827476,-0.191551789472554,-0.178567933275198,-0.237167114961141,-0.224891525319974,-0.159975398857578,0.0303770934064363,-0.0595919257077825,-0.0338056190654437,-0.053635033038856
0.395187720623779,0.0565396742884429,0,-0.496649909874858,-0.357638733671428,0.641708548653632,0.404644448868676,0.497450215675142,0.518652386300251,0.213247933177591,-0.0161460327930629,-0.31452501863869,-0.0899779252080895,-0.221699021427294,-0.333322928740519,0.0148810515865968,0.020333433557015,0.174187514460104,-0.145618507687776,0.165596956810536,-0.129259931399481,0.0364201676726396,-0.246931110158734,-0.244160154591505,0.207320036744733,-0.0980063819435874,0.170937379256028,-0.127335579166168,0.0661735941844914,-0.252123868722125,0.00240149816588527,-0.438187424842342,-0.45359219611443,-0.0943581104278427,-0.0580683557993084,0.184098194771487,-0.165974719732122,0.453800547242461,0.20525379313693,0.28357153693434,0.1270210360784,-0.0489245248394408,-0.181938445979087,-0.203893484542252,-0.0448568442133078,0.0651061223072166,-0.118363606306629,0.0516950025775501,0.563892601483758,0.131522220146256,0.314870264503152,0.361909339688581,-0.298475608635527,-0.49525053380484,0.56366155814267,0.767337456086822,0.493300057707811,0.494043620599799,0.117561537779237,-0.298491641855871,-0.244234277023392,-0.101539419505095,0.0295802777013066,-0.259409876620652,-0.195262018039605,-0.307142789207724,0.456352112924816,-0.138680862745743,-0.0321282506663629,0.141630338163721,0.0501925016032406,-0.0215832257087425,-0.12456231445166,0.238041681581491,-0.190366448996334,-0.129888816205909,0.166382121014695,-0.0921248166927161,0.105833949712234,-0.479597697326312,0.0391553221273036,0.193853478137565,0.189150057846825,-0.0707378340874288,0.223343022159367,-0.154763801952352,-0.139031950970015,0.0813897740479713,0.130253543204849,0.150384885047466,-0.307305972271946,0.400533257444326,0.102923663482449,0.310966090277963,0.0458673777641373,-0.0509656137291317,0.154118427740626,0.10889023818852,0.578069552640849,0.130028121999427
-0.236529860163884,0.480632775655294,-0.496649909874858,0,0.835460424939768,-0.361164370385651,-0.231012608991544,-0.467873699116384,-0.515917995890236,-0.437582502586611,-0.252032391275056,0.0567797269140782,-0.00396902838568158,0.36475667347324,0.468662283482766,0.356537185349789,-0.126706007128682,-0.32331113391075,0.238835420097654,-0.144247546282609,0.283258760170301,-0.205517069834987,0.411812318413438,0.135828070181587,-0.311265772668149,0.0306463394094166,-0.211064460478889,0.0020552255313657,0.0157744295295701,0.368804083720041,-0.0291898290707434,0.850989446231528,0.739257778379283,-0.173806299146652,-0.127846558469008,-0.210284014599956,-0.119919567302846,-0.286398784014792,-0.0843257469973025,-0.417119967995064,-0.420642092405653,-0.282244747195461,0.0377835616875377,0.0890769875260573,-0.452387921944077,-0.0887395990386773,0.188702090168868,0.0277645483558164,-0.419794827737826,-0.309169790353151,-0.23608325469535,0.154016096925142,0.766848594988688,0.898977331484196,-0.408442406374284,-0.496269902240489,-0.406164108888693,-0.600619023998513,-0.332444461195823,0.0841685168599288,0.12310875999186,0.106527996371694,-0.0105552455988742,0.254738757460683,0.263894757111578,0.411331549426752,-0.542678218604602,0.15055616214192,-0.0989394703438427,-0.312583068826032,-0.0662177957420769,-0.1098113963832,0.19949455501174,-0.430579871736337,0.0944353599732149,0.0776406748528842,-0.245421417357751,0.221697381988613,0.0166478528109097,0.849344176483599,-0.137431042945447,-0.604520211997654,-0.624190102057598,-0.342682199450164,-0.351194317306234,0.0762908871021965,-0.0617926114867443,-0.168380197485641,-0.259707334387189,-0.511468652807357,0.632496007873307,-0.305126506151972,-0.0369819792535456,-0.46676393970977,-0.263136725017474,-0.26413875821791,-0.175165328507057,-0.157601680000728,-0.505161529429309,-0.380029276877368
-0.201140613852758,0.511067628764758,-0.357638733671428,0.835460424939768,0,-0.126376350509314,-0.12127540114952,-0.298170385830653,-0.297329048169944,-0.313752494285654,-0.177099574665964,0.0490734220555645,-0.0954606688584581,0.254316807780836,0.359043623961224,0.42995790382708,-0.145338046973291,-0.25428108108035,0.17218997030458,-0.186180660821594,0.240577256453476,-0.279671941588795,0.331492230765709,0.122942368474736,-0.172501559437917,0.0409959923596799,-0.314475325155148,-0.108943668321538,-0.0130866949920095,0.270214805767308,-0.0909822289176959,0.733756503400476,0.646467546473798,-0.187294704498521,-0.211108314824925,-0.117494274718174,-0.0965320943250392,-0.219642982011547,-0.0675272662011335,-0.36292919396072,-0.416447888574827,-0.293951415445777,-0.0335686074038113,0.0310379032275072,-0.404889144048957,-0.227683342575452,0.0503864599804946,-0.0357506224428374,-0.216180147561497,-0.287967287939567,-0.179657991830709,0.276766616152272,0.792798950446072,0.854705231822517,-0.146565661506078,-0.323817408765647,-0.248328972924352,-0.416343747759662,-0.20931678150193,0.0949429972429024,0.130088710477408,0.00116304578151304,-0.0937222461403262,0.140831655105365,0.175606571326929,0.295592273502599,-0.423330033208112,0.0838906284270537,-0.129378197892135,-0.271444369363098,-0.0713145787212839,-0.144771060245331,0.14388616767209,-0.318199053876105,0.115612539089432,0.126038121144388,-0.254939998451673,0.124853637341331,-0.0319076900192267,0.73780301946579,-0.139290020454591,-0.56963961912054,-0.584961796778038,-0.347421086170137,-0.395098234119604,-0.0354224135407782,-0.0487856094764982,-0.252291111175214,-0.232107449758771,-0.45654434341406,0.583431175122264,-0.195989040615906,0.029720543196022,-0.355590360305251,-0.235424331365202,-0.304065843534488,-0.267927437969012,-0.217190036261348,-0.319634040717275,-0.334787031347664
0.198095637761571,-0.0728216236002785,0.641708548653632,-0.361164370385651,-0.126376350509314,0,0.425484571232329,0.445768594331041,0.645686372609826,0.340837108819159,0.143870258828172,-0.144671925268483,-0.0935441726531281,-0.132912386314139,-0.189312416645316,-0.0471594454253776,-0.0885859835379216,0.0238168785305037,-0.188360206677049,0.0695834028639212,-0.0685772685429255,-0.112240369825237,-0.144358713991839,-0.0938026942593475,0.33500657765058,-0.00311770812238329,-0.047349989264412,-0.127306535594877,0.0611752213234234,-0.152379957186778,-0.139760141545247,-0.349936165017854,-0.362725161596179,-0.114148059890027,-0.190213494066983,0.188573197288324,-0.0661029031911019,0.229928152371388,0.132420916575863,0.365931563789211,0.0716911752785436,0.0725230470955893,-0.193311458132994,-0.179118688715343,0.014925880833698,-0.174838384157196,-0.166493045286022,-0.0152231682478277,0.685018279164412,0.0259861519138658,0.0474640208594257,0.176445937179122,-0.225694267623179,-0.320316684230482,0.746815810930171,0.728907154601576,0.391141279697917,0.480250175293436,0.312759827701468,-0.142568553987124,-0.0739405150984214,-0.138905639718282,-0.0305788194642237,-0.257780981711053,-0.203447836400107,-0.197900332469998,0.415419481672288,-0.259008280471194,-0.118214140159278,0.00325851654498136,0.017071745839015,-0.0478050026282424,-0.0919677975236474,0.354990506547741,-0.0698954384061887,0.155338579235154,0.0859585929508083,-0.0361192248588501,-0.0435517832628124,-0.330048317040647,0.0235316055961865,0.125388247626396,0.136549522423012,-0.0690437558938449,0.0286044589858519,-0.192328997418952,-0.101061155946713,-0.0178072727408642,0.0691014311232104,0.16306192957616,-0.254837293967656,0.264470843407737,0.314269341774104,0.338469833916828,0.116665015738333,-0.0912538579957085,-0.0400666887057092,-0.0173349334615375,0.608745565797527,0.0524674443874542
0.16971875797288,-0.0662800501653931,0.404644448868676,-0.231012608991544,-0.12127540114952,0.425484571232329,0,0.709914051251618,0.479444377297678,0.425462813015324,0.00443002772347809,-0.358756232592664,-0.308557433482905,-0.351559244700969,-0.318711739109214,0.280240800601846,-0.273151543385755,0.105106569783202,-0.319190265447403,0.011300590528365,-0.270622921550836,-0.25041196717265,-0.219445882353533,-0.323558914650562,0.494227913727451,-0.337140401573471,-0.22660915773197,-0.451167267794899,-0.148589189505034,-0.243837938569472,0.080927373706608,-0.276330457097992,-0.321582964353415,-0.24200135924514,-0.297164607121613,0.156418878964724,-0.107460262344069,0.457337708196079,0.264624716365644,0.638627529429353,0.109056433498829,0.0247833791168977,-0.344926066770385,-0.0557700650844956,-0.0615879029266597,-0.18368300566388,-0.246022457035278,-0.0480128450226719,0.527364560637066,0.0586305850261652,0.157793249948883,0.125874558039639,-0.0488227790635463,-0.20214422574159,0.445918946590602,0.512027343308418,0.635301384965786,0.435317619601349,0.324425125799499,-0.314187154064351,-0.211087626596342,-0.260609272718855,-0.24752611335953,-0.335595271638247,-0.261148112351866,-0.293575087742801,0.663082244710944,-0.387487864468536,-0.278309967701438,0.0259358389134746,-0.105124577005526,-0.228060795704092,-0.152524399235336,0.491907087857093,-0.3088145168054,-0.100805692965747,-0.104788348499992,-0.247186227989401,0.072142419375105,-0.341770121524346,-0.280235373388197,0.0539905427331809,0.182976970501438,-0.150726761667022,-0.0720494672146727,-0.119456179812943,-0.117075856566593,-0.253558913529624,-0.0275229404095345,0.106902069180821,-0.163713005666143,0.511639735722372,0.382570169650925,0.38775843834033,0.068323826827038,-0.0154188759528599,-0.0732625984024367,-0.0513231941515991,0.400052186827581,0.065262656507603
0.212687021805794,-0.0529945980568492,0.497450215675142,-0.467873699116384,-0.298170385830653,0.445768594331041,0.709914051251618,0,0.650127251958303,0.455288135006393,0.177427113179991,-0.193616112668346,-0.242730588645933,-0.399205002238343,-0.401819334709501,0.163636167119681,-0.115518908499223,0.420934739307519,-0.323664805658836,0.0418193962715235,-0.26023815816439,-0.071688697836731,-0.275081602995939,-0.25474556788992,0.399415063459385,-0.150995243949333,-0.0894423946910763,-0.307682269825593,-0.135463365133624,-0.3149891184634,0.037872252050571,-0.533616000431159,-0.544642605129986,-0.037873601318327,-0.171112594544498,0.303165131147928,-0.0333252686804053,0.316355410176047,0.0945642317435934,0.570925588881431,0.283228200590353,0.133156012291147,-0.216907615122442,-0.081636871352977,0.123867348528303,-0.116950760316696,-0.305215474111202,-0.0440428705998058,0.592916862466237,0.189636398929799,0.218404529416919,0.163490816215375,-0.266773233301883,-0.430013565877224,0.494998532499394,0.541198329085062,0.835825213175995,0.769419200600381,0.386489627227826,-0.139953428110733,-0.12945804859576,-0.207049103715538,-0.182235264319483,-0.305801356459591,-0.255076025984379,-0.348475580962082,0.691248466223179,-0.227733093609912,-0.0453595337854037,0.363618981717787,-0.00185691052744803,0.0184936319810958,-0.117641542569424,0.498419411316231,-0.148090926435758,-0.0188979564118666,0.0438087957342739,-0.236723941797024,0.0521001022960009,-0.542218119707175,-0.0683924641900992,0.319208385010315,0.390426401709153,0.0918474881186223,0.137316352955203,-0.127908842775369,-0.0659958000779855,-0.0981090432486798,0.123764224159736,0.326292065671346,-0.37341267077556,0.432573140281938,0.184985817706738,0.42525990529217,0.186215362754056,0.103127196391378,0.0264858468430543,0.00582127554409463,0.573673327707163,0.254020267487898
0.108484679799422,-0.25600170420635,0.518652386300251,-0.515917995890236,-0.297329048169944,0.645686372609826,0.479444377297678,0.650127251958303,0,0.626084320691024,0.445783723129137,-0.0112107886083971,-0.281614241148981,-0.397163770042194,-0.407972540852657,-0.0987897720717505,-0.16668992060826,0.123235467956715,-0.369677578945509,-0.134182818705233,-0.272209558091509,-0.186297948052968,-0.351176383635771,-0.143028203470829,0.4148484324943,-0.0293861696053454,-0.112655654409082,-0.240375423414268,-0.173964996499429,-0.28843631580559,0.0109497613838152,-0.502144148424428,-0.445234160906775,-0.0621657352824992,-0.214411253541801,0.360254670677877,0.0207477612995675,0.216746042940291,0.128735668734402,0.544304794854974,0.282172257032916,0.064246791433105,-0.193362690887866,-0.108414784575322,0.224560334317958,-0.203277633730004,-0.349851675977284,-0.139420870192844,0.688443257603162,0.174634787543333,0.13239181097589,0.0680005637568268,-0.369080463713422,-0.461872384905484,0.655487254793963,0.700759258039851,0.55148727117172,0.780127281949613,0.553676212258379,-0.0179453853443472,0.024702043147421,-0.218153086571132,-0.169630853676595,-0.413087831777089,-0.35445196571742,-0.394811903462365,0.545828359239835,-0.390101272582954,-0.173125770237896,0.0863560939567247,-0.127440131736038,-0.0574489504190656,-0.2502432385139,0.510382631541648,-0.0898402580477755,0.1572514316184,-0.0358169743490397,-0.227958183521817,0.0397195511336233,-0.47835440937571,-0.050688060533942,0.284182853728697,0.354194161196932,0.0962180545677244,0.0762234983018295,-0.309434238125252,-0.0389422208386359,-0.059502608814817,0.0478407499252257,0.427225211646417,-0.285007475866798,0.323366789387469,0.270332271559441,0.379468069487413,0.261525750740682,0.0536051107210952,-0.0742798281734383,-0.0783214243524571,0.619716571964857,0.294545893246321
0.0400074630813509,-0.396164717484201,0.213247933177591,-0.437582502586611,-0.313752494285654,0.340837108819159,0.425462813015324,0.455288135006393,0.626084320691024,0,0.412527276858472,0.00494898026927053,-0.303284352172121,-0.398340988843484,-0.316400281212318,-0.134414637733651,-0.258781272165757,-0.0923297010353263,-0.379517089442731,-0.343447823693797,-0.367505684111398,-0.298803501057154,-0.334004589465514,-0.243468379758175,0.657312732302168,-0.249682975928321,-0.257128677885921,-0.411308483442929,-0.327303684269513,-0.226991288352381,0.0631097156762425,-0.431671932520582,-0.356874474995007,-0.155330147572365,-0.23903164888417,0.0713141234972083,-0.00662415068098772,0.27755500960922,0.248217438136622,0.565926859830239,0.0940857270318282,0.135892943166798,-0.191232410456814,-0.0156602650867764,0.285084974474319,-0.25810948332405,-0.277321210932968,-0.190956583481222,0.417578570236976,-0.0437336457511044,0.064319411462996,-0.129056508959404,-0.378450530609243,-0.378680043326379,0.39322236567898,0.4721628268277,0.356585219865479,0.479839381526347,0.750075306897608,0.0250302337117056,0.0453647380811656,-0.255723420787103,-0.18717660800779,-0.316902994516382,-0.346993670110191,-0.323416605862681,0.395629076145537,-0.456786503181635,-0.279054188413215,-0.0991517301024614,-0.218888743100546,-0.21595377025246,-0.234485027723126,0.480462597523343,-0.168924306355887,0.181395417685709,-0.217035227694984,-0.292955916946339,0.0489641390939544,-0.475084548122164,-0.259455488386683,0.116834388160476,0.414069301763936,0.0384432868672775,-0.111007067311584,-0.259726660323515,-0.0523327090365162,-0.228246682745636,-0.248677243866433,0.268848177033357,-0.236454800502677,0.385572635271585,0.410775354832258,0.411596024831639,0.305633309585485,0.0843619752021391,-0.157625527515214,-0.136617759427848,0.284101837567462,0.0646250576249452
-0.0991227239635001,-0.302434822391878,-0.0161460327930629,-0.252032391275056,-0.177099574665964,0.143870258828172,0.00443002772347809,0.177427113179991,0.445783723129137,0.412527276858472,0,0.646316599920309,-0.0188096409171649,-0.172840284027465,-0.0992053389350007,-0.268965275254958,-0.0739153986734979,0.01661290842314,-0.194994965456813,-0.253654483741651,-0.144237828067755,-0.0819796476068494,-0.137205387880406,0.332515098282034,0.150374219361449,0.415444682576628,-0.169319634484534,-0.0349829698425076,-0.204359366767589,-0.0560647147069222,-0.155095171180926,-0.266135619826341,-0.261789436274624,0.107770109134506,-0.0861844757168976,0.400094717589731,0.309993359999206,-0.224822398367945,-0.0753789614578575,0.307751858003795,0.329779495906804,0.304562548828264,0.306098967033807,0.28072217559628,0.472411634788399,-0.14780836150438,-0.212740578933934,-0.106675512818735,0.225430221607131,0.301107232431929,-0.179231927059541,-0.303539053175703,-0.274796289971006,-0.219030329762542,0.148330035163839,0.0419998930275322,0.101794771158585,0.418301341146676,0.513236124433535,0.577071483243417,0.531600721159311,-0.00871296079506921,-0.222564130447216,-0.173127740791889,-0.126579216364344,-0.0872730864889249,0.1561425544246,-0.230266469721924,-0.0798731155249278,-0.0438999561833497,-0.153564153244238,0.116526987228715,-0.137253603598987,0.313507701275645,0.32519218499017,0.462301392989543,-0.165066084826675,-0.0886670148905002,-0.0888180869500012,-0.180295976919924,0.0140768788682742,0.201385573538619,0.322156766327602,0.306302219790747,-0.0513861821831262,-0.259728747229885,0.144016633253705,0.00316291556964997,0.110702636148718,0.540464005147491,-0.237088629623866,-0.104484887465017,0.0510359055303846,0.1006646997327,0.412933254214857,0.337799292083837,-0.112282772490919,-0.117227517488918,0.203841964466425,0.439575504620132
-0.18398338983797,-0.120278673184083,-0.31452501863869,0.0567797269140782,0.0490734220555645,-0.144671925268483,-0.358756232592664,-0.193616112668346,-0.0112107886083971,0.00494898026927053,0.646316599920309,0,0.251077464851493,0.060744909282728,0.12311017893293,-0.209840043178494,0.111446776302151,-0.0325759127098453,0.0555109441956808,-0.152266614205364,-0.000850124802915102,0.103603134600013,0.025625612910967,0.615646256096803,-0.17646569141696,0.64472777368702,-0.112466420329603,0.272221885121914,-0.0396899959192333,0.0544300276145386,-0.333293098129604,0.0168546084048522,-0.0462042109211978,0.18552403957238,0.11639400679914,0.284081143173072,0.443558517602595,-0.523342538752839,-0.372637912514524,-0.107982943547277,0.182007007895047,0.414533871804002,0.565757331506981,0.386282376053067,0.443857877744483,-0.0966885659614421,-0.114171055842323,-0.127125923449201,-0.115594094939949,0.209613507512355,-0.279791932767205,-0.307897278848369,-0.031967962157493,0.0523940607820118,-0.17318483687463,-0.381517995168645,-0.225414527192203,0.011089347615284,0.19755959362576,0.781441612104997,0.701034687931119,0.24304969860892,-0.133357406464916,-0.00323354297542539,0.0665920429250738,0.113176010991858,-0.173832109080361,0.0770778607270788,0.0506659489994272,-0.070876781326717,-0.119209565606177,0.314950323490439,-0.0643762180756726,0.00779602786971047,0.544714250807399,0.529902972327641,-0.0317363752937448,0.0294695650971793,-0.247831936088125,0.138521409070472,0.195439868385854,0.0792865984921208,0.153988461786454,0.387717803512123,-0.0560039363536699,-0.153869400393603,0.306583896404552,0.169393977051344,0.190474279186656,0.345639381429234,-0.1304755602828,-0.467588056514536,-0.269329401131631,-0.165999902135934,0.359651465312879,0.358342148258632,-0.146579690338539,-0.190536656344077,-0.0461059009965863,0.330298776244405
0.0637377093097286,0.0881731247547088,-0.0899779252080895,-0.00396902838568158,-0.0954606688584581,-0.0935441726531281,-0.308557433482905,-0.242730588645933,-0.281614241148981,-0.303284352172121,-0.0188096409171649,0.251077464851493,0,0.362414072873022,0.221911466699181,-0.115375218931966,0.537326307493225,0.147327397583588,0.453533048378881,0.258294769859941,0.212518432040598,0.621728363144284,0.199609630627043,0.327132057474198,-0.352027909067961,0.388051690100834,0.481957038484873,0.600009651271993,0.443154695183163,0.144252657214643,-0.164773189748382,0.0105805749280049,-0.1121341313672,0.332387643923602,0.593358871561684,-0.157235517290759,0.322633002728796,-0.262194298985594,-0.274901518888686,-0.243217498328059,0.0416283439298706,0.27173467203309,0.380785538921631,0.0710822135741619,0.181992547385042,0.348597502597216,0.211137098360404,0.141054067427996,-0.198306874458975,0.0626591839381138,-0.065234102864278,-0.07464862388578,-0.0348561464239812,-0.0574911635863252,-0.162940877409219,-0.229003930539929,-0.241003170732717,-0.213775770435212,-0.249301229791367,0.111401682790995,0.152646487327878,0.552889969087415,0.263482229603852,0.219656837452832,0.243577177698222,0.214859633995175,-0.242662567832503,0.402702936306864,0.3220326374457,0.14242072873469,0.116506004709815,0.4208046015011,0.163651711588894,-0.284622432001721,0.186627230262773,-0.0252717361496674,0.431791668641645,0.259705199470857,-0.208477078690967,0.126304625805215,0.38611269525584,0.129804550024263,-0.0203361398429398,0.291526611886763,0.389409508083675,0.123053447666762,0.319752452239851,0.47791834458426,0.237791366545652,-0.0677950545825301,-0.0890473816011269,-0.428465207044086,-0.309612499892129,-0.204171944638557,0.00182819084250779,0.185898815876959,0.24562184731672,0.0870290314115926,-0.102502117427936,0.0202024840465442
-0.0847975072487701,0.143687460140694,-0.221699021427294,0.36475667347324,0.254316807780836,-0.132912386314139,-0.351559244700969,-0.399205002238343,-0.397163770042194,-0.398340988843484,-0.172840284027465,0.060744909282728,0.362414072873022,0,0.824489800114476,-0.154921715568357,0.225236927961216,0.00666988191378569,0.57143615364956,0.408574638206666,0.800395974376753,0.303113455561113,0.804557065312807,0.245649423096378,-0.346377985140327,0.160476518506714,0.39860762792636,0.35674480263651,0.501294724765835,0.656673047392336,-0.139670797413002,0.326511214205409,0.192435809850448,0.157678061384926,0.290200833517226,-0.0900925914925871,0.0477179203204527,-0.274950508883136,-0.0397085597467809,-0.245388907877821,-0.113561337505388,0.0116304492798899,0.181095233785033,0.170042107346989,-0.0860268831319584,0.426323491110461,0.697316189161581,0.51125124570391,-0.200340817205893,-0.116794469026046,-0.415070648511297,-0.16446985340569,0.156697354396461,0.317804382128066,-0.315345263616857,-0.349464872665009,-0.382291761670562,-0.387939841339575,-0.289471852970272,0.0765739817912422,0.0499516256684287,0.223132479052189,0.434129185766882,0.682082150728279,0.636955460770991,0.787453717542549,-0.45092636379584,0.377483746638745,0.344283304828273,0.0783746755393774,0.567802940214296,0.179840192371773,0.717475426359082,-0.270476943779839,0.11032713437703,0.0861607112631017,0.285571470354939,0.683426220713304,-0.167977683782032,0.378930191063021,0.167076326536519,-0.152131062673429,-0.310155061893787,-0.0730757444073448,0.169112897096165,0.452745369900807,0.0421525720569481,0.158437901727697,0.0621636810444173,-0.260435569308781,0.0992700777907378,-0.311468391803708,0.0421797254141219,-0.205801810480902,-0.209080996472125,-0.00177639112101824,0.373266834093003,0.403160789712811,-0.213307742089591,-0.218770723833343
-0.185610256057412,0.0921906538505449,-0.333322928740519,0.468662283482766,0.359043623961224,-0.189312416645316,-0.318711739109214,-0.401819334709501,-0.407972540852657,-0.316400281212318,-0.0992053389350007,0.12311017893293,0.221911466699181,0.824489800114476,0,-0.168267529406404,0.0175196998191373,-0.165231260261157,0.447218038285395,0.230476662853073,0.717234664989658,0.082145922414575,0.838456834818549,0.222852347502813,-0.223490182329778,0.14109843182927,0.231694911187307,0.254394787802085,0.312131424937256,0.773242093686156,-0.143663970542559,0.393777598926445,0.243753150481748,-0.0132353195612351,0.144076759766406,-0.107114979161256,0.0169365325913058,-0.337445908142026,-0.0228848081639269,-0.235615121064306,-0.260103710989931,-0.0122479232014399,0.14399403726192,0.21751409389815,-0.103018323738156,0.306631491241595,0.669556733151364,0.500916173473036,-0.246161352479053,-0.241876099323906,-0.54365173841472,-0.249457630482396,0.208374723492655,0.445421670740645,-0.36267425723207,-0.442617085228707,-0.398317922607065,-0.421749741489383,-0.172797748900137,0.176262471465168,0.169164353548444,0.197289286320696,0.393499479205834,0.725588087487463,0.699815542443713,0.902386675104141,-0.50461480957752,0.292548685233648,0.225043572145258,-0.0240460708968213,0.520684798746014,0.136649153368908,0.742140677369678,-0.28089803269045,0.16585539273478,0.207790409062129,0.109926124442187,0.728820869484035,-0.130230620926148,0.449476253421756,0.0621611176661078,-0.289609375754868,-0.361672527786854,-0.100184528898716,0.0526587064407827,0.465136535542343,-0.0126701375443278,0.073180341423399,-0.0904232963281021,-0.304989586086465,0.118846280111486,-0.292618549910961,0.0861699043826642,-0.219547659256484,-0.175982893237468,-0.0222424657447161,0.274741960226422,0.363963909982537,-0.321106820771007,-0.31501977691132
0.244914116220094,0.472996878872894,0.0148810515865968,0.356537185349789,0.42995790382708,-0.0471594454253776,0.280240800601846,0.163636167119681,-0.0987897720717505,-0.134414637733651,-0.268965275254958,-0.209840043178494,-0.115375218931966,-0.154921715568357,-0.168267529406404,0,-0.0250033804641927,0.119912233831569,0.0317371160303725,-0.0849884530972957,-0.0858665876450081,-0.139958217794502,-0.11024742155738,-0.0741345189768721,0.0166187371770046,-0.146572313546797,-0.261402744226151,-0.202969837662811,-0.0314715688960063,-0.200760049321182,0.0994144639824623,0.332125581414201,0.333334813828033,-0.0967072034659723,-0.207987844391037,-0.0609103818877026,-0.058823046211388,0.186359006027217,-0.0141029324396693,-0.151065519599256,-0.204576887335239,-0.279874675091858,-0.25744533648458,-0.176561547180898,-0.374791443693384,-0.247000525910461,-0.240107560611801,-0.168259338201211,0.0276124118604887,-0.0692157218700953,0.355934495093904,0.557559753279484,0.586055119732464,0.3907938522983,0.111277051428127,0.00386255054097987,0.134275830663388,-0.0582313191767765,-0.128466861837812,-0.194397395228531,-0.0974881567497016,-0.0454524562705551,-0.189061738007826,-0.181569057954898,-0.107608209581548,-0.187870729742613,0.0173789456202806,0.0880372572986621,-0.0771814669140185,0.0130742554470045,-0.104949702322328,-0.113665343491262,-0.176368716183254,-0.169277295534665,-0.0148590858254353,-0.173895361131774,-0.109972592291012,-0.240140675392789,0.12357505625318,0.253316067474028,-0.0925080160946981,-0.239776689196594,-0.285074540495031,-0.210226370173792,-0.188451867303036,-0.153787259873092,0.0984936612914329,-0.165004078775176,-0.0338837081048553,-0.340433614569179,0.361191605405609,0.106393737275365,-0.11972113966,-0.130111625640026,-0.238274660007231,-0.202400509642188,-0.218666192500952,-0.266624278118101,-0.0139086003709803,-0.0737791673810911
0.135541437718819,0.16884465583165,0.020333433557015,-0.126706007128682,-0.145338046973291,-0.0885859835379216,-0.273151543385755,-0.115518908499223,-0.16668992060826,-0.258781272165757,-0.0739153986734979,0.111446776302151,0.537326307493225,0.225236927961216,0.0175196998191373,-0.0250033804641927,0,0.442816606631752,0.484728771552858,0.363545472146746,0.225550068297346,0.688434285781162,0.0991874537244491,0.389045848725417,-0.327230043324653,0.239937049740122,0.450140202732553,0.487577159958157,0.519090635183964,0.0221419609846164,-0.0519743578010569,-0.126650545087566,-0.0974727200314117,0.605360935608502,0.540824639160767,-0.0308870670150236,0.386362146179732,-0.139222076290533,-0.205068362560257,-0.187783393213138,0.25153677502483,0.191359253096949,0.247039031815247,-0.0689185552618714,0.211314172338858,0.370095437184149,0.124036355742866,0.11955843737406,-0.131685478966389,0.231394768552146,0.156018285514814,0.0766603601096258,-0.0931734041816141,-0.154660097767518,-0.0588461301864829,-0.11295470317453,-0.158683578453287,-0.0413016176510815,-0.275779913946377,-0.0700649341638546,-0.0955262675980735,0.218668125422781,0.201776080598119,0.0773952152599801,0.0999821592002186,0.00720912029012735,-0.220774148175728,0.421989306997458,0.466518243876956,0.350070176490493,0.231689376835463,0.374143841656839,0.144735836755648,-0.175015161351446,0.0530474319539203,-0.151230400448417,0.487271028868051,0.0927879157961136,-0.134698845422556,-0.070435924093542,0.435300604701941,0.296627363090057,-0.0165927371830568,0.240917979112047,0.423329266462162,0.146235052932734,0.447708448143873,0.394781890484467,0.351824346907549,0.00169694221031107,-0.139610897464528,-0.242989277136881,-0.358072703082102,-0.0925773516909565,-0.0751732631371496,0.0939584063575399,0.256087529665804,0.115680070637462,0.0653206927740854,0.181722470525953
0.206046481646267,0.132151497316556,0.174187514460104,-0.32331113391075,-0.25428108108035,0.0238168785305037,0.105106569783202,0.420934739307519,0.123235467956715,-0.0923297010353263,0.01661290842314,-0.0325759127098453,0.147327397583588,0.00666988191378569,-0.165231260261157,0.119912233831569,0.442816606631752,0,0.216534529106307,0.502480920220818,0.228994186401477,0.438156443843699,0.0112416417670225,0.178355818919442,-0.147867890089048,0.145656074655159,0.206701266130082,0.155374399658875,0.448482004655164,-0.192344664410327,0.0121070751071718,-0.376384941265831,-0.334468817252222,0.630761286368789,0.218167119949121,0.265851109985724,0.255473296832378,-0.0504026516693191,-0.162593323169881,0.0866268182418129,0.457674427432294,0.203558609371815,0.0434787288085283,-0.0561096700935489,0.209771826422862,0.148005067452952,-0.0796341008549884,0.0702958700721594,0.207526301003982,0.378328140225048,0.222742056464395,0.1473896475089,-0.137745484950556,-0.315386454385905,0.0908661803360912,0.0559195605869482,0.387225164718162,0.434250540344197,-0.0985220142938703,-0.0443570716127254,-0.151831394789876,-0.106490504617273,0.0300467037648395,-0.0145919941600219,-0.00175474856291581,-0.118467070475064,0.240695030049936,0.245595899652491,0.542678107677569,0.772838484276786,0.386303184637986,0.312684468065322,0.120515465077402,0.132069353786323,0.0270796267949091,-0.117061075395463,0.520292779156391,-0.0256289267199252,-0.112782073777059,-0.327122492628651,0.371206353852003,0.555382840618465,0.180731080108952,0.214773522507124,0.33115886800206,0.0971369691914658,0.258111513136605,0.129648208372813,0.526497385629688,0.262709779934243,-0.326289433950078,-0.00245887791217577,-0.266732897375489,0.143883613536226,-0.00281291903605393,0.150139738983531,0.181805275212681,0.13973175550747,0.368257025292093,0.332414674088728
0.0295765838746689,0.173107133606917,-0.145618507687776,0.238835420097654,0.17218997030458,-0.188360206677049,-0.319190265447403,-0.323664805658836,-0.369677578945509,-0.379517089442731,-0.194994965456813,0.0555109441956808,0.453533048378881,0.57143615364956,0.447218038285395,0.0317371160303725,0.484728771552858,0.216534529106307,0,0.395503340174502,0.496389016283661,0.409482561259051,0.397545334216189,0.330352597203998,-0.349374413625844,0.193572077742287,0.377534514875046,0.453129333843737,0.650894229371971,0.267936171943801,-0.138719484674071,0.229154226005621,0.152171731260151,0.375592353988044,0.377500738294623,-0.211502580499898,0.206212913446605,-0.260186274919255,-0.182962300989124,-0.3452923345651,-0.0419130496892704,0.0433434766529757,0.109559750800192,-0.009312613840961,-0.0801958762553345,0.304967805752969,0.343612614393751,0.165957756180479,-0.22034973500808,-0.0793237750874158,-0.130931248515332,-0.0363671101664402,0.16938904118762,0.216861993562302,-0.217454516986613,-0.304652907675972,-0.300010411832311,-0.321468180813493,-0.376808623854284,-0.0185807500215865,-0.0789379279497018,0.201644568359254,0.386765655451065,0.423036328632807,0.429044801204006,0.389782227120438,-0.426310556946212,0.603597602937288,0.521296448358138,0.238782896243682,0.320242431170083,0.187752465473131,0.31934537657103,-0.339636872009271,0.00656436254052563,-0.0633956739449358,0.51986839768785,0.297264388942093,-0.240020255878687,0.267575244715261,0.277861248304535,-0.0516296008774848,-0.3550372469676,-0.0350714273556441,0.20076006116247,0.359449519301672,0.204840298181354,0.186361569494552,0.125554655673016,-0.354208847345453,0.0351728768678551,-0.35622768776238,-0.231403074717048,-0.315371365195722,-0.282356883055144,-0.106006006892004,0.134682583875375,0.0526687220567932,-0.148487821410599,-0.203565916143526
0.145592861956208,0.0425492023944213,0.165596956810536,-0.144247546282609,-0.186180660821594,0.0695834028639212,0.011300590528365,0.0418193962715235,-0.134182818705233,-0.343447823693797,-0.253654483741651,-0.152266614205364,0.258294769859941,0.408574638206666,0.230476662853073,-0.0849884530972957,0.363545472146746,0.502480920220818,0.395503340174502,0,0.482261231618981,0.441116316646204,0.340782189301673,0.136560672982731,-0.277394954316034,0.0410763741108221,0.470091613744522,0.216260566737519,0.64695532887325,0.118699838874565,0.0077853897137785,-0.116622522814229,-0.199673181755615,0.323099692842568,0.310008030443629,0.240196524513299,0.216246950351983,0.0424899347823998,0.0026117313798354,0.0558246645908402,0.279168761932279,0.18246533099326,0.112179806110949,0.141249323745721,0.0728351812511241,0.479028186378875,0.319586538085143,0.443119223994819,0.167147534240392,0.316852808260536,-0.0380210755511637,-0.0413663547411152,-0.149154990577451,-0.168922322500215,-0.0715006571323602,-0.043050736403446,-0.0107209190576217,0.00597345478411899,-0.335698418018866,-0.16831460440646,-0.167790845333724,0.0547104282664289,0.261495408589335,0.306408346242931,0.29208950518645,0.253731043409941,0.0937020879116895,0.324659815522117,0.451397100572721,0.460894153681346,0.592291138196974,0.207132512954413,0.382738746750221,0.117875370029708,-0.0716322214176818,-0.166458207631557,0.539330797370404,0.286851944940224,-0.0970767897794654,-0.110604547863738,0.311495782659304,0.333705406692045,0.0418940949576899,0.0670774386981571,0.38171058370596,0.35955753412981,0.190335613375339,0.189348725969042,0.608825199189872,0.0628028607426972,-0.257112653156976,0.0329706725772704,-0.0343729750581383,0.0849222123796447,-0.054813788261471,0.229553579880899,0.494047410606227,0.443049385395202,0.271535071913286,0.129398895556228
-0.0494965679223708,0.193571238596548,-0.129259931399481,0.283258760170301,0.240577256453476,-0.0685772685429255,-0.270622921550836,-0.26023815816439,-0.272209558091509,-0.367505684111398,-0.144237828067755,-0.000850124802915102,0.212518432040598,0.800395974376753,0.717234664989658,-0.0858665876450081,0.225550068297346,0.228994186401477,0.496389016283661,0.482261231618981,0,0.246818871904321,0.737470914022888,0.253671267242798,-0.327359790807109,0.158388031359673,0.312540525405844,0.236019044655419,0.552658976156441,0.548381230557378,-0.0714646353777522,0.228993137381746,0.113298290286681,0.263988887305501,0.16727527598741,0.00815225394917177,0.0247217118928432,-0.237609683686408,-0.010574030357231,-0.198873151578437,-0.0327027400930752,-0.0195131378231451,0.0998287947247492,0.0778539616076599,-0.0872705788377703,0.324786281279308,0.521400372204749,0.435989062400863,-0.100737856613995,-0.0517546773746799,-0.323870475905669,-0.0561186061083836,0.177141320859506,0.258037388190284,-0.221306242218442,-0.261442409101348,-0.25098778736841,-0.219892917855744,-0.254740179477928,0.021328116479308,0.0104166887692253,0.0691663782371465,0.322082333874406,0.572075957810532,0.580263112393466,0.679562346958985,-0.359856745034712,0.315172159485726,0.436518900949367,0.268864837033283,0.713613383209132,0.192029540391393,0.681718823140772,-0.202385085401352,0.129559704594351,0.0837840661221449,0.335760136862397,0.603742647684682,-0.120409456898141,0.282487218075942,0.246724833775918,-0.0598555458181561,-0.314510117245888,-0.102082238444372,0.153304682567519,0.341987785103118,0.0550300110467204,0.0395729965669105,0.113368485827353,-0.197179843777537,0.0494871548418617,-0.22388119186222,0.0177565546916891,-0.126027610166967,-0.1984785339335,-0.0427410138988977,0.324113802578939,0.365316662327954,-0.114315586852825,-0.160310011896723
