0,0.0648846193491961,0.292995910889729,0.0616641228183525,0.132693276141581,0.25586080647049,-0.21783249815888,-0.034398795080604,0.00421246140223921,0.0169442501881458,0.0697704465584245,0.05278811668805,0.110492121778316,-0.181882679770258,-0.180354322324224,0.0883228628198073,0.0608243947031133,-0.139439950908457,-0.03552856085873,0.0111431295112759,-0.0422354862547568,-0.0094358367650634,-0.140795759928491,-0.184423429089815,0.0280389359471885,0.138974204645793,-0.175057317573854,-0.0453207170117812,0.02595351454478,-0.184550463489693,0.105443822268627,0.173553583233707,-0.141042521795103,-0.021912446141268,-0.095616533145211,-0.0273242227690732,0.0120278456345312,0.193053739701347,-0.0456066741176287,-0.210207932295131,0.0387820319467811,-0.0776364136336263,0.0618056811159266,-0.0397221037182293,-0.112111775492403,-0.195309902649807,-0.163639175649039,-0.0809759023900163,0.333902719782283,0.22404499693956,0.370915303919412,0.047221244250672,0.19368137918493,0.0954163129443538,0.0794979866033897,0.29443073268854,0.0252970201140058,-0.0433373351195386,0.0405586859576691,0.0844528506253348,-0.0878646834811368,0.0236627701933637,-0.179656011096134,-0.134963970275188,-0.117600753329292,-0.203926798309511,-0.0444587928350212,0.00425395436149508,-0.0327602900192093,-0.044429560960433,-0.0284178400749607,-0.0932179825366927,-0.208556458785937,-0.000441078821960269,-0.130485019043273,0.0431084815835053,-0.0670918352537187,-0.18591971073996,0.100299815771154,0.0665164357108272,-0.111214399115079,-0.00909129147671082,-0.134135012100845,-0.112936258664337,-0.221784623524987,-0.218927079741511,0.0534140697988683,-0.00272420821154731,0.000815694469029647,-0.102110493523419,0.0452039483073012,0.120790408397127,-0.257860667289549,0.0222958316510298,-0.0525626351772212,0.0334763308972547,-0.2420733712829,-0.188850796494109,0.165108359483833,0.160673895944437
0.0648846193491961,0,0.502144764453659,0.638520972917756,0.485950818217114,0.293989421580752,0.329376502780653,0.537544572779833,0.275412798269167,0.193679526872695,0.22896078494296,0.0702886921905623,0.126583580848959,-0.308348954250665,-0.324910146377414,0.640572924401504,0.180095266700744,0.431778207674977,-0.0125599239258324,-0.0328596666004453,-0.14748231383364,0.20778986997664,-0.319436132407599,0.0849147807984897,0.248062969294778,0.254943332323905,-0.0197678344925262,-0.231481759598689,-0.0946483639811354,-0.353521938936516,-0.026073073563029,0.138401520315369,-0.0683921170922385,-0.224385201829587,0.0117922310783034,-0.271070232499264,-0.375321637259226,-0.133646611358332,-0.221619237230194,0.145566989106749,-0.360307564081834,-0.0810907829456763,-0.0158769117468546,-0.343800819011622,-0.356924843069638,-0.42713506779929,-0.284284131551298,-0.460256252778592,-0.203914029300068,-0.428367825776015,0.155040926864257,0.683557921363478,0.428448008039657,0.631489410042166,0.290410238690903,0.334012032828758,0.403704195714489,0.224535554428533,0.260348569812381,0.0758237754373043,-0.0490003806862041,0.365183523834681,-0.00271708372638357,-0.190520977939821,-0.14678941368476,-0.285453890539053,-0.0307642557858774,0.382641131414676,0.0169355625593816,0.340734108076583,-0.0992333004830397,0.396608164022102,-0.174721551467037,0.363219523544852,0.348871127850683,0.408580633532595,0.0291672300847732,-0.198454808031006,-0.0417480592077923,-0.0307914762280065,0.295037027803328,-0.225880709860917,0.129699527018088,0.233676615746274,0.0596726505534393,-0.14143822611107,-0.296142692683801,-0.312714262968082,0.053786114959672,0.139935608310141,-0.0827197531618467,0.172780748657418,-0.0378544572326874,-0.0133087565212238,0.206391657445261,-0.413553729567256,-0.303238655907214,-0.331801981284807,-0.244485739782467,-0.363106045426903
0.292995910889729,0.502144764453659,0,0.350823664062261,0.349633421289861,0.296222156123751,0.147863935131417,0.242979671153752,0.298679085736091,0.0176855063672867,0.18226829364171,0.26390029165873,0.152861570679833,-0.056302869461067,-0.0671278209642978,0.344160409422065,0.0194644958213102,0.209696256680001,-0.0772222468731432,-0.101354915894606,0.051110036038252,0.116335515343042,0.0572639099048999,0.061068786974122,-0.0672525928787156,0.359216197446155,-0.00413995290197984,0.113909439278325,-0.224318979495862,0.0477062536947772,-0.14589240156061,-0.15353658790647,-0.257519043344229,-0.156730821014416,-0.0351518140706091,-0.284849513262508,-0.398739107572944,-0.115560197795321,-0.414964502402485,-0.0623354681218597,-0.282096200339577,0.243557800093329,0.131328123567384,-0.250932528427107,-0.328343353666275,-0.205911894477104,-0.0585533899519884,-0.107721852153185,-0.0549754309564744,-0.182793569308873,-0.0428637252297951,0.448938370560639,0.348481005212073,0.373438506128144,0.409199916728791,0.478806228086897,0.256318864122067,0.230455473508636,0.115344467153765,0.334689284564606,0.146998959043948,0.33547608982904,0.182999770944123,0.0804310066524982,0.0566210983729678,-0.0500597275163477,-0.139441246672232,0.246348151448668,0.142598050706626,0.189612813477871,0.0249427561538812,0.145641861752385,0.0912010302510151,0.265795577391766,0.330187681884134,0.397730489468225,-0.134846754374055,0.0721733411783184,-0.104775503609695,-0.051827393701888,0.253058552928999,-0.219057454260869,-0.0477672326416519,0.128198422397581,0.0279339300036087,0.0175940876542135,-0.440031142145472,-0.136722174473073,-0.0970685382453748,0.104372488465925,-0.15446450700588,-0.157712022797407,-0.331458979774101,0.0652255205962016,0.124127463431366,-0.277396331496345,-0.196455885353003,-0.0856730456040182,-0.27279167679431,-0.073701374165408
0.0616641228183525,0.638520972917756,0.350823664062261,0,0.229265364385333,0.0484665811544986,0.284214273271968,0.585645914580804,0.228213788517121,0.133447854609885,0.0157901751256033,0.0235896012062625,0.132310088329245,-0.0739014440520725,-0.118577823096751,0.399813163953801,0.248622688449743,0.261097216642844,0.0781151081385595,-0.0668701531870674,0.0905387387194435,0.0742971380849325,-0.126094060494072,0.107904485593373,0.154182896337028,0.114638765741977,-0.220610549195893,-0.346134200240838,-0.0954148756295619,-0.152964764957281,0.0576857112992143,0.1053915189373,-0.0756899428502717,-0.198434829241049,-0.165188163400931,-0.360455639613595,-0.19898576816184,-0.134336968338711,-0.220703509293072,0.185510826523614,-0.482585430714444,-0.140083412037015,-0.214296613211631,-0.346340894413512,-0.416354485677086,-0.358475403435859,-0.310526135662199,-0.337285720319831,-0.224133597351138,-0.424917915264811,0.146780291249167,0.54793788477829,0.564124933066183,0.761996851814459,0.0237126734206056,0.177439988801174,0.574867489356115,0.270353471269638,0.00243788615709205,0.0183835201934412,0.0934497813166665,0.126364844840923,0.0571565220596255,-0.0127765241320674,0.0331037817389665,-0.0803480821610704,0.0115518696350683,0.250897807417118,0.0412371781164309,0.300361959594733,0.0727089202864644,0.207475146249152,0.0136234866916424,0.23748470081927,0.151202390452748,0.174441669345491,-0.0272639321421037,-0.0606610951134634,-0.0245743068589411,0.116836527838069,0.181458109807916,-0.418111244508162,-0.145379026871453,0.016411757931861,-0.0479489037548609,-0.0804052873106003,-0.159131322790629,-0.286460583684036,-0.0244076596726847,-0.0401365752610883,-0.0346728974850436,0.0433003776775999,-0.0159362048748867,-0.12704113556666,-0.0783176873459141,-0.392170776617749,-0.24350770143846,-0.207127690602885,-0.247260131714537,-0.306665679385794
0.132693276141581,0.485950818217114,0.349633421289861,0.229265364385333,0,0.374207302273369,-0.0342921648337699,0.326171499099825,0.316075591179667,0.191439044711217,0.232387491552919,0.0620883399554184,0.0895572762960591,-0.379957921376207,-0.423734617164343,0.29342982672965,-0.0526040636191202,0.213631776380392,-0.301447528078155,-0.267171152904957,-0.425220825917514,0.235906033739829,-0.335645777073411,0.0132399282252849,0.130118974757248,0.149215190329697,0.0502669822376184,-0.0288131879659537,-0.258926627765271,-0.298711940364141,-0.0805419646537554,-0.0583084864856745,0.0243782023759367,-0.00420580779390867,0.226739409669185,0.0934175268879848,-0.177118416157164,0.108578232671625,-0.0369260769876738,0.0556917660801238,0.127875788844906,0.127984163523281,0.204386737756807,-0.0344390268098513,-0.0927335045627304,-0.24204723823463,-0.000104966196400523,-0.189983073377928,-0.00341494409435652,-0.123019913025734,0.156547505848924,0.425482217862374,-0.0260930044233543,0.358537889661007,0.634613755488796,0.258924851280563,-0.0203229460342062,0.265812783474858,0.357942142121111,-0.077394130940653,-0.237589002331411,0.271858754060922,-0.112046722156256,-0.294372975979754,-0.325379456952961,-0.41712426081906,-0.304952302053522,0.0166155815552297,-0.201768650333677,-0.0565558132618184,-0.388484785287741,0.250367450415365,-0.324958075608757,0.104676747665051,0.145300464636785,0.201136920803047,-0.221800864374983,-0.312124449627431,-0.0334367891679504,-0.211709010255272,-0.0297044917429541,0.0818865576649741,0.28071198864043,0.218360918257974,0.0822719979729175,-0.153644947473762,-0.262948178943965,-0.0345413978375096,0.147619835273376,0.06895702808643,-0.0306194434244576,0.15798721256386,-0.071144329703038,0.235215933814335,0.310775153366091,-0.110963811728361,-0.233391420220191,-0.245185775631239,0.00979743126351069,-0.21158958270924
0.25586080647049,0.293989421580752,0.296222156123751,0.0484665811544986,0.374207302273369,0,-0.141061218394054,0.152988202141847,0.281964391468714,-0.0729180825109955,0.1580935401787,0.0560635604330168,0.138564191850904,-0.239672905029906,-0.231540093552764,0.115806414138841,-0.0435151239484462,0.103431708588746,-0.123155218719396,0.0609484249777385,-0.224518270655483,0.169409672364496,-0.108702462169743,-0.135738601311068,0.130103308304776,0.183106103769139,0.112658574877274,0.0980505072752158,0.0614229910533181,-0.11311977849533,-0.0970800157708697,-0.00637819693911008,-0.0732862319410242,0.0240049630400347,0.175929563992065,0.118777990121345,-0.0423670297897048,0.040502257965582,0.0612219807886834,-0.166280732180535,0.0467880224874653,-0.00565471293744904,0.126313505824017,-0.0202576800345636,0.0585009107013557,-0.0137602912309885,-0.0374075737115457,-0.00632331520591913,0.379279167913757,0.162395040412783,0.0511519907290938,0.112482679718123,-0.0353512899419853,0.0967160070112991,0.425483663730453,0.616691577999342,0.00200105119563034,0.159324857912969,0.125711916705378,0.122590242604898,-0.174560824872629,0.260960089251598,0.00863615467823927,-0.0802981818333656,-0.125393789852431,-0.175924093603949,-0.141600892155374,0.172235193062068,0.0839508960037538,0.0961917149103705,-0.115435951976558,0.153774230846856,-0.078377928286907,0.0535082901521524,0.00274736531668114,0.104717168379539,0.0401042599156751,-0.10999554163975,-0.0691508310643884,-0.154172798216602,0.052239472810826,0.0658273296187233,0.0198877440231375,0.167469336502571,0.0355340434690777,-0.023955294352849,0.0314731171735081,0.0316856890497899,0.194224714157824,0.0267768992375575,0.00362257142625743,0.155434642976117,-0.080117761550889,-0.108907756501065,0.0595758230746653,0.0121110675427354,-0.0356253479101094,-0.0832758241777639,0.314291940029635,0.161446446956777
-0.21783249815888,0.329376502780653,0.147863935131417,0.284214273271968,-0.0342921648337699,-0.141061218394054,0,0.326133031553142,0.119532569502044,0.141223616910745,0.072849611963972,0.00185179413791393,-0.0150509553337918,0.118127592466202,0.0868510051485123,0.378123291246957,0.257222924491547,0.438126339466824,0.198477489475234,0.190693609009445,0.218284482782204,0.128354054652875,0.138824592545266,0.352601350221749,0.0269990734704456,0.0735037401291791,-0.0337711539133065,-0.185883777606904,0.0338616429288628,0.00725385018008614,-0.038479608242783,-0.0146436155710397,-0.0829660894434865,0.0266384106222908,0.0151070609621289,-0.151710920795445,-0.271648200084099,-0.329418095199986,-0.322915867838008,0.254038962956632,-0.38830709267985,-0.10223621650192,-0.145904124224583,-0.359115407274028,-0.241145991203912,-0.2152152673296,-0.0594622235629491,-0.1552523740378,-0.293261394820429,-0.452000714503077,-0.0695778869210062,0.347230958560845,0.32867632688981,0.247335261235013,-0.0605572732354568,-0.0985326517107142,0.374971793412646,0.115774196097081,0.0324463277728737,0.0211066401448846,0.216008379527581,0.0674939572895447,0.176028522527899,0.113121676041604,0.157017047232118,0.0989988143495997,0.182839300075698,0.270479428554408,0.200571152026429,0.432059386751283,0.21232478277438,0.293756255867283,0.163715543627698,0.248077557282994,0.339510415780651,0.191083147215918,0.104438737479564,0.121153274123415,-0.110973082023774,0.00874183021101309,0.375351024146596,-0.306437384110154,-0.0612647348516083,0.17146217392617,0.117866766537275,0.135132817705681,-0.211788154124672,-0.300701498238397,0.0914552020404074,0.141027275552531,-0.138827738388526,-0.0964041697026483,0.0200060666366608,-0.134454082892188,-0.0472613916305632,-0.327126258291018,-0.0699690241086254,0.00263964134197118,-0.308765144198973,-0.342777172141736
-0.034398795080604,0.537544572779833,0.242979671153752,0.585645914580804,0.326171499099825,0.152988202141847,0.326133031553142,0,0.399873960129608,0.208640885947395,0.0458166199880789,0.0283367072272949,-0.0097071448014132,-0.188580548228075,-0.185826394315442,0.33794408827174,0.101477193455702,0.547838792731876,-0.0228458520832678,-0.101993821457944,-0.0648167041045351,0.112991488781195,-0.168083765183623,0.0954024128480836,0.186361529195162,0.0609896078736236,-0.160573039788845,-0.29651444088094,-0.155878491936236,-0.181370232054748,0.131317262320337,-0.0391852533443513,-0.0355903887217792,-0.0478147406318884,-0.0131637882636469,-0.0869373246856792,-0.151368488458683,-0.0481732871620921,-0.110365110832619,0.173263718345602,-0.214380557104933,-0.0909465118582929,-0.168724594787206,-0.22856291602634,-0.339823412061009,-0.325231617941641,-0.174604388222866,-0.284442044242078,-0.155905475252207,-0.410575408271179,0.148858995196359,0.504090299739644,0.360297381606119,0.56679247908262,0.235603413139975,0.204572286326163,0.635185903563938,0.531509154404496,0.28598115169779,0.0148375566730978,-0.0671523916504754,0.208864049999494,-0.060516605796346,-0.124574453735038,-0.0846709799503507,-0.150416661405701,0.0222264090550571,0.204711812054806,-0.033348526001721,0.348542821298576,-0.111444729290631,0.174233706810717,-0.0868095497413451,0.200965187988552,0.22823406998175,0.145194444381326,-0.064779339855825,-0.18878868313025,0.0406585343438008,0.0256707289164826,0.054513078233118,-0.250612943281007,0.0548195121047715,0.0800491301190543,-0.0902195809007133,-0.139058626196581,-0.191759368323269,-0.279524998707586,0.168082942634221,0.0682758417943129,0.10248434806018,0.207890052433759,0.120997882200306,0.00120652483213562,0.0222689986463948,-0.317435334044678,-0.257829203222961,-0.255416786711052,-0.136578766562365,-0.397175575364859
0.00421246140223921,0.275412798269167,0.298679085736091,0.228213788517121,0.316075591179667,0.281964391468714,0.119532569502044,0.399873960129608,0,0.126639239824297,0.00792678243078334,0.0867644799829888,-0.0492381278319194,-0.228278030637488,-0.23302115852383,0.152339465581953,0.0318719931189786,0.363174680218828,-0.124034775973925,-0.0716965590458981,-0.0742004295638269,0.000587276229625859,-0.16327945281781,-0.0428807263687039,0.120034727967209,-0.0215147768286103,-0.0900376270006112,-0.135033937708862,-0.175649099594967,-0.178719069442931,0.0701368962738396,0.00311838655540585,0.0582828551481466,0.0994152744005933,0.0506259655959514,0.143884032813576,-0.0565772405149008,0.0372986955856168,-0.263585058306532,0.0690569177764339,-0.0105833692166611,0.162319189443985,-0.192866250994918,-0.0682568746338486,-0.123316174930507,-0.253763780532409,-0.0822569245534856,-0.258952849107622,0.126174525363546,-0.155392672221778,0.106589148946438,0.286984139676107,0.239561837623622,0.274172378080324,0.382567483878554,0.44726600112094,0.300016616634133,0.567386764064929,0.27633859150553,0.0988663652824524,-0.0263704769380791,0.173866902887119,-0.0999547087076365,-0.168650415433501,-0.150381986759583,-0.181627624593293,-0.10629453196132,0.0843882074743295,-0.0660230351010732,0.149533774378598,-0.185724089488228,-0.0345353908618754,-0.128505840080453,0.113719468681533,0.130747409242265,0.165987040363887,-0.191857559526185,-0.182137882620733,0.0910566023877565,-0.00310481610018844,-0.0922946577740684,-0.132846709420843,0.0917022238348371,0.0551617536211236,-0.209473978106931,-0.129511581185056,-0.155463617230935,-0.158666183367757,0.148329292945021,-0.035591764513918,0.061211619536521,0.142989859923063,-0.0743726203552027,0.241634284957501,-0.017009733201868,-0.0638883635108825,-0.288769387030228,-0.234096427756461,0.0810987586574406,-0.192067241904682
0.0169442501881458,0.193679526872695,0.0176855063672867,0.133447854609885,0.191439044711217,-0.0729180825109955,0.141223616910745,0.208640885947395,0.126639239824297,0,0.0256089757703549,-0.132909571104595,-0.0782970188065826,-0.294752233955067,-0.313699937416525,0.230319606497537,0.0291193831640614,0.219772426272404,-0.224302994624418,-0.236532732749244,-0.237637682532222,-0.0325653538695877,-0.322990968404077,0.0846991678349261,0.313926361388163,-0.160074936416385,-0.235222260796018,-0.270234561048783,-0.136349856490502,-0.356247419861038,0.195029787314079,0.174640045976094,0.112436706995781,0.00397692525897934,0.0663488241144853,0.132569853590214,-0.0985237902441757,0.0937694512907677,-0.0985302344465542,0.2813827411969,-0.0246367639574475,-0.0599315500372292,-0.146207649131857,0.0632074166861087,-0.181166702264339,-0.445238004680874,-0.166513194997612,-0.346214750798063,-0.216347096951428,-0.310747678068534,0.174369150561552,0.297320832913419,0.175814737095396,0.151763682491235,0.226145788721582,-0.0948316890666829,0.0556878476665071,0.0424538143310309,0.533430211584355,-0.218926328370771,-0.208433090167404,0.0863833078179415,-0.219040557162119,-0.344430924886632,-0.294327530558939,-0.356599711396623,0.174560199305698,-0.0786920028315591,-0.27164735102129,-0.125922861865035,-0.3137591907285,0.118017559501847,-0.33326223566654,0.377929577789555,0.253910968606355,0.187674911382792,-0.0602920322209147,-0.330915405289671,0.20139005369045,0.163620716497806,-0.046218791580488,-0.0843371247865681,0.385119633177777,0.0567567258036728,-0.118185856925083,-0.30420934912194,-0.113236444882375,-0.310929352514012,0.120563547007282,0.153250170687918,0.100304008723479,0.334191608773917,0.148498990273194,0.387870380063717,0.213773830349136,-0.0477436908949886,-0.404757502301762,-0.357382789294108,-0.00429855189887768,-0.280800328424091
0.0697704465584245,0.22896078494296,0.18226829364171,0.0157901751256033,0.232387491552919,0.1580935401787,0.072849611963972,0.0458166199880789,0.00792678243078334,0.0256089757703549,0,0.504139155321124,0.211919717530613,-0.141242875322315,-0.130233084505976,0.158789719978812,0.129248795307823,0.125534997179575,-0.0847605396039227,-0.0182288289084345,-0.112576832192746,0.16875281907775,-0.115915304831241,0.364520097044975,0.11942131574702,0.579350564061115,-0.00497648924476608,0.0989503022036301,0.0720800876898612,-0.0912042161130236,-0.0681407609269267,0.0105816678010011,-0.209500058037138,-0.0677904141211906,0.0303905777526971,-0.00594243172205326,-0.155862800938768,-0.0466386965167582,-0.0230955849463195,-0.124141540752637,-0.0716377855248169,-0.0322818709349254,0.209998259997079,-0.279426514275415,-0.178901546324223,-0.149035711443332,-0.0839049710087682,-0.0759693038424881,-0.0832480020975363,-0.161622360016256,-0.0204166537537194,0.172938349223384,0.0256385827037089,0.0213591702080455,0.188518543551051,0.0558556543212041,-0.0550231756622811,-0.0217684294423229,0.269734562508313,0.368413868520441,0.116376240143683,0.234764615177461,0.0459681905210638,-0.0834504768932897,-0.103278938853248,-0.157022797581458,-0.108245528087277,0.109669461132982,0.0305965317438624,0.00952191041301157,-0.0817479730796745,0.282583895490431,-0.088116890028525,0.218024196075136,0.252252972999809,0.354875372207756,0.0631486444620563,-0.0523088611762405,0.0021855607614734,-0.102352054490926,0.200789792985743,-0.0480131710735386,0.030496455581794,0.137925364169899,0.081152393504236,-0.0816582705095638,-0.154000602941147,0.0919229067562424,0.201470231888806,0.250396541526488,-0.0455049914297986,0.0761410310836992,-0.200234767001676,-0.0788289028771308,0.18696146702695,-0.217720192434543,-0.112894227388938,-0.0966576728621878,-0.12942613731532,-0.141341741603942
0.05278811668805,0.0702886921905623,0.26390029165873,0.0235896012062625,0.0620883399554184,0.0560635604330168,0.00185179413791393,0.0283367072272949,0.0867644799829888,-0.132909571104595,0.504139155321124,0,0.327917246081263,0.127336739463495,0.156486340766331,-0.0950888970552995,0.0637004412692981,0.113700743951777,0.103164048064213,0.0426040708018185,0.207405425078942,0.139382395267078,0.0759225570248501,0.346589274834944,-0.0738170044464157,0.641765859004573,0.10926829522411,0.320323865325991,0.0783489084793428,0.171514626432137,-0.0590176738900384,-0.131426938164647,-0.28722003912188,-0.135625057630185,-0.0917243560682507,-0.0628352111483817,-0.180960906706362,-0.00547241837707713,-0.166154785443223,-0.166859168407638,-0.138862913296784,0.196289213469497,0.111808913186952,-0.151289462025169,-0.187534063895384,-0.00109324841746967,-0.201048308336015,-0.0295937552218307,0.0115168713666488,-0.0649509066647531,-0.109201397569298,0.0320203407282771,-0.0494376326110437,-0.0163782156939374,0.0455051775181112,0.094564204920431,0.0274126702853426,0.10055967422418,0.0264294975958447,0.473123343030436,0.318363298996966,0.280587442002267,0.198142581087358,0.131967933369228,0.152214995643735,0.130261025423847,-0.264341030524926,0.143508309960871,0.157149965069974,0.139502282954406,0.162813743484424,0.0929740618884081,0.135186141153901,4.47314967961191e-05,0.3224164643163,0.328724457415608,0.163088323015867,0.278818200927947,-0.021884337879749,-0.0881805199976833,0.192719683570356,-0.0852145950374756,-0.166598548915019,0.0962541901963705,0.107813330738979,0.0706265051124698,-0.177979604630562,0.136262574697659,-0.0191229623367394,0.0960654541500982,-0.100293465951943,-0.190645067903103,-0.312628978656484,-0.10956417276782,0.00739042726981448,-0.146698664473199,0.0216778065681588,0.000469005416971885,-0.190357788034491,-0.0326741536001275
0.110492121778316,0.126583580848959,0.152861570679833,0.132310088329245,0.0895572762960591,0.138564191850904,-0.0150509553337918,-0.0097071448014132,-0.0492381278319194,-0.0782970188065826,0.211919717530613,0.327917246081263,0,0.150609326839808,0.0643888744137018,-0.0838782689546868,0.427485198310502,0.00688541871629723,0.234784891138668,0.123564937384298,0.141237152594646,0.440783288604074,0.065629323221093,0.148617354623254,0.00967373426247818,0.312886014269334,0.150525697585896,0.166631629746718,0.248772446772804,0.124236951346541,-0.23886031193932,-0.077028982286003,-0.158867073515296,0.0654026694905859,0.21937363289232,-0.149153922719423,0.0204006593557197,-0.128274899254489,-0.13552871942745,-0.0129497628388831,-0.202063900280528,-0.118027249978056,0.201274285309444,-0.209911714740109,0.00437567794512231,0.148502769906378,-0.0471947444090579,0.094326506049989,0.0527688026839671,-0.00082170475911948,-0.0392674613946131,-0.0235064024193121,-0.0383482878570195,0.0310563853097335,-0.143146476119957,0.119721956659284,0.0595599071360967,-0.101532601277076,-0.271461831202455,0.156255336857952,0.253385907234722,0.471834265520829,0.309369862089202,0.198558361890013,0.224167863693433,0.0679008818162446,-0.384541656655535,0.324505070634183,0.267279429428789,0.263107655059347,0.266926415618512,0.31231627223714,0.124329770805665,-0.13982995976508,0.0514825853529186,0.100721644736486,0.203071419829111,0.214665630556486,-0.184081335296603,-0.168611504919517,0.267508709223817,-0.109220875995473,-0.178589887976173,0.206071975213153,0.269467081563062,0.165492770348606,0.102825091896014,0.16662706987974,-0.0309148303802525,-0.19234228346725,-0.139304535288801,-0.269369199127929,-0.256343824668606,-0.331179349808131,-0.15322969175288,-0.176972838250758,0.161909826393895,0.131866207136419,-0.065958790526666,0.0105947563828491
-0.181882679770258,-0.308348954250665,-0.056302869461067,-0.0739014440520725,-0.379957921376207,-0.239672905029906,0.118127592466202,-0.188580548228075,-0.228278030637488,-0.294752233955067,-0.141242875322315,0.127336739463495,0.150609326839808,0,0.833835054873426,-0.265090487199526,0.0943574410890301,0.0539523242306051,0.574326558868547,0.397187276549134,0.761276921268032,-0.0681249741445965,0.708109899457608,0.0904023797294012,-0.469774350719514,-0.0492336988464825,0.177068712666014,0.280236127062705,0.222726125336728,0.63696388518034,-0.308897508112059,-0.243455674601589,-0.0553792605885685,0.122889457693075,-0.0970942415537152,-0.101459891647522,0.0298675705833557,-0.19013513376368,-0.12888270907462,-0.0199745889387986,-0.245537686826058,-0.00157057818301843,-0.115044609118771,-0.0523418887317435,0.0172068910057086,0.497278698448039,0.234628517713103,0.519907797265218,0.0303227058278575,0.0213715076629887,-0.317198181735907,-0.226088464457432,-0.183386292753102,-0.158176222828813,-0.316855595406226,-0.314077500310449,0.04111175660059,-0.169033990879344,-0.45872018460459,0.040416443792129,0.405405020310078,-0.223189156614607,0.557152423384831,0.703264860379617,0.723980097637748,0.768024474037699,-0.0411192685987076,-0.000435697940395679,0.369800973064831,0.20614709703402,0.716611578347398,-0.193619588929888,0.634474894359462,-0.199009579536478,-0.0934517439273217,-0.321508561778771,0.300307682899832,0.670721362558898,-0.306780849729866,-0.0293151875291081,0.0594975079999353,-0.239611122688579,-0.508741318407796,-0.180204208750726,0.259548757212918,0.595081546471945,0.0520437263481025,0.191723426310873,-0.195061719025728,-0.205580621891666,-0.145793978744025,-0.594395593641604,-0.0791831717267825,-0.400867456689101,-0.378051240174725,0.00867659253098962,0.49233581428505,0.573679375847514,-0.0547154123036259,0.147717981538848
-0.180354322324224,-0.324910146377414,-0.0671278209642978,-0.118577823096751,-0.423734617164343,-0.231540093552764,0.0868510051485123,-0.185826394315442,-0.23302115852383,-0.313699937416525,-0.130233084505976,0.156486340766331,0.0643888744137018,0.833835054873426,0,-0.291552110658876,0.0491422469901159,0.0277314249758601,0.535354020836315,0.356992315387467,0.710640885427519,-0.112603337629222,0.775536089763362,0.0806823494612352,-0.454093145496282,-0.018000741445798,0.161036798329542,0.344080658285506,0.271128055973249,0.745977527058197,-0.326153387141409,-0.308775667865496,-0.0963564149063478,0.0982502737626693,-0.119701805409643,-0.129156092474047,0.0542672279724623,-0.218206290190787,-0.113471483016424,-0.0702315794386247,-0.267504547882296,0.0277273161964064,-0.133272072292809,-0.0269700348375709,0.00241932930245076,0.552580880238305,0.177342067140336,0.582229274401138,-0.00734101129159121,-0.0131314409566988,-0.396543402393707,-0.323835513016448,-0.224121459856418,-0.219137167486767,-0.327033106925731,-0.292535550862063,0.0601904290012521,-0.154085271607937,-0.442337406440775,0.113396796383769,0.401232196262869,-0.128046187578211,0.610117350499794,0.783715192051331,0.77166324187835,0.881161969313205,-0.0596410660368848,0.0973719668922251,0.440002326000255,0.252190801520118,0.735276246095096,-0.166549563789078,0.756028858632768,-0.205706542996638,-0.0163123978624118,-0.312892028880633,0.381663126082508,0.737683160135734,-0.295050326125011,-0.10122558922036,0.148624444799772,-0.20678391621416,-0.516530663759389,-0.0726680175598134,0.276151641163784,0.628104316785042,0.0305482576213148,0.219953308006655,-0.253537283554897,-0.20015575726495,-0.138018582815313,-0.585320935507715,-0.0996453313865523,-0.411695529016114,-0.345783648366462,0.00761379324600155,0.545637988558135,0.66923750533354,-0.0819286421448554,0.0910111834252381
0.0883228628198073,0.640572924401504,0.344160409422065,0.399813163953801,0.29342982672965,0.115806414138841,0.378123291246957,0.33794408827174,0.152339465581953,0.230319606497537,0.158789719978812,-0.0950888970552995,-0.0838782689546868,-0.265090487199526,-0.291552110658876,0,0.0874019124676001,0.316866262983812,-0.0374214120128785,-0.0118040359000162,-0.121908422211908,0.172518813918795,-0.276086484702881,0.0711679291002183,0.164421456013542,0.0390036909659001,-0.174910708405463,-0.370219171842503,-0.133961872504621,-0.403176727501749,0.134569536579022,0.180358903142377,-0.0162724086024433,-0.0539557696643711,0.0929538519275489,-0.240347715128883,-0.298296263225678,-0.179894638949531,-0.238352312779834,0.1596547293246,-0.253301224120771,-0.22900403610599,-0.0150411564763658,-0.228398823505997,-0.264276068169947,-0.413091995038857,-0.178845050678823,-0.426587493187219,-0.202838130326729,-0.306485704361246,0.149824687651485,0.559893939780296,0.457808121987614,0.450967508347895,0.208089200903313,0.176636300225433,0.258497496632277,0.0883170725110809,0.276276662679729,0.00150610058261841,-0.0765699387617039,0.189509242474792,-0.120497462786413,-0.228982632631484,-0.18324754417044,-0.266393328089749,0.16662628852922,0.221362767435845,-0.0470556208446134,0.192078831069993,-0.13296709799546,0.246850573587801,-0.23431300485755,0.307564969953889,0.291844100512258,0.244891756938857,-0.0926685648661726,-0.335243966524916,0.0123134168920947,0.0253552712014645,0.212270707104502,-0.1194215427898,0.155199077312499,0.137375538312016,-0.0899670912087927,-0.137602719589731,-0.252001759911362,-0.432441261603509,-0.0389696741969656,0.152921346465484,-0.0607972367040904,0.20913024903673,-0.0572783225806361,-0.0066634935722542,0.147873303099753,-0.237812629155706,-0.397071603854258,-0.355628922782445,-0.195055359599936,-0.267349880734614
0.0608243947031133,0.180095266700744,0.0194644958213102,0.248622688449743,-0.0526040636191202,-0.0435151239484462,0.257222924491547,0.101477193455702,0.0318719931189786,0.0291193831640614,0.129248795307823,0.0637004412692981,0.427485198310502,0.0943574410890301,0.0491422469901159,0.0874019124676001,0,0.180745971179675,0.487680636377418,0.310509852323961,0.222145046922636,0.368389057975941,0.085510432778555,0.216790627813154,0.129548836418611,0.132733025457356,-0.160226173050288,-0.113152679067376,0.47399967220286,-0.00404277170831933,-0.170305143821912,0.0247731595024045,-0.116520723803831,0.308000425415442,0.207306668253024,-0.175923253945276,0.14522873191953,-0.29692773571394,-0.243062873021422,0.039634466657131,-0.428003107788887,-0.329071411954245,-0.114721968678474,-0.344302876498727,-0.115833299262134,-0.0596540193799039,-0.175096362956783,-0.0251242605042375,-0.0693550420736168,-0.1959515398239,0.0562668868933431,-0.00755542239431571,0.284626725574569,0.180554767845835,-0.335119025710164,0.0308148181535525,0.18855496652674,-0.14329882818058,-0.169213603709006,0.0201829557465488,0.217857232791445,0.14608194980985,0.166178564877543,0.182715834028712,0.249176489317152,0.0454944239119686,-0.108039942774424,0.459162283415959,0.39486408926618,0.419268279610705,0.352585521320703,0.363046543546888,0.136572020750829,0.0346971336245783,-0.00214239617395962,0.0907194289491195,0.269484412229113,0.0832002818793388,-0.156209778040786,-0.0437570672821056,0.353195511880234,-0.214660633409951,-0.203698464277088,0.293025803527339,0.118584345563506,0.128723575380217,0.25720066486635,0.149743883666895,0.0687070351378437,-0.178987421040034,-0.127337332186915,-0.156865158287132,-0.07554225434893,-0.26624829103547,-0.233801354414257,-0.259505747388715,0.0276861860951615,0.0929596039736906,-0.109873318142346,-0.171189305232803
-0.139439950908457,0.431778207674977,0.209696256680001,0.261097216642844,0.213631776380392,0.103431708588746,0.438126339466824,0.547838792731876,0.363174680218828,0.219772426272404,0.125534997179575,0.113700743951777,0.00688541871629723,0.0539523242306051,0.0277314249758601,0.316866262983812,0.180745971179675,0,0.187431285057106,0.282530224618394,0.15303376179243,0.228167371240681,-0.00189825621172017,0.250101995598019,0.0184362115888487,0.101774848800185,0.053188144682096,-0.0695384952443598,-0.0286014727016005,-0.0917866588308001,-0.0850431078841913,-0.0372172543021172,-0.0450552984527306,0.208231807620498,0.16295378186876,0.0669442177608591,-0.313615257501177,-0.232143039094808,-0.312445266372833,0.0417872459544379,-0.169418656680376,-0.0744248629233992,-0.201266418244745,-0.220810796349722,-0.291898057135489,-0.194994419102805,-0.00633010468250721,-0.155487109002996,-0.143886661183519,-0.397259828631046,-0.0144113232374844,0.446764192058295,0.197654241597166,0.305751646804282,0.248876528994283,0.0685351988611476,0.390539443053163,0.367516507547903,0.348129222329855,0.00613168146819506,-0.0491115252312912,0.164022849034253,0.0743081063928681,-0.0264448059450349,0.0289394207108776,-0.00312363982894704,0.0150887176997652,0.248402806498044,0.060715550753356,0.437045756119246,0.0920081827006144,0.201791295673769,0.0147969026531773,0.220523728931502,0.377384088625716,0.218061389686727,0.110670006809653,-0.00822162889085841,-0.105604354171158,0.00494343474244023,0.0909076634082878,-0.27790284503519,0.0596424952684572,0.113357127164077,0.0749433002756223,0.0526196652003545,-0.328262608185614,-0.221319058086344,0.197558857672363,0.0589503550996739,-0.0200010712766442,0.0839821616933769,-0.0166084046132641,-0.00347889926941111,0.000880243043044655,-0.284055490251366,-0.135569501847557,-0.116889515596559,-0.146292836259475,-0.355902147764856
-0.03552856085873,-0.0125599239258324,-0.0772222468731432,0.0781151081385595,-0.301447528078155,-0.123155218719396,0.198477489475234,-0.0228458520832678,-0.124034775973925,-0.224302994624418,-0.0847605396039227,0.103164048064213,0.234784891138668,0.574326558868547,0.535354020836315,-0.0374214120128785,0.487680636377418,0.187431285057106,0,0.55470460778333,0.557719790928559,0.144906558859367,0.424299295162822,0.00864174621115495,-0.147359243483061,0.0434270948982147,0.106438498789156,0.127101184328148,0.447036625706749,0.324812582889335,-0.267428063477779,-0.107320887866953,-0.0635591802483139,0.221136907874945,0.0511595473469278,-0.171993912488566,-0.00877112348672776,-0.262901646933164,-0.122379116149255,-0.0488684674057938,-0.405520796075716,-0.182205360543083,-0.20867103402887,-0.180771662604944,-0.0184651263335776,0.294392264156386,-0.0664862590538658,0.264084296653458,0.0554534663277967,-0.0714232481444876,-0.187140225371055,-0.155583993551614,0.0239547571412378,0.00982065089592543,-0.443348081545082,-0.150006052579386,0.164439732920361,-0.218729922026526,-0.34031897560102,-0.0178586781466477,0.273611348606993,-0.00520769713146566,0.405723799939552,0.518830095146054,0.573251686836293,0.498311199879206,-0.0345585886080734,0.41342955027176,0.460472890285526,0.456663633495222,0.68370030195123,0.0465935634235057,0.43906823945567,-0.172672414646803,-0.0317472717709159,-0.129477051754222,0.445914636807074,0.456594218303167,-0.213389440551412,-0.0641553989470145,0.237810867399186,-0.225628739422975,-0.426938325031614,0.0685206867855263,0.251726738164241,0.456173964500309,0.14395280601784,0.164831628904826,-0.169739574254671,-0.255862788556322,-0.171623149771667,-0.341467364639706,-0.00361376637577513,-0.397043100881799,-0.334645300778512,-0.101635981416041,0.364239596545588,0.399644055222412,-0.0802142811975343,0.00278430119645921
0.0111431295112759,-0.0328596666004453,-0.101354915894606,-0.0668701531870674,-0.267171152904957,0.0609484249777385,0.190693609009445,-0.101993821457944,-0.0716965590458981,-0.236532732749244,-0.0182288289084345,0.0426040708018185,0.123564937384298,0.397187276549134,0.356992315387467,-0.0118040359000162,0.310509852323961,0.282530224618394,0.55470460778333,0,0.434211811553574,0.160607662173009,0.339795506454894,0.0296610268377714,-0.148854060042299,0.0860433689580589,0.180236338576932,0.229198620342252,0.556414516919487,0.204215827011796,-0.252974035073009,-0.0654055074516446,-0.0661369968272752,0.374511398717223,0.157897899891136,0.150889633913291,0.0983727285230032,-0.292882839333056,-0.180298876084763,-0.14019221004994,-0.183487243568877,-0.159951819104107,-0.214671657191541,-0.130006968436699,0.147373260943322,0.205864650314599,-0.0406483673195937,0.248532171194984,0.324191663424668,0.145292599539578,-0.0918259441928458,-0.204225719866662,-0.0482139106920779,-0.0975791222434946,-0.352906465624076,-0.0157325561675434,0.0115806653631823,-0.208711098197377,-0.244842707479566,0.0573714670470109,0.131901903606586,-0.0411259597376311,0.295890427684346,0.360538531921324,0.399584862053511,0.347595379067142,0.0939208212561602,0.323831657323359,0.501059403558195,0.449699261373439,0.569520168257404,0.126053878930895,0.339970274978775,-0.130385187493875,-0.000779383424143204,-0.0516384434823255,0.469348079703389,0.357256591481622,-0.215921510214919,-0.0589429602443789,0.248459006120553,-0.0661633437841077,-0.283344009409554,0.141502273476454,0.276197549143387,0.387120762592526,0.258400145598722,0.19382341468576,0.2212183292519,-0.0507392955652326,-0.130344143277662,-0.24303855936465,0.0200512281561018,-0.375427931487782,-0.245049527171077,-0.0467240361408373,0.304230374688949,0.322623117538283,0.257484819243743,0.244756184126701
-0.0422354862547568,-0.14748231383364,0.051110036038252,0.0905387387194435,-0.425220825917514,-0.224518270655483,0.218284482782204,-0.0648167041045351,-0.0742004295638269,-0.237637682532222,-0.112576832192746,0.207405425078942,0.141237152594646,0.761276921268032,0.710640885427519,-0.121908422211908,0.222145046922636,0.15303376179243,0.557719790928559,0.434211811553574,0,-0.0929753991237583,0.527415857960695,0.1047567514949,-0.340618417015138,0.0555108802690011,0.0231511418035031,0.12569681015117,0.241444671548517,0.431966377738696,-0.127612561692345,-0.0629720621030789,-0.128413016954986,0.0526026628934945,-0.222833128416247,-0.232284277137503,0.0199961049640168,-0.2164882526968,-0.266731995150068,-0.0550143644756057,-0.402299801228053,-0.0609627999077559,-0.205445598329531,-0.160166498511557,-0.141503082116707,0.254960225028091,-0.0310550247001817,0.225443704703753,-0.0108511830313374,-0.0398108527157354,-0.135720965961035,-0.0974329154049014,0.101183366778448,-0.0297431392328018,-0.362667108688219,-0.165527166283279,0.237404803266078,-0.076048039546427,-0.37803822583429,0.160291623018321,0.44476125798137,-0.180731279102233,0.451085890991132,0.589601837625297,0.687704066147486,0.65977493815781,0.0394966779334434,0.099840868933272,0.433577691245551,0.395746996453676,0.737477834730814,-0.185507441178424,0.525162511286522,-0.0841607144895392,-0.000136510693778818,-0.151712210295605,0.25725077778285,0.522942502169431,-0.18137494041272,0.0998946226788329,0.124246738887376,-0.314189821426834,-0.533465926292653,-0.197422639634003,0.056077388474961,0.408210929670732,0.0583651288616152,0.0687932708787163,-0.217090071114161,-0.178917436383299,-0.130385328660514,-0.485546498143394,-0.167910049444132,-0.366843342937169,-0.401760833593916,-0.0662976176816589,0.257838883338739,0.316547488534927,-0.140163299788705,0.0808497689366986
