0,0.0889925697693164,0.310086124202499,-0.140306962241333,0.0572007850828481,0.123707311683266,0.0155496187318332,0.0159991567004376,0.0334950148610509,-0.0846443756912598,0.111678767851373,0.0572679583837767,-0.00289168423015793,-0.106939870353344,-0.165187664206888,-0.0329291364607338,-0.114800575726858,-0.0497827922367477,-0.142498390082862,0.0181341271855952,0.0753339058449888,-0.116663519794569,-0.0401560562552246,0.00381529187198684,-0.081474609285608,0.165596978345821,-0.0491776011208037,-0.0497706382900092,-0.00147531287420372,-0.247475944279627,0.0205937888231348,-0.0803641722364773,-0.15965425387859,-0.00684873017502928,-0.0937137513881229,0.0213848256427797,-0.0445497446570943,0.116646525492822,-0.0704892236647458,-0.0750908629446245,0.0304562038799148,0.137826498056372,0.132820806677994,0.0748301313503183,-0.0323154925320797,-0.0705594148291031,-0.0524614945786444,0.0543567271321252,0.251099929818434,0.255173056782975,0.596336961165687,0.181368393862341,-0.0553860217694457,-0.345363664884529,0.0710461260100204,0.299249528443,0.0624711027939221,0.00122874995014343,0.0499101913922357,0.014311466836368,-0.00050581348913382,0.0279059075299887,-0.100902483789545,-0.140290274773223,-0.0463664596409162,-0.159230523683295,0.0723926075928223,-0.145582443153272,-0.0563611054050873,-0.00424759875414313,0.0350029634039803,-0.163276914480011,-0.0239462651540244,0.00817577567826334,0.0123759182224479,0.101143112669319,0.00258268209580444,-0.161463246162861,-0.0792652624072717,-0.025239433161407,0.0085376909307302,0.0545991883213907,0.0501716996238881,-0.134923985517042,-0.0615409150996763,-0.108048386037743,-0.207119823772437,-0.164839029235307,0.028601809172412,0.0552053478626455,-0.0782274379055977,-0.0481906536963475,-0.115503594962274,0.0361033470458979,0.0889765360094163,0.0764526865407575,-0.120767581394013,0.014368163439375,0.249811378623332,0.220653744176561
0.0889925697693164,0,0.692202271036556,0.449624250749052,0.733233977212547,0.709240067526928,0.552349602246664,0.566526088948959,0.661446607737042,0.0107203461481556,0.201739264987148,0.176572204996603,0.112814099746539,-0.110221259717874,-0.0872392225651915,0.446507949455019,0.245362302697801,0.167380039696715,0.0273535501044514,-0.108469876459466,-0.158453288914896,0.0452058338078261,-0.275117212308049,0.172971333216776,0.032887230594163,-0.0408240282623858,-0.228254633705691,-0.330148529697958,-0.113368846720022,-0.274502860689424,0.047129741386741,-0.0118215779445602,-0.118280042680623,-0.119217857207823,-0.113248456889326,0.147625419734708,-0.101041627682524,0.0919965712516152,0.154482480191225,0.171274049942168,0.0784213013923553,-0.100952628512048,-0.0896772162584205,-0.0205047093563782,-0.170074739650337,-0.239253727426926,-0.349408889404763,-0.232665249113956,0.373757016417968,0.0138462687831166,0.359413915396278,0.754203116521516,0.369708512409816,0.340241585035111,0.64881818950096,0.677901168201133,0.356489778989951,0.657631119949576,0.091083882622853,0.198237605446284,0.091679232499014,0.188553708665711,-0.0465459675902094,0.036417497691865,-0.180246958824548,-0.106048938576506,0.0916622518134671,0.160401842847197,-0.0400065928431115,0.20264948660436,-0.0796546050483183,-0.0391496513761629,-0.291457651633721,0.10641149075027,0.263611113776737,-0.0401450219674712,-0.0249029606282593,-0.319608112778568,-0.0119908526798001,-0.0465977708965668,0.000719396652517224,-0.18100667632568,-0.133259400505837,-0.183337229394118,-0.353189416320649,-0.387774394914399,-0.130282848395388,-0.265081907208861,0.325954417475954,-0.18527093059849,-0.143236860198286,0.117272371189499,0.124760649157619,-0.122270100008527,-0.21718301349847,-0.165139329288557,-0.227935048274443,-0.276755271530074,0.297185498114832,-0.0282359587247026
0.310086124202499,0.692202271036556,0,0.301561505500733,0.571879940756558,0.724119323506116,0.57657320983802,0.60651708132012,0.690617970224174,0.0616280153292833,0.280318832477436,0.228318007204378,0.119358855789808,-0.0936871570415702,-0.0934380997480925,0.419648960246087,0.134765087711932,0.0693547500205583,-0.0272391753717935,-0.2214833220442,-0.12941427792599,-0.0029511924913911,-0.272701875610611,0.166043906163831,0.123109878134481,0.00941700564551494,-0.305708226737274,-0.365412382123002,-0.135899474904987,-0.343056359666608,0.0511959907735023,0.0509906736661606,-0.149273313459625,-0.217211853960632,-0.145555990594852,-0.0193705956886995,-0.237616445110643,0.293519684208437,0.105170645520981,0.222264169526672,0.0141957728033099,0.0284660035632081,0.00227072567268132,-0.0407262901627605,-0.153027943980073,-0.249954330945609,-0.38334483792277,-0.24294850504555,0.359781293169293,0.0303643916289308,0.534767497071838,0.749382499588385,0.389868923454596,0.142230141528332,0.536067798836452,0.74773912179073,0.504143148352542,0.684028484138277,0.165766115272929,0.217167397629372,0.132505145861941,0.205094540581054,0.00855403208594371,0.0768699848164201,-0.117042817959374,-0.0842024152157359,0.203664167583839,0.0821020989156764,-0.155554749010426,0.0959394336167635,-0.0630602228637571,-0.0704668243189261,-0.231838473046719,0.230224679841057,0.296952354598875,0.0179216226197072,-0.0144627127377293,-0.321909934733592,0.0228757788430849,0.0345338552691927,-0.0442651924766637,-0.238024885149732,-0.158012674868068,-0.255162373603806,-0.418038990253574,-0.454283514212426,-0.297880217981206,-0.396018417491055,0.239177702998545,-0.147546479434747,-0.129456266746756,0.251902361386456,0.0988808769339345,-0.0728771627634763,-0.206152335615778,-0.121745355937378,-0.221185561851553,-0.290439764102943,0.281910474200963,0.0148388069527484
-0.140306962241333,0.449624250749052,0.301561505500733,0,0.355004942874441,0.38651462327198,0.502375018956728,0.571508704806733,0.530266795506542,-0.0769922088100804,0.0711351121062677,0.21704972153161,0.274691234882296,0.289283776953555,0.322921217926406,0.454533690362819,0.360593791986776,0.280857722104258,0.26296952454622,-0.011943197170152,0.117712232783085,0.137774264480484,0.176352859470959,0.115766084310555,0.00884931958310744,-0.0246399987072827,-0.00318743611427422,-0.204776197945727,0.0655137668813516,0.0707811465525122,-0.0969529170701433,0.22703511938096,0.173697607512304,-0.0453895194989296,-0.032907131267528,-0.0599562525459724,-0.0433875571296677,0.0915497048977445,0.0996291730288603,0.131068731061836,-0.0606222245190316,-0.228096827341103,-0.1834295712133,-0.0803355374662147,-0.0363506643783074,-0.173148096774494,-0.0233531891242185,0.0225163192185158,0.139782706339699,-0.232243039473167,0.13242431117305,0.46826252654596,0.616176486587298,0.587685890136374,0.238345226442836,0.373325964800771,0.567316525159739,0.581760136705696,0.0804337595276175,0.327313123870382,0.172790143728059,0.223097306008479,0.229865540442209,0.420430795620865,0.199793107584508,0.374829851662257,0.193010691720633,0.339191976579485,-0.00809161690358415,0.268057977448589,0.238800659430314,0.0476229206190429,0.132829358171035,0.0831007218884072,0.267344912313323,-0.000648056723057713,0.209775637846092,-0.0244036778639399,0.0337934352396894,0.127032693299324,-0.132350896128542,-0.320538825309784,-0.143233833917416,-0.0725836968890078,-0.110015322657551,-0.0836396899331369,-0.00513557130955407,-0.193449491179115,0.207826743944814,-0.379864535183031,-0.0434884951402406,0.008557562360388,0.179929781834317,-0.227452794589594,-0.276559912874672,-0.190294794652033,-0.16250394979738,-0.0777516691450351,0.112213738080176,-0.251862830859007
0.0572007850828481,0.733233977212547,0.571879940756558,0.355004942874441,0,0.669381163431464,0.413869775227571,0.315544342651929,0.457251269161415,-0.0412450624965475,0.0938670563612286,0.0603749414202579,-0.0172874481734966,-0.128866239282585,-0.112455499310417,0.214210524627224,0.0547347788148619,0.10263059687633,-0.0353482972490146,-0.00674323079079911,-0.066976820092801,0.0379942286628014,-0.189604629378027,0.0846435074676993,-0.0819286528161638,-0.028646025396061,-0.101926269837397,-0.154335513854024,-0.120263288108868,-0.166502545660024,0.0497719802200524,-0.179301438875563,-0.119645721875603,-0.02929450685094,-0.0244667084091164,0.262449029378822,-0.010837493538769,-0.050656553903076,0.0948176045222505,0.104885288243958,0.175820467857892,-0.0538882530110333,-0.00644014455614432,0.0595008465207248,-0.0969811990004576,-0.1323052354938,-0.148807516334416,-0.0609598415197011,0.331778545788476,0.115196799072937,0.256391293834209,0.56999068501441,0.179320017515437,0.240875167533407,0.763070259443426,0.579485980402933,0.193360946086185,0.477487342389219,-0.0293323323863942,0.0074718850583727,-0.0309451597276651,-0.0257084022986581,-0.141310601170081,-0.135604882666259,-0.146294375393962,-0.123992880384458,0.0842272649634264,-0.0161931474834483,-0.0372303312191827,0.10473370044233,-0.0518331922659482,-0.122980158078493,-0.238348841857576,-0.00164552096629987,0.0474311285189188,-0.109810805088103,-0.11877038529277,-0.29532483895471,-0.082066706875578,-0.155409195208525,-0.0519235924362113,-0.074857196145181,-0.0426305093630215,-0.0980369489654152,-0.198920773468565,-0.277349329730602,-0.067293862379576,-0.157151385268316,0.290947878111883,-0.106407421265564,-0.158657310383893,-0.0559981005217901,-0.0337312447406651,-0.134076326371469,-0.174376208103861,-0.114428496046787,-0.169787591488081,-0.127151135754712,0.253712758842801,0.0530048308285451
0.123707311683266,0.709240067526928,0.724119323506116,0.38651462327198,0.669381163431464,0,0.572738010421881,0.562289083216788,0.692787906378122,-0.0127031760138945,0.293915145736072,0.266626226151669,0.252518240608418,0.0213267038644909,0.0388520338522011,0.349366622463391,0.217138246818263,0.192544329327228,0.0703343782720152,-0.0701722272157009,-0.0743593990221502,-0.001261857776893,-0.195840932023734,0.0962046496414842,0.0534415813542368,0.0260689342168166,-0.18357607057184,-0.255929967392841,-0.0402704671240072,-0.236658917166021,-0.011872846483032,-0.00754164206960262,-0.12822241405196,-0.169185471542962,-0.116054478377931,0.1742722316256,-0.101451726042618,0.0914668594659138,0.046738865895644,0.154933819834068,-0.0223627963109556,-0.113699374110952,-0.124033207988162,-0.0541863744093684,-0.149355261320942,-0.258575597950051,-0.292968402033157,-0.169194925194508,0.508807508416523,0.0499944612697842,0.386741435740279,0.668026418593645,0.3098650852527,0.245402346512849,0.645063260770028,0.797699540497059,0.401595370696173,0.690652172351903,0.0115318225379556,0.264503342715253,0.176568061742618,0.241887829236001,0.116353912670448,0.170951514034867,-0.0189205138036554,0.0238807279108043,0.187167460157365,0.180425711077797,-0.0716461527613858,0.217702015361612,0.0104660728749135,-0.0775544285701398,-0.203763647504391,0.114398798725547,0.24904426512046,0.0367546387665137,0.08315622184352,-0.25499883073148,0.0397714489128264,-0.0244688803712912,-0.148899911510995,-0.21618234202029,-0.124443213715743,-0.198616963603665,-0.297098893914393,-0.341512926166597,-0.0771317889138433,-0.247088844627486,0.381504246242234,-0.262225383457492,-0.228622602494753,0.113059014011449,0.0352857602688568,-0.169061403251759,-0.22509566653246,-0.139594090087578,-0.239187300709572,-0.24011269225411,0.413449730179382,0.0690116162661788
0.0155496187318332,0.552349602246664,0.57657320983802,0.502375018956728,0.413869775227571,0.572738010421881,0,0.689144565991684,0.67123178093685,0.0426533970900109,0.163595535715161,0.276496136926633,0.222077696217155,-0.0531544503787115,-0.0473174013679782,0.592061466568682,0.346517246585588,0.273081971046662,0.104407633097832,-0.0880943093170208,-0.119613856059422,0.0254804271336938,-0.21685970054299,0.208887413554045,0.220215292447111,-0.0818489301428384,-0.263122424854465,-0.41031561653486,-0.129410044150402,-0.246068388361081,0.0621199432614877,0.185860329328221,0.0050147698368993,-0.0962420232877944,-0.207098889219718,0.0671138555645524,-0.216546721031241,0.25803351178496,0.0391019955708651,0.321758382939126,0.00162071346141159,-0.0555707353356286,-0.19633909442441,-0.178553178531566,-0.236080583303042,-0.351963933733929,-0.414645004591223,-0.238610987219603,0.358088775641326,-0.106569614732051,0.259053440365992,0.527409188315281,0.490551270369178,0.369053250876742,0.40132362953167,0.538910665854838,0.604632120784796,0.667086169211359,0.0924722782479778,0.217717105502784,0.22345267992388,0.287290298428459,0.00823202036907142,0.150801394425839,-0.129533013199333,-0.0324609774271721,0.468096488422804,0.213656013366102,-0.159660347627706,0.231656433921147,-0.0279803336116655,-0.0625939209595721,-0.22930707418472,0.127482170991076,0.316728581846987,-0.0345733686956338,0.00733382868178283,-0.222056681833708,0.176713497454205,0.15858963814421,-0.0588468220685819,-0.31047413512237,-0.292290807464082,-0.272898097892828,-0.395594973329392,-0.476877324392116,-0.176106505731634,-0.317444858443549,0.322950884865234,-0.227988677826183,-0.154499861908113,0.20991653769741,0.0818559428462945,-0.143121603497864,-0.321120244774193,-0.238142433997481,-0.337223471546408,-0.342896178287302,0.260232602555702,-0.126906542216196
0.0159991567004376,0.566526088948959,0.60651708132012,0.571508704806733,0.315544342651929,0.562289083216788,0.689144565991684,0,0.751343606644768,0.0466764021447263,0.307935313640666,0.353145419104723,0.350784517841006,0.0451181556064518,0.0667063098111967,0.597531379408617,0.422438389978768,0.223263256776054,0.161223584218322,-0.251821351197534,-0.134715035971761,0.123243311295584,-0.165949781589055,0.156802405756295,0.192665798545964,-0.0468904297650524,-0.312461558544638,-0.429960796983061,-0.0866227927559512,-0.253636749007437,0.0225096661202247,0.134350502309324,-0.0670021187650116,-0.191416335156069,-0.129276867127906,-0.144246650311184,-0.280875281280832,0.292494511841859,0.177349818318365,0.271631708931124,-0.0791769061922558,-0.0842717536369687,-0.164646367061891,-0.154094790737082,-0.153596087489035,-0.377470499097632,-0.446621237423719,-0.324479171036203,0.328514340439561,-0.241108565674496,0.395090897931468,0.638244025654967,0.605985998424674,0.396598507153895,0.194591702230914,0.544085621161986,0.687547608936444,0.755259566302961,0.2029908777043,0.407355468280142,0.296432783371172,0.429744039177694,0.189951004488907,0.351597801482268,-0.0870275319511255,0.0703735829949354,0.210870321029805,0.326509805199486,-0.0298919872604835,0.308770373996823,-0.0178745594671772,0.0825763476054658,-0.154876941861917,0.283568014878768,0.414090393523955,0.0771380502630926,0.115256575467969,-0.236076809105254,0.216253852476743,0.128034034706014,-0.0974074717039681,-0.327880665743639,-0.185449940296119,-0.23255074529764,-0.427564864658839,-0.442291844911985,-0.212670013924161,-0.376394850262624,0.225165699833542,-0.342128420190268,-0.140262564722256,0.330874870000796,0.252406669634453,-0.0968052820278113,-0.241342603127964,-0.213665963073598,-0.316042480547464,-0.369935993100764,0.228144209427139,-0.213932046496034
0.0334950148610509,0.661446607737042,0.690617970224174,0.530266795506542,0.457251269161415,0.692787906378122,0.67123178093685,0.751343606644768,0,0.0319062920332396,0.283081110037854,0.364429518183813,0.314050708402246,0.0976179494763023,0.108947559993611,0.513877301686016,0.352263600289421,0.26521005196734,0.168760878949793,-0.147941017639407,-0.0972698063296961,0.0262429105092406,-0.138600370211906,0.176641961106234,0.217524573096842,-0.11869416076432,-0.282909809873971,-0.413936055161591,0.005238398650747,-0.229613511485899,-0.0374193930306628,0.129090711748088,-0.0165792139112461,-0.20774568040224,-0.192224818842309,-0.00264807463909919,-0.221541811001815,0.225412898316529,0.127355974054415,0.241648565367453,-0.0760139615087337,-0.204807079178261,-0.226121142135456,-0.134622164805968,-0.219066870883929,-0.274799962710838,-0.377055904795673,-0.209370900668845,0.396582999276729,-0.13695059232224,0.329339673266322,0.69411772676843,0.541627352133392,0.449487911476864,0.411969385437719,0.675817705233995,0.609141758765786,0.842526001397572,0.170767269771846,0.363891811945867,0.219826203056692,0.364786367758049,0.190969131639085,0.370512204252005,-0.00888848902037155,0.11171873912857,0.226990359922045,0.247580904570062,-0.134782780346501,0.291151493192626,0.0205631860919652,-0.0509760078837652,-0.11601439667261,0.252553535567769,0.399634648891564,-0.005990002898695,0.163869442591083,-0.213225580919201,0.120003108278941,0.0324890750467746,-0.164850323754592,-0.367319461541067,-0.222852733749562,-0.283553393296064,-0.390846382201027,-0.400271948397313,-0.189472982114984,-0.395952469413992,0.366412060527931,-0.342534873926934,-0.154435053290091,0.250128107094623,0.240451452547643,-0.145784356650449,-0.322391107517311,-0.198774557655681,-0.221564152667444,-0.298985850680997,0.29621258698617,-0.125682200431922
-0.0846443756912598,0.0107203461481556,0.0616280153292833,-0.0769922088100804,-0.0412450624965475,-0.0127031760138945,0.0426533970900109,0.0466764021447263,0.0319062920332396,0,-0.0181363832726983,0.107479610503898,-0.0793385065872883,-0.268289384877358,-0.246155060209946,0.158781358879877,-0.0816324910717629,-0.218713745141641,-0.231754301765793,-0.266897481388931,-0.199850919363641,-0.0806429939553904,-0.312463487836687,0.139262165011993,0.341832078186267,-0.095846064377603,-0.309307984567185,-0.0646580950553948,-0.163831574407512,-0.141388800912679,0.131427507852879,0.213978480522887,0.120613999003478,-0.253249057105197,-0.222337763686805,0.0202845487383416,-0.0361217170853132,0.163789475871001,0.0660774632639212,0.257133137198674,-0.165723419270163,0.171242775307124,-0.115796562409945,-0.0550363611073628,-0.183194091254591,-0.136307160026998,-0.40226496774965,-0.239115379610897,-0.0426658466778794,-0.076588468612811,-0.071833360282566,0.00110442565642256,0.0217088045570279,0.106438683041102,-0.0518966811361866,-0.0694488639202424,0.0880318991873959,0.037493646903288,0.428362886891794,-0.0337082092980355,0.125217643730543,-0.00496025357965774,-0.177032467966522,-0.190238039261002,-0.277175411449905,-0.257170768915923,0.0966089339595729,-0.16922652875912,-0.182656102694173,-0.1802901481358,-0.256707041891903,-0.0862476077926043,-0.222546781432985,0.221135396490015,0.116139472324295,0.0588984591640069,-0.104507737139977,-0.0573607006301308,0.204320656627019,0.107323342437658,0.0568878573406756,-0.093210909691982,-0.172307431936025,-0.226915354640427,-0.210507478524966,-0.302661955926832,-0.0539990414466118,-0.0268887757742765,-0.118531634173146,0.192804489465745,0.0372080242301599,0.357678940516183,0.126338065273463,0.0409980255057902,-0.0338017602629027,-0.0313440724825468,-0.1350597433785,-0.299927240018513,-0.101248417525683,-0.022117504200083
0.111678767851373,0.201739264987148,0.280318832477436,0.0711351121062677,0.0938670563612286,0.293915145736072,0.163595535715161,0.307935313640666,0.283081110037854,-0.0181363832726983,0,0.342407345137085,0.39694728056063,0.0100713375730374,0.0100032610782136,0.219199182031548,0.187834943198134,0.0695566921913091,0.142609794006994,-0.0331594309457983,-0.0314032878882749,0.104877869711232,-0.217591208322245,0.128092337228259,0.315201103503249,0.321862953545876,-0.173915457817206,-0.169289465716849,0.166142463912421,-0.294551330689233,-0.149123407972144,-0.0419208575259426,-0.272957987368176,-0.145717528888917,0.0593615420475238,0.0191585234372739,-0.0375680888390813,0.101515960880923,0.0431117888057964,0.114207358933667,-0.18103291875468,0.0839613986429344,0.135467392472829,-0.126931348409398,-0.116443142727776,-0.218247732192191,-0.255476497407491,-0.30611293845032,0.255933375165941,0.110932309818073,0.320031779619366,0.276334460996254,0.0868671194167977,-0.0596852843187958,0.0284575265845226,0.293896913403557,0.109350391361653,0.231571074469994,0.233959799396065,0.482041462244833,0.387529404811404,0.384371651400094,0.197999632420864,0.139189363580755,-0.081659880517326,-0.0493057514318017,-0.068961751669068,0.179456391167292,0.0460885749019682,0.151434778055549,0.00415580840806506,0.0915369780398127,-0.271082129822038,0.257032631672838,0.379389134762889,0.379142471963964,0.156742227247484,-0.146616455528465,0.079905602610219,-0.0822425909020671,-0.0238603091737638,-0.0865310323341042,0.0125594398849224,-0.106553921146959,-0.222565934394041,-0.287600538177116,0.0172858833876297,-0.14193651955024,0.165328861867497,-0.15330935322753,-0.264276488121194,0.210886677658864,0.0810080784335657,0.121244036895028,0.0592086832704422,-0.0652863154719379,-0.178665300373879,-0.375800111421966,0.199894522022263,0.130571403033094
0.0572679583837767,0.176572204996603,0.228318007204378,0.21704972153161,0.0603749414202579,0.266626226151669,0.276496136926633,0.353145419104723,0.364429518183813,0.107479610503898,0.342407345137085,0,0.486918017332987,0.0591481581175334,0.0678731663375052,0.396230399750266,0.442109957487608,0.128282634636053,0.156077822335983,-0.145463009637499,-0.130090441056065,0.185481828440926,-0.0246134706323752,0.453444869502649,0.405757797989882,0.155993026712156,-0.271065790793752,-0.123791964879212,0.128156668945427,0.000616449103125302,-0.0816334612340872,0.234946314831672,-0.0234509473413942,-0.0928729338411337,-0.131551696007378,-0.0676429446917179,-0.0316563033231493,0.0575348700700863,-0.0341484646141204,0.076140187149991,-0.306420219070481,-0.0771370946132951,-0.184255590844619,-0.379139775454849,-0.247138290723232,-0.331963251781969,-0.342299053823076,-0.274748499797764,0.144103711651331,-0.281675579709893,0.21695910718988,0.289103686100952,0.260079777456163,0.243279437211689,-0.00358335865172197,0.245996862419551,0.243035592740784,0.321507649539865,0.329740759430494,0.540896717501172,0.606748317754359,0.443259619022401,0.264634746657007,0.294156383767534,-0.0800203149424039,0.0477624011377095,0.0916408558302529,0.389114910067858,-0.0846952100017586,0.195550893551649,-0.0581509911428789,0.165401963882037,-0.00867873546664341,0.187659396204752,0.577595759324955,0.340488801482285,0.250668065301993,0.187030858267791,0.198223174868903,0.0818827452656434,0.000457608403620727,-0.311971528953037,-0.24573815536565,-0.18938422855627,-0.285359303260919,-0.287689069005082,-0.032607104896962,-0.244044712177676,0.142153218384737,-0.240628656722412,-0.216634231314893,0.186807283282037,0.0804714358817662,-0.0696258893989023,-0.157546688497091,-0.340763308847517,-0.289402200593346,-0.37197863910337,0.107395762683512,-0.273258361166161
-0.00289168423015793,0.112814099746539,0.119358855789808,0.274691234882296,-0.0172874481734966,0.252518240608418,0.222077696217155,0.350784517841006,0.314050708402246,-0.0793385065872883,0.39694728056063,0.486918017332987,0,0.322319800568561,0.313509876965814,0.290295996487977,0.463228825955852,0.279291170335688,0.329343669696202,0.00606604487657585,0.0852332333212467,0.302692965754902,0.0921430690668898,0.158836824861532,0.168631551757501,0.215166962916077,-0.0571206269956102,-0.0973346794372433,0.17747196166612,-0.00543906479365814,-0.067455695574091,0.107646151909471,-0.0299638698090365,0.0372258299710945,0.104893624908801,-0.19867722179107,-0.165336743854619,0.0516807652244029,-0.108656677147906,0.0752453666289661,-0.260802414387556,-0.0120431044625085,-0.0632120063316683,-0.305802504067927,-0.0221156644675441,-0.192781688028506,-0.119013965276069,-0.0980456849272389,0.144305725271209,-0.210023473484508,0.182205388929779,0.185725909858734,0.214974557171041,0.159999745265788,-0.109648975687716,0.19500180025464,0.23559450751978,0.314472601993871,0.084848681512149,0.551544444384968,0.531547096710296,0.756870565057765,0.602071633588452,0.493101092053899,0.200431521600484,0.294544349633833,0.0847571593130046,0.498601120572366,0.0478388594719826,0.283741626695341,0.215894683223609,0.306366903041611,0.0622848259584581,0.172407376166807,0.50412413554224,0.297610910331258,0.315261015766208,0.130095594052635,0.150004044402971,0.0346591912556173,-0.0484312099715888,-0.337621707205008,-0.117934651987797,-0.0462062635231707,-0.131893116654927,-0.130784511025398,-0.113773410873273,-0.149711640639399,0.17390495604752,-0.360256556703922,-0.250955965137667,0.0889638472830238,-0.0681422385361826,-0.137409105452175,-0.0910972446262655,-0.191821717308947,-0.159003050117036,-0.228551065687225,0.122376897016315,-0.188394601275914
-0.106939870353344,-0.110221259717874,-0.0936871570415702,0.289283776953555,-0.128866239282585,0.0213267038644909,-0.0531544503787115,0.0451181556064518,0.0976179494763023,-0.268289384877358,0.0100713375730374,0.0591481581175334,0.322319800568561,0,0.809227400104054,-0.053655429262971,0.239463843234736,0.417327125605447,0.53030896576107,0.305374951769576,0.619561075743762,0.137949672516598,0.584760003004309,0.0352892229089285,-0.200983559801599,0.153229858882523,0.256772828136536,0.130142588622938,0.468263907496426,0.275752207724829,-0.191543439560817,0.103728083020136,0.132678914088148,0.204069148140922,0.164234658542675,-0.148580172848342,0.0161219280438849,-0.141469556718629,-0.0759100653100951,-0.0805413230524599,-0.14948928155115,-0.172523495334035,-0.113393160928715,-0.10389154278871,0.216027819260677,0.161630209443831,0.470893444778544,0.32903722440943,-0.0398080059462099,-0.106543642142832,-0.0740990927323004,-0.0493821891006372,0.0781595956928238,0.0658229643731557,-0.180574840179228,0.0139621081576069,0.0420495844517384,0.108699672167398,-0.205157198426086,0.189578274960443,0.122521635899198,0.14735526742855,0.640051440998764,0.662045191621371,0.733204132490572,0.726968847277722,-0.0324797924018362,0.330734859703764,0.0741519813092803,0.202696434005208,0.664690152636214,0.283005434038103,0.518609306794915,0.0618689324315173,0.188413044145585,0.173064150555829,0.499768100029629,0.326445356259178,-0.135286911365054,-0.0506324454618915,-0.155178591882534,-0.260016597895218,0.028786220361,0.295816420142882,0.217077438989422,0.352341089471556,-0.00709169981797162,-0.0981351454947246,0.184199392073238,-0.244313053229196,-0.191019299579668,-0.2832385241845,-0.126497909383873,-0.246773812141427,-0.0623984945213715,0.00112593478775103,0.167927938158881,0.235405668371011,0.0220408617551677,-0.131828743569
-0.165187664206888,-0.0872392225651915,-0.0934380997480925,0.322921217926406,-0.112455499310417,0.0388520338522011,-0.0473174013679782,0.0667063098111967,0.108947559993611,-0.246155060209946,0.0100032610782136,0.0678731663375052,0.313509876965814,0.809227400104054,0,0.00169524808378293,0.252475492503392,0.434327433209077,0.466926456022828,0.310287152047491,0.594888633560942,0.158659700162919,0.540355690963497,0.121148176304702,-0.159300212347365,0.224848752157414,0.168347479789733,0.129179866041138,0.495834867356076,0.268404390972867,-0.226320596984871,0.122845655971525,0.160716893293724,0.173215630734574,0.149535242366424,-0.104754232542093,0.043206788846743,-0.164827562347622,-0.0656591731731946,-0.0750850965487981,-0.142351226145618,-0.160157221117233,-0.0746788440167631,-0.0919653797071541,0.209922204127235,0.103128611479307,0.381704905620274,0.238186092655556,-0.0833485827721317,-0.17605581970548,-0.0677436023562174,0.00141685429623409,0.124868794154262,0.106312845202638,-0.164969214753295,0.0473916777027831,0.060376148557952,0.119102764830322,-0.137842066958456,0.274455285793176,0.0968711257179186,0.159640134711932,0.596040208789228,0.650320448468188,0.718804585567817,0.837291841630058,-0.0563570888671884,0.316553438720998,0.0264905731730398,0.203085553363579,0.692404800023729,0.241825915343536,0.517254830255161,0.0800007138638597,0.235400156263598,0.249340429781508,0.574791153455397,0.336534196774464,-0.162635159830518,-0.0372646339551122,-0.104363769714321,-0.317101573388748,0.0389744571479766,0.274497789131954,0.141499532406338,0.301706277067084,0.0699893577816905,-0.0803621183194846,0.254533075364917,-0.243275361486794,-0.153762284024333,-0.250484796646689,-0.0678912846196489,-0.165710095741801,-0.0636346689289252,-0.0281299381470369,0.129005626317786,0.171239169240963,-0.0133530735296777,-0.166137345850578
-0.0329291364607338,0.446507949455019,0.419648960246087,0.454533690362819,0.214210524627224,0.349366622463391,0.592061466568682,0.597531379408617,0.513877301686016,0.158781358879877,0.219199182031548,0.396230399750266,0.290295996487977,-0.053655429262971,0.00169524808378293,0,0.50388424060822,0.239357299598473,0.0713583580099763,-0.162232849525033,-0.192279404344428,0.210645807665715,-0.111087597244798,0.349080419061926,0.363112608793303,-0.0755403731956694,-0.436625009751291,-0.486419657753106,-0.0377631644290276,-0.206660062434276,0.0240882966277324,0.400481640078311,0.139456822301458,0.00110281120677922,-0.115646503862522,-0.0638027361753198,-0.243030289310558,0.249239834226905,0.107217774474171,0.278978181859882,-0.12588247602022,-0.132563901713156,-0.164818260279563,-0.376174272293013,-0.302381729199759,-0.491960512930866,-0.436547470020748,-0.443247415104504,0.124004119939675,-0.318206630494142,0.212311819906254,0.479799131486228,0.591913204223977,0.444947676408524,0.116997662451901,0.336653813271875,0.497154208247757,0.522070693130967,0.250871939267422,0.353851996138271,0.278693743209229,0.37696126947254,0.0626789436095055,0.214115363896099,-0.187114037853759,0.0265336878072209,0.330582035461881,0.302998654546172,-0.0661547813772047,0.254218183650708,-0.100632721488811,0.0819176446128544,-0.160260973301386,0.120148875162272,0.453904050721705,0.0672878852157417,0.15132296449676,-0.140187964339431,0.139128825768202,0.235358423082129,0.120980450154545,-0.294215237625678,-0.307622893700064,-0.258733978544319,-0.473149421036561,-0.385547515128788,-0.108955142819047,-0.392239737042242,0.215018320335978,-0.214294929016548,-0.0682720251428903,0.355535705167275,0.241005087804351,-0.0735391656179737,-0.223566393054144,-0.428563633064577,-0.394972337949517,-0.443645671475496,0.0983403357300538,-0.306522386591088
-0.114800575726858,0.245362302697801,0.134765087711932,0.360593791986776,0.0547347788148619,0.217138246818263,0.346517246585588,0.422438389978768,0.352263600289421,-0.0816324910717629,0.187834943198134,0.442109957487608,0.463228825955852,0.239463843234736,0.252475492503392,0.50388424060822,0,0.41317303561468,0.44319032506954,0.037485257274759,-0.0195797396584662,0.508497880641435,0.182648093785424,0.360082295802479,0.131716034790113,0.149561474715138,-0.0637726911629908,-0.13761203476463,0.141574417131603,0.056518516311597,-0.0847872284325507,0.094557748481512,-0.0270172508294183,0.198852084977528,0.212058729733624,-0.140340593011591,-0.179751551689751,-0.0171745297235732,0.00413129980530627,0.105394359848327,-0.138918443712365,-0.147443782150915,-0.113673672579334,-0.345231840488046,-0.0597064414167396,-0.226834075378208,-0.14055390693842,-0.163017092442541,0.0665824370357642,-0.404656754959904,0.115535527677458,0.272884188113963,0.302272167778871,0.272069317417284,-0.0522826063985273,0.143887139818761,0.236291466476664,0.321341270225201,0.141615691022692,0.439941487108673,0.370368746983969,0.463129553621038,0.370921127046976,0.455249469186872,0.0780869102276161,0.192890468280291,0.125516122520673,0.622492328453524,0.121239351006441,0.343144100265858,0.156129317992309,0.412508247402825,0.0782837349941432,0.0562798812147553,0.519483194223064,0.208137499448339,0.23953659161786,0.159236357625845,0.0691888113906298,-0.0278555171452072,0.136808698228729,-0.299416320008099,-0.103892642182223,0.115176460224388,-0.124200269177876,-0.106119709848679,-0.156447147819691,-0.225038553905855,0.121008956582693,-0.324207507400889,-0.190756237986362,0.0893706552672433,0.0556203205756681,-0.143670610858624,-0.0924064443685716,-0.381491907070996,-0.185063526040683,-0.249525052457405,0.0318886191603441,-0.444149540100212
-0.0497827922367477,0.167380039696715,0.0693547500205583,0.280857722104258,0.10263059687633,0.192544329327228,0.273081971046662,0.223263256776054,0.26521005196734,-0.218713745141641,0.0695566921913091,0.128282634636053,0.279291170335688,0.417327125605447,0.434327433209077,0.239357299598473,0.41317303561468,0,0.500043266763287,0.491249592508556,0.391220448188409,0.131015738626511,0.326398147149927,0.1239725094107,-0.0858022529540657,0.0552977753524198,0.00112341501596337,-0.122897599947328,0.236549085827888,0.0904763708123401,-0.101015662402937,-0.0144790547615902,-0.0106118352407865,0.580002299492807,0.0343724778514394,0.170926533942832,-0.0895211986146805,-0.210392170186909,-0.214766720925421,-0.0635068514933696,-0.095191120320963,-0.166887579692652,-0.21402259330778,-0.209507893335649,0.0404952864953045,-0.209273557613758,0.0292803241514226,0.0564062700292605,0.167029686876812,-0.0659821052943484,-0.0320519612426637,0.100027513193347,0.178257911219695,0.186639117111115,0.0597110340362389,0.155123830849753,0.198297476474852,0.220827345959936,-0.188271485943181,0.156329467401644,0.067899811659719,0.235829437977144,0.331676352123596,0.4030177407217,0.401112284711832,0.342253850359263,0.223863341431439,0.387154502220535,0.282316535490586,0.661510314308836,0.472497215564284,0.0993745964299601,0.256234545014866,-0.0970649540843778,0.221986875481804,0.0572279274893349,0.323200807560226,0.105286736138407,0.00318935472837132,-0.0811843134541187,-0.0259785326240029,-0.16509017961163,-0.0743619260144479,-0.000228988707580286,-0.0159894335712431,0.0147535174917576,-0.0540159960720359,-0.209702518118709,0.574097764958042,-0.277886284679389,-0.309754462990961,-0.16770560899346,-0.1717416396173,-0.203961832586884,-0.21073151348777,-0.178042597037917,-0.206437730191681,-0.0544502347029372,0.200201901644747,-0.101687961692324
-0.142498390082862,0.0273535501044514,-0.0272391753717935,0.26296952454622,-0.0353482972490146,0.0703343782720152,0.104407633097832,0.161223584218322,0.168760878949793,-0.231754301765793,0.142609794006994,0.156077822335983,0.329343669696202,0.53030896576107,0.466926456022828,0.0713583580099763,0.44319032506954,0.500043266763287,0,0.403483680945532,0.474258813895252,0.283579862738222,0.299298125763116,0.0331307535039297,-0.0323454324343755,0.208247861319384,0.184019166568513,0.0508759886913254,0.533653929848993,0.101453742171355,-0.130554400105171,-0.0690688257347257,-0.151264603330684,0.251962177028228,0.260491196386092,-0.118460537965473,0.0450674555930381,-0.118786384502925,-0.099477484122436,-0.0671581322413818,-0.207218692288857,-0.0165781610833325,0.00652145431584879,-0.107072858424731,0.116624800323731,0.0771358119469778,0.149567807533978,0.152330521864693,0.103665856626481,-0.0428792218726784,-0.0486330429141056,0.0271715719402055,0.0604098511710714,0.0920516167203998,-0.135411222410994,0.047381479697277,0.0856177879784247,0.132448860329252,-0.0925593125767573,0.263902832582798,0.142619258970986,0.174209188526416,0.46836609433902,0.475713200780525,0.431479406141627,0.373083854097851,0.024844929455633,0.515300822903302,0.153983358913555,0.306297709761936,0.505682925487394,0.333991007875007,0.215201914483437,-0.00190590452810748,0.212871631118086,0.181709034143462,0.441909322023893,0.215274573591656,-0.0468673419430608,-0.194814692263544,-0.186398193898957,-0.294841652851964,0.11751811282624,0.267584278923187,0.162207309749588,0.0820155429063285,0.0126480115181284,-0.0771484880530238,0.165414350238733,-0.300246247878023,-0.263651785432466,-0.0729664346922476,-0.135203719504088,-0.0523619393867542,-0.104267365645922,-0.0798802824928318,0.0714947855613609,0.0221633808779183,0.0916071059496745,-0.0986758514318837
0.0181341271855952,-0.108469876459466,-0.2214833220442,-0.011943197170152,-0.00674323079079911,-0.0701722272157009,-0.0880943093170208,-0.251821351197534,-0.147941017639407,-0.266897481388931,-0.0331594309457983,-0.145463009637499,0.00606604487657585,0.305374951769576,0.310287152047491,-0.162232849525033,0.037485257274759,0.491249592508556,0.403483680945532,0,0.549815971653491,-0.0374980965257252,0.273900366499824,-0.0526842253844047,-0.182770759160596,0.247631417947769,0.268226634120877,0.306383146633112,0.47805492672203,0.100267208764263,-0.113896192928591,-0.140982987552194,-0.0380715585073826,0.394238997118388,0.0916901799197623,0.341746597972861,0.282239769930202,-0.317090265590631,-0.20821249861719,-0.235612244122795,0.0147558744985043,0.00169541243740873,-0.0071912505339529,0.015657996137023,0.137743096798196,0.0909255639725925,0.298680262580854,0.281800082515909,0.0907367803591629,0.30059161127566,-0.165475836922541,-0.21053837576703,-0.217878483019123,-0.0561575474655622,-0.00899668888216968,-0.111472158458173,-0.205112648663456,-0.198080179776392,-0.292412048040526,-0.0436461486634125,-0.125466924011411,-0.147909149344033,0.146423995689047,0.0580184909476236,0.330645631652718,0.196685177143684,0.146434877220739,0.0944747490985015,0.11879776778986,0.25092484918547,0.485863174306572,-0.011685811609206,0.144056686458531,-0.235004290654432,-0.0943372386134687,0.114633006588377,0.379284806691516,0.160953103311203,-0.100929464855768,-0.23233114697582,-0.104178927195554,0.0274389016916541,0.123299789844309,0.184749149832517,0.305528312835743,0.183763310445649,0.194775599601307,0.134216241607853,0.408799814239036,0.0470410394468941,-0.183011234377571,-0.356575166721737,-0.261450456607785,-0.0508335392333694,-0.0357290266698218,0.0560507131208764,0.0126691373080728,0.114350975014027,0.16102356597686,0.228688138205782
0.0753339058449888,-0.158453288914896,-0.12941427792599,0.117712232783085,-0.066976820092801,-0.0743593990221502,-0.119613856059422,-0.134715035971761,-0.0972698063296961,-0.199850919363641,-0.0314032878882749,-0.130090441056065,0.0852332333212467,0.619561075743762,0.594888633560942,-0.192279404344428,-0.0195797396584662,0.391220448188409,0.474258813895252,0.549815971653491,0,0.00027469871019675,0.334574566014703,0.0216094212720674,-0.163347818604481,0.33953651198752,0.197654055114048,0.252983385283917,0.549346821929422,0.0821634048980726,-0.188831194196744,-0.0176440169401431,0.0130578444069503,0.204760951993038,0.116187351313956,0.0380345026596491,0.187094755021409,-0.1601556959053,-0.150972288072244,-0.0979859317533765,-0.126686746149675,0.0711254790165267,0.083867019664045,-0.0123478280154763,0.195549955891024,0.134669568913459,0.343674585159212,0.236043933465664,-0.0462303983365332,0.167242334016191,-0.00834314546297633,-0.125285159133715,-0.14371002248789,-0.109744770507232,-0.132129286226309,-0.0222364719236073,-0.0940517996474822,-0.0790517591742824,-0.255551437722579,0.0268825223635499,-0.00149973377541015,-0.0841868657570032,0.289474081044232,0.237500762946075,0.6043072286876,0.466067656328662,-0.00172048258792856,0.13425412671871,0.0233362835381996,0.139023380698472,0.776306190630476,0.124671639676352,0.26068316449289,0.0146337483090042,0.0360125298712402,0.272726409522398,0.518060838056676,0.165604660996548,-0.17621656918802,-0.109591510324975,-0.127782215837288,-0.15545211030161,0.0546285030070783,0.256045824112838,0.194086454545879,0.134818137372131,0.0455972883569894,-0.02878690923552,0.228074367393698,-0.00175067853051647,-0.245943392617564,-0.346075317976755,-0.269937494742788,-0.0731771983038223,0.0295337249157001,0.0501351153165945,0.0771889884410135,0.111936878915784,-0.00479955102275315,0.123451665767369
