0,0.0707346075892296,0.508789940213472,-0.382352196626402,-0.0980155500335215,0.631631981017237,0.324181704480068,0.527787582842788,0.288436244045894,0.0168057378856434,-0.263058786481225,-0.246649649542591,-0.032427206061528,-0.18200792596864,-0.169673190267095,0.235221774585945,0.0502801394434947,0.067264760649548,-0.148350175360609,0.0623633531795762,-0.0231291285329075,-0.0867732028542757,-0.350811526318706,-0.0707579362691247,-0.051841268481305,0.164400358674628,-0.339742545580171,-0.244165852326681,0.121883046552164,-0.427528744983733,0.0885186777604183,-0.00569573223644813,-0.228217768203899,-0.0885751285024053,-0.194363194229891,0.145695011508331,-0.00408586300923567,0.0914347645564671,-0.0769661135610231,0.0685733051940629,-0.102958735134368,0.101147370959955,-0.049023350602021,-0.0416967585224845,-0.203785737419787,-0.421006840040192,-0.412533921075829,-0.377765614165842,0.448219876990016,0.224339403535536,0.54500061895901,0.552567352099662,-0.263074317784848,-0.371156107718296,0.286392771972612,0.61167916365209,-0.156137756626978,0.198412175267531,0.185638506340809,0.2654882335928,-0.135660807564184,-0.00435764464459236,-0.200320378942564,-0.316246038107747,-0.160187698950666,-0.290612109228441,0.24086588388514,0.00591352550510534,0.0414914248702902,-0.0586517281623015,0.00636016105103098,0.0755084183975461,-0.441118649194543,0.22871795524283,-0.0470269904620167,0.318994778855232,-0.0339138637515113,-0.343571713823531,-0.0265991263420155,0.229811892714224,-0.113175015248646,-0.014331030824672,-0.0290954622787645,-0.120292163509487,-0.397933840002786,-0.399352287611728,-0.0109532316887362,-0.387340639670211,0.0768794111856417,0.115218147759703,-0.0933823862523121,0.227347870109313,0.0873026213593545,0.234497693810541,0.136385074536033,-0.0137343897443669,-0.400977378942035,-0.450216850160693,0.43517521472163,0.254798921963528
0.0707346075892296,0,0.299960584654377,0.419013306995555,0.417515978404751,0.141718071249206,-0.0186261513315202,0.177879127308576,-0.12765460934904,-0.294324387927912,-0.301800216753892,-0.195389753782952,0.0931894028707717,0.0687622569427287,0.208988910230815,0.323485368299926,-0.0373423737547479,-0.389631105751784,0.0274704947762664,-0.178110020707532,0.104342966814858,0.0144491749998535,0.188418305508144,-0.0604447832277104,-0.212218937020588,0.0386366463582841,0.00625163414129236,0.0489647168444602,0.0839753357299781,0.238219475677423,-0.248887605483834,0.137954835747904,0.121238059147834,-0.326888984952604,-0.0760238536567258,-0.362596804909632,-0.181815816362254,0.107924101205107,0.118513232171902,0.0696973647531659,-0.290551264911727,-0.137066312083841,0.0378365343978987,-0.0566832691677445,-0.160731722380998,0.0047829285064261,0.0534736631437708,0.0633843816381423,-0.130847646483773,-0.295327594557453,0.396149687048976,0.332779619979171,0.393151505988802,0.25554684215353,0.0264246663528871,-0.0655905355933556,0.112770925287518,-0.119411834323205,-0.402515403240161,-0.219861786538159,-0.228647734005653,0.138860800252481,0.101239044160277,0.141339652196689,0.0847393969394731,0.283913832558611,-0.119373033151529,-0.0320646176866052,-0.250817903476218,-0.291611955657362,0.0386688930810256,-0.0266445801000634,0.19092015744839,-0.287868000863618,0.0368995721436477,-0.107471630325031,-0.0299219451160429,0.242259892271608,-0.299191083751852,0.232724900614552,-0.114954020069859,-0.324713583694165,-0.230189660342475,-0.060096472745845,0.0428825151449878,0.0623119491323068,-0.190926102687782,-0.0803807136300925,-0.372085087224889,-0.334287076752746,0.133796174442435,-0.175237911386306,-0.00970907215242174,-0.238136388603773,-0.129795545429295,-0.175457809010828,0.00789222522184071,0.0574487041223046,-0.232495092252749,-0.275247771000827
0.508789940213472,0.299960584654377,0,-0.367085095994539,-0.00695037694992837,0.664085574963934,0.426468266826296,0.688321097486971,0.453485089922752,0.107719231330397,-0.15621800537392,-0.114002410765834,-0.209016863959218,-0.434333484574708,-0.390197235068847,0.540347339547571,-0.176622044119569,-0.0473731644326654,-0.243331658732833,-0.267637327623454,-0.275685009065281,-0.228810172526477,-0.41096939303614,-0.032429104965922,0.108496782971169,-0.0878877795898049,-0.448595117353378,-0.509200171774914,-0.182313810876846,-0.36370130596585,0.0382645154772422,0.259360579265725,0.022848291695748,-0.222077593577646,-0.368396332215009,0.0584509062910815,-0.233429069123363,0.269262820545629,0.0707719683368109,0.238978322496262,-0.067828831068131,-0.0656615231552609,-0.100834474166738,-0.22462904804787,-0.369143235341922,-0.486946007704416,-0.384866849592536,-0.494919906133266,0.383348385568596,0.0284693578394058,0.379123099500781,0.730175908830776,-0.0288818696543384,-0.508862101459751,0.611343336344646,0.578390113689485,0.193022070296202,0.439895444088728,0.170820159127256,0.0440984805087268,-0.100138404208808,-0.0371334105638396,-0.37927331222596,-0.459590174739934,-0.410761180312853,-0.376959727807229,0.450022652587966,-0.275941977767287,-0.211728566362441,-0.0514927664506269,-0.243693152988459,-0.238586495671125,-0.451621988435957,0.277079855501946,0.0758245796148439,0.110254758074609,-0.333654218921791,-0.358280933854989,-0.00401278939215166,0.48962999328906,-0.14099206665409,-0.00198793833464063,-0.285972757381085,-0.399606943592506,-0.502554095689539,-0.491792773075112,-0.273530412184944,-0.49027531326311,-0.0775480024113828,0.134233459915103,0.181233959896414,0.351571224385628,0.275946722025417,0.146171282753087,-0.0567263563469523,-0.247922213350522,-0.500990632345719,-0.525380146824338,0.250387473630708,0.0957425920378246
-0.382352196626402,0.419013306995555,-0.367085095994539,0,0.646903596961305,-0.4647156303208,-0.346733381298288,-0.424145895593421,-0.534318336527982,-0.167979610045906,-0.00110807251413561,0.00671689136939997,0.177599959393441,0.377882916985133,0.479824257301437,0.0790936585532523,0.0316292427935214,-0.406930509087411,0.144416414254575,-0.0903693674152187,0.190494154059174,0.121769821973769,0.596889517353198,-0.058161986140074,-0.213815919793362,-0.0391884774337815,0.426409899726389,0.38562475472615,0.165189378407744,0.597538543843502,-0.242753918132006,0.16679997540802,0.339100210600132,-0.156566184937915,0.0947645146928045,-0.439926343569797,-0.0232474624565051,-0.146514300132276,-0.011408962115267,-0.287726753225077,-0.299382839722235,-0.273168405023625,-0.056321030930451,0.0819207425557618,0.147226626142453,0.499261672049951,0.362472535986564,0.512957984622399,-0.616566156397623,-0.397260897071843,0.0210150114736499,-0.380550777616535,0.686467297499649,0.789866347837795,-0.410969217343446,-0.690652186763005,0.171944457279993,-0.501765870814786,-0.475952424619154,-0.381196310714576,-0.16030742143053,0.0778170733665651,0.372929736167387,0.528599621299897,0.339250918559002,0.561483835468822,-0.484551572691994,0.0433195921787002,-0.216243736336001,-0.35438881679282,0.0572543117230021,-0.0308850377299373,0.669520089500138,-0.573229449019536,-0.0500392837549429,-0.368232947013335,0.161489429376627,0.602630462288881,-0.228550537454713,0.0485762660450333,-0.0341928552498705,-0.386901562404088,-0.0661687188643091,0.132618478637167,0.563970317235102,0.507058902833786,0.0333351058436695,0.415133102988732,-0.387966447020667,-0.576886942377714,0.298113765783803,-0.520142749151592,-0.266016254372258,-0.376718446091963,-0.221867708536874,0.0181747712950588,0.497026472720219,0.616371960152212,-0.60545564861265,-0.482046151380555
-0.0980155500335215,0.417515978404751,-0.00695037694992837,0.646903596961305,0,-0.104629557339644,-0.180803991941127,-0.128790999164735,-0.253473826795865,-0.1540660305965,-0.140138096925613,-0.0869423589406248,0.132302333488232,0.174432396568264,0.213537003988268,0.298008114804931,-0.0818548167574391,-0.402113820286593,-0.00304399919463352,-0.230454354152532,-0.00776083575011827,0.0165123094476145,0.344748176517269,-0.179833944828256,-0.134551383764002,-0.0443339414905221,0.136382960521941,0.0913461251115332,-0.0260421111604634,0.369170946570961,-0.269713391078206,0.258356691122349,0.300530516495596,-0.264723403970345,-0.0210035045347854,-0.363117086875127,-0.146123662343408,-0.0679308036910821,0.00677571371503058,-0.238376536629641,-0.354114336849111,-0.338804612299613,-0.110712989548553,-0.169758483652287,-0.0688094710936408,0.173030742372118,0.188956369395128,0.178691726423252,-0.424102453275844,-0.401639237789035,0.187052868836726,0.0370445336882292,0.589020469542696,0.510037546687912,-0.0355169002388593,-0.340167679096682,0.181444514976604,-0.302204756624979,-0.33877309683392,-0.346532343071158,-0.183188181515801,0.113915750874701,0.178426612668085,0.272525128838208,0.102084739361885,0.303670938492782,-0.274984351927851,-0.116245942416331,-0.277956782108968,-0.3493714236028,-0.0979857099542377,-0.122774490291417,0.360284340007201,-0.459433169418579,-0.164827042673161,-0.31752993691888,-0.0203693524252604,0.346005896792712,-0.217054913950296,0.245243207578789,-0.19277247052751,-0.348130491403114,-0.218941980296778,-0.0641374737790007,0.237328238317464,0.210482793661733,-0.0700280392004377,0.140397965909839,-0.416729105710189,-0.543687731555498,0.375819463345514,-0.332800043317658,-0.167354683878634,-0.29391366415821,-0.281418799615578,-0.216512045754266,0.1699489687162,0.271515469932855,-0.38793458583085,-0.43967048634726
0.631631981017237,0.141718071249206,0.664085574963934,-0.4647156303208,-0.104629557339644,0,0.364535913847874,0.731499390978217,0.550411291166734,-0.0436412482232036,-0.338634039345237,-0.247217619430511,-0.0946549665951726,-0.25350126697567,-0.223728692641597,0.197140325634639,-0.0819261072813198,0.0902710264635107,-0.11202803863634,0.0332544800343798,-0.0751012682431793,-0.128250837549012,-0.392163749203204,-0.0817237612642209,0.0562440344279111,0.00831567196439784,-0.375438948750762,-0.271518912437382,-0.0183538947969846,-0.363909986994963,0.0587578049876586,-0.0472761172727774,-0.191142772656106,-0.144026971223262,-0.199502825414653,0.261852000015089,-0.0509077045345755,0.184121634039023,-0.0494236021997424,0.285287032038055,-0.0320000483327025,0.0774174693999573,-0.0801946964739431,-0.129663153270144,-0.346759907797066,-0.485432895142812,-0.392171817262465,-0.470234384328975,0.605454877615667,0.275508479092407,0.434972478623481,0.605278121348366,-0.26824150728196,-0.489337722149965,0.637137378836779,0.7396088086477,0.00697677263778754,0.437170307066734,0.219189709636833,0.221767560794465,-0.108805255490993,-0.0496019591728539,-0.227964055428059,-0.333560203646727,-0.188150043604184,-0.291573441839234,0.485215014360616,-0.0214040446762025,0.0484560369565554,0.0309265837250499,-0.0332918461137901,0.0429006058106405,-0.448456367458815,0.320163418785591,-0.0189378178516679,0.335013749047221,-0.0434472315201822,-0.330735269093051,-0.0470761538842979,0.253338458191336,-0.0874234630710609,0.0347313494529785,-0.0992115754607444,-0.132078815957014,-0.40825242878245,-0.421271565565436,-0.0691104194347518,-0.394654737083612,0.130339776347624,0.184131100967991,0.0308831666159805,0.370257355066891,0.229195842164804,0.257493000338752,0.0933597873459884,-0.137947463118617,-0.453135728752263,-0.474998764955349,0.577388087659269,0.307928831601309
0.324181704480068,-0.0186261513315202,0.426468266826296,-0.346733381298288,-0.180803991941127,0.364535913847874,0,0.555133471111535,0.68565836629037,0.298191636477647,0.0540914237206939,-0.00826349567572,-0.289237439650711,-0.387839964262041,-0.349509218411384,0.363745427603522,-0.306332829230016,-0.078756297034232,-0.373947563106382,-0.242162149829728,-0.307316264790153,-0.400826329367725,-0.358406246584078,-0.0272772021711674,0.353329425390495,-0.145771675947109,-0.404047632640793,-0.463806134853743,-0.178668312188251,-0.27362170094315,0.0335806672886791,0.360968665957291,-0.0293991106462561,-0.350378504336258,-0.396016533703373,0.176461338007674,-0.341987065943467,0.38988338993259,0.312397300569768,0.548609175954412,-0.0474734888787678,-0.154533418821116,-0.260185798895456,-0.264541153872055,-0.378678575161199,-0.45381410055469,-0.476648263513848,-0.478140432112405,0.521990729126808,0.00291906152060478,0.160922096036767,0.386661157257706,-0.120363398541612,-0.478311052718942,0.475988779668138,0.569630068249475,0.0744023180760027,0.478412338465733,0.38780916676748,0.0925089999539351,-0.0563397053677565,-0.133161557747606,-0.349468291818889,-0.394484541616395,-0.375811915207544,-0.295469849987865,0.550671128729989,-0.412568968385297,-0.356767861027568,-0.237060130084253,-0.243719730014814,-0.294462759317666,-0.435652874123151,0.421232426488359,0.0198004085868502,0.171517711801356,-0.404298426328309,-0.337248734276938,0.0484512185480661,0.42254586597495,-0.297839036725954,-0.171014754532596,-0.354526030073273,-0.395278789464478,-0.408553257789112,-0.455660315563053,-0.322658997783317,-0.494102579533782,-0.0425926778491805,0.12430631204516,0.035692377099038,0.62638518383215,0.436342790310582,0.0128052812067584,-0.10752781135196,-0.345171286130221,-0.45136681172701,-0.488393419439087,0.403556525275155,0.143274461324033
0.527787582842788,0.177879127308576,0.688321097486971,-0.424145895593421,-0.128790999164735,0.731499390978217,0.555133471111535,0,0.659999424099078,0.041358314736177,-0.282157759961761,-0.169225850612937,-0.163182152523868,-0.300827255728373,-0.256378271796929,0.399326135569584,-0.160945492282106,0.0322628010138443,-0.24927462529029,-0.102459398998899,-0.100308804166564,-0.190701456167404,-0.381321460454016,-0.0836335534385795,0.119054556237212,-0.0651771043113469,-0.394448710584325,-0.366905794352328,-0.0688710341016847,-0.310493571368012,0.0688297289513461,0.151792818680781,-0.102771019266528,-0.281122503352026,-0.288119907221177,0.184631598712763,-0.238228329878026,0.29275262153389,0.109993500879457,0.427716899259617,-0.0813198680950671,-0.0382655792787141,-0.120767966135179,-0.179663676742519,-0.329916838618321,-0.503615576454546,-0.403570955261335,-0.497897812438588,0.506514035154524,0.12525148530242,0.410823307237941,0.604197659262699,-0.150703977517241,-0.534997096782379,0.663989284654192,0.661235185987179,0.124572186449276,0.534624705838559,0.188904382069045,0.120821120476966,-0.149222259854256,-0.0119063736513342,-0.275136666560219,-0.37250437599406,-0.261519367429917,-0.269693459658452,0.508987663182455,-0.172499457386554,-0.167879273346562,-0.112765873502714,-0.0793685541220597,-0.0843967009232894,-0.449279820420692,0.350243800260574,0.0659451369514385,0.222013370993291,-0.211590273129065,-0.319167949592075,0.00403152241474605,0.380003931831648,-0.179472634644683,-0.0889270533901729,-0.208040991857826,-0.258162115470333,-0.42413778383947,-0.462029723118086,-0.243642412497613,-0.487645261672525,-0.0212757399242475,0.119728190351208,0.0360558618496537,0.40988659751763,0.349363498512778,0.142144266680786,-0.0349519597095845,-0.254394270156168,-0.490319573955066,-0.552319624376145,0.425637150140829,0.211418217851068
0.288436244045894,-0.12765460934904,0.453485089922752,-0.534318336527982,-0.253473826795865,0.550411291166734,0.68565836629037,0.659999424099078,0,0.229076470798249,-0.0671907256788944,-0.0761436283145264,-0.2442499844823,-0.39591369695026,-0.452448464644279,0.222194909109618,-0.313835090563633,0.102841827390613,-0.346529066541112,-0.193514960190584,-0.330056574044739,-0.362396153731842,-0.494429452021773,-0.136230368264391,0.322272617171506,-0.210865669028125,-0.451296838123114,-0.487886099232653,-0.251293040784711,-0.428252947234606,0.136214722505488,0.132563136190197,-0.11739185559911,-0.192934664226423,-0.303946274154038,0.397272673115457,-0.218225310425671,0.330252818972824,0.191855396980252,0.50820300517039,0.0673007600019859,-0.0477214011062451,-0.219124158974708,-0.250133157782682,-0.351121667515051,-0.504122176707094,-0.445404817545842,-0.546534587236164,0.641268926588333,0.182553586712402,0.126970179546182,0.406740763373326,-0.305724669717441,-0.55188230230287,0.650889288417139,0.716104388152125,0.157458040768485,0.684138331267557,0.42955248431033,0.111233898216421,-0.0523819767354429,-0.135666415844046,-0.362718818823037,-0.445764419861562,-0.373944677625199,-0.450058410405716,0.648621218101769,-0.311645717823342,-0.17256284132884,0.0143418491227847,-0.24173267944387,-0.222012781602824,-0.541121636324608,0.534571375694295,-0.060314071197399,0.215225616241198,-0.335225021106994,-0.48340924314998,0.115494290490473,0.27266958896221,-0.229798438556657,0.0448373177419156,-0.242696327202247,-0.316053271208577,-0.47897127447152,-0.493758380979158,-0.212629923311547,-0.492867598141863,0.123341808564333,0.271587496596492,0.0291703123027434,0.635175330612265,0.47449000529482,0.0964782986512116,-0.0532732497557534,-0.325434243288264,-0.504576801610204,-0.559173316261527,0.5589154578814,0.268200760261235
0.0168057378856434,-0.294324387927912,0.107719231330397,-0.167979610045906,-0.1540660305965,-0.0436412482232036,0.298191636477647,0.041358314736177,0.229076470798249,0,0.499916020440495,0.355187024331935,-0.238846482801989,-0.372101288068634,-0.388723252958263,0.0742090268662798,-0.182044248409487,0.0499908885947054,-0.392948252339346,-0.177454638796466,-0.311680528357618,-0.321955764420307,-0.206003975922326,0.143337175920385,0.641133690614209,-0.184758766269193,-0.134309042431105,-0.323636327583084,-0.123681850539948,-0.231530056398546,0.238741036036534,0.265787056356003,0.0272433143814985,-0.00980056771319381,-0.333443839290561,0.177868436574421,-0.0985666803865801,0.252629957865727,0.0140076933456861,0.0904918965955008,0.156109478630287,-0.122430050171723,-0.284535303678319,-0.150919960898595,-0.139917414077823,-0.10572576472234,-0.302080170910837,-0.143277535892831,0.143509252085859,0.0890943772187002,-0.262560735350816,-0.068931338492283,-0.153944706313227,-0.3075698648176,0.114562338421692,0.116107172724703,0.150989094758945,0.392686081621566,0.656624130671864,0.0976201028843269,0.179359061911484,-0.169668479596708,-0.2712070680239,-0.357988056461851,-0.362710857540651,-0.340065870823762,0.257997127029191,-0.375864581215829,-0.207143586652083,-0.00346364056360865,-0.29316535890588,-0.362600498012015,-0.207636737551252,0.341045262863423,0.0560248631892498,0.0755690266771828,-0.247122412611573,-0.209736015544602,0.310707275989891,0.150769266731152,-0.0797264898472898,0.0505900689653288,-0.181381152539138,-0.364982015974136,-0.160664312368351,-0.252919246601795,-0.0574072022155129,-0.135321500614764,0.117283584679946,0.210711528764599,-0.075032637328642,0.444558680087608,0.282240193794187,0.144376703105009,-0.127138162921199,-0.151727812951202,-0.132372096175883,-0.139445517076661,0.0985317510784369,0.119797022090359
-0.263058786481225,-0.301800216753892,-0.15621800537392,-0.00110807251413561,-0.140138096925613,-0.338634039345237,0.0540914237206939,-0.282157759961761,-0.0671907256788944,0.499916020440495,0,0.658615289568701,-0.104399464430324,-0.16039047204388,-0.188782795645935,-0.0982817145174292,-0.0497264493325649,0.0143469440717554,-0.0889475626147779,-0.156291619195882,-0.217870950586445,-0.0688392944896027,-0.0658699104924404,0.312391056764775,0.33503541815307,-0.118546475210967,0.0242506763128928,-0.175381374481222,-0.0922673063557294,-0.0727768390690722,0.0833121854245666,0.183169592375015,0.00688425435786651,0.133095889273287,-0.152557342920287,-0.0295251605509627,-0.0260380624421291,0.132642688805774,0.0373941193257794,-0.0224343894905132,0.17408543464866,-0.00462733851008653,-0.12576071814555,-0.00503350303372814,0.0203314099138932,0.123416684561145,-0.029923869858143,0.0627701855681456,-0.0903145340564197,-0.0368902380270844,-0.36039477842016,-0.246726848574299,-0.0142732653618587,-0.0715074574382219,-0.152192822371651,-0.181729468828955,0.0928011738773377,0.0696632013336881,0.323182875869907,0.0730726052532165,0.429630429685481,-0.0603801407355621,-0.0748068687797743,-0.0915429860779845,-0.163783265270654,-0.145402676967557,-0.0394939966443212,-0.217915278144385,-0.186172426419327,-0.00865957035291514,-0.207952333469349,-0.24291555129142,0.0307381716272611,0.085571444484583,0.223096611857344,-0.0223458574361393,-0.155094974147376,-0.0810577724066139,0.161989850034145,0.00393696904932454,0.0623203371644112,0.0445598726826119,-0.0479402652374028,-0.163430812872071,0.0492305893218602,0.0085530273914149,-0.0339681728016495,0.0566874513334539,0.0214795015094421,0.140397794684446,-0.145378696853954,0.0745518377478255,0.0984212513521558,0.0921673074009959,-0.111278846702433,-0.0140920291356107,0.0646131171124147,0.0936117030401159,-0.18940726249286,-0.0578955407663246
-0.246649649542591,-0.195389753782952,-0.114002410765834,0.00671689136939997,-0.0869423589406248,-0.247217619430511,-0.00826349567572,-0.169225850612937,-0.0761436283145264,0.355187024331935,0.658615289568701,0,0.00662009003868884,-0.0913370333143928,-0.0647201312396042,-0.101912677477109,0.164539269531682,0.0822949125901017,0.0764871477436511,0.0389967974230722,0.0496925426472821,0.0235366770163071,-0.00224269940518451,0.510306795161237,0.377130929716007,0.0592842545700307,0.0989582175506978,-0.0909644765927631,0.107069340425764,0.0632742537220453,0.168728647768034,0.110099346516623,-0.0454264931864395,0.0711954222799292,-0.14659299991696,0.00997321846354567,0.0281328623243995,0.146600909917438,0.0357726020937412,0.102247636720815,0.152202370363344,0.0325224483808996,-0.0624174775930619,-0.0304200411007195,0.0106713221129012,0.0865770470387269,-0.0495360382686184,0.0837692813521949,-0.0993351526363386,0.0360492121186673,-0.235161621995049,-0.195898725228614,0.0113909294491339,-0.0927404076064943,-0.0747041071283947,-0.193394052946896,0.0906394804648794,0.125235909806485,0.235459906309897,0.197177600541896,0.537516292020898,0.0100751149984479,-0.0336676428334304,-0.082434113547786,-0.0447460559056529,-0.0467039060932345,-0.0438529896768087,-0.075305583862857,-0.164902780751641,-0.0299507076729523,-0.0102328513118606,-0.160735951747684,0.039152219298306,0.0381534444847621,0.365358569832992,0.131866633696685,0.00150443167878331,0.0307584031038298,0.160055185556817,-0.0756428391185865,0.115075284276849,-0.0886327659834416,0.00381774875955828,-0.162917977796698,0.119070962076215,-0.0222884711682906,0.0173062049028556,0.0185274590507911,0.0830915805188118,0.0796231436093032,-0.19220354594823,0.060565708463366,0.137508040821821,0.156641859574574,-0.14738598192751,-0.0379591550637086,0.0646855109923644,0.068263320076809,-0.208319333123937,0.0128654201617378
-0.032427206061528,0.0931894028707717,-0.209016863959218,0.177599959393441,0.132302333488232,-0.0946549665951726,-0.289237439650711,-0.163182152523868,-0.2442499844823,-0.238846482801989,-0.104399464430324,0.00662009003868884,0,0.419225923701858,0.350552292437257,-0.152948142256904,0.529976418039088,0.0306672933403818,0.382562693324471,0.257913097707413,0.243677985855654,0.455918975798584,0.191854061974833,0.0532869335544359,-0.347216209271967,0.348217086170066,0.0916123535419356,0.349157250421102,0.295853057406895,0.213582022086216,-0.204802211407167,-0.308921597447343,-0.126314965234349,0.132681989235604,0.307669375252536,-0.205329580856613,0.282148303701715,-0.17492904303731,-0.0246772815808195,-0.113465230522431,0.0263126079346433,0.0103196677861852,0.302653367294632,0.243845770342136,0.103957357435131,0.135123838189181,0.142375595419405,0.127130055190161,-0.132535487589059,0.122381097173883,0.0766610035894943,-0.0816511866861663,0.0222621216310796,0.264760775538651,-0.21816289558912,-0.168151053811625,-0.217425794539244,-0.262491979012766,-0.292005810692243,0.0932274700594146,0.144603933947749,0.649646608295446,0.3489610030607,0.32667849354416,0.291195870456776,0.246250694816571,-0.388896208532988,0.388528914070442,0.117486749368435,-0.11453011467114,0.179926890786723,0.291244519847772,0.155506765834996,-0.353933312619763,-0.0685819236405285,0.117698243066919,0.376094017594419,0.178687772884668,-0.233960404513527,-0.249636253827513,-0.107072519613428,-0.121909993713854,0.163080141111505,0.206764218946009,0.111040195243704,0.126273834715897,0.176669120453759,0.131234914630684,-0.0158217040930207,-0.214030069621981,-0.113415679499419,-0.323915722978186,-0.313068215112825,-0.0699136083178759,0.0844081864700028,0.193714447458098,0.14782338169621,0.161001427241668,-0.184113993343325,0.0249488675099843
-0.18200792596864,0.0687622569427287,-0.434333484574708,0.377882916985133,0.174432396568264,-0.25350126697567,-0.387839964262041,-0.300827255728373,-0.39591369695026,-0.372101288068634,-0.16039047204388,-0.0913370333143928,0.419225923701858,0,0.819094445393727,-0.347971012550132,0.377764735284145,0.0687987134703397,0.43822942760664,0.415152589211338,0.634616427312597,0.570233042714716,0.678923069042821,-0.0267251895979811,-0.480748989751185,0.294558713253512,0.501382997333571,0.725766944742192,0.397116661384728,0.594341118368758,-0.265840304846915,-0.405892668527952,-0.102958276155823,0.109180916850171,0.604213156007505,-0.197854606384526,0.274812949140458,-0.333416542034066,-0.0840944980657861,-0.217015412780643,-0.0194796857200129,0.0271477080227746,0.312918123658041,0.357772058273548,0.232215591127327,0.550614666295241,0.481007115242485,0.536504139785063,-0.2842111060242,0.0576325272453914,-0.0552469370142244,-0.400744094486083,0.0398940634613587,0.439156592478073,-0.394152483257215,-0.428936278229488,-0.280579902623467,-0.538856289625948,-0.402357864206323,0.0271660585279668,0.0015776325179311,0.0663386984206068,0.704914294407779,0.722760380189891,0.751098300746956,0.717510099551644,-0.497112823743187,0.515771772083379,0.243845034443411,-0.118332759096254,0.601799439227281,0.53937277450505,0.588183598474143,-0.406941249397415,-0.0629772944162483,-0.0373530582418718,0.473552828625773,0.631777203646885,-0.283283416463506,-0.407340739639495,0.0111187589272345,-0.124775098162882,0.347597949436254,0.565346918643075,0.552499143674385,0.557449933527629,0.27952672197923,0.521398906105219,-0.0436449057737914,-0.286660104669422,-0.0929599188998095,-0.456283721758393,-0.357195717029789,-0.142400063658176,0.0268933694141781,0.28828872283815,0.577891295931539,0.532481207329628,-0.264002635208526,0.0382435895381512
-0.169673190267095,0.208988910230815,-0.390197235068847,0.479824257301437,0.213537003988268,-0.223728692641597,-0.349509218411384,-0.256378271796929,-0.452448464644279,-0.388723252958263,-0.188782795645935,-0.0647201312396042,0.350552292437257,0.819094445393727,0,-0.315857658701649,0.323690880505523,-0.0938734029396552,0.407232363164856,0.422823220919174,0.753888273035241,0.465772042635168,0.700506655501417,0.00522340153780878,-0.428552121897464,0.265860555971503,0.535581651165995,0.728634703768811,0.512632608863252,0.689419778763261,-0.236806301027319,-0.31533298372945,-0.0763593473079272,-0.0582364106270024,0.427995274670123,-0.305728561660402,0.197733402740685,-0.282778095595338,-0.0748278724251352,-0.185298626704459,-0.216631517159883,-0.0417288175365787,0.180570225645337,0.333243187461656,0.157274103086914,0.513457885135171,0.406607356168655,0.550224423928203,-0.318741089779123,-0.0393931395191364,0.0544140437350857,-0.368806046933067,0.164013585581601,0.480510359783322,-0.415901839150625,-0.480033564875126,-0.305126002875291,-0.589822370180033,-0.441884082719953,0.0105893750963937,-0.0402550444452094,0.0416979528707541,0.719260029684706,0.766769665496431,0.794727076112091,0.865220210031489,-0.523457362752843,0.4830421103454,0.172528697306025,-0.245290198840993,0.643898844604912,0.47062187956853,0.654315768240526,-0.445197740196875,0.0689238512998283,0.0138112740742225,0.505259041016797,0.732623213134555,-0.24565674717771,-0.327301206469412,0.0886875060425084,-0.286743373164847,0.253140283742423,0.510229126262011,0.620119708686631,0.610259384765722,0.196662719130566,0.519324253597239,-0.155350633875734,-0.391435233755905,-0.0721466513272145,-0.479308558657964,-0.359879356274284,-0.163306748042661,-0.0409250155350153,0.257562771152088,0.542270760603444,0.57155854821085,-0.326021821299627,-0.0658586397388557
0.235221774585945,0.323485368299926,0.540347339547571,0.0790936585532523,0.298008114804931,0.197140325634639,0.363745427603522,0.399326135569584,0.222194909109618,0.0742090268662798,-0.0982817145174292,-0.101912677477109,-0.152948142256904,-0.347971012550132,-0.315857658701649,0,-0.318617793508857,-0.365055796065199,-0.277630846151188,-0.542904296773153,-0.439278587087128,-0.232882946484419,-0.240638526797948,-0.144007658539057,0.0801777655934103,-0.238804307805935,-0.368598782806049,-0.438351004034747,-0.374903768057285,-0.149654147250955,-0.225785921893317,0.52916465078563,0.356271428400301,-0.37671856663735,-0.32968396177588,-0.221761486716887,-0.406794295453511,0.252350040327204,0.264483975365508,0.138016863322109,-0.227674258021423,-0.325145837296075,-0.22977264736107,-0.337181891991449,-0.339888346843929,-0.35115337724527,-0.263014559191944,-0.394498930280208,-0.0563300532810674,-0.412189272633318,0.363622494007521,0.489031926486256,0.403368027945746,-0.0582457330505281,0.400208800260741,0.199603401980378,0.411670086229166,0.204860148471792,-0.0768649231602012,-0.391502307939659,-0.260741518059058,0.0814337553420118,-0.339434408794889,-0.27625047496054,-0.454406588994257,-0.226927016199881,0.206514406327376,-0.51848216225474,-0.524510300836867,-0.303546579253945,-0.437487008164861,-0.46224275256603,-0.233546413258102,-0.0230914914490016,-0.188657260793207,-0.366619165708178,-0.50135309262749,-0.206230118285416,-0.161436624260759,0.561442621247759,-0.388241370745817,-0.298290688054121,-0.509552999979706,-0.494981696415144,-0.351527251480122,-0.344299750677722,-0.440611225183028,-0.364876382148821,-0.445719964444774,-0.29449574783563,0.406679286097158,0.136671349519712,0.204626548766848,-0.224427872671718,-0.337494564904024,-0.433183274106199,-0.388089084467897,-0.35110624723697,-0.140690859549256,-0.364339992053503
0.0502801394434947,-0.0373423737547479,-0.176622044119569,0.0316292427935214,-0.0818548167574391,-0.0819261072813198,-0.306332829230016,-0.160945492282106,-0.313835090563633,-0.182044248409487,-0.0497264493325649,0.164539269531682,0.529976418039088,0.377764735284145,0.323690880505523,-0.318617793508857,0,0.359461150217887,0.66466293519743,0.556364630039736,0.466307409653312,0.59812503922557,0.148350409184624,0.454867697058252,-0.293467416804895,0.57802977868996,0.185925372745589,0.376598913442908,0.552848493608285,0.0590505578882482,0.0651375915117837,-0.455323217900399,-0.266534211112768,0.397430964589167,0.30341025992582,-0.0274932769332946,0.458524629430396,-0.201734091259986,-0.0652562657525078,-0.110235608936079,0.175174395624413,0.299411180471911,0.433485098341343,0.370700425276376,0.285634008588339,0.152670822047187,0.108027259363777,0.203124241547492,-0.097570489169844,0.367792053545646,0.0174075025523424,-0.100037387243011,-0.144198782181664,0.0851945663007269,-0.30755759232319,-0.148907677870637,-0.261873748464128,-0.206489420835784,-0.164421421358935,0.34431499490253,0.218566126315108,0.238792084448738,0.288397336239827,0.241832076624108,0.40804728134932,0.169218790516697,-0.310429440091525,0.604664480103793,0.404639281460251,0.154144077778039,0.459478891315314,0.470288483144578,0.0813432552833027,-0.161252570554431,0.305610273472939,0.353251721897876,0.570738948734296,0.105560060791476,-0.0270489297002344,-0.414131747430223,0.294450238377935,0.0789067313650863,0.430209381684991,0.353629366667545,0.190472189422315,0.107816143154999,0.407119367877478,0.150244607779973,0.288305867343346,0.0345562602506285,-0.332327006548486,-0.328538227080592,-0.266439884790591,0.227064025744864,0.270464423897174,0.479487023198101,0.204393948934397,0.112023014682524,-0.113782056791088,0.274683211616937
0.067264760649548,-0.389631105751784,-0.0473731644326654,-0.406930509087411,-0.402113820286593,0.0902710264635107,-0.078756297034232,0.0322628010138443,0.102841827390613,0.0499908885947054,0.0143469440717554,0.0822949125901017,0.0306672933403818,0.0687987134703397,-0.0938734029396552,-0.365055796065199,0.359461150217887,0,0.171730759171198,0.584356528145439,0.158679971200899,0.320065892997444,-0.0811014275417636,0.226350002617706,-0.0510274336078073,0.361315986111207,0.0746474265583802,0.122144462416218,0.189808683580117,-0.199977784917822,0.291366613392063,-0.471683283316988,-0.303241360690352,0.74298678427604,0.337518511984518,0.606138535497481,0.455009274422012,-0.212905446030044,-0.0796972074914435,-0.0692846576443163,0.54244103178771,0.443139085491486,0.345904335753847,0.193261701288749,0.287951832136886,-0.0359129572339112,0.070765544935872,0.00998757106411848,0.359433862053408,0.616230409691239,-0.205268103587845,-0.107834235414799,-0.495904467649791,-0.309456737696912,0.0373726964229775,0.180731961405591,-0.164622175766809,0.171089540371618,0.197369930420474,0.504770363799562,0.274425383504113,-0.126889123832723,0.0123687458509557,-0.137986831825097,0.142230913673618,-0.227090209699398,0.101775780839566,0.444252546478862,0.623463268530245,0.614962454913478,0.253870329369164,0.427415681952216,-0.142902407901175,0.23459495360565,0.188223633020502,0.415687800893475,0.316515638000872,-0.183581951727281,0.171896211493879,-0.488793313591667,0.299036124994569,0.5382820421791,0.564494607836469,0.342078926354325,-0.0206390744546886,-0.0561215344718691,0.401735462215926,0.0397964046328111,0.724211653470968,0.406996857047585,-0.272282450989205,0.0285826760574714,-0.0247113693603019,0.382227112802844,0.485539433987778,0.369252291269406,0.00265853364205564,-0.0459850210838934,0.356972030351875,0.558998613181796
-0.148350175360609,0.0274704947762664,-0.243331658732833,0.144416414254575,-0.00304399919463352,-0.11202803863634,-0.373947563106382,-0.24927462529029,-0.346529066541112,-0.392948252339346,-0.0889475626147779,0.0764871477436511,0.382562693324471,0.43822942760664,0.407232363164856,-0.277630846151188,0.66466293519743,0.171730759171198,0,0.417733777005451,0.433585440234272,0.548875746883355,0.166821414989049,0.352531731791753,-0.354613455499326,0.364992497708301,0.235358362698488,0.430810020802002,0.370930514370941,0.165343982704176,0.0109008482667579,-0.372311671619903,-0.134980549581186,0.220003779756517,0.299387334955818,-0.172002703443271,0.352221337198187,-0.185841176038287,-0.0616281162441499,-0.0377317115726314,0.0726741775856983,0.231491040367518,0.393028792808942,0.333593212169027,0.301809660009749,0.222655390049952,0.208765413771479,0.232339501004052,-0.198373184687124,0.147830025451239,0.0249058680167117,-0.0980472084961175,0.0204253407209496,0.231443887974107,-0.327824757587706,-0.248878606767604,-0.23360326092969,-0.302406438762655,-0.351785882656708,0.145820760802321,0.124021575856368,0.0861641426367338,0.299193763129784,0.379879682724397,0.416176057059903,0.285177069360698,-0.400172433215993,0.499126297407378,0.279674430504328,0.09071207488528,0.406445586447634,0.376733910497027,0.162488360178591,-0.271992839606933,0.245001762355691,0.146196341057106,0.490550214289059,0.174400262519659,-0.035800992166537,-0.364301939182572,0.263815557763231,0.0244198009127449,0.351477765571996,0.294863422082636,0.256231160674038,0.218886318764101,0.307737661180518,0.23310299275445,0.133937862525311,-0.0234718768433934,-0.199627897754934,-0.428153519110676,-0.257333851752041,0.0909466632356413,0.164614117712961,0.429644499684338,0.262250958124154,0.199603580085897,-0.22758808012155,0.101269762333175
0.0623633531795762,-0.178110020707532,-0.267637327623454,-0.0903693674152187,-0.230454354152532,0.0332544800343798,-0.242162149829728,-0.102459398998899,-0.193514960190584,-0.177454638796466,-0.156291619195882,0.0389967974230722,0.257913097707413,0.415152589211338,0.422823220919174,-0.542904296773153,0.556364630039736,0.584356528145439,0.417733777005451,0,0.646958292883128,0.427559546709561,0.210253881918173,0.25592252022986,-0.209845819709881,0.496845307912523,0.343282563924786,0.51350060225122,0.64893047539069,0.0962739191309197,0.163784874482959,-0.561408757818033,-0.364598953175474,0.430100729157597,0.362813803637733,0.248895569099558,0.591774731317922,-0.315220573307373,-0.210639404396013,-0.174574634887156,0.15285297512707,0.401242282746462,0.32861969534954,0.364224326922287,0.308238922003008,0.150224090944453,0.0787030080750553,0.262112486333234,0.155089301882066,0.55416668445877,-0.00492361848342311,-0.25071162365195,-0.3438095038365,0.000227644610264002,-0.25722781834454,-0.078730682260457,-0.411085614085463,-0.226660163088949,-0.031598104815333,0.479068147927572,0.210662801735463,-0.0248005083940685,0.404764214610065,0.267665972320843,0.617043605018345,0.255508064710739,-0.186731919836891,0.732163922106995,0.676590935088445,0.325566527408056,0.712956188601054,0.662638282895408,0.171078049655123,0.0288805095438579,0.251319671622653,0.468471237837659,0.723949067185518,0.192026935775158,0.0110765162660325,-0.557130349639382,0.435093944489707,0.1899769667751,0.611866179905622,0.597688207671271,0.33720293607046,0.243931436497134,0.596261218880045,0.273504652144981,0.540672491905119,0.131341912888417,-0.335495375127353,-0.23278282278775,-0.266510557883793,0.340827480174067,0.407461548434592,0.508703184131135,0.232394113404903,0.228774550289485,0.152042643243742,0.435997168909389
-0.0231291285329075,0.104342966814858,-0.275685009065281,0.190494154059174,-0.00776083575011827,-0.0751012682431793,-0.307316264790153,-0.100308804166564,-0.330056574044739,-0.311680528357618,-0.217870950586445,0.0496925426472821,0.243677985855654,0.634616427312597,0.753888273035241,-0.439278587087128,0.466307409653312,0.158679971200899,0.433585440234272,0.646958292883128,0,0.498495136846084,0.510165813168652,0.22246556444031,-0.300650587221079,0.396803273187448,0.49114798546932,0.618175455860413,0.653687171205956,0.467669403782266,0.00664270937321142,-0.438640035602099,-0.231154170313293,0.0628473446843528,0.412639462527821,-0.14175488353649,0.237206742613417,-0.224698440060003,-0.117537987638699,-0.0575887902698605,-0.110888150477884,0.150662365353814,0.299501412043093,0.340294521937378,0.197264022829271,0.355163833603196,0.256694230815822,0.461780410416625,-0.16190400269888,0.199185278477541,0.0764128537014701,-0.261682757793703,-0.0761488275284408,0.214553351000744,-0.33361321297181,-0.273925691247511,-0.373002397011036,-0.391236714253706,-0.228306458964197,0.265376303113616,0.0886923001697218,-0.0306269212972375,0.611578790063485,0.513872402333379,0.773364613716782,0.642412667874686,-0.351725340937679,0.64029194222128,0.334934849057144,-0.0988786433550291,0.827301333099967,0.611914909299515,0.419948111524573,-0.259590212686371,0.267322308942966,0.283427910970758,0.615765651931188,0.561393067164445,-0.108488656217371,-0.409872047201339,0.22549093002206,-0.158067983634501,0.376913919778301,0.518184662308248,0.505952799062723,0.425704195438765,0.294302698551196,0.344675029386316,0.0564716788093605,-0.127976410939748,-0.263725512644079,-0.349814712936047,-0.292523464894983,0.0831520856675681,0.0970955192527094,0.35188385171981,0.406021673427178,0.360506101979379,-0.162325335929835,0.167868823849886
