0,0.0882778515542576,0.447726668981261,0.0671746914988734,0.347281980252861,0.384655664101225,0.351088271948029,0.289598777367583,0.310182062653436,0.376645012825178,0.0735971667977864,-0.0929082364846604,-0.369324529988617,-0.613014797490711,-0.589472330415581,0.698016047891052,-0.206953341224419,-0.297378937039296,-0.493309033889209,-0.554483392664824,-0.520696644993482,0.0807752287916029,-0.530697685481829,-0.248206789213387,0.487030735996132,0.037352871116106,-0.200474342306026,-0.241625453559293,-0.448286274050286,-0.619897509338655,0.03817287763806,-0.197635793830106,0.0350580253381131,-0.223804341483504,-0.0875919881920595,-0.141418229863619,-0.262673574018954,0.0942364206757148,0.0110886755392112,0.2078509900505,-0.200764836218819,0.0777970934554408,0.0880707228841823,0.159247692513503,0.312528944021725,-0.527918478710401,-0.522145807055706,-0.435934880777116,0.323418546442395,-0.127231355285658,0.742411624506705,0.528818384758069,0.559273641524781,-0.0282217743022658,0.347687248346302,0.515369364053538,0.455768897424766,0.228633667179759,0.493318825475885,-0.186391086268039,0.0847393837679737,-0.190486752767252,-0.488168080425992,-0.554823158442771,-0.582310749260152,-0.562080910320516,0.469704415693349,-0.207351645262936,-0.222317427116303,-0.250822559391396,-0.589166195497106,0.211118251175503,-0.552007288821354,0.242991490250182,0.0244994232085226,0.284485610697686,-0.449603507058176,-0.560410463335738,0.0936452502290754,-0.267414710103611,-0.109061196244021,-0.173534657011051,0.449086230880002,0.309055496471773,-0.130197038839436,-0.409799163466842,-0.351150930998821,-0.20630666245741,-0.321373363400329,-0.0611316889297501,-0.0271676809248284,0.624633419649747,0.102159898229228,0.30159852120174,0.356225373106232,0.181474312684049,-0.502186386074931,-0.496805406889969,0.320173338523259,-0.0844892954552085
0.0882778515542576,0,0.302071304705114,0.528464606824651,0.643294889543824,0.0651429861845564,0.0254411498769438,0.074993231039575,-0.189721242884698,-0.0410139970608243,-0.187544991151804,-0.305975110007847,-0.272380862433251,-0.28061336854382,-0.200771774901516,0.3950794063487,-0.461247134959445,-0.471505698539362,-0.430391594605141,-0.370788766380396,-0.237502439979119,-0.370841097800621,-0.370298198153116,-0.272349459954251,0.0943355338557018,-0.304032143011195,-0.292672343010779,-0.378442310176208,-0.42011103906245,-0.344808338327252,0.319606573891556,0.317127815879439,0.315920800578388,-0.423087134302526,-0.41368847108311,-0.348757725114087,-0.231710262635593,0.431884307706931,0.122095358786682,-0.145849638766463,-0.327151536916928,-0.115252423563227,-0.268143178207545,0.0720016152754081,-0.0458869485079535,-0.384633884804712,-0.25746139613098,-0.418244219676919,-0.2456583705481,-0.296181576528306,0.120290894771093,0.676980051475989,0.286329830514847,0.496001413807824,0.33853198385476,0.0453930557097148,0.316338842670485,-0.115968166726032,0.159239761844563,-0.304240467439664,-0.196624425468757,-0.235558612887416,-0.243089291645125,-0.271386450050455,-0.264114225370702,-0.204978068776714,0.021080255508913,-0.370282727373135,-0.385517083150346,-0.306910519827007,-0.323936296187253,-0.27643094044646,-0.317066733270305,-0.0777850794065524,-0.186975485850326,-0.110428002548477,-0.295544421265177,-0.439489072552286,0.352850678602095,0.245650179274297,-0.310483791566815,-0.27778943548792,0.0291024253618744,-0.241800597603556,-0.323603181756121,-0.358470951399662,-0.168289030369576,-0.316068956261212,-0.342612494005103,-0.0860622317019737,0.346346520154686,0.304121166812622,0.0520575733980048,0.210606751314336,-0.113163109142309,0.170303738046376,-0.43163292877654,-0.374995643055352,-0.197682566913153,-0.309201170783619
0.447726668981261,0.302071304705114,0,-0.193393228817677,0.450771033454233,0.801107078324134,0.69718445110155,0.547802731155096,0.539426520877249,0.625852807549018,0.325457788047378,0.120864278854904,-0.215614874965045,-0.680887144120201,-0.692898137611921,0.772033367029388,-0.133251442838097,-0.370463265415582,-0.438526238589388,-0.571208311244192,-0.673200452624864,0.0143465509901569,-0.659301970581407,-0.0501203461483195,0.68758411361484,0.221483232049464,-0.0943877878815016,-0.041744096827459,-0.419771734324083,-0.650770894271166,0.0155994463455797,-0.387100488827895,-0.167029031050913,-0.29261027795853,0.0411798216948403,-0.0285438500370592,-0.0645381180178792,0.0102958226832572,-0.0798588946270685,0.501177199225063,-0.0353494171770016,0.275339165852113,0.25793922265897,0.167731811528883,0.448005339351236,-0.434671155468649,-0.558268609532277,-0.515120483371251,0.509321386593675,-0.00603245551707598,0.445130707985835,0.650304007401498,0.269119777210426,-0.290546695818645,0.799777330848279,0.787252415753705,0.65498395897473,0.498225099107036,0.68969058928488,0.0382791388408089,0.274686822257345,-0.086338879801085,-0.429014960049548,-0.595645862652906,-0.592618762682932,-0.683573315448622,0.564229642639014,-0.125332034640858,-0.220819872930026,-0.235024067606562,-0.656588719918658,0.279867604243522,-0.618468978243649,0.60076975975214,0.270897445324876,0.596083755167819,-0.34369325095512,-0.546558773630402,-0.0595660302724657,-0.447840021144984,0.0676676725198162,-0.0516547289354375,0.647328129505132,0.498501254743014,0.046156730763222,-0.382714618720189,-0.207159691927226,0.00713337055182499,-0.24681028063772,0.258625208613905,-0.245485769116249,0.588615600794396,0.211255426568576,0.453283258511789,0.64253122098006,0.336256362005002,-0.420009904343653,-0.561694162018883,0.409757079632213,0.0146497640347437
0.0671746914988734,0.528464606824651,-0.193393228817677,0,0.532740658185756,-0.419619180180386,-0.430646604767561,-0.437016615622949,-0.604030494857953,-0.406550245437759,-0.535299928391641,-0.565283486899689,-0.39279015953537,0.0865861407563313,0.173525954116056,0.0494492627858413,-0.597651741431512,-0.430096135304298,-0.357438079215543,-0.188501064373959,0.226478263759467,-0.406199357597488,-0.0417731121451414,-0.519512209874597,-0.200984343232008,-0.535274517057709,-0.545256612683673,-0.592071124418623,-0.407850905188479,-0.0853552264472466,0.494883197695923,0.730662689729304,0.636168759322075,-0.371873837078775,-0.665394322754211,-0.631433523416348,-0.48716011670478,0.615296405230453,0.183765246145423,-0.529709965319385,-0.594702268501369,-0.265995070889921,-0.513308565523559,0.0927304227765882,-0.309130161732536,-0.371387669379441,-0.054356797636806,-0.210679148063386,-0.619942701247814,-0.509154230868081,0.11674718159644,0.307933558560491,0.423422311100124,0.911630034429822,-0.180748376885627,-0.383888610997051,-0.103500781341182,-0.526309097542783,-0.14724616629487,-0.411254009896633,-0.367384777308574,-0.290025013400119,-0.1059185158794,0.0616163565582129,0.0379900562809828,0.174432320551478,-0.231115775859799,-0.512826893325486,-0.418616947004477,-0.400275045638228,0.00784538558743594,-0.525872570316257,-0.0521535873995901,-0.449396490353525,-0.486785693481247,-0.386947420654529,-0.33330939953435,-0.273303587345457,0.618671205516938,0.710578885442921,-0.592763532740315,-0.509474144166271,-0.348010502951432,-0.543698685419948,-0.655312207673735,-0.354022790187812,-0.350969520280688,-0.564513981381937,-0.504145754575848,-0.480745008541355,0.65975628351886,0.16547416530764,-0.0262430830071962,-0.0200883456518521,-0.449769898910047,0.0195791177006919,-0.449044009054567,-0.243310208797043,-0.53761832062877,-0.523843425456322
0.347281980252861,0.643294889543824,0.450771033454233,0.532740658185756,0,0.323382231456996,0.224401035543362,0.182899240841485,0.00368907250346086,0.14590627635777,-0.205754151250965,-0.37039876815376,-0.504009531025676,-0.454290829635112,-0.400267119494249,0.555618565679775,-0.580272526289621,-0.623313459262272,-0.646080089917357,-0.532282387244563,-0.335569350537811,-0.407310037898062,-0.538432959903158,-0.364823348382222,0.296443093538098,-0.199899094131457,-0.366459921354305,-0.469124699247463,-0.627740548701202,-0.519723425515506,0.293015572347149,0.200435274133241,0.294569716356099,-0.572113689740266,-0.427332936798305,-0.46348914965093,-0.41105787358767,0.526758354552945,0.300121430379833,0.00026341252441128,-0.374008612447336,0.113857477214859,-0.0950655117854687,0.272228385422897,0.113482800086059,-0.521691857477045,-0.371981048163516,-0.586774891397042,-0.0839474193351911,-0.314891661667843,0.422557481520765,0.712276615568068,0.526243999960391,0.465152112661919,0.572618189938903,0.32535440123192,0.459053272556026,0.0663435619033374,0.311914955152494,-0.339726105253238,-0.174918659637607,-0.373599196557942,-0.433664600221757,-0.492087185495221,-0.47486250009315,-0.408300326299387,0.30097921666873,-0.509316650885646,-0.545590361375965,-0.488986727546328,-0.489352736564579,-0.281606374364373,-0.524598748516415,0.135704757960277,-0.232602630791766,0.0735246538553792,-0.537752786785843,-0.629161523840097,0.414615495602634,0.155664717846501,-0.404057010953212,-0.420978903312177,0.217513647813933,-0.117604810495378,-0.411718934073269,-0.569225296664037,-0.411720574526419,-0.372127925764959,-0.506122655160524,-0.0797258487948106,0.244605678082316,0.565541796532728,0.259455643011387,0.367623504400299,0.152972293046002,0.298976092543246,-0.57288163998066,-0.583177468797565,-0.0603873599628559,-0.300071850811231
0.384655664101225,0.0651429861845564,0.801107078324134,-0.419619180180386,0.323382231456996,0,0.782087157122862,0.696956897951829,0.757992514455353,0.712862440510047,0.426952160572682,0.211787361171467,-0.147720632793743,-0.652136372567037,-0.706790426536857,0.654113617959786,0.0213504142536492,-0.195912328435735,-0.328105945871739,-0.478662377622469,-0.696397731728772,0.126289529077765,-0.579375882361402,0.0833312801904881,0.685286193099583,0.344554993068661,0.10202493142727,0.136516097010096,-0.289719776852948,-0.548571656789487,-0.196274719115174,-0.589229366656023,-0.314694656429816,-0.148558799366311,0.241190824262716,0.133204619619935,0.061124566344738,-0.159096520543744,0.00979170172766662,0.591134931196581,0.145220352282835,0.35349663388939,0.4441457340977,0.152238070827456,0.520378300767767,-0.27098264726171,-0.462740094328741,-0.38875849807721,0.702350843147005,0.130320261922278,0.395600436472358,0.439399309743608,0.11253378038442,-0.520884742584717,0.870069047449595,0.890711496267254,0.648136600323854,0.725428088165222,0.662736329010453,0.12333717203518,0.337350542568782,-0.0657326304493347,-0.391842812420162,-0.612088899409853,-0.590336071667996,-0.693807989659995,0.535702951727318,0.0190917871577557,-0.0963178148232058,-0.103167987628151,-0.630039650098702,0.394077319033962,-0.575951381992235,0.688148485955433,0.325047788353321,0.615968118229949,-0.264121468674776,-0.402697694447248,-0.261664214667314,-0.615168755126035,0.219885525212256,0.0834225555258634,0.680559924337819,0.606144616295993,0.218625097887322,-0.258863206269841,-0.126259797931225,0.152160128512486,-0.106604543563997,0.31179278731395,-0.441027790745535,0.44733023386664,0.225100361746114,0.405179214065895,0.73854631519856,0.28932852797027,-0.240555705300794,-0.458676052447421,0.606667558119898,0.174916958719424
0.351088271948029,0.0254411498769438,0.69718445110155,-0.430646604767561,0.224401035543362,0.782087157122862,0,0.798328371854867,0.772378839559589,0.721073027643849,0.426494096798836,0.284681280016771,-0.083649348003419,-0.636920208880334,-0.682928882155345,0.600725581112712,0.0789874165183716,-0.107292917240504,-0.276317065948031,-0.400421235797586,-0.622940878791008,0.205173538915798,-0.503507229854555,0.0703310062087342,0.583674507555925,0.359762500461328,0.139546449533096,0.106759245318683,-0.236679808310963,-0.501504546883755,-0.26547355073144,-0.633677309698953,-0.405506079928658,-0.0887466689219374,0.287619359988254,0.175962195067312,0.0578561738328703,-0.241698703266692,-0.0243610565412595,0.614268381991282,0.202036694849215,0.435690427098758,0.515036550954613,0.0818178251625108,0.498650061083482,-0.208550318370371,-0.440227741887223,-0.340650704137833,0.720182355640187,0.221843741600036,0.339450179283323,0.382414543714244,0.124505659546555,-0.500009856578724,0.689388413066099,0.775012151770279,0.737829413490336,0.737114004220642,0.524557018488652,0.231442381757776,0.36274615968256,-0.00662268891769548,-0.385972113132428,-0.560646595962442,-0.556318404380876,-0.688030541978119,0.590315447873119,0.0979659192353597,-0.0565384305559731,0.00698181819621749,-0.578594307747077,0.445754493671984,-0.514309385654329,0.736287487721651,0.332518776710221,0.586453637510783,-0.251161929819879,-0.346420175560346,-0.280183468005749,-0.64093701651826,0.192027584751126,0.1083391245291,0.655797492289925,0.606857835782162,0.281176584608756,-0.258873930591869,-0.130706980391087,0.181572800826465,-0.0283205117272994,0.39479541150722,-0.479348032978406,0.342788352325777,0.156140067818673,0.301025695138643,0.715333354253074,0.256746153621322,-0.164310551669029,-0.385760996200252,0.615605521271081,0.302917989209177
0.289598777367583,0.074993231039575,0.547802731155096,-0.437016615622949,0.182899240841485,0.696956897951829,0.798328371854867,0,0.829477089939233,0.561106836563352,0.445350495021118,0.316185507470576,0.0534037099640606,-0.510219251749667,-0.569667822498426,0.446410159183477,0.141761447143703,0.0992186802452239,-0.154584485628173,-0.260878501822492,-0.564280893709786,0.235241574189647,-0.38953985781757,0.180698462866653,0.380549272400934,0.345633830141089,0.195753092636071,0.125400454402635,-0.0708507677207792,-0.383634204561448,-0.313356371271885,-0.63676453321962,-0.465785851936382,0.0715660313919508,0.364267160126245,0.377323530693405,0.205333732563091,-0.308606175946097,-0.0497584117497924,0.588539960064685,0.345849048726082,0.316250673327429,0.498313772728859,-0.0525915413022216,0.379255693019655,-0.106173415912286,-0.276276279487191,-0.221677619151801,0.707971051564931,0.353753205398367,0.284944830188011,0.335745622031519,0.0360079301574786,-0.521154109623702,0.64544301702806,0.685369580780835,0.779329802911983,0.861524325651327,0.402546989562305,0.22809754802763,0.35516042602108,0.0610038015916249,-0.293905806285646,-0.498168518024792,-0.473578552607936,-0.583239622470116,0.435289702184048,0.164560554488819,0.0849596523912711,0.231511419199246,-0.464019479221059,0.485131625545305,-0.390823932318097,0.589937790439753,0.321098047456766,0.436283288658254,-0.076254248620168,-0.232070954818734,-0.368666247724094,-0.646168237037724,0.279080885269101,0.247918056685875,0.531329615141388,0.545365010676246,0.345429478610159,-0.106231069087714,0.029652081385769,0.228665670462167,0.185703251738338,0.38397792219433,-0.516649152128055,0.202686163767281,0.0442739335306877,0.226736694124629,0.561206185189198,0.067369428605719,-0.0508577974159299,-0.249470032854618,0.619995828342512,0.405024754189
0.310182062653436,-0.189721242884698,0.539426520877249,-0.604030494857953,0.00368907250346086,0.757992514455353,0.772378839559589,0.829477089939233,0,0.670000312693053,0.580010246339179,0.472865090773267,0.101569125445266,-0.510218443186951,-0.569072149082395,0.409202403067042,0.284833598899024,0.13618946292655,-0.091274684686595,-0.223332981373619,-0.56883299471417,0.333776662322926,-0.348133298500396,0.319121979446364,0.469117206267158,0.508024509655553,0.291039845837916,0.281254015512149,0.0310398768526921,-0.335409523037929,-0.371403865711956,-0.733196942792511,-0.504756913188602,0.12426736213626,0.519347955102138,0.492959702807254,0.30656633556898,-0.406656249734945,-0.0682707380752881,0.662681106968476,0.432335879301955,0.364972210601251,0.623027140421249,0.0303374269872724,0.475090442491436,-0.0112573991264558,-0.264664860417102,-0.160329498170001,0.821551562592217,0.434324188524255,0.270039748400245,0.164452624439227,-0.0443723087103484,-0.685760523993478,0.602423458584025,0.752457209873211,0.592131903608932,0.908930616404476,0.449252000918473,0.35124967196207,0.463444406635172,0.162536522013359,-0.223643266316847,-0.46104610386883,-0.47230948927956,-0.574900162499238,0.489899314752502,0.276116410050737,0.151137647152266,0.199010261549457,-0.448575448671607,0.597800447938511,-0.365397445649827,0.663156178160983,0.481240852852566,0.574142183228258,0.00431234645908136,-0.148047591194043,-0.433768448420673,-0.742059006860479,0.413315848816791,0.338601397254513,0.591045172646449,0.701307886990428,0.446501696917658,-0.0182557365809592,0.10617010076477,0.35880463077377,0.258637790204031,0.435970710364961,-0.626059790410647,0.197516878593058,0.0789079400946317,0.206446628253947,0.696073430279214,0.125394995501151,0.0576760208866196,-0.202748955896943,0.700237712704429,0.493628223790072
0.376645012825178,-0.0410139970608243,0.625852807549018,-0.406550245437759,0.14590627635777,0.712862440510047,0.721073027643849,0.561106836563352,0.670000312693053,0,0.482017165481231,0.398241473367781,-0.166207001630572,-0.605052265182568,-0.63542139489217,0.553168854921162,0.0310229920348885,-0.229143033487586,-0.321797168634292,-0.480502150728107,-0.648427330521629,0.149628661872593,-0.537083896010244,0.131382874547893,0.69804422696862,0.440631449054118,0.124437269089265,0.200502210797627,-0.306255387037414,-0.465431932277459,-0.275722123697052,-0.607425726813987,-0.283231227879674,-0.193021482670048,0.218570248330974,0.101303051673672,0.0453959807627131,-0.175380941218514,0.000606748680828079,0.592402390856382,0.0317650954466399,0.329528044676024,0.463402016614869,0.220780095740792,0.594795566220899,-0.226304913799157,-0.536285339855944,-0.349882474725023,0.635498257998218,0.0388238929805124,0.363531062697447,0.297973022397154,0.113897460508613,-0.501688643289851,0.602616957505104,0.710290981322883,0.512045818121542,0.616030116593261,0.680973142320499,0.316191033795694,0.501574091886049,-0.000832283526296198,-0.420665484503971,-0.607256155831761,-0.541146514253386,-0.6355958009393,0.524510528863458,0.0449955851432749,-0.120869777342265,-0.175769113670631,-0.591676657806109,0.469064501428554,-0.517498603253647,0.704613278253051,0.422020588145104,0.662882981367445,-0.290408828462342,-0.344170687012061,-0.228342871660082,-0.585926742743304,0.229675125687184,0.0859747951670253,0.72335336218807,0.664223513973594,0.285006133306061,-0.190913241960091,-0.0871531197419644,0.227172306933551,-0.146467761002819,0.346752697455118,-0.445168519476198,0.389117598264746,0.110501983631797,0.32642511038784,0.696844781874712,0.372024286948279,-0.208040013464367,-0.407385168865656,0.540685490314198,0.162125240726683
0.0735971667977864,-0.187544991151804,0.325457788047378,-0.535299928391641,-0.205754151250965,0.426952160572682,0.426494096798836,0.445350495021118,0.580010246339179,0.482017165481231,0,0.716629657268465,0.313301874292532,-0.212658696847898,-0.258830812318252,0.148411414209932,0.3216725368394,0.15090798220411,0.117248324058288,-0.0707908316935675,-0.290734511429345,0.284342346788174,-0.144496448696113,0.546654507890746,0.330804143951124,0.630190052963084,0.225111970058082,0.34581450512721,0.18202673326688,-0.131312863186169,-0.345802891764734,-0.539642542993779,-0.504192079245671,0.138349282122219,0.501031600349129,0.397950883094015,0.314568131533186,-0.464250694677925,-0.217965505496967,0.474389998624484,0.360383615133422,0.204060884172726,0.419541492428764,-0.0885420834497593,0.273658045279984,0.0726367226214637,-0.182697376062428,-0.0669066477305466,0.523983018093426,0.333695170680736,0.0808011313615893,-0.0135582255722675,-0.147732183879832,-0.54315183861937,0.29166441194239,0.427719278160317,0.270545573227063,0.561247197605757,0.405257700845631,0.520057477496884,0.520599308466895,0.438637308746503,0.154611666637124,-0.178156381088388,-0.160901940110474,-0.248351206362462,0.298215088658419,0.461102135606906,0.217612624583842,0.193385402739997,-0.154391226696111,0.484198577622503,-0.0821292117354508,0.470001918814297,0.660733319849377,0.545585732104702,0.229746845681582,0.109612582053051,-0.374714806044204,-0.518049676586908,0.468617134786637,0.357586003428715,0.34404303389993,0.510224381963528,0.418396655176985,0.13169011308243,0.238149944621162,0.411342492248761,0.310753121839431,0.379487708572286,-0.473540592386664,0.0446892153090636,0.0449504516199444,0.0850390962575709,0.450365720097196,0.00429557556538812,0.129818051221657,-0.0160284159314346,0.475144648932628,0.412230345233857
-0.0929082364846604,-0.305975110007847,0.120864278854904,-0.565283486899689,-0.37039876815376,0.211787361171467,0.284681280016771,0.316185507470576,0.472865090773267,0.398241473367781,0.716629657268465,0,0.420511202845498,-0.0394240562613754,-0.0809055122978107,-0.0488890792009937,0.479693912241435,0.273004483123396,0.288468446411626,0.0727091395429937,-0.122146805276268,0.345005180737872,0.0424891977560601,0.587226669692854,0.147986570924818,0.718813491560069,0.327866513508365,0.402021619535587,0.322146404290419,0.064899632200432,-0.347657294346955,-0.486747311121419,-0.522154974995654,0.241378282540993,0.545922981724375,0.544463534201063,0.455247777684202,-0.512574055060484,-0.297097136572891,0.53367124395436,0.406002984251126,0.193942814104225,0.497990908866341,-0.113721427381489,0.246218617970276,0.261913690170708,-0.0453872211718149,0.0852176550962499,0.394863962575901,0.386637002032201,-0.118105089302342,-0.208898027941203,-0.296128806733596,-0.54877587439744,0.0633830780153162,0.18849935756011,0.0809213677725367,0.44315788703197,0.16891969829659,0.667982990200606,0.514170989957716,0.522960210119622,0.267417586366219,-0.0253283767053585,0.00677908585692708,-0.0644208097009337,0.149573311538613,0.563900891268358,0.324177907293397,0.283860129243504,0.00906440781654749,0.476663259401153,0.109658551703452,0.399283376747241,0.743432809499746,0.472940508646158,0.310502195532873,0.236534446958778,-0.416684615935431,-0.448055940752469,0.513040264392223,0.44664390071697,0.296099115611482,0.470641271241966,0.491271564763399,0.343292785069549,0.378042646673268,0.462188772376902,0.431311444585076,0.427927848602543,-0.48524820663352,-0.153589255703435,-0.0402713530524831,-0.0879389308165962,0.350887450614942,0.00524293153661865,0.305151935541728,0.176071812291529,0.369469106550476,0.460101945378989
-0.369324529988617,-0.272380862433251,-0.215614874965045,-0.39279015953537,-0.504009531025676,-0.147720632793743,-0.083649348003419,0.0534037099640606,0.101569125445266,-0.166207001630572,0.313301874292532,0.420511202845498,0,0.38390475010442,0.297518057449421,-0.405398513580766,0.570332078838305,0.556256865862321,0.562844997967336,0.48999796607599,0.235738482668371,0.32186080864425,0.429280556295403,0.53587694513858,-0.293556195485057,0.246210046647819,0.320491054933878,0.3088857601457,0.627793218198208,0.393306429425513,-0.229005880262241,-0.15198658690801,-0.28360136794695,0.510934304295114,0.498152135854356,0.510433048891099,0.469588262544312,-0.429685497498799,-0.216460193661252,0.0843922299707882,0.534778649622677,-0.0145793865376611,0.137934905765698,-0.380067837867646,-0.157752982359137,0.422825476967486,0.410897699189625,0.41339681922743,0.100394159290291,0.453612624075643,-0.441394452403189,-0.425146363240474,-0.456444322202034,-0.301382709738752,-0.261976970343134,-0.208552579907294,-0.190172554197819,0.0982482605115145,-0.263225032904362,0.353411431571168,0.309593098273198,0.664947763259702,0.567372212883572,0.396778213993303,0.330163127557506,0.293842166736032,-0.173576800509517,0.523086541891663,0.475588706257132,0.521940048318336,0.364023115784682,0.232710018147127,0.437692144118178,-0.0172861303486968,0.202933683610648,-0.033894533412315,0.562571270925169,0.479763616580368,-0.263032216667622,-0.187178605271013,0.33976938077796,0.469528056511804,-0.272468370221108,0.048822181564189,0.358651588097049,0.466415178069803,0.496046757686201,0.328490000224204,0.55929977083674,0.165912735301219,-0.318961457975227,-0.462001848938888,-0.07629735063925,-0.315030284295922,-0.10290590329153,-0.387329654180513,0.477504180676077,0.488679210789725,0.0747319457390375,0.379142524094814
-0.613014797490711,-0.28061336854382,-0.680887144120201,0.0865861407563313,-0.454290829635112,-0.652136372567037,-0.636920208880334,-0.510219251749667,-0.510218443186951,-0.605052265182568,-0.212658696847898,-0.0394240562613754,0.38390475010442,0,0.901618690410428,-0.782434001066777,0.255030748405969,0.519238269099112,0.669450865100802,0.744027628926227,0.859698998882863,0.0255819326345402,0.854730610102096,0.159687124323641,-0.687900459657617,-0.165443043194276,0.0777650077982608,0.115710842039214,0.567778459692705,0.832328116342921,-0.0486628047446242,0.381531649004562,0.0901364148505201,0.429360380987623,-0.02182527262384,0.0875481840586401,0.161915728060177,-0.128090277703686,-0.0933623455674957,-0.42455213290172,0.0942815330465788,-0.292006765112024,-0.33575940733934,-0.220419750049882,-0.523067752453089,0.541967589418991,0.722862361441961,0.675923270004909,-0.439554643917543,0.00527910970517926,-0.578544375997772,-0.65798693336131,-0.387945376168563,0.17211344707484,-0.673871948209141,-0.712511236897246,-0.642923268907879,-0.464581024242007,-0.676930714171381,0.120748960022014,-0.114818111304368,0.140074593177179,0.555437262177249,0.819333545936335,0.841800974285617,0.885798197834802,-0.641969806154236,0.185178297151859,0.28374077076621,0.352119920446176,0.863153567541568,-0.296478636957517,0.822324576298978,-0.545494142108178,-0.200983379367075,-0.502419567665687,0.513559644120705,0.712956655341302,-0.0507581475519955,0.434657295436573,-0.0612031251357116,0.0257939817037858,-0.711691775608708,-0.496000532690692,-0.0808248380494952,0.467928683614749,0.273384636510951,0.0313023756381693,0.28442222138857,-0.290342488777289,0.112117616845871,-0.661051362981205,-0.2928491406108,-0.532526659009188,-0.611101049594935,-0.394660790040427,0.504186068449047,0.659037108091782,-0.389332679964975,-0.0862646860738876
-0.589472330415581,-0.200771774901516,-0.692898137611921,0.173525954116056,-0.400267119494249,-0.706790426536857,-0.682928882155345,-0.569667822498426,-0.569072149082395,-0.63542139489217,-0.258830812318252,-0.0809055122978107,0.297518057449421,0.901618690410428,0,-0.757479261144772,0.198405929570539,0.455753487240218,0.602141130321721,0.704028157421785,0.89062742760546,-0.0394348424158249,0.819304982799355,0.11648527902419,-0.690258399346682,-0.216244863869064,0.0350389003629596,0.107924187296708,0.548474003830315,0.829653486195384,-0.0196685665210938,0.470838163499761,0.169704852176706,0.36015170356861,-0.0936432479238559,0.0635984798269188,0.144774669940823,-0.0586967627586943,-0.0929569736319063,-0.507313556474737,0.0351733919139858,-0.352624739508201,-0.412146139256094,-0.208323201978807,-0.589076464428839,0.513747188148034,0.660498727345494,0.615620082490689,-0.502160335314001,-0.0472502147352644,-0.568433795736782,-0.60697198382491,-0.37855799965811,0.243466309280663,-0.688481798517985,-0.744456702239239,-0.670263044361477,-0.519938829131334,-0.706355387176325,0.0719929927027804,-0.19163283940776,0.0954341779753144,0.551266669436267,0.828636810862073,0.852741424533795,0.9415165730189,-0.656745924562901,0.150417602988887,0.235141549204902,0.311036699860123,0.873008203024345,-0.350768525174726,0.834358715772248,-0.58988746432638,-0.211363742498233,-0.524773582085945,0.520071035017103,0.690168347663691,-0.00920020841281046,0.513972029940419,-0.0652877630359272,-0.0174498764306683,-0.751197667146021,-0.557036100081687,-0.122845399221894,0.456791089185374,0.292616627226724,0.0076877301774244,0.291298153845895,-0.299633054829468,0.172495992841082,-0.627757557935753,-0.349312678933198,-0.532998777846719,-0.656473529381158,-0.360707721778745,0.468520602040174,0.634983556716777,-0.408847163581235,-0.125894061696426
0.698016047891052,0.3950794063487,0.772033367029388,0.0494492627858413,0.555618565679775,0.654113617959786,0.600725581112712,0.446410159183477,0.409202403067042,0.553168854921162,0.148411414209932,-0.0488890792009937,-0.405398513580766,-0.782434001066777,-0.757479261144772,0,-0.243571172190524,-0.494827605704198,-0.594798780016021,-0.762716245414239,-0.721450581038713,-0.0049735677993831,-0.722615014953024,-0.221228821475617,0.681222514036815,0.10134346843204,-0.181328834060349,-0.198103756540367,-0.632616695490712,-0.722261009810743,0.0823500523812962,-0.271355032885491,0.00690289542826668,-0.398350313049163,-0.0821815493301375,-0.192717867720782,-0.293181383346277,0.154897430885638,0.0201414344651715,0.355956258515345,-0.235380051819386,0.201691720338713,0.173835232564333,0.153599942525149,0.393232261029429,-0.606143232079068,-0.665475842520576,-0.608831252769832,0.323757324999495,-0.198957224656304,0.66800157374045,0.780393221393067,0.544451490108957,-0.0651707401507036,0.681192676218708,0.667256634731753,0.653864105616548,0.344239110897368,0.67909360713279,-0.176927813605856,0.0777998210075036,-0.26201620303207,-0.575257305762966,-0.720217282012355,-0.722860037337692,-0.742613436737609,0.562170113279569,-0.222801667287884,-0.329409859388774,-0.378529275691376,-0.794856112974726,0.219162469670036,-0.727909820885755,0.486121247255335,0.144950901857144,0.44354797433358,-0.574181122300376,-0.681349891382511,0.112052138440967,-0.358994339209315,-0.0595625387152875,-0.244987342926275,0.611296821467221,0.380933908673646,-0.102640536320812,-0.537623647395522,-0.388250555126406,-0.169088808130802,-0.445050566070876,0.0566460894251327,-0.0896076200909457,0.727124242586883,0.176419878387541,0.445332642901853,0.534629580797627,0.303485187879391,-0.604319096252704,-0.701123257920427,0.250558311580544,-0.138971252728074
-0.206953341224419,-0.461247134959445,-0.133251442838097,-0.597651741431512,-0.580272526289621,0.0213504142536492,0.0789874165183716,0.141761447143703,0.284833598899024,0.0310229920348885,0.3216725368394,0.479693912241435,0.570332078838305,0.255030748405969,0.198405929570539,-0.243571172190524,0,0.719913993304995,0.699759483713762,0.429330740500383,0.125637739997076,0.677073862187987,0.464448881511037,0.538195046646184,-0.16081977053479,0.376044645873163,0.50486495584623,0.582760171997151,0.687925548949288,0.41017686762592,-0.405362424858518,-0.411352636361975,-0.417188777883455,0.72690201511456,0.68519264215553,0.592433772320468,0.507936415429648,-0.641660027259672,-0.328206171642209,0.208949213404767,0.571988462371722,0.00912004203756999,0.310296066528735,-0.362519979159673,-0.0618396352562422,0.511938487853275,0.340515155342937,0.515111817716578,0.246694105766638,0.390114429244575,-0.333582952877535,-0.510893108271461,-0.39362147656711,-0.59029153085973,-0.192528730132479,-0.0530732108202517,-0.170456509589775,0.215815617595925,-0.244563666405751,0.291107324840704,0.183592810428852,0.313544503113511,0.388158827882486,0.349043156758877,0.281417224523635,0.196248132499028,-0.098841627181817,0.756092313071199,0.707415053575022,0.637776857777829,0.310484198472163,0.522602109323598,0.433256708272433,0.0681068877982576,0.342825347313471,0.0447615530382987,0.563128628020623,0.560276106865215,-0.460331857067592,-0.410625581185381,0.579869785287702,0.499958621361604,-0.0499001394051709,0.306498880688657,0.545483002220702,0.545707247801553,0.455151092452244,0.498127623281389,0.517588679117396,0.135964107952837,-0.557343943500345,-0.466114444895532,-0.16125838837215,-0.275946107502668,0.0888927353567282,-0.32267856315945,0.606541947055012,0.499989085103747,0.163634616907228,0.325760976346592
-0.297378937039296,-0.471505698539362,-0.370463265415582,-0.430096135304298,-0.623313459262272,-0.195912328435735,-0.107292917240504,0.0992186802452239,0.13618946292655,-0.229143033487586,0.15090798220411,0.273004483123396,0.556256865862321,0.519238269099112,0.455753487240218,-0.494827605704198,0.719913993304995,0,0.774977692212353,0.711926476723446,0.397322072134672,0.560687463247664,0.649928273295664,0.479768607113294,-0.456276875384022,0.151144090806969,0.367753102019788,0.411485501945382,0.735126754285432,0.572445023244647,-0.372373552525126,-0.24209943206739,-0.349462060334255,0.887754347386569,0.508398114819211,0.641790893381632,0.430040512468844,-0.627846429805781,-0.26265337611607,-0.0187201480908204,0.569341701116656,-0.110250273515667,0.124351134776474,-0.458587051011966,-0.280104009208147,0.507321475591609,0.53947808850273,0.686189916908667,0.142290235759137,0.370267042180554,-0.41073994332259,-0.62120165104905,-0.439940634834571,-0.425495430166461,-0.378065801949058,-0.239542416718677,-0.225691440037413,0.137039683149715,-0.488854238034029,0.225897073833064,0.109375562258025,0.313266452569585,0.43700989486211,0.537201535147721,0.54499923070634,0.453280003931556,-0.36347885102415,0.608388761346899,0.756469632699486,0.871680781622679,0.600262098768572,0.310668112377605,0.632976780248014,-0.137176896975653,0.0907658382370545,-0.229413976619116,0.633491511273324,0.677045101631501,-0.487845723958895,-0.192966170155782,0.474039594422107,0.481702678577099,-0.330419088886707,0.0702586037198773,0.340610032745812,0.612743142204947,0.399949905992034,0.303544155830737,0.674425389188478,-0.0280643879741795,-0.42084570516955,-0.658430362708401,-0.316905392246624,-0.534300829463827,-0.189590237118667,-0.539826579048793,0.59209611268064,0.610488595951283,0.136506889404404,0.283936678721531
-0.493309033889209,-0.430391594605141,-0.438526238589388,-0.357438079215543,-0.646080089917357,-0.328105945871739,-0.276317065948031,-0.154584485628173,-0.091274684686595,-0.321797168634292,0.117248324058288,0.288468446411626,0.562844997967336,0.669450865100802,0.602141130321721,-0.594798780016021,0.699759483713762,0.774977692212353,0,0.712958173779659,0.505673029587458,0.451174707943803,0.712217585353548,0.394586397598584,-0.5140692155407,0.136680042769016,0.394489102157877,0.464164798826161,0.796735021081996,0.676097537278452,-0.289103889068099,-0.106858739299743,-0.293744872960987,0.728870729531436,0.40193876576222,0.439879119955749,0.406763947368496,-0.543315275467464,-0.273078950090866,-0.0945276633232522,0.399197174286541,-0.165561391178592,0.0208593743429098,-0.370008800391506,-0.297071078574975,0.626924961119356,0.608530322900756,0.717617153192872,-0.0380424176896426,0.262724341018677,-0.553334579330756,-0.676281513880119,-0.528532491452959,-0.308868249078951,-0.471200844157649,-0.389033918434965,-0.421908093769347,-0.0817135260614655,-0.511525701288847,0.270713401577437,0.0636254295693022,0.310652575507081,0.530281385495564,0.684399472930372,0.691574291199205,0.615350960608046,-0.504519455637682,0.623729714325916,0.611826390777794,0.634908203217024,0.694167543958968,0.157733923425089,0.722347341610204,-0.237710720604293,0.147973218415781,-0.268290976332298,0.6883624610202,0.744182264408218,-0.370087851994239,-0.0476004575711822,0.315422852460716,0.346945108581447,-0.410920448519125,-0.0844581385067205,0.295318704545377,0.602280829891339,0.413744328975978,0.344254086409945,0.513009441704361,-0.0461428490238009,-0.297398566780471,-0.712286186576015,-0.251684582286872,-0.50174532407738,-0.304551568467649,-0.427036091407983,0.654065900205846,0.702714220791639,-0.0400397016885177,0.170054777572425
-0.554483392664824,-0.370788766380396,-0.571208311244192,-0.188501064373959,-0.532282387244563,-0.478662377622469,-0.400421235797586,-0.260878501822492,-0.223332981373619,-0.480502150728107,-0.0707908316935675,0.0727091395429937,0.48999796607599,0.744027628926227,0.704028157421785,-0.762716245414239,0.429330740500383,0.711926476723446,0.712958173779659,0,0.673344368891319,0.126713114535176,0.716793048917883,0.313296517229411,-0.645712902925782,-0.0721244583648359,0.329851654651476,0.241279676855522,0.747175083841013,0.683493515738279,-0.193574652666433,0.0968678686230628,-0.129638152001598,0.608343955611952,0.239919696174036,0.41252247090773,0.36508084186929,-0.278300293790989,-0.0352536159989699,-0.276469285698941,0.498966024837983,-0.159260795586146,-0.0641031319948241,-0.158527411358537,-0.304120306829635,0.653684240971609,0.739422333453781,0.663752765047667,-0.153542797506904,0.410126999644806,-0.594398391399568,-0.676142459760831,-0.505363753267659,-0.0933130165672654,-0.555797890914528,-0.507273331620901,-0.487175202693006,-0.199783948643133,-0.66229221202363,0.18501480763478,-0.0433975329417919,0.259045415561166,0.553749098874766,0.747777301061599,0.751699389895783,0.680589825145995,-0.48320262804031,0.336610862880222,0.459800978716239,0.624872236163766,0.823169525817818,-0.183323618080453,0.724887485804998,-0.375781513722714,-0.139218515170449,-0.415781019592178,0.649534720352837,0.666739588853543,-0.27071830725268,0.138348056688426,0.126798911532564,0.361831773660812,-0.578388537533682,-0.323962177662369,0.1586255909127,0.56377325567518,0.374950227796463,0.168223590945983,0.617613277871249,-0.0481805034639623,-0.12962906404076,-0.683035746279741,-0.223625998561798,-0.514297280414569,-0.433274202076832,-0.339863321402819,0.66245406362199,0.715920098912889,-0.110114335735545,0.266597905112823
-0.520696644993482,-0.237502439979119,-0.673200452624864,0.226478263759467,-0.335569350537811,-0.696397731728772,-0.622940878791008,-0.564280893709786,-0.56883299471417,-0.648427330521629,-0.290734511429345,-0.122146805276268,0.235738482668371,0.859698998882863,0.89062742760546,-0.721450581038713,0.125637739997076,0.397322072134672,0.505673029587458,0.673344368891319,0,-0.0835180379994359,0.788667884184386,0.0310433600742887,-0.662887729567513,-0.223920825243633,-0.0225968144642979,-0.0227810090749928,0.483347186628017,0.724310796782193,0.0489739548404611,0.504710659811489,0.197191510392229,0.306413997539586,-0.133701917489795,-0.0442730455727145,0.0222897158813373,-0.00697430848386699,-0.0399947680380624,-0.477231505738273,0.0166147530625573,-0.272142228847816,-0.374645228124087,-0.167318144573225,-0.564164294179124,0.449727540345835,0.631851267656868,0.523510565604145,-0.516508277019338,-0.0631011197397687,-0.513809828939573,-0.58722031056437,-0.327681430977033,0.297642506266108,-0.679373477243858,-0.706970365981252,-0.621327716000091,-0.529346770776647,-0.695688203447655,0.058765721972862,-0.210403315129542,0.0846632739105824,0.506241576885319,0.78106649799793,0.770002266373085,0.861911347741108,-0.54022477000691,0.0663563294813448,0.172951009937548,0.261099751252649,0.848876697596968,-0.395824149543876,0.772704846450341,-0.567718528535385,-0.259296471328241,-0.506097748103923,0.437243966291227,0.60668369028255,0.0753933247473206,0.553392465458287,-0.147680609349243,-0.0751367253511752,-0.717814287334216,-0.562504472368571,-0.194819168681069,0.33381458009425,0.180582005549855,-0.073110917884668,0.216431638758362,-0.273222436708528,0.231514937156307,-0.559278367003204,-0.25015801409643,-0.490207776308829,-0.594674866591626,-0.339055883587316,0.420615982329157,0.565676570824035,-0.415699937800225,-0.126185305860537
