0,0.169592490797538,0.527976424638077,-0.00194015084143571,0.118298950050782,0.283147567928377,0.364096669324587,0.45539549095165,0.36631259921224,0.175417753557243,-0.149850022301051,-0.243368381920837,-0.18521402493237,-0.239589167534374,-0.25529647463316,0.141310341275737,-0.0257607636350907,-0.187884041076177,-0.0740048367496326,-0.253402081617745,-0.264603113389296,-0.19630906407487,-0.102267706313064,-0.165290025578693,0.154363642265964,-0.224145985826226,-0.199418400494374,-0.344838282635089,-0.0493372072628073,-0.157169344410712,0.0461035844264996,0.180909143787009,0.0783611532096328,-0.032090104541629,-0.156783332660564,-0.122710516298787,-0.0761862975459612,0.264119586992178,0.126677424738456,0.152096235425914,-0.00211602530102997,-0.0711180049522448,-0.257161802283316,0.0145742367063643,-0.112119644610374,-0.307979181924215,-0.207293429383405,-0.194315627892903,0.13547811054494,-0.0237478090273926,0.53899707331248,0.255097968156485,0.0693343918538873,-0.0543456526670397,0.294367916106655,0.419238335824335,0.307937273528288,0.291175539643263,0.104010738383974,-0.237748956589049,-0.246403638825322,-0.183782548460417,-0.188112737430452,-0.21724977627814,-0.291093243347302,-0.229686312990315,0.224430829376583,-0.0730271301941165,-0.196309760567159,-0.196817846838195,-0.339348294728672,-0.263997017528111,-0.179364842657077,-0.114150643596794,-0.205650036157304,-0.199304172798288,-0.18425250559323,-0.223424548402134,0.110188062314036,0.25427680197496,-0.113460193942036,-0.129744090491186,-0.111994452958617,-0.173158248812199,-0.258747776211954,-0.262846347792921,-0.140336048017788,-0.259708854724816,-0.181313060782477,-0.13056307097181,0.155440412415217,0.143414813107649,0.0459834441293158,-0.232769937390346,-0.255443240347764,0.076878825095175,-0.210574808711501,-0.224500969212852,0.0294747278681997,-0.0364416476154391
0.169592490797538,0,0.461048380606072,0.549932098524041,0.571390210291392,0.533926906706925,0.323523112219429,0.561117973446508,0.43114352988198,0.123776311369168,0.112711893913995,0.0834953253728548,-0.115564362466691,0.134006755576482,0.0577789204440637,0.508954215865742,-0.0406256189728263,0.046919673069135,0.115817694532754,-0.334727849902541,-0.0819632823533988,-0.103725921326066,0.236243693911064,-0.260378137710445,0.0989608058441575,-0.0509089396065529,-0.0982549568544524,-0.135720177381256,-0.308500211427222,0.16952718061039,-0.00301991789746233,0.334811400463122,0.27487683840578,-0.26817549127126,-0.00279836525288861,-0.204653800156357,-0.449059235178978,0.404135653566815,0.318882336856674,0.150380712550389,-0.173320726451571,-0.226731772252146,-0.0592387581601372,-0.139841942749586,0.0778058453669403,-0.048938766997402,0.0842326236298555,0.00520306914092433,-0.0370190834819277,-0.281065159955637,0.436695615974384,0.774839261962968,0.441664993097676,0.542174984555246,0.645401450809004,0.532964152481619,0.596015047512688,0.551661419973492,0.0313886157853668,0.0306325025644184,0.0471352288026898,0.00769009841496636,0.0534653738037436,0.21266841627797,0.0371073719996487,0.088353281021859,0.184541068278303,-0.0293603887361276,-0.133207583146422,0.0638288080982913,-0.0606233129108849,-0.0208996453403016,0.279546835395811,0.0958617508549481,-0.0432264512203057,-0.0406249807315535,-0.224018136797122,0.143943601909991,0.000625632517526192,0.395558802507889,-0.347218514490397,-0.30083208354039,-0.0362807553200425,-0.110394714002818,-0.0727566160794805,0.0244905437319733,-0.375418238550609,-0.127329200705729,-0.236300731722839,-0.0336966731810268,0.269922597513495,0.0394458174963754,0.377405815354772,-0.127968222039523,-0.216069879765697,-0.158375027323537,0.0477485425347458,0.0636850866549331,0.125598453448713,-0.311959964939033
0.527976424638077,0.461048380606072,0,0.131516105905487,0.465823137580478,0.620501791546971,0.296644858526599,0.603432146558152,0.255250571850078,0.116325160395624,0.166199181038251,0.0336423631113197,-0.0555672250056624,-0.141547762431162,-0.208946428835232,0.0999842970726735,0.0631701189782588,-0.00374694171509243,-0.041580403043862,-0.275679276847038,-0.196012816802171,-0.0863185808430637,-0.0787575849110825,-0.0786819950669036,0.158666145559628,-0.0628331591766411,-0.191308904977667,-0.251481093735532,-0.0357425282764718,-0.15293346583671,0.0509052471694727,-0.0821530172002713,-0.172049764164138,-0.0983226308657019,-0.0722223514339115,0.0272845227458925,-0.200096857669509,0.0871347821590987,0.306882028457158,0.31392660697953,0.137648512777288,-0.0621437382269089,-0.119861039679385,-0.0677163734568105,-0.10181784067085,-0.270727149761948,-0.158362191966398,-0.188785323667123,0.322752830279702,-0.0689734764172192,0.322556002217757,0.53024742386504,-0.0690114981218312,-0.0108341053559089,0.589075351949249,0.651236974739133,0.313106355874713,0.48755021637245,0.084549254315434,0.0302153006917682,-0.0128258867162256,0.0895567997914098,-0.0497741719034627,-0.0720198597539696,-0.182403459132115,-0.194532905231273,0.142601484523548,0.108301696294342,-0.0346259036395058,-0.0103833796059576,-0.225733147943166,-0.00396869417692767,-0.0289923746347268,0.214795973948002,0.05871653418988,-0.0222408647480403,-0.0897902956286754,-0.0992846241525614,0.00531621945785993,0.0329305630669674,-0.00249918972062964,-0.0369335747723436,-0.044179790556996,0.0294798543334784,-0.189844654883588,-0.156958899681276,-0.151754584638925,-0.146734691671565,-0.0360241303454543,0.0688116380994411,-0.113674292089603,0.108282738066289,0.144694467732589,-0.0803885866189997,-0.179359524901905,-0.0308653774095554,-0.200313684599129,-0.176925870554089,0.338031476741823,0.0159510469365259
-0.00194015084143571,0.549932098524041,0.131516105905487,0,0.453039564786585,0.326608587816679,0.253062066502865,0.380164749681742,0.463807966170977,0.0104759225292202,0.0177715360152609,0.0421178856352877,-0.0291547337824611,0.188667208846264,0.208249806277551,0.631615344036939,-0.14637614709449,-0.0864056021267427,0.140708634320532,-0.301468069156748,-0.112950286042584,-0.0484319158517711,0.410174621462737,-0.349556495620136,0.00105294718248449,-0.0186654613247829,0.0693941875331732,0.0417641438932201,-0.318092227332511,0.331266286467638,-0.237056710544985,0.361904443553686,0.440738827511451,-0.396197256693718,0.196235329378806,-0.274460640379738,-0.445059600911257,0.327032604663149,0.267608611838149,0.0911309343034727,-0.291705536901635,-0.248289713207361,0.0957952630676819,-0.0501738237892784,0.326017349730968,0.171116654497501,0.25996843649048,0.234715800849917,-0.145916514047368,-0.263653985762804,0.313696138720084,0.637353605633662,0.541256625270634,0.723563949964216,0.48921266594709,0.329988212979685,0.594743204958824,0.468126589807791,-0.096973970505273,0.0618590193810532,0.176576874486707,0.080131623722587,0.038540199039191,0.259811184313792,0.085339115054729,0.267516092037613,0.18341252064822,-0.131017198659237,-0.235195267696692,-0.054479037545195,-0.00634071573210085,0.0550938194113306,0.342381469480712,-0.0705444495616278,-0.190034396685804,0.0251837666769368,-0.237197372864139,0.276647650418324,-0.200591619751882,0.362059244183245,-0.361533198102825,-0.310620861998451,0.155883143400794,0.0623031083980902,0.129551388641965,0.166617456194541,-0.369428009939847,0.0725285215876627,-0.286402152194832,-0.0116768805693029,0.36699074318652,-0.137059614343099,0.347569158895404,-0.0655848040406048,0.00844706521811802,0.0263063562334136,0.26846863627432,0.267011285305669,0.00902448697005306,-0.315369939912324
0.118298950050782,0.571390210291392,0.465823137580478,0.453039564786585,0,0.555402401871856,0.187866451316546,0.498091067838609,0.290188435219916,0.0160209168534793,0.176269164606506,0.10655000787361,-0.0484062276075416,0.0627646869369152,-0.00745074961896695,0.218958315863708,0.0610220927060124,0.12853383504454,0.0761363743413033,-0.215009478863333,0.0135758582030275,-0.113544783296965,0.0455863346610235,-0.19224808660312,0.0599686752601366,-0.0366572629452818,-0.146198941120744,-0.180870630062347,-0.167462134414017,-0.0348823324956119,0.0555076221845857,0.0798537108874251,0.0567917960629622,-0.162881110921024,-0.108935205788555,-0.123829356681231,-0.379078861083086,0.180109948195132,0.201212316589633,0.0913659930849323,-0.0696545999798554,-0.215175429682812,-0.119952641796499,-0.14422928866006,-0.0443032342069321,-0.109740179819579,-0.062903632001092,-0.0948311084716133,0.0475172824541601,-0.231979971063912,0.277216150956765,0.619392987491102,0.214292358556972,0.412707133963895,0.714375686664767,0.500680100991529,0.4656721150495,0.541746109276338,0.0523878709560382,0.0304518151950404,-0.0112749170625057,0.0639874057342416,-0.0200416670297267,0.111149176082403,0.0564912646334094,-0.00075809741948355,0.094165900180961,0.0808374003011288,-0.016249217510155,0.140521560056853,0.00218295541747787,-0.00529936572006865,0.10989707318842,0.130280524018876,-0.0333772136469347,-0.0536244841974586,-0.119252469517384,0.0109207070053513,0.0248069159274961,0.138170768692633,-0.187536528921992,-0.189311998090052,-0.059318519881024,-0.0727165318549503,-0.121305641369899,-0.071930548135,-0.289484034384979,-0.162243823113697,-0.120978001528078,-0.060616658331414,0.0838875833447182,0.0410704934653278,0.165795599197385,-0.171976098739676,-0.157839458884971,-0.202726868603206,-0.091039763578849,-0.0612508144085397,0.213940275838885,-0.229482271133297
0.283147567928377,0.533926906706925,0.620501791546971,0.326608587816679,0.555402401871856,0,0.421885368024745,0.736695124774544,0.411532379533156,0.0792374258633114,0.208061264147379,0.15779029713873,0.0451583080625574,0.189932397857395,0.120233763413996,0.304511232217941,0.0962937941594187,0.153828326920864,0.190258406283102,-0.213555524911168,-0.0373828675066038,-0.0790140959033075,0.218700496487573,-0.188979829960063,0.157227564771457,0.0199848068370945,0.00762554864995238,-0.0498265202938349,-0.142701064494893,0.069760940177232,-0.000241971855875194,0.0124123961518263,0.0129138452870813,-0.226763646109684,0.0956702494151182,-0.0524220668394447,-0.272001868711467,0.15612847468783,0.456887538120443,0.384558921260264,-0.03169989501944,-0.0921448906543337,-0.00313283523088472,-0.0691934329019405,0.103551137283322,-0.0100826538979329,0.0960086732255533,0.014585956252168,0.346225452454459,-0.0773653897911971,0.361041817790891,0.692741576287633,0.249489286564758,0.338477953747893,0.756628063583372,0.806343824178869,0.591650306821504,0.716000019220965,-0.0559446144377379,0.0907536365023458,0.131341055475243,0.252117721002735,0.227601126599454,0.33624054318622,0.173023110045802,0.155200444965359,0.321732359603772,0.197906849928662,0.0724832335659342,0.192011269011118,0.0330302973800551,0.168903371460479,0.275635873870424,0.252820485495675,0.0172473482241521,0.0609490694060026,-0.00182926056647398,0.205993739758716,-0.170902559386483,0.0859267626582164,-0.138084259194846,-0.0537940627236201,0.0825345209720398,0.151989255955573,0.0596625282978041,0.109864114405239,-0.201483473048276,0.0292676125817502,-0.0325861750613149,0.063229193145314,0.0141370752572161,0.00803555343232002,0.35438956650696,-0.0270744054035776,-0.0650325630478656,-0.0471073705709786,0.0917740057165687,0.113025950159304,0.5332486659604,-0.0931399722722912
0.364096669324587,0.323523112219429,0.296644858526599,0.253062066502865,0.187866451316546,0.421885368024745,0,0.471424981974725,0.506537099131156,0.302971741842238,0.0699741362179561,0.0652647563008151,-0.0682050633596845,0.0802827515507113,0.0664383333175226,0.499592482176599,-0.211217617527949,-0.0582229497422555,0.00222588760276484,-0.279625312814695,-0.236655252864801,-0.0490828033366569,0.202625631498837,-0.183726034119508,0.30093777862165,0.0546985649876577,0.0310975567865448,-0.108303786237721,-0.28169846481133,0.175163155906003,-0.069486522233095,0.388561399938022,0.364756344982115,-0.203549055760607,0.0283084427485095,-0.100490815680871,-0.187923631145591,0.383198844489009,0.430605218271317,0.387724302041217,-0.104748591995564,-0.144806456234904,0.0832232041329144,0.0110320325228963,0.125267458889072,0.0192221433582355,0.103403183651503,0.0654171632087864,0.198217307519813,-0.00750599027004795,0.509993513468556,0.406183312679129,0.464318135517641,0.374754458931246,0.400769645147007,0.473641091853876,0.530257116736785,0.364199142172085,0.107107017206867,0.0320109999929459,0.0887196572100231,-0.0420850884764789,0.0497638424103324,0.144953774715526,0.0209000299187915,0.114028336298192,0.63970262700531,-0.185178841908193,-0.200320633229641,-0.152191388194465,-0.13482522032097,-0.0604407773849819,0.144993969391478,0.171544348635096,-0.0172612555415531,0.0620665509384719,-0.140169783381876,0.148765556326437,-0.0807626270446033,0.48333326418539,-0.307178290744021,-0.206012461812958,0.0482274258786778,-0.0726103316156951,-0.0205548672170795,0.0359452747631596,-0.197289050213351,-0.0253060184201317,-0.208853942860772,0.129316341226035,0.305743847998112,0.0900872757473365,0.503044463277917,-0.0261734153569932,0.0684921482333833,0.124327989450539,0.136877790662619,0.0771537280084434,0.206598652886917,-0.132286373993511
0.45539549095165,0.561117973446508,0.603432146558152,0.380164749681742,0.498091067838609,0.736695124774544,0.471424981974725,0,0.635363009078204,0.235318505097419,0.0544348723110648,-0.0347510155536918,-0.147480531885005,-0.0225299470298963,-0.00478464669009717,0.368672814209393,-0.0281353522669896,0.0687303073466519,0.129715261788371,-0.307132499476137,-0.182988692016706,-0.147058105950151,0.160576355587144,-0.351992543381185,0.175662674607724,-0.0980124128422733,-0.115342861903114,-0.260102544004706,-0.183795713394392,-0.0104636358406562,-0.075318872320971,0.188911622019202,0.205608180374659,-0.167186020474671,0.0210714085295234,-0.202722172275267,-0.389817487197177,0.34776832719937,0.454937467139271,0.422220533323148,-0.0653405274156452,-0.261737078234859,-0.104379446346841,-0.111039930307396,0.122959336050109,-0.179410469167504,-0.0656071672155253,-0.10368175598481,0.1968882668926,-0.138010349882373,0.575641954990414,0.724621824570017,0.336610688989095,0.339687027207946,0.688782325886791,0.772545134125845,0.740355445933461,0.807090590792625,0.0568165826994236,-0.0193653736505218,-0.0427234781893834,0.0360852504370895,-0.0187334223908857,0.119683790032927,-0.0200115161664558,0.0300596309790535,0.436080270486722,0.09912233286735,-0.067610773186792,0.0945141622022675,-0.171322189016231,0.0464226916453662,0.126088684986867,0.208139980182896,-0.131524311233852,-0.0611350687870591,-0.165676280181184,0.0294519456735322,-0.143141150916608,0.248578341163592,-0.184619599011206,-0.178975725295867,0.108956394090238,0.0627831348868624,-0.104585406913421,-0.0753347646672447,-0.356675336875624,-0.10606807256727,-0.224164108961738,0.026470421375685,0.233019281943631,0.0953312753662191,0.39511256737057,-0.215514185068541,-0.163994707795202,0.0278875255402971,-0.022038994705375,-0.0444123277918452,0.328814103057083,-0.174294613541273
0.36631259921224,0.43114352988198,0.255250571850078,0.463807966170977,0.290188435219916,0.411532379533156,0.506537099131156,0.635363009078204,0,0.351676822101594,-0.207900938722246,-0.311803145471906,-0.331770704622617,-0.0827023753465263,-0.0239332264595634,0.523012089785017,-0.245389726041594,-0.202487165382079,0.024065145787005,-0.391810414581262,-0.353171725794522,-0.317680537437764,0.191371854610353,-0.570760173307108,0.125892134872041,-0.256571871367547,-0.12112505814376,-0.320880158460522,-0.395491335054102,0.0971028983826078,-0.157038539096781,0.562835358653772,0.587007618020584,-0.217490297935413,-0.0850063059376154,-0.536018567997802,-0.491976785093524,0.612667069692921,0.337937340162241,0.301863480626755,-0.329147944584969,-0.318616462402925,-0.171219238840862,-0.0390236846715952,0.129049386756436,-0.0801638813995218,-0.0520572565814027,-0.00355929292762105,-0.078476224357663,-0.223927673212803,0.669528138050709,0.556065664575439,0.566523203082676,0.417557343047731,0.497681660425594,0.60902192351251,0.748640932901484,0.672914904586322,0.149340818271534,-0.240661175394605,-0.23156420505114,-0.241562570246077,-0.156464672619611,0.0524287648272151,-0.143213897810702,0.0470288420066684,0.614105317953661,-0.214018954569235,-0.390024735351645,-0.223496745108887,-0.351503529825677,-0.201965742278834,0.0747743761317821,0.00890006387868972,-0.424349674814336,-0.23738155025592,-0.439679276912133,-0.0460844164511016,-0.0749726036009917,0.560994423413739,-0.415942595506808,-0.379223032082629,0.0193174234064477,-0.132236338175852,-0.155228018124777,-0.0953612804562487,-0.484015993055752,-0.205428377528996,-0.564721179091552,-0.0933763433813337,0.605489119150876,0.128503032402163,0.436611636531257,-0.337615004506304,-0.182727801461099,0.0567351579445258,0.041319255176611,-0.00127157668927875,0.04042664188137,-0.336548700224149
0.175417753557243,0.123776311369168,0.116325160395624,0.0104759225292202,0.0160209168534793,0.0792374258633114,0.302971741842238,0.235318505097419,0.351676822101594,0,0.220606094184817,0.022050897402876,-0.302311221629758,-0.374498785664267,-0.275813933512078,0.0995471244433878,-0.317278013392186,-0.154650961097426,-0.319767137041446,-0.325232302307271,-0.286652788637063,-0.179477523312084,-0.164625828979142,-0.228659550461543,0.508340179583551,-0.0772606530534354,-0.190708526099396,-0.299751373825241,-0.0674129049573103,-0.10559062141118,0.0103795378763127,0.249854605080833,0.175637049070864,-0.0456931044870616,-0.213754635168678,-0.102392273909965,-0.255176494152606,0.341991945885416,0.409923206028909,0.482917712226125,0.206343975312746,-0.117427329766588,-0.209144954422114,-0.100601511566869,-0.150999416099258,-0.285612804405811,-0.291411674021998,-0.265882983595616,0.132266650976366,-0.0637686442609578,0.218665052302326,0.148447702768924,0.0342960683853247,-0.0475722936945273,0.192292242408429,0.239246418361488,0.146858907623478,0.266489231389567,0.623322331058266,0.129305986682352,-0.0766737278183127,-0.246163660696436,-0.234775931582865,-0.269149495254306,-0.317786619867488,-0.243065839190632,0.396457797631595,-0.155911199676064,-0.271999657258953,-0.174732412226925,-0.40377875914458,-0.190425354368338,-0.218624145910786,0.406678984804206,-0.0881816303285773,-0.0523227738393916,-0.262461737053176,-0.180858852108278,0.14073174246044,0.26103116144608,-0.147434535585131,-0.0945328701497202,-0.0449877937405293,-0.143855429179396,-0.174807888753152,-0.25876672205741,-0.300038760628228,-0.172463147649423,-0.202935240403713,0.269964863217951,0.147550072201348,0.453276040598918,0.359795169989478,-0.195629230171775,-0.0858994097321112,0.102249974152701,-0.203925002838927,-0.257930884295769,0.174200127801267,0.0626851113583886
-0.149850022301051,0.112711893913995,0.166199181038251,0.0177715360152609,0.176269164606506,0.208061264147379,0.0699741362179561,0.0544348723110648,-0.207900938722246,0.220606094184817,0,0.713228788959989,0.190010707443605,0.0245047534084841,-0.0117416502137013,-0.0242802101344461,0.0447239002616033,0.263441186781905,-0.0661360153228206,-0.0159143588914133,0.0433111775166978,0.131230373571303,0.0198674187068688,0.281292959044892,0.414194675053383,0.496150753190553,0.081943455040607,0.131909855818378,0.126723216437002,0.00962158071831252,0.186103710986475,-0.307620047381143,-0.280862787562766,0.0703727468867848,0.0749170319845301,0.407969312848222,0.0584564411226155,-0.242177777739293,0.250064596805342,0.280760580278914,0.522042402085854,0.276763666908382,0.299338575977449,0.00720398270682903,0.00127842012212312,-0.0400895162752775,0.0586223321771126,-0.0238729720042676,0.356474968078323,0.25751301667202,-0.203423165794253,0.119855990088044,-0.159487890242892,-0.0140451078025127,0.199995091001342,0.105321123352627,-0.0944463381000224,0.098995248165003,0.30378918755927,0.68196344569919,0.471780956159624,0.273334779695752,0.11546187458812,0.0679534640165066,0.0630631543220558,0.0101471834598103,-0.0464775628763045,0.118292254646211,0.0951323887595004,0.238278893079521,0.0458024537531642,0.188212407741717,0.136476997417943,0.493119809515222,0.429264754285484,0.456961338898965,0.137820979758814,0.213028974277721,-0.0483161711101164,-0.263187436057251,0.0980805329293642,0.299205067509777,0.109496066687051,0.132078234645232,0.152488164926813,0.0976352011265123,0.0708594757067262,0.178335783295065,0.391136363982511,0.502017968180489,-0.387651798292195,0.0565559934066497,0.150745811062406,0.311487359343469,0.141479477698263,0.0813140916093903,0.0278798891170358,0.0407139835893025,0.406000508513969,0.405101401146554
-0.243368381920837,0.0834953253728548,0.0336423631113197,0.0421178856352877,0.10655000787361,0.15779029713873,0.0652647563008151,-0.0347510155536918,-0.311803145471906,0.022050897402876,0.713228788959989,0,0.3541483408076,0.294655050063611,0.210839963380381,0.0610881892876876,0.104236557878174,0.31037098501653,0.0519697559917158,0.024605775120769,0.140240194321605,0.273883645885405,0.194120024172438,0.421108506198333,0.378777282051852,0.603703764857449,0.235835330298616,0.377401033129817,0.0986098250401964,0.208517906766367,0.0995844249181726,-0.364629728679572,-0.302842235380992,0.0401721180428757,0.194654427377169,0.480505509642749,0.160975655522294,-0.334450073497943,0.2519932843236,0.171062618560233,0.356130338068077,0.342802152108914,0.395605053897409,-0.0701743627647474,0.0704454779813807,0.148220208909137,0.29313520208255,0.134078368426714,0.296855176207617,0.216682784674517,-0.262716882209642,0.0902611225925698,-0.0638066363301791,0.101417541612895,0.102679726791067,-0.0220323304139139,-0.0982973833687318,-0.022272474632424,0.201366422945079,0.6757725261452,0.627706288685109,0.35949851941897,0.316856852699853,0.284061446457705,0.30039664117923,0.209698864616469,-0.162543710579969,0.102529951355295,0.159796353216825,0.222573284163613,0.259978693442802,0.259721686049996,0.321752385572981,0.322548792483518,0.541967331516953,0.542296075634605,0.239342885732716,0.438188999955583,-0.144314646222111,-0.274140024877456,0.0762287283365367,0.24465778989628,0.0912651893594059,0.165995682569293,0.322056776095294,0.329387681442728,0.16344550196742,0.320532105364943,0.457650969638696,0.385340935314775,-0.421908769144108,-0.0161510036525845,0.213440153855369,0.441088365568028,0.232638304088639,0.029645236279685,0.17240613549078,0.187158667847181,0.347785958437179,0.321468241843918
-0.18521402493237,-0.115564362466691,-0.0555672250056624,-0.0291547337824611,-0.0484062276075416,0.0451583080625574,-0.0682050633596845,-0.147480531885005,-0.331770704622617,-0.302311221629758,0.190010707443605,0.3541483408076,0,0.363321879240605,0.2350941411911,0.0148163979586307,0.492465008843625,0.168488473160739,0.315914425636465,0.290945034486797,0.336513537955961,0.653874355730995,0.103555524959679,0.34584380303828,-0.0217227686047391,0.384926515162482,0.156388868902696,0.445774096052018,0.336529365403636,0.0747584637759091,0.0671431105522483,-0.296697309715647,-0.273184689737531,0.0442764834951268,0.482299869568211,0.229391232128049,0.405019164847119,-0.462374680448127,-0.0032264703539993,-0.00828510595529102,0.0753559613427311,0.237877972692898,0.424515926709188,0.0688072646613633,0.171912520078795,0.14110773554508,0.34173497771878,0.101468109676474,0.129762245944121,0.137990214631671,-0.254298444578959,-0.0757280932416064,-0.100323986654403,0.0134416029323463,-0.0566979619744398,-0.0793064942229462,-0.13502042459376,-0.139305559756475,-0.14203991246363,0.263466197281511,0.556562674948953,0.745556166027689,0.483829219972697,0.311928677995938,0.375116885021772,0.209267810307752,-0.167274308755437,0.342717548366571,0.404088545393269,0.250654573650097,0.436329929259785,0.486882614593519,0.148904871810385,0.0842415089983258,0.387803590234114,0.379608391166529,0.502757298465305,0.36483012400614,-0.159001723450603,-0.256629243522056,0.29138505894251,0.161290128191419,0.214366340890918,0.325381429835703,0.255836381711188,0.285595909076244,0.446902558872105,0.343591019611055,0.269569897488852,0.0417166956418362,-0.324842959309492,-0.235050351172578,0.0685135946578169,0.36271782006831,0.366586013139468,0.0454309884987373,0.15231053773335,0.169003743635564,0.134831887960609,0.14291254023249
-0.239589167534374,0.134006755576482,-0.141547762431162,0.188667208846264,0.0627646869369152,0.189932397857395,0.0802827515507113,-0.0225299470298963,-0.0827023753465263,-0.374498785664267,0.0245047534084841,0.294655050063611,0.363321879240605,0,0.759478928583399,0.333661165881934,0.120213875266046,0.145895238286465,0.568272448680342,0.128865688695344,0.391434068876028,0.289944013657763,0.592141281548664,0.0781666459703824,-0.0696910513890425,0.252781939556641,0.520518817953958,0.612120113734626,-0.114801397116492,0.522734752520564,-0.136323841617076,0.0206408118228264,0.018915886821005,-0.253560883571527,0.424418690616266,0.0952282887865837,0.099227654139642,-0.0864799290735846,0.14356850088292,-0.0775863721011892,-0.292239287215404,0.0907244608224971,0.329530345851279,-0.0510394959662257,0.325037210013539,0.591475752927496,0.729197269080406,0.542954815133372,0.00694904832635564,-0.063637625429108,-0.0490223586538361,0.161898000460822,0.345500643188189,0.416806860200699,0.0715910296845625,0.0236199092060241,0.146533658255278,-0.00873241593222419,-0.349910510267559,0.107587524688131,0.353326181999217,0.351491430212204,0.714884312387453,0.832065109801995,0.79561951136597,0.726273036328103,-0.0801399989832353,0.116466545262861,0.212097758382478,0.168441043625347,0.63430785358944,0.392249261673967,0.643836099641796,-0.147025691327055,0.140943872166873,0.257023443769081,0.28869792786087,0.680560085274333,-0.251129664046947,0.0639540295366937,-0.130020821232416,-0.131225296850027,0.0948058076550155,0.193065230283555,0.536625253026935,0.686111613636899,0.123003953610876,0.42296685093421,0.0914427740217923,-0.130530468958689,-0.0266803885617883,-0.330127106191377,0.200587066539349,0.307220958548336,0.252235363403343,-0.082542608348165,0.597073396086294,0.601133711666588,0.0917122979762131,-0.163982931616297
-0.25529647463316,0.0577789204440637,-0.208946428835232,0.208249806277551,-0.00745074961896695,0.120233763413996,0.0664383333175226,-0.00478464669009717,-0.0239332264595634,-0.275813933512078,-0.0117416502137013,0.210839963380381,0.2350941411911,0.759478928583399,0,0.329648126185969,-0.0130156435507143,0.0289545639516068,0.538885124736246,0.100648980994176,0.19853554755261,0.189805279757351,0.694471943997215,0.0181366520512559,-0.0545525638367579,0.308954439556437,0.534762858792571,0.559030580963858,-0.095027200981186,0.562443224594983,-0.334350856156687,0.0145671756390499,0.111602107721906,-0.285645775061419,0.496683006922143,-0.0415342767321261,0.0212822797943224,-0.0569208809577274,0.088250925883544,-0.0429796575911917,-0.323019350648655,0.0597803151560545,0.40023680446594,-0.0869690887252,0.514781099641941,0.518617122505655,0.637046952161401,0.551279368430149,-0.109383222005968,-0.111746771561677,-0.0492187915879854,0.129176992508784,0.318040803183154,0.350585740502872,0.0311904428831363,-0.0403826926881247,0.147846410475338,0.0154147594037585,-0.358272819005813,0.112030876701214,0.349821699219351,0.296232409566435,0.613622480872304,0.798980518887736,0.763636009484187,0.899242819816501,-0.0354684829858514,0.0776645699113795,0.120695387796807,0.128070087720227,0.490780967438327,0.39478611342311,0.599514915532909,-0.131854804415052,0.113663844605551,0.299989296095543,0.225070025203983,0.697084237702275,-0.464632269858674,0.0269898578429724,-0.0843780112695681,-0.163731194213965,0.341608282122573,0.323249985991507,0.593371257035536,0.582372986434733,0.0285975076490856,0.55615760511267,-0.0228118386229634,-0.0990548686585619,0.00861591612636045,-0.39309956646134,0.163000526307698,0.241645207760185,0.308889768733857,0.147968142134115,0.605431748328564,0.569060613318419,0.0184255704797654,-0.197532226251005
0.141310341275737,0.508954215865742,0.0999842970726735,0.631615344036939,0.218958315863708,0.304511232217941,0.499592482176599,0.368672814209393,0.523012089785017,0.0995471244433878,-0.0242802101344461,0.0610881892876876,0.0148163979586307,0.333661165881934,0.329648126185969,0,-0.216340008704557,-0.190324960762943,0.195502219925674,-0.361716113468305,-0.205602534959351,-0.0117909495933346,0.510796507659451,-0.319045901017647,0.174911651367117,0.0218089877166862,0.117164384022559,0.082054908031498,-0.466735490153164,0.479183677535409,-0.225728313125,0.575598725399886,0.615789318365301,-0.401721288252501,0.192995012779959,-0.307640123801954,-0.306428980537809,0.469477929708362,0.374390148517916,0.159013169334425,-0.387187648044778,-0.181968125453873,0.159518705758051,-0.100465376127399,0.331678569349584,0.237651747467388,0.362921544348125,0.31729958819645,-0.149339866198195,-0.232050041595582,0.472388088514124,0.556107083128319,0.746484114343619,0.686345264116108,0.420288763339448,0.277835034271426,0.591851191350745,0.358198089202333,-0.0816402759062605,0.0228550131239336,0.216857556749027,0.0280729751944897,0.160283370631164,0.387706140152632,0.198845457608437,0.394722361185607,0.307275224153681,-0.255317303670637,-0.278221317002635,-0.173403598005501,-0.0257391370657881,-0.0244847685069355,0.43930967476668,-0.0686653979414654,-0.145124931021827,0.0850530922825796,-0.258388895960397,0.427208101173597,-0.192378428976611,0.624029560472914,-0.431967857819688,-0.335881072461629,0.115659749247912,-0.0600022398411624,0.163047763026017,0.28299346827273,-0.281011888506677,0.0988431269663572,-0.382821481085763,-0.0202892865410511,0.501121579509257,-0.145271245690613,0.532292763194738,-0.0192006792465955,0.0257233702525911,0.0695794373845817,0.39152799997579,0.325711554561137,-0.0160321228864192,-0.348704045352795
-0.0257607636350907,-0.0406256189728263,0.0631701189782588,-0.14637614709449,0.0610220927060124,0.0962937941594187,-0.211217617527949,-0.0281353522669896,-0.245389726041594,-0.317278013392186,0.0447239002616033,0.104236557878174,0.492465008843625,0.120213875266046,-0.0130156435507143,-0.216340008704557,0,0.325496766829065,0.384241993924259,0.387302499284764,0.463476175796958,0.370452477020642,-0.13514901704867,0.432322198016363,-0.159800173037035,0.133101114468222,-0.0422964019303437,0.111271118487625,0.480385665982415,-0.214750349514886,0.339202258552365,-0.261394307230207,-0.312577272721323,0.35588600156968,0.127816308905633,0.0600439076636611,0.302953905669338,-0.31491500345574,-0.189003429138028,-0.147785340779524,0.06916124704582,0.225757430226415,0.0761660492011033,0.00710604287532271,-0.139218553847358,-0.0581213057418363,-0.0130709552129288,-0.109703317328671,0.0308927013027316,0.0586141074228678,-0.154410634844923,-0.026122107811178,-0.177660515019528,-0.139239638174213,0.0538268324593994,0.0167580631616185,-0.0698938006693721,-0.0490393584063582,-0.109051213965889,-0.0012675007963014,0.00107566583534649,0.315556039550992,0.184033016506027,0.0759629108241812,0.174053592717469,-0.0572894949195905,-0.227865511072051,0.5805073268171,0.575107924676218,0.44205083134051,0.325112723935968,0.274402026996942,-0.0219331983357184,0.00726607364063768,0.273111254175281,0.0164300162885631,0.382459465569125,-0.0488980613059139,0.149180784490478,-0.294763134380554,0.484804717570666,0.156246397925477,-0.0182646107929376,0.185729482738951,0.0495940234276087,0.0247504691370603,0.398639528907792,-0.0133929317902129,0.227632949819753,-0.172362830812797,-0.251899291763699,-0.0266613032042665,-0.0923117422927116,0.134882214701347,0.00186343568036194,-0.178167904157176,-0.142478625443024,-0.0440826124063176,0.0495285356963986,0.050924837945837
-0.187884041076177,0.046919673069135,-0.00374694171509243,-0.0864056021267427,0.12853383504454,0.153828326920864,-0.0582229497422555,0.0687303073466519,-0.202487165382079,-0.154650961097426,0.263441186781905,0.31037098501653,0.168488473160739,0.145895238286465,0.0289545639516068,-0.190324960762943,0.325496766829065,0,0.169008801717533,0.511732111324067,0.414595294044801,0.117054560601457,-0.0731871543562094,0.285629137083548,-0.091191059156088,0.258806097594314,0.0042998816990577,0.0415545386979515,0.199775814524433,-0.154089193414629,0.302993011598576,-0.258510732677437,-0.222983204780148,0.571148794751193,-0.0807998077236866,0.330327323999112,0.113736255855317,-0.175283805856314,-0.0242688586969064,0.00654645942147751,0.336450638615488,0.0708304255228911,0.111673561276792,-0.093460854729827,-0.0931012765158547,0.00509054074644731,-0.00167409322944233,-0.0805661063897869,0.206814286989356,0.411157588759246,-0.0484715282437006,0.0825795788658747,-0.0293266485214761,0.069325270606483,0.0598082417999952,0.0733231415112924,0.0217470847061866,0.0294339698469175,0.0407978720956825,0.236706282669069,0.16651855500094,0.150901075763873,0.103973151667542,0.105164175476029,0.203277789793277,-0.0239480033671952,-0.0233015526335515,0.264081746419599,0.518669386012992,0.714915554206388,0.405147034412241,0.236481911905343,0.0632787069242795,0.22474429302154,0.332006029838093,0.169187744317009,0.258529228691878,-0.0110574197713908,0.0425182815170812,-0.275110885366055,0.258778292812557,0.492666330557132,-0.016051722881173,0.0422153159353829,0.0476516941894916,0.076176684137129,0.200767373481177,-0.0248144259982049,0.54482196114168,0.220643614846147,-0.178707140918504,0.12065174883324,0.0323577550582177,0.0887541758156021,0.130994983988808,-0.162251837809418,-0.0406687408303065,0.0309330719546627,0.255055343454193,0.279128781283319
-0.0740048367496326,0.115817694532754,-0.041580403043862,0.140708634320532,0.0761363743413033,0.190258406283102,0.00222588760276484,0.129715261788371,0.024065145787005,-0.319767137041446,-0.0661360153228206,0.0519697559917158,0.315914425636465,0.568272448680342,0.538885124736246,0.195502219925674,0.384241993924259,0.169008801717533,0,0.336413061687606,0.411263676324842,0.235324701836616,0.398159090643884,0.0495866366334036,-0.0670639223033616,0.144025050022668,0.249448454072018,0.22829658383249,0.254325018521011,0.169019140071893,-0.112911727748544,-0.0183241720326074,-0.00758220831343169,-0.0768932904423779,0.343066562625625,-0.0505952253647395,0.131174006051669,-0.0405401802102416,0.0735040914319874,-0.044845113371364,-0.213164880428051,0.0701985967879846,0.267712182055247,-0.0870343224145645,0.414930565443067,0.25198501929414,0.336343731373424,0.220363312499394,-0.0321589987805093,0.0121208409486692,-0.017393754497736,0.170027545786995,0.201234565511434,0.23396108468252,0.0916699512420141,0.071554734909717,0.20043078544628,0.135399367546309,-0.353725545820654,-0.0270225290503608,0.15298333972155,0.321870802094451,0.435370563847634,0.539653799442721,0.565778706047009,0.472774353108672,-0.0471204178915863,0.43117526059224,0.43371092763935,0.392768133392187,0.540735956875682,0.394477950607128,0.365243716280618,-0.135866244730496,0.13207266219965,0.174205432385573,0.412030153121018,0.32403620643448,-0.189203547714873,-0.0128315576904735,0.204180651069441,-0.0426653601442244,0.285822363872895,0.254465398049173,0.322291651159643,0.305431716670707,0.181648990526808,0.273162849423424,0.0336515386129784,-0.155517808674304,-0.0449082830197158,-0.320756433982906,0.0583635694052662,0.144210688425372,0.128090477836663,0.0734881416590813,0.32005072847182,0.309897475698576,0.0486857290633807,-0.136302171563413
-0.253402081617745,-0.334727849902541,-0.275679276847038,-0.301468069156748,-0.215009478863333,-0.213555524911168,-0.279625312814695,-0.307132499476137,-0.391810414581262,-0.325232302307271,-0.0159143588914133,0.024605775120769,0.290945034486797,0.128865688695344,0.100648980994176,-0.361716113468305,0.387302499284764,0.511732111324067,0.336413061687606,0,0.566902798126917,0.154760849274601,-0.116662299442267,0.331200922957961,-0.275613324018402,0.119901384161187,0.0673208124011865,0.13555776447251,0.504759942765218,-0.198169607902226,0.135892770054197,-0.301965172334878,-0.278707686517183,0.397549294497714,0.0136926571051408,0.171845402538257,0.470441504453284,-0.283369056242301,-0.276445436950198,-0.187083932919943,0.0884521857593172,0.120767413091084,0.141165257002245,0.0258191016901023,0.00915959320096538,0.0704964022119977,0.00926431279705922,-0.0474485018559865,-0.0235745850136352,0.397949897466027,-0.280232956438765,-0.326161520921896,-0.199017911837144,-0.164458005979897,-0.352668053983352,-0.299184333245025,-0.294393368186861,-0.332084663096088,-0.227404899986337,0.0159439562668252,0.0829086814880745,0.238788790147435,0.123612900329304,0.0682158768623848,0.245761352291873,0.03557216569305,-0.227639028591444,0.344522582180382,0.637732414484328,0.62107549421144,0.618577379209393,0.286365789615062,-0.0662454012179168,-0.0680936153678709,0.274748456494246,0.073750214416856,0.548499355812523,-0.0648489944092343,0.0151449727126986,-0.348158114371425,0.489792847074206,0.429857664183681,0.0743052744519735,0.130295165192052,0.127640084227294,0.0239636797469477,0.52808558974639,0.123694644974388,0.443453251236997,0.00889185855835228,-0.212477133032871,-0.138472722104908,-0.247583289512501,0.0927776581388686,0.206646229632165,0.0203969747942346,0.00611843865730685,0.0235348253371674,-0.0563185844861084,0.192647060983701
-0.264603113389296,-0.0819632823533988,-0.196012816802171,-0.112950286042584,0.0135758582030275,-0.0373828675066038,-0.236655252864801,-0.182988692016706,-0.353171725794522,-0.286652788637063,0.0433111775166978,0.140240194321605,0.336513537955961,0.391434068876028,0.19853554755261,-0.205602534959351,0.463476175796958,0.414595294044801,0.411263676324842,0.566902798126917,0,0.276175917391476,-0.128030653826293,0.244825884527543,-0.186960333314389,0.0370515146357293,0.128560281923527,0.286434246723124,0.476967185155594,-0.108924335844952,0.271781333114497,-0.179298223124069,-0.246501828312183,0.207386478530722,0.0525701950038633,0.113088147585105,0.259206458082008,-0.208622524210505,-0.128347062304831,-0.164157556235366,-0.0512541350360282,0.0877531146054505,0.045846651073808,-0.101010487893681,-0.193801824726392,0.228202395311814,0.136830821649994,0.0211575263826922,-0.0536494506110502,0.0361110084035799,-0.216452994321656,-0.0899364536877475,-0.0729301559950723,0.0357693173992675,-0.106398057993395,-0.153723284050436,-0.149073282499926,-0.207248474404564,-0.125380457828325,0.0102839858236168,0.0735937960823813,0.304937120965139,0.366352725887887,0.256548748532076,0.476316135507118,0.0853869901469539,-0.299748677581775,0.437331712960931,0.652213380736711,0.477720407378957,0.750277710071465,0.351795671080585,0.0236574622090851,-0.00599040738740872,0.187889058553747,0.00156608750573203,0.568835711075442,0.0611147972402717,0.193193187374516,-0.221851239496658,0.271236133774358,0.102919949393277,-0.236344688455453,0.0772605508531708,0.143161160576501,0.194510013174171,0.348257994403515,0.0488347329483895,0.244443708018323,-0.142407890534139,-0.158451558396005,-0.0899371555221577,-0.102052385839148,0.0955767040559829,0.1251451235366,-0.33904541935787,0.103095582807088,0.0969788385898569,-0.0676670031144229,-0.039571045018169
