0,0.0828886902078763,0.532518851710495,-0.199072179026476,-0.114407876607042,0.334386062610849,0.331900983221955,0.287761118801204,0.25130273595826,0.0376311783224333,-0.248891362812484,-0.303577445424614,-0.108679072023827,-0.353859085668906,-0.388029183409899,0.326776308519322,-0.155349036502428,-0.239800789813367,-0.270131439424462,-0.351804780429733,-0.292500542558226,-0.302791690949544,-0.358442010566938,-0.199050843461538,0.176287656581231,-0.223241611871869,-0.353834021905503,-0.392118897837983,-0.242070198489488,-0.368869988430535,0.352717848845882,0.111372612365217,-0.0552546380776572,-0.292309809719264,-0.281713875906328,0.0297813237747879,-0.359588993504373,0.386035436269542,-0.190169779462361,-0.160943585105686,-0.0908568467348446,-0.0259451747269541,-0.220517320101576,-0.0983385186228626,-0.0716808054714776,-0.377937454074838,-0.339080255575475,-0.355526990085578,0.234679157159635,-0.0689259816028924,0.222262083512959,0.228016627069658,0.00288619695967824,-0.239211129132111,0.30101724462355,0.497604551568334,0.298491299002169,0.196112883927053,0.0495838937286873,-0.155860481865948,-0.235001318227736,-0.0439047496664857,-0.240326738197278,-0.168363024738115,-0.302588884000616,-0.371795397284349,0.34379470104063,-0.159342196584924,-0.319670693611626,-0.15538734631082,-0.25034802950688,-0.219714476267916,-0.299969702560625,0.040491688340892,-0.27704682953375,-0.0464543265283615,-0.221541169876613,-0.361125413732013,0.375270984388583,0.0768585178088674,-0.203731299359901,-0.189029835195092,-0.0326956788388247,-0.20423883805688,-0.31373236182818,-0.346147839238078,-0.320310120972307,-0.396264518084028,-0.107390934153764,-0.0911280775647063,0.0686412761792741,0.319081450513302,-0.17519007295128,0.0715245660681411,-0.129820662616845,-0.0876153967274118,-0.345448365288845,-0.300187798786817,0.235933506113795,0.00223196925206338
0.0828886902078763,0,0.353970718707279,0.628723680485622,0.686288544997862,0.29333211031094,0.103500965360023,0.377351715736832,0.296879401323957,-0.298556098176955,-0.00944182337274876,0.0911743077129586,0.167882413294468,0.238866384827283,0.169724670417181,0.394219573309331,0.0936455841413571,0.329767678330745,0.159813174574738,0.240860854220827,0.233329242939554,0.126915644171547,0.207667540678959,-0.212042501629513,-0.367558937714279,-0.0211988269576374,0.192542284153738,0.0443273368257398,0.166480399634709,0.162680269362417,-0.152144452462226,0.332984698242342,0.237892679029767,0.102379496491938,0.208925253452441,0.320744652528338,0.149590312663988,0.0320800679820091,0.0743032702051275,-0.13429546707702,-0.100951883110862,-0.213759598096502,0.0714041762184716,0.0900667118470881,0.00348087489359204,0.152974184832909,0.241238031252985,0.229021559784593,0.0686921527947425,0.151549233209977,0.390552617769787,0.841051028790373,0.541988826330752,0.586710036457191,0.385496993168853,0.120858485958034,0.467431975406876,0.382589394547915,-0.283812421233037,-0.0193239170448602,-0.0680503821523488,0.110364214177694,0.204198904430696,0.100536590401635,0.21816802320995,0.107836952182358,-0.00316010254169881,0.142910915519782,0.0915471455176944,0.258599845477304,0.132782196592164,0.0800390504319252,0.147679083304265,-0.0883265448962233,-0.0566347908011414,-0.173579331066467,0.195657712957951,0.176221907346929,-0.11820004714489,0.351376561848862,-0.112773962534535,0.0646903332207746,0.0055626458294186,0.164040433129928,0.172858067974335,0.144135932767163,0.166514065781937,0.10290318562912,0.25176540923042,-0.227309014300957,0.188716875228431,-0.114861572014462,0.0957177499124084,-0.124271312490289,-0.144807933605328,0.0480346649851692,0.212105186160662,0.0936010771138475,0.144789937222747,0.0570168382596284
0.532518851710495,0.353970718707279,0,-0.172033884452275,0.0733221200424467,0.734241941213861,0.52516675793074,0.679112487485706,0.699260517352892,0.0592404537930763,0.117210950542552,0.0876729166583864,0.303519364665273,-0.0249015413794481,-0.0723477675508641,0.0397014538036075,0.143796372071132,0.0542008705476983,-0.00337320065144645,-0.0223769278796464,0.0737685484707681,-0.100323388566739,-0.162246968248817,-0.00252808476596673,0.123555040892542,0.0944161754872088,-0.0943652352831278,-0.157232366446636,0.0901225784850946,-0.232844945266396,-0.0275829152408875,-0.217037292441756,-0.377606380424448,-0.0103898626053484,0.0177531165309035,0.388077685632998,-0.0226609431971458,0.126380052350459,-0.31717760893979,-0.052839051153165,0.0973302214665043,0.139591341878371,0.0472511282469379,0.185271202063126,0.179249952744571,-0.208900998093817,-0.0840205320628471,-0.175876473876704,0.504519694508411,0.237309181682786,-0.0948285820626445,0.508128396949907,0.00178653754010763,-0.112366035437599,0.719349004241673,0.73598818642339,0.431882154681151,0.642073207569105,0.0453257164963052,0.161143889169444,0.0319817899324674,0.309834292256326,0.126364913640025,0.201258216389924,0.0456739628117245,-0.0676142412942242,0.227235656098737,0.194993027229717,-0.0761527999587105,0.0802791351589723,0.0536465516996989,-0.00399903823160353,-0.0846640090325791,0.059164082805415,0.0138034531675401,0.16066739851156,0.153186373865807,-0.172107529194632,-0.0466211129155696,-0.151774194109915,-0.113426715400911,0.00483520813016397,0.168833152800865,0.0231160619315367,-0.00855624558754493,-0.186355072549388,-0.00971352009748468,-0.174559556858144,0.274785570587659,0.0363632731870858,-0.20298286798859,0.169638968474385,-0.231878196136231,0.155947453060097,-0.0124549926528876,0.176517881176559,-0.155791113568173,-0.149456169380879,0.497245344343461,0.236203782159782
-0.199072179026476,0.628723680485622,-0.172033884452275,0,0.722208490480375,-0.0708417796698604,-0.12863363825249,-0.0699908564790654,-0.137126813009294,-0.35837857496977,0.0035344846584382,0.16372119551914,0.14765832231794,0.449649467224261,0.363524165451482,0.377295567626655,0.0847553100115943,0.356413748341258,0.251871071744724,0.315857045974597,0.269731708269673,0.32427976333805,0.5054562446415,-0.145449620922215,-0.424439405425239,-0.00424190601961554,0.455164078730505,0.299067205598499,0.169991804390882,0.501207370609657,-0.223319737826356,0.57954158929213,0.554947412498998,0.161839493454351,0.396173920240185,0.156947535827541,0.239604182130479,-0.00515248511775495,0.334171969998678,-0.049082503001745,-0.137857618741766,-0.214769913333115,0.129596009253421,0.0759085442412248,-0.108196732857342,0.494792245405488,0.538384985161134,0.526269493614831,-0.218073058304953,0.0558919886196512,0.534889650188149,0.560022029204908,0.709895017227785,0.870570638626574,-0.0458136928285182,-0.310110154652269,0.271500641981404,-0.0476713255854003,-0.288672388874746,-0.03135488372613,-0.00080945770352327,0.0630240340056953,0.329980092916502,0.0344172799684383,0.296534821666586,0.269702017005014,0.0240422202628325,0.121542898120006,0.267387586047786,0.209819606446168,0.126802432428583,0.182745800375766,0.416126030148236,-0.0570838639354704,0.0100962563189494,-0.15592236914996,0.177552163476189,0.460396099461447,-0.14824025690996,0.56538298323282,0.0525551199245689,0.102980392928262,-0.0606021888948176,0.319313061966776,0.324071585290281,0.46318169848171,0.288751223843743,0.347015852548998,0.166706018574647,-0.267713538028372,0.397160561899128,-0.19129081546855,0.333466998367033,-0.137934783572011,-0.0501999339324877,0.0208205996299906,0.532512993978075,0.37701100018226,-0.095792195243336,-0.01711978303399
-0.114407876607042,0.686288544997862,0.0733221200424467,0.722208490480375,0,0.201367350135552,-0.145832904703726,0.0792591678891245,0.147798965641093,-0.466270319673292,0.0596528795636513,0.231293658870715,0.193432734027943,0.528979648010129,0.450471566968176,0.232755569879911,0.190391715401784,0.258851781863487,0.360427217254838,0.29895960481481,0.416261657930571,0.230566783570296,0.562918546160283,-0.111351071980857,-0.41394120012421,0.1377324792176,0.45249569416016,0.297056251630356,0.30346656742796,0.51219197015161,-0.289927043982763,0.497870652641073,0.442857677061129,0.129688401578704,0.337368592565151,0.292189792110759,0.256270457766314,-0.160205978791299,0.0562948894919571,-0.270903503958015,-0.229545637562103,-0.21160915208668,0.155448572826242,0.131624890321586,-0.0577056562168802,0.468370099381336,0.550451190418918,0.50404848398011,-0.112812909413413,0.0116772162376041,0.47377357142295,0.624082672120263,0.634425221597584,0.776221109301765,0.313441216677593,-0.142286800567541,0.2641050893521,0.240403610414255,-0.352102074401062,0.00131629181779968,0.0220823079907535,0.0965449461004806,0.353414143492699,0.182814450228136,0.428035776153892,0.382625487253164,-0.14198127526853,0.240235329102444,0.184120976671551,0.134161421535104,0.224805422825426,0.133607486711147,0.467282280324398,-0.188579931706206,0.101872168839582,-0.0916189869815629,0.288395040508081,0.50751973295396,-0.219950199377499,0.492033626251658,-0.031707671439699,-0.045035060255969,1.83168023871867e-05,0.225911725846066,0.392135045202193,0.34639884045008,0.276173510453837,0.349257386036476,0.1936024808229,-0.354217784472631,0.323560692308763,-0.254090881805871,0.142572993305619,-0.1756628769927,-0.0973268294138009,0.0594541526295229,0.527712714609497,0.357918244758967,-0.00288236350146145,-0.0312280450989449
0.334386062610849,0.29333211031094,0.734241941213861,-0.0708417796698604,0.201367350135552,0,0.562642647967218,0.638457068652294,0.777917429695693,0.0916318757554994,0.206827167348638,0.163475677926256,0.325263488492225,0.108473497363213,0.0332548711459147,-0.0282993805576295,0.214459650833396,0.108264246326354,0.106511098172092,0.0497156166095726,0.15581113775646,-0.0323415383096159,-0.0364517749014232,0.0189928094663411,0.178677054505815,0.156075691399131,0.0211600352516072,-0.0368667234508157,0.213783828123681,-0.144284991627047,-0.0952167707541472,-0.170046801975505,-0.274176089027958,0.0121573271593071,0.101948679162006,0.491841793023334,0.0771147086091499,0.0688157564222285,-0.239638395246552,-0.00455696848295021,0.0546465058857417,0.132219353769045,0.104881418209801,0.258932469803787,0.209037653606227,-0.0998180609857402,0.014288998155479,-0.0989679804318738,0.617090307012058,0.318572086799245,-0.0707238871714184,0.45401362552457,0.0942321027458079,-0.0220147503262498,0.808885579871489,0.759036620273393,0.438142225543678,0.661920888881847,0.11945504846059,0.195940148089674,0.111597542544443,0.325785292058044,0.173881191573618,0.262677285227176,0.130208176899735,0.02819732616548,0.279286584867827,0.272697690522663,-0.0227233175472325,0.073604888160208,0.127793176513265,0.0490395214608873,-0.0036612819974777,0.109457364133727,0.121634691036024,0.248729780258668,0.251964732882311,-0.0593216171209754,-0.108884802106131,-0.155078714692816,-0.0632165866885574,-0.0421611653669363,0.203547917959248,0.0880946200979889,0.122443795841824,-0.135996918158662,0.0964533657141269,-0.054921237421421,0.367438485921056,-0.013480727899549,-0.179668296809825,0.0799925524804004,-0.157808202999596,0.164091631531487,0.055092134057888,0.242802029374542,-0.0357575863576362,-0.0879368172588388,0.607610922733815,0.326443035776634
0.331900983221955,0.103500965360023,0.52516675793074,-0.12863363825249,-0.145832904703726,0.562642647967218,0,0.713435441476272,0.55076031403584,0.360421561754464,0.133856859595548,0.026058649861812,0.214731106231078,-0.133847041075511,-0.226922832895516,0.0361845034003097,0.0377364005607013,0.202052402708983,-0.10409442078296,0.000773191442561662,-0.042534626769064,-0.0398931901850773,-0.257377939541898,0.0621389063373978,0.345597756106717,0.0200291358229235,-0.0695845978948477,-0.109616981516739,0.0621993276521221,-0.322741124345887,0.0214604928939362,-0.309165156882041,-0.395976295892117,0.0337462182303492,0.0499879309625545,0.431397337566182,0.028521384809456,0.170148931220711,-0.0615097035272163,0.429160061988377,0.321790314511281,0.218160314827062,0.0057016243050887,0.102841302604976,0.274658006599959,-0.201471720829241,-0.0919079502342506,-0.177432445227652,0.722906980588273,0.397041087029481,-0.201966797212254,0.245626998157388,0.0791053682671674,-0.161694431377363,0.456698651440808,0.63089637714597,0.517014855724511,0.459737962810171,0.268490178646263,0.17163059230437,0.0889870253386184,0.220202174980859,0.0437828815310857,0.00048764019788629,-0.101810428767991,-0.265519809512653,0.637699784004838,0.0696604518763729,0.0192120451200909,0.161949401056789,-0.0196314391325386,0.0475398802062176,-0.139424885324333,0.465328024522746,0.0129748156566257,0.282854841198505,0.123724207380521,-0.250444692771631,-0.0375762045331609,-0.281503488639529,-0.00594797005190648,0.117805971549633,0.238131415065577,0.0414244499836045,0.00431553144917594,-0.0708501550460525,0.0810158776161024,-0.16162556024654,0.336576634015534,0.254166786418778,-0.287620613744386,0.147740767599517,-0.0162623996941199,0.232517084903496,0.128060419837919,0.17923589455629,-0.165182878613508,-0.141187442829936,0.626938797332619,0.442174965400903
0.287761118801204,0.377351715736832,0.679112487485706,-0.0699908564790654,0.0792591678891245,0.638457068652294,0.713435441476272,0,0.748642180799385,0.230675003763821,0.204647567195146,0.0955677773604068,0.290232113961123,0.0427430406328822,-0.0344313386324113,0.0365622755082748,0.203686607016715,0.386218187959501,0.10150993160504,0.124140195943982,0.178771201705797,-0.00740809142395391,-0.0878858325417767,0.0151046467102763,0.18219066664754,0.0724124405926302,-0.0199519380435293,-0.072214635237795,0.227464096998007,-0.192972483474494,-0.0619020389227492,-0.333809280448162,-0.440822703406909,0.1610035943129,0.0861885296812052,0.514921082561247,0.0802366654141737,0.0181228963527274,-0.197127391006741,0.166918503837983,0.213772830149066,0.16424601143514,0.0280239316663245,0.126581152968783,0.254049697528362,-0.137785184262186,-0.0362413082511257,-0.060058552523819,0.633056844059467,0.347925183690602,-0.205369343525874,0.485858622969612,0.0367718698002941,-0.0592640728957872,0.673211371127321,0.659769689880115,0.705934468657994,0.756257471544229,0.0992441160956458,0.2469923296106,0.136426299986445,0.25051059992947,0.118328532290551,0.212622026867018,0.0980355077057219,-0.0625736673378473,0.34465408755863,0.243662238109717,0.0535707374721077,0.346067920875638,0.207829341712944,0.0952423809008153,-0.0321193724512205,0.221454335418883,0.0257597722808531,0.209606549896859,0.278207971419959,-0.125957301903065,-0.134552756424169,-0.325476107428689,-0.079327601881209,0.102826371319805,0.232170632243531,0.0670588301643786,0.10446541717326,-0.109260155014923,0.134066494305825,-0.0705468354490058,0.405961156183518,0.144630826996939,-0.326119842015724,0.0270520524494931,-0.168007431274821,0.15482977353767,0.0344341332717723,0.168472332248395,-0.0785591449736715,-0.0583588970092712,0.607101843777789,0.336648119344368
0.25130273595826,0.296879401323957,0.699260517352892,-0.137126813009294,0.147798965641093,0.777917429695693,0.55076031403584,0.748642180799385,0,0.107717792148771,0.221114820068267,0.142572534701192,0.304105934783238,0.124167395724472,0.0697212326178273,-0.0682361559821429,0.147206435335824,0.183830381444394,0.113677573314803,0.164542157431348,0.224890534044934,-0.0616440953798755,-0.01794760763208,0.0124591758673707,0.112688469594465,0.0949647888794128,0.0501364536315531,-0.0578134529737972,0.227064367709898,-0.110611251552382,-0.115546080461516,-0.27297330922324,-0.361189143938535,0.00105284985637069,0.0101915926719529,0.570800048007069,0.00187055887262849,-0.00629540305767327,-0.20874415744698,0.0637358854159772,0.123218193782377,0.113860476575012,0.0285787555007466,0.155556486887439,0.160669066115299,-0.0615541979913499,0.0165395296160253,-0.0452007803917171,0.60622934188321,0.332214422724661,-0.110402001862693,0.442174110536884,0.0799458637272808,-0.048189308265439,0.72653570246967,0.751334079548269,0.492464988867593,0.8706765907961,0.101256258074679,0.245507313906886,0.110834070850172,0.323416931884923,0.156083354885083,0.284660810368153,0.170882383064832,0.0782081373051147,0.273900229831612,0.23432026030269,-0.10147883645614,0.138618445783935,0.245603358343944,0.0211889698262761,0.0180430581567764,0.177354465889177,0.096894866790471,0.164544926626756,0.285566596228013,-0.0266991004888821,-0.16208673849614,-0.243763426302031,-0.0875263492136094,-0.00163212045694464,0.122548328373868,-0.0357570664668233,0.12536568889956,-0.152531554875399,0.0340077802393662,-0.0748063142884127,0.456224432716068,0.0794946078948064,-0.249813496354578,0.0304106373219197,-0.148994326812117,0.150506771663048,0.0106386959305718,0.146794251948157,-0.0127711138336203,-0.0210800428934495,0.617366317660664,0.327789065785589
0.0376311783224333,-0.298556098176955,0.0592404537930763,-0.35837857496977,-0.466270319673292,0.0916318757554994,0.360421561754464,0.230675003763821,0.107717792148771,0,0.375935868024694,0.0910249039559457,0.107566572482114,-0.278671768765681,-0.266653734472229,-0.236640744322778,-0.00205791935334026,-0.00617138547789006,-0.247817412776085,-0.219136668105076,-0.183644279724732,0.067259018316303,-0.329947992853617,0.315490538748586,0.690898121865319,0.119299751699576,-0.298363403529517,-0.223990144733242,-0.0583388372470343,-0.29353066691644,0.221792181686771,-0.408001185979047,-0.395450385611631,0.0280181103486996,-0.0239597762272144,-0.0362395358721336,-0.0553855563696906,0.190131861229974,0.142365948040847,0.601916405786251,0.475651817401391,0.566596565985255,0.168453611882713,0.0895418165639501,0.388013944535714,-0.33748976971158,-0.299449698123874,-0.331016262417302,0.307276390163211,0.314639043091305,-0.464470205568782,-0.282119774147253,-0.379348665485402,-0.442939584609145,0.0522465907620375,0.30590475218399,-0.062991238424421,0.0694162888045916,0.747149027920616,0.425804531256011,0.407271098514283,0.123552045889251,-0.137250998318307,-0.0581178986518829,-0.275621223709318,-0.239305289203099,0.348422002611133,-0.0657765379763886,-0.0951702600164848,-0.0508029575042929,-0.203279400726559,0.134964054253659,-0.275258800403719,0.43986492984622,0.188856015524191,0.450019219592833,-0.0329842887075638,-0.326887264839896,0.124318658371186,-0.390469089939633,-0.0176891578864034,0.117311705905029,0.355474041407497,-0.0404301282566072,-0.183336838726483,-0.295801611867813,-0.101963528432334,-0.257167717283179,0.0320780032723034,0.603948011308449,-0.294276892330963,0.243049829394633,0.125539409034974,0.462345900963239,0.4837000443555,0.25018801960711,-0.315460992060759,-0.263920937148913,0.22121079312692,0.355348868022999
-0.248891362812484,-0.00944182337274876,0.117210950542552,0.0035344846584382,0.0596528795636513,0.206827167348638,0.133856859595548,0.204647567195146,0.221114820068267,0.375935868024694,0,0.808920665281927,0.598135508859343,0.37405825442815,0.420684600669814,-0.364539593633332,0.420719941889676,0.335383055320349,0.283233013424136,0.324746219922642,0.421934489604726,0.431310408676057,0.266160495024514,0.619675003699976,0.273333426486931,0.642490455337752,0.224118451494606,0.276239121724724,0.528156570066427,0.274932314549741,-0.362306133496959,-0.330896589032521,-0.335901932580086,0.401239850876627,0.40398748192064,0.36929225946754,0.425702841107575,-0.158248097529628,0.0603460092460783,0.329823157487455,0.401360392876569,0.457575677317635,0.466543447503551,0.375464512146902,0.330660693711302,0.161751506933873,0.197154730119064,0.175658287784386,0.260609424573636,0.525498714433542,-0.330343972198022,-0.0216296082377286,-0.136573190193935,0.0633458112364202,0.214631266724183,0.058079169482563,-0.0867324273943427,0.223451850300392,0.393081306646594,0.791764440242769,0.761703813608012,0.578263377725341,0.426041628126736,0.522967339943911,0.35686340284669,0.428767587995015,-0.0414272976557563,0.494947198427148,0.342924360980828,0.189536818205395,0.306734162922051,0.498015494152236,0.24616251819326,0.187139757656278,0.708851881465303,0.643555821565256,0.477953744802823,0.28025855131214,-0.404831618238937,-0.286751826171719,0.254483223032431,0.295329515661736,0.377522232217703,0.290889884341423,0.29058271281265,0.00644044075057356,0.37495895517336,0.249345582833406,0.437977405268855,0.379114699724222,-0.267706091141209,-0.0790573321115346,0.10896933219384,0.263794563611117,0.474819582570432,0.43160875310296,0.188674645405639,0.155113186730609,0.303804070378129,0.509329585211335
-0.303577445424614,0.0911743077129586,0.0876729166583864,0.16372119551914,0.231293658870715,0.163475677926256,0.026058649861812,0.0955677773604068,0.142572534701192,0.0910249039559457,0.808920665281927,0,0.613029213925444,0.52177279557832,0.512291643221713,-0.33378356994815,0.500036412679031,0.343415472519607,0.413863784950618,0.420151527594747,0.51941686084797,0.478933792429699,0.445199007434865,0.645274715239427,0.0569318607868592,0.715086311582538,0.399579347306374,0.386558972224016,0.5562456287926,0.440539659518932,-0.556898440232023,-0.168441844588591,-0.219103031951243,0.444947788623359,0.482836961686719,0.417149282197104,0.516299019533201,-0.207879865866505,0.0651071865300299,0.224904651991043,0.329395664913703,0.332063706592966,0.545686743345111,0.419284877132872,0.216922428591244,0.34530584243219,0.417723429526739,0.3446211261459,0.154808646747081,0.494625806365729,-0.206249304327503,0.057273697887893,0.0308835195725434,0.256047333777851,0.133678788295123,-0.105748440877505,-0.113624166985344,0.164634915244666,0.153822479579544,0.724637689610136,0.743870931239655,0.587147089907345,0.520356175337181,0.473677933159486,0.493076264088652,0.492524021528846,-0.158996180227863,0.57752925481486,0.417161144585809,0.235051551443609,0.350612658930339,0.525243211022202,0.413704037162971,0.125451272888628,0.751630981146119,0.628447972325132,0.49428007757102,0.448300833067795,-0.557419111614419,-0.127168847557258,0.314115333320512,0.342490328395033,0.328293152936366,0.36601794737469,0.384351744011188,0.16100132916496,0.443080074622269,0.352715572377023,0.49091659038136,0.255046953755043,-0.168481222915607,-0.109041178659679,0.188333795719929,0.120014428036968,0.412786029780759,0.405772133631927,0.374186188895363,0.293469299710446,0.232786322066465,0.47927433367183
-0.108679072023827,0.167882413294468,0.303519364665273,0.14765832231794,0.193432734027943,0.325263488492225,0.214731106231078,0.290232113961123,0.304105934783238,0.107566572482114,0.598135508859343,0.613029213925444,0,0.5247594190721,0.521253774718252,-0.20875142711352,0.609629612204475,0.389639128741111,0.455863428256755,0.43907384389195,0.551653253113036,0.602072750506123,0.417359845468055,0.41343353753154,0.0500019332775583,0.53076161881712,0.415987317912984,0.435787030130771,0.615863357329158,0.430136481353336,-0.39150674541581,-0.201352069412559,-0.256523612356684,0.500390603689822,0.593237007565652,0.37277568614451,0.443237491311247,-0.0594598833566972,0.121937094436572,0.24612295062761,0.23980290066354,0.223392146411065,0.423569195147628,0.401751701226999,0.296649309720039,0.349454668784074,0.43022464609434,0.356947607548657,0.191340769249164,0.408571171433252,-0.200389822844031,0.230229252448537,0.112596039731632,0.2119302756206,0.324663501649633,0.146463892220668,0.0867083568770655,0.31798676023122,0.198844966692642,0.496622524391893,0.537664593121425,0.849390027407839,0.70962889412072,0.540846432308782,0.422905453549446,0.470355291298183,-0.0042009167538725,0.575711501036195,0.425448323033541,0.288947304612595,0.387269597585805,0.581137790545978,0.371430018649075,0.116442845463268,0.506375546106155,0.440135386930128,0.607360936851262,0.410221179252419,-0.440124949481015,-0.133087474649331,0.277317279435221,0.331647381282297,0.295763607408993,0.480462033296536,0.429121425458464,0.257565145006199,0.446371658393522,0.328574646477456,0.492839817848633,0.121566906978075,-0.193737020791691,-0.0259273558740356,0.214404967531276,0.135918850645041,0.25335575862269,0.399617659280225,0.383458299118918,0.335889899074211,0.267352449060289,0.344913493499001
-0.353859085668906,0.238866384827283,-0.0249015413794481,0.449649467224261,0.528979648010129,0.108473497363213,-0.133847041075511,0.0427430406328822,0.124167395724472,-0.278671768765681,0.37405825442815,0.52177279557832,0.5247594190721,0,0.862499917260507,-0.152995631045121,0.46708764716917,0.400147806979334,0.686032952927497,0.530849850457449,0.783433085176737,0.466707225987307,0.84812815186148,0.113611320050616,-0.232552916038005,0.368808110330002,0.757158188031272,0.653803805041708,0.63211248471887,0.771549433633029,-0.548381217324087,0.12094748899525,0.0670131282628522,0.34645733452881,0.496601471326403,0.379220838091317,0.456355086994869,-0.300777306181256,0.0151423442225802,-0.0944402000899646,-0.129997422007346,0.000392249060362278,0.244797601825046,0.300440546655173,-0.0369145944530509,0.735273266538976,0.796491589962931,0.736394480433462,-0.0578582368401839,0.128821141976852,0.0773054882406978,0.232639405881867,0.346162225701344,0.56655755580556,0.133718616044733,-0.184723244187827,0.0817778491453249,0.18510606280508,-0.143059077574188,0.331024545137109,0.379900305969275,0.372898299007875,0.723616026636207,0.59556037416763,0.792022020856846,0.820027490524326,-0.18486043948387,0.552404197463714,0.400657268161328,0.267448404251545,0.627579637504729,0.405305646812545,0.797895465476915,-0.122523715762627,0.454037988486601,0.220079124970986,0.628148577096433,0.809829936269205,-0.505391004120099,0.139784879093711,0.164347159035594,0.080753583031034,0.014548383751383,0.358427064260147,0.683761155729096,0.56890118303225,0.432506941750509,0.570432398219154,0.366782047600448,-0.185629302788018,0.0146134084461956,-0.264732652165114,0.148378491684781,-0.0308612228851085,0.0592967341281812,0.199008565297603,0.765695006753441,0.711554859373079,0.0744410606178083,0.0558854665159367
-0.388029183409899,0.169724670417181,-0.0723477675508641,0.363524165451482,0.450471566968176,0.0332548711459147,-0.226922832895516,-0.0344313386324113,0.0697212326178273,-0.266653734472229,0.420684600669814,0.512291643221713,0.521253774718252,0.862499917260507,0,-0.181929674052271,0.415173602863171,0.314319613279018,0.597790291220722,0.541260037472986,0.797752731448728,0.41820180452417,0.820650328672862,0.149679757402294,-0.250594120810801,0.382322004700113,0.749571184264598,0.718524041123515,0.6688707870425,0.790812346326355,-0.510475682465651,0.0538034151384426,0.0364307495427344,0.328093212604075,0.432208874952665,0.307772612733413,0.417944564370296,-0.344991630623504,-0.00562206822313462,-0.130604893310793,-0.152052370712275,0.0171358854504345,0.238041819574686,0.306417499449233,-0.00678002317541962,0.754747342617236,0.699791108945386,0.732301305737895,-0.112175558131759,0.107295924890071,0.0457008002926846,0.151541805311543,0.238645967269091,0.492125550700973,0.0844050253631397,-0.244043062796295,-0.0524788392330214,0.127910369786059,-0.132952381939206,0.340956047015483,0.398356474205752,0.433715007169147,0.65575061103532,0.650449085913119,0.773645853698982,0.909184528124139,-0.288390959747959,0.509295325876648,0.344154844267519,0.186118881669269,0.670881874358599,0.353931624549435,0.747547476592935,-0.156062731287646,0.484679211869127,0.185107391634656,0.655849789805142,0.830935372185639,-0.495057399983873,0.0903942371170134,0.176751230548361,0.0503704600039583,0.0183647613306242,0.329298115458512,0.699360829676539,0.46964883854415,0.375605841086563,0.625734258268684,0.332912351975307,-0.17376996501031,0.0194193634556512,-0.287123421638922,0.0938159999657202,-0.00557050991684737,0.0354051990375346,0.242877679688042,0.769273753440007,0.722394620887718,0.0226507261490918,0.040897854524733
0.326776308519322,0.394219573309331,0.0397014538036075,0.377295567626655,0.232755569879911,-0.0282993805576295,0.0361845034003097,0.0365622755082748,-0.0682361559821429,-0.236640744322778,-0.364539593633332,-0.33378356994815,-0.20875142711352,-0.152995631045121,-0.181929674052271,0,-0.113602820495953,0.0927806460316922,-0.0459898821392212,-0.168170399616065,-0.173340518809256,-0.0987513081085449,-0.0154408818240625,-0.303988665154652,-0.230417837811312,-0.358411518511681,-0.0732162624380382,-0.147081830828252,-0.23632107645327,-0.0423501243465309,0.192449248609052,0.573911776686955,0.523038029183978,-0.102498226402471,-0.137697290845608,-0.148130920043397,-0.306255473711863,0.260292385867543,0.16708624235389,-0.20111583859284,-0.215480275429209,-0.410290314603711,-0.268056116066608,-0.28799689920462,-0.238880105244938,-0.0175479823743635,-0.0512029235720373,0.0239170730792672,-0.200830756359609,-0.217853500415545,0.644687347835865,0.384759602247989,0.467565745577542,0.272627079188756,-0.0427189325992301,-0.0382783223334543,0.317046763655031,-0.0184225814232216,-0.288072367569876,-0.389837524146894,-0.374958778466908,-0.21743513150923,-0.163934555151329,-0.2714202430893,-0.150179870041047,-0.242077635663364,0.0995648426530648,-0.130184978042046,-0.114834538372475,0.0778561032706027,-0.206399619300656,-0.13437431881902,-0.0672943029448635,-0.17787662226462,-0.322777720712523,-0.384315175328196,-0.197879735923129,-0.050541052402643,0.264633316769155,0.539515811746598,-0.142635831890796,-0.192327505157957,-0.283947342415015,-0.144034316383785,-0.134357566631154,-0.0510033673147089,-0.221053559391972,-0.0433590836124993,-0.223871706112952,-0.291276060306117,0.43111215277887,-0.0464996549210657,0.016381196566227,-0.299976740617599,-0.34114009208584,-0.275423888905877,-0.0208034921696993,-0.088771139485669,-0.155062565521842,-0.214143008088899
-0.155349036502428,0.0936455841413571,0.143796372071132,0.0847553100115943,0.190391715401784,0.214459650833396,0.0377364005607013,0.203686607016715,0.147206435335824,-0.00205791935334026,0.420719941889676,0.500036412679031,0.609629612204475,0.46708764716917,0.415173602863171,-0.113602820495953,0,0.478334654432438,0.6727854540778,0.369593201153422,0.546452973097206,0.54663430284086,0.440624749542974,0.469396926939305,0.0299787396152408,0.477580636752379,0.304689914466903,0.353993827777019,0.604694336377726,0.339441576109072,-0.31887303053669,-0.165046990418601,-0.171522587449246,0.698995020247351,0.520490820147218,0.249333833015607,0.419655254777686,-0.234422259850678,-0.0994869803602877,0.00638874400465998,0.14101461530866,0.111204795671551,0.33773612966327,0.317568432322111,0.187462550595735,0.255048326171859,0.301197498793125,0.304255492346222,0.0815568653692507,0.282818503829518,-0.16470674782106,0.122249711920141,0.0488816432155321,0.181721124750345,0.224487961138618,0.0121945141132685,0.116987968233025,0.173882460203097,0.0491089106907857,0.303047878779806,0.389336343015815,0.457166487000496,0.44783070372937,0.492001329272404,0.491894577612211,0.373726708797523,-0.230369334667525,0.813806847914077,0.567342884351479,0.432461842227819,0.45714149869788,0.669122815454444,0.420263365522022,-0.155832088627543,0.557221223975465,0.357963287703136,0.549074967633756,0.338981881556079,-0.334187551644246,-0.104624690625296,0.340488159833962,0.184639931089666,0.288700176770521,0.516127009534212,0.377297643096286,0.146371859337822,0.455685793296444,0.263667877766807,0.307034716193883,-0.0158757432348397,-0.158500779581114,-0.155669764850356,-0.0173743463669177,-0.0317150939484838,0.141461650456212,0.312747994390983,0.296294569611925,0.282353789285297,0.130127009151071,0.213420645400678
-0.239800789813367,0.329767678330745,0.0542008705476983,0.356413748341258,0.258851781863487,0.108264246326354,0.202052402708983,0.386218187959501,0.183830381444394,-0.00617138547789006,0.335383055320349,0.343415472519607,0.389639128741111,0.400147806979334,0.314319613279018,0.0927806460316922,0.478334654432438,0,0.545521746855422,0.54583346798581,0.458643024505248,0.474139844578929,0.353750843925379,0.239671150917748,-0.110655083691547,0.207495952223201,0.339568331432134,0.323887973854752,0.463097750203374,0.239761513612761,-0.351618684593153,-0.162021955285876,-0.100657915325207,0.698226350311536,0.475593779584155,0.419011200652703,0.408220685050459,-0.27133966524175,0.0568072921648606,0.20269690393741,0.265788591724262,0.10166584574801,0.176800355411857,0.17218324338265,0.143459481268563,0.259313735472065,0.317915480558025,0.363100019242205,0.147552019285553,0.347525205391162,-0.0525460032798687,0.295599694291177,0.211304438631001,0.322197034804584,0.153398717917548,-0.0258670653793125,0.411530729231081,0.284186280243419,-0.117507191732183,0.292581752706769,0.266182259787334,0.224648788334217,0.415239678316991,0.292629927289376,0.392038489778633,0.23865896835778,0.05159277833949,0.513365199096863,0.655464228779665,0.851072038158186,0.469827932967246,0.526758267341199,0.357457565871117,0.0576556649239875,0.272011756345657,0.191644883896076,0.48007474745715,0.282189700098633,-0.376057735839097,-0.146020274948056,0.246015867493568,0.428166091383614,0.133978087741233,0.412906827188636,0.348196695717451,0.323718144539582,0.471586835642179,0.349333353385641,0.495405831467572,0.0843482436908507,-0.155101896947475,-0.252011328776509,-0.0477279096796981,-0.0355466195651849,0.10542016078927,0.151284231122744,0.28093543966114,0.276596407331087,0.242312737143492,0.312112654349104
-0.270131439424462,0.159813174574738,-0.00337320065144645,0.251871071744724,0.360427217254838,0.106511098172092,-0.10409442078296,0.10150993160504,0.113677573314803,-0.247817412776085,0.283233013424136,0.413863784950618,0.455863428256755,0.686032952927497,0.597790291220722,-0.0459898821392212,0.6727854540778,0.545521746855422,0,0.450046844292211,0.672005484774909,0.401226785753082,0.607735698426861,0.191637362043687,-0.202970126980295,0.259428261181528,0.477400579688032,0.491311338014957,0.636053007625043,0.483102633610457,-0.395079977959161,0.0252608173535117,0.0460278922650734,0.513065698011978,0.409488852962683,0.213974631958432,0.409838492298996,-0.346706466983581,-0.105705005857297,-0.147656005941457,-0.0951714318692169,-0.0775322902677252,0.156853633457298,0.228037042824959,0.00911177263610766,0.470114178082936,0.478645184359299,0.453862871563197,-0.0830799188816945,0.0822572567734878,0.0278786403547493,0.15649354878583,0.2279793953881,0.335183715025189,0.121082502758319,-0.15608474588491,0.111691659255248,0.149477333531224,-0.189230496669215,0.216108719902513,0.257530086634358,0.280089026203352,0.610779706973027,0.555050233257068,0.738991408570494,0.566658422428904,-0.310356927375789,0.71586542288481,0.534524927025001,0.477817501656051,0.587896580879805,0.476539145224105,0.579154140030358,-0.25381498095527,0.394722181093218,0.157061986259327,0.615755438789135,0.53977153351272,-0.344981019032407,0.0523108421088963,0.200503728265909,0.0831343826973495,0.040724411912261,0.386658257954726,0.498844214813258,0.406661361663766,0.428790157397343,0.447968509737093,0.249240862249581,-0.166108804644747,-0.0513012712703714,-0.282111671274602,-0.0333876202510519,-0.192201961055379,-0.00639324913980385,0.117687135027573,0.494363525421354,0.440911896822799,0.000690012818731327,0.0208234265930456
-0.351804780429733,0.240860854220827,-0.0223769278796464,0.315857045974597,0.29895960481481,0.0497156166095726,0.000773191442561662,0.124140195943982,0.164542157431348,-0.219136668105076,0.324746219922642,0.420151527594747,0.43907384389195,0.530849850457449,0.541260037472986,-0.168170399616065,0.369593201153422,0.54583346798581,0.450046844292211,0,0.627976739941103,0.394900112612095,0.462060072917931,0.183413557093507,-0.322890500227034,0.193617194456062,0.551338094728946,0.456272343926666,0.62520553693671,0.359090031119116,-0.463153101391794,-0.194830436181939,-0.143135181089315,0.53361568922753,0.528253529900956,0.48227891889312,0.567030796882663,-0.328360280838688,-0.00302871406545761,0.0644936554753206,0.178822091764751,0.00105156158836116,0.167382608092404,0.303952479617831,0.190770505704073,0.44903912187465,0.493859178883858,0.519509758740002,0.0145616568833737,0.389478409840158,-0.0618687639535739,0.209376061552116,0.231207290644705,0.42494283934609,0.0309083540714194,-0.170444290605438,0.0757835801218581,0.173990318712786,-0.220395760981857,0.250208810994342,0.248046672896107,0.336886027980547,0.452498356958154,0.372892466446564,0.52569593554686,0.472889740466302,-0.111883780799606,0.424845180479966,0.571966168077165,0.556346200600337,0.669020746437407,0.363529571084345,0.417918471630878,0.0349196390228356,0.329292245185412,0.0459629346809307,0.631269160739158,0.448744416553895,-0.475369583682198,-0.138578599804234,0.382431382984139,0.509709017873033,0.170443837427041,0.413479211955636,0.540563443481298,0.456589970303212,0.579330929596766,0.480205160150832,0.649387529721005,0.0331537127550694,-0.142199672476708,-0.249256317464685,0.0477967364108458,-0.00834506221714226,0.0089659786326381,0.289494802101526,0.478939576586848,0.493676644986813,0.119819795626728,0.283759518160302
-0.292500542558226,0.233329242939554,0.0737685484707681,0.269731708269673,0.416261657930571,0.15581113775646,-0.042534626769064,0.178771201705797,0.224890534044934,-0.183644279724732,0.421934489604726,0.51941686084797,0.551653253113036,0.783433085176737,0.797752731448728,-0.173340518809256,0.546452973097206,0.458643024505248,0.672005484774909,0.627976739941103,0,0.451281512840965,0.714068818467354,0.235687279533835,-0.165875698913885,0.426732760124102,0.69353784585451,0.608023800886921,0.776305667105048,0.590561263043736,-0.567231359706758,-0.0960724175081652,-0.132507584208123,0.466494841893356,0.462294327196312,0.418853219452195,0.449772469352135,-0.365078405001556,-0.0985520899639465,-0.0466675249703605,-0.0655214038331127,0.0865919015073902,0.256535988536432,0.324769377857752,0.105251179977666,0.601131585603706,0.63135595812136,0.594870092014258,0.0269043774227307,0.213674397164023,-0.0740267023767558,0.198142340230768,0.202060597823574,0.38851241855983,0.198077609078819,-0.0976512932258087,0.0811803076322359,0.259713932103372,-0.127469587495123,0.368892769258963,0.391938182161149,0.40692758544256,0.599955656737323,0.603278063890559,0.787554802833592,0.738940272976145,-0.216838020081129,0.608002181193225,0.449714114688927,0.381952555644473,0.812208422209537,0.411149280110114,0.686613135501313,-0.059299003046527,0.517169783527631,0.275739995581769,0.784520757974503,0.651821596655335,-0.569074181496323,-0.03565316230974,0.18141994868228,0.129883874000688,0.123795536517912,0.336045566560559,0.710004783145521,0.418693111227001,0.423791455799805,0.490952706884869,0.429610826069971,-0.0758928354367984,-0.15183228812331,-0.296417277725262,0.0197613011887147,0.00884565822342034,0.0883952509847796,0.278782526919907,0.648261317623131,0.626715324532597,0.134476945787868,0.167818879471008
