0,-0.177311471648196,0.362932258651367,-0.242885588559787,-0.0610404886570129,0.0931394103778552,0.0732961056579453,-0.155525521690331,-0.0313511559291204,0.231960960275777,0.0996351110935463,0.136013789280504,-0.0425580917228187,-0.211368526398078,-0.265352257768607,-0.117900700846999,0.0155269399705908,0.0953641976936201,-0.159018737784356,0.18369935159644,-0.209473954594779,-0.0735653545504555,-0.232966451792959,-0.043138730546081,0.120687297937965,-0.0615863242895815,-0.246587905941536,-0.226475595676458,-0.180651002967775,-0.309765330018433,0.153249462503215,0.167856860999374,-0.178980637695379,0.0273347457793012,-0.114322784822891,0.091520269537615,0.0995133695814523,0.307002079067841,-0.0107314793796857,0.214224382464929,0.140627748255468,0.214823791292041,0.105411989347962,-0.108430614536782,0.0525332508604228,-0.291920874735124,-0.197017163200266,-0.131264891200322,0.365315378365327,0.17225056520814,0.492172330335583,0.140462535509689,-0.172347271444764,-0.202366316994421,0.0378179548299086,0.296128623515233,0.0630302139989504,0.0125180521073478,0.114082695345587,-0.0155310642546736,-0.019888730216485,-0.196471229734465,-0.296656485799246,-0.298067331381466,-0.264965073785154,-0.262296546420362,0.0744464940300159,-0.144724767591836,0.0186487898475606,0.130140930703666,-0.0138387166564688,-0.188343643800166,-0.0826442081284681,0.116977077031914,-0.109565355666061,-0.142021316016397,-0.177227032409671,-0.246711226334353,0.136015302609084,-0.0143045070888612,-0.210004919460637,-0.0685977581954158,0.170533752398604,-0.105167975802645,-0.2533914461666,-0.272756082036574,-0.098977781755098,-0.195135277649072,0.181330421852359,0.0770128122606611,-0.0285038529997043,0.247316981564152,-0.0881965136801689,0.141583939096667,0.0899958767432304,0.0296750139903159,-0.246644510001287,-0.0313296902029126,0.367533775325754,0.27026476584171
-0.177311471648196,0,0.445483036569714,0.695458945980191,0.639663484763623,0.255202492183207,-0.0795967174093097,0.324416801954759,0.38722111880535,-0.421067873402575,-0.246020076851597,-0.222591009235883,-0.0119197085575239,0.293320520627993,0.375825578354288,0.509514789521812,-0.171340467933156,0.0745262167573705,0.223873183150272,-0.106549585696728,0.266808601005583,-0.0191731808977183,0.265943812414206,-0.314596139934942,-0.387849317040446,-0.0706737013707855,0.244340222249891,0.188168765374967,0.168782609449969,0.267862241354312,-0.352847249070073,0.392552017241883,0.458330855916374,-0.215629763669826,-0.0479407141826181,0.0864952139720219,-0.227937874596179,-0.255605618016693,-0.1517448998656,-0.432505644373928,-0.234374499677715,-0.290758936853261,-0.356799779016352,0.0826145908710506,-0.276773659405389,0.336863312718585,0.208895037733007,0.310943127736691,-0.0828631667999128,-0.169277047870724,-0.0427437450348912,0.62857290336746,0.624715097075388,0.667635705763112,0.315107228340964,0.0840605259788887,0.350609948816771,0.27709884960777,-0.353506252786872,-0.0618343865230293,-0.148207406715396,0.0789516341668028,0.213698334616144,0.120479188015548,0.291745216315736,0.401890063350009,-0.0589272913287769,0.0866099820755327,-0.109771396857033,-0.028121208838604,-0.110731920369508,0.0641809712840334,0.265927235760514,-0.376199589812398,-0.182220948390567,-0.0461105064014146,0.25197864748494,0.30152133260249,-0.365858047370148,0.363559627499933,-0.074400944879383,-0.0343228014420731,-0.272514816912508,0.0591996056671396,0.20156679088651,0.0830525531236652,-0.0489018901692936,0.25645955623733,0.0601037313323531,-0.297871739940174,0.0918043031370392,-0.434722479351451,-0.219049185550844,-0.256231361850834,-0.322557169972196,0.0140364674662581,0.298433770485445,0.225129947954324,-0.0108051306404434,-0.153728671320597
0.362932258651367,0.445483036569714,0,0.199092973009656,0.268100261335895,0.419806972218859,0.224183898480154,0.377652401346427,0.41876675450933,-0.0132319884477359,-0.0670879577072122,0.0648812718953547,-0.0078451648427244,0.0909323961602545,0.136000897922571,0.0829638237377076,-0.159835181508415,0.0548033789575397,-0.00469343031815788,-0.0780453198244509,0.0493350291973698,-0.0541456363811118,0.0403116985963718,-0.185258343218143,-0.182473713809742,-0.0368876744985343,0.0751882068133239,0.0490880519360961,-0.0148931473009525,-0.0488729420112353,-0.163997444327911,0.167672876922183,-0.00546543140366485,-0.246637251347317,-0.109961514304534,0.156489613401029,-0.124851537111355,-0.0453331828577453,-0.0153543024360436,-0.0406034136073489,-0.0753777000218125,0.105704876645398,-0.1228159333961,-0.0162251634788339,-0.0887828526610013,0.126372037266345,0.0958690708273247,0.0907380517747346,0.220889405362527,-0.023578575257403,0.121042988012896,0.671764641511235,0.206742724711004,0.253821062840596,0.404100018496193,0.446076340674756,0.428652382561392,0.389885574620045,-0.0463077852193553,-0.0511057019919191,0.0091883370826902,-0.0475587724178763,0.0457878965332248,-0.0068843428458758,0.0387340434597711,0.130711254034561,0.0517021246420866,-0.0543203309476186,-0.202681103738612,-0.0633351588065644,-0.164372562163085,0.0154860276208157,0.160372503198241,-0.00211456581362195,-0.168043457326809,-0.0402881514657222,0.0924800138765751,0.164031048487932,-0.150346303816393,0.0497176390608486,-0.199038217019116,-0.174201092943895,-0.0706555034195948,-0.039996317009821,0.0590725452083802,-0.0212839860018674,-0.088330819510699,0.086351687473172,0.124507573119907,-0.0499084678454464,-0.0889638346463875,-0.0633636752992048,-0.0747313625531996,0.03143413102473,-0.118313495184537,0.00638909380254449,0.0778844943341516,0.130297873290709,0.248806367852218,0.0188269218088297
-0.242885588559787,0.695458945980191,0.199092973009656,0,0.682068500227967,-0.149102724066486,-0.228957571519198,0.148757877810943,0.185077943259803,-0.536622460913311,-0.314625461480612,-0.304333860575671,-0.156635992446116,0.323735371465768,0.468669007829844,0.583738814307489,-0.227677271214594,-0.222567696150676,0.166038302014318,-0.279999219441077,0.348558432673536,-0.14306627948643,0.309281008636126,-0.317502503803649,-0.473863180026028,-0.161552105713756,0.214671479232195,0.1338346058834,0.18345737517804,0.267015517272477,-0.222228629032132,0.409562707666476,0.620574999088977,-0.292639093270918,-0.188676046354678,0.018408594909758,-0.455440358941797,-0.31193024818247,-0.405732425151553,-0.583420571136359,-0.398002012296556,-0.502007207695723,-0.522431948339795,0.104885870330252,-0.371327278526113,0.308388722231684,0.186485550215084,0.285307391864015,-0.269900959129438,-0.309168324953783,-0.11969101308446,0.311129595280571,0.69484365344688,0.846122116010056,0.00534914549861044,-0.223631547725372,0.280453124685811,0.0997996756762393,-0.455573547130075,-0.150425701976264,-0.203218059703296,0.0457653724421268,0.290755694888053,0.196233643273628,0.351056799285312,0.490759654252737,-0.0195656280216871,-0.00516641547188881,-0.216519447563419,-0.2321879959976,-0.150795346865308,-0.0238553577681677,0.202464647393817,-0.499742361561391,-0.196922949012559,-0.108613638046401,0.319633376984624,0.291440564560275,-0.289562910850094,0.443399269382607,-0.0524836306154482,0.0266545161639977,-0.493996178564487,-0.125866464561964,0.154023417954054,0.0520897021003202,-0.126403900027363,0.204389299034442,-0.110330322016829,-0.412865085139819,0.137691352546033,-0.558756905321722,-0.381433263648964,-0.39942315068917,-0.466144818156246,0.0496418547735369,0.244496977266357,0.147418053798262,-0.237438484806772,-0.313073023148472
-0.0610404886570129,0.639663484763623,0.268100261335895,0.682068500227967,0,-0.113990318606169,-0.267173168915747,0.177228357975934,0.321586871011652,-0.324734324921113,-0.334103566003277,-0.294899541434801,-0.199959668083734,0.240838091386133,0.361509545041376,0.474730827440901,-0.315542946340824,-0.0249297362838539,0.0850499584496988,-0.0562175472554185,0.237200162627535,-0.237888839436911,0.170721477392814,-0.403438218523843,-0.374296037065663,-0.294457907168124,0.157589536478529,0.158814209239779,0.0949302493585949,0.164684231422163,-0.193556700248383,0.402342375725532,0.454256064065484,-0.245188630007928,-0.170263637598916,0.135309859850392,-0.241508128243041,-0.206549390296878,-0.310373088392335,-0.468495197602621,-0.293103448269876,-0.414448662753555,-0.44376272572552,0.0214809273547274,-0.202243533493709,0.259810472279329,0.115840165977683,0.257499215911204,-0.200367025921599,-0.220107935599442,-0.0210092461034801,0.267434095714504,0.595379541083117,0.669013882733387,0.0666402042627482,-0.255626964767412,0.327917013358153,0.186086434703311,-0.28355815165577,-0.280949610524809,-0.148492963298924,-0.0799637303350067,0.164738056499238,0.163825036053518,0.234432904381817,0.361141325410302,0.0421832416588417,-0.110796002852547,-0.16019700701125,0.00562972371189162,-0.0176925797695392,-0.103900163140838,0.168564636917042,-0.342560706881225,-0.246488849808771,-0.260860765050712,0.184379965131408,0.197974926964379,-0.221294971923967,0.330357516674084,-0.140363479975575,0.0947935241621838,-0.316386129331452,-0.106484094263785,0.175139235691151,0.128750451754571,-0.144897059280049,0.208482590154906,-0.0722901092684946,-0.388272057458149,0.159989075654529,-0.512063192104967,-0.345312130451656,-0.358277792592566,-0.365184772262407,0.0844410153638973,0.238552292806026,0.193528544619899,-0.167257573459697,-0.276708827491499
0.0931394103778552,0.255202492183207,0.419806972218859,-0.149102724066486,-0.113990318606169,0,0.416050074039228,0.535909182354394,0.548016206515019,0.10602091084596,0.024064239889348,0.0186078745466848,0.215389621367801,-0.0583984153240308,-0.148521546889793,-0.0385945886640499,0.11977443577312,0.321640549551106,0.0410781784013017,0.1547935028429,-0.103145703979621,0.207846729082382,-0.106423510933538,-0.0180972577005253,0.215226428029786,0.118609333323942,0.0399622340649016,0.0922558889614193,0.13091468024966,-0.0568299481582159,-0.0579766852303405,-0.0694253208115939,-0.196413137207806,0.0783798177442503,0.166997325874066,0.228327860179556,0.295744716895995,0.0623109007475448,0.36315311745665,0.202039447451679,0.191622277670843,0.258971669444883,0.119314206510325,0.0956108668474054,0.0390442617104014,-0.0465732441231203,-0.026248771859614,0.0149314310509849,0.480074598084992,0.234293900861903,0.0248596728892901,0.539622679605935,-0.176709733187603,-0.150222909904262,0.680950056071379,0.747765765580409,0.360472644572884,0.564656898727628,0.0621462896380955,0.0799062566210224,-0.0860846402781512,0.093076718594172,-0.0696584190548674,-0.148695868277675,-0.0829039432598768,-0.134455566809668,0.040198159999171,0.0972454283511257,0.0157119523550435,0.165207608584591,-0.0547806874845576,0.153250071889887,0.0859147359602365,0.145661545576161,-0.0633503005265492,0.0578677309920321,0.0243262839011812,0.0218960944894658,-0.0552866376289905,-0.130667279555884,-0.135831312032612,-0.114682017156087,0.170147106073515,0.173212635709654,0.0033689318877483,-0.0854767069823091,0.163687308623814,0.085110223037886,0.339349954412935,0.0864696145348445,-0.102838148132771,0.20808249613326,0.231136396968878,0.196903932721507,0.0516318466507274,0.0375858689253913,-0.043920709934466,0.0336685105919091,0.529223092210472,0.279776270425199
0.0732961056579453,-0.0795967174093097,0.224183898480154,-0.228957571519198,-0.267173168915747,0.416050074039228,0,0.38825470205088,0.169946107738493,0.316971035461246,0.233288246805357,0.278821029169231,0.180793101461641,-0.0859786738255012,-0.116673489564079,-0.0863491795425237,0.261325093535325,0.198167203554203,-0.00173490867539379,0.129057998278576,-0.0196587936720973,0.230183983770892,-0.113106377421196,0.381655329140084,0.289493938149964,0.251292186393837,-0.0626564031112589,-0.0697022141450488,0.21173345224294,-0.146002856203241,0.079454670764938,-0.307998554532883,-0.365903055653283,0.129806368293374,0.0819025434707857,0.0562003292557647,0.112209018794035,-0.018036337192472,0.214858765551869,0.425080540935361,0.118534838073121,0.27160269812892,0.164685504471178,-0.208434148613245,0.0569585397686361,-0.290149101590598,-0.175338400534401,-0.262673322941305,0.164938390791658,-0.0781610161396537,-0.0459671316295273,0.168655004477351,-0.230835785316103,-0.173727661295707,0.24459802727643,0.418320163682845,0.338484648097509,0.277594786478639,0.284987305596622,0.120639273454753,0.271125050627004,0.166267926228746,-0.0710066446244803,-0.122972779244489,-0.0755886157539626,-0.141756446340766,0.141141359887786,0.177303343765065,0.181428593822441,0.114160904412027,0.17389639953194,0.259823531191811,0.0148915153729982,0.421980363350343,0.332591439773798,0.342330359432079,0.138030317645208,0.0618009657783361,0.0951994772528525,-0.329528355077992,0.244059489718655,-0.115661224162799,0.152770077967074,0.158451005796631,-0.0515574012381859,-0.0938892946891911,0.176322536423227,-0.0390432995301196,0.153201501108266,0.311165926889447,-0.27108658121504,0.291763562756488,0.318878144937853,0.211512367203229,0.168173549859835,-0.157371273705266,-0.282774455520565,-0.218065508973276,0.185270351930236,0.0438948931915689
-0.155525521690331,0.324416801954759,0.377652401346427,0.148757877810943,0.177228357975934,0.535909182354394,0.38825470205088,0,0.73041799053343,-0.0229290094712568,-0.211367042168204,-0.102015854418229,-0.0830511794643285,-0.0285431382120983,-0.0147867261224109,0.17724022092163,-0.1407031647614,-0.00825494980111009,-0.15369164770893,0.00213335548398857,-0.0642295821436779,-0.0881811111347592,-0.0345596365599953,-0.106548007577977,-0.0831886367499177,-0.0610866380162998,0.00938646739713004,0.0231371589612313,0.114230248200713,-0.00831148853289576,-0.0139723943942918,-0.182518048670944,-0.0225967221507367,-0.127304709253089,-0.121490101885866,0.259551801039123,-0.00904269387125022,-0.169917769631684,-0.0279955925072955,-0.116574620711073,-0.0910232544589235,-0.0175270281415917,-0.13278533803689,0.0892546516717962,-0.0145865832908925,-0.0159171390187859,-0.0444867546423263,-0.0359123001042789,0.163955126446898,0.000772272041677582,-0.0767922738208149,0.43679718200893,0.00995204559565866,0.125141950946895,0.662231438641402,0.431415877471101,0.577363502963905,0.737244104791161,-0.0529955212027585,-0.209499051575776,-0.0453190096539524,-0.00515143509208774,0.0143361621460284,-0.0440289568136852,-0.0321328209334695,-0.0217218644951057,-0.0365703391423964,-0.0956079069243747,-0.125973951653889,-0.091231391213508,-0.0792925390392191,0.0374593796722652,0.0140894534264891,-0.0871379723416561,-0.0455025146366574,-0.0659487473500625,0.033859827926653,0.106633754468934,-0.0802490332713757,-0.159096252803325,-0.152278680811279,-0.135081483600247,-0.0711455057545115,-0.0861126094101958,-0.0105230694500046,-0.0214313414520049,-0.0515430259276405,0.0623569973548765,0.0380233951531471,-0.147408124464487,-0.0812642848150053,-0.149847458282789,-0.107479347926411,-0.0713113331281482,-0.124731071240434,0.0941608529402191,-0.0263275351750903,-0.0698178309365331,0.19080369077558,-0.110364455935278
-0.0313511559291204,0.38722111880535,0.41876675450933,0.185077943259803,0.321586871011652,0.548016206515019,0.169946107738493,0.73041799053343,0,-0.0483408243592604,-0.257146709227751,-0.190044813336524,-0.121714722696839,-0.0823737699775276,-0.0899837800291487,0.206013742365449,-0.258358636262117,0.0708461599961834,-0.186825207614385,0.167592921337968,-0.176376848392886,-0.16820941121258,-0.126476805954898,-0.31153397045433,-0.170426248467808,-0.191485937359163,-0.0540541952949774,-0.00265244021140274,-0.0361478861654422,-0.0991529975532742,-0.0759170922374866,-0.0473281877098805,0.0483222975409053,-0.0506017172531313,-0.095513198356022,0.514342027513536,0.103029300522808,-0.096125091107202,0.0911677405059067,-0.0930214179154641,0.0702546299678377,-0.0294843922574226,-0.126201587962009,0.116739726466885,0.0156017171359555,-0.0391077583599928,-0.0629773258399541,0.0232862419729813,0.368096876264166,0.21510598791788,0.0073904342048381,0.432487608105016,0.068657325276526,0.134082018390127,0.691714485018069,0.404003233093366,0.544586925819914,0.749227942041815,-0.0767105343626657,-0.222822894155923,-0.101467716636303,-0.0792278416018476,-0.0692320475850082,-0.109608628199677,-0.0842170082392697,-0.0993309371346878,0.144457859517231,-0.148154594374706,-0.112668849098228,0.0234144747018534,-0.116837079962984,-0.0951868462186618,0.00662444664561985,-0.109067357882206,-0.238401525957405,-0.240916184758068,-0.0904475047362726,-0.0100114940182193,-0.121204908085374,-0.0692080482257746,-0.346502375651841,-0.0328526645000124,-0.0150856394745686,-0.0998343058963525,-0.0584466654758927,-0.0170368083513621,-0.0410723613950868,0.0586500847333667,0.230388556546993,-0.192721247611439,0.0464613267331722,-0.217532630721743,-0.127073088767493,-0.0789137461794956,-0.11145042682329,0.143445543017661,-0.0634133035848067,0.0426698145767572,0.392662676556892,0.0798349736841089
0.231960960275777,-0.421067873402575,-0.0132319884477359,-0.536622460913311,-0.324734324921113,0.10602091084596,0.316971035461246,-0.0229290094712568,-0.0483408243592604,0,0.410150782904858,0.514627956542957,0.131193324877142,-0.190443397522892,-0.327203150981578,-0.388984691931659,0.166792351338202,0.198200362628523,-0.204348232615172,0.182361400156033,-0.234633293287183,0.088223967415472,-0.233788518256251,0.346217611364219,0.486716913230325,0.190770026487018,-0.168461789215181,-0.154309249939023,-0.106733520122774,-0.230806188743656,0.0867369521465545,-0.200471287429367,-0.453503319007362,0.0917579106275747,0.0686053901131972,-0.0014479702380838,0.392699348344677,0.255036503168257,0.296219284707963,0.623244107277551,0.326641993809333,0.592043332952068,0.491224670697348,-0.136647845384632,0.315078824754051,-0.2459168691838,-0.1668779879101,-0.204631659090386,0.242946193439153,0.242213293195464,0.0736829279827795,-0.132226686870574,-0.471897992533457,-0.510099483706891,0.0429831386553197,0.184140977457386,-0.112048451934464,-0.0771765926963732,0.774760873946261,0.160185608377545,0.369866309769,-0.0676015961561291,-0.266039507467106,-0.21499969731559,-0.24376420844435,-0.340086174934232,0.0583257415977901,-0.149054199704617,0.125768401305411,0.159895670401763,0.167891061348327,0.0154920341468488,-0.130363978747703,0.651715885773432,0.219697687030583,0.225844319401433,-0.175677737721598,-0.174691088968182,0.175781073703884,-0.324346145075452,-0.0816245769310324,-0.214270415216024,0.340243704388032,0.0279719349017496,-0.138845456238871,-0.164243887201529,0.0642502745818346,-0.172855681032531,0.0395692910261444,0.363850725478338,-0.306261552498301,0.445821241121155,0.342295710713627,0.518139047395091,0.411818170922432,-0.0508766477585195,-0.217122014448012,-0.185136266778289,0.234690908422741,0.246155199783478
0.0996351110935463,-0.246020076851597,-0.0670879577072122,-0.314625461480612,-0.334103566003277,0.024064239889348,0.233288246805357,-0.211367042168204,-0.257146709227751,0.410150782904858,0,0.741296255581892,0.468731263719225,0.100641037215017,-0.0734020205689791,-0.465176397641795,0.44422664110027,0.159987943218914,0.186421194015023,0.182079006636708,0.0243595974345159,0.449187602809291,0.0563552381107334,0.620036878929988,0.213796690462044,0.670556425942247,0.0942656100073825,0.0156661583122136,0.119027090203851,0.077599997923565,-0.247050183272281,-0.314280085040962,-0.520259127338065,0.354597058902535,0.365555690104325,-0.0267783384147833,0.36806450825976,-0.0840635411725223,0.208188480469447,0.404399171948481,0.398937643593074,0.438798752856343,0.588665766389703,-0.0440615107406391,0.266158900759117,-0.0123811663164613,0.0307511707692259,0.0540237691974742,0.212746633272802,0.282678650785782,-0.213496471627807,-0.0572054178631924,-0.329402519996966,-0.23966694840692,-0.224008093068915,0.0881843022979504,-0.277841947612343,-0.270011503115146,0.486946923878978,0.781955935601888,0.583859433699704,0.283082368473173,-0.00949833493426803,-0.0509946027635653,0.0706429208943915,-0.0798412153557609,-0.0153220198865739,0.299434889883634,0.293582877537278,0.102751622599253,0.172896628095506,0.238482718380551,0.0868770735050659,0.560508457057194,0.479335072397883,0.56081350539778,0.0492894850164653,-0.057863515754636,-0.153802651109217,-0.358401703834975,0.232159035232564,-0.105569195283382,0.408371555031623,0.294516527582066,0.0510581238164271,-0.137547196185575,0.399429244246199,0.0187954351147842,0.209688914989818,0.620517383877946,-0.331646735550365,0.311395746431155,0.36961460514284,0.417145459669732,0.516161584961608,-0.0694530713428558,-0.0667702148810451,-0.00668072214831474,0.172222287774126,0.430263657657738
0.136013789280504,-0.222591009235883,0.0648812718953547,-0.304333860575671,-0.294899541434801,0.0186078745466848,0.278821029169231,-0.102015854418229,-0.190044813336524,0.514627956542957,0.741296255581892,0,0.440373658288161,0.00814595947217072,-0.133821044976879,-0.463682386111538,0.451119181818327,0.129129819667877,0.0468330675303037,0.14953182029657,-0.0362727505133625,0.477589584038057,-0.00671335822578464,0.670336936545245,0.148300996897849,0.67496582913755,0.143774648226504,0.0485863556621091,0.10840590374401,0.0679563071171477,-0.247584965556981,-0.395078221819935,-0.541204075093069,0.296952518308789,0.335655123985215,0.00404415834629997,0.244066302297226,-0.220625441293096,0.0646612133843456,0.391287978336964,0.28267003450703,0.531480991689205,0.573077238462551,-0.154193562237788,0.326567779521189,-0.0901154031893621,-0.029747568836566,-0.094218764450914,0.16689047183043,0.166453107535041,-0.204843317391179,-0.00140778535781668,-0.313769423579941,-0.206066885916793,-0.162204602785446,0.112023894562651,-0.220843763586303,-0.189055222510004,0.57029949697412,0.613244201764029,0.756542561723624,0.286217899169384,-0.0140336727503927,-0.0978385855145463,0.0065574709743063,-0.161074050644147,-0.00956443928612623,0.288375158845226,0.341134275191712,0.0948538485496795,0.166549363446099,0.333937851138976,0.0645532980528635,0.588775541231982,0.561193891519478,0.652993438599178,0.0898464408731956,0.0711938805649783,-0.16227352259054,-0.454846323635157,0.261235486359481,-0.121516040450953,0.419154288316732,0.34485627067489,0.138267610660427,-0.142933271674713,0.289814609450317,0.0686597199522988,0.178572492957131,0.617996420009656,-0.450674009674466,0.233843440330404,0.276171455933399,0.489931138950384,0.517158248159329,-0.161306941391295,-0.149247646554959,-0.148229049484845,0.112506948073839,0.313810709915183
-0.0425580917228187,-0.0119197085575239,-0.0078451648427244,-0.156635992446116,-0.199959668083734,0.215389621367801,0.180793101461641,-0.0830511794643285,-0.121714722696839,0.131193324877142,0.468731263719225,0.440373658288161,0,0.329836000878808,0.0965616659684327,-0.379027233798774,0.604898664713776,0.277357327476708,0.458111918226677,0.154275918060979,0.182538748661475,0.687283457706538,0.120041437359334,0.474060843451483,0.0398701038586853,0.428313566008592,0.435761200027713,0.375037982909408,0.358218053081635,0.238907005491155,-0.242865051120099,-0.247223334325936,-0.353678392628638,0.495388525611508,0.706293120751607,0.108474982851107,0.370774650664246,-0.245883765917179,0.270664298372529,0.240475192019424,0.396767241868232,0.224714419457395,0.366145815574289,0.095226356239679,0.304327604016242,0.234479917388826,0.270416489473072,0.231135426031396,0.147488606836151,0.257731063154684,-0.323712637710884,0.0460426492650289,-0.212951967280391,-0.0865328800408103,-0.0736392191864061,0.125900398271079,-0.240140687710982,-0.08438648930355,0.150647554272652,0.471750850712298,0.336960879132075,0.68669032791205,0.377981797311768,0.193902487688499,0.281879279866117,0.0602431646813778,-0.0838208575327809,0.572910337749081,0.363502150939575,0.238926850386714,0.157521913170874,0.542871145006247,0.195925173879036,0.313975079168679,0.361874679126402,0.343899584190479,0.313828043955605,0.0788588025077486,-0.186641546712412,-0.318457692761882,0.346805261754731,0.224537390381503,0.391437034123059,0.625425731174661,0.418896054526231,0.0532658782320495,0.516274282648757,0.37141898315283,0.376488783929544,0.481345863580341,-0.279673210601659,0.108190318078034,0.351874965871165,0.191558794098244,0.280230231218998,0.0677829168781909,0.152045309536865,0.136306578912378,0.0781255468912262,0.361849428199446
-0.211368526398078,0.293320520627993,0.0909323961602545,0.323735371465768,0.240838091386133,-0.0583984153240308,-0.0859786738255012,-0.0285431382120983,-0.0823737699775276,-0.190443397522892,0.100641037215017,0.00814595947217072,0.329836000878808,0,0.79486494699936,-0.0596030855314922,0.130439159977848,0.0944676580939217,0.635402190055599,-0.101043803298668,0.634852607033904,0.217831255931694,0.609583796781943,0.0111441645968405,-0.203572690094826,0.0966893875089454,0.58617751680339,0.56682419384793,0.429694940394548,0.431490475295183,-0.339899967445987,0.0260173271830192,0.0595302853677453,0.0567030079016203,0.232564518842811,-0.0207169498724648,-0.052932556789509,-0.360261393148804,-0.0216420221137051,-0.164363066168724,-0.0380215267689937,-0.120832635171014,-0.114094417352279,0.158686477131486,-0.143159342509739,0.647534018320104,0.657061241376719,0.659488609317866,-0.114126818701521,-0.097088824194732,-0.368158647607551,0.0972493295259835,0.122610698055941,0.341340143063689,-0.133030907803642,-0.172540743282423,-0.0598389630358232,-0.0292143320696362,-0.0930788534403408,0.138615622909132,0.0191710910243424,0.376998242468938,0.695157298033839,0.629369684537805,0.641316443633374,0.730966470093634,-0.159246692459908,0.322730534971006,0.000132212282704987,0.0621990700047472,0.0979510494513606,0.311830615825891,0.582429953518611,-0.0367190287411105,0.0201541231184033,0.0916567672042135,0.558592355469647,0.445221949908811,-0.32096684484286,-0.0293002043254857,0.195669785052584,0.21069901564753,-0.183163758061168,0.206611634856462,0.564476525611901,0.408207083069525,0.259899244250739,0.483273357189125,0.0499385151580817,0.00234996766021437,-0.243467997199022,-0.170340881850053,0.03076552486056,-0.0679918304616162,-0.186884437444541,0.149412007565104,0.569812788063304,0.553351640478736,-0.150745822523497,-0.0366640649099586
-0.265352257768607,0.375825578354288,0.136000897922571,0.468669007829844,0.361509545041376,-0.148521546889793,-0.116673489564079,-0.0147867261224109,-0.0899837800291487,-0.327203150981578,-0.0734020205689791,-0.133821044976879,0.0965616659684327,0.79486494699936,0,0.102631806877991,-0.022640780286063,-0.0203391544938913,0.561659181928794,-0.234514604153199,0.693857793771757,0.0743006524044355,0.646484957524344,-0.126257963871471,-0.297438743841898,-0.0169834335337233,0.506073907291071,0.470797661800906,0.412371647941593,0.478387752397934,-0.242631158626212,0.153813206721234,0.231193282947164,-0.168414897182364,0.0273405864647801,-0.114404749518707,-0.312211823482673,-0.357872466057149,-0.140764136957791,-0.31057071562318,-0.241668050004943,-0.292908668395358,-0.316571369285834,0.133008486672417,-0.264916331317036,0.635663581107373,0.602178454684701,0.599651271088703,-0.26037679469161,-0.290042084040097,-0.318305565025587,0.154541012624652,0.296475353200856,0.477093248649737,-0.139497153538881,-0.254861944747067,0.0178326508753758,-0.011070348459936,-0.231556189229701,-0.0282543685717233,-0.0924059802669573,0.279522438724081,0.670066453467639,0.68957638853647,0.679299693336435,0.894006367246415,-0.138830764084042,0.22177857400543,-0.178427633857466,-0.0457465693977985,0.072846732554932,0.213573859651457,0.565150249369139,-0.192266937485408,-0.0807473825300001,0.00904238047389794,0.568450972786491,0.570945516980253,-0.223842306697629,0.146910508034275,0.168672624175464,0.16771072204422,-0.365367436863771,0.0463390213011911,0.505112184477172,0.458582848971197,0.0700416646045439,0.435322841383902,-0.105297065952091,-0.163169841021828,-0.128711180093241,-0.277322681769518,-0.0902029198141778,-0.235295732550231,-0.359177991915319,0.0981163353462085,0.617683731256835,0.51802937342085,-0.266335863990136,-0.243882223866949
-0.117900700846999,0.509514789521812,0.0829638237377076,0.583738814307489,0.474730827440901,-0.0385945886640499,-0.0863491795425237,0.17724022092163,0.206013742365449,-0.388984691931659,-0.465176397641795,-0.463682386111538,-0.379027233798774,-0.0596030855314922,0.102631806877991,0,-0.211819891644092,-0.0370292373016115,-0.0209911900736161,-0.19403535494704,0.129417250764336,-0.26917370915319,0.0985804437403732,-0.357120598590501,-0.217813535756402,-0.320217688579017,-0.217139809548226,-0.14513109475181,-0.0405068652009829,-0.0431228874346712,-9.75838465181345e-05,0.566116457858883,0.721715306435958,-0.291160572756918,-0.362855674957468,-0.0835665605225955,-0.399764269947568,0.121386253259016,-0.343392813371337,-0.527630554687897,-0.51525288153831,-0.538477174997044,-0.565447057239657,-0.155770984456065,-0.486216679886148,-0.133094960489264,-0.164161266421806,-0.0997402880879652,-0.35268586802471,-0.40100146017698,0.376902718618074,0.185211387450593,0.65001211678596,0.466901098809206,0.215085727602822,-0.137285223082504,0.412577767921213,0.164744222487289,-0.401791574213967,-0.318154266710558,-0.279637799780012,-0.16740991419482,-0.110912271939248,-0.154971605926112,-0.0287045515645333,0.144291956300663,-0.00157881885821876,-0.117135671707233,-0.0903601596827628,-0.0578094601667763,-0.0393532424641031,-0.150917411245125,0.00282056427997019,-0.526900237456577,-0.147561862536888,-0.221027719674343,0.0529986597662427,0.147535424878017,-0.0699261782711975,0.633936609763149,-0.129602035365601,-0.0879205192464802,-0.487147793330526,-0.260002472771258,-0.212457826865027,-0.106996888863795,-0.372801690512197,-0.0940458978092358,-0.18732223826085,-0.530320027285672,0.339095209731,-0.359097219584951,-0.405181481999585,-0.491188419375095,-0.485652493011239,-0.141134535045618,-0.0844835955559904,-0.147833216066132,-0.249456608790681,-0.424889813769384
0.0155269399705908,-0.171340467933156,-0.159835181508415,-0.227677271214594,-0.315542946340824,0.11977443577312,0.261325093535325,-0.1407031647614,-0.258358636262117,0.166792351338202,0.44422664110027,0.451119181818327,0.604898664713776,0.130439159977848,-0.022640780286063,-0.211819891644092,0,0.430341559115686,0.495209706668942,0.218968779492343,0.2046784468935,0.755856956535291,0.167533601568413,0.650419152518238,0.251239103007402,0.529563560326296,0.254275040718445,0.259274430270549,0.41762485786161,0.098536246039484,-0.0813994260803036,-0.194180562458499,-0.368889427074713,0.487400009846887,0.551753585665454,-0.142871222433694,0.286609469357977,-0.0930440093223165,0.0948137593572162,0.273144923189023,0.167618205856392,0.275327255796718,0.332259888353445,-0.184451147038801,0.187634500003305,-0.0304589991941078,0.0479437351030505,-0.0138584152275485,-0.00540748330753049,-0.0374878918186491,-0.1403934584661,-0.101469546746484,-0.20682718488156,-0.175270342893804,-0.2109861705533,0.0775539955292207,-0.114316741767152,-0.158431423064205,0.195841797791029,0.421623034601018,0.360344347674783,0.454456981631973,0.126559209296027,0.0244653397682937,0.0885573533599963,-0.0388941323427867,-0.0687929919611739,0.630654629224281,0.503509015620896,0.344670349447568,0.340531530716805,0.541195584735835,0.186239143309309,0.336289955341784,0.599327197436928,0.483188113745731,0.33120116163919,0.121795498950267,-0.0179314926449612,-0.252006360821625,0.471955036432658,-0.00473818805692318,0.267152797785702,0.484944626622932,0.258641765374149,-0.132139966237723,0.364244397188784,0.19569634514962,0.208157347014831,0.416850527555529,-0.356764443652927,0.329417125092536,0.265163478861462,0.22826503132966,0.27465960186228,-0.207063682953392,-0.0678017320502799,-0.110289165299848,-0.0293153203012719,0.151813499630842
0.0953641976936201,0.0745262167573705,0.0548033789575397,-0.222567696150676,-0.0249297362838539,0.321640549551106,0.198167203554203,-0.00825494980111009,0.0708461599961834,0.198200362628523,0.159987943218914,0.129129819667877,0.277357327476708,0.0944676580939217,-0.0203391544938913,-0.0370292373016115,0.430341559115686,0,0.427662044837866,0.548705443246283,0.264355522694847,0.418065127832453,0.143074126907004,0.210463368349998,0.183252697084472,0.165408419914609,0.106060734716929,0.275886733614812,0.355611013842776,-0.00217119460616846,-0.188793482661444,-0.0121039985170733,-0.228719376951825,0.404036035201013,0.246138324627587,0.105307878520778,0.297276232617064,0.0529532128390088,0.298679102313084,0.296340446936542,0.270103757074513,0.118372851589193,0.10928537381686,-0.322907584706981,-0.063472906376006,-0.0568671875608084,0.0664188703847251,-0.0383029193284571,0.16567439257017,0.0288616337968945,0.0561281116542437,0.0691814931849564,-0.156773005838265,-0.23346174158298,0.0830802423387407,0.169946575328451,0.168425862813668,0.149550985890199,0.221697808694235,0.115839927338936,0.15197222682202,0.174452455559756,0.022692940870245,-0.0122578745352397,0.0529040526608909,-0.0220333218817498,0.118315899538516,0.420951068725227,0.548622115773565,0.784312435933235,0.476449138328948,0.321743166970519,0.343135065082337,0.237709612523377,0.251587184983019,0.167452928836594,0.267672147800864,0.233410256548596,-0.0897628204921517,-0.141840187926467,0.213881539036038,0.11762832454289,0.134324209554495,0.317291501389468,0.194509416657643,0.115322577379586,0.200580700709974,0.197915018641007,0.452949099277694,0.215773449531765,-0.265687839742667,0.299031067641009,0.197052469689449,0.0760307888870039,0.106245352663366,-0.278095998689716,-0.025896889477312,0.0555452991265405,0.222371197587029,0.217976841400738
-0.159018737784356,0.223873183150272,-0.00469343031815788,0.166038302014318,0.0850499584496988,0.0410781784013017,-0.00173490867539379,-0.15369164770893,-0.186825207614385,-0.204348232615172,0.186421194015023,0.0468330675303037,0.458111918226677,0.635402190055599,0.561659181928794,-0.0209911900736161,0.495209706668942,0.427662044837866,0,0.0168732341918438,0.628454950143365,0.506749423261647,0.456766246191805,0.180742550903588,-0.061982192163946,0.260671921055122,0.482031866279378,0.5634966516997,0.563641991122448,0.34351505907031,-0.295954659441013,0.0718016495300482,-0.0192521207903676,0.273885273959709,0.395091377391887,-0.0968286198753402,0.0576421317956576,-0.220383455880761,0.0739355076974305,-0.0515578370917868,0.0193050452901387,-0.0586471871100202,-0.0125960273959858,0.0024238601570998,-0.155468517283901,0.410729803417928,0.417954665806116,0.391386266778611,-0.12487297929012,-0.122692913801509,-0.283842232957638,0.0767422110317834,0.105717516826638,0.202665564269435,-0.177341881108035,-0.114019395014285,-0.0226584345670429,-0.0899266872233321,-0.111185062536324,0.25131673410151,0.0658307807787944,0.481471705630774,0.57406257830966,0.509450126160351,0.54497573023387,0.55069852217527,-0.0985796219452865,0.615486439172441,0.224003217421606,0.326443968740412,0.248211890844751,0.472165209423061,0.481735720382657,0.00937213220934393,0.203357759187395,0.214993180507698,0.62901805863434,0.417310601358637,-0.232472241538925,0.0122974957249905,0.339131574990503,0.189505048290629,-0.0988447472132584,0.354301460914181,0.487165122688633,0.283395394187275,0.353482652177813,0.513507584312082,0.164539450240874,0.116798153958092,-0.257244701864526,0.0346824658237042,0.108893411259595,-0.0557864142355138,-0.0771048756385427,-0.0306901093343572,0.361673066766557,0.31703317549408,-0.128640867291025,0.0116854320362522
0.18369935159644,-0.106549585696728,-0.0780453198244509,-0.279999219441077,-0.0562175472554185,0.1547935028429,0.129057998278576,0.00213335548398857,0.167592921337968,0.182361400156033,0.182079006636708,0.14953182029657,0.154275918060979,-0.101043803298668,-0.234514604153199,-0.19403535494704,0.218968779492343,0.548705443246283,0.0168732341918438,0,-0.0129064688472928,0.18423178455428,-0.00125124532320215,0.138223885042328,0.0670734182308603,0.0525000777529841,0.057106262244149,0.0759086996621506,0.199347604542094,-0.085748519191348,-0.108494111340785,-0.286416599991587,-0.328320998799729,0.508703989125953,0.219590267777851,0.366332478451556,0.374276942174823,-0.0476037777697635,0.180459215807807,0.323950427891206,0.506320965070867,0.136693015628314,0.210304909212157,-0.183717704788963,0.220885544700967,-0.200087736748843,-0.0585219719527959,-0.0147088676849421,0.442085603084208,0.335341782279971,0.0406611553884748,-0.136090122289514,-0.31766432375205,-0.277868805047393,0.0549068364059642,0.156491813177505,-0.00195855560388196,0.117880140495237,0.201660027553269,0.0789615407156946,0.135200836500949,0.0024960789835457,-0.142358491476797,-0.137382599550362,0.000863270653269859,-0.27573436445114,0.222742276985475,0.181708042147333,0.486860307153379,0.520615548064439,0.471317257840077,0.0331255131021399,0.148241963175886,0.233814684838303,0.108595957691935,-0.0300755282704022,0.0121603913929489,-0.11296214626913,-0.0850198320777925,-0.380028231575709,0.083662705211643,0.178281008363791,0.322712935298795,0.177477543511388,0.0873587092260133,-0.0593261795627902,0.200651340432472,0.0180284421627605,0.569543641782844,0.279573369403083,-0.161187940136694,0.0853028683884386,0.0584954678878297,0.0817426439855331,0.207325607805487,-0.0825848747214195,-0.212579007471699,0.0784610653364422,0.44625536557513,0.398985719509808
-0.209473954594779,0.266808601005583,0.0493350291973698,0.348558432673536,0.237200162627535,-0.103145703979621,-0.0196587936720973,-0.0642295821436779,-0.176376848392886,-0.234633293287183,0.0243595974345159,-0.0362727505133625,0.182538748661475,0.634852607033904,0.693857793771757,0.129417250764336,0.2046784468935,0.264355522694847,0.628454950143365,-0.0129064688472928,0,0.198706761654635,0.52789427448906,0.0620804681783577,-0.147614818249397,0.072215947963979,0.448681715509688,0.450277821146567,0.579104640804188,0.302306269079514,-0.205390100410482,0.173721802171046,0.174293806436516,-0.067933395855548,0.0525405189495389,-0.15431935850888,-0.178583182661822,-0.194625471266076,-0.0748427577604178,-0.182952464858247,-0.166417181301673,-0.259917437196266,-0.30765650205878,-0.0479714538465021,-0.300989261938895,0.438913055519011,0.418946728418794,0.344433179158516,-0.306917006703346,-0.300538507553716,-0.222555385756877,0.0605520493929509,0.198864376616141,0.324179851245164,-0.21928631556939,-0.20490103630286,0.0711009618967011,-0.0732150780464124,-0.152064767177689,0.055478918732587,0.0140334403695271,0.36505659836401,0.545307306016726,0.543171817459859,0.728909858441802,0.692086604275355,-0.0887586721358896,0.386751148002181,0.117143389093699,0.1696430497542,0.47715678961648,0.313038431936626,0.425188385639245,-0.0914293373616357,0.129518285718948,0.123418900534025,0.689519075605548,0.541484592160974,-0.167883894314268,0.119298792743412,0.290409129579107,0.116719996273477,-0.352372382077701,0.157975298934671,0.448210880920416,0.287336861974746,0.104946906487101,0.3508689641826,0.0278539472625258,-0.00624654099184032,-0.17263349578231,-0.0852644251636413,0.0327669818146989,-0.247763512425679,-0.287980780598567,-0.081301585955429,0.433807783737457,0.277470976741241,-0.296829755498737,-0.189714353978696
