0,0.260648047199626,0.307572838692091,0.485639294147457,0.241673434759679,0.212689792972593,0.265107633548883,0.137612771427672,0.0326455874181812,0.0438833444106138,0.0926345894132297,0.0708333904294799,-0.0866010894878349,-0.0682555513171249,-0.0108353078338895,0.631509073687593,-0.0302041938754967,0.25655143750169,0.0674785791981617,0.394999836388423,0.176640690100061,0.0385975815460004,0.00276557161730876,0.163995553955846,0.277501091151773,0.260291821230049,0.00186174501569146,0.0113316645116178,0.0839717155968765,-0.175787891290657,0.0945583377075365,0.637548526652924,0.542527039085475,0.0280018570449173,-0.0989098001854609,0.157508333563275,-0.00796524049651335,0.600371140111127,0.301329043187208,0.22769969951688,0.140815316898776,-0.0243402915675606,0.108038514283214,-0.180358093422707,-0.21366581162612,0.0645838420917863,0.0595995190701958,0.144272101143576,0.224300113264207,0.22638050086616,0.661997352946473,0.396513399132629,0.487243583834712,0.32796481355118,0.276095094572325,0.375815078082366,0.27436298735421,0.0810307518012392,0.0846335891435914,0.00839274646557586,0.106555230930355,0.152917333748678,0.133808431017101,0.167411925199874,-0.140956324999617,-0.00275020659205871,0.357539322842238,-0.0542461164182877,0.0132531359393851,0.27429290769703,0.200648056379665,0.227743525211019,0.0883695031817087,0.117654501889164,0.197563663099987,0.285181721897075,0.0648948724604727,0.216797865888933,0.238210924320295,0.649752443829476,0.291125907738067,0.22761384529377,-0.0601433844177591,0.181715379886313,0.144779195250435,0.370014290600018,0.240668703932395,0.414358303095982,0.263850480930101,0.227337889882475,0.494257389375363,0.192979893025862,-0.0152251840276298,0.355518454860216,0.297250970617373,0.0052948956177619,-0.0852887088819102,0.288642600947367,0.225096556549071,0.245771484915935
0.260648047199626,0,0.434449366134312,0.411005625849605,0.527935259895043,0.3971174515108,0.386277753884812,0.524050945971503,0.157813340335432,-0.0251634179186828,0.0596874192111764,0.135559376583954,0.111661995155717,-0.0312959213711419,0.0842043178592904,0.508080978830919,0.119691374733913,0.388468936914651,0.148211699264395,0.41566005507506,0.201570704496477,0.146625622513341,-0.0561932485611079,0.11644449959671,0.00135660590323563,0.24862738859393,0.144854847994888,0.126175450832878,0.210299975545389,-0.171632197063469,-0.134531624903011,0.231077072299592,0.307127633275717,0.118982286317854,0.0902563449381253,0.305480036800132,0.045262795659684,0.264049262635737,0.254181776906303,0.166826126155479,0.0622295912233762,0.0508422015163795,0.198510036040638,0.0970728448831677,0.0866935936151902,0.0149651471595602,-0.0642725248805026,-0.0263065266947069,0.185828186758336,0.139175026187511,0.36580125497943,0.608916147655509,0.43562643572892,0.46740172562323,0.536558262881637,0.284440465979738,0.55433723621425,0.383433550242715,0.0264338781401246,0.124609555473137,0.149284532379911,0.193454520325233,0.147442596431099,0.000843710934626118,0.0442988513905593,-0.0388643441344745,0.205601923845101,0.038418740943224,0.217529666502658,0.320419095566642,0.20063350093863,0.280507754128155,0.0653873410444713,0.128365733633708,0.107443152202874,0.160480408434093,0.157869149060257,0.11735651572779,-0.087712061979083,0.234196875545492,0.0459135218894327,0.0749416869225188,0.137503962113025,0.229635706100438,0.17877230263167,0.239604161579445,0.16608732170475,0.242638314638935,0.374802231852498,0.0014421427376047,0.190714376191954,0.0505561708016504,0.250698658184709,0.11590054909547,0.182010771562051,0.0938946877605817,0.0295588450498533,0.0544767702347234,0.223066026547022,0.0878240604488175
0.307572838692091,0.434449366134312,0,0.0538045380296274,0.247892628158829,0.607410573268765,0.432963097498182,0.552279435964873,0.246822283254278,0.239936069744745,0.235587922883037,0.219399823781797,0.0832379484041578,-0.0570118122007934,0.0043908297465209,0.295400819878908,0.0718562025424764,0.320459552199704,0.0893998791759463,0.0778825444778776,-0.018795992893059,0.104172973576298,-0.206324174162205,0.226770386029696,0.240013637703521,0.115228355469242,-0.117920960394649,-0.0475785717429863,0.24548578344018,-0.272456657831088,-0.140457566594025,0.120398306869825,0.034980855886267,0.176807520480845,-0.197310659662237,0.216479138866943,0.0242754294013008,0.16353510648749,0.0668147077367374,0.37817425457615,0.136301074956021,0.0670871484473851,0.0293722056424461,-0.0107279394759624,0.136492157074786,-0.137718627643893,-0.290491085298815,-0.159930043225901,0.531396867510525,0.194022235146711,0.179669291369048,0.502951683877403,0.0540816646303982,-0.0500964885436739,0.574501252277277,0.592603437921741,0.311519965530802,0.172257687319066,0.0334157676362527,0.284760349428121,0.208124139958741,0.133887624434336,0.0994893823989726,0.0647739277864621,0.0330430713476385,-0.047653241389553,0.0115415396243533,0.149465297634244,0.139619251655271,0.196782241723829,0.0612305568185373,0.159506030834855,-0.117590138030094,0.316179698514069,0.244618489231327,0.256579920785761,0.166250229905784,-0.0846875573821165,-0.0780258064846519,0.104054786405961,-0.00176980335597363,0.0292970740341406,0.0888365947537789,-0.0602372892187619,-0.0199146880822758,-0.0580443933710125,-0.0377997657212463,-0.0579933340263611,0.262756507459321,0.107790749001307,-0.0639166290905972,0.130160686952378,0.0571393539011939,0.218859440131229,0.0603659477089031,-0.0822885860011562,-0.115709912647839,-0.165241135156021,0.521367884383383,0.227601378769511
0.485639294147457,0.411005625849605,0.0538045380296274,0,0.477123468871079,0.20854575494565,0.227424556907789,0.137410905891895,0.165700278825542,0.0283609400376259,0.121240746858936,0.197026641523755,0.162006748369481,0.168803390681783,0.165017837680595,0.564391003976674,0.254825931721875,0.39469528400979,0.32956842721603,0.521947600255637,0.39091581234761,0.269983761028047,0.161186180321572,0.355162057430007,0.0545326720133913,0.342762166119654,0.242369193267778,0.168256631397208,0.151480751648048,-0.000585820406686009,0.141979304415041,0.45475995608431,0.681723333804394,0.177303203071876,0.189707772331689,0.169886416273823,0.103859921789154,0.483649487615392,0.324192968286953,0.160838753130008,0.208351497018965,-0.0465424706246059,0.244539606509898,-0.0892825739760139,-0.139062840049662,0.176900701081276,0.286442246386601,0.133591437458063,0.0239444596294731,0.210674327776064,0.58481347863215,0.35028219267569,0.667820607407674,0.765852329391839,0.271931970011146,0.245410722023674,0.469228423273542,0.237643637267503,0.0762682375240862,0.0180100197498667,0.164774161070386,0.268933151243898,0.362493672880621,0.241208689204732,0.141372575202224,0.121343685239244,0.441677242950783,0.159295603937837,0.266157483317249,0.421929452735445,0.297174729161182,0.41154484499011,0.323276256823318,0.146980564776046,0.342731516897895,0.266712947732089,0.179492454942477,0.384641439420225,0.206746551780402,0.542635168512739,0.409624770341354,0.340725861991619,0.0470362534162952,0.309675298799997,0.305138858605759,0.535177814731475,0.370602174205568,0.422946195406821,0.352804202688142,0.310362239011156,0.485378439037738,-0.0549999478274662,0.125037137908721,0.15139117194733,0.321788153761476,0.0519875152283565,0.0370653024486698,0.362582210696013,0.0472775554015193,0.217487222834606
0.241673434759679,0.527935259895043,0.247892628158829,0.477123468871079,0,0.38218110236746,0.174337534839832,0.259139347641236,0.0717588696242877,-0.0516613677636035,-0.072441926427131,-0.0217454522002641,-0.123228109186183,-0.192332346229826,-0.171081109172209,0.402124036560015,0.0031556565396803,0.237441559617073,-0.0265018575144623,0.365221995555724,-0.0157230877101814,0.186835198291106,0.00889655400920202,0.174733271067607,0.0603391698045123,0.196647502159172,0.0886053876412542,0.13179125001835,-0.0386499184651872,-0.0967805704410555,0.00384665966352238,0.215145518990376,0.371658317471584,0.0991877654412057,0.028707115198875,0.197183929483741,-0.0231544776273126,0.271016928552024,0.225819340731178,0.127484859476068,0.132205606575103,0.0468520070140461,0.0801830571033382,-0.082094402419457,-0.0778671181944773,-0.00749065061670635,0.0362914121601795,0.00727661692166104,0.112607109638245,0.10293904607201,0.213563490327137,0.24835199535256,0.331848166104918,0.482046184913522,0.582994910138277,0.16443986053014,0.436284776724416,0.109289475650877,-0.0828035967025333,-0.199052958006742,-0.0521010213236455,-0.0979805781424258,0.056782029885364,-0.128537281473044,-0.185137573096783,-0.229601469782218,0.230915971676798,-0.153358941732819,-0.00923443464024828,0.194896643059975,-0.0401479043567306,0.128536916181535,0.0770118081525909,0.277710781332311,0.0808092353368642,0.0748564796344473,-0.0627736884077159,0.0813992163818864,0.0129057361167079,0.203615527679657,0.182076269261948,0.198450355260904,0.0287124779024504,0.108443316885335,0.180054935218308,0.355316103148993,0.0457434504602434,0.209696025021622,0.262716927560118,0.236900811029732,0.209287403198616,-0.145488323349459,0.101831077915415,0.169602664344649,0.152667740366442,-0.112683952456642,-0.0852758114515601,0.103899760227375,0.111389781931578,0.0326685579773867
0.212689792972593,0.3971174515108,0.607410573268765,0.20854575494565,0.38218110236746,0,0.446913809822781,0.478711542493299,0.424676447972634,0.234686702340675,0.2662901604392,0.255842134577231,0.146977861935193,0.0412854648370669,0.0998567411225724,0.360400378526732,0.187646475334129,0.313648483565185,0.157020245983666,0.181017265260485,0.106904296169408,0.216990129151108,-0.11638335215849,0.256029229317862,0.254183102913193,0.17055553945804,-0.0229709360113623,0.036504546207163,0.232524901725506,-0.148836758227256,-0.0515210536675425,0.149919456483314,0.193587042777646,0.18016827637929,-0.109967479042049,0.204900046030869,-0.0179263281136202,0.207506293204812,0.13866759388845,0.374499805901786,0.1717257521469,0.122756465510013,0.0407698457765709,-0.0880024154384695,0.00439356987122949,-0.138225059072774,-0.223268460520028,-0.157282550797988,0.511030190827485,0.19351489854748,0.191518061333658,0.366087162543195,0.191599951812437,0.160929428417191,0.688188859424205,0.689821401811274,0.314595603668879,0.296188574965054,0.155782314771227,0.260893193677665,0.263493664048728,0.18081174641547,0.163162959110076,0.08106982046201,0.0365034408123269,0.0279931879202781,0.11262048671913,0.139997070652751,0.174780526851718,0.253615846539144,0.153831203961108,0.2034202898834,0.00430270791451851,0.336006651043299,0.295728573654606,0.246615259339657,0.134966656374069,0.0568356097434467,0.014399270613846,0.0987500059528983,0.133416010230739,0.102565162784102,0.0191965720241132,-0.0175981010515418,0.08329090028995,0.0713327775914284,-0.0402610172148999,0.0271955402223505,0.291162299673612,0.187009785084816,0.0354577527404098,0.159241311930906,0.191925467814318,0.225988085415647,0.116402983765949,-0.114435297738231,-0.0931133331479909,-0.0595804072589323,0.559097158909151,0.253509055120001
0.265107633548883,0.386277753884812,0.432963097498182,0.227424556907789,0.174337534839832,0.446913809822781,0,0.515710149406148,0.165574598696113,0.13819530089343,0.195283411837996,0.156550589149142,0.0742717421360417,-0.0549657600962783,-0.0225601989601251,0.415796659199957,0.0364926551216583,0.328906550095695,0.0495257771964049,0.321200170710554,0.0588387641675979,0.122481969726324,-0.133040018573481,0.189933180445531,0.266209808561583,0.111633393438975,0.0329823501994041,0.100134210597318,0.263166492050904,-0.255835063428742,-0.0995620949686379,0.208553992967377,0.102134988864111,0.078255797324134,-0.128090477048667,0.376486450332647,0.175531839910717,0.282642968669636,0.257058851284985,0.516629335683176,0.317247582651191,0.173786843729391,0.106531623667718,0.17945969714297,0.121041239400508,0.0999887207713924,-0.0590853715346828,0.0879149070688231,0.55369462219758,0.453978597892051,0.233170998098308,0.473682382373129,0.332089783128119,0.177267040981114,0.418287068518337,0.435617126710406,0.460683606995897,0.239906232135743,0.0849668409585763,0.189154449536568,0.136777842263429,0.116904888028545,0.0540679117772003,-0.0611087529514866,0.0142092710102855,-0.117354711192171,0.428306419127334,0.0511943300425934,0.118267466776701,0.165227111511526,0.0506951757711194,0.119449786633458,-0.131010671157463,0.388033877122433,0.184296193431184,0.171459943972864,0.144960874272339,-0.0174707949612842,-0.0375986520140343,0.135326673979346,-0.0584392270689472,0.0637140899791247,0.104745638280049,-0.074633369448141,0.0453974109833735,0.0649751709533476,0.131611000696473,0.0847814773738401,0.449195405695031,0.171078781318514,8.98813825043591e-05,0.251772704809559,0.230503189467383,0.289160600926866,0.173948942386634,0.150388895149788,0.0649442212095866,0.0149323069704096,0.545848168230738,0.476138017238829
0.137612771427672,0.524050945971503,0.552279435964873,0.137410905891895,0.259139347641236,0.478711542493299,0.515710149406148,0,0.388670334190185,0.248164008598816,0.317085035434253,0.291884587535955,0.166463461820945,0.13836717366318,0.198183728153885,0.320303875054061,0.147324625961828,0.501484684198674,0.146825959926386,0.190659876693048,0.201676405190471,0.0714800804480272,-0.152863885289353,0.199742537784948,0.16964844394749,0.124881451827591,0.0107857987446443,0.0504121411481095,0.293997404273015,-0.237237419622884,-0.0899255837821697,0.129051341846538,0.0576670897577557,0.202262393792085,-0.147019782194545,0.287406387533688,0.0498043102837842,0.1631413478824,0.191496118540903,0.312365182052752,0.151500361803314,0.150703756491708,0.0890105589178575,0.145099195022454,0.138234630725867,-0.00457633955172189,-0.156958301751818,-0.131961292595403,0.394426971535066,0.219016335889777,0.197693457252419,0.569012383022528,0.238192747626357,0.0734044879433702,0.499649458285629,0.489224397654163,0.553655106665162,0.513312457208218,0.224184286268889,0.355232429329956,0.296681331763007,0.233628396962943,0.194930833258593,0.137732254862567,0.203514413999067,0.113335386239593,0.102878231982478,0.212639361522289,0.290386204138765,0.327798979513827,0.228259537149759,0.214825506874932,-0.0293812333845759,0.196611984892978,0.292568075909389,0.14615803131074,0.235059977854187,-0.03954129646673,0.00638564205862061,0.0797935746340927,-0.0444046123277216,0.00670598586800075,0.0676284747957891,-0.089131903536402,0.0528246169732804,-0.0343645120207341,0.0320850621485864,-0.0074837294023611,0.372038091886161,-0.0191037545233091,-0.00460967734219556,0.208869809091831,0.163163509727896,0.132727122644532,0.124076915983374,0.112487230128102,0.0111905201471599,-0.127235242943076,0.445718985640379,0.252292343874862
0.0326455874181812,0.157813340335432,0.246822283254278,0.165700278825542,0.0717588696242877,0.424676447972634,0.165574598696113,0.388670334190185,0,0.437553328314789,0.460222986258486,0.455452308363063,0.399466334513848,0.486031810238278,0.45194937802327,0.207657789967325,0.362110372368441,0.259435040931023,0.379058037421068,0.0257543171666595,0.375846123902653,0.0920178330618272,-0.0175106889478103,0.144702762645761,0.0773793959724928,0.209409291722574,0.0555064749578321,0.0563212955333019,0.155111367707076,0.144936508425207,0.126866627170644,0.0215979561658438,0.157657088981612,0.101008429814883,-0.0126616451187914,0.0844816440471557,-0.0668354156791853,0.12052508393237,0.018593941570792,0.0329659645068069,-0.115284343803732,0.0126416319855424,0.010051168070943,0.0290508277888347,-0.0409924344479307,-0.116744988622187,-0.144787784697516,-0.218227968307072,0.163056239745267,-0.0154345325075135,0.192570985066188,0.241249225339375,0.251622083755092,0.135712507455779,0.357188859948791,0.582282881993655,0.248580517966761,0.654514130968597,0.472299483428778,0.391978801668113,0.435863982638347,0.445687720476901,0.422645616970406,0.441369473709287,0.330773420199346,0.434344070885022,0.0228133139862079,0.39467163810527,0.376160104962862,0.296618117141412,0.431238499895275,0.2661846492067,0.195674393171082,0.0639055892617309,0.454462031636553,0.179837424161875,0.213135354719478,0.219928539027494,0.132595199278197,0.0751127597876552,0.0752390785424941,-0.00448784199377977,-0.0664371681763123,-0.0495452640011107,0.0207679559675334,-0.0638585550769832,0.0374521970760841,-0.0376578057951664,0.0809260223559041,-0.0034539473636268,0.0803235571673628,0.120947488957511,0.0814963608228672,-0.00396845342772757,-0.0100404081030319,0.0158953407238632,-0.0961990551280323,-0.112620622521198,0.272347213865769,0.0811367963014804
0.0438833444106138,-0.0251634179186828,0.239936069744745,0.0283609400376259,-0.0516613677636035,0.234686702340675,0.13819530089343,0.248164008598816,0.437553328314789,0,0.627288267836586,0.605747116828376,0.387915429905352,0.350284385619425,0.330145000246564,0.104184439821909,0.376213839608454,0.225411850271737,0.296374035363639,0.0360634848426023,0.214983988720228,0.196806560618913,-0.123411954776735,0.334463142957424,0.432020276765507,0.292351402075062,0.035857782604888,0.164669440117358,0.285543623094303,0.056230064239369,0.178528544854711,0.0341386213744029,0.0589624997780642,0.122957854773379,-0.0692134766858679,0.255849285442229,0.131535112308597,0.151594061348808,0.205504709091407,0.300253196971262,0.0607681933344268,0.147188023170138,0.115244278323358,0.135401039910147,0.0448688635484272,-0.0656383028196096,-0.210604877114196,-0.136141547913179,0.21988502994987,0.107727185696563,0.069301906817433,0.094589903835391,0.10419404247004,-0.060277415932035,0.174964961402506,0.391951320403192,0.0479854112111748,0.339150643005394,0.599228795521626,0.536898549054889,0.584727365915015,0.388532679069892,0.353952859337102,0.331950783606214,0.207837341808945,0.312660118746168,-0.0356140513823892,0.403440731788428,0.29027715066559,0.21183125893661,0.336756963389946,0.237491347104062,0.0795493346387683,0.278889796527445,0.564094986609771,0.369296188772216,0.334481684994488,0.156273287548886,0.169216810036381,0.0271500053241917,0.102473239276417,0.0213474153577457,0.205504251726729,-0.094343713986382,0.0598890842579643,-0.132108443681798,0.148346970579378,-0.0353757342265119,0.201365110095193,0.174969230448527,-0.0441293518256749,0.207372302398233,0.222680280694534,0.236843630696144,0.16720481403412,0.138571783650568,-0.0350116513133147,-0.0863263254043268,0.275335532953666,0.165167093231435
0.0926345894132297,0.0596874192111764,0.235587922883037,0.121240746858936,-0.072441926427131,0.2662901604392,0.195283411837996,0.317085035434253,0.460222986258486,0.627288267836586,0,0.709758671869057,0.518446447073722,0.447552503466418,0.487821707705149,0.127076104593101,0.449137115174499,0.318128678033355,0.409103539209427,0.0761239163246195,0.353206019753023,0.228523657948552,-0.0463202456765914,0.408258757677468,0.246172365044425,0.389516649106617,0.0746668064756624,0.190021144981217,0.357571643201308,0.0959502668375539,0.0504013051198202,0.075504163585808,0.125316680215209,0.235159209029513,0.0757889056023316,0.187922080325768,0.241848577886387,0.0970908353783508,0.231105191253335,0.293733552026787,0.220678964998907,0.142390680152574,0.2773782527506,0.197596903131464,0.133822785571578,0.00224107148087217,-0.102844490490119,-0.0857366028369281,0.26369933907123,0.280619574136438,0.153955510750968,0.12635612931714,0.142408616941465,0.00984348601219184,0.156376590038492,0.432989211763439,0.0247636689883636,0.337743839324483,0.515399840367598,0.641353869690878,0.630446005945374,0.562956115096431,0.39102629177092,0.401911930610672,0.378840890631735,0.436828600245797,-0.0455823621351206,0.502023798264838,0.396872940730425,0.300741538019016,0.408039723166472,0.39597303391715,0.14354497897408,0.147421140616814,0.590949991342431,0.448888607741149,0.401398862008662,0.198294571597587,0.0495506395328356,0.0777557202776391,0.142648764674657,0.099617113760022,0.187069258979206,0.0560948537298661,0.057183706873203,-0.0712034637685645,0.256049927203803,0.0459456006513344,0.23949907864659,0.174484383667202,0.0250486346455196,0.202147167275389,0.248173870685458,0.100398692505596,0.28320052714211,0.185303923970232,0.00916675544299756,-0.0682005075536779,0.346058094817666,0.335140871894559
0.0708333904294799,0.135559376583954,0.219399823781797,0.197026641523755,-0.0217454522002641,0.255842134577231,0.156550589149142,0.291884587535955,0.455452308363063,0.605747116828376,0.709758671869057,0,0.620099579260999,0.503321599356758,0.568822983079924,0.170531528406796,0.545147425463656,0.387458722732601,0.542362807632925,0.226562043856843,0.479470423917226,0.294312548154938,0.0617327380985353,0.502564790700589,0.221026224279898,0.555133879824483,0.212053613714073,0.277761459143359,0.435384466252454,0.161857777615151,-0.0590101936202791,0.116782792237382,0.203538355617789,0.217076580746765,0.173306173940631,0.359900832665078,0.273379978953181,0.128038348707129,0.240775008152601,0.288615535327794,0.130852121362411,0.127457907305866,0.417652177654578,0.206521163665296,0.23276969096394,0.0507919992284838,-0.0274355095230374,-0.0842735063173476,0.198344222279179,0.216471871367867,0.237800459586726,0.199710347470318,0.243873761376355,0.1637526816208,0.210236349689093,0.379212224098541,0.0970807171285511,0.431016951037083,0.483340569120282,0.662794461123191,0.720355681448116,0.647878760312013,0.566441573916959,0.443900596027472,0.474118132231311,0.488452775549479,-0.0304620682035247,0.550225875078445,0.470704395403053,0.39022666813379,0.498913475980101,0.524742438382778,0.262385041832928,0.166872931382937,0.652730257101065,0.547333699330699,0.486410673778459,0.347223347214176,-0.0299543597035997,0.148769017832363,0.157781623141633,0.083616035180757,0.259818753949083,0.192190453027835,0.177617865493963,0.0580179980224413,0.327566196292764,0.168671641036438,0.364159840316128,0.126437491322528,0.0958471457425207,0.14696112226029,0.295123577404092,0.0938132679077835,0.30235562684949,0.186664914754665,0.0574516075781864,0.0130521286650173,0.277862536104401,0.241919970914182
-0.0866010894878349,0.111661995155717,0.0832379484041578,0.162006748369481,-0.123228109186183,0.146977861935193,0.0742717421360417,0.166463461820945,0.399466334513848,0.387915429905352,0.518446447073722,0.620099579260999,0,0.579816495607208,0.628911266371625,0.0506953778243087,0.65866117415086,0.333612050197807,0.655450292632177,0.0571528607067396,0.510484344495528,0.432333597350883,0.225024016099535,0.344056607560612,-0.0314559025134201,0.32787128422097,0.248435382107118,0.267198629969379,0.416169843795345,0.346744996984529,-0.0855451179262462,-0.0523795513270688,0.154758627577752,0.335736113833291,0.414140477297376,0.093036315149749,0.253722279861278,-0.0899706319202062,0.110727340509363,0.168759725839171,0.0749909834814574,0.027052437902689,0.293271738740023,0.251230389777076,0.254047744269145,0.11152107354556,0.0741899866064696,-0.0493486833366201,0.0336894187321052,0.115507032196703,0.143008100420252,0.134526673916696,0.215639581863297,0.181785574876483,0.0518610238287624,0.219351192541394,0.00662255163597111,0.353694651856463,0.343322581603784,0.563497928973629,0.540543678182438,0.713125694540927,0.571556384450792,0.439717518467574,0.629201655770468,0.548059273830385,-0.108413794307891,0.676188737059381,0.593558880421616,0.312339801151798,0.398094444932827,0.484596957913939,0.370683844454001,-0.0247649684248215,0.469785226697326,0.285705990331361,0.502511270588549,0.345188671940421,-0.085895644413749,0.0287038234698035,0.0652251149906113,0.0909540023993329,0.212585837865167,0.289475548253417,0.137002996890972,0.072486075384376,0.307952498219081,0.0703434967984118,0.154685817488075,-0.0434314479624324,0.0699752944547864,0.0196107515280538,0.315070043602967,-0.124047267395218,0.107233751139238,0.148677878740688,0.161098528772221,-0.0237179557038036,0.135772358052638,0.117608930226516
-0.0682555513171249,-0.0312959213711419,-0.0570118122007934,0.168803390681783,-0.192332346229826,0.0412854648370669,-0.0549657600962783,0.13836717366318,0.486031810238278,0.350284385619425,0.447552503466418,0.503321599356758,0.579816495607208,0,0.716191637637903,0.00124135140380626,0.569661131933628,0.33255773225211,0.641254462997229,-0.0152417213895813,0.633947989073242,0.170503241974464,0.26962476121098,0.215195821840674,-0.04382647656592,0.154905092089311,0.140962300695457,0.112446533901517,0.268958367045339,0.340874119944758,0.120399488923785,0.0206621552534559,0.183274997562383,0.278486104491475,0.195246805168581,-0.0651677325118678,0.107932802681189,0.0142840712830092,0.0273775350487913,-0.030733404900603,-0.0514458747491203,-0.0667473887736477,0.0601993582052754,0.0761497997250592,0.057048900251118,0.0251015365545407,0.16465878250885,-0.124568703810099,-0.114320801288195,-0.0424541297944716,0.176822547855631,0.0500966553958435,0.232911311020249,0.140796275007596,-0.0918555674827334,0.217194888217317,-0.014912332204282,0.394246148849564,0.408581979730407,0.455134684852286,0.45622245119728,0.56874292057886,0.573904824812763,0.676946270927844,0.674351798314443,0.69182821332954,-0.182611576361269,0.636303282625404,0.580473912479091,0.370640646856526,0.549558680042265,0.365570603418971,0.475038410009335,-0.140354201661348,0.426283253945026,0.119350796396791,0.378293726641279,0.29865871238018,0.13344183748589,0.0893281829249524,0.0562043475098971,0.00126765179012964,-0.0172695599370567,0.0813250755568056,0.072522644408202,0.0852770326185202,0.162301916702222,-0.0642139902787348,0.0451866446535547,-0.159994570917395,0.104690855296069,0.0974954733660505,0.19614110210467,-0.175825295246059,-0.024137271074174,0.0744431198337325,0.032715611531654,-0.0172132057904699,0.0226216371269782,0.0153099944513829
-0.0108353078338895,0.0842043178592904,0.0043908297465209,0.165017837680595,-0.171081109172209,0.0998567411225724,-0.0225601989601251,0.198183728153885,0.45194937802327,0.330145000246564,0.487821707705149,0.568822983079924,0.628911266371625,0.716191637637903,0,0.100965518717998,0.569634265893375,0.298105404121087,0.619067217356295,0.094956211310387,0.696435185525531,0.15373781880277,0.28180101340401,0.236444274054242,-0.0487817427508023,0.246233044992503,0.205543524144117,0.125089619955097,0.367411446264247,0.339402964751322,-0.0296918672209557,0.0944161621622258,0.180740352860246,0.191787154636319,0.231415785326333,0.0341243387752043,0.101484312976514,0.020307486005031,0.129088953715512,0.0343478478764415,-0.0716778060318178,-0.0779589297717538,0.14884598743398,0.116837794199259,0.13570191607707,0.0819720023078018,0.119790749881817,-0.0536573691304956,-0.0947285894245435,-0.0210569637387553,0.279274814103144,0.175029605389691,0.295923900293164,0.176737447729794,-0.0237957008242568,0.223188316418288,0.0144843836054419,0.453949632088791,0.448370300594442,0.520704848706133,0.562568486549667,0.692242593903885,0.620182979213834,0.638227512560145,0.67150365189425,0.816985277590822,-0.0919047278427586,0.61993288544294,0.563711669090232,0.360241662349854,0.641623505576941,0.458729900139052,0.513060574194704,-0.14476933023405,0.481132315787607,0.194789081340692,0.465121724233854,0.446050150479581,0.0768464324120969,0.187690007180245,0.117533228029908,-0.0107063334343118,0.0386376628333911,0.207628811815519,0.120547994820316,0.115839851477113,0.249077542232912,0.113133370382462,0.115067690002041,-0.138394172752809,0.21374765749803,0.167186380311732,0.261425820013687,-0.159682416175709,0.0755555457694309,0.158478127696452,0.10055293612575,0.0825844952880922,0.0693168232190971,0.0355967504584757
0.631509073687593,0.508080978830919,0.295400819878908,0.564391003976674,0.402124036560015,0.360400378526732,0.415796659199957,0.320303875054061,0.207657789967325,0.104184439821909,0.127076104593101,0.170531528406796,0.0506953778243087,0.00124135140380626,0.100965518717998,0,0.154333925727184,0.375465149460163,0.169986318333655,0.508015234050314,0.321000679645596,0.167282677094885,-0.00478991156242311,0.143693999508943,0.289134873825277,0.327403074304655,0.113954542104786,0.111287292186815,0.164398311273066,-0.123509860486451,0.0809062108276117,0.576477033195829,0.59697271974905,0.0879323697721047,-0.036801009606742,0.255909861772263,-0.0365168385756467,0.616558290519925,0.440752242458459,0.313513743680634,0.0502469637940973,0.085530822225959,0.133735691377327,-0.119042735933822,-0.234219177370186,0.0583949850447475,0.00507280963055648,0.0870614793112619,0.123995321310123,0.114016393775904,0.677400054182019,0.571109575864905,0.69813187306384,0.488235851227292,0.44317017001394,0.385827907316483,0.504664739146842,0.375238870643485,0.265744268219886,0.109607306239147,0.234844539145737,0.270617791888874,0.210954799582993,0.171790894805319,-0.0747984064738518,0.0560865348065967,0.446475506689708,0.0209085978317773,0.211089681132329,0.407252400147103,0.335403508513096,0.32209475808255,0.191082198594489,0.211155536216271,0.28384586020152,0.285759132652252,0.124476268785546,0.316538916920773,0.222375117403611,0.59393868648338,0.306839733197976,0.195949656164442,-0.0601633023679502,0.193468878878536,0.214401128648409,0.379399731664649,0.228474138765668,0.429721880579339,0.344735442770667,0.133098505636354,0.518676279204767,0.242179476471897,0.211015109529189,0.355895455380037,0.341916491371233,0.0600259760906255,-0.00229417307294041,0.265215297881126,0.164538931471079,0.129895619316858
-0.0302041938754967,0.119691374733913,0.0718562025424764,0.254825931721875,0.0031556565396803,0.187646475334129,0.0364926551216583,0.147324625961828,0.362110372368441,0.376213839608454,0.449137115174499,0.545147425463656,0.65866117415086,0.569661131933628,0.569634265893375,0.154333925727184,0,0.506562591651058,0.670970381698501,0.18843724460601,0.58750653496699,0.568897361801276,0.229032732782722,0.467688688411908,-0.0266547432796642,0.266021278688159,0.297492806595515,0.283372604394152,0.513650341409789,0.275014505806368,0.0943958196038371,-0.0734475255330094,0.25117344394192,0.550814691562767,0.408636430450936,0.0562431908769631,0.257297899982597,-0.0298691391225277,0.130799538846546,0.271277449455568,0.166536088180242,0.084745333260595,0.207306309229054,0.0870380323971281,0.0545800521854743,0.0491097260422824,0.105480132452551,-0.0421851748011278,-0.00922683156228178,0.0642202812938757,0.17320961651982,0.104551725274849,0.276644341934751,0.236510975102597,0.0338278396207235,0.230789664820048,0.0730558351783016,0.32251970694731,0.344976543360383,0.483816441791606,0.512563947741347,0.549375126418993,0.517385938547922,0.435317096534982,0.573092969097934,0.491390166932676,-0.0975001128798089,0.701465718263988,0.71390996204966,0.49769911881575,0.497513342938522,0.503423671247926,0.488626516102399,0.107948787191949,0.532126898040957,0.26872524274391,0.581354218343827,0.3266048246197,0.0873468380368731,0.0151122744426759,0.296863977433172,0.235944575542358,0.148419426883608,0.252345073072878,0.260030310448765,0.17244059923149,0.255352832882869,0.0564556036472062,0.227841346155589,0.0502731434671763,0.0772555325333835,-0.0775105571587214,0.344523115212101,-0.0951135489251111,0.134093545148597,0.0381440467544762,0.111275794990995,0.026703129358809,0.119647871878796,0.0890183744029991
0.25655143750169,0.388468936914651,0.320459552199704,0.39469528400979,0.237441559617073,0.313648483565185,0.328906550095695,0.501484684198674,0.259435040931023,0.225411850271737,0.318128678033355,0.387458722732601,0.333612050197807,0.33255773225211,0.298105404121087,0.375465149460163,0.506562591651058,0,0.383092213055674,0.481088682562773,0.519291966348283,0.45420819594064,0.14257164998339,0.498502536903028,0.0123647839701991,0.247988527761131,0.241515481868344,0.2427365005893,0.459498996022702,-0.0500198647883333,0.150433640984585,0.140999241716406,0.361220176878018,0.646044260349641,0.214470884871354,0.229709239866251,0.282582418615699,0.168834813362221,0.159177615663618,0.391051785602086,0.430133864964467,0.108056846972637,0.275294680114096,0.075445996110558,0.025316566646282,0.118963350837694,0.122347224761073,0.0880823205153709,0.219845027416701,0.28881368027953,0.376275397733724,0.397041781447901,0.426050038155334,0.325811175063399,0.256564487105903,0.356758515035065,0.429987401971998,0.345421572451535,0.162460895624819,0.323532975982311,0.312716165202841,0.32709941165405,0.370723962063538,0.245681246472495,0.391380161033965,0.191631633498147,0.0470910677597482,0.458620696770008,0.631970235635397,0.734253320341728,0.465044059601425,0.534839280818103,0.339264140402074,0.187254485768332,0.418917876635038,0.228730905028746,0.469675117268617,0.152899424017131,0.186228772344899,0.178140263676729,0.313700715892328,0.398183545743029,0.133773341584497,0.216905111099361,0.352732466200196,0.349976697858204,0.285783539043713,0.177493378253878,0.53732948648949,0.140246854939868,0.229164070511622,-0.0749227918035583,0.176358929485336,0.067689045388872,0.255906393866062,0.100212224452627,0.0773110682088667,0.203502179044874,0.307947671112867,0.275127425969104
0.0674785791981617,0.148211699264395,0.0893998791759463,0.32956842721603,-0.0265018575144623,0.157020245983666,0.0495257771964049,0.146825959926386,0.379058037421068,0.296374035363639,0.409103539209427,0.542362807632925,0.655450292632177,0.641254462997229,0.619067217356295,0.169986318333655,0.670970381698501,0.383092213055674,0,0.0851353527952728,0.589071196187924,0.331512472763566,0.296051814051535,0.348778004985277,0.0271069014462414,0.260297709577591,0.158830547168501,0.151014260813428,0.370760148010979,0.262237269578912,-0.0497340436871792,0.110126872938276,0.24783851152578,0.292207644100151,0.310357879061276,0.00802226149371689,0.163647069191963,0.0971208474484803,0.0909645664383109,0.118880310751063,-0.015276380497181,-0.0674635977371866,0.197077092527326,0.0805309757230098,0.198081249362822,0.012481649603381,0.117895457777733,-0.114735120451191,-0.0158853615333234,0.0501662835447865,0.253556756611258,0.140436577617966,0.314799276637512,0.29239518861798,0.0580153664841733,0.242797685746363,0.122236018055012,0.317830453113521,0.256929990252006,0.462259634358432,0.449916243356598,0.605334186415828,0.583087008346974,0.546941967158083,0.641869835146162,0.569265945459205,-0.025589419161041,0.698443323081639,0.626050181741801,0.370478757116592,0.412256793850916,0.467037959717726,0.467262428233902,-0.0200986915328467,0.523415669645594,0.274612097335114,0.455633955742102,0.362210179725101,-0.0212445700387089,0.157333930824494,0.099023444143147,0.0317109123804686,0.125705218458685,0.250766370274671,0.0821234832445117,0.159116127881232,0.249008787693511,0.0449522684524571,0.128111210960094,-0.0550669983728916,0.103797886724624,0.0561429471418588,0.243497122094004,-0.103683070763397,0.0948555932386815,0.0480033800728194,0.0356026595299763,-0.03337242177445,0.0964275212337513,0.0863093326024396
0.394999836388423,0.41566005507506,0.0778825444778776,0.521947600255637,0.365221995555724,0.181017265260485,0.321200170710554,0.190659876693048,0.0257543171666595,0.0360634848426023,0.0761239163246195,0.226562043856843,0.0571528607067396,-0.0152417213895813,0.094956211310387,0.508015234050314,0.18843724460601,0.481088682562773,0.0851353527952728,0,0.360471398200745,0.340974026526221,0.0948515459944892,0.39347020251713,0.0033130500444541,0.421106283629687,0.431021933650654,0.369318527034238,0.289537232634821,-0.0504570172133107,0.024702632013071,0.327367439721392,0.517740432156217,0.16015319920403,0.223370830239198,0.472582556464558,0.227821822694569,0.343387896558246,0.348171377335489,0.309434396393379,0.309104400190902,0.0235647572499779,0.312686850600398,0.0459831313900018,-0.0608526177950787,0.294234861008888,0.238498203283298,0.352612606873244,0.112478257557041,0.31881742595904,0.468894445818742,0.374956451078664,0.592603396261049,0.58306653600238,0.275678298655765,0.152753243471752,0.439090433690736,0.282258170861918,0.0764608295622446,-0.00789169444432424,0.205819375887254,0.172413576810135,0.239944875208338,-0.0259269833287793,-0.0356629171653141,-0.0443710062221229,0.436853614393082,-0.0243770342217201,0.193148211904563,0.487741706805505,0.413685042792935,0.403928588575155,0.202782608723298,0.296433009316056,0.266390551048156,0.274911290232457,0.241306716775905,0.356702198698217,0.146254514255836,0.386741596116845,0.402988698419294,0.355073108165346,0.136612798325543,0.309009878489351,0.501689180650786,0.49762291285794,0.347106844869682,0.553076540520844,0.636729495768927,0.325889386899113,0.416846736299194,-0.0610193060437721,0.222533569967568,0.168504172103,0.354332678780976,0.150114808844073,0.189885496139212,0.474015857589977,0.145000033834534,0.264716187128155
0.176640690100061,0.201570704496477,-0.018795992893059,0.39091581234761,-0.0157230877101814,0.106904296169408,0.0588387641675979,0.201676405190471,0.375846123902653,0.214983988720228,0.353206019753023,0.479470423917226,0.510484344495528,0.633947989073242,0.696435185525531,0.321000679645596,0.58750653496699,0.519291966348283,0.589071196187924,0.360471398200745,0,0.259346665922471,0.230391510696793,0.336794370027321,-0.0499020180648192,0.289167185928207,0.282176292502038,0.18547594543622,0.415631408792415,0.246964669723139,0.136749261901991,0.22987886130617,0.401190214603233,0.332464116789839,0.275334405510778,0.0784932321976293,0.164516517409125,0.204838633326318,0.163345927533675,0.124660112957537,0.0524949962423185,-0.0414848973971385,0.197308692726411,0.0082465266428518,-0.038866007838159,0.0819031871323669,0.159666713316191,0.0285659957804924,-0.119400390189225,0.0407442869499514,0.457281135024675,0.264068432579341,0.520777654122173,0.382517341207845,0.0154290549268643,0.238021742775598,0.184833491211884,0.461457003625929,0.405670561046087,0.397144978362031,0.484943857886351,0.600764794503343,0.581665941764207,0.571245257958212,0.584157203235598,0.627804191260379,0.0593465086690402,0.539537323349945,0.623106130002504,0.559421408942783,0.725884192621474,0.530858865784705,0.528740377235218,-0.0613916332313796,0.479767260931817,0.225615262645215,0.482409286666491,0.465264212824513,0.246269960171619,0.332297620591441,0.305175866259598,0.17421190795461,-0.00529989975479662,0.293684219939498,0.275378702403502,0.347941649653413,0.33258610484151,0.235900083059864,0.274419393308763,-0.0294037378324365,0.38681958486241,0.0900324512002052,0.242505415263128,-0.0684385295950532,0.187004357563318,0.132279315755515,0.0347402915700536,0.236414187361526,0.0297006256241962,0.0633552106317106
0.0385975815460004,0.146625622513341,0.104172973576298,0.269983761028047,0.186835198291106,0.216990129151108,0.122481969726324,0.0714800804480272,0.0920178330618272,0.196806560618913,0.228523657948552,0.294312548154938,0.432333597350883,0.170503241974464,0.15373781880277,0.167282677094885,0.568897361801276,0.45420819594064,0.331512472763566,0.340974026526221,0.259346665922471,0,0.246148317562682,0.513947748160834,-0.0734843574457007,0.388650231552071,0.476946873865558,0.512893824767576,0.434581966472202,0.187827872521501,0.0225669056812499,-0.115014585602113,0.317851104217543,0.56706270269632,0.553258681841064,0.157612896563708,0.328580824364216,-0.0618079768998596,0.136924600608926,0.387616789563599,0.356529073729912,0.21239880065882,0.352325154715587,0.115005919531881,0.00985034416045239,0.251142045135559,0.198806975594456,0.197538659548972,0.0903622934327626,0.186868371884495,0.0929856582924602,0.0925616508997486,0.206678879611513,0.278641275200844,0.156748458055223,0.129903239814102,0.120073680861121,0.075539328810583,0.048923525019406,0.21185695314616,0.227011899948491,0.200869748288746,0.317170425278379,-0.00304699149195058,0.255774348240097,0.0422192151968802,0.0277343597392992,0.359770159379817,0.489001246811933,0.416439658235477,0.17735224257903,0.470666624872523,0.342866052150281,0.323643807213098,0.287604796368968,0.319908142133787,0.414760786091303,0.266374388008659,-0.0279565206280211,-0.0502959790186948,0.382924145973714,0.447843286739833,0.276859947363517,0.362941857099972,0.474269053765225,0.343229194832208,0.218557518804909,0.267345020059369,0.383378047107394,0.317641439695149,0.0758198756107038,-0.274824185518389,0.327575889357078,0.0588580491544286,0.257293435614713,0.0198357892653047,0.306153057258733,0.214753719605385,0.14433546349237,0.166635213884171
