0,0.0534413072037118,0.32404383686376,-0.214397141918333,-0.0538077386923139,0.195100032249717,0.0577716456788241,0.176099060102773,0.0668918817387789,0.22530862700178,-0.0540373487598832,0.00875787930707655,-0.232378716036609,-0.373773892532611,-0.341564086213266,0.221363733328878,-0.28766643459135,0.0711744218866125,-0.333524291317568,-0.124324491065865,-0.264070114000811,-0.294644101153744,-0.19849476999744,-0.0768187114351688,0.184065585529529,-0.166071595460458,-0.392780524384026,-0.243061392392131,-0.376885226103375,-0.152535240832056,0.331192846378326,0.279417314119917,-0.0985825885917447,-0.266347423552725,-0.295553029731964,0.0403352127801236,-0.246188149012008,0.334033919441017,-0.089639632060115,0.0193869129007019,0.0168528022542525,0.368877215198352,-0.143102847244519,-0.131602646854721,-0.112989698312879,-0.325959338691688,-0.330233662817108,-0.275499499983181,0.241164834657089,-0.0309223161189686,0.667292647578025,0.167690620440412,0.018337228781506,-0.260602472186438,0.121807667939988,0.264697261133894,0.0455946984937086,0.0932181587940183,0.169537130522604,-0.217000859433943,-0.0990742323612309,-0.150136949839413,-0.281864271961336,-0.207905795063007,-0.355729504159314,-0.32278116288428,0.103010759819133,-0.301952224431168,-0.357038560212242,-0.0648056429341309,-0.360724153379481,-0.288390279558439,-0.159328706003101,0.101854355852901,-0.225259335002317,-0.153499222638318,-0.294765859430676,-0.193508473790642,0.24114534513305,0.179965253538863,-0.345816770569227,-0.0314083126569755,-0.00483844004249539,-0.314459051688324,-0.395741195236282,-0.361987179163875,-0.213310452466959,-0.126408455214178,0.126506692772232,0.0227362324682711,0.150914896654054,0.174604299402635,-0.199960004727519,0.184361953299318,-0.0957638696111653,0.0272135255504175,-0.234279508335965,-0.212690608438676,0.284319348626487,0.0704115942646464
0.0534413072037118,0,0.484350395171314,0.582903926615187,0.613527614498451,0.423005317705071,0.45482220733309,0.461969526915685,0.493630447981977,-0.101603896873556,-0.123713365904165,0.0222009337141002,0.0744295342400547,0.194700862787457,0.343950666161486,0.49774186426798,0.0656705855440578,0.228798452965561,0.0916765197132196,0.0982470642116863,0.244624163844135,-0.0783165376417164,0.132455643695547,-0.107411327149213,-0.352800697033281,-0.349771518489688,-0.168325725200449,-0.280135719906275,0.015509210582383,0.193025300063244,0.0590166169436327,0.130980944755589,0.13623198876312,-0.144629293655076,-0.182327444195528,-0.111718574553918,-0.361882241606497,0.102323749178387,0.103382457854657,0.1071334143843,-0.311643565620293,-0.129143087139297,-0.280707940874859,-0.0068161469804453,-0.305523346524332,-0.121300606153267,-0.195235321464213,-0.143602410426349,0.0513036130107665,-0.277759215483424,0.132173078302615,0.678102116792207,0.656105245164295,0.519037679199063,0.509199367205422,0.387742761659076,0.445035589544615,0.507338595200197,-0.204778443194941,-0.243940468565465,0.0735489015625354,0.148592945480412,0.311369149737864,0.314239000183874,0.197399393508084,0.319969466751654,0.11529728964287,0.229125801046225,-0.16747970661452,0.184942437144555,0.278672962973587,0.0522592103291811,0.110967615942486,0.149228085096943,0.0930819427873739,-0.338140058502073,-0.123216690507892,0.134952972585195,0.142674322688162,0.10721879122452,-0.152636716232668,-0.484325971606021,-0.260558156250814,-0.181575996649498,-0.199195928824432,-0.244710118438508,-0.20158523581323,-0.275842537373975,-0.116169083983628,-0.22545372481084,-0.0800300004963546,0.0713084395293068,-0.0728753485234258,-0.0169301879673168,-0.241847184773542,-0.142408157560286,-0.134530709007813,-0.281120931940067,0.119885864018668,-0.284069501425652
0.32404383686376,0.484350395171314,0,0.096965118524802,0.371905508894527,0.628677959781699,0.426133718947811,0.518812777147508,0.637593536334336,0.160137479802415,0.251681894705413,0.272426875898013,0.146265196743761,-0.0243618944445972,0.00906673317634539,0.304296874496142,0.12898241086855,0.173050250469265,0.135090162531373,-0.0388492829247905,0.122050174476866,0.0881964294569872,-0.126650728740983,0.207758190341101,0.0818329702916032,-0.0839444227712891,-0.196696764587872,-0.333322073482006,-0.0788044943818833,-0.0928395119008247,0.0943436774372681,-0.0191481933566862,-0.275653438914457,0.0740599916764842,-0.0443929575252887,-0.100138825252408,-0.302950864274887,0.258542200445408,0.141462331774366,0.299669417067641,-0.229009628208932,0.324912903320237,0.00735891813814615,-0.135339386398387,-0.230621226377419,-0.282144566909949,-0.322111285937532,-0.371462964940577,0.415707824423347,0.0014225653837306,0.407232282707315,0.672579880446269,0.328717980057457,0.0775198755772079,0.585842968553367,0.67451550322989,0.384023219293114,0.593843398151807,0.0900450549006169,0.0170935750605661,0.161533400440615,0.178580379152976,0.127779651440957,0.124358538220333,0.0328016469497406,-0.0126689755190527,0.0984510918329439,0.168018008344458,-0.0323389826971621,0.206976878418734,0.025066691644204,0.0743424788281791,-0.159465395736752,0.314313190337553,0.0733248721450841,-0.104428054210592,-0.254249809259916,-0.0268559323704464,0.147407867457542,-0.0850165521241012,-0.154490662802956,-0.359921153583457,-0.215768370313763,-0.136683980736845,-0.376172808419944,-0.402000396820539,-0.223143102985038,-0.298700812709378,-0.0748421927304855,-0.0380160791097614,-0.284701169202683,0.359933899855143,-0.160433479445705,0.225081365379659,-0.137780760909121,-0.147277367175933,-0.269185851001528,-0.507120749705896,0.505576444029484,0.0198435937526876
-0.214397141918333,0.582903926615187,0.096965118524802,0,0.408944745588133,0.127254651793913,0.45348232118314,0.382256006133229,0.315588174451974,-0.364165520687373,-0.232739981559959,-0.0183824396245694,0.313737578187392,0.556445829166891,0.621125960196207,0.299606097642316,0.266394752764611,0.280277102918795,0.393746845909186,0.245988629520186,0.381602394032073,0.0541997797317732,0.401184175971697,-0.0506505142433094,-0.445638813920395,-0.138207975502518,0.137698277541824,-0.119005221747086,0.341648924662252,0.319036719085145,0.0791249102905627,0.150652470978783,0.24949620883316,0.0373486756285448,0.0848051145426174,-0.0626623670307087,-0.0558733571496778,0.121860006533506,0.218890200801317,0.232995069232647,-0.108316600116253,-0.318575006976253,-0.166634752424266,-0.0189739219931248,-0.00523375537393121,0.0938948462150959,0.146455418178173,0.134943163086743,-0.0606386258643822,-0.198593419261196,-0.21283305408348,0.519722451853486,0.597319549130773,0.822632393301197,0.379969021129461,0.157646871490313,0.546477901603128,0.44342820324642,-0.17286102627228,-0.0308605659219871,0.106623748169703,0.334262909784791,0.540695744491232,0.58466248752928,0.492342876942994,0.608312260763675,0.246415228344644,0.456860798324373,0.117850018995424,0.37329437724161,0.569845304325545,0.27625565910838,0.329060275174014,0.0978128439447763,0.180008976712546,-0.253013022942386,0.15187530814465,0.320316390485873,-0.0554673563350289,0.115780431076238,0.0407720804461277,-0.397845220294821,-0.0419548600957384,0.0995816497041361,0.114065377718138,0.0485985804486189,0.0716467199496778,-0.0558630513728881,0.0491936928117396,-0.299183686835446,0.0471757598557593,0.0487099356735167,0.0906843468076166,-0.108397630176934,0.00669227421000647,0.162712993470125,0.127114117284992,0.0182748029463661,0.0294908377306223,-0.193745872724964
-0.0538077386923139,0.613527614498451,0.371905508894527,0.408944745588133,0,0.497088700374381,0.378607871570368,0.390780954523684,0.530964820514353,-0.0326765538093185,-0.14098351123169,-0.100237567778668,0.0190271692023236,0.174100926350493,0.249917436279519,0.212806839721788,-0.0480464559677232,0.207139931222792,0.0200798557395531,0.239289583942543,0.281628028129502,-0.0228286019051284,0.0833002784171234,-0.16960281346319,-0.345603389114506,-0.26086234251809,-0.148913032257404,-0.231268098570325,0.00257591002198996,0.000190177164610102,-0.217899333434213,-0.0346425058756831,0.160713215704348,-0.0718665364647903,-0.227944355564261,0.00306274721322965,-0.300646606259257,-0.0820690929361313,-0.0136144540456832,0.0201149242187634,-0.171253271466478,-0.244096038614877,-0.240337089009266,0.0541488614195978,-0.31973530114573,-0.137784552937375,-0.137836094056988,-0.100467981142581,0.0993221416617352,-0.0924248490465575,0.0627561751656754,0.409240313018718,0.442719570028822,0.453004056418741,0.473527713699136,0.365189915857127,0.393291977729886,0.466590018166575,-0.349209521882313,-0.171184786828179,0.0361785757845462,0.0713233306275035,0.202454841880907,0.242350524744197,0.173822018211674,0.177591343139663,0.219088358365269,0.128375564720528,-0.0575412465253049,0.177499205390828,0.230884944677142,-0.0576043049059781,-0.0102617581629572,0.0238091494787909,0.0110962387117533,-0.320573319239094,-0.204941912309108,-0.0404448395612079,-0.0167224568519649,-0.120886515783217,-0.218889027445627,-0.388707055291758,-0.358724605178524,-0.246981161576305,-0.186789377200387,-0.159730335868529,-0.188344684189805,-0.385780031159557,-0.0660656533455588,-0.340920757125669,-0.300072680396816,-0.0273025116907335,-0.219345406400872,-0.105364032145055,-0.31759008316877,-0.269890403336655,-0.207112822827009,-0.274302185843113,0.160521935446929,-0.110001689727329
0.195100032249717,0.423005317705071,0.628677959781699,0.127254651793913,0.497088700374381,0,0.462594554487773,0.589937682187611,0.72798933004609,0.123979735805539,0.242918403118552,0.205603906712962,0.197794727577901,0.111301247962013,-0.00738698450902165,0.178387766030468,0.172530925916145,0.314609552291034,0.181220876060737,0.136298577012583,0.178468348407189,0.082407504825545,0.00259162118719411,0.0132452611432366,-0.0404275902705684,-0.0705436660138305,-0.148294582602801,-0.312576508003143,-0.0457737826895397,-0.16068476279241,0.0275811142953962,-0.0614697108341092,-0.197559395411287,0.095455968277784,-0.034273066877581,0.06574654860845,-0.146184282667961,0.226582725625567,0.206958214310553,0.235530572154341,-0.180896866159494,0.119209802960571,0.0199835470453435,0.00519082670403354,-0.0700754185236404,-0.150775267121278,-0.140028325499728,-0.15588142654711,0.546424751006025,0.0904686713022748,0.260121865885195,0.476310319141787,0.210188827425592,0.181904321776023,0.773640793332046,0.813569824994474,0.480738584041076,0.642732758508467,-0.0487092114634404,-0.0203078197397376,0.0416030083887964,0.182904408113482,0.0964841731219761,0.201741966099578,0.0978384745870881,-0.00593654784128107,0.184292818451589,0.0513436645377343,-0.0564245334221895,0.211926685588508,0.083254924553527,-0.0642979501840658,-0.0716949218756272,0.0841464528400484,-0.147694544754999,-0.112413777396077,-0.168245563137403,-0.147523466485232,-0.0390938600875401,-0.188308066527668,-0.260145002232993,-0.324162014005945,-0.216846314139397,-0.192359134423552,-0.258754833592283,-0.298511810864033,-0.177442482518405,-0.348053513466092,0.0162102517365249,-0.167738125275163,-0.299719880380752,0.2040775444473,-0.293733139215961,0.0261933751122721,-0.125265648145281,-0.0149568594022191,-0.141344839368451,-0.265232052552124,0.44981114061107,0.175524773330281
0.0577716456788241,0.45482220733309,0.426133718947811,0.45348232118314,0.378607871570368,0.462594554487773,0,0.675706149099757,0.645421930315204,-0.0493437562021222,-0.0349357203801528,0.13625834929406,0.204660252823191,0.219272963694917,0.240634016676388,0.329583095676754,0.162683998662191,0.510581425077841,0.272394187351687,0.273935380921341,0.310918217756972,-0.00104031773593752,0.177739057506105,0.0373925810430806,-0.18451215319897,-0.0419888780334473,-0.0567588246049283,-0.241449473306602,0.0642881437948582,0.0376952058268106,0.198279539927624,0.1219501119658,-0.0288519699921937,0.0863347295271241,-0.0308236935053165,0.0737658268438635,-0.174942769497623,0.420457002658294,0.402935338716818,0.533827516779269,0.0257708862655367,-0.0268735394338701,0.0201457896523818,0.05686761660357,0.0565165690888908,-0.0414071842670236,-0.0992827582772122,-0.0541521193741441,0.374067209718511,0.00563559388967981,0.0528356469522813,0.519442900575956,0.47554516556382,0.466743125547988,0.549303979617795,0.491013356970583,0.636868859299823,0.654795044425273,-0.0119209072076385,-0.0347929787337097,-0.010895700569487,0.284744277590954,0.229641984505643,0.299115449111807,0.210004297581995,0.218372082584931,0.45629967890439,0.244792747981051,-0.023569961943276,0.346811565369857,0.286780230002759,0.135325830251821,0.111013467518966,0.288342063932833,-0.0671972048147702,-0.209583356741692,-0.105128466055818,0.0733843029532449,0.0730765574406138,-0.0227531852854497,-0.261088876976885,-0.381241998415036,0.0421020890622525,-0.0839138232278682,-0.116280756848776,-0.209037062008761,-0.159924714275684,-0.231300774230885,0.137610410532153,-0.23476305542214,-0.097700813262689,0.289476996586319,-0.0175573344571936,0.0391749897148486,0.0220587411926193,0.222447865643303,0.0824935084537181,-0.118597244964536,0.273090539300562,0.0627446185010438
0.176099060102773,0.461969526915685,0.518812777147508,0.382256006133229,0.390780954523684,0.589937682187611,0.675706149099757,0,0.757110270515355,0.120732681529354,0.0427805342004405,0.146725142212678,0.205771002281892,0.11194320446474,0.124790764297504,0.285529928934825,0.138329098365958,0.502446710625817,0.208515622762834,0.0217634647331339,0.268995247060181,0.00515553065551909,0.159733701560531,-0.00754054897002411,-0.0133705749356905,0.0231240413778224,-0.158342056309469,-0.260757064829616,-0.0453597989224171,-0.031674958812747,0.348542834338072,0.255125537234597,-0.08022211007443,0.0342831645760601,-0.0428845905922029,-0.139700382181965,-0.297711629861096,0.503816022873674,0.480043913671009,0.499854780684226,-0.133671646786062,0.105866717612965,0.0542136587339289,0.0447993438461022,0.096448228120016,-0.0925350338824496,-0.180800211040114,-0.199403522197654,0.288272409694187,-0.195712753901242,0.173517894083045,0.531302700814696,0.36347931658422,0.36739001807892,0.694018777499445,0.639624484563589,0.785017596516136,0.778866800990777,0.131520792160779,-0.0746681810265729,0.0100710391439795,0.239968158087256,0.165755988667113,0.310958341868889,0.135424584837337,0.140504331594214,0.308540374625849,0.136160323245663,-0.122007480056081,0.386611738929451,0.125039168410427,0.0792619775726493,0.0969469132043713,0.225669038469538,-0.114209052736338,-0.12817710539661,-0.223173232583898,0.0281870088434258,0.198099724735857,0.0178950361593386,-0.30680794075517,-0.403889748755438,0.100924480846901,-0.110425925142672,-0.206041942148942,-0.314364931833081,-0.331720142669073,-0.161172011643482,-0.0747866123214507,-0.310567989375434,-0.0438086925834305,0.399319151152423,-0.0781323185531521,0.120395065845227,0.0522683758992,0.297299526238402,0.0446136583225074,-0.20462811002593,0.255036657945574,-0.0774669638813262
0.0668918817387789,0.493630447981977,0.637593536334336,0.315588174451974,0.530964820514353,0.72798933004609,0.645421930315204,0.757110270515355,0,0.091033450026605,0.138713325026605,0.225136364712644,0.241107860459487,0.188229735884681,0.174054492934556,0.225212529992602,0.198599304118776,0.42816953253306,0.259503471328442,0.230901212922124,0.336447198112509,0.11752074289038,0.0551349261548823,0.0669605302480408,-0.0207240358608913,0.02674712263608,-0.0781385813379579,-0.262309830777275,0.0335366154827091,-0.104524517351242,0.0778356508494077,-0.0247933868657173,-0.192226078087677,0.1287842485369,-0.00276125043695477,0.0514798422511909,-0.185811408906108,0.313963252461458,0.307028324879788,0.437322999650554,-0.186733551840329,0.118197293373706,0.0455847946595581,-0.0167862187531513,-0.0397601079677199,-0.135274923042999,-0.168608297789087,-0.190900952017217,0.42017843761832,0.0626407142982926,0.154449754704585,0.575045550548476,0.342734917427735,0.386210799733175,0.75947663853597,0.724206827436404,0.644371217472227,0.839157828300125,-0.0322235058673439,0.0158619853150945,0.07608169534181,0.244536327333503,0.187869366276546,0.296304423106887,0.235549909484775,0.147716109758784,0.212306385155947,0.206952872335699,0.014420078909148,0.353805319069601,0.255168451885591,0.0794984684369847,-0.0446376092837217,0.174490252563093,-0.0318169914727125,-0.0755264279039862,-0.215079132062259,-0.0337425084623291,0.0450024545206227,-0.171064338295113,-0.235744552618311,-0.408952863286672,-0.11654354721235,-0.100168254593165,-0.226287880380604,-0.301381074491835,-0.172172405799325,-0.31647753146067,0.0142981814204061,-0.2842516229718,-0.299889988843829,0.309817727439572,-0.211939658926686,0.0875215255367362,-0.036866159854507,0.0377848074587451,-0.0850000514751152,-0.310828971573985,0.369111981636895,0.0930055570985044
0.22530862700178,-0.101603896873556,0.160137479802415,-0.364165520687373,-0.0326765538093185,0.123979735805539,-0.0493437562021222,0.120732681529354,0.091033450026605,0,0.376606893060356,0.150523761587346,-0.0949904813120577,-0.45980351960503,-0.413018523242811,-0.140722010979254,-0.150010668863513,-0.102102868083415,-0.268555477175312,-0.328755436432691,-0.166398779784306,-0.118499450049575,-0.32123711015331,0.0875393516457232,0.595710358657789,-0.0383046237306639,-0.243034224518969,-0.0288499170091952,-0.174421132378825,-0.369913514057497,0.134741798730869,0.0163329550403596,-0.273035978648016,-0.00675727882229164,-0.128380911384643,-0.0701180770178868,-0.144746229225497,0.15942385463972,0.0145947455852884,0.0947724420375349,0.104940668351322,0.467520276627159,0.0442420792731483,0.149391828890416,0.0733204340570877,-0.228122073439944,-0.388041320489524,-0.346398900837315,0.172501939126588,0.0678809832707848,0.194294365963597,-0.131114602039992,-0.189898061627027,-0.431562038081256,-0.0318576832075649,0.221319020907938,-0.0767377259102029,0.00552333276310238,0.485666659535311,-0.0528953288430488,-0.0626894160800881,-0.0830532063978219,-0.361451495174794,-0.320683910069975,-0.458605530325003,-0.434795459039778,0.0690289558894966,-0.278547054446349,-0.228302623736656,-0.169443628380937,-0.427523220063781,-0.181028681104835,-0.289666411080767,0.310293021520792,-0.0941942951105729,0.102414843939318,-0.160955238582883,-0.222898147672265,0.211953607770397,-0.0669696951896144,-0.206918394134839,0.0453658901795941,0.0355277952415669,-0.161201895278035,-0.303329316689157,-0.339616207691509,-0.201081281773866,0.0492592002864414,-0.0558547162129036,0.237369268630599,-0.119408979776392,0.187905630923369,-0.059873227030765,0.405486226301144,-0.0852213042888098,0.054430179722,-0.111315855205074,-0.242955441570646,0.177566635657866,0.147021138609439
-0.0540373487598832,-0.123713365904165,0.251681894705413,-0.232739981559959,-0.14098351123169,0.242918403118552,-0.0349357203801528,0.0427805342004405,0.138713325026605,0.376606893060356,0,0.687481940318522,0.429333547233671,-0.0452413330648586,-0.174980476636548,-0.123553063289264,0.45655062111882,-0.0891751364504402,0.298685373069499,-0.0968788659852738,0.0509692853943054,0.458953165194641,-0.30012801391125,0.593425072839221,0.445828253918963,0.382769145196957,0.0984311808301901,0.0244649382304731,0.197127819498366,-0.199710664842569,-0.120504666038374,-0.392689906820765,-0.587719348868228,0.393528862147324,0.378710850026992,-0.171690837016416,0.134663326399245,0.0622565592087224,0.0780725329190107,0.248467074208159,-0.019743445952989,0.523906359445563,0.518677727135623,-0.0709471778397585,0.133792514632844,-0.0330773474761035,-0.198506136277207,-0.23898580227287,0.297100593205876,0.273339752270463,0.10029464970121,0.186785688040263,-0.181329473278806,-0.221305208152066,0.0836576615961446,0.259509948396443,-0.00690748510488097,0.0665517174370089,0.35533169879631,0.453167152028461,0.407434074756943,0.305937985155034,-0.0764262399877458,-0.070719054705916,-0.0267836818951815,-0.145095702062226,-0.0784704148273609,0.106877761697696,0.205053829643877,-0.026591205468107,-0.0421272914277993,0.211391774828444,-0.300421423645801,0.268100497254477,0.221993956405739,0.461282504925345,0.156872809252126,-0.0856725470770577,-0.0682006267236221,-0.391767753912707,0.111965115318816,-0.115077189632505,-0.00681714391006192,0.225164725464294,-0.16157206675593,-0.252846667505884,0.173174976329859,-0.0184406191464331,-0.039199802707512,0.329580830618002,-0.354766769002618,0.313922473195364,-0.0354188673338408,0.324870436693957,0.263192038276118,-0.0206576135275551,-0.0598943608846577,-0.281360808576827,0.365212474587531,0.358703593471697
0.00875787930707655,0.0222009337141002,0.272426875898013,-0.0183824396245694,-0.100237567778668,0.205603906712962,0.13625834929406,0.146725142212678,0.225136364712644,0.150523761587346,0.687481940318522,0,0.466013054345338,0.061446617313869,-0.036507762866216,0.0671794825747829,0.488662196759305,0.160241683946735,0.397304359287781,-0.0204221168059873,0.137018851543342,0.382517398331183,-0.238541661978399,0.765647440264516,0.285448534494321,0.521689450530432,0.0327521976684978,-0.0624568440143464,0.192507737512721,-0.128873138926469,-0.0566109739646065,-0.326740301388743,-0.552836982426098,0.43666870598752,0.330263084851311,-0.0940680731769558,0.159337667330783,0.194409654533021,0.173857398793612,0.400309094285548,0.056441373059305,0.462613314475687,0.632056476358898,-0.170256924634132,0.148548119296455,-0.0183217288314572,-0.219640869488881,-0.271125560447124,0.28991806550195,0.215038111341056,0.162458800156779,0.374687026392231,0.00785646914407556,0.0128142738941221,0.206356463443336,0.2524705223256,0.152347570171693,0.191524214617426,0.299146661751696,0.498781165267099,0.5556750359833,0.398508592442472,0.0627449420589948,0.0694169550731061,0.131396774716953,-0.0138613572816477,0.0102116737285409,0.227531686967426,0.240368154188056,0.157442907289661,0.11578249855367,0.279985870933633,-0.253345802136186,0.32523227508876,0.380794466930822,0.524054594601295,0.152091940817813,-0.013511370084294,-0.0672498950311414,-0.335409930158305,0.140734392436582,-0.219305994991496,0.0744014369503413,0.239186351119154,-0.207157369062519,-0.32142616728152,0.216386224569979,-0.0248304372699299,0.0924529619717045,0.144078822437417,-0.255347133862462,0.390118165449921,0.00392679651961411,0.253521835792274,0.432525594587573,0.0769451665334037,-0.0588932983272755,-0.313650593337095,0.318449188559501,0.273242439052918
-0.232378716036609,0.0744295342400547,0.146265196743761,0.313737578187392,0.0190271692023236,0.197794727577901,0.204660252823191,0.205771002281892,0.241107860459487,-0.0949904813120577,0.429333547233671,0.466013054345338,0,0.518060021947391,0.378146996459181,0.0100551448429002,0.768813791287516,0.205424778126486,0.76914686178132,0.183597142708162,0.460078925126414,0.668661406568236,0.186157198780037,0.501118944453563,0.03387888876966,0.37657552783773,0.449080846338135,0.0899107978177827,0.598380947804363,0.129099205375602,-0.168970571479291,-0.259144329735947,-0.254072117838886,0.503174430100396,0.683412731895951,-0.140393376808858,0.329176375901499,0.0537017954690345,0.216811735087874,0.33129065628359,0.0230513304973962,0.0215763362181273,0.414632676603919,-0.115581024012116,0.293061775627242,0.217441592036784,0.202961869645265,0.104065703183843,0.270479399501306,0.162838417176525,-0.205228825413971,0.338486017881459,0.101967439363491,0.368096567224172,0.29623968362453,0.208939255937288,0.363017762171082,0.303830731833784,0.0844085053153847,0.500694562209899,0.415416959786899,0.740423077112547,0.482857023363067,0.336704202327604,0.457668418351622,0.334539343369288,0.166218023729531,0.605010318748577,0.499121624153682,0.410595764374028,0.473553397518282,0.657603597983913,0.118295922232195,0.2005983662091,0.382092146784154,0.293851477238457,0.477504921596473,0.284326039027684,-0.275452689592544,-0.312020401838294,0.310287881805246,-0.226667095409763,0.141966795643522,0.62636951003708,0.225824573415352,0.0838668037210241,0.405191406188777,0.116122597006168,0.0488355230198351,-0.00505542304792155,-0.244235048595932,0.175446602851725,0.0220462702759812,0.00873265130293476,0.438563850016463,0.245067301247871,0.205562775307829,0.00230144883188655,0.29277329931119,0.223566276468894
-0.373773892532611,0.194700862787457,-0.0243618944445972,0.556445829166891,0.174100926350493,0.111301247962013,0.219272963694917,0.11194320446474,0.188229735884681,-0.45980351960503,-0.0452413330648586,0.061446617313869,0.518060021947391,0,0.784451824734846,0.0211215291463414,0.500110806650131,0.18912236300024,0.586483680270453,0.292411786653247,0.451092373076482,0.42464395332507,0.591439808731949,0.145338658259024,-0.34251332226982,0.073283467249025,0.558709240331477,0.150784386142734,0.536816808105718,0.487868469785971,-0.182551142488444,-0.0382187371485462,0.1630496815692,0.285145403733555,0.478897489173901,0.0686533992123437,0.231928307008808,-0.0260293848544875,0.142854906308015,0.176729280501386,0.0290694852813577,-0.261931786763454,0.0417439866928829,-0.0462655797487719,0.133971542107005,0.395827593370399,0.620631488434682,0.451795331899819,-0.0165817547570535,0.0181040636579519,-0.317059064835519,0.237746878188312,0.278255883564431,0.552979369499474,0.240516076972771,0.0224188572891335,0.25728769643208,0.256869352728475,-0.231341746353512,0.183971962343016,0.17371658154935,0.371971976390052,0.689480116769604,0.580294012116167,0.720884756642786,0.754963641125556,0.0709572481479935,0.510238087129731,0.389463807738977,0.312123563324138,0.684050592202507,0.487770004397129,0.456129144928391,-0.0333936908420068,0.256372665577442,-0.0227080185577166,0.407856950889954,0.53335089971396,-0.294814176907104,-0.0678219706716064,0.296977602020142,-0.144845614402994,0.0591616676620546,0.408861881659066,0.501981431095368,0.490145973206544,0.321191335737628,0.164970973719825,0.127889147691322,-0.14744402769191,-0.0169145438591548,-0.154202413697395,0.0494478672019766,-0.225843322188323,0.195027528033851,0.163133257608656,0.345878110713792,0.291923762420911,0.0544614366455814,-0.0187834400383267
-0.341564086213266,0.343950666161486,0.00906673317634539,0.621125960196207,0.249917436279519,-0.00738698450902165,0.240634016676388,0.124790764297504,0.174054492934556,-0.413018523242811,-0.174980476636548,-0.036507762866216,0.378146996459181,0.784451824734846,0,0.141696091669964,0.363199211839643,0.123922033344454,0.42310165620122,0.282352667977263,0.520847264302814,0.25313096630534,0.58653197508818,0.0383446206480444,-0.34454744180602,-0.0817655171312285,0.433702416380092,0.143687850948615,0.553629786783026,0.630406665573356,-0.100533045448764,0.0710530917960107,0.23310555097048,0.116096111306718,0.280190664863518,0.00522518410042299,0.0455010268365789,-0.00996159879600719,0.0890847244170569,0.122382488779363,-0.0403481783597347,-0.277145608779669,-0.113820436799023,0.0269594781232298,0.0150250569379903,0.350999823543132,0.44495128776809,0.395416444815876,-0.153525807819905,-0.164408660963424,-0.310009894314944,0.305257594050706,0.39896828289882,0.569606027757005,0.165877040665269,-0.0597231556343999,0.232859260567607,0.252208615696467,-0.200998611065399,-0.0104843203708979,0.162975168129013,0.35328614088478,0.696717665410185,0.582519547446287,0.643376206752999,0.858738324571737,0.0749261534285895,0.546130403487827,0.230533643780772,0.285202731876983,0.74739465341123,0.460144950105759,0.515993095437136,0.0371823255343639,0.316690445299123,-0.131176955253952,0.37543369047071,0.640873523739495,-0.0358056736945592,0.0566606273597741,0.279876281429228,-0.200611562894518,0.0979502785769938,0.321028318809454,0.436412774818478,0.391081908040598,0.206876172386035,0.218080147837616,0.0664393570753026,-0.15769870550773,0.075712460924979,-0.143063030101062,0.119655474365534,-0.126974424843416,0.0500598803458005,0.116658663186842,0.339534887079966,0.259983676848557,-0.0321231775336441,-0.220746304262606
0.221363733328878,0.49774186426798,0.304296874496142,0.299606097642316,0.212806839721788,0.178387766030468,0.329583095676754,0.285529928934825,0.225212529992602,-0.140722010979254,-0.123553063289264,0.0671794825747829,0.0100551448429002,0.0211215291463414,0.141696091669964,0,-0.0170081627163076,0.174647869358076,0.0595757176474972,0.0581694489119294,0.076144005680778,-0.159934876888787,0.0278807609491459,-0.0579856083122333,-0.0744605909622743,-0.0823736467742809,-0.22946799036214,-0.299525425049975,-0.0374280499121812,0.123647432824017,0.168911700737648,0.272122476887157,0.172893052090155,-0.10864898284373,-0.102021552516087,-0.14549963827912,-0.260297395323131,0.21367166591322,0.172515634534579,0.174338848982413,-0.164220653058231,-0.0528943894223873,-0.112137296348318,-0.346455673320522,-0.236578781674903,-0.213620331705168,-0.270474520324305,-0.156144222679794,0.0641563926377015,-0.312669685524056,0.214054960313953,0.463295350170363,0.494611112398707,0.273776668908082,0.295088464075817,0.153377949110798,0.335135671886276,0.2684563934038,-0.0205565960831006,-0.206887912131795,0.0238963172543822,0.100710502104302,0.0319969487213656,0.230677496682812,0.0494960083719965,0.181739047898613,0.254019350557444,0.125253740854807,-0.22682290586516,0.0168110177142162,0.109363525325334,-0.00380538414209168,0.0689259386800369,0.133690389942062,0.0158986489852152,-0.212580511992942,-0.0635281708750083,-0.00580017498545153,0.079565054437147,0.227458023763585,-0.116678682048994,-0.352866645830501,-0.166925865037015,-0.159589007672105,-0.274680694183818,-0.26824832415317,-0.12507249855345,-0.172771320405472,-0.058294115736993,-0.251202485878513,0.152308980594273,0.143009149130115,0.148039691794047,-0.0854764760328356,-0.260447732268633,-0.152066225962928,-0.178658922666215,-0.19717934296846,0.0167072408666245,-0.260518887431541
-0.28766643459135,0.0656705855440578,0.12898241086855,0.266394752764611,-0.0480464559677232,0.172530925916145,0.162683998662191,0.138329098365958,0.198599304118776,-0.150010668863513,0.45655062111882,0.488662196759305,0.768813791287516,0.500110806650131,0.363199211839643,-0.0170081627163076,0,0.160666700606784,0.781813975751693,0.169377261716745,0.454128059227867,0.724594994825349,0.234823854442648,0.563072661353845,9.24652460968199e-05,0.411972993239835,0.556873323859349,0.216946429679981,0.639218664184174,0.182024235982321,-0.141571959653458,-0.271151450048518,-0.265373472319207,0.584645408090015,0.733820841857772,-0.1364140584417,0.360139092518454,0.0252865867429338,0.157286631722644,0.304601189711011,0.0103713743067089,0.0773697183987015,0.459873515049789,0.0113403361984023,0.34219309963025,0.320929416539392,0.2411766393115,0.183570356981187,0.18169162870889,0.187377826273031,-0.218096937115695,0.301175093034,0.12251934779246,0.281402662793396,0.248172962258576,0.173715336017051,0.261174247832252,0.243634508648845,0.0289022709572746,0.463907319685376,0.336554797810772,0.515158048074585,0.416193815301083,0.299524387023078,0.457032327196078,0.312560824011549,0.013389571614948,0.5812241908536,0.565696219002121,0.364215279101129,0.449327960502451,0.646899990174724,0.15548050771807,0.164161718256401,0.42847145196735,0.345171190186957,0.519914423666366,0.337343090416111,-0.25897652474612,-0.29202823549596,0.432754905272674,-0.180753275327302,0.184428564514969,0.652020073322268,0.317078461096784,0.144334763632938,0.414660498033785,0.166920316393736,0.0366007781097432,0.0767804523355755,-0.23164390032277,0.1128600222728,0.0324359923387476,0.0302102239082426,0.47749252500203,0.221578445068746,0.284915141169515,0.0613547272073334,0.240717484145251,0.20230037581035
0.0711744218866125,0.228798452965561,0.173050250469265,0.280277102918795,0.207139931222792,0.314609552291034,0.510581425077841,0.502446710625817,0.42816953253306,-0.102102868083415,-0.0891751364504402,0.160241683946735,0.205424778126486,0.18912236300024,0.123922033344454,0.174647869358076,0.160666700606784,0,0.271218582383296,0.417828246972774,0.418465502513212,0.081421599519189,0.336872284980039,0.161580420606452,-0.220560687671744,0.100036684475724,0.0773732321210454,-0.0902164231943003,0.0581277680061164,0.0478759101993585,0.0657203601627689,0.0216575761890285,0.0296653941689849,0.410007949363151,0.0786952535756145,0.32086770804948,-0.0473261354215288,0.231043142881743,0.217872346964947,0.331585173840931,0.305005854395516,-0.00218185898577349,0.0912019165718559,-0.029849871941398,0.187439562201207,0.0201086993679186,0.0564026811413005,0.120503529156179,0.373307361779122,0.0883559443095284,0.0467132113511581,0.251775583544413,0.202156633797991,0.289505579799586,0.3889060080451,0.282494507760919,0.480642694906497,0.466222588470971,-0.0219766377197282,0.0330176443798026,0.0125508372872474,0.203622429649635,0.147080833754365,0.195955203613216,0.201149190394751,0.140443046835762,0.305784242905063,0.186021206847974,0.151976749198852,0.58436627800138,0.273097829756083,0.150778388141678,0.290226350346153,0.0494356976021249,-0.0248545598566339,-0.072319405303499,-0.0316948313189771,0.124784347098626,-0.0147884167725372,-0.0834805445044697,-0.0831958379701444,-0.120374267940994,0.126649105578724,0.0628062636797841,0.0602071454268858,-0.053378542426099,-0.10150954422686,-0.0911993583402998,0.402787085115716,-0.189049790264496,-0.0500825441120565,0.0269891479957183,-0.142485917082082,-0.0883780676285106,0.157661903295117,0.210131102501431,0.0407977178110978,0.0557635824095137,0.287822179824682,0.128240868105081
-0.333524291317568,0.0916765197132196,0.135090162531373,0.393746845909186,0.0200798557395531,0.181220876060737,0.272394187351687,0.208515622762834,0.259503471328442,-0.268555477175312,0.298685373069499,0.397304359287781,0.76914686178132,0.586483680270453,0.42310165620122,0.0595757176474972,0.781813975751693,0.271218582383296,0,0.227640966038168,0.528809804134609,0.619124867350722,0.264282154580855,0.467954246813445,-0.0710800509738056,0.412836918391761,0.497751073053944,0.118749707060261,0.610723282733075,0.138253517103201,-0.151825736792513,-0.224248793557237,-0.177854723532102,0.534716099788266,0.661190242647207,-0.083846394512194,0.358555065922264,0.0291117334001752,0.227218672610183,0.322972342261962,-0.00863899392204002,-0.06595362032599,0.388066760256389,-0.0667280934401527,0.263633474633012,0.219492337700804,0.2445734592399,0.167927533461594,0.222853872614111,0.126556184153564,-0.274358593149534,0.341196057612195,0.219518329314018,0.432640835510963,0.316474035906688,0.200693770395689,0.402122065213031,0.332668374022548,0.0095213903784457,0.500963562918782,0.314794174897156,0.582635966469293,0.501336600264145,0.457262443913749,0.590383653007336,0.390195879134702,0.1569961440824,0.699113391642026,0.579199384755628,0.455847353737597,0.534819184510921,0.636655655301461,0.160655979740376,0.173257385226817,0.386292608139914,0.274217606985742,0.467429450560029,0.298762100148553,-0.260876822938914,-0.231152983300785,0.369060589516024,-0.268118262400961,0.133130033439156,0.589661820641742,0.270180449278538,0.130037379033733,0.386252268372557,0.0784848786587633,0.0810102326654599,-0.0744796251961204,-0.178750526451884,0.16511110477358,0.0833640701821334,-0.0694368788803318,0.393100814905042,0.231999613394754,0.180665295312448,0.0232197189830193,0.232718380508178,0.182348566693639
-0.124324491065865,0.0982470642116863,-0.0388492829247905,0.245988629520186,0.239289583942543,0.136298577012583,0.273935380921341,0.0217634647331339,0.230901212922124,-0.328755436432691,-0.0968788659852738,-0.0204221168059873,0.183597142708162,0.292411786653247,0.282352667977263,0.0581694489119294,0.169377261716745,0.417828246972774,0.227640966038168,0,0.442769489644945,0.11844263970693,0.195883853586981,-0.00401846545271755,-0.256243744661146,-0.0587538361065459,0.271015727995398,0.0443090896397576,0.298385349959596,0.0382643066572531,-0.324610551705578,-0.293320824861282,-0.0293785348020103,0.260839720556017,0.103716007915114,0.403467090216086,0.149420428661873,-0.158682665036368,-0.195570101091193,0.0516591547786403,0.0864393053395735,-0.213839147543549,-0.0659959734485011,-0.102959061315155,0.00485132154486283,0.0929821465656905,0.206412128503853,0.284659384186945,0.22297654449136,0.399515649017801,-0.129928780630184,0.116110741813576,0.115508964050919,0.348619625307513,0.112076732324914,0.0413016089633418,0.103414881766742,0.201127314429913,-0.400620462975128,0.0387496545655794,-0.0141893154410209,0.193208995893891,0.142172846993833,0.171731099300367,0.309331618805094,0.204217817807586,0.162756008404629,0.255505024941022,0.229150380686712,0.359628408928026,0.553948821492876,0.0804541719642838,0.142331564404833,-0.108918400542905,0.0609289802868858,-0.113474603048528,0.186016693550004,0.0851955438560005,-0.272019029315451,-0.299295317961894,0.04531420739394,-0.0629458035413258,-0.102875756846989,0.0591277617843255,0.201829112633522,0.118946900113069,0.192730119210234,-0.242950734343067,0.428830229008143,-0.110639517052667,-0.265935163519162,-0.203819108446166,-0.244042720977859,-0.26379214641591,-0.0193375527772666,-0.158337573089838,0.0115019549102785,0.122099323789196,0.113357532206256,0.262190397311966
-0.264070114000811,0.244624163844135,0.122050174476866,0.381602394032073,0.281628028129502,0.178468348407189,0.310918217756972,0.268995247060181,0.336447198112509,-0.166398779784306,0.0509692853943054,0.137018851543342,0.460078925126414,0.451092373076482,0.520847264302814,0.076144005680778,0.454128059227867,0.418465502513212,0.528809804134609,0.442769489644945,0,0.409490425273938,0.339949654076081,0.193707453282759,-0.151641301848955,0.133259924626011,0.33731925085709,0.190868931482585,0.494333846961225,0.231748220467478,-0.186301116583141,-0.146589998246761,-0.0159636668879734,0.405778275320866,0.287173645478768,0.0871852665522063,0.0854916981351863,0.000310385943613097,0.153720871184223,0.217658274064811,0.0614024972180803,-0.180452404434117,0.0929774153178866,0.043719610044663,0.0233789098673411,0.243303322804882,0.195713062869794,0.204501587958921,0.141750419159503,0.0459095988874382,-0.25046573056066,0.277898006409572,0.244563923760013,0.423300171582014,0.268034957111915,0.126470868350492,0.336594607630152,0.343530155675576,-0.148747875028996,0.166352815287785,0.176530127002013,0.403605335180444,0.413277798618802,0.283935904612976,0.409664978912495,0.407919281244371,0.139566050230475,0.505866020287239,0.318634797017937,0.525124797299343,0.629993744764615,0.401039824980329,0.231789234241347,-0.0104797421961391,0.298089881328136,-0.00111389524063324,0.243484170418843,0.346751039353884,-0.019254725586415,-0.238219342229988,0.152781310484645,-0.164947839067826,0.023278714042793,0.281962900190887,0.216359302889399,0.0357883839905176,0.155090843513173,0.0269170678976569,0.147788054931073,-0.17782198912679,-0.128381996259842,-0.0213297630630105,-0.0123454747903916,-0.176016976772058,0.149142426509213,0.0669220730980717,0.167674642493562,0.0645810503087228,0.0897101837615198,0.0545108425565941
