0,-0.0377489429361456,0.42759828372109,-0.0390318792459723,0.0424565568867909,-0.229441674517848,-0.314222840186733,-0.325707072823188,-0.286901967611446,-0.231942173628034,-0.0763615522773972,0.0209750329286338,-0.270709769918007,-0.314541525450409,-0.222821775285297,0.0697651462479402,-0.355404146872274,-0.338519165598672,-0.359105356859416,0.0179203332580942,-0.218763817426879,-0.153681088211755,-0.141129273980733,-0.223910086020254,-0.133024022408313,0.165703878520224,0.0177731576035982,0.124129424379353,-0.122196701260062,-0.129005763663931,-0.142787132653814,0.434967044404965,0.116926619069713,-0.209457381841122,-0.202991084917356,0.206189524893554,0.23577120190657,0.151392797566164,-0.0765584821752289,-0.143248355256806,0.00334571561755628,-0.160702530470534,0.16984711525746,-0.142598116501039,-0.106464794757045,-0.0605957172266943,-0.211646913970346,0.0456168679446472,0.181491358088036,-0.0503841270588104,0.685290621679512,0.0654622338404312,-0.0151338545177856,-0.0440353396879274,0.0375462220302124,-0.143575068045157,-0.330160840486437,-0.370589394787661,-0.321458631480026,-0.0644557885682297,-0.00527579472948719,-0.296046813010772,-0.283830503870998,-0.280836751506278,-0.356717628806742,-0.122724227832744,-0.163209431600237,-0.388466104195318,-0.33729750899515,-0.276782051217233,-0.341833832430345,-0.181182141333796,-0.206556296683925,-0.370210434463305,-0.24877830290227,0.0875429120166293,-0.263016682570714,-0.149345111972688,0.0108001994264075,0.114821980671926,-0.249599646040618,-0.044872228188255,-0.171901842762433,-0.263095018337739,-0.193193526964566,-0.220050295407669,0.132263526933118,0.127902566650594,0.021836104728613,-0.321290388236602,-0.0331279218393556,-0.265794275290058,-0.360434121775057,-0.284267608223843,0.0733780338106972,-0.209098278235476,-0.174344603685552,-0.0485636625736105,0.148826689708247,-0.0841320564531954
-0.0377489429361456,0,0.253172878207567,0.6571938299706,0.375525184840656,0.33147086447829,0.462504590340485,0.519207948152338,0.31179294140552,0.00816919846258535,0.0049862094539674,0.175259457352973,0.0303270917191685,0.0827389802341399,0.0291091721555981,0.465078662459744,0.186934987435692,0.341593385742223,0.225261387245617,-0.0330247039706253,0.181166983602827,-0.0146955112221415,0.138544273404253,0.184698592207136,0.0873509097513501,0.0692618969177757,-0.138407338252486,-0.115204456127351,0.199407253628846,-0.0338387532040421,-0.191320053782644,0.0927187644476493,0.0799922858354116,0.0228432222595976,-0.0945399653468428,0.0272115761825822,-0.0767270596596045,-0.19168560232871,-0.0532169532284592,0.0704316979541831,-0.142934731738823,-0.0943585006659217,-0.0648110398262592,-0.157337453745353,-0.141083406103359,-0.366520002352327,-0.207295479668177,-0.245889974690838,0.148638997224629,-0.0403237976850894,0.0208359209539874,0.744782166776893,0.561666526979094,0.573613814427231,0.325231771666515,0.318854405325728,0.469053621525277,0.456938344077968,0.0242658014406043,0.0284791678518075,0.074246475027068,0.0663329896685105,0.055319360876624,0.117685712336941,0.181304135608825,0.0220190874640681,0.148059981811698,0.188459712578674,0.153250143669237,0.350551430768532,0.173570417350432,-0.0015108930342048,0.131393985799287,0.130339826857615,0.0880864171417921,0.101864512884921,0.151538187730218,0.034713529542095,0.0559917520868137,0.108243879000352,0.0704475444629073,-0.184015974646142,-0.202040799099742,-0.123812665857321,-0.107812410031764,-0.118145585785038,0.0135147299368704,-0.289718372213108,0.0411687500690949,-0.00478910371712494,-0.0472617824856237,0.0278012333696143,0.159104540011093,-0.0198574794928621,-0.0411170933280901,-0.200690770335341,-0.303317703770855,-0.157018900133194,0.192224261343366,-0.0357551276319177
0.42759828372109,0.253172878207567,0,0.0374700794513252,-0.168935319046491,0.286564501888161,0.254000982012943,0.224748859896507,0.254263301877859,-0.121740319026078,0.18913262385562,0.4049415735701,0.0661631263382352,0.021039030568508,-0.0251335434890374,0.247980311145119,0.0581343648431538,0.0578219907038188,-0.057865181982104,-0.144656950851307,0.0546327925268701,0.0727415058658938,0.100148458992761,0.172035729883907,0.0587544138191129,0.375765516672458,0.128865917994013,0.221842700430024,0.0780306257065037,0.0997677038682815,-0.11184777441612,0.17819730642059,-0.0205331820881563,-0.0736185150806449,0.0545299225307281,-0.0435960284821851,-0.0682781108852703,-0.098917427997909,-0.176465992652077,0.0271440212467163,-0.144799643849119,-0.0191579232050412,0.414500507151823,-0.125748259311056,-0.131601909969252,0.0542582698166021,-0.157705259082743,-0.040800963591509,0.105278991844591,-0.121942600306966,0.465980080795866,0.426515138150725,0.26618528730868,0.0527951281188407,0.152419397129406,0.348696031073073,0.0824558080556842,0.223501384383856,-0.137802581220328,0.17667410213726,0.32279553939385,0.0761897610328937,-0.054563749994164,0.00165557679309894,-0.0133488275666006,0.0482066150928101,0.0664727947791061,0.0249825357435595,-0.0571336539082275,-0.075597770262193,-0.0313932296414834,0.149597967720003,0.0699509855184673,0.0124244145019575,0.185507193899983,0.426765049702913,-0.0116279579334132,0.0692391065945794,0.0870607850670853,0.0220375909299964,-0.0437737322483156,-0.206813919402521,-0.0410622796593004,-0.023975762437433,0.0954137484050506,-0.157810438615259,-0.128288602094152,0.0985126645074527,-0.180769338756732,-0.0790876744438313,-0.154877786840203,-0.191580267421901,-0.0905990655933625,-0.11131479508555,0.350862049610653,-0.155865013884719,0.0315469318195977,-0.0144996919464599,0.0959524417685382,-0.0607490111954455
-0.0390318792459723,0.6571938299706,0.0374700794513252,0,0.565415366027993,0.204695202385373,0.335006084454423,0.410825696832109,0.163423058786685,-0.0944434925841037,-0.0773527045704144,0.0867085865330525,0.0300609549066995,0.160315110888002,0.183628955433612,0.345399023497459,0.16110944074165,0.306730519309423,0.267402238611752,-0.0291103851709266,0.215182582403234,-0.0582482357298504,0.198467489906783,0.0873604144600962,0.0154077033849747,-0.0225012555084158,-0.298840518928942,-0.135274436359461,0.179596606979106,0.071174146962539,-0.193843416585194,0.233794738405645,0.303901713750645,0.0824909274011832,-0.204643336645055,0.0759825511987384,-0.0222969771178884,-0.178483914500838,-0.0229168910113324,-0.020055156590063,-0.0896293395643186,-0.128556663969928,-0.194127915872932,-0.107470190909909,-0.265043041667591,-0.383220436692278,-0.0554736710574,-0.154085533734193,0.175894044371028,0.0156233253965506,-0.113070004405652,0.587929180810211,0.493935003703741,0.800550331797528,0.388526275505399,0.120625558387485,0.349399794286218,0.247559402215569,-0.0707346626297145,-0.0542224722862879,-0.0067197608593093,0.0674348452243472,0.115560369618453,0.213004038819342,0.248774762233123,0.151125854932425,0.00742855350497145,0.164153749090632,0.150971961943808,0.272824167277982,0.143671102841994,-0.0548225764807061,0.179116148348652,0.0312235590362777,-0.068694968974248,-0.0237185907851211,0.114747708840086,0.174693542499101,0.0651465024827892,0.367814339972041,0.0651093165115356,-0.241537627256162,-0.426688404212433,-0.274319025275227,-0.248635604604163,-0.0209906250930393,0.0910677756348711,-0.308874669915608,0.0286516480210207,-0.111668845113723,0.00146683648787859,-0.0534318214493364,0.0578462765582589,-0.0630565314008806,-0.167623183918103,-0.209073303994995,-0.388020180897753,-0.0522587905833731,0.165306586361246,-0.000357479083352762
0.0424565568867909,0.375525184840656,-0.168935319046491,0.565415366027993,0,-0.111979300417706,-0.230586242821425,-0.172639738010069,-0.240806624306418,-0.145132828991448,-0.247406854218101,-0.17797115242039,-0.332846882923387,-0.272105933329431,-0.085914768702783,0.0294952478581543,-0.279602161454537,-0.131387609313849,-0.168800781766739,0.161018922002456,-0.0592323914713699,-0.263960632872021,-0.103514499809026,-0.120669548946016,-0.0986315597362899,-0.253960100206033,-0.347808267061669,-0.0678821315612216,0.179921648130911,-0.185829941857409,-0.319132241738508,0.0848504695444091,0.232423690773657,0.0137864689388459,-0.374436932839184,0.376187641760286,0.402903862294761,-0.167678284539645,0.0732581650081312,-0.0124843104218349,0.133219986963508,-0.305552963443874,-0.360149318006239,-0.128198765549606,-0.193683577881481,-0.392614959400839,-0.0260660507703195,-0.0905734051073897,0.163464271534382,0.116618922345405,-0.0560906896466279,0.141260308087573,0.0574355129961187,0.607225578466846,0.548671921464786,-0.267930656687109,-0.159271758070426,-0.196268725991828,-0.217939072394711,-0.199282895223203,-0.195900711960334,-0.26735126047055,-0.0346111613865115,-0.101677495973251,-0.0943305774708914,-0.0402789955049461,-0.140806389779046,-0.290665208761486,-0.164699177257104,-0.0403505064119087,-0.0828741165549351,-0.377103305998825,-0.179029371925381,-0.294757287710546,-0.290431311392405,-0.275787663827779,0.0355176232845078,-0.0704323126506463,-0.0579819408308632,0.0637433706157386,-0.0404426571469347,0.0630660468675725,-0.352075518040009,-0.368612749453463,-0.366397957423328,-0.0501134654366243,0.413454445489688,-0.148271556455363,0.312323347887902,-0.111622799763911,0.0605554591144458,-0.187319076519129,-0.197476872417333,-0.241852171440785,-0.444735134427972,-0.117443025080743,-0.438142995119474,-0.0362652630810277,0.127216250712181,0.141374091451205
-0.229441674517848,0.33147086447829,0.286564501888161,0.204695202385373,-0.111979300417706,0,0.626098900854926,0.638588379022719,0.737093297567962,0.315587759947263,0.356479282172413,0.326773448903008,0.539088699725062,0.509884285623866,0.22202949098479,0.26590805633245,0.583806555469323,0.5047654308279,0.468475440142414,-0.0881537063349128,0.249566379205509,0.306392776893748,0.231007698298604,0.33903607356467,0.276404543232218,0.226144330947965,0.0799744290583782,0.0119075521185873,0.236011142397866,0.152068712925596,0.044344590504843,-0.168585729635338,-0.130015967542517,0.114837466991524,0.313148520373404,-0.14734431641848,-0.299712223708471,-0.0294622815565251,-0.124970899863311,0.0692352959348315,-0.217751244179043,0.140999637190323,0.135955207607493,0.23190563932317,0.0578727864744923,0.0531485233916881,-0.0522763752765692,-0.196466560594072,0.382921713928129,0.0492825716300496,-0.121635627013948,0.337449274849917,0.211092897358742,0.126119240168816,0.211035661460476,0.718501750281968,0.500749314945286,0.68544588537873,0.429293469522821,0.356381191324216,0.329391152551205,0.552375885279041,0.3163855282551,0.296039325140075,0.243374876452156,0.0676481536828255,0.175531366674345,0.487911353466786,0.222509217694629,0.249539751048994,0.232789613761019,0.32745111793786,0.229097886269499,0.393695539813925,0.327648938281234,0.274395889111326,0.234251368995646,0.208019489315864,0.0749582876362797,-0.0795588378868307,0.00339011936396678,-0.334647583233817,0.0197588538355969,0.0845734018087153,0.0927753187247658,-0.124326424371113,-0.216228934004752,-0.120379511070746,-0.211852405291679,0.00133813294708954,-0.23602197746923,0.309636498637846,0.346027437254364,0.220455493967412,0.211022858665925,0.0617376146050594,0.105289611118028,-0.202003285394352,0.300159735009202,0.0131096191739626
-0.314222840186733,0.462504590340485,0.254000982012943,0.335006084454423,-0.230586242821425,0.626098900854926,0,0.828623935136057,0.686022545143632,0.216372771740437,0.247258532338706,0.287985966129313,0.458463424836169,0.462024282926989,0.214278795750977,0.522188125655691,0.591122793391854,0.661200689429419,0.519279383823988,-0.0995972986796826,0.373270095542487,0.296948550506736,0.308472356150493,0.370220486270861,0.22566380506895,0.191174380534957,0.0247097184022635,-0.181541942580446,0.188433702696579,0.1682363790473,0.164482252747183,-0.0286152154441169,-0.0142050046867115,0.167520902592304,0.286192627408335,-0.302233444194761,-0.482887109770772,-0.0392571539549831,-0.0853035871766558,0.209672602575207,-0.229953707383567,0.137220999448366,0.0992045363678283,0.0127406928100071,-0.103503070298295,-0.0566257055633129,-0.0648614229662009,-0.207459934854052,0.128238395755476,-0.068080451841834,-0.128754991806418,0.59688489492681,0.554197816463009,0.255361738764908,0.0629590339092916,0.611285549863739,0.759012957206815,0.740346817876226,0.309980403788898,0.254784873079899,0.212287400961163,0.451916979428367,0.183104914236657,0.346032580007188,0.398645168102046,0.113779990244692,0.359146686423601,0.592691551563936,0.412334723273349,0.498487276786668,0.401445758586163,0.358565849171116,0.342192345798181,0.522533483983513,0.369463668818848,0.229822223242268,0.255410777452943,0.216137285673982,0.201049896018706,0.136035733049486,0.170964524923641,-0.3280992858898,-0.0334432234324096,0.100759316234329,0.107332270387055,-0.0716012809152754,-0.279619333778818,-0.301258026554065,-0.229461370907626,0.079362534285779,-0.112284984055105,0.273301037827875,0.426570373711318,0.185104101882152,0.193583105341183,-0.095224520219022,0.0195806845661117,-0.149189678673455,0.128768192783661,-0.074281902767066
-0.325707072823188,0.519207948152338,0.224748859896507,0.410825696832109,-0.172639738010069,0.638588379022719,0.828623935136057,0,0.701602086616449,0.161630382428139,0.300118260350075,0.284091934848446,0.472466597666185,0.514047998573972,0.229586752320939,0.498167715985335,0.62566675977079,0.707996587425794,0.561659634216741,-0.135669934806242,0.320595185757029,0.260016364084817,0.332342406624833,0.339063362009118,0.24524526325772,0.19071219833123,0.056916226858691,-0.130086729860729,0.162800263413421,0.156047663039838,0.166210553647146,-0.088798268954278,-0.0422115519745837,0.199418492846687,0.270423084591931,-0.288287355464298,-0.485480228310886,-0.0794005860487363,-0.127022109544125,0.0659188127787889,-0.255146765445022,0.156108134345058,0.0872244274013901,0.112782173942653,-0.0258639085317192,-0.0559696073076901,-0.0918143451558348,-0.242687236873844,0.157881730559687,-0.0364683283914003,-0.169511407338728,0.615579442999413,0.562230340559003,0.280459742490499,0.0284574945100653,0.64176000392157,0.819834894859517,0.782839448631144,0.309598840183514,0.317139824846841,0.234966839557775,0.481841851000496,0.227192327173924,0.36369446395577,0.383782766735229,0.0905140010031085,0.259549657377472,0.612291940844859,0.470159772420593,0.565844265132528,0.349923006389393,0.386562206336701,0.358786899663616,0.473325214665906,0.363749692573461,0.248598714414324,0.229378947472082,0.199402127641461,0.176413722490491,0.074175638682783,0.196097170169946,-0.309416120281479,0.00937555686302998,0.159897699872002,0.156375935809971,-0.037790948931155,-0.306137623350355,-0.250756004294908,-0.220553968150948,0.11053280342345,-0.103274382310227,0.311966117068437,0.42814376009781,0.244886174087568,0.203918080034736,-0.0147658874527535,0.048233541601567,-0.147265688690098,0.192014937752196,-0.0787604621589995
-0.286901967611446,0.31179294140552,0.254263301877859,0.163423058786685,-0.240806624306418,0.737093297567962,0.686022545143632,0.701602086616449,0,0.276231359241313,0.292061998731825,0.302568415422254,0.46746187908244,0.531444299297656,0.221723887807284,0.258261809429501,0.541779702774,0.525420745248753,0.508502899304791,-0.163720950127487,0.23101666574821,0.231097521032329,0.237002897395884,0.273446982939736,0.167124364551967,0.173106820653552,0.16180089796419,-0.0768475363016743,0.13344378565591,0.151002716713859,0.170852625740592,-0.142018864919035,-0.0413942621140569,0.115768972769935,0.292770243540397,-0.230753024792993,-0.404145079207241,-0.107403198761679,-0.144987609419483,0.0545178652043022,-0.220105489128727,0.275029565252563,0.19149272218125,0.211246467292049,0.0585477310982928,0.109204460857372,-0.0184283926131601,-0.166858061594762,0.207836920592911,-0.0500247809328552,-0.139660009327324,0.374106253936112,0.281189217122988,0.0632855313322966,0.0968594671225519,0.685579769404679,0.542283215928664,0.762603197383065,0.423100805098353,0.297919885721329,0.236617645207111,0.44691407490284,0.183861704543238,0.321653883463987,0.250039028927386,0.0722450659232956,0.208320663036274,0.456643069765684,0.213581513923501,0.290956353700569,0.224838022228366,0.300208155573988,0.237604013693908,0.423557891821488,0.309077564599438,0.236386590353516,0.171049583423348,0.141483620049746,0.10296607469264,-0.0215388872182033,0.011810855120469,-0.271699481286735,0.0989280084070043,0.137624707662541,0.158608493714219,-0.0949585533336522,-0.290414232973277,-0.0992317307907777,-0.243228763886705,0.0556570225947137,-0.138876107120714,0.226413066928256,0.373585836735799,0.31852338177855,0.207711084766626,0.105029598630477,0.188303412025633,-0.185348729299598,0.169930679260575,-0.0765387802425771
-0.231942173628034,0.00816919846258535,-0.121740319026078,-0.0944434925841037,-0.145132828991448,0.315587759947263,0.216372771740437,0.161630382428139,0.276231359241313,0,0.032942175540662,0.133433643496871,0.225809439584911,0.200882621845556,-0.0990156663311273,0.0410013881006264,0.211964903347191,0.0124713629291434,0.107309681252324,-0.352235251531062,-0.0382465579251231,0.196353594440436,-0.143488756178709,0.27983601064881,0.481822529677816,0.0216907627290787,-0.0084037215405701,-0.103918157744507,0.0508404237651091,-0.0497511113424841,0.184640185321735,-0.190847727988014,-0.266182577025874,-0.116467246887519,0.254194502598583,-0.31131150758588,-0.237880058141607,0.175097892302886,-0.0309147218715928,0.485876309806003,-0.391385231889183,0.127834894704566,-0.121932595418813,-0.00333396325904197,0.0264863042099333,-0.12107094073392,-0.247999929881774,-0.411184290109984,-0.115570287046397,-0.340154725311297,-0.0961047861704202,-0.0573782621544048,-0.0332063467598027,-0.184977821811886,-0.0569232149363608,0.259182764041882,0.13663352184957,0.189364792948442,0.790612264809776,0.04015588932569,0.111619898553347,0.188715809033998,0.138169747715625,0.022421350894449,-0.0778445260193725,-0.13244187353713,0.1548395720045,0.0693788757693644,-0.0379331141217129,-0.0823851442644444,-0.103462562286648,0.192196257091514,-0.0531597677469215,0.430747349504601,0.206722331136074,0.159289894453589,0.0990682632238106,0.0121370645497015,0.189432907742573,-0.112812691205158,0.0312706876822899,-0.305099803480188,0.111975448173279,0.153147323022511,0.00661715146818022,-0.237200156533024,-0.0463407960922866,-0.104404423417579,-0.349710416698331,-0.0897871078862195,-0.253057554721313,0.440368835011944,0.271225372680688,0.20532815453036,-0.145723360074724,-0.0491887869958334,-0.0511968974571216,-0.386359183747217,-0.228651430367898,-0.236980760525765
-0.0763615522773972,0.0049862094539674,0.18913262385562,-0.0773527045704144,-0.247406854218101,0.356479282172413,0.247258532338706,0.300118260350075,0.292061998731825,0.032942175540662,0,0.597964508383292,0.423343068093607,0.271108313326572,0.128704901932751,0.0525160947202825,0.35662448006483,0.248114644911533,0.140637680791471,0.00414444345462852,0.12665269755313,0.269924895215106,0.113606654080681,0.303200299390097,0.266931442553458,0.528740536815713,0.204682087638514,0.321259228716435,0.179622478879206,0.160655240170156,-0.0202845576562579,-0.180054739578352,-0.280209768319207,0.115774285884153,0.260547654078451,0.0471174152468473,-0.115972201037852,-0.0370079113476281,-0.14891749229299,-0.105959806706546,-0.0711055103946085,0.17881265292432,0.382209958392503,0.214125495289552,0.252611754681692,0.126803054271034,-0.0742181324115765,-0.0933077357054744,0.240268478624455,0.168009560808489,-0.036712898411784,0.0406024017657454,-0.016409120236616,-0.0957494989434607,-0.0446164596460685,0.280170550627032,0.185635048706504,0.257857006809302,0.144165958149093,0.775760430561511,0.610041989378398,0.434653531399218,0.217485352688728,0.0922417353117632,0.0692592653929204,0.0394865806922464,-0.0183575072592784,0.336394069116252,0.169934472438532,0.116741793482904,0.118354499331505,0.416728130485031,0.133012321548281,0.161032206587892,0.431643209367624,0.578214305351447,0.202343677315645,0.180435795776813,-0.0977284866563591,-0.285904749941046,0.00603504617094616,-0.151975126367956,0.277550742942425,0.303294084657056,0.242897883657573,-0.0540224912018975,-0.212812421133737,0.173187217877753,-0.0383760555652622,0.161935607745825,-0.203488634331949,0.129931162700953,0.077421157089806,0.179104301352164,0.524623190910644,0.181821041860978,0.213375217249464,-0.0946126133606478,0.259734214740298,0.130085647080178
0.0209750329286338,0.175259457352973,0.4049415735701,0.0867085865330525,-0.17797115242039,0.326773448903008,0.287985966129313,0.284091934848446,0.302568415422254,0.133433643496871,0.597964508383292,0,0.435744647211169,0.32407303621713,0.203902924742874,0.109201000804156,0.345014797619113,0.204069567892873,0.166176061847043,-0.201885412422349,0.222651495513754,0.319470893382642,0.222439154549862,0.557675021101621,0.310226341729349,0.704076362481345,0.209932833791438,0.459127873023873,0.299955421640217,0.365998156348584,-0.101839623386102,-0.0856098996067232,-0.121571845645854,0.0807603864410759,0.251000283555725,-0.117219367926881,-0.128269619086183,-0.344259206332352,-0.386060392829781,0.0471172594791692,-0.338394535912274,0.126228614797233,0.414048473670436,-0.147953586066673,-0.0574312730076297,-0.057126002374583,-0.132866408448931,-0.173260638543668,-0.0343761575855004,-0.253478844769763,0.073265662673034,0.211291517919052,0.123741959558144,0.0263809676000898,0.0749978221110532,0.246544150829286,0.123104319013572,0.228266866332156,0.152121276306667,0.567350487943276,0.777791182232505,0.461015731111495,0.318917211345719,0.178791149198113,0.157627187122905,0.218672339910486,-0.117100839006854,0.333158755780026,0.173649081559282,-0.00559855326276391,0.0869454221707498,0.451721594873868,0.280571453091747,0.114932851357781,0.62329236787673,0.762566276290743,0.299951649734833,0.390557200321246,-0.0789911836288743,-0.16004037841836,0.19967279901619,-0.380003551125813,0.0222833328419828,0.21925706978871,0.306468265869382,-0.092495907130796,-0.257840737433285,0.0959825800203978,-0.327959703741757,-0.0289820633496031,-0.434957053036349,-0.163208554221403,-0.159123882656821,-0.0736036712778027,0.427653288874753,-0.226160444834512,-0.0525949484667584,-0.0835167855727998,-0.05522856588476,-0.229880967102307
-0.270709769918007,0.0303270917191685,0.0661631263382352,0.0300609549066995,-0.332846882923387,0.539088699725062,0.458463424836169,0.472466597666185,0.46746187908244,0.225809439584911,0.423343068093607,0.435744647211169,0,0.621054367414349,0.354171177088457,0.216049723947827,0.709076499516176,0.503047499051175,0.478999218764217,-0.104224198802298,0.335581800306745,0.622649154385057,0.370013403199228,0.414960118989148,0.273316934987274,0.427872291475628,0.15233755030354,0.104755181634352,0.189151059061588,0.376759089078645,0.184936420353146,-0.0949504215539408,-0.051868346707603,0.338309288061361,0.511002019160551,-0.323892115759001,-0.380503109843326,-0.0564088025033213,-0.167437842758272,0.111770338579488,-0.262940998828,0.167311841550336,0.164665626427441,0.0818992949854137,0.0120235072848609,0.0867662536067485,0.11666126376715,-0.0911590128105213,0.0931312793406005,-0.0465231343289133,-0.132481517244458,0.0677966209313688,0.159940420008172,-0.0941438789894085,-0.151732752051199,0.4471642236541,0.363038062477898,0.402455459939087,0.298005045503608,0.405814384368186,0.43687180798583,0.877236520470364,0.497982492660347,0.379994066964777,0.369029015454496,0.226073454123039,0.0765545522206004,0.621342499808905,0.409289448936595,0.266766349418364,0.283716554360314,0.623092965968404,0.414760082667709,0.404280059127657,0.45635480116764,0.341361012346402,0.290867444911301,0.379868716538679,0.0239578362712908,-0.0116518976054679,0.213501990709487,-0.30719073895371,0.100956138864331,0.2615190868016,0.268799179374251,0.106338758596313,-0.313005308486272,-0.0284996977078758,-0.304841059291167,0.0490331180998211,-0.157876429244296,0.234739603108155,0.250360767197233,0.132961221002575,0.296378496457742,-0.027101932886794,0.193131884654713,-0.0228020234329129,0.107959890144783,-0.108609139416058
-0.314541525450409,0.0827389802341399,0.021039030568508,0.160315110888002,-0.272105933329431,0.509884285623866,0.462024282926989,0.514047998573972,0.531444299297656,0.200882621845556,0.271108313326572,0.32407303621713,0.621054367414349,0,0.662312661223313,0.093617373132905,0.641598998054358,0.559581351298296,0.709353202117864,-0.130694319086434,0.474374719910199,0.399564339641271,0.6445429869317,0.361657241980323,0.15760345458114,0.230103568625784,0.168508937884196,0.0562194964114117,0.224342526384137,0.567943414705043,0.0845724844891338,-0.117263909844524,0.0370026727031862,0.278428497169263,0.251397837234626,-0.227980647857459,-0.335014401572085,-0.231556811517175,-0.237235193203519,-0.0226458908520581,-0.25886361285118,0.193850955985004,0.0407127191034653,0.073223072648248,0.0126951606797214,0.0906597328064837,0.238178912060585,0.0564083565872342,0.0398759903335516,-0.0878312310525882,-0.286965183084779,0.115090592007007,0.152268856235735,0.0139422013990271,-0.133184819731811,0.387686482254004,0.411844026731902,0.435424201815394,0.265552033656598,0.221779186977067,0.241642825046689,0.605579173821564,0.564243390999041,0.670743039312523,0.558665136162748,0.522952043530861,-0.0515273320448818,0.63746036730791,0.404453217425284,0.285151774012735,0.324572769760836,0.436645830960277,0.624632998846748,0.299720633919,0.300352026131341,0.201244667639394,0.287573556932228,0.543057499398103,-0.0269140468697913,0.0689280828755715,0.240301063292443,-0.323870101914089,-0.0303592039852974,0.136290260847952,0.254071170507041,0.250144159047371,-0.249614388775425,-0.106708715179515,-0.277671691720426,-0.00448241706965456,-0.196461611111597,0.0694547421088603,0.2121679117916,0.195649463107135,0.132013112383272,-0.0425306457305781,0.169418416081315,0.141552178596051,0.00246789019605765,-0.138427604178107
-0.222821775285297,0.0291091721555981,-0.0251335434890374,0.183628955433612,-0.085914768702783,0.22202949098479,0.214278795750977,0.229586752320939,0.221723887807284,-0.0990156663311273,0.128704901932751,0.203902924742874,0.354171177088457,0.662312661223313,0,-0.128735568078202,0.365370874073774,0.384236209066505,0.518208708309884,0.0549889323825513,0.653602034083277,0.204780898202163,0.680659658901646,0.246167299030236,-0.00511456969007813,0.124331531332019,0.0417375634170419,0.148638814094266,0.378721843756785,0.739280183577624,-0.0353700604284339,0.0469679211288606,0.0998097692396261,0.197015896132989,0.00970340003000787,-0.0269419956823929,-0.0611913009530398,-0.257939665427613,-0.185989881671043,-0.176301303007484,-0.105474412276966,0.070100144710884,-0.052086011215531,-0.00518483879677079,-0.0898395974559754,0.0849644796709456,0.38281359254366,0.298769733251436,0.0206868478608085,-0.0161942741455591,-0.358639405721735,0.0223804971330662,-0.0022760284211729,0.120295341537205,-0.0831467195846147,0.127817712576872,0.150363794815043,0.197179366392989,-0.0691996200856554,0.107304273031528,0.132644344173464,0.352627228373271,0.619337455798153,0.730713433573001,0.725141414322449,0.847443896298641,-0.193236152979798,0.530870919054692,0.348724414279831,0.152643090468875,0.492023014966033,0.233341486387992,0.716054484508366,0.0178958853688871,0.165244180708353,0.0807143539482901,0.42961727162653,0.726641441776986,-0.131766956218019,0.19361066784105,0.30366581434636,-0.249229331716263,-0.261535744145984,-0.045525254259484,0.214488672819375,0.401470036698824,-0.0806951528457621,-0.0194352846630873,-0.126759566853178,-0.0254741413538835,-0.181196491982426,-0.181743722578578,-0.0203607700229512,0.0144233370056256,0.0271390853634437,-0.069712032824349,0.0813822545271303,0.39614435377678,0.0320651117618096,-0.048984369972424
0.0697651462479402,0.465078662459744,0.247980311145119,0.345399023497459,0.0294952478581543,0.26590805633245,0.522188125655691,0.498167715985335,0.258261809429501,0.0410013881006264,0.0525160947202825,0.109201000804156,0.216049723947827,0.093617373132905,-0.128735568078202,0,0.302309341818564,0.487405883382149,0.20219557010683,0.0300289885034506,0.178961599535948,0.225600437355496,0.137129532606672,0.260455761450196,0.28289299013293,0.251242417134636,-0.0767466792681036,-0.132649450704238,0.159948531871565,-0.0808997455571291,0.0504483306545495,0.197073955425784,0.156052804845236,0.29661751044519,0.275544242791556,-0.201554435215849,-0.288506502944857,-0.0291198837944414,-0.163886220762155,0.198502276536416,-0.237076851131446,-0.0631148778119021,-0.0377127982378215,-0.290892298791293,-0.21084967473154,-0.363569114950196,-0.284911702407662,-0.275676936503637,0.0392212585852782,-0.166670001999524,0.24605861390972,0.612050596384145,0.712365258407087,0.273747938919852,0.11111782192982,0.351515366452238,0.579247100145168,0.325335612638828,0.0311693791857423,0.0584359629033162,0.0824446357853865,0.226333820137438,-0.0927285033735323,-0.00584534590735684,0.0832094663721523,-0.150099407193623,0.264237392335434,0.255032824111702,0.343757845372347,0.451485887290302,0.163084669930668,0.135276436296888,0.11030679950587,0.17286058928045,0.240426411515605,0.159764235423622,0.0513351410412868,-0.0409779977611082,0.245707364763736,0.0946740077629575,0.26899249442922,-0.225366118235568,-0.112102138786813,-0.00770799527293106,-0.0599354271799325,-0.216539684400253,-0.153951040976187,-0.287985111659609,-0.125656798795053,-0.0599554685117913,-0.0292794745911404,0.182678348788146,0.160241154076375,-0.0484116273723083,-0.0399843063156533,-0.330959270634919,-0.309424256269878,-0.205917301658666,0.0615852487038109,-0.181311310657593
-0.355404146872274,0.186934987435692,0.0581343648431538,0.16110944074165,-0.279602161454537,0.583806555469323,0.591122793391854,0.62566675977079,0.541779702774,0.211964903347191,0.35662448006483,0.345014797619113,0.709076499516176,0.641598998054358,0.365370874073774,0.302309341818564,0,0.664234724767601,0.654906682261873,-0.0413999075333584,0.373820449449344,0.508451947199893,0.431667169014399,0.399973424058076,0.228286554017842,0.266067037646815,0.159547139716224,-0.00449520241414775,0.211979585871795,0.287077108581732,0.127334521660113,-0.195128289765865,-0.0455831206138932,0.396776747075294,0.438589227223641,-0.306103449830621,-0.38585980989034,-0.153091945004576,-0.178735723965612,0.00942610907296488,-0.235850312038345,0.113160289965569,0.120016450575379,0.157839556299494,0.0919835756112163,0.0950305796852473,0.0997849008446522,-0.115578213719468,0.14730577063584,0.0237121800375331,-0.201871350559627,0.262299876616848,0.298989673996555,0.0416040440818742,-0.148080361534316,0.483426727177701,0.586380682016743,0.533424326057479,0.328571345198831,0.331548364868562,0.339045187814409,0.7253253901605,0.456759548585888,0.50919483316273,0.471525299313276,0.206606891597293,0.0882213826814771,0.788664064843674,0.51932485465975,0.439339565097146,0.400089504965928,0.545520242006857,0.466091474864295,0.432138437152754,0.453673187096605,0.224873523259822,0.331429015134535,0.322693379223745,0.0605999166961757,-0.00602178404639325,0.25327856803385,-0.2933497148721,0.063638212076071,0.253410279708207,0.291165907587607,0.105508282390159,-0.287740360023646,-0.208235425783469,-0.264929491652743,0.0881831127565579,-0.174927384075624,0.233587839344088,0.328890786114432,0.165085907797995,0.240879195674444,0.0125695386123993,0.184455319641889,-0.0747931426999237,0.129929986137389,-0.0685528793058785
-0.338519165598672,0.341593385742223,0.0578219907038188,0.306730519309423,-0.131387609313849,0.5047654308279,0.661200689429419,0.707996587425794,0.525420745248753,0.0124713629291434,0.248114644911533,0.204069567892873,0.503047499051175,0.559581351298296,0.384236209066505,0.487405883382149,0.664234724767601,0,0.620153075939254,0.258580946385181,0.521468796423648,0.37092102396973,0.532022931780647,0.359245992950623,0.108732424991951,0.184214438949977,0.0559524486905065,-0.0772326141223028,0.352224413213142,0.284163635854196,0.0872858390002701,-0.121077762599207,0.0270101377236089,0.557228500277735,0.333254083435539,-0.0955596354562776,-0.307841566934172,-0.288269453857474,-0.254536426666132,-0.0301909964084661,-0.182270957935048,0.0532137707751471,-0.0607312673344254,0.0197392897131131,0.0112272591278474,-0.119366377169283,0.0442667142594328,-0.084702260226151,0.236522596526979,0.0440781350619654,-0.237160090547733,0.427555362136077,0.471139035382393,0.197820989753188,-0.0574593025110161,0.416956156526487,0.745194082624074,0.574539720010479,0.109483046309804,0.208273140155379,0.124509617246661,0.493393616988816,0.314998212885367,0.463146053690743,0.539449986246871,0.245348212681995,0.172850762021216,0.676688402204323,0.674588661412216,0.760709322591302,0.578264146983342,0.407716085149053,0.513025138989786,0.311198992382259,0.337608376290371,0.102303353111022,0.382049569528026,0.31059149728611,0.0611092161107148,0.000132680536136519,0.405129037208424,-0.180159072973938,-0.0199854030270279,0.154492350269684,0.19265763130743,0.136852999058429,-0.177083345278943,-0.279989051186607,-0.0282376170464862,0.0890604511888116,-0.0880259435081584,0.132064153422811,0.229662324667861,0.0793390431926541,0.0579205654410556,-0.0607462342311434,-0.0232673047470814,0.0768762163443407,0.267136578691425,-0.0561132520408534
-0.359105356859416,0.225261387245617,-0.057865181982104,0.267402238611752,-0.168800781766739,0.468475440142414,0.519279383823988,0.561659634216741,0.508502899304791,0.107309681252324,0.140637680791471,0.166176061847043,0.478999218764217,0.709353202117864,0.518208708309884,0.20219557010683,0.654906682261873,0.620153075939254,0,-0.0393179961255573,0.395776606075916,0.272266873909779,0.494558268730617,0.348882804788242,0.0730091478071368,0.0710660497842062,0.0403272966389245,-0.122462241388816,0.12063231861979,0.31459032601546,0.0441817462346055,-0.0918929112135139,0.144453203583022,0.352019311731423,0.236119363106397,-0.261372552467475,-0.306931668262723,-0.250435160254866,-0.0945284320102342,-0.0290998744533118,-0.150746595818152,0.153238802715649,0.0292951164186193,0.0780915189802816,0.0242921499987917,-0.0172804853578343,0.20705883059028,-0.0196621986760421,0.0632923589282272,-0.00178590137574905,-0.349597220541541,0.292231462267323,0.320954425873761,0.142035019138258,-0.0734379583506367,0.437679956979278,0.568796983563724,0.541575947779457,0.204074901103428,0.113621769472496,0.0958453028506846,0.483723841660328,0.410310896192735,0.588718112608664,0.588725206326011,0.362025289695307,0.0635316635012132,0.679187799571752,0.447387305923839,0.442334526405875,0.356649327269687,0.284911950313435,0.509993049957951,0.354952127941808,0.274885575275344,0.0537554552758543,0.225210195238089,0.314793737625309,-0.038816206896879,0.123020843054145,0.232867207073706,-0.240560499813878,-0.0553016880238956,0.0827896022143971,0.0826622778050947,0.218134466892744,-0.277076386661588,-0.355086512343617,-0.2091919484594,0.0689063167844198,-0.0773020424090572,0.133999077395608,0.356299462713722,0.206206979393586,0.0861819821542378,-0.0808029014531533,0.0394761890167804,0.0379684862547256,0.0533218409083083,-0.101168911274237
0.0179203332580942,-0.0330247039706253,-0.144656950851307,-0.0291103851709266,0.161018922002456,-0.0881537063349128,-0.0995972986796826,-0.135669934806242,-0.163720950127487,-0.352235251531062,0.00414444345462852,-0.201885412422349,-0.104224198802298,-0.130694319086434,0.0549889323825513,0.0300289885034506,-0.0413999075333584,0.258580946385181,-0.0393179961255573,0,0.283304552243134,-0.0435508687599056,0.12937405363223,-0.158745416902879,-0.338830674029974,-0.118087224997566,0.06049829604593,0.0384631079942034,0.386980366448578,-0.04751841007587,-0.176220632743589,-0.0258778101449764,0.0366284035387391,0.471152639187808,-0.124674223732395,0.500187596856241,0.473520894472066,-0.145117787722072,0.0251858191338824,-0.190929697418281,0.450301528172403,-0.149443623061146,-0.208498048400125,0.0820793764293314,0.194344884214087,-0.0352686368711337,0.140524829605034,0.341215901001974,0.395626611023007,0.482322630759869,-0.0665075544816099,-0.0621531040903206,-0.0722673374506725,0.0548094399440239,0.0359067099780112,-0.183528997343938,0.00443013917431163,-0.115340545335352,-0.341898290500392,-0.0200520268976519,-0.198270484602373,-0.102848813266772,-0.00221393508313607,-0.0216753439867526,0.148078691398814,0.0290526354330265,0.0581043076325908,0.0510070753433489,0.274814956208865,0.325486796507762,0.474516425704102,-0.104053528990988,0.0844698511005355,-0.180956402174755,-0.106971320985835,-0.263449369740285,0.241974939274033,-0.05365298480295,-0.187901788428715,-0.137175919717444,0.11575199496881,0.327395024485484,-0.0420820952846684,-0.107154990008679,0.0607049875693632,0.166048038636821,0.371780383914245,-0.0178041191546377,0.573803182863908,0.145097196279776,0.091142231234951,-0.226488707911058,-0.201324948178606,-0.182791673458961,-0.152321927026467,0.0907595507985396,-0.0786459367429029,0.326333695417006,0.414872601749801,0.261584885494047
-0.218763817426879,0.181166983602827,0.0546327925268701,0.215182582403234,-0.0592323914713699,0.249566379205509,0.373270095542487,0.320595185757029,0.23101666574821,-0.0382465579251231,0.12665269755313,0.222651495513754,0.335581800306745,0.474374719910199,0.653602034083277,0.178961599535948,0.373820449449344,0.521468796423648,0.395776606075916,0.283304552243134,0,0.267763855191421,0.583078794919749,0.391333782978579,0.106723227421258,0.183129890990383,-0.0721538076648596,0.119169217251453,0.54313886839483,0.575604266185513,-0.07287454335746,0.120339963279781,0.0535377551362107,0.315147261581624,0.0467328263513566,0.0107379819411099,-0.0987035148161773,-0.228128080900719,-0.228781003876066,0.0123073589107662,-0.157758254798746,-0.0262713772615736,-0.127625507622722,-0.142741054884126,-0.172931258955401,-0.156004593881681,0.102211356832637,0.133387354123481,0.0455445267628452,-0.0329397421763907,-0.276892488844971,0.199606594258466,0.13389812336706,0.174650054516748,-0.0527311479647938,0.213921297475807,0.301757822864469,0.282602975772954,-0.0524240080366937,0.119297472350969,0.120991334240629,0.333265546645233,0.4408450846185,0.566501809578678,0.743148400400508,0.629804072737003,-0.0212988446066427,0.521178136193598,0.494715511862959,0.337428059744228,0.74281602806093,0.18835558941676,0.630627593456316,0.0516613315555844,0.297548564338059,0.125823807378927,0.493751497460219,0.587475802194021,-0.0790310030548056,0.13794493289266,0.41870955589278,-0.244313281458406,-0.317902052009078,-0.114001424837093,0.15004714060677,0.159740818457053,-0.0706705681989773,-0.151569717729959,-0.0361806590116233,-0.0439277797188051,-0.235315726904134,-0.151352910681366,-0.0248527823615842,-0.0507843956708717,-0.0917448961849216,-0.240817649705982,-0.13556764204894,0.256835297520199,0.0787424381382476,-0.0694403084220968
