0,0.0406293410093292,0.327870427238407,-0.0680767170973559,-0.0339470439587809,0.358084043871877,0.153596315317936,0.266428513715763,0.145880503810709,-0.109185848792505,-0.0870168022049152,0.024652636274387,-0.125273618030127,-0.170653338437376,-0.153789214196802,0.0154308053490641,0.00919690271771711,0.13900392151648,-0.0373032150816939,0.0273181841794362,-0.0267030356217249,-0.0595663175987391,-0.225470849917132,-0.156717526675681,-0.093641939331772,-0.0222390089640695,-0.178467666954574,-0.23446418330736,-0.0688573962148404,-0.268582389817193,0.000240028365151575,0.0828141042505647,-0.127187727074937,0.0316582577445129,-0.131650429090514,0.0441455919971223,-0.034829626189464,0.146854503479432,0.0414517827863318,0.14431453848744,-0.057074537222606,0.192611207380448,-0.0835604044363865,-0.0632113863018215,-0.100627303230202,-0.220866617706742,-0.247172026230391,-0.195512533786207,0.252191862026285,-0.0750407724969892,0.447607776062171,0.266370546830718,-0.0337512972253407,-0.0679558938426213,0.047084770501619,0.464643814929569,0.0979545318630579,0.162312734328912,-0.0712676901949602,-0.0880017528950043,-0.163065408491574,-0.0988578624718779,-0.160592399121086,-0.156983186211606,-0.107701710306272,-0.159803115235256,0.0990209473769146,-0.0461159974722137,0.0653087006710775,0.113064973237335,-0.0310346965835791,-0.113249755767946,-0.257493397759811,-0.051723278679641,-0.106181874174099,-0.0241156818925612,-0.0443769152324547,-0.260947462620726,0.153091159970431,0.0244583191286675,-0.0895890318664336,-0.154988480826084,-0.104834169318326,-0.1494842281938,-0.23606578639971,-0.268173198012074,-0.0396138843328449,-0.300256020543221,-0.0309509032004611,-0.0594682451280046,0.103199023175747,-0.204780113579826,-0.10903553104824,0.187993693363361,-0.149266540492109,0.0181669336998778,-0.19957157940719,-0.189176536849453,0.444999454803726,-0.0207409951957913
0.0406293410093292,0,0.258473219332444,0.62916214993883,0.527977879632074,0.132915716834512,0.380260004285445,0.50574173916113,0.293297654280257,-0.212116894965159,-0.0592833412696365,0.122256293896189,-0.0161660154949471,0.0613003433965675,0.0847402482843681,0.629920435369414,0.0609153954982642,0.479068022044931,0.0392013582712952,0.230611661489682,0.106890535083558,0.126469033245641,0.112836391106398,-0.148001504238823,-0.199357787640608,0.130405471861072,0.146784665495915,-0.0187802205330042,-0.057761092696524,0.131586009643635,-0.112457604148613,-0.0336332743667009,0.284540571304721,0.161931101018411,0.122713399251602,0.26090280956835,-0.0173265048689913,-0.141807736713736,0.00855641603300763,-0.0435771664642189,0.0439185382712259,-0.0370568722056996,0.101892607244685,0.0193627625476093,0.16935630601661,0.149082044183488,0.0825425090274094,0.1133645688003,0.00882560049073399,0.0983640085261927,0.225091979309911,0.597342047024371,0.522476500446434,0.475158474110119,0.405288886160116,0.0297614628546024,0.432991197118482,0.346796488679652,-0.281354939061695,-0.0564946617479982,0.00130363683582706,-0.0214551001740365,-0.0803117896626771,-0.0415515836404045,0.171623961086509,0.0883222880888188,-0.0344168159738494,0.058194175211794,0.189437231846524,0.364721260698715,0.219013419595136,0.164268373674713,0.124646887909337,-0.232345567704319,-0.0117939221089479,0.0247237364401659,-0.0597970728279933,0.0619377031491103,-0.0791344362871191,0.0714317325744219,0.0834447113392124,0.0525264708366389,0.140979972047562,0.104932050069984,0.0905586207481694,0.044324212656799,0.0447918299689482,0.0327158685416656,0.263206294052204,-0.125841885846925,0.201628705804334,-0.102646290372939,-0.0753677169971793,-0.0754575675528049,0.116117056876272,0.114962056286651,0.208140766516578,0.169774613318811,-0.0309942754638601,0.121710378903879
0.327870427238407,0.258473219332444,0,0.146117366455937,0.194255476987658,0.601946257397662,0.458767128954286,0.48672538543701,0.55478319730692,-0.0723713028604874,0.00567370578317738,0.102894973251695,0.108479995960522,0.163682341882304,0.0932148603001275,0.25255867077381,0.176882523761855,0.427558323297392,0.14109432208945,0.388551027690112,0.257124732967433,0.0357149484749966,0.0678705713270521,0.0954982829579191,-0.132309087555854,0.13513326316338,0.15013317131883,0.109982917024357,0.272052346957094,0.046626375401219,-0.000701248518574369,-0.0106933842860211,0.172762648405335,0.259066056765773,0.0893245461695558,0.410597037149516,0.290655666016408,-0.0187161909008511,-0.13353963343137,0.0132353991768866,0.0287169559059289,-0.0441643511633159,0.0123473062680951,0.188114101243528,0.270571582757754,0.130168589535084,0.0064724769830158,0.0521925064032419,0.220072385517774,0.242254697352825,0.293759717842381,0.502735290886461,0.334785735212069,0.205116060862304,0.469175538512347,0.524114814911642,0.431419336991549,0.529960152726397,-0.0512123917474797,0.0970797108641749,0.0574920539549964,0.150232250213067,0.0326039699613515,0.0829540911462193,0.239031897301872,0.0223027456634547,0.270468201746603,0.300031525303956,0.327093335902701,0.383672512786385,0.306485312665388,0.0894527293399394,0.00798251387626359,-0.0635988874210877,0.117387082888419,0.200248241998664,0.320940681173876,0.0249325317127791,0.32501280740888,-0.0222866186768064,0.224459300443173,0.133484653298428,0.242587401608501,-0.111080696772582,0.0897409609150833,-0.177557075025881,0.290120859932023,0.027852286926152,0.280641380095772,0.158044472337879,0.0995675898134203,-0.0510628984653585,-0.173721292838113,0.154058690391236,0.0957227292510469,0.203512586309692,0.154134332344102,0.165285866093327,0.356491237118107,0.177664184598986
-0.0680767170973559,0.62916214993883,0.146117366455937,0,0.470099500625895,-0.0419276612152144,0.377951323828582,0.477478016752283,0.209646088876231,-0.17698253125473,-0.0983987360012576,0.0807919222219389,0.0469852572558916,0.175631091252323,0.160272735127279,0.577135163973181,0.161889958786717,0.467355948349025,0.163363576583001,0.244039392555357,0.091232188604972,0.289298296976435,0.309083704438532,-0.0366005558646494,-0.14548501802185,0.211265928481229,0.370192535924431,0.221609593517704,0.0261880307811112,0.302443330857612,-0.242211863333372,0.0293657683690863,0.250349520651619,0.230793511747763,0.313531419784424,0.1417404871762,0.135269594533018,-0.161299179904883,-0.0307869470610414,0.0396697415604905,0.0972881724905899,-0.0998841756646032,0.235460595362499,0.078497205589497,0.323356639823332,0.310371526448791,0.273836535943752,0.305375421940391,-0.186486176834556,0.127056902273383,0.182010655808138,0.42174817694046,0.578638248957669,0.615700278951612,0.302511940204451,-0.117151709699199,0.524038057493148,0.289801554687477,-0.219145842537014,-0.049617786662725,-0.0378687069358911,0.0268092390406974,0.036158915878489,0.0276383592642565,0.26897010252998,0.137724829074819,0.0871033599831499,0.164267148920118,0.262875060282488,0.400454798588006,0.208878941812622,0.261264112720203,0.284540744818953,-0.17737858189037,0.0966765531013583,0.14350684779546,0.0241498476312988,0.292203170986432,0.0240206454898618,0.121375521095144,0.248048389166972,0.202133855748569,0.320392186964013,0.322484574784399,0.307718772566289,0.25948725609714,0.204261593498553,0.304540535263324,0.251729488182395,0.0435977639381762,0.179865707173171,-0.0260562445757498,-0.102463207023043,0.0507544870364797,0.244447141794867,0.238594985634457,0.386157419105221,0.315956514919295,-0.137728623024485,0.175520172265285
-0.0339470439587809,0.527977879632074,0.194255476987658,0.470099500625895,0,0.241571012022127,0.0817562891883999,0.345160457698111,0.510173924033797,0.0446089513949792,0.169870119250521,0.241167170929651,0.0587718173081944,0.187815580532457,0.234646876400634,0.459783460111567,0.0139943350580945,0.38421461100747,0.0410430871339243,0.384880685033027,0.195648898300521,0.0320365691972006,0.214434025196063,-0.0143031198054588,-0.0981714721887917,0.209401519194624,0.184210928133867,0.115304084444694,0.0560364819321587,0.260750104056298,-0.102120153249439,-0.0579023364174436,0.387457598255999,0.211248645833815,0.188919134110408,0.40668203221003,0.130925934625309,-0.228714683475033,-0.206107969382449,-0.261798735055554,-0.0884182857505877,-0.124550638500958,-0.0230814429192758,0.189932400082809,0.372374248394443,0.114880422178306,0.0822877798158668,0.0344996177842321,0.06245027753608,0.0469072677188563,0.184445438206756,0.303845802624253,0.469199686125555,0.539243466476697,0.529038119012031,0.0709484309190796,0.375237018096836,0.441181035922619,-0.00880573750739277,0.312611037815698,0.23113074664226,0.124905401488381,0.210723712503628,0.144288853691348,0.302419481017643,0.256035994176285,-0.0157701394199733,0.178959469183606,0.256953742968211,0.333073084937243,0.430023588889959,0.124282585170499,0.261486862564941,-0.133695446863131,0.352401181722434,0.312664837387738,0.147215320195274,0.262810692555694,0.0556130911654362,0.0144035401420864,0.345557504106867,0.0698175719271266,0.24379205399475,0.0689902138456624,0.223127833203698,0.0349136791984175,0.195894481937671,0.0329170109128737,0.377503764984342,-0.00824393760916554,0.109331534012077,-0.0651355861939917,-0.130728151286575,-0.0380790090656903,0.163038555158689,0.130505791378673,0.188944622426026,0.141599947272296,0.000343412671961258,0.0723011761920619
0.358084043871877,0.132915716834512,0.601946257397662,-0.0419276612152144,0.241571012022127,0,0.391876608678343,0.436171177890976,0.580797797174735,-0.0403579229763935,0.183270719648839,0.236401690541976,0.21206886728213,0.217138503760263,0.294108953406126,0.159150144245119,0.0701373110073092,0.250880523132266,0.000219053591025653,0.348689137602832,0.252957455099155,0.0477849438959962,0.0951116468371691,0.0611861249767426,-0.140761338181105,0.172968312816226,0.0519142357358793,0.045862977919144,0.195868423108438,0.0988705760311819,-0.0567808393817002,-0.0547069147226313,0.209861554749038,0.13114105341817,0.0787892550751979,0.386472692179857,0.0858043572221815,-0.00123009801062836,-0.15086970222818,0.0565676615034498,0.00469854365681912,0.10739519174814,0.0286703873863475,0.253885318116493,0.213081325288398,0.00515783545649245,-0.0253884436647876,-0.0252275605699704,0.525598013959524,0.129264481845898,0.312039458462335,0.396867033143954,0.233418735419197,0.0611167388004367,0.504474644800266,0.79639495437016,0.280112018210754,0.446661504027593,-0.00223267777860138,0.208623296285882,0.146050752982524,0.322406944788899,0.282091538908486,0.29585213071454,0.307267621831672,0.299206929543536,0.269127952922576,0.243386382219624,0.178498826147574,0.225497909263922,0.3542348200753,0.0895077004737255,0.0115868491531876,-0.0580008786704432,0.127392147535153,0.2083246965233,0.294603388780796,0.0629409442288087,0.187221161388539,-0.0857445093398701,0.0995276980359691,-0.0195379258668967,0.185899363708447,-0.140898945021456,-0.0246621164517325,-0.214602725179173,0.17555637995622,-0.210064015519632,0.234696779140748,-0.0357879143216199,0.0260608819832463,-0.153547422059484,-0.119225883767654,0.134504696635476,0.0908136926648969,0.192791911936645,0.00828197753984895,0.0418084897029743,0.535512025277124,0.0874773946647912
0.153596315317936,0.380260004285445,0.458767128954286,0.377951323828582,0.0817562891883999,0.391876608678343,0,0.563811462695247,0.294055799180837,-0.203391184067227,-0.193286260176551,0.0408649734555461,0.0409460414706097,0.10290323566144,0.0996898468859818,0.447776038129633,0.134007788927068,0.392851746433158,0.0413012845429405,0.294601338777966,0.116450706417035,0.273728477011649,0.290221123735979,0.0946783861260552,-0.141840977301277,0.134867486168074,0.307055840556992,0.150996460879458,0.0496715443070576,0.25025933979809,-0.127077461669287,-0.0194947913170211,0.220422422716236,0.174638316240705,0.263744664266847,0.16453267391047,0.0256263016404848,0.0192469039176917,0.12460339774181,0.44438981538477,0.326667215644456,-0.0625485583588797,0.284911102843633,0.146044416013997,0.201505596856072,0.293479018690149,0.28160777403933,0.27551691826086,0.222544782855494,0.26833089112387,0.268982624645811,0.433926292298781,0.447667448146103,0.320804845737839,0.199102031101592,0.321587688027263,0.487866486113359,0.308473758423024,-0.248031352515331,-0.199670364111808,0.00102366245289517,0.0775693284418182,-0.066776037644436,-0.00556563250741514,0.195997452524201,0.0394393184267062,0.523000287710526,0.143778507517788,0.200312772821002,0.314236337301495,0.138098655856909,0.300213888471418,0.13615315975014,-0.000854532804713031,-0.0641714534821332,-0.00890466497245295,0.0691857582316878,0.136381653954917,7.79632575749e-05,0.0137622150460579,0.132955065787184,0.243582334942147,0.31393798762344,0.118778395053796,0.177165547726116,0.0920445375744548,0.0673941076537036,0.124635805535273,0.228005677392428,0.135826248401841,0.158929305379576,0.0165457487662019,0.0352282498654802,0.0565014785789598,0.296363089875668,0.23485538109964,0.325385033082533,0.312715974063688,0.273840612774779,0.267760078068442
0.266428513715763,0.50574173916113,0.48672538543701,0.477478016752283,0.345160457698111,0.436171177890976,0.563811462695247,0,0.552528386428001,-0.204226606932318,-0.0549321860522703,0.217810310469466,-0.000668420505165308,0.0754179077102001,0.0592342724641901,0.452068495831755,0.172440723964429,0.58634007085283,0.0783317157704328,0.349250868801279,0.174300416379998,0.201017870017192,0.17777639113649,-0.0569977661731647,-0.183093545203468,0.256799095793497,0.214450553364473,0.081702056873564,0.0267304361993235,0.130719085340998,-0.188200713631668,-0.0163466010483473,0.143221354759883,0.269945733474075,0.20537615001478,0.36658713080214,0.0938056819353443,-0.103751960053443,-0.0155005317297303,0.115973340747125,0.0513022216130345,0.00541529126408884,0.143932212085036,0.111237246390674,0.219932614373694,0.0937412530275911,0.0749231452652526,0.0889117007729709,0.106491373121509,0.128836741255317,0.292813861495245,0.557643349414185,0.485675897226886,0.461872023650505,0.503297338599657,0.306954825017223,0.648782165707311,0.632994130503448,-0.226792812498434,0.0390647052549783,0.0937358530327703,0.0793453847472225,0.0373105819988144,0.0326402297276881,0.198610466906732,0.0128310100235726,0.215750072730941,0.198182439981695,0.285445156433994,0.433982835941877,0.217228276091397,0.239435550214951,0.134135384878921,-0.116306198175347,0.0726068291480236,0.188052417633609,0.0327266860888363,0.102767379553765,0.0256925960683327,-0.0456457204986241,0.139778062158695,0.0609397764959368,0.286566123604286,0.0806546261442479,0.113443097050272,-0.0368892866985466,0.152350730243699,0.0518878805670747,0.271968198398277,-0.0254193844166451,0.127026518779873,-0.0852768064361516,-0.0263061083969488,0.101392526300735,0.181069467866628,0.224605087428428,0.153897584042285,0.164920817277072,0.193502945611803,0.125756585688937
0.145880503810709,0.293297654280257,0.55478319730692,0.209646088876231,0.510173924033797,0.580797797174735,0.294055799180837,0.552528386428001,0,0.0862105608111883,0.181105772493552,0.220417219286431,0.122955533959066,0.233076872133193,0.187536508267811,0.254977363255332,0.0884998384511691,0.484289958096818,0.117344689369656,0.507646893803253,0.304848146506124,0.0405813380712585,0.149836941692354,0.0252302386725724,-0.0917000684575058,0.177001240066753,0.172786939007908,0.0963987217110072,0.177118689772815,0.15900017065917,-0.05201276297673,-0.0269945099237294,0.220466908920955,0.323884021589368,0.169132168678857,0.678981422517613,0.212137256592821,-0.051315401398407,-0.0891946413913937,-0.127497763569461,0.0431278457375776,-0.0731866914095071,0.00976275354092195,0.250643424442692,0.393617874053663,0.0837289593050156,0.0409004479144211,0.0407948481681464,0.341005845881083,0.213845115068043,0.159768246525145,0.309452102210173,0.4064156433099,0.265609261305142,0.567188458455646,0.44753491003156,0.454261367698535,0.783382045198879,0.00425291305652227,0.289463058592615,0.138567047429275,0.218931162685844,0.207762487084566,0.261677416715961,0.311693990875453,0.183893792145495,0.181996365898325,0.273970769151555,0.314724759984981,0.37455339100543,0.423869933757404,0.137948930893435,0.161474115263729,-0.0905848998697608,0.222400949112205,0.274566514853611,0.241560374071057,0.122244716799968,0.218215857783357,0.0314302740880026,0.156768872468995,0.0878082656999608,0.267829479677334,-0.0330091474709894,0.147667034237905,-0.0779316298902096,0.253850620332204,0.0172763587683559,0.422760033498287,0.0315761069240387,0.0411134321641374,-0.0654907929656842,-0.0861133125514153,-0.0448439611285001,0.11158094319144,0.209046058323877,0.0976956863674301,0.127791551891691,0.288785151910799,0.140989410045232
-0.109185848792505,-0.212116894965159,-0.0723713028604874,-0.17698253125473,0.0446089513949792,-0.0403579229763935,-0.203391184067227,-0.204226606932318,0.0862105608111883,0,0.579173602161678,0.32533974730968,0.101184244709118,-0.0215268478293603,0.0344488115386545,-0.0824790299337946,-0.188246633158814,-0.210006710017736,-0.123120531454703,-0.0283177181400227,0.116717841694931,-0.225135681123937,-0.125299142697406,0.386765521889932,0.630300502648687,-0.00176454174631784,-0.034239253321228,0.0678561640525061,0.091667925717353,-0.00248162937937338,0.196363134079579,0.405832850412875,0.106603005771088,-0.0364548736775105,-0.123720632436502,0.018464299453258,-0.0330565346743201,0.460350580566535,0.168281577237882,0.0552352114659579,0.141882057694733,-0.0856640186333171,-0.132483435439326,0.0522337239145271,0.0608776620444068,-0.0733874411129681,-0.118846038279828,-0.179178092393367,-0.0334435169964915,0.115943595648428,-0.0914835731722958,-0.329150329578764,-0.123922416382562,-0.214262701535508,0.0198174234971358,-0.117366302449556,-0.263655491034397,-0.11769438034486,0.655951786665215,0.444766462145676,0.304861403290338,0.155753060278016,0.00472076147338312,0.0154906213354823,-0.0341472911169879,0.0796918157552134,0.0590059313678553,-0.228526025364011,-0.0519547718062666,-0.141425071655977,0.072070084471844,-0.118121851939711,-0.0223004470817316,0.335712367187768,0.356051004501541,0.215445963663057,0.123245317397183,0.0701788548521783,0.1902806927509,0.331476148092573,0.0524452962881263,0.0550365967427019,-0.055769278649601,-0.225539012120545,0.0181454168384909,-0.138151008642881,-0.00336403181409141,0.0481993786478068,6.13752177484728e-05,0.277346310508471,0.0867335779205145,0.334729207688086,0.296072529869813,-0.0783720109172603,0.0624684689307681,0.0383017335888116,-0.0653306734735722,-0.0718733847299573,-0.106471732840599,0.0960951478020751
-0.0870168022049152,-0.0592833412696365,0.00567370578317738,-0.0983987360012576,0.169870119250521,0.183270719648839,-0.193286260176551,-0.0549321860522703,0.181105772493552,0.579173602161678,0,0.621133290227594,0.309293676004044,0.228650173383158,0.291948910318976,-0.0244393545901524,0.00641943201163143,0.019841526318343,0.0221537786530272,0.120254227658153,0.223843891053355,-0.0668109388269784,-0.0313359419173929,0.409348565143483,0.51731988389929,0.230938706262051,0.00827401843880932,0.147676079492581,0.203509648483301,0.0726413383990003,0.0858340034667261,0.223899920817665,0.0975598926633356,0.0515895640677229,-0.0183555684255281,0.197476964764651,0.135281255304827,0.14497488521094,-0.0582885005786143,-0.0504959238991903,0.0470334118580209,0.15780709040734,-0.120344133490112,0.161914879696828,0.185635195347356,-0.110483691770476,-0.0971364506978975,-0.143377697135851,0.181994884417657,0.121309904683127,-0.0757614104457499,-0.167755443002796,-0.0392701140301911,-0.10054008865404,0.190683989055053,0.0551074832899165,-0.142575879648546,0.0236586666391036,0.549904176200385,0.692722674312581,0.473941679838669,0.398176036328391,0.220635624358363,0.231486111462597,0.235980433370377,0.302353961212263,-0.0113406737184457,0.00855632869603293,0.130633578451354,0.040859968289943,0.275583586365268,-0.0240177020161772,0.0227071783137498,0.152801002853544,0.531637992940339,0.470496077764801,0.265051851886338,0.177242900120098,0.257408852303239,0.155485334960527,0.223536074365721,0.0141253483091613,0.0339771899911576,-0.126897346576788,0.0344476133364394,-0.169305506755107,0.219276355979776,0.0268331365564405,0.15184131690626,0.190120760681761,-0.0693822197531377,0.174077122888236,0.0993922107913588,0.10396795710065,0.100375553494903,0.154072633784332,-0.0528456607560144,-0.0413172614397853,0.0320093942440139,0.129507568462226
0.024652636274387,0.122256293896189,0.102894973251695,0.0807919222219389,0.241167170929651,0.236401690541976,0.0408649734555461,0.217810310469466,0.220417219286431,0.32533974730968,0.621133290227594,0,0.417277583733535,0.30064572165391,0.365706047666851,0.147636606793877,0.198419301434642,0.225317351401454,0.172731670315732,0.355617893275544,0.322209556813638,0.184440086416103,0.0821701670450291,0.343148956268571,0.239609059354602,0.450816320029872,0.116156942314058,0.19417930208434,0.283318659856004,0.127308394344761,-0.121267276352015,0.0317344101101431,-0.041485801095098,0.0872298320476142,0.12045708236337,0.273970210938301,0.215760836295114,0.0225128612778584,0.0236548673682516,0.125219687918725,0.0303031618758262,0.202565501828006,0.119537379781369,0.135842161975191,0.226939874836711,-0.0553269309324143,-0.0215796265034079,-0.0605170493699376,0.0498975399994965,0.115261876684731,-0.052755799982428,0.00498562939127747,0.0590042345147082,0.0281035343497354,0.24600877292049,0.0960881608888946,0.0192581828597277,0.163930678609519,0.338114223235211,0.597004074645831,0.588426268904026,0.460534771207655,0.314808405915113,0.31838406778984,0.396373444430767,0.329822603263199,-0.00471634376291909,0.188060104486317,0.301531412072759,0.1405647019066,0.445412850104747,0.259063526551484,0.113025164272118,0.195385782739601,0.635635777984603,0.547957597568625,0.340166927763144,0.223187565189875,0.119108978041096,-0.0493373790457574,0.435057919236006,0.119329459195987,0.195761761417221,-0.0011147585098627,0.106252129277466,-0.0803221275820975,0.278064084139973,0.0789307612029897,0.262341437592505,0.233734065499732,-0.180544783239076,0.101334345758996,0.120314262433549,0.212081780221888,0.25834209194872,0.244903667519259,0.0513260070100816,0.0664533528089865,0.0560466057327395,0.162368802261612
-0.125273618030127,-0.0161660154949471,0.108479995960522,0.0469852572558916,0.0587718173081944,0.21206886728213,0.0409460414706097,-0.000668420505165308,0.122955533959066,0.101184244709118,0.309293676004044,0.417277583733535,0,0.649299594247193,0.602683830514148,0.0461865929536921,0.371860277648101,0.038408704893507,0.358516315122339,0.206377768894305,0.37165303395472,0.558962279180408,0.363021311757739,0.219030696325609,-0.0139048405990111,0.487750648603507,0.288480657034386,0.434172007091427,0.484184541208827,0.375875220277335,-0.0544285347435188,-0.178787342232767,0.0113596457736694,0.0290819206118992,0.365025060157657,0.107609686127393,0.249454406479959,-0.118737313796712,0.0132105095002656,0.0524272651304723,0.00653539039483047,0.222122080825881,0.527486964496396,0.377194148803288,0.417730301202189,0.282213148379285,0.34126880486689,0.313638480303185,0.0275726202377736,0.118611395217244,-0.151990042925531,-0.0271657725948663,0.0826272687916731,-0.00110051955810416,0.110271833373865,0.121877009527722,-0.0283564100184269,0.0337001112672069,0.207228049970675,0.298840712381535,0.327485430980654,0.700547004138513,0.525688552747053,0.559149835335796,0.589917176241566,0.541488590144982,0.0640093332502207,0.368354881341713,0.138233808638409,0.00565716679718468,0.404861490454327,0.428439175690986,0.283332819075518,0.0422179963779519,0.34330833787561,0.327005886444821,0.534440434324334,0.356076866286284,0.146901602667686,-0.169006660980048,0.239206238218915,0.13242111668231,0.436553992537622,0.212926069366442,0.293986848866609,0.204762679431289,0.286285713175642,0.305382504549728,0.0664821719931965,0.0972402797750068,-0.146431460143105,0.0808816296519843,0.00652247063164055,0.176775567370239,0.460570956619581,0.393129258998462,0.301278485677093,0.300042706873425,0.011119892014697,0.104154856488438
-0.170653338437376,0.0613003433965675,0.163682341882304,0.175631091252323,0.187815580532457,0.217138503760263,0.10290323566144,0.0754179077102001,0.233076872133193,-0.0215268478293603,0.228650173383158,0.30064572165391,0.649299594247193,0,0.742205959531439,0.101884911593317,0.502179695085558,0.22407944880472,0.538833373988711,0.287616684382822,0.508678154441307,0.511519692471112,0.595544400696474,0.24886482673997,-0.0156172398910337,0.382452321477102,0.369911563806249,0.508687336204988,0.516261039287738,0.552802878203855,0.0867052242187927,-0.169167910441754,0.139284722936042,0.31959599518566,0.477947885743412,0.209522295279398,0.417484168489445,-0.174827307013054,-0.159867537797581,-0.0948998944229726,-0.0258343309256446,0.117104196650074,0.340616128921512,0.398891819788065,0.510462709176198,0.37813973800308,0.466003680360251,0.444100116752193,-0.00230218569185533,0.132506706241884,-0.160140741056169,-0.0362579338432901,0.225588831812599,0.131138273350797,0.0968368102364167,0.120017580649477,0.0805277371875409,0.143612263331822,0.0818296612861826,0.269746019605615,0.263725339810668,0.472567312550532,0.468661089315859,0.66381717027465,0.651525829390488,0.658255810508571,0.132833775058002,0.5422306206875,0.396412332580104,0.207876691471559,0.476728037778658,0.402961668218544,0.449934020907232,-0.0474084349654426,0.309245039658759,0.327961340264932,0.529214173533294,0.457186052062153,0.281363624733482,-0.197777870694794,0.324332414675259,0.262300981719161,0.493552942865026,0.266809973518729,0.390920294992666,0.252700550609714,0.424204489324841,0.360584509535211,0.121136771806124,0.128430296350486,-0.0900707839962046,0.0656540313759877,-0.0903585027019412,0.158009091609939,0.359189579183306,0.369827354900611,0.395261502552661,0.422644307376827,-0.0204617085055149,0.0892819783678129
-0.153789214196802,0.0847402482843681,0.0932148603001275,0.160272735127279,0.234646876400634,0.294108953406126,0.0996898468859818,0.0592342724641901,0.187536508267811,0.0344488115386545,0.291948910318976,0.365706047666851,0.602683830514148,0.742205959531439,0,0.194539964576749,0.3053466727494,0.124304509488969,0.219894209593423,0.283333160026198,0.449137940141075,0.479465051303483,0.608133785544091,0.193152655723578,-0.0676185612000669,0.426808537842365,0.410310093385159,0.566955796394186,0.432712530993075,0.606799846844741,-0.0932505582297516,-0.151297586174439,0.212013849436399,0.117563738001214,0.456853335503268,0.151538637330502,0.238064369307217,-0.225148497658071,-0.251570374593513,-0.0680975898014464,-0.0938593517809078,0.102856228500315,0.354045073556667,0.417976425493194,0.494275440212067,0.337995558015243,0.451151183200435,0.404569513758271,0.0709297816553572,-0.00453557680827877,-0.0506391842199744,0.0189085923341292,0.224963605806622,0.111453683906099,0.213481431688843,0.191439776611734,0.0665480475379881,0.116339570824956,0.101056083966142,0.320893179522309,0.315587311976489,0.50744909602763,0.579803894708285,0.61797273742787,0.653853324944371,0.878068091238894,0.11872144400456,0.370850795333601,0.246604640363622,0.127882567298758,0.545094348347917,0.431313266176337,0.512159299894819,-0.0511920369662786,0.35797795866336,0.414758502904668,0.488949176833479,0.604525741252748,0.164277947033952,-0.208796292492582,0.320570498746357,0.071686505142759,0.487950756554304,0.295881502060112,0.43259064464159,0.265398440489045,0.319112058864304,0.335230627269655,0.143903207932154,0.0504408266045939,-0.0856929616453243,-0.0383802356955345,-0.138412463154968,0.210342086472151,0.46868872514684,0.387120330971574,0.369124949818879,0.415679715164592,0.0356745864692547,0.0243133498988355
0.0154308053490641,0.629920435369414,0.25255867077381,0.577135163973181,0.459783460111567,0.159150144245119,0.447776038129633,0.452068495831755,0.254977363255332,-0.0824790299337946,-0.0244393545901524,0.147636606793877,0.0461865929536921,0.101884911593317,0.194539964576749,0,0.0546762171755129,0.359835215361433,-0.00415039613802601,0.261449014243884,0.130184276505655,0.172490887252322,0.246974169650012,0.00946881648683856,-0.0651979676588818,0.207373185937335,0.219529861504636,0.121223927811931,-0.0152282773116015,0.25876998588239,-0.18915092487616,0.132413417394759,0.545517143957167,0.201692979798892,0.234287233863774,0.195171304132874,0.0591087640862399,-0.117187440689277,-0.11470496833973,-0.015920545998973,0.0101535616549785,-0.150553945683436,0.144179485826882,0.0430173233093293,0.267396985271996,0.207123763363304,0.159274400716298,0.132078320854917,-0.0901903795492628,0.0512810088357292,0.367855346926054,0.45518505405023,0.722806954392374,0.413552663007382,0.420388614088051,0.0534105339593529,0.47595458466332,0.281303727398514,-0.211699351506097,0.0548920435468035,0.0794186340595853,0.113542912588048,0.0525355104266286,0.0263883069006751,0.255949191471442,0.190395101107669,0.105517893297649,0.140536184698395,0.214293592373097,0.325511379902353,0.271722290015616,0.230038504349806,0.210871385235703,-0.217426979830629,0.0988034014161238,0.170762516629551,0.0203230559531889,0.225706795563754,-0.0956404418067657,0.135017327427917,0.174818024711277,0.0927986126379376,0.198572938043454,0.201735675917878,0.175135618866352,0.0874155400907938,0.0950716956694237,0.125734475033282,0.226794580405071,0.000692416710396766,0.258086304553498,-0.0969995511843213,-0.140663994641321,-0.0343112695982379,0.223498093473661,0.129198973489683,0.286044062493893,0.224544657803296,-0.0283509395506113,0.0983473659773157
0.00919690271771711,0.0609153954982642,0.176882523761855,0.161889958786717,0.0139943350580945,0.0701373110073092,0.134007788927068,0.172440723964429,0.0884998384511691,-0.188246633158814,0.00641943201163143,0.198419301434642,0.371860277648101,0.502179695085558,0.3053466727494,0.0546762171755129,0,0.39105170597234,0.702589267729979,0.292116283940012,0.457683365125776,0.456026076754637,0.238247237606546,0.337236997248009,0.0127840838462029,0.449297821939805,0.139543541165571,0.233650385494048,0.570314864146538,0.141423784734019,-0.0164730113524364,-0.0905824707902905,-0.122133230123913,0.506986965318734,0.213341339581187,0.151602665694689,0.495837648665431,-0.114506118338659,-0.0901924077310326,0.0363660809539829,0.0219607980555855,0.191339739525742,0.304254542216758,0.128109856509648,0.243281593869919,0.152365625033403,0.170612329717558,0.22595175276788,-0.148284433622156,0.153269184002002,-0.0975379837039318,0.0540611284617177,0.152419813609311,0.0864879406146516,0.00614497965529989,0.0135902305687334,0.102376826290167,0.141884449260072,0.0250862237378546,0.0943613811733001,0.0451156872901103,0.118175233463282,0.119807611033068,0.309571691606781,0.446855205691889,0.183806197228986,-0.0028283083463655,0.626001085854925,0.499108420246569,0.332502061827026,0.380188736854678,0.224542216203453,0.105611979726705,-0.0358863146606228,0.245268219723778,0.278264866437135,0.47514212417931,0.0890434494547648,0.212086794934509,-0.16574081830501,0.413809734577015,0.269038246002006,0.276120276164176,0.111668196669227,0.143778153936944,0.0794173406722443,0.51159852047277,0.207311135144125,0.0920062041109853,0.160516584736552,-0.031484074606415,0.0841798740093459,-0.136073840314049,0.320492929960835,0.18219096125957,0.153393076698312,0.161580641031112,0.211378919175613,-0.014407531524414,0.090243009634389
0.13900392151648,0.479068022044931,0.427558323297392,0.467355948349025,0.38421461100747,0.250880523132266,0.392851746433158,0.58634007085283,0.484289958096818,-0.210006710017736,0.019841526318343,0.225317351401454,0.038408704893507,0.22407944880472,0.124304509488969,0.359835215361433,0.39105170597234,0,0.331067305449614,0.579578404294206,0.340202310077063,0.256018745126633,0.22121096840017,0.150199055528171,-0.0495920702572371,0.248122082674134,0.312367765940969,0.147323180610671,0.244587369227367,0.203615321868535,-0.128259771612082,-0.01236804585933,0.0774354755851132,0.59435563771361,0.233770112970053,0.570477027334323,0.341368752359634,-0.134897115050502,-0.104800705991805,0.00514910110850341,0.243332727690505,0.017295673247253,0.102824762401177,0.0927985590488748,0.371637206391179,0.211648662071225,0.162746020811813,0.275098040208131,0.0741674066721276,0.305931563866991,0.0681838995220283,0.364130811234155,0.393124710312538,0.384036772564745,0.352364039060224,0.0883657408044362,0.405708047784421,0.566066728036332,-0.193398517763802,0.0416780749028643,0.047506713467072,0.0287921392120404,-0.0246162615294216,0.0526719316740733,0.357628132483298,0.0543364410754461,-0.0228379231903032,0.3763011379751,0.578600474792182,0.79050302472045,0.429900693090871,0.194683304584793,0.189967695001589,-0.207274534249661,0.107903842760428,0.202568686902915,0.209472522492194,0.109013426997049,0.0933243910344929,-0.00854286597943999,0.356747385081962,0.289615913223497,0.279588930503124,0.0981843340776568,0.235674422699871,0.0316487359921756,0.388896543243158,0.20655087189637,0.549922279669902,0.136528173161483,0.0546072860289754,-0.0408806556724806,-0.16843239614797,0.101267313783949,0.123933890905824,0.230164435402164,0.2671984203299,0.305195629788961,0.187604684006532,0.292303864058783
-0.0373032150816939,0.0392013582712952,0.14109432208945,0.163363576583001,0.0410430871339243,0.000219053591025653,0.0413012845429405,0.0783317157704328,0.117344689369656,-0.123120531454703,0.0221537786530272,0.172731670315732,0.358516315122339,0.538833373988711,0.219894209593423,-0.00415039613802601,0.702589267729979,0.331067305449614,0,0.274314009346146,0.506068425663688,0.371935360449403,0.172500311123182,0.277903218845181,0.0527931562026894,0.313227398471587,0.0440311623978221,0.129044116873074,0.622846629143697,0.0936724009029932,0.272546771429278,-0.102834778099254,-0.0707908535534504,0.543251581838659,0.142488208736957,0.158239336065803,0.563087552394911,-0.0978588079792422,-0.048236679564447,-0.0565156076138475,0.0255597067226224,0.23345144918579,0.234222456999628,0.159773233384065,0.264918381434889,0.122942636863208,0.106116411690402,0.152415182613078,-0.105004090407476,0.194909944970597,-0.100750022182259,-0.0225984987929523,0.126105771339829,0.0404564816887935,-0.0305876067873232,0.00930840924629549,0.137081329539707,0.155248943644568,0.0149952388923218,0.0615916745752291,-0.0269871233098596,0.0703586566455572,0.080087747798617,0.381566827212855,0.455049750243554,0.108866977808122,0.00643418103166539,0.600008263676171,0.536411304624892,0.293473894200089,0.385842435564364,0.17591862444313,0.0734105696337773,-0.0040280972496306,0.204477739245755,0.14939018135647,0.541624576277291,-0.0260561635199601,0.309338246515613,-0.129092094440772,0.345597515772388,0.321545579944578,0.245610807832406,0.0782545275347811,0.0845161695325993,0.038670689884668,0.528142839066303,0.0985607504550492,0.104841960372824,0.24237536805727,-0.0262664833030463,0.0492153796389773,-0.150599410950604,0.195290513548422,0.097940406974955,0.127155828274795,0.142670124255208,0.128562891149651,-0.0135649015626252,0.115597509906915
0.0273181841794362,0.230611661489682,0.388551027690112,0.244039392555357,0.384880685033027,0.348689137602832,0.294601338777966,0.349250868801279,0.507646893803253,-0.0283177181400227,0.120254227658153,0.355617893275544,0.206377768894305,0.287616684382822,0.283333160026198,0.261449014243884,0.292116283940012,0.579578404294206,0.274314009346146,0,0.481193884761167,0.262582940632045,0.253815036671997,0.213876609864304,-0.0637056662751053,0.288775053539547,0.295073353578406,0.198709593590241,0.455249623883824,0.222015297886949,-0.0440306981037845,-0.162544226369074,0.0676623448448155,0.482917382729111,0.234742813669147,0.68011102505618,0.46748636143887,-0.178650881403924,-0.124335352709336,0.00759985461258836,0.261310770900856,0.0442414440909839,0.169399228083876,0.249630237610052,0.450456392345142,0.155994405856256,0.156112334483507,0.211977887082585,0.22641551988861,0.437851637161705,0.00263629150925829,0.195298814605563,0.264031710473483,0.166404282681579,0.414903128551156,0.248477215596464,0.327662996622794,0.546471432691344,0.0476764639953717,0.198553454327623,0.132401859654415,0.195642859427175,0.166549084147944,0.233645470260625,0.486271405696294,0.219815579273025,0.092670842468777,0.386057349816472,0.580491495666005,0.585777205680702,0.673474372514092,0.246771811553001,0.205827497261204,0.0146668510536171,0.339375657541577,0.294815904845883,0.498878861131072,0.165602673419886,0.214190119238491,-0.150072047004341,0.491023124745161,0.435962335431111,0.379161950561713,0.00219121819426452,0.268381562213884,0.0313574023111943,0.498856415050512,0.125247125716268,0.695825409401596,0.360639278134612,-0.0480821508155399,0.0109554671058493,-0.13314770004254,0.0907731701449638,0.258690853360488,0.283885673007282,0.21407041519163,0.305568299664888,0.355355342676243,0.426205616546602
-0.0267030356217249,0.106890535083558,0.257124732967433,0.091232188604972,0.195648898300521,0.252957455099155,0.116450706417035,0.174300416379998,0.304848146506124,0.116717841694931,0.223843891053355,0.322209556813638,0.37165303395472,0.508678154441307,0.449137940141075,0.130184276505655,0.457683365125776,0.340202310077063,0.506068425663688,0.481193884761167,0,0.244060936939861,0.222728251893819,0.233936488962137,0.0730258142656566,0.235180621757274,0.165725473499585,0.195711894610143,0.657042915755412,0.253503485207581,0.259114730453304,-0.0998380226200195,0.161890644019363,0.452774996943591,0.0486152327807805,0.261928648425144,0.332036761306601,-0.0530330238215855,-0.160171922310257,-0.121222098267432,0.0326845787257158,0.0278971206014213,0.114933468504674,0.315904205053525,0.354809628008013,0.167183244367491,0.0413271094076224,0.153302720489024,0.0832872829379324,0.147459948844541,-0.105554150923315,0.042268955516974,0.23081787541359,0.0876219365921482,0.157082207206395,0.159085890721232,0.143017427747295,0.283920094355386,0.160039285204355,0.217829711349533,0.219150320224302,0.226187737572706,0.112431435736835,0.354629403605228,0.626571032699525,0.370364939665695,0.130477806834949,0.476715857270876,0.561061215571342,0.365896078928124,0.729778281545277,0.115494001300598,0.0986008122647039,-0.0184783875736808,0.287723555827628,0.215061534236895,0.632677386741614,0.12059692330231,0.307977744431085,-0.176364231480986,0.317704482810708,0.231080114301838,0.302508087153001,-0.178953473875093,0.175785284816491,-0.169853059475632,0.388757405691396,0.082694119819082,0.22627437369542,0.205043777511237,0.0285187738377887,0.0277857234876178,-0.111615606191926,0.00380037242063711,0.217998776343207,0.251838843946235,0.160338796609891,0.190800070078441,0.069319545316831,0.0884299297371321
