0,0.0624540253054776,0.121484907404258,0.0327336433757314,0.143636881128492,0.00420320190990218,0.148849290443664,0.0120701923347733,-0.0165824142135264,-0.145814224495155,-0.0460852510492399,0.0992151310710999,-0.0515512984381537,-0.157206130728033,-0.21406177571479,0.190910556258227,0.134654251714564,0.0682208203355909,-0.0182226366241296,0.0598522920111634,0.0130840342947773,0.217001386621407,-0.0689233112931653,0.153218230570509,-0.0904767591376512,0.170922350559647,-0.122936669214318,-0.186663097138442,0.0959304649217115,-0.238191093372628,-0.0715288968505275,0.121411596295292,-0.0576339221290972,0.0510732962057689,0.0743317055541361,0.0826784718674664,0.125540596108622,-0.177589507264506,-0.109154229663935,0.0419653235307181,-0.0553558746878593,-0.112054494365526,-0.00949560896094561,-0.135472117739886,-0.0994140591520301,-0.194408700061027,-0.114268335989599,-0.107609895191677,0.0499397685784407,0.00411390896362935,0.378859706931129,0.0777804407496148,0.0336531277936213,0.0482209460422519,0.0877836045995802,-0.0186620998979337,0.0880230268472138,-0.0150363120252348,-0.0314509980357843,0.220679740583281,0.0853144023953595,-0.0349416251489816,-0.130796303013598,-0.251334199104301,-0.142641188641852,-0.231949221820534,0.207929528792144,-0.0700970407369945,-0.0374486961039861,-0.0326851167343295,-0.0420640702702666,0.133524539865213,-0.106949439524587,0.193511156447942,0.119647510184214,0.173781554235599,0.00706724514165936,-0.234446466332302,0.0196933590788864,0.0241175874214268,0.0701004794590701,-0.0485483672558769,-0.139003050232658,0.0669270001785978,-0.172361890525335,-0.221906349959172,0.0596149181574717,-0.1545460350854,0.102448989632586,0.0363804388936578,-0.131561600621643,-0.364567804561709,-0.189628977820183,0.10041063451057,0.0831629115853008,-0.190161044295024,-0.214206752241957,-0.219375652510356,0.15160685663616,0.0145255922631869
0.0624540253054776,0,0.37467838596386,0.21971362974445,0.452568105590884,0.421753945615981,0.380294411104353,0.552594486697173,0.378938328542665,-0.0297105158854207,-0.102524973237292,-0.138642544491751,-0.122920450040919,-0.00778104112109564,-0.0462955863284495,0.477645729967837,0.120221327481496,0.385626829967896,0.132959792007128,0.142843943783412,0.0872846761156038,0.135861504651386,0.0748888561622549,-0.0354741256912527,0.0473157951353618,-0.133922065975134,-0.059774897236245,-0.167661538992914,0.0592575489174973,-0.146275622440815,0.0580147489890027,0.00129712022820878,0.208114288034749,0.270889665600453,0.0764884364021967,0.00829702563753284,-0.00995173745789787,0.0943960382097346,0.0459648065722893,0.0164906932051081,0.136013194576348,-0.0456262350443417,0.053066610646638,-0.0680455508702013,-0.00102112063199317,-0.149820347852409,0.0905483804283893,0.050390381146226,0.125463962121077,0.0864884390314815,0.240018478825238,0.664606067185434,0.355597990767083,0.336834501700725,0.503830537382915,0.353631908629025,0.462956705696215,0.437911134581087,0.053520436983148,-0.112586443853805,-0.151365594558406,-0.128471105072466,0.0737788583111718,-0.0262930219249792,0.102985793363968,0.0117052187516073,0.104125406588426,-0.00524992263495384,0.237380687746968,0.304702716536624,0.108564667944542,0.0912659910107141,0.0727127865277357,0.0499342733516639,-0.0745045337557655,-0.0771116730893537,0.105729279533789,-0.0905453649307022,0.139201472980385,-0.0192934034941471,0.174301711287983,0.0859844185730983,0.0925735765820539,0.0939613502765148,-0.071803581127323,0.0501752826027298,0.115717890339137,-0.173320398380355,0.0456723235054539,0.00776621721556603,0.2118247667699,0.131287540183109,0.00662920829826243,-0.0446552385991394,0.0130981973281114,-0.0327698115339677,-0.0940766423380278,-0.0445184725238133,0.0771201167798821,-0.0336520165262227
0.121484907404258,0.37467838596386,0,-0.321738812757745,0.067696039695022,0.69929400059758,0.132557826462022,0.410844182987651,0.532061624942756,0.092988464934173,-0.0160407392419822,-0.0141838749801704,0.274218524240771,0.174194525382398,0.140768950104969,0.149374927837691,0.289647711695242,0.378825829662496,0.114118783891255,0.189401198156922,0.191855006161783,0.203679180330446,0.182092996336926,0.0626433262350088,-0.00245128642850221,0.111413081015308,0.189439345661263,0.198365825758765,0.286508605296267,0.0585278134713977,-0.148572658263916,-0.261383491665608,-0.293230382786887,0.122070835656515,0.198984706891741,0.0665420280570346,0.157378537703747,-0.143525638647665,0.136581926752264,0.152335846500231,0.0201273637791247,0.00535268830373991,-0.0166956587156091,-0.0829751194376273,-0.0923169765037753,0.0679836692467374,0.0927809646111419,-0.022783123368495,0.359134358085391,0.0903949694169086,-0.0138343863503794,0.327088079894393,0.0446473371875183,-0.181245229351391,0.568176126625998,0.669366844699048,0.374216693060149,0.502878445922873,0.194137119081324,0.0736614392235821,-0.0114308704011773,0.296604552564714,0.471276395784872,0.17491503004465,0.229217163742294,0.171239529038605,0.108528311881141,0.36575328547151,0.312827832063661,0.296751026343139,0.254249263497015,0.315012597973607,0.255011948495399,0.0708481788732752,0.159264544814513,0.0127826650602441,0.393436472702061,0.285847724207116,-0.0886262666068317,-0.249699484067579,0.357794233292394,0.0843203843613674,0.0974414162369003,0.267328973853154,0.16123437229617,0.140620861549034,0.162792853864101,0.148097064431451,0.137002800142259,0.182474331805987,-0.175240128350234,0.115372498378481,0.0574878990075418,-0.00743253393384048,0.00131523190343427,-0.0122940967425417,0.140002062754214,0.0846215316865739,0.281659173565039,0.0405951148396093
0.0327336433757314,0.21971362974445,-0.321738812757745,0,0.616726640680448,-0.186966009767955,0.207225896820958,0.174304451885331,-0.0639667869212454,-0.278929144686922,-0.174013636401919,-0.226546393387747,-0.259807905366855,-0.100447347415427,-0.0322044758916826,0.27766320230581,-0.179332786064784,-0.0059486170328084,-0.141807715361233,0.065888332179756,-0.00104712133142304,-0.21192063741875,-0.0864051170761989,-0.101816796910896,-0.107984046697524,-0.294731425889113,-0.320869378431099,-0.272524867901875,-0.122360595225113,-0.0772074048510305,0.178066703938339,0.525286864573937,0.532448499006857,0.0552143385884309,-0.212279208576534,0.013160965614007,-0.0582264329538082,0.413276115389988,-0.0998247171735832,-0.228777323766253,0.0791491485328395,-0.125315405812737,-0.145803969272932,-0.041256038739508,0.0644982001416162,-0.231890451232019,-0.0998958931954646,-0.0276276621385515,-0.201892566132442,0.0670856736893013,0.249722994180047,0.455489378177773,0.349968300615512,0.781605251425002,0.0574041777743564,-0.235761856449227,0.191229509207505,0.0479730891594533,-0.312468665271351,-0.226440159727028,-0.304541302056109,-0.278171693628507,-0.206087224511474,-0.0759334043011582,-0.00101321661208925,-0.0366141290387232,0.15050119448064,-0.276609355350395,-0.122880967976757,-0.0722786028075112,-0.0146172590817861,-0.25058912278503,-0.103431494762257,0.0172454360184878,-0.237386063184574,-0.240121843519257,-0.154549893253932,-0.244204000134399,0.164183548288401,0.474050563624929,-0.123965912404146,-0.133273196547022,-0.243637035867806,-0.289689690145282,-0.318386430311852,-0.172418659101421,-0.0294461061678773,-0.343895807013093,-0.0171476544305301,-0.0369554995204165,0.384173630114347,-0.0449668304344718,-0.123028881140558,-0.105070380393242,-0.202259268578468,-0.175773446051598,-0.265761273568903,-0.176583475674959,-0.160895415707867,-0.0236618200263973
0.143636881128492,0.452568105590884,0.067696039695022,0.616726640680448,0,0.28885166277689,0.344760534738412,0.542517441439627,0.347620057094096,-0.0841328718264107,-0.0576804462694149,-0.176857121672144,-0.147857915184891,0.0606403699723245,-0.0639895903782647,0.322851431611437,0.107304478933989,0.239453462846908,-0.0891641284085023,0.278337563620282,0.177300417305903,-0.0977287571789797,0.0897988412531731,0.129680966639256,0.067883459607002,-0.0916896434404993,-0.19257333413263,-0.215917696471128,0.1950836070035,-0.0914527183526775,-0.0260351623488556,0.245416373776044,0.264942778443889,0.239089459054979,-0.076075483250556,0.165142910940205,0.146012793919049,0.282775571042479,-0.065150701459748,0.0184118151229566,0.0940639694399514,-0.0744133509172937,-0.179748116158454,-0.136584957341681,-0.0210170113307169,-0.305371631306447,-0.0858936363723413,-0.0288790738261818,-0.0548033721080565,0.101120923008097,0.22423563122541,0.665384330532724,0.291335975402673,0.72388244056129,0.527807062180468,0.14693789949934,0.365490675761794,0.412562130025614,-0.104862669557458,-0.181384794812573,-0.217268848773687,-0.183080222614914,-0.0933596502539018,-0.139351593998706,0.0302157878087716,-0.0927664094105612,0.282830104921556,-0.164418352385939,0.059640703578856,0.128468938947727,0.145566502049693,0.011593780558291,0.0907216248145921,0.258082803312344,-0.0440214973023599,-0.0256118276033227,0.109622118989347,-0.12378026672357,-0.0446365818584796,0.127244773400945,0.169153425023141,-0.0161930728127195,-0.258448363486965,-0.157813737877224,-0.17213366787601,-0.094993457435801,0.172479698387373,-0.263614166314624,0.208776255618011,0.063271785435014,0.178229192692171,-0.0238546558300678,-0.00947972084242093,-0.177799488041806,-0.0742109632403334,-0.183847129424336,-0.247032739141339,-0.130310764087004,0.0143076244625372,-0.013104730916097
0.00420320190990218,0.421753945615981,0.69929400059758,-0.186966009767955,0.28885166277689,0,0.371811071817145,0.624608527275436,0.744520316117604,0.234231885132829,0.0801448331245683,-0.00310697017629845,0.189182690069663,0.270595608730811,0.124683775615433,0.28286374860538,0.40230278653978,0.493443857329382,0.184020426722356,0.342320197423901,0.31192782413418,0.133411095644871,0.276914864916745,0.218473117446906,0.216765739041363,0.132643965573736,0.179563055231054,0.179340744458907,0.446142866016132,0.0589986430796695,-0.139054393068214,-0.146398213641064,-0.111918323538792,0.239635774132849,0.16101390481614,0.222864342212998,0.194535722710914,0.00563092839526604,0.0116625089053014,0.16952384058779,0.00253355296878693,0.128478429473865,-0.125785631609623,-0.0815597572997904,-0.0685504146907583,-0.077515926655566,-0.00173580657039333,-0.00528256969474065,0.406831945969788,0.105663417039177,0.120435199671399,0.467649176666498,0.159934056326931,-0.0583022458884139,0.756190014493092,0.838192870840081,0.491785618281172,0.663817002510237,0.273751171846372,0.0745660893660098,-0.0249548262154949,0.153370050839877,0.369941374215024,0.082934023307299,0.159121353375402,0.136367873410476,0.190309082154456,0.272005863925939,0.33804812006085,0.388297471951772,0.330027820370407,0.314635101455704,0.307675710291481,0.175089676840525,0.215637579159448,0.160380495150049,0.503054969697019,0.294787400472028,-0.0378771459308727,-0.163835060670234,0.395465334748871,0.0676855453243043,-0.023754814170375,0.159623919683385,0.173792466116912,0.0669398908004905,0.250842198897621,0.108727968891236,0.304565731608929,0.079881912452743,-0.0956933820341489,0.244735558057795,0.0630866290761169,0.0654020704661765,0.0237974081539782,-0.020735941605596,0.0380502456322786,0.0609702768903931,0.354242382916871,0.0219344694473606
0.148849290443664,0.380294411104353,0.132557826462022,0.207225896820958,0.344760534738412,0.371811071817145,0,0.562799696186696,0.376475678095032,0.108458997392473,0.0212470866589675,-0.211351878847653,-0.18255932109927,0.102168872208447,-0.0603880448629386,0.618345317949514,0.230593037674355,0.518185178755383,0.195307016478698,0.283551270017217,0.196359452865423,0.19323127831155,0.113680302506319,0.0940710732868042,0.0822919088090066,-0.110340412700968,-0.021300685604773,-0.134883703146512,0.138158130020558,-0.200365261698926,0.163450089332013,0.139034836054047,0.35509529915524,0.353483189967647,0.195120464894294,0.0683634060004393,0.00563690890312353,0.280674787420405,0.0780911131327976,0.118153277253202,0.30497093149023,0.0260706843275437,0.0237575032843961,0.123452993734815,0.136624379258922,-0.130759007218104,0.0677332920446419,0.146955597259646,0.192302065254185,0.265945074075896,0.36540339549757,0.450568576294944,0.462492053836179,0.227054111192499,0.417328059997287,0.252595789003479,0.567417952377263,0.351243571962787,0.156820501222449,-0.0340484697279741,-0.200523597279939,-0.244522072899794,-0.0814730521182393,-0.0918706119134927,-0.0279727125269662,-0.0481678196240996,0.505187895308383,-0.0477830360149862,0.158147300514926,0.293093651638587,0.120666426907383,0.104364810372155,0.0579902875586218,0.187918207646594,0.00266461868095757,-0.0525005468955022,0.14602772601783,-0.159401441145162,0.144855101329876,0.147736574769005,0.0845796075865275,0.0466230378279578,-0.0353352507839039,0.0301650861767737,-0.123352014226673,-0.0777672627195877,0.0796628061554265,-0.219809573212103,0.111036288797574,-0.0629705721057882,0.29013663238614,0.078456311488233,-0.00638750898976055,-0.0196592156074979,-0.111775493862557,0.0289029401731371,-0.130283979718791,0.0164464455960619,0.126025335924002,0.0842311181504209
0.0120701923347733,0.552594486697173,0.410844182987651,0.174304451885331,0.542517441439627,0.624608527275436,0.562799696186696,0,0.769049263189696,0.0439275049003162,0.0287554435813335,-0.230425989406597,-0.0457116964434224,0.208868579876189,0.080028898273929,0.310972334055899,0.209020562624262,0.625701689342812,0.0723156347335067,0.263240686621216,0.226694928490973,-0.00099629908907284,0.181022051123146,-0.0341464564681281,0.0076418630467115,-0.187220507632669,-0.063598440828496,-0.159793952371218,0.177077043357397,-0.0641819311822507,0.00211787300271772,0.0105888694269169,0.131023331966017,0.307519929526525,-0.013776158679123,0.133717701292897,0.109662796223268,0.139992730435676,0.0422009419191597,0.044586239908778,0.21955976972676,-0.056902597620964,-0.150322141780148,-0.00313395503156619,-0.0181181215960069,-0.103139874958028,0.133357252603146,0.111852709484737,0.163713025032222,0.121779608947372,0.132975030215678,0.641146851442408,0.338338395379172,0.284402950200973,0.718002138596373,0.524835289625513,0.719122560355278,0.806149519303959,0.0441715898037896,-0.121155566726777,-0.227973022749874,-0.106777084494891,0.180676788622463,0.0718505154339229,0.190735109550147,0.122762069376685,0.261933740663174,-0.00474280931371252,0.218033091229319,0.435842108682565,0.217669851282864,0.105535079079048,0.239230628723797,0.0642746087441786,-0.0774682691195567,-0.136523572116051,0.265232023625874,0.0129511014808282,-0.0378445830053834,-0.000890204366499077,0.184267621775303,0.0885669165770919,-0.0784736793775544,-0.0627684083321518,-0.0605885725810201,0.0923322232239438,0.165554990041192,-0.207498513406708,0.160351440574099,0.0488570451988969,0.199248481920224,0.0205161038702327,-0.0189259415698898,-0.154246551091156,-0.153881677940985,-0.0484421155649411,-0.0269646697319005,0.0619352687752936,0.10008182772543,-0.0159929599782091
-0.0165824142135264,0.378938328542665,0.532061624942756,-0.0639667869212454,0.347620057094096,0.744520316117604,0.376475678095032,0.769049263189696,0,0.107468579348605,0.133003590601771,-0.0883572852611269,0.0858698662957881,0.295395801384861,0.135347712390046,0.147154677021578,0.277198914228598,0.536615596623484,0.0501469938442224,0.303451871429779,0.296364291438452,0.00917838676342344,0.237034318273131,0.0874910254251829,0.0298521932535089,-0.00942936162885057,0.0435730608632667,-0.0249579724397089,0.297734537736652,0.0424467604419441,-0.0968597539671615,-0.126796669448571,-0.0601934912655935,0.251920928646323,0.0450685617845853,0.256830160466758,0.184949920063896,0.00567849914143453,0.038343319995878,0.11913796674177,0.126071189421622,-0.053762310350864,-0.16558393580985,-0.0534719533192698,-0.0400365827061656,-0.0321585576916509,0.116461691647935,0.054393131969507,0.209291759063369,0.0595885084981642,0.00765596944881911,0.456631832512629,0.246106368470702,0.101444771420506,0.713024665634405,0.745035883955407,0.624969617216623,0.849940195039015,0.115507927394018,-0.0120167909955382,-0.107602834967284,0.0560800449260081,0.361614198063639,0.150107976854213,0.247944201106498,0.188871540454278,0.258571965265744,0.121534209065611,0.280253941521117,0.407369622680688,0.30765545100913,0.191245615313312,0.326607322290547,0.129627857527805,0.0919561398997246,-0.0457958738804447,0.386624530492689,0.182331915152949,-0.110291401089212,-0.110757066758184,0.334529568814647,0.154127856498782,-0.0170153727802386,0.041417834374148,0.0962263478247423,0.143749571488687,0.20750769531254,-0.0198277413330709,0.260767785954677,0.162683759794462,0.0484724334182438,0.00311487923667846,0.0226715857787997,-0.167990496606002,-0.111854765533749,-0.0425849481214517,0.0777164552234009,0.0756902934431001,0.204464201680527,-0.0344355882308505
-0.145814224495155,-0.0297105158854207,0.092988464934173,-0.278929144686922,-0.0841328718264107,0.234231885132829,0.108458997392473,0.0439275049003162,0.107468579348605,0,0.595771702632982,0.443142729592507,0.29020764945507,0.293862359949748,0.157453735499587,0.0188020743184184,0.241471404973851,0.0216009204251582,0.166553462061439,0.113496686152477,0.187913633071342,0.16648068236279,0.264591726090296,0.298921864817176,0.725261694916819,0.251517240488906,0.221829624302439,0.326822744624651,0.216061655806284,0.27427295512289,0.231097542022697,0.0785569532638487,-0.171842947349038,0.106693764479289,0.324550992321423,-0.0585779788516489,0.130041807656212,0.269340703593625,0.165316220309083,0.401313408336913,-0.00287855496485387,0.588800838249836,0.311805748454636,0.287016855085094,0.067209712013506,0.0721353529564852,-0.0373095839713072,0.101635951356927,0.154488783918929,-0.0327067382777338,0.0250737395615919,-0.0748305757320661,-0.00614456319667189,-0.281070953760039,0.0799597338269635,0.230249437079659,-0.0148514785485734,-0.0203409771583454,0.765636980490056,0.414339140276591,0.28396207708663,0.261738664482412,0.184393526981713,0.143995522656824,0.110429442072398,0.139733972955153,0.0426894349646284,0.283875670357968,0.184371669537313,-0.0319556242189965,0.175715407995437,0.308522389160904,0.213727782567474,0.314338465920866,0.307564668702455,0.617364189330927,0.178621017309989,0.398228655983721,0.163249118230771,-0.000449084741577407,0.219950165235289,-0.0899033293306708,0.118407015204631,0.270379443200527,0.178789783122219,0.113027667924303,0.174983529649234,0.358048816243669,0.0452440043946471,0.0811467188274237,-0.0349736257540116,0.540805627117712,0.42718322417654,0.39168880128292,0.467771064587836,0.261086369658079,0.175847921200074,0.121101011938129,0.132827859392184,0.0237812626212031
-0.0460852510492399,-0.102524973237292,-0.0160407392419822,-0.174013636401919,-0.0576804462694149,0.0801448331245683,0.0212470866589675,0.0287554435813335,0.133003590601771,0.595771702632982,0,0.551456266224645,0.248131697360209,0.284492072785237,0.221063677413076,-0.127250882560226,0.197176946850865,0.0685686436015209,0.0864861685735941,0.187026518557937,0.252288929485582,-0.031184580830781,0.244404499177929,0.341537075249905,0.409265699688941,0.346241511739553,0.020441303988757,0.0785440596281947,0.109492392157142,0.348733702804071,0.153501129621944,0.00951970369174255,-0.212635753934142,0.0452602963403794,0.107031449983558,0.175766822031343,0.196238898108643,0.0933586136422664,0.0394149852687247,0.220783573385683,-0.056879375821964,0.274399595529942,0.183075877339401,0.23160714144717,0.0314795077208398,0.0197260865225196,-0.0695256218103271,0.0514225912904366,0.0619330863028267,-0.136830875239706,-0.0241652849293946,-0.0539136577996926,0.0639328495177119,-0.12873963455055,0.0973195055777699,0.156056332327989,0.0132295437986639,0.0745616720100151,0.369130090407059,0.532875655575296,0.433353040123967,0.299009012845244,0.138346583038084,0.157667192205424,0.212180106539816,0.183479560400284,0.076794815461502,0.265093048413316,0.0641856560931679,0.0189440244792519,0.224533845937708,0.213061561777233,0.258326695335692,0.219992773192664,0.427008523990394,0.497274281530975,0.106031267834055,0.308242692741875,-0.104328063263017,-0.00188573996886615,0.0819440166699108,-0.157030451683156,-0.0619563001922274,0.111177899431221,0.0722515863279212,-0.0114968972725387,0.11888146267362,0.164274511028294,0.108829285149176,0.0496112667070385,-0.146631112322596,0.0845696014846263,0.160329380630016,0.0108960820757613,0.293496186209337,0.105650537073811,0.0906966552867936,-0.00974989842853764,0.113762391545594,-0.0906929217983972
0.0992151310710999,-0.138642544491751,-0.0141838749801704,-0.226546393387747,-0.176857121672144,-0.00310697017629845,-0.211351878847653,-0.230425989406597,-0.0883572852611269,0.443142729592507,0.551456266224645,0,0.497306900929978,0.162999598825203,0.146809116839276,-0.190422262321445,0.243672150189629,-0.135089264560517,0.0836073771714828,0.114492245452324,0.196476227067117,0.00246443849863453,0.109370121068642,0.428836016632633,0.347569277093955,0.422860840805553,0.0767654932521364,0.164044251031399,0.23234820191223,0.182940508735686,-0.00142107067434414,0.000462323192168546,-0.355745686165273,-0.0874569990507924,0.0636473631885707,0.112761521825417,0.220523569342545,-0.12517224496123,-0.138403712003064,0.0818112431389897,-0.246073108229988,0.198416459472189,0.119385107547309,0.0587358654191858,-0.0696461059552769,-0.0218285993342233,-0.185771441177212,-0.151730736237808,0.117364261443852,-0.130883396471701,-0.00555522294338754,-0.209082801190311,-0.132426956976404,-0.179298947982602,-0.108918742642561,0.0734666129955606,-0.215765687208325,-0.123933240575288,0.391279637414479,0.733069830329667,0.754546465322447,0.564870229783958,0.205158319148016,0.115773745484384,0.127540424569602,0.095678603562021,-0.116036594990263,0.391596449844239,0.0852305286938269,-0.0712490731286229,0.175253561655941,0.173175395553281,0.121233258099299,0.135536971270194,0.565250612966859,0.539196286380113,0.162042065134528,0.259488010656984,-0.05575533431276,-0.0645288151258282,0.146405238104854,-0.0587506460247723,-0.0199642340988303,0.125112343207338,0.128481612292685,0.00588963721360449,0.120437327762878,0.204521183551138,0.108129065627841,0.0885884854288373,-0.260591205644462,0.0527145019315827,0.103393998410179,0.187756468303655,0.454622978367625,0.00496850988230398,0.084513227829091,-0.0735655357348436,0.167569623167638,-0.0318508596157899
-0.0515512984381537,-0.122920450040919,0.274218524240771,-0.259807905366855,-0.147857915184891,0.189182690069663,-0.18255932109927,-0.0457116964434224,0.0858698662957881,0.29020764945507,0.248131697360209,0.497306900929978,0,0.34702358055462,0.316564400718344,-0.180430742234886,0.432999794771385,-0.0262335546447219,0.0684949092534418,0.102356963632384,0.244370841062776,0.114973960470129,0.198798393319164,0.168080286964821,0.141842528898395,0.178132935448133,0.281118157752565,0.428109774335448,0.282620766262179,0.309343888378766,-0.0749173289177778,-0.145709013115121,-0.356543532897415,0.0587158179033664,0.170837722438473,0.0144888799648314,0.197493493871759,-0.11768975543038,0.0263043074661322,0.132633759373194,-0.0884440913366235,0.0660733487592181,0.0171167639346151,0.0205102039641089,-0.0568157715687047,0.183634896622732,0.062867372682661,0.00849370180007608,0.14412691049735,-0.00490408733640882,-0.250499092092692,-0.182344982521127,-0.151148985460414,-0.21896161901805,0.0497320163209096,0.222071048599331,-0.0516248133453338,0.0578345591800162,0.321614021087951,0.420094098432185,0.505681925386684,0.837835131430858,0.501177703541889,0.327570209230672,0.301103142193794,0.278148376854112,-0.134050051059038,0.582124562096578,0.248758556790711,0.0171745842407246,0.258892129325059,0.216450164943989,0.248530856870707,0.0234145316917582,0.347821363837966,0.227998088699629,0.266411659115057,0.445133742616074,-0.129291483621976,-0.15139321056974,0.224311759178366,0.0587079710910194,0.0525501769971935,0.175025858147897,0.230026377718697,0.206826800897663,0.109752944691432,0.329908886626297,0.068380048067309,0.137132072278449,-0.266852913569851,0.106686474316202,0.145003161528417,0.0454687932790509,0.137618779990565,-0.015463846761093,0.261501010168404,0.14554292712867,0.209103876344103,0.0342357430589241
-0.157206130728033,-0.00778104112109564,0.174194525382398,-0.100447347415427,0.0606403699723245,0.270595608730811,0.102168872208447,0.208868579876189,0.295395801384861,0.293862359949748,0.284492072785237,0.162999598825203,0.34702358055462,0,0.688229174809249,0.0171174058658327,0.462494070744391,0.333055481381981,0.23139519894415,0.495396457435205,0.737625161742158,0.178244779705827,0.742932382757027,0.175239416758341,0.125122152339582,0.162348246173695,0.513215788842748,0.334461477839745,0.403090967524612,0.577338222487674,-0.112618950128382,-0.0223613284655673,-0.209202241405107,0.341325702066297,0.307155404302413,0.106294652476899,0.144523506068745,-0.0234205162679172,0.0479500059589333,0.215567098946772,0.163056764107258,0.0754662585546824,0.0552377893849548,0.0765954609443356,0.0924650589154087,0.332735576749044,0.373326511804666,0.425353290741886,0.0947258128907419,0.108979904838009,-0.105895594439028,0.0490181471534634,0.0691888358559653,-0.00752264043484101,0.203201875575932,0.276365551996207,0.085203839594144,0.274418462089959,0.222581647248926,0.18497291857368,0.132862034910527,0.236151740789682,0.562113980076839,0.670491228036168,0.62969709589567,0.672871600833582,0.00601897157161272,0.497637675166803,0.51217863671914,0.301099836224268,0.675005482941265,0.213891676032978,0.725930304995283,0.0196671748577451,0.197063809265099,0.123442453388292,0.410822696914441,0.62034680783496,-0.128866110293431,0.102032485673704,0.388829057653303,0.158597360216332,0.137250062636531,0.243982510701339,0.392461927642547,0.450329231536312,0.156881128311469,0.313112935182468,0.125184950803445,0.120968730668944,-0.00868898352356647,0.103079506091476,0.0563876407844583,-0.07777314081127,0.0998977918460927,0.0987441172793767,0.451145119486782,0.474763557623581,0.183984631495483,0.0339741578466358
-0.21406177571479,-0.0462955863284495,0.140768950104969,-0.0322044758916826,-0.0639895903782647,0.124683775615433,-0.0603880448629386,0.080028898273929,0.135347712390046,0.157453735499587,0.221063677413076,0.146809116839276,0.316564400718344,0.688229174809249,0,-0.00324259800110251,0.361518346118907,0.336356698743774,0.327970696203395,0.493313348908331,0.652333041957451,0.0965282443135881,0.660416860972834,0.140296217864116,0.00544349066958971,0.0914213303379539,0.374378607169641,0.310200810045292,0.237225005637883,0.664596682976113,-0.0192252921361093,0.0885765124813082,-0.128761555217889,0.248488650015672,0.229791546253186,0.158933814184266,0.187813494214402,0.0546084167432416,0.0310368812753796,0.0879921299525252,0.10881297504511,-0.0326615488754271,0.0342582475442882,0.0974778093919728,0.0970431706617981,0.336938412653002,0.313523214128954,0.341593284543723,0.0813215056883538,0.0503698121794047,-0.110362406487914,-0.0166336209486519,0.174633922931082,-0.0397741571381182,0.0666201515479017,0.180427478226252,-0.00764458671767472,0.180839757406458,0.105512379564167,0.146068035484983,0.138416819291326,0.275166607767005,0.616740899915835,0.73204603356055,0.777484229278953,0.859510865694386,-0.114297944253793,0.569114945271119,0.502725119637892,0.409856315797371,0.676206518526505,0.177443633337736,0.686503396315778,-0.0722314632656892,0.159400228918784,0.0263821580581805,0.389329352271171,0.657110880442775,-0.065577996388458,0.297573063756233,0.28502513885495,0.00490586402225416,0.172319115060035,0.271548843039849,0.349073289412651,0.43019593089011,0.147387703712818,0.254645579891577,0.116226327083931,0.0294003802876851,0.0624492942414077,0.0748152626162291,0.0049985399186542,-0.13342994322247,0.0533349411046888,0.115520294175997,0.41540460465894,0.331364584439523,0.147257620753569,0.016794105856976
0.190910556258227,0.477645729967837,0.149374927837691,0.27766320230581,0.322851431611437,0.28286374860538,0.618345317949514,0.310972334055899,0.147154677021578,0.0188020743184184,-0.127250882560226,-0.190422262321445,-0.180430742234886,0.0171174058658327,-0.00324259800110251,0,0.285299006717722,0.50118078125989,0.324147416953119,0.288339310713178,0.199269453408698,0.420086840451124,0.195951334859059,0.221070185071586,0.131575913225295,-0.0565211144688646,-0.00547976622330265,-0.0629279838674542,0.144360555161543,-0.14486160954193,0.153507982418481,0.288131803805205,0.472946626429127,0.530545951169413,0.416293690492404,0.00011847849573358,-0.0425206159005488,0.277094668964097,-0.0654223767407753,0.0857138645680002,0.134601825154872,-0.039889081855575,0.154677409666895,-0.12061727825205,0.0852305933409815,-0.2175860692634,0.059552580593746,0.0785193291016199,0.0316367133668946,0.0640969800077188,0.532854199223772,0.470712448262237,0.587208649206387,0.217907166193052,0.308330659271451,0.174160023264512,0.378647603718577,0.137955026823144,0.0909085984015297,-0.0721984966380989,-0.197755404003994,-0.194872389301731,-0.0260644849195635,-0.102761470633613,0.0267221119068871,-0.0118180351088207,0.39402287502895,0.0863635012939772,0.323076203816324,0.350074871200317,0.194378808170537,0.245670874375362,0.098759752721446,0.232157415400159,0.0688546603408882,0.00815428200726836,0.168084530048045,-0.108495030000568,0.219421589360112,0.303947714203998,0.253065051443924,-0.0335170883281098,0.0068742790335808,0.264137612981112,-0.0728587320437586,-0.0564084330415556,0.0948385255952909,-0.173934382558565,0.0711319439122058,-0.10309487463444,0.294577775113617,0.188904332023559,-0.114924909545941,0.0246864455829603,-0.0413832427741392,-0.154311103826938,-0.206641622856132,-0.114113125144223,0.0341495323048155,-0.0626039175140056
0.134654251714564,0.120221327481496,0.289647711695242,-0.179332786064784,0.107304478933989,0.40230278653978,0.230593037674355,0.209020562624262,0.277198914228598,0.241471404973851,0.197176946850865,0.243672150189629,0.432999794771385,0.462494070744391,0.361518346118907,0.285299006717722,0,0.488047373493896,0.455949342136926,0.554020178990855,0.610748784923626,0.45691618442277,0.519510227000139,0.510575459480247,0.250270531302806,0.369821640843287,0.406350341087149,0.347068976350424,0.584726173508033,0.266558712002192,-0.173560545102246,-0.144179089958816,-0.178513325068364,0.493660748006421,0.404043283080856,0.184390694612432,0.26813330452976,-0.178316636831065,-0.227684747250646,0.210606069088691,-0.0940791443457997,-0.016984990121421,-0.0589229762216267,-0.112245407634746,-0.0269782781032759,-0.0521817911886702,0.0308651315966385,0.0655229417752978,0.0805385426751673,-0.0481631919976432,0.0934777899252252,0.111840093803372,0.246373532546826,-0.0612899702428995,0.296665626325321,0.364562812052811,0.159194005495571,0.215086084166144,0.206138472105314,0.249448267080327,0.244913421413126,0.399190221121558,0.39841697088872,0.24914614167558,0.332271071504246,0.30716641454756,0.1945699441277,0.640700983825484,0.59800722811535,0.453555977791021,0.572270061825382,0.54727542312533,0.516493531910363,0.255632792559635,0.537645458637874,0.354378615074206,0.53822709718202,0.469576062951024,-0.131182854448604,-0.0527085277879768,0.564476440399965,0.0813554501504895,0.00464890926552397,0.387820333917097,0.38063888831956,0.158366057971917,0.197248295207613,0.292682968346085,0.321083295907677,0.0605704705532983,-0.234937701717525,0.00216220361912733,-0.0554930713184347,-0.0661447428382935,0.140911434727907,-0.0639191230063605,0.146257524946498,0.0522240888228254,0.175148015933708,-0.0908005006070228
0.0682208203355909,0.385626829967896,0.378825829662496,-0.0059486170328084,0.239453462846908,0.493443857329382,0.518185178755383,0.625701689342812,0.536615596623484,0.0216009204251582,0.0685686436015209,-0.135089264560517,-0.0262335546447219,0.333055481381981,0.336356698743774,0.50118078125989,0.488047373493896,0,0.480489494258576,0.546788980086465,0.490161037300085,0.370106098581193,0.461080713747605,0.247335532935833,0.0210933539255648,0.0377786407614395,0.10731796379769,0.000473867819272412,0.273064647635724,0.106881840126238,-0.0243779150050627,-0.0164968842779946,0.0307292675235894,0.553685807900483,0.295026871968762,0.236036050037127,0.137247210656751,-0.0320864774702095,-0.177104726638257,0.0416866746882845,0.0802633218721871,-0.15763929678508,-0.0572791729291874,-0.075742101246271,-0.0178353233934017,-0.105111294792626,0.131712770406692,0.105250721788948,0.123543684497586,0.00391127236641081,0.245767866518852,0.427885763209646,0.583368358374589,0.119217643400335,0.477298663732511,0.438667364576067,0.550013943445431,0.545883472110337,-0.00556135271361136,-0.0351886941345357,-0.0792714350341309,-0.0222005806287322,0.333153911985336,0.223273508612724,0.39916957431141,0.336539582800149,0.318106009182152,0.339893209283585,0.550988471132361,0.781697064294892,0.516996208367578,0.421659547133985,0.480633668330888,0.0721328867885516,0.225452746239966,-0.0161637876896608,0.45160844808426,0.228392385061753,-0.0852920176891493,0.108296285845109,0.392513037311211,0.0432138729801291,0.00749378583715144,0.300016913618659,0.156735102267371,0.166284781304356,0.185720089320442,-0.0649644204144304,0.270939671355443,-0.0688877460716749,0.0496352829156147,-0.0450963235120331,-0.196972981483592,-0.200390762391572,-0.0782102957036201,-0.0958652877063654,0.0175997934915056,0.0179535847643625,0.108535538240047,-0.116001259594005
-0.0182226366241296,0.132959792007128,0.114118783891255,-0.141807715361233,-0.0891641284085023,0.184020426722356,0.195307016478698,0.0723156347335067,0.0501469938442224,0.166553462061439,0.0864861685735941,0.0836073771714828,0.0684949092534418,0.23139519894415,0.327970696203395,0.324147416953119,0.455949342136926,0.480489494258576,0,0.426279599092047,0.400782906489148,0.451653169755756,0.415326575513429,0.33639209540715,0.108733213139769,0.284184856033371,0.197003196899992,0.0777917023728022,0.190800767104268,0.198616609304849,-0.032925426817354,-0.0546886754053476,-0.0532069476363,0.403256219579251,0.28887761704531,0.151658816566317,0.09314075343978,-0.112583770818807,-0.168524097662287,0.289248284326134,-0.0652024780807672,-0.087009142627534,0.00550558594148027,-0.144318956831935,-0.0588053070473297,-0.159894785567349,-0.0422155578198821,-0.0337434438160327,0.0521908411350885,-0.077860835342071,0.12982413428,0.0557384434242756,0.374942037901406,-0.109151548465635,0.0697861526625967,0.147837454606664,0.0463619458778107,-0.00344243521093046,0.196429383570975,0.106407722417303,0.163906333843563,0.0489515459411501,0.262195979804727,0.192614212844119,0.342017221201017,0.319153459254202,0.0615664920572653,0.489206009036837,0.541525902399874,0.518774495030871,0.434078405267715,0.347842687858124,0.328476016316632,0.139694534056318,0.331363218487348,0.199670819555352,0.335997875423008,0.307165767877314,0.0613004395343328,0.16943165559763,0.391455195830689,-0.0528247170833955,0.154933479959346,0.33507295632453,0.221003470790654,0.126013388588598,0.13564578522652,0.132928176995869,0.191629698869317,-0.1397598484017,-0.100022460963362,0.0419925241534316,-0.0514497137624774,-0.0893066346264035,0.202071760354064,-0.0490434953610124,-0.0295242940214967,-0.0526813100427785,0.0230794891706693,-0.0757892383022866
0.0598522920111634,0.142843943783412,0.189401198156922,0.065888332179756,0.278337563620282,0.342320197423901,0.283551270017217,0.263240686621216,0.303451871429779,0.113496686152477,0.187026518557937,0.114492245452324,0.102356963632384,0.495396457435205,0.493313348908331,0.288339310713178,0.554020178990855,0.546788980086465,0.426279599092047,0,0.750183586693858,0.16069608722998,0.617590215938045,0.517955046247756,0.107916508274035,0.277711002690459,0.304116044115345,0.10760906867048,0.578787882967335,0.247620187051919,-0.137582217884711,0.0440254723114659,-0.105619285770323,0.455193658931024,0.335220334907478,0.535322885317011,0.474985903213817,-0.0250606508788938,-0.150710403094773,0.134635900623674,0.144566212492813,-0.131820003815596,-0.170397387108873,-0.0594125453036611,0.0532971122443917,-0.133661313225312,0.026233291861025,0.192678894847717,0.219202131927815,0.252651730435805,0.220964969852258,0.250567889635137,0.353684106331309,0.223413533144494,0.319361238697828,0.296661644864848,0.167754987318322,0.309984120560524,0.11821064105329,0.0665020062948902,0.142735719594059,0.120366031157889,0.390530207910181,0.311011685028471,0.515221522365467,0.44198707232698,0.361927821102818,0.426382840524264,0.541952530537316,0.570292404316873,0.762577303376469,0.31624046266068,0.611875591272511,0.347764852367399,0.405426390959363,0.175314540581411,0.602157113362751,0.379856394857978,-0.135222330428228,0.174633818649218,0.600455571986583,0.152894008498816,-0.0387222943710125,0.319368332024002,0.394812043171561,0.2529251484885,0.459467845244404,0.129961095351555,0.611503529232874,0.230512398015414,-0.00809746596637879,0.0139762911469126,0.0501897726557155,-0.221055797749678,0.0784540169301181,-0.0156648038155534,0.149256709954134,0.170295085152439,0.309950164337268,0.144128299520327
0.0130840342947773,0.0872846761156038,0.191855006161783,-0.00104712133142304,0.177300417305903,0.31192782413418,0.196359452865423,0.226694928490973,0.296364291438452,0.187913633071342,0.252288929485582,0.196476227067117,0.244370841062776,0.737625161742158,0.652333041957451,0.199269453408698,0.610748784923626,0.490161037300085,0.400782906489148,0.750183586693858,0,0.207172908234345,0.76463861653701,0.467870267027324,0.148000658108385,0.333381139191148,0.358809847044506,0.186341891378109,0.557403070855532,0.488231527670555,-0.199185859326434,0.0454012579927114,-0.206561782652783,0.386745806644101,0.289333047654097,0.27510011263449,0.223920998277861,-0.0865815266560976,-0.153749378073671,0.185195067324758,-0.00271566671385769,-0.0525463047955607,-0.123959410787535,-0.112482027209123,-0.0754510347009885,0.0319400630428779,0.124778568348532,0.209741817659077,0.0818950681869758,0.0413304053025003,0.144422706882551,0.18722559376269,0.273658397275227,0.117303509967316,0.247700689135537,0.299810401419769,0.156428404018556,0.29504664843662,0.136172178760304,0.187486827041159,0.204330825975968,0.203132193973496,0.49677568677349,0.526332974273664,0.643156492440208,0.62847395815473,0.181697921980523,0.538881484945516,0.558874260076094,0.46800045004803,0.864740092879669,0.292737971927144,0.753449522262444,0.180638281336987,0.434597884731541,0.215105345367141,0.590751351396274,0.562217974954561,-0.204575321422709,0.167341859203907,0.522282113973592,0.017575852022437,-0.0981060803641047,0.233450644709926,0.32930039640091,0.250289683480513,0.195895837921395,0.144384609841279,0.323188379689916,0.0654534655447943,-0.122566869131638,0.0215639421708104,-0.0578753871968286,-0.15731007797022,0.072057690944651,-0.0883948069024082,0.219461643117254,0.201216234655085,0.19517415596541,-0.0387571960480528
