0,-0.0308873859171137,0.340418056756984,-0.162315488118201,0.0950710929037954,0.142110684969677,0.135225857729582,-0.0116469332308606,0.220138015436248,0.146306483529943,0.118495985085842,-0.0546850834498766,0.220321678538422,-0.00138608502241172,-0.0362293379816874,0.299132697862604,0.12375545394898,0.0852450346844203,0.192990884589268,0.121674385668394,0.221040308955444,-0.0142313151260942,0.0533716722408548,-0.0188397262818071,0.182619153078505,-0.156133690985923,0.127252389595929,-0.166406730191694,-0.141137570846385,-0.15067133282012,0.465878459427083,0.52647783301013,0.221578703982036,0.0294086081050912,-0.0164984787224878,-0.0258094988007076,-0.0489338250446677,0.467576236677119,0.419584276049568,0.372638930485987,0.218676293255351,0.248650627062026,0.258539635027547,0.131661588906469,-0.056705537814589,-0.119142290143235,-0.0611941298713036,-0.00168838422288997,0.277943563047134,-0.0664465551016543,0.407947664398766,0.130723563570122,0.0773181986386965,-0.0630472840038624,0.207780987905623,0.300545715409861,0.220642937237303,0.0110657745632699,0.308484772844728,0.152006157677971,-0.0693314864785538,-0.0814234612941651,-0.307168347822594,-0.296480396095113,-0.0671233028140108,-0.112178763220125,0.239076277798282,-0.0531302882657476,-0.0652423004235694,-0.0687224222105702,0.045423002497078,-0.136301692703315,-0.157396062977991,0.159775020980391,-0.278741851070864,0.127311947256292,0.0219541362778722,-0.0940389567831603,0.285958324292521,0.525945990716489,-0.167581342114334,-0.24470107607036,0.319748108093328,0.212806251930846,-0.0327710753445781,-0.134448835250896,0.00863725935563844,-0.0112999932513664,0.0575600620734151,-0.15538183562212,0.514885824156353,0.33387328840219,0.247679158893012,0.285116315628401,0.250141580645942,0.208057981522027,0.051530030778744,-0.00287413730177988,0.303646294027692,-0.142695622077573
-0.0308873859171137,0,0.373346193631712,0.747864218446059,0.70340246066839,0.455790687387949,0.519102787986072,0.737363052642563,0.453683804543338,0.0381057430517129,0.0473136159777018,-0.0778861869317139,-0.0605628614442884,0.0623116446602934,-0.0631172934755378,0.33528412902048,-0.201758923575808,0.336275066559109,-0.0255097791276254,-0.0533719891352594,-0.142799038454375,0.163044918672149,-0.0684361965442213,-0.266465416167365,-0.127898507428145,-0.132458985645674,-0.0635066446333785,-0.37240870729582,-0.0159621487063591,-0.119610999253932,0.101422856420947,-0.0344010551689855,0.266543748624175,0.150242720788608,0.264357502487093,0.383005452297664,-0.253072294501199,0.208065579903951,0.197965577990595,0.134692477810911,0.0163472391919505,0.0956614809670622,0.178034964614202,0.342373047093204,0.367909753201453,-0.0277628047752993,0.114646981143181,-0.0251542530921643,0.148042508295493,0.279029965937992,0.224213749541428,0.781384868897509,0.521101864198525,0.640036619254525,0.574256949795471,0.446623910656944,0.559869224609429,0.549790557150659,-0.0497114307522767,-0.0581528219736071,-0.196732885445453,0.0390370689322154,-0.242394970223505,-0.166362956279551,-0.207267020112647,-0.15256188610874,0.0510927691584973,-0.177934909122306,-0.100591135556931,0.235821667010155,-0.138926877410754,-0.128481713172566,-0.312394952162719,0.0432970702389233,-0.317800445749722,-0.117638908994728,-0.217500996350134,-0.174932050506876,0.292150146051612,0.0590039727762912,-0.265719716873798,-0.191165091676693,-0.0612191333232526,-0.248175667897175,-0.377154639309397,-0.367932133218347,-0.321663124564629,-0.356362426331083,0.0427809104057207,-0.237042666543783,0.0634387879919607,0.00059722434830685,0.126350661358227,0.14907881088622,0.0206511381920813,0.149591730810899,-0.237302596507266,-0.368601341302201,0.20302486946666,0.312069089599536
0.340418056756984,0.373346193631712,0,0.0500588942273567,0.251526079452333,0.602646552924099,0.232963591767861,0.373845011726229,0.484167586585448,0.0100742515691281,0.0353953904223832,0.1311014738841,-0.0254821081651717,0.18400597697217,-0.0378304918361085,0.0387337810295797,-0.0226446277835233,0.232297437154591,0.0304674521282028,0.112152934059664,0.121001772725619,-0.246891485187246,-0.00591888346356795,-0.140608751157719,-0.0371401387857458,0.139189325942462,0.0382111377523614,-0.492511248073649,0.00516069735399262,-0.035618571772006,-0.112508635582155,-0.0687915701122325,0.168095391421976,0.0298444719156899,0.0903300490545497,0.432480188363019,-0.259689431770477,0.271217335706544,0.0628835025965126,0.0896020919593331,0.0272940775177119,0.0529723087061687,0.0504583724029314,0.126733808403243,0.310391718595892,0.0442557029950053,-0.0497493305655548,0.0289711795412423,0.392015082115776,0.0790156675210763,0.25725068915245,0.462132970839788,0.14326656790664,-0.00656043498072726,0.550582024700767,0.604805832364474,0.0928969160771619,0.366368010670315,-0.163814450392668,-0.0869839865526634,-0.0531276747632081,0.00472229379873136,-0.302013013769615,-0.307804047450828,-0.283216964280169,-0.12097044752793,-0.0368628921097131,-0.357390238085945,-0.346451949732354,0.0585208571513491,0.0501020546110294,-0.506809068171916,-0.289167897999879,-0.122017883053172,-0.288450240769027,0.0823847728399404,-0.30116020021234,-0.203937477798256,0.0748560974591139,0.0380468771198389,-0.265063427919633,-0.322640727740265,-0.0915210660122351,-0.334362627731976,-0.243282417880741,-0.501130706125993,-0.264197701808616,-0.417557569894958,0.101597835660757,-0.199490331612796,-0.0822199138989666,0.0590051577405736,-0.0161281987523405,0.0592203322583923,-0.0198395438376656,0.0275319199741398,-0.171174420412427,-0.326633420786172,0.313016056060753,0.0341005240459856
-0.162315488118201,0.747864218446059,0.0500588942273567,0,0.629817088973054,0.139123803799452,0.55413861131739,0.643977297289984,0.23188430414589,0.115552375787159,0.0719813280323062,-0.0756115009078807,-0.168345508943268,-0.0478170964584735,-0.10281387308157,0.389479618409164,-0.224706294106387,0.244013631129699,-0.123440846524021,-0.0861264104852346,-0.176681703561737,0.133125635981379,-0.133362118410526,-0.177412368985147,-0.01000892280232,-0.125672046379138,-0.130384364515479,-0.352661288467189,-0.0338370084553431,-0.168298649839563,0.145613880909639,0.091915096347404,0.302891392826039,0.158895253993838,0.215148688247668,0.198113282453334,-0.276636217505986,0.244406578561645,0.189758525543629,0.143723490285242,0.0490466801927294,0.0615977630578608,0.164094726550802,0.329288367423447,0.327708835788815,-0.020493708323609,0.0346089760999397,-0.0902282687742217,-0.0916255457135029,0.256178348052577,0.321550806879599,0.662327241026082,0.63194110946599,0.857175943829532,0.313434079751143,0.185029475360122,0.53804382874831,0.431547336955727,0.0653770153121398,-0.0243313142286594,-0.143512333467404,-0.066246089043476,-0.253770162267824,-0.180036906177255,-0.211227983004089,-0.172643898529653,0.140850930327276,-0.197256626277503,-0.0509758919148819,0.209123849567124,-0.12822806293698,-0.0651908394442129,-0.354076307345777,0.14490384223194,-0.241026644927605,-0.101748934481347,-0.18058871871517,-0.206689088942082,0.320338438077803,0.15470595357014,-0.218478125957545,-0.105544348235716,-0.0533584403922197,-0.214915186974361,-0.345486079849856,-0.323430548294974,-0.32730636105976,-0.329328949321621,0.00867291136935579,-0.158629585706084,0.152479279778231,0.105764663523743,0.261023161746208,0.190342980854392,0.0644918210389747,0.124102902467431,-0.185603157120792,-0.338528418327449,0.034493575532947,0.340296592981008
0.0950710929037954,0.70340246066839,0.251526079452333,0.629817088973054,0,0.599585454680964,0.451490985525359,0.629057616438019,0.672197749824203,0.257177521215937,0.185392484627538,-0.177336596373059,0.174334664486302,0.144959554285891,0.160435538233173,0.267076196829097,-0.197496764044106,0.286759039969262,0.0368996470214128,0.0933615828788755,-0.0493238677385711,0.130174125811903,-0.0322790347206273,-0.188225053092993,-0.107227598344209,-0.339076387800218,0.000406313438501219,-0.238244326250177,0.166968586351754,-0.0613124825698872,0.379679258203796,0.138083325562309,0.297811231826303,0.0467154348727611,0.198213245107314,0.45659673389803,-0.0794104350337965,0.150941176463925,0.286838564845528,0.159913111376056,-0.0112195009782824,0.184465173316549,0.174292541954534,0.494798515377737,0.313663862484512,-0.0607272005941656,0.140104223869092,-0.0615486887531554,0.279504831895179,0.428099142356331,0.266052727520529,0.587834197441171,0.499900800672049,0.626045627585583,0.700897054811255,0.581695791199743,0.541926996905221,0.679848907434161,0.200193384700946,0.0169661526412667,-0.16090904747608,0.171679889662086,-0.115603032764394,-0.102546858810348,-0.0994730737804151,-0.00330821495266628,0.0542064089057343,-0.0566238312674365,0.00662235552504957,0.191113228981121,-0.0687823415972015,-0.121439551929014,-0.290070668721895,0.0881891296902539,-0.353753091076757,-0.266906958856405,0.0679014902463077,-0.0679727145647062,0.439228280743501,0.174666999597733,-0.311875410986234,-0.211806423123808,0.0862660374983138,-0.196052458443478,-0.316913336235178,-0.29809104007271,-0.219865655798405,-0.277578201622045,0.113706804304526,-0.300538250206766,0.331116671918533,-0.00481043175094893,0.121534816029311,0.274090157729119,0.00353348318041598,0.276471819995223,-0.19092136528784,-0.309289286744776,0.267697370280811,0.330601898532989
0.142110684969677,0.455790687387949,0.602646552924099,0.139123803799452,0.599585454680964,0,0.176556992603659,0.514798664168785,0.803769967180367,0.166446577909379,0.234497458747628,0.0332421408683488,0.216892592978674,0.290175645098043,0.256175114185178,-0.17401091959486,-0.14823790386305,0.299373173997471,0.0473299498370831,0.246998007096842,0.0532631446768221,-0.0935053953950853,-0.0101939884421987,-0.185804621029636,-0.105625766131995,-0.0790467725829765,0.0645966747931354,-0.243570114239686,0.206214363924611,0.0736426680380347,0.108606531824253,-0.129588265446179,0.130334072487934,0.0348264156183404,0.133861578504641,0.665368168981071,-0.121594796053246,0.0232082526559526,0.0979089031439415,0.0510620049154202,-0.022795906956104,0.171634966145,0.0744662591472839,0.398291095600119,0.304477370603158,0.0481881525793251,0.127605341932382,0.060080638398328,0.586630388539934,0.276288379860985,0.103276430497864,0.423245339087946,0.0691527196611313,0.0472334850158389,0.857133001532652,0.861953397773033,0.24379380161736,0.685115751089701,-0.0436825884734755,0.00314744840175687,-0.0840609351541239,0.217837062627711,-0.0371370062478293,-0.113178366048229,-0.139371032640592,0.130915776288271,-0.0774964454594043,-0.141686895814216,-0.176484735051375,0.190896958164304,0.0558977051937884,-0.356935426666597,-0.226129434829409,-0.0956035493520657,-0.288420868833469,-0.129827483548899,-0.0122850587900927,-0.0377287324805731,0.247261351275021,-0.070499508543608,-0.303837006573673,-0.220320857909306,-0.0942957039197123,-0.348743057396964,-0.279633908698492,-0.397334672716602,-0.229720935793567,-0.261361047144593,0.244676544792458,-0.232749957999326,-0.018118196804741,-0.131070993294075,-0.161755726601628,0.129703843812294,-0.187346502934048,0.238196746248299,-0.190148064604371,-0.321807791873112,0.527641965770357,0.202344749394186
0.135225857729582,0.519102787986072,0.232963591767861,0.55413861131739,0.451490985525359,0.176556992603659,0,0.590994538406629,0.265340145685048,0.321648497368805,0.303641865729674,0.119604368450082,0.0431620149652919,-0.000388100299335109,-0.145713114454725,0.491601351372811,0.0549497802215049,0.245438422674544,-0.0325189416920276,0.109569957908953,0.00630443731216576,0.215295023242836,-0.133184178220336,0.185556224786113,0.0949241834357604,-0.0693263806923022,0.0505111180556933,-0.362504197635009,0.136590179358991,-0.212881758784711,0.21328842758054,0.141280931563527,0.318313409133948,0.187319874805514,0.298965813904908,0.283625958763264,-0.258211887313153,0.389407315396306,0.354927816864313,0.483581733551019,0.235451544472536,0.0581122259785915,0.215516548533683,0.2752988544019,0.198825014794351,0.0628602266812984,0.0571242708912789,0.00955574866632252,0.100495571500739,0.428760496606718,0.383315966924664,0.526230784795728,0.612595348426389,0.526783894864486,0.315986520247817,0.250320672460123,0.516564076521459,0.397035999536482,0.198307427148296,0.0716026730243851,-0.0560467247434276,0.0168108960251581,-0.295625086122274,-0.339130698007035,-0.269998641766847,-0.240223157956843,0.487164243687939,-0.220607673479688,-0.0391780349482159,0.158451998811179,-0.0306867635849302,-0.0620439531720116,-0.43290653198502,0.445569958620848,-0.14145074931516,-0.00850120292304556,-0.0410796027571104,-0.234552753617736,0.301043792187813,0.175084010953443,-0.17279075351322,-0.125220090875293,-0.0683981434362031,-0.084148565415177,-0.175131871287862,-0.384128082652154,-0.150945302081561,-0.277944556384709,0.262375899055382,0.0168698850338911,0.226686064231163,0.208675778915116,0.387965773521178,0.106628292613696,0.21401765948558,0.158174566778518,-0.0745595164415829,-0.302596007075173,0.221421633472172,0.461172119925202
-0.0116469332308606,0.737363052642563,0.373845011726229,0.643977297289984,0.629057616438019,0.514798664168785,0.590994538406629,0,0.627001594810948,0.118913004072898,0.16896312744493,0.0408063596043671,-0.00530203726407235,0.195104835587543,0.0302988210879713,0.22153276306786,-0.0777737150403097,0.573612995635174,0.120837450348859,0.128283216961425,0.0128332585481747,0.125229787596268,0.0158922494920221,-0.177642277209665,-0.0879348016385425,-0.110691667468802,0.0265174209054547,-0.37360486711076,0.0885864943856317,-0.0475854748290281,0.0937619133027995,-0.0458079863242856,0.267056720552383,0.291587066766103,0.296900045769696,0.538288413280521,-0.291436834667128,0.198534003664146,0.173417169188773,0.165873803017716,0.0967316070124322,-0.0213458712787022,0.132343813721745,0.306127440252086,0.35051977178972,0.0692139421884775,0.0891871936551914,-0.0147956139346148,0.239985360588502,0.311332368757936,0.279963134696674,0.686188349670645,0.458935291551534,0.531297324702153,0.623000375662236,0.551683548274879,0.69461795830314,0.767937385032238,-0.0657533406495782,-0.0112123688760215,-0.174026937224516,0.103972440183332,-0.250435208736979,-0.218261318597545,-0.152982911284195,-0.0867304173484819,0.0812272169578826,-0.0914307536467179,-0.00453212946321047,0.467952452745673,0.0146359749178139,-0.225478032059083,-0.311346129306706,0.0103439454053412,-0.248099966363992,-0.120072140807022,-0.171056890346435,-0.145441278465621,0.270571083031703,-0.00382480787962864,-0.222093636216587,-0.155184475287049,-0.0940990599763082,-0.25193259953998,-0.273114184531253,-0.435763017370095,-0.33822431296705,-0.339768511183663,0.194560081471702,-0.212978217758514,0.0300335021442266,-0.0398464087379783,0.0240879731508343,0.0644464780514783,-0.0548978025949934,0.101148012152252,-0.175310978161205,-0.379686282437692,0.304931267493941,0.362136810319543
0.220138015436248,0.453683804543338,0.484167586585448,0.23188430414589,0.672197749824203,0.803769967180367,0.265340145685048,0.627001594810948,0,0.122775192278402,0.155820276452408,-0.139911696298544,0.250212976718962,0.391504379841269,0.312903347646486,-0.0994451812241138,-0.0495774468327283,0.459534564014425,0.247983688044721,0.403055649514596,0.201265283422606,0.000298839147716665,0.156064074121707,-0.21948476569876,-0.134297700001823,-0.295370497658773,0.181839571671815,-0.206379819244186,0.269069999980642,0.115111268139632,0.306122278945728,0.0233915865769479,0.26581281910238,0.165859937253514,0.209763500268088,0.691406250927131,-0.0702465831799037,0.0349346669445873,0.162703456699591,0.102902803747367,0.0553530893954747,0.116863379866305,0.118576569081591,0.480204851456732,0.357380275212207,0.0986920802855566,0.172080809621027,0.0973051941831875,0.449873553936575,0.368533508275149,0.196669423602818,0.386929878983446,0.185285178947622,0.191363047447019,0.799738935688199,0.81427283225712,0.403298203386485,0.826692917184696,-0.00421972903934064,-0.0217725421962617,-0.267644521187833,0.214225944874756,-0.0953969053739528,-0.0842403642911048,0.00586717564448804,0.148838210698787,-0.114233357432153,0.00807976102043567,0.0542247406503934,0.35504881317342,0.186850358265397,-0.306819669819896,-0.182078695626593,-0.136880137763754,-0.38589509750643,-0.296381457107894,0.0927917467166999,0.047462238194875,0.375363321926531,0.0432727709663153,-0.226016911795015,-0.169309561133968,0.109778052320341,-0.216423772400973,-0.129276403627117,-0.306712070621129,-0.189074735813875,-0.206256590763331,0.298307375973325,-0.295322820486886,0.208336075202203,-0.130976491716074,-0.200071351358909,0.170947961821435,-0.121798768981268,0.280308757457516,-0.0358036397073175,-0.185755878773711,0.404431344787336,0.227176575780667
0.146306483529943,0.0381057430517129,0.0100742515691281,0.115552375787159,0.257177521215937,0.166446577909379,0.321648497368805,0.118913004072898,0.122775192278402,0,0.632089188684493,0.425678451101821,0.362243820308592,0.0122603247792771,0.0776996947637678,0.170591537102001,0.102887158658934,-0.0309126975329421,-0.0795849427933314,0.0501478476528896,0.0819496809982096,0.0799516819000367,-0.125320938815221,0.418491435985303,0.551145795370247,0.102527251259081,0.14992036748138,-0.0429000638698,0.190972398045796,-0.0303122800781891,0.262234191153971,0.32204316125297,0.177680016736508,-0.0624816285068698,0.145902247286563,0.0865035847742101,-0.0329479158763026,0.385602958860449,0.440314503563258,0.452752359813803,0.100061230326712,0.294755420180252,0.229067409145861,0.223166824227634,-0.0347293269448623,0.0486971815729601,0.0148372845487163,-0.0425114557683093,0.236766738094103,0.140374321953622,0.327831600575146,0.146354705854163,0.205835666121859,0.152562838551241,0.174355788501523,0.269840265448951,0.164272255030171,0.141842670387644,0.644046514234863,0.353084372295908,0.315499795287358,0.178206623533872,-0.0421768463422382,-0.274326736427654,-0.15059465581604,0.0018652641538389,0.279019954085166,-0.111809726473254,-0.0258317475011449,-0.0682560756684669,0.0226515335863244,-0.0373703650376661,-0.313929677625761,0.374655708155509,0.134811904862153,0.229300849325919,0.213470841924939,-0.0310330943042883,0.26694862660796,0.18083988740411,-0.209408691283083,-0.233392937035237,-0.107551709938422,-0.0718764041395656,-0.136679447102789,-0.327758277007285,0.00619743862545458,0.0659659756986541,0.0262960817879273,-0.0419646186667759,0.237932155014702,0.367416519547665,0.327443762119752,0.224420750470675,0.162457507592018,0.182142478018027,-0.0489759504368448,-0.236480153620936,0.279641730781109,0.0927434186070161
0.118495985085842,0.0473136159777018,0.0353953904223832,0.0719813280323062,0.185392484627538,0.234497458747628,0.303641865729674,0.16896312744493,0.155820276452408,0.632089188684493,0,0.56356339437817,0.352230290525958,0.0674178523781533,0.128109295954939,0.037641639244868,0.153571646062651,0.0535206831529786,-0.0572046281867638,0.0874067462041512,0.090532098379898,0.158433740042537,-0.173369237914355,0.438315627694579,0.373370346293762,0.26665565039231,0.131249709672108,-0.0941117034844713,0.129145162758107,-0.058525985902,0.119889987339419,0.0718520180426498,0.0725394138152619,0.0507457156947702,0.183326771246307,0.175131446965065,-0.122039232634983,0.240881117554546,0.322652873381076,0.427037538718775,0.194223226298247,0.136852272487695,0.164537839141685,0.172323720270479,-0.0648711072042109,0.0373888683485397,0.00814466927461682,-0.0267837616759032,0.325553171368965,0.0368666814282662,0.194362333868726,0.17033351417323,0.0689695002302163,0.0711036400880275,0.279657210364827,0.278826552851089,0.140516226306869,0.154369238945181,0.38348029380147,0.424133546317774,0.330650157479623,0.139247616822956,-0.0703524204890641,-0.29944822276432,-0.164319412276791,0.0212634133173657,0.325704004755347,-0.136547883651184,-0.117601628550536,-0.055890303551337,0.045662549600168,-0.0963526941439366,-0.351276185640319,0.376049687374552,0.139562255193638,0.263039402215068,0.116502396087823,-0.0381197274130005,0.126537641428602,0.0114863034811691,-0.182266656003052,-0.187617609295687,-0.222231112642477,-0.0645935772916645,-0.161849223894146,-0.407326646932853,-0.0241257967748124,-0.00854101796104293,0.175183138970884,0.0511389765788575,0.0362396838596656,0.137469329996661,0.235311857291503,0.0326692716481375,-0.0124385490881145,0.15266305224527,-0.115222904257299,-0.333832193751823,0.389720199677829,0.0909434365732283
-0.0546850834498766,-0.0778861869317139,0.1311014738841,-0.0756115009078807,-0.177336596373059,0.0332421408683488,0.119604368450082,0.0408063596043671,-0.139911696298544,0.425678451101821,0.56356339437817,0,0.0383041121882796,-0.112462157754599,-0.177184743361462,0.0254515387836885,0.0798496528231656,-0.16798293428411,-0.292616156586512,-0.22149413980665,-0.127427925676556,-0.163459379780516,-0.22453414136054,0.417223728213388,0.368560326408751,0.695550137646045,0.0034619957155678,-0.130132238313715,-0.0877333099100719,-0.0292517132527746,-0.351539408968443,-0.137595701305259,-0.0315879243312345,-0.205389675456716,0.0390145412620026,-0.00843832988119631,-0.182090921981776,0.218415029645869,0.0587264509855492,0.153147755719343,-0.0838574481681484,0.114628486722542,-0.00167779557414904,-0.104692172517924,-0.0114547940479511,0.0968737312963805,-0.147909647700022,-0.117601032866039,0.193406059335532,-0.206088726014656,0.137356738645791,0.0986382446079534,0.00739065023019935,-0.103103669757811,-0.00305073486294537,0.0974711393871134,-0.149413300063595,-0.0455306395228724,0.145776588586851,0.474342389115718,0.581678953431289,0.149403211048146,0.0202689610620372,-0.240788366920523,-0.29316511532488,-0.133212670349438,0.161025932337039,-0.249376021774371,-0.317389176900571,-0.20682930269878,-0.0933381831732222,-0.203999615241639,-0.230179740080668,0.23576634361854,0.518743380395717,0.565428289654154,-0.1466114346338,-0.054549191046519,-0.184056275543893,-0.148820261792603,-0.0583740449404129,-0.195507772364877,-0.442444980788772,-0.220450259762316,-0.167819527024678,-0.439348639042599,-0.115691597384763,-0.0244453831565376,-0.0117273938972265,0.176880658603751,-0.347644518769343,0.130192094343271,0.215830984387027,-0.0725068423350435,0.000788441297900475,-0.0966282883743414,-0.183703645683215,-0.387048283099457,0.278328128276327,-0.0365715143421775
0.220321678538422,-0.0605628614442884,-0.0254821081651717,-0.168345508943268,0.174334664486302,0.216892592978674,0.0431620149652919,-0.00530203726407235,0.250212976718962,0.362243820308592,0.352230290525958,0.0383041121882796,0,0.348176091709801,0.482677843870814,-0.120211929537643,0.231895123045351,0.0750832927022331,0.387578889141035,0.271162087337568,0.336179444466208,0.315195874695887,0.269322068895809,0.211371131587045,-0.0704184037400656,-0.266026180170462,0.3912150254056,0.389427774910603,0.316516585745952,0.335648861600787,0.312009336265234,0.060874173972491,-0.0502251749004303,0.0792295912135902,0.137769641501208,0.122559913966182,0.189179105434969,0.0386800103653821,0.325586100832288,0.273628109694525,0.226384430347719,0.0799312515913033,0.164002690903213,0.227813132556336,-0.172994964386311,0.200569683259984,0.361239085658724,0.316153551443852,0.166358801097111,0.21980764573708,-0.11130547713995,-0.100509030223762,-0.136827401385882,-0.154939041139978,0.231305454551853,0.228457432661957,0.0839763686596124,0.140502351318253,0.247750386403374,0.100037063159876,-0.035981226403493,0.550668424617557,0.350546759597276,0.152118744298258,0.368895799506482,0.398971664164666,-0.0223469569032099,0.408830389036997,0.34926412674486,0.116551871694922,0.285723445739866,0.0718191466348095,0.176470652200608,0.0504041593983465,-0.103931291424469,-0.296425327151219,0.493328947191797,0.412889068504012,0.153723826279949,0.0150154154347939,-0.0865828100280175,-0.000543989610227833,0.0375863692503565,0.0731984214721162,0.0965230338798633,0.104194615732929,0.166652028367809,0.310155042330991,0.0884047849840253,-0.226847763071296,0.207015351414865,-0.137539827819388,-0.097956255552196,-0.0642898494703196,-0.19108865848175,0.242601955188685,0.239249445267958,0.25574558775586,0.175839582251692,0.023551511286414
-0.00138608502241172,0.0623116446602934,0.18400597697217,-0.0478170964584735,0.144959554285891,0.290175645098043,-0.000388100299335109,0.195104835587543,0.391504379841269,0.0122603247792771,0.0674178523781533,-0.112462157754599,0.348176091709801,0,0.717744644130465,-0.382092751383361,0.360664471705626,0.460583990296065,0.629093098997164,0.513105263902457,0.693852474628715,0.310314804060473,0.738596538225636,0.114825917976459,-0.337212313163326,-0.24070721774369,0.436909299182538,0.0484269216120659,0.502351565485603,0.693082479822389,0.0414844766544747,-0.194787495428296,0.00411540183858437,0.420494272564234,0.32110272509589,0.355659027659632,-0.151735259811355,-0.133324689207456,-0.0230832706266025,-0.0245739422236188,0.195993523894798,-0.184814815087029,0.0338356808101313,0.249385929692097,0.133675234700997,0.524418166858957,0.49412093356255,0.5946255284322,-0.0879914803885295,0.191871839604207,-0.112406445686007,0.0309087416561185,-0.0800709556851495,-0.107948133811521,0.313812603162433,0.235782577304442,-0.0105654752235786,0.322135821027241,-0.299767178100927,-0.291638471270879,-0.388101458701797,0.105241473549808,0.136912146463044,0.30858933281049,0.520410362528834,0.649678553895741,-0.380763545019434,0.248203492878493,0.405268931557815,0.48512165355547,0.730867561629769,-0.188938206192118,0.387482933292771,-0.339631018273283,-0.305425570907444,-0.459656852722805,0.295186526364091,0.50362321440581,0.00114024193065779,-0.0819559307243944,0.0468061396770035,0.0288121277384479,-0.0979275930593166,-0.318504505860123,0.119507127363928,-0.00518496134872989,-0.163621274195467,-0.0718578919572837,0.108104096273014,-0.365220390688671,-0.085408398696318,-0.397622317854272,-0.422411865097093,-0.237429399112783,-0.414900608939389,0.0877467780719766,0.408434306703755,0.349109690369482,-0.177355994486498,-0.0435090191344807
-0.0362293379816874,-0.0631172934755378,-0.0378304918361085,-0.10281387308157,0.160435538233173,0.256175114185178,-0.145713114454725,0.0302988210879713,0.312903347646486,0.0776996947637678,0.128109295954939,-0.177184743361462,0.482677843870814,0.717744644130465,0,-0.398926440484936,0.20017494276987,0.278523162697538,0.451824685228117,0.484594490371122,0.555678482608824,0.285351729330862,0.561043431401486,0.123287925205166,-0.336836913334866,-0.365291423379385,0.300783467044039,0.317239668981554,0.555204204076587,0.651230542067242,0.122318069794395,-0.182839207632801,-0.106552457572203,0.282522322887197,0.136521244689399,0.220982131719431,0.0651095376029217,-0.257571384457161,-0.0454922920673592,-0.079969014820821,0.148112221726764,-0.173594021123713,-0.0259573343671142,0.286048391417617,0.00380501814916156,0.341586976575255,0.3884525359251,0.488287952625752,-0.0611323080726272,0.170640443838374,-0.224021983750892,-0.116687192805043,-0.21798399983127,-0.146480433376757,0.245714026331833,0.189251610371736,-0.0707392581247047,0.244943383732134,-0.131260413522849,-0.175454685592612,-0.312717685352092,0.153818528294389,0.361048710011319,0.386010034454612,0.552614195172527,0.860212914520838,-0.320746696101691,0.306352613663167,0.404348862466939,0.391648066769977,0.627767698120454,-0.00427507462662046,0.409123323212278,-0.268359226857611,-0.248777086321944,-0.47874019492586,0.543215428446036,0.561025194444102,0.0136650781924162,-0.113998788485473,0.0343331837283723,0.124013111505478,-0.0261099068072433,-0.195435229766363,0.0971253180266138,0.165602945429807,-0.0137972809379351,0.131652084869695,0.154973634141131,-0.314555133666456,-0.0414662000549394,-0.418675223603137,-0.417459815272497,-0.215985114597451,-0.472894054492688,0.173163401674213,0.327367677147108,0.395946667327513,-0.0840928554803881,-0.0258443475618345
0.299132697862604,0.33528412902048,0.0387337810295797,0.389479618409164,0.267076196829097,-0.17401091959486,0.491601351372811,0.22153276306786,-0.0994451812241138,0.170591537102001,0.037641639244868,0.0254515387836885,-0.120211929537643,-0.382092751383361,-0.398926440484936,0,-0.0322884921193176,-0.108766607076857,-0.143317585917572,-0.356311419159028,-0.292700278647182,0.12550438381261,-0.23563122837432,0.0737577925215916,0.194139011947038,-0.00625712370620805,-0.170792053634378,-0.177824980313059,-0.246850550460816,-0.431886996116149,0.254133359029212,0.411305589358661,0.159143919746571,-0.159663424604651,-0.00603614923914038,-0.250763525502988,-0.011002341744571,0.429490461342957,0.31922797818341,0.23806106641987,-0.0373166686142224,0.172442813949586,0.186185167038407,-0.0269733434360531,-0.0869364580066703,-0.326891154925001,-0.179217634615937,-0.332039396849475,-0.00911531014421253,0.0251348444418732,0.355592162068938,0.403299760200441,0.516022095022943,0.477756903186562,-0.0365217247527678,-0.0744111640000874,0.46477594118815,0.0169352789544498,0.39890331193283,0.216290560557026,0.20045837504951,-0.0644240069631371,-0.255636994700604,-0.217188065463572,-0.213262617459567,-0.438548672821831,0.408638514930924,-0.0456294613814036,-0.0560258946751481,-0.196356335555609,-0.406167453068463,0.164021336896208,-0.259216209839498,0.434067362835482,0.106699889295506,0.239704772324501,-0.0916992334845535,-0.256312605234825,0.179615021939014,0.400140514826601,-0.0117606837434441,-0.167434910360434,0.153240565523763,0.267232418104931,-0.182478616687835,-0.0977813833396116,0.0479016750585186,-0.0847572295243694,-0.143632138928281,0.0813491838754922,0.385618058077318,0.435633509337378,0.600045347806354,0.243643064663939,0.45565621550061,0.0206072224872232,-0.250325780786115,-0.23668525436317,0.0872044490470588,0.0942108290069386
0.12375545394898,-0.201758923575808,-0.0226446277835233,-0.224706294106387,-0.197496764044106,-0.14823790386305,0.0549497802215049,-0.0777737150403097,-0.0495774468327283,0.102887158658934,0.153571646062651,0.0798496528231656,0.231895123045351,0.360664471705626,0.20017494276987,-0.0322884921193176,0,0.329099468374938,0.609013972481137,0.456647925469429,0.610288729905932,0.432578240952323,0.379075733259522,0.498218388497683,0.0620158193749163,-0.0250345352878807,0.511492725380317,0.00526435847261931,0.353985495201565,0.278053312749952,0.0959256172846594,0.0476920923747545,0.101438757086525,0.54769477637901,0.418978567059264,0.0626668090573817,-0.0910361084129772,0.064836766452229,0.126517015327362,0.255234584801356,0.49028087149197,-0.173427423509533,0.209198162960127,-0.00930376582555557,0.00144632916138859,0.436612082073682,0.312654870818267,0.403861084078721,-0.138379078583982,0.0169960452205345,-0.0134676591253664,-0.182411287733211,-0.0903368038731162,-0.249055918327709,-0.122785256413963,-0.126833486664943,-0.125837507387892,-0.14668429478859,-0.118985363658073,-0.181169015969745,-0.210522237091251,-0.115592820201598,-0.213434522299635,-0.124266513428834,0.186233407922321,0.143346378140801,-0.032290751354019,0.16624106147476,0.342788694377224,0.251974230278883,0.513253984162095,-0.0643131105233008,0.0721662958061653,-0.117744076009516,0.0530082243759534,-0.149538512866787,0.14396360050805,0.18041297966848,-0.048499799279092,-0.070810148787864,0.302279779421616,0.120926950055309,0.0209737806392552,0.123635048042131,0.395528572908441,0.00475189293217291,0.0813910363074788,0.0343910151754387,0.141669907429925,0.123639470294953,0.0457931816908506,-0.119175115563798,-0.18361417377287,-0.242852810903176,-0.00658576106608744,0.00921368386823861,0.472501699050985,0.262063049988379,-0.21302788019459,-0.104225283299933
0.0852450346844203,0.336275066559109,0.232297437154591,0.244013631129699,0.286759039969262,0.299373173997471,0.245438422674544,0.573612995635174,0.459534564014425,-0.0309126975329421,0.0535206831529786,-0.16798293428411,0.0750832927022331,0.460583990296065,0.278523162697538,-0.108766607076857,0.329099468374938,0,0.545912576961221,0.544092848445915,0.505195561837905,0.374825624843619,0.417304954152739,-0.0871371791624918,-0.129426767981992,-0.265657921711084,0.342301060333308,-0.249087502244112,0.301709578765788,0.249337119159303,0.165365934085157,-0.025204244270708,0.272858076310823,0.750564760653407,0.492938098329964,0.567039820342206,-0.231882050049222,0.0572296248501922,0.138948789832757,0.13938659684758,0.471819251686709,-0.168880966009741,0.213938463925969,0.265429754857804,0.328414793796902,0.355635359257111,0.321361923645066,0.350405347758036,0.0637381100342545,0.304290157630133,0.17418232810168,0.233795982530949,0.11107453417892,0.123461429962308,0.379494082009926,0.322546760440229,0.426915348269648,0.467702383294157,-0.321862096496386,-0.310621730079977,-0.496870817513711,-0.079179929489772,-0.375079018851125,-0.264646545855296,0.0358062889786419,0.124830194483547,-0.0432981059492636,0.0501913539639685,0.299475718874955,0.813862116714348,0.44645808586092,-0.14084027612339,-0.0903631655557784,-0.335460263379116,-0.441363904039703,-0.348108808407933,-0.0846531668119981,0.0638301249213936,0.217696480319811,-0.0843400425961626,-0.0211340885083468,0.134687797078786,0.0155521652777164,-0.0945851924836196,0.118759135518769,-0.193791960991927,-0.222054723154504,-0.217781244007215,0.340435975934418,-0.185125153016273,0.0519885920255507,-0.242639192105055,-0.353478438702552,-0.109191396564684,-0.141206075561363,0.120830151725974,0.251909183818602,0.0261271667959133,0.0352423460408865,0.26555286406663
0.192990884589268,-0.0255097791276254,0.0304674521282028,-0.123440846524021,0.0368996470214128,0.0473299498370831,-0.0325189416920276,0.120837450348859,0.247983688044721,-0.0795849427933314,-0.0572046281867638,-0.292616156586512,0.387578889141035,0.629093098997164,0.451824685228117,-0.143317585917572,0.609013972481137,0.545912576961221,0,0.525225267000063,0.731244550136873,0.485893663459918,0.639043857141833,0.0278443370942629,-0.250533600827405,-0.447644473183747,0.475029031737878,0.0999944862805968,0.27361587588317,0.393563450275492,0.267745328203167,0.0542065849091615,-0.000765210797501925,0.577455423166798,0.281179166240247,0.171604502572618,-0.0805490609959768,-0.0199098520990739,0.16911966628711,0.17330660895167,0.42389470366963,-0.166387232494572,0.17227849513492,0.126385725759802,-0.0528651319959767,0.365413002441604,0.439365698886129,0.469683414412813,-0.102260070690835,0.108682879830987,-0.0996792584646424,-0.0976162784589905,-0.110296623734801,-0.156446633480219,0.12934368240377,0.0366560688809618,0.145844409634377,0.125853254790279,-0.209407228534149,-0.29014285596175,-0.488922330614129,-0.0704210326834279,-0.114575292257929,0.146128739899261,0.559526990937896,0.378059408311994,-0.236295529364853,0.460666143348367,0.534674783206105,0.483112770710857,0.625978772854957,-0.0472919660593192,0.314765113846491,-0.288570498320881,-0.347989593736133,-0.481782116163815,0.220951042298453,0.325324158138135,0.126513338921213,0.0298288723852632,0.0483637203668528,0.0425819234534747,0.184982091034915,0.0875909704711153,0.262876152451642,0.148766220424959,-0.0557384842451025,0.038231577135741,0.0705740643009787,-0.282839647924067,0.155024040424382,-0.275679152045363,-0.37661534435546,-0.170408265648526,-0.223851599539815,0.150237146021053,0.473889186489117,0.418596325671973,-0.179909825347328,-0.144790393315839
0.121674385668394,-0.0533719891352594,0.112152934059664,-0.0861264104852346,0.0933615828788755,0.246998007096842,0.109569957908953,0.128283216961425,0.403055649514596,0.0501478476528896,0.0874067462041512,-0.22149413980665,0.271162087337568,0.513105263902457,0.484594490371122,-0.356311419159028,0.456647925469429,0.544092848445915,0.525225267000063,0,0.668352271544691,0.272802300025367,0.38396968235564,0.102612090722778,-0.109391662006258,-0.340540071288067,0.499881529067067,0.00708808783195025,0.564402619970086,0.362177715039518,0.223189826829969,-0.0439858263427631,0.17196875012652,0.612011270025418,0.388741253562417,0.53401867824339,-0.0150209494070058,-0.130638906059646,0.0595518464947649,0.237290170805339,0.522155243012863,-0.175636483570858,0.130252454868275,0.310270687888551,0.221829530326734,0.469244507895676,0.355478633510652,0.555698143934614,0.105940071265645,0.391352514705936,-0.0258803669774059,-0.180211340816775,-0.178297876577783,-0.179774343509106,0.23438966636566,0.239204768007124,-0.0464874985795361,0.291977748522163,-0.230217299895992,-0.254757731313418,-0.514804066448589,-0.0638058349544291,-0.0921999560920223,-0.0774290436403273,0.191089206767074,0.385345018863213,-0.0375766365618975,0.0678445401947287,0.324749973563231,0.535863288585235,0.67621407516557,-0.101233046580628,0.0204843438340261,-0.160174356135288,-0.390500758890855,-0.44949168316083,0.293724158587594,0.19073275779159,0.157981275372767,-0.146252395604261,0.0436369254368243,0.2084956281569,0.107940961863097,-0.0325641449696238,0.392810361864786,0.019429067030754,0.0364722646164279,-0.00209716611633009,0.608601079296576,-0.0324279995596632,0.0618502454954721,-0.27130066558081,-0.459201112124237,-0.216749791437825,-0.211299468796048,0.247838165021142,0.516906881669423,0.325810605069488,0.103699946560308,0.215454598718691
0.221040308955444,-0.142799038454375,0.121001772725619,-0.176681703561737,-0.0493238677385711,0.0532631446768221,0.00630443731216576,0.0128332585481747,0.201265283422606,0.0819496809982096,0.090532098379898,-0.127427925676556,0.336179444466208,0.693852474628715,0.555678482608824,-0.292700278647182,0.610288729905932,0.505195561837905,0.731244550136873,0.668352271544691,0,0.319741637723292,0.639539491016654,0.18901601614698,-0.0763202962592714,-0.295134329375655,0.512607250377758,-0.0398542764392505,0.428809371250526,0.504277955918541,0.20422011657552,0.0569108300385623,0.0877163876168795,0.559482003418162,0.26895696071507,0.220505543576045,-0.221521981370117,0.0438385424278763,0.1312514174741,0.234449545390931,0.48449523145264,-0.139506351950067,0.174232984722986,0.223758114687354,0.0732497397355533,0.549169822453083,0.333833743183118,0.5451012997404,-0.0767245180207968,0.0697800023321591,-0.00885325971793676,-0.172097855738919,-0.152548133067533,-0.220510401301531,0.0963250316362513,0.0746627791986014,-0.0794465565181769,0.0426214238999077,-0.187777203799525,-0.251959886805942,-0.449952006330606,-0.138928028372905,-0.175015671720149,-0.0086455049904768,0.416389631761406,0.474775713180832,-0.168489544012888,0.15072816998361,0.382905116873803,0.474733447880008,0.836054291702475,-0.167280601693544,0.208940247204773,-0.237388536585167,-0.348475107238601,-0.335648686416184,0.213456251610918,0.292587138490396,0.138778798243898,0.0469815055084136,-0.0244806157896184,-0.0124681641078621,0.113128326144865,-0.0724219679664028,0.307063761173259,-0.0129741327048742,-0.136889363781136,-0.0640586652101914,0.168173822076559,-0.26802027077105,0.0849043282915171,-0.167342879911819,-0.378867774598563,-0.148464516757103,-0.206774407143063,0.237444421504984,0.611070880771115,0.400057662973403,-0.15590275696436,-0.145275548056113
