0,0.319362011390246,0.569466717959218,0.148137456494543,0.216254794714247,0.453983449603656,0.256489941360809,0.373875491571902,0.34432072191827,0.0482369657464355,-0.0774358807099623,-0.178186441757479,0.0295369748739199,-0.255368538039504,-0.211896088666759,0.359583337087274,-0.0731531879286022,0.154110260430958,-0.309920638899933,0.0150794075026934,-0.0694491731836091,-0.040019846101803,-0.292345838652877,-0.0501594628076584,0.071272854792776,-0.14740791865602,-0.0613201419419415,-0.178279002112912,0.0856923971971726,-0.297703176878831,0.073771195140565,-0.0778651713283405,-0.125376810617726,-0.295521486634135,0.0111436523320407,-0.130676230017479,-0.141149259907303,0.12762262132885,-0.00821876035693776,0.124386702250395,-0.129980368110193,0.00162331140405669,-0.182458833449133,-0.145937083549832,0.0519664027326487,-0.125037851262769,-0.32258232859983,-0.320682394412006,0.174352922795908,-0.0770803521026068,0.464640496190316,0.49726897357738,0.191420986599724,0.00617903469983406,0.446420834600237,0.461379776042813,0.366450215366719,0.303627038355676,-0.0538524239162948,-0.0436321758691698,-0.0483079738803695,-0.137576045175213,-0.118238672620867,-0.2091269587604,-0.240184967038637,-0.246716324623413,0.238246803955995,-0.274787868493704,-0.305849438540679,-0.0913187552834078,-0.2078227750987,-0.152091777887708,-0.333824968610029,0.335025179412519,0.050826236085327,-0.0953896844378663,-0.0972733306963498,-0.219306467188195,0.0534890991300254,-0.0893654177392517,-0.171370795437682,-0.346965681580915,0.0156412048676886,-0.101037905687904,-0.214340069703637,-0.269822032075833,-0.0477772136673514,-0.136865746935829,0.0342326999458495,0.00601923650832027,-0.0304244173023364,0.09831496634545,-0.00707610652365208,-0.126321835657007,-0.154357088424213,-0.0374577487643738,-0.120781532057193,-0.320148170933557,0.144236304216271,-0.0816122734687676
0.319362011390246,0,0.55417575892542,0.524828874718243,0.651244785511734,0.583639880624022,0.0447911572656303,0.441204434553856,0.491032627958609,-0.257269921941536,-0.208466387037698,-0.285000469672246,-0.00291222639637664,-0.0387109883972664,-0.0297004411264766,0.23286956287698,-0.132027183659206,0.0410583061676968,-0.282407620874664,-0.0291465433213575,0.0610689630880753,0.0633466541334491,-0.16220425406411,-0.191464103508791,-0.313152261325607,-0.137862979966562,0.112691882634462,-0.154295715108194,-0.00547703520441942,-0.112406887356156,-0.191725409534673,-0.0451616320086526,0.0859920570966302,-0.194048102319466,0.140129220599085,0.0228040755165624,-0.325037188534428,-0.203451731599593,-0.174905263993301,-0.0654140013807923,-0.0829729572110478,-0.244223631537656,-0.236081838675574,-0.150461811064849,0.118831991750223,0.0984678064146289,-0.0417111781290772,-0.0904058051934786,0.0651930843103813,-0.186478157587957,0.194118816411552,0.572116519778247,0.0644683989466389,0.474810726342514,0.562118944338964,0.491734675100268,0.277802960574639,0.464474285777711,-0.170482190083492,-0.10667183883492,-0.0103611504155034,-0.0502933565673585,-0.033907178825251,-0.131592333147927,-0.0819793116711604,-0.0634732864046132,-0.0574773776444859,-0.183146021507784,-0.146777317932427,0.118340917530432,-0.127813062120927,-0.0552033035023569,-0.0854973665786759,0.0398680295072137,-0.0323183108445859,-0.0860532199319919,-0.0399258807807854,-0.0751063249118472,-0.145834942329026,0.00785220782934231,-0.137777139171546,-0.204161950647188,0.0909476081321313,0.0745155765148957,0.0412247053428401,-0.110769009904785,-0.189149891740512,-0.0626398416904412,0.185052625493606,-0.173922566660378,-0.107548706543387,-0.144494285727343,-0.176632695497654,-0.235874318342273,-0.164830667294539,-0.0302309684364068,0.0903977137873073,-0.0513806507298339,-0.0211293843561662,-0.168004604853846
0.569466717959218,0.55417575892542,0,0.0344845412924955,0.262955857702817,0.633642390718654,0.37866908127801,0.539686466704212,0.549608172427492,0.0498711557652882,0.0157091410288575,-0.0976736163040941,0.0256688899080933,-0.26903642788205,-0.229617159244145,0.117087594288184,-0.00868353397539007,0.0676886140449597,-0.253518859986142,-0.00849161511867918,-0.000980671967052477,0.0036377447070922,-0.363880315331419,0.0138392729419785,-0.0170010418571558,-0.0468481799928384,-0.02369403903161,-0.154876215951923,0.0576165248408458,-0.273915653547187,-0.0301825112635067,-0.321148015526022,-0.309309187482566,-0.24398149225648,0.0269291433932509,-0.149560814193313,-0.236088671651163,-0.0989192586679165,-0.0963916290704045,0.180344205860101,-0.155049785773242,0.056330529222412,-0.138898632103565,-0.138988246617601,0.144869102977162,-0.100884773477143,-0.334502256159197,-0.360686754590659,0.181485270520359,-0.161829819386587,0.256323358176927,0.63685399768109,-0.0315191912659013,0.00455647486154708,0.53280424249298,0.698816681502022,0.391539312304032,0.578920682670675,0.0561464067175839,0.101353986041309,0.0662975482949073,-0.0800102671955368,-0.134283011843911,-0.160634682653754,-0.241950941866638,-0.231060412149259,0.108459600469028,-0.203325083235639,-0.299704958063953,0.0210839650290134,-0.183971289704668,-0.132619686466472,-0.363821880722911,0.227511974930475,0.110585248390955,0.0169101333133298,-0.0314491133263508,-0.199908582783771,-0.0318222920118431,-0.16398231927371,-0.150316501055778,-0.333749761276951,0.122390626647965,-0.0391294582226097,-0.165638241255102,-0.374926296670721,-0.128268498281785,-0.132304719584434,0.0914231948168679,-0.0593359028385257,-0.145852097885193,0.217850090265785,-0.0324051086796606,-0.0904438983164085,-0.109414976899494,-0.0431573284523958,-0.125960268073863,-0.314010740461019,0.10436777908059,-0.148080492115346
0.148137456494543,0.524828874718243,0.0344845412924955,0,0.577573007492549,0.294964303172068,-0.157377496337879,0.247327264927845,0.367287394135519,-0.134438233638044,-0.121452055327876,-0.112312197589298,-0.0661374433242001,0.220752267673845,0.230939393802006,0.316170041182735,-0.185832519699783,0.178146565614531,-0.0397769013744116,-0.0151962260714923,0.0587163681519942,-0.0947228409342488,0.130304079829998,-0.211370006117169,-0.129927972354515,-0.0631314502692301,0.0256498760818887,0.0436416184537211,-0.0313298946854622,0.10273150410102,-0.286736062749027,0.426324341414171,0.407808950086752,-0.00938485313269338,-0.0377146659495383,0.123037315018,-0.158722526994333,0.111456859067937,-0.0265609563260573,-0.184041073535099,-0.116786294166236,-0.0469540908835304,-0.0985313341178186,-0.0569748075756709,0.0355162542153762,0.0995800634879067,0.0864931621937491,0.10343344659148,-0.0390572477934896,-0.196360934826584,0.224507684928539,0.394281688568935,0.319449396775305,0.725375102378197,0.382240884920326,0.193758156484129,0.160568441360767,0.295774998474122,-0.124252335567783,-0.114440870442994,-0.0278773421414062,0.0828589879377125,0.191864985271332,0.0731870240995429,0.152054118008521,0.21798087309057,-0.15173226011483,0.0126962174006369,-0.0177201166990388,0.114238171510891,0.0321893095458906,0.11908615229085,0.158146774917482,-0.0652573687956625,0.0377280524942231,-0.098019181023455,0.045004650410876,0.191369798322587,-0.213668948076909,0.334266306586845,-0.0932578591175373,-0.214940762628613,-0.139793594597623,0.0624533208899425,0.133422774942703,0.147831735366788,-0.0205601010789442,0.117212788240223,0.154970019275735,-0.21993584709848,-0.0354668760328567,-0.160766963574131,-0.139300473967636,-0.0523378436579494,-0.150878592858363,0.0137547380957923,0.126763824086579,0.0926085649820828,-0.145891660656187,-0.218066792145397
0.216254794714247,0.651244785511734,0.262955857702817,0.577573007492549,0,0.622958679561759,-0.277421053305277,0.209503541450615,0.601787460360381,-0.258321616962996,-0.321402606269747,-0.283046125732653,-0.0952099366167847,-0.0780770988445655,-0.100892150772692,0.0372312284069763,-0.226607825166105,-0.0292058027709343,-0.239816708051349,-0.112617276492808,-0.164725282572194,-0.0765312559834879,-0.174470588734969,-0.311632960619181,-0.263654738323964,-0.207262831672876,-0.0416995905713424,-0.234608670860021,-0.135712350861853,-0.18233589398089,-0.176633163449628,0.0357254850427691,0.15127927165814,-0.0899524820956925,-0.0188178207944475,0.0367033243835627,-0.256798594014597,-0.132592369642686,-0.232306038426833,-0.240718590880916,-0.0645824004529225,-0.244990256289602,-0.197638327569894,-0.232396048343091,0.0164011656025378,-0.055911365297705,-0.0646485914832415,-0.129060538362551,0.0631745365295942,-0.174377988209336,0.10746439568163,0.39166441206648,-0.0210636113743029,0.659650893328835,0.645107541950972,0.463539441519233,0.123345522343054,0.363752547904474,-0.263148118494937,-0.35719765214749,-0.171392428328113,-0.0982519637319948,-0.0310547230302281,-0.251936298249953,-0.126866722612001,-0.175185292156835,-0.107055734291179,-0.22726672178352,-0.10970012645888,0.0162095446700875,-0.214633869383213,-0.0550242381751579,-0.061413976466218,-0.0888368902644427,-0.157076751094539,-0.269150782646162,-0.150382209924139,-0.115900337384699,-0.101842009000927,-0.0236645063456429,-0.0921393146964612,-0.124173797698571,-0.0626551243717577,0.00742650099740079,-0.00109491929946457,-0.0489007531194872,-0.151686714905881,-0.12825226274088,0.124979103005614,-0.124308505234426,-0.122500847599878,-0.334050863422773,-0.281625217805039,-0.255429273616301,-0.196893402012089,-0.17703763844697,-0.0173854528566096,-0.0934806782961482,-0.0834091973081856,-0.168772294926291
0.453983449603656,0.583639880624022,0.633642390718654,0.294964303172068,0.622958679561759,0,0.104532266426697,0.483353275792446,0.80201650170719,-0.0343021299788654,-0.0204823507008032,-0.149067699607248,0.109411388365521,-0.201136276854193,-0.183558558136418,0.0553574647561852,-0.0439537028768616,0.106718341262162,-0.241457317695728,-0.00536401193590503,-0.135198181253399,0.0378294847397077,-0.273934269010174,-0.056050881472661,-0.0431300252049453,-0.0410736040463552,-0.074984853761845,-0.191608872705654,0.0288605254741593,-0.250422629859496,-0.132624090629168,-0.194703029466389,-0.190213017193904,-0.126372066225123,0.0329053260489452,-0.0448142261135486,-0.224012322539183,-0.0582031363944441,-0.120245978278637,0.00021655925846651,-0.089864500828367,-0.0768302182760595,-0.11904166186552,-0.208377345686513,0.0729880724465928,-0.127743386960871,-0.221895896750424,-0.292940387278141,0.362861924570075,-0.0461197534316785,0.234193407101684,0.620357734199543,-0.0363844032557154,0.310822022529655,0.826797555024116,0.84238596934901,0.384954159629675,0.668955912388093,-0.0665580329654882,0.0209492962646464,-0.00199246589893092,0.0030330272807923,-0.0355132022067271,-0.245838046825897,-0.255977735728784,-0.21226471069668,0.120360062348297,-0.21943373916772,-0.203722241971014,0.0302893486456445,-0.240634689355099,-0.0550699317859563,-0.243869719995117,0.0910652081749659,0.0562767429918992,-0.0251307920870007,-0.0143905891874268,-0.158142941664288,-0.0412550501448228,-0.128407013355278,-0.0965464110583648,-0.238277297937461,0.0126695216918273,-0.00787363079530453,-0.108259608703374,-0.216887569754266,-0.0890985341483058,-0.128038352847671,0.202728740053321,0.0618801264980956,-0.226780127656808,-0.0591638823241888,-0.18983944677132,-0.222002052140817,-0.119775808703451,-0.107340051765631,-0.105019772635121,-0.233972030822446,0.214779350296657,-0.0346012990871942
0.256489941360809,0.0447911572656303,0.37866908127801,-0.157377496337879,-0.277421053305277,0.104532266426697,0,0.489159032874648,0.0632557994214669,0.263274574287335,0.286800010460405,0.19061156910231,0.0175530697258705,-0.0847208748328563,0.0448422057374704,0.282305458835049,0.225170020700764,0.295506277850352,0.0811895466298721,0.259897340396189,0.224009296442078,0.0739212972203979,-0.111993537264037,0.364609760244998,0.204467514977493,0.0977095759297373,0.0580652059798762,0.221442353029286,0.33281831249654,-0.0444176822619194,-0.081880008199792,-0.145954450608435,-0.277941064962036,-0.0982463126383833,0.108419177360036,-0.107168600299317,0.0151948959489995,0.0332491966528877,0.202198811361891,0.429940769759009,0.0194614320455897,0.229261470024004,-0.000575903888990255,0.170468646357022,0.147269294210743,0.0389487938792418,-0.231987739759947,-0.186437362896405,0.187630059904081,0.0518110287924433,0.152060274865158,0.268159342013166,0.180202656786843,-0.284740220946165,0.0443733032690136,0.165230007968105,0.349350671998881,0.240717110546772,0.282609740018387,0.437675567235777,0.23017430127962,0.0315069269344602,0.0360462971153997,0.209928292446995,0.102674818887498,0.126684334596593,0.125006002643237,0.121863427861838,-0.0891988143755671,0.135988214831454,0.128181125905761,0.00237223381044759,-0.229383296923451,0.283889174468942,0.330997658838763,0.225792782145769,0.285414687490146,0.0297963685459444,-0.10858232134228,-0.0594195400862367,0.0737249896035156,-0.262653884156071,0.149744296293932,0.0507658800010999,-0.0223797116042677,-0.184238906691956,0.041137765577705,0.129678497879423,0.0628923022480254,-0.0636480115442071,0.0262844265937701,0.416882404194221,0.274927582224724,0.184553858757588,0.126839089848455,0.167783577842349,-0.00179655527105471,-0.179360739505919,0.125244603520098,0.0298073785348294
0.373875491571902,0.441204434553856,0.539686466704212,0.247327264927845,0.209503541450615,0.483353275792446,0.489159032874648,0,0.522147411819346,-0.0855077714063473,0.144424508202908,-0.0629772993378201,0.112811717432987,0.019891211686653,0.112625621562538,0.228163828404223,0.10808560866606,0.490749057467824,-0.129196197428232,0.306096924427345,0.337096554182656,0.155344717235205,-0.043865893046104,0.201333825947638,-0.113804702599622,0.0408180124322896,0.243452141978282,0.0813146715464437,0.355689426331171,0.0139260793055913,-0.314558393565961,-0.156770837589457,-0.280698461289161,-0.27103230266981,0.271562372347632,-0.0687790766698577,-0.239213551397034,-0.228384066053423,-0.157537644500757,0.0825709672492508,-0.184148456559236,-0.0771931693830854,-0.215973833741245,0.0100130693708062,0.279459152222732,0.145839841536476,-0.141733782920084,-0.125815300923466,0.0791328406122198,-0.179867215227954,0.19692739566561,0.631780111726813,0.221418663402344,0.206850455401506,0.427063663363252,0.511306764071359,0.628278646059682,0.716946708125383,0.098148224163576,0.302417632438934,0.275202222333954,0.0696414992696618,0.11539871897738,0.107816002288126,0.137011877465536,0.154848801099175,0.0411637582085567,-0.00984905534113501,-0.0672299143065452,0.370803245621415,0.173185288172895,0.0192075082995306,-0.175541737713184,0.137445404256663,0.345081556724665,0.163205063590013,0.263016370726511,0.0998734643388206,-0.292557588664212,-0.00398625265243052,0.0388511432908791,-0.446715051755376,0.158868439954292,0.125312631139466,0.0915950802750224,-0.125518044751148,-0.133732176736342,0.0984388325250747,0.291289384902906,-0.187565351890911,-0.0851940389964296,0.0727417073999135,-0.0578881088308829,-0.0788265956763879,-0.070605834676262,0.057975836070929,0.0994064391875472,-0.0966622607389145,-0.0166711709409664,-0.127157291480127
0.34432072191827,0.491032627958609,0.549608172427492,0.367287394135519,0.601787460360381,0.80201650170719,0.0632557994214669,0.522147411819346,0,0.0439250927218908,0.00400899436486822,-0.0936421283225119,-0.00204355455095401,-0.227583696989693,-0.217316898022775,0.018629378341786,-0.146299838758458,0.109383435715237,-0.22414732430656,-0.054233900359013,-0.127663495728575,-0.158863178549036,-0.32301317658369,-0.104298765768577,-0.00975651678560703,-0.118499973088975,-0.150731082938289,-0.253426985898587,-0.0104013058881562,-0.328481841091292,-0.116165285999811,-0.175213966907797,-0.1710492551064,-0.211881278911424,-0.139343090240907,-0.0581334303809943,-0.268953769070066,-0.0693508344143609,-0.136394219817485,-0.0498288091126675,-0.246376041556604,-0.0472992948860192,-0.209461687912741,-0.234358964958105,-0.000140195741049729,-0.238602182728192,-0.340046929849768,-0.393817346800264,0.199039478553989,-0.195966632130968,0.183127259929808,0.623168520292962,0.0607541956036676,0.43135297559076,0.724293065370673,0.786366884266618,0.442902007045704,0.787383696280462,-0.0111715374934175,-0.040545070961893,-0.044263076133886,-0.0394997489453425,-0.0128729388044302,-0.214703914903165,-0.209060511331012,-0.217136418749781,0.0805776341915811,-0.19065090511986,-0.264546970685173,0.00197986689770681,-0.23155897804898,-0.139937489574225,-0.338406860166763,0.0655248832376185,0.103419380698784,-0.154139360531392,-0.0409456925858568,-0.192925545362277,0.00850654993402365,-0.106376941908876,-0.0908533441576683,-0.326456745798665,-0.133541725672363,-0.160486564987838,-0.180054753679921,-0.306916606459251,-0.122948841763564,-0.22517963857264,0.159480197268296,-0.0561122228662449,-0.155093083693288,-0.0234352241291159,-0.151997693751695,-0.242084512973877,-0.250771430015099,-0.192197599396617,-0.210563431934159,-0.317094412668766,0.0289229890641817,-0.157177685494091
0.0482369657464355,-0.257269921941536,0.0498711557652882,-0.134438233638044,-0.258321616962996,-0.0343021299788654,0.263274574287335,-0.0855077714063473,0.0439250927218908,0,0.54046433490237,0.658339811002856,0.151657862067432,-0.107475338445655,-0.0872749164294967,0.111509282379219,0.171461214991738,0.0244894252944051,0.251306535109562,-0.072298897355567,-0.0933460436934478,-0.0149559621617983,-0.107660896736023,0.34078446586615,0.627850564370972,0.363500239423054,-0.30706793234045,0.135357527309176,0.0222494380138656,-0.157004514784332,0.139389008717055,-0.0327612398265016,-0.174374405608831,0.145190998317163,-0.302606736675407,-0.2177623376544,0.172128491052531,0.39330638934401,0.38863191154938,0.31113488477572,-0.0913791657451872,0.516603302307151,0.403005570927309,0.0247470558969006,-0.0669788529328815,-0.377019684905666,-0.280197560404377,-0.271677438656721,0.0851012227483402,-0.00924633544998987,0.0817430451951999,0.00990311218468683,-0.0143505448317979,-0.35981781427865,-0.00758782776559598,0.0814487594934802,-0.0322275322988352,0.0211114287215955,0.680253885789263,0.370319044802313,0.0935738739840827,0.167008467248011,0.137519450130702,0.147629709970233,-0.0422056057588145,-0.059625123620322,0.0736198030914687,0.175180595022662,-0.0952697890494801,-0.167172422735854,-0.0637350525470494,0.101247412118584,-0.213256238918275,0.149402291957417,0.309252345072861,0.221177615581779,0.0866237076196736,-0.0821402652377967,0.239994638246296,-0.204709262238503,0.118134830261507,-0.105058012734539,-0.0819317580743659,-0.0805236954174588,-0.264469403644649,-0.198712413971537,0.191750677909858,-0.0824857920444456,-0.178532657122304,-0.00247979759739534,-0.088631960894467,0.396922284009785,0.301991884104709,0.383835795412391,0.217772884225871,-0.00985953041937605,-0.380141735868218,-0.335439789865953,0.0785201050286148,-0.0716590914117339
-0.0774358807099623,-0.208466387037698,0.0157091410288575,-0.121452055327876,-0.321402606269747,-0.0204823507008032,0.286800010460405,0.144424508202908,0.00400899436486822,0.54046433490237,0,0.678366122730409,0.451581804092735,0.187860905981251,0.255616642051266,-0.0700591534398366,0.400333554036198,0.245052899478911,0.370291485207029,0.145566043219696,0.168358569065152,0.30608268314005,0.202614074734857,0.613997801424551,0.4785199610675,0.688158136273285,0.0219663361652952,0.348962258741376,0.362836849937279,0.216606510362589,-0.1435586380209,0.066435476359751,-0.188510471325049,0.168392408609904,0.071932597818941,-0.186677185311825,0.206937545737015,0.202143801799579,0.360324910309773,0.336358410181105,0.00506144533115963,0.403244257746288,0.374881511718046,0.0694368570439583,0.096440077712773,-0.0115640381239402,-0.00587753385988885,0.0489597359588387,0.013955918562721,0.0272041127823283,-0.104425422822499,0.00882357293124512,-0.102488025455441,-0.268309904015303,0.0426562847957901,0.05682999200135,0.0473701060221867,0.151492241587404,0.505379632151118,0.67347934619401,0.449345893605338,0.455456262321914,0.310516102562987,0.336660752224687,0.200497864475749,0.287047785512983,0.0591323675847164,0.37577604742022,0.220136056631925,0.113790765403464,0.224055911705365,0.266176028984835,0.0586329586046061,0.126970358431029,0.487403827174445,0.517051730014874,0.432091532709932,0.272596121083907,-0.0304983671966713,-0.032373010646583,0.319374266732676,-0.0622717245803526,0.0543599900795857,0.170995274738053,0.0446578066284535,0.00376024783107461,0.274627154722042,0.260597511463548,0.0465713738077053,0.117773815066308,-0.15361137481723,0.199225770372329,0.155743002295088,0.270562186311674,0.237743475152136,0.131664967149448,-0.00282686576684828,0.044736560781771,0.108681540896654,0.0190256545305352
-0.178186441757479,-0.285000469672246,-0.0976736163040941,-0.112312197589298,-0.283046125732653,-0.149067699607248,0.19061156910231,-0.0629772993378201,-0.0936421283225119,0.658339811002856,0.678366122730409,0,0.320336944160888,0.118699250357481,0.177536186724778,-0.0807684543436013,0.423292536731966,0.108550751960144,0.482481461427058,0.101255090975438,0.0608015548116972,0.208101814710726,0.16076127971478,0.587169614934566,0.488652716340545,0.704529486377457,-0.0538357146647397,0.389789324816565,0.207904606262404,0.128280847249514,-0.193623615713355,0.0417894767372527,-0.107385851335925,0.268542888778044,-0.0768978387237291,-0.0742250441672588,0.295063374116192,0.190972423669739,0.343793461730659,0.173883689063147,-0.00762989626767275,0.458898682780861,0.570185328376962,0.176112269482855,0.117403782526125,-0.0982124717356726,-0.0332695035114275,0.0340249445339266,0.0330634464205777,0.056495281792404,-0.1820490231371,-0.0935515421410753,-0.149291335170761,-0.233345414606384,-0.105516727385889,-0.0646861668496191,-0.197788645393184,0.000541284561219889,0.652821181101784,0.547930338831067,0.371385102129391,0.400039476052449,0.305920292630725,0.381831515012723,0.248975491944163,0.23101441172116,-0.188406793569473,0.463379209233689,0.194654700684326,0.0176802871468181,0.174158581704745,0.338687239604291,0.0651759393048111,-0.12665836708971,0.459668662407339,0.476984285157008,0.366506610668824,0.235782095312137,-0.0950562580542416,-0.076122558174212,0.342209003441613,0.0493518332429461,0.0575823488789811,0.168495254046226,0.0473099080619382,0.049606299555613,0.361433657748448,0.245744996375563,0.0181278134110874,0.0127715634667873,-0.220631379212122,0.196164917120723,0.152818905550848,0.455439117066453,0.448312773646837,0.190807429745356,-0.0833522467441975,0.0037850432264951,0.0330706704414918,0.0117563185861875
0.0295369748739199,-0.00291222639637664,0.0256688899080933,-0.0661374433242001,-0.0952099366167847,0.109411388365521,0.0175530697258705,0.112811717432987,-0.00204355455095401,0.151657862067432,0.451581804092735,0.320336944160888,0,0.294920073784556,0.282673990622871,-0.154959007916176,0.515443377116498,0.181881624171769,0.251666677174349,0.246952469790184,0.271101489062203,0.555223139792479,0.259390397138322,0.354067402760815,0.0340826233825078,0.357057076724425,0.304832767878097,0.197157612010757,0.378419517003771,0.24684815418904,-0.200922437818224,-0.048716983649913,-0.118446806783507,0.115283770583126,0.386322260054057,-0.0476859823822131,0.127441122997609,-0.0959248075444801,0.0613603895112687,0.0854728923267908,0.0956029436565927,-0.091849516920627,0.0621022580322008,-0.0351009885355547,0.103084981771799,0.255280515733001,0.263465928944506,0.221454933255237,-0.0313211712889839,0.0731687473530506,-0.181544143674334,0.023722661025694,-0.207601602051286,-0.0965245527457848,0.171763109127845,0.0919193579282764,0.0453342969916138,0.103676674926293,0.104801162190378,0.442747415272539,0.387335595815967,0.718545367751255,0.400167360528204,0.219650521650802,0.165887363753135,0.241500883126423,0.0731553746352729,0.306350380139276,0.333423069310352,0.216660145706985,0.280734316764385,0.338245124227851,0.203641331400307,0.00324294095162939,0.321375638668567,0.24934721542233,0.383197704468223,0.259244144392677,-0.0552485961241624,-0.0750470811931843,0.325664942736265,0.133100714519099,0.137969944146814,0.28217192842588,0.222344599131832,0.208086214753255,0.192722684562722,0.195768626116961,0.192167380695659,0.209698760590657,-0.251525109021752,-0.180362424988946,-0.0685600707367048,-0.148094274439352,0.11426013641196,0.136045106486349,0.247614147566462,0.226457972266191,0.110623198987134,0.117179509019769
-0.255368538039504,-0.0387109883972664,-0.26903642788205,0.220752267673845,-0.0780770988445655,-0.201136276854193,-0.0847208748328563,0.019891211686653,-0.227583696989693,-0.107475338445655,0.187860905981251,0.118699250357481,0.294920073784556,0,0.837071710568254,-0.0945475523119562,0.368325179763764,0.215859529836225,0.543405941665502,0.456557967678076,0.5835715363543,0.297560228298712,0.733232063118466,0.198975158569634,-0.177617007241575,0.220733259524641,0.561041038884158,0.488063742855163,0.470881071006474,0.664494151014393,-0.467210226797822,0.314491885245165,0.131438385067291,0.166715008429051,0.421959117167299,0.160907186557932,0.205546711088872,-0.0698138644827865,0.0254540098606098,-0.0712119727196106,0.071906146662414,-0.0415025830544605,0.0395011333271587,0.166490990320351,0.122825494224587,0.550675008839461,0.66798502170733,0.635484407979246,-0.121346223820398,0.0848798450965065,-0.334771554324018,-0.128784052782207,-0.0867606942478181,0.141023748538209,-0.135683814170975,-0.231191715796644,-0.142208600091232,-0.0874965699494944,-0.0458872747733073,0.276086749983069,0.299037229451013,0.492453707750418,0.611658357867613,0.605758507325464,0.661794272852656,0.769278008369888,-0.238670231122836,0.597827709894447,0.53572667671843,0.413599048740797,0.679601944618541,0.541739501117949,0.592054514016302,-0.151343003710044,0.21930554833239,0.256958877252182,0.548274914905345,0.699903798058843,-0.36954011381061,0.242577412285118,0.392420395727525,0.0911060801515791,0.0727245785142208,0.440747143875645,0.667254093853251,0.605609863139071,0.230817789303831,0.494846357296261,0.23345602917916,-0.0638414325032316,-0.255202966665409,-0.221785184568,-0.0382941969114439,0.0819576080097339,0.146427106412876,0.174715133026278,0.584466546681296,0.58995424129115,-0.0617693926151168,0.0619537139193154
-0.211896088666759,-0.0297004411264766,-0.229617159244145,0.230939393802006,-0.100892150772692,-0.183558558136418,0.0448422057374704,0.112625621562538,-0.217316898022775,-0.0872749164294967,0.255616642051266,0.177536186724778,0.282673990622871,0.837071710568254,0,-0.0590736274108536,0.327708869641614,0.225329221506447,0.464817065394064,0.460717451753236,0.606402522027978,0.252736262220487,0.726121383466865,0.228728839571418,-0.179791725832875,0.2627552763334,0.577975016945763,0.55803728850568,0.57248225482279,0.733622753670066,-0.504644545112331,0.325209700725436,0.142085114264279,0.079452168221396,0.433143095436987,0.159865052163836,0.193191810368527,-0.106810181822007,0.0418995034132291,-0.0537623080917128,0.0522959796608778,-0.0287286729970334,0.0183415848204762,0.173784609824534,0.182161318305349,0.597615115409382,0.605035578153023,0.635621418240577,-0.16073973236491,0.0163149564465674,-0.302971835988191,-0.0392006470505007,0.00912826953802319,0.161591078948367,-0.104286938151032,-0.22351541997113,-0.0819808531862483,-0.0521180566116878,0.0279180818081964,0.351147980958533,0.403515273138408,0.469627318692174,0.618426174988889,0.648471307647645,0.757541525147815,0.865251268879038,-0.266020201603892,0.56745876986744,0.524398019854959,0.392440429248798,0.683947252691253,0.488687436546104,0.578437833460457,-0.135549964967624,0.294660043273257,0.308329481934614,0.617746621403366,0.75998033708259,-0.416017881211784,0.307366651944241,0.403432251830254,0.00476428325228551,0.104307102086406,0.433848070306659,0.646956690740124,0.588892843991977,0.224465727247595,0.534059643490698,0.219126161165113,-0.190704076110058,-0.197113164324993,-0.196925017654565,0.0207720499367256,0.112097257642177,0.136784491749176,0.231705776392356,0.604155960719718,0.583950702136679,-0.098606111727344,-0.0198530860864509
0.359583337087274,0.23286956287698,0.117087594288184,0.316170041182735,0.0372312284069763,0.0553574647561852,0.282305458835049,0.228163828404223,0.018629378341786,0.111509282379219,-0.0700591534398366,-0.0807684543436013,-0.154959007916176,-0.0945475523119562,-0.0590736274108536,0,-0.00557381372981178,0.371761702018449,-0.0234186251915087,0.00969290450612994,-0.00658646800291812,0.095951878383972,-0.0350006955402757,0.0329582962369955,0.177909200197794,-0.0708616026915357,-0.132770227200297,0.0490066041216776,0.00128228481322836,-0.126198655788284,0.0201721670572139,0.255936255418091,0.299377617049679,0.0631883762182354,-0.00804961724223447,-0.0529858228719724,-0.101050261066829,0.266283149499577,0.226087681165172,0.172640216596619,0.00964825411811301,0.199088219837121,0.101237011577845,-0.0977192681242396,0.0567790668280515,-0.174453916465482,-0.152269145894429,-0.121646607108292,0.0220892582705956,-0.0589208159299913,0.51404250886631,0.286984739546282,0.507968657827663,0.011074360701257,0.096698357328437,-0.0105048803553154,0.200177220213908,-0.0249690919424474,0.0856453305007247,-0.010252732501635,-0.0674778697153152,-0.176176983636751,0.0315819088322365,0.00858854446147168,-0.0203790721671499,-0.0275856936216667,0.0494181069303741,-0.083989644889764,-0.0893012631693834,0.0614843467428857,-0.0677222475103775,0.0852830687122158,-0.0807271410026391,0.193060330617184,0.0677530832080307,0.000803467048979174,0.0409585315881441,-0.0263792053054876,-0.0707567716030025,0.174484142392489,-0.0266298560361127,-0.272220833084975,-0.0749656631399899,0.00888867665983942,-0.176272110611798,-0.0514533311385026,-0.111383357815365,0.066679249199715,-0.0763844237839052,-0.0783512576009889,0.249367761529156,0.208002842515225,0.227035448537192,0.201423951517149,0.0578953654224051,-0.0869824990713331,-0.168387214580908,-0.242768052267317,-0.115279763409269,-0.158343962889563
-0.0731531879286022,-0.132027183659206,-0.00868353397539007,-0.185832519699783,-0.226607825166105,-0.0439537028768616,0.225170020700764,0.10808560866606,-0.146299838758458,0.171461214991738,0.400333554036198,0.423292536731966,0.515443377116498,0.368325179763764,0.327708869641614,-0.00557381372981178,0,0.328589874043862,0.545198097939559,0.485336278246316,0.377084962902314,0.59169819362663,0.325462115819331,0.64310834654331,0.104122100144875,0.461245250703773,0.255183329351942,0.390816771423084,0.433978614263101,0.312409520579402,-0.308512520444684,-0.054586041601981,-0.192618377134472,0.292169003192886,0.347114053858526,-0.011103665087605,0.278412859349161,-0.0953337720554695,0.0686655438836479,0.0480191297361774,0.0652943693569526,0.105249694166188,0.275927749157056,0.192301750649873,0.165206184010106,0.169554205893042,0.15716795671484,0.186171639006889,0.0935600098685766,0.206267064853587,-0.211130075482203,-0.0832124705531404,-0.202780717870474,-0.272637543915921,-0.0538650652620107,-0.0171651852643557,-0.0551233369061012,-0.0157965986249766,0.202518531013567,0.519998720232155,0.392485178280667,0.441668845556391,0.346203727552961,0.367216628678064,0.297688397237447,0.324014338898771,-0.0117990238800176,0.499609165150247,0.362086873250142,0.331006032927021,0.435508367245006,0.433538013382712,0.153841066562505,0.0336802160076762,0.438992438409227,0.447456243772084,0.485844785164674,0.356619945106415,-0.24752253860788,-0.0839492914462421,0.430773556601849,0.0125228150551069,0.113640132209361,0.31632586326197,0.245102834770057,0.1717653204569,0.277936248735975,0.318178992819572,0.260627232217903,0.242134775591144,-0.377778446924096,-0.02083563290464,-0.0492607462429869,0.177896572744363,0.395408410947246,0.145006863663748,0.175843026099708,0.152932687637014,0.145014217090662,0.211137486848937
0.154110260430958,0.0410583061676968,0.0676886140449597,0.178146565614531,-0.0292058027709343,0.106718341262162,0.295506277850352,0.490749057467824,0.109383435715237,0.0244894252944051,0.245052899478911,0.108550751960144,0.181881624171769,0.215859529836225,0.225329221506447,0.371761702018449,0.328589874043862,0,0.229745870098906,0.571424317363747,0.347041577016329,0.390129739496833,0.260958236712375,0.411848034576122,0.111058981189158,0.284798901108844,0.165271990087974,0.306292894000731,0.274962482153589,0.157692467762276,-0.295937001866549,0.179001714099384,0.0135841892256235,0.306726535175561,0.264924831022364,0.0190335828646859,-0.0450979886680451,-0.00233281402706914,0.0131839514023301,0.0429335943018058,0.0579639881240557,0.183738726652793,0.134864078166648,-0.00615044107034644,0.205668869975616,0.0259089247861671,0.0225183121917728,0.0890827352784526,0.0471125813128409,-0.00875549187167541,0.176084949471463,0.192833428974133,0.226119073578071,0.0317292272450935,0.117612149386314,0.0939663421050966,0.26215578138742,0.240449548810316,0.0821777246961141,0.29473873543338,0.237672353458453,0.154626688368388,0.194922309311735,0.149666547179034,0.194986916572324,0.245234324774731,0.0440998318779068,0.169797962140789,0.286536598045856,0.642663341520593,0.411617289423708,0.362394330395384,0.100005120503801,0.0844270001273687,0.316794651998832,0.293654554192719,0.337771924934583,0.257297859182433,-0.380493500161777,0.145177718435666,0.219410448546083,-0.178422545043251,0.111217732691629,0.33641050169865,0.199355898480488,0.162616633047499,-0.0111917341028916,0.290794817015322,0.375285904615509,0.11791135043117,-0.0327972669640086,-0.0172596028124924,-0.031646736448698,0.204883617234931,0.241784280823921,-0.0625068113957046,0.0504362586414209,0.0334877655123674,-0.0301804655529326,-0.00966034796133952
-0.309920638899933,-0.282407620874664,-0.253518859986142,-0.0397769013744116,-0.239816708051349,-0.241457317695728,0.0811895466298721,-0.129196197428232,-0.22414732430656,0.251306535109562,0.370291485207029,0.482481461427058,0.251666677174349,0.543405941665502,0.464817065394064,-0.0234186251915087,0.545198097939559,0.229745870098906,0,0.302331623573275,0.257967275900759,0.264548109376487,0.444173531124409,0.407207982362117,0.24269013793507,0.400721325311415,0.0969517011729595,0.384243418965594,0.299226524152035,0.347561280503374,-0.303621398401875,0.212932782403475,0.0420773585449452,0.452102708994897,0.0497933267606172,0.0200112703396604,0.331387101681779,0.185774441655291,0.290418435888807,0.115395854690881,0.0252380138869518,0.307600623714068,0.376490482902441,0.114144307824091,-0.0829771995269981,0.0542817456069463,0.25448978894916,0.274371528143766,-0.0429549845051381,0.126817455627571,-0.370351303183195,-0.288324614845273,-0.160745301906451,-0.133746335996861,-0.232404402971349,-0.253598486877534,-0.238846367437036,-0.17202340791336,0.229415839140898,0.359544189808147,0.252504277909898,0.459171424731409,0.502492946679389,0.507969063184018,0.429160877849315,0.479826842733678,-0.231288539145595,0.739622968054372,0.477891321273477,0.220620356881005,0.455063636541684,0.55072555332033,0.320698979902903,-0.173641829439999,0.366102116661762,0.288833166979145,0.522009938752788,0.426071135621387,-0.188418217426277,0.00129382707385394,0.523560439396543,0.169986793329761,-0.115464151998393,0.252657971059146,0.277827196706474,0.323608992711261,0.330720592685591,0.334852331983675,0.0454855271727301,0.123297428146066,-0.273024643523935,-0.0356007665398724,0.0865064811875522,0.244492695567211,0.372787154925534,0.0687035129224299,0.11976034335402,0.251767005273896,-0.0579632109278582,0.101314960337266
0.0150794075026934,-0.0291465433213575,-0.00849161511867918,-0.0151962260714923,-0.112617276492808,-0.00536401193590503,0.259897340396189,0.306096924427345,-0.054233900359013,-0.072298897355567,0.145566043219696,0.101255090975438,0.246952469790184,0.456557967678076,0.460717451753236,0.00969290450612994,0.485336278246316,0.571424317363747,0.302331623573275,0,0.675316110305386,0.363642546791337,0.415385856148446,0.424069465195657,-0.149927688641475,0.217541601727251,0.525371508257654,0.45807232249573,0.558581390295431,0.345065737992763,-0.500567210791145,-0.059333239639852,-0.200468648870597,0.0725177174425587,0.461305403693518,0.131251171732161,0.0807351425522195,-0.316084909358847,-0.205777097056213,-0.112913572043067,-0.0187079710857465,-0.0732654626750308,-0.0479920218673712,0.215073344534009,0.312543437068834,0.381749400297414,0.246027939753368,0.307139550235387,0.0769241525045176,0.0924763145731893,-0.146682136999993,0.0158947389331296,-0.0400759380015771,-0.0445624792908816,-0.0549807295865459,0.0183001676689894,0.0411334617742583,0.0905658591443864,0.0403692210684621,0.342570697574072,0.299132626377149,0.233910143264476,0.226418015923956,0.347758891939863,0.394214188028946,0.454417723279655,-0.078831401404536,0.320930605038015,0.345623544785017,0.640767060955508,0.716157573128938,0.332677841372819,0.212857681874286,0.0315865455637323,0.291424161208075,0.347067654254804,0.524252673794147,0.426445259466562,-0.502612863162457,0.0103657259452043,0.322328341816653,-0.109924010025865,0.246786875004684,0.411218368913795,0.494320952463358,0.286434171597007,0.104867990638091,0.393564291951107,0.540715232952014,0.0641057498739704,-0.303313552633433,-0.0800398934602542,-0.0674555981562612,0.135175843101557,0.27277641210526,0.144500321301857,0.39814699693193,0.315208714338106,0.0973813724927101,0.154536777112009
-0.0694491731836091,0.0610689630880753,-0.000980671967052477,0.0587163681519942,-0.164725282572194,-0.135198181253399,0.224009296442078,0.337096554182656,-0.127663495728575,-0.0933460436934478,0.168358569065152,0.0608015548116972,0.271101489062203,0.5835715363543,0.606402522027978,-0.00658646800291812,0.377084962902314,0.347041577016329,0.257967275900759,0.675316110305386,0,0.261455739359369,0.393235234813119,0.269987854024533,-0.184358078326145,0.116000127454653,0.603173392904714,0.417074421024476,0.541624222285837,0.412294326021945,-0.366670897396612,0.0246019555368809,-0.139084099430786,-0.161511143020994,0.449062560036752,0.0550651111189335,-0.0296205431337227,-0.335137304252207,-0.19211585101292,-0.0647787971937238,-0.0855030158018076,-0.141724017105607,-0.220511929550836,0.154298695019171,0.199272049667518,0.523201956407148,0.307960089025707,0.334712184420523,-0.169277072933924,-0.105842946607867,-0.196171526581089,0.0164730422918642,0.00309420374041593,-0.0217710843682943,-0.10024862736995,-0.0943310522176791,0.0802247510589293,0.092973240120983,0.0662805901553596,0.340138670152227,0.334801047882401,0.264563102530028,0.266245308609012,0.419393596417583,0.476145333819934,0.543785022127303,-0.062634341123493,0.392369242836756,0.251995333075821,0.461215090590533,0.736866546903118,0.23373645109623,0.187691081181417,0.0737506483230921,0.306521801437886,0.283563781000468,0.468558478695346,0.475866834026581,-0.330170338493999,0.1109710189563,0.216883134121744,-0.200863438077682,0.207360530056296,0.320577329194551,0.46909635559664,0.204375050264427,-0.0113476498656513,0.351098739276326,0.292413553784656,-0.194178409564897,-0.222121565663686,-0.00183234762007589,-0.0226809170124896,0.00717139545243667,0.0439566078655367,0.221432651172427,0.481973911147028,0.335130753052999,-0.0999522942988968,-0.0532386384161409
