0,-0.069933797842397,0.385103785646415,-0.201598249900468,-0.0799141449299785,0.0627235604526648,-0.0611747706053411,-0.104999102597859,-0.138117117149293,0.0739868109278049,0.0358908679013982,-0.0979059031420597,-0.113851298124716,-0.345535336522457,-0.273387519924369,0.0621684724843975,-0.226601082787629,-0.247006820797436,-0.264913109907526,-0.25748933479922,-0.2121819180884,-0.138530890468538,-0.331462146496252,-0.0832072099146,0.165697703483324,-0.0787433509841748,-0.1958302158962,-0.136564063304583,-0.27223355249931,-0.192235002543919,0.0643987930536081,0.0379011636375264,-0.184294338449084,-0.205558548376346,-0.163569376292644,-0.149897242704674,-0.226067265406872,0.284940856289855,-0.106639729801934,0.000814192931337037,-0.0868765094288526,0.0976638176026286,0.0632154262377829,-0.165410509314537,-0.0472263100623906,-0.150879709933221,-0.32790371494042,-0.0985981106809258,0.126699136840016,-0.130539950348104,0.559827536365132,0.16753431852843,-0.155108468367402,-0.350914104499256,0.0609210932918521,0.250023897105562,-0.0188543130910991,-0.132504562055434,0.118286731209802,0.0734579896831775,-0.144444012817766,0.0110905691961198,-0.142564218953781,-0.222011879964893,-0.232687962760798,-0.271798724567918,0.0179476337286462,-0.0762647835481889,-0.175527276025917,-0.145335283121479,-0.191192499794458,0.0541117952047203,-0.298249205544035,-0.0924333699534741,-0.0833159456182407,0.106517493893058,-0.184565740250733,-0.241358602024377,0.028196884390104,-0.0628160379269766,-0.035372116084921,-0.0612474992618316,-0.046558701298267,-0.114272306719361,-0.19769789119077,-0.322566896057008,-0.306020900206211,-0.28720395727719,-0.196861905521361,0.0119005559843075,-0.133209640915048,0.369840940482774,0.0197244700623279,0.111325449872685,0.0837378476580858,-0.0114255305858114,-0.159411034949204,-0.122213047543487,0.174323022259173,-0.140527312847514
-0.069933797842397,0,0.557954567098348,0.683178034698894,0.615475296838268,0.579135940313821,0.52343969339443,0.730968846720321,0.666679684911837,-0.0825272802395342,0.0514763989434499,0.187047296593846,0.313607417454093,0.197656043363081,0.122740870519264,0.513148551294873,0.277115812653435,0.402500135827157,0.283918247831313,0.44029391000396,0.300519674115479,0.218146352260619,0.167677126559265,0.255225400779105,-0.0885954034052569,0.0456706189605677,0.397891975745939,0.115833453171456,0.449502663974207,0.0465526703712174,-0.175158136233117,-0.52114517946015,-0.26222280187025,0.316406540867716,0.475949212960718,0.500831276943267,0.196757696374748,-0.330818158668792,0.170095570539702,0.345037042043872,0.1075757218225,-0.155099840531129,0.11232335537688,0.28908793159285,0.171962666416446,0.360481161894136,0.027831379390621,0.350823408295289,0.49981691159652,0.414581540690338,0.00173337492370705,0.823720924400423,0.277369877073119,0.572299745773472,0.545530653782038,0.540366152940697,0.703823278485462,0.714159201615973,-0.0196111225923834,0.0646354870689469,0.185505327467633,0.116511864464604,0.0147950116718541,0.223237744047641,0.344637472635809,0.0720887554793279,0.0663237573623923,0.367379980000235,0.198069868936381,0.332956450325964,0.331970926556945,0.239599309136964,0.0572620775448121,0.292098455247639,0.0324230960468073,0.122634016217448,0.280406116331522,-0.0713862182137168,-0.452328128402296,-0.490332598889929,-0.367335586618732,-0.191285963823265,0.0715022583997613,0.27611475496145,0.221893425194682,-0.250805203369019,0.210869789806658,0.066085636964498,0.448467831073758,-0.133351784250437,-0.433736719303711,-0.150453127918081,-0.140249589414,-0.155238751489209,-0.0155758469028001,0.0416859095061894,0.255035631916108,0.135141833479202,0.486249012368404,0.351571873408567
0.385103785646415,0.557954567098348,0,0.0875160195898226,0.315224437921976,0.678068989355344,0.461455989791346,0.453971016249685,0.525574226789647,0.205809156026415,0.249640510411782,0.284304894031055,0.2993706696074,-0.0115163466672873,-0.0663268645862942,0.312246041402152,0.162948357873703,0.177009391882236,0.135637994864839,0.218405276654137,0.174705352172871,0.215934090032792,-0.100486591675492,0.355043308266572,0.198762579530593,0.205733301296723,0.256070122712214,0.0446695713341053,0.243509657957647,-0.10335371806576,-0.221449457027957,-0.509609836557557,-0.514347460258091,0.18348095787427,0.407202186644605,0.33192501826192,0.111795095311052,-0.0232416138891985,0.0731213740194248,0.366552546079221,0.250404590837486,0.106833035197115,0.386545100857924,0.196081381214189,0.19187947673093,0.278182563787122,-0.1463708601259,0.186999996171449,0.57781718362484,0.342390080010397,0.140368015736094,0.695367864511178,-0.0576733711764797,-0.0214947102391154,0.615672607542136,0.785095226136151,0.447161053282388,0.476034440199245,0.275444444216629,0.25532444371491,0.205016827962168,0.150246076861008,-0.00930256003921404,0.0411595196859549,0.139599811738672,-0.118556196710796,0.172054928265656,0.266934499765493,0.104305358390172,0.178051184602751,0.171534414272657,0.378679732150595,-0.140256805113092,0.223843974445197,0.00410906172330747,0.484915215007799,0.13609770303888,-0.186351531002595,-0.463939326666424,-0.557123259436266,-0.209323471564307,0.0250372233232489,0.0422913251925789,0.278930386356751,0.0786385167878451,-0.369809745707722,0.0284837125854385,-0.0811108255797518,0.270393140667236,0.0824139172128021,-0.571938476896191,0.235137805828474,0.0021992897805135,0.063661415892264,0.305152907022385,0.0776437637849689,0.133419990101247,0.0155219234959757,0.597934688743902,0.277291216946258
-0.201598249900468,0.683178034698894,0.0875160195898226,0,0.480489784625924,0.121072400723717,0.209784923218925,0.532736138864307,0.315603215349042,-0.335923785991752,-0.0285483605825663,-0.0308297314617622,0.231079078374434,0.296902840032611,0.31252274703103,0.317494857090246,0.19891175665677,0.320298377099936,0.239600823511774,0.445627032842694,0.31189518288246,0.142090849113886,0.34245751137107,0.0326992898358932,-0.328780966839144,-0.145051598277647,0.249447429956329,0.0413557677084091,0.344736435986204,0.11487911418651,0.0614035301081972,-0.0560771701929853,0.125952069536105,0.24342213362417,0.25681597233336,0.373418982233053,0.141378362584817,-0.277834830118904,0.15695730904185,0.178879386812066,-0.0223695318731328,-0.391435375315268,-0.176178558331472,0.0946384167753948,0.0859416342483663,0.224938054653765,0.187251595869404,0.311232683154123,0.197727757839239,0.310110390164719,0.0751417415798982,0.538394585462016,0.341829669827879,0.713362578098059,0.0502442918021265,0.0714591046979172,0.517051620740829,0.444460884068274,-0.342281530592173,-0.0911709306245444,-0.0192360569116216,0.0592970738465026,0.0732312412508977,0.30455691014319,0.38267097622561,0.291542123322237,-0.0394844058093135,0.214948434537056,0.180021915074097,0.267820154053348,0.379674271490615,0.0398360149687199,0.203454269308856,0.224952132566749,-0.0867388046167236,-0.254152117195368,0.277881316494736,0.0600557889791476,-0.185856632471174,0.0135563376458507,-0.29927469679282,-0.152817925665731,0.0538909361860625,0.0244062606976309,0.155422350688697,0.0292609973629998,0.209243081623123,0.0440360294534591,0.379388369952745,-0.113828599672596,-0.0343310345390751,-0.305114874483648,-0.189601663467626,-0.287490203099968,-0.320620065325284,-0.0813183572526361,0.211222952954713,0.203499799336162,0.183090111638475,0.3039199260493
-0.0799141449299785,0.615475296838268,0.315224437921976,0.480489784625924,0,0.489284316561441,0.274246272932464,0.454393306595954,0.491551065728653,-0.187145168605066,0.209726547117181,0.244130323113141,0.288923125506656,0.271858812843048,0.202497199117942,0.270145654861479,0.269924998507876,0.355039654640808,0.301446481788209,0.430850474402681,0.345255157142527,0.240677204776251,0.248056193823412,0.309052658710105,-0.240194444852921,0.179290762037411,0.329401471125214,0.17408565865986,0.409136100482885,0.0551672906833206,-0.203677614194297,-0.2546242263295,-0.0883025408780777,0.302061924913446,0.413494443087623,0.37266188227124,0.192216429892601,-0.363083836983269,0.132140909584854,0.166783710600589,0.134717990642489,-0.219615521324137,0.0259144081486111,0.165567414474861,0.125671785577116,0.273773804678427,0.0903701538001637,0.222345336649566,0.31712943718756,0.389898024721475,-0.0958146243991358,0.517924092093585,0.300157496078448,0.530987083274106,0.558286461149309,0.361501733070239,0.386597680488101,0.508742342882174,-0.00564947235861673,0.181570461923549,0.261995094811446,0.146838452211403,0.111961447896468,0.313474080758519,0.397777519478464,0.178160710759037,-0.0694490911947114,0.335093137486775,0.271296217506668,0.307938770080799,0.398590575021726,0.238043666875641,0.153210804862761,0.245813164748172,0.226714580143598,0.010031452045886,0.31624612399478,0.0437622641838202,-0.326778054077601,-0.223251441399859,-0.25374237412913,-0.143528659199192,-0.0350964526892254,0.284655869390715,0.232770206753964,-0.184293013313495,0.120180157017694,0.0309215829981237,0.390378928689039,-0.152531376750908,-0.346253691176079,-0.311914675343177,-0.11713214464,-0.234637047164349,-0.0119282381719252,-0.0843852478154415,0.237628592698006,0.101117932496617,0.278064117335752,0.332184877312735
0.0627235604526648,0.579135940313821,0.678068989355344,0.121072400723717,0.489284316561441,0,0.527153287938427,0.525430122703669,0.72680247485902,0.308075128685472,0.277887532292454,0.422723787608216,0.437238632727617,0.173881401544725,0.0858628030344168,0.294726839711097,0.293123475871613,0.297785685341664,0.298978596932249,0.383275183080164,0.317115794522241,0.305535099992511,0.0503396379719746,0.493693810701887,0.176669892644737,0.273620180432516,0.390788704118676,0.109848612088249,0.47303707543187,-0.0102997050791426,-0.288730260650732,-0.526926325316797,-0.357126972066934,0.293715505279814,0.544587096096645,0.396368203053987,0.216400456767826,-0.256164545084794,0.159852161193877,0.410123336062042,0.330459492056652,0.153211515035266,0.39868745424464,0.354567187121799,0.268053976354441,0.370590609607205,-0.0290574857849933,0.221214213439917,0.695059577662061,0.484268992036157,-0.133201166000906,0.606818702425911,0.0554962459650789,0.197693802807594,0.848112535281803,0.835157014268038,0.438804902171763,0.627499402442544,0.412330562505453,0.267341756164711,0.351813181993032,0.17975823911502,0.122482641864093,0.212528915941384,0.293446367508396,0.0415218242940769,0.125967713342977,0.400104822104394,0.245084085463975,0.258867664576377,0.329746625820467,0.444771430034459,0.00070079923994799,0.302514067478364,0.182575206759804,0.452456879647828,0.290294119118758,-0.0331820782981932,-0.491424033595447,-0.570983747538834,-0.210605682116586,0.00365494850558701,0.0488432998735198,0.372874240166679,0.172517278502145,-0.290912597458459,0.147454536693826,0.0230587881326358,0.405019657916104,-0.0012185146545817,-0.544850284294409,0.0128683576396375,0.0218248805090837,-0.0146015559500986,0.312874118792995,0.130961572280705,0.211409642320218,0.0101170058627682,0.678094365461706,0.433652598348903
-0.0611747706053411,0.52343969339443,0.461455989791346,0.209784923218925,0.274246272932464,0.527153287938427,0,0.63705772048629,0.614120738688511,0.283508100789088,0.154655483414809,0.389944725127862,0.244609467018635,0.146315538427441,-0.0330963530376255,0.440776679266145,0.31876747372208,0.272189389510155,0.31800188115835,0.305026960648362,0.204514801886883,0.241150839381535,0.00280465869025931,0.402485904969726,0.0766604861298049,0.213810286784663,0.340768071532062,0.0550973967720811,0.34532694454315,-0.0628226126249031,-0.272661869415787,-0.522379901142008,-0.416963531018843,0.244512049931594,0.423290862521737,0.48050701076482,0.233678613112249,-0.0761808870719734,0.325490807433359,0.598023682423966,0.334727262588606,0.0528277725122365,0.35963413001133,0.432001566647154,0.320984183196664,0.388199696581879,0.0444350030947218,0.253296776927583,0.543304555076406,0.494510210774551,-0.214380941084434,0.46775837107772,0.135396794947905,0.153089032709562,0.453082241478918,0.493717993148803,0.575490929202651,0.592056502405729,0.215318762205497,0.224683711767491,0.317640949967342,0.145125460160567,-0.0104740066247212,0.0671337563074237,0.143036274560813,-0.0652755664108735,0.367216333069474,0.419620277843218,0.122259542782569,0.172797781135098,0.153276779620859,0.237237764221323,-0.115418753930079,0.376124575658646,0.261018578120104,0.268193093703403,0.140565488797636,-0.144890867425508,-0.49507755547835,-0.529669776625165,-0.178733332689903,-0.0646102031532323,0.0340068272818026,0.216297669460351,0.115921568987637,-0.235766022988748,0.166343002104524,0.0363844918745496,0.339054782946704,0.000333114009114215,-0.487166300097921,0.00374558278370097,0.0916826988895615,-0.132565224124358,0.115237954099164,0.185240089399884,0.191424586671685,-0.0209369346265838,0.509134345703905,0.381176836618342
-0.104999102597859,0.730968846720321,0.453971016249685,0.532736138864307,0.454393306595954,0.525430122703669,0.63705772048629,0,0.770591059208583,0.0108956884309996,0.0320487348540368,0.229794661919647,0.311237272363293,0.343428553306096,0.217775009159132,0.287639571216484,0.389013641865062,0.543778768111765,0.408879928319459,0.43157726587901,0.400139826928143,0.244387956042762,0.297236242502044,0.361707811443645,-0.222146930830872,0.0840423286145544,0.411108447815137,0.178585755158108,0.456240615964598,0.109483398868872,-0.059295209952608,-0.487354308896474,-0.271065670448301,0.441911229014325,0.451476715350593,0.591052567961699,0.179633589003811,-0.354775459595452,0.220808512303883,0.352123936769461,0.174412752821285,-0.148649270313237,0.141725721699794,0.3732968778838,0.133180227428577,0.403025144719844,0.0760702463452861,0.338993522899176,0.416865527406705,0.370790186146573,0.00711598912240355,0.711346956077517,0.297220003444325,0.399711926311855,0.454386213563124,0.492836097308882,0.862799759333125,0.831240661773697,-0.0133887980454859,0.193208660506661,0.193762772284886,0.11783454200239,0.101531339253866,0.287021645062474,0.416041816634693,0.187305410450617,0.143140048607837,0.464674683078648,0.319148239643793,0.477432655196276,0.378583938139623,0.27799485512998,0.155433647888923,0.245650672296557,0.152567830332796,0.121159716254378,0.323307296860515,-0.0276780440147897,-0.448231430767177,-0.429673846727013,-0.23986441504072,-0.141296430966311,0.0299065304255743,0.247722951266844,0.149573804659382,-0.234884418699194,0.168148035292224,0.069277090234985,0.448407207935988,-0.133930263651298,-0.40582262549617,-0.175075661481068,-0.185709751289609,-0.260836912240397,-0.0145066419527277,0.110712325591122,0.229058086289082,0.106788394581477,0.425607167062956,0.254753107587403
-0.138117117149293,0.666679684911837,0.525574226789647,0.315603215349042,0.491551065728653,0.72680247485902,0.614120738688511,0.770591059208583,0,0.029371429982942,0.186581178469104,0.383324661729845,0.437655010550872,0.402559377188583,0.2602918528801,0.300124567598211,0.460532209434146,0.577528548867332,0.497515496324007,0.53210418846672,0.50110477394083,0.303409359256031,0.299782222168065,0.519743408348403,-0.161530641730908,0.202105095122832,0.541363358403393,0.217139650411608,0.546443174578529,0.0991840979909123,-0.222960595327603,-0.542725387327517,-0.292084773317058,0.474253837087989,0.566060153587084,0.632878865133387,0.249555395743169,-0.433898524952035,0.251937416023917,0.326228866876568,0.287451715865646,-0.154578600599751,0.215181262180876,0.356405845830708,0.214261874119558,0.456185391604936,0.111094189047447,0.353930667125406,0.52492924445598,0.461685528495032,-0.144842837142199,0.639737038260018,0.254210170662449,0.363644815603343,0.644680754673143,0.652889928700962,0.655612191837305,0.885360747474498,0.10401144608899,0.281561883163153,0.329673253043556,0.207985437438425,0.178739049554251,0.355017010202042,0.491163591248408,0.219265497915429,0.0426947805590374,0.53924316017586,0.397717048030656,0.502449363797669,0.486393335044712,0.358569116484116,0.169253641070448,0.229328579140672,0.259871460042909,0.183646253774177,0.390486819209778,0.0883300841511108,-0.490086055237937,-0.483860655788604,-0.190221419485882,-0.0572203622839018,-0.0318597202613865,0.355638708711243,0.264307237669249,-0.269074819729371,0.214121176869388,0.132845796108026,0.526506756177751,-0.125683879698054,-0.482193977925918,-0.227229639760449,-0.179486738927339,-0.295258588730707,0.0307446526436236,0.0443140887693291,0.28972866999826,0.131584574218906,0.476756219839774,0.356156828375254
0.0739868109278049,-0.0825272802395342,0.205809156026415,-0.335923785991752,-0.187145168605066,0.308075128685472,0.283508100789088,0.0108956884309996,0.029371429982942,0,0.0827089550286211,0.318863621212478,0.0242023834295977,-0.301526451249595,-0.306317506608655,-0.00395345580705172,-0.194978548145351,-0.405380441986462,-0.245910830301582,-0.285000106325342,-0.212373854087319,-0.0727906670965709,-0.456806742294958,0.12287627313646,0.611261928336752,0.131563215274974,-0.212431730751894,-0.15135834343,-0.0466965559266025,-0.181298277410268,-0.0709877423977392,-0.269970452391489,-0.303554737607224,-0.315316328218687,-0.00704755613419156,-0.131167303778333,-0.00393771911673097,0.351234556780419,0.165465103731737,0.489303292251785,0.0957618410471458,0.60018386207206,0.446936122866826,0.346166183993588,0.248335935472046,0.0210019131224286,-0.314357082319547,-0.186108445803303,0.268223661407552,0.0761022404455557,-0.215432402300108,-0.0232619118187933,-0.344007731211192,-0.246294346395774,0.249119433821931,0.290797174871286,-0.00580936521277733,-0.0706951774310947,0.783482309681705,0.146125008692008,0.300817545713525,0.0331693988849342,-0.140941913558014,-0.347049050017698,-0.37077642755514,-0.326028801418637,0.308577756394765,-0.115302381092087,-0.308977062055142,-0.372962014851768,-0.340939095784009,0.0484834850285046,-0.394268986275733,0.260454682877959,0.00265257853939846,0.516100154558794,-0.227250381012497,-0.283256131908616,-0.13865097719223,-0.38618093854738,-0.136773201111862,-0.0373129869302664,0.166923940835288,-0.0357901210933803,-0.253155210727363,-0.209360786753449,-0.0351813509443585,-0.143756603800398,-0.219477050629826,0.0674023084498343,-0.218653109748378,0.436404552039553,0.432111677243418,0.382195788525936,0.474004881303717,0.447864841914662,-0.147591386418779,-0.326440636300316,0.322756160782633,0.0782334111142823
0.0358908679013982,0.0514763989434499,0.249640510411782,-0.0285483605825663,0.209726547117181,0.277887532292454,0.154655483414809,0.0320487348540368,0.186581178469104,0.0827089550286211,0,0.680035442382239,0.595537296073714,0.208903704033824,0.189734896624219,-0.0611040095818065,0.368743313796171,0.162022410077701,0.287019730641966,0.342883678995682,0.305608380228766,0.498684412287792,0.0958295661886502,0.619202550371369,-0.0250824916698493,0.62178803558882,0.222394127518431,0.104751377462683,0.33028468022995,0.0210766392388937,-0.257587534734137,-0.0295480136577044,-0.199825714620965,0.277887026492671,0.440620674787614,0.264184311228256,0.26214038616705,-0.0652516035470779,0.162336118261588,0.228597762251855,0.541869705906401,-0.123773320586571,0.379172235312435,0.0131882739933372,0.381455372600676,0.269370379404224,0.163227061192693,0.108968429269442,0.368152997189994,0.548867111838318,-0.0737074389731357,0.106070447843529,-0.13118690709782,-0.104323083637681,0.185413975828696,0.234097027842763,0.00205623534476319,0.141941199849585,0.219195177248378,0.621216804703674,0.460149935426451,0.450443316259268,0.359492546409285,0.242793133425158,0.231094506032479,0.163108140289982,0.0465126317939697,0.300607970217006,0.298327386841634,0.188563349659385,0.346384267892529,0.506223642188339,0.0316482488430767,0.275855567390324,0.27975020595417,0.267462989375775,0.332044885319039,0.171474948169567,-0.299152142629667,-0.0359154606422002,0.0664121954845946,0.395630507237852,-0.0050860156048197,0.287969610276541,0.0733686829614462,0.0119855228773989,0.166876565834971,-0.0425413720612834,0.33085285918215,0.319805995348555,-0.248317952772009,0.0254487506550968,0.122221174577575,-0.186725081434787,0.148957804977128,-0.131220196758215,0.143687942139223,0.0388263773628919,0.264196261800911,0.533876747238772
-0.0979059031420597,0.187047296593846,0.284304894031055,-0.0308297314617622,0.244130323113141,0.422723787608216,0.389944725127862,0.229794661919647,0.383324661729845,0.318863621212478,0.680035442382239,0,0.604419432533541,0.233706499363034,0.131626436270096,0.0224411161049467,0.482506960432738,0.1989709495855,0.339986511583601,0.265549286300618,0.291586664932117,0.429384419084026,0.0481686512617187,0.689633029495065,0.0816938124308378,0.698013613575142,0.285602321503094,0.222284271509147,0.357429523553054,0.0495601061161241,-0.304224834510971,-0.284943141724687,-0.311299203871456,0.266281842034418,0.501547974519377,0.326674030332746,0.300596996689157,-0.134425147071651,0.227900022752472,0.409329219834917,0.495541841873934,-0.0160857610293964,0.465364489172548,0.24518557374287,0.372034468307699,0.36112764839629,0.0442165369475317,0.129434607904376,0.434294332891356,0.525337973807271,-0.25595845165326,0.203108044781897,-0.0711553952012476,-0.00434362558194956,0.346266242218593,0.3274417456861,0.164594387396782,0.342207175938053,0.359430876282396,0.634271145412012,0.667480788676591,0.485568205784354,0.327641540794207,0.16170535798654,0.20763987761088,0.0983470062377442,0.0955145518516245,0.403055467931011,0.300409280765683,0.222044712550144,0.252432994031849,0.469978675723046,-0.0404210320033023,0.280301817574887,0.450638463458058,0.452686678259115,0.2521267598415,0.163054637550887,-0.40725185186618,-0.296798110243284,0.0509224682875898,0.254566097515327,0.000710621423665854,0.334649821280159,0.11836460169662,-0.116171954617966,0.26285645856319,0.0908788791430449,0.323980779411101,0.17810799286709,-0.389971891163915,0.0202966097243056,0.136391976141542,-0.162608641823862,0.205775829787817,0.012638699770662,0.160666783253446,-0.044487207107108,0.333401739496943,0.466170881595799
-0.113851298124716,0.313607417454093,0.2993706696074,0.231079078374434,0.288923125506656,0.437238632727617,0.244609467018635,0.311237272363293,0.437655010550872,0.0242023834295977,0.595537296073714,0.604419432533541,0,0.462982767456278,0.459617146739531,0.0069958008901459,0.600905373767057,0.442390042332922,0.492433862883722,0.600375333253914,0.502332205881297,0.491439709657026,0.380162987781357,0.653025858416944,-0.112448522855889,0.36109072027989,0.443093703561748,0.210868962586819,0.595548501229476,0.230714005085016,-0.169575324926834,-0.136948585788824,-0.14746388819392,0.482969958305524,0.502408476084766,0.476788526040786,0.370445083979354,-0.284522991194199,0.185867277080134,0.32511927416576,0.462025260642632,-0.25547315230962,0.148492776038944,0.0506417786445683,0.297907099020352,0.442608780465166,0.262675705095214,0.366313271190871,0.464043036778866,0.589122775755483,-0.109140735800886,0.33151983655427,-0.0162319537222244,0.189019924963335,0.289239850135254,0.359214531245867,0.224971651756886,0.437442323455307,0.136924217570493,0.403422201004596,0.504922987974805,0.657777296412188,0.545014133261235,0.418146028405599,0.472533844255791,0.394228474467265,-0.0298253202083515,0.425749318335498,0.417046642936314,0.405301742274423,0.555337209465189,0.510995313530847,0.272822764801084,0.324536938540879,0.281753872263519,0.162791085426398,0.538259337705322,0.36725012099264,-0.414438297479724,-0.117365972942119,0.0430398947427452,0.248795713131007,-0.0508443462622173,0.195175441782466,0.21913478999707,0.0157673387293254,0.383133419673261,0.0485612713456012,0.534945717364545,0.176960307561586,-0.274557772226064,-0.130785578646273,0.0397103316989573,-0.293539618702494,-0.0122295733198479,-0.130924637529747,0.299513383333027,0.241078128690953,0.369327860488127,0.553399622692057
-0.345535336522457,0.197656043363081,-0.0115163466672873,0.296902840032611,0.271858812843048,0.173881401544725,0.146315538427441,0.343428553306096,0.402559377188583,-0.301526451249595,0.208903704033824,0.233706499363034,0.462982767456278,0,0.815720430085999,-0.0930285704808303,0.571904449103715,0.589971991000048,0.664561321586506,0.596446513009281,0.698889147702498,0.395137280569094,0.816504226886534,0.412695451423847,-0.573471990472617,0.102742798756786,0.562863907680764,0.417032404313679,0.592683544290726,0.518887816630563,0.0345844005459343,-0.0320563998712916,0.216996687281775,0.497374825950491,0.422413196239866,0.488016260874068,0.374219577458748,-0.481650182256968,0.204747657805319,0.0471044888274125,0.294217472508843,-0.387746674780655,-0.126110649207425,0.14315938948644,0.0601246717124537,0.503535790092908,0.682743690734745,0.550494792083693,0.101881615790885,0.388038323295415,-0.114459608752793,0.153109398991129,0.209479500768461,0.266662141067497,0.0838153367165426,0.0588360975272828,0.195482340929335,0.404066680256533,-0.290454116058024,0.260739941376679,0.132263822782739,0.259629197537871,0.555129580449018,0.714310599144073,0.739537993637036,0.773604197634846,-0.136359082662106,0.458096663140149,0.529410127618747,0.509330851469767,0.664031275208988,0.313375544915876,0.699685414266389,0.0614837861389146,0.292002047958115,-0.205153211417649,0.615671709416829,0.561088534943399,-0.0877562493618876,0.084466437134264,0.144100731559425,0.102606888345161,-0.0750996389935064,0.201981483120072,0.415375428598101,0.379055533473198,0.380628531557351,0.350719517161293,0.46922746842733,-0.0446422514566662,-0.00432023214837264,-0.434447758046549,-0.29180492674501,-0.391961019767986,-0.276198643550768,-0.127389759335434,0.46730338962939,0.486318258106329,0.0288988601073043,0.297458974794182
-0.273387519924369,0.122740870519264,-0.0663268645862942,0.31252274703103,0.202497199117942,0.0858628030344168,-0.0330963530376255,0.217775009159132,0.2602918528801,-0.306317506608655,0.189734896624219,0.131626436270096,0.459617146739531,0.815720430085999,0,-0.229816345976969,0.375878798757628,0.446840451259635,0.407547929826443,0.545553770882195,0.595031325117195,0.254303859804423,0.812653008093247,0.282677873402485,-0.58792566008905,-0.0259858152061014,0.474826196775976,0.421008926990242,0.5221782128609,0.582867145055793,0.120537064980414,0.077958953948646,0.312675809534069,0.300698694853669,0.24554214628488,0.476519975821514,0.326244735872201,-0.494113049255626,0.18466760967417,0.0396180446848046,0.178147197801027,-0.39453864289449,-0.207750508366533,0.0594305964927998,0.00672212089510871,0.463136991008545,0.666185959819377,0.534478871537069,0.0834110475049969,0.309054567257894,-0.00797118495668937,0.0837704283081913,0.118895428195529,0.258794005671389,-0.0207964771719627,-0.0248379906524506,0.0871822182709117,0.273390643898656,-0.25986365110239,0.244033909282365,0.163133000698392,0.340138997569993,0.650524661899726,0.72100654395765,0.704450446818357,0.913420294472276,-0.0938937089758166,0.278262980792605,0.356325833979752,0.410418648275506,0.623997370081726,0.247694036955177,0.73747486460184,0.143177100920734,0.208592833722725,-0.259035122438892,0.602158927293571,0.681621676538349,0.0275611746442059,0.218233793541961,0.1522390542057,0.0723618202385595,-0.0240527421454044,0.0355636311372361,0.404860441886052,0.453062395334315,0.362906166991081,0.332793578830184,0.446021945734737,0.0226461592432918,0.117394394307807,-0.42148422439718,-0.221718551066155,-0.315906650920148,-0.272353547023557,-0.115730690021808,0.480778053880959,0.567990644974955,0.016392691524305,0.265106831784086
0.0621684724843975,0.513148551294873,0.312246041402152,0.317494857090246,0.270145654861479,0.294726839711097,0.440776679266145,0.287639571216484,0.300124567598211,-0.00395345580705172,-0.0611040095818065,0.0224411161049467,0.0069958008901459,-0.0930285704808303,-0.229816345976969,0,0.0635450988278307,0.102240329315938,0.0346442096725442,0.102286763128905,-0.0118843949280744,0.145782406940864,-0.112191803571114,0.101488036762155,0.108158785945536,-0.0466009605808298,0.0864217835629417,-0.0982113774460343,0.080213708299023,-0.109084092861451,-0.0625474911945313,-0.244096457855193,-0.053564212174844,0.105285336391101,0.253987265534338,0.0798408920977565,0.0292608552340429,0.106334281195638,0.237867043294171,0.252215172271063,-0.0154264869818514,0.0309251530004079,0.146944732924775,0.103030324330956,0.195589830267405,0.0976118911715015,-0.115194207185978,0.0972496710957746,0.179051002753768,0.142452774842254,0.0440370463210451,0.39653132587411,0.346994972988123,0.251672778663386,0.32795884219482,0.26335745963145,0.283383503576184,0.268325765413812,-0.0100773053473752,-0.0945745166201601,0.0311005510928236,-0.0270852736811544,-0.172924676373084,-0.080310189771807,-0.0566023626523244,-0.243816108297737,0.0988840771431007,0.13899288381432,-0.0407182675676616,-0.005119826698751,-0.0197937935057117,-0.00659992493490134,-0.179531459748218,0.155532830373294,0.0249738279717001,0.0350764087240568,-0.0750544013035101,-0.214834011319274,-0.250324301579434,-0.306897817971856,-0.194529484803162,-0.197151832555002,0.0178580470201815,0.175830201275273,0.0250758373289146,-0.27427872981714,-0.0102823163720518,-0.054098504106874,0.0696172102794362,-0.126588962392262,-0.234057380052696,0.0358472506943408,0.00357112378503798,-0.030026061646571,-0.00765981415964021,-0.0565113516421364,-0.0105704691939483,-0.12547306349315,0.186198894120391,0.104374084045353
-0.226601082787629,0.277115812653435,0.162948357873703,0.19891175665677,0.269924998507876,0.293123475871613,0.31876747372208,0.389013641865062,0.460532209434146,-0.194978548145351,0.368743313796171,0.482506960432738,0.600905373767057,0.571904449103715,0.375878798757628,0.0635450988278307,0,0.626526974012297,0.751078184696491,0.504958781054112,0.516521997339226,0.590703527364452,0.491846485433308,0.616882739241432,-0.285168101967976,0.358507305778044,0.549808543334786,0.289315910650926,0.542690616277031,0.277894440246203,-0.173595728765496,-0.0979095308751111,-0.0674533655732179,0.699241137161178,0.535157689253259,0.39072780501491,0.346501752910724,-0.279739253613653,0.176006042138883,0.0965346102143146,0.413864549693061,-0.338585551275461,0.0933001068565889,0.108396131740782,0.174010501087989,0.47773194564684,0.342442237524356,0.422779560880532,0.249077388564769,0.489640573193302,-0.106552374879487,0.244046886165751,0.249626180398643,0.140991552276262,0.188559751737468,0.196027567580542,0.314341510374152,0.4950835151456,-0.187941372675041,0.305270755686349,0.147734211850287,0.313770781492532,0.411836126962818,0.442760251848555,0.496994577873614,0.333253861081107,-0.180882625397793,0.65126790562741,0.697271916008826,0.604170070838934,0.516215693470711,0.501148086692395,0.36239330291834,-0.03952520159552,0.380181174562588,0.0579904096523239,0.533131522522374,0.319277275585852,-0.361151444433751,-0.0958434682520759,0.197286526443388,0.235753073554708,-0.12713703508292,0.367344464905867,0.318000216357489,0.0187157270080584,0.391614944012395,0.150914731679989,0.423180142541707,-0.0202558834576127,-0.198400715937845,-0.227477882259694,-0.236386157083382,-0.423571099382357,-0.202018858391987,-0.208934207604894,0.314439880483521,0.257392153316809,0.14402095779702,0.359766318018551
-0.247006820797436,0.402500135827157,0.177009391882236,0.320298377099936,0.355039654640808,0.297785685341664,0.272189389510155,0.543778768111765,0.577528548867332,-0.405380441986462,0.162022410077701,0.1989709495855,0.442390042332922,0.589971991000048,0.446840451259635,0.102240329315938,0.626526974012297,0,0.659918248358304,0.677435856672226,0.588239764128537,0.405416215826966,0.631978190271866,0.507800466822068,-0.462507761108249,0.233766780533235,0.532118972521983,0.286865672980445,0.556027783967493,0.243918716052198,-0.0964189093101607,-0.239240818468446,-0.068986547804872,0.824384709873645,0.527093153067493,0.586598792872728,0.329652326558984,-0.557046740271619,-0.0334278833728149,-0.0207993769879989,0.342720715344311,-0.469344822874213,-0.0473014367413992,0.0148583577447801,0.0817701529786353,0.32813435911859,0.361435289903116,0.414719857854988,0.197726479005816,0.291002930575609,-0.0504059443425943,0.372764137562032,0.393799769169859,0.329377657930404,0.245889856944496,0.249702267419853,0.458382984729259,0.637538230677982,-0.353698286562133,0.183441594323706,0.0884041533607521,0.173089711984466,0.299063272799955,0.516680292663357,0.671457832250613,0.42146092194682,-0.178624896183643,0.481846828537097,0.712538427168062,0.832476291413528,0.672612062133976,0.37772112386569,0.532566267220252,-0.0398669630759724,0.240938772374299,-0.042719249948517,0.579705701202122,0.295120631588927,-0.364118275749655,-0.16117034356626,0.125881164445917,0.202928491447907,-0.0258815935226832,0.453171615459863,0.356465306166071,0.0394898508945625,0.349457427419237,0.233767001114615,0.638132228395306,-0.0239752430565854,-0.260521896479922,-0.449011988194537,-0.497562963787171,-0.502234451849586,-0.216209428388914,-0.322096262527601,0.26139869674209,0.356139654577449,0.161776783773782,0.237266391599751
-0.264913109907526,0.283918247831313,0.135637994864839,0.239600823511774,0.301446481788209,0.298978596932249,0.31800188115835,0.408879928319459,0.497515496324007,-0.245910830301582,0.287019730641966,0.339986511583601,0.492433862883722,0.664561321586506,0.407547929826443,0.0346442096725442,0.751078184696491,0.659918248358304,0,0.610234240412542,0.662791067450805,0.510262281546731,0.543952931741898,0.510509859660881,-0.308938310470872,0.329415170224335,0.577106607344734,0.251161818547126,0.647514014235556,0.184394903251691,-0.249376111073953,-0.172918672109166,-0.099838611024398,0.734743289165689,0.55288781646799,0.357478433193077,0.331666132622099,-0.427282185364578,0.0574986238330272,0.0203075177049545,0.403522299386875,-0.301778369762318,0.0273716726625274,0.163926814186598,0.140312545521702,0.417059177168018,0.415675781049118,0.398684606970916,0.244418477145942,0.46369706628038,-0.204639260127719,0.278825129264973,0.281441872982101,0.255861064344955,0.207947947679432,0.21785246626152,0.323550266981555,0.52291493396812,-0.214440764097628,0.204119359498608,0.0955023830393167,0.141288376087183,0.294956896049258,0.509205794340073,0.633359888870178,0.349234623062881,-0.186362896524422,0.654146179690089,0.677661910221313,0.551102275214446,0.63902143602624,0.379781546622759,0.422329104431333,-0.0492260515843708,0.327382359349085,0.02975086589966,0.622066870154419,0.249764116606875,-0.329436142637747,-0.117056866947573,0.0326505557900316,0.189514249527564,-0.147202841217158,0.342552529096503,0.319229487526134,0.0823940892954427,0.359702024688936,0.178461635243959,0.445535082962793,-0.098563120191696,-0.236346947677173,-0.33411244821532,-0.320592865211247,-0.389082469522209,-0.221280842514966,-0.161922402388997,0.313464842279023,0.2764279977892,0.162665403678248,0.35331440930038
-0.25748933479922,0.44029391000396,0.218405276654137,0.445627032842694,0.430850474402681,0.383275183080164,0.305026960648362,0.43157726587901,0.53210418846672,-0.285000106325342,0.342883678995682,0.265549286300618,0.600375333253914,0.596446513009281,0.545553770882195,0.102286763128905,0.504958781054112,0.677435856672226,0.610234240412542,0,0.704756139217769,0.44067959553954,0.569242360087208,0.524867406897195,-0.376020444612639,0.169057075524865,0.56926198137779,0.184887120037449,0.730672677269153,0.182701774750156,-0.158494458987011,-0.209391014116422,-0.10464687549111,0.608103122300285,0.5360049951583,0.651725924874206,0.360159108253254,-0.527379736609987,0.102983879991703,0.270885640384793,0.408543352181252,-0.446134878789842,-0.0113386297757808,0.0520586201005309,0.154387038153707,0.400656681820903,0.454635659026466,0.448515144090572,0.421214612691725,0.559074739067993,-0.117618269296837,0.408403111531518,0.177052633988465,0.459006881119367,0.231355966447419,0.306348433146502,0.332120425606514,0.548247730882738,-0.184011593569202,0.179015403730006,0.231899611791938,0.273933884438897,0.365416243205277,0.56848127856622,0.664659937720943,0.476850635692582,0.0280160073151691,0.426786360911077,0.497587592662588,0.544263951179438,0.810667638803612,0.403356668190551,0.442494916262557,0.386207710947984,0.207904541951389,-0.0902297419348582,0.690524753406917,0.32272118277987,-0.358466863375948,-0.126923191440324,-0.021254057538212,0.199746648380472,-0.024214503936859,0.263740736401356,0.395244783041406,0.162324772201948,0.384160445982126,0.147529692489668,0.78653381361741,0.177239811651412,-0.281687291993467,-0.373425045190488,-0.206576808310636,-0.377582658788362,-0.146118895516241,-0.213070393323717,0.401187416114324,0.446583774491475,0.358966618267549,0.562907554365399
-0.2121819180884,0.300519674115479,0.174705352172871,0.31189518288246,0.345255157142527,0.317115794522241,0.204514801886883,0.400139826928143,0.50110477394083,-0.212373854087319,0.305608380228766,0.291586664932117,0.502332205881297,0.698889147702498,0.595031325117195,-0.0118843949280744,0.516521997339226,0.588239764128537,0.662791067450805,0.704756139217769,0,0.344013347453768,0.631560941466537,0.469122400721154,-0.303650098022682,0.220113919475401,0.434972666035418,0.117490247601557,0.660633647849653,0.206142029962519,-0.105643346302068,-0.115354772302069,-0.0480573472485241,0.554180141740719,0.445196447793026,0.43843407620542,0.213883087218661,-0.449525463935227,0.0307934436481441,0.0881697970620936,0.293432357451759,-0.357281480142684,-0.0740474554824546,0.0389849538310423,0.0732402871253877,0.324584881315751,0.39453019981484,0.367799193413215,0.242351788301278,0.38426422945316,-0.120824713559164,0.315495500933204,0.159509932026758,0.341268447754763,0.22329817999337,0.284200675321406,0.334136224576597,0.51549216845735,-0.139530208657611,0.200717405672619,0.184999197954028,0.193325865568323,0.268978670647873,0.508398169579475,0.684052535958696,0.543288331354329,-0.073018238575923,0.401400855623825,0.509073479911995,0.49264352465373,0.830908187241107,0.31186516624938,0.511458657318247,0.173695823133586,0.247517684176391,-0.0373572543612308,0.633879089528188,0.287291872705263,-0.268698613504923,-0.0589699522241418,-0.0238283053313344,0.113720866211146,-0.132935970000833,0.205575602201875,0.246802697416266,0.130539703178081,0.270740718628554,0.110608031941034,0.519944684409534,0.0271279828719159,-0.2371195881003,-0.359972834978915,-0.29737863121921,-0.377711304112517,-0.196092846055,-0.222727654565207,0.276135030940386,0.310453554046577,0.215727385504084,0.358642048916997
-0.138530890468538,0.218146352260619,0.215934090032792,0.142090849113886,0.240677204776251,0.305535099992511,0.241150839381535,0.244387956042762,0.303409359256031,-0.0727906670965709,0.498684412287792,0.429384419084026,0.491439709657026,0.395137280569094,0.254303859804423,0.145782406940864,0.590703527364452,0.405416215826966,0.510262281546731,0.44067959553954,0.344013347453768,0,0.25944037428971,0.585395230448523,-0.209754997751568,0.398908666281261,0.536164893260377,0.257896786899682,0.458089379897336,0.208210304822088,-0.227470964749843,-0.122006937489029,-0.118420870134342,0.578340988255479,0.719210869658374,0.289334377972342,0.371162899523374,-0.136392682899368,0.303879887838133,0.163260045844729,0.599449013380818,-0.0787458365626919,0.442555612148843,0.189609091766656,0.275454946928351,0.540690674703734,0.446793676859907,0.393369442877737,0.292773461723345,0.532314485286692,-0.128374270200855,0.167192310464865,0.0763372477669888,-0.0283799329145201,0.183892619574073,0.229342531980725,0.144015641720798,0.241676801630828,-0.022534830143315,0.3381056642969,0.160029785348652,0.250917915708861,0.425607469987422,0.385730868681023,0.331682769825666,0.205042935290556,0.0489498756409315,0.516487918747243,0.508217916163307,0.364073953883281,0.416694567328754,0.640399337778638,0.166709730871494,0.0887255927245112,0.188446527874083,0.158171766067575,0.440181533268192,0.240319294707375,-0.301289282725104,-0.137054925663294,0.136978580942098,0.409785115406657,-0.0104716662401994,0.463821115319556,0.32940821558436,0.186239524043809,0.314459745164166,0.190938187362578,0.372371788418756,0.192515928553823,-0.200865668529845,-0.00341383780220313,-0.0156843712972344,-0.126929392560521,0.121207467330339,-0.111048753912514,0.409355584783959,0.255831590821298,0.191494610381314,0.424161878094378
