0,0.1336086044798,0.29513494460691,-0.185649798127969,0.0114131392918252,0.198547552839128,0.173808465209533,-0.177495788802827,-0.122004816239453,0.269488301535897,0.280242353202351,0.391617972785226,0.0963466291844292,0.0729149690832775,0.128641829743959,0.358060975139256,0.0941331748017715,0.117503734649842,0.035423559825016,0.240460187190066,0.258685319001597,0.0466462540296753,0.00614933072439898,0.198759648523216,0.233292260741447,0.121450646311499,-0.348319937727817,-0.255655316470967,0.185916527588914,-0.0483435600664393,-0.0150968052711356,0.0212763999525999,0.0226928988926332,0.146592303844357,-0.22169931706037,-0.134514000856979,-0.132701256782914,0.157662621316824,0.333205537319961,0.30401663767689,0.042864893868434,-0.0113069631230496,0.108384842446359,-0.169313700075518,-0.218011020310246,-0.353106351945456,-0.17228345001837,-0.282488558809797,0.144027585461407,0.0427878712842429,0.193669063605382,0.154670264519578,-0.131542767080663,-0.0343692933352952,0.0504957963259022,0.108420181466469,-0.178737119459922,-0.150318655392833,-0.033901672067428,0.0224796949426626,0.109759695038046,-0.111989111733985,-0.141566240372597,-0.0866878583869435,0.0858983105673707,0.115566978890246,-0.0521805434262936,-0.110774641386546,0.192777870367898,0.023376961831804,0.186995934908494,-0.186835919645354,-0.0768510391737843,0.00511031986428579,-0.0613546873416589,-0.0348588472922973,0.101052553537902,-0.207090414672417,-0.0224866257353359,0.0436068304634699,-0.109540669830606,-0.0410994613953352,-0.222061802244929,-0.304385804002143,-0.364283490752788,-0.385765021232046,-0.0677586848156249,-0.337760998853674,-0.0179618187405485,-0.109090224641309,-0.0229462337626687,0.201887791003073,-0.0125580851818067,-0.0668987508095214,-0.0372742317737749,-0.212558153092884,-0.320404570467701,-0.318514491629087,0.101464050336983,0.0675642718040945
0.1336086044798,0,0.384946617541806,0.365569874645689,0.40329795006138,0.419730689140199,0.362902846618843,0.138492979549977,0.20329280594199,0.335165172581385,0.0133745490351553,0.250983667945831,0.0524549464832372,-0.0265230283369589,0.185176478895115,0.588791504861785,-0.0706235165820182,0.154010254519054,-0.00936188742080122,0.111555295183167,0.330133156073984,0.0508094350902158,0.0132142853746406,-0.0912070217598434,0.150556654947746,0.0567750900088131,-0.289778586530667,-0.393274069395484,0.0823288260689571,-0.130519582134838,0.0223481590055155,0.152906773659494,0.056792666484893,0.0486783423126553,-0.164807496384462,0.0281610706680018,-0.215870680660572,0.305250856807704,0.159524960334148,0.197760722917061,-0.1097006192894,-0.298700963721099,0.0364625022166444,-0.383746278734147,-0.268698871697223,-0.3570080261565,-0.221830187866986,-0.175733178379858,0.381059423953977,-0.168053425729028,0.362868832073037,0.322318008922032,0.492038098092092,0.251618881997348,0.225425059283371,0.288979171047632,-0.0573609135221481,0.0265977570098812,0.0440343398095845,-0.378904908891169,-0.0493336184677442,0.0747328861329278,-0.0904806129949863,-0.0525391096676663,0.189542069652135,0.12640298845737,-0.149588671205961,0.0303016533268893,0.256674769647548,0.0477056830753645,0.26439067623919,-0.086859155510215,0.0124477837068611,0.106142415890943,0.11450643349846,-0.289048141557481,0.159815345637246,-0.118988654988861,-0.0194520432611715,0.12318772773006,0.108472092234065,-0.137646910821833,-0.0983414419094553,-0.267861422091348,-0.317554676274252,-0.312351803418268,-0.00966571088513303,-0.340695082444062,-0.0585607089623901,0.043226022292124,0.342600775717463,0.141009838041685,-0.124818167672583,-0.318177724248062,0.101813846897533,-0.427118277733453,-0.284149104851104,-0.30347784359805,-0.0534154978642378,-0.178630894592215
0.29513494460691,0.384946617541806,0,0.0937704462913421,0.364762870150154,0.57378836657648,0.232446183120084,0.214145421080101,0.32142533234858,-0.00405291975761794,0.0572227847696097,0.21548139024121,0.0122796966214671,-0.103687995938374,-0.0277934251463352,0.270393496620298,-0.0498530130625381,0.0970063300247378,-0.146022737486968,0.00843519688949317,0.0486140555365854,0.0432608630321677,-0.0899513889177635,-0.0296689976107754,0.0271225737485656,0.0891592534143313,-0.1994317459631,-0.105426548976957,-0.100722373157351,-0.0460207416403462,-0.122803836997816,-0.16506331853168,-0.0520469587501383,-0.0402096595260467,-0.161621945307468,0.0428157436455427,-0.167720931824338,0.0509845283969186,0.063454477351401,0.0254039065613842,-0.14588624560115,-0.0582698479968341,0.0347454508544446,-0.234601461923379,-0.371336605074721,-0.215953832888274,-0.134442330203268,-0.236689110981267,0.217685036687821,-0.224257218484669,0.121874358699264,0.377912642525943,0.124605548174679,0.12093852213312,0.44118185213838,0.509962011543366,0.111919215327004,0.231856725178599,-0.211093428158128,0.00331744904437257,0.136268802434096,-0.0295874779039072,0.0254342581864161,-0.0861434298663222,0.0375592092815715,-0.0573084324089102,-0.0304956660533844,0.0384883577184478,0.133425722499522,0.120167943888301,-0.0087263597515354,-0.00751676139694568,0.0141448815801618,0.00329520578892898,0.0839764258576338,0.0958033627186925,-0.00786000843196847,-0.0989263551012165,-0.179185302133412,0.0075922741072887,0.184003304460039,-0.0561311358070548,-0.19774290221974,-0.140524528319081,-0.185701667698624,-0.186689641884283,-0.0530704434360386,-0.214507546456826,0.0225659326967896,0.079959305786624,-0.00471641014978717,0.0301884543404013,-0.114552996177264,-0.0626674904763039,-0.0173434458169345,-0.278063361998912,-0.150664358896982,-0.22731129289557,0.0601849092382737,-0.0763887258410718
-0.185649798127969,0.365569874645689,0.0937704462913421,0,0.454411200001903,0.26653691279858,0.193512813790885,0.524403736135881,0.424747698905308,-0.134475491704394,-0.262991361078007,-0.170863827949894,-0.21236248553506,-0.345060865227149,-0.177115190463196,0.076096298879667,-0.288108507172852,-0.0984614499565929,-0.209034296666382,-0.216808529250214,-0.134026658764509,-0.280232160228892,-0.33008498974822,-0.322892205966222,-0.316042179931616,-0.20623706745895,-0.0824904037880249,-0.17433927405175,-0.24661509790662,-0.303773295223208,-0.172870240689666,-0.149019800038726,-0.178410857333954,-0.26608697676685,-0.306554178655437,0.104287257796002,0.0472433755052666,-0.137585394444289,-0.146571220283128,-0.163627772046471,-0.241239022760133,-0.00997036569520476,-0.365719034772597,-0.0980549981058206,-0.0729196339211058,-0.147748432878937,-0.349022182461544,-0.13763533390978,0.288711635166232,-0.00204509976687705,-0.0176013912696826,0.433167400501359,0.413757857721907,0.641563193731766,0.360756415766463,0.375327398330728,0.417699931629173,0.404304840232991,0.0128937958502175,-0.0469113273450077,-0.0187817940817981,0.0900011000484957,0.0847078140635881,-0.0203823010385913,-0.1454594863149,-0.202885550401415,0.148632561406545,0.27196286241899,-0.00472836700104488,0.049233760326301,-0.199130892029922,-0.0362652692614088,-0.183369016719233,0.148912288684893,0.125744960321864,-0.0127511821539909,-0.163468895958439,-0.225893629332994,-0.102487175145621,-0.0256143627735483,0.187758215437537,0.0549758594086633,0.0524141001595251,-0.0689612719702255,0.00641070578744223,-0.0587246369526313,0.055713979278388,-0.116582117878931,0.230219301798216,0.303430299108169,0.0727736805367686,-0.00423353128723185,0.09629099781399,0.0322811966644163,-0.18509829799589,-0.137024005713993,-0.105721930324968,-0.0892077482431914,0.16431651194314,0.0621980592974649
0.0114131392918252,0.40329795006138,0.364762870150154,0.454411200001903,0,0.678424333807501,-0.028939582625678,0.41348876833136,0.409024348252119,-0.247875465405985,-0.340840318707079,-0.250610395892776,-0.260992854033091,-0.449619428822585,-0.398247436128377,-0.00683880152004272,-0.346697412177639,-0.150781061224185,-0.376592398744524,-0.209911315365084,-0.231380627668403,-0.275937239216386,-0.339027335990188,-0.3601698594144,-0.32614588460907,-0.154713117521551,-0.109477944629737,-0.0958328483568703,-0.40630017724523,-0.332877714452234,-0.123179590439271,-0.213497649490312,-0.160941364126767,-0.279187508032583,-0.222883694935006,0.00538496945220416,-0.0172719423510916,-0.196850664244937,-0.306974862240769,-0.293195839258396,-0.349929282893189,0.0600822351714271,-0.253300101440083,-0.146787922797062,-0.19826303697743,-0.118663124119142,-0.26803649796172,-0.17385666934909,0.440091912036082,-0.0487126748279139,0.0030518698517912,0.431333877830111,0.403814179010849,0.497557930547326,0.74351278258651,0.512580192687163,0.329767962351025,0.413799622030873,-0.190297402710189,-0.0292362357848094,-0.00112665738347252,-0.0103978016493868,0.0628087183652406,-0.195081089071429,-0.264518023650806,-0.420554450720771,0.189029223935255,0.107811270659238,-0.0268008073014505,0.00322315151228079,-0.31522962980911,0.0900990687264857,-0.184726020218957,0.0237656953782208,0.0593226409341294,0.137666315245487,-0.268714409847276,-0.302010584954818,-0.133822597107409,-0.0330414091288904,0.264003622228337,0.172655177675098,0.0596767212123559,0.0481044223881131,-0.000322550695341956,0.0272929541577913,0.0327909572305268,-0.0605870407318329,0.169838987190367,0.254601201047142,0.102510714497342,0.0050014065304928,0.074588218800702,0.133390968619756,0.0126546894719797,-0.115995398279018,-0.0727602299460482,-0.119258922987108,0.280350286576046,0.0743782314358742
0.198547552839128,0.419730689140199,0.57378836657648,0.26653691279858,0.678424333807501,0,0.158993409557174,0.329570372399128,0.457901903304144,-0.112779827762244,-0.188919287817243,-0.0622730047943548,-0.0661600191714238,-0.326681395297754,-0.281116321579285,0.137410923479963,-0.209749984787139,-0.0356846784999316,-0.268414768684771,-0.155852340897464,-0.143081434029476,-0.158549042148111,-0.277621615438973,-0.177413461123565,-0.0786808828935909,-0.0197872162928485,-0.186164199002144,-0.116428237591517,-0.255656534844735,-0.258446102865064,-0.0247809146696056,-0.133534142455416,-0.134995134199096,-0.144599174598184,-0.167881412058802,0.102573871366805,-0.0629524926874644,-0.0673508908732928,-0.149151972197847,-0.130433379689216,-0.281987757678828,0.0539775905608626,-0.114242092861162,-0.214032463951576,-0.368779683622167,-0.247121078253365,-0.268210844911599,-0.248163612419556,0.478399139763725,-0.080624258196477,0.181964487274418,0.469365256321869,0.408303470964114,0.319864030276086,0.739250043532222,0.624690566521934,0.282384232752186,0.434224459017314,-0.0942562434827862,0.00230258736885639,0.175506402144336,0.0611230197276788,0.0923680928834754,-0.175407134075515,-0.123159913908593,-0.324075856935623,0.149065848249862,0.125261048829508,0.100481728493722,0.111399958402637,-0.256892303537489,0.138872379308224,-0.136601889987243,0.0612452383003697,0.191323653167965,0.160473868674869,-0.172826873096114,-0.268718607693698,-0.144665117577544,0.00910621073838352,0.319025254841291,0.0176796685581801,-0.046801974105085,-0.0209426907643604,-0.0931064397722104,-0.110282676785437,-0.0377522176794598,-0.133121920745776,0.188162180279314,0.225941301194297,0.144519426096775,0.127975637652257,0.00255234577237607,0.101407392206445,0.0848659842372126,-0.268393921485227,-0.185579176968884,-0.24016012664176,0.221262915041159,-0.0215735838598011
0.173808465209533,0.362902846618843,0.232446183120084,0.193512813790885,-0.028939582625678,0.158993409557174,0,0.209419074947283,0.133341467127132,0.302120869725415,0.29156213608872,0.385696822435299,0.296997922169196,0.249864762126492,0.265174151550364,0.492641145527458,0.334688801469548,0.470817928747432,0.344496695038059,0.344477639527309,0.342597795012249,0.256474691994608,0.155515207724461,0.268856707859907,0.310853831575561,0.145307176749336,-0.385132711049788,-0.389012183321633,0.298694011193979,-0.0351126589115038,-0.023922093982937,0.0945610060987389,0.0826851884129681,0.35222967521368,-0.222302727266207,0.0725985231293114,-0.235152341113339,0.364398695238182,0.306997339822787,0.290584719810044,0.228202953311989,-0.2014114787051,0.0441908435871734,-0.326006034936129,-0.37500867873708,-0.490867709613268,-0.186979009442243,-0.227560207307066,0.164127658940809,-0.0385405980195359,0.36546342206768,0.207716150757806,0.271950693037316,0.022516004781588,0.0299637201856755,0.233648016743649,0.164846667887091,0.0812562452467446,0.0328757540497304,-0.0999091474488016,0.0473585036945355,-0.00697960516796359,-0.10460301138371,0.0320445818859973,0.246240248843408,0.228248041969841,0.00983740808507729,0.0882461059375845,0.452337337083537,0.353046293974279,0.301425206538732,-0.134413382492175,0.138268956865833,0.0615508821973504,0.00900957156207368,-0.135542647811065,0.180960766672504,-0.0938877340065944,-0.108260198266024,0.0842069299269373,0.0927297859936188,-0.244188068323084,-0.332613830781143,-0.360802110240534,-0.438774547885583,-0.483206513467827,-0.0753663248833419,-0.462753669757667,0.0666799160307402,0.045943291165688,0.157056663627279,0.164345767833556,-0.0809331926906557,-0.241348468422306,-0.0867535081219429,-0.421034936301873,-0.461225922823026,-0.3776268014572,0.0702002942710082,-0.109235172899036
-0.177495788802827,0.138492979549977,0.214145421080101,0.524403736135881,0.41348876833136,0.329570372399128,0.209419074947283,0,0.678577931884852,-0.28668012672551,-0.185518077377223,-0.177669914747315,-0.138288233847522,-0.335136200621078,-0.307515815128087,-0.159750427600758,-0.208550662703951,-0.166285851591872,-0.235728691439683,-0.386663709891448,-0.395058307111294,-0.268021404108491,-0.355356995157969,-0.284556990897589,-0.396718470774703,-0.111629731766195,0.0227917905558257,0.0297977546057217,-0.428555630367616,-0.254968144643706,-0.172395292716197,-0.339857556594398,-0.181867139050335,-0.364735064142054,-0.179331855309538,0.0536563062178586,0.029899481428942,-0.282140541207771,-0.282159275191374,-0.262710012401128,-0.364016675323217,0.101705420984884,-0.309853766957985,0.0630354388556148,-0.0593064933986214,-0.0147376903200712,-0.308597516823162,-0.186626759882219,0.220658571164237,-0.0777638803886914,-0.119215379357711,0.423739675740977,0.230035942178109,0.475136045710494,0.474067853318243,0.516415901486188,0.697668933678803,0.679728174978387,-0.118349492414185,0.267135206361988,0.171083285144608,0.141453143140891,0.219110007996689,0.054088157267292,-0.248419867056163,-0.322194907884323,0.268400240422091,0.377700770834158,-0.0511848719730106,0.120146316207092,-0.403477353826478,0.103098269971026,-0.209144473030021,0.111911897420362,0.12037400319352,0.298880977029459,-0.335911827020771,-0.210012198524706,-0.115308108464695,-0.134383757526109,0.238954057063468,0.0740506445836906,0.114023953204332,0.157546916172899,0.0991090305123343,0.0429311199539367,0.065525707706705,0.0289765318398039,0.187551349001892,0.348568536527924,-0.0988270383741841,-0.0971739557692312,0.160495240201129,0.270842866850427,-0.101565962495981,0.100218735024339,0.00454881993046528,-0.053953815041673,0.355358959260323,0.145133090758855
-0.122004816239453,0.20329280594199,0.32142533234858,0.424747698905308,0.409024348252119,0.457901903304144,0.133341467127132,0.678577931884852,0,-0.364559144290422,-0.277871395844289,-0.234025518066318,-0.148810473734635,-0.329735302239711,-0.277218332109058,-0.153118440390378,-0.28693736616659,-0.212404228151221,-0.270598947734419,-0.430689046773488,-0.407933389081092,-0.290560689601014,-0.277037712259214,-0.251830157815268,-0.300600760826836,-0.0251917900518359,0.15642923698711,0.141829561305122,-0.374202280991884,-0.169641669055062,-0.0123497981191893,-0.224974254383405,-0.182262007082754,-0.422137855653146,-0.0292542119707884,0.255916335099899,-0.0452337839709317,-0.27651388537545,-0.294397049996168,-0.336869255853765,-0.404859587123825,0.130061638279893,-0.176021908932705,0.0579084818055045,-0.0646987384281127,0.0493129407659268,-0.238908448031243,-0.0672473105447244,0.28940356440247,-0.154428856593057,-0.00118255088075997,0.513523519205431,0.310846609363454,0.410810794222881,0.518176801917791,0.667239872699683,0.654415116504931,0.768421007537901,-0.0839988669364415,0.202590588192327,0.231056410349424,0.239370240574337,0.376668533968311,0.110603215918601,-0.138219556732758,-0.315771564781379,0.235471910628217,0.410344017470069,-0.0680805382961997,0.107311941895517,-0.435262669825306,0.287294505926363,-0.0751156970365373,0.0425185687826483,0.285362609793471,0.364599014989376,-0.211526408095059,-0.0490184015703855,-0.0519779601326894,-0.046946662982755,0.388516953883539,-0.086503608618608,0.187887396784675,0.254612436558103,0.243319540182195,0.0957939836390408,-0.0439384530093821,0.134033694591597,0.225031504005391,0.378448592183276,-0.0205853510511595,0.0410684177125705,0.0268750440470528,0.303867355348112,0.052584458626053,0.0332257285515033,0.0479434025648539,0.0214469315621518,0.272083236851996,-0.035290307526539
0.269488301535897,0.335165172581385,-0.00405291975761794,-0.134475491704394,-0.247875465405985,-0.112779827762244,0.302120869725415,-0.28668012672551,-0.364559144290422,0,0.480455814708739,0.662591715422184,0.36281155171569,0.368184966825713,0.49054008345418,0.530650432977866,0.31336131577226,0.324384448051559,0.302379083115479,0.394844904596104,0.580275401783904,0.344765178029719,0.263767812901431,0.4261353636822,0.512334681156104,0.299259480243957,-0.30467368381093,-0.306674236768394,0.467555062436967,0.142405532730968,0.0331334118380467,0.219682820216639,0.151841959624773,0.37864968141303,-0.0729432544039024,-0.00664748445813465,-0.0524579812731165,0.413373848393567,0.595242750006424,0.654140951265723,0.239392322914879,-0.292299362020489,0.19975424351905,-0.25279475535986,-0.148938343181139,-0.333319281096103,0.0207675402569521,-0.132152100733839,-0.0229994348050959,-0.0428156069314788,0.263616593488696,-0.161644679448652,-0.0351429655492808,-0.232012374863782,-0.335988856508358,-0.274103531391426,-0.436712544922819,-0.481604810524958,0.41308542760234,-0.236157240480292,-0.0125343860853328,-0.0609077098420072,-0.300248013683863,-0.073814422078349,0.345662631453072,0.451972759494577,-0.309316885446604,-0.23885394075573,0.260060616885863,0.0243535964808307,0.57163938725639,-0.20847223727223,0.0525645008147257,0.269479400378492,0.00326736753437725,-0.31480086768256,0.409296066502444,0.0792641144320696,-0.0241927805210831,0.0670478895154347,-0.257789398160113,-0.213106037353761,-0.240715739193438,-0.361248974340615,-0.384485206195034,-0.377745869419358,0.0914460933727577,-0.316498292346716,-0.15153616116054,-0.276001331484418,0.130434826766312,0.120452086033168,-0.059221631678794,-0.421646388146233,0.0265185607606467,-0.345957015285644,-0.298384138135141,-0.288795493825679,-0.250081174522878,-0.176783243545243
0.280242353202351,0.0133745490351553,0.0572227847696097,-0.262991361078007,-0.340840318707079,-0.188919287817243,0.29156213608872,-0.185518077377223,-0.277871395844289,0.480455814708739,0,0.647667246752527,0.474624368103918,0.385711373477541,0.408278005094786,0.383268526187109,0.347774045706618,0.183195620576737,0.362685746866816,0.28592581664918,0.376298764033743,0.329388918000034,0.146589980037779,0.444683583874517,0.40008559842397,0.357564747268029,-0.272620999489833,-0.171391571778775,0.376910095790728,0.140073149349451,-0.0343201854542611,0.0686791824100409,0.117360093849165,0.248414021282093,-0.0850598915095811,-0.00812975559759916,0.0305915727889881,0.338275194652781,0.517736624033286,0.533238310349242,0.27042503335846,-0.226593800798741,0.159962615025891,-0.0465595607690191,-0.154798883274826,-0.278420672724912,0.0357523587077711,-0.21301211108561,-0.105363219702337,0.0402482065932493,0.250763192184294,-0.0308680512646454,-0.161815155575135,-0.162954051350524,-0.249487699358278,-0.141558782211245,-0.205912749526225,-0.310863649846067,0.112149154074579,0.11629284441222,0.182404522868436,0.0296488925212195,-0.103290238839669,0.0727195495628694,0.272195575497029,0.410042915371529,-0.0841906593747284,-0.098853024204731,0.200081318656644,0.0473588342908206,0.373412642387924,-0.197613027013678,0.0205897650030042,0.193403351503985,0.0374492762369162,0.0243107464631944,0.318739908349441,0.0909361245493883,-0.0823420928328634,0.057390537731496,-0.181295373845358,-0.0920722029771374,-0.245448709005163,-0.236809043596311,-0.360584802410897,-0.386258826987295,0.160866966572462,-0.294870047559991,-0.0567978591323819,-0.105948990661312,0.0491189700127407,0.0194062550283306,0.0212528972598986,-0.164922511843389,-0.0662927931465522,-0.157441962990484,-0.27900088940431,-0.317017394934463,0.00713486073039141,0.0508654787515371
0.391617972785226,0.250983667945831,0.21548139024121,-0.170863827949894,-0.250610395892776,-0.0622730047943548,0.385696822435299,-0.177669914747315,-0.234025518066318,0.662591715422184,0.647667246752527,0,0.461777789775551,0.36147717746474,0.505518722869911,0.558862936693438,0.389959516784773,0.347888335784326,0.29745758515237,0.454427787497624,0.533427278213452,0.437833735592816,0.2637375263012,0.478276701221927,0.410922925326697,0.504816734929986,-0.32300336589254,-0.223282046490131,0.398931583513681,0.248930293461546,-0.0952750918357393,0.0137489676126545,0.0204022731709766,0.323850998246923,-0.13915879516934,0.00354602158719937,-0.203401772135586,0.33715192884488,0.600262775604937,0.588665268525368,0.17288895395098,-0.295113882459533,0.266269199906687,-0.19912173358336,-0.292128852839199,-0.357248724433044,0.0200506172726502,-0.234902991728797,-0.0371605626426053,-0.134422946401531,0.160494127745907,-0.0407495570128465,-0.141360023564676,-0.17239254672257,-0.224939716414361,-0.100363003945373,-0.329409693943292,-0.340622694080795,0.0523266868230555,-0.0250063057597727,0.152086831920032,-0.0551676482493935,-0.165705637893669,0.00461212327778268,0.366942971954796,0.472525602793975,-0.27678088120977,-0.116532143423895,0.344033066601391,0.156692206237851,0.512181930205502,-0.191919968738847,0.155138938134744,0.13326660571278,0.040581606204267,-0.10839664535199,0.378878064945362,0.103484265530186,-0.168653050108646,-0.0635190049947637,-0.209961621372561,-0.250192945715045,-0.364231898388213,-0.325536789873032,-0.436866089986144,-0.433869874594796,-0.032786021755297,-0.376178820276452,-0.088625199013821,-0.212844519374616,-0.0611640099498854,-0.042329894841641,-0.177664630425169,-0.331023499825751,-0.0975429054399572,-0.300214744597193,-0.356794239100063,-0.371392254244923,-0.112571312283582,-0.118274122853523
0.0963466291844292,0.0524549464832372,0.0122796966214671,-0.21236248553506,-0.260992854033091,-0.0661600191714238,0.296997922169196,-0.138288233847522,-0.148810473734635,0.36281155171569,0.474624368103918,0.461777789775551,0,0.561291890691552,0.467727131887634,0.32840436895711,0.627853683347924,0.296803618379932,0.516461403371873,0.276944957493668,0.290512463780807,0.422445880485837,0.326174675791578,0.501484507869713,0.353754981704059,0.211453361252254,-0.164049687972529,-0.114452909688576,0.383046136612876,0.310223219020486,0.167224145320141,0.0885161675919499,0.193999822564353,0.376359001931037,0.0785413162151892,0.0855251439266136,-0.0873824738493966,0.178780175662217,0.313229606486011,0.369156132780016,0.244686046263829,-0.250861529590882,0.19381346913766,-0.107847919313332,-0.200172470033384,-0.204762948744835,0.0894607022215573,-0.0332805194194734,-0.0952624406065184,-0.0515926829987875,0.191319367084556,-0.056720443429475,0.0476409476054902,-0.172459272306059,-0.19978852355357,-0.133394413380512,-0.128701975937398,-0.134072396169271,0.136217888208112,0.113163127439275,0.263779602104076,0.442184732309031,0.207025963963125,0.305917711537265,0.433798508786878,0.420370166968644,-0.116094609434164,0.194804089771754,0.425481875267382,0.305588959298956,0.307179002782191,-0.0336269490047263,0.197192943763122,0.10105297411393,0.137186656809423,-0.0667770445536336,0.205300023761697,0.198322425927202,0.0478080534601902,-0.0207587914910362,-0.0478215763956916,-0.158680819565589,-0.213696931090044,-0.18436761964503,-0.243022450109462,-0.272450817796245,-0.0423451725029598,-0.234417670313766,-0.0170401927267698,-0.172670290545748,0.0783398471927983,0.0268631009608251,-0.145177882447796,-0.178580546764403,-0.0262261001500533,-0.214701915688305,-0.186355609409385,-0.183103508565536,-0.151242393338156,-0.0879640163362057
0.0729149690832775,-0.0265230283369589,-0.103687995938374,-0.345060865227149,-0.449619428822585,-0.326681395297754,0.249864762126492,-0.335136200621078,-0.329735302239711,0.368184966825713,0.385711373477541,0.36147717746474,0.561291890691552,0,0.662357032453357,0.248907493912955,0.689953973860116,0.478051852113031,0.745010551606595,0.440679141748588,0.507044759598959,0.511326789099202,0.61341993018028,0.559467677036875,0.431979685658248,0.0899230780298079,-0.141963625691978,-0.161229480008272,0.611251624775509,0.40015268530629,0.0952107272330437,0.147157885398133,0.356462198609586,0.624392504523043,0.13617077521784,-0.00302520294786144,-0.0825862417313881,0.259220418011874,0.34845733018148,0.384999052773589,0.527075072589455,-0.255403106071355,0.253332600571851,-0.135908779858077,-0.116039754992212,-0.0961614965974538,0.322302207054996,0.189889193170964,-0.2660599189304,0.0231740868324168,0.0900522932333926,-0.330022427818633,-0.150640302464344,-0.401950855843404,-0.534174434919686,-0.377663575937804,-0.345423378385508,-0.395518361786693,0.0380059921438972,-0.146970778733009,-0.0646882496726259,0.088278940991097,-0.0193406636364324,0.370328288799985,0.587922337265239,0.670799624126818,-0.285168103279377,-0.0387344589616795,0.374573935010808,0.245785357226617,0.571230246525645,-0.256644275812032,0.351557219022067,-0.0523790576787225,-0.0954251571119594,-0.358407036703083,0.32252518419943,0.282804968586172,0.0497993836829812,-0.0323607688677558,-0.233354731021181,-0.155200351544471,-0.300708877832464,-0.32706914475615,-0.246216872377506,-0.214647721089048,-0.0024490806020585,-0.215504382549529,-0.190749713390746,-0.364225718395094,0.028565354093406,-0.0399867783384141,-0.197255128634516,-0.355289955010576,-0.0345047251087598,-0.178681923866323,-0.082800186063606,-0.0129738238536077,-0.351685217775513,-0.140245807476982
0.128641829743959,0.185176478895115,-0.0277934251463352,-0.177115190463196,-0.398247436128377,-0.281116321579285,0.265174151550364,-0.307515815128087,-0.277218332109058,0.49054008345418,0.408278005094786,0.505518722869911,0.467727131887634,0.662357032453357,0,0.452429427708576,0.428507939043987,0.41503452746319,0.490644277106771,0.441051237984056,0.655454687186407,0.431525371039637,0.528401494781639,0.362603825334813,0.334849414923538,0.165697620849849,-0.0824401820216956,-0.112841382299924,0.581213047583589,0.515353637705167,0.0632092434854907,0.142060316887934,0.264053793942835,0.403418480893146,0.0693096398323754,0.0943559486582533,-0.115978196721118,0.308992875939559,0.470062167828246,0.451021195344386,0.304417321071487,-0.339669470137048,0.24526708052083,-0.143051131536782,-0.109227934393738,-0.0968844858350871,0.212056789224329,0.15717590765435,-0.102717159026499,-0.0910765336689529,0.16836259309422,-0.160359134340131,-0.0656159114773292,-0.24983299539021,-0.508993549302411,-0.273699711807471,-0.395177937096386,-0.378711324314022,0.0253783191021462,-0.284259166268654,-0.0497510148845791,0.190069566856478,0.00613851065835274,0.448523945876783,0.702492286571851,0.819275453974412,-0.384103257840996,0.079138515198819,0.372819350207667,0.222494027898889,0.714570294223985,-0.223358182210599,0.374199935098438,0.00238549744043232,0.0211091340060921,-0.406636552229066,0.531850889548137,0.38456932267468,0.0411051392183241,0.0890747344002717,-0.157188321677347,-0.250504081031158,-0.233570361600818,-0.354665790561818,-0.21190364659718,-0.264933265742305,0.0110042882073156,-0.18069982610408,-0.167515049012099,-0.281328717337308,0.112756619822027,-0.0203003340420774,-0.271743460041039,-0.380175001022189,-0.0220229195693815,-0.28323672891203,-0.0892986019680158,-0.0569528547226236,-0.29538812113681,-0.209929830015222
0.358060975139256,0.588791504861785,0.270393496620298,0.076096298879667,-0.00683880152004272,0.137410923479963,0.492641145527458,-0.159750427600758,-0.153118440390378,0.530650432977866,0.383268526187109,0.558862936693438,0.32840436895711,0.248907493912955,0.452429427708576,0,0.229364029491811,0.362668413968613,0.22030113231935,0.401886535744635,0.574877123518232,0.336073359389498,0.212849946325528,0.211770405414789,0.371665411373173,0.185996670830155,-0.356223612793186,-0.406021331319285,0.379087769107624,0.066978323054317,-0.0302213757937934,0.214280761381859,0.166850754127811,0.338621952668282,-0.106875732550927,-0.0129676752617773,-0.191010749992819,0.476752739396763,0.51642888370622,0.475519561358952,0.225862207426034,-0.405210639081493,0.178605377253832,-0.413182365430731,-0.360471566770912,-0.450730891515337,-0.0612440017173222,-0.196172929561166,0.226001679163055,-0.0625411651086031,0.422734520166248,0.212510273199372,0.189434452847449,0.0437250323533211,-0.0774599551320904,0.0381804408404004,-0.264275320267211,-0.248935521517561,0.0464224366037905,-0.334619534005171,-0.0549886037470283,0.0124753099293446,-0.186303380792645,-0.00854083270310532,0.372455662499204,0.38324593552062,-0.168011784676594,-0.0867398721702042,0.419114308830121,0.203057538261128,0.485742071321269,-0.174175071240047,0.136233359487147,0.111238500851049,-0.0031895369775805,-0.36189168512611,0.342106883320269,-0.00614378567747699,-0.101009453013242,0.116726470779274,-0.0792405759177418,-0.151490140777192,-0.317348393952629,-0.415791699508874,-0.461920192125821,-0.44878595663641,-0.00769665969689601,-0.456403887750259,-0.0648287466088187,-0.13355706651685,0.258161016804693,0.159522500827334,-0.153428091562562,-0.473806893207804,-0.0384181529630587,-0.532085022821804,-0.394640089538322,-0.377154889332147,-0.087543801149705,-0.127679906216776
0.0941331748017715,-0.0706235165820182,-0.0498530130625381,-0.288108507172852,-0.346697412177639,-0.209749984787139,0.334688801469548,-0.208550662703951,-0.28693736616659,0.31336131577226,0.347774045706618,0.389959516784773,0.627853683347924,0.689953973860116,0.428507939043987,0.229364029491811,0,0.543863836758463,0.679501638478716,0.461316794852726,0.348665094968427,0.54373439928537,0.513678663654562,0.581688006477215,0.394537406523314,0.152418653842968,-0.212358837755546,-0.183200120681562,0.476856517074374,0.276267311845878,0.103817288397379,0.128549900991222,0.273875509517701,0.659314018245174,0.073639754179785,-0.033984612780075,-0.137007645623781,0.237272696049092,0.268971893511565,0.287201863780339,0.482494446389138,-0.199500937993431,0.258151034017673,-0.0808786696855356,-0.144245726138512,-0.178942417718598,0.251130513280202,0.0760950510259224,-0.20099929756618,0.0596380782482047,0.0425498248378925,-0.307270811718746,-0.140357912884002,-0.335740020817621,-0.358731291241403,-0.298146068729635,-0.247146321205116,-0.301245956692998,0.0121655674483197,-0.0454987644369429,-0.00609512080016635,0.0579403979820467,-0.0761335554281485,0.200932356587848,0.3880279663704,0.463610092835376,-0.280259086121857,-0.0148589049443313,0.455180836583528,0.343917217086017,0.42902583577164,-0.177084562725915,0.296983098178992,-0.100281790314824,-0.144382214837009,-0.223273191542371,0.144740840992183,0.152503981310698,0.0524747860515415,-0.0874317686550714,-0.234434292343688,-0.175697296545746,-0.29681034895573,-0.28927218147757,-0.306576405194447,-0.228435279417835,-0.102375756211913,-0.259167039517265,-0.149479399985457,-0.390179180412178,-0.0537533377335149,-0.0768617380542516,-0.173461766565071,-0.25727594181737,-0.0909519588141127,-0.107319368665163,-0.182707036437244,-0.0952173146477764,-0.193210120633304,-0.0666190234816549
0.117503734649842,0.154010254519054,0.0970063300247378,-0.0984614499565929,-0.150781061224185,-0.0356846784999316,0.470817928747432,-0.166285851591872,-0.212404228151221,0.324384448051559,0.183195620576737,0.347888335784326,0.296803618379932,0.478051852113031,0.41503452746319,0.362668413968613,0.543863836758463,0,0.475119370076576,0.650743098198622,0.482119501692584,0.571878439913729,0.575090989920438,0.317294585237057,0.340261208846765,0.1235411465606,-0.166748867460077,-0.202755368153934,0.397745204124856,0.256395379100094,-0.0551388859676916,0.17067434942231,0.109674214839073,0.733595799529528,0.0122373968931824,0.166882494879205,-0.165860400959039,0.282102584166134,0.263918858543239,0.181533110786136,0.483001683098993,-0.231971720416547,0.162619188048956,-0.323734762681518,-0.264990956979548,-0.247860239274118,0.283617560508566,0.220584859191861,0.0174769820946929,0.0747487929646237,0.128859755232174,-0.187107057968715,-0.0111555478115004,-0.187936721580031,-0.229526713282583,-0.155534972068139,-0.254774504837579,-0.297926402473901,-0.108196102795519,-0.339903830905186,-0.247783026333279,-0.10492820173526,-0.201579452315268,-0.000258655264447872,0.3564541030748,0.387899436152465,-0.362858505256133,-0.126400125143898,0.542893007399782,0.582713161887843,0.493690938382738,-0.178370368077643,0.431962949278573,-0.249088291087312,-0.275484104148403,-0.432112563263758,0.232747640001797,0.169032134349155,-0.118442673640972,-0.0370332511803105,-0.197730877427694,-0.257124628488985,-0.43188560654584,-0.369476331338197,-0.288291057772403,-0.192578198339616,-0.0372225347766198,-0.261809201422274,0.00286952271041246,-0.420781567593732,-0.0111394799427511,-0.0572871268983765,-0.339663044027454,-0.456896301652943,-0.0909091774650884,-0.340260733153466,-0.26644407328973,-0.0700643524877115,-0.146233593634221,-0.20240107416238
0.035423559825016,-0.00936188742080122,-0.146022737486968,-0.209034296666382,-0.376592398744524,-0.268414768684771,0.344496695038059,-0.235728691439683,-0.270598947734419,0.302379083115479,0.362685746866816,0.29745758515237,0.516461403371873,0.745010551606595,0.490644277106771,0.22030113231935,0.679501638478716,0.475119370076576,0,0.415424863855597,0.425206957596181,0.41872695650931,0.447462632231684,0.533390978142142,0.420255282529135,0.0300467374390437,-0.317169438726302,-0.316785489658108,0.536812948542293,0.179738040304412,0.167254739248616,0.224515044939294,0.369821788340897,0.63584111547848,-0.00516946192061071,-0.0752531321636866,-0.0442202052879797,0.332126004756944,0.284759694487749,0.358736486706622,0.542257147859377,-0.178095964464746,0.205199116453286,-0.125300029821462,-0.118945405617902,-0.268035611610215,0.168518733057583,0.027434578311929,-0.195278784104727,0.120106888861864,0.155062583548118,-0.225973209242055,-0.029613399055704,-0.293421708653175,-0.423608674460229,-0.269667464015026,-0.185163241298812,-0.317286414939507,0.0819679760785508,-0.0873543739360051,-0.0172878659877894,0.0505447361653711,-0.128658243176818,0.254500827990065,0.454611708125387,0.530615448478362,-0.153317144187832,-0.0182091868969312,0.383110328636453,0.250850681595114,0.466684919129674,-0.30747769929843,0.19386967051488,0.0103704762902082,-0.0876127631921656,-0.287056201392171,0.223501246713995,0.0803460161718845,0.0974628384695026,0.0451017245130967,-0.228132904505514,-0.132666693224191,-0.270357345937757,-0.357405693333758,-0.393466604349087,-0.330963891702635,0.00607055542593405,-0.342686146136464,-0.133725176748914,-0.257312859396435,0.131419583474979,0.059473818293053,-0.0906704272664342,-0.239834936470517,-0.0336797810319888,-0.158174872840901,-0.263803240018661,-0.167429456829226,-0.244583146435238,-0.0514949244432135
0.240460187190066,0.111555295183167,0.00843519688949317,-0.216808529250214,-0.209911315365084,-0.155852340897464,0.344477639527309,-0.386663709891448,-0.430689046773488,0.394844904596104,0.28592581664918,0.454427787497624,0.276944957493668,0.440679141748588,0.441051237984056,0.401886535744635,0.461316794852726,0.650743098198622,0.415424863855597,0,0.621560087670321,0.430398835785564,0.469825773825879,0.386410543975013,0.355655676331471,0.212598860281799,-0.283503596195139,-0.304652086081031,0.530998959240569,0.191842764423248,-0.10072384616517,0.139010313409609,0.0695364929131972,0.655998721278712,-0.135138345311209,0.102121662524211,-0.237299111813486,0.28848379232036,0.420282374321655,0.305604390184863,0.539105594444228,-0.262059938225916,0.174496447722018,-0.358747126680977,-0.252660376268821,-0.369308443105134,0.188773111550209,0.0472464510620359,-0.00714681999543971,0.0970659129690907,0.0775636692018027,-0.250130092764934,-0.0993976395914036,-0.266547218780909,-0.323586219749126,-0.280794735990159,-0.395967176275655,-0.469399845110652,-0.112435049934568,-0.290992150458682,-0.288555721578474,-0.243190370209719,-0.301797297475776,-0.0654226664754562,0.344501077364561,0.412421787353614,-0.250709795740809,-0.30016970788651,0.462891342852761,0.362521454045223,0.608854247460071,-0.302782277185448,0.362295688655936,-0.217218911452411,-0.272069369916578,-0.417408850242254,0.370833034044205,0.0687486357412894,-0.173212823553753,-0.120367862911083,-0.200181581342745,-0.230584387655698,-0.503035341286399,-0.444766476221159,-0.409449314311212,-0.370137795947868,-0.117295353298739,-0.396790591127208,0.0512504748328377,-0.308506241768673,-0.0879951191927943,-0.0290467952555476,-0.331836692229681,-0.49048551805433,-0.212588147659813,-0.378389517265245,-0.429745755760909,-0.237455593834812,-0.113603076223496,-0.17727081593556
0.258685319001597,0.330133156073984,0.0486140555365854,-0.134026658764509,-0.231380627668403,-0.143081434029476,0.342597795012249,-0.395058307111294,-0.407933389081092,0.580275401783904,0.376298764033743,0.533427278213452,0.290512463780807,0.507044759598959,0.655454687186407,0.574877123518232,0.348665094968427,0.482119501692584,0.425206957596181,0.621560087670321,0,0.430872608254004,0.394762990471608,0.253528224421512,0.48350735124402,0.186474197039609,-0.300353031436406,-0.406953618820208,0.611531433810654,0.173885995733348,-0.0426498285786259,0.274463792212883,0.228535251787705,0.539639735318512,-0.0879720901628705,-0.0468957876239888,-0.210117026052016,0.438465509187771,0.467062698486781,0.433162503338169,0.389319314873992,-0.341127220230772,0.235642174363209,-0.385066122169377,-0.21802130076933,-0.372646917247848,0.0485462793602805,-0.0450328873398768,-0.0556938592259834,-0.0839977720005055,0.286153709561914,-0.181298228253214,-0.0183397938298442,-0.230381285377731,-0.428260995743152,-0.255203677360972,-0.496568695105519,-0.526032625555642,-0.000255031347966419,-0.498233613220434,-0.229240483948717,-0.124183001458992,-0.37801099498552,0.0318994686824462,0.455675367100564,0.609316060910653,-0.311262216129377,-0.264062495552455,0.42440081644848,0.139730758468959,0.74807030048111,-0.325400400694619,0.249130396224525,-0.10382314802526,-0.160131557244597,-0.503080301408122,0.502004510868841,0.0657930101275069,-0.0972254270925791,0.0880387904180471,-0.175083600999776,-0.173424751334182,-0.34296441470673,-0.451079945440482,-0.43266350817058,-0.452116779195989,0.00201381339764603,-0.415518982984943,-0.192508129552654,-0.274168533568556,0.166859037629689,0.0857056492912779,-0.305334301583877,-0.572307112951818,-0.036708988332481,-0.453402109345529,-0.349109596939694,-0.286036467681854,-0.301547743758325,-0.225420581338928
