0,0.000515723656248249,0.204299172697286,-0.0754345625702074,0.047226054144871,0.0772444104265949,0.386181214040726,0.0672431166534081,-0.034778946749493,0.228325621940338,0.0645797025776192,-0.149665357137863,-0.123490951859492,-0.0849419819655633,-0.156028508456427,0.383248943050347,-0.128014098347093,-0.0576986060324384,0.0535397262681665,0.0231527861629102,-0.119003932231163,0.105655555264323,-0.124615663198932,-0.159393443921732,0.125263539776062,-0.110468633058627,-0.0426509827189058,0.0486054684169314,0.213590680836747,-0.146627603939154,-0.0192052150281609,-0.0377412876183297,0.119216006316506,0.0800140422344117,0.064723124826291,0.163997226355366,0.317890187599172,0.186695347096318,0.157256602522303,0.0968879378248534,0.137643521267675,0.191844620155851,0.105672762949765,0.101650926913099,0.126038366209568,-0.00623821022602315,-0.138565456091477,0.0790545036454651,0.462110375080159,0.347903822465896,0.455097162168484,0.354498535664499,0.0947445800573005,-0.0501672216409393,0.186358126458578,0.326291455169224,0.205498702165542,-0.0254321397217717,0.140129102965103,0.134261974334497,0.0660949923418669,-0.130607653744703,-0.0257521768037663,-0.14446956059949,-0.206898970374964,-0.0738880337224799,0.211438714832562,0.0699780761838517,0.0119885632725191,-0.0956821046406626,-0.0460383960692803,0.0095817553926106,-0.0899832812145517,0.178352403908808,0.0099663875655459,0.258824510672556,0.20383341221704,-0.154434664337412,-0.139814038208219,-0.0845126284350029,-0.102364784888264,0.0603897056724542,-0.0624697392676833,-0.116988274948467,-0.133583263273201,-0.171266933410064,0.326488649147773,0.0190228876354211,0.023119445158713,0.186865850791782,-0.0446363981008032,0.213778441912419,0.182100673672241,0.263040064856091,-0.0487171488065641,-0.00118351307737423,-0.0320719290570302,-0.0588125705925707,0.522299584324267,0.400152419351926
0.000515723656248249,0,0.157389030474452,0.105556776676126,0.48460286939823,0.357401598849777,-0.0700906693971989,0.296949363451472,0.322106259757838,-0.162191649050373,-0.0639464995301314,0.00214437629617091,0.0727036962597398,0.00893453309266542,0.0645720427814219,0.298803402903488,0.00713028082034172,0.151906784999,-0.0906287726419986,0.160941011455119,-0.061276865269856,-0.0685987006012237,0.0152779489128381,-0.112314097126944,0.00762207742815226,-0.0661984431864604,-0.0583381370192464,0.0899962727851045,-0.0801426776987368,0.0908962356928091,0.00544438705688134,-0.122448476388644,-0.0477413724341992,-0.104193695243456,-0.116743758423959,0.142057216793143,-0.0311049056277901,-0.0625504133658769,0.0846717026367359,-0.0445988159214101,-0.123919950126856,-0.16877970369121,-0.175595692619123,0.0728847851836358,-0.0216356503632306,-0.0778553884628877,-0.0325553716615214,-0.0990012197591628,-0.03631018799276,-0.052980019396628,0.0652772043593351,0.390550392541998,0.171619322665805,0.369488032045571,0.312181284375721,0.144200044515449,0.275807062149775,0.421490101975101,-0.0984232044558089,-0.00280341864278004,0.0850146950275546,0.0523747793244235,0.0866529370567495,0.020204266913064,0.0839624524406126,0.100722493083016,-0.0615602649509758,-0.0799854589371814,-0.18593932535877,0.180136810321279,0.00554046191522951,-0.059760633412068,0.0247085529697432,-0.146152868527648,-0.170610906480629,-0.0995520386728827,-0.00590978603827235,0.0222472386487492,-0.0926439500840964,-0.158157687717119,-0.159978783304114,-0.0522421965024482,-0.0762462800669009,-0.0709575588094034,0.0303427009611979,-0.0931835661284753,-0.0946005995966763,-0.120979428482638,0.187408700625099,-0.065561073505663,-0.159195763945114,0.0556582995409502,0.144520288501646,-0.209287079021133,-0.223929535004672,-0.034094635827184,-0.0451627618527844,-0.105283817396906,0.0320424122364712,-0.0575114701535102
0.204299172697286,0.157389030474452,0,-0.155296963667727,0.167499469420855,0.488275859445607,0.0983455553029799,0.370751631144008,0.43057623345655,0.219338190565671,0.201315498088208,0.287628819446658,0.0344942674670424,0.0650243076824715,-0.153894517185564,0.0294284417390415,-0.0504409128686168,0.109042305806649,0.0451886569033007,-0.0460080806113614,0.0854323177178318,0.0770376687817435,0.0702798526228976,0.153071028028344,0.278303391065241,0.192812571874939,0.00325086133308705,0.0829138038366679,0.13480846834792,0.0625788102231278,-0.155811407307579,0.0441889495779601,-0.0559142369058269,0.074880328237998,-0.0777291253072572,0.28160001694447,0.123196766697512,0.0453160207303529,-0.0250779517536261,0.262665235561049,-0.08684160215561,0.030686060151601,0.04847467973182,-0.134654175270976,-0.165004975865426,-0.0464415671497183,0.0379268840764923,0.0694764916209117,0.320364220836398,0.0327912484523567,-0.0923126811276348,0.361604416873075,-0.15093170956177,-0.281088085763438,0.429538470944488,0.615019114497122,0.279539016774973,0.312832317022642,0.18602868093349,0.191655041982067,0.210531910318752,0.0139259011068255,0.202444623474992,-0.131067274384823,-0.165989309030284,-0.126428533276971,0.0896297400376345,-0.0887513534772913,0.142697816580373,-0.0106793074830785,-0.0684466858389862,0.0472889307481462,0.0471491456711079,0.326727543205426,0.128661209121277,0.290380384890531,0.245343164133295,0.105580730755879,-0.164884115181519,-0.0595349010952676,-0.0688591845327984,-0.0714716373289628,-0.223989961700424,-0.128733739137819,-0.0686257132772124,-0.135402673061351,0.128486384827629,0.0656772479706383,0.127818248114981,0.082107600978584,-0.126578613327116,0.341495514724352,0.188391676031662,-0.0480513441893424,-0.00700977180935374,-0.157377280310715,-0.0168475391176244,-0.0487399051672666,0.31790920055126,0.112635721300506
-0.0754345625702074,0.105556776676126,-0.155296963667727,0,0.393346261807975,-0.029880634940878,0.128583758178643,0.111209690922417,0.055045678451891,0.0291141685378373,-0.144585833243311,0.00619799659049021,-0.101729391971895,-0.0145512470486826,0.0485986290503263,0.419346271374012,-0.0266888815642659,-0.0362249462949955,0.0450293449974943,-0.092843578455933,0.171617834488804,-0.112734797980464,-0.0953440344552221,0.134182648690626,-0.164581087227561,-0.113940257871867,-0.303217675472845,-0.214377658226965,0.209100869041204,-0.168443638434897,-0.219162187770348,0.133514515060898,0.137091042582335,-0.0150147991932125,-0.160274669464055,0.00621231744410788,0.0865084505892966,-0.131318099868456,-0.145241588166097,0.0911399016953544,-0.0630557157440574,-0.189689209327047,-0.246053221695821,-0.0931756680968426,-0.223595658179887,-0.315170108755633,-0.163332809267111,-0.275783208830547,-0.198886026548566,-0.0769682101697071,0.124386353959917,-0.191463901119663,0.651868880836861,0.474594209563683,0.0621756505413696,-0.11744448223173,-0.00473946306055135,0.0250066404847419,-0.14506630339546,0.0183733184462718,-0.202499348987443,-0.139646746126238,0.0505049043025922,-0.0666013447697648,-0.106990967034069,0.0358968723650211,-0.240573558342833,0.138530710536239,0.189195667629823,-0.106392403407656,0.174671040847849,-0.0158853596865946,-0.154969343882012,-0.236734018248974,-0.0485799152741865,-0.154942943833712,0.118238658543353,-0.109516408062897,-0.209086747648095,0.0705233734931413,-0.0991718178710575,-0.266596728085325,-0.238183121806492,-0.120153554295594,-0.106688069775519,-0.124161391565358,0.0301969262564023,-0.352296981601576,0.0587940266864025,-0.0421207312696071,0.266917436105001,-0.142627777607759,-0.208267521124184,-0.435036871994072,-0.360239289521859,-0.142361639482521,-0.289039658210164,-0.205060654686353,-0.13446300379941,0.00597481510296013
0.047226054144871,0.48460286939823,0.167499469420855,0.393346261807975,0,0.533430099507665,0.0883248007382357,0.477534069137834,0.56198963808756,0.117610137232347,-0.0105090095304837,0.115211342301495,0.186230723628594,0.157306460036731,0.124757214518013,0.391311758057867,0.231895524078821,0.189258227034539,0.221504148982539,0.165449738753236,0.246390289124383,0.172836813378804,0.158164572400036,0.15591617702335,0.00542906611729532,0.0200527760369103,0.0182114535527394,0.0984902298788018,0.256831484301633,0.177565387821716,-0.125447113665387,-0.0382410521587917,0.0884151802076249,0.00669852534227264,-0.0481480201171525,0.2861037213302,0.0532974173369456,-0.159075563087947,-0.0851777174965902,0.0952544933031951,-0.320371985838818,-0.13213331977808,-0.18028783199289,-0.149440519733374,-0.259890666356318,-0.129040934248162,-0.121417997200451,-0.176192667589377,-0.146353637299197,-0.13611009831281,0.149174606230151,0.122287183236639,0.436670143968715,0.42443917923807,0.595785541423396,0.358600538284352,0.331439256133331,0.592487630359181,0.127443730542328,0.187287846336886,0.113493360924129,0.0479685868239656,0.305981296064164,0.0765495058014541,0.0283545066036602,0.170376911950323,-0.100098514656791,0.148312114030641,0.065293981304535,0.120774430442727,0.399118072920627,0.0989075611523691,0.118817090379053,-0.0762701658448281,0.069932507699274,0.056295807253959,0.301181007640197,0.123354744724963,-0.146312509094246,-0.173999852077534,-0.0759885150472781,-0.185711565401322,-0.298090167791788,-0.104017080014592,0.170857100074683,-0.134358362401325,0.0725220297462563,-0.171286282881987,0.347965908457066,0.0918227024276624,0.0515898058635499,-0.0568676052900269,-0.0938423665976825,-0.310319763010376,-0.329944806967293,-0.198552786940921,-0.13880043165855,-0.183695921224392,0.064330527448022,0.00283560822723318
0.0772444104265949,0.357401598849777,0.488275859445607,-0.029880634940878,0.533430099507665,0,-0.0102680628847204,0.540897431121618,0.811980328224161,0.098079446451723,0.0445677465723726,0.097681318415966,0.201630469710768,0.146562177947336,-0.00207974889245179,0.0956356101923413,0.113987184618376,0.233369536025201,0.133816141941469,0.131697752547002,0.202761929930041,0.125164965748697,0.160591453135243,0.142063604385976,0.109942624567352,0.067046257721772,0.10243847374408,0.0742697591223934,0.163253947460771,0.23074498123819,-0.146184096064536,-0.122670455395565,-0.153277508217978,-0.000344842068922646,-0.0543934581502715,0.429803631225016,-0.074776197508282,-0.144936671043573,-0.0269674694923715,0.10202682352197,-0.285003774495541,-0.0618710573855619,-0.0956697788798178,-0.221353601552694,-0.181134715932161,-0.0404142440282684,-0.0340484677857859,-0.0669638828060894,0.0433858546650817,-0.107197335436375,0.00730876105021998,0.262309124941187,0.0268567860227103,0.00786146418758023,0.806807434522427,0.705746695573537,0.302818490895859,0.610065208798037,0.184001172641931,0.124386589608537,0.173057840822472,0.14571295862475,0.410669027256896,0.00034073481469376,0.0452708943983315,0.035218246420137,0.0443574769522179,0.0265946925240267,0.0296668932496462,0.146141045339235,0.170730542196241,0.157085828502783,0.183773796615836,0.209853238658833,0.11751863378882,0.0990772216958313,0.278619902813743,0.218259569321614,-0.18898082742109,-0.193021929916775,-0.0597470260446187,-0.184733380604477,-0.258734961906448,-0.0764099343990093,0.125653084686331,-0.112579054751414,-0.0391366294346769,-0.0749258726562749,0.363296055859831,-0.0178637473405678,-0.152008466214243,0.0581851362274889,0.11296713177445,-0.235913517367971,-0.173214081686699,-0.219348633493002,-0.0424596571163016,-0.101591589395009,0.231866781154413,-0.00013941598025169
0.386181214040726,-0.0700906693971989,0.0983455553029799,0.128583758178643,0.0883248007382357,-0.0102680628847204,0,0.287957502589367,0.0197640145691199,0.429614617070023,0.128359790528641,-0.051034310057689,0.0848751299839224,0.0826674377656597,-0.0116719949819178,0.319796825038484,0.12469439815908,0.0501179596961808,0.250646611054945,0.06141571875465,0.222814595979684,0.270788097928058,0.0811387754976906,0.210961525603924,0.134889727768799,0.00700506298259793,0.0668757132250433,0.0849665199192236,0.511027376591562,-0.0417217663681248,-0.0715329739641822,0.0561786314255992,0.147925707750573,0.273329708317967,0.199187680775493,0.239967476204741,0.343112704308878,0.276022718207307,0.17239799325392,0.481969496369496,0.262468457650821,0.206242191870437,0.185327893721431,0.130689883412289,0.0948166692873412,0.0729238675223826,0.0383693690137499,0.121754918028502,0.341508802961018,0.361000552893496,0.17089978608363,0.180553096694209,0.0516558603863258,-0.170732752275793,0.12860383843619,0.19337208582172,0.356848501943288,0.0897074731126773,0.136976726442423,0.251741551908252,-0.0141100081268365,-0.08461478599205,0.0272769417680426,-0.0898623311734888,-0.281585986723046,0.0325697207700595,0.321940109578988,0.18036813941596,0.293392378195619,-0.0541461520543868,0.114581399154318,0.112076190592011,0.015010724803628,0.322290755268503,0.179598127891529,0.241388916047894,0.365497076019713,-0.00899553723373403,-0.166080763621827,-0.119476716260445,0.0714507228934586,0.021918857538946,-0.0533602105430043,0.0191099251215274,0.064163395310191,-0.098094414021068,0.308304474131036,0.15539587003966,0.116883135066738,0.334336330232809,-0.110129316970666,0.0867169181893418,0.132171922322423,0.0820146623673063,-0.130906911553073,0.0742082211302139,0.0918067116515776,0.0836455247628423,0.346803114751941,0.416107978691903
0.0672431166534081,0.296949363451472,0.370751631144008,0.111209690922417,0.477534069137834,0.540897431121618,0.287957502589367,0,0.691134660059921,0.239439570558776,0.00209741894468866,0.00197540567615666,0.217024738724436,0.272296399621588,0.0192580293459374,0.0696725650560367,0.200821058007087,0.407163235960466,0.210759556544035,0.139936182582541,0.3099783501865,0.280720525438592,0.204418132611796,0.24726055621537,-0.100712154568677,0.0375642322582741,0.142110601430123,0.0737637875911605,0.379912338571361,0.225893080237729,-0.10447637672788,-0.0333436554701084,-0.00389527754447616,0.121047357925773,0.0806281041177444,0.43539034608178,0.11125901045555,-0.0957956841635309,0.0670361057441082,0.348610282079489,-0.131081863464778,0.0708718325190748,-0.0429439074173033,-0.0534127003385579,-0.187728314896084,0.0380819237101864,0.102284054591272,0.00902890469086044,-0.0223865176208036,-0.0672401714838217,-0.0871886477194698,0.139977289860005,0.0446036886021115,-0.087513190001748,0.602385962687014,0.519601607472441,0.53690886491315,0.63200793887575,0.0722990835731199,0.0857552474769629,0.115221635707182,0.107786888618137,0.341721747443574,-0.0229430128312796,-0.0814601621524779,0.0148366763076541,0.0673522393212651,0.0647260944450748,0.261288869099695,0.268151221698766,0.184608646434892,0.213287798691818,0.166312194354168,0.305145736747734,0.159013246707144,0.139624462837072,0.384973732149258,0.251871784485639,-0.130328182115371,-0.105665920406449,0.203978871029391,-0.0136845463180233,-0.164753531327414,0.0116220088175667,0.235853460913986,0.0193508135039332,0.195015773036188,0.139151346916782,0.381378161794325,0.202239038883875,-0.0644909916920813,-0.101379911900163,0.0646418549198858,-0.127017439959505,-0.152473172497079,-0.024344021912571,0.1027772327789,0.0744401898665654,0.138536058130694,0.0471843747320934
-0.034778946749493,0.322106259757838,0.43057623345655,0.055045678451891,0.56198963808756,0.811980328224161,0.0197640145691199,0.691134660059921,0,0.0982687486514819,0.050594935845505,0.118078885022911,0.27540879427237,0.235545186147064,0.0148559700718061,0.0275647187686364,0.177261672662121,0.339958780558115,0.18159622976448,0.162914859160831,0.302247414564278,0.186650269817182,0.196374880047419,0.231939182168283,-0.00925003846711013,0.0780629891786721,0.140909922250468,0.0546444626517294,0.255415447021751,0.277117673171871,-0.162822245830107,-0.0926968619567708,-0.118133410380429,0.0479732899135533,-0.0253934220920641,0.501245581575119,-0.0556697296722383,-0.190517472427469,-0.0541878372852598,0.137689863310049,-0.273153862412688,-0.0882975806015471,-0.118601438798142,-0.22416215065818,-0.264263126493336,-0.0197059461377369,0.0196078229067726,-0.0600500161813977,-0.0705091375714726,-0.132712910825256,-0.0915291438903161,0.143288113602574,0.0647950258577667,0.0169751802466757,0.767734483627065,0.659687928783362,0.36558760116544,0.702066618486145,0.104740589093622,0.102231891786611,0.164188016272307,0.194790555854261,0.454997170710658,0.00513347412479313,0.0232092418506679,0.0215983905228999,0.0268066749428078,0.0286383717838813,0.117292474598844,0.229764118494804,0.233092541599883,0.187529434165327,0.208856626650168,0.201633203770826,0.148978250498434,0.050027658079205,0.32167069770087,0.253077715290941,-0.180390525598875,-0.153057133224845,0.0245619875880538,-0.140990342695705,-0.280631782166129,-0.0511569893318105,0.190458419989256,-0.0574768467992161,0.0198717695906447,-0.0266083037334579,0.434986745626391,0.0836487995111611,-0.0935623983480022,-0.058875075836732,0.0497308516682775,-0.278883137648914,-0.191086247905122,-0.202123375016342,0.000707361614482731,-0.0594788142645229,0.129063470370434,-0.010640039843023
0.228325621940338,-0.162191649050373,0.219338190565671,0.0291141685378373,0.117610137232347,0.098079446451723,0.429614617070023,0.239439570558776,0.0982687486514819,0,0.184974448555314,0.142822946193028,0.246008280214172,0.122339755037249,0.0461213913261348,0.259775926150754,0.216788280166256,-0.0126600162251678,0.30305952909351,-0.236720162062939,0.263869788841154,0.342735582048507,0.150380427402574,0.326370018053947,0.352308785663735,0.170409522484492,0.164555737236161,0.206198345181242,0.322785384414554,0.132566941703849,-0.0576920014185859,0.140043142743726,0.0963594677354328,0.11489335576412,0.202779205252369,0.0553525505170244,0.120285204252128,0.233455916267945,-0.00990518841546588,0.489706030976524,-0.186480745811528,0.413159491356652,0.29525058527538,-0.152118140062873,-0.0942561166127567,0.051601556635005,-0.0407805968165964,-0.0219808891542619,0.0116121537113111,-0.118375651754174,-0.0529170011824681,-0.000864574779014428,-0.0340871165426544,-0.217791049575198,0.189334999047906,0.243087386444194,0.129647159864528,0.0610136959949397,0.4360937291817,0.323122335556825,0.268454943765168,0.107572225232748,0.297766953404945,0.0834405071981546,-0.139794019779379,0.108201579222662,-0.0168114184076015,0.251882245290399,0.269471707159326,-0.209618774500047,0.188311944181169,0.287888086237661,0.173341562049944,0.383147207780042,0.326706813797071,0.515096126606735,0.328793668554765,0.233700725496263,-0.0716409385260857,-0.0371948939639863,0.115749590365184,-0.208850822177304,-0.0231988140989424,0.147568994754373,0.21769436641294,0.0404248229161311,0.191187858556025,0.196202647994646,-0.0964127653938892,0.11959891642115,-0.0530037083195165,0.134494181532899,0.103113558011097,0.145161135639445,0.10689969738888,-0.128661177001032,0.0162446742662499,-0.00941018393244107,0.058713582135885,-0.0149157994724059
0.0645797025776192,-0.0639464995301314,0.201315498088208,-0.144585833243311,-0.0105090095304837,0.0445677465723726,0.128359790528641,0.00209741894468866,0.050594935845505,0.184974448555314,0,0.605799696936515,0.396200387609867,0.227015887003704,0.123290433381834,0.11269251318538,0.384117761537431,-0.0228564830069202,0.317385446800696,-0.131730122457333,0.0443636311955725,0.350992611731314,0.205620809697443,0.483619544658341,0.354786206258962,0.610330547075257,0.240386098059157,0.26679758795627,0.174404439776078,0.246597474485329,-0.223293859498534,-0.0263640668557311,-0.15308845655509,0.210578704590643,0.267279032112198,0.140750184336729,0.163270596511609,0.108753906400805,0.066283419318227,0.316665240814563,0.00218440014035722,-0.0378635159368926,0.219717890858108,-0.0543837662299559,-0.0995001026044022,0.187922348558871,0.126175797174849,0.16595985859151,0.1989471363196,0.117162053123893,0.102748882910716,0.0600538361146769,-0.105316212083175,-0.137611623851864,0.014646292448538,0.0450311017224199,-0.0726336884993312,0.0241554731471986,0.324826536574676,0.559215719151516,0.371331682195978,0.300363059662897,0.171986607079657,0.00224682883108395,0.00251275283305189,0.113412103111262,9.43864424240142e-05,0.144647021261118,0.142649600373523,-0.127083388118215,-0.00182847206880255,0.306126938652705,0.115016176512805,0.144543213432139,0.452931859701141,0.402867914374196,0.148999246041299,0.184375020576242,-0.206443717967194,-0.00709108478496269,0.0221327736700688,-0.100010881456423,-0.0653332685482638,0.231916984041349,0.204339180360789,-0.0373739716907497,0.203369480732743,0.368235673631702,0.0103043746258827,0.17823777983025,-0.0888037792327794,0.184397082686918,0.208444054911644,-0.0472602580921677,0.0952273586424606,0.0144136661193985,0.144517926202617,-0.0065783046319602,0.153307304507539,0.172752557983988
-0.149665357137863,0.00214437629617091,0.287628819446658,0.00619799659049021,0.115211342301495,0.097681318415966,-0.051034310057689,0.00197540567615666,0.118078885022911,0.142822946193028,0.605799696936515,0,0.323853843317566,0.335751609653147,0.196947891581278,0.127575249835583,0.437441914784787,0.0916556291924174,0.366625209697726,-0.0396908821489886,0.198796731413241,0.307901060185623,0.305609175597624,0.504668406088038,0.298573648770244,0.689477631027503,0.203488605570835,0.305160626576551,0.0942205941786423,0.233830635865391,-0.251147422752365,0.0243689416086277,-0.0900031877673817,0.139386577466016,0.191925789760264,0.148630384590951,0.135665889478309,-0.0651829528302909,-0.0749625308117954,0.265801629308554,-0.125276193902206,-0.095272192881369,0.150532389291752,-0.0349417654265933,-0.129783627618297,0.101300262484403,0.132456569392728,0.162862346125053,0.169764447751176,0.0267994947332508,-0.13713259946682,-0.125844020516231,-0.0267223338727539,0.0207736425272029,-0.006926632943938,0.0199389877704153,-0.195877424803593,0.0595402151861847,0.117004643554519,0.510032909740793,0.401598745553315,0.236605619447687,0.266225319810868,0.106222896262493,0.105964722726096,0.155161615623368,-0.0721723072675221,0.247584535809217,0.108317708235862,-0.0743347448716343,0.136116272889319,0.287783565330449,0.203692764632415,-0.0325899024424089,0.452691759596114,0.338665944475847,0.173314210178762,0.314823430916803,-0.183309631855143,0.0301563438036993,-0.0212905065859963,-0.145590262567542,-0.0782236758666706,0.193451887925302,0.230166105079638,0.00379537360206429,0.0731841348139082,0.19672523111831,0.0818396166450036,0.119711849951819,0.000160137752485775,0.195828997493147,-0.0195297632637656,-0.244407078615872,0.0272300033583658,0.0359654818476672,0.136294133165896,0.0843777807865717,0.116808735411577,0.107696775266833
-0.123490951859492,0.0727036962597398,0.0344942674670424,-0.101729391971895,0.186230723628594,0.201630469710768,0.0848751299839224,0.217024738724436,0.27540879427237,0.246008280214172,0.396200387609867,0.323853843317566,0,0.319194214089674,0.160154671986465,-0.0348463116001115,0.398218792515256,0.101629456252854,0.247083539533443,0.0849513579204429,0.139489104395139,0.365881349941784,0.274031694334925,0.362008748438492,0.213746356379747,0.271961484621332,0.305996173135049,0.291068996067542,0.22724771261327,0.367164465994653,-0.172713446567089,-0.117784548933477,-0.153556882810243,0.132505402335784,0.290803081785751,0.189905422439322,0.119981551057029,-0.0493071753741215,0.0579345752558554,0.218340066873468,-0.150013102163113,-0.021149779304494,0.148105646047553,-0.0759842112427503,-0.118297433980474,0.18821421957813,0.173263583021352,0.129294901025946,-0.00548422649489166,0.0314317084944697,-0.0798179365402302,-0.075497536935259,-0.0972324326957011,-0.00215775813209324,0.204221611780881,0.0609822210266617,0.0373719307030905,0.329447960644806,0.293333814979787,0.343570508870812,0.442475019941646,0.749287391071601,0.381421566755107,0.137578515436027,0.0771622802615099,0.182144494542583,0.0095264977253975,0.0943887689257145,0.121489474077674,0.0935837889404621,0.183211563393231,0.301765414984087,0.237208720669205,0.135347922898083,0.324193289684183,0.16692491074699,0.190229630199337,0.317507097879218,-0.110676552898435,-0.140119690529227,0.0951898203763381,-0.0321770828995505,-0.0833048249329928,0.235561037133536,0.402413261629948,0.107654160705103,0.161876661323839,0.279726927936581,0.218587603750851,0.175306871347528,-0.168302923008383,0.0221165598115314,0.155215837223759,-0.0871743327209489,0.0311557179487213,-0.0446409397822937,0.208690599793276,0.115983400979031,0.0691701578001147,0.127538814175189
-0.0849419819655633,0.00893453309266542,0.0650243076824715,-0.0145512470486826,0.157306460036731,0.146562177947336,0.0826674377656597,0.272296399621588,0.235545186147064,0.122339755037249,0.227015887003704,0.335751609653147,0.319194214089674,0,0.634397128678299,0.00183745562337474,0.500513558284518,0.377947100877086,0.57705709416478,0.100895671308427,0.474504801276108,0.369676515890491,0.735637570854418,0.411822408366029,-0.0732747910019153,0.337880772740401,0.444265693579508,0.445675921983374,0.424840973937338,0.664607939431683,-0.27904799263017,0.00610607508290438,-0.0597878036767622,0.31872754024186,0.282939154325277,0.374931749833977,0.231620731005726,-0.120166843139538,0.135970744607036,0.267056807249047,0.0178676987213901,0.0146258712033204,0.113188716572478,0.0656216293655302,-0.10522055148264,0.464064979303136,0.49107428039725,0.468918815901748,0.00934920796810973,0.0429493506693268,-0.092571641588064,-0.202954929345943,-0.0248785631045123,-0.062946099253265,0.148118926779965,0.0726377354424131,-0.00152617009813279,0.18902254685434,0.0798342092096601,0.304977901269756,0.241566280690566,0.253600771806589,0.499378026847665,0.394306594022745,0.460474888700777,0.571835033864402,0.0655817171355277,0.474452243774247,0.297121393683511,0.192072048803694,0.309985708911569,0.445801513228212,0.651230441053523,0.170277723928143,0.387856516353085,0.23130356078698,0.482824608315621,0.633367396951504,-0.182478687814931,0.0362181073045389,0.2870967589165,0.0657300726510471,-0.0353543011096457,0.212190965200622,0.430779988140455,0.407642178312742,0.299300072119349,0.387659037578257,0.355637701252153,0.293675250680288,0.0808932859769863,-0.0473801238973513,0.0355556540728491,-0.147945111339024,-0.0434811681414927,0.144517567913807,0.492467368550075,0.500039625501935,0.0916276231603396,0.146539975640826
-0.156028508456427,0.0645720427814219,-0.153894517185564,0.0485986290503263,0.124757214518013,-0.00207974889245179,-0.0116719949819178,0.0192580293459374,0.0148559700718061,0.0461213913261348,0.123290433381834,0.196947891581278,0.160154671986465,0.634397128678299,0,0.0852314548809912,0.369026295795174,0.26302081022232,0.369063457790606,0.0644463511720336,0.359277411024558,0.108586696732154,0.557554687279131,0.279525605945061,-0.11785214669141,0.248278928747918,0.319078041079062,0.440286642501142,0.233629117709216,0.585806081397316,-0.204045123949564,-0.0746460456260092,-0.0993244585407783,0.135020989045505,0.104397867471215,0.174200414443713,0.132665861779736,-0.198574956385936,-0.0101436423076757,0.118355569684282,-0.0730912203172249,-0.0112727590051893,-0.022540118448392,0.0727215444527915,-0.056803907308196,0.309291749570011,0.286586177862883,0.247770649714622,-0.111652819060965,-0.0266421611971796,-0.10925045483097,-0.196436257788488,0.02397566007033,0.172862200556005,0.0203768906793965,-0.118365315104982,-0.136749579820608,0.0517391070017012,-0.00598185941867819,0.183922875177892,0.161320905698753,0.133036082938083,0.333078988445651,0.377426570809032,0.576769811144193,0.809150433664516,-0.0543071685104163,0.367463673436613,0.068143983209426,0.0834697225139303,0.356675836473931,0.299384133074911,0.519708486721224,0.00498396225586553,0.204924754251535,0.204995747927928,0.303760759896841,0.57949432162493,-0.162928971819865,-0.0552049610949008,0.192812762375839,-0.0617804862369868,-0.00296409350936813,0.134256699609216,0.354021929895244,0.300286864409123,0.183186098859276,0.269051699098802,0.24077277790509,0.0883793280267917,-0.0457136420567344,-0.160641996392944,-0.0239343513957629,-0.190428157506155,-0.117214544927771,0.0873402486124381,0.303669295191118,0.337081736791753,-0.0208149332703834,0.0280032035801261
0.383248943050347,0.298803402903488,0.0294284417390415,0.419346271374012,0.391311758057867,0.0956356101923413,0.319796825038484,0.0696725650560367,0.0275647187686364,0.259775926150754,0.11269251318538,0.127575249835583,-0.0348463116001115,0.00183745562337474,0.0852314548809912,0,0.216355694012066,0.0816430979099584,0.255062624483184,-0.0750147513175273,0.133635324927061,0.178029858912914,0.0114104470059331,0.172182155828912,0.239436930019587,0.141993302916381,-0.0333219644945845,0.121783886646056,0.149455420906105,-0.0279157373584721,-0.0898267953448886,-0.0294667467290313,0.172001126298231,0.0130910462511836,0.0619808747015922,0.0685999577693362,0.067925054034142,0.113474400671745,-0.0577799130071344,0.215764681504337,-0.145067194378282,0.0430069194070747,0.0676935405226792,-0.0459551291406283,-0.0294197169366606,-0.162400134414674,-0.210764991480379,-0.185973805204747,0.0458606332443587,-0.0296969395503253,0.377431329253222,0.230548446844152,0.437434834145468,0.314849123855104,0.143690047383374,0.05129461060088,0.0913838914080372,0.0804272080704149,0.0945652523255126,0.22998013849054,0.0298354196972498,-0.117050888804645,0.151293737602778,0.0126303688646801,-0.0368163474610284,0.161844283197851,-0.0043671117565387,0.29594851867712,0.0802566987854618,-0.0326369294412657,0.22154892791834,0.222144375547629,0.0306614046667012,-0.0535123575762733,0.102294501253731,0.238772066520838,0.22932806314663,0.0146917675291846,-0.195283174590207,-0.0901535488156481,-0.0502482360598831,-0.225678971441094,-0.100129666648497,0.0837648112922299,0.0950237777215709,-0.160108422545287,0.0262694194059253,-0.099731986261564,-0.0159427380848733,-0.013953125564808,0.00206845339904536,0.216763852345521,0.0588673061404349,-0.10194343365863,-0.227996975358021,-0.133570056019879,-0.151004218483364,-0.207741730467207,0.142438952826323,0.0584622042664982
-0.128014098347093,0.00713028082034172,-0.0504409128686168,-0.0266888815642659,0.231895524078821,0.113987184618376,0.12469439815908,0.200821058007087,0.177261672662121,0.216788280166256,0.384117761537431,0.437441914784787,0.398218792515256,0.500513558284518,0.369026295795174,0.216355694012066,0,0.409490183925005,0.722653999383859,0.100961360643864,0.466815140879539,0.660837944588619,0.566100120758106,0.62277860516774,0.0986908397027397,0.569722740364311,0.487546394812197,0.366037830949082,0.300049215827893,0.45967799127703,-0.150422788010584,-0.11352598082383,-0.0872328620067444,0.336662181995374,0.502019350313611,0.258526182423771,0.0391434530360093,-0.0448337877781976,-0.068389623886763,0.314303676590277,-0.182362127295013,0.0795120220165652,0.205283188710223,-0.0888011970515953,-0.121382248955675,0.253863546852867,0.183357060506017,0.171366926498124,-0.125213125711931,-0.140739563300846,0.0233632258439285,-0.225494621111694,0.00281574870479523,-0.0711810975054669,0.106757610320707,-0.0430589516116574,-0.00461727722832264,0.131323102356,0.281614239313651,0.370585910156111,0.150771868787616,0.131166461474261,0.365212730976015,0.27350485592522,0.239171421768078,0.330907761664059,0.0713780153415421,0.516760301823957,0.290251396914984,0.19338047379441,0.451920073437662,0.610042761578616,0.471198393043595,0.118590479205089,0.537930707219308,0.276390283840497,0.357091665273997,0.49010761430664,-0.070554463938352,-0.140642695190073,0.345421414426035,-0.0197069263012932,0.0175871854649879,0.41992111542886,0.590206813535586,0.199645657074191,0.135478543356713,0.398322156542603,0.240943197583735,0.225019780218403,0.0325580344051243,0.0540730997112236,-0.067417877099481,-0.0888323848096398,0.00939606262036139,0.101096691174925,0.274337300247577,0.206930953684539,-0.0406801957679413,0.004628051380054
-0.0576986060324384,0.151906784999,0.109042305806649,-0.0362249462949955,0.189258227034539,0.233369536025201,0.0501179596961808,0.407163235960466,0.339958780558115,-0.0126600162251678,-0.0228564830069202,0.0916556291924174,0.101629456252854,0.377947100877086,0.26302081022232,0.0816430979099584,0.409490183925005,0,0.31863791503275,0.492755731658955,0.367902470629024,0.279067739015774,0.423231794236415,0.308635487018393,-0.106788943055448,0.194747633071109,0.408913523565815,0.25623291699419,0.168624007806083,0.366271017812576,-0.152945664551624,-0.256585844024381,-0.119631361387559,0.457973084105677,0.215541525246297,0.557520774604414,0.0471548801140547,-0.123169156057245,0.0372840411828277,0.15302500743242,0.0792312132848651,-0.0771754758574327,0.0228880366678108,0.00214827125197844,-0.00443774937011141,0.279436262961738,0.239954712135639,0.226348267838216,-0.0246421004961246,-0.0193266363500145,-0.129186371197666,-0.00396603783381816,0.0108258383755126,-0.0245562981084792,0.166310842721243,0.18250712544422,0.235053341036056,0.284938516793811,-0.0832253718547779,-0.0367991891132066,-0.021224509479499,-0.000494741095554333,0.218088118640032,0.203425973063721,0.284961197566149,0.243628472139903,0.257808016190262,0.227352554910554,0.142835933435821,0.58402058852215,0.33213000627581,0.289746673723132,0.406896175958297,0.16433549008593,0.0895763192328131,0.00701756922120339,0.249729532785097,0.357097256852063,-0.123972428153903,-0.172962659521334,0.27380955733909,0.166930447032002,0.0279756522768316,0.170371332301307,0.322202921023078,0.261676347027935,0.0832435995723087,0.262867292455539,0.521612279992971,0.18930924636584,0.0321494559484704,-0.0210915954900126,-0.0100004532357382,-0.0871451685535046,-0.0798041273856918,0.101055635312385,0.322999365104427,0.267195657853262,0.0687537395785844,0.0152046044562084
0.0535397262681665,-0.0906287726419986,0.0451886569033007,0.0450293449974943,0.221504148982539,0.133816141941469,0.250646611054945,0.210759556544035,0.18159622976448,0.30305952909351,0.317385446800696,0.366625209697726,0.247083539533443,0.57705709416478,0.369063457790606,0.255062624483184,0.722653999383859,0.31863791503275,0,0.0572910721728933,0.63425078931454,0.582365817904227,0.549208382103776,0.531904711767531,0.0501398076931272,0.452114444173512,0.440660288624021,0.350802464597673,0.540185988412164,0.388722275740308,-0.147462328808731,0.0684573062796222,0.0572692639911684,0.363678916403031,0.399957819863358,0.309758087963882,0.185530976325996,0.0268220111259379,0.0199714758512945,0.343957129558497,-0.111550103670428,0.228312890589542,0.209747990538679,-0.083273438816485,-0.088221982919736,0.25251095997923,0.218801356903327,0.215072397821518,-0.0212928300275479,-0.00589393174302113,0.0124111366464459,-0.215600334669062,0.000858069279179185,-0.136851139714406,0.192867461206662,0.121480827242473,-0.0052205215570857,0.104906432202402,0.204231257829882,0.425292607627664,0.122287082131206,0.0231801769227019,0.44529271646071,0.28660784910267,0.203657709811239,0.330748804181368,-0.00470315771482881,0.666554290964802,0.45934825791967,0.118417353313669,0.529034440476905,0.503619707573384,0.482098596865206,0.159153147773656,0.499074831116363,0.347535756463996,0.569484462512755,0.434467720337885,-0.13043774245344,-0.0692763180250804,0.285541549359944,-0.0726412280953582,-0.0781339434854973,0.229164327457984,0.4914179365636,0.17858750656432,0.281317798624764,0.303313507508635,0.248833911857961,0.260282462135369,0.0377669020995967,-0.0307582665213252,-0.125942522171936,-0.0766853621357904,-0.0782800539927401,0.0173396315184922,0.255168829807078,0.236411414560788,0.0843009163325966,0.144348388910888
0.0231527861629102,0.160941011455119,-0.0460080806113614,-0.092843578455933,0.165449738753236,0.131697752547002,0.06141571875465,0.139936182582541,0.162914859160831,-0.236720162062939,-0.131730122457333,-0.0396908821489886,0.0849513579204429,0.100895671308427,0.0644463511720336,-0.0750147513175273,0.100961360643864,0.492755731658955,0.0572910721728933,0,0.181201644737488,0.0685478349842372,0.201094339632573,-0.0322234330839087,-0.158144745556076,-0.0468735537324946,0.241911653916669,0.0836365476695009,0.150977946395648,0.105282938551439,-0.078233958416536,-0.305140656083498,-0.120990148900495,0.382480679213043,0.104198257933707,0.392742283556945,0.210442268167472,-0.148177100255619,0.0925529007758759,-0.114660610756169,0.30013614959403,-0.139479504971208,-0.0631761574995937,0.170752656922147,0.120270710471774,0.206049365585455,0.18928437019949,0.294862339174635,0.210531881555722,0.350744313593254,-0.0650823136402154,-0.0237889762597672,-0.0584670012569854,0.106057342742045,0.0970547382056663,0.0711074940680519,0.106508012821922,0.239169209460173,-0.167041895125948,-0.0387974129280998,0.0364083552592897,0.0117344016325237,-0.0553977037913169,0.0482820036046011,0.0425874047277034,0.0983137385182324,0.324320496771991,-0.016608195793608,0.00897144109771951,0.465376884927727,0.311035277016962,-0.144373433199045,0.140067417850734,-0.0781494627019215,-0.0709930211684836,-0.172087929553247,0.116955939463486,0.0663855817379177,-0.0928243183227154,-0.283559014142701,0.0911338128302678,0.382421084711985,0.0129382098328288,-0.00173082926879734,0.154554081923481,0.0610664247224327,0.1076521777852,0.039402155056793,0.613020300211907,0.241868999832556,-0.113255844007925,-0.110264408027176,-0.0909297527233349,-0.127423605469443,-0.136567824654189,0.146201148009281,0.220591266956744,0.274242346159164,0.251475202588148,0.322855386007202
-0.119003932231163,-0.061276865269856,0.0854323177178318,0.171617834488804,0.246390289124383,0.202761929930041,0.222814595979684,0.3099783501865,0.302247414564278,0.263869788841154,0.0443636311955725,0.198796731413241,0.139489104395139,0.474504801276108,0.359277411024558,0.133635324927061,0.466815140879539,0.367902470629024,0.63425078931454,0.181201644737488,0,0.318274761663011,0.489301419481588,0.471690295279962,-0.0253197820357269,0.253221309243765,0.309135325085679,0.144246361171605,0.548386484481174,0.339059174974274,-0.0756299141602105,0.159293684190071,0.139572487372135,0.260140620040239,0.0968149574835724,0.33224117881429,0.0192101865224746,0.0273624246160672,-0.0845363638968853,0.303550213342035,-0.117079224585699,0.160152180148217,0.0417131679125265,-0.156775019727947,-0.164312772736651,0.137302407994543,0.193637755552245,0.168109282041505,-0.165544203997381,-0.0903884965421181,-0.169096082457804,-0.266684135288754,-0.0300568932644817,-0.149580543043738,0.241386749222816,0.170219777507021,-0.0202409354879643,0.16802161287242,-0.0242589514082022,0.157953690832363,-0.0727474800203373,-0.0480385091832841,0.369571732435418,0.122881201421766,0.0819970612654185,0.287838887668053,-0.041914765037418,0.433487245071974,0.509179482801249,0.25008320829021,0.655575282539604,0.27680960982597,0.44794414814791,0.123234445603093,0.307216843583119,0.105317753737861,0.512747290230351,0.425363721897212,-0.0935147814714047,-0.0416353802660935,0.285533681826746,-0.0574423715243452,-0.177830277386533,0.0417060576980417,0.368224399111745,0.137359550687615,0.0646466134638898,0.124132638452473,0.3171667960373,0.202668202653675,0.00716620450568369,-0.110596367536499,-0.220685341726144,-0.242006648887583,-0.226593649225345,-0.098773349522176,0.189399276248777,0.288625312671248,-0.0386229541039325,0.0621992913853794
