0,0.46605385333866,0.424041491739971,-0.136101349482891,0.0521182123151267,0.466989107976934,0.165030024758164,0.227347726775957,0.251464224260366,0.500211490858371,0.0209335189526497,0.0268674395112228,-0.23277371836201,-0.438240476516967,-0.475848535185831,0.503425825261726,-0.256719001279634,-0.399481548470844,-0.339573443398014,-0.391390195085579,-0.491986079697875,-0.169077726390539,-0.458971944894935,-0.209791844196921,0.628402934731561,-0.122993028338116,-0.259347578562364,-0.258876611582699,-0.129171123822287,-0.377668906652919,0.070511561444621,-0.214806485729009,-0.282628866171778,-0.429328732974126,-0.215681648891873,-0.226732065420093,-0.00314445802350005,0.421598659433014,0.299920762405723,0.121891083386485,-0.0861938576941471,0.542163753255967,0.137019303406791,0.0752504721624053,-0.0864850142623047,-0.297727720840679,-0.38443389273729,-0.344610615149151,0.472133626588995,-0.0363700244917607,0.236739257314859,0.450855289097366,-0.0335714775621893,-0.137786747846179,0.462686935851086,0.501471089281785,0.260180797115904,0.167091994372744,0.57173920060469,0.0123432697274616,0.255510221601299,-0.178819387999777,-0.343022410693292,-0.493626802683837,-0.471835669331841,-0.500843958741076,0.197489229508195,-0.171747387565497,-0.475644743519268,-0.449357678469691,-0.506575227566485,-0.139508461581187,-0.462596800096005,-0.0486081181052667,-0.103921455669485,0.340117936223316,-0.236113891761569,-0.394870098239782,0.0441329049687883,-0.365378454622986,-0.343159170796289,-0.257188722119532,0.11145141726564,-0.0450349274414785,-0.24091219362318,-0.434455715246176,-0.0146918518109214,-0.158526862037537,-0.286601179647504,-0.0279831917532841,-0.130287184277248,0.457544663504048,0.220016917934284,0.360749534124423,0.199276786506998,0.10776433427922,-0.263190060938897,-0.352780759851514,0.424652687526452,0.05397015486144
0.46605385333866,0,0.54691675742125,0.2513483175634,0.454672002644087,0.313482350532691,0.151712037979788,0.389539333149991,0.383980914365875,0.379655414147864,-0.0772523353170314,-0.0403648236351416,-0.27900323713459,-0.514972529137511,-0.602875780771931,0.617886170360758,-0.146916086438255,-0.325877588545405,-0.199001652685166,-0.524290486675746,-0.516516467055492,-0.163019620024726,-0.519939954483372,-0.320022639322955,0.400767527643057,-0.185434566699838,-0.357996861790684,-0.379507810841013,-0.327172593108866,-0.535067894745923,-0.0355113519044329,-0.272189671645778,-0.262561941373734,-0.315327451339251,-0.222602117266295,-0.365921405251288,-0.244658539118737,0.310137719705389,0.16170410279199,-0.0682889852343428,-0.265963129286889,0.253477469101316,-0.0643389255062883,-0.14291820568012,-0.225785357293999,-0.44486394669225,-0.528807264786156,-0.531602397755889,0.160226508512239,-0.326024539048527,0.0340065413301963,0.64503155184908,0.263953064709255,0.0812317539067745,0.563332928399443,0.288978794550415,0.343319741238737,0.335111639790234,0.260434493194598,-0.12362078184108,0.0361204762488868,-0.216748829016232,-0.44237909310732,-0.501433450259685,-0.420174373563511,-0.62323083823778,0.0866394142112274,-0.0015940976304112,-0.331131239616965,-0.367896541961096,-0.566705432600017,-0.225036109251269,-0.531020305757195,-0.170735157906402,-0.176109180282663,0.121642651514585,-0.299578774276122,-0.555800483457875,-0.0201993462251374,-0.397620840241602,-0.344393765270408,-0.322997731169824,0.202766681401485,-0.0699813803160233,-0.326431647111742,-0.530138296121419,-0.202728848533077,-0.419096072649437,-0.436553984338891,-0.245598004032331,-0.125127630034748,0.286852516947166,-0.0238905677010468,0.106838063665753,0.0152310888171005,-0.163349075533755,-0.442431310887311,-0.479364367949817,0.126280626223633,-0.234794012335229
0.424041491739971,0.54691675742125,0,-0.282616599220565,0.174578743144505,0.664301509156787,0.285075992891446,0.422087223771447,0.508448972497034,0.503290360333039,0.25879257361033,0.167514365622886,0.091592182012045,-0.291048993764129,-0.414367553701132,0.450648785066723,0.126885462372809,-0.0382858314369215,0.0861278827017651,-0.254863830233125,-0.309097021148784,0.186801998205974,-0.304648140019526,-0.0880025611081123,0.307476451285751,0.0699291655403236,0.0713588545996452,-0.031924149174918,-0.00433121659248823,-0.35256042921353,-0.3275738719617,-0.52922857336318,-0.537906211631848,0.0207209539731068,0.138325265614276,0.00789969097269187,0.00629811930380282,0.0165189916227882,0.186616496519703,0.0294019864449721,-0.000984684106430389,0.334938594193562,0.307201127502531,0.0676431537555726,-0.0960940723058717,-0.150339579971537,-0.351820585433704,-0.22285618999139,0.486660893174384,0.0608869990194456,-0.391914529934695,0.452631848174268,-0.119464206784973,-0.339218515893099,0.711414784138914,0.62185429526333,0.399661002036288,0.4726968262231,0.31342218838154,0.233392505641378,0.207455692054914,0.0988218629656097,-0.225016282241984,-0.351391130300885,-0.363406917186758,-0.460342292898351,0.230784396109879,0.229169711549688,-0.0806768725416943,-0.0780277811273427,-0.3784429185899,0.179626809236514,-0.338159987618677,-0.161110636518382,-0.0647817529607318,0.277114317005554,0.0250883330852878,-0.264028312639533,-0.279746635764536,-0.584110263262195,-0.135974930503435,0.0599364297640717,0.24453482539506,0.259860278366811,0.0516592819268862,-0.42744930204479,0.0481994537984396,0.0228572209825282,-0.0879940002033205,-0.0197361364338424,-0.397074417567289,0.209468668432788,0.0101507562662692,0.139026698043924,0.354049638120281,-0.0143153402974343,-0.105942955712465,-0.274733593060353,0.437018743120172,0.139177746343018
-0.136101349482891,0.2513483175634,-0.282616599220565,0,0.624473988431603,-0.182023939693338,0.105752898100321,0.226383384668006,0.0985621206491067,-0.248730871459681,-0.384185570631764,-0.123669873983152,-0.193661691583715,0.00352709139174425,-0.00678287187958635,0.145198345666252,-0.0384605222766783,0.0190249068538645,-0.0193032330843169,-0.0187259070607562,0.0657380112239776,-0.235234998801086,0.0352426048059195,-0.0410089107967614,-0.276665918692931,-0.243812035241324,-0.295609940323099,-0.37336423133412,-0.258329948226704,-0.111571888288549,0.270037994813012,0.251921809145127,0.394135042065309,-0.157058282759795,-0.216851960237594,-0.11653761454943,-0.302497712733412,0.0913340541602045,0.0348424987012244,0.124352623656939,-0.100573777968106,-0.320891908050362,-0.456904055751647,-0.106627255087035,-0.0460925102017596,-0.20758596842568,-0.00800776326148931,-0.0879307173347482,-0.153605613491232,-0.208764789995371,0.312795463692956,0.324474531923314,0.581780516970397,0.744023655759145,-0.0433189419172399,-0.114906380528681,0.123196219862297,0.126848397077922,-0.275927582124466,-0.314648679378254,-0.214771464676917,-0.132301595543096,-0.136533959533651,0.0629512545434698,0.249370132889363,0.039148504592747,0.0246550064806212,0.00458656993616826,-0.113663978198153,-0.0113289711344493,0.0442652010066679,-0.38631867758286,-0.0414962543509495,0.14432189354988,-0.00705836197976714,-0.358317094746637,-0.27347830093325,-0.268777035402154,0.154342136039146,0.215570240655955,-0.304048781204797,-0.300598227084125,-0.204509208202766,-0.419505113934669,-0.324601632934114,-0.0590310964592375,-0.307010334355287,-0.429657617364993,-0.113625788571629,-0.202984144156971,0.265691199831036,-0.234201740514451,-0.0110140605778072,-0.238794172412114,-0.600059896599076,-0.0820600343124579,-0.277724687276774,-0.0353387018224586,-0.110387065105874,-0.232427413121906
0.0521182123151267,0.454672002644087,0.174578743144505,0.624473988431603,0,0.248870471664285,0.315422359350408,0.504472535087412,0.451678223623543,0.00638867153274439,-0.19626287438463,0.00089761391660595,-0.151163586444167,-0.174288456356855,-0.236208074473879,0.292098044588089,0.0348158125800438,0.0529088806577789,0.0785048922261273,-0.0733051570698218,-0.0778924952641598,-0.0905434110733836,-0.133666984356114,-0.0651040070719084,-0.133155525060254,-0.154770032114892,-0.175968430341788,-0.280277795345592,-0.182202995326234,-0.278636758291481,0.0338672381420498,-0.154232885193856,-0.0195001592808354,-0.0651303093053386,-0.0664210297390716,-0.0295781945498555,-0.176155578955524,-0.0766810767736494,0.0353675649598614,0.133132251958693,-0.0390000108820345,-0.149199392226942,-0.202721278811347,-0.0606730846621909,-0.0641523877115183,-0.230620292594135,-0.183479187194528,-0.174063957548209,0.19813926550862,-0.0853418100174748,0.0756493807993758,0.471886242981678,0.579556133223547,0.584026848766643,0.417730868899123,0.211794315517973,0.341997324619983,0.42525939616864,-0.0943513839160496,-0.182842600853277,-0.0643435719525617,-0.153939483327325,-0.254178306180264,-0.101609643564433,0.0853518113926678,-0.218672721302683,0.234711019500401,0.178161671248553,-0.101675735502217,-0.00791154300092484,-0.103646092863226,-0.257790528099774,-0.198558509517222,0.0985151362470579,-0.0527091926492171,-0.199044006327088,-0.17659948246354,-0.339144481926267,-0.104106681338223,-0.172242874862158,-0.373179030123629,-0.215625981444978,0.0629950736676316,-0.256455176053792,-0.258235571634619,-0.25597127960538,-0.201355388722438,-0.351742504215463,-0.0720529476166651,-0.171585813470319,0.0316194730107999,-0.157828108125005,-0.010682847969193,-0.14129031556924,-0.345387686049224,-0.0425508449775899,-0.299055240022794,-0.121852301001894,0.197104617655892,-0.0507374875824001
0.466989107976934,0.313482350532691,0.664301509156787,-0.182023939693338,0.248870471664285,0,0.452992000252189,0.476989523898547,0.661336530724636,0.584092684718014,0.307697552335336,0.336565192624948,0.108528538878628,-0.151150256688058,-0.265327572583844,0.35274899607145,0.161298700883247,0.0126254391078417,0.111510320095054,-0.16655867538217,-0.183092985004502,0.23493038838326,-0.152356433686486,0.100631736704422,0.345227841142403,0.136588230575533,0.115377323684315,-0.129730727188713,0.0911129707845442,-0.279504429554252,-0.210628250319707,-0.428870339500713,-0.409341436719893,-0.036734709114951,0.119876699276691,0.139503390762234,0.148836716122196,-0.0533322081706586,0.356254023759035,0.335061139750629,0.0694827832866037,0.39147497317003,0.279712881003768,0.151073728425191,-0.0572907087699716,-0.0843968510784501,-0.209920560157512,-0.103753458258473,0.72986382264723,0.200901626501838,-0.162314000853142,0.485823712351103,0.0419100479388675,-0.0201597608318088,0.802716414264149,0.825857334705384,0.458011296768481,0.533825380832403,0.451086256613663,0.310662721390111,0.398000958700987,0.121289188962232,-0.0662892327433125,-0.173283686999742,-0.155219265897623,-0.30904147333432,0.422899362283594,0.27855816656657,-0.0678408859610094,-0.0319013270805011,-0.247118762444916,0.166644962626972,-0.177867808483081,0.172600463644301,0.0168517758141825,0.318637328140149,0.0600724055094543,-0.211698491256491,-0.232365685681823,-0.538884388271968,-0.258846410615465,-0.0262083277180595,0.214467537471475,0.171770547640805,0.075454652103753,-0.29885304983508,0.143353075386114,-0.0457050510782273,-0.0101454743879094,0.0363642973021465,-0.269573002052459,0.0766606164826842,0.262227634255414,0.197918424942084,0.191846749938871,0.142483517658186,-0.0577683188665078,-0.113220698174004,0.705082646693276,0.270500104739489
0.165030024758164,0.151712037979788,0.285075992891446,0.105752898100321,0.315422359350408,0.452992000252189,0,0.755122581467843,0.673023612130157,0.384140863947195,0.286239566499913,0.499985314884591,0.210707591450242,0.0192250494420728,-0.111043113267694,0.282309932895418,0.375204513183529,0.223473032410657,0.309047799301845,-0.0567693573580705,0.0118844343311123,0.30314556261076,0.0749551180762827,0.374040339210258,0.0195273706680989,0.36333901977164,0.143116081696429,-0.161472952362833,0.0766780142638675,-0.213733357314281,-0.173593193411447,-0.389384711203747,-0.294749301306966,0.144195748712648,0.165481345210205,0.12177477514776,0.0206682111815137,-0.196026346619098,0.203201583087571,0.565998995244775,0.357451088954045,0.255089451773288,0.309355250855898,0.30484835874609,0.0904388721205893,0.0123525781405623,-0.0586014729324273,0.0587652271522365,0.403360794228925,0.212691329457772,-0.208994993646086,0.440740889743171,0.243851351746056,0.224077876253936,0.498790937672411,0.508888897727153,0.644365849378871,0.700063299982095,0.0784517506598497,0.325940186819407,0.399443204271652,0.247764839179638,-0.0645085891793785,-0.00846766565076462,0.0714566035163389,-0.150736825571613,0.726153153871361,0.48592498816546,0.129414286642295,0.210097810179562,-0.05640046894377,0.155961158507713,0.00671879955743137,0.323570865075309,0.284674031580912,0.235167211761146,0.0272395688479809,-0.177161557215952,-0.307882759479191,-0.476550649329568,-0.0552437399266507,0.0636302668497651,0.0430146590649473,0.0787149208705205,0.0917140628499294,-0.16564927237309,-0.01346925799952,-0.070670358317977,0.0671439828976286,0.21613968967484,-0.161536339867852,-0.223282911221652,0.0585219034233517,0.0520015011302828,0.0798291360067792,0.27301030158289,0.0612052152469158,0.0431584860369086,0.488832937823482,0.248959955926873
0.227347726775957,0.389539333149991,0.422087223771447,0.226383384668006,0.504472535087412,0.476989523898547,0.755122581467843,0,0.778772075428017,0.356351728172939,0.228997427438955,0.424383569008545,0.215457629102527,-0.0519561142088783,-0.233277193986385,0.334803000518402,0.344899069503543,0.301393578545017,0.348414848258988,-0.105578379044304,-0.0529988685932337,0.317483134013877,0.00231918611332628,0.18570717962752,0.054094141636178,0.292350487865561,0.0683944300977367,-0.261753866491947,0.0230499490209959,-0.313565810815549,-0.156082757068326,-0.496390210889051,-0.404399878355082,0.166394907024011,0.162985117136089,0.124687390050563,-0.0344084064301713,-0.207161175663616,0.145025879066427,0.333520180650873,0.249505059687123,0.24559271405407,0.251849886900176,0.2255461879103,-0.0180175377058591,-0.0883401695802444,-0.148226442697064,-0.00840526405796161,0.411883010983124,0.145670416665255,-0.231199059846732,0.638604961385846,0.328328901769389,0.284784217599763,0.622618411238508,0.492875500767416,0.828016470781193,0.85344544254889,0.114753428326375,0.218830008133008,0.346956816671205,0.258779307615099,-0.140759322971888,-0.0906885410159465,0.0164410538200434,-0.275927265236877,0.626491464623245,0.499028626266243,0.104515520278617,0.24623422548587,-0.157604909980776,0.13955951021508,-0.0783954464859919,0.158637773616027,0.135219751771484,0.21179890475945,-0.00036176083578485,-0.319404912156438,-0.244570959604484,-0.585051916354997,-0.199825630567771,0.0791467692831944,0.0576268360419493,0.0664832749113773,-0.0134610240364293,-0.308828943079358,-0.0327676484861491,-0.158381495499646,0.0254894050437037,0.0262170822077483,-0.19895548720161,-0.184108185413115,-0.00711826950418162,0.0411466070575509,0.0852049628455846,0.249229997509464,-0.0747856511248453,-0.0394739807329746,0.466804046302703,0.162709626097159
0.251464224260366,0.383980914365875,0.508448972497034,0.0985621206491067,0.451678223623543,0.661336530724636,0.673023612130157,0.778772075428017,0,0.469793255252927,0.300924783032041,0.460446569754326,0.227003752926716,-0.0933239894866746,-0.261905143476053,0.288564931337314,0.293027690492433,0.206490677471848,0.294239328011221,-0.158461896847062,-0.092339694282002,0.326535823594117,-0.0571573944015146,0.168151062962743,0.101414546680054,0.254786752422983,0.135701997171662,-0.188976780816756,0.0799111039589668,-0.305708296391739,-0.236781654936091,-0.588079986008538,-0.38986602506838,0.147484413250212,0.200779863138495,0.19990257015162,0.067437705429276,-0.206088947449933,0.250669469083366,0.363373403561376,0.26108514519361,0.277189211759402,0.284775112454826,0.248149577627987,-0.00223531320320321,-0.0269679092815609,-0.190376560951031,-0.0348772236895531,0.526317525426961,0.185109329671055,-0.319973074547086,0.549737696418312,0.258979281292477,0.237985597207744,0.728636780765263,0.654802266601218,0.678904603722076,0.868352656801067,0.213418115415083,0.284339548161438,0.372041718785848,0.255299894065938,-0.0925522546750456,-0.105593787695158,-0.0382241165450807,-0.30835210562569,0.599458113474166,0.491723423711535,0.0720764644649343,0.14274784294742,-0.222187766194992,0.172365503237731,-0.0897365781864271,0.21846275802442,0.0959915783046377,0.217243479354084,0.0637121836445026,-0.301929918252936,-0.299396676963654,-0.66612126455732,-0.250249398940764,0.06649135531792,0.208425655532649,0.141848278448938,0.0672463153945138,-0.309190572678821,0.0617573610654306,-0.13808438877562,0.0231585745478016,0.0787404105134691,-0.245370250891553,-0.225104003033222,0.0584520771906921,0.0705698710079314,0.131938814670973,0.251750153458666,-0.0342250207925536,-0.0405794596377622,0.568656034369154,0.254255524378518
0.500211490858371,0.379655414147864,0.503290360333039,-0.248730871459681,0.00638867153274439,0.584092684718014,0.384140863947195,0.356351728172939,0.469793255252927,0,0.47672418880687,0.464452803677582,0.0471151047565768,-0.336197871094241,-0.391437299227256,0.430371960415906,0.03122105453682,-0.271986310617112,-0.127859400036116,-0.419065893802855,-0.397286884462434,0.112999564716895,-0.360496408491146,0.0661875263960683,0.663278799729645,0.267921365809059,-0.037629586777476,-0.111340037418701,-0.0178634205305,-0.402658034679298,-0.169063886699878,-0.452899010305772,-0.494017368471367,-0.225339588482823,0.027546389385045,-0.144397438261701,0.114800223028782,0.136495581452345,0.336632989070515,0.249744394777394,-0.0971876304302881,0.543875928166489,0.374515282666059,0.139596504190539,-0.04236166672943,-0.223065504355973,-0.443265340052761,-0.344500899729967,0.414693055905727,-0.0113736975019972,-0.181727260156737,0.348851970072094,-0.0515015453559021,-0.112011184022299,0.609325250896121,0.530798615298256,0.396984710367091,0.352138445034868,0.6878989282321,0.429859734007552,0.591764176054126,0.0558699320797903,-0.124965978793785,-0.316514507938444,-0.381524829552112,-0.427955046112107,0.372847600653875,0.146126089111663,-0.220181565900865,-0.272680464173587,-0.438206486296878,0.117820517961339,-0.331338975001458,0.153202579340892,0.142606482591712,0.609753547242859,-0.0324805144744615,-0.218955176100063,-0.0895893441775773,-0.573882544002607,-0.162141181744263,-0.171549990875153,0.359571887671037,0.258874484385072,0.0665896842259346,-0.4513881035733,0.0802241073258897,-0.066772670238131,-0.252991357585358,0.073360102734872,-0.218680748806732,0.15313153747884,0.216130935646485,0.371331700600017,0.397686722912302,0.154628811213313,-0.16492996219324,-0.31668058668744,0.393831354145676,0.0774361007762074
0.0209335189526497,-0.0772523353170314,0.25879257361033,-0.384185570631764,-0.19626287438463,0.307697552335336,0.286239566499913,0.228997427438955,0.300924783032041,0.47672418880687,0,0.719725059453449,0.464114097978963,0.176592689668206,0.117863245145008,-0.0886424094326224,0.304561501608657,0.239414148062228,0.243932146553051,0.149211193637464,0.102130667742069,0.385140658103395,0.0966991651222821,0.48737581825219,0.128670590174684,0.666592495323302,0.3971612563716,0.325942968734146,0.41112777445038,-0.0785764504402346,-0.335864986860938,-0.296990592904001,-0.43266709573865,0.275351902023677,0.456389513675597,0.380210571770092,0.418381978207279,-0.310642901140026,0.0404718169845558,0.210589278109414,0.317589581930051,0.208825995674208,0.474783901555503,0.281983667301768,0.200856187341471,0.164331896764613,0.104031901562553,0.0852424094224894,0.302151847875115,0.365827119153546,-0.393810285190412,-0.0353774562816961,-0.224932499574791,-0.20161742750029,0.237195821342452,0.222269395271793,0.216124223669254,0.270867386689136,0.293561263032143,0.770782115643276,0.605423678306135,0.397314140231529,0.270167151599413,0.166219662408173,0.0828367582597453,0.0700961362833186,0.365586055178327,0.29105142611446,0.226379823581042,0.249913049881027,0.0920058806942481,0.443382803892451,0.077155738245773,0.276634274880503,0.448743194179098,0.506976174191757,0.408438027765017,0.230170436894532,-0.317125328893799,-0.316623301818624,0.25038565881403,0.316698342303718,0.196224901768682,0.472074908776805,0.311223928136729,0.0421796140343899,0.371496798578336,0.345327093288055,0.35633292417501,0.410676875613649,-0.230665222868897,-0.250342689303854,0.0858314413847076,0.139789239418365,0.483564190614181,0.320838230820795,0.168001121309725,0.0580051376868755,0.322204104337855,0.362701040211834
0.0268674395112228,-0.0403648236351416,0.167514365622886,-0.123669873983152,0.00089761391660595,0.336565192624948,0.499985314884591,0.424383569008545,0.460446569754326,0.464452803677582,0.719725059453449,0,0.467784767967651,0.202914859608896,0.114037724651487,-0.040409042277647,0.451895094188883,0.291298155385816,0.332216874199199,0.076151403354918,0.0855740611269332,0.460498613994054,0.171151030480891,0.619622214965098,0.00677738677742309,0.773201876457252,0.318061091514541,0.184460887854316,0.242151945501061,-0.0730803231932739,-0.286256480248424,-0.353742026956413,-0.34984358922638,0.252012523571752,0.399476353094758,0.358537667010862,0.196836421760335,-0.373241856456358,0.0835562823657641,0.403012878106273,0.343654639372726,0.215970306414873,0.454243057456277,0.3013684603225,0.197870418917471,0.121438916810942,0.0807877274176828,0.105947051811058,0.311040588186836,0.309364029533088,-0.307475092162728,0.157119813504078,-0.0286796965617012,0.0970460460630527,0.294450309979774,0.253224818467303,0.386303637906963,0.41930249209142,0.196156363839172,0.717611251721727,0.703941276618925,0.423789049546818,0.252981074994019,0.181618637235809,0.168823668508496,0.0689427167905972,0.532618077539763,0.435676150370099,0.191777590701878,0.272622798167712,0.0440446991898113,0.348668897748618,0.132916011763849,0.402668271707029,0.530258262970319,0.541770128205448,0.269682439342623,0.119517130108517,-0.342672900102159,-0.373299951595897,0.090042992816031,0.150026613466026,0.0534692505798615,0.309832479012698,0.229056042821971,-0.00277090037122326,0.108654163055925,0.167419379786646,0.279365567858166,0.315086632108406,-0.16965138873253,-0.453761565336813,-0.0169289509578163,0.0663112347184696,0.276816343299898,0.367951812108345,0.103229926092477,0.0979111415583353,0.372101301635673,0.292748542133519
-0.23277371836201,-0.27900323713459,0.091592182012045,-0.193661691583715,-0.151163586444167,0.108528538878628,0.210707591450242,0.215457629102527,0.227003752926716,0.0471151047565768,0.464114097978963,0.467784767967651,0,0.557081172972487,0.405379294290817,-0.194839646002758,0.646117313565834,0.634817726295435,0.675385894605146,0.367073337375226,0.448924955696341,0.704650044499877,0.49936360615399,0.512626252464411,-0.259353388553577,0.533916685607449,0.661684085085465,0.38688189215522,0.561049385791419,0.300678189266381,-0.282321646166267,-0.179390265323226,-0.199775754708412,0.705785451180613,0.647756172173008,0.481302197509895,0.357153206548245,-0.462107165107376,-0.0708950190769014,0.17720527634846,0.451244611959815,0.0461947732288419,0.410845140872769,0.305217438467226,0.225389509319315,0.473672833485633,0.433000213847673,0.48096352617275,0.140356963462941,0.410361452864402,-0.316830333452361,-0.0212019109547749,-0.122284143012025,-0.0799375192188063,0.00305490441451634,0.095610527176216,0.23707970029601,0.303283947001049,-0.13520403251212,0.39389154428845,0.243677515861366,0.835813922078274,0.604109562985382,0.436810554248766,0.342951452661182,0.346432310031882,0.309912581676542,0.574096545134783,0.572604818297669,0.594379728042827,0.3537555447355,0.623487479205681,0.45000237747762,0.162940125473411,0.283991190370995,0.159222604326611,0.596946508419401,0.37479749007301,-0.276171141885501,-0.173524767601568,0.345908609763664,0.518561816954311,-0.0486266185869465,0.455752510013347,0.546039036753095,0.33576220843412,0.366636648669703,0.413221922733991,0.444044195115711,0.287691000334261,-0.201407977220336,-0.361160163192339,-0.0556434062008067,-0.0739646440284011,0.293012184827522,0.280351904226114,0.419934541691243,0.392544198892594,0.178325990323147,0.335949491863425
-0.438240476516967,-0.514972529137511,-0.291048993764129,0.00352709139174425,-0.174288456356855,-0.151150256688058,0.0192250494420728,-0.0519561142088783,-0.0933239894866746,-0.336197871094241,0.176592689668206,0.202914859608896,0.557081172972487,0,0.842638626804391,-0.507154309623099,0.428435408958997,0.729644884728309,0.627292958146513,0.724825741083986,0.851556747131186,0.424755700529732,0.872242418718763,0.43626128535448,-0.448593884087081,0.257920500359453,0.586764971691214,0.288331858576306,0.571103818202716,0.603735647674303,-0.107825900512022,0.207879385947657,0.191956580098862,0.582548898420284,0.335833352569292,0.463353148008175,0.288364586596909,-0.383323487725675,-0.150160102352955,0.120646528928895,0.339808890159532,-0.267356409088383,-0.0255834692647162,0.121960556758692,0.0682952902542947,0.59763730493802,0.759869623966144,0.72537061010961,-0.0853836198421615,0.296608686320304,-0.070401841564685,-0.21552952397489,-0.0610555738606746,0.0938586921478724,-0.3051149721695,-0.165778367917815,-0.0883889886130538,-0.0251259733769023,-0.351471893479317,0.166087142835737,-0.0316833380351082,0.457700925783985,0.749063773982204,0.840180598989055,0.791681703546886,0.823359107066713,0.0509981581385954,0.320050100764494,0.630533470726021,0.71208190527837,0.808727358126481,0.322647111681876,0.790368138078732,0.204680083945298,0.180470410382384,-0.179342940473248,0.575310294038161,0.557293761762437,-0.169803892275031,0.239217678714688,0.314612521175267,0.394681482537054,-0.319141247222154,0.115988009543603,0.400681184305501,0.699310526817752,0.301670238113026,0.232078568805097,0.531583230938212,0.154126109967193,0.0429281271546563,-0.394862991601592,-0.0207644271799519,-0.254406371296186,-0.138230443625538,0.0329960255827565,0.431109685291181,0.662561593707714,-0.0101986908353212,0.192384100403965
-0.475848535185831,-0.602875780771931,-0.414367553701132,-0.00678287187958635,-0.236208074473879,-0.265327572583844,-0.111043113267694,-0.233277193986385,-0.261905143476053,-0.391437299227256,0.117863245145008,0.114037724651487,0.405379294290817,0.842638626804391,0,-0.603882330545056,0.28981479565786,0.548618573672783,0.445687971125889,0.6666627507808,0.802543431248041,0.235835378374665,0.818601091915152,0.402931931561506,-0.476028317830263,0.192872794687287,0.452345691073116,0.391773450599517,0.474897159674981,0.750539726640265,-0.0247594630300966,0.300834454284061,0.273301977175531,0.446009229497204,0.164424996480471,0.413800763763888,0.255710425965358,-0.350589910911815,-0.181454048852281,0.0713990756189989,0.272184137410142,-0.296381626740773,-0.118156729047739,0.0693431498942085,0.0682900921278971,0.612219618358779,0.650014630345263,0.677900277242312,-0.17713351104935,0.208882053932351,0.0464877934777472,-0.329829821451014,-0.0901955479756799,0.0673470389183832,-0.451548989920195,-0.299967559363875,-0.244711489617671,-0.218759083308495,-0.361227442954611,0.114816396908536,-0.0946564732698729,0.292589396529046,0.655529170604635,0.779117831781516,0.752084821161659,0.908980806546653,-0.0710697473420734,0.164412442252843,0.488300306059433,0.553656346762048,0.80346604857677,0.169103736920096,0.792496009172703,0.221750975665703,0.15635900363766,-0.23137199690078,0.467179926415545,0.652458327050209,-0.0825978372388523,0.377641853565274,0.257636043132516,0.249610411576235,-0.357803331859107,-0.0211416681433617,0.324827266411817,0.666394820026736,0.218881799719575,0.234256602809824,0.467019739231057,0.126324325772208,0.130169950280623,-0.348879250688211,-0.0141670541090579,-0.236672829672146,-0.221326065489971,0.0260291532475391,0.397468441870856,0.662285460354616,-0.120223605073157,0.125984426696659
0.503425825261726,0.617886170360758,0.450648785066723,0.145198345666252,0.292098044588089,0.35274899607145,0.282309932895418,0.334803000518402,0.288564931337314,0.430371960415906,-0.0886424094326224,-0.040409042277647,-0.194839646002758,-0.507154309623099,-0.603882330545056,0,0.014834036285542,-0.314994243300405,-0.138470867183089,-0.52886315946751,-0.506577781386127,-0.120024078373668,-0.474581292884912,-0.140782860509099,0.403341727039934,-0.151545335248889,-0.237423113978451,-0.297307124857626,-0.184040704631544,-0.525361583459255,-0.0518906885457805,-0.313741837931799,-0.168288098378676,-0.207312191296307,-0.117872086076101,-0.358978251577918,-0.185188548506638,0.2137056335356,0.31943317216101,0.148246371497978,-0.174898413136317,0.289790930622222,0.0284751352984273,-0.0845793809912082,-0.114543152189026,-0.432546309684093,-0.451929635940991,-0.426179145149868,0.209557400145962,-0.263447373229902,-0.0162581037368024,0.503965669945496,0.181324539459828,0.0556058496460751,0.511051755457698,0.342474893604097,0.344241766967985,0.267731722116549,0.281884130490196,-0.0369731295015488,0.15875345795676,-0.11734643224475,-0.339723073129879,-0.483917894945249,-0.485530034942512,-0.60481382007115,0.252205443939233,0.122832092442061,-0.219215359266833,-0.333561542354004,-0.54838228937016,-0.0594820057690612,-0.458210296522617,-0.0500695414408832,0.0403242116030784,0.222928075112755,-0.184183995679829,-0.389001795608259,-0.0574936659638066,-0.419322422873834,-0.102166802201091,-0.202265042181884,0.181268478706824,0.0494148993965007,-0.1490518798866,-0.494059697733714,-0.107423615221361,-0.168463623574265,-0.449574949569985,-0.0993815966302363,-0.178112595041265,0.215540134429062,0.0737503384452365,0.241548007738465,0.0294930356545432,-0.124419573806345,-0.297238241412825,-0.38097272989432,0.168282547334455,-0.19440435578386
-0.256719001279634,-0.146916086438255,0.126885462372809,-0.0384605222766783,0.0348158125800438,0.161298700883247,0.375204513183529,0.344899069503543,0.293027690492433,0.03122105453682,0.304561501608657,0.451895094188883,0.646117313565834,0.428435408958997,0.28981479565786,0.014834036285542,0,0.631228230639861,0.796684244749931,0.268474931305938,0.37997208572239,0.671426477646413,0.45322620285557,0.518621016739024,-0.299901752327854,0.459852546817771,0.552253345994749,0.214341630845049,0.397769864025702,0.15113920335438,-0.32691497178492,-0.231466230561366,-0.178370552255337,0.714308448004879,0.533394718589614,0.345796730927908,0.0878622841396969,-0.391915014834196,-0.017387511450711,0.199234649311114,0.413963621580689,-0.0153055185012473,0.302811877171009,0.178278866891982,0.114325735649719,0.414804907707662,0.322798190176556,0.416889793768427,0.107615987191409,0.242147717122547,-0.368800869984638,0.0693400644048166,-0.012298892746599,0.0156921179646594,0.122315898545965,0.142412277599391,0.358657645281182,0.39789620537024,-0.23957658044337,0.323878085994036,0.216156426814009,0.576364639591288,0.39178156651985,0.39198853484441,0.326030524662338,0.230913065873442,0.381917951421008,0.7700907208369,0.66231945008846,0.639395011686803,0.300715049416888,0.532369749279195,0.453998880139478,0.0658560239452912,0.306868006967682,0.152846796493029,0.463647615874958,0.215599672513238,-0.364367077619632,-0.250158627859461,0.387505422217237,0.487741220587882,-0.0852420783349077,0.369967264327633,0.484488372888313,0.263939962803675,0.132841903680691,0.210759661615683,0.287191553161192,0.188742853674458,-0.179546170959933,-0.382753102316726,-0.229121497404933,-0.183993169757663,0.120141738233909,0.110073995802299,0.333425823769155,0.387269874867336,0.171783313824632,0.1576433843923
-0.399481548470844,-0.325877588545405,-0.0382858314369215,0.0190249068538645,0.0529088806577789,0.0126254391078417,0.223473032410657,0.301393578545017,0.206490677471848,-0.271986310617112,0.239414148062228,0.291298155385816,0.634817726295435,0.729644884728309,0.548618573672783,-0.314994243300405,0.631228230639861,0,0.788774409153016,0.675718551659642,0.700533703017001,0.581490737586466,0.709736021878909,0.43739881310511,-0.474113094977158,0.353794384241379,0.600675679017173,0.201856564916098,0.529002767495018,0.307250865053917,-0.209937370499492,-0.0970763190604485,-0.0474676221463038,0.802158106936555,0.536955982790537,0.596261298341643,0.232563306552809,-0.524766952245722,-0.1637333906601,0.135360970841945,0.489436504279819,-0.207502716373008,0.160682638476547,0.160824866500041,0.0356759421596023,0.465309478062274,0.607416722281775,0.62145432819028,0.0493515744455062,0.382176858892345,-0.289677864462349,-0.0536535029447872,0.019921895395689,0.0859896922147633,-0.060371511452382,-0.0139617916871954,0.235514221538339,0.327955900596282,-0.369310086497623,0.201900812109985,0.0353291759304354,0.562259717137559,0.556889144001868,0.662025785640062,0.636241987442906,0.525467481200427,0.245080504778325,0.563201082829682,0.768043770996753,0.894163860274691,0.647834045621891,0.476528510889083,0.6344107520308,0.102704342182291,0.226244291060311,-0.0818585228681634,0.589714854683795,0.353298901621108,-0.271626467580841,-0.0489654142869358,0.369583190175244,0.625109887353203,-0.156646532800846,0.270822391598838,0.43351070366783,0.501531129662389,0.267982180150576,0.222259264053324,0.614787660901805,0.193755790577468,-0.0992741081394157,-0.466271223497693,-0.121557935898426,-0.296276754215451,0.0185279294152127,0.0639041779021893,0.375145262403872,0.537978504557523,0.103888644837463,0.26726540212108
-0.339573443398014,-0.199001652685166,0.0861278827017651,-0.0193032330843169,0.0785048922261273,0.111510320095054,0.309047799301845,0.348414848258988,0.294239328011221,-0.127859400036116,0.243932146553051,0.332216874199199,0.675385894605146,0.627292958146513,0.445687971125889,-0.138470867183089,0.796684244749931,0.788774409153016,0,0.437655814429685,0.55471383859661,0.65142205998232,0.608135920495978,0.457808979870593,-0.402121319556846,0.358619189672645,0.617639521127958,0.225814144631826,0.509187854560253,0.284480743277456,-0.310023051846077,-0.190310929098901,-0.121787249510555,0.797499207989998,0.521397289630171,0.42265530297407,0.177208914541603,-0.446162780254556,-0.0889938728359912,0.107725450535244,0.457592942649465,-0.099902921247369,0.228097119243728,0.204904539765891,0.0951478714817015,0.521065199211463,0.469801943563759,0.571378596209634,0.0961758647787378,0.316071354249615,-0.338212481220289,0.065390953129406,0.0204574448019172,0.035233270215267,0.0689508432480611,0.0904323345737055,0.301380521945404,0.400768323127404,-0.363792806957006,0.209019755577871,0.0373792775313656,0.587547590476075,0.495030247831015,0.559159686792919,0.491369443215873,0.396384578244038,0.278327491031752,0.746939362742839,0.724736112826374,0.754583929626894,0.463992874595696,0.496559828368164,0.583650790108429,0.0127453012364023,0.202864087768821,-0.0470621166630902,0.581065507428814,0.29607935567141,-0.381705185016553,-0.187015221621316,0.345866285862586,0.562088747787758,-0.121897338269825,0.294373650837049,0.479088797901608,0.396899350080871,0.226511120392091,0.222121029142051,0.403153206510783,0.126483515119941,-0.17895242649338,-0.417997727281756,-0.176968407178585,-0.216921963618147,0.0420244341865535,0.107363820154202,0.431633742288596,0.536363188177619,0.157619142628532,0.22029192239534
-0.391390195085579,-0.524290486675746,-0.254863830233125,-0.0187259070607562,-0.0733051570698218,-0.16655867538217,-0.0567693573580705,-0.105578379044304,-0.158461896847062,-0.419065893802855,0.149211193637464,0.076151403354918,0.367073337375226,0.724825741083986,0.6666627507808,-0.52886315946751,0.268474931305938,0.675718551659642,0.437655814429685,0,0.74852331713997,0.246136336142968,0.660519947712393,0.330508973449944,-0.4897620992558,0.128782469715847,0.560658379180169,0.345974788407283,0.593788392191261,0.446803957704269,-0.0559559025447536,0.24383979997737,0.149368293318913,0.487140574423413,0.302260769052708,0.579943633653015,0.345120331117931,-0.377960996896148,-0.214365167045299,0.0769143320383604,0.454590014829699,-0.34913486689182,-0.090138839684335,0.156812503634711,0.0897608818373564,0.520339613893338,0.724321667283352,0.661989212249596,0.0185847423870649,0.50177727913176,-0.0416417187729839,-0.347292893971079,-0.0870852315747913,0.0333765391633945,-0.342628719054102,-0.185561418454139,-0.196394246739764,-0.092789453235147,-0.352029956702006,0.136750248565373,-0.118398160784665,0.287269593709911,0.555506304402589,0.706843187982248,0.705045853299182,0.650290056841139,-0.00124144431073679,0.165125852146935,0.512064984416823,0.689875341619763,0.818580566887774,0.216211222259926,0.577376579331384,0.17785001927793,0.142919867953803,-0.273915828906514,0.505223298682283,0.472336495325275,-0.133435941641001,0.294885618380203,0.334659974786738,0.496668449045729,-0.211857824409565,0.0619731006258676,0.372354946420228,0.681904412882199,0.29824725197822,0.281297900855271,0.76761693013456,0.334105353454258,0.0603582249511289,-0.323461713003169,0.0401905792637777,-0.324180130412235,-0.104072250923897,0.0592312799762858,0.394958288849941,0.605215168592538,0.0675170346938724,0.373352491028167
-0.491986079697875,-0.516516467055492,-0.309097021148784,0.0657380112239776,-0.0778924952641598,-0.183092985004502,0.0118844343311123,-0.0529988685932337,-0.092339694282002,-0.397286884462434,0.102130667742069,0.0855740611269332,0.448924955696341,0.851556747131186,0.802543431248041,-0.506577781386127,0.37997208572239,0.700533703017001,0.55471383859661,0.74852331713997,0,0.323516526418741,0.821575771313681,0.366906850251731,-0.472924733365265,0.162846876153506,0.527934430823121,0.239580972653098,0.542866899899492,0.544790529836219,-0.0359097759231114,0.230310460548757,0.190939247531409,0.558964669303705,0.286686983498813,0.421572944025942,0.217323185332353,-0.418862602216008,-0.145333514510746,0.095953950883589,0.304199483857771,-0.321988787705337,-0.0794288555830287,0.0981544754279345,0.0543235675031567,0.552994704829532,0.707695148984948,0.689811239138286,-0.117851253059581,0.252220444221724,-0.0387310293260394,-0.261240628324262,0.0153081924683885,0.145081065540908,-0.312859843724649,-0.185963215827547,-0.0907751502830234,0.00423895044749245,-0.351769176945266,0.0890852535317628,-0.115206085799726,0.334061185735249,0.621265513418419,0.83422848876883,0.800948442368249,0.804321152191387,0.0300146846441266,0.301715003619218,0.657403984218869,0.728227473385683,0.884639516982273,0.263170816164507,0.769961016343656,0.184675519104748,0.12381648152368,-0.256591546653689,0.52950002289646,0.519335839454933,-0.0859173920391395,0.274175742435012,0.285645378263036,0.403004839577444,-0.260650401787398,0.065115370232617,0.375689730750107,0.633792397160351,0.243827907232617,0.16922795698221,0.506465150675681,0.116865394273237,0.0750694024734403,-0.375322556744764,0.00832952750772904,-0.320060716582503,-0.189826124045375,-0.0135974739046499,0.380150553840623,0.644649433850029,-0.0431581731658218,0.171856751636426
