0,-0.206399083825946,0.250023703704053,-0.298674960624513,-0.36669277157001,0.13554217658548,-0.266103849748259,-0.271309415622944,-0.306094595543293,0.142103376431058,0.08289459831007,-0.0437312648672096,-0.033711288738539,-0.459897609702207,-0.362713931055573,0.317020574692685,-0.266325543351316,0.00326464249391678,-0.243640753638816,-0.143150715275132,-0.42242474056205,-0.187141280264317,-0.423789854522864,0.022586902972384,0.436915642626399,0.0852926947783259,-0.418834923912187,-0.301481229496294,0.0352752138705911,-0.461748021022304,0.233878431849402,0.272664262374847,0.164020009524916,0.184600612373324,-0.349285359599623,0.0529546740320892,0.160289659579918,0.329433584639294,0.0226375425349556,0.0385025597982207,0.0383256440233733,0.280679331476731,0.0484159918206803,0.180494918817434,-0.0561556232146613,-0.438829096187617,-0.378722992165704,-0.343029658849782,0.287444656965339,0.237868582908209,0.354541117944786,-0.033593035468706,-0.396689931042972,-0.38627667118964,-0.0741895293838175,0.197090084525837,-0.241605676175577,-0.370248647771745,0.134221923189873,-0.101571725019434,-0.0831967645333203,0.0859771720536611,0.168091811307577,-0.0146713650855836,-0.308653987264417,-0.365291001798499,0.0547475275657486,-0.227698169154873,-0.158357009665221,-0.122064122092656,-0.324950757348402,-0.0127070969075251,-0.453414358601093,0.18898143311138,-0.124133427480897,0.234572066130923,-0.0235793425247478,-0.475701411305599,-0.00013560061190242,0.173846919425595,0.0305312480484316,0.125234018957074,0.140085536771412,-0.0129547804274111,-0.365136748089913,-0.191810565671178,0.123613607352396,-0.19300954865945,-0.114475996118858,0.106643862796955,0.0381178540506251,0.322215975643219,0.132414646350779,0.298239937024836,0.20804928462074,0.169143284225629,-0.405340751931672,-0.311802436135422,0.374972405690399,0.374797779056153
-0.206399083825946,0,0.364152882024463,0.646903828160644,0.599821086148712,0.310997636305486,0.404505513997609,0.699875089776313,0.441518223109881,-0.321332612643947,-0.260766064503311,-0.217597144436382,0.0471068032512856,0.111635030254905,0.0233214502314493,0.176847203800869,0.0986071937296297,0.173611444233203,0.118357022179531,0.204754527180283,0.224029491555785,-0.00966522838649904,0.102744752855284,-0.268601077177218,-0.292607513055739,-0.147770553389084,0.0169143591927399,-0.250084712503181,-0.152583276035392,-0.0367369022281379,-0.111884296182191,-0.126075781118978,-0.213076986762371,-0.24374408259322,-0.0618369795718305,0.0529247302258379,-0.128267793337279,-0.218724880965896,-0.146941104581455,-0.169994434951222,-0.0801257030325039,-0.242140380782587,-0.24558857163314,-0.293481690111077,-0.162177448769019,0.0245708571020575,0.0351641498000832,0.0336708281768394,0.168804040747461,-0.0971712152218602,0.241318924080471,0.758285993353009,0.604985308715661,0.583870261018023,0.522343301162113,0.316959579913984,0.721473136591256,0.512716234983702,-0.205319040089751,-0.153512726203134,-0.119963261258552,0.0559756623622212,-0.181880652407275,0.00994720827302542,0.0753094210120884,0.0329445955099685,0.235090582936011,0.195743667183731,0.252407069992966,0.423241363659914,0.191442023104752,0.0924820998641385,0.1137380973563,-0.190919438181633,-0.0833889017893667,-0.2247771462317,-0.0900439002670423,0.0101944292442232,0.0941458643302052,0.0740430271475739,-0.213624035394647,-0.041559818766603,-0.180389759915324,-0.140838600930041,-0.0038710197622091,0.0155655909759591,-0.0337119529490626,-0.25127580571705,0.375790075058888,-0.199012384966059,0.113265464243899,-0.0838458655557696,-0.0891280601708693,-0.286334724598006,-0.248358229222824,-0.178875228622301,0.0444077983238997,0.0445785755802622,0.150043892439802,-0.126630039014218
0.250023703704053,0.364152882024463,0,-0.0913873112356979,0.0514350143061655,0.638356363979099,0.221880271615728,0.364315952329102,0.485270999571124,-0.0787793213856164,0.0157895039602287,-0.132283379970154,-0.00522600725510147,-0.163388128508851,-0.245305054469688,0.203240220888374,0.00197976661043975,0.0786973971719648,0.00567841472612983,0.17940848876789,0.110782826214784,-0.179717181216739,-0.282768182595859,-0.169045050477262,0.0475568160024084,-0.144791473628352,-0.323759839003012,-0.462628027550037,0.0727032481837013,-0.34641420438096,0.21786071126761,0.0880370184825193,-0.1329393331022,-0.0776672263408017,-0.274276447141167,0.151206105308997,-0.0886141583558315,0.179753687305759,0.181425408460419,0.0650957277933524,0.00347091075303553,0.0703373789816285,-0.12923504348253,-0.103815420115862,-0.111219076575288,-0.318192342406441,-0.329820448222115,-0.336808483442248,0.469409411048185,0.218167186748372,0.277191655506062,0.524679118748712,-0.0509814871485224,-0.172400294983827,0.565174732878542,0.657304153945504,0.293420077600976,0.389965199931073,-0.027656534405143,0.0075946010093482,-0.130061141263037,0.176068342537824,0.0621774962701186,0.168618937079781,0.0123010305881325,-0.170791498343009,0.108816292401783,0.354987963528449,0.240734513086712,0.31136090839177,0.0546451632933728,0.110462605787037,-0.11617441523518,0.0588256310909585,0.0142321257877599,0.0545268767957572,-0.0739408719175013,-0.33896164331135,0.143050175119195,0.230974707351409,-0.235817100909802,0.0261591378502725,0.0108300403492029,-0.228051844905148,-0.233453410220984,-0.14346081145112,-0.00666354369140158,-0.377395264804442,0.336069190974562,0.0741996995557625,-0.0436775578801985,0.308362615264582,0.104093035623646,0.147059547163514,0.0854030440073188,0.0730606203496159,-0.280552617655305,-0.277906751740246,0.493406984611925,0.23976261434927
-0.298674960624513,0.646903828160644,-0.0913873112356979,0,0.679923679846024,0.114475276174124,0.294447829134098,0.568992172653631,0.206575488573131,-0.21446909350925,-0.105651225485594,-0.00242659501456207,0.123662147594949,0.219119482422255,0.170868302566882,0.133438121854974,0.195050395249278,0.199777239249673,0.175373781880156,0.0965957772984863,0.161727747652451,0.212776555678879,0.27952280284301,-0.101169136155836,-0.180694458331855,0.0311094230881834,0.180748595097374,0.0411035611602783,-0.0977492764726285,0.149353736044351,-0.277543988869272,-0.11013740544308,-0.118891075887868,-0.131989439991154,0.185810739988156,0.013477563892794,0.0485496003014545,-0.17723584173291,-0.129117957645822,-0.0961944326544522,-0.0654788940092928,-0.236218395394729,-0.0736572200619996,-0.200884632620461,-0.0673610269088652,0.223115533027887,0.185848715294066,0.213862579870932,0.0496483287462226,-0.0948194198756443,0.0922135622045038,0.416480363253489,0.696860842099142,0.837074482883691,0.280225389195495,-0.00340748761413579,0.596789852598164,0.3149230960585,-0.118071208310834,-0.185310809338875,-0.0469476449490782,0.0356728411555547,-0.158580906462042,-0.106656618205733,0.0491820420759201,0.121234838756931,0.185066202576678,0.0506127662393132,0.166910796025619,0.32894131371757,0.168431143021746,0.111776066705894,0.165562644445906,-0.163251566493175,-0.108092910532695,-0.165262560557479,0.0240358529862735,0.200454605652372,-0.076148551337942,-0.0656229438105848,-0.147954570756415,-0.0169510888836559,-0.0574028462495478,0.0717819416531989,0.17668224086694,0.0857391460247922,0.131724544173185,-0.0400122558201562,0.252398873043404,-0.239559386005219,0.138615607966643,-0.141405347109688,-0.069574027599931,-0.323431824978617,-0.207595811860039,-0.191461361913549,0.236226767903879,0.225655928530557,0.0179386255575929,-0.150400432939474
-0.36669277157001,0.599821086148712,0.0514350143061655,0.679923679846024,0,0.270004685917484,0.320661705357387,0.504541303407266,0.400872422748421,-0.186082423668866,-0.114729667194106,-0.0496088674714397,0.226052840459813,0.309766024265255,0.222766728544885,0.0228523406565558,0.262575446016425,0.117060156797998,0.22484380686074,0.0998473232823485,0.291582174124827,0.158045072534323,0.336986946459307,-0.139055581164578,-0.215821403195292,-0.0121587852853603,0.235218147970486,0.0693453539830372,-0.0222718106856174,0.25412548742797,-0.250901752340303,-0.0360827243838251,-0.0325848430511388,-0.149556763643284,0.185884651554049,0.0108811670352867,0.015185520456837,-0.217778104707237,-0.103913824403152,-0.139628168255365,-0.111928653073035,-0.316875890289769,-0.136304386986561,-0.289821320660752,-0.0630248448183564,0.235307190878079,0.216298371961094,0.250628863196055,-0.0129513015504326,-0.147410149300103,-0.0175828340138875,0.36589304894218,0.639447066430725,0.693711175984678,0.449953994823423,0.0483958011922496,0.481707479887576,0.44074201695013,-0.082525924419662,-0.14132939119001,-0.0472870045742138,0.121826452872193,-0.0701821742180707,-0.11063098865953,0.0827837744405563,0.173931131721449,0.069392435371939,0.209627701476809,0.186949225439026,0.255576886186633,0.210091636543588,0.0440968897857039,0.235271185760456,-0.215144724537096,-0.0151497984827825,-0.219899511396959,0.0398906097035969,0.269646307480974,-0.0522851286004082,-0.0286305576876235,-0.190816327946639,-0.13794641205336,-0.145331148730247,-0.033052017327421,0.199436094267445,0.0562696227934692,0.0642267973635576,-0.0434646181687294,0.162263684326678,-0.286593748710174,0.0596198373017806,-0.142593802138918,-0.07852695235186,-0.438574020985825,-0.290478947720781,-0.310384860866553,0.233500685967212,0.220193086527573,-0.0528414471481301,-0.262604057013807
0.13554217658548,0.310997636305486,0.638356363979099,0.114475276174124,0.270004685917484,0,0.344595390403676,0.411237506827567,0.614487345021901,0.0987856051610473,0.142275096340902,-0.00693214321278236,0.180871965376356,-0.0365769453789255,-0.0961775813073831,0.0954645139569688,0.178157115173616,0.14997857171269,0.142058314807505,0.279688142514373,0.236288779483821,-0.0583422863915125,-0.204293220380633,0.0418907394373619,0.105051261113088,0.022295434135536,-0.288971896863544,-0.400975668569639,0.223542588671082,-0.237585895899382,0.0788019003818168,-0.0759532453737862,-0.27009880271881,-0.0295648520463358,-0.106882731566928,0.212069610833879,0.0430207400788666,0.141518776834804,0.155118696109378,0.16560523144119,-0.00700190604153303,0.0463082240164329,-0.0720193706895443,-0.173468948323633,-0.0586978135994809,-0.299712467216663,-0.311516085144516,-0.303957141359877,0.55101600210686,0.221426172537919,0.035509974488002,0.29723021988172,0.0643760336733689,0.0539199596340527,0.619599983850456,0.648437313656044,0.273474502321298,0.472906394947789,0.164401746890332,-0.0578258683477872,0.0385436586038835,0.283380179923456,0.156580715972702,0.0925147124004319,0.0773003329777198,-0.0730480266387196,0.206241928382382,0.334074452568788,0.265382231766202,0.288921917428909,0.15279734751369,0.12003180256625,-0.128491281132919,0.166665811591155,0.0614227936023186,0.040486574742973,0.090116821121804,-0.207743729378886,0.143015942669462,0.13085940898092,-0.188970839643472,-0.0532721975839942,0.0492617153067804,-0.0627177884014599,-0.140323625444437,-0.166620524964368,0.160247790538973,-0.311720839188737,0.393895043990148,0.0616647154932202,-0.0822415424211146,0.341188619504713,0.271334881796833,-0.0275202068955482,0.151555089486047,-0.00756542098069701,-0.251565007515244,-0.250810699920908,0.499911481455566,0.249166980066589
-0.266103849748259,0.404505513997609,0.221880271615728,0.294447829134098,0.320661705357387,0.344595390403676,0,0.608466980315937,0.562443590262239,0.0330640317373277,-0.0413016209067451,0.0287555010495344,0.0435772276088945,0.0767172677414777,-0.0062130613655935,0.157424948856585,0.243148996513069,0.149682239554434,0.24770303195324,0.287335202819004,0.356746134862391,-0.0675396619503425,-0.0287257127490999,0.137243279757917,-0.10962734666936,0.0248448782058892,-0.156551359669276,-0.255904565868862,0.0766270679925005,-0.0892083540180706,-0.0622233519654514,-0.208018527730993,-0.295184140836394,-0.123470010362218,-0.0228750785564028,0.0273458250038439,-0.188314358546281,0.00166328072638454,-0.00085785340580803,0.208309741127089,0.0233100850663415,-0.102596650464849,-0.0611339239565921,-0.220444208151669,-0.176282336345492,-0.119990864646204,-0.14659709089706,-0.164960657322544,0.126160334469098,0.0219202765759748,-0.109785669569184,0.267883962412667,0.492767916555116,0.257983790403429,0.329802535860056,0.310035794540782,0.563408533299581,0.542075625283843,0.0285698827327795,0.0857787296492906,0.100666411713173,0.070879604668718,-0.0459792628706453,-0.0420474409765683,0.132149496754589,-0.00223483285106642,0.48889127139915,0.281742821879469,0.272582205243188,0.238885390439444,0.239809992050591,0.140247112387786,-0.00726226126066684,0.103374161731525,0.26231251749295,0.00476855257936547,0.0178702403762517,-0.0407076084773057,0.0320798521338265,-0.118452143690681,-0.0642340808010104,-0.225620399345587,-0.240121116593116,-0.059203554521384,-0.119886869001246,-0.186996264675917,-0.0831745205709256,-0.361833177918737,0.342678978293968,-0.0457776628389205,-0.200641185591416,0.0951977881699758,0.0501732921545631,-0.12781206286196,-0.0733905430674619,-0.108261946183741,-0.129817560369757,-0.152063042975197,0.107084820300897,-0.0614355627728547
-0.271309415622944,0.699875089776313,0.364315952329102,0.568992172653631,0.504541303407266,0.411237506827567,0.608466980315937,0,0.633376869468881,-0.171594871283735,-0.110097317985429,-0.0904477204360223,0.0606069562557678,0.122650759255352,-0.0109736574783594,0.160772968467617,0.222997884055316,0.36310638562918,0.283866168154497,0.361523946584418,0.373874857135916,0.15322973648169,0.0580407844148658,-0.069861081397206,-0.232167604454643,-0.100991266825223,-0.0739609691815946,-0.25986192945946,0.0138645557416623,-0.117962923372111,-0.177758656576108,-0.253869007897522,-0.322465293894382,-0.120598179738841,0.034959391569817,0.122541168285423,-0.121953837081881,-0.202274062802876,-0.0945224059855336,-0.0451332659992341,-0.0814932004348011,-0.232844593612228,-0.127828850976179,-0.336650976073772,-0.227358270619316,-0.0745778722958117,-0.0401024656225222,-0.0668787166788248,0.212370746357253,-0.085747996322853,0.0768787472939355,0.571998480058322,0.578942205002287,0.474556445452148,0.593691563154141,0.375838489172804,0.818316079390946,0.701014232675981,-0.107624582576524,-0.0279163392214911,-0.0507361828317748,0.105600650593492,-0.131243876578719,0.0820192603608563,0.150638442619294,0.0206610553272074,0.351976096811849,0.346175606447688,0.415983903411246,0.588178825393641,0.284623039851991,0.270014250575564,0.133546030866534,-0.0934357717292632,0.0396012802617253,-0.164055623591976,-0.00859884715874537,-0.0443811965780415,-0.0276084315541702,-0.141716200338363,-0.160391054013821,-0.0534474073271828,-0.116578007042985,-0.00324159487493325,-0.0101937208224954,-0.0227275109634236,0.00603741499117346,-0.291307718212859,0.57090091930308,-0.156869855744287,-0.0374848627526041,-0.0221518912162398,-0.079700507705118,-0.238056732717331,-0.131346472899018,-0.186015974850585,-0.0412182752029933,-0.0247983608516806,0.219859489229451,-0.0787507808317877
-0.306094595543293,0.441518223109881,0.485270999571124,0.206575488573131,0.400872422748421,0.614487345021901,0.562443590262239,0.633376869468881,0,0.0394362705759548,0.0223865905034998,-0.0138876102382851,0.0626750070391509,0.181305293961649,0.0724615421111677,-0.126349630337972,0.253318596267244,0.078560065500524,0.194437556945257,0.313116581507561,0.482112681532201,-0.0239676422208225,0.0274784761822264,0.0274026273101389,-0.182410754130409,-0.0367313349442965,-0.0739335059037234,-0.246127809433551,0.142582187878238,-0.00945126693991607,-0.0894060388037827,-0.21997676029383,-0.326553494210369,-0.199041020689045,-0.00805497391237912,0.227303509451444,-0.0647714344279599,-0.150777305591631,0.050387619252488,0.0532231603695242,-0.0855888121187765,-0.138923664444566,-0.108196794767386,-0.26798127036231,-0.100419102869065,-0.0600192872469755,-0.107113083219805,-0.109028984170353,0.294896389367674,-0.0149228824658407,-0.102915742767717,0.373146003147411,0.305420727264289,0.232947954461668,0.575068101371947,0.529073756603573,0.48322394446423,0.820496571714276,0.0758457367573882,0.0121660234426532,0.0743683687283436,0.0833394363624659,-0.0400049791402396,0.114122663827245,0.242417373326567,0.105073744518491,0.190502539173466,0.43877119924068,0.303052194727478,0.302312208378965,0.354608317227161,0.0365465617352546,0.122112048431693,-0.0154819670985756,0.181305233472827,-0.122035953008808,0.0775546919900219,0.0160051126894527,0.0855538173362211,-0.0233206181223325,-0.173249172708062,-0.176560395338932,-0.158719922230052,-0.118864706938496,0.00485924805207359,-0.17088523199591,0.0302776083201087,-0.252050848139726,0.45210131054494,-0.0947237873960789,-0.145904610113971,0.0727183040471325,0.0219143642196764,-0.204352926969916,-0.09293528358093,-0.126269348118688,-0.050106597487413,-0.0868992286262113,0.217445016062404,-0.065982386329633
0.142103376431058,-0.321332612643947,-0.0787793213856164,-0.21446909350925,-0.186082423668866,0.0987856051610473,0.0330640317373277,-0.171594871283735,0.0394362705759548,0,0.585877613224665,0.357452930447221,0.0375661216703634,-0.200861640575244,-0.0846198626073948,-0.148092228233415,0.0272606063085754,-0.184125202299423,-0.0658035212662828,-0.123799976718501,-0.0373166480491999,-0.222956602303466,-0.369478237539028,0.599413946776722,0.478248863239214,0.18990330344407,-0.280019929622378,-0.131569955454249,0.30469542457329,-0.210779875028401,0.123418821488453,-0.0538705352914363,-0.059949630910312,0.0972730134245355,-0.167496686066641,0.0563539181017852,0.234822728176608,0.198838474164571,0.200065025275737,0.255910746352549,0.00973357739777411,0.202583103121884,0.0494498488956572,0.0779883078525025,0.176853547768576,-0.306141611640231,-0.38551529353587,-0.336181981036515,0.166809566316616,0.17178841037232,-0.263302161413137,-0.33582168072818,-0.224091604800368,-0.161856396666366,-0.0723627642237006,-0.0321582080138297,-0.225439110936138,-0.048784461459527,0.596662214853567,0.234692870386775,0.477382247092411,-0.0343205429997406,0.181084343034964,-0.0575759455849945,-0.0300673415989996,-0.087437890451427,0.0883863744033121,-0.148965457161599,-0.181832689011852,-0.23590632130507,-0.0657997255033815,-0.112793215733522,-0.332196564886366,0.226672420057239,0.287499790549432,0.36378833442633,0.191372158910242,-0.160937325735099,0.0938227304816641,-0.0379120055952047,0.269021920812303,-0.0777550336232989,0.105584407999823,0.0524883041171077,-0.135274601915294,-0.340620992918835,0.270222759535087,-0.0310909354927148,-0.0567647192838845,0.0901456541339565,-0.223086414352885,0.258529402758439,0.213981307685637,0.117307185698734,0.266010433859796,0.0274692514407773,-0.308870397981935,-0.310820624198885,0.117779298562016,0.244871072010441
0.08289459831007,-0.260766064503311,0.0157895039602287,-0.105651225485594,-0.114729667194106,0.142275096340902,-0.0413016209067451,-0.110097317985429,0.0223865905034998,0.585877613224665,0,0.662349131410119,0.205527983951648,-0.0113243549210935,0.0810944711236094,-0.0795594535835576,0.287051702171481,-0.0491086400937617,0.0814020900772815,-0.1016755253099,-0.0232617617269935,0.115898823039505,-0.164449802480077,0.647389501359949,0.596222789705403,0.311667818052893,-0.129766195078331,0.0209016213773824,0.493828339346292,-0.0968469123460644,-0.0565137467932612,-0.0584120562040655,-0.119676607962857,0.167564490264572,0.07807189266759,0.130892585161536,0.381350883149525,0.183906408541336,0.13603063880342,0.174387689248444,-0.10301978445706,0.217577751251909,0.135229970466326,0.0776998808028485,0.235889000230198,-0.15456701225512,-0.250876043590468,-0.215183413732336,0.212347060291541,0.173792747877205,-0.220958732946201,-0.243789331256627,-0.185078553139439,-0.108676442181777,-0.00400711200133909,0.0127663634984107,-0.175695301250149,0.0110360842421653,0.275832158788552,0.35358061398497,0.452282148204147,0.0836878390668023,0.194315201739878,-0.0111210049054577,-0.00235890187409897,0.0576178350625097,0.0216744155635494,-0.0568689417077169,-0.094506239557397,-0.0857915304518612,-0.00857284742504671,0.138173600264925,-0.16075930580499,0.0410583209925851,0.351935046318424,0.566908431205269,0.358677565703566,-0.0111624448980666,-0.112464023712038,-0.106785171817902,0.208354789769335,-0.0468229151402323,0.286424257971119,0.157449818048577,0.0534908768058517,-0.164240286381667,0.425778773816774,0.0780457162789067,0.0546326053388145,-0.00963839774904998,-0.211784645346536,0.143570677228346,0.106686677100536,0.145272594857531,0.38293993803675,0.0297611209924385,-0.124561980860044,-0.157945240944913,0.172933767148979,0.262232205661222
-0.0437312648672096,-0.217597144436382,-0.132283379970154,-0.00242659501456207,-0.0496088674714397,-0.00693214321278236,0.0287555010495344,-0.0904477204360223,-0.0138876102382851,0.357452930447221,0.662349131410119,0,0.23216347899728,0.168622108104205,0.264527195580534,-0.122855419808937,0.415091605747378,-0.034730404957492,0.18557153230169,-0.014752350546071,0.101724441186048,0.17717431567223,0.0377988924679803,0.652029591013815,0.433634194642766,0.49510689038059,0.0318612548893548,0.227333080831244,0.457793033108652,0.112787967056488,-0.197214737163945,-0.0938904098983059,-0.186194944333149,0.0727446173547768,0.172558002452403,0.0734999982575359,0.213908885407857,0.00985820674455363,-0.0388401548882263,0.0381538471985042,-0.152014755977065,0.164943005809982,0.216259931660273,0.0503891160555217,0.15046255426487,0.0148351739121807,-0.107321279715189,-0.0621438832644154,0.0288665120406343,-0.00792661587251959,-0.113203862271241,-0.221019945992875,0.0117327334497338,-0.00920192765814578,-0.0693922620076665,-0.0554402147547913,-0.123503063127276,0.0251101870716352,0.249002700123478,0.405597133003308,0.489189712273107,0.0811220080123387,0.231351772445197,0.0406154269283821,0.132665814482782,0.226476744806879,-0.0424833552584935,0.0788528705163185,0.00479302690810023,-0.0985793562516439,0.156779764266195,0.214024479978514,-0.00602752327713599,-0.0911159308949085,0.523268093899255,0.597846788393856,0.392321960986217,0.209116679886962,-0.212239133390912,-0.123725926023141,0.275496110475264,-0.155412978940292,0.190111496086475,0.241276880075295,0.153542644387182,-0.134320148790662,0.252691314884547,0.135378463032371,0.0318155116532532,-0.121911829643425,-0.221591041248832,-0.000104987754157729,-0.0597487752043032,0.116785087570815,0.323433719421198,-0.0496100468059418,0.024452694095641,-0.031376612477443,0.0163830205677498,0.0488542221140475
-0.033711288738539,0.0471068032512856,-0.00522600725510147,0.123662147594949,0.226052840459813,0.180871965376356,0.0435772276088945,0.0606069562557678,0.0626750070391509,0.0375661216703634,0.205527983951648,0.23216347899728,0,0.50806850072527,0.488544358921028,-0.256179994639875,0.582930050173438,0.0134690805264539,0.485050912590871,0.0616610090594817,0.398402867330816,0.351234156013326,0.229735895438794,0.173992680291736,0.211052837101208,0.419082909109028,0.308694560067066,0.27245559765517,0.435179611671723,0.345074318683121,-0.134298906607945,-0.159225726178759,-0.283898604421018,-0.0866411968743357,0.458178147369417,-0.190288403754954,0.131123824092862,0.00897577831463027,0.0407078886865105,-0.131262441605799,-0.126829638728902,0.238665108000802,0.32128548860483,-0.00732781807921016,0.111165205821592,0.24934621972836,0.17061077972786,0.140239117724449,-0.0125760715994801,-0.0752952591941231,0.0480867483892733,-0.0689181118496715,0.149325701817212,0.13664019394582,0.0721551785062469,0.065923729933177,0.0296814889466588,0.0716207023171258,-0.0219123087587583,-0.108188872830636,0.143873526351329,0.617423209304197,0.582287369868418,0.0502535719397552,0.281245573523957,0.420801674499553,-0.146722477937876,0.292869092348742,0.143392111155114,0.0831883208929476,0.30380533333896,0.334668220143103,0.277295864068946,-0.060047919949538,-0.00279786456423016,0.184992841684464,0.500979363069753,0.311179471676399,-0.116499959247029,-0.0937437897056752,-0.182940816864714,-0.211569982122977,0.179678798606094,0.290697069469928,0.40924903548029,0.206430643324136,0.217026988791294,0.247615572990317,0.00233121695094088,-0.186823557517601,-0.0878462599776841,-0.0144845532458417,0.0713794977167367,-0.0858897499150522,0.189423594041803,0.0592307718823884,0.289193450240386,0.227362294936155,-0.0507619139244198,-0.102042716768497
-0.459897609702207,0.111635030254905,-0.163388128508851,0.219119482422255,0.309766024265255,-0.0365769453789255,0.0767172677414777,0.122650759255352,0.181305293961649,-0.200861640575244,-0.0113243549210935,0.168622108104205,0.50806850072527,0,0.824020669785178,-0.395724551408329,0.585849181811599,0.00448216892174366,0.540295711315177,0.219398773080996,0.656171658462668,0.502156144872129,0.699995313384121,0.0533015734640333,-0.19862202702607,0.169952211170986,0.695297425100423,0.530987159987171,0.317119075719559,0.724430026549236,-0.235468345283277,-0.202182031737115,-0.243743748460169,-0.224665983028709,0.659313692594798,-0.179485740338659,-0.0517741619940914,-0.278381666737167,-0.109924232339688,-0.174312408219655,-0.171328448501904,-0.0556988798851014,0.124715635045298,-0.10010516011931,0.176008135244443,0.665689522993145,0.56778991505094,0.539231298861469,-0.208859826378111,-0.271172326512146,-0.0115221614205291,-0.00770490756571111,0.341682619926984,0.2895715379654,-0.0183690835894239,-0.0757044724729361,0.117286282874928,0.242188345018302,-0.234456766544724,-0.0771020752209058,-0.0121559210348468,0.0935309647871634,0.0621562298570816,0.225300219003415,0.571277764055502,0.775352840383006,-0.211850930852152,0.398824775733868,0.193723005101728,0.149450049907826,0.594986106246806,0.203802068206661,0.76082173727882,-0.306654650722398,0.0196986878972881,-0.0737277282148832,0.451803226580037,0.696895341466304,-0.10134015460066,-0.107243522587671,-0.16216423619643,-0.276235486136407,0.0277324431589228,0.140361711043841,0.709506800732425,0.407953254523261,0.00553339071216822,0.397989124827857,0.0601800832869198,-0.277591292735916,-0.0311221180368295,-0.373694922550281,-0.220990677043156,-0.267869258164382,-0.158967974566425,-0.131384666365306,0.656651674101874,0.595106968715167,-0.283048120062565,-0.387356066198615
-0.362713931055573,0.0233214502314493,-0.245305054469688,0.170868302566882,0.222766728544885,-0.0961775813073831,-0.0062130613655935,-0.0109736574783594,0.0724615421111677,-0.0846198626073948,0.0810944711236094,0.264527195580534,0.488544358921028,0.824020669785178,0,-0.385656001380441,0.537583020383341,-0.0136713276671683,0.448576753236135,0.21952098475082,0.587940780550868,0.463624615147729,0.64954335397556,0.184666486943881,-0.0761560104035679,0.246539349999033,0.657395909807699,0.558041891668644,0.414383412640291,0.698607161464407,-0.190731021371753,-0.20299792982353,-0.222710323546469,-0.179425928139702,0.629577197965841,-0.121199154342744,0.0821199756799299,-0.277228357284033,-0.160072335948643,-0.186496764967362,-0.162635803832159,-0.00245030097246263,0.114914687851757,-0.0506818794959045,0.254974792403214,0.608572243998227,0.485311909754991,0.504076286978007,-0.179404118149028,-0.209315751822547,-0.01333729717931,-0.0728574428689379,0.281510067000075,0.254687571445254,-0.126263755697029,-0.0948201226124179,0.00647753438180349,0.149934858331868,-0.174454619345889,-0.0563844488070022,0.0865144613874466,0.00955400010620195,0.0793647371530851,0.231787885009631,0.599379316928146,0.865170503547359,-0.173606132705436,0.247070850396656,0.122876392642353,0.0772046457634833,0.629412978623768,0.171081348649023,0.698510566436974,-0.273584894812812,0.0812977847303482,0.0113518510197186,0.576550056135845,0.69472864050613,-0.0508493029009865,-0.107391483410543,0.0235846988719319,-0.248611299911047,0.0859750228860885,0.184904453895992,0.712622800922346,0.388609333825004,0.117430047073376,0.418099182067613,0.0422569285700762,-0.249904013649797,-0.037522651070985,-0.408016582658727,-0.18470965161905,-0.278871401761887,-0.127773361635782,-0.14766372881068,0.616148519957529,0.57271161988059,-0.256139753680642,-0.313212897894825
0.317020574692685,0.176847203800869,0.203240220888374,0.133438121854974,0.0228523406565558,0.0954645139569688,0.157424948856585,0.160772968467617,-0.126349630337972,-0.148092228233415,-0.0795594535835576,-0.122855419808937,-0.256179994639875,-0.395724551408329,-0.385656001380441,0,-0.25807182536919,0.273876285146415,-0.179319025456917,-0.0346974994453868,-0.369839043464928,-0.0116586207566434,-0.226511401409241,-0.146629051831147,0.0221891088182126,-0.247857106749214,-0.383308149233584,-0.306138706471741,-0.231747940844754,-0.379701016114866,0.148517956784901,0.385746870063834,0.377800851323308,0.216651708294775,-0.212640239570266,0.147335450766292,-0.0490368974742122,0.138928078604893,0.0327961990409194,0.178094007389976,0.103621661683403,-0.164319487089613,-0.144008469905026,-0.182016248928564,-0.179026676100988,-0.379940693422207,-0.230861049285027,-0.2605726417351,0.0979771253886897,0.0908252718365354,0.228875597563683,0.233346904786348,0.120765406888748,-0.0447225321756305,0.169864456754546,0.0499998242492329,0.152347450586377,-0.135849075632262,-0.144809156675572,-0.00417207651031247,-0.224985960699129,-0.0400834477436005,-0.0676429154362957,-0.0491788124360997,-0.310801218627835,-0.353961434714407,0.342128129727598,-0.191496930303397,0.000634802835744277,0.128750479716021,-0.319545849186553,0.0832613010486672,-0.304676153549612,0.150766587482818,-0.071211671285864,-0.0873076483134683,-0.386726895058656,-0.335970856135864,0.0225832926424193,0.184512604991517,0.048173699620381,0.086549255839448,-0.0939311618617323,-0.0687575764787214,-0.389600656834229,-0.119100950065244,-0.0903409528753179,-0.367245105289628,0.0843738585380634,0.0900512682738474,0.10525881490313,0.169785015982019,0.0903151937350587,0.0336043347468349,-0.00127577183535504,-0.197111573959231,-0.376142130812845,-0.317223844278684,0.183694599795017,0.101944331963041
-0.266325543351316,0.0986071937296297,0.00197976661043975,0.195050395249278,0.262575446016425,0.178157115173616,0.243148996513069,0.222997884055316,0.253318596267244,0.0272606063085754,0.287051702171481,0.415091605747378,0.582930050173438,0.585849181811599,0.537583020383341,-0.25807182536919,0,0.157947544167045,0.735740429865923,0.185897501031278,0.578562075673206,0.470657841648637,0.343916180321088,0.363759226009849,0.136047464085651,0.42980448691381,0.340664514198606,0.297980853913709,0.540632264474361,0.408643935546992,-0.142857987469344,-0.238542993281602,-0.374705426532007,0.0146127507436972,0.496145212475809,-0.0875409089542462,0.173529962338124,-0.0639211509962984,-0.0200489601462878,-0.125463332542274,-0.111935581210366,0.152351495616256,0.308782477732249,-0.0731611766989553,0.159474234544102,0.330900255524567,0.190592503120647,0.192268593309154,-0.0252428244196654,-0.0808805974761074,-0.104838573994317,-0.0335144363670836,0.267501743822649,0.212892419496936,0.10337296971239,0.0336532340860683,0.160295593796597,0.285710896135794,-0.101681391145428,-0.00267991850728009,0.116359757291948,0.237153461682829,0.191318334432423,0.0999228278403418,0.415524684191256,0.484340775394019,-0.149003415463012,0.436668340956043,0.310115126615664,0.221316318860284,0.447922591088592,0.469697068549872,0.385268532980199,-0.216118467137571,0.211019045859561,0.212622964527968,0.537771097178011,0.394658348729332,-0.0659549737298109,-0.171998162564356,-0.0938028309688374,-0.243969100885189,0.140763473802731,0.268374461091991,0.429278024490216,0.181809111355613,0.267320816478962,0.201764090618846,0.123501615748782,-0.295118538738027,-0.200552482146883,-0.140406619986104,-0.0709536970368636,-0.13242231175819,0.0843159643826773,0.00414385726589075,0.343450821366235,0.22990414581217,-0.13817086573459,-0.161528861589982
0.00326464249391678,0.173611444233203,0.0786973971719648,0.199777239249673,0.117060156797998,0.14997857171269,0.149682239554434,0.36310638562918,0.078560065500524,-0.184125202299423,-0.0491086400937617,-0.034730404957492,0.0134690805264539,0.00448216892174366,-0.0136713276671683,0.273876285146415,0.157947544167045,0,0.427991359947348,0.438235120431082,0.165043193407101,0.408835455113924,0.148300165997054,0.0896567921014523,-0.118918110693115,-0.061082036525526,-0.0825972248918898,-0.14715066570851,0.171196941597889,-0.101585874440578,-0.0939275957196939,-0.0987098964479654,-0.0499708949576549,0.627020346133501,0.178663570955017,0.33250353535728,0.151056515645456,-0.0764047177478779,-0.0209436241138235,0.131050376306116,0.26114815726552,-0.116220173721749,0.0870113293396325,-0.307770915089432,-0.0372114286602185,-0.118156891702605,0.0335281336114775,-0.0210998175454639,0.140976632063813,0.148300025689835,-0.0299139999152589,0.112872946370244,0.159081948359021,0.11854240046452,0.176320067007183,0.0732269936949846,0.197948488219716,0.103411089169136,-0.233210371750455,0.0262187366702003,-0.132988886367506,0.0681198475071516,-0.00974439565090625,0.048334056922224,0.0705771210524324,-0.0142402573591671,0.168187368368751,0.0289091718315555,0.464664361887274,0.648759253108291,0.133782638762087,0.365010771151794,0.0662694493885941,0.00196175904615078,-0.0830971558102971,-0.110744914183751,0.0329820928895036,-0.055648719707832,-0.0659321332134461,-0.0758641662578068,0.121368509046474,0.301370695095841,0.0627943312515342,0.164472088646621,-0.00413874507274368,0.20730185577231,0.092900378619746,-0.159079222361939,0.475279427276338,0.0866565539429785,0.0755890830537869,-0.145497937196583,-0.0715532796538199,-0.124511439960084,0.0200785565680456,-0.237335071424537,-0.0726493019870099,-0.00841319632943884,0.141595035410188,0.156190600163275
-0.243640753638816,0.118357022179531,0.00567841472612983,0.175373781880156,0.22484380686074,0.142058314807505,0.24770303195324,0.283866168154497,0.194437556945257,-0.0658035212662828,0.0814020900772815,0.18557153230169,0.485050912590871,0.540295711315177,0.448576753236135,-0.179319025456917,0.735740429865923,0.427991359947348,0,0.338454923052253,0.611891975608039,0.495391763184216,0.340088371682531,0.286873391494113,-0.0467447829615573,0.251943478993727,0.273620688463068,0.209646132409713,0.486661708253599,0.329328273163392,-0.095651797657174,-0.313152689721435,-0.352517998733272,0.240566829823846,0.480785344802352,-0.122329838450258,0.0922244871878191,-0.0868253592016157,0.00722603659411552,-0.0683501739468252,0.028659087437181,0.10944817236999,0.313488166183826,-0.133938257373517,0.111189958463434,0.260124223599528,0.229550800242407,0.189919810338354,-0.0542403958110335,0.0101382283883315,-0.108921261202857,0.00607089941059136,0.266175436400766,0.168040178827986,0.114615298871063,0.0402308169289756,0.199150146948297,0.245854130383157,-0.16659421666515,-0.0339929796446565,-0.0351303215542094,0.205210327360909,0.174966272343614,0.174435345917214,0.450192132938332,0.435870683587506,-0.137688651522696,0.465126776528773,0.500954100323478,0.401001073251548,0.47405638404647,0.515127143908774,0.412866596840146,-0.162856130653275,0.0620926221754073,0.0734623589001036,0.469711955058459,0.30739876592954,-0.048435186990458,-0.208202024133929,-0.109635300730844,-0.130955942890733,0.0924269835792341,0.241250441348699,0.327213266877032,0.25885024058121,0.151791056773715,0.104123128438249,0.200096116875951,-0.216188344082855,-0.157804310727236,-0.183972770222525,-0.129157794584723,-0.123855976216536,0.0400506664237118,-0.0326995409822022,0.259364329065598,0.222862503416067,-0.139289302874978,-0.0885468455843931
-0.143150715275132,0.204754527180283,0.17940848876789,0.0965957772984863,0.0998473232823485,0.279688142514373,0.287335202819004,0.361523946584418,0.313116581507561,-0.123799976718501,-0.1016755253099,-0.014752350546071,0.0616610090594817,0.219398773080996,0.21952098475082,-0.0346974994453868,0.185897501031278,0.438235120431082,0.338454923052253,0,0.527296153055359,0.083627203059347,0.160673096473004,0.117098925724215,-0.244800691665393,-0.0706978322622132,0.0733162012240583,-0.168030726422158,0.359392150840025,-0.0197958690509681,-0.00121692315443401,-0.282906193597411,-0.269032266004149,0.00990075376548231,0.0857975895943223,0.12493084881501,-0.0735427937751644,-0.172762232788303,-0.188619619559043,0.0515260792515967,0.17280750509635,-0.165816372663256,-0.132875699678152,-0.131832592870807,-0.000577773464476004,0.0351749767439674,0.00780585107381973,0.108752221312159,0.26978451651303,0.135334790196812,0.104828871585969,0.199392597072565,0.199122056441544,0.088376945855727,0.223527066445797,0.419055761787203,0.296736557019784,0.351292029204402,-0.120746258060505,-0.0137322555530304,-0.00167527370257759,0.105818107295031,0.064345392209537,0.252245985103399,0.422682027769588,0.28147374170618,0.33704282106231,0.281921782462956,0.363105653569544,0.473560767604151,0.603060713163619,0.143834622143468,0.265255515456369,-0.0632906964115669,0.0738934342836704,-0.0842053521061119,0.288320981891383,0.0283295411443372,0.0819179108167565,-0.122304657969971,0.106334516831282,0.0516317870167389,-0.05066831225236,-0.0284139608396049,0.0683370242538533,0.0731871555806043,-0.0525080339756306,-0.21054346597974,0.604911628051804,0.137562648307919,0.000236350934978235,-0.115186935587746,-0.136989785939885,-0.125441338030848,-0.149537097954614,-0.0612374169068435,0.0699945582902577,0.111998375481851,0.260279635257738,0.0971973817615066
-0.42242474056205,0.224029491555785,0.110782826214784,0.161727747652451,0.291582174124827,0.236288779483821,0.356746134862391,0.373874857135916,0.482112681532201,-0.0373166480491999,-0.0232617617269935,0.101724441186048,0.398402867330816,0.656171658462668,0.587940780550868,-0.369839043464928,0.578562075673206,0.165043193407101,0.611891975608039,0.527296153055359,0,0.239102327946416,0.381937522149934,0.146947537426472,-0.244400720581743,0.0878623011826868,0.335597466817998,0.15270823777561,0.43178886660614,0.400915176572595,-0.108594284266568,-0.344022304291994,-0.412910768716565,-0.17738182049349,0.3448102409376,-0.131227547307392,-0.123727274198608,-0.193839833448164,-0.0852366841153112,-0.115635406423672,-0.0923294989303859,-0.0673276104070294,-0.00797515455906008,-0.160792333553645,0.0490148509873621,0.316683166842325,0.193909982148907,0.21400781521994,-0.00221171845147023,-0.123443606405456,-0.0411863818682782,0.146775348695614,0.306994365410386,0.205980112845162,0.258011469712755,0.22902688144908,0.297078729620505,0.501336566890717,-0.0996427248641902,-0.00367955082355744,0.082004490657662,0.168023576846164,0.131233834444336,0.34290839334989,0.71188582331633,0.625720789756418,-0.0539569779008993,0.592143638694541,0.447937705413489,0.380669157998721,0.786313965699473,0.268325409913373,0.565770065588314,-0.166340654912285,0.154450317475187,-0.0308538731883644,0.460797736585092,0.384681656338038,0.0580463595117851,-0.112475925925382,-0.120542751842244,-0.240909390077108,-0.0669764084541989,0.0229635327530119,0.382072805765735,0.175248260981492,-0.0190423079082262,0.0795875940874169,0.312541807715654,-0.187729808513946,-0.143363770912658,-0.18203402118039,-0.181585325038339,-0.213994117976142,-0.12707549437428,-0.0797972986554775,0.332213168334003,0.276000057350125,-0.0756679256435593,-0.2014425722828
