0,-0.0597832298865738,0.530816822242484,-0.351435684482318,-0.149232171386967,0.258145193315075,0.389630270264403,0.302307889805057,0.276258895110864,0.27171290949943,0.0365713896679623,-0.175158756885746,-0.122205826061729,-0.317720607927874,-0.35319466975695,0.0215068099558613,-0.0861300268495106,-0.224374614305454,-0.224350232000099,-0.0894178304675927,-0.187975282743111,0.0487917265014829,-0.31701121505624,-0.229920103808298,0.283210864205967,-0.10356032617439,-0.211724163078419,-0.212130431462556,0.0249456931629466,-0.330993485410552,0.247133980183913,-0.279510282219933,-0.140316956481781,0.0816500260322548,-0.0013212595754514,0.0349872444434186,0.00783033601128783,0.0557236863506706,0.0851529992709435,0.1999035050612,0.223812404176841,0.184340758576625,0.0427455429617981,0.182058007818623,-0.20592166580279,-0.374138101194407,-0.370456455520883,-0.318217799593747,0.276436934511573,0.306405571765099,0.462742215952472,0.211162571814203,-0.149188849444352,-0.382597725947807,0.283782657878468,0.402875137230239,0.252730559607216,0.210672220158217,0.120889019183875,-0.146281361285398,-0.27752945895475,-0.227078963155114,-0.274663125704922,-0.347611590646513,-0.326336983438639,-0.391743702339973,0.313436468447497,-0.120194488844746,0.00357194592488641,-0.273269521869991,-0.261832669491266,-0.111448270065017,-0.308332611602422,-0.169350646494871,-0.229233981541941,-0.00103092397295928,-0.0484318954506188,-0.406175188645836,0.282569100791735,-0.289408319774214,-0.206996178262393,0.0843115367235435,-0.0318973090258603,-0.0321897435194612,-0.115637868249975,-0.271745475614074,-0.0976307242437734,-0.204508924544828,-0.0235848325669919,0.0112476779957063,0.118395849254425,0.195580562764649,-0.146959550716569,0.178021410640216,0.0886746139302111,0.0696935518824811,-0.345537982754835,-0.322567745985866,0.262994141099963,0.232407243422729
-0.0597832298865738,0,0.231062243637939,0.358787529174948,0.615808442144773,0.189558760686783,0.165038757456258,0.207312987470886,0.15140301617605,0.0435635991333199,-0.0579812801860799,-0.034336843129214,-0.0872738276983333,-0.148487474795598,-0.140911078187632,0.629179954038642,-0.0388545585824059,-0.0391272014922272,-0.125244301078342,-0.212253567329122,-0.160162234410527,-0.0938073981746526,-0.152384624165365,-0.0588432660108864,0.111863324267713,-0.164899701037314,-0.10961088253689,-0.127886438162654,-0.241262303945792,-0.162401863330966,0.0478306422204537,0.240779772237424,0.409443540405476,-0.283246458042728,-0.145226054411792,-0.188764123318073,-0.339017123886087,0.375467947826385,-0.12034004940272,0.00096026494801452,-0.317547332295117,-0.0711813594499317,-0.135396490122977,-0.0408123675009462,-0.14397030663784,-0.0846481437365402,-0.125250463218996,-0.152429660826749,0.0603081548711609,-0.223199051572883,0.161330486978192,0.57389648503061,0.634673005933779,0.346278026897028,0.342231109498261,0.104813465479806,0.344581221260541,0.131952546782429,0.0771377876155685,-0.0816783106164081,-0.0321663591486981,-0.08521194229151,-0.258360238554821,-0.0573865895270509,-0.0858838866793259,-0.107382866017686,0.125491346466521,-0.0883188776613529,-0.243221542895861,-0.0673968803081637,-0.141615754236042,-0.22216733937775,-0.16727153174171,0.181236810556056,-0.0562946848340196,-0.0577722637675505,-0.236829346177359,-0.181067368265173,0.0503826567581733,0.220285740855128,-0.168205065941157,-0.273906391241946,-0.0898531565787993,-0.101467544926128,-0.146393146830526,-0.347533090773215,-0.302078084306821,-0.315690019123993,-0.123661311351606,-0.0835212183214158,0.180775650212209,0.166160497136441,0.204826250594134,0.00975197449256042,0.0248766340915954,-0.137068521631407,-0.115634481988926,-0.126348011091291,-0.0103060251999519,-0.237332986477734
0.530816822242484,0.231062243637939,0,-0.567743368946876,-0.240741113281812,0.706741048725988,0.754484469318842,0.690791154889776,0.662418482947232,0.571338676470699,0.337650717936427,0.0727283511638668,0.0617235522981865,-0.36801941398538,-0.499351892138299,-0.0928550747699691,0.0780682391546061,0.00481286740897026,-0.192000072502129,-0.0698388700197911,-0.263408082180432,0.235883587104431,-0.346017679880832,-0.0174181943103884,0.511775129369155,0.078525863888431,-0.175961985468261,-0.177867276704641,0.0319024030520459,-0.433305059698919,0.254648757625155,-0.565276317367463,-0.366906539873531,0.140387400857951,0.0886009562267089,0.259682588934429,-0.0356323626867454,0.153068559917394,0.375788242240611,0.544583428305435,0.339706985304529,0.386563900296952,0.241093858926757,0.347469209230842,-0.235272334748857,-0.426353391336183,-0.392228825904535,-0.361174005317859,0.613297965081381,0.420032580005784,-0.041876637036919,0.590607345058984,-0.122933498351792,-0.547630738279096,0.727009467279726,0.806469200844451,0.643642609636719,0.62836362951375,0.506631693467787,0.0435929372144591,-0.0627820678761506,-0.100460422169658,-0.304291193227012,-0.25776267248532,-0.368127527630509,-0.499791726774332,0.630368331907243,0.0339140421099389,0.0627462832537997,-0.0407000963611051,-0.303647527115037,0.0237688608097063,-0.353506375345178,0.361641827100506,-0.123746988946937,0.296847674061031,-0.0101776100238046,-0.452997288800606,0.256211430192117,-0.548389949333173,-0.28973209687363,0.108065205854743,0.112593897750207,0.0998035473477779,-0.0567021309577607,-0.390081448017981,-0.0790723305661831,-0.305114777264372,0.229730662294767,0.300721272468892,-0.0137178309193346,0.537530740128747,0.280751675509937,0.374133637447594,0.420391223392165,0.125869594243656,-0.417266171024593,-0.363757481316131,0.559673838117142,0.367695784005197
-0.351435684482318,0.358787529174948,-0.567743368946876,0,0.716118509553946,-0.565261453131203,-0.619373248221776,-0.603824079147934,-0.640361467410575,-0.667273242509522,-0.525829137198281,-0.201503692120468,-0.207203943757232,0.2919934156896,0.442624185307998,0.549876889940712,-0.159567255511712,-0.0318724896681851,0.146017188899185,-0.0970442812024207,0.189795215692642,-0.406729611251805,0.2492339375841,-0.131568379370727,-0.524280794184047,-0.237700244647251,-0.0108780621460043,-0.00584735681894638,-0.245785360579368,0.298709913755471,-0.136426258781355,0.816625150257933,0.639808398306152,-0.390132408085544,-0.276362307452408,-0.44906745870654,-0.247592150784293,0.147830071030326,-0.470246456979756,-0.663429557161639,-0.611464804527598,-0.468577069496305,-0.447933077660743,-0.367158567879209,0.204080969183828,0.376999527064895,0.293299625545653,0.196754296581582,-0.547029559241009,-0.604733695636961,0.312773042203537,-0.0855532412183445,0.661449204843046,0.930481843025997,-0.537037109108591,-0.678881461003011,-0.398393818572868,-0.607174021598306,-0.560203281030836,-0.181756008120236,-0.0718578533662798,-0.0270545072469155,0.0353027105234337,0.199588593648366,0.345786504920487,0.495435398700848,-0.548015974798297,-0.0798956178875438,-0.217660766927323,-0.0325722147133965,0.251973199803505,-0.217431470058315,0.274678231399645,-0.314559336688853,0.0267697920870661,-0.406642110635751,-0.164713147927648,0.308707169815771,-0.120345108446039,0.813104018940131,0.163577571021137,-0.35368773040152,-0.151706303249662,-0.248995746636812,-0.219768425620478,0.108228080094497,-0.195815932843342,0.00623737459703578,-0.360795434827071,-0.455417045188538,0.265672227685519,-0.411687237148256,-0.173848508045741,-0.375816612301855,-0.450725968836431,-0.11046937482996,0.346280839163756,0.279033920900787,-0.597812349074348,-0.568335228852577
-0.149232171386967,0.615808442144773,-0.240741113281812,0.716118509553946,0,-0.202952725928191,-0.381121772264342,-0.308960359675422,-0.351335542568916,-0.389167769833422,-0.32532159153557,-0.103027453061724,-0.119542695420924,0.121080883003859,0.230963886015718,0.63605076458411,-0.067143140477564,-0.0193457686884453,0.0487528155038232,-0.0882189171699891,0.0843834766287316,-0.274916870173952,0.0802645318565519,-0.0692538228359747,-0.325518447079183,-0.180600807459382,0.0225095337784951,0.0248667724287424,-0.172459298753228,0.12079298851426,-0.147763456814961,0.601693687572841,0.561970104966642,-0.317257418735218,-0.158028636231022,-0.359316114834596,-0.249155989828091,0.194248731683182,-0.401582787376597,-0.45186504754318,-0.503598269047189,-0.305755067021904,-0.282233106621623,-0.229454351504051,0.0477043884140825,0.181754181026286,0.110704336077723,0.0288504083282208,-0.317444300927758,-0.426126044514108,0.314718893232918,0.114180552139597,0.695876270362283,0.728928206944327,-0.113815734100673,-0.370869209372578,-0.140635040630539,-0.352118038629474,-0.317552948920194,-0.171234089978463,0.000189580681972375,-0.0279422839566725,-0.0374613294517992,0.0723733577279373,0.171590113074882,0.235916871345788,-0.337271696063163,-0.0888341219642597,-0.234022853739919,-0.0744505779337138,0.0879466362930785,-0.202666683256814,0.0741190446723161,-0.169655996964032,0.00875285521672779,-0.269242323240892,-0.147116433468058,0.107395709392602,-0.143802348066613,0.557473508583729,0.0398400448204059,-0.325736824286474,-0.128393832067238,-0.134135379138781,-0.116265126561842,-0.0350296972276991,-0.202043251232477,-0.094078127295419,-0.255771933445897,-0.335472009108972,0.231473119069384,-0.249646839933328,-0.0701069892402324,-0.217527519181404,-0.261763421825682,-0.158867731336934,0.163828078243424,0.0943724461087669,-0.377893026031167,-0.438679521964728
0.258145193315075,0.189558760686783,0.706741048725988,-0.565261453131203,-0.202952725928191,0,0.675899368103372,0.756375015547286,0.764075819756115,0.608956587894928,0.558245715929302,0.304516905092076,0.383283196205221,-0.0640901625733159,-0.288154662062779,-0.18000392714885,0.401774880495202,0.269826641088502,0.0905891331066669,0.159152528365955,-0.0168796850240162,0.546166874233377,-0.0731284045144523,0.213253185444735,0.423239116236301,0.231801065458872,0.119639497214063,0.0636888517366199,0.280781260421824,-0.246605242431627,0.0895641654566111,-0.536130569575373,-0.41248391163924,0.353251604378044,0.40612156437258,0.447175607103278,0.155590794111142,0.116402041465227,0.504248714930732,0.659782603466986,0.481609644779058,0.482231401999265,0.40136797736924,0.409734756450571,-0.223210188742414,-0.181750150428796,-0.0739085107408009,-0.105679188303326,0.810189959942133,0.519269128936119,-0.187704311712308,0.43281605254047,-0.181403213307991,-0.495960088736913,0.803826656220064,0.873904375358801,0.596980155059232,0.750224823255059,0.614871143446598,0.325309618933736,0.163744983265503,0.184351491352939,-0.0222855226870351,0.0298834370281052,-0.128187692482347,-0.297337418291802,0.587649261717884,0.339612550474169,0.308884260503942,0.203474679725197,-0.0669854659490141,0.314684696316731,-0.100843039230975,0.560765278948658,0.0411655451215084,0.413252073158721,0.289638271263772,-0.225700871414568,0.0155425813750341,-0.54220955322071,-0.156078344053692,0.228087390916378,-0.00348192396277888,0.355614911547039,0.104437848420736,-0.174995957007097,0.150274891388122,-0.0983990749482721,0.475502922250056,0.459788839145973,-0.186145756329511,0.517494197111363,0.40825813375615,0.377448966994895,0.398063628380063,0.0816268413442675,-0.169945197705478,-0.0832953210141521,0.762410108823248,0.461993100042636
0.389630270264403,0.165038757456258,0.754484469318842,-0.619373248221776,-0.381121772264342,0.675899368103372,0,0.847276627727404,0.805680633436306,0.693430827547448,0.363106726723333,0.0331696029133724,0.125673854767777,-0.37409570229093,-0.577455707889319,-0.161379327430575,0.0958709427009706,-0.000563472946753934,-0.220471426256594,-0.0905691281515898,-0.307011600640094,0.302297719367897,-0.344416706734931,-0.0499153048697902,0.637211965356877,0.0303961894838783,-0.156382068207984,-0.244535113430995,0.0476982058071504,-0.471552163155123,0.293351962904529,-0.626762553860815,-0.402344932571549,0.155551385698824,0.132150588932725,0.324127312738578,-0.0400346768624278,0.184709650320818,0.501557786500472,0.694410050729174,0.420341747127063,0.475675432281463,0.281064464376331,0.355096680093902,-0.220108848050317,-0.435264240279841,-0.367879617815757,-0.30633583841933,0.69427473386998,0.441066424326113,-0.130882618860796,0.491408984976776,-0.177575993558014,-0.603513815317603,0.754922194851806,0.801594024251365,0.785645440542614,0.782590242557191,0.600665039933222,0.0689114041129338,-0.080369930044136,-0.0715340917014037,-0.332130531306524,-0.274734314813087,-0.431123666526313,-0.554318326733703,0.797494565362885,0.0599861094628771,0.0346931430172561,-0.0455993213320568,-0.338128670604935,0.0145436946421847,-0.377847996367716,0.459946637681472,-0.16163328469297,0.303070225767377,-0.0191013717030571,-0.46281892589835,0.311740731348721,-0.603355359992829,-0.357051909096008,0.103352016103385,0.148693611954927,0.0968585002406376,-0.0596556235509427,-0.438086066415273,-0.0629390976482196,-0.347404721788056,0.276325103724181,0.390836201738723,-0.0982718217070062,0.660945122164728,0.373566886296937,0.422427820391901,0.434679006011165,0.175798795339454,-0.414702601160467,-0.347092482889869,0.671332997045826,0.433319274919226
0.302307889805057,0.207312987470886,0.690791154889776,-0.603824079147934,-0.308960359675422,0.756375015547286,0.847276627727404,0,0.883155839492244,0.730138039734276,0.494851482749079,0.178426495067146,0.256316068060847,-0.221957694391907,-0.452344907055879,-0.191925868231419,0.252876247661187,0.127918619523659,-0.0785901175104282,0.0260682447852065,-0.159606967601819,0.414508334956576,-0.221732646376344,0.0258671336643495,0.562881027201085,0.0806294506346974,-0.0827213209269667,-0.153621085057799,0.163914219304068,-0.331870635378721,0.197293253931697,-0.653397892195995,-0.431260746184492,0.290559806230886,0.231178328924937,0.382377035297255,0.0422318391603715,0.132068817932612,0.5332260367035,0.743134041217418,0.494227677267782,0.470642642224301,0.380709412284358,0.389590851170424,-0.271608557605111,-0.362758836494418,-0.258212725380425,-0.223043220822407,0.694797898973379,0.501789790235061,-0.162776208229275,0.465815886943595,-0.158026372679609,-0.55887416343297,0.801840181679057,0.80484100504816,0.811975686479051,0.894220784867581,0.660215895323704,0.185619214459545,0.0569858491631848,0.024721121655562,-0.214245796639919,-0.111132155985113,-0.298360294653313,-0.433666762524703,0.723843870632132,0.199813179806677,0.162925999184796,0.0953448125295105,-0.207422809203249,0.134979751152716,-0.248485817251364,0.512934439827596,-0.101771528001296,0.331472528693924,0.12135545907036,-0.350136080820953,0.189003811519671,-0.635505131805742,-0.344240693466052,0.10405903513197,0.044853381630682,0.165899368182708,-0.0142035223199267,-0.342335896422435,0.0371198398591896,-0.307298037651335,0.356211665651585,0.398791261900119,-0.165327045367688,0.603800332900292,0.44156815036471,0.339171800903213,0.37595348567514,0.0997890049446714,-0.336624759352364,-0.238984757408704,0.717469968900722,0.452462016996209
0.276258895110864,0.15140301617605,0.662418482947232,-0.640361467410575,-0.351335542568916,0.764075819756115,0.805680633436306,0.883155839492244,0,0.793937758811159,0.535510790899397,0.177557657160802,0.278675267175539,-0.212054711411774,-0.463169711712006,-0.209436225090011,0.273762839974812,0.116525473911336,-0.113970847818029,0.080017792580369,-0.161569040873372,0.467722041760468,-0.185264955303701,0.0296453221806344,0.599980804771925,0.0720608453813554,-0.0302938544846775,-0.111262892459499,0.216349319432039,-0.315444215773782,0.23609413519011,-0.652564661367628,-0.435052566304705,0.366480919808124,0.28501589035973,0.503554058019074,0.119901427797079,0.15141560860483,0.574372124904299,0.784555536313458,0.579690173678027,0.578615961635053,0.415290174927877,0.433294463290478,-0.186993375748393,-0.313215726766759,-0.216582746033037,-0.200065802232738,0.731193554594005,0.577881635181314,-0.18751140236525,0.412642452819378,-0.242232136221057,-0.610856681554987,0.76902587284884,0.815665420414598,0.739946346386601,0.912853631070884,0.696811306964123,0.208233547696814,0.0571708528401239,0.00243825886372816,-0.210121678216515,-0.125137869640392,-0.317919067582856,-0.448994647248205,0.750200821372713,0.209211395319472,0.222249881569774,0.101849692631874,-0.206342148017547,0.170460031508788,-0.211465510731905,0.556606529644554,-0.140528179033907,0.355111103061741,0.170609618411253,-0.33113589647833,0.214283404700059,-0.663785126380923,-0.377996793462192,0.194788760625958,0.112589372148032,0.195404715290755,0.0217652545502443,-0.305047468192435,0.106031492764073,-0.27891640404744,0.430534670677798,0.496833241869963,-0.196800819622582,0.59228075271346,0.443273730705575,0.421416777936384,0.4622633008596,0.130446099483786,-0.291906389082494,-0.191004584485744,0.761294363473866,0.535446546863288
0.27171290949943,0.0435635991333199,0.571338676470699,-0.667273242509522,-0.389167769833422,0.608956587894928,0.693430827547448,0.730138039734276,0.793937758811159,0,0.671438595475773,0.290460295036791,0.262530495432573,-0.333000454318201,-0.530485955997233,-0.170880935254114,0.160631639231269,-0.0667896398957074,-0.253164761305495,-0.0776870282853832,-0.341549699506584,0.418120641308653,-0.309935499227005,0.12444548659842,0.775896333325744,0.206673534629618,-0.0784906193302921,-0.105667259506258,0.159259652799508,-0.364731921379956,0.25483346671016,-0.60552085576315,-0.412262402826816,0.277688398003012,0.212796600680103,0.396588816069846,0.126870193955607,0.226787312858457,0.538352973970152,0.745861875959749,0.508350113032896,0.667526920868503,0.535584135292459,0.46048335956141,-0.124426555026553,-0.408093194545315,-0.344662309228251,-0.287392723950396,0.567740810473887,0.517717134357392,-0.202659701166907,0.304556520732378,-0.326417616247567,-0.667130873971307,0.687015342648716,0.704750354924137,0.632192100691044,0.739682440195275,0.823019310328487,0.248754858556655,0.157677073507203,0.014091833240373,-0.236130026965955,-0.275789239182316,-0.448960031944301,-0.550065462734035,0.690171836358339,0.050369829648169,0.0822784139861092,-0.0548093313328177,-0.356306061592515,0.14568300141655,-0.3505173716189,0.506668952767263,-0.0884316802773829,0.528544639312097,0.0776939521490313,-0.389798929084378,0.261425823350781,-0.641611038775132,-0.373672207203818,0.126178329575429,0.316761232652554,0.17993984926599,0.0617310631763355,-0.351255697888845,0.11791237353892,-0.231419002345685,0.304606457994175,0.479640605764125,-0.159404963613488,0.535846278699462,0.413155923241813,0.563349233712108,0.6235773469294,0.187126227767648,-0.388348056807161,-0.31079543069616,0.650613842765983,0.463644386225794
0.0365713896679623,-0.0579812801860799,0.337650717936427,-0.525829137198281,-0.32532159153557,0.558245715929302,0.363106726723333,0.494851482749079,0.535510790899397,0.671438595475773,0,0.686692810175944,0.624964393676216,0.106440754846634,-0.0769272314891637,-0.222311010008493,0.516117331704627,0.322709139404108,0.195877321596449,0.284056728088905,0.0789319019425076,0.639136072243286,0.100027821115554,0.585285346870138,0.393935305685212,0.621800796208104,0.304269641027944,0.332137422152274,0.463224548358052,0.0317282942886769,-0.102984159970497,-0.45329589604014,-0.431155973643057,0.49142638665152,0.521298105617481,0.578475585871231,0.419757339051188,-0.00204639161824056,0.495172414090544,0.607251191093236,0.574121427618807,0.422558778811191,0.611963129558971,0.426360408959074,-0.0710289710884199,-0.0122692852171009,0.0826856459038736,0.0754310839321062,0.478063173964006,0.541464412183761,-0.260032691102396,0.063880063347961,-0.376315183892741,-0.481412515504826,0.460377181192701,0.494147393454736,0.293390538727742,0.566953982910891,0.722032667692355,0.645157437102265,0.564457626688019,0.45427504701552,0.23578778787408,0.148089274398948,0.0058108675036402,-0.124373872773665,0.330366821010772,0.423782175426513,0.391890811200975,0.337293978332829,0.0811406805043673,0.544823811514056,0.0686708190805026,0.566185124376441,0.384260918176703,0.691798853281707,0.439096947296772,0.07424347014012,-0.21634084488108,-0.470175852370311,-0.01303575729486,0.256383535570543,0.0756525633955984,0.511428853962542,0.367424126250741,0.0476964902719799,0.410061225805075,0.141782764465055,0.535148205449125,0.554440617799091,-0.322910034444175,0.208979494856253,0.42445497567463,0.2701213829408,0.460119501863225,0.102217107221752,0.00151014916117188,0.086024044409726,0.553318594403446,0.49924579840064
-0.175158756885746,-0.034336843129214,0.0727283511638668,-0.201503692120468,-0.103027453061724,0.304516905092076,0.0331696029133724,0.178426495067146,0.177557657160802,0.290460295036791,0.686692810175944,0,0.63003635551019,0.312066843496771,0.221489681569171,-0.181481298081999,0.570763199735918,0.446251335888051,0.400008799465704,0.331622615105406,0.249778263899198,0.510118008965808,0.304997985998567,0.659653299256031,0.0799568135029647,0.689390136917411,0.406973484482922,0.457488831379234,0.416991582594319,0.277643719234942,-0.247961095489178,-0.238218296238826,-0.308146411080412,0.337717132569945,0.444855141554603,0.446100120157357,0.366564992905719,-0.115629720638545,0.33255615246711,0.29150046857428,0.289722707241439,0.250266559733669,0.516325254570897,0.338542204507208,0.0694313577289075,0.236509108282902,0.297435722022839,0.288434498784895,0.20301215773256,0.248097548192544,-0.257288495965118,-0.0424301803395749,-0.200227865962665,-0.128357497304664,0.149649120204902,0.163211063972119,0.0315497605767141,0.290863932190947,0.463550013558514,0.769363008675203,0.787293712934035,0.596427728031693,0.386751465517225,0.356510452984067,0.279179037814948,0.199154427139369,0.00576252695869042,0.508145643613664,0.35128430413747,0.478319703065893,0.290081582329306,0.543898214185678,0.287154494425429,0.591668290650029,0.607805327892277,0.670797997668923,0.461160477757954,0.337892458335381,-0.382300306384169,-0.20673294360629,0.234394018138495,0.128017605440504,0.00514501260505439,0.446632654085822,0.37901201290929,0.230709469336808,0.381439182845819,0.304275281061835,0.461505414684084,0.417744914098294,-0.310701087189749,0.000394563666481573,0.428668254951229,0.10008951731906,0.310029209978489,0.155613670531739,0.245674298528952,0.293694752561506,0.225094459349072,0.220811175933767
-0.122205826061729,-0.0872738276983333,0.0617235522981865,-0.207203943757232,-0.119542695420924,0.383283196205221,0.125673854767777,0.256316068060847,0.278675267175539,0.262530495432573,0.624964393676216,0.63003635551019,0,0.557467049555551,0.364605559659859,-0.202753020086136,0.81932241354572,0.698664358460317,0.642366813257247,0.649102322429191,0.52060026768475,0.791400931309662,0.550632739668821,0.682206728684048,-0.0689207437575423,0.575664239864352,0.613351659743321,0.576144053345821,0.687509870265488,0.397965602136003,-0.171067646856506,-0.209525409534936,-0.266205883469961,0.638662497180349,0.770303841343119,0.514360250902425,0.520379092315757,-0.110390501613862,0.355189694935367,0.331690499829793,0.465591518982979,0.237305297102819,0.452511800690583,0.354178010729443,0.163465061058219,0.46984029655642,0.536004478527517,0.486067743794949,0.351384317389488,0.378387161307297,-0.18247034539904,-0.0482471668030056,-0.251686974086439,-0.128516361717674,0.178711171095045,0.237974853927739,0.0332097638142905,0.359919550730682,0.390877197367308,0.685341457225158,0.559385932749522,0.820301962580081,0.581497261952676,0.562470612211906,0.434447839068698,0.352207253765135,0.0258869093448021,0.77881438069594,0.665639395572895,0.668387984411031,0.540055764651228,0.784790567407588,0.527888527360429,0.499929730362424,0.589642667306267,0.406427402581989,0.712458007732972,0.494638832778671,-0.376019593023064,-0.226252515024255,0.330855324192024,0.353282056249224,-0.0510191468128409,0.647996109144912,0.47652352588075,0.316376383039471,0.518998079485384,0.385414633093194,0.658217086327512,0.449291608807531,-0.346558857696822,-0.00830737439793601,0.349758819369593,-0.0356622543054577,0.156575844024748,0.170196608489384,0.482773110534857,0.541481134695532,0.385551147664175,0.329883338387742
-0.317720607927874,-0.148487474795598,-0.36801941398538,0.2919934156896,0.121080883003859,-0.0640901625733159,-0.37409570229093,-0.221957694391907,-0.212054711411774,-0.333000454318201,0.106440754846634,0.312066843496771,0.557467049555551,0,0.859732902916826,-0.168550815398599,0.593324959519527,0.640007153128913,0.804337535536095,0.664430226186948,0.85058708642237,0.415082889583619,0.903073532492013,0.418642693598628,-0.545418989701203,0.292684673587333,0.656553719078621,0.572034066486633,0.576933410885752,0.763573578544717,-0.376993771546862,0.186565737270324,-0.0523090367883111,0.454006268905349,0.518027025218232,0.232754187895207,0.409160360335297,-0.281338815489919,0.0584955154320846,-0.145011525216116,0.159468713935777,-0.154838774427472,0.100932863432141,0.0359705864742081,0.254151844198185,0.823402566719687,0.877717584575311,0.792637703811132,-0.0113764311286641,0.0617755362345951,-0.125800165381319,-0.255700940254796,-0.0228120884995242,0.383522761681984,-0.359470274390238,-0.247329799288376,-0.39175392597236,-0.0980981201264021,-0.174708111716465,0.445103097519893,0.324204388995793,0.536823953085815,0.654431406952549,0.835918717250742,0.846844111783283,0.865584958076653,-0.435601304291026,0.640307105013348,0.625465543079252,0.614368022741292,0.88019798582159,0.590419962182952,0.90902634255221,0.108945722973598,0.403022206065389,0.0190382367340648,0.647368821597686,0.809428472812797,-0.516148949541008,0.161403428207585,0.427393166934373,0.154532812090723,-0.209582560061488,0.391884726790169,0.35071503350681,0.667318337683781,0.416194779198033,0.513417634970402,0.374570619525028,0.0278324781283286,-0.311577418267497,-0.361784979121407,-0.00846346592026202,-0.35626330954508,-0.275832540094384,0.0255994044668687,0.828767640588862,0.877534888302354,-0.0158874616698704,0.052240269508204
-0.35319466975695,-0.140911078187632,-0.499351892138299,0.442624185307998,0.230963886015718,-0.288154662062779,-0.577455707889319,-0.452344907055879,-0.463169711712006,-0.530485955997233,-0.0769272314891637,0.221489681569171,0.364605559659859,0.859732902916826,0,-0.043987525672543,0.409426841476799,0.506605968877522,0.702136381582511,0.538973769204236,0.807863379336862,0.174954668068246,0.820398258155563,0.348916901568563,-0.646021496545331,0.213617252733907,0.566523055275148,0.600097102040907,0.397444715909889,0.823286017303012,-0.429203719344447,0.32994930540265,0.108795536699712,0.218833837289939,0.323682043060159,0.0258111659871613,0.282519543552137,-0.326957090771719,-0.167851961815857,-0.38903696745414,-0.0922244151623854,-0.356243579371456,-0.0799440831556974,-0.154885744605772,0.219249116452438,0.799719211584507,0.79841734645789,0.729898895584895,-0.267484971216957,-0.176670407069365,-0.0684692825753436,-0.356110166061018,0.0771833275320366,0.502604163993232,-0.553968388506049,-0.451797164162522,-0.568307803853999,-0.362616907414951,-0.371204008814668,0.293745309879408,0.255648200738755,0.455808631446752,0.648702000891476,0.780327199764887,0.880029961181089,0.930404682675025,-0.618038849763456,0.463990502907327,0.420940318541295,0.526663495272409,0.836947210476633,0.421443453115507,0.823722549250121,-0.0826647430813524,0.40421805178576,-0.10562749538637,0.463889750095755,0.851399951172429,-0.541998360655642,0.318161512607046,0.48269772890902,0.0209033958069691,-0.30111873539921,0.256393439272546,0.339828857323367,0.718390188465323,0.286999014143916,0.539161900733079,0.147536785642678,-0.159136481583268,-0.173142350862349,-0.501393180824503,-0.1286630315792,-0.466239018452006,-0.428756403394618,-0.091049765790275,0.778974176290282,0.783379598246066,-0.260762060890108,-0.164137143937218
0.0215068099558613,0.629179954038642,-0.0928550747699691,0.549876889940712,0.63605076458411,-0.18000392714885,-0.161379327430575,-0.191925868231419,-0.209436225090011,-0.170880935254114,-0.222311010008493,-0.181481298081999,-0.202753020086136,-0.168550815398599,-0.043987525672543,0,-0.20480125543567,-0.23631425975639,-0.205632208495026,-0.309126664647975,-0.222103931720625,-0.253151915108577,-0.183485465120744,-0.113190234148621,-0.0194054995479824,-0.187069939207369,-0.135413474166641,-0.0827676690929632,-0.331626840400057,-0.0744985410455388,0.00301500929968013,0.528087447508976,0.613559487913482,-0.373106582690215,-0.25259873945833,-0.430267545749618,-0.344037562438232,0.385831805444133,-0.394927250477883,-0.314094840568313,-0.488876943777791,-0.225512295821399,-0.286739218026522,-0.266035119776228,-0.0884804707142565,-0.0664511572164875,-0.170408723937597,-0.157601775996715,-0.304006279373697,-0.432929921994845,0.477756676516693,0.220961724693117,0.622684775032915,0.454333556161918,-0.0409806256514892,-0.242555499517273,-0.0244530759654992,-0.288567787820117,-0.175366660251394,-0.211830410617958,-0.143846310561597,-0.0976350817272899,-0.196768931669746,-0.13702926322898,-0.107570007066196,-0.0409343214166123,-0.175584693398635,-0.255898923678275,-0.369126406781148,-0.23480374631205,-0.185996405600192,-0.27104861178924,-0.167280441346168,-0.193707101021153,-0.0508982045729398,-0.199908927111893,-0.349334688177787,-0.106649492365173,0.0494584816596801,0.478117222715516,-0.0602881510167072,-0.317744339985876,-0.125714694255243,-0.143929408206061,-0.132237512220573,-0.261542838420886,-0.330714160496882,-0.185646460761007,-0.364086791627378,-0.309571741173321,0.283585182730289,-0.146162044075519,-0.064834103602023,-0.129175896307337,-0.155245705041577,-0.243809888151519,-0.1088081095992,-0.147769457344492,-0.319936366371156,-0.45764709827056
-0.0861300268495106,-0.0388545585824059,0.0780682391546061,-0.159567255511712,-0.067143140477564,0.401774880495202,0.0958709427009706,0.252876247661187,0.273762839974812,0.160631639231269,0.516117331704627,0.570763199735918,0.81932241354572,0.593324959519527,0.409426841476799,-0.20480125543567,0,0.785129828142854,0.742501636823077,0.735248498537517,0.619746928696462,0.789555861366219,0.591190806977842,0.64009748009244,-0.193468851786625,0.484118974582551,0.625415968902095,0.55510161163916,0.704704615773477,0.413510746539451,-0.229172343171538,-0.188554703064143,-0.257972773344038,0.674816784508381,0.771167611864542,0.492361225179258,0.502564427719929,-0.187037678094507,0.270355022870099,0.277221593250368,0.46681408547721,0.123304794736196,0.395987803020595,0.318901267653106,0.138812646420148,0.485078658559376,0.5719409817375,0.540354561926917,0.356634300987843,0.356367953793994,-0.120520133617327,0.0090533983364811,-0.226685408116358,-0.0652369799245738,0.154859238729337,0.259000639473062,0.00266302585708032,0.352718987261078,0.266842908335443,0.62612383700758,0.444468451668815,0.697834962229594,0.538902761742471,0.616976811899119,0.512261156690574,0.394467364039902,-0.0121569900826265,0.845933744802533,0.756864178011973,0.72876431570648,0.620749467526045,0.772929710688364,0.567177472841423,0.457579749170253,0.56036457557238,0.278876157342169,0.74536177025133,0.486471402264046,-0.408532297149493,-0.185778002724565,0.403872729878468,0.380458867379237,-0.145920061860399,0.622948618521009,0.458967399507204,0.347493024372416,0.487046684341601,0.388796059853056,0.68177690447488,0.419303666424787,-0.348429468504698,-0.0682121084724093,0.28159721072814,-0.165797467640413,0.0283712366338409,0.128294761740613,0.501367798231194,0.56884637059505,0.386042231751793,0.329013378336628
-0.224374614305454,-0.0391272014922272,0.00481286740897026,-0.0318724896681851,-0.0193457686884453,0.269826641088502,-0.000563472946753934,0.127918619523659,0.116525473911336,-0.0667896398957074,0.322709139404108,0.446251335888051,0.698664358460317,0.640007153128913,0.506605968877522,-0.23631425975639,0.785129828142854,0,0.767205999549478,0.767624268572215,0.684349543426422,0.644370406146075,0.666092208937816,0.642945032730385,-0.34409007100153,0.423761556732483,0.633200533806532,0.548458284136847,0.581951446475325,0.463023462175272,-0.28166029748505,-0.145357170385709,-0.247528478134423,0.655738519722275,0.701166349948405,0.546529493222565,0.440249161982566,-0.30231806647784,0.171183221472121,0.164275916573981,0.429280520710776,0.0195312100294954,0.272465386113621,0.161831443839802,0.253077851210476,0.571878301823646,0.657864595511769,0.590412507111537,0.274935289883022,0.30653769631338,-0.155255365524954,-0.0342404427565983,-0.14464201714486,0.0649033843913745,-0.00600070130253784,0.127247602117891,-0.0678325046163046,0.244387283502332,0.0935977708352484,0.591755348238114,0.411087347530362,0.652861294492474,0.563424575592496,0.659889946258766,0.620597577609301,0.523023759791371,-0.12389524870268,0.793601739440813,0.770457582580414,0.87844264919218,0.697683784021156,0.737998297786643,0.623489086146432,0.420079679990807,0.613649784303759,0.200766990653578,0.673167806492809,0.575942981262704,-0.438364249938099,-0.0868192394641021,0.530135580208948,0.464598650082131,-0.110607841112537,0.613805992106445,0.425076075575848,0.410151725164363,0.470440661995387,0.421791301615186,0.725693662216,0.401216857957073,-0.34431502730653,-0.118531685375974,0.214239166603067,-0.232574047728454,-0.01526294765335,0.108256184840873,0.581633448345337,0.635241150309933,0.268739244201287,0.291969918849112
-0.224350232000099,-0.125244301078342,-0.192000072502129,0.146017188899185,0.0487528155038232,0.0905891331066669,-0.220471426256594,-0.0785901175104282,-0.113970847818029,-0.253164761305495,0.195877321596449,0.400008799465704,0.642366813257247,0.804337535536095,0.702136381582511,-0.205632208495026,0.742501636823077,0.767205999549478,0,0.714421859708623,0.781024153760113,0.517865913031361,0.75480788893866,0.535656924305857,-0.508213841334003,0.405363878854595,0.651349032235653,0.601157967455261,0.637441986980634,0.588771441615209,-0.3722415703817,0.0691931124607511,-0.141683349973968,0.536441719762048,0.609070771590103,0.337765839285666,0.445256172008717,-0.303462453432091,0.0855656515126102,-0.0625188041283133,0.229459442073364,-0.107484340224307,0.155586867966585,0.0940477309656752,0.231440389724328,0.683069459495833,0.750942238795903,0.674267790487071,0.10174294872441,0.147795014341725,-0.0988860264227356,-0.166703715914135,-0.104783823778442,0.24270103769813,-0.189067354166807,-0.0894693745537305,-0.277859129533372,0.00620392894707072,-0.0658440712104545,0.531451967357447,0.37491492514982,0.644602989312365,0.681344401855093,0.777051499603744,0.763208362279982,0.696479771772859,-0.335875189850827,0.761388790165387,0.690659795585841,0.702621264613518,0.781024330745259,0.687201973813802,0.747586692845942,0.216589664246702,0.550657335313007,0.110889775413987,0.738408398229537,0.69281485154343,-0.533907167800163,0.0945545811386257,0.562295123015182,0.257138641152173,-0.214787362301759,0.513640909304244,0.400523266312333,0.578957033428068,0.458627495754262,0.540439655489339,0.511130763901681,0.162639986989904,-0.297090511474917,-0.296168342601293,0.0816527132104111,-0.369882504908881,-0.199929402194584,0.0729120445286706,0.681361376958912,0.713730076112066,0.0853761246296815,0.12006080143598
-0.0894178304675927,-0.212253567329122,-0.0698388700197911,-0.0970442812024207,-0.0882189171699891,0.159152528365955,-0.0905691281515898,0.0260682447852065,0.080017792580369,-0.0776870282853832,0.284056728088905,0.331622615105406,0.649102322429191,0.664430226186948,0.538973769204236,-0.309126664647975,0.735248498537517,0.767624268572215,0.714421859708623,0,0.784529499559628,0.572788128704957,0.653768135282485,0.563593570767747,-0.360523931270571,0.307988622347456,0.682434720344882,0.620770703406499,0.743180546462729,0.476036480442325,-0.370231921165321,-0.20131884502884,-0.247047303371027,0.700034154350992,0.711212818754019,0.511747478938864,0.663826885672843,-0.325027191297103,0.167917064585075,0.104539713397614,0.441790575672633,-0.0155356149290173,0.257989624661869,0.246630256273679,0.247569639428085,0.585443406357384,0.638594202802205,0.53885213898576,0.217019576275067,0.437794077189062,-0.148026579114551,-0.199150717579421,-0.261504346359979,-0.00931561762854297,-0.130720599744522,0.0641582802947479,-0.163463350016897,0.151055469346232,0.0111481281267167,0.425813669813769,0.355010136869102,0.530037244131956,0.539882330433875,0.5982131927499,0.627736900034628,0.498409246386849,-0.164366486088642,0.735895061751544,0.789029840605127,0.742619743349073,0.754969112762904,0.668346662051036,0.634757824462169,0.208969085219871,0.482582640158261,0.104845266600291,0.756514813495388,0.533191451271859,-0.507162228881352,-0.184958320399383,0.388144433958227,0.446480231067551,-0.188799380255391,0.541185319920183,0.520391178282686,0.519363037894254,0.613872280660947,0.418973199693682,0.706102662443241,0.362580218214347,-0.366144034709948,-0.165184720676769,0.0798135416328721,-0.289150655128442,-0.101042265290946,0.117722546313373,0.607650709145561,0.626267949416067,0.230928048302055,0.409988608872199
-0.187975282743111,-0.160162234410527,-0.263408082180432,0.189795215692642,0.0843834766287316,-0.0168796850240162,-0.307011600640094,-0.159606967601819,-0.161569040873372,-0.341549699506584,0.0789319019425076,0.249778263899198,0.52060026768475,0.85058708642237,0.807863379336862,-0.222103931720625,0.619746928696462,0.684349543426422,0.781024153760113,0.784529499559628,0,0.398085578203144,0.808769729544994,0.401471530128716,-0.568826518522561,0.237176559970851,0.642870910653963,0.614366193578024,0.596767425189041,0.689033823510195,-0.412219308626241,0.0604576401303608,-0.0793253972377739,0.497194772931766,0.53169298754397,0.239880870396896,0.436419006454746,-0.365449742229457,-0.0128722990907025,-0.189754853998451,0.185083751423958,-0.231379856287702,0.0297308954874663,0.0390242013138208,0.186187275704571,0.719670808070386,0.798368350207756,0.693238771543614,0.0247849206142348,0.136885110159215,-0.088501516887768,-0.238833548987951,-0.0227460798006386,0.289993761879201,-0.322979156457083,-0.162705912004653,-0.315334614393248,-0.061167719973694,-0.221032153830184,0.347467652857034,0.268302545978958,0.488558549933871,0.629001852230567,0.761579092391791,0.870119917044586,0.774664049624813,-0.404541333953155,0.674702424004656,0.695370129841581,0.667283619843061,0.918901140563944,0.571968452105741,0.80418891417891,0.0158071988537153,0.40468842688083,-0.0435550588802189,0.669015230787603,0.729587630617091,-0.536725391917831,0.0541200450176616,0.420251928047827,0.195357544921576,-0.284509703301115,0.395588933361793,0.384844564418246,0.659592431065079,0.415201790449386,0.474628974758659,0.417734164193663,0.0075079920029736,-0.267337580615298,-0.3424336984658,-0.0395744539591556,-0.422212865959246,-0.336976778443077,-0.00873655250285593,0.715562372842259,0.764309032365377,0.00122901060071216,0.123388837514504
