0,0.2192022846963,0.391384021397729,0.113202636362447,0.107400263486307,0.480699515190183,0.407037489625054,0.138436297582385,0.0974996514463254,0.446236713551411,0.284621663067737,0.281818397519113,0.0576311879755486,-0.102099204522299,-0.244816343187721,0.285420935429108,0.115427765994632,-0.0191389765551448,-0.0366455575508044,-0.292848514995413,-0.180642809151205,0.0341162329735681,-0.227312504227131,0.277417684402815,0.530924823680127,0.236296150060806,-0.0849766046932803,-0.381854534718435,-0.376642161989363,-0.226346312359382,0.407593669467942,0.425675860789321,0.323683127032167,0.0428106368559049,-0.0125824433121555,-0.0968596270749092,-0.161195287166103,0.510881732660025,0.508909395089045,0.488785314272159,0.287887479313174,0.383745155695459,0.328098382395069,0.0397687647772092,-0.0967175715882798,-0.284261655241936,-0.103748703016127,-0.24713676276714,0.389143249132555,0.0641021595567009,0.353229946716521,0.0192855664236078,0.245704294677597,-0.18248085378097,0.253353712892365,0.250072800865651,-0.0476914478018175,-0.0801904214945783,0.271311915375479,0.0338916186014035,-0.0174554591207546,-0.0844314191485934,-0.29050921464231,-0.116757205321698,-0.153662556654299,-0.218949947470182,-0.0111374213209305,-0.220139377146366,-0.184515828766504,-0.379072075437679,-0.312218244052969,-0.150439600441811,-0.36504521069865,0.170067066022264,-0.203844044699991,0.208262244590948,-0.271842499153168,-0.337513919242903,0.409048726736271,0.421387247519207,-0.0849848281478551,-0.119121254470226,-0.276976516762556,-0.470371865796716,-0.367833919431879,-0.476083006094257,-0.193287612289153,-0.29362932271738,-0.0505525690769286,0.150455338603666,0.2508652958452,0.48889412076263,0.279046745291569,0.312330976085957,0.162276862167033,0.102954950432808,-0.250477954553652,-0.352365918296788,0.363049991848276,0.0733794240397573
0.2192022846963,0,0.733961396333552,0.226365937016876,0.492147483943349,0.354593575560172,0.488365430403483,0.314686663277109,0.198929137738356,0.282166271775599,0.378431603818279,0.080187434875361,-0.0587518388264394,-0.301902400128496,-0.411029390321059,0.693383540611064,0.183935401316659,-0.210961908837564,-0.222768574100763,-0.343193886211934,-0.466985732720684,-0.17938464591524,-0.471648250743982,0.435367862232456,0.315136787305502,0.183600647059001,-0.348221843634506,-0.501877983534951,-0.303310371873165,-0.487900488587517,-0.179025990542151,-0.02695876642043,0.26121569625879,-0.145604800181255,-0.0965306570174391,-0.00355991815174499,-0.276181677840745,0.230427326810093,0.322882274512712,0.525503444941827,0.311401998401672,-0.016779659428354,0.056455272663023,-0.417801361504123,-0.355958764886938,-0.485425663470855,-0.305360612698404,-0.342201188401347,0.0868393768841854,-0.160591672774091,0.375415206201226,0.657210925562759,0.217365249863872,0.0349470667874882,0.419884050824725,0.236344089852849,0.148894931604556,0.0476140562473807,-0.0401531376877459,-0.0420193576778223,-0.00115675080092134,-0.204747021883073,-0.270097472549805,-0.218515789137783,-0.25319069225341,-0.390092670285779,0.312436946889555,-0.363276860748685,-0.259604775140028,-0.196788838476541,-0.350784821563699,-0.383145899588042,-0.440075439392956,0.236550818826803,-0.0191135757198607,0.0598111834116439,-0.313329900574436,-0.436479910997815,-0.198049005125941,0.213177643558723,-0.165077764729915,-0.169397503882063,-0.228457590312772,-0.10466909003089,-0.523967240935682,-0.475860274600961,-0.269578156127589,-0.534812576974687,-0.295869737614489,0.0234706619139261,0.150296614045134,-0.0477172892570095,0.193412361602316,-0.0848929106869408,-0.0324565278973525,-0.364232704514416,-0.475725857694592,-0.551172427418801,0.0798291473486744,-0.120024417404537
0.391384021397729,0.733961396333552,0,0.106663526232105,0.360480633818741,0.59042335548394,0.51555516049233,0.27794368886905,0.343294288664036,0.244885870167934,0.416767879630159,0.136466425261337,-0.0903656948461959,-0.397837340241218,-0.490110954069422,0.671954285622469,0.155350031213925,-0.307443355130017,-0.306639711122614,-0.468332782358004,-0.538900712575561,-0.193871488816543,-0.551398260617256,0.446611211804406,0.414724527572496,0.258847482573963,-0.347091121570741,-0.535209898942224,-0.421086566019248,-0.51674140610674,-0.0787643238971029,0.030494539570415,0.303077111837667,-0.213420665598401,-0.0773807861397747,0.0221652412681788,-0.307272216351837,0.335646616122583,0.456121759649458,0.605682977680275,0.348844185449477,0.128106724791534,0.207506616618583,-0.305468608772652,-0.280745799806623,-0.502430828146538,-0.297899453622052,-0.394390627580993,0.21305648401709,-0.178359690816432,0.449521805009895,0.53943478186708,0.244244429028213,-0.152264971272344,0.58334812933839,0.410932157379902,0.0592827556906733,0.0879265701217603,0.0270290797209992,0.0381136672606192,0.0652763565780742,-0.229616449582793,-0.385973172136733,-0.3088203688697,-0.357058746672905,-0.447712266265636,0.29386641166821,-0.419124565743716,-0.366301322610971,-0.362661546574057,-0.474112881940696,-0.449330543392304,-0.589141527060293,0.306393133848495,-0.0411028581789081,0.202626252751649,-0.424913287153098,-0.524294897380741,-0.124457469757089,0.385497846294087,-0.226487528606195,-0.183723480739633,-0.19639696593632,-0.202006680619587,-0.60429456802903,-0.641959129468632,-0.331703328265838,-0.591220402470473,-0.300960448143595,0.0729899281746454,0.154458354686729,0.0654627476847233,0.277432696676122,0.0573727741211683,0.0896439146359624,-0.295142997725094,-0.497552025698642,-0.637502044044491,0.249021749853174,-0.125570392118378
0.113202636362447,0.226365937016876,0.106663526232105,0,0.487703153373889,0.151880849237743,0.396767146864611,0.410164348742914,0.0239526670994593,0.111127935130114,-0.0739502589482284,0.187113360328358,0.0802145250023788,0.0469125119533174,0.064711417964553,0.297177180381343,-0.08093368187934,0.139149605833944,0.0438846226761295,-0.00167403693192834,0.0440668784815643,-0.16484111886743,-0.0325543791560006,-0.0288881821193594,0.0743317606047356,-0.076955513638306,-0.233479827773008,-0.165340224924796,-0.0773594292605063,-0.0256906038945246,0.0365910143395498,0.223336178950122,0.209754830849098,-0.0315496505150558,-0.198322446473983,-0.0833811074269875,-0.115606655790919,0.358906767275804,0.331923886452494,0.15655741445208,-0.0261804522033836,0.02445069744122,-0.0993234102137114,-0.072611831050259,-0.0197193857430019,-0.139389439762863,-0.202333221335144,-0.130637031818109,0.143385845974104,0.141510536653777,0.405283100455402,0.279145563656911,0.471746849217579,0.527920957571627,0.177085446290516,0.194457825433956,0.43867738460396,0.116835341893325,0.204232857084607,0.190305652163006,0.161546182444791,0.206620476142833,0.000783753064930508,0.00629648840118132,-0.0453568914693039,0.0665894177896855,0.21785264538314,0.085478062665013,-0.168947602667653,-0.0154423722618168,0.0427591351313977,0.0772267717289784,-0.00843222560173254,0.321851751135827,0.16675007845181,-0.044517285626393,-0.0803457156035792,0.0402160735868843,-0.0639129264998374,0.269147265336235,-0.169176636441187,-0.1562472096188,-0.128684199916905,-0.266578896196938,-0.237906330089158,-0.203865216777822,-0.134661905011952,-0.14252065635223,0.101321801859492,0.104554306096472,0.256532552218058,0.168321090775998,0.226682762087463,0.184572322238195,-0.104114975834334,-0.227416076257412,-0.13509086200883,-0.103737144630919,0.225199956737268,0.140267719612839
0.107400263486307,0.492147483943349,0.360480633818741,0.487703153373889,0,0.407079110021022,0.317148444612873,0.331705111628282,0.227172552662222,0.25585952010101,0.116988919625806,0.306848120581438,0.144310652597853,-0.262396869262354,-0.20976963021742,0.363927035037179,-0.0099259228993079,0.0413719146306946,-0.191244585211116,-0.0908594377542114,-0.188685855659562,-0.151916200784078,-0.310487557207826,0.212519552846478,0.168283949503273,0.126294967104111,-0.341584522445716,-0.27770584080916,-0.134081236695386,-0.198699199779409,-0.0194713175208086,0.177507243992934,0.170931570231269,-0.0746158890876843,-0.115223042034222,0.131748563566033,-0.0253817789070139,0.247848075921176,0.280557297101576,0.254461226356816,0.149631379979375,0.0566395435816408,0.00568393814123878,-0.210778263623289,-0.08664883539075,-0.367721003168345,-0.352601215958326,-0.306513136123697,0.2270133588069,0.124122695349926,0.318443947858512,0.392294589523668,0.403914208658191,0.498830994104671,0.584736647943345,0.302236684557582,0.233733907091728,0.217898504139947,0.222906302556183,0.191050848137259,0.333541776459712,0.156582629219003,-0.0872470693814058,-0.186473990383406,-0.229172413623525,-0.227910723751758,0.196816588080442,-0.0470826688997086,-0.111855079184954,-0.0439601579580006,-0.157034928381233,-0.0222024992647447,-0.236522433384175,0.233163637941086,0.25760966052332,0.0849159023966157,-0.206298244383335,-0.090869737901187,-0.0942417376402246,0.254650355387086,-0.00625690993301998,-0.0407430490898993,-0.0922916777569368,-0.158117936674783,-0.321248307618882,-0.317767443335538,-0.0974946767232044,-0.210326723783923,0.10808686982992,0.183673665033452,0.291142299923967,0.142203274486332,0.167572331790524,0.17001671273261,0.0442366534775963,-0.286922570165441,-0.361199443724678,-0.3004517485348,0.184878479468397,0.147348525128111
0.480699515190183,0.354593575560172,0.59042335548394,0.151880849237743,0.407079110021022,0,0.521811007144185,0.528319258168153,0.682246996863478,0.378409063580609,0.259214310385009,0.444176080878184,0.306042506297958,-0.160441456720575,-0.220517360291907,0.389775548585142,0.0879942270707975,0.147682722705042,-0.00304901786387149,-0.0838050356779656,-0.109968853324544,-0.0645046236605108,-0.375623333351171,0.264380243438244,0.42596395537067,0.205838736970549,-0.400732824316642,-0.413808004770567,-0.29477560291953,-0.347565331046466,0.193565885459486,0.381768982879548,0.134959513314205,0.0866648871592015,-0.167108046117188,0.0916090015552841,-0.228597149155145,0.594931160157855,0.648623938503285,0.546077578606521,0.296196938108276,0.203186298252781,0.20292389863393,-0.178130714270411,-0.18277691808,-0.521819887515706,-0.328466859801739,-0.471458985511226,0.587157010778692,0.243470412105694,0.341430775149912,0.241176311096431,0.333972277390521,-0.00878525987104221,0.778071136716955,0.79303884659029,0.245838396782305,0.527615367024618,0.357012614713473,0.287335133783422,0.259420917156225,0.257544945987098,-0.112548517977355,-0.161435552262166,-0.23544904769274,-0.226270651510442,0.287682732778992,0.016920265363018,-0.108395324993843,-0.0725843695756503,-0.202860246232387,0.021267490763695,-0.456349435274567,0.454860381988132,0.145350617245723,0.217729885057166,-0.349646747711399,-0.290267032289044,0.0901387922944575,0.444967574005945,-0.114790065997293,-0.0162025421198806,-0.272677224869734,-0.367046628385068,-0.590009527414939,-0.490222777686069,-0.272094135976955,-0.35850219262384,0.23225938666972,0.277012825173365,0.172125460829524,0.394609725273972,0.4639865009965,0.24394776336665,0.16507862758594,-0.204224733297964,-0.49572556113621,-0.475902848226492,0.588662352987584,0.294794376017757
0.407037489625054,0.488365430403483,0.51555516049233,0.396767146864611,0.317148444612873,0.521811007144185,0,0.617610662667371,0.344904145789099,0.457659801997204,0.420356108589966,0.401743339696197,0.290188938184996,-0.081015334037308,-0.329416710144315,0.637363535932631,0.382688334486527,0.178807449656642,0.157228690623191,-0.202818547074375,-0.171098807728359,0.109262631831327,-0.352563389032003,0.459809929856814,0.467099688680901,0.212900595543419,-0.27639129843053,-0.465443213966649,-0.356301854939201,-0.448262399267365,0.0393568299731577,0.229772674908859,0.283312808829476,0.253381102144379,0.016814931684307,-0.0214378810190917,-0.387841929994744,0.530552569031742,0.664025704328053,0.736594109870939,0.523165452710037,0.108766935406274,0.280135818155907,-0.236590685293314,-0.201987720567563,-0.47033130627643,-0.164334246701777,-0.365302192755579,0.383412692204427,0.125215339679827,0.365084192616997,0.341416713215367,0.437162450371521,0.0519560245625279,0.338080011691746,0.410488587856535,0.328422128238286,0.20759003697567,0.173684763620672,0.0816834694079638,0.0922005397242223,0.10961669521381,-0.237129357005343,-0.175067073380281,-0.260391536907439,-0.32462499640213,0.388888338220296,-0.087356299240396,-0.231019378391972,-0.0907307965299176,-0.279620875177256,-0.0488363631800397,-0.387774530336309,0.409967793471825,0.0502934806116718,0.0354598346654058,-0.428013378203635,-0.391985836655627,-0.000352802750200329,0.281373276786614,-0.280570541615496,-0.179003147666536,-0.257012333432393,-0.234196505901344,-0.537082310041456,-0.432669074188318,-0.415014004679472,-0.460610157079253,-0.0544207770770365,0.10556001660136,0.105602502762397,0.220518786943761,0.287796223043473,0.00994190958590645,0.0266226589399215,-0.239430266207962,-0.436884575005645,-0.493118580301828,0.346934291235353,0.116519162196918
0.138436297582385,0.314686663277109,0.27794368886905,0.410164348742914,0.331705111628282,0.528319258168153,0.617610662667371,0,0.633407531267467,0.235283191531341,0.0412772958558145,0.29528506113162,0.220800128432261,0.121347401320985,0.0171820738780548,0.385704056967728,0.0534146314057918,0.491231565558579,0.271685022294129,0.16888774630932,0.184398996006114,-0.137840050474169,-0.127255702036771,0.0310047204720356,0.139917752422944,-0.0490855223588819,-0.422534818212804,-0.250617429393378,-0.106002988673439,-0.223215854514169,0.0551484850850391,0.196221859718882,0.0793305479217132,0.351246372926448,-0.286736431077509,-0.000727974247725319,-0.427369189947956,0.477528395977398,0.522196769021055,0.334259984123093,0.167229866454928,0.0152500702412234,-0.0613935564301543,-0.281681376490024,-0.181832980665817,-0.353389519461932,-0.310210850006672,-0.297566728570074,0.372425680524536,0.342027505269989,0.250543926074839,0.355493781460906,0.480706904416588,0.227965594199973,0.443085570427076,0.626393504537368,0.721969774964203,0.706899981762282,0.320817994721789,0.313196944387393,0.151341904541646,0.318108093165733,-0.0811269341868894,-0.124532662590031,-0.220804107343944,-0.0333090372663513,0.517231498487984,0.207945763646716,-0.121340651934712,0.263733048628672,0.013013791780489,0.166885895192534,-0.21858095236945,0.549007672243096,0.211580218219716,0.019824029276837,-0.325966845132805,-0.191675957585096,-0.0897292304440199,0.165378793608636,-0.274565877747284,-0.123838395486537,-0.259010084077379,-0.229582299755249,-0.46712478831311,-0.253018943138812,-0.435867300662685,-0.200468230982657,0.265936051309094,0.173433169097656,0.158974343575689,0.181334718626643,0.493493894245794,0.0974616639121613,-0.0403414438812894,-0.347761603438911,-0.351744188665419,-0.243108687151113,0.479415732977484,0.338000872970411
0.0974996514463254,0.198929137738356,0.343294288664036,0.0239526670994593,0.227172552662222,0.682246996863478,0.344904145789099,0.633407531267467,0,0.219543081061943,0.161957177838443,0.305103649025453,0.269801528654792,0.0394145682086212,-0.0179802342633582,0.232942491792625,0.0999223625817146,0.214948721298875,0.190033308273423,0.159221680270114,0.102023548885325,-0.0587282839768819,-0.199713032403195,0.060649974040726,0.176781639001089,0.0321483965435323,-0.399564160004736,-0.0911228181293347,0.0443951257979369,-0.250674128092099,0.0390840268199935,0.13008645148402,0.0357063801617346,0.225458680995736,-0.216049283026241,0.160566144748578,-0.237793181139758,0.342345479109937,0.416239181231121,0.27429832228458,0.163369658591552,0.0825973886543836,-0.0115882954774979,-0.215120116091381,-0.173697533277851,-0.35535581401521,-0.296946553264338,-0.34087251797227,0.414857054228873,0.27272029767628,0.159674595700134,0.271898659533373,0.244032493346492,0.056827844629339,0.585812287167621,0.796965184339698,0.408105951113931,0.787915974045188,0.255847618773941,0.34193364040094,0.197299836890968,0.330669097569963,0.0184745585927472,-0.135875942980105,-0.219757696152762,-0.0652401971549213,0.43613094139361,0.216435057284442,-0.0164460041894587,0.192322553209833,-0.0167077971332948,0.10493460752915,-0.29259864388113,0.438374773828131,0.271643462396184,0.164880516510465,-0.278499513870435,-0.210839655611775,-0.106190816745813,0.148861709677783,-0.161932302869291,0.0120167342267923,-0.148417986228265,-0.121857502293908,-0.445294563328574,-0.235355661533838,-0.263977989087205,-0.146020430929262,0.281738280040362,0.179315628791361,0.0957324808988267,0.16332666560659,0.429438009504162,0.104798792429427,0.0205510943895332,-0.260910138397081,-0.376368344341084,-0.269008892911424,0.460930927637519,0.317709112958021
0.446236713551411,0.282166271775599,0.244885870167934,0.111127935130114,0.25585952010101,0.378409063580609,0.457659801997204,0.235283191531341,0.219543081061943,0,0.609700073501839,0.708052505029166,0.329849041388755,-0.323246669911202,-0.470017405499357,0.282489609681265,0.382234671308569,0.0288352136699416,0.00254657035104198,-0.158854425330101,-0.210541300282335,0.207385343924795,-0.522237105842431,0.629776386019109,0.685297425475318,0.546944850415863,-0.223486339689795,-0.266799433273155,-0.196793303750555,-0.485550499234456,0.152525846531298,0.242661966993709,0.140447058597416,0.212107038336744,0.149650720529008,0.0867590983377044,-0.0150417324455921,0.344331040880575,0.473458360138259,0.594492908164602,0.50624609984048,0.315223994115921,0.442284110974406,-0.130817000977621,-0.153660810933688,-0.590074150588046,-0.237409852069902,-0.54093979155848,0.363588797985806,0.0797210490995109,0.0606598669562057,0.176456298358105,0.1501714811864,0.151053964704974,0.165102377160131,0.168064358028247,0.00543627891154379,-0.0297463323772231,0.325174481329261,0.213560851792958,0.329679918098897,0.044383883706037,-0.226006009185199,-0.373247607398834,-0.387738881071341,-0.529480352829318,0.149142264076213,-0.211733524651733,-0.137543900881552,-0.199688005662296,-0.399519329872619,-0.0812990005966421,-0.527420939897637,0.197030278284551,0.154706113486147,0.377430848474828,-0.372313844786124,-0.319667715129904,0.183426869567805,0.169868950424192,0.0071948350310211,-0.160609496837254,-0.155539993482909,-0.121961572148711,-0.370548970619821,-0.398294708285224,-0.169272841739626,-0.274605340499137,-0.0373422791467981,0.0907881074614789,-0.0412657188347264,0.286279517806138,0.166713004293869,0.156018331167471,0.273099861239943,-0.0565449457824641,-0.576898765794579,-0.597363299500616,0.127414651686802,0.0489626907616284
0.284621663067737,0.378431603818279,0.416767879630159,-0.0739502589482284,0.116988919625806,0.259214310385009,0.420356108589966,0.0412772958558145,0.161957177838443,0.609700073501839,0,0.470059961469523,0.282527611878898,-0.338152879725324,-0.508584532289301,0.363685577149993,0.597194989018991,-0.262577571815321,-0.0372643353011992,-0.368144838389217,-0.40440366264908,0.26389666652375,-0.492877413886525,0.763144118171365,0.613355429378088,0.61229444473281,-0.110468037880698,-0.217339653226539,-0.15201762745686,-0.504789981381771,-0.117310891127299,-0.0549443249531518,0.12156429497198,0.0869405043080802,0.280609499404509,0.130569300818586,-0.0180460172264854,0.0553772662597257,0.250472972219742,0.595716474719587,0.567579478846929,0.238392686562143,0.430070210877658,-0.0999701033846805,-0.200113674776099,-0.465700398557629,-0.091229417185549,-0.374485947248547,0.137205071587549,-0.247379809294346,0.0108549260051673,0.214716541838541,-0.101442320049041,-0.130600845319367,0.10978060955304,0.0683522928652696,-0.218742293871237,-0.178203629369119,-0.104647475648059,0.0263760205329619,0.108970909645691,-0.139867570646377,-0.205094911206871,-0.268984404279875,-0.278694193263785,-0.517531118465507,0.0562508296651724,-0.36834872873293,-0.191014902451661,-0.291743689507308,-0.462835738322756,-0.349745249709608,-0.489611342022146,-0.0430372205335426,0.0277898651258714,0.272013275698346,-0.303436558487662,-0.372129663234146,-0.0476873614954863,-0.00841856272621425,-0.092497282848928,-0.202808060203124,-0.065426887568555,0.0708481627879856,-0.353380327922097,-0.397468988889553,-0.0878857217250738,-0.370324207803628,-0.313410271574684,-0.108579114937738,-0.2257332518634,-0.0242857546590933,-0.0755376897454491,-0.100057214280821,0.141197084776502,-0.01064730234611,-0.472965520457813,-0.613737866866838,-0.0275426807877862,-0.200398706025335
0.281818397519113,0.080187434875361,0.136466425261337,0.187113360328358,0.306848120581438,0.444176080878184,0.401743339696197,0.29528506113162,0.305103649025453,0.708052505029166,0.470059961469523,0,0.523927193890448,-0.157217751935378,-0.231420323151278,0.191940676766552,0.340310537085317,0.160705677383599,0.110335610822443,0.0051210458763927,0.0333785938189298,0.216677225050804,-0.306278174391946,0.460541225552604,0.510566973471188,0.534895575621344,-0.235856978767817,-0.131689951537012,-0.0168453473261646,-0.266882713899269,0.155405024177892,0.319725785846416,0.103801801874881,0.212628756563417,0.126224040300147,0.0731731857449939,0.0187637979336017,0.356487651365762,0.508112233261762,0.462528879699535,0.321314075979639,0.390430470893048,0.398771333202008,-0.0103831789406849,0.0116012704599551,-0.45727460884466,-0.213218993105744,-0.405136648405002,0.388539970935783,0.163944501585524,0.110898997566768,0.03173673101358,0.246332319225752,0.222147414868841,0.291730219084208,0.324473250728682,0.0359306914130909,0.165011280194536,0.398371522094853,0.426645711353391,0.603093988519702,0.383810380299004,0.0485728897432331,-0.18345862589564,-0.21793229278404,-0.273334780407511,0.0572665719359923,0.0924673496910883,0.00332163567636475,-0.0377109015031323,-0.156127921481545,0.184205627681268,-0.294734508574135,0.23914407968984,0.367461216385913,0.344023003480337,-0.204212886472571,-0.0735126906121414,0.0666658934977878,0.223969432996366,0.0499952676835419,-0.0846448327505805,-0.0710874871644573,-0.159018827341413,-0.328219144431898,-0.273876186015272,-0.0905882105557644,-0.141535869953037,0.155157843345154,0.166413948439273,-0.00467859641674869,0.319025200460001,0.127634389905194,0.224567039091125,0.287136355243383,-0.0954139331628616,-0.448526820805106,-0.392845490703149,0.220145337599227,0.160934671814666
0.0576311879755486,-0.0587518388264394,-0.0903656948461959,0.0802145250023788,0.144310652597853,0.306042506297958,0.290188938184996,0.220800128432261,0.269801528654792,0.329849041388755,0.282527611878898,0.523927193890448,0,0.293384286869231,0.0772290249410111,-0.059557755446249,0.52001397819082,0.232327127395292,0.523899614187065,0.101615634810124,0.242280847339438,0.524225632351327,0.0784510202074373,0.284496097063505,0.141247781549895,0.240740009562024,0.0318713315402461,0.0317766380095206,0.0381887922772779,-0.0406282998978724,0.0537563071943561,0.154448234359668,-0.120824061945111,0.339471312935463,0.231942144467516,-0.0972861387949486,-0.07888770148298,0.151015759078973,0.286230725532623,0.316088319129855,0.194323246736713,-0.0666406966685426,0.153511261451951,0.0351200822359644,-0.0501339677675782,-0.19064011538847,0.051283752058939,-0.192312045614891,0.223862215561437,0.0744447406518495,-0.121753870761246,-0.0233655995176028,0.0254532197180709,0.139735284849041,0.132961983265549,0.310584849005918,0.0325603565463059,0.219438776857599,-0.0315495566514201,0.000981525037809439,0.146327750375194,0.653368491025407,0.436540576858949,0.182394035230296,0.134994707130189,0.0487790811928488,0.0168383249368552,0.35534881848,0.156445297216718,0.124939988045099,0.0705558617669987,0.384415789505619,0.0660795861940412,0.0274687064196017,0.153439445289988,-0.159834554069791,-1.32971048812829e-05,0.136566442801652,0.082528639245219,-0.0507534280056589,0.0050025430093078,-0.0678689030671848,-0.137932839254109,-0.0567805852874173,-0.0748580692042355,0.0991107010129931,-0.0498213356138065,0.00898891848203363,0.113295739605906,-0.111727628117786,-0.244355929764078,0.0680155785323245,-0.0412874160604847,-0.147164521160064,-0.0625386201739808,0.0676073081519229,-0.147900507638825,-0.104526515473333,0.0919400874093564,0.0769138050897207
-0.102099204522299,-0.301902400128496,-0.397837340241218,0.0469125119533174,-0.262396869262354,-0.160441456720575,-0.081015334037308,0.121347401320985,0.0394145682086212,-0.323246669911202,-0.338152879725324,-0.157217751935378,0.293384286869231,0,0.766414596088578,-0.268586803043187,0.144269273645659,0.428449343578147,0.734831754694435,0.442407022099029,0.701123995356515,0.152917853284056,0.787536212801602,-0.34572740729337,-0.436211831941114,-0.415106467318656,0.154192801495418,0.331402277531487,0.403449507940372,0.547564371594211,0.0353440588188626,-0.0727605012130165,-0.0877750629918413,0.395566859297,-0.14070106547942,-0.16193725038577,-0.0667719936239163,-0.0387936050589418,-0.0337443362847983,-0.209164569103936,-0.213350118416564,-0.172890675582456,-0.370412150515081,-0.0123248285933376,-0.0587624187360326,0.403912005852032,0.355155131323587,0.481654582366993,-0.0897431030365053,0.139570038510631,-0.141958154739057,-0.252437288176263,-0.0144961774056688,-0.113081286273582,-0.236452022763483,0.0300664971970709,0.0947350950167772,0.211888939979325,-0.224436628175573,-0.18239499608211,-0.36042588496301,0.381440511105651,0.519776348568555,0.567601200637371,0.574678151769286,0.721728172258018,-0.124471639399253,0.541290733062028,0.315722860815503,0.30380403899859,0.620228963016221,0.3097817961397,0.625438553132281,-0.130364968594123,-0.0912901146812577,-0.504319978285692,0.46517299929621,0.420318148488135,-0.0155181036691112,-0.262046257451212,-0.0198828893818987,0.0369394209176103,-0.224833097981343,-0.199974470983708,0.165892808428601,0.430034965358347,0.0465932420366581,0.276154657491211,0.191036449437898,-0.172092396822071,-0.0147939068415018,-0.158291802181732,-0.10420878230283,-0.192166013748724,-0.486471887716366,-0.0328589098892347,0.430626420858248,0.546897551292786,0.0140877675068224,0.119489577700952
-0.244816343187721,-0.411029390321059,-0.490110954069422,0.064711417964553,-0.20976963021742,-0.220517360291907,-0.329416710144315,0.0171820738780548,-0.0179802342633582,-0.470017405499357,-0.508584532289301,-0.231420323151278,0.0772290249410111,0.766414596088578,0,-0.350828833822763,-0.247401101258255,0.431712612158816,0.460738341013628,0.6248487431376,0.768799187242037,-0.187968289132106,0.802843951888582,-0.570983828138353,-0.542805102136662,-0.466159709192819,-0.03076187532002,0.404768699115256,0.538667348592316,0.761029298618982,-0.00565851997154918,-0.0673134589903512,-0.261145631532844,0.229536117909317,-0.4087264338623,-0.0319688295616015,0.12912544043697,-0.082327648210598,-0.218135828188254,-0.46884596033269,-0.444963640915867,-0.160015279445981,-0.570079734089284,-0.0793245964397669,-0.0746622053099443,0.411919548915524,0.130083142400132,0.458009186779134,-0.176193978608646,0.215812512076413,-0.181912698091497,-0.299228399266728,-0.0322584501697664,0.00155877585338528,-0.168070453198945,0.0146095257688847,0.154328128829453,0.270501174314005,-0.0716466691064239,0.0612742229716703,-0.194535902529596,0.383411822523956,0.58798534132681,0.569883723172158,0.618546629014642,0.909495242665996,-0.120521748310089,0.578708491425695,0.412678567887512,0.425342484972909,0.821644198484182,0.354734343387698,0.75086016614933,-0.0386911031297224,0.0830413134666955,-0.349065541835282,0.611228116266972,0.662409216361229,-0.104475960994353,-0.25263883792187,0.149542019600048,0.172882627499567,-0.222117157852632,-0.183799790086081,0.209746037063585,0.500290577769946,0.230050102962799,0.355878095945363,0.39042906908667,-0.000208001390214272,0.0294937189458287,-0.144896178706234,-0.0224294152985018,-0.0467410039899234,-0.426271233249463,-0.168294011570037,0.429615705573726,0.654815061859065,0.0440577586553762,0.217208516127011
0.285420935429108,0.693383540611064,0.671954285622469,0.297177180381343,0.363927035037179,0.389775548585142,0.637363535932631,0.385704056967728,0.232942491792625,0.282489609681265,0.363685577149993,0.191940676766552,-0.059557755446249,-0.268586803043187,-0.350828833822763,0,0.179700156889793,-0.0780171773131231,-0.167129032854125,-0.296535943334379,-0.363881707614621,-0.250986385060843,-0.418103341628684,0.366360349026223,0.356381850791544,0.152159192752896,-0.473934463568685,-0.51911615074808,-0.306586087535997,-0.410624129014569,-0.143764132357213,-0.029629064396803,0.418114447910704,-0.00519707530840211,-0.236235585286461,0.0105470863958553,-0.30592678924314,0.350205982594661,0.499130792841411,0.600175640706035,0.336528274652773,0.0544604033171096,0.0223940672742769,-0.475867464597591,-0.403415632679178,-0.496740082925166,-0.373962088451459,-0.357904137417729,0.171086866181235,-0.0370288177241862,0.477307654481514,0.533115144664674,0.376373274125556,0.0155862139643096,0.403754469754087,0.315339291997674,0.211914446862472,0.0989022087731369,0.0613305113607622,0.0839821626753183,0.0865309691412783,-0.171929947600961,-0.296676485504353,-0.230825214213518,-0.26646540426765,-0.306118734257599,0.372042070005437,-0.277901935084613,-0.224078295840847,-0.156197099976726,-0.30413660513657,-0.316906024028854,-0.370607726164051,0.361863175982901,0.0535117135614361,0.0956250836469283,-0.340057474508897,-0.40331819962186,-0.236046921913056,0.23025201228435,-0.184382460865971,-0.184466131429617,-0.324427311100037,-0.159885168970226,-0.608969989797758,-0.49234780911304,-0.292420128990164,-0.549647536319733,-0.208376443957113,0.0937229142555147,0.224661338997813,0.022913365457736,0.275096847690479,-0.0316077923091892,-0.0710805939075325,-0.451448469943278,-0.479749593065964,-0.515205013361495,0.194870426905195,0.000182244128163484
0.115427765994632,0.183935401316659,0.155350031213925,-0.08093368187934,-0.0099259228993079,0.0879942270707975,0.382688334486527,0.0534146314057918,0.0999223625817146,0.382234671308569,0.597194989018991,0.340310537085317,0.52001397819082,0.144269273645659,-0.247401101258255,0.179700156889793,0,-0.0786032223613787,0.452164457970709,-0.226504203312541,-0.0826534849391016,0.619675564056155,-0.0802026819434969,0.644714516503161,0.294500248147003,0.322451459789207,0.218325226632789,-0.00999883410480784,0.0258271420020931,-0.311278515757258,-0.11319610763566,-0.124091161201325,0.224353097196983,0.355034885555193,0.520144016418631,-0.0454615923698589,-0.0848297083550962,-0.064502269626649,0.250847113267107,0.49518242008441,0.527099333264256,0.0159090263984433,0.36340523812948,0.0561751337582711,-0.037924816127451,-0.129429208456068,0.320689753764581,-0.0065401453338858,0.061000790827389,-0.195819289220605,-0.0466650858601029,0.0446756289064628,-0.0858448876699363,-0.142480763579759,-0.115678333204426,-0.0305204842778724,-0.253640594261677,-0.18326181036,-0.35752526017952,-0.329406764731746,-0.12122625728255,0.0815232677590893,0.0356458000063639,0.0322005572516617,-0.0164869399619905,-0.269938798409612,-0.101963535438118,-0.0158284263453273,-0.00920661236054375,-0.166801688497039,-0.240180520448912,-0.101968629498545,-0.15106635570923,-0.262373432545701,-0.104077673804605,-0.169096674222341,-0.117292785410112,-0.231734461887043,0.00150445054852666,-0.143035480452856,-0.0939136864221619,-0.174864212238529,-0.00997042719867272,0.0426696575511832,-0.153766973878462,-0.104358927011443,-0.107685292860964,-0.179253441781632,-0.356219257244824,-0.316895478871965,-0.221727428008085,-0.175459652477207,-0.309229966059196,-0.289646074468499,-0.149678022813323,0.11911870264202,-0.124754522492759,-0.259684018588624,-0.189327836605371,-0.214366593692532
-0.0191389765551448,-0.210961908837564,-0.307443355130017,0.139149605833944,0.0413719146306946,0.147682722705042,0.178807449656642,0.491231565558579,0.214948721298875,0.0288352136699416,-0.262577571815321,0.160705677383599,0.232327127395292,0.428449343578147,0.431712612158816,-0.0780171773131231,-0.0786032223613787,0,0.460423360301079,0.645718966545075,0.677094294143029,-0.0323047672689545,0.349894778445447,-0.211625071944445,-0.171375935764781,-0.190995281962202,-0.250061419976668,-0.0030428732693004,0.182150129696967,0.238064578823508,0.174088715363989,0.161409490325056,-0.278755880145194,0.715110434968244,-0.344188701225211,0.148112310178968,-0.0386618626113653,0.238296508298892,0.123237913155406,-0.0204822937123738,0.0699986653507551,-0.049494946456567,-0.231408037586932,-0.198698039520876,-0.12123628524988,-0.0653740970315373,-0.130237202911878,-0.0336088788322862,0.253895100879579,0.562193713261052,-0.15919289597468,-0.180638674591415,0.20393569059978,0.168982629761268,0.0857294006906688,0.245253865610477,0.477250255882973,0.485779824461135,0.277514069824942,0.195477010437042,0.0274839431231201,0.371269619429526,0.176424800137149,0.10850246244528,0.176273476956275,0.343016239485963,0.218882395965292,0.474731802155696,0.380650610361656,0.621445587004818,0.482050726436215,0.443977340583208,0.249993675705017,0.283635651494326,0.207804045705605,-0.167149097112203,0.15501078468788,0.209107729728678,0.0800237426757962,-0.105017460415084,0.161325879845835,0.234512836606505,-0.314516976454416,-0.192705349656307,-0.0716456409492436,0.154953661201793,-0.0322306934817095,0.210469732482618,0.651634294920457,0.290303323507581,0.0173480225933514,0.163414228295555,0.236294489636215,-0.00350784295818011,-0.0845266697437072,-0.20199008052662,-0.0392488501043178,0.21197903633314,0.32781943480485,0.501577896960203
-0.0366455575508044,-0.222768574100763,-0.306639711122614,0.0438846226761295,-0.191244585211116,-0.00304901786387149,0.157228690623191,0.271685022294129,0.190033308273423,0.00254657035104198,-0.0372643353011992,0.110335610822443,0.523899614187065,0.734831754694435,0.460738341013628,-0.167129032854125,0.452164457970709,0.460423360301079,0,0.377979072939602,0.583413837212634,0.387691237022056,0.474661296978567,-0.0637600219824595,-0.200483028743943,-0.211434282276452,0.15185367069403,0.237030506549731,0.290050693541776,0.230288864325992,0.0518978848296832,-0.0701203185301627,-0.0304770956958304,0.568923492229057,0.0522509014176099,-0.0850406208865306,-0.0717156833198009,0.0228068655499066,0.147566955031809,0.044791016708995,0.109942746498254,-0.134315835328385,-0.112557670873425,0.027461159229684,-0.0616139990037443,0.173109385459128,0.341730528723986,0.212910952429324,0.151641015102358,0.24900298281841,-0.178028300168368,-0.141842869284762,0.00532234003509793,-0.0123913072054269,-0.191255138430185,0.14958875856573,0.146095219867364,0.247392028946496,-0.208093048868114,-0.160962525957848,-0.273640097770393,0.42006714674764,0.417331567608652,0.41419887166218,0.35639200461857,0.40078896796013,0.00390312910695316,0.55478276644649,0.24488031269803,0.31053630272347,0.383028928913251,0.326257810190243,0.33845488077892,-0.0647982194694544,-0.0407149932097235,-0.430029630990743,0.190662455094675,0.201765183120194,0.0718854818283653,-0.30413252254092,-0.0967094269819991,-0.0250556655447913,-0.227370244477342,-0.127681673712294,0.0357258762094169,0.344889878028411,-0.0429695715700658,0.145409172870812,0.167952284255213,-0.179649096096401,-0.155488872761261,-0.129043434575878,-0.0901477987359936,-0.258042676669533,-0.412472514923629,0.0454576619521129,0.180773498890996,0.268336849671821,0.0918229795770815,0.187413131938388
-0.292848514995413,-0.343193886211934,-0.468332782358004,-0.00167403693192834,-0.0908594377542114,-0.0838050356779656,-0.202818547074375,0.16888774630932,0.159221680270114,-0.158854425330101,-0.368144838389217,0.0051210458763927,0.101615634810124,0.442407022099029,0.6248487431376,-0.296535943334379,-0.226504203312541,0.645718966545075,0.377979072939602,0,0.752410143618099,-0.222623222503803,0.425966397185509,-0.409833899155376,-0.369911290377115,-0.358276931001336,-0.240806319649598,0.271219946026607,0.570317589960477,0.37951245387579,0.0563273841920159,-0.0264107958772485,-0.342635343218159,0.4764387919367,-0.446628966227826,0.313389159788314,0.224797704204862,-0.00795406121325431,-0.160173307410662,-0.324673586330046,-0.0969221853366789,-0.093831985692979,-0.483572272631551,-0.190558559873852,-0.118274574630986,0.0805989919998161,-0.126844471072665,0.0939844494047292,0.121894404224736,0.571057399334873,-0.255147848797361,-0.182190392507162,0.00169482324438328,0.24150333471693,-0.0733044861171615,0.114310564138609,0.329005799934264,0.401006112576439,0.144774462246287,0.252320439082404,0.019891327127977,0.377123703162163,0.452168657784819,0.285294908395824,0.334806668083985,0.533926502695095,0.175193477411067,0.583178934691191,0.531660634745646,0.693780013594527,0.744552127057082,0.398827368523004,0.445726166373811,0.189516343452703,0.304033028883545,-0.134925473911343,0.427115415835567,0.401909847573031,-0.0462276595871255,-0.283034064169514,0.308894512162544,0.459034351708399,-0.184634971115369,-0.0729822717363968,0.0911622233274851,0.418693235159971,0.243630656137396,0.32779808356659,0.711788230833507,0.361661126704693,-0.0240485814206688,-0.0670868655612475,0.138061586959559,-0.00880235105516039,-0.238691817190485,-0.227441010004153,0.0978788968298813,0.425899248445023,0.251856907570102,0.554694898134385
-0.180642809151205,-0.466985732720684,-0.538900712575561,0.0440668784815643,-0.188685855659562,-0.109968853324544,-0.171098807728359,0.184398996006114,0.102023548885325,-0.210541300282335,-0.40440366264908,0.0333785938189298,0.242280847339438,0.701123995356515,0.768799187242037,-0.363881707614621,-0.0826534849391016,0.677094294143029,0.583413837212634,0.752410143618099,0,-0.0271797689126913,0.685642987269394,-0.415856589180158,-0.375959327492257,-0.322221683517132,-0.0504188931015385,0.369384294891272,0.567572874382451,0.548375215132238,0.143028700580637,0.0118884210269952,-0.247018087568494,0.533566375826276,-0.297751363251608,0.00267469186602687,0.114153554466045,0.00485830180360607,-0.0893635355769316,-0.318085311600616,-0.224775887639376,-0.023598322890702,-0.386737199758354,-0.0049011959048493,0.0245263992692041,0.268117246658145,0.0675505152822353,0.292883211561851,-0.00233556783888613,0.394860200984979,-0.210468823969191,-0.340700738888487,0.066933746619837,0.116554864474805,-0.13566898240712,0.0964125692094881,0.233691201861932,0.362694456150309,0.094519405263039,0.137221082375276,-0.041339009466961,0.477802003141521,0.509412196820425,0.397321705720201,0.45836923024375,0.683023126218607,-0.0444451509984556,0.643598866263664,0.510565626556799,0.561709335991952,0.770492210267426,0.463317762707319,0.602753727885826,0.0421971080471098,0.201251993903792,-0.265689207480273,0.496972205997199,0.481371264890937,0.0374697033213818,-0.26145757408571,0.242861717523865,0.241485485282942,-0.154979086298751,-0.161739568376254,0.163451588637618,0.426927543646016,0.17282189079053,0.407479669960596,0.539338290491475,0.1137897475594,0.00768294951517623,-0.015759817489749,0.0193941472646869,0.0138536596830641,-0.283101208518329,-0.0937010155745366,0.285477550873698,0.537098773682319,0.105644517723314,0.361547408723662
